72
144292 144287 757
144287 144292 757
195562 196330 1813
196330 195562 1813
196310 196313 774
196313 196310 774
141324 141319 1466
141342 141344 758
141344 141342 758
141391 141405 1644
141405 141391 1644
141139 141162 784
141319 141324 1466
189926 189925 604
189925 189926 604
189938 189949 463
189949 189938 463
140057 140059 626
140059 140051 147
140059 140057 626
140051 140059 147
140052 140079 839
140079 140052 839
141449 141451 420
141451 141449 420
139943 139944 1932
139944 139943 1932
140054 140055 756
140055 140054 756
190436 190434 500
190434 190436 500
190451 190258 763
190258 190451 763
141162 141139 784
142188 142155 2145
142188 142189 531
141153 141157 958
142189 142188 531
142206 142205 577
142206 142210 571
142210 142206 571
141358 141357 821
141357 141358 821
141157 141153 958
142205 142206 577
142144 142155 2226
141665 141685 226
141685 141665 226
141685 141686 187
141739 141737 733
141737 141739 733
141686 141685 187
142145 142146 552
142146 142145 552
142155 142144 2226
142155 142188 2145
55944 56012 766
56012 55944 766
29075 29073 697
29073 29075 697
53295 53307 828
53307 53295 828
29052 29051 612
29052 29051 612
29051 29052 612
29051 29052 612
53477 53502 1768
53502 53477 1768
49576 49578 2370
49578 49576 2370
144207 144210 764
144210 144207 764
163
29275
29276
27362
29345
29343
29075
29352
29073
27394
27356
29072
14390
52947
52948
53015
53010
53028
52985
53043
53295
53307
53325
53336
53337
29052
29056
29051
53600
54774
54751
54895
54798
54802
54815
54888
54915
54821
54829
54828
54930
54947
55007
55025
55030
55918
53477
53482
53502
53290
53554
53506
53530
53537
49555
49639
49287
49294
49303
49718
49719
49721
49312
49315
49576
49768
49578
49769
53682
53717
53732
53724
53676
54792
144275
144274
144280
141085
144207
144210
144220
144310
144313
144320
195493
144292
144287
144290
195499
195500
195547
195559
195562
196331
196322
196319
196315
196277
141324
141344
141391
141405
141408
141139
189906
189938
189949
189957
190023
190375
140057
140059
140051
140052
140080
141449
190027
190037
190387
139817
139943
150724
139944
139932
139938
139955
139983
139987
190425
190436
190434
190437
190445
190385
190258
190000
190003
190470
141349
141363
142189
142206
142210
142334
141355
141358
141357
141365
141157
141368
142144
141663
141685
141739
141741
141754
141686
141753
141752
142146
142155
55944
56011
56012
