42
80597 80598 1400
80597 80727 1163
80598 80597 1400
80727 80597 1163
80846 80848 1424
80848 80846 1424
82773 90627 990
90627 82773 990
91747 82949 320
82949 91747 320
81504 81505 688
81505 81504 688
81381 80893 4186
81381 81382 5593
80893 81381 4186
81382 81381 5593
81377 81376 3612
81376 81377 3612
90614 90064 4962
90064 90614 4962
85653 85655 1144
85653 86047 586
85655 85653 1144
86047 85653 586
66345 66343 1762
66345 73472 478
73472 66345 478
66506 66487 2018
66486 66485 1190
57713 57715 2545
57715 57713 2545
66487 66506 2018
66485 66486 1190
58174 65833 770
65833 58174 770
66343 66345 1762
87777 87780 1979
87780 87777 1979
87828 87829 1313
87829 87828 1313
81132 81131 2098
81131 81132 2098
158
57663
57667
57643
57682
57698
57178
57720
57713
57715
57286
65920
65923
65952
65989
65996
65964
65968
66036
66003
66487
66485
65838
77395
58174
65833
65806
65807
66343
66348
79266
87192
87508
87557
89286
89298
87777
87780
87828
87829
89301
89316
89320
87576
89238
89241
89360
87855
87857
89302
89351
89424
89246
89368
89371
89387
89410
89407
89551
87580
87616
84710
87609
89017
89037
89583
80588
80479
80499
90945
80551
80604
83966
80610
80611
81132
81131
81135
81142
80723
80718
80598
80727
81216
80854
80843
80846
80848
80762
80875
82772
82770
82776
82788
82836
82869
82876
82897
90627
82851
82924
82856
84923
82945
82930
81545
82949
81726
82948
82947
81412
81459
81504
91211
81505
90687
81475
81631
81551
81556
84700
84701
84707
91775
81388
81377
81376
90590
91892
83494
83515
85655
86134
85175
86047
90563
90476
90477
90565
90507
90504
86126
89704
90005
90022
91145
89638
66506
66496
58192
58194
65847
66014
76580
66030
66622
66628
66656
66657
