44
124865 124858 890
124861 124858 1285
124869 124959 1412
124959 124869 1412
125022 125026 1950
125026 125022 1950
120380 120382 1143
120382 120380 1143
67991 68000 1000
67852 67784 897
67836 67841 1098
67841 67836 1098
67784 67852 897
68000 67991 1000
68354 68795 674
68795 68354 674
68804 68809 811
68809 68804 811
68809 68810 811
68810 68809 811
72988 72989 712
72989 72988 712
78849 78645 892
78645 78849 892
71128 71127 1013
71127 71128 1013
41828 41831 238
41831 41828 238
41831 41832 3779
122625 122619 747
122619 122625 747
122864 122871 2283
122871 122864 2283
41832 41831 3779
122329 121675 1657
121675 122329 1657
123348 123349 951
123349 123348 951
123932 124771 1075
124771 123932 1075
123919 123918 1726
123918 123919 1726
124858 124861 1285
124858 124865 890
166
41853
41896
41899
123771
123987
123961
123963
123996
124006
124014
124017
41828
41831
122606
122609
122625
122619
122830
122864
122871
41832
41865
41889
122972
122819
123290
123292
123293
122884
122723
122753
122725
122748
122788
122773
122794
122812
122816
123824
123820
123444
123838
123839
123843
123847
123677
123852
123762
123772
117976
118307
122218
122329
121675
122333
122313
122325
122448
122377
122385
122435
123168
123224
117981
123332
123348
123337
123338
123349
124000
124016
124031
124026
123925
123910
123932
124771
124794
124834
123889
123913
123919
123918
124793
124796
124843
124851
124858
124861
124869
124959
125022
125026
125036
125052
128451
125061
120328
120329
125072
125076
67612
120355
120380
120385
120396
120404
67963
67838
67605
67836
67841
67848
67784
67855
67862
67899
67413
67414
67418
67224
67223
67867
68354
68804
68805
68810
72852
72953
72988
72989
72995
78849
78645
73014
73124
73130
71156
71154
71118
71125
71128
71119
71127
67560
67561
67566
68230
71098
71353
71756
77874
71524
64577
71015
71066
71067
71220
77797
71296
71302
71307
71314
71326
71329
68157
