60
43608 43617 1612
43617 43608 1612
43618 43736 476
43736 43618 476
43794 43795 2376
43786 43790 2291
43790 43786 2291
125610 125925 337
125933 125922 1186
125922 125605 1075
125922 125933 1186
125925 125610 337
125931 125920 2785
125920 125918 1308
125920 125931 2785
126105 126106 2237
126106 126105 2237
45382 45387 1558
45387 45356 674
45387 45382 1558
125202 125201 1023
125201 125202 1023
45296 45303 1225
45303 45296 1225
45356 45387 674
45339 45352 474
45352 45339 474
45352 45353 985
45353 45352 985
125605 125921 1116
125605 125922 1075
125921 125605 1116
125918 125920 1308
45592 45659 418
45659 45592 418
126255 126267 1642
126267 126255 1642
126376 126378 650
126378 126376 650
126356 126342 1674
126342 126356 1674
98794 98807 756
98812 98807 708
98807 98794 756
98807 98812 708
98095 98099 782
98099 98095 782
98382 98403 1304
98403 98382 1304
43496 43492 336
43492 43496 336
42360 42367 737
42367 42360 737
43651 43645 1426
43645 43651 1426
43795 43794 2376
43656 43658 1062
43543 43587 2787
43658 43656 1062
43587 43543 2787
162
98868
98871
98865
93362
93369
100172
98687
98794
98812
98807
98793
98730
97877
98374
95808
98427
97964
98008
98079
98062
98085
98095
98099
98101
98103
98104
98367
98368
98363
98382
98403
98408
98415
92851
98682
98686
43496
43492
43494
43506
43527
43525
42340
42343
42360
42367
42371
41964
42447
42448
43651
43645
42644
43795
40605
43803
43832
42677
42559
42560
42564
42657
42663
42676
43230
43236
43243
42209
42235
43258
43417
43434
43421
43455
45218
45260
45267
45301
45461
43656
43543
43649
43658
43587
43559
43561
43556
43532
42508
43573
43604
43618
43794
43786
44488
45451
45445
45443
45458
45469
45583
45599
44486
125610
125925
125931
125645
125637
125647
126224
126231
126105
126106
126263
126266
45368
45372
45369
45360
125127
125139
123727
126243
125202
125204
125200
45144
45155
45182
125267
45307
45327
45329
45339
125580
125603
45487
45524
45526
45517
45527
45645
45649
45656
126255
126267
126284
126286
126301
126375
126376
126369
126381
126356
125903
126347
126342
125907
128574
128581
128593
128603
