64
111225 111224 923
111224 111225 923
111234 111544 1264
111544 111234 1264
111553 105274 1084
105274 105275 877
105274 111553 1084
111588 111586 889
105275 105274 877
111586 111588 889
111728 111729 889
111729 111728 889
112143 112144 905
112144 112143 905
112159 112160 1592
112213 112160 764
111755 111776 847
111756 111744 756
111776 111755 847
111676 111675 504
111674 112578 344
112578 111674 344
111675 111676 504
112603 112604 975
111744 111756 756
112604 112603 975
112185 112189 1222
112161 112160 847
112160 112159 1592
112160 112161 847
112160 112213 764
112189 112185 1222
112717 112716 836
112717 112721 2010
112721 112717 2010
113007 113006 354
113006 113007 354
112893 112889 222
113334 112889 610
103329 103328 737
103328 103329 737
103322 112769 1167
112769 103322 1167
112716 112717 836
112796 112795 3167
112795 112796 3167
112889 112893 222
112889 113334 610
104333 104336 747
104336 104333 747
104439 104441 672
104441 104439 672
104430 104565 1557
104565 104430 1557
106760 106759 782
107384 107385 1111
107385 107384 1111
106739 106738 1426
106738 106739 1426
106759 106760 782
115778 115779 1498
115779 115778 1498
111318 111346 557
111346 111318 557
161
115712
115714
115672
115674
115688
115734
115736
115441
115442
105810
106760
107053
107060
106957
107049
107152
107384
107385
107115
107230
107227
107288
107387
107163
107485
107488
107524
107320
107507
107330
109502
92816
92965
102819
92836
92868
92944
92951
106739
106738
106742
106759
115778
115779
115983
116006
116001
92726
115998
191539
191507
191791
190881
191714
192763
191059
191782
191875
191956
192778
192780
192783
192994
193958
193928
109458
109783
109788
109790
109870
107768
110949
109842
110953
110968
111096
111100
111174
111318
111346
111461
103341
111348
111464
103359
111225
111234
111544
111553
105274
111549
105275
111584
111586
112065
112070
111721
111692
111729
112144
112157
111755
111735
111674
112578
112586
111736
112604
111771
112170
112161
112187
112606
112695
112705
112721
112771
112893
113334
113339
113341
104305
104316
104329
112782
112786
103329
103322
112769
112715
112716
112712
112766
112796
112798
112779
112889
112812
113845
104507
104333
104336
104437
104439
104441
104431
104565
39230
39598
39600
39573
39536
39538
39594
39777
104758
39214
104746
104753
104819
104839
