40
225497 225496 678
225496 225497 678
234037 234032 921
234032 234037 921
233902 233905 844
233905 233902 844
234042 234043 921
234043 234042 921
234065 234066 1222
234066 234065 1222
6593 6676 1797
6676 6593 1797
7677 7678 1456
7678 7677 1456
7373 7380 6065
7380 7373 6065
199163 199164 843
199164 199163 843
200005 200007 1007
200007 200005 1007
199583 200104 774
200104 199583 774
199422 199421 2560
199404 199405 853
199405 199404 853
199421 199422 2560
200670 200683 2374
200012 200016 838
200016 200012 838
200955 200969 1579
200969 200955 1579
201007 201029 406
201021 201022 538
201029 201007 406
201027 201020 901
201020 201027 901
201022 201021 538
200683 200670 2374
215160 215161 848
215161 215160 848
155
188651
190655
187475
187393
187402
187403
187398
189754
187445
187448
187442
189309
199184
199163
199164
199168
199178
199217
199240
199215
199228
199363
199374
214559
200005
200007
199583
199560
199580
195013
200104
199422
199519
199524
199522
199404
199399
199405
199421
200285
200670
200065
200206
200212
200220
200078
200070
200006
200012
200016
200928
200926
200930
200955
200969
200972
201012
201017
201007
201129
201021
201219
201213
201025
201029
201027
201020
201022
200920
200683
200748
215165
194831
215160
215161
215172
201287
201305
214896
212659
194751
201206
201208
201214
225025
225046
225050
225062
225040
225039
225415
225452
235476
227190
234268
235119
225496
226922
226886
227293
226930
227329
227553
234037
233779
233833
233834
234808
233850
233864
233897
234008
234014
234021
29945
233902
233905
234043
234050
234065
6527
31968
31972
226797
226804
6537
6589
6645
6593
6676
6756
6697
6763
6692
6679
7112
7115
7121
7137
7168
7169
7175
7225
7249
7178
7275
7278
7373
7380
7392
7804
7802
7830
7919
8561
