38
98463 98503 3141
98474 98475 830
98475 98474 830
98503 98463 3141
110325 110324 6315
110324 110325 6315
36106 36107 2204
36107 36106 2204
36748 36757 551
36757 36748 551
37530 37533 796
37533 37530 796
37628 37627 174
37627 37628 174
37627 37632 3683
37632 37627 3683
37949 37950 836
37956 37960 3027
37950 37949 836
37960 37956 3027
38002 38005 782
38005 38002 782
38123 38125 952
38125 38123 952
38125 38127 1104
38127 38125 1104
169927 170036 1010
170036 169927 1010
169113 169141 202
169141 169113 202
169222 169234 2211
169234 169222 2211
169337 169333 782
169333 169337 782
118551 118552 525
118552 118551 525
94035 94029 930
94029 94035 930
155
161610
161626
161605
161613
168095
168074
168089
168130
168078
170429
170419
170035
170417
169927
170006
170036
170003
169754
169824
169859
169830
169838
169854
169422
172834
169055
169113
169141
169211
169222
169234
169331
169047
169077
169337
169333
169358
169343
118551
118552
119357
118923
118797
94805
94967
102087
97505
102057
97514
94580
103156
108275
108334
108386
108779
108337
94032
94035
94029
93679
93681
93684
102398
93980
93977
102327
94064
102416
94171
97387
102344
97385
102110
102099
98474
98477
93324
93333
93334
93312
93618
93634
93638
98534
98541
98475
98503
191091
191301
194246
191447
191335
193905
191147
191265
191395
118721
118724
118820
109001
109059
110315
110507
110508
109116
110321
110327
36105
36107
36099
50356
36164
36289
103771
110577
110540
110590
110517
36371
36638
36905
36901
36459
36478
37304
37310
37383
37388
37398
37532
37533
37605
36416
36441
36445
37647
37626
37632
37684
37949
37941
37956
37946
37954
37960
38002
38005
41470
38125
38127
41484
41490
46825
37822
37832
