78
202222 202232 734
202232 202222 734
202232 202230 548
202230 202232 548
199105 199103 2989
199115 199103 797
202322 202323 605
202323 202322 605
214819 203050 222
203057 203051 1253
205218 205217 772
205217 205218 772
205217 205223 1354
203050 214819 222
203051 203057 1253
205223 205217 1354
205230 205232 892
205234 205238 1042
205238 205234 1042
205238 205240 1844
205232 205230 892
205240 205238 1844
205457 205454 612
205457 205460 237
205454 205457 612
199048 199074 1396
199074 199048 1396
199103 199105 2989
199103 199115 797
205460 205457 237
206089 206104 549
206104 206089 549
206403 206415 1115
206415 206403 1115
206415 208842 902
208842 206415 902
214357 208911 1048
209023 209000 401
208911 214357 1048
208996 208999 710
209000 209023 401
208991 209002 2128
208999 208996 710
208999 209002 834
201928 201941 853
201928 201943 2138
201941 201928 853
213691 213697 673
213697 213691 673
202045 202043 1648
202048 202047 1527
202047 202048 1527
202043 202045 1648
201943 201928 2138
209002 208991 2128
209002 208999 834
52630 52632 1756
50625 50624 2087
52632 52630 1756
50624 50625 2087
186336 189417 3110
187024 187011 785
187027 187029 852
187011 187024 785
187029 187027 852
189417 186336 3110
189417 189415 720
187388 187362 1250
189415 189417 720
187362 187388 1250
197496 197499 946
197499 197496 946
197499 198452 431
198452 197499 431
198085 198097 751
197932 197961 2216
197961 197932 2216
198097 198085 751
157
28150
28155
28156
51090
51096
51099
51107
51024
51033
51040
51050
50749
56670
51080
51120
56745
51575
51554
51586
51565
51956
51965
51974
52611
52630
50625
52632
52648
50624
50637
186335
186336
186993
186346
186941
186946
187024
187027
187011
187029
187032
194533
190694
194550
197429
197438
197440
197367
197473
197447
194700
197471
197472
197478
197476
189000
189417
187388
189408
189415
52545
52566
52577
52495
187362
189645
189646
189676
198030
198008
197410
197486
197489
197496
197499
198452
198085
198466
198472
198474
197930
197929
197932
197962
197961
197957
197956
198025
198050
198053
198049
198113
198097
198098
198117
198110
202222
202227
202235
199434
202230
202322
202323
202340
202865
214895
215082
204543
202980
214844
203057
203058
205218
203050
205223
205240
205277
205424
205432
199025
199033
214898
199039
199048
199074
199089
199098
206061
206060
206086
206117
206119
206318
206403
208847
208903
209023
208915
208916
208996
201916
201923
213695
181385
213688
213703
202032
202045
202048
202049
202047
213721
201943
201990
201991
202011
209002
