66
150038 150040 1815
150040 150038 1815
150040 150069 751
146982 150037 479
150069 150040 751
150167 150114 812
150111 150114 2113
150119 150117 644
150119 150164 865
150117 150119 644
150164 150119 865
150114 150111 2113
150114 150167 812
205038 205045 731
205037 205045 857
205045 205037 857
205045 205038 731
168771 168772 581
171208 170747 928
170747 171208 928
168772 168771 581
168830 168829 843
168829 168830 843
168931 168932 1023
168932 168931 1023
162432 168960 1101
168960 162432 1101
154037 154146 683
154128 154131 688
154146 154037 683
154131 154128 688
154138 154122 518
154122 154138 518
154987 154989 1906
154990 154989 953
154989 154987 1906
154989 154990 953
154989 154998 1919
154998 154989 1919
155087 155084 872
155084 155085 1210
155084 155087 872
154543 154544 1357
155085 155084 1210
154544 154543 1357
155094 155092 667
155092 155094 667
157919 158630 1881
158630 157919 1881
155368 155408 2852
155408 155368 2852
150851 150858 2118
150858 150851 2118
143938 143937 167
143937 143938 167
150037 146982 479
147375 147402 2312
147402 147375 2312
147455 147649 2125
147649 147455 2125
147718 147722 830
147722 147718 830
148865 148875 838
148875 148865 838
196155 212766 792
212766 196155 792
160
224067
224080
218697
218700
218739
218738
218755
222969
223082
223072
223086
223087
223111
223117
223128
223104
223108
223110
150851
150858
143888
151007
149087
149172
149252
149255
143938
143937
149294
149503
149505
149517
149540
150032
150037
151016
151104
151154
147365
151300
151192
147375
151188
151181
151178
147402
147430
147444
147452
147455
147649
147652
147666
147688
147718
147722
147737
147740
147950
148860
148865
148875
148895
146963
148907
148949
148956
148958
148967
148976
148980
149154
149158
212711
212715
212744
212751
212817
212763
196155
212766
212767
150038
146982
150068
150139
150069
150144
150166
150167
150111
150112
150118
150164
150235
150242
150244
150240
150274
151917
198805
204974
204977
205038
204983
205045
205046
154009
153897
154035
154018
162445
162438
168903
168397
168406
170728
168771
171208
170747
168772
171210
168784
168830
168828
168829
168935
168931
168932
162413
168961
168964
162424
162426
162429
162432
162452
168873
154037
154128
154146
154131
154122
154111
154345
158196
154449
154467
154441
154990
154998
154543
154544
155092
157926
155119
155151
155162
155368
155408
