58
161099 161102 674
160118 161199 395
161174 161171 2340
161171 161174 2340
161199 160118 395
168115 168143 1521
168143 168115 1521
168143 168128 934
168128 168143 934
168155 168151 1774
168151 168155 1774
161841 161840 722
161840 161841 722
161517 161514 475
161514 161517 475
161866 161885 1012
161885 161866 1012
161940 161939 800
161939 161940 800
161939 161960 590
161960 161939 590
169572 169186 1211
169186 169572 1211
169158 169160 789
169160 169158 789
161611 161612 867
161612 161611 867
170423 170424 266
170424 170423 266
170030 170422 2486
170422 170030 2486
169928 169929 418
169502 169503 949
169503 169502 949
169929 169928 418
169037 169056 2756
169056 169037 2756
169213 169221 1485
169221 169213 1485
169236 169330 791
169330 169236 791
169432 169431 688
169332 169425 885
169425 169332 885
169431 169432 688
155247 155281 1032
155281 155247 1032
157668 157719 1662
157719 157668 1662
178386 178385 696
178385 178386 696
158256 158257 606
158257 158256 606
158498 158500 837
158500 158498 837
158674 158831 905
158831 158674 905
161102 161099 674
168
155026
155028
155178
155180
155198
155202
155216
155242
155291
155270
157808
157807
172722
155310
155247
155281
155282
155413
155421
155354
157647
157649
157668
157650
157712
157719
155308
155461
157683
157684
177899
177943
177925
177913
177934
178316
178326
185692
178386
178385
178376
178404
177846
177854
173439
177767
157561
158175
158177
158180
158243
158256
158277
158257
158287
157322
158247
158498
158235
158283
158500
158674
158677
158845
158876
158878
158914
158924
158926
158949
159075
161079
158310
158494
158503
158656
158831
158651
158491
161083
161102
161129
161099
161118
161162
161161
161166
161073
161174
161171
161197
161200
161199
161219
161208
161222
161223
168100
168115
168143
168128
167825
167826
168151
161556
161452
161841
161517
161514
161866
161885
161940
162098
161960
161968
162132
169572
169186
169134
169160
169168
161640
161692
169118
169120
161611
161628
161643
168075
170423
168131
168129
168079
168090
170430
170428
170030
170422
169928
170018
170040
170011
169860
169549
169829
169929
169837
169855
169857
169488
169496
169037
169056
169057
169114
169126
169140
169213
169221
169236
169329
169048
169049
169033
169332
169357
169425
169431
