40
91265 91267 541
91267 91265 541
79406 79322 857
58290 58291 893
58291 58290 893
58265 58266 935
58266 58265 935
117181 117183 949
117183 117181 949
117219 117218 762
117218 117219 762
61599 61608 789
61609 61608 1952
61432 61439 838
61439 61432 838
61608 61599 789
61608 61609 1952
60658 61367 1347
61367 60658 1347
61367 61371 1563
61371 61367 1563
57769 57815 280
57815 57769 280
82818 82820 2037
82820 82818 2037
82994 82996 1114
82996 82994 1114
85683 85685 1608
85685 85683 1608
85656 85638 2202
85638 85656 2202
90491 90490 905
90490 90491 905
79232 79259 1233
79558 79756 450
79756 79558 450
79604 79600 2519
79259 79232 1233
79600 79604 2519
79322 79406 857
159
82818
82820
82989
83072
82994
82996
81708
81720
82962
83019
83038
83113
83095
83098
83079
83083
81481
81487
86275
86137
86250
86270
81623
81625
81637
81639
81513
81644
90697
81710
86181
90609
89694
81061
81064
85683
91513
85628
85685
85692
85656
85619
85638
90041
90048
90050
90471
90491
90490
90484
85547
85525
90601
86171
86176
90009
91587
80150
89986
90015
80144
89942
90025
89677
89647
66697
66712
66718
66724
58126
56930
56940
57409
57435
79257
79225
79232
79558
79756
79604
79259
79261
79600
79322
91773
79291
91347
91253
90525
91260
91265
91484
79398
79406
79389
170144
162285
170414
58290
58183
58265
58269
58266
58254
58244
58247
58257
117175
117181
117183
117199
117228
117237
117254
61554
117552
61561
117571
117550
61595
117569
61539
61548
61414
61494
61505
61507
61931
61432
61439
61450
61949
61456
61460
61469
60658
61367
58147
61374
61371
57261
77455
57279
58017
58020
58014
58052
76804
76426
76428
57915
57578
57744
57763
57806
57809
57815
57784
57848
