64
70575 70581 782
70581 70575 782
70581 70593 1266
70594 70593 778
70594 70595 778
70594 70597 1608
70595 70594 778
69428 69658 488
69638 69658 1014
69645 69646 2405
69658 69428 488
69658 69638 1014
69646 69645 2405
69551 69547 602
69547 69551 602
69499 69090 422
71842 71838 905
71838 71842 905
69090 69499 422
72357 72355 1453
72355 72357 1453
70614 70610 1103
70638 70641 818
70641 70638 818
70593 70581 1266
70593 70594 778
70597 70594 1608
70610 70614 1103
69622 69624 818
69653 69629 1502
69624 69622 818
69629 69653 1502
220783 220794 672
220794 220783 672
220784 220785 411
220785 220784 411
218185 218036 590
218185 224322 964
220807 220805 2227
218036 218185 590
224322 218185 964
220845 220842 2642
220845 220846 856
220842 220845 2642
220846 220845 856
220805 220807 2227
220805 220808 832
220808 220805 832
45343 45318 893
45318 45343 893
126297 126300 2082
126300 126297 2082
126406 126400 1255
126400 126406 1255
126404 126409 1781
126409 126404 1781
120818 120822 778
120822 120818 778
121047 121048 474
121048 121047 474
120916 121492 333
121492 120916 333
68754 69133 1212
69133 68754 1212
159
125293
125296
45343
45313
45316
45318
125298
125305
125913
45489
45490
45542
45641
45497
45514
45538
45651
45690
126440
126275
126297
126300
126528
126401
126526
126406
126400
126389
126404
126409
126363
126354
126364
126366
126413
126426
128796
128811
128812
128910
128969
128979
132371
128889
129013
128897
120654
129056
128932
128961
129023
129007
129029
128954
129217
129228
129548
120767
120838
120839
120847
120850
120856
120835
120859
120818
120822
120866
121047
121048
121496
68638
120928
120929
120916
121492
121500
68723
68737
68740
68754
69133
69136
69130
69212
69216
72138
69175
69189
72593
73057
73056
70595
69638
69646
78768
69384
69437
69539
69435
69543
69487
69551
69547
69508
69511
69496
69488
71629
71792
71813
71543
72050
72074
72075
71842
71860
71838
78587
69085
69088
69090
71827
72326
72328
72332
72438
72357
72355
72364
72529
72534
70034
70631
70641
69267
69258
69622
66311
69653
69692
69624
69629
219195
220783
220784
220785
218185
220807
224322
220845
220846
220808
220852
220861
221132
219127
219192
220295
