78
135898 136234 202
136298 136295 682
136417 136416 1556
136416 136417 1556
136448 136450 757
136448 136469 2223
136450 136448 757
136469 136448 2223
136503 136504 848
136503 136505 765
136504 136503 848
136505 136503 765
136530 136821 848
136821 136530 848
133896 133897 895
133897 133896 895
133897 137844 682
137844 133897 682
137844 137845 848
137731 137732 870
137845 137844 848
137732 137731 870
137732 137848 2481
137732 137849 765
137774 137775 348
137775 137774 348
137849 137732 765
137848 137732 2481
137855 137856 2307
137856 137855 2307
137871 137879 2468
137879 137871 2468
139296 139303 1364
139303 139296 1364
139303 139304 847
139172 139173 789
139173 139172 789
139304 139303 847
139313 139338 252
139338 139313 252
229511 229510 1466
229510 229511 1466
229467 229473 1343
229473 229467 1343
12205 12206 1188
12206 12205 1188
23608 23607 1357
23607 23608 1357
24336 24340 737
24340 24336 737
24944 24948 939
24948 24944 939
24952 24998 737
24998 24952 737
25135 25134 748
25134 25135 748
188070 188083 311
187602 187603 1290
187603 187602 1290
187603 190477 245
190477 187603 245
188083 188070 311
135136 135138 983
135175 135138 751
135138 135136 983
135138 135175 751
135062 135372 676
135372 135062 676
135047 135048 751
135048 135047 751
135387 135447 629
135447 135387 629
135450 135451 1028
135451 135450 1028
136295 136298 682
135469 135857 1258
135857 135469 1258
136234 135898 202
159
12056
12070
9830
12137
12180
12217
12184
12189
12174
12186
12211
12006
12007
12200
12020
12205
12206
23520
23531
23533
23603
23686
23693
23608
23630
23632
23607
23648
24231
24204
24205
23645
24187
34800
24336
24340
24933
24944
24948
24952
24998
25003
25022
25023
25135
25134
188073
188070
188027
187587
187639
187602
187603
190477
190480
188279
190782
135143
135149
135150
188081
188083
188096
135128
135136
135175
135183
135187
135138
135062
135372
135047
135048
135369
135387
135385
135447
135450
135451
135466
136274
136295
136281
135469
135858
135857
136234
136417
136416
136423
136427
136454
136463
136464
136508
136469
136468
136514
136503
136505
136828
136827
139560
137800
137797
137798
137827
137809
137844
137731
137814
137818
137855
137856
137871
137879
137952
137956
137958
137911
138503
137968
137977
139672
138597
138599
138609
139295
139299
139144
139146
139138
139158
139162
139172
199663
199679
214972
199631
199634
199642
139207
139226
139227
139304
139313
139338
134817
139345
139350
139360
139288
139507
139480
139481
229510
229467
229473
225321
