30
226223 226488 1217
226488 226223 1217
226537 226540 1341
226540 226537 1341
226598 226595 535
226595 226598 535
9200 9201 447
9201 9200 447
9431 9435 1112
9435 9431 1112
10118 10119 589
10119 10118 589
10156 10170 793
10170 10156 793
10365 10369 999
10369 10365 999
138660 138656 939
139037 139040 806
138927 139039 878
139040 139037 806
138656 138660 939
139018 139012 517
139012 139018 517
138999 138957 827
138957 138999 827
139039 138927 878
229209 229215 610
229215 229209 610
228699 228702 2053
228702 228699 2053
164
138512
138531
138660
139037
138927
139040
138515
138524
138491
138528
138546
138616
138668
138676
138656
138670
138986
138994
139007
139013
139018
139012
138997
138999
139002
139079
138957
139039
139054
139077
139426
139441
139429
139442
228750
228822
230220
229613
229622
229621
229627
229637
229641
230921
229632
225982
228945
228962
228935
228966
229028
229056
229210
229208
229209
229215
235323
229237
229242
234598
234607
229070
229610
229527
229530
229366
234383
228611
228630
228650
228651
228699
228690
229976
229975
229980
228702
235414
234745
234746
228592
228641
228644
228579
228717
228737
228738
227077
228756
228777
228739
235377
230042
234341
226773
226688
226315
226223
226488
226528
226537
226561
226572
226605
226573
226620
226622
226627
226636
226692
226720
226687
229586
229588
234404
226779
228874
228878
228886
228887
228897
228904
228882
228896
8824
8827
8818
8182
8878
9057
9058
9060
8906
9108
9068
9070
9092
9130
9137
9142
9196
9200
9201
9315
9431
9432
9435
9637
9702
10094
10096
10110
10118
10156
10163
10170
10162
10144
10186
10146
10165
10167
10365
10369
