56
52332 52303 788
52303 52332 788
52278 52331 111
52331 52278 111
52275 52280 238
52280 52275 238
52282 52414 747
52414 52282 747
186201 186204 753
186204 186201 753
190122 190124 842
190124 190122 842
198507 198500 91
198500 198507 91
198212 198221 255
198222 198224 2138
198221 198212 255
198224 198222 2138
198529 198528 254
198196 198202 797
198196 198528 748
198528 198196 748
198528 198529 254
198202 198196 797
199014 199012 846
199011 199012 766
202054 202063 238
202063 202054 238
202068 202090 793
202090 202068 793
202104 202106 579
202106 202104 579
199012 199011 766
199012 199014 846
202253 202282 534
202282 202253 534
202282 202283 1743
202283 202282 1743
50980 50984 612
50984 50980 612
51892 51893 1008
51893 51892 1008
51984 51986 1009
51986 51984 1009
52032 52030 928
52669 52677 354
52677 52669 354
52030 52032 928
194575 194579 786
187048 187071 900
187071 187048 900
194579 194575 786
194723 194725 762
194725 194723 762
194725 194736 918
194736 194725 918
176
20671
20715
20855
28592
28052
27750
27722
27902
27905
27579
27582
27728
27279
28144
50708
50759
51188
51189
50857
50860
50879
56621
51131
50713
50910
50955
50958
50980
50982
56653
50984
50732
50782
50743
51143
51271
51253
51255
51690
51869
51892
51893
51917
51984
51986
51994
52015
52733
52032
52669
52677
52674
52689
52030
186351
186321
186325
186362
194575
214430
194604
194661
194653
186382
186965
187041
187053
190698
187045
187046
187048
187071
190734
194579
194597
194625
194723
194725
194736
194760
52305
52501
52307
52308
52321
52323
52324
51849
51851
51855
52099
52102
52091
52122
52185
52188
52195
52712
52335
52332
52303
52329
52277
52331
52270
52280
52282
52387
52407
52410
52414
52413
52420
52441
52447
52480
52461
52449
52509
186201
186204
186218
189743
189760
190124
136738
214425
194921
194922
194931
194934
194939
194952
194950
198487
198504
198508
198512
198511
198126
198212
198214
198229
198230
198224
214295
198243
198244
198144
198147
198157
198524
198529
198196
198176
198201
198245
198202
199007
199011
199010
202057
202058
202054
202063
202090
202104
202106
199012
202112
202096
202118
202248
202249
202253
202283
