58
46416 46449 1144
46449 46416 1144
46449 46455 1339
46455 46449 1339
127365 127350 752
127365 127361 337
127361 127365 337
127350 127349 2248
127350 127365 752
127349 127350 2248
130334 130403 1587
127790 127793 940
127793 127790 940
129584 129605 222
129605 129584 222
129674 129677 924
129677 129674 924
121327 121391 631
121391 121327 631
121392 121396 872
121396 121392 872
69982 69983 561
69983 69982 561
129751 129767 901
129806 129805 650
129805 129806 650
130333 130403 874
130403 130333 874
130403 130334 1587
129761 129906 1010
129906 129761 1010
129767 129751 901
37710 37707 873
35855 35858 828
35858 35855 828
37707 37710 873
36005 37862 2365
37862 36005 2365
46685 46696 1457
46696 46685 1457
46766 46767 928
46767 46766 928
127205 127210 673
127210 127205 673
127212 127214 1228
127177 127214 848
127214 127177 848
127214 127212 1228
127185 127186 518
127186 127185 518
127280 127311 1483
127311 127280 1483
127318 127337 843
127337 127318 843
126895 46202 452
46202 126895 452
46193 46191 610
46191 46193 610
168
35654
37431
37438
37714
37719
37717
37710
35855
35858
35880
35891
37707
35873
35986
37833
37848
37868
44369
37869
36005
36002
41424
37862
41416
41448
41438
46580
46585
46613
46616
46623
46679
46683
46685
46696
46783
46766
46786
46726
46767
46770
46720
46711
46466
46471
47036
126885
127205
127210
127212
127177
127178
127214
127067
127116
127074
127077
127117
127134
127078
127185
127186
127285
127280
127311
127318
127337
127340
126895
46202
132311
126825
126868
126859
126836
126882
46193
46181
46191
46182
46243
46419
46415
46416
46250
46449
46455
46223
127290
127352
127440
132397
127349
127346
132314
127659
127658
127662
127695
127716
127804
127324
130331
130332
130334
127751
127753
127746
127761
127765
127785
127788
127793
129334
129384
129398
129596
129598
129605
129614
129674
129677
129693
129706
129863
129868
121302
121378
121381
121327
121387
121392
121411
70011
70271
70278
70281
69973
69940
69982
69954
69971
69955
69983
69975
56835
69860
69898
129723
129726
129731
129735
129781
129725
129793
129788
129800
129806
129805
129883
130333
129748
129744
129755
129761
121336
121337
129767
