26
94262 94263 1066
97580 97602 1078
97602 97580 1078
97609 98161 877
98161 97609 877
102003 100618 784
102003 102002 1423
102002 102003 1423
100618 102003 784
118610 118683 1935
118683 118610 1935
118691 118690 1069
118690 118691 1069
50215 50216 788
50216 50215 788
109044 109128 452
109128 109044 452
213163 213160 1141
213160 213163 1141
169558 169556 1055
169558 169559 2344
169556 169558 1055
169559 169558 2344
95214 95215 588
95215 95214 588
94263 94262 1066
164
158727
158691
158759
158792
158970
158967
158983
159030
159055
159089
159104
161095
161276
161278
213163
213169
213198
213160
161468
213275
213278
209294
213272
213201
161986
161992
213284
213328
162021
159963
161985
162218
169632
169635
169618
169666
170526
170523
170072
170471
170474
170599
170607
170551
170601
170559
170565
170564
169558
169556
169688
169895
169672
169679
169521
169544
169539
169559
118654
95121
95495
101909
95214
95215
95022
95027
95151
95154
95155
95127
94910
94915
94925
94257
102442
94239
94260
94263
94288
94300
108931
108957
94322
50092
50064
50071
50073
50074
94250
94241
94208
94213
97403
97412
97423
102042
97470
102334
97564
97590
97593
97587
97580
97602
102840
97609
97621
98161
97612
97643
102003
102283
102223
100618
102235
100630
102024
93452
93467
93508
93480
94080
95165
98552
98136
98271
98298
98311
98489
191458
191217
191368
191391
118509
191105
191464
191465
118610
118683
118679
118681
118622
118691
118690
108908
108944
50096
50098
109010
108955
108974
50215
50216
50219
109176
109149
109041
109044
109152
109144
109146
36045
35563
36149
