34
77135 56891 1014
56891 77135 1014
65011 65020 607
65017 65070 1149
65070 65017 1149
78834 62517 2417
65020 65011 607
62517 78834 2417
65331 65330 2324
65330 65331 2324
76080 76081 1438
76081 76080 1438
76088 74681 1401
74681 76088 1401
87402 87403 1665
87403 87402 1665
75199 75204 475
75204 75199 475
75204 75208 1366
75208 75204 1366
88016 88052 909
88052 88016 909
88052 88054 1084
88455 88486 2185
88054 88052 1084
88486 88455 2185
88486 88492 902
88492 88486 902
60102 60107 1782
60107 60102 1782
60083 60085 1719
60085 60083 1719
63139 63178 1056
63178 63139 1056
165
119814
119818
119846
119921
119941
119936
120033
119914
119908
119943
120143
119866
119887
59980
59984
59997
59968
59973
60025
60438
59950
60102
60107
76957
60083
60085
60096
60019
60061
60024
60092
59953
59777
60263
59217
59241
59646
59672
62624
62628
59663
62667
62681
62670
62572
77854
62581
62691
62695
62696
62996
62968
63203
63139
63215
63178
63202
63199
60722
63067
63079
63085
63181
63184
63192
64054
64095
77069
77830
64118
64128
64120
64125
58153
58167
64397
64402
64398
64404
77152
63928
63929
63924
63948
77135
56891
65027
64998
65017
65029
65070
65015
65082
62464
62511
64993
65020
78835
65042
77185
65053
65056
65123
59900
58149
65111
65331
65320
65321
65330
65352
65476
65477
58152
57994
57900
73226
75149
76000
76004
76008
76028
76080
76074
76275
76294
76299
76336
74681
78575
87378
87397
87382
87384
87403
87323
75192
75199
75204
75251
75257
76484
77956
75279
87217
87214
87656
88015
88052
87730
88063
87678
88056
88054
88486
88488
88492
88509
88521
88112
88517
88520
88007
88084
88086
