50
16361 16455 1981
16455 16361 1981
16409 16408 540
16408 16409 540
16773 16778 696
16778 16773 696
9034 11444 588
11444 9034 588
11444 11445 1225
11446 11445 839
11446 11450 681
11450 11446 681
11450 11452 344
11508 11452 1078
11298 11292 1447
11292 11298 1447
11569 11580 562
11580 11569 562
11581 11583 1004
11445 11444 1225
11445 11446 839
11452 11450 344
11452 11508 1078
11583 11581 1004
11604 11606 1124
11606 11604 1124
11613 11615 1000
22595 22599 1260
22599 22595 1260
22540 22563 840
22563 22540 840
22571 11615 672
11615 11613 1000
11615 22571 672
22615 22617 2153
22617 22615 2153
22934 22935 847
22935 22934 847
23285 23284 1457
23284 23285 1457
23321 23319 708
23319 23321 708
23356 23376 373
23376 23356 373
23370 23372 275
23372 23370 275
227016 227486 2246
227486 227016 2246
225764 225791 1611
225791 225764 1611
166
234136
234153
234148
226853
234557
235596
227043
227063
226955
234561
226993
226996
234517
227149
227150
227155
227204
227200
227012
227016
228237
227260
227486
227491
227529
227528
227640
227629
227268
6722
6801
6827
7621
7660
7668
7697
7787
7788
7833
7834
7680
226070
226076
226051
226046
225938
226094
234834
225765
225766
225768
225764
225791
225790
225783
225795
225668
225667
226067
226419
14557
15911
14975
34696
7765
8006
8233
8271
8278
8322
16729
8328
8289
8763
8701
34770
8754
8724
11152
8756
8771
8804
9499
9503
9485
9450
16361
16408
16411
16425
16441
16445
16456
16646
16653
16681
16764
16688
16691
16773
16777
16778
9778
9783
11228
11233
9034
11297
11298
11292
11467
11468
22458
22462
11569
22543
11580
11581
11442
11454
11461
11583
11589
11603
22528
11604
11606
11609
11613
22569
22536
22582
22595
22599
22540
22563
22537
22601
22604
22615
22617
22639
14324
22934
22967
22935
22951
23034
23051
23268
23285
23284
11966
23304
23321
23316
23287
23059
23061
23319
23058
23063
23087
23361
23370
23390
