96
258532 258531 1763
258531 258532 1763
258554 258549 503
258549 258554 503
258549 258555 686
258555 258549 686
259917 259918 2082
260348 260359 3075
260348 260360 610
260359 260348 3075
260359 260360 2948
260360 260348 610
260360 260359 2948
260411 260410 1139
260411 260431 1452
260409 260410 1031
260409 260424 902
260404 260400 1334
5064 5066 1454
259918 259917 2082
5066 5064 1454
260400 260404 1334
260424 260409 902
260410 260409 1031
260410 260411 1139
260430 260431 846
260430 260432 604
260431 260411 1452
260431 260430 846
240375 240471 1255
240375 260446 566
260432 260430 604
240471 240375 1255
260446 240375 566
260470 260471 2225
260471 260470 2225
260471 260592 1504
260592 260471 1504
5125 5133 1138
5134 5135 139
5135 5134 139
5135 5309 1247
5309 5135 1247
5133 5125 1138
6484 5027 751
5027 6484 751
263284 259141 257
259141 263284 257
257604 257606 2064
257608 257611 1017
257608 257611 1017
262366 257611 901
262412 262410 920
262413 262410 1722
262386 262384 4774
262386 263431 2413
263433 263431 2325
262385 262384 1777
257602 257601 2444
257679 257601 2913
263463 257661 899
4167 4165 1349
4168 4165 1142
4228 4231 2848
4239 4238 2968
4240 4238 1456
4301 4299 651
4265 4267 2983
257606 257604 2064
257611 257608 1017
257611 257608 1017
257611 262366 901
262410 262412 920
262410 262413 1722
263431 262386 2413
263431 263433 2325
262384 262385 1777
262384 262386 4774
257601 257602 2444
257601 257679 2913
257661 263463 899
4165 4167 1349
4165 4168 1142
4231 4228 2848
4238 4239 2968
4238 4240 1456
4299 4267 1548
4299 4301 651
4267 4265 2983
4267 4299 1548
259131 259134 500
259134 259131 500
262723 262720 1214
262720 262723 1214
263056 263055 474
263055 263056 474
144
257606
257611
262410
263431
262384
257601
257661
4165
4231
4238
4299
4267
4320
5310
4114
4139
5535
5550
4101
5643
5656
5659
5669
259174
259178
259200
262505
263307
262747
258880
258884
258890
258900
259131
259134
259157
262730
262723
262031
258982
258985
262720
258120
258193
258203
258231
259423
258246
258252
259430
263056
264210
258293
263055
263917
263920
244618
244537
244546
244548
244542
244566
244571
240787
244598
244572
244577
244600
258263
258266
258274
258275
258255
244299
244248
258260
258306
247393
258368
258369
258372
258378
258440
258532
258527
258554
258549
258555
259915
259729
259889
260348
260363
260369
260385
260412
260420
5064
259920
259955
260025
260261
260192
260365
260177
260260
260400
260424
260432
260463
260583
89
260470
260586
260592
5125
5135
6484
5027
262531
259135
263284
259141
259171
263277
262513
255167
255178
255360
257577
262453
262432
257628
257604
257608
262412
262386
257602
257679
4168
4228
4240
4301
4265
