78
136163 136156 1073
136166 136178 827
136178 136166 827
136178 136188 751
136188 136178 751
136188 136191 827
136191 136188 827
136191 136204 1102
136204 136191 1102
136760 136761 149
136761 136760 149
136766 136798 1060
136798 136766 1060
137500 137507 841
137482 137483 2224
137507 137500 841
137483 137482 2224
138103 139612 369
138111 138114 2371
139612 138103 369
138119 138121 1124
138121 138119 1124
138114 138111 2371
138114 138159 1565
138159 138114 1565
138159 138161 2700
138161 138159 2700
139036 138671 939
139043 139044 806
139041 139050 1008
139044 139043 806
138671 139036 939
138988 139000 1505
139001 139000 789
139001 139015 1505
139016 139015 751
139019 139034 354
139034 139019 354
138998 139000 403
139080 139076 806
139000 138988 1505
139000 138998 403
139000 139001 789
139015 139001 1505
139015 139016 751
139076 139080 806
139047 139050 889
139050 139041 1008
139050 139047 889
139446 133992 685
133992 139446 685
229540 229604 948
229604 229540 948
25095 25123 1022
25123 25095 1022
190679 190819 156
190819 190679 156
187699 187704 605
187704 187699 605
187733 187739 1602
187739 187733 1602
187909 187910 1497
187910 187909 1497
188234 190327 211
190327 188234 211
134993 134804 1533
134804 134993 1533
135010 135009 751
135014 135018 747
135009 135010 751
135018 135014 747
135799 135806 818
135806 135799 818
135792 135878 1098
135878 135792 1098
136154 136156 336
136156 136154 336
136156 136163 1073
163
24810
24817
24830
24854
24888
24851
24924
25095
25123
25101
25105
187686
188003
188005
190679
190819
187681
187702
187699
187704
187733
187737
187739
187692
187710
187906
187909
187910
187920
187211
187796
187797
187795
187786
23774
187257
187823
187832
187842
187845
187854
189605
189602
187811
187859
187867
187877
190783
188001
187760
187957
187990
188234
190327
187828
187839
134740
134738
134742
134739
134788
134707
134714
134993
134198
134804
135010
135014
135009
135064
135018
135065
135077
135799
135806
135812
135792
135878
135827
135835
135886
136084
136096
136154
136156
136163
136166
136178
136188
136191
136209
136787
136204
136800
137487
136804
137500
137482
137507
137483
137680
137688
137691
138103
139617
138114
138159
138161
137782
138165
138168
138188
138469
139036
139043
139041
139044
138519
138490
138523
138477
138492
138529
138547
138631
138650
138667
138669
138682
139014
139016
139019
139034
139080
139015
139081
139078
139076
139050
139055
139083
139086
139446
133992
139430
139443
139448
228746
228823
230221
229540
229604
229619
229623
230919
229631
225981
225983
225984
228941
225272
228983
229005
