38
66945 66948 562
66989 66978 981
66978 66989 981
66948 66945 562
60509 76535 459
76535 60509 459
60607 76979 999
60597 60598 1436
76979 60607 999
60598 60597 1436
64604 64606 936
64604 64607 1867
64606 64604 936
64606 64621 338
64608 64609 2782
64609 64608 2782
64621 64606 338
64607 64604 1867
64618 64616 1086
63463 63464 905
64616 64618 1086
63464 63463 905
63450 63449 672
63449 63450 672
64207 64205 782
64212 64204 893
64205 64207 782
64204 64212 893
101054 101352 2815
101352 101054 2815
100910 100913 1269
100913 100910 1269
121719 121727 1858
121727 121719 1858
121946 121943 659
121943 121946 659
127754 127833 139
127833 127754 139
168
103082
101306
101168
101054
101352
101356
101250
101361
101242
101252
101259
101501
101504
101289
100925
100910
100915
100913
121701
121719
121727
121730
117668
117647
117766
117661
117666
117654
117710
117728
117769
117800
117608
117609
117892
121946
121954
121961
121941
121943
130105
121952
121713
121692
121950
121972
127754
127833
121926
121925
121934
118274
124133
124251
124264
118043
118045
118044
118062
118249
118260
118261
118270
118075
118095
118135
118141
118158
124301
124312
124354
124359
124495
124503
124497
124619
120289
132482
120156
120159
120164
124755
120172
124534
124559
120203
60362
77031
66768
120298
66939
66962
66990
66945
66977
66944
66947
60392
60517
60457
60460
60469
77777
66819
66824
77050
66829
60524
60519
60504
60509
76535
60607
76539
60552
60597
60598
64516
66917
66929
64541
60328
62925
63000
63003
64449
63006
57680
60464
64452
69295
78300
62949
63016
64523
64526
64472
64478
64483
64489
63030
77848
64588
64590
64621
64607
64615
64618
63463
64616
63476
63443
63472
63459
63450
63452
63449
64207
64212
64205
64204
64179
64299
64300
64301
64287
74927
74938
