394
86924 86923 480
86924 86925 905
86961 86960 1969
86969 86966 1013
86969 86967 314
86969 86970 1374
87093 86970 2138
87093 87094 1056
87093 87095 1268
86914 86908 3486
86914 86915 5625
86914 87055 793
90809 90808 1455
90809 90810 7
86942 86753 3512
86942 86922 607
86942 86940 214
86948 86949 1692
86948 86950 313
86951 86950 1674
86931 86930 716
86989 86988 1707
86990 86988 651
86990 86991 875
91110 87063 1407
82376 82375 956
82376 82377 680
82376 82380 3861
82379 82375 3861
82379 82378 810
82379 82380 956
82379 87128 2369
87132 82369 956
87132 82378 2464
87132 87128 755
82381 82377 222
82381 82383 1997
82381 82534 1084
82535 82534 1233
82535 82537 1952
82535 82538 943
82539 82537 1013
82539 82540 1301
82539 87123 3020
82539 87136 1787
87121 87122 1294
87121 87123 2850
87121 87136 892
81985 81984 2515
85340 85318 808
85340 85333 1184
85340 85341 649
85701 85341 864
85701 85700 1454
85701 91045 776
85707 85706 1236
85707 85708 3086
85707 91808 1599
91809 85706 1741
84912 84911 956
84912 84914 848
84929 84928 231
84929 85317 648
84929 85678 795
85677 84911 151
85677 85678 400
85677 85699 87
85317 84929 648
85317 85301 1353
85317 85318 647
85318 85312 1285
85318 85317 647
85318 85340 808
81980 81981 1161
81980 81986 3266
81980 82057 629
81980 82058 1287
81982 81981 2493
82051 82050 1825
82051 82052 741
82051 82097 1816
82053 82052 374
82053 82054 1590
82053 82054 1590
82055 82054 614
82055 82056 1078
82057 81980 629
82057 82056 718
82182 82181 284
82183 82181 665
82188 82187 484
82189 82187 387
82189 82190 333
82189 82199 508
82156 82050 2112
82156 82097 1146
82156 82157 1078
82049 82048 951
82049 82050 2060
82049 82157 1122
82275 82048 3792
82275 82159 1187
82275 82309 2097
82160 82158 1627
82307 82304 1823
82307 82308 2148
82307 82313 741
82314 82308 2223
83565 83563 651
83565 83566 7428
83565 83580 985
83595 83580 910
83638 83598 892
83638 83632 1697
83638 83639 1627
83592 83593 1114
83592 83597 1334
83592 83621 3313
83620 83597 2899
83620 83621 1294
83620 83667 2800
83598 83599 1069
83598 83638 892
83631 83630 614
83631 83632 1013
83631 83641 2156
83640 83632 6060
83640 83667 316
82315 82313 1906
82315 82316 838
82315 82331 1309
83637 83629 925
83637 83636 1459
83637 83644 1399
83634 83633 882
83635 83633 794
83594 83563 832
83622 83593 1302
83622 83623 475
83622 83673 854
83623 83622 475
83623 83624 446
83623 83677 315
83741 83739 990
83741 83742 1222
83741 83743 951
83781 83739 1032
83781 83743 1110
83781 83757 1459
83781 83771 990
83758 83748 713
83758 83757 1041
83758 83771 1324
83724 83723 1869
83724 83725 2428
83724 84078 876
84074 83723 2375
84074 84073 556
84074 84075 1910
84075 83723 2120
84075 84074 1910
84075 84076 1397
84075 84084 3724
84135 84134 628
84135 84136 2063
84137 84134 469
83652 83653 688
83652 83662 1971
83652 83696 1013
86941 86753 2927
86941 86940 1405
86941 86953 1861
86925 86921 782
86925 86924 905
86925 86926 853
86943 86921 796
86966 86964 548
86966 86967 1060
86966 86969 1013
86967 86966 1060
86967 86968 459
86967 86969 314
87094 87093 1056
87094 87096 1407
87095 86964 905
87095 87093 1268
87095 87096 1040
86908 86907 607
86908 86909 698
86908 86914 3486
86915 86914 5625
90810 90809 7
86940 86941 1405
86940 86942 214
86940 86952 1622
86949 86948 1692
86949 86957 835
86949 91344 827
86991 86990 875
86991 86992 6984
82375 82374 755
82375 82376 956
82375 82379 3861
82377 82371 559
82377 82376 680
82377 82381 222
82378 82368 832
82378 82374 3765
82378 82379 810
82378 87132 2464
82369 82364 755
82369 82368 2416
82369 87132 956
82369 87156 1301
82538 82535 943
82538 82540 611
82538 82542 699
82540 82538 611
82540 82539 1301
82540 82546 1844
87136 82539 1787
87136 87121 892
87122 87121 1294
85700 85678 1251
85700 85701 1454
91045 85701 776
85708 85707 3086
91808 85707 1599
85678 84929 795
85678 85677 400
85678 85700 1251
85699 85677 87
81986 81980 3266
82058 81980 1287
82050 82049 2060
82050 82051 1825
82050 82156 2112
82054 82053 1590
82054 82053 1590
82054 82055 614
82190 82189 333
82199 82189 508
82048 82049 951
82048 82275 3792
82309 82275 2097
82304 82307 1823
83566 83565 7428
83621 83592 3313
83621 83620 1294
83667 83620 2800
83667 83640 316
83630 83629 1786
83630 83631 614
83641 83631 2156
82316 82315 838
82331 82315 1309
83629 83630 1786
83629 83637 925
83644 83637 1399
83673 83622 854
83677 83623 315
83739 83741 990
83739 83781 1032
83742 83741 1222
83771 83758 1324
83771 83781 990
83748 83758 713
83725 83724 2428
84078 83724 876
84073 84074 556
84076 84075 1397
84084 84075 3724
84136 84135 2063
83662 83652 1971
83696 83652 1013
86953 86941 1861
86926 86925 853
86964 86966 548
86964 87095 905
86968 86967 459
87096 87094 1407
87096 87095 1040
86907 86908 607
86909 86908 698
86952 86940 1622
86957 86949 835
91344 86949 827
86992 86991 6984
82374 82375 755
82374 82378 3765
82371 82377 559
82368 82369 2416
82368 82378 832
82364 82369 755
87156 82369 1301
82542 82538 699
82546 82540 1844
86923 86922 3697
86923 86924 480
86960 86961 1969
86970 86969 1374
86970 87093 2138
87055 86914 793
90808 90809 1455
86922 86921 3004
86922 86923 3697
86922 86942 607
86950 86948 313
86950 86951 1674
86930 86931 716
86988 86989 1707
86988 86990 651
87063 91110 1407
82380 82376 3861
82380 82379 956
87128 82379 2369
87128 87132 755
82383 82381 1997
82534 82381 1084
82534 82535 1233
82537 82535 1952
82537 82539 1013
87123 82539 3020
87123 87121 2850
81984 81985 2515
85333 85312 778
85333 85340 1184
85341 85340 649
85341 85701 864
85706 85707 1236
85706 91809 1741
84914 84912 848
84928 84929 231
84911 84912 956
84911 85677 151
85301 85312 667
85301 85317 1353
85312 85301 667
85312 85318 1285
85312 85333 778
81981 81980 1161
81981 81982 2493
82052 82051 741
82052 82053 374
82056 82055 1078
82056 82057 718
82181 82182 284
82181 82183 665
82187 82188 484
82187 82189 387
82097 82051 1816
82097 82156 1146
82157 82049 1122
82157 82156 1078
82159 82158 989
82159 82275 1187
82158 82159 989
82158 82160 1627
82308 82307 2148
82308 82314 2223
83580 83565 985
83580 83595 910
83639 83638 1627
83597 83592 1334
83597 83620 2899
83599 83598 1069
83632 83631 1013
83632 83638 1697
83632 83640 6060
82313 82307 741
82313 82315 1906
83636 83637 1459
83633 83634 882
83633 83635 794
83563 83565 651
83563 83594 832
83593 83592 1114
83593 83622 1302
83624 83623 446
83743 83741 951
83743 83781 1110
83757 83758 1041
83757 83781 1459
83723 83724 1869
83723 84074 2375
83723 84075 2120
84134 84135 628
84134 84137 469
83653 83652 688
86753 86941 2927
86753 86942 3512
86921 86922 3004
86921 86925 782
86921 86943 796
92
86923
86960
86970
87055
90808
86922
86950
86930
86988
87063
82380
87128
82383
82534
82537
87123
81984
85333
85341
85706
84914
84928
84911
85301
85312
81981
82052
82056
82181
82187
82097
82157
82159
82158
82308
83580
83639
83597
83599
83632
82313
83636
83633
83563
83593
83624
83743
83757
83723
84134
83653
86753
86921
87136
85700
91045
85708
85699
82058
82190
82048
82309
82304
83621
83667
83630
83641
82316
83673
83677
83739
83771
83748
83725
84078
84073
84076
84084
83662
83696
86953
86964
86907
86909
86957
86992
82374
82371
82368
82364
82542
82546
