94
204394 204395 2477
204377 207176 623
204395 204394 2477
207176 204377 623
207205 207206 833
207206 207205 833
207249 207250 751
207143 207158 908
207219 207225 555
207225 207219 555
207222 207224 817
207224 207222 817
207250 207249 751
204045 204046 701
204046 204045 701
204073 204078 1037
203672 203673 594
203673 203672 594
203886 203885 1400
203885 203886 1400
203885 203888 1056
203888 203885 1056
207428 207430 986
207430 207428 986
207430 207431 547
207430 207433 678
207400 207416 669
207431 207430 547
207416 207400 669
207417 207420 833
207420 207417 833
207420 207422 679
207367 207374 624
207374 207367 624
207444 207439 219
207433 207430 678
207439 207444 219
207158 207143 908
207162 207166 277
207166 207162 277
207354 207474 1235
207480 207474 737
207474 207354 1235
207474 207480 737
207422 207420 679
207911 207913 1054
207913 207911 1054
207913 207917 541
207917 207913 541
207917 207918 433
207918 207917 433
207948 207949 2179
207949 207948 2179
208257 208260 927
208260 208257 927
208221 208220 1407
208220 208221 1407
208324 208326 686
208351 208350 751
208350 208351 751
208326 208324 686
208326 210543 883
210543 208326 883
139996 140020 1834
140020 139996 1834
140022 140105 596
140105 140022 596
140120 140122 803
140122 140120 803
190081 190082 600
190082 190081 600
190088 190098 699
190098 190088 699
189987 189997 629
189997 189987 629
142214 142339 1443
142339 142214 1443
142346 142356 1445
142356 142346 1445
142160 142153 669
141774 142166 779
142166 141774 779
142166 142169 968
142153 142160 669
142169 142166 968
56050 56057 1436
56057 56050 1436
196680 196683 1661
196683 196680 1661
197217 197257 220
197257 197217 220
204078 204073 1037
204362 204382 478
204382 204362 478
178
189977
139835
139828
139829
144913
139950
139991
139996
140020
140022
140105
140108
140104
140120
140098
140101
140122
140123
190041
190080
190081
190082
190088
190098
190105
190113
190448
190115
189987
189990
189994
189997
189967
190678
189974
190563
190315
142209
142214
142339
142346
142356
141378
141431
141427
141425
142160
142178
142202
142200
141512
151904
151940
141668
151818
141774
142166
141831
141690
142153
142167
142169
55949
56019
56022
56035
56050
56057
56084
56187
56194
56211
56241
56245
56251
56256
56298
189917
189942
190543
196680
196683
197217
197257
197261
204078
204285
204288
204311
204316
204362
204382
204384
204377
204397
204395
204399
207176
207182
207205
207206
207249
207144
207145
207219
207225
207222
207224
207248
207250
196913
196887
196930
145971
145978
145981
146008
151305
151307
198891
204048
204059
204073
203907
203987
203637
203645
203661
203672
203673
203884
207400
207416
207420
207367
194523
207374
207376
207444
207433
207439
207378
207158
207162
207166
207340
207354
207474
207482
207422
207911
207918
207941
207948
207949
208049
208055
208255
208263
208259
208278
208260
208221
208239
208249
208333
208346
208324
208351
208350
208352
208326
210543
210556
210557
210646
210618
210622
