54
162661 162660 452
162671 162675 796
162675 162671 796
162660 162661 452
163339 163345 905
163345 163339 905
163383 163386 562
163386 163383 562
211850 211853 844
211853 211850 844
211859 211889 901
211889 211859 901
211889 211890 640
211890 211889 640
163936 163962 893
163962 163936 893
211934 211933 833
211933 211934 833
115087 115095 2005
115095 115087 2005
106401 106396 2375
106396 106401 2375
106530 113717 962
113717 106530 962
105210 106800 946
106800 105210 946
106800 106803 1815
106803 106800 1815
173976 173787 951
173787 173976 951
174411 174557 1469
174557 174411 1469
175173 175171 1342
175171 175173 1342
174282 174281 1035
174281 174282 1035
183948 183949 287
183949 183948 287
183891 183912 893
183909 183908 1085
183912 183891 893
183908 183909 1085
210811 210812 961
210812 210811 961
211611 211616 439
211616 211611 439
211829 211844 838
211717 211716 1926
211702 211704 665
211704 211702 665
211704 211707 490
211707 211704 490
211716 211717 1926
211844 211829 838
175
182473
182501
182497
182629
182631
173976
173785
173787
185868
182580
182603
174187
174171
174191
185212
184052
184077
184092
184094
184099
173986
185329
173920
174377
173903
174327
174348
174409
174399
175095
174411
174557
174563
174583
174564
174573
174593
174584
175115
175173
175171
174569
175086
175111
175120
175125
175084
175116
174279
174282
174281
174419
174351
174176
174195
183834
183940
183948
183949
184058
183879
183934
183891
183909
183912
183907
183908
183459
184969
209572
210811
210812
210817
210871
210882
210892
210895
211611
211616
211619
211641
211686
211829
211830
211717
211645
211702
211704
211707
211719
211716
211844
162679
162661
162671
162675
163355
163357
163372
163373
163394
163385
163389
163393
163386
163396
163419
161335
162755
162741
162725
162751
211850
211853
211859
211889
211890
163917
163936
163962
163966
163980
163949
214457
212006
211934
211994
211998
212003
211904
211915
211920
211933
178812
178813
178811
178818
179055
178921
114529
114531
114557
114559
114686
115255
115256
115470
115498
115067
115230
115080
115084
115087
115095
115100
115174
115596
115597
115603
115608
106334
106399
113574
106396
106483
106530
113717
105210
106800
106803
106828
32431
32432
106581
106609
