48
76030 76273 1252
76273 76030 1252
87287 87288 1324
87389 87388 698
87388 87389 698
87288 87287 1324
74193 74185 829
73431 73445 1919
73445 73431 1919
73399 73367 2821
170361 170364 778
170270 170286 1667
170286 170270 1667
170360 170364 422
170364 170360 422
170364 170361 778
95879 95881 476
95881 95879 476
96718 96719 418
96719 96718 418
96728 96729 650
96729 96728 650
96745 96752 2587
96752 96745 2587
96869 96870 747
96872 96873 2321
96872 96884 1345
96884 96872 1345
96870 96869 747
96873 96872 2321
100954 100955 2127
99771 99770 2693
100955 100954 2127
99770 99771 2693
63309 63308 1011
63308 63309 1011
63321 63323 754
63323 63321 754
63311 63310 337
63310 63311 337
64069 64070 356
64070 64069 356
65100 65107 1906
65107 65100 1906
73367 73399 2821
74185 74193 829
75136 58117 1746
58117 75136 1746
167
60271
76687
62890
62896
62912
60999
62701
62908
62990
62992
63309
63342
63304
63308
63332
63278
63239
63237
63238
63321
63387
63323
63311
63315
63306
63310
63261
63263
63265
64066
64069
64070
64078
63273
64133
64140
64176
64157
64325
64372
64373
64261
64366
63973
63974
63977
63980
63951
63953
64006
65085
65047
65049
65091
65100
65101
65106
65107
64353
64346
64275
64272
77267
73354
73357
73362
73367
79070
79072
74185
78614
78617
75141
75143
75109
58100
75136
58117
76168
74422
78219
76020
76030
76273
79407
87372
87287
87295
87293
87297
87389
87388
91524
75212
75220
75238
75211
77939
80419
80422
87231
87948
87961
88033
88075
88092
87300
87988
88120
88122
88135
74193
73440
61079
61047
73400
73411
73409
73453
77239
73726
75464
75501
75502
73728
75489
75490
75491
170296
170356
170270
170286
172044
172047
95886
96694
96678
96728
96729
96745
96752
96884
96870
96911
97013
97133
97262
97264
97252
97279
97295
102611
99660
99662
99674
99924
100935
100954
100726
102123
99771
100955
99762
99769
99770
99731
99745
