58
168332 168336 1010
168336 168147 1284
168336 168332 1010
168147 168336 1284
161507 161511 672
161491 161490 238
161511 161507 672
161490 161491 238
162099 162100 1029
162099 162115 1087
162100 162099 1029
162115 162099 1087
162151 162176 1121
162176 162151 1121
169575 169574 949
169574 169575 949
169574 169579 867
169568 169569 1010
169579 169574 867
169569 169568 1010
161690 161674 829
161674 161690 829
170479 172743 1340
168141 168139 983
168158 168157 238
168157 168158 238
168139 168141 983
168164 168160 782
168160 168164 782
170059 170053 1642
170441 170440 1087
172743 170479 1340
170440 170441 1087
170053 170054 837
170053 170059 1642
170054 170053 837
169938 169937 111
169938 169963 1673
169937 169938 111
169963 169938 1673
169029 169028 82
169029 169028 82
169028 169029 82
169028 169029 82
169148 169214 419
169214 169148 419
155226 155227 631
155227 155226 631
157904 157902 893
157902 157904 893
178303 178304 747
178304 178303 747
158207 158238 667
158238 158207 667
158251 158253 2203
158298 158296 337
158296 158298 337
158253 158251 2203
170
155171
155226
155227
155321
155328
155341
155342
155351
157642
157658
157726
157904
157810
157833
157842
157902
155380
155399
155400
155450
155436
155453
155455
155458
157702
157686
157745
157732
177893
177944
178260
177918
177932
178232
178213
178303
178304
178514
178508
178373
178431
178437
178368
178369
177771
157563
158207
158238
158251
158298
158304
158296
172341
158200
158219
158223
158253
157935
158680
158698
158799
158838
158857
158869
158910
159062
158886
159036
159040
159059
159068
158954
158506
158507
158611
158641
158660
158645
161086
161126
161121
161269
161212
161232
161227
168328
168332
168384
168312
168314
172697
168147
161499
161491
161511
161490
161518
161845
161869
161880
161936
161938
161948
162118
162152
161964
162108
162099
162100
162115
162176
169588
169616
169575
169574
169568
169579
172795
169569
169130
169177
169179
169188
169246
169248
169295
161669
161690
161674
170479
168141
168158
168157
168162
170499
168164
170514
170058
170059
170441
170440
170455
170484
170038
170044
169537
169554
169880
169875
169515
169520
169937
169963
169954
169961
169911
169851
169898
169907
169518
169491
169109
169107
169128
169146
169214
169219
169206
169224
169241
