94
198988 198986 755
202095 202092 219
202092 202095 219
202250 202251 1188
202257 202256 638
202256 202251 1020
202256 202257 638
202251 202250 1188
202251 202256 1020
202330 202335 1008
202335 202330 1008
202335 202351 839
202351 202335 839
202351 202352 1477
202352 202351 1477
202352 202356 867
202356 202352 867
202948 202947 706
202950 202951 860
202951 202950 860
202942 202943 591
202943 202942 591
202943 202947 376
202947 202943 376
202947 202948 706
202891 202892 523
202474 202476 700
202476 202474 700
202890 202892 707
202890 202903 258
202896 202897 169
202897 202896 169
202892 202890 707
202892 202891 523
202903 202890 258
203097 205296 1027
205296 203097 1027
205296 205302 1608
205302 205296 1608
214885 205548 1387
205515 205519 824
198938 198379 686
198938 198939 2383
198964 198939 2022
198971 198986 1688
198939 198938 2383
198939 198964 2022
198364 198369 756
198368 198369 2487
198369 198364 756
198369 198368 2487
198379 198938 686
205519 205515 824
205548 214885 1387
206203 206226 2965
206198 206199 1205
206199 206198 1205
206225 206226 350
206226 206203 2965
206226 206225 350
206501 206509 986
206509 206501 986
206509 206510 1176
206510 206509 1176
52298 52299 650
52299 52298 650
52266 52267 202
52266 52268 788
52267 52266 202
52268 52266 788
52476 52477 1336
52424 52426 1100
52426 52424 1100
52477 52476 1336
195184 195185 883
195185 195184 883
198509 198513 2337
198513 198509 2337
198231 198232 756
198232 198231 756
198146 198520 327
198520 198146 327
198540 198537 531
198537 198540 531
198537 198546 766
198546 198537 766
198986 198971 1688
198986 198988 755
199009 202055 1220
202055 199009 1220
198587 196980 448
196980 198587 448
202087 202091 342
202091 202087 342
168
51848
51854
52101
52100
52090
52093
52117
52181
52183
52193
52197
52198
52706
52330
52298
52299
52328
52266
52267
52268
52246
52269
52273
52256
52257
52408
52389
52476
52424
52426
52477
52460
52463
186217
186233
186214
189762
190125
189741
139726
194804
194919
194920
194925
194926
194935
194942
194954
194953
194951
195134
195184
198506
195185
198509
198517
198515
198513
198217
198231
198232
198225
214294
198247
198248
214760
198132
198146
198520
198531
198535
198526
198527
198540
198537
198199
198203
198246
198546
199005
199006
198986
199009
202055
202053
198587
196980
202064
202087
202091
202093
196973
202097
202119
202250
202251
202287
202291
202292
202335
202352
202356
202277
199564
203087
202948
202950
202951
202962
202995
203000
203012
202942
202943
202891
202429
202452
202470
202474
214308
214312
202427
202451
202476
202890
202896
202892
203102
203103
203095
203096
203097
205296
205312
205336
205337
205353
205477
205480
205491
205516
205514
198938
198964
198971
198939
198258
198361
198364
198369
198401
198404
205519
205536
205548
205549
201191
206201
206203
206210
206199
206422
206428
206446
206452
206226
206501
206510
