36
241322 241166 1524
241327 241328 1084
241328 241327 1084
242439 242435 749
242435 242439 749
246234 246238 1278
246238 246234 1278
246277 246273 688
246273 246277 688
246440 246460 1281
246460 246440 1281
246428 246458 2215
246458 246428 2215
246335 246332 1700
246332 246335 1700
246845 246844 983
246844 246843 1526
246844 246845 983
246849 246922 2078
246843 246844 1526
246922 246849 2078
246936 246930 2557
246930 246936 2557
252724 253965 434
253965 252724 434
254088 254086 1248
254086 254088 1248
254086 254094 696
254094 254086 696
254166 254215 473
254215 254166 473
254176 254178 2270
254178 254176 2270
254156 254179 628
254179 254156 628
241166 241322 1524
156
238618
238619
238623
239417
239429
239280
239317
239471
239478
239419
237738
237784
237776
239484
239488
237707
237724
237764
237676
237821
237865
237867
237853
264260
239381
239386
264093
239393
239397
239704
239705
239773
239775
239783
239786
239778
239851
240094
239853
239887
239890
239901
239910
239966
240006
240047
240017
240029
240242
240284
240293
240304
240227
240228
241074
241081
241090
240088
240195
240089
240606
240607
240986
241000
241002
241005
241166
241279
242151
241179
241254
241260
241220
241222
241232
241226
241698
246148
242113
242139
242143
240258
242125
241327
241338
241341
242157
242161
242217
242211
242342
242322
242326
242416
242427
242307
245909
242201
242336
242338
241425
242303
242313
242439
242441
242442
242435
246200
246221
246228
246339
246340
246259
246277
246472
251496
246335
246377
246332
251424
246371
246849
246950
246475
246843
246952
252533
252565
246934
246936
246930
240390
263613
252532
252712
252718
252724
253965
253932
253933
240246
254092
254093
254088
254094
254097
254101
254161
254215
254176
254178
254188
254156
254179
254774
254777
