62
138555 138556 1700
138556 138555 1700
138604 138607 418
138607 138604 418
139174 139171 751
139174 139175 983
139198 139199 827
139199 139198 827
139199 139200 870
139200 139199 870
139200 139202 1122
139175 139174 983
139161 139115 751
139115 139161 751
139171 139174 751
139270 139685 302
139685 139270 302
139202 139200 1122
139202 139305 1907
139305 139202 1907
136871 136872 202
136872 136871 202
225348 225347 429
225347 225348 429
226016 226014 1000
226014 226016 1000
227776 227778 1556
227778 227776 1556
228925 228923 2262
228923 228925 2262
229001 229003 1334
229003 229001 1334
229095 229104 4933
229134 229135 1991
229135 229134 1991
229104 229095 4933
228110 228172 672
228172 228110 672
190486 190808 139
190808 190486 139
135115 135119 1853
135119 135115 1853
134834 134835 1322
134835 134834 1322
135044 135045 751
135045 135044 751
135916 135911 848
135911 135916 848
135852 135855 1497
135855 135852 1497
136444 136445 841
136445 136444 841
136498 136815 848
136815 136498 848
137519 137713 959
137713 137519 959
137713 137718 733
137718 137713 733
137718 137717 708
137717 137718 708
137869 137870 1700
137870 137869 1700
165
187596
188026
187165
187595
187169
190486
190808
188248
188249
188268
188269
188276
135146
186655
188089
188094
188271
135115
135119
134834
135173
135134
134835
134837
135060
135056
135044
135045
135049
135063
135094
135105
135106
135108
135848
135916
135909
135911
135852
135869
135855
135872
135901
136119
136418
136420
136428
136444
136445
136491
136457
136472
136507
136502
136496
136498
136815
136822
136818
132595
132598
137787
137499
137790
137791
137788
137516
137519
137802
137713
137718
137717
137738
137768
137896
137897
137884
137853
137824
137869
137870
137926
137931
137970
138501
138509
138556
138604
138607
139174
139198
139199
139200
139175
139137
139150
139141
139154
139161
139115
139171
199618
199624
199681
199622
199630
199637
139221
139268
139305
139311
139334
139336
139357
139280
139358
139453
139461
132962
228826
229512
229516
229518
229594
225326
225327
225329
225337
225346
225348
225963
226226
226234
226013
226029
225304
226001
227776
228909
228910
227778
227795
235455
228938
228919
228925
234315
228992
228995
228923
228999
229001
229003
229093
229134
229135
229102
229104
226658
228170
228110
228172
229166
234571
234593
