86
39085 39087 682
39087 39085 682
39087 39121 1177
39121 39087 1177
39082 39077 2153
39077 39073 818
39077 39082 2153
39073 39077 818
37142 37143 884
37177 37178 336
37178 37177 336
37052 37045 788
37045 37052 788
36989 36987 1967
38182 38184 788
38184 38182 788
38184 38201 276
36987 36989 1967
36993 36994 1085
36993 36997 2205
36997 36993 2205
36997 37147 557
37147 36997 557
36994 36993 1085
37143 37142 884
38201 38184 276
38386 38478 373
38478 38386 373
38478 38479 1221
38479 38478 1221
38496 38338 3561
38338 38496 3561
38525 38511 279
38512 38511 475
38511 38512 475
38511 38525 279
38830 38840 2017
38869 38840 890
38840 38830 2017
38840 38869 890
38891 38895 848
38895 38891 848
38899 38901 751
38901 38899 751
38914 38904 1188
38983 38903 355
38903 38983 355
38905 38912 709
38912 38904 818
38912 38905 709
38930 38925 2341
38904 38912 818
38904 38914 1188
38941 38925 3358
38951 38955 1085
38925 38930 2341
38925 38941 3358
38955 38951 1085
38799 38801 1085
38801 38799 1085
47590 47591 709
47591 47590 709
47608 47624 139
47624 47608 139
47617 47618 562
47618 47617 562
47638 47621 951
47621 47638 951
47894 47901 1140
47905 47901 766
47901 47894 1140
47901 47905 766
47884 47912 3311
47912 47884 3311
47443 47435 674
47348 47349 1608
47349 47348 1608
47435 47443 674
47432 47450 537
47450 47432 537
190942 192676 274
192676 190942 274
110623 110737 750
110737 110623 750
103876 103890 1481
103890 103876 1481
151
194085
191308
191977
191908
194076
191174
191332
191181
191184
191199
191196
191062
192610
192642
192645
194260
190942
192676
109313
109305
108648
108662
109558
109576
109581
109352
108849
108866
106196
106203
109755
110037
109747
110029
110402
110049
110016
110018
110120
110213
113829
110791
110807
110839
110784
110038
110040
110623
110627
110737
110755
110763
103847
116321
103835
112865
112842
103836
103849
103899
103918
103921
112844
110853
110894
110902
110771
110798
110806
103875
103876
103882
103930
103890
103887
39040
39072
39121
36899
37190
37194
39272
37142
37173
37171
37183
37045
38151
38180
37020
37021
37017
37030
36989
38182
36987
36994
37128
37143
38198
38221
38374
38386
38479
38491
38338
38514
38515
38512
38825
38830
38840
38895
38899
38901
38935
38905
38930
38936
38941
38925
38785
38796
38801
41539
41546
47581
47584
47590
47591
47604
47624
47625
47617
47618
47621
47894
47897
47876
47356
47879
47911
47443
47348
47349
47434
47435
47439
47441
47428
130500
