54
232585 232586 3310
232586 232585 3310
232586 232590 2016
232590 232586 2016
232774 232778 667
232624 232811 275
232778 232774 667
232811 232624 275
232813 232815 846
232815 232813 846
248869 248818 2270
248869 248895 1357
248895 248869 1357
249065 249066 1139
248800 248802 756
248802 248800 756
248802 248809 1000
248818 248869 2270
248809 248802 1000
249066 249065 1139
248999 249002 2243
249156 249158 1085
249156 249161 840
249157 249002 588
249157 249158 1025
249174 249184 810
132792 132793 877
132793 132792 877
133027 133040 1080
133040 133027 1080
133041 133045 1120
133045 133041 1120
133085 133086 1085
249007 248992 889
249007 249017 445
249017 249007 445
248991 248986 778
248986 248991 778
248992 249007 889
249002 248999 2243
249002 249157 588
249161 249156 840
249184 249174 810
249158 249156 1085
249158 249157 1025
133065 133070 983
133070 133065 983
133086 133085 1085
236076 236075 1333
236075 236076 1333
235835 235831 402
235831 235835 402
231538 231392 919
231392 231538 919
163
138717
235667
236074
252284
236076
236079
236176
235691
236080
235676
236075
248012
236178
235767
235792
235825
235838
235835
235783
235831
235801
235804
231186
231194
231480
230590
230614
231640
231657
231144
231175
231178
230553
230483
230560
231497
231501
231535
231541
231381
231372
231388
231538
231537
231452
231447
231457
231473
231392
231564
233001
234354
233007
233006
233027
233014
232986
234388
230630
231799
231785
230764
230767
230742
230749
232321
232322
230611
230827
230845
230844
232298
232309
232315
232265
232294
9373
232397
232407
232567
232574
232585
232612
232590
232774
232624
232778
232811
232813
232824
34350
10742
10757
10768
10785
34030
10792
10827
10794
10878
14219
11038
23488
11046
11076
11083
11112
14289
14310
13518
14326
14334
14022
14154
14160
248895
248900
248927
248800
241960
248809
248814
248840
249066
248942
248999
249174
132646
132647
132973
132921
132604
132915
132601
132691
132912
132720
132726
132792
133035
133023
133027
133041
132974
139597
133045
133085
132663
249016
249017
248991
248986
248992
249000
249161
249184
133065
133177
133151
133161
133077
133061
133086
