38
127645 127649 1458
127649 127645 1458
127615 127618 1225
127618 127615 1225
127599 127628 985
127628 127599 985
129627 129623 747
129635 129628 537
121291 121310 1014
121311 121310 169
121310 121291 1014
121310 121311 169
70293 70291 713
70293 70312 1266
70291 70293 713
70312 70293 1266
70377 70399 1019
70399 70377 1019
70457 70459 848
70459 70457 848
69921 69925 905
69925 69921 905
129621 129622 1120
129621 129623 751
129622 129621 1120
129623 129621 751
129623 129627 747
129628 129635 537
129536 129535 891
129535 129536 891
46604 46603 435
46603 46604 435
46693 46702 848
46702 46693 848
46168 46148 355
46148 46168 355
46341 46345 933
46345 46341 933
173
44157
50520
41850
44143
44529
44551
44600
44603
44606
44604
44613
44672
35731
35732
39067
40120
39565
39884
40285
35737
35747
35789
35587
35588
35612
35629
36193
36213
35601
35786
35805
35780
35809
35819
35864
35968
35971
35942
37854
35955
35961
35964
41384
35940
35959
41395
41402
46572
46576
46597
46604
46603
46662
46666
46674
46693
46702
46405
46700
46709
127017
127027
127033
127030
126163
127090
127020
127047
127053
127145
127449
45881
45886
46140
126747
126803
126801
126819
126797
126851
126753
132581
127043
46168
46148
46167
46340
46341
46345
46381
46400
46374
46380
127463
127465
127466
127483
127488
127489
127645
127649
127651
127738
127728
127734
127607
127615
127591
127618
127622
127599
129123
129320
129328
129330
129347
129355
129369
129400
129600
129609
129627
121250
121286
121182
121309
121318
121561
121565
70078
70101
70102
70291
70312
70371
70375
78777
70377
70402
70407
70457
70459
69908
69918
69921
69925
69844
69849
69854
69871
69893
69894
70045
129499
129505
129503
129496
129628
129512
129526
129535
129563
121185
121210
121215
218186
219388
219415
219059
219066
219070
224106
224101
