52
181366 181365 1781
181365 181366 1781
181365 181378 849
181378 181365 849
213753 213754 1001
213754 213753 1001
201893 201886 2685
209079 209080 2042
209080 209079 2042
209131 209135 2195
209135 209131 2195
209916 209920 1296
209920 209916 1296
201687 201698 785
201698 201687 785
201772 201860 954
201860 201772 954
201886 201877 622
201886 201893 2685
201877 201886 622
191010 191011 1653
191011 191010 1653
198065 198069 570
198069 198065 570
202070 202072 797
202072 202070 797
202115 202240 785
202240 202115 785
202240 202245 804
202245 202240 804
202265 202266 513
202266 202265 513
202935 202936 385
202936 202935 385
205465 205471 109
205471 205465 109
206113 206114 846
206114 206113 846
206114 206127 846
206127 206114 846
206127 206129 773
206129 206127 773
206137 206315 901
206315 206137 901
208962 208963 628
209034 209020 908
209020 209034 908
208963 208962 628
213734 213735 278
213735 213734 278
181346 181347 1029
181347 181346 1029
176
198208
198065
198069
198165
214778
198241
198148
198189
198182
198187
198169
198178
199063
199057
199059
202070
202071
202067
202108
202236
202072
202115
202240
202245
202265
202266
202280
202328
202346
202875
194521
203003
203005
202983
202923
202924
202935
202936
202978
202906
202938
196849
196884
202543
214842
203071
203088
205306
205307
205469
205338
205339
205348
205465
205471
205444
198955
198978
198979
198991
198370
214494
199052
206073
206113
206114
206127
206129
206137
206315
206424
206418
206441
206493
206499
208933
208934
198901
208957
208965
208962
209034
209038
209020
208963
209094
209095
213746
213734
213772
213735
181346
179581
181347
181337
181340
181359
181415
181391
181416
181417
179579
201907
213742
213717
213761
213754
213798
201893
201891
201918
209080
209131
209135
209759
209803
209808
209913
209920
213874
213875
209874
213812
201697
201682
201687
201698
201702
201761
201860
201864
201872
201877
192441
193362
193364
193395
193401
193412
193442
193444
193560
193561
193876
193880
109696
114810
105619
105626
192376
192342
192351
192448
192500
193499
193865
193504
193511
193516
193520
191010
192398
191011
193693
193931
193546
193630
193610
193612
193618
193686
193609
193643
193650
18010
29656
