34
83471 83470 1369
83470 83471 1369
89419 89420 512
89420 89419 512
89558 89559 2331
89559 89558 2331
81188 81186 1191
81186 81188 1191
82830 82812 1267
82812 82830 1267
82903 82902 990
82902 82903 990
82902 82991 713
82991 82902 713
82946 82911 6247
82911 82946 6247
82979 82980 2634
82980 82979 2634
82972 82974 1783
82974 82972 1783
81717 81718 1324
81397 81405 589
81718 81717 1324
81405 81397 589
85523 85584 3556
85584 85523 3556
61177 61703 1784
61703 61177 1784
61680 61686 254
61686 61680 254
61963 61964 893
61964 61963 893
65972 65974 1587
65974 65972 1587
150
61177
61703
56875
61777
61569
61581
61567
61545
61547
61680
61686
61687
61632
62007
61963
61967
61964
61934
61936
61932
61962
61956
61604
61642
61643
61607
61611
61630
61373
57245
57254
57255
57249
57251
58011
57734
57738
67683
57583
76503
57597
57794
57788
57781
57844
57950
57495
57516
57527
57542
57505
57529
57546
57553
58003
78962
78963
67717
78034
78654
65897
65913
65982
65994
65972
65974
65976
57310
66048
66051
66059
65840
91183
79382
79383
84898
80446
87590
87844
87821
87791
83471
87793
83470
87851
87852
89718
89721
89776
89445
89770
89422
89427
89414
89766
89024
89031
80486
80490
80476
80558
80565
80543
81093
80630
81098
81148
81138
81188
81186
81192
81271
82789
81288
82830
82825
82812
82814
82816
82822
82884
82905
82991
82946
82981
82980
81690
81717
83012
81732
81735
83040
83006
90747
81479
81489
86188
81634
91817
81523
91203
81718
90611
83501
83506
89699
85523
85584
91038
85694
