36
247152 247154 1392
247154 247152 1392
253921 253922 713
253922 253921 713
254745 255762 1592
254745 255766 1028
255762 254745 1592
255766 254745 1028
255878 255887 279
255878 255896 1085
255887 255878 279
255896 255878 1085
257437 257436 1124
257436 257437 1124
257428 257429 1167
257429 257428 1167
257431 257417 750
257417 257431 750
257487 257488 536
257484 257485 2333
257484 257488 1223
257485 257484 2333
257488 257484 1223
257488 257487 536
237989 237991 1624
237991 237989 1624
238046 237984 2883
238048 238050 2409
238050 238048 2409
237984 238046 2883
241183 241286 849
241286 241183 849
246007 246009 1028
246009 246007 1028
246808 246823 787
246823 246808 787
165
239624
239632
239508
239516
239506
239520
237838
239545
254435
239571
239426
239437
239608
239739
239772
239824
239918
239921
239930
239934
239947
240149
240160
240159
240198
240064
240185
240194
261883
241122
241123
241454
241101
241102
261215
244653
241139
241140
241142
244768
244770
241183
241186
261246
261249
241286
241300
241379
241388
241430
245901
242259
242264
263782
241400
241452
241423
241462
245958
245961
245968
245941
262234
246001
245998
246007
246009
246080
246039
246129
246088
246102
246108
246399
246394
246403
246487
246161
246167
246183
246186
246829
246760
246869
246873
246800
246808
246823
246990
247017
247018
247038
247103
247106
252503
252624
246976
252479
252493
247113
247120
247152
252633
253907
253908
253912
253922
253940
263787
254138
254141
254720
254238
254738
254249
254269
254741
254748
254279
255743
255786
255787
255794
254119
254137
254715
255681
255875
255896
255902
255956
257436
257425
257428
257429
257473
257474
257488
257498
238034
238027
238253
237999
238004
237989
237991
257523
257560
238050
237984
237982
237977
238330
237298
237340
237322
238503
238505
238512
238508
238537
238543
238555
238603
262154
