50
133208 133209 869
133209 133208 869
133222 133226 869
133226 133222 869
133226 133248 1280
133240 133241 551
133248 133226 1280
133241 133240 551
133251 134594 840
134594 133251 840
134594 134595 840
133493 133503 2243
134595 134594 840
133503 133493 2243
133503 133504 1223
133504 133503 1223
133373 133399 516
133381 133436 747
133399 133373 516
133436 133381 747
133391 133646 2040
133646 133391 2040
133675 133680 796
133680 133675 796
133680 133682 1530
133682 133680 1530
133819 133820 826
133820 133819 826
133820 251381 689
251381 133820 689
133890 133894 1510
134030 134031 1830
134031 134030 1830
137385 137387 2718
133894 133890 1510
137387 137385 2718
137407 138716 635
138716 137407 635
235813 235818 424
235818 235813 424
248807 248804 1114
248882 248893 562
248893 248882 562
248440 248445 788
248445 248440 788
248804 248807 1114
132938 132939 516
132939 132938 516
133008 133010 1778
133010 133008 1778
168
230769
230772
232331
230859
230847
230850
230853
231817
232317
232336
232319
232347
232406
232413
232504
232514
232515
232508
232602
232599
232618
232621
232770
232789
232803
232830
232839
10062
10830
10876
10886
11056
11062
11059
11106
14266
14276
13530
13612
13611
13616
248438
248807
248879
248882
248893
249038
248440
248445
248804
248444
249040
249042
249054
249084
249089
249169
249172
249180
132926
132918
132934
132716
132936
132938
132939
132955
132958
133037
132985
132986
133008
133010
133087
249166
249020
249024
249010
249168
133093
133096
133097
133089
133106
133108
133197
134295
134415
134416
133209
133240
133248
133241
133251
134594
133493
133509
134595
133504
133373
133515
133521
133522
133380
133381
133399
133436
133388
133391
133646
133655
133640
133641
133680
133682
133708
133814
133819
133820
251383
133859
133838
133879
133882
134004
134030
134031
134036
137307
137314
137383
133886
138721
138722
137407
138716
236065
235670
236066
251123
236056
251118
236088
236090
236094
236099
236146
236174
235673
235678
236159
236161
236167
235681
235807
262167
235813
235818
235821
235849
235853
235837
235815
235799
235803
235871
235885
235913
