48
253136 253122 2444
253147 253152 1457
253152 253147 1457
253152 253159 1292
253159 253152 1292
253236 253750 950
253160 253174 713
253174 253160 713
253728 253729 336
253729 253728 336
253750 253236 950
254457 254460 806
254460 254457 806
236496 236511 24
236511 236496 24
236502 236504 2731
236504 236502 2731
236599 236601 549
236601 236599 549
237234 237236 947
237112 237117 1822
237117 237112 1822
237237 237236 1751
237236 237234 947
237236 237237 1751
233402 233405 1463
233405 233402 1463
241592 241589 825
241592 241621 1114
241592 241623 1268
241621 241592 1114
241623 241592 1268
241589 241592 825
241652 241777 1225
241777 241652 1225
246502 251523 2468
251898 251900 452
251523 246502 2468
251900 251898 452
252770 252783 869
252783 252770 869
252839 252841 930
252841 252839 930
254819 254832 826
254832 254819 826
256092 256090 806
256090 256092 806
253122 253136 2444
173
251485
251473
251481
251432
250501
250429
250366
250381
250511
250325
250603
250605
250599
250335
250522
250352
250571
250572
246384
246386
246500
246502
251748
251750
251757
251772
251753
251898
251523
251529
251534
251562
251565
251884
252199
252202
252212
252217
251885
251900
251430
252270
252278
252279
252320
252329
252344
252770
252755
252783
252752
252811
252837
252839
252841
253020
254699
254816
254819
254832
256075
256083
256092
256090
256119
253070
253075
253028
253035
253039
253187
253193
254680
254691
254661
252979
253122
253116
253142
253136
253194
253144
253147
253152
253159
253235
253236
253160
253174
253728
253729
253750
253815
253819
254836
254457
254460
254462
254834
254838
254587
254590
236498
244843
236496
236511
236504
263124
236537
236539
236596
236599
236601
236554
263139
262919
236571
236582
236586
263135
236573
236578
263178
237197
237043
237214
237051
237234
262053
237105
237109
237111
237112
237117
237120
237121
237237
237236
237374
237480
237576
237595
243335
233397
233406
233446
234372
233402
230027
233405
240642
240651
240870
240871
240878
240802
240903
240905
240910
240779
240890
240853
240888
240896
240858
240885
241621
241624
241623
241586
241589
241777
241781
