134
243492 243490 1046
245621 245718 720
245718 245621 720
245847 245859 1012
243212 243211 598
243211 243212 598
243219 243218 822
243218 243219 822
243597 243596 586
243035 243095 1593
243095 243035 1593
243095 243112 2031
243112 243095 2031
243112 243101 587
243137 243101 886
243196 243176 45
264282 244057 1415
245859 245796 2975
245859 245847 1012
245851 245861 974
245870 245871 825
247616 245871 1021
247616 247618 1479
247618 247616 1479
247618 247619 983
247637 247635 1538
247638 247635 2224
247638 247684 2067
247665 247663 2016
247684 247638 2067
247684 247686 1334
247688 247687 1220
247688 247689 4114
247936 247689 1413
247943 247689 1120
247943 247944 1767
247946 247944 1140
248060 248048 1007
248087 248048 950
248055 248052 1761
248056 248052 1114
248077 248076 782
248077 248084 1430
248085 248084 893
255385 235975 632
255385 255369 779
263608 255369 972
235975 255385 632
235975 257192 2927
257290 257283 923
257290 257292 1221
257292 255389 1800
257292 257290 1221
256445 256235 619
256211 256238 1130
256239 256238 790
256214 256212 4305
256214 256240 1467
256241 256240 153
256241 256247 1565
256248 256247 879
256248 256258 1581
256261 256258 878
256263 256258 838
256441 256433 2447
256487 256433 977
256448 256475 1196
256472 256471 939
256472 256471 939
256474 256471 3010
262283 261188 1739
248131 248132 536
248374 248369 168
243101 243112 587
243101 243137 886
243176 243196 45
244057 264282 1415
245796 245859 2975
245861 245851 974
245871 245870 825
245871 247616 1021
247619 247618 983
247635 247637 1538
247635 247638 2224
247663 247665 2016
247686 247684 1334
247686 247687 3008
247687 247686 3008
247687 247688 1220
247689 247688 4114
247689 247936 1413
247689 247943 1120
247944 247943 1767
247944 247946 1140
248048 248060 1007
248048 248087 950
248052 248055 1761
248052 248056 1114
248076 248077 782
248084 248077 1430
248084 248085 893
255369 255385 779
255369 263608 972
257192 235975 2927
257283 257290 923
255389 257292 1800
256235 256445 619
256238 256211 1130
256238 256239 790
256240 256214 1467
256240 256241 153
256247 256241 1565
256247 256248 879
256258 256248 1581
256258 256261 878
256258 256263 838
256433 256441 2447
256433 256487 977
256475 256448 1196
256471 256472 939
256471 256472 939
256471 256474 3010
261188 262283 1739
248132 248131 536
248369 248374 168
255558 255571 2251
255571 255558 2251
256212 256214 4305
263651 263101 427
263101 263651 427
243596 243597 586
243490 243492 1046
242764 242782 417
242782 242764 417
159
243101
243176
244057
245796
245861
245871
247619
247635
247663
247686
247687
247689
247944
248048
248052
248076
248084
255369
257192
257283
255389
256235
256238
256240
256247
256258
256433
256475
256471
261188
248132
248369
248375
248379
255558
255563
255569
255571
255673
255674
256212
256773
256778
256785
256817
254945
257852
238314
238315
238298
254906
256956
256870
257048
257051
257016
263651
263096
263100
238901
238914
263101
262837
244698
239179
257921
242853
242855
243824
243596
243086
243087
243490
242764
242792
243082
242782
242784
243319
261951
243271
243323
243492
243358
243372
243401
243403
244921
244866
244903
244946
244931
245284
261302
245060
244956
245334
245367
244950
245325
245332
245359
245595
245203
245224
245227
245230
245231
245604
245615
245718
245736
245783
245843
245847
243184
261676
243212
243233
243211
243206
243218
264274
243025
243015
261993
243030
243112
243137
243196
264282
245859
245851
245870
247616
247618
247637
247684
247936
247943
247946
248060
248087
248055
248077
248085
255385
235975
256211
256239
256214
256241
256248
256261
256441
256487
256448
248131
248374
