50
90429 90430 591
66728 66730 556
66730 66728 556
70175 78472 2635
78472 70175 2635
79563 79565 378
79565 79563 378
79572 79576 2164
79576 79572 2164
79309 79307 1988
79307 79309 1988
79307 79779 2470
79779 79307 2470
80082 80083 2515
80075 80083 943
80083 80075 943
80083 80082 2515
117123 117124 3722
117124 117123 3722
117138 117136 1980
117307 117305 3961
117136 117138 1980
117285 117305 2932
117305 117285 2932
117305 117307 3961
117421 117425 679
117425 117421 679
82953 83163 1565
83163 82953 1565
83046 83051 2129
83051 83046 2129
81581 81595 841
81595 81581 841
86252 86251 475
85956 85957 1623
86251 86252 475
81509 81670 3851
81670 81509 3851
81705 81704 790
81704 81705 790
86142 86187 2718
86187 86142 2718
85957 85956 1623
85495 85499 1434
85499 85495 1434
89756 89948 1385
89948 89756 1385
91626 91628 513
91628 91626 513
90430 90429 591
153
82953
83163
90993
83025
83046
83051
83033
83064
83055
83058
83118
83220
83123
83106
83076
83127
81581
81595
86148
86232
90801
85987
86202
91415
86350
86252
86495
86519
85956
86026
86028
86410
86331
81607
81691
86251
86261
86265
81495
81509
81670
81567
81705
81695
81704
91223
86142
86187
85926
85957
91072
85588
85595
85940
85944
85959
85969
86009
85979
85645
85493
85495
85480
85485
85410
85510
85544
85537
85499
89756
89948
89946
91165
91626
91628
89960
90419
90430
90447
90425
90031
89669
89656
66728
66730
66736
66745
77973
58093
80430
80433
79098
91536
91541
79142
79144
84841
56928
70175
78472
57391
78981
57407
57368
57408
57426
57433
79229
79499
79475
79335
79765
79688
79563
79565
79572
79576
79332
79769
79309
84714
79412
79434
79779
79414
80075
80097
80080
91498
79955
79963
79971
80038
162315
162340
162279
117123
117124
117128
117131
117129
117285
117288
117359
117367
117297
117363
117119
117379
117381
117421
117425
117177
