70
130022 130018 688
130035 130038 933
130018 130016 713
130018 130022 688
130016 130018 713
130038 130035 933
130742 130745 374
130745 130742 374
130745 130746 1558
130746 130745 1558
130797 130800 1234
130800 130797 1234
130805 130829 311
130829 130805 311
131129 131118 874
131118 131129 874
131217 131216 1145
131217 131218 2005
131243 131287 850
131218 131217 2005
131270 131287 1268
131287 131243 850
131287 131270 1268
131294 131253 1688
131253 131294 1688
131073 131211 1268
131211 131073 1268
131216 131217 1145
56384 56385 1212
56385 56384 1212
54029 54005 337
54037 54039 1414
54039 54037 1414
54005 54029 337
54087 54100 2353
54100 54087 2353
38158 38181 1533
37012 37016 1205
36988 36963 3171
37016 37012 1205
37018 37026 878
37026 37018 878
36963 36986 1866
36963 36988 3171
38181 38158 1533
36986 36963 1866
38379 38383 1578
38383 38379 1578
38339 38516 337
38516 38339 337
38516 38517 807
38517 38516 807
38517 38523 1008
38523 38517 1008
38822 38824 562
38824 38822 562
38831 38836 1946
38836 38831 1946
38926 38924 3595
38924 38926 3595
47610 47615 951
47615 47610 951
47620 47622 871
47622 47620 871
47347 47336 2056
47336 47337 1048
47336 47347 2056
47337 47336 1048
130599 130604 807
130604 130599 807
166
37134
37141
37167
37170
37185
37039
37047
38150
38158
37012
36988
37016
37018
37026
36963
38181
36986
36991
37127
38197
38200
38214
38379
38383
38490
38336
38339
38516
38517
38523
38822
38824
38831
38836
38892
38896
38864
38933
38929
38937
38926
38924
38784
38795
38797
38952
38787
41531
41538
41541
50328
47530
47582
47586
47589
47595
47630
47610
47615
47620
47622
47892
47895
47856
47877
47355
47878
47438
47347
47336
47337
47422
47437
47440
47430
130497
130498
47375
47376
130601
130599
130604
132376
130022
130035
130018
130016
130032
130540
130550
130569
130572
130594
130595
130475
130543
130544
130582
130639
130642
130652
130740
130745
130746
130797
130800
130829
130833
130839
131114
131119
131006
131004
131136
131223
131241
131287
131251
131253
131303
131068
131211
131216
132065
132107
132116
132156
132139
132178
132171
132537
132195
132198
132279
56402
56406
54038
56384
56385
56392
56418
56430
56436
56451
54029
54037
54005
54025
53997
54083
54087
54100
54263
50806
56457
54280
54069
54062
54075
54080
54245
54260
150755
150760
150770
150802
