436
82583 82582 1189
85111 85112 1056
82638 82639 1068
82638 82640 3753
82638 82644 2045
82638 82666 2463
82638 82688 1275
82689 82639 1697
82689 82688 905
82689 82691 854
82689 82692 1114
82693 82639 1114
82693 82692 1697
82693 82698 905
82693 91681 938
82596 82597 818
82596 82598 796
82645 82599 1980
82645 82643 1022
82645 82646 1360
90652 90651 2960
82076 82075 608
82255 82225 1171
82255 82267 613
82385 82384 1730
82390 82389 1069
82072 82071 419
82072 82084 2375
82072 82227 1089
82225 82224 2025
82225 82235 1729
82225 82243 1287
82225 82255 1171
84007 84006 1013
84007 84008 277
84007 84021 374
84012 84008 3240
84012 84013 943
84012 84022 338
84070 84071 242
84070 84088 113
84089 84088 910
84089 84090 787
84089 84091 820
84120 84118 621
84120 84121 472
84120 84178 1735
84122 84121 1110
84122 84123 688
84122 91535 1152
84141 84123 374
84142 84123 3346
84181 84178 419
84198 84183 650
84198 84197 699
84199 84184 608
84196 84194 419
84196 84195 1435
84196 84211 254
84196 84213 1460
84192 84193 849
84192 84194 714
84203 84194 508
84203 84202 678
82531 82529 1644
82531 82532 778
82531 84050 5913
84049 82532 6034
84049 84048 848
84049 84050 1004
82530 82529 1078
82530 82532 2497
82530 84062 1727
84062 82530 1727
84062 84063 1146
84062 84275 2361
84062 84277 753
84280 84275 1032
84280 84278 2098
84280 84449 2564
84280 84450 790
84453 84449 675
84167 84166 1675
84167 84168 680
84167 84169 750
84170 84169 1188
84170 84171 748
84170 84172 944
84164 84163 90
84164 84165 540
84164 84166 658
84014 84009 893
84014 84015 438
84014 84045 1478
84016 84009 1290
84016 84018 1032
84016 84045 818
84987 84985 463
84987 85041 1821
85042 84985 1257
85042 85040 1265
85042 85043 1623
84969 84967 502
84969 84970 1798
84969 85044 1309
85046 85045 920
85046 85047 916
85046 85057 1451
85060 85045 1410
85060 85057 1089
85060 85084 539
85529 85045 902
84995 84994 755
84995 84996 1162
84995 85004 1259
84995 85010 478
85000 84952 235
85000 84994 1205
85000 85005 293
85007 84996 549
85007 85008 481
85007 85010 1169
85007 85012 738
85015 85009 713
85015 85012 889
85015 85014 566
85001 84953 478
85001 84993 1440
85001 85002 1068
84951 84950 607
84951 84953 1068
84951 85002 478
84952 84950 985
84952 84953 755
84952 85000 235
82243 82225 1287
82243 82244 1869
82243 82256 1085
82250 82244 1013
82250 82251 753
82250 82256 2063
82644 82638 2045
82644 82646 1828
82644 82667 2059
82666 82638 2463
82666 82671 762
82688 82638 1275
82688 82687 854
82688 82689 905
82691 82687 905
82691 82689 854
82691 82690 423
82691 82705 1124
82692 82689 1114
82692 82693 1697
82692 82703 951
82692 82705 770
82698 82693 905
82698 82699 2717
82698 82700 931
82698 82703 1191
91681 82693 938
82598 82596 796
82599 82600 2153
82599 82645 1980
82599 82659 1976
82646 82644 1828
82646 82645 1360
82646 82658 438
82084 82072 2375
82084 82085 876
82084 82086 1899
82227 82072 1089
82235 82225 1729
82235 82233 1453
82235 82244 1280
82235 90977 683
84006 84005 1645
84006 84007 1013
84006 84030 753
84021 84007 374
84021 84019 1970
84021 84020 2446
84013 84010 1511
84013 84012 943
84022 84012 338
84022 84017 1032
84022 84020 438
84071 84070 242
84090 84089 787
84091 84089 820
84121 84120 472
84121 84122 1110
91535 84122 1152
84197 84198 699
84197 84212 741
84211 84196 254
84211 84202 756
84213 84196 1460
84213 84212 453
84213 84214 2796
84193 84192 849
84202 84200 1788
84202 84203 678
84202 84211 756
82532 82530 2497
82532 82531 778
82532 84049 6034
82532 84058 1014
84048 84026 680
84048 84049 848
84063 84058 5038
84063 84062 1146
84063 84263 1111
84063 84272 555
84277 84062 753
84277 84276 1033
84277 84279 338
84278 84279 338
84278 84280 2098
84278 84474 886
84450 84280 790
84450 84451 1617
84450 84455 978
84450 84474 2041
84168 84167 680
84171 84170 748
84172 84170 944
84163 84149 1294
84163 84151 1122
84163 84164 90
84165 84164 540
84009 84010 512
84009 84011 687
84009 84014 893
84009 84016 1290
84015 84014 438
84018 84016 1032
84018 84017 1396
84018 84019 1467
85041 84987 1821
85041 85040 551
85041 85044 7
85040 85041 551
85040 85042 1265
85040 85043 478
85043 84968 2090
85043 85040 478
85043 85042 1623
84967 84968 790
84967 84969 502
84967 85044 1550
85044 84967 1550
85044 84969 1309
85044 85041 7
85047 85046 916
85047 85048 1279
85047 85062 812
85057 85046 1451
85057 85056 559
85057 85058 1691
85057 85060 1089
85084 84979 950
85084 85060 539
85084 85083 5218
85004 84995 1259
85004 85003 1174
85004 85018 539
85010 84995 478
85010 85007 1169
85010 85011 755
85010 85018 1162
85005 85000 293
85008 85007 481
85012 85007 738
85012 85011 1259
85012 85013 478
85012 85015 889
85014 85013 985
85014 85015 566
85014 85017 552
85002 84951 478
85002 85001 1068
84950 84951 607
84950 84952 985
82244 82235 1280
82244 82243 1869
82244 82250 1013
82251 82250 753
82667 82644 2059
82671 82666 762
82687 82688 854
82687 82691 905
82690 82691 423
82705 82691 1124
82705 82692 770
82703 82692 951
82703 82698 1191
82699 82698 2717
82699 82700 2458
82700 82698 931
82700 82699 2458
82600 82599 2153
82659 82599 1976
82659 82658 2045
82658 82646 438
82658 82659 2045
82085 82084 876
82086 82084 1899
82233 82235 1453
90977 82235 683
84005 84006 1645
84030 84006 753
84019 84018 1467
84019 84020 1146
84019 84021 1970
84020 84019 1146
84020 84021 2446
84020 84022 438
84010 84009 512
84010 84013 1511
84010 84017 453
84017 84010 453
84017 84018 1396
84017 84022 1032
84212 84197 741
84212 84213 453
84214 84213 2796
84200 84202 1788
84058 82532 1014
84058 84063 5038
84026 84048 680
84263 84063 1111
84272 84063 555
84272 84276 556
84276 84272 556
84276 84277 1033
84279 84277 338
84279 84278 338
84474 84278 886
84474 84450 2041
84451 84450 1617
84455 84450 978
84149 84151 958
84149 84163 1294
84151 84149 958
84151 84163 1122
84011 84009 687
84968 84967 790
84968 85043 2090
85048 85047 1279
85062 85047 812
85056 85057 559
85058 85057 1691
84979 85084 950
85083 85084 5218
85003 85004 1174
85018 85004 539
85018 85010 1162
85011 85010 755
85011 85012 1259
85013 85012 478
85013 85014 985
85017 85014 552
82582 82583 1189
82582 85112 3933
85112 82582 3933
85112 85111 1056
82640 82638 3753
82640 82643 3372
82639 82638 1068
82639 82689 1697
82639 82693 1114
82597 82596 818
82643 82640 3372
82643 82645 1022
90651 90652 2960
82075 82076 608
82267 82255 613
82384 82385 1730
82389 82390 1069
82071 82072 419
82224 82225 2025
84008 84007 277
84008 84012 3240
84088 84070 113
84088 84089 910
84118 84120 621
84118 84178 1592
84123 84122 688
84123 84141 374
84123 84142 3346
84178 84118 1592
84178 84120 1735
84178 84181 419
84183 84184 929
84183 84198 650
84184 84183 929
84184 84199 608
84195 84196 1435
84194 84192 714
84194 84196 419
84194 84203 508
84050 82531 5913
84050 84049 1004
82529 82530 1078
82529 82531 1644
82529 84275 1163
84275 82529 1163
84275 84062 2361
84275 84280 1032
84449 84280 2564
84449 84453 675
84169 84167 750
84169 84170 1188
84166 84164 658
84166 84167 1675
84045 84014 1478
84045 84016 818
84985 84987 463
84985 85042 1257
84970 84969 1798
85045 85046 920
85045 85060 1410
85045 85529 902
84994 84995 755
84994 85000 1205
84996 84995 1162
84996 85007 549
85009 85015 713
84993 85001 1440
84953 84951 1068
84953 84952 755
84953 85001 478
82256 82243 1085
82256 82250 2063
73
82582
85112
82640
82639
82597
82643
90651
82075
82267
82384
82389
82071
82224
84008
84088
84118
84123
84178
84183
84184
84195
84194
84050
82529
84275
84449
84169
84166
84045
84985
84970
85045
84994
84996
85009
84993
84953
82256
82264
84950
82244
82671
82687
82705
82703
82700
82659
82233
90977
84005
84019
84212
84214
84200
84058
84026
84263
84272
84276
84474
84451
84455
84149
84151
85048
85056
85058
84979
85083
85003
85018
85013
85017
