50
60683 60707 553
60707 60683 553
59055 59052 1523
62717 62715 1225
62715 62717 1225
62759 62760 740
62760 62759 740
63578 63580 1162
63580 63578 1162
63582 63590 1742
63590 63582 1742
63590 63591 344
63591 63590 344
63602 63605 582
63605 63602 582
63568 63572 554
66182 66183 1353
66183 66182 1353
73185 64982 714
64982 73185 714
62159 62160 562
62160 62159 562
63560 63572 754
63572 63560 754
63572 63568 554
61828 61829 848
61812 61813 977
61813 61812 977
61851 61876 874
61876 61851 874
61878 61892 1486
61892 61878 1486
61829 61828 848
62327 61492 2007
61492 62327 2007
77125 77126 1988
77126 77125 1988
58370 58372 818
58372 58370 818
116787 116788 474
116788 116787 474
58794 58796 1010
58796 58794 1010
58823 58842 885
58842 58823 885
59263 59265 2651
59265 59263 2651
59448 59463 1675
59463 59448 1675
59052 59055 1523
157
170174
170162
159879
159886
159888
100626
116741
116769
58370
58372
58386
58421
116752
116787
116788
58703
58674
58688
58689
58790
58794
58796
58823
58819
58842
58843
76521
59263
59265
120103
59424
59429
59253
59255
59267
59284
59307
59325
59326
59443
59448
59463
59516
59529
59537
59543
59548
77684
58964
59369
59399
59549
77580
58215
58466
58508
56983
58489
58501
77507
58587
58566
58983
58986
59026
59034
59052
60616
60618
60620
60621
60666
60679
60707
60711
60801
58536
60765
60832
60808
60841
60825
60857
59055
59056
59120
59138
60859
60862
60874
61066
61061
61136
61131
62717
62792
62758
62759
63578
63580
63582
63591
63602
63569
63568
66174
66183
66280
66287
66299
73464
73168
73173
62159
62161
62163
62177
62156
62192
63559
63560
63572
61828
61759
61814
61756
61849
61851
61876
61878
61892
61922
61815
62137
62139
62088
62122
62110
62119
62116
58158
62340
62327
62328
61492
61525
62023
62345
62346
62347
78188
78868
78891
67459
57155
57204
57157
