40
120090 120149 1452
120149 120090 1452
59955 60101 2900
59928 59924 977
59924 59928 977
60101 59955 2900
60021 60090 747
60090 60021 747
62657 62659 885
62659 62657 885
77857 62693 470
62693 77857 470
63125 63197 792
63197 63125 792
63165 63183 1225
63183 63165 1225
63812 63813 344
63813 63812 344
64148 64149 1560
64149 64148 1560
65002 64999 831
64999 65002 831
64999 65007 1700
65007 64999 1700
65066 65069 877
65069 65066 877
64991 64992 874
64992 64991 874
170256 170264 1667
170264 170256 1667
116658 116654 837
116654 116658 837
116892 116893 1183
116893 116892 1183
119910 119909 949
119909 119910 949
59976 59978 1161
59978 59976 1161
59978 59979 688
59979 59978 688
166
73876
75546
75628
78389
75634
170256
170235
170264
159856
95892
96740
102320
102352
96759
96986
102491
96958
96998
97001
97114
97120
97018
97021
97309
100939
100941
100942
97345
100710
102359
103002
100999
101066
101058
100697
100741
100980
101962
101075
101081
100767
116405
116435
116357
116340
116345
116350
116352
116506
116522
116621
116659
116661
116658
116654
116673
116888
116892
116893
116906
119658
119665
119666
119707
119706
119820
119822
119724
119832
119910
119927
120142
120147
119839
119825
119881
119909
59976
77559
59978
59979
59986
60015
60017
120090
120081
120149
60445
60447
59942
59944
59928
60001
59924
60101
60012
60021
59774
59778
60209
77601
60270
59104
59215
59219
59237
59238
59665
62556
77745
62627
62634
62638
59658
59670
62647
62655
62659
62590
62621
62623
62961
62964
63071
62962
62967
63125
63127
63136
63171
63174
63041
63080
63051
63052
63121
63165
63183
63187
63190
64057
64097
63812
63813
64122
64148
64149
64408
64417
64416
64411
64410
64839
64900
63930
63933
63938
63941
63945
65002
65007
65066
65069
77446
62513
64992
