68
20233 20237 1344
20237 20233 1344
20269 20264 1306
20264 20269 1306
21105 21116 737
21116 21105 737
21119 21126 111
21132 21126 1408
20958 20956 1031
20956 20958 1031
21126 21119 111
21126 21132 1408
20942 20983 1944
20983 20942 1944
20987 21049 1410
21049 20987 1410
21049 21050 975
21050 21049 975
21062 21065 2145
21065 21062 2145
21240 21093 1188
21240 21241 1533
21241 21240 1533
25927 21398 168
25927 25880 688
25880 25878 951
25880 25927 688
25878 25880 951
25886 25885 452
25886 25888 629
25888 25886 629
21398 25927 168
25885 25886 452
25910 25913 2005
25913 25910 2005
25925 25922 1022
25922 25925 1022
27927 27910 398
27910 27927 398
27937 27938 336
27938 27937 336
27990 28007 1398
21093 21240 1188
21095 21335 1398
21335 21095 1398
28007 27990 1398
51607 51606 279
51606 51607 279
32042 32044 1306
32044 32042 1306
32051 32070 1607
32070 32051 1607
32091 32094 2572
32094 32091 2572
7056 7058 865
7058 7056 865
7541 14761 4556
14761 7541 4556
15491 15483 1408
15483 15491 1408
15653 15688 1357
15688 15653 1357
19775 19777 1084
19777 19775 1084
21575 21576 259
21576 21575 259
20142 20140 983
20140 20142 983
167
30141
30197
19901
30066
30139
32007
32009
32024
32042
32044
32051
32070
32086
32091
32094
32133
32143
34734
7000
32208
32207
32217
32195
7056
7058
7003
7422
7426
7494
7501
7518
7519
7541
7568
14761
14826
14827
14764
14913
14923
14943
15154
15162
15439
15460
15491
15483
15489
15492
15507
15648
15653
15688
15652
15702
15706
15660
15677
15508
15565
15576
15658
234235
15694
16112
16119
16100
16117
19590
19750
19768
19775
19777
19867
19935
19943
21514
21521
21549
21550
21559
21575
21576
20203
20142
20140
20178
20179
20214
20022
20151
20163
20227
20083
20233
20079
20237
19514
20074
20058
20269
20277
20264
21105
21116
21119
21132
20956
20989
20973
21111
21115
21129
20938
20942
20983
20987
21050
21053
21062
21065
21086
21089
21084
21098
25877
25878
21350
21362
25883
25885
25905
25910
19625
25925
25922
26033
26053
27923
27910
27931
27938
27985
21093
21095
21321
21324
21328
28007
28035
28038
28122
51116
56593
56662
51548
51566
51569
51570
51612
51644
51645
51657
52617
52659
51671
52604
