74
203638 203641 779
203639 203654 1487
203641 203638 779
203654 203639 1487
203748 203967 698
203967 203748 698
203972 203974 797
207418 207421 775
207421 207418 775
207421 207423 670
207437 207440 1085
207440 207437 1085
207434 207442 289
207442 207434 289
207160 207159 816
207160 207164 473
207164 207160 473
207423 207421 670
207423 207914 817
207914 207423 817
207947 207980 1812
207980 207947 1812
208261 208240 605
208270 208327 867
208240 208261 605
208327 208270 867
210544 210545 694
210563 208353 955
208353 210563 955
210545 210544 694
178764 178766 1177
178766 178764 1177
178766 178767 2449
178767 178766 2449
178747 178748 697
178748 178747 697
163248 163226 589
163226 163247 1505
163226 163248 589
163247 163226 1505
184953 185004 709
185004 184953 709
166251 166276 766
166276 166251 766
142175 142168 756
142172 142171 756
142171 142172 756
142171 142173 846
142168 142175 756
142173 142171 846
190544 190545 1129
190545 190544 1129
196677 196679 1747
196679 196677 1747
204313 204314 1668
204314 204313 1668
204338 204380 608
204380 204338 608
204383 204385 901
204385 204383 901
207178 207179 695
207179 207178 695
207210 207214 710
207214 207210 710
207254 207256 734
207159 207160 816
207227 207226 665
207226 207227 665
207251 207228 901
207228 207251 901
207256 207254 734
151313 151309 869
151309 151313 869
203974 203972 797
171
142216
142357
141429
141430
142387
141426
142175
142179
142227
142201
142221
142219
141511
146923
151905
151961
141667
151821
142172
142171
141832
141688
141693
142168
142170
142173
55948
56024
56025
56051
56082
56185
56192
56207
56257
56293
56223
56299
190544
190539
190545
196677
196679
196684
197258
204080
204286
204297
204313
204314
204338
204380
204383
204385
207178
207196
204398
207200
207179
207199
207210
207214
207254
207146
207159
207220
207227
207226
207251
207228
207252
207256
196912
196885
196929
196931
145969
145972
145980
145999
146009
151313
151310
151309
203992
204050
204066
204083
204079
203905
203974
203984
203598
203639
203641
203654
203670
203748
203967
203969
207448
207418
207449
207421
207483
194522
207377
207435
207437
207440
207434
207442
207525
214715
207164
207167
207470
207355
207481
207492
207914
207923
207942
207947
207980
208036
208059
208256
208261
208265
208270
208280
208282
208238
208327
208329
208348
210563
208353
208358
210545
210571
210589
210650
210654
178764
178666
178743
178874
178800
178872
177553
177541
163641
163226
163654
166347
163651
163247
166182
184957
184979
185007
185009
184999
185047
184953
166241
166251
166276
166269
