122
258047 258048 163
258052 258054 1719
258048 258047 163
258054 258052 1719
258969 258971 2190
258971 258969 2190
244490 244494 308
244494 244490 308
247185 247188 243
247188 247185 243
247189 247209 552
247209 247189 552
244212 244218 286
244218 244212 286
243995 243994 2708
243994 243995 2708
244193 244194 1053
244194 244193 1053
244042 244081 157
244082 244081 1014
247313 247312 552
239288 247329 383
247335 247338 2372
247337 247338 1119
247410 247338 1084
247336 247403 393
247436 247435 610
247706 247437 1727
247714 247715 1012
247714 247716 805
247715 247714 1012
247715 247716 649
247715 247718 1114
247718 247715 1114
247718 247717 825
247760 247775 1360
247776 247775 587
247773 247772 728
261577 261576 980
258446 258445 604
258455 258445 1874
258455 258457 733
258458 258456 851
258463 258457 838
258454 258452 1348
247900 247915 351
247779 247782 1542
258526 258517 749
262295 258517 1021
262298 258518 142
258509 258510 1012
258566 258565 1343
258569 258565 1898
258570 258565 1161
258583 258584 736
258583 258586 1084
258582 258586 675
258582 258587 336
258587 258582 336
258587 258588 649
258589 258588 746
263584 258613 1093
263584 258614 1139
263585 258614 1409
260514 260509 749
264119 260509 1285
264119 261180 841
260545 260544 473
244081 244042 157
244081 244082 1014
247312 247313 552
247329 239288 383
247338 247335 2372
247338 247337 1119
247338 247410 1084
247403 247336 393
247435 247436 610
247435 247437 1398
247437 247435 1398
247437 247706 1727
247716 247714 805
247716 247715 649
247717 247718 825
247775 247760 1360
247775 247776 587
247772 247773 728
261576 261577 980
258445 258446 604
258445 258455 1874
258456 258458 851
258457 258455 733
258457 258463 838
258452 258454 1348
247915 247900 351
247782 247779 1542
258517 258526 749
258517 262295 1021
258518 262298 142
258510 258509 1012
258565 258566 1343
258565 258569 1898
258565 258570 1161
258584 258583 736
258586 258582 675
258586 258583 1084
258588 258587 649
258588 258589 746
258613 263584 1093
258614 263584 1139
258614 263585 1409
260509 260514 749
260509 264119 1285
260544 260545 473
261180 264119 841
260253 260256 838
260256 260253 838
257173 257190 1305
257190 257173 1305
257232 257234 1609
257234 257232 1609
264194 262659 977
262659 264194 977
160
244081
247312
247329
247338
247403
247435
247437
247716
247717
247775
247772
261576
258445
258456
258457
258452
247915
247782
258517
258518
258510
258565
258584
258586
258588
258613
258614
260509
260544
256142
256136
260206
256600
260231
256604
262222
262225
256636
260146
260501
261180
256650
260253
260256
255005
255076
254997
255257
262481
262482
255298
255096
255126
255155
255139
262350
262332
257170
257173
257190
257213
257232
257234
257241
257280
258780
258787
258744
258789
263717
263351
258818
262660
264194
258741
262659
257890
257901
257906
257902
258018
258021
258029
258030
258052
262067
262062
258013
258042
258969
258971
262771
258130
239196
240597
239159
239166
239201
239206
243678
243785
244432
244374
244433
243583
243586
243762
243692
243800
244490
244494
245431
245464
247188
247189
247211
247209
263802
243950
243941
244212
244218
243971
243994
244385
244386
244383
244331
244392
244193
261659
244042
244082
247313
239288
247335
247337
247410
247336
247706
247714
247718
247760
247776
247773
258446
258455
258458
258454
247900
262295
258509
258570
258583
258587
258589
263584
263585
260514
260545
