82
28396 28388 1364
28397 28388 905
28818 28810 1353
28818 28817 983
28810 28818 1353
24387 24397 946
24397 24387 946
24404 24519 788
24519 24404 788
24519 24521 672
28817 28818 983
24521 24519 672
24559 24573 676
24573 24559 676
24630 24631 738
24631 24630 738
188592 188591 769
189014 189018 2319
189018 189014 2319
189023 189024 802
189024 189023 802
188591 188588 810
188591 188592 769
189218 189220 876
189220 189218 876
190767 190826 638
190771 190769 81
190771 190826 147
190826 190767 638
190826 190771 147
188589 188515 2736
188589 190526 724
188588 188591 810
189021 188515 805
188446 188471 2745
188515 188589 2736
188515 189021 805
190526 188589 724
188629 188630 917
188631 188630 801
188630 188629 917
188630 188631 801
188471 188446 2745
188517 188474 794
188474 188517 794
187094 190605 465
190605 187094 465
190769 190771 81
199199 199206 899
199206 199199 899
199209 199245 1502
199245 199209 1502
199245 199249 824
199249 199245 824
199306 199451 1668
199451 199306 1668
22375 22447 556
22447 22375 556
22227 22225 756
22225 22227 756
22689 22690 806
22689 22696 1025
22696 22689 1025
22869 22870 588
22870 22869 588
22891 22895 562
22895 22891 562
22690 22689 806
22816 22815 847
22815 22816 847
22815 22820 847
22820 22815 847
22977 22978 1426
22978 22977 1426
23153 23139 649
23139 23153 649
28277 28284 344
28284 28277 344
28298 28388 1280
28388 28298 1280
28388 28396 1364
28388 28397 905
170
15974
15973
16373
16576
16584
16232
16598
16617
16674
16859
16865
16867
21619
11239
22345
22375
22447
11265
22448
11254
11356
22396
22390
11278
22424
22413
22466
22126
22124
22120
22121
22227
22233
22225
22251
22260
22262
22041
22207
22689
22696
22862
22869
22870
22891
22895
22900
22894
22908
22690
22039
22040
22743
22750
22816
22815
22820
22977
22978
22845
22860
23194
23195
23169
23153
23160
23139
28206
28277
28205
28210
28284
28286
28239
28280
28290
28298
28388
28397
28415
28416
28459
28789
28810
28794
24130
24393
24387
24403
24404
28819
28847
27398
24559
24573
24576
24630
24631
24634
24660
24663
25208
20107
24781
188592
189018
189023
189024
189049
189054
188591
189206
189218
189220
189264
190767
190771
188588
189021
188436
188428
186833
188515
188507
189041
189083
189103
189146
189077
189088
189082
189108
189101
189105
189112
188603
188617
188629
188627
188631
188826
188630
188764
188769
190641
188471
188467
188475
190646
189311
187094
187283
187295
190769
189305
189608
189613
199200
199274
199280
199199
214726
199205
199245
199249
199255
199451
199453
199484
214335
