68
174442 174464 373
174464 174442 373
210974 210910 1548
210910 210974 1548
211040 211049 640
211049 211040 640
211094 211091 846
211765 211772 760
211772 211765 760
211772 211774 539
211774 211772 539
211774 211775 1196
211775 211774 1196
211775 211788 901
211091 211094 846
211788 211775 901
163508 163509 710
163745 163744 842
163744 163745 842
163678 163677 452
163677 163678 452
163803 163804 782
163804 163803 782
162972 162953 1901
163509 163508 710
163453 163454 758
163454 163453 758
162769 162771 139
162957 162976 1228
162976 162957 1228
162953 162972 1901
162771 162769 139
164285 164283 552
164283 164285 552
164282 164279 581
164031 164035 1017
164035 164031 1017
164206 164202 1145
164279 164282 581
164202 164206 1145
164110 164112 537
164112 164110 537
164122 164124 1255
164124 164122 1255
212372 212375 787
212375 212372 787
212378 212388 745
212388 212378 745
212389 212396 727
212396 212389 727
176370 176371 373
176364 176359 373
176371 176370 373
176359 176364 373
185099 185098 683
185098 185099 683
174545 174643 2032
174643 174545 2032
174740 174732 758
174732 174730 682
174732 174740 758
174730 174732 682
175280 174744 842
174744 175280 842
175397 175403 890
175403 175397 890
175512 175511 2559
175511 175512 2559
174
180512
180790
180529
180558
180542
182395
182451
182513
182516
182418
182448
181971
181974
182006
182247
182521
182527
182519
182490
182525
172471
173740
173746
182622
182561
185176
152201
152239
152208
152178
152187
176358
176304
176370
176372
176364
176371
176359
152224
152226
185099
185098
185122
173967
174790
173649
173810
173897
173777
174518
174545
174643
174677
174740
174670
174663
174665
174732
174730
175201
175216
186025
175281
175279
174287
174288
175288
175294
175280
174744
175236
175239
175243
175391
175397
175403
175227
175433
175441
175703
175709
175744
175742
175738
175645
174985
175512
185793
175511
175542
175624
175677
175683
175637
175646
175689
174441
174448
174467
174526
174456
174465
174541
174464
210846
210857
210974
210910
210912
211040
211044
211094
211099
211765
211048
211073
211077
211091
211788
211806
211808
163508
163526
163531
163545
163619
163740
163499
163745
163744
163768
163678
163713
163677
163684
163803
163685
163804
162972
163453
163464
163023
163454
162769
162976
162953
162771
164014
164285
164102
164092
164047
164173
164031
164206
164279
164191
164202
164196
164276
164110
164112
164153
164122
164127
164124
164130
212372
212375
212378
212388
212389
212396
214697
