46
7785 7811 566
7811 7785 566
7751 7840 865
7840 7751 865
226059 226055 432
226055 226059 432
14576 14594 1276
14594 14576 1276
8218 8220 2334
8220 8218 2334
8220 8235 1072
8235 8220 1072
8786 8787 759
8787 8786 759
8794 8793 885
8793 8794 885
16663 16668 1909
16668 16663 1909
16668 16682 1214
16682 16668 1214
11275 11276 1222
11287 22432 344
22432 11287 344
22454 22439 930
22439 22454 930
11276 11275 1222
22493 22494 238
22494 22493 238
22575 22574 905
22574 22575 905
227741 227743 1770
227743 227741 1770
227865 227880 1628
227880 227865 1628
226812 234126 2294
234126 226812 2294
235611 235595 1217
235595 235611 1217
227033 227040 1445
227040 227033 1445
227243 227254 1445
227473 227479 335
227479 227473 335
227483 227502 2472
227502 227483 2472
227254 227243 1445
161
227741
227743
227748
235592
227869
227842
227865
227880
227651
227902
227638
227909
227876
233954
235536
233942
233962
233938
233999
234087
234197
234198
234193
226812
226813
234126
226844
234145
234369
234160
226838
235611
235595
235598
227033
227040
227048
227071
227081
226999
226979
227129
227173
227175
227242
227243
227252
227001
227255
227473
227479
227483
227502
227537
227620
227634
227631
227254
6660
6715
6738
6739
6800
6809
6816
6818
6824
7216
7223
7629
7617
7623
7767
20800
7773
6513
7811
7816
7742
7840
34198
226066
225891
234451
235035
226043
234402
225934
225746
225750
225744
225779
225736
225717
225729
225733
225649
225664
225748
225651
226059
226039
226055
226411
14576
14594
7860
8218
8235
8238
8268
8241
8300
8325
8344
8716
8348
8786
8787
8793
8802
15878
16330
16357
16359
16370
16393
16440
16640
16432
16631
16657
16663
16637
16673
16692
16733
16842
16843
9787
22333
22338
22298
11275
11438
11287
11295
22432
22433
22439
22441
22481
11285
11276
22493
22489
22519
22523
22575
22516
22574
