66
180796 180797 932
180797 180795 2596
180797 180796 932
180542 180575 1592
180575 180542 1592
182449 182448 1103
182448 182449 1103
182490 182619 1085
182619 182490 1085
152208 152209 1494
152209 152208 1494
176370 176371 373
176364 176359 373
176371 176370 373
176359 176364 373
185099 185098 683
185098 185099 683
185098 185129 1225
185114 185122 2804
185122 185114 2804
174545 174643 2032
174643 174545 2032
174740 174732 758
174732 174730 682
174732 174740 758
174730 174732 682
174705 174706 810
174705 175201 738
175201 174705 738
174706 174705 810
175280 174744 842
174744 175280 842
175236 175237 2873
175239 175238 1533
175238 175239 1533
175209 175210 1115
175210 175209 1115
175210 175391 605
175391 175210 605
175397 175403 890
175237 175236 2873
175403 175397 890
175512 175511 2559
175511 175512 2559
207598 207565 285
207565 207598 285
207552 207556 1011
207556 207467 1133
207556 207552 1011
207467 207556 1133
207522 207580 779
207580 207522 779
207996 208043 884
208043 207996 884
210585 210584 709
210584 210585 709
208445 210685 624
210685 208445 624
185070 185067 610
185067 185070 610
185129 185098 1225
166340 166339 1184
166339 166340 1184
166848 185061 1032
185061 166848 1032
180795 180797 2596
168
207598
207597
207565
207550
207552
207556
207959
207467
207536
207566
207555
207503
207516
207522
207580
207590
207604
207967
207986
207988
207996
208043
208134
208150
208156
208365
208375
208370
208371
208391
208338
208421
210585
210584
210683
208345
208440
208445
210685
210686
210599
178672
178687
178734
178740
177534
180273
163674
163707
163708
163717
184950
185073
185070
185067
185129
185134
163692
166356
166595
166340
166339
166346
160138
166853
166889
166839
166848
185061
163688
180766
180795
180512
180790
180529
180558
180542
182395
182451
182513
182516
182418
182448
181971
181974
182006
182247
182521
182527
182519
182490
182525
172471
173740
173746
182622
182561
185176
152201
152239
152208
152178
152187
176358
176304
176370
176372
176364
176371
176359
152224
152226
185099
185098
185122
173967
174790
173649
173810
173897
173777
174518
174545
174643
174677
174740
174670
174663
174665
174732
174730
175201
175216
186025
175281
175279
174287
174288
175288
175294
175280
174744
175236
175239
175243
175391
175397
175403
175227
175433
175441
175703
175709
175744
175742
175738
175645
174985
175512
185793
175511
175542
175624
175677
175683
175637
175646
175689
