80
48073 48074 972
48144 48074 2107
48144 48145 866
47888 47885 811
47888 47916 1338
47885 47888 811
47916 47888 1338
47947 47966 807
47966 47947 807
47966 47950 1624
47966 47968 711
47968 47966 711
47968 47969 789
47968 47974 2564
47973 47974 747
47969 47968 789
47974 47968 2564
47974 47973 747
47953 47950 1345
47960 47955 932
47950 47953 1345
47950 47966 1624
47955 47960 932
47998 47997 751
48074 48073 972
48074 48144 2107
48145 48144 866
48156 48162 1056
48162 48156 1056
47406 47408 697
47408 47406 697
47474 47985 2283
47985 47474 2283
47997 47998 751
130723 130724 1438
130724 130713 436
130724 130723 1438
130713 130724 436
130793 130878 1357
130878 130793 1357
130881 130883 475
130883 130875 924
130883 130881 475
130875 130883 924
130849 130897 928
130897 130849 928
131162 131163 796
131163 131162 796
131186 131190 782
126182 131277 1225
131277 126182 1225
131190 131186 782
131606 131622 1857
131622 131606 1857
131622 131628 1631
131628 131622 1631
131720 131723 890
131723 131720 890
54236 54281 606
54281 54236 606
54281 54283 1477
54283 54281 1477
54283 54284 976
54284 54283 976
39110 39112 672
39112 39110 672
37161 37158 1063
37110 37112 1565
37112 37110 1565
37158 37161 1063
38509 38554 788
38554 38509 788
41552 38975 1323
38975 41552 1323
47651 47648 2454
47730 47738 735
47740 47738 871
47738 47730 735
47738 47740 871
47648 47651 2454
160
39105
39101
39102
39110
39112
39255
39254
39259
39264
39270
37161
37203
37101
37110
37112
37072
37087
37096
37082
37075
37080
38188
38192
37158
37206
38194
38349
38351
38388
38391
38390
38440
38443
38446
38547
38497
38506
38509
38554
38575
38574
38579
38877
38879
38880
40657
40653
40663
40675
40688
40691
38990
38998
38999
38963
39012
38967
41552
38975
38976
41557
47779
47653
47657
47651
47723
47725
47730
47740
47738
47648
47749
47754
48055
48058
48072
47924
47928
47929
48070
48020
48144
47886
47885
47945
47947
47940
47953
47955
47992
47983
48145
48156
48162
130527
47406
47408
47460
47462
47474
47985
130528
130717
130763
130607
130749
130780
130777
130793
130860
130859
130878
130881
130875
130886
130874
130890
130849
130900
131156
131155
131162
131163
131164
131177
131181
131271
131273
131277
131190
131527
131529
131550
131571
131606
131622
131628
131711
131637
131718
132165
132205
132208
132221
132251
132258
132260
132272
54151
54150
54158
54236
54281
54111
54116
54120
54237
54240
54250
54736
