44
80107 80106 3560
80106 80107 3560
80255 80254 2884
80254 80255 2884
80407 80988 3011
80385 80367 2578
80385 80384 1291
80384 80385 1291
80367 80385 2578
117068 117067 740
117478 117481 1257
61213 61220 376
61213 61220 376
116987 116989 3112
116989 116987 3112
118358 118355 663
118355 118358 663
117067 117068 740
117481 117478 1257
117481 117484 942
117484 117481 942
61220 61213 376
61220 61213 376
90191 90207 796
90207 90191 796
90312 90311 761
90311 90312 761
90296 90297 602
90297 90296 602
80992 80956 993
80956 80954 1222
80956 80992 993
80988 80407 3011
80954 80956 1222
86041 85881 2218
85881 86041 2218
85440 85435 793
85435 85440 793
79541 79538 1781
79132 84826 1239
84826 79132 1239
79538 79541 1781
79829 79842 3129
79842 79829 3129
156
81686
81820
81892
81890
81897
81904
81883
85478
85722
85598
85798
86041
86043
86070
86095
91084
82677
85874
85881
86015
83922
85399
85440
85435
85438
85428
85457
89738
89917
90529
85227
90324
89922
90340
79173
79156
79639
79634
79640
79541
79132
84826
79124
79504
79485
91189
79530
79507
79127
79511
79538
79594
79675
79631
79668
79739
79859
79881
79888
79810
79829
79842
79838
79845
79872
80009
79850
79853
80021
80035
80057
80107
80174
80296
80378
80106
80305
80255
80254
80407
80260
80997
80384
80387
80396
80190
80335
80343
80348
80353
80367
162325
162327
117018
117345
117390
117478
117394
61213
117342
116976
116987
118407
116995
117001
118338
118358
118360
118370
118422
118355
118366
117067
118447
118414
117397
61223
61231
117485
61304
61305
60905
60633
60639
80523
87885
87921
87926
87922
90191
90207
90269
87862
89894
90307
90311
90276
90284
90297
90299
89734
83760
90330
90449
90345
91236
89901
90321
80964
91644
80986
80992
81014
80914
80956
80954
