54
177774 177773 1512
177773 177774 1512
153944 154727 1687
154727 153944 1687
154727 153970 782
154775 154774 337
153970 154727 782
154780 154779 276
154774 154775 337
154779 154780 276
154809 154810 1032
154810 154809 1032
154913 154912 698
154912 154913 698
154930 155165 818
155165 154930 818
157254 157250 2334
157284 157283 421
157283 157284 421
157213 157610 782
157606 157607 674
157610 157213 782
157607 157606 674
157245 157248 1204
157250 157254 2334
157248 157245 1204
178296 178333 1768
178333 178296 1768
178581 178582 604
178582 178581 604
148550 148659 767
148666 148667 861
144166 144167 278
144167 144166 278
148667 148666 861
148659 148550 767
148659 148660 831
148660 148659 831
146236 146237 1044
146237 146236 1044
146230 146377 1809
146377 146230 1809
143059 143058 479
143058 143059 479
148193 148195 719
148195 148193 719
146411 146417 2267
146538 146539 827
146417 146411 2267
146539 146538 827
149957 149960 414
149960 149957 414
168583 168584 1367
168584 168583 1367
169
148468
148573
148579
148589
148413
144042
144105
144104
144119
144120
144124
148548
148550
148553
144078
148666
144165
144166
144167
148667
148659
148660
146236
146237
146252
146291
146230
146377
151243
142924
142929
142936
142940
142953
143059
143058
143062
143086
143095
143103
143131
143165
147618
148136
148173
148139
148149
148159
148184
148193
148195
148335
148339
212642
212654
212625
146386
146388
146411
146538
146417
146528
146539
146726
143429
146723
146747
146758
146769
149943
149954
149957
149960
149970
149939
149941
149948
149976
150378
150384
150386
153692
152101
152100
168260
168269
167782
162482
168583
168584
168536
168567
172534
168493
174753
177774
177786
179800
177773
177831
153764
153778
153781
153908
153802
153905
153165
153932
153944
157367
157353
157362
157414
157356
157239
157143
157237
157238
154699
154881
154775
154785
153970
154756
154780
154779
154793
154696
154897
154809
154884
154810
154818
154819
154825
154912
154924
154918
154930
154932
154934
155193
155165
155230
155259
157254
157284
157283
157223
157213
157606
157610
157607
155359
157625
155362
157250
157346
157370
157347
177877
178296
178333
178355
178581
178582
178397
178351
178347
