88
247204 247214 1333
247214 247204 1333
247248 247249 1031
247248 247252 1525
247252 247248 1525
247249 247248 1031
244216 244201 750
244201 244216 750
247406 247408 1084
247408 247406 1084
247445 247446 2039
247446 247445 2039
247754 247755 696
247755 247754 696
247909 247908 222
247908 247909 222
247912 247903 1225
247903 247912 1225
258585 258609 713
258609 258585 713
260511 260513 272
260513 260511 272
260524 260525 818
256601 260230 1506
260230 256601 1506
256605 262221 1364
262223 262221 651
256637 261624 77
260139 260138 743
260140 260138 1519
260142 260141 129
260143 260141 738
260508 260504 2067
256649 256645 679
256643 256644 525
260255 256644 689
260499 260500 493
260525 260524 818
260525 260526 2410
255009 255010 2849
255084 255014 5231
254999 255001 286
255258 255267 397
255003 255002 5817
255274 255002 1293
255276 255271 1288
255278 255319 1907
255098 255143 2732
255144 255143 1385
262440 255148 226
262443 255148 662
262221 256605 1364
262221 262223 651
261624 256637 77
260138 260139 743
260138 260140 1519
260141 260142 129
260141 260143 738
260504 260508 2067
256645 256644 815
256645 256649 679
256644 256643 525
256644 256645 815
256644 260255 689
260500 260499 493
260526 260525 2410
255010 255009 2849
255014 255084 5231
255001 254999 286
255267 255258 397
255267 255271 1560
255002 255003 5817
255002 255274 1293
255271 255267 1560
255271 255276 1288
255319 255278 1907
255143 255098 2732
255143 255144 1385
255148 262440 226
255148 262443 662
257175 257176 604
257176 257175 604
5601 5605 1532
5605 5601 1532
258067 258066 487
258066 258067 487
258148 258144 2205
258144 258148 2205
155
262221
261624
260138
260141
260504
256645
256644
260500
260526
255010
255014
255001
255267
255002
255271
255319
255143
255148
255142
262183
255175
257175
260549
257176
257227
257274
257272
257223
5593
5601
5605
258848
258858
258870
258807
258821
258703
258739
257893
258700
257909
258715
258025
240528
240556
262035
262038
262047
258041
258060
258970
258067
258066
257959
258127
258129
258148
239205
258144
258225
243779
244342
244423
244424
244346
244367
244438
244440
243754
243766
243786
243699
243756
243803
243806
244486
244493
244526
243808
247186
247195
247204
247214
247218
247254
247274
243947
244012
244013
244216
244217
243984
244002
243982
244004
244282
244378
244379
244202
244268
243945
244224
247324
247330
247332
247408
247442
247445
247446
247754
247755
247766
247491
247771
247770
247892
258444
258449
247909
247904
247903
258516
258513
258563
258597
258585
258609
258612
260511
260513
260524
259962
256137
260208
256598
260230
256605
262223
256637
260142
260143
260508
256649
260255
260499
255009
255084
254999
255258
255274
255278
255098
255144
262440
262443
