102
203435 203436 781
203498 203477 2025
203521 203525 894
203477 203498 2025
203525 203521 894
205702 205704 1278
205704 205702 1278
205704 205705 337
203468 203469 691
203469 203468 691
202559 202562 825
202559 202564 1577
202561 202562 875
202561 202654 1224
202654 202561 1224
202562 202559 825
202562 202561 875
202562 202563 664
202714 202715 143
202715 202714 143
202563 202562 664
202564 202559 1577
202716 202720 1552
202720 202716 1552
202738 202740 612
196134 196119 474
196118 196117 622
196119 196117 2428
196119 196134 474
196131 196116 870
196116 196131 870
197080 196554 1799
196554 197080 1799
197117 197119 660
197081 197082 670
197119 197117 660
197082 197081 670
197102 197121 705
197121 197102 705
197128 197129 1181
197129 197128 1181
197129 197132 164
197132 197129 164
205983 214376 4392
205891 205893 692
205893 205891 692
205705 205704 337
205744 205752 1695
205763 205923 1531
205752 205744 1695
205923 205763 1531
214376 205983 4392
205915 206579 1044
206579 205915 1044
214825 215092 917
194983 195322 349
195322 194983 349
215092 214825 917
206831 206839 943
206839 206831 943
206844 206874 1100
206874 206844 1100
206874 206878 1604
209206 209205 993
209205 209204 1265
209205 209206 993
209204 209205 1265
209207 209202 163
209181 209202 2445
209202 209181 2445
209202 209207 163
206878 206874 1604
187140 187162 411
187162 187140 411
55772 55775 871
55775 55772 871
55870 55886 790
55886 55870 790
189806 189801 1394
189801 189806 1394
190179 190236 460
190236 190179 460
195092 195090 817
195090 195092 817
195305 195758 1671
195758 195305 1671
195460 195461 839
195461 195460 839
195461 195740 766
195740 195461 766
195806 195827 1536
195827 195806 1536
196117 196118 622
196117 196119 2428
202740 202738 612
203229 203245 2000
203245 203229 2000
203436 203433 1215
203436 203435 781
203303 203304 539
203304 203303 539
203433 203436 1215
166
186671
186693
186775
186796
186797
186801
186816
186821
187131
186929
186907
187138
186924
187140
140632
140649
140634
140637
187162
52830
55712
55719
55722
55727
55736
55737
55798
55809
55756
55760
55763
55772
55775
55870
55886
55891
56542
55882
56547
56549
50662
56574
56566
189806
190170
189801
186269
190197
190253
190179
190205
190236
195092
195090
195117
195262
195263
195304
195305
195737
195758
195296
195460
195461
195740
195766
195806
195808
195840
195839
196005
195827
196025
196117
202740
202747
203145
203229
203245
203291
203294
203436
203437
203438
203303
203304
203433
203435
203498
203501
203521
203477
203525
205677
205702
203454
203467
203469
202510
202712
202715
202564
202659
202674
202716
202720
196118
196131
196116
196534
215127
196554
197117
197081
197102
197103
197121
197128
197132
197133
202513
205854
214961
205981
205983
206001
205893
205705
205744
205754
205763
205752
205923
205924
205911
205915
206579
206602
206585
206599
214825
194983
195322
206831
206839
206844
206874
209189
209199
209204
209181
202447
206878
180974
180992
180206
180941
180933
180937
180989
181159
181161
181165
181173
181170
181188
