52
230804 230805 1374
230805 230804 1374
232281 232279 503
232421 232494 2137
232494 232421 2137
232494 232562 402
232562 232494 402
10016 10020 758
10020 10016 758
10751 10752 705
10752 10751 705
10790 10781 455
10781 10790 455
10893 10894 1973
10894 10893 1973
11019 11040 314
11040 11019 314
11078 11080 967
11080 11078 967
11080 11081 1796
11081 11080 1796
248914 248905 1196
248914 248932 1175
248932 248914 1175
248905 248914 1196
132636 132649 910
132649 132636 910
139595 132689 1412
132702 132695 1545
132689 139595 1412
132695 132702 1545
133665 133667 950
133667 133665 950
137408 137409 1955
137409 137408 1955
235661 235665 495
235665 235661 495
230618 230623 1178
231131 231130 1924
231130 231131 1924
231373 231375 355
231375 231373 355
231382 231385 761
231385 231382 761
231385 232959 837
231366 231368 927
231368 231366 927
232959 231385 837
232983 232984 4424
232984 232983 4424
230623 230618 1178
232279 232281 503
155
133733
133663
133665
133658
133667
133696
133703
133717
133782
133829
133846
133986
133998
134012
137293
137300
137299
137335
137336
137349
137366
137408
138268
138276
137409
138718
235661
235665
235770
235788
235793
235296
231416
231453
231489
230517
230586
230618
231645
230569
231120
231121
231131
231172
231130
231138
230473
230456
230476
230478
231435
231373
231375
231382
231385
231366
231368
232959
231421
231443
232983
232958
233018
233023
232984
234328
234353
230623
231783
230759
230733
230415
230407
230419
232273
232279
230605
230608
230822
230830
230804
230805
230837
232243
232250
232286
232257
232262
9365
9374
9912
232421
232562
232565
232589
9981
10011
10020
10041
10744
10751
10752
10773
10777
10783
7725
10854
10820
10881
10882
11155
34949
11028
10894
11043
10918
10922
10977
11081
11096
34825
11122
11124
14262
35104
35105
14333
14306
13483
13506
13509
13587
13590
14004
14020
14130
14151
14149
14205
248932
248843
248905
248841
248849
248994
132636
132639
132649
132607
132698
139600
132690
132683
132695
132777
