52
228872 228846 2356
8094 8100 1730
8094 8109 4007
8100 8094 1730
8109 8094 4007
8132 8137 1182
8137 8132 1182
16068 16069 476
16069 16068 476
8165 8156 723
8156 8165 723
8430 8426 119
8426 8430 119
9599 9600 1129
9600 9599 1129
16885 16886 2209
16886 16885 2209
9705 9741 1127
9741 9705 1127
9730 9806 487
9806 9730 487
16811 16813 721
16813 16811 721
9882 9884 1620
9884 9882 1620
12419 12421 1494
12421 12419 1494
12605 12607 1114
12602 12603 475
12607 12605 1114
12603 12602 475
12417 12432 2468
12432 12417 2468
228159 228160 1753
228160 228159 1753
228521 228490 1904
228490 228521 1904
228143 228146 507
228146 228143 507
228194 228664 251
228664 228194 251
228189 228188 344
228188 228189 344
228209 228211 335
228211 228209 335
228324 228336 4076
228336 228324 4076
228846 228872 2356
226295 226297 475
226297 226295 475
226566 226559 761
226559 226566 761
163
229103
229106
228159
228171
228179
228119
228160
229165
234592
234565
229476
229483
229488
227952
228520
228527
228521
228534
228490
228143
228146
228158
228147
228194
228664
228665
228189
228188
229260
228209
228211
228445
228446
228515
228228
228311
228312
228324
228323
228336
228344
228356
228382
228364
228367
228569
228819
228846
228847
234734
228451
228456
228478
228780
228788
34188
226659
226662
226667
226246
226289
226295
226297
226310
226166
226203
226209
226181
226195
226189
226479
226483
226566
226559
226325
229543
229544
226340
229559
229564
229561
228890
34254
6688
7984
8088
8104
8100
34944
8132
8137
8845
8850
16068
8165
8156
8144
8152
8365
8405
8410
8424
8429
8440
8441
8474
8477
8481
9154
9218
9581
9599
16469
9594
16884
16886
9643
9713
9705
35249
9752
9741
9743
9730
9806
16811
16929
16813
16820
9727
9800
9777
9838
9845
9854
9882
9884
9898
34754
11397
11404
11405
12318
10518
12334
12342
12343
12397
12419
12403
12421
12567
12605
12621
12624
12602
12607
12613
12426
12430
12417
12432
12505
