58
68324 68326 648
68326 68324 648
68586 68589 1143
68589 68586 1143
72905 72907 874
72907 72905 874
71598 71592 1608
71785 71788 1746
71788 71785 1746
71592 71598 1608
68872 68873 560
68873 68872 560
68883 68884 1852
71548 71575 606
71575 71548 606
71965 71983 562
71978 71983 1503
71922 71924 1584
71924 71922 1584
71929 71982 796
71982 71929 796
71983 71965 562
71983 71978 1503
72205 72193 333
72193 72205 333
72166 72168 1436
68948 68936 1540
68936 68948 1540
68884 68883 1852
72168 72166 1436
72423 72425 674
72424 72427 1636
72425 72423 674
72427 72424 1636
72661 72694 754
72694 72661 754
72694 72698 1278
72698 72694 1278
123111 123108 2614
123108 123111 2614
45077 45079 1179
45079 45077 1179
125870 125869 2091
125833 125835 789
125835 125833 789
125869 125870 2091
125742 125739 1261
125751 125826 474
125826 125751 474
125739 125742 1261
128571 128653 874
128653 128571 874
128695 128697 538
128697 128695 538
128699 128700 673
128700 128699 673
128716 128718 811
128718 128716 811
163
123009
123653
123705
123111
123108
132444
122421
123028
123255
123256
123306
45077
45089
45079
45082
45109
45133
132437
125800
125805
125870
125833
125835
125838
125869
125742
125751
125826
125867
125717
125739
125714
125721
128365
124992
128370
128378
128392
128425
128432
128436
128571
128611
128653
128695
128697
128699
128700
128710
120428
128689
120459
128706
128716
128718
128669
128713
120530
120538
120477
132414
120494
67651
67660
67661
120606
120633
120461
67667
68020
67676
68438
67655
68442
67698
120641
68466
68099
68059
68089
68091
68262
68264
68266
68291
68294
68320
68326
68327
68461
68471
68586
68596
68889
68901
68900
68923
68924
72617
72890
72905
72907
73098
71371
71373
71375
71378
71402
71383
71433
71438
71459
71512
77890
71670
71673
71453
71598
71788
71793
71585
76871
68872
68395
71541
71575
71717
71719
71744
71746
71910
71978
71922
71924
71929
71982
72086
72088
72017
72193
72209
72210
72212
72251
72166
72149
72150
68943
68948
68995
68936
68932
72168
72404
72411
72423
72424
72425
72433
72694
72496
72700
72698
