54
113233 113232 610
113233 113237 893
113237 113233 893
105713 105710 2087
113516 113517 649
113517 113516 649
105710 105713 2087
105321 105314 2618
105366 105403 525
105403 105366 525
105314 105321 2618
105406 105422 881
105422 105406 881
39892 40079 2204
39892 40081 599
40081 39892 599
40079 39892 2204
40094 40093 1268
40093 40094 1268
105463 105462 1238
105462 105463 1238
103684 103683 1132
103684 103752 915
103683 103684 1132
103752 103684 915
39936 39934 976
39934 39936 976
41267 41270 2453
41270 41267 2453
41319 41320 2481
41221 41320 709
41320 41221 709
41320 41319 2481
29029 29027 511
29026 29027 581
29027 29026 581
29027 29029 511
53265 53268 2928
53268 53265 2928
111996 112001 764
112006 112005 764
112005 112006 764
112001 111996 764
33618 33625 1530
33625 33618 1530
113142 113178 475
113178 113142 475
109250 109248 847
109250 109251 672
113263 113293 672
109248 109250 847
113293 113263 672
109251 109250 672
113232 113233 610
156
116059
116066
116070
106241
106243
191536
191814
190973
194032
194212
191742
191881
191724
191589
191877
192858
192862
193034
107628
107683
107658
107579
107583
107556
109796
107603
107606
113640
103431
107664
107753
107756
107934
107758
107835
107921
111128
111795
111811
111816
111808
111141
111818
111894
111895
111934
111962
111968
111990
111996
111980
112006
112005
112001
33618
33625
113427
113142
113178
113181
113184
113434
113124
112923
112950
112990
113132
113167
103426
113248
113295
113304
113316
103494
113479
113486
113422
113491
109250
113261
113263
109248
113293
113276
113254
109251
112969
113208
113232
113233
113237
105713
113516
105710
105309
105311
105316
105366
105314
105338
103470
103735
105389
105406
105422
35360
103662
39892
39901
40079
40090
40093
39898
39905
40062
40070
105158
105148
105171
105197
105200
105470
105223
105228
105463
105462
105456
103673
103705
103671
103747
103748
103752
105466
105458
39999
39936
40006
39934
40028
40034
40052
40173
41272
41267
41270
41286
41297
41220
41248
41254
53268
53275
55080
55081
55084
