68
28883 28891 1543
28891 28883 1543
28938 28937 924
28937 28938 924
28821 28823 1475
28823 28821 1475
24419 24418 884
24432 24430 794
24418 24419 884
24430 24432 794
24644 24645 617
24645 24644 617
24645 24646 605
24646 24645 605
24667 24655 2529
24674 24675 738
24655 24667 2529
24655 24670 806
24762 24763 373
24670 24655 806
24675 24674 738
24763 24762 373
189066 189068 801
189231 189244 811
189231 189245 2319
189244 189231 811
189245 189231 2319
189285 189286 385
189286 189285 385
188597 188596 777
189068 189066 801
188596 188597 777
188596 189063 772
189063 188596 772
189114 189116 794
190747 189302 2576
189302 190747 2576
189116 189114 794
189335 189337 848
189342 189337 715
189337 189335 848
189337 189342 715
188781 188783 737
188783 188781 737
16238 16239 704
16239 16238 704
21485 21636 1679
21636 21485 1679
22318 22325 889
22325 22318 889
22092 22094 893
22094 22092 893
22071 22072 2000
22072 22071 2000
23176 23147 629
23122 23147 2359
23147 23122 2359
23147 23176 629
28187 28188 1322
28188 23184 1188
28188 28187 1322
23184 28188 1188
28236 28241 516
28241 28236 516
28273 28302 201
28302 28273 201
28305 28309 1223
28309 28305 1223
167
15989
16173
16382
16193
16187
16567
16397
16563
16561
16184
16177
16201
16227
16234
16238
16239
16708
21469
21474
21485
21636
21661
21679
11249
21712
22318
22322
22325
21807
21820
21827
11232
11331
11332
22367
21821
21854
21856
21863
21866
22093
22092
22094
22098
22071
13450
22129
22072
22186
22187
21996
22026
22730
22758
22759
22680
22712
22766
22772
22773
22808
22832
22838
22850
23176
23122
23147
28170
28184
28187
28188
23184
23187
28214
28236
28241
28211
28267
28273
28302
28305
28309
28330
28419
28424
28426
28439
28554
28620
28623
28637
28645
28679
28872
28883
28891
28937
24424
28697
28821
28823
28834
28861
24419
24432
24418
24437
24445
24446
24582
24703
24644
24646
24723
10824
24653
24655
24670
24763
24767
189066
189228
189245
189277
189285
188597
189068
188596
189063
189065
189149
189160
189297
189300
189114
189125
189133
189185
190747
189116
189123
189138
189333
189335
188842
188848
189329
189342
189337
188776
188778
188834
188846
188851
188849
189327
186872
186875
188781
188783
190651
188784
188807
188808
188796
188794
187470
