64
209186 209190 1973
209190 209186 1973
181257 181271 1000
181269 181271 222
181271 181257 1000
181271 181269 222
184244 184243 1117
184243 184244 1117
184253 184249 709
184249 184253 709
214101 214114 1958
184194 184193 1059
214114 214101 1958
214114 214106 872
184193 184194 1059
181850 184411 842
184411 181850 842
185851 186101 238
186101 185851 238
186076 186077 1078
186077 186076 1078
182727 182777 1818
182777 182727 1818
182999 182974 1564
182973 183512 190
182974 182999 1564
183512 182973 190
183183 183194 354
183202 183201 870
183194 183183 354
183201 183202 870
214135 214174 797
214106 214114 872
214174 214135 797
210314 210365 776
210365 210314 776
210301 210319 212
210316 210311 993
210319 210301 212
210311 210316 993
198782 209399 1279
209479 209477 741
209503 209504 750
209504 209503 750
209399 198782 1279
209477 209479 741
196015 196011 1529
196015 196068 846
196068 196015 846
195810 195812 866
196011 196015 1529
195812 195810 866
195812 195814 774
195814 195812 774
196079 196081 2250
196081 196079 2250
196129 197038 750
197038 196129 750
203409 203503 197
203503 203409 197
202495 202497 749
202497 202495 749
205668 205672 1339
205672 205668 1339
168
198501
196015
196068
195746
212662
197303
195291
195810
195782
195796
195789
196011
195812
195814
196079
196081
196084
196095
196098
196129
197038
202707
202725
202733
203161
203197
203201
203203
203217
203225
203372
203409
203416
203517
203503
202525
202527
202631
202634
202645
202646
202649
197055
197059
197075
214828
202494
202495
202497
202518
205668
205830
205672
205832
205835
205844
205691
214386
205761
205872
205886
206557
206571
206573
206816
206829
206820
206822
206837
209186
209190
206883
181020
181041
181053
181046
181070
181257
181269
181265
179467
179472
179446
181007
180997
181050
180987
181181
181189
181311
181264
184243
184248
184170
184239
184253
184174
184209
184192
184194
184197
214114
214116
214254
184193
184202
181853
184403
184406
184411
181884
181892
181830
181816
181829
181793
181840
185615
183021
185858
186076
182683
182727
182777
182792
182761
181759
182918
182963
182973
183511
183512
183534
182989
182991
183569
183600
183001
183220
183223
183566
183224
183066
214132
214136
214135
214140
214106
214178
214174
214179
210312
210365
210301
210316
210311
198782
209479
209484
209503
209504
209399
209440
209477
209408
210016
210019
210021
