56
105104 105105 382
105118 105117 1168
105105 105104 382
105117 105118 1168
105372 104698 1505
105372 104702 923
104698 105372 1505
104672 104673 900
104673 104672 900
39721 39722 848
39722 39721 848
39723 39719 1022
39719 39723 1022
40024 41061 1468
41061 40024 1468
41081 41082 848
41082 41081 848
41196 41198 2063
41198 41196 2063
41181 41222 517
41222 41181 517
41222 41182 1565
41182 41222 1565
41182 41224 893
41224 41182 893
41187 41230 475
41230 41187 475
55407 55408 710
55408 55407 710
55961 55381 2293
55381 55961 2293
48624 48620 697
48620 48624 697
111910 111911 893
111911 111910 893
111956 111965 788
111965 111956 788
112128 112132 681
112221 112135 847
112135 112221 847
112132 112128 681
112411 112434 788
112434 112411 788
112915 112914 809
112914 112915 809
112255 112274 826
112274 112255 826
113366 113369 1631
113369 113366 1631
112982 112930 2010
112930 112982 2010
104649 104660 1396
104660 104649 1396
104702 105372 923
39826 39827 1894
39827 39826 1894
172
107632
107784
107510
107508
111012
111104
103415
111198
111158
111160
111199
111214
111910
111911
111922
111940
111949
111956
111965
112088
112093
112100
112121
112128
112298
112286
112296
112287
112221
112135
112132
112303
112328
112336
112415
112421
112430
112411
112434
112389
111784
112673
112915
112909
112914
112657
112911
112945
112265
112255
112264
112274
112267
112380
112678
112993
112996
113105
113109
113366
113369
113379
113388
113395
112982
113078
113065
113042
113036
113067
112930
113414
104649
104660
104559
104553
104561
104573
104612
104625
104617
104619
104702
104693
39840
39872
39826
39827
39919
39789
39851
39841
104863
104974
104978
104870
105133
105131
104957
105137
105246
105104
105069
105098
105117
104672
104673
105079
105074
39713
39727
39909
39722
39723
39719
39762
39764
39767
39942
39947
39950
39961
39967
40017
40024
41061
41089
41072
41073
41074
41076
41040
41049
41101
41196
41104
41108
41149
41178
41182
41224
41187
41165
41236
41337
41358
50478
41172
41336
41360
41676
55067
55071
55110
55136
55955
55293
55309
55369
55407
55408
55961
55381
48634
48624
48626
48638
48620
48652
49236
49237
48809
