56
220311 220318 2548
220294 224794 1223
224794 220294 1223
219658 219657 743
219657 219658 743
219336 219328 869
219328 219336 869
215585 215584 711
215582 215584 678
215613 215628 893
215627 215628 522
215628 215613 893
215628 215627 522
215584 215582 678
215584 215585 711
219855 222339 688
222281 222296 2366
222281 222339 1803
222296 222281 2366
220160 222331 230
222331 220160 230
219806 219805 665
219805 219806 665
219838 219839 922
222339 219855 688
222339 222281 1803
219839 219838 922
223728 215462 313
215287 215290 602
215462 215289 883
215462 223728 313
223425 223424 1604
223398 223397 1667
224400 223404 391
223424 223425 1604
215290 215287 602
215290 215289 911
215289 215290 911
215289 215462 883
223366 223369 813
223369 223366 813
223397 223398 1667
223404 224400 391
150432 150434 1251
150434 150432 1251
70016 70018 2579
70018 70016 2579
69270 69276 893
69276 69264 667
69276 69270 893
69264 69276 667
218226 218225 1967
218225 218226 1967
220834 220837 2355
220837 220834 2355
220318 220311 2548
169
69663
69665
69559
69555
69515
69520
69529
69532
69526
69594
69571
69502
71844
78828
72024
72031
69092
71854
72349
72351
72360
72524
70016
70029
70018
70198
70341
70570
70621
70634
70652
70663
70657
70586
70588
70602
69270
69276
69264
69697
69698
69286
69649
69689
129554
120940
219181
219185
215349
219114
219183
220773
220776
220779
220780
218226
218225
220834
220837
218260
221126
224585
219110
219120
219126
219130
224942
218166
220317
220318
220584
220586
220587
220344
220311
219824
224444
217720
218142
220333
220234
219272
220222
224794
218060
218064
218175
216429
224773
224874
219282
219288
219324
219337
219658
219657
224347
219336
219328
219202
219200
219207
219209
224356
219269
215989
215983
215982
215997
215999
215458
215582
215587
215611
215627
215634
215623
215773
215779
215507
219855
222281
222297
222296
222317
220160
222410
222330
222331
219805
219851
222339
219804
224130
219819
219846
219839
223730
223425
223458
223460
223466
215482
223398
224400
223416
223417
215469
215470
223348
223352
223366
224027
223369
223410
223414
223397
223404
149781
149775
149835
150432
150434
150457
147149
147153
147158
147159
147167
