108
258140 258142 1159
258142 258140 1159
244465 244467 845
244467 244458 734
244467 244465 845
244459 244458 811
244458 244459 811
244458 244467 734
236487 247387 1007
244211 244283 1327
244283 244211 1327
247399 247405 344
247387 236487 1007
247405 247399 344
247405 247407 222
247407 247405 222
247407 247409 950
247409 247407 950
247443 247444 746
247444 247443 746
247452 247486 1149
247486 247452 1149
247486 247453 1021
247487 247453 1223
247756 247767 1891
247765 247767 1166
247768 247767 1398
247492 247493 373
247769 247893 588
247894 247893 1378
247898 247895 326
258448 247907 794
258448 258399 1768
258400 258399 712
258400 258401 765
258401 258398 689
258401 258400 765
258402 258398 1053
247910 257671 2297
257670 257671 85
247911 247914 336
247913 258490 876
258515 258514 884
262293 258514 546
258562 258520 1729
258598 258604 1177
258601 258604 2410
258601 258606 713
258608 258606 1423
258611 258606 924
260510 260488 749
260498 260497 1006
260498 260523 1916
260523 260498 1916
260523 260530 344
259963 259956 5161
260200 259933 11486
260216 260225 2029
263879 260225 988
260209 260226 3236
260209 260229 1596
256599 260232 651
260229 260209 1596
260229 260232 2162
247453 247486 1021
247453 247487 1223
247767 247756 1891
247767 247765 1166
247767 247768 1398
247493 247492 373
247893 247769 588
247893 247894 1378
247895 247898 326
247895 247907 1669
247907 247895 1669
247907 258448 794
258399 258400 712
258399 258448 1768
258398 258401 689
258398 258402 1053
257671 247910 2297
257671 257670 85
247914 247911 336
258490 247913 876
258514 258515 884
258514 262293 546
258520 258562 1729
258604 258598 1177
258604 258601 2410
258606 258601 713
258606 258608 1423
258606 258611 924
260488 260510 749
260497 260498 1006
260530 260523 344
259956 259963 5161
259933 260200 11486
260225 260216 2029
260225 263879 988
260226 260209 3236
260232 256599 651
260232 260229 2162
260134 260136 489
260136 260134 489
260502 260503 556
260503 260502 556
260550 260560 835
260560 260550 835
164
247453
247767
247493
247893
247895
247907
258399
258398
257671
247914
258490
258514
258520
258604
258606
260488
260497
260530
259956
259933
260225
260226
260232
260237
263805
260134
260136
260502
256651
260296
260308
260503
260533
260551
255012
255013
255000
255268
255270
255277
255320
255147
255171
262339
260550
260560
257229
257230
257269
257225
5592
5600
258847
258851
258815
258820
263716
258738
257892
257910
261635
258722
258026
240536
257849
262037
258057
262064
262069
262075
258081
258061
258992
258994
258069
258073
261634
258159
261645
258126
258140
258149
258143
258216
247392
243780
244426
244343
244370
244441
244456
244459
243757
243769
243773
243775
243758
243805
244484
244498
244509
243810
243812
247192
247197
247205
247242
247251
247253
247273
236488
262107
243953
244011
244221
261665
243999
244006
244007
244206
244211
244377
244204
244084
244200
244226
244228
244109
261970
247325
247327
247395
247382
247405
247409
247443
247444
247452
247486
247756
247765
247768
247769
247894
258448
258400
258401
247910
247911
247913
258515
262293
258562
258598
258601
258608
258611
260510
260498
259963
260200
260216
256599
260229
