56
96271 96273 1140
96273 96271 1140
100194 100192 1226
100192 100194 1226
42815 42822 1454
42822 42815 1454
42825 42817 1395
42817 42825 1395
42884 42885 1469
42885 42884 1469
42940 42943 1675
42943 42940 1675
42943 42956 713
42956 42943 713
42956 42958 1701
42958 42956 1701
42994 42996 1014
42996 42994 1014
44873 42159 556
42159 44873 556
125505 125508 890
125508 125505 890
122929 123043 600
123043 122929 600
125082 125083 1055
125083 125082 1055
122882 122892 1704
122892 122882 1704
122879 122944 1758
122944 122879 1758
215190 215189 1302
215190 217888 961
217800 217804 2040
217804 217800 2040
215189 215190 1302
217888 215190 961
217634 217633 916
217633 217634 916
224062 222608 1360
222608 224062 1360
223909 223926 1121
224372 224711 1015
224711 224372 1015
216314 216337 1255
216337 216314 1255
224515 224514 805
224514 224515 805
222506 222507 855
222507 222506 855
222507 222516 845
222516 222507 845
223926 223909 1121
171167 171164 789
171164 171167 789
171144 171143 613
171143 171144 613
156
215190
217748
217802
217800
217804
221575
215189
217888
217895
217634
218892
217633
224062
217911
222608
217969
217970
223909
223917
223943
223890
223951
216990
224372
224711
216313
216314
216308
222553
216337
216343
216357
223913
216993
217000
217040
217046
216963
219993
224515
224514
224845
224848
220006
222506
222507
222516
222517
223926
223924
150817
171680
171167
171170
171164
171690
171144
171143
171158
95310
95950
96135
96238
96054
96235
96241
96252
96066
96271
96459
96380
96393
91971
99028
99037
99040
102958
100089
100194
100192
100181
100319
100329
100342
100344
100337
101735
99374
99403
99545
99063
99066
99121
99081
99194
99195
99198
99204
99286
99456
99457
35684
42685
42227
42223
42224
42238
42304
42727
42822
42817
42884
42885
42896
42940
42919
42921
42910
42994
42995
41680
41791
41810
43005
44873
42159
44895
44899
44915
123784
123799
125505
125508
121811
125661
125665
50361
122826
122838
122844
122907
122906
122929
41846
41912
44902
125083
122981
122984
122988
122919
122921
122882
122959
122879
122948
