56
35581 44061 672
35733 35736 1695
40121 40200 410
40121 40226 544
40200 40121 410
40226 40121 544
35736 35733 1695
44061 35581 672
35784 35783 1114
35784 35794 3567
35794 35784 3567
35783 35784 1114
35867 35967 202
35967 35867 202
35949 35951 984
35953 35957 650
35951 35949 984
35957 35953 650
35936 35945 1161
35945 35936 1161
41387 41390 344
41390 41387 344
46588 46589 279
46589 46588 279
46591 46596 373
46596 46591 373
46605 46608 202
46608 46363 2181
46608 46605 202
46363 46608 2181
46371 46672 337
46375 46673 2087
46672 46371 337
46673 46375 2087
46673 46377 848
46377 46397 747
46377 46673 848
46397 46377 747
46703 46706 532
46706 46703 532
127025 127028 337
127024 127022 1534
127028 127025 337
126161 126162 1467
126162 126161 1467
127022 127024 1534
94938 94940 747
94938 94944 983
94940 94938 747
101914 97432 1839
97432 101914 1839
94944 94938 983
97554 97562 924
97562 97554 924
109095 109096 1715
109096 109095 1715
162
94861
92701
94408
94896
94938
94940
101914
97432
101911
95542
95568
94988
94985
94989
94984
95041
95052
95078
95161
95195
95176
95497
94944
94958
49852
50036
97487
97482
97428
103264
97559
97554
97562
98121
98131
93377
93445
93456
93457
93419
93459
93488
93519
102243
94907
98637
98643
98175
98185
98190
98222
98278
98276
98320
191276
118506
119494
118501
118502
118499
190991
191082
191087
108927
50068
50084
109095
109096
109099
35515
50352
35561
35576
36205
35505
42191
42139
42198
42202
50182
50189
44144
44124
44118
50518
41851
44123
44301
44328
50351
44455
44641
44586
44646
44651
44673
44684
44638
40200
39567
39877
40226
35734
35752
35589
44061
35594
35595
36194
36196
35599
35650
35784
35794
35803
35781
35782
35783
35811
35823
35825
35969
35972
35938
35949
35953
35951
35960
35957
35965
41383
35935
35936
35945
41387
41390
46292
46588
46589
46598
46605
46363
46371
46375
46672
46397
46401
46402
127015
126161
126162
126170
127095
127019
127022
127143
127450
45879
45882
45885
46139
46141
