32
88977 88975 2129
84313 84312 912
88983 88984 2798
84312 84313 912
88429 88428 943
88428 88429 943
88975 88977 2129
88984 88983 2798
91751 91752 1002
91751 91752 1002
91752 91751 1002
91752 91751 1002
66363 66380 559
66380 66363 559
75750 75748 1565
75759 75749 1612
75748 75750 1565
75749 75759 1612
75437 75574 762
75574 75437 762
73845 73934 187
73934 73845 187
62321 62383 1780
62383 62321 1780
65878 65888 1118
65888 65878 1118
65608 65621 3410
65438 65461 956
65621 65608 3410
66136 66133 812
65461 65438 956
66133 66136 812
166
62150
61477
62329
62365
62372
62373
62421
62433
62436
76770
76771
62321
62383
62303
78865
78877
78905
57043
57075
57125
57120
78692
57023
57024
57032
56996
57013
57015
65871
65873
65878
65888
78539
60971
77007
78541
65696
65715
78843
65688
65608
65418
65438
65621
65651
77154
60363
65638
66136
66137
66145
65586
66221
65461
65470
65573
66086
66110
66133
87433
70232
69811
87203
88694
88696
88699
88788
76384
76397
76398
87449
87441
87443
87562
88204
88213
88245
83524
89126
89188
89185
88687
88689
84232
88977
88983
87633
88285
88283
88429
88428
88441
88425
88276
85204
85208
91610
89502
90071
91232
88757
89462
88984
88919
88963
89085
89073
89107
89120
80656
89131
80647
80692
80694
87169
89527
89598
89531
89534
90084
89590
89595
89974
89999
89995
73628
78386
73533
73537
73551
73553
73543
66385
66258
66239
66262
66268
66363
65926
66403
66406
68773
66425
66431
66454
66452
66600
66609
66614
73610
73613
73946
75752
75759
75749
75574
75582
73960
73998
73845
73934
77339
74025
64138
75730
75780
