80
11694 11600 452
11622 11617 1014
11622 11628 1004
11628 11622 1004
11632 11644 899
11632 11746 1107
11746 11632 1107
11617 11620 2578
11617 11622 1014
11644 11632 899
11652 11654 1669
11667 11668 847
11668 11667 847
11653 11654 840
11654 11652 1669
11654 11653 840
23261 23262 1225
23262 23261 1225
11960 11962 516
11962 11960 516
11992 11994 580
11994 11992 580
23414 23410 612
23410 23414 612
23493 23591 605
23591 23493 605
24177 24216 1811
24261 24262 474
24216 24177 1811
23578 23625 610
23625 23578 610
23625 23583 557
23583 23625 557
24262 24261 474
24963 24964 537
24964 24963 537
24965 24968 904
24968 24965 904
24957 24962 605
24962 24957 605
188106 188101 947
188101 188100 2127
188101 188106 947
188100 188101 2127
187664 188098 377
188098 187664 377
187615 187616 914
187616 187615 914
188387 190792 1253
190792 188387 1253
8010 8025 2201
8025 8010 2201
8225 8230 913
8230 8225 913
8261 8264 1623
8264 8261 1623
8515 8501 852
8531 9174 775
9174 8531 775
8501 8500 694
8501 8515 852
8500 8501 694
9531 9535 1333
9534 9535 1737
9535 9531 1333
9535 9534 1737
16508 16741 403
16741 16508 403
11345 11344 930
11344 11345 930
11365 11410 1007
11366 11419 336
11410 11365 1007
11419 11366 336
11552 11527 782
11552 11554 946
11554 11552 946
11527 11552 782
11600 11694 452
11620 11617 2578
174
8049
8116
8034
8040
8013
8010
8025
8221
8225
8230
8244
8249
8261
8264
8363
8446
8515
8528
8531
9174
9171
8453
8462
8501
8492
8500
9478
9495
9521
9531
9534
9535
9544
16345
9543
16421
16481
16496
16517
16522
16528
16551
16915
16508
16741
16511
16516
16743
16800
16803
16824
16829
16832
9796
9799
11335
11320
11345
11348
11344
11346
11365
11366
11410
11419
11433
11417
11436
12440
11529
11310
11311
11572
11575
11687
11552
11554
11513
11525
11527
11720
11600
11620
11694
11622
11628
11746
11617
11635
11652
11874
11873
22650
11653
11654
23261
23262
11960
11962
12064
12071
11992
11996
11994
23405
11982
11984
23354
23416
23414
23410
23395
23396
23462
12276
28460
28486
23512
19794
23556
23580
23581
23614
23615
23627
23591
24177
24219
24253
24213
14372
24785
23578
23583
23569
24145
24151
24153
24144
24262
24263
24291
24294
24350
24354
24370
24353
24357
24964
24965
24968
24979
24957
24962
25034
25050
25045
25232
188106
188110
188174
188172
188184
188101
187661
187660
187664
188098
187615
187616
188387
190792
188201
188292
