54
8905 9064 2365
8905 9066 1359
9064 8905 2365
9134 9136 685
9136 9134 685
9146 9147 1259
9147 9146 1259
10111 10113 1836
10113 10111 1836
10151 10153 846
10155 10158 1922
10158 10155 1922
10158 10161 660
10169 10153 987
10169 10171 730
10161 10158 660
10141 10145 964
10142 10166 732
10145 10141 964
10166 10142 732
10153 10151 846
10153 10169 987
10171 10169 730
10390 10392 1311
10394 10401 782
10401 10394 782
10401 10402 1662
10406 10402 730
10406 34798 955
10392 10390 1311
10402 10401 1662
10402 10406 730
34798 10406 955
10564 10565 1998
10565 10564 1998
12557 12554 301
12554 12557 301
12708 12710 2113
12710 12708 2113
12498 12534 1944
12534 12498 1944
12730 12733 1097
12733 12730 1097
235387 235386 496
235386 235387 496
228610 228614 586
228614 228610 586
228654 228700 1005
228700 228654 1005
226774 226775 557
226775 226774 557
228894 228895 344
228895 228894 344
9066 8905 1359
160
229019
229026
229055
229156
229155
229181
229213
235387
235389
234545
229241
234605
235386
234611
235357
229066
229489
229526
229529
234991
229369
234384
228609
228610
228613
228614
228649
228654
228700
228682
228691
229974
228201
229981
228598
228566
228590
228638
228643
228660
228377
228707
228718
235380
227078
228757
228765
228791
228742
230043
226774
226673
226690
226314
226221
226487
226493
226527
226571
226597
226626
226639
226686
229576
229583
230886
234984
226775
228839
230229
228877
228901
228863
228894
35049
228895
8813
8816
8180
8206
8204
8396
8403
9059
9066
9064
9065
9090
9087
9131
9134
9146
9147
9186
9192
9202
9564
9584
9701
9703
10098
10113
10151
10155
10161
10363
10141
10143
10182
10187
10142
10153
10168
9825
9827
10368
9811
10454
9872
10386
9877
10464
10483
10512
10550
10554
10564
10565
10573
10578
12378
12379
10583
12557
12554
12560
12575
12585
12595
12645
12618
12630
12619
12708
12702
12703
12710
12735
12491
12498
12828
12831
12833
12534
12547
12730
12733
11847
12869
11855
