84
148750 148749 830
148750 148751 543
148750 148761 2448
148705 148748 884
146284 146285 769
146285 146284 769
146285 146323 547
146323 146285 547
146311 146312 704
146318 146493 768
146493 146318 768
146493 146494 2497
146312 146311 704
143161 139769 475
139769 143161 475
147589 147627 2294
147627 147589 2294
148214 148225 2458
148286 148287 830
148225 148214 2458
148225 148265 2023
148265 148225 2023
148265 148275 1281
148275 148265 1281
148275 148277 864
148277 148275 864
148287 148286 830
148422 148423 1381
148451 148478 794
148423 148422 1381
146494 146493 2497
146561 146563 998
146565 146563 464
146563 146561 998
146563 146565 464
149863 149860 949
146580 146582 751
149860 149858 777
149860 149863 949
146582 146580 751
146582 146583 785
146583 146582 785
149925 150004 457
150004 149925 457
148746 148736 792
148751 148736 2283
148751 148750 543
149856 149859 859
148761 148750 2448
149859 149856 859
149858 149860 777
198863 198861 272
198861 198863 272
153701 153700 778
153700 153701 778
168592 168594 963
168594 168592 963
168607 168606 1422
168606 168607 1422
168305 168626 558
168626 168305 558
218376 218375 829
218375 218376 829
148478 148451 794
148494 148498 385
148498 148494 385
148500 148501 824
148501 148500 824
148637 148635 788
148635 148637 788
149456 149454 915
149454 149456 915
148771 148767 804
148703 148786 788
148786 148703 788
148788 148787 857
148767 148771 804
148787 148788 857
148748 148705 884
148748 148749 737
148749 148748 737
148749 148750 830
148736 148746 792
148736 148751 2283
172
130456
130450
129902
130418
130423
127538
218023
219151
219280
218084
218313
217186
224036
218372
218376
218493
218514
218375
224041
218331
222725
222648
222684
222689
222697
222673
222674
222668
222829
222844
222826
222846
222847
222886
150989
150993
151044
151009
148478
148484
148494
148498
148500
148501
148632
148637
148635
148648
148645
148647
149452
149456
149454
149408
149418
149423
149426
146275
146269
148721
148723
144175
148775
148778
148770
148771
148703
148786
148788
148767
148787
148748
148749
148718
148738
148736
148705
148820
146280
146284
146283
146285
146306
146323
146318
146308
151058
151075
151226
151238
151240
151261
142958
142972
142970
142984
143088
143090
139769
147582
147589
147627
147630
148151
148155
148214
148286
148225
148275
148277
148288
148287
148451
148423
148435
148448
148453
212667
212679
146494
146509
146514
146536
146561
146563
149863
146580
149860
146582
146583
149890
149896
149916
150004
150008
148746
148726
149853
149859
148829
149858
148833
149935
149951
150318
151814
198827
198852
198863
198861
153700
153728
152107
162470
168610
168594
168601
168604
168288
168308
168606
168620
168305
168626
168629
168486
168472
168831
168661
168677
168657
168660
