70
236044 236043 955
236043 236044 955
233278 233279 1027
233279 233278 1027
231871 231870 562
231870 231871 562
232631 232632 786
232632 232631 786
232468 232473 1897
232473 232468 1897
232525 232672 778
232672 232525 778
232679 232683 2107
232683 232679 2107
232879 232880 2918
232880 232879 2918
233592 233600 2454
233600 233592 2454
248420 248417 1066
248421 248417 672
248541 248545 580
248549 248548 252
264251 248548 519
248554 248555 2282
248557 248555 580
248557 248572 475
248572 248557 475
248572 248573 1575
248582 248573 2510
248591 248589 2480
248417 248420 1066
248417 248421 672
248545 248541 580
248548 248549 252
248548 264251 519
248555 248554 2282
248555 248557 580
248573 248572 1575
248573 248582 2510
248573 248589 1806
248589 248573 1806
248589 248591 2480
248669 248672 2044
248716 248719 434
248672 248669 2044
248719 248716 434
248768 248780 1257
248780 248768 1257
248788 248796 1809
248796 248788 1809
249264 249268 1344
249268 249264 1344
133266 133262 2340
251238 133264 1816
133264 251238 1816
133262 133266 2340
251279 251280 420
251280 251279 420
251087 251102 2279
253302 253303 1809
253303 253302 1809
251102 251087 2279
251154 251155 2879
251155 251154 2879
251155 251206 2772
251206 251155 2772
253512 253514 782
253514 253512 782
254989 255057 346
255057 254989 346
170
248417
248545
248548
248555
248573
248589
248590
248583
248586
248669
248681
248712
248716
248672
248698
248719
249183
248762
248768
248780
248789
248788
248796
249750
249753
249754
249473
249763
249769
249264
249267
249268
133266
251238
133264
133262
133285
251254
251282
251260
251264
251271
251273
251279
251280
251290
251291
250867
251086
250874
250876
250869
250841
251087
253300
253302
253303
262201
251102
250471
251120
251139
251141
251154
251155
251206
251342
251354
251356
251358
251359
253262
253283
253432
253512
253514
253523
138748
253522
134116
134125
254989
255057
236259
236260
236272
261730
236044
236403
263527
236028
236033
236043
235988
263828
236244
236257
236279
236254
263522
264317
236735
263269
261460
261058
236835
236839
263706
263200
262873
262876
236819
237013
231908
234393
231919
231937
231945
231949
231953
231955
233073
233079
233085
233117
233119
233112
233128
233292
231929
231927
231831
231860
230197
231871
231870
232072
232078
232632
232633
232467
232468
232678
232679
232683
232696
232729
232738
232879
233420
232880
232874
232886
234668
232892
233590
233592
233600
233634
234671
233639
233640
248412
248422
248423
248549
248557
248572
248582
248591
