42
44847 35908 569
35908 44847 569
45938 45939 1410
44791 44789 1798
45939 45938 1410
44789 44791 1798
45934 45936 1579
45936 45934 1579
46287 46295 500
46295 46287 500
46314 46315 677
46314 46316 2181
46315 46314 677
46316 46314 2181
45855 45857 953
45857 45855 953
126661 126665 276
126665 126661 276
45827 45824 517
45824 45827 517
45844 45849 2421
45849 45844 2421
46126 46152 926
46059 46060 871
46060 46059 871
46152 46126 926
46067 46104 2670
46104 46067 2670
50117 50119 3266
50119 50117 3266
35527 35532 2148
35532 35527 2148
44101 44083 818
44083 44101 818
44311 44313 2126
44313 44311 2126
44461 44466 238
44466 44461 238
44034 44036 2432
44036 44034 2432
44706 44708 4722
44708 44706 4722
174
102691
93426
93429
93430
93501
101669
101670
94694
98647
93352
98150
98237
98238
98241
98246
98126
98142
98195
98201
98206
98208
98223
98224
98286
98290
98568
98583
191107
191115
191081
191228
49976
50049
50117
50119
50124
50128
50108
50134
50171
109039
42125
50243
35503
42193
42154
42150
42153
42180
35527
35532
43939
43943
43954
41414
44101
44083
44108
44278
44284
44293
44297
44311
44313
44334
44556
44363
44355
42032
44416
44425
44446
44454
44451
44461
44466
44661
44663
44660
44681
44030
44034
44036
44084
44090
44100
44092
44097
44704
44701
44706
44708
35911
44826
44827
44829
45938
44791
45939
44849
44789
45934
45936
45953
46085
46091
46286
46295
46304
46316
46350
126154
126145
127133
127390
45855
45857
45853
126657
126661
126665
126670
126651
125371
125401
125404
45818
126672
126754
45827
45824
126676
126694
126683
126699
126721
126725
126729
126731
126051
126999
127004
127008
45838
45844
45850
45849
46113
46020
46023
46026
46055
46127
46060
46075
46152
46067
46104
46324
127432
127419
127458
127424
127405
127416
127563
127474
126619
127547
127548
127562
127566
127515
127592
