74
51328 51331 605
51330 51445 238
51331 51328 605
51445 51330 238
51471 51473 452
51473 51471 452
190137 190139 884
190139 190137 884
186258 186384 1675
194855 194860 477
194860 194855 477
194865 194867 683
194887 194867 115
195017 194894 1142
194867 194865 683
194867 194887 115
194894 195017 1142
195054 195046 855
195046 195054 855
206583 206582 345
208785 208198 633
206582 206583 345
208198 208785 633
195177 195178 1162
195178 195177 1162
195178 195200 1917
195200 195178 1917
195219 195224 784
195224 195219 784
195224 195231 684
195229 195227 802
195229 195612 1142
195227 195229 802
195231 195224 684
195889 195887 776
195612 195229 1142
195904 195887 774
195904 195915 439
195899 195897 1191
195899 195906 684
195906 195899 684
195907 195915 789
195915 195904 439
195915 195907 789
195897 195899 1191
195887 195889 776
195887 195904 774
198420 198358 838
195965 195969 1277
195969 195965 1277
195983 196954 767
198574 198576 755
198576 198574 755
198358 198420 838
196954 195983 767
196958 196957 781
196957 196958 781
197019 197022 686
197022 197019 686
27013 27561 809
27561 27013 809
27696 27695 1574
27695 27696 1574
51372 51374 751
51374 51372 751
140543 140552 1364
140552 140543 1364
140552 140793 2759
140793 140552 2759
186384 186258 1675
186453 186515 2309
186515 186453 2309
187104 187110 1739
187110 187104 1739
162
27473
27478
27004
27464
27466
27541
27547
27549
27013
27561
27610
25242
27696
27695
27716
27621
27663
27665
27023
27027
27024
27034
27125
27226
27233
27246
27276
27220
27424
50816
50665
51207
51217
51219
51201
50832
50834
50894
50928
56586
51724
51762
51312
51372
51374
51375
51391
52048
214759
194851
140543
140552
140793
140823
140801
186384
186396
186408
186438
186453
186515
186526
186754
187089
187104
187110
187153
51731
52070
51324
51328
51319
51331
51445
51447
51471
51473
51474
51484
51518
51522
51535
52860
52868
52864
52879
56464
56468
56479
56495
56499
56514
52905
56726
56737
190137
189786
190139
189733
186241
186244
194856
194865
195017
194650
195054
195057
195046
195045
195146
195145
195149
195168
195177
195178
195200
195170
195207
195206
195227
195230
195231
198339
198569
198568
195890
195889
195674
195630
195662
195664
195665
195659
195612
195616
195624
195691
195693
195706
195899
195906
195907
195915
195897
198419
195965
195969
195983
195937
195938
198574
198576
198358
196954
196957
196985
196996
197023
197022
197026
202135
202161
