68
149194 149193 289
149193 149194 289
149202 149203 966
149203 149202 966
149330 149331 701
149330 149343 606
151692 149343 385
149343 149330 606
149343 149345 698
149343 151692 385
149346 149345 376
149328 149331 766
149331 149328 766
149331 149330 701
149331 149345 478
149345 149331 478
149345 149343 698
149345 149346 376
149564 149566 1004
149566 149564 1004
149566 149582 110
149582 149566 110
149582 149583 804
149584 149583 800
149583 149582 804
149583 149584 800
151095 151118 753
143861 143862 937
143862 143861 937
151118 151095 753
151134 151140 672
151140 151134 672
147296 147385 2341
147385 147296 2341
147904 147913 821
147913 147904 821
147907 147919 1070
147928 147925 759
147928 147930 837
147919 147907 1070
147925 147928 759
147930 147928 837
147978 147983 365
147983 147978 365
147983 147984 689
147984 147983 689
149020 149021 1188
196106 212801 2466
212803 212811 583
212803 212813 1190
212813 212803 1190
212811 212803 583
212801 196106 2466
219087 219083 368
219083 219087 368
224109 224110 385
224110 224109 385
219574 219612 753
219612 219574 753
222021 222053 642
222053 222021 642
223156 223157 752
223157 223156 752
223325 215222 1033
215222 223325 1033
150821 150826 471
150826 150821 471
149021 149020 1188
164
219225
219233
219087
219236
219083
219085
219454
219542
219547
224087
219488
219491
219527
219529
219528
219474
224109
224110
222156
218825
218831
218833
218838
221993
222007
224064
222121
222185
222188
222196
222218
222219
222215
222201
222207
215310
215318
215324
215326
215334
221893
222240
222246
218884
219574
218858
222237
219612
219555
219557
218810
218814
218815
221962
221959
222055
222058
221972
222016
222021
222022
222023
222053
222060
222560
223156
223157
223325
215222
223233
223286
223214
223217
224122
223229
223167
223168
223250
150821
150826
150924
150953
150833
150881
150923
149021
149033
149184
149194
149193
149203
149301
149304
149318
149328
149336
146991
149560
149561
149564
149566
149245
149624
149623
149583
149626
143861
140323
143862
151118
147263
147268
151134
147271
147294
147296
147385
147390
147472
147521
147528
147527
147549
147571
147678
147683
147871
147873
147877
147887
147888
147901
147904
147913
147919
147925
147989
147970
147984
148028
148046
148982
149020
205126
205139
205160
205162
212701
205172
212702
196106
212813
212811
212877
212881
212886
150270
150272
150292
150299
198761
198763
198778
205064
