74
29165 29194 2148
29165 29195 927
29194 29165 2148
29309 29308 3205
29319 29325 238
29308 29309 3205
27324 27330 629
29325 29319 238
29325 29327 1258
29327 29325 1258
27330 27324 629
29102 29364 884
29101 52937 1687
29364 29102 884
52937 29101 1687
52935 52934 1395
52958 52955 650
52955 52958 650
53024 53031 1258
53031 53024 1258
53035 53050 2418
53050 53035 2418
53054 53058 605
53058 53054 605
53058 53057 1299
53057 53058 1299
52934 52935 1395
52914 52915 1257
52915 52914 1257
52507 52508 1449
52508 52507 1449
52508 54891 873
54891 52508 873
54934 54935 871
54935 54934 871
54935 54939 253
54939 54935 253
55605 55626 610
55626 55605 610
55626 55629 1594
55629 55626 1594
53505 53509 589
53509 53505 589
49734 49732 2262
49727 49732 1565
49732 49727 1565
49732 49734 2262
144273 144265 880
144273 144265 880
144267 144265 951
144265 144267 951
144265 144273 880
144265 144273 880
144307 144305 810
144307 144305 810
144305 144307 810
144305 144307 810
195540 196297 1756
196297 195540 1756
33699 33700 2005
33700 33699 2005
33730 33747 1873
33747 33730 1873
33819 33762 826
33762 33819 826
33904 33913 1885
33913 33904 1885
26134 26143 1558
26143 26134 1558
19180 11216 1248
11216 19180 1248
29195 29165 927
29142 29146 709
29146 29142 709
169
33699
33700
33730
33747
33738
33740
33819
33762
33832
33840
17221
33842
33827
17251
17266
17273
17330
33881
33904
33921
33911
33913
17375
17383
17434
33998
18334
113473
18349
33985
18409
18410
18415
18435
18439
18636
18654
18464
18483
18478
18449
18631
103506
103549
103604
103542
103599
103521
103616
18452
18646
26633
25276
25277
26134
26143
26151
26545
18853
26551
19180
26185
26188
26267
11219
26192
26210
11216
29195
105536
105544
105283
103555
103689
103699
105550
40208
29142
29146
29150
29214
29232
29194
29286
29304
29204
29309
29308
29329
29291
29305
29327
27330
27334
27359
27338
29359
29369
27401
29102
29104
29101
29364
52937
53104
52958
53021
52955
53024
53031
53033
53050
53054
53049
53060
53315
53321
53260
53077
53081
52921
52928
52934
52914
54788
54874
54800
52507
54891
54921
54927
54935
54939
54999
55018
55023
55602
53505
53509
53561
49736
49737
49727
49730
49732
49740
49775
49763
53677
53684
53685
53708
54790
141314
144271
144298
144273
144214
195482
195485
195490
144307
144305
195535
195536
195540
196297
196288
196302
