26
6572 6595 507
6595 6572 507
6971 6974 422
6974 6971 422
34086 34085 1026
7011 7017 4276
34085 34086 1026
7017 7011 4276
15356 15366 103
15366 15356 103
15397 15398 1549
15472 15474 672
15474 15472 672
15398 15397 1549
16106 16107 789
16107 16106 789
16107 16256 1192
16256 16107 1192
16256 16261 309
16261 16256 309
16279 19735 1161
19735 16279 1161
19818 19832 950
19832 19818 950
201152 201122 1037
201122 201152 1037
164
200878
201053
201094
201099
201152
201122
201155
201168
201173
201360
201365
201367
201394
201384
201397
201182
201389
209449
201386
201411
201538
201554
201561
201558
201610
201626
201618
193451
193463
193471
224973
224978
224980
233761
233727
233747
233711
235560
233717
235147
233698
233695
233798
233799
233668
233670
233782
233741
233783
234482
233672
29670
29674
29903
29958
29455
29998
29999
24013
25057
24010
16982
31998
22740
31999
17177
33327
30028
30033
30041
30046
30056
22914
33402
18812
31990
17353
20166
6572
29915
32035
6542
6922
6945
6916
6974
6981
34086
7009
7011
7018
7082
7085
7088
7097
7102
7104
7106
7315
7506
7509
7545
7558
7566
7584
7591
14898
14945
14955
15291
15298
15307
15318
15319
15358
15379
15356
15397
15329
15472
15474
15593
15610
15613
15607
225373
225389
234539
233952
225532
226355
15422
19475
15768
15785
15790
15835
15834
15848
15853
16043
16054
16048
16063
16050
16075
16145
16106
16261
16265
16284
16314
16259
16279
19738
19741
19735
19818
19832
19843
21451
21452
21503
21504
