50
72695 72697 1432
72713 72712 778
72711 72701 1004
72712 72713 778
72697 72695 1432
72701 72711 1004
72485 72486 262
220932 220936 814
220936 220932 814
223330 224530 572
224530 223330 572
220100 220194 213
220194 220100 213
220186 220200 801
220200 220186 801
220500 220501 391
220501 220500 391
220501 220502 1229
220502 220501 1229
220502 220503 710
220503 220502 710
219961 219960 1172
219960 219961 1172
221690 221691 513
219954 219953 1130
221691 221690 513
219953 219954 1130
219898 221418 815
221418 219898 815
221746 221755 808
221755 221746 808
220973 220970 816
220970 220973 816
68079 68080 893
68080 68079 893
68591 68830 1348
68830 68591 1348
72486 72485 262
71374 71376 873
71376 71374 873
71911 71912 1423
71912 71911 1423
72250 72155 782
72155 72250 782
68939 68927 1535
68927 68934 1486
68927 68939 1535
68934 68927 1486
72642 72645 711
72645 72642 711
160
76597
68439
68441
120638
68042
68097
68058
68079
68088
68080
68187
68189
68272
68301
68321
68328
68340
68450
68580
68591
68830
68899
68918
68920
72486
72889
73100
71184
71249
71374
71367
71403
71376
71431
71436
71458
71511
77891
71672
71674
71261
71460
71461
71786
71809
71582
71584
68310
68871
68394
68419
68422
71537
71576
71703
71741
71745
71748
71911
72004
72063
71912
71930
71931
71986
72019
72015
72016
72192
72229
72230
72233
72228
72250
72257
72155
68939
68927
68882
68933
68934
68937
72169
72405
72412
72642
72430
72645
72431
72656
72695
72711
72712
72697
72701
72539
72809
72825
72830
220863
220940
221036
221022
221040
221020
220948
220934
223330
224530
217429
221051
220560
220562
220564
220070
220072
220079
220081
220083
220194
220422
220186
220200
220476
224689
220503
221678
221716
221719
221667
221666
221681
221657
221712
221732
219948
219961
219954
221691
221775
219951
219953
219898
221714
221758
221792
221432
224404
221434
221456
221738
221740
221746
221755
220956
220957
220977
220973
220970
220971
