38
8914 8913 593
8913 8914 593
8875 8887 2283
8887 8875 2283
8904 8900 882
8900 8904 882
9351 9423 2494
9423 9351 2494
9667 9681 1576
9681 9667 1576
9696 10082 1441
10082 9696 1441
10190 10191 686
10191 10190 686
10473 10479 773
10479 10473 773
10547 10548 1013
10548 10547 1013
10667 10669 2433
10669 10667 2433
12655 12649 1494
12649 12655 1494
13283 13285 805
13285 13283 805
12719 12754 755
12754 12719 755
12904 12908 1124
12889 12892 1008
12892 12889 1008
12997 13002 2195
13002 12997 2195
12908 12904 1124
229662 229663 1177
229663 229662 1177
229142 229144 707
229144 229142 707
229161 229307 3116
229307 229161 3116
163
138907
138939
138946
138868
138978
138862
138865
138768
138771
139414
139411
230040
230063
230069
230054
230078
230084
230082
230224
230150
230228
229617
229832
229652
229662
229663
230938
230940
230916
230999
228956
229142
229033
229144
229254
229161
229307
229310
229220
229235
229064
229282
229672
229676
229493
229712
229706
229696
235183
235316
228678
229989
229991
229997
229988
228721
228724
228732
230028
230033
226748
231298
226679
226684
226713
226700
226739
226520
226588
226592
226631
226698
230879
230899
230993
230912
234628
230231
230236
230244
230248
232117
232121
8821
8853
8861
8914
8875
8887
8904
8900
8955
9120
9110
9128
9295
9312
9346
9351
9423
9454
9604
9623
9654
9660
9681
9696
10082
10083
10247
10250
10255
10122
9433
10191
10181
10197
34671
34093
10378
10379
10422
10431
10469
10473
10479
10547
10559
10433
10526
10548
10667
12643
12644
12649
12662
12690
13283
13285
13298
12673
34467
12719
12754
12764
12852
12859
12899
12904
12740
12925
12738
12889
12890
12885
12894
12950
12986
12988
12992
12997
13002
12908
