60
140663 140655 944
140655 140663 944
55665 55795 475
55795 55665 475
55811 55813 796
55813 55811 796
55868 55869 871
55869 55868 871
56573 56570 871
56570 56573 871
189803 190194 951
186279 186288 436
190194 189803 951
190230 190243 326
190243 190230 326
195121 195265 400
195265 195121 400
195769 195843 2490
195843 195769 2490
195843 195845 161
195845 195843 161
202751 203227 1983
203227 202751 1983
203232 203244 1967
203244 203232 1967
203281 203288 2170
203458 203461 439
203288 203281 2170
203308 203310 1063
203310 203308 1063
203449 203465 901
203462 203461 110
203465 203449 901
203461 203458 439
203461 203462 110
202541 202547 1339
202547 202541 1339
202718 202722 1235
202722 202718 1235
197098 197105 548
197105 197096 804
197105 197098 548
197096 197105 804
197099 197111 781
197111 197099 781
26401 26398 927
26398 26401 927
144179 144181 662
144181 144179 662
140845 140945 2097
140945 140845 2097
140941 140965 555
140965 140941 555
186288 186279 436
186271 186302 720
186302 186271 720
186768 186770 738
186770 186768 738
186897 186896 790
186896 186897 790
170
26401
27069
26398
14344
26497
26482
26485
26500
26502
26347
26493
26534
26535
27411
52769
53382
29438
53371
52758
52762
55548
54864
54869
55502
55522
55541
55542
53671
53694
53701
53702
140847
140851
140854
141179
141180
195122
195355
214433
195357
144179
144181
140591
140866
140865
140871
140888
140892
140935
140845
140945
140941
140944
140965
140967
186288
186271
186302
186294
186463
186645
186550
186548
186673
186688
186767
186768
186770
186776
186793
186803
186818
186927
186897
186918
186896
190587
186922
186914
140647
140657
140661
140625
140662
140663
140655
140654
55553
55556
55662
55672
55795
55811
55812
55813
55814
55868
55869
55877
55881
56564
56570
189803
189779
186279
189723
190194
190200
190241
190208
190221
190230
195098
195121
194734
195300
195383
195763
195769
195823
195828
195849
195844
195845
195836
195998
196018
196020
196103
196113
202743
202744
203227
203232
203244
203442
203447
203288
203308
203502
203537
203317
203449
203459
203543
205714
205707
202509
202537
202547
202677
202722
196112
196109
196472
196526
196535
196557
197098
197099
197111
197113
197166
202506
205899
205917
205977
205984
206002
205999
