60
52690 52676 788
52695 52721 511
52721 52695 511
186311 186306 474
186960 186968 2253
186970 186972 1355
194646 194644 369
194644 194646 369
186968 186960 2253
186968 186972 860
186972 186968 860
186972 186970 1355
190696 190717 40
190717 190696 40
194596 194615 1983
194615 194596 1983
194718 194727 679
194727 194718 679
186306 186311 474
186208 186193 796
52516 52520 1022
52520 52516 1022
52513 52106 788
52106 52513 788
52528 52549 788
52528 52551 790
52551 52528 790
52365 52368 373
52365 52371 612
52368 52363 697
52368 52365 373
52371 52365 612
52549 52528 788
52549 52573 878
52573 52549 878
52363 52368 697
52345 52350 1484
52350 52345 1484
52350 52351 927
52351 52350 927
52417 52472 1306
52472 52417 1306
186193 186208 796
198484 198489 1529
198489 198484 1529
198489 198490 439
197980 197977 1887
198490 198489 439
197977 197979 255
197977 197980 1887
197979 197977 255
198071 198072 575
198072 198071 575
20860 20861 884
20861 20860 884
50796 50788 827
50796 50801 738
50801 50796 738
50788 50796 827
52676 52690 788
173
19885
19886
19893
19405
19979
19985
19155
19164
19708
19710
19724
19352
35342
19381
19407
19261
19434
19451
19453
19410
19481
19524
19529
20541
20543
20577
20584
20591
20593
20569
20575
20688
20689
20736
20866
25744
25756
6587
25814
25824
27644
27534
27808
15759
27846
27948
28058
20720
20725
20726
20860
20872
20880
20890
20861
28108
28065
28073
28091
27756
27766
27734
27738
27779
27744
27781
28135
28147
50701
51179
51180
51173
51126
50796
50801
51057
51061
50712
50959
50963
50789
50791
50788
50751
51066
51139
51880
51883
51891
51983
51960
51991
52022
52638
52664
52641
52644
52707
52676
52702
52690
186353
186311
186348
186366
186370
194531
194563
194578
194644
194635
214960
194654
194543
194632
186968
186981
190696
190717
190742
194558
194572
194615
194718
194744
194754
186306
186209
52516
52520
52523
52513
52106
52109
52543
52186
52201
52528
52365
52371
52378
52361
52375
52530
52573
52348
52363
52345
52351
52417
52472
52446
52488
52594
186193
186194
189748
189684
189751
214301
194782
194784
214448
214450
198482
198489
197980
198490
197979
195332
198060
198071
198072
