44
73746 73777 686
73777 73746 686
73781 73775 556
73775 73781 556
73916 73917 818
73917 73896 607
73917 73916 818
73896 73902 562
73896 73917 607
73902 73896 562
57724 75585 1478
75585 57724 1478
75648 75643 405
75643 75648 405
170244 170222 1669
170222 170244 1669
97292 102169 1070
102169 97292 1070
118433 118434 518
118434 118433 518
118347 118349 2088
118349 118347 2088
116694 116695 874
116695 116694 874
116721 116909 613
116909 116721 613
116909 116910 474
116910 116909 474
119733 119734 1075
119734 119733 1075
88476 88477 1385
88477 88476 1385
87685 87735 680
87735 87685 680
88166 88186 978
88186 88166 978
88840 88859 1021
88859 88840 1021
88991 88997 891
88997 88991 891
73599 73600 1012
73600 73599 1012
73740 73741 853
73741 73740 853
162
73248
75156
76723
76066
76095
76090
76092
76306
56987
76722
72028
76281
76737
87362
75165
75182
75160
75168
87645
87718
88474
88476
88470
88473
88459
88477
87685
87735
88027
87722
88066
88546
88549
90713
88553
84861
88556
88616
88583
87422
88156
88192
88152
88166
88186
88587
88614
88600
88319
88350
88368
88362
88373
88354
88357
88840
88859
88862
88901
83870
83872
88877
88991
88997
88927
88968
88999
89566
76608
73252
73294
64949
73086
73663
73589
73565
73593
73599
73600
73740
73741
73746
73777
73775
75323
75333
75335
75360
75361
75371
75364
75385
57657
73922
73811
73898
73900
73902
74020
57724
75561
75586
75591
75614
75643
75646
75637
75655
75684
75685
170244
170219
170222
159866
95905
95911
101818
96940
96938
96967
96974
102626
97289
100689
100690
97029
100732
102127
118433
118458
118434
116461
116512
116530
116532
116495
118349
116581
116560
116561
116564
116568
116588
116589
116682
116689
116695
116712
116718
116721
116910
119586
119611
119616
119733
119734
119744
119767
119894
120139
119775
119783
