76
190591 190211 259
190212 190227 278
190204 189814 1050
190227 190212 278
195773 195855 1036
195831 195863 355
195863 195831 355
195863 195865 774
195852 195853 792
195853 195852 792
195855 195773 1036
195865 195863 774
195997 196001 845
196001 195997 845
202795 202798 1346
202798 202795 1346
202808 202812 2087
202812 202808 2087
203233 203248 1945
203248 203233 1945
203252 203287 2187
203287 203252 2187
203538 203541 1298
203541 203538 1298
203541 203550 346
203550 203541 346
214324 202545 614
202545 214324 614
196466 196467 1023
196467 196466 1023
196467 196474 469
196474 196467 469
196551 196569 1212
196569 196551 1212
206010 206658 1428
206658 206010 1428
206658 206634 1116
205767 205769 1073
205769 205767 1073
206634 206658 1116
206647 206648 817
206648 206647 817
206917 206919 932
206919 206917 932
206987 206981 955
206981 206987 955
209273 209274 393
209274 209273 393
179332 180926 932
180926 179332 932
214439 214436 1031
214436 214439 1031
141280 141281 314
141281 141280 314
140872 140874 531
140874 140872 531
140955 140957 1434
140957 140955 1434
186300 186542 851
186542 186300 851
186542 186549 749
186549 186542 749
186678 186685 678
186685 186678 678
186709 186712 243
186712 186709 243
186735 186773 820
186773 186735 820
186862 186861 863
186861 186862 863
189807 189809 1292
189807 189814 791
189809 189807 1292
189814 189807 791
189814 190204 1050
190211 190591 259
170
141184
195356
214438
214439
214436
195360
195361
141273
141280
141281
144183
144189
146855
140872
140869
140874
140880
140894
140898
140955
140951
140957
140968
140973
141192
186274
186297
186300
186542
186647
186659
186549
186553
186678
186685
186690
186709
186712
186727
186735
186773
186779
186790
186807
186902
186933
186862
186877
186783
186861
186894
186899
140643
140648
140698
140701
140723
140737
140640
140665
140671
140672
140674
55660
55669
55824
55875
55903
189807
189809
186277
190248
189814
190225
190211
190212
195380
195389
195394
196126
195772
195773
195863
195851
195852
195853
195855
195865
196001
196030
214442
202795
202798
202810
202808
202809
202812
203233
203248
203287
203479
203527
203538
203541
203312
203327
203474
204159
203550
205718
205719
205775
205776
214939
214324
202545
202554
196063
196064
196466
196474
196528
196530
196547
196559
196551
196569
197110
197147
205942
206005
206007
206009
206658
195958
205769
205941
205943
205771
214379
206634
206635
206636
206640
206648
206656
206751
206902
206917
206919
206925
206976
206987
206981
206983
209274
209293
209247
209329
180195
180216
180225
180221
177702
180958
180949
180954
179332
180912
180926
