62
210402 210399 679
209509 209510 853
209510 209509 853
210103 210108 566
210108 210103 566
210108 210109 508
210109 210108 508
210133 210134 1661
210134 210133 1661
210192 210191 846
210191 210192 846
210191 210209 1048
210209 210191 1048
210209 210212 1099
210212 210209 1099
210212 210400 1277
210400 210212 1277
210481 210484 779
210484 210481 779
210484 210485 1163
210484 210486 833
162826 162830 630
162830 162826 630
162877 162893 848
162855 162896 752
162896 162855 752
162893 162877 848
210485 210484 1163
210486 210484 833
179169 179194 202
179194 179169 202
179208 179209 1346
179209 179208 1346
115634 115636 839
115636 115634 839
106460 106840 2043
106840 106460 2043
193189 193191 947
193191 193189 947
190969 193228 2037
193228 190969 2037
192208 192514 1178
192514 192208 1178
182696 182694 3449
182696 182707 1120
182707 182696 1120
182694 182696 3449
182827 182829 330
182833 182834 818
182834 182833 818
182829 182827 330
182884 182883 1010
182883 182884 1010
183993 178786 2218
178786 183993 2218
183317 183285 1919
183285 183317 1919
210413 210399 901
210414 210418 706
210418 210414 706
210399 210402 679
210399 210413 901
162
184647
185977
183109
183158
183035
183146
183155
183176
181499
181740
181761
182669
182673
181604
185803
181610
181687
181685
182660
181654
181680
181657
181700
182040
182045
182696
182707
182694
182827
182833
182834
182829
182837
182861
182870
182795
182864
182884
182883
183474
183466
183481
183698
183628
183633
183644
185233
185235
183470
183993
183713
183715
174050
174064
172897
183291
183310
183730
183737
183611
183747
183609
178786
183046
183244
183241
183308
183303
183317
183285
163068
163070
210413
210414
210418
210399
210401
209267
209510
209519
209532
209600
209610
209622
209630
210104
210138
210134
210158
210187
210192
210191
210209
210212
162685
162819
162826
162830
162552
162875
163104
162877
162855
162895
162896
162893
205334
210485
210492
210505
179169
179194
179208
179341
179209
179128
179134
179335
179340
179311
115634
115636
115560
115891
106460
106465
106469
106285
106356
106304
106419
32367
30225
32440
114766
114764
114755
114757
114673
114724
114754
194110
193092
193083
193108
193146
193136
193155
193184
193189
193191
190971
190969
193228
193249
192182
192208
192411
192514
192166
192547
35116
