40
227266 227264 3371
7662 7670 2681
7670 7662 2681
225757 225762 2000
225762 225757 2000
225762 225763 1084
225759 225760 2224
225760 225759 2224
225763 225762 1084
225661 225666 1460
225666 225661 1460
226060 226057 1337
226057 226060 1337
8272 8304 746
8304 8272 746
8762 8760 375
8755 8757 940
8760 8762 375
8757 8755 940
8803 9483 1085
9483 8803 1085
16414 16416 2285
16416 16414 2285
16647 16651 492
16651 16647 492
16686 16687 525
16686 16690 467
16687 16686 525
16690 16686 467
16771 16774 744
16774 16771 744
234474 227421 1697
227421 234474 1697
227742 227747 2125
227747 227742 2125
227014 227013 2021
227264 227266 3371
227013 227014 2021
227013 227487 2021
227487 227013 2021
161
139482
139501
225238
225459
225082
234262
225211
225217
225231
234773
225083
225100
225113
225822
235241
235247
225916
225946
235005
235008
235015
225169
225161
225183
225180
227702
234474
227421
234323
227739
227742
227747
228033
227891
227867
227654
227662
235233
227919
227955
227878
227898
227970
233955
234090
234167
234191
226822
226842
234154
234149
226856
234560
235228
235602
235603
227041
227045
227064
226957
226988
234649
227000
227006
226975
227146
227153
227156
227236
227238
227014
235155
228242
227264
227013
227485
227487
227534
227636
227641
227628
227266
6719
6721
6723
6797
6835
7620
7625
7662
7683
9684
7784
7852
7835
34719
7676
7682
226068
226077
225900
226050
234757
225932
225757
225759
225760
225763
225786
225788
225778
225784
225731
225661
225666
225665
226060
226057
226415
15910
14976
7866
8229
8266
8283
8287
8272
8304
8332
8700
8353
8760
8728
8765
8766
8783
8799
8801
9483
9504
16360
16371
16372
16416
16437
16446
16447
16435
16642
16647
16651
16664
16680
16686
16687
16690
16693
16771
16772
16783
16774
