72
131750 131746 1903
131750 131777 337
131777 131750 337
54445 54514 2291
54514 54445 2291
54514 54520 2353
54557 54562 3666
54562 54557 3666
54590 54593 404
54590 54595 1903
54593 54590 404
52744 54685 3089
54520 54514 2353
54685 52744 3089
54595 54590 1903
53920 53937 1586
53950 53938 2557
53938 53937 2485
53938 53950 2557
53937 53920 1586
53937 53938 2485
55192 55230 1560
55231 55230 951
144497 144493 2336
144497 144508 2512
144508 144497 2512
144508 144545 2775
144545 144508 2775
144682 144687 1331
144687 144682 1331
144687 144693 220
144693 144687 220
150503 150617 1683
150499 150498 508
150498 150499 508
150617 150503 1683
150617 150622 1695
150622 150617 1695
150655 150648 1367
150648 150655 1367
140273 140365 845
140365 140273 845
140189 140368 1981
140368 140189 1981
141865 141867 2383
144493 144497 2336
141867 141865 2383
142096 142105 825
142105 142096 825
142105 142103 890
142102 142103 856
142103 142102 856
142103 142105 890
142074 142587 1866
142587 142074 1866
142548 142549 319
142549 142548 319
144501 142551 798
142551 144501 798
55230 55192 1560
55230 55231 951
48345 48339 677
48339 48345 677
48845 48842 1629
48842 48845 1629
131483 131478 1055
131478 131483 1055
131509 131508 747
131507 131508 713
131508 131507 713
131508 131509 747
131746 131750 1903
174
40442
40463
40467
40494
40603
40453
40473
40476
40562
40475
40374
40384
50259
50407
50409
40823
40824
40827
40834
40846
40848
40856
40907
40577
40586
40812
55230
55239
55241
55243
55422
41625
40817
50384
48383
48409
48531
48550
48556
48345
48357
48371
48373
41631
48339
48580
48698
48699
48704
48731
48884
48585
48587
48886
48845
48840
48864
48873
48878
48954
48955
48842
48239
48993
48992
49009
49011
49032
48313
131366
131372
48312
48388
131367
131370
131385
131479
131483
131478
131509
131507
131508
131655
131746
131777
131778
131833
131834
131842
54364
54411
54416
54427
54445
54514
54368
54557
54562
54584
54593
52743
52744
53778
54520
54527
54728
54595
53864
53913
53914
53950
53772
56773
53935
55153
55154
144497
144508
144543
144684
144545
150503
150499
150498
150617
150622
150655
150648
140291
150730
150646
140272
140273
140365
140368
140433
140440
140446
142536
142546
141867
141879
141915
141937
141896
141933
141939
141954
151749
142111
142114
142132
142096
142105
142088
142102
142103
150721
142064
142065
142070
142587
142591
142615
142624
142722
142736
142740
142548
142549
144501
142551
142775
142771
