36
66394 66386 4230
73534 66369 7266
73541 73540 1230
73541 73542 1347
73542 73541 1347
73540 66388 1488
73540 73541 1230
66386 66388 1902
66386 66394 4230
66388 66386 1902
66388 73540 1488
66257 66362 337
66362 66257 337
66369 73534 7266
66430 66435 4268
66435 66430 4268
66606 66612 2020
66612 66606 2020
75580 75583 1122
75583 75580 1122
77332 77333 534
77333 77332 534
75851 75854 1360
75854 75851 1360
102143 102144 2287
102144 102143 2287
58682 58681 2495
58681 58682 2495
58681 119551 1535
119551 58681 1535
119571 119575 789
119575 119571 789
83522 83523 1984
83523 83522 1984
88445 88432 279
88432 88445 279
157
86293
88693
87667
88700
87698
88789
76375
76383
76389
76391
87440
87452
87444
87445
87479
87563
88243
88275
83522
83523
88826
89127
89182
89183
89184
88690
84243
89199
89203
87632
87634
88286
88272
88450
88445
88432
88440
88267
85203
89501
90073
91548
88758
89461
89458
88921
89080
89109
89075
89103
83978
80650
80654
80646
80648
80691
80695
87145
87170
89523
89536
83135
89591
89973
89993
73629
78387
73534
73535
73542
66257
66229
66234
66263
66362
66369
78936
66395
66398
66404
66421
68772
66427
66430
66432
66453
66532
66606
66612
66615
73609
73760
73761
73607
75751
75753
75762
75757
75580
73952
73962
73999
77340
78233
73995
75731
75782
75783
77332
77333
75841
75854
75910
63947
63767
75944
76351
76352
76487
75927
75942
69644
71519
73665
170167
170187
159885
100686
116748
116764
116429
116777
58336
58341
58349
58360
116793
58662
58670
58682
58684
58681
119551
119560
119516
119571
58828
119575
58834
120096
120100
120097
119594
120106
120111
120122
59433
