48
173162 173216 3330
173217 173216 2203
173216 173162 3330
173216 173217 2203
153010 153011 2231
153011 153010 2231
176115 176118 1402
176508 176507 849
176507 176508 849
176491 176494 2922
176494 176491 2922
176519 176523 1520
176177 176142 344
176523 176519 1520
176142 176177 344
176118 176115 1402
177147 177148 984
177148 177147 984
177099 177101 788
177101 177099 788
177028 177027 673
177027 177028 673
177180 176113 672
177180 177178 828
177178 177180 828
177178 177184 630
177184 177178 630
176113 177180 672
176219 176207 2628
176202 176201 841
176201 176202 841
176206 176205 511
176207 176205 984
176207 176219 2628
176205 176206 511
176205 176207 984
166764 166783 1268
166783 166764 1268
166783 166787 927
166787 166783 927
182181 182180 682
182180 182181 682
182284 182278 512
182278 182284 512
152949 152948 358
152948 152949 358
152362 152363 724
152363 152362 724
160
166729
166703
167239
162532
162533
167108
167220
167221
167090
166727
166768
172498
166764
166783
166787
166793
167008
167028
167020
167049
167097
167105
152417
162542
152416
152422
152413
180129
180392
180379
180399
180362
179676
179681
179705
180166
180431
182347
173589
173597
182333
182109
181918
182112
182094
182098
182141
182181
182180
182198
182284
182278
182288
182306
152335
152949
153006
152938
152946
152948
152321
152734
152345
152373
152337
152358
152362
152363
152323
152451
152474
153092
153133
155704
155777
155782
155726
153394
153138
153142
173522
185274
173592
173595
173578
173550
173682
185435
173162
173169
185446
173874
185443
152918
153010
153048
153031
155492
153064
153042
153055
153011
153051
155521
155518
155548
155494
155496
176115
176122
176472
176494
156246
176502
176519
176177
176524
176140
176139
176142
155658
155649
155677
156247
156291
156301
156250
155629
155642
155623
155537
155593
155599
155617
176079
177108
177121
177111
176996
177014
177101
176970
177163
177028
177047
177046
177217
177008
177027
177184
177186
177188
177192
177207
176219
176107
176201
176206
176207
175147
