54
74861 74860 475
74860 74861 475
74980 74975 924
74975 74980 924
76238 76237 1114
76237 76238 1114
74766 74764 1268
74984 74727 1700
74727 74764 2454
74727 74984 1700
74764 74727 2454
74764 74766 1268
74744 74746 818
74748 74715 1357
75293 75295 2157
75295 75293 2157
74610 74608 1633
74608 74610 1633
74746 74744 818
74715 74748 1357
171740 171746 1000
171746 171740 1000
171783 171891 2279
171891 171783 2279
171930 171931 3557
171931 171930 3557
96210 96209 2585
96209 96210 2585
97075 97076 1031
97076 97075 1031
124537 124540 808
124540 124537 808
124551 124552 809
124552 124551 809
124552 124556 891
124556 124552 891
120183 120180 2158
120180 120183 2158
60468 60569 924
60569 60468 924
60540 60584 3086
60584 60540 3086
66887 66889 688
66889 66887 688
67322 67324 452
67324 67322 452
70697 70700 1336
70700 70697 1336
64707 64700 422
64719 64734 1014
64734 64719 1014
64700 64707 422
74871 74851 1709
74851 74871 1709
169
124431
124439
124477
124537
124540
124551
124552
124682
124556
124699
124706
120183
120192
120241
120169
120180
124574
124685
124562
124566
120215
120244
120248
120250
67044
67045
67065
66981
66956
77728
60468
60569
77043
66998
60539
60567
60540
60584
60603
66886
66887
66889
66899
70718
70726
70722
66921
67322
67324
67327
70714
70697
77087
70693
70700
70741
64459
64470
64510
64549
64503
64632
64644
64656
64623
64655
64652
64676
64730
64742
64707
64719
64734
64737
64722
63499
64698
63495
64700
64228
64240
64185
70831
73147
73150
74792
74794
74871
74894
74908
74910
74905
57731
74851
74059
73236
74102
74167
74861
74860
74870
74864
74963
74973
74978
74975
74473
74484
74547
75069
75080
76032
76238
76224
76237
75019
75021
74766
74768
74984
75032
77311
77310
78288
74723
74748
74577
74582
74585
75293
75295
74592
74597
74600
74610
74608
74609
74746
170964
171740
171746
171778
171783
171878
171892
171891
171930
171929
171932
171931
170967
95863
96192
96210
96209
96290
96787
96819
96827
96832
96852
95648
97308
102324
103094
97038
97074
97075
97076
