94
196845 196793 1048
196832 196828 1643
196809 196826 2232
196826 196809 2232
196828 196832 1643
145354 145374 151
145374 145354 151
146036 146038 830
146078 146034 797
151500 151439 1018
151439 151500 1018
146034 146078 797
146038 146036 830
139762 139763 1294
139762 139763 1294
151390 151392 534
151392 151390 534
139763 139762 1294
139763 139762 1294
203683 203684 866
204131 204130 245
204135 204646 843
204130 204131 245
204646 204135 843
204648 204653 709
204653 204648 709
203684 203683 866
203735 203739 482
203739 203735 482
203772 203786 624
203786 203772 624
203786 203787 213
203787 203786 213
203793 203794 473
203794 203793 473
203794 203797 2002
203797 203794 2002
204035 204040 863
204040 204035 863
208503 207830 329
207610 208100 2052
208100 207610 2052
208065 208067 825
208067 208065 825
208067 208069 755
208076 208077 201
208077 208076 201
207758 207757 779
207805 207808 1026
207808 207805 1026
207808 207816 936
195347 207827 677
207830 208503 329
207816 207808 936
207816 207827 684
207827 195347 677
207827 207816 684
208069 208067 755
208069 208070 801
208070 208069 801
208083 208084 559
208084 208083 559
208084 208085 853
208085 208084 853
208158 208161 622
208158 208167 307
208161 208158 622
208167 208158 307
208416 208431 1658
208431 208416 1658
196712 196708 433
196708 196712 433
196742 196770 1463
196770 196742 1463
141602 141603 350
141603 141597 516
141603 141602 350
141597 141603 516
142266 142265 1321
142265 142266 1321
141807 141815 1173
141815 141807 1173
141854 141852 875
141852 141854 875
207630 207633 796
207633 207630 796
207757 207758 779
207757 207759 696
207759 207757 696
207698 207689 756
207689 207698 756
196852 196853 1565
196853 196852 1565
196793 196845 1048
172
144604
144601
144602
144637
144642
196712
196708
196709
196724
196435
196438
196613
196434
196784
196742
196770
141602
141603
141567
141597
150657
139857
150399
150673
139868
139869
139875
140154
140159
140177
140219
140237
141550
142263
142300
142307
142469
142472
142478
142448
141856
142266
142265
141599
141612
141622
141625
141633
141647
141807
141815
141848
141854
141852
141860
56073
55993
56110
56134
56140
204681
207630
207633
207643
207757
207756
207759
207750
207697
207698
207689
207684
196852
196853
196793
196803
196832
196749
196810
196826
145348
145354
145365
145370
145374
145367
145424
145441
145448
145464
145467
145474
145476
145991
146014
146027
146036
146078
151423
151433
151434
151432
151426
151500
151439
146034
146038
139762
151386
151390
139763
203683
204039
204105
204110
204497
204498
204131
204648
204653
204677
203684
203701
203702
203733
203739
203772
203787
203793
203797
203799
204013
204016
204035
204040
208500
208503
208073
208095
207610
208100
208501
208065
208066
208076
208077
207758
207805
207808
195347
207830
207816
207827
208085
208131
208147
208161
208184
208378
208412
208416
208431
208429
208434
208447
208446
208453
210696
210699
178660
178807
178693
