54
208196 208410 1960
208196 208650 237
208410 208196 1960
208475 208476 760
208476 208475 760
210759 210763 1638
210763 210759 1638
210763 210774 2419
210774 210763 2419
180674 180680 682
180641 180643 708
166526 166525 842
166525 166526 842
166575 166723 1004
166723 166575 1004
166672 166671 842
166680 166711 2557
166671 166672 842
166711 166680 2557
167178 167177 818
167177 167178 818
180680 180674 682
180410 180643 1719
180643 180410 1719
180643 180641 708
180390 180401 1151
180401 180390 1151
182237 182211 869
182211 182237 869
145486 145488 1429
145488 145486 1429
145572 145573 744
145573 145572 744
145573 145576 780
145576 145573 780
145407 145427 777
145749 145748 774
145748 145749 774
145427 145407 777
145822 145823 726
145823 145822 726
146046 146048 809
146048 146046 809
204511 204501 402
204494 204493 724
204493 204494 724
204501 204511 402
208583 208584 936
208571 208543 662
208543 208571 662
208179 208178 802
208178 208179 802
208584 208583 936
208650 208196 237
160
207735
204867
207719
207734
144671
144743
144667
144744
144738
144750
145306
144739
145318
145322
145325
144777
145118
145478
145486
145488
145506
145507
145515
145572
145573
145576
145407
145750
145749
145748
145589
145591
145587
145612
145427
145764
145768
145810
145822
145823
145838
145843
145866
146046
146048
146068
146070
146081
151456
151544
151545
151488
151529
151530
151543
151486
203808
204511
203810
203812
203826
203830
203835
204413
204415
204428
204485
204494
204493
204501
208583
208571
208543
208544
208540
208560
208575
208578
208179
208178
208584
207800
207801
207847
208553
207870
208190
208602
208650
208410
208420
208470
208476
208728
210729
210759
210763
210774
180634
180673
180674
180238
185572
176649
176653
180641
166518
166526
166525
166533
166575
166723
166648
166672
166721
166676
166671
166699
166701
167199
167210
167178
167180
167176
167177
167166
167173
167093
167092
166682
166714
167004
167070
172666
167036
167146
152399
162548
180680
180493
180169
180390
180394
180401
180176
179695
180407
180422
180482
178646
170625
185269
173601
169508
181988
182242
182211
181919
181926
181928
