72
53019 53023 1206
53030 53040 2516
53040 53030 2516
53047 53048 1168
53048 53047 1168
53312 53314 373
53314 53312 373
53087 52483 474
52920 52922 673
52922 52920 673
52922 52927 873
52927 52922 873
54787 54784 848
54784 54787 848
54796 54791 1242
56733 54791 256
54918 54917 848
54917 54918 848
54928 54940 933
54940 54928 933
55022 55029 279
55029 55022 279
55597 55600 751
55600 55597 751
53483 53504 445
53504 53483 445
49725 49726 2028
49726 49725 2028
53678 53706 2262
53710 53711 610
53711 53709 1664
53711 53710 610
53706 53678 2262
53709 53711 1664
54791 54796 1242
54791 56733 256
144296 144297 401
144297 144296 401
144306 144304 801
144304 144306 801
195557 195541 965
195541 195557 965
195542 196300 1264
196300 195542 1264
196304 196306 683
196306 196304 683
196291 196312 1459
196274 196275 337
196275 196274 337
196312 196291 1459
141387 141389 884
141389 141387 884
141120 141134 1418
141134 141120 1418
189852 189853 285
189853 189852 285
189944 189947 957
189947 189944 957
190337 190346 1712
190346 190337 1712
26133 26135 1951
26135 26133 1951
26184 26179 2319
26179 26184 2319
105549 105551 1438
105551 105549 1438
52483 53087 474
52957 53020 807
53020 52957 807
53022 53023 475
53023 53019 1206
53023 53022 475
167
18416
18430
18436
18652
18653
18462
18479
18476
18445
18448
103516
103529
103600
103537
103598
103519
103615
25271
25273
26133
26135
26153
26546
18855
19179
26184
18857
26179
26189
26205
26128
29196
41681
105545
105177
103554
105552
103700
105549
105551
105565
40204
40211
40213
29143
29212
29231
34321
29288
29285
29287
29303
29299
29318
29307
29290
29316
27331
27358
27349
27350
29351
29367
29368
27280
29097
29099
29437
52483
52957
53020
53022
52954
53023
53019
53026
53040
53052
53048
53314
53322
53323
53332
53080
53087
52920
52922
52927
52930
52932
53581
54787
54784
54833
54877
54796
54889
54917
54922
54924
54928
54940
54941
55008
55022
55597
55600
55604
53483
53504
53508
53532
49738
49772
49725
49724
49726
49776
49777
49764
53678
53690
53710
53711
53706
53709
54791
141316
144337
144296
144297
144266
144208
144213
144215
144308
195487
195495
144306
144304
195543
195545
195557
195541
195542
196300
196292
196303
196306
196309
196274
196275
196312
141332
141387
141389
141403
144204
141137
141134
189847
189852
189929
189947
190337
190346
190584
