286
461 460 1360
461 6374 485
1888 1885 2138
1888 1889 1359
1899 1874 1031
1899 1896 1012
1981 444 1576
1981 1982 2278
2064 2054 706
2064 2056 2118
2079 2068 782
2079 2070 1774
2079 2080 1336
2079 2081 1709
2129 2128 550
2129 2130 201
2147 2146 893
2149 2137 1926
2149 2150 948
2149 2150 948
2149 2151 893
2271 2269 4311
2271 2690 2224
2277 2690 1341
2745 2742 1915
76 77 488
80 77 1284
2701 2700 333
2743 2700 1179
2599 2595 1336
2600 2595 1816
2607 2606 563
2607 2608 320
2611 2608 481
2615 2608 712
2615 2619 818
2622 2619 501
424 423 3031
424 2623 846
423 424 3031
423 2664 136
2665 2664 646
2678 2676 562
2678 2679 1680
2679 2678 1680
2679 2681 889
2679 2688 1341
2682 2681 929
2872 2688 1445
3997 3995 905
3301 3305 2143
3301 3306 1874
3306 3301 1874
3306 3305 893
3323 3322 580
3323 3331 2389
3331 3323 2389
3331 3330 796
3984 3974 597
3996 3970 4354
3998 3987 168
4068 3993 452
4069 3993 474
5804 5803 2984
5807 5803 9419
4569 4572 6856
4569 4589 9092
4572 4569 6856
4572 4589 5036
4584 4585 6137
4599 4598 434
4710 4711 807
4716 4715 3943
100 99 3177
100 260 2780
222 221 796
236 221 7762
99 100 3177
99 232 275
99 233 503
233 99 503
233 232 275
4744 4740 1441
4693 4789 488
4725 4726 1396
4727 4726 362
4698 4700 1267
4699 4700 1544
4701 4700 1225
380 379 2089
380 379 2089
380 381 1305
383 381 2743
383 384 419
255 259 3089
261 259 4133
270 278 670
286 285 1734
1595 285 2002
379 283 6506
379 380 2089
379 380 2089
390 283 2102
390 392 2768
5693 5692 262
5872 5873 1173
5874 5873 1490
5822 5806 4240
5798 5827 5759
5828 5827 796
5809 5805 3111
5843 5842 1004
5844 5842 353
5917 5916 2340
5918 5916 796
143 142 1897
144 142 473
149 145 782
150 145 765
260941 260942 3316
260941 260942 3316
5683 5682 678
5722 5721 1786
5740 5739 1821
5741 5739 1813
5789 5784 1558
5789 5791 4581
5790 5784 4632
5791 5789 4581
5791 5794 1106
5795 5794 2463
5786 5785 2771
5787 5785 4712
5738 5774 1952
6233 5774 4008
5773 5778 1241
5779 5778 2088
5780 5792 2870
6237 5792 5584
385 384 2890
389 388 889
411 388 3520
395 392 7446
395 396 335
398 396 3982
1884 407 2062
1885 407 2248
1885 1888 2138
1989 444 2242
462 460 1468
6374 461 485
1889 1888 1359
1874 1899 1031
1896 1899 1012
1982 1981 2278
2054 2064 706
2056 2064 2118
2056 2068 2568
2068 2056 2568
2068 2079 782
2070 2079 1774
2080 2079 1336
2128 2129 550
2137 2149 1926
2151 2149 893
2269 2271 4311
2081 2079 1709
2130 2129 201
2146 2147 893
2150 2149 948
2150 2149 948
2690 2271 2224
2690 2277 1341
2742 2745 1915
77 76 488
77 80 1284
2700 2701 333
2700 2743 1179
2595 2599 1336
2595 2600 1816
2606 2607 563
2608 2607 320
2608 2611 481
2608 2615 712
2619 2615 818
2619 2622 501
2623 424 846
2664 423 136
2664 2665 646
2676 2678 562
2681 2679 889
2681 2682 929
2688 2679 1341
2688 2872 1445
3995 3997 905
3305 3301 2143
3305 3306 893
3322 3323 580
3322 3330 2440
3330 3322 2440
3330 3331 796
3974 3984 597
3970 3987 1194
3970 3996 4354
3987 3970 1194
3987 3998 168
3993 4068 452
3993 4069 474
5803 5804 2984
5803 5807 9419
4589 4569 9092
4589 4572 5036
4585 4584 6137
4598 4599 434
4711 4710 807
4715 4716 3943
260 100 2780
221 222 796
221 236 7762
232 99 275
232 233 275
4740 4744 1441
4789 4693 488
4726 4725 1396
4726 4727 362
4700 4698 1267
4700 4699 1544
4700 4701 1225
381 380 1305
381 383 2743
259 255 3089
259 261 4133
278 270 670
285 286 1734
285 1595 2002
283 379 6506
283 390 2102
5692 5693 262
5873 5872 1173
5873 5874 1490
5806 5805 2479
5806 5822 4240
5827 5798 5759
5827 5828 796
5805 5806 2479
5805 5809 3111
5842 5843 1004
5842 5844 353
5916 5917 2340
5916 5918 796
142 143 1897
142 144 473
145 149 782
145 150 765
260942 260941 3316
260942 260941 3316
5682 5683 678
5721 5722 1786
5739 5740 1821
5739 5741 1813
5784 5789 1558
5784 5790 4632
5794 5791 1106
5794 5795 2463
5785 5786 2771
5785 5787 4712
5774 5738 1952
5774 6233 4008
5778 5773 1241
5778 5779 2088
5792 5780 2870
5792 6237 5584
384 383 419
384 385 2890
388 389 889
388 411 3520
392 390 2768
392 395 7446
396 395 335
396 398 3982
407 1884 2062
407 1885 2248
444 1981 1576
444 1989 2242
460 461 1360
460 462 1468
137
2081
2130
2146
2150
2690
2742
77
2700
2595
2606
2608
2619
2623
2664
2676
2681
2688
3995
3305
3322
3330
3974
3970
3987
3993
5803
4589
4585
4598
4711
4715
260
221
232
4740
4789
4726
4700
381
259
278
285
283
5692
5873
5806
5827
5805
5842
5916
142
145
260942
5682
5721
5739
5784
5794
5785
5774
5778
5792
384
388
392
396
407
444
460
457
2271
2277
76
2701
2743
2599
2600
2611
2622
424
2665
2678
2872
3301
3306
3323
3331
3998
5804
5807
4569
4572
4584
4599
4710
4716
100
222
236
233
4693
4698
4699
4701
255
270
286
1595
390
5872
5822
5798
5828
5809
260941
5722
5741
5789
5791
5738
6233
5773
5780
385
398
1885
1874
1896
2054
2056
2068
2070
2080
2128
2137
2151
2269
