44
250464 250472 824
250462 250468 805
250472 250464 824
250468 250462 805
246532 246535 809
246535 246532 809
252545 252555 418
252555 252545 418
251782 251788 671
251788 251782 671
252677 252682 434
252682 252677 434
252693 252694 1124
252694 252693 1124
252701 252729 1753
252729 252701 1753
252729 252731 1322
252731 252729 1322
254007 254008 975
254007 254009 1139
254009 254007 1139
254036 254038 445
254038 254036 445
254040 254046 403
254046 254040 403
254008 254007 975
256030 256025 889
256025 256030 889
254783 254625 1186
254625 254783 1186
253201 253211 750
253211 253201 750
237943 237944 400
237944 237943 400
237622 237623 1566
237623 237622 1566
240026 240027 672
240027 240026 672
240963 240969 1301
240969 240963 1301
250215 242367 2969
242367 250215 2969
242443 242444 1450
242444 242443 1450
170
239302
239303
237650
237696
237610
237622
237620
237623
237701
237691
237755
261703
261700
237682
237683
240403
239348
239954
240083
240026
240027
240019
241065
240591
240521
240543
240565
240615
261210
241038
241178
264105
264106
240963
240969
246130
240957
240980
240985
241686
241689
241720
241741
242128
241752
242193
242194
261818
241488
241163
250183
250215
250187
250234
242367
242345
242368
242404
242358
242469
241996
242393
242382
249595
250192
250193
242395
242443
242444
242405
242509
242510
242461
242465
246293
246308
246314
250464
250462
250472
246527
246532
246535
252545
252556
252598
246537
246547
251805
251818
251830
251831
251842
251778
251782
251788
251791
251774
251910
252747
252675
252677
252685
252607
252691
252693
252694
252731
252737
253049
254290
253984
253986
254011
254016
254007
254009
254038
254040
254062
254064
254008
254784
254792
254794
256030
256025
256026
256112
254625
254302
254307
253098
254297
254317
254327
254330
254366
254367
254368
253201
253205
253226
253216
253217
254516
254543
254544
254630
254634
254579
254631
237891
237943
236704
237926
236673
236685
236619
236646
236591
236653
236638
237275
237203
237220
237249
237269
237871
237388
