42
57297 57296 443
57296 57297 443
57296 66055 4863
66055 57296 4863
65858 78127 364
65846 77394 77
77394 65846 77
78128 78127 810
78127 65858 364
78127 78128 810
87841 87839 2136
87839 87841 2136
89364 89365 602
89365 89364 602
89356 89355 333
89355 89356 333
89449 89448 520
89448 89449 520
91374 91373 1281
91373 91374 1281
91373 91375 2928
91375 91373 2928
80538 90152 4502
90152 80538 4502
80729 80726 2236
80726 80729 2236
58430 58432 778
58432 58430 778
58436 58437 905
58437 58436 905
61107 61157 1011
61157 61107 1011
61639 61859 1682
61859 61639 1682
61987 61985 2000
61969 61972 1234
61972 61969 1234
61959 61997 1589
61997 61959 1589
61985 61987 2000
57491 57510 666
57510 57491 666
159
77527
58283
58318
58624
58430
58432
58444
58436
58437
58891
117208
117239
117222
117246
61107
61157
61170
61173
61196
61198
61781
61782
63512
61770
61773
61784
61551
61555
61572
61578
61688
61690
61709
61622
61636
61635
61639
61859
63642
63645
62025
61987
62066
61969
61970
61976
61948
61972
61943
61959
61997
61647
61649
61652
61654
61979
61985
61661
61858
61379
62274
62280
62014
57252
57230
57092
57198
58007
57736
57592
57787
57842
57912
57520
57526
57534
57491
57510
57512
57544
57728
77425
77424
57723
76803
78033
73095
78651
65903
65951
65985
56893
65966
65970
57297
66038
66044
66052
66055
65858
66619
66008
65842
58178
78125
79268
79284
87189
87592
80441
80444
87841
89283
87839
87815
87825
87827
91703
89715
91159
89723
89243
89774
89306
89417
89443
89381
89386
89412
89622
89556
87597
89019
91374
91375
89034
89586
80591
80481
80484
90152
80496
80530
80540
80612
80633
81146
81140
81163
80720
81214
81268
80858
80877
82769
82784
82834
82768
82799
