74
144724 144723 969
144756 144759 1545
144772 144767 800
144730 144722 774
144722 144730 774
145114 145120 820
145120 145114 820
145518 145521 801
145521 145518 801
145596 145597 744
145597 145596 744
145597 145609 757
145609 145597 757
145772 145767 747
145762 145757 823
145757 145762 823
145767 145772 747
145852 145861 729
145861 145852 729
146056 146071 809
146071 146056 809
151491 151492 977
151492 151491 977
151581 151582 1028
148163 149314 2038
151582 151581 1028
151538 151559 815
151559 149314 1523
151559 151538 815
149314 148163 2038
149314 151559 1523
204515 204518 261
204518 204515 261
204534 204536 938
204536 204534 938
204536 204537 1638
208613 208614 756
208613 208615 1007
208614 208613 756
208601 208609 843
207866 207865 547
208615 208613 1007
207884 207885 1337
207885 207850 710
207885 207884 1337
207850 207885 710
207865 207866 547
208609 208601 843
208629 208666 884
208666 208629 884
53921 53908 404
53908 53921 404
55149 55164 374
55164 55149 374
144481 144489 2542
144489 144481 2542
144489 144526 2767
144526 144489 2767
151769 150660 361
150659 150660 262
150660 150659 262
150660 151769 361
139906 140186 458
140186 139906 458
141877 141914 2325
141914 141877 2325
142575 142580 1367
142580 142575 1367
55465 55478 810
55478 55465 810
204537 204536 1638
144723 144724 969
144759 144756 1545
144767 144772 800
179
54578
54582
52717
54535
54538
54540
54676
54682
54666
53868
56780
53921
53918
53908
53930
55149
55164
55168
55170
55211
144481
144489
144526
144540
142093
144676
144689
139788
143290
150607
146998
151769
150659
150660
139903
139904
139906
140186
140206
140258
140259
140271
142496
142504
142532
142543
141874
141877
141914
141932
151667
142089
151756
142056
142057
142058
142072
142563
142575
142580
142581
142604
142720
142498
142507
142726
142763
142730
142768
142765
55465
55478
56361
56380
56367
204537
204700
204718
204519
204719
204795
204800
204840
207873
207779
144669
144731
144701
144725
144723
144759
144767
145309
144724
144756
144771
144772
145315
144730
144762
144770
144722
145098
145102
145114
145116
145499
145516
145518
145521
145592
145596
145597
145609
145772
145761
145762
145757
145780
145781
145611
145622
145767
145777
145820
145850
145852
145861
145867
145876
146052
146056
146071
146102
151475
151491
151492
151553
151731
151565
148163
151583
151558
203814
149314
151497
203824
204453
204518
208613
208598
208614
208617
208606
207866
194685
208634
208623
208620
208615
207791
207798
207884
207849
207850
208609
208629
208665
208666
208659
208662
208657
208672
208710
208709
208724
208731
211107
214549
