36
64498 64552 452
64528 64530 768
64530 64528 768
64530 64531 1592
64531 64530 1592
64552 64498 452
64603 64635 955
64635 64603 955
64635 64637 2113
64637 64635 2113
64670 64672 1004
64672 64670 1004
64672 64677 672
64677 64672 672
64678 63468 949
63468 64678 949
75071 75060 1762
75060 75071 1762
76232 76234 1056
76234 76232 1056
74563 74572 1885
74572 74563 1885
74572 74574 1522
74574 74572 1522
124303 124314 1276
124314 124303 1276
124759 124536 2245
124536 124759 2245
120207 120209 3158
120209 120207 3158
66958 66961 252
66961 66958 252
66953 78801 1375
78801 66953 1375
60533 60535 1976
60535 60533 1976
155
121793
121666
121667
121974
121979
118263
124232
124241
124296
132490
118032
118037
118165
118256
118086
118139
118175
124417
124303
124314
124316
124356
124508
124513
124544
124528
124530
124696
132322
120235
120160
124759
120185
124569
124536
124571
120207
120213
120219
120254
120195
120209
66958
66961
66953
66972
78801
66985
66988
66993
66950
60397
77047
77052
77045
66823
67002
67005
60527
60520
60536
60533
60535
60549
66883
60608
66891
70690
70707
70709
66912
66915
66920
70702
64544
70696
63002
63015
63017
64497
64493
64528
64482
64491
63031
78822
63035
64602
64603
64637
64620
64627
64670
64672
63481
63474
63479
63497
63468
63489
63491
63485
64210
64222
64182
74924
77906
74936
74051
74054
74061
74096
74100
74171
74181
74183
74878
74915
77735
74480
74463
74486
74532
74221
74222
75068
75060
75065
75084
75089
76146
76257
87253
87308
76215
76210
76109
76112
76223
87210
87254
75027
74769
78280
74710
74711
74212
74556
74563
74574
74614
74619
74624
75441
75442
