38
34882 29726 1367
29726 34882 1367
23157 35177 778
35177 23157 778
30618 30712 2188
30712 30618 2188
30121 30176 1070
30176 30121 1070
31337 31370 746
31370 31337 746
31571 31573 925
31573 31571 925
14418 14420 1482
14420 14418 1482
14458 14460 1935
14460 14458 1935
14513 14527 846
14527 14513 846
14527 14624 1302
14624 14527 1302
14977 14978 818
14978 14977 818
209907 209909 779
209909 209907 779
209933 209936 1401
209936 209933 1401
201703 201704 1605
201704 201703 1605
201771 201856 1012
201856 201771 1012
193397 193398 523
193398 193397 523
105621 105641 5094
105641 105621 5094
193634 193602 756
193615 191036 2946
191036 193615 2946
193602 193634 756
167
181393
181404
181435
181441
179567
179577
201903
213768
194829
213757
201885
201890
209765
209771
209814
209905
209907
209813
209909
209933
209936
209937
213890
213892
213880
213883
209888
213885
213895
213816
201530
201692
201677
201525
201667
201675
201703
201704
199259
201746
201771
201856
201857
201865
201874
192306
192583
193397
193398
193432
193446
193447
193575
192598
193335
190916
103424
105838
105935
103422
114805
105621
105641
105642
192354
192335
192371
192463
193481
193502
193507
193514
192480
193495
193544
193629
193634
193659
193622
194372
193615
191036
193682
193604
193602
193644
193645
34887
29650
29646
29799
23969
25792
29726
23157
35177
35443
21411
30617
30618
30712
30622
30605
30923
30932
30908
27590
29783
27436
34926
29842
29843
30969
29833
29830
30057
23328
23331
30098
30102
30112
30157
30164
30158
30178
30182
30184
31313
31327
31328
31337
31370
31324
31552
31571
31577
31479
31565
31586
31587
31601
31604
31660
32225
32228
32268
32315
32318
34192
32271
7435
7436
14418
14420
14467
14780
14781
14496
14458
14460
14508
14513
14527
14624
14629
14977
14978
