54
32159 32162 1789
32162 32159 1789
7459 7461 2395
7461 7459 2395
7532 7482 1778
7482 7532 1778
7482 14428 2284
14428 7482 2284
14833 14848 667
14848 14833 667
15535 15536 688
15718 15721 1398
15681 15667 2081
15667 15582 1300
15667 15681 2081
15536 15535 688
15582 15667 1300
15721 15718 1398
19759 19758 213
19705 19848 847
19758 19759 213
19848 19705 847
19951 19953 1101
19953 19951 1101
19956 19963 1101
19963 19956 1101
20130 20127 847
20127 20130 847
20033 20031 688
20031 20033 688
208975 208972 1692
208972 208975 1692
209673 209675 1891
201840 201836 827
201836 201840 827
201925 201952 815
201952 201925 815
209044 201567 329
209675 209673 1891
201567 209044 329
209686 209702 867
209702 209686 867
209702 209700 751
209700 209702 751
201712 201718 327
201718 201712 327
201718 201803 1517
201803 201718 1517
201821 201812 1143
201812 201821 1143
193742 193746 260
193746 193742 260
30217 30222 907
30222 30217 907
168
208887
208888
208975
208972
208973
208981
208987
209041
209051
209673
201791
201840
201842
201836
201949
201925
201947
201952
201968
202015
202020
202024
201973
201984
201993
202000
209044
209058
209675
201567
209062
209686
209702
209700
209710
201976
209857
205427
209853
209873
209891
209859
209900
201712
201718
201803
201820
201821
201817
201759
201818
201812
193815
193817
193387
193788
194445
193893
193802
105669
193778
192366
193705
193725
193727
193735
193742
193746
193751
194491
25059
29701
34820
29691
28716
29715
29936
29785
30070
30063
30172
30069
30074
30196
30217
30220
30222
31367
31363
32054
32062
32065
32101
32106
32134
32136
32159
27659
32222
7005
32128
32151
32162
7412
7455
7459
7462
7532
7482
14428
14758
14772
34077
14791
14833
14834
14841
14859
14860
14957
15156
15457
15698
15718
15681
19117
15536
15582
225397
225427
15721
16083
19592
19594
19601
19609
19621
19734
19624
19705
19758
19848
19851
19875
19878
19945
19920
19951
19953
19956
19963
20180
20184
21872
20112
20127
20128
20183
34286
20004
20020
19441
19493
19511
14208
20033
20031
20036
