44
246831 246453 1736
246832 246476 818
246476 246832 818
252522 252524 611
252524 252522 611
246944 246967 511
246967 246944 511
252660 252661 1899
252661 252660 1899
254077 254076 566
254107 254113 473
254113 254107 473
254211 254212 1344
254212 254211 1344
254201 254200 1220
254200 254201 1220
254206 254203 229
254203 254206 229
254076 254077 566
255961 255962 996
255962 255961 996
238563 238564 5003
238564 238563 5003
238825 239422 2595
239422 238825 2595
239969 239972 786
239972 239969 786
240044 240045 2084
240045 240044 2084
241266 241251 1071
241251 241266 1071
241296 241298 1584
241298 241296 1584
241381 241391 667
242220 242234 1493
242234 242220 1493
261282 258572 593
258572 261282 593
241391 241381 667
242223 240286 580
240286 242223 580
246019 246018 1464
246018 246019 1464
246453 246831 1736
166
239905
239967
239969
239972
240044
240045
240065
240054
240073
237370
240226
240294
240248
261420
261175
241085
241096
241079
240214
240989
261432
241164
257627
241266
241268
241270
261814
241180
241242
241251
242108
241296
241136
241321
241298
241359
241378
241381
242220
242222
242234
263394
261282
258572
242277
242280
242381
242302
245915
242207
242210
242272
241391
241406
241409
242223
240286
242231
245924
245930
245931
242290
245979
245989
246019
246025
246018
246028
246034
246026
246246
246219
246247
241737
246254
246264
246409
246417
246415
246416
242276
246379
246407
246841
246855
246891
246899
246895
246437
246453
246476
246840
246907
246902
246916
246947
246953
252522
252524
252528
252529
246944
246967
252481
252489
252512
252517
252668
236480
253947
253960
263374
254100
254113
254163
254211
254217
254212
254224
254229
254228
254201
254194
254200
255779
255780
255808
254273
254282
254206
254524
254525
254515
254528
254081
254125
255815
255811
255960
255962
255968
255969
237916
237914
237969
237972
235636
236714
237296
237284
237315
237320
237338
263154
237633
237641
237345
238361
237635
237802
237809
238563
238564
238576
238621
239422
