80
147051 147056 862
147056 147051 862
147112 147185 753
147185 147112 753
151912 151999 1518
147010 147014 1072
147014 147010 1072
151999 151912 1518
148111 148112 1570
148112 148111 1570
171450 171434 591
171450 171451 253
171451 171450 253
171584 171589 436
171589 171584 436
152164 162357 650
152156 152157 698
152156 162362 1546
162357 152164 650
162361 162362 789
152157 152156 698
152159 159281 601
159281 152159 601
159260 159261 562
159261 159260 562
162362 152156 1546
162362 162361 789
159326 159242 562
159242 159326 562
159472 159470 1538
159470 159472 1538
159489 159488 344
159488 159489 344
171039 170929 2785
170929 171039 2785
170919 170934 1660
170934 170919 1660
171435 171434 2957
171434 171435 2957
171434 171450 591
171026 171025 276
171025 171026 276
95456 95458 893
95457 95458 1533
95457 95478 346
95458 95456 893
95458 95457 1533
95478 95457 346
95479 102638 1919
102638 95479 1919
215560 215563 1141
215563 215560 1141
215563 215685 1577
215685 215563 1577
215909 215910 623
215910 215909 623
215918 217280 701
215959 215962 920
217280 215918 701
217280 217281 776
217281 217280 776
215962 215959 920
217978 217975 409
217975 217978 409
216033 216117 770
216117 216033 770
219640 219649 700
219649 219640 700
222385 222387 882
222387 222385 882
223533 223532 755
223533 223536 861
223536 223533 861
223508 223507 710
223508 223532 787
223532 223508 787
223532 223533 755
223507 223508 710
223551 223550 818
223550 223551 818
168
216427
216448
216469
216411
216412
215644
215560
215688
215563
215685
215691
215901
215909
215871
215875
215840
215850
215910
215918
215931
215929
215942
215959
217280
224729
217284
217281
215962
217300
217396
216840
224153
222532
217398
217399
215537
215557
217978
222422
222433
216114
216127
222358
222377
217975
222435
216022
216025
216015
216033
216117
216119
219630
219640
219649
219653
219826
222380
222381
222385
219877
219894
222387
222355
222373
215530
215519
215522
215895
223533
223535
223536
223508
223532
223494
223509
223507
215553
223384
223385
223551
223550
223559
223501
223503
147032
147049
147051
147098
147056
147112
147185
147187
147075
147183
151992
147006
147014
147015
151674
151998
147201
151721
147307
147868
147994
148111
148112
213006
198602
198627
198621
198654
171451
171597
171584
171615
171502
171589
171646
152161
152156
152157
152159
159281
159297
159260
159252
159254
159261
159231
159234
159315
159326
159244
159328
159335
159466
159472
159470
159489
159492
159488
212664
171031
171039
170929
170919
171435
171041
171026
171025
171028
97954
98061
102454
102455
94755
94753
95456
95479
102638
95461
95780
95797
97931
97933
94625
