40
92446 92447 981
92447 92446 981
107183 107184 1114
107184 107183 1114
107190 107191 516
107191 107186 1344
107191 107190 516
107186 107191 1344
107219 107218 333
107218 107219 333
108524 107536 2145
107536 108524 2145
109223 109224 535
109224 109223 535
93065 93074 4928
93066 93067 1693
93066 93067 1693
93067 93066 1693
93067 93066 1693
93074 93065 4928
115822 115823 905
194037 191850 1846
191850 194037 1846
192699 192683 5117
192683 192699 5117
212492 212493 278
212493 212492 278
212554 212543 2024
212543 212554 2024
164858 164912 344
164912 164858 344
114317 114326 735
114326 114317 735
114010 114012 2775
114012 114010 2775
118574 118514 1786
118514 118574 1786
119345 119143 1694
119143 119345 1694
115823 115822 905
152
211135
211151
211278
195313
211521
213038
212219
212300
212478
212490
212279
212299
212491
212492
212493
212554
212543
164646
164598
164843
164858
164912
164914
164940
212546
114247
114315
114317
114326
113981
114010
114012
113990
114175
114208
119226
118836
119265
119277
119275
119292
119278
119261
119313
119263
119273
118570
118574
118514
119132
119345
119143
119146
119382
119033
119035
102922
102920
92039
102194
94368
94370
94374
102935
102200
94419
92196
92242
92241
92253
94458
94493
97442
94451
115823
92305
92334
92335
92344
92412
92444
92446
92327
92441
92430
92447
107074
107183
107184
107190
93081
93173
93182
93185
93194
94112
107068
107093
107186
107232
107223
107238
107244
108498
107429
108524
108487
109714
107536
109224
108229
109228
109259
93065
92973
93018
92976
93074
93051
92776
92793
92797
92605
92595
92601
92783
92841
194013
194051
194053
192013
191663
191677
191691
191708
192732
191519
191919
191950
191543
191423
191648
191865
191754
192699
192711
192683
194305
192716
192802
114078
114098
