86
146161 146162 913
146162 146161 913
146178 146183 805
146178 146208 2650
146183 146178 805
146183 146184 854
146208 146178 2650
146184 146183 854
146359 146362 1179
146362 146359 1179
143009 143010 2839
143010 143009 2839
143010 143052 775
143010 143071 2338
143070 143071 868
143070 143106 2353
143106 143070 2353
143052 143010 775
143071 143010 2338
143071 143070 868
143132 143143 1643
143143 143132 1643
143656 143658 1944
143658 143656 1944
143662 148142 756
148142 143662 756
148142 148171 771
143672 143670 2614
143672 143674 792
148171 148142 771
143670 143672 2614
143674 143672 792
143674 143676 792
143676 143674 792
143676 148178 371
148178 143676 371
148178 148179 394
148179 148178 394
212623 212636 478
212636 212623 478
146416 146406 1298
146406 146416 1298
146718 146729 1709
146729 146718 1709
146729 146734 1399
146735 146734 789
146735 146773 1190
146773 146735 1190
146733 146734 827
146734 146729 1399
146734 146733 827
146734 146735 789
162487 162489 1812
153669 153668 1032
153670 153668 672
162489 162487 1812
168454 168455 1718
168454 168586 672
153668 153669 1032
153668 153670 672
168455 168454 1718
168586 168454 672
179725 179753 1426
179753 179725 1426
130936 130937 890
130937 130936 890
130951 130227 2834
130227 130951 2834
132079 132081 941
130282 131017 1884
131017 130282 1884
132081 132079 941
132081 132083 739
132083 132081 739
132099 132097 404
132097 132099 404
150783 150799 2535
150799 150783 2535
148332 148333 1037
148333 148332 1037
148333 148359 715
148359 148333 715
143954 144072 769
144072 143954 769
144038 146139 859
146139 144038 859
168
121357
130671
130127
130677
132572
130977
130978
130980
130936
130937
130954
130951
130928
130227
130277
131100
131225
131096
131108
131997
131995
132023
132052
132061
132079
130264
130268
130282
131017
131019
131047
131029
132081
132083
132101
132099
132097
218002
218005
218283
222635
222620
222622
222632
53610
53639
53621
150561
150572
150576
150773
150778
150783
150799
143683
148327
148332
148333
148359
148371
148375
143931
144153
148511
148512
148529
148532
148533
143929
148409
148526
148571
148392
148404
144027
144033
144097
144096
143212
144032
143948
143950
144068
144076
144087
144088
144089
143945
143954
144072
144038
146139
146147
146161
146157
146159
146162
146178
146183
146208
146184
146359
146220
146212
146223
146224
146362
142915
142919
142928
142931
143005
143009
143052
143054
143057
143073
143098
143126
143132
143141
143658
143672
148171
148172
143674
143676
148179
148320
148321
212639
212647
212617
212636
212649
146416
146397
146404
146465
146473
146486
146640
146729
143557
146733
146740
146760
146805
149965
149968
150382
150393
153661
153689
153673
162487
153670
162489
153740
153675
153668
168262
168542
168545
168548
179624
177695
179753
