58
24410 24444 873
24412 24413 806
24444 24410 873
24676 24677 677
24677 24676 677
189234 189232 761
189234 189235 853
189232 189234 761
189074 189072 818
189235 189234 853
189072 189071 794
189072 189074 818
189071 189072 794
189134 189136 817
189136 189134 817
188708 188709 812
188657 188656 2141
188657 190653 977
188780 188789 802
188792 188606 762
188606 188792 762
188709 188708 812
190653 188657 977
188789 188780 802
187461 188652 605
188652 187461 605
188656 188657 2141
16694 16698 2007
16698 16694 2007
21637 21641 1679
21641 21637 1679
21709 21697 667
21697 21709 667
21834 21839 924
21839 21834 924
22065 22067 1778
22139 22132 1515
22076 22067 2557
22132 22139 1515
22067 22065 1778
22067 22076 2557
22027 22024 2172
22181 22182 847
22182 22181 847
22024 22027 2172
22754 22756 1124
22756 22754 1124
28311 28316 1258
28316 28311 1258
28422 28425 1533
28425 28422 1533
28425 28598 1496
28598 28425 1496
28897 28941 806
28941 28897 806
28733 28866 806
28866 28733 806
24413 24412 806
185
15962
15940
15944
15985
34674
16183
16136
16138
16158
16214
16694
16698
16715
21444
21466
21470
34601
21637
21641
21666
21667
21684
21701
22304
21709
21698
21809
21697
22307
22310
22319
21708
21825
11230
21831
21834
21839
34505
21864
22062
22068
22065
22139
22076
22132
22067
22027
22170
22175
22181
22182
34389
21976
22024
22760
22678
22754
22756
22771
22792
22794
22835
22839
23119
26075
28247
28163
28165
28254
28304
28311
28316
28335
28422
28425
28598
28607
28534
28601
28602
28548
28553
28627
28595
28648
28653
28879
28888
28889
28897
28941
28688
28693
28725
28733
28864
28866
24413
24410
24412
24444
24450
24465
24677
24679
24684
24705
24702
24652
24696
24721
24718
11006
189234
189232
189237
189250
189074
189235
189072
189165
189168
189296
189298
189134
189140
189183
189193
189136
189142
189367
189371
189326
189339
189374
189380
188811
188856
188869
188873
189344
189340
189358
188675
188702
188708
188710
188719
188657
188658
188780
188792
188606
188607
188797
188813
188819
188852
188864
187461
188652
188653
187490
188656
190575
190586
187404
187399
187451
190592
187278
187420
187449
187454
197502
197543
197590
199128
199160
199182
214608
199137
199167
214609
199211
