70
42702 42705 276
42705 42702 276
42751 42752 1357
42752 42751 1357
42746 41756 2057
41756 42746 2057
42976 42977 2130
42974 42767 810
42977 42976 2130
41753 41752 1225
41752 41753 1225
50435 50434 1328
50434 50435 1328
41762 41763 612
41763 41762 612
41763 41766 827
41766 41763 827
42767 42974 810
41885 41861 1516
123943 123858 678
123976 123997 2840
123997 123976 2840
124002 124001 1081
124001 124002 1081
41823 41829 28
41829 41823 28
122620 122621 2706
122621 122620 2706
122629 122737 1667
122853 122852 1011
122852 122853 1011
122852 122854 1334
122854 122852 1334
122854 122856 674
122856 122737 1100
122856 122854 674
41861 41885 1516
123280 123281 2068
123281 123280 2068
122714 122717 1824
122717 122714 1824
122732 122733 940
122733 122732 940
122737 122629 1667
122737 122856 1100
122689 122694 1891
122694 122689 1891
122700 122701 751
122701 122700 751
123455 123459 2084
123459 123455 2084
123858 123857 562
123858 123943 678
123857 123858 562
117948 117947 344
117947 117948 344
117947 118469 197
118469 117947 197
72859 72871 830
72871 72859 830
216988 216987 1743
216987 216988 1743
171835 171853 767
171853 171835 767
96106 96108 1740
96107 96108 1140
96108 96106 1740
96108 96107 1140
96411 96410 1161
96410 96411 1161
152
72758
72765
72855
72859
72871
220172
222574
222588
224825
224928
216873
216912
216916
216917
216925
217134
217139
217819
216988
216878
216987
217074
217078
217018
217014
217013
217067
217060
171109
171804
171808
171830
171839
171835
171850
171853
171050
171102
95958
96097
96106
96107
96108
96255
95991
96007
96256
96077
96476
96481
96387
96400
96412
96411
96410
100169
100136
100142
100143
94588
94587
100332
99528
99536
99522
100107
101945
101947
99509
99179
96595
96597
96598
101755
99279
96630
96633
99207
99209
102879
99274
99476
99478
99493
99503
35498
41732
42701
41715
42752
42754
41756
41767
42763
42976
41737
41739
41753
41752
100496
50435
41762
41783
41766
42767
103051
41859
123956
123943
123976
123997
41823
122620
122621
122629
122868
41856
41861
123267
123272
123280
123281
122644
122645
122714
122717
122733
122741
122756
122760
122687
122689
122694
122701
122774
122781
123491
123506
123459
123864
123938
123949
117973
117935
117937
118298
118469
122157
122192
122200
122301
130698
