30
63072 63073 30
63073 63072 30
63176 63177 905
63177 63176 905
63185 63186 782
63186 63185 782
58166 58155 1188
65054 65058 2070
65058 65054 2070
65328 65329 476
65338 65345 1230
65329 65328 476
65345 65338 1230
58155 58166 1188
57991 57992 1113
57992 57991 1113
76005 76006 321
76006 76005 321
76029 76069 981
76069 76029 981
76339 76343 1709
76343 76339 1709
116890 116891 1097
116891 116890 1097
119912 119928 796
119928 119912 796
59982 59985 818
59985 59982 818
62625 62626 2907
62626 62625 2907
156
100802
100768
100659
100806
116404
116434
116354
116339
118386
116351
117782
116507
116624
116625
116652
116669
116890
116891
116902
119655
119663
119662
119669
119703
119722
119821
119819
119834
119915
119912
119928
120034
119939
120037
120144
119865
119880
119904
59981
59982
59985
60056
59966
59974
59972
120150
60442
60444
59943
59931
59930
60105
60018
60020
60091
59776
60210
60265
59214
59216
59240
59647
62625
62626
62636
59661
62656
62669
62671
77859
62694
59113
62622
62959
63072
62966
63128
63198
63138
63176
63137
63177
63066
63077
63058
76566
63175
63185
63186
63188
64058
64096
77070
64116
64117
64124
64147
58166
64403
64415
64407
64406
64901
63931
63932
63940
63851
77136
65028
64995
65037
65013
65016
65067
77144
77443
62515
64987
65000
65022
62527
65054
65058
65124
65057
59864
58150
65158
59629
65329
65332
65345
65353
65479
65480
65491
58155
57991
57982
73216
73228
75151
75994
76001
76005
76006
76043
76029
76069
76072
76673
76343
74682
78046
87377
56994
