52
60166 60165 315
60165 60166 315
76186 76253 1101
60558 60565 1367
60558 60565 1367
60563 60564 1978
60564 60563 1978
60565 60558 1367
60565 60558 1367
76253 76186 1101
62945 62956 681
62945 62958 830
62956 62945 681
62972 62973 3207
62973 62972 3207
62958 62945 830
63277 63395 1565
63395 63277 1565
63392 63393 936
63393 63392 936
63327 63337 2244
63337 63327 2244
63260 64067 796
64067 63260 796
64075 64086 1183
64086 64075 1183
63963 64280 1222
64280 63963 1222
121676 121688 1504
121688 121676 1504
124255 124143 697
124143 124255 697
124152 124176 344
124176 124152 344
124176 124184 2354
124184 124176 2354
116879 116922 1030
116922 116879 1030
116936 116963 238
116963 116936 238
117933 118181 891
118181 117933 891
124329 124330 1147
124330 124329 1147
124341 124342 1535
124342 124341 1535
124371 124372 404
124372 124371 404
119985 119973 1426
119973 119985 1426
120069 120070 893
120070 120069 893
163
116425
116416
117196
117532
117261
117719
116436
117606
117832
117839
117912
121676
121688
121680
124255
116829
116835
118222
116840
116858
117990
118183
118187
124143
124152
124176
124184
124192
124199
116859
116879
116922
116925
116934
116936
116963
118374
118245
118172
118174
117933
118181
118189
118212
118294
122405
124106
124329
124330
124197
124212
124220
124341
124366
124342
124371
124372
124386
119988
124389
119982
119985
119957
119970
119977
119973
120015
120069
120073
120070
120084
120012
60053
77034
60401
60402
60409
66802
66810
77039
60159
60160
60163
60165
60147
60477
60352
60357
60479
60480
60325
60484
60542
76186
76256
76515
76516
60275
60278
76473
76253
60290
60297
62921
62914
62916
62936
62938
62944
62956
62969
62970
62972
62954
62993
63353
63346
63349
76678
63370
63281
63417
63277
63395
63392
63393
63314
63328
63331
63327
63337
63260
63266
63291
64067
64075
64086
63284
64195
64154
64135
64168
64172
64316
64358
64369
76568
64265
64364
63979
63986
63988
63954
64011
65088
65097
78182
65347
64344
63955
63958
64278
64285
