76
13636 13639 1466
13639 13636 1466
34934 34366 64
34366 34934 64
13768 13765 1945
13767 13765 847
13765 13767 847
13765 13768 1945
23803 23758 737
23845 23844 100
23857 23844 1377
23758 23803 737
23844 23845 100
23844 23857 1377
24884 23767 279
23767 23788 279
23767 24884 279
23788 23767 279
23788 23789 279
23797 23787 939
23789 23788 279
24879 24880 536
24880 24879 536
24905 24906 536
24906 24905 536
24928 25096 238
25096 24928 238
25087 25098 516
25098 25087 516
187720 187724 16
187724 187720 16
187724 190760 651
190755 190756 776
190755 190756 776
190755 190760 315
190756 190755 776
190756 190755 776
190760 187724 651
190760 190755 315
187764 187776 402
187776 187764 402
187215 187216 1740
23777 23773 1816
23773 23777 1816
23787 23797 939
187216 187215 1740
187864 187882 1397
187880 187888 1387
187882 187864 1397
187888 187880 1387
187883 187865 1385
187865 187883 1385
190764 190765 546
190765 190764 546
187973 190780 724
190780 187973 724
189541 189597 1257
189596 189597 901
189537 189597 1299
189597 189537 1299
189597 189541 1257
189597 189596 901
134719 134726 336
134726 134719 336
9117 9111 1296
9111 9117 1296
9659 9661 644
9661 9659 644
12716 12717 806
12717 12716 806
12850 12898 2027
12898 12850 2027
12888 12866 2111
12952 12953 782
12953 12952 782
12866 12888 2111
158
9100
9104
9117
9111
9114
9138
9292
35223
9316
9345
9352
9453
9603
9605
9633
9628
9659
9661
9665
9697
10085
10088
10091
10239
10120
10178
10196
10374
34172
10382
10384
10424
10427
10462
10468
10474
10558
10561
10405
10527
10668
12642
12650
12651
12656
13259
12689
13275
12687
12670
12677
12716
12717
12726
12750
12850
12851
12842
12860
12898
12901
12739
12916
12751
12887
12888
12883
12882
12952
12953
12993
13009
13003
12864
12866
13012
13013
13020
13038
13028
13033
13036
13669
13681
13636
13639
13674
13661
13666
34933
13743
13739
13748
13749
13767
13917
13760
13756
13940
23675
13981
23803
23758
23753
23767
23788
23798
23802
23797
23789
24879
24880
24898
24890
24892
25096
25086
25087
25098
186811
187689
187695
187727
187720
187259
187713
187801
187779
187764
187769
187215
23777
23781
23773
187217
187862
187864
187880
187882
187888
187894
187865
190598
190764
190765
187973
190780
187250
187836
189593
189596
187900
134719
134726
134729
134188
134782
134792
