54
213576 213575 637
213575 213548 491
213575 213576 637
94722 94724 2326
94724 94722 2326
94734 94736 1282
94736 94734 1282
101675 101692 3171
49818 49819 157
49819 49818 157
49992 49994 279
50019 50023 1945
50023 50019 1945
49994 49992 279
97751 91980 1362
91980 97751 1362
91980 97775 2864
97775 91980 2864
93408 93411 1796
93411 93408 1796
93436 93539 1304
93539 93436 1304
101692 101675 3171
98145 97789 511
97830 97831 1007
97831 97830 1007
97789 98145 511
191090 191480 470
191480 191090 470
49979 50111 951
50111 49979 951
171322 171326 506
171326 171322 506
171477 171469 672
171477 171479 667
171479 171477 667
171469 171477 672
171272 171270 673
171270 171272 673
154302 154301 1606
154301 154302 1606
159589 159645 850
159645 159589 850
159658 159837 851
159837 159658 851
159837 159763 767
159763 159837 767
157793 159939 1183
159939 157793 1183
160005 160007 1305
160007 160005 1305
213083 213087 2039
213087 213083 2039
213548 213575 491
160
171322
171326
171312
171477
171344
171482
171479
171469
171272
171270
154206
159109
159120
171460
162388
154241
154189
154290
154285
154217
154216
154205
154302
154301
154519
154504
159362
159576
159374
159589
159645
159647
159676
159677
159703
159658
159837
159763
159768
159827
157793
159939
160000
160002
160005
160007
159948
159841
158735
159012
159015
160091
160105
213083
213087
213067
213070
213066
213097
213085
213450
213447
213467
213468
213475
213501
213502
213513
213540
198804
204917
213548
213587
213547
213562
213563
162238
170476
170649
170105
170614
170869
170875
170901
170874
170879
170872
101976
95553
95559
95590
95602
95722
95589
94722
94724
94734
94736
95070
95072
95184
95332
102113
101742
95619
95622
95432
102549
95523
93545
49818
41947
49928
49805
49992
50019
50023
50005
49994
50007
97751
97775
97733
98640
93355
93411
93431
93415
93539
93552
93521
93555
98969
101680
101676
101698
98615
98648
94601
97826
97831
98239
97854
98054
102838
97789
94538
98322
191014
191048
191098
191090
191480
42003
49950
49968
49914
50111
42027
42072
