54
210552 210554 549
210554 210552 549
210554 210555 2107
210555 210554 2107
210613 210619 805
210620 210619 685
210619 210613 805
210619 210620 685
163238 163237 758
163238 163635 842
163237 163238 758
163635 163238 842
184865 184900 713
184900 184865 713
184995 184996 355
184996 184995 355
185074 185075 984
185075 185074 984
182492 182493 1131
182492 182494 1367
182494 182492 1367
162677 162745 796
162745 162677 796
182493 182492 1131
56047 56055 1436
56055 56047 1436
56262 56252 1520
56252 56262 1520
197213 197214 1534
197214 197213 1534
197259 197262 787
197262 197259 787
204309 204317 255
204317 204309 255
204359 204361 901
204361 204359 901
204361 204365 710
204368 204369 802
204365 204361 710
204369 204368 802
207180 207181 848
207181 207180 848
207192 207193 834
207193 207192 834
204051 203937 801
203903 203904 3170
203904 203903 3170
203937 204051 801
207397 207393 751
207393 207397 751
208215 208216 478
208216 208215 478
208319 208308 946
208308 208319 946
172
141758
141763
142148
142150
55946
56029
56045
56047
56055
56156
56163
56205
56233
56229
56262
56243
56247
56252
54487
189919
196401
197213
197214
197259
197262
203959
203966
204282
204289
204304
204309
204317
204359
204361
204368
204370
204365
204375
204369
207170
207180
207181
207192
207138
207139
207216
207141
207135
207188
207193
196915
196921
196917
145965
204051
204055
204071
203894
203903
203904
203937
203657
203660
203667
203874
203880
203879
207357
207397
207393
207396
207361
207364
207371
207370
207151
207157
207337
207341
207343
196366
196380
196397
207909
207937
214714
207940
207945
208010
208038
208051
208215
208250
208253
208213
208216
208227
208237
208246
208300
208302
208319
208308
208310
208314
214750
210552
210554
210555
210558
210561
210611
210613
210620
210619
178681
178682
178906
178913
178891
178930
178880
178883
177550
180334
177538
163238
163214
163230
163219
163237
163210
163639
184868
184900
184897
184901
184903
184995
184996
166196
166256
166280
166259
166302
184949
166208
166209
166203
166225
180762
180548
180807
180537
181913
181964
182415
182428
182439
182505
182494
182626
162173
162745
173776
173769
173789
182608
182627
174209
176287
174206
