46
11516 11517 782
11516 11520 1599
11520 11516 1599
11520 11521 778
11521 11517 1515
11521 11520 778
11540 11539 778
11592 11591 782
11592 11595 1098
11595 11592 1098
11539 11540 778
11517 11516 782
11517 11521 1515
11591 11592 782
22591 22589 893
22597 22598 847
22589 22591 893
22598 22597 847
22608 22634 1114
22634 22608 1114
22638 22641 1032
22641 22638 1032
23397 23341 475
23341 23397 475
23378 23380 747
23388 23380 737
23380 23378 747
23380 23388 737
23443 23444 750
23444 23443 750
23452 23453 435
23453 23452 435
23549 23545 3223
23545 23549 3223
23554 23563 604
23563 23554 604
227118 227120 3987
227120 227118 3987
8333 8330 2154
8330 8333 2154
8779 8781 822
10853 10857 2034
10857 10853 2034
8781 8779 822
9489 9506 90
9506 9489 90
164
226956
226970
226991
227068
227132
227145
227194
227118
227120
227018
227212
227216
227226
227258
228254
233898
227493
227523
227526
228240
227644
234446
228255
228259
227277
6796
6834
6857
6841
6858
7652
7665
7700
7705
7691
7694
7740
226075
226079
226052
226097
234457
235042
225770
225773
225799
225796
225805
225755
226417
14537
8022
34697
7871
8216
8275
8375
8333
8293
8330
8773
8779
8459
34772
8499
10853
8721
10857
8506
8781
9480
9489
9502
9506
9508
9539
9447
16336
35244
16364
16404
16419
16424
16450
16505
16458
16655
16756
16785
16767
16776
16790
9785
11333
11234
11361
11369
11449
11506
11305
11471
11540
11291
11312
11567
11570
11493
11498
11457
11458
11491
11463
11510
11587
11590
11610
22591
22597
22568
22589
22598
22646
11630
22607
22634
22638
22641
23251
23264
23267
23281
23305
23307
23339
23404
23341
23326
23335
23383
23378
23364
23388
23380
23362
23389
23443
23444
23447
23452
23453
23457
23472
7468
7475
28469
28368
28483
23514
23545
23554
24170
24173
24240
24169
