54
50711 50738 3310
50738 50711 3310
51861 51890 1716
51890 51861 1716
51921 51922 1079
51922 51921 1079
52023 52034 1879
52034 52023 1879
52034 52637 1702
52655 52691 610
52637 52034 1702
52643 52640 788
52643 52691 2159
52670 52640 884
52640 52643 788
52640 52670 884
52691 52643 2159
52691 52655 610
186310 186304 799
186961 186967 2196
186967 186961 2196
194593 194613 1982
194613 194593 1982
186304 186310 799
186207 186206 785
52313 52312 984
52312 52313 984
56632 52529 481
51860 52105 788
52105 51860 788
52529 56632 481
52364 52349 373
52340 52341 418
52349 52364 373
52341 52340 418
52450 52451 283
52451 52450 283
186206 186207 785
189749 189750 802
189750 189749 802
198494 197981 846
197981 198494 846
19890 19726 1495
19356 19403 788
19726 19890 1495
19403 19356 788
20691 20705 2891
20705 20691 2891
20728 20730 809
20852 20730 836
20723 20879 1530
20879 20723 1530
20730 20728 809
20730 20852 836
170
19697
19887
19890
19356
19417
19978
19996
19683
19700
19709
20006
19726
19353
19367
19403
19254
19438
19469
19419
19480
19523
19527
20377
20562
20573
20555
20566
20567
20690
20691
20705
20735
21004
20863
25730
25754
25822
25813
25823
25803
27532
27640
27833
27847
27947
28050
20714
20728
20852
20870
20723
20879
20730
28109
28112
28070
28093
27754
28116
27729
27739
27742
27746
28146
50703
51181
51183
50861
51127
51058
51063
50738
50954
50962
50964
50753
50790
50785
50750
51138
51879
51890
51921
51922
51988
51993
52017
52023
52034
52637
52709
52670
52692
52700
52703
52640
186350
186310
186328
186361
186369
194529
194562
194577
194582
194645
214428
194647
194655
186967
186964
186985
187058
190693
190741
194556
194559
194573
194613
194616
194721
194746
194747
194756
194758
186304
52313
52312
52522
52524
51860
52104
52105
52124
52125
52128
52190
52191
52199
52364
52356
52357
52359
52340
52349
52341
52346
52467
52411
52470
52474
52445
52450
52451
52503
186192
186206
189745
190119
189750
189769
197982
194787
214451
214452
198485
198491
198496
197981
198124
