24
80438 89827 1344
89810 89809 1213
89809 89810 1213
89827 80438 1344
83023 83027 424
83027 83023 424
83049 83209 1961
83209 83049 1961
81605 81674 354
81609 81612 603
81612 81609 603
81674 81605 354
81497 81499 2562
81499 81497 2562
117419 117422 830
117422 117419 830
61249 61276 2953
61276 61249 2953
78595 58094 2357
58094 78595 2357
76672 79012 125
79012 76672 125
78681 78680 343
78680 78681 343
160
117121
117135
117099
117126
117134
117283
117286
117294
117316
117369
117298
117064
117380
117419
117422
117434
61274
117454
117436
117446
117504
61259
61267
77127
61478
78920
61496
61249
61276
61350
61392
61329
61333
78522
77994
58047
58040
76466
76467
76464
58109
78595
58094
68253
58066
58068
57956
57916
76860
76861
57949
57890
79000
78336
78846
78832
76672
78328
79012
57905
78108
76776
57979
76791
68234
68247
68246
78970
78017
78681
78680
57335
77997
87524
91504
79460
79364
79469
83900
89799
80438
89809
89816
89827
89849
89724
89855
89851
89860
81105
86228
80974
80923
80509
80934
81029
81225
81299
81282
81327
84286
82969
83177
83181
83196
83022
83027
83045
83049
83168
83209
83207
83029
83212
83211
83089
83108
83400
91570
90663
81612
81674
85990
85992
86834
86846
86522
86507
86517
86030
91062
86033
86119
86334
86348
81618
90960
86840
90957
81493
81497
81499
81502
81647
81700
81697
85923
86115
85558
85594
85567
85938
85947
85942
86006
85962
85971
85672
86024
86036
