98
247639 247640 1542
247640 247639 1542
247649 247651 1611
247651 247649 1611
248059 248062 918
248089 248091 1444
248091 248089 1444
248062 248059 918
256250 256357 745
256357 256250 745
256362 256363 832
256363 256362 832
248125 248129 1919
248129 248125 1919
255596 255601 1084
255599 255601 713
255601 255596 1084
255601 255599 713
256276 256279 834
256279 256276 834
256279 256281 841
256281 256279 841
238323 263637 1608
263637 238323 1608
257032 257033 930
257033 257032 930
257128 257136 649
257136 257128 649
238686 238908 5862
238944 238908 3580
238917 238910 5781
238918 238910 2729
239026 239023 300
262839 262842 1463
262843 262842 1162
244686 244690 54
244693 244690 754
263611 244780 662
239020 239031 2726
239029 239031 1271
239038 239033 2607
239043 239033 1073
257917 257919 691
263330 257919 986
257929 257931 771
257932 257931 692
238831 238830 201
238831 238830 201
238824 239095 688
239097 239095 970
242840 242841 2469
242844 242841 952
239094 242852 750
239089 239090 2115
242868 239090 2955
242869 242870 1654
242736 263744 1583
242946 242952 3099
238908 238686 5862
238908 238944 3580
238910 238917 5781
238910 238918 2729
239023 239026 300
262842 262839 1463
262842 262843 1162
244690 244686 54
244690 244693 754
244780 263611 662
239031 239020 2726
239031 239029 1271
239033 239038 2607
239033 239043 1073
257919 257917 691
257919 263330 986
257931 257929 771
257931 257932 692
238830 238831 201
238830 238831 201
239095 238824 688
239095 239097 970
242841 242840 2469
242841 242844 952
242852 239094 750
239090 239089 2115
239090 242868 2955
242870 242869 1654
263744 242736 1583
242952 242946 3099
243273 243353 8092
243353 243273 8092
245286 245285 631
245285 245286 631
244953 244942 845
244942 244953 845
235633 245338 182
245338 235633 182
245045 245085 291
245085 245045 291
170
238908
238910
239023
262842
244690
244780
239031
239033
257919
257931
238830
239095
242841
242852
239090
242870
263744
242952
243201
242735
242729
243318
243273
243353
243362
243354
243377
243400
243391
261348
244851
261355
261349
244906
244912
244913
263366
245286
245285
245292
244930
244953
244942
245072
245037
245088
235633
245338
245362
245187
245193
245201
245195
245197
245045
245085
245222
245235
245603
245612
245618
245717
245722
245741
245809
245814
245841
245844
243182
243187
264280
243156
261532
243020
243029
243116
243138
243143
264290
264284
245846
245864
245873
247640
247649
247651
247927
247938
247941
247930
248089
248092
248091
256215
256243
256250
256357
256362
256364
256507
256363
256489
256464
248125
248129
248134
248309
255596
255599
255584
255601
255624
255577
255646
255670
256276
256279
256281
256293
256537
256566
256857
256858
256860
238930
263079
263080
238884
238285
238304
238302
238310
238283
238294
257022
257032
257033
257039
257052
257120
257128
257136
257138
257139
238892
238893
238686
238944
238917
238918
239026
262839
244686
239020
239029
239038
239043
257917
257929
238831
238824
239097
242840
242844
239094
239089
242868
242869
242736
242946
