38
191331 194302 354
194302 191331 354
191195 192625 1342
194285 191171 1526
192625 191195 1342
109315 109345 1124
109339 109311 1111
109345 109315 1124
113793 116318 731
116318 113793 731
109311 109339 1111
109720 106210 256
106210 106209 536
106210 109720 256
106209 106210 536
109762 109764 737
109764 109762 737
110121 110165 473
110165 110121 473
110777 110783 1445
110783 110777 1445
110736 110735 516
110735 110736 516
110735 110739 403
110739 110735 403
39086 39120 1280
39120 39086 1280
39240 39239 2633
39239 39240 2633
37053 37048 476
37048 37053 476
93161 93162 905
93162 93161 905
108576 108634 1361
108634 108576 1361
92631 92676 809
92676 92631 809
191171 194285 1526
159
92370
92360
94484
100412
92274
93161
93162
93834
93843
93864
94089
94134
94138
94119
94154
108422
105916
105901
108111
108020
108302
108463
108070
108466
108291
106116
106118
108558
108572
108589
108576
108603
109283
109287
109296
108634
108655
93587
102292
102289
93808
93725
93733
93819
93807
93801
92623
92634
92631
92676
92680
92683
92641
92645
93244
191171
193910
191179
191990
192002
194084
194165
194198
191987
194207
191687
191695
192127
191638
194075
191331
194302
191183
191195
191198
192625
192644
192648
192649
190943
109331
109309
108650
109339
109345
108661
109557
109575
113793
109311
113803
109597
109600
113805
108850
109720
106210
106207
109753
109746
110028
109762
109756
110107
110019
110121
110214
113827
113832
110777
110794
110783
110039
110622
110736
110752
110754
110764
110739
103844
103856
103842
112824
112863
103851
103898
103919
112493
106181
110893
110788
110805
103936
104022
103874
103928
103929
103891
103886
103941
39052
39056
39084
39086
39120
36902
39080
39083
39088
37195
39235
39241
39240
37145
37176
37182
37050
37048
37060
