48
72964 72962 1769
72962 72964 1769
73022 73021 1148
73021 73022 1148
73033 73128 1366
73033 73132 603
73128 73033 1366
73132 73033 603
71109 71122 1365
71122 71109 1365
67544 67557 674
67511 67517 277
67517 67511 277
67517 67518 1484
67518 67517 1484
71019 71053 1862
71053 71019 1862
67555 67557 279
67557 67544 674
67557 67555 279
72742 72747 1067
72747 72742 1067
72849 72793 2140
72793 72849 2140
72942 72943 712
72943 72942 712
217138 217144 646
217144 217138 646
217817 217815 543
217815 217817 543
216989 217076 1766
217076 216989 1766
123155 123151 889
123151 123155 889
123364 123373 810
123373 123364 810
123611 124764 1081
124764 123611 1081
124856 124900 1748
124900 124856 1748
120340 120347 837
120347 120340 837
67823 67824 333
67824 67823 333
67272 67280 581
67280 67272 581
67405 67415 1798
67415 67405 1798
157
121668
122289
122290
120520
122308
122318
122380
122384
122439
122442
123155
123151
123157
123180
123197
123228
117988
123346
123407
123357
123360
123364
123373
123465
123875
123977
123896
123886
123899
123611
124764
124772
124775
123879
123829
123891
124780
124809
124819
124856
124875
124900
124916
124919
125030
125043
124928
120322
120340
120347
120367
66787
120400
67823
67824
67577
67585
67593
67596
67604
67810
67813
67787
67832
67783
67149
67769
67272
67280
67405
67420
67415
67439
67194
67201
67212
68799
72947
72960
72962
72969
73018
73022
73021
73032
73033
73132
71105
71109
71110
71113
71186
67364
67546
67544
67511
67518
67523
71345
71348
71759
71356
71518
70991
70995
71031
71035
71019
71018
71058
71060
71273
71293
71303
71318
77001
67491
67555
67554
72742
74325
74304
74324
74095
74237
74260
74375
74381
74382
74389
72745
72747
72763
72768
72793
72942
222572
216874
216914
217117
217118
216927
217138
217144
217817
217971
217815
216989
217088
217076
217077
217090
217146
217069
171098
171805
171801
