36
117963 118102 2144
118102 117963 2144
122142 122141 1255
122144 122141 1537
122141 122142 1255
122141 122144 1537
122246 122247 418
122247 122246 418
122416 121912 818
121900 121901 1357
121901 121900 1357
121912 122416 818
122532 122534 2702
122532 122536 1624
122533 122534 1276
122536 122532 1624
123524 123526 337
122534 122532 2702
122534 122533 1276
122579 122580 477
122580 122579 477
122586 122589 874
122589 122586 874
123431 123437 2650
123437 123431 2650
123526 123524 337
96320 96321 1079
96321 96320 1079
100226 100232 1780
100232 100226 1780
100298 100302 2016
100302 100298 2016
50586 50591 4407
50591 50586 4407
100419 100418 2030
100418 100419 2030
166
171871
171868
171881
171008
95852
96160
96164
96165
96175
96196
96202
102641
96303
96311
96320
96321
96322
96551
96607
96555
96504
96505
100220
100226
100232
100279
100283
100298
100302
100308
100311
95836
103042
102303
100374
100375
102307
100122
100123
96538
96580
99228
99244
99310
99335
96637
99268
99605
99270
96620
96639
94555
97170
97439
99590
99613
99592
99624
99642
102801
100602
100126
50586
50587
50591
100419
100435
100458
100418
100405
100468
100471
100488
100474
101579
101582
101586
101619
102483
101606
101630
101607
101648
101626
101645
101653
101569
101660
91961
91965
103024
101571
101666
121881
121882
117961
118102
117849
117852
117854
121748
122105
122118
122122
121762
121764
121775
122164
122142
122144
122179
122186
122201
122027
122030
122038
122246
122247
122012
122062
122070
122084
122059
122213
122342
122346
122356
122257
122265
122259
122396
121879
121900
121901
121906
121909
122532
122528
122529
118019
118025
118050
118053
123553
123524
122534
122547
122580
122586
122596
123394
123398
123402
123431
123437
123536
123538
123585
123596
123570
123519
123526
124595
124596
124588
124489
