42
6642 6592 4492
6592 6642 4492
7110 7118 2708
7118 7110 2708
7130 7138 2199
7138 7130 2199
8548 8551 1391
8551 8548 1391
7958 7962 1463
225434 225433 2408
225434 225435 1492
225435 225434 1492
225433 225434 2408
225540 225542 945
225542 225540 945
7962 7958 1463
15724 15729 1203
15729 15724 1203
8652 8648 1374
8652 8653 1493
8652 8684 788
8653 8652 1493
8648 8652 1374
8648 8682 884
8682 8648 884
8682 8684 1436
8684 8652 788
8684 8682 1436
200067 200066 1276
200066 200067 1276
200921 200923 810
200925 200924 804
200927 200953 1090
200923 200921 810
200924 200925 804
200953 200927 1090
200956 200957 1566
200957 200956 1566
215162 215168 848
215168 215162 848
201303 201304 387
201304 201303 387
137
200067
200018
200017
200066
200921
200925
200927
200923
200924
200953
200956
200957
200971
200976
201113
201117
214397
201131
201221
201220
201216
201030
201032
201130
201031
200685
200742
194772
195081
215162
215168
201286
201291
201303
201304
201306
201488
194766
201207
201217
201226
225024
234266
225036
225038
225044
234822
235252
235083
225421
225500
226926
226928
226882
227294
226933
227326
234039
234041
233778
233777
233837
233859
234809
233851
233863
233871
233888
233914
234010
234015
234028
29901
233855
34631
6526
31978
31957
34890
226805
6536
30100
6582
6641
6592
6624
6687
7109
7110
7118
7130
7167
7161
7173
7179
7251
7166
7273
7155
7292
7342
7394
7396
7826
7829
8551
8553
8578
8580
7958
235112
225435
225536
225433
235089
225424
225454
225540
225700
225563
235516
7962
8613
8601
15723
15724
26567
34605
8653
8687
15744
15859
15864
15950
15920
15914
15943
