68
131236 131247 1284
131247 131236 1284
131247 131248 452
131248 131247 452
132013 132016 337
132016 132013 337
131021 130973 796
131025 131027 1467
131075 131076 1485
131027 131025 1467
131076 131075 1485
132111 132112 879
132112 132111 879
56407 56408 850
56408 56407 850
54014 54012 751
53631 53632 474
53632 53631 474
53625 53635 1081
53635 53625 1081
53635 56391 1270
56391 53635 1270
56391 53649 1032
53649 56391 1032
54012 54014 751
53999 54057 374
54057 53999 374
54057 54001 511
54047 54052 789
54052 54047 789
54001 54057 511
148357 143689 752
143874 143918 825
143689 148357 752
143689 148362 2572
148362 143689 2572
148520 148517 293
148520 148521 776
148521 148520 776
148517 148520 293
144020 144019 1231
144019 144020 1231
143916 143942 330
143939 143942 819
143942 143916 330
143942 143939 819
143942 143943 1201
143943 143942 1201
143918 143874 825
143918 143919 898
143919 143918 898
143919 143922 1033
143922 143919 1033
144014 146119 921
146119 144014 921
37006 37007 1066
37007 37006 1066
36978 36981 1220
36981 36978 1220
38163 38170 1476
38170 38163 1476
38838 38851 1008
38851 38838 1008
38728 38723 373
38723 38728 373
130009 130027 2318
130027 130009 2318
130973 131021 796
162
37006
37007
36616
36937
38155
36972
36951
36978
36981
37119
38161
38163
38170
38204
38233
38217
38222
38476
38308
38314
38311
38316
38322
38331
38334
38633
38343
38809
38827
38838
38851
38860
38766
38767
38773
38774
38728
38734
38723
38725
38781
38782
41514
41520
41528
41537
47517
47519
47523
47548
47571
47577
47837
47849
47840
47327
47342
47367
47384
130484
47371
47225
47222
129981
130009
130027
121355
130555
121138
130568
130617
130471
130631
130648
130688
130674
130992
130999
131011
130990
130962
130968
130973
131214
131229
131236
131248
132013
132016
132020
132022
132070
131014
131075
131027
131065
131076
132077
132093
132123
123546
132131
132187
132140
132142
132144
131962
222616
56397
56408
56412
56424
54014
53623
53631
53625
53635
53649
56396
56425
56440
54012
53999
56445
54001
140325
146973
150768
150786
150787
139792
139914
143687
143623
148357
143875
143886
144150
148505
148506
143885
148362
148399
148521
148396
148517
144018
144025
144058
144062
144061
144020
144019
143916
143939
144083
143943
144014
146119
146124
146145
146132
