64
167235 167220 1154
167220 167235 1154
166764 166783 1268
166783 166764 1268
166783 166787 927
166787 166783 927
172664 172662 200
167105 167107 697
167107 167105 697
172662 172664 200
182347 173598 1779
173597 173598 537
173598 173597 537
173598 182347 1779
181917 181918 1779
181918 181917 1779
182112 182125 682
182125 182112 682
182125 182141 778
182141 182125 778
182181 182180 682
182180 182181 682
182284 182278 512
182278 182284 512
152315 152314 644
152315 152365 342
152365 152315 342
152365 152366 570
152949 152948 358
152352 152368 423
152366 152365 570
152366 152368 624
152314 152315 644
152368 152352 423
152368 152366 624
152938 152978 1862
152978 152938 1862
152948 152949 358
152362 152363 724
152363 152362 724
155783 155782 276
155782 155783 276
145107 145115 803
145115 145107 803
145492 145493 446
145493 145492 446
145547 145548 867
145548 145547 867
145604 145617 699
145617 145604 699
145617 145618 786
145618 145617 786
145776 145778 815
145786 145785 805
145785 145786 805
145778 145776 815
145869 145870 779
145870 145869 779
146103 146104 718
146104 146103 718
150369 151562 2010
151562 150369 2010
208748 208749 237
208749 208748 237
170
145107
145115
145492
145493
145496
145501
145541
145547
145548
145600
145604
145617
145618
145776
145794
145786
145785
145790
145789
145623
145880
145778
145798
145847
145853
145869
145870
145878
146084
146098
146103
146104
151482
151551
151586
148407
151930
150369
151562
151498
151589
151569
203834
204455
214420
204528
208625
207897
208647
208643
212990
208641
208688
208631
207887
208669
208681
208636
205176
208675
208676
208707
208718
208737
211110
208748
211167
208749
211337
180454
180470
180455
185566
180416
180457
180448
166509
166505
166556
166560
166570
166580
166564
166732
172659
166744
166729
166703
167239
162532
162533
167108
167220
167221
167090
166727
166768
172498
166764
166783
166787
166793
167008
167028
167020
167049
167097
167105
152417
162542
152416
152422
152413
180129
180392
180379
180399
180362
179676
179681
179705
180166
180431
182347
173589
173597
182333
182109
181918
182112
182094
182098
182141
182181
182180
182198
182284
182278
182288
182306
152335
152949
153006
152938
152946
152948
152321
152734
152345
152373
152337
152358
152362
152363
152323
152451
152474
153092
153133
155704
155777
155782
155726
153394
153138
153142
173522
185274
173592
173595
