82
206907 206908 1029
206908 206907 1029
206935 206936 197
206936 206935 197
206960 207002 492
207002 206960 492
207028 207027 1174
207027 207025 297
207027 207028 1174
207025 207027 297
209344 209346 465
209345 209346 1667
209345 209353 1030
209356 209355 1349
209355 209353 987
209355 209356 1349
209346 209344 465
209346 209345 1667
209353 209345 1030
209353 209355 987
178941 179011 1334
179011 178941 1334
179289 180230 1669
180885 180882 1267
180230 179289 1669
180230 180877 1140
180875 180876 1454
180877 180230 1140
180882 180881 688
180882 180885 1267
180876 180875 1454
180881 180882 688
181469 181468 551
181468 181469 551
181472 181473 354
181473 181472 354
181725 181665 751
181665 181663 1778
181665 181725 751
181663 181665 1778
181640 181636 661
181636 181640 661
184549 184547 828
163112 163113 630
163113 163112 630
163113 163132 790
184547 184549 828
184543 184544 818
184544 184543 818
163132 163113 790
163132 163135 790
163135 163132 790
183163 183351 421
183351 183163 421
184670 184671 758
184671 184670 758
184675 184681 871
184681 184675 871
55860 55908 1352
55697 55908 1450
55908 55697 1450
55908 55860 1352
189854 189859 681
189859 189854 681
189859 189865 1321
189865 189859 1321
194693 196225 1199
196225 194693 1199
195884 196040 1586
196040 195884 1586
202774 202828 833
202828 202774 833
203241 203261 802
203261 203241 802
203534 214583 748
214583 203534 748
205804 207272 675
207272 205804 675
196489 196544 766
196544 196489 766
206779 206783 824
206783 206779 824
156
55830
55838
55856
55860
55697
55908
56576
189854
189857
190308
190223
190278
189859
189865
195413
196146
196168
196176
196222
194693
196225
195884
196241
196040
197193
197248
197203
197249
202579
202598
202771
202774
202826
202828
202832
203238
203241
203261
203264
203534
204160
204170
203555
214583
203556
203559
203563
205723
205728
203274
203633
205740
205741
207048
205804
207272
205779
205782
207104
197146
196445
196262
196264
196462
196479
196263
196489
196544
196589
196591
197143
205996
205997
206016
206022
206668
206670
206678
205988
205967
205958
206779
206682
206733
206766
206777
206783
206908
206936
206951
206960
207002
207004
207029
207028
209282
207025
209313
209286
209302
209340
209345
209356
209355
209353
178941
178975
180201
179011
179016
179033
179289
180230
180875
180899
180876
180881
180900
181122
181134
181206
181469
181468
181479
181481
181508
181538
181536
181561
181725
181664
181564
181636
184575
184576
184512
184552
163113
184543
184563
184564
184561
163142
163137
184544
183351
184661
183357
184671
183375
184681
184678
184677
184691
184701
184509
