72
166685 166684 683
166999 161236 924
167140 167132 747
161236 166999 924
167001 166997 3241
167132 167140 747
166997 167001 3241
180647 180636 1903
180653 180636 688
180653 180654 344
180560 180487 1827
180475 180494 2772
180494 180475 2772
180487 180560 1827
182377 182255 276
182377 182370 1026
182370 182372 1293
182370 182377 1026
182255 182377 276
182132 182135 452
182135 182132 452
181961 181960 157
181960 181961 157
182372 182370 1293
170113 185181 1161
166950 166953 650
152249 166970 1293
166970 152249 1293
166959 166953 848
166953 166950 650
166953 166959 848
185181 170113 1161
176410 176418 985
176418 176410 985
145834 146011 792
146011 145834 792
151445 151503 908
151503 151445 908
151505 151507 385
151507 151505 385
151402 151405 267
151402 151405 267
151405 151402 267
151405 151402 267
203719 203720 841
203720 203719 841
203782 203801 511
203801 203782 511
208107 208108 750
208091 208089 833
208089 208091 833
208108 208107 750
207835 207854 583
207857 207855 936
207857 207861 1099
207861 207857 1099
207854 207835 583
207854 207855 797
207855 207854 797
207855 207857 936
208171 208172 715
208172 208171 715
210722 210724 1297
210724 210722 1297
180296 180299 854
180299 180296 854
180636 180647 1903
180636 180653 688
180654 180653 344
166414 166514 445
166514 166414 445
166684 166685 683
172
145832
145834
146011
146021
146024
146058
146062
151445
151449
151450
151460
151502
151503
151461
151505
151507
146080
151402
151404
151405
204469
204475
204508
204651
203718
203719
203720
203768
203782
203801
204020
204418
204421
204470
204471
208107
208104
208507
208519
208520
208524
208091
208089
208106
208108
207768
207817
207835
207857
207861
208516
207854
207855
208142
208171
208172
208187
208192
208408
208456
208459
208478
208480
198880
210711
210713
210720
210722
210724
210737
210750
210753
185314
185378
180625
180630
180659
180278
180280
180296
180299
180605
180636
180654
180657
166314
166903
172826
166901
185200
185199
166385
166414
166514
166516
166531
166684
166634
166636
166630
166632
166685
166999
161236
167001
166660
166997
166998
166870
166916
167137
180582
180758
180647
180669
180522
180560
180571
180574
173923
179686
180433
180475
180487
182370
182385
182388
182255
173731
182258
182012
181983
182170
179719
181931
181936
182132
182135
181960
182140
182160
182162
181976
182361
182251
182372
185258
173621
173628
166902
166899
166926
166935
166936
166940
166915
152193
152249
166970
152254
152256
152252
166959
166953
185181
185195
176402
176410
176418
176422
161245
176407
