54
170937 170938 1908
170890 170899 829
170899 170890 829
170938 170937 1908
97683 97673 3571
97657 97669 2347
97668 97669 1254
97668 97674 2832
97671 97669 1362
97673 97683 3571
97688 97689 1160
97689 97688 1160
97693 97713 403
97713 97693 403
95422 95425 435
95425 95422 435
101717 101715 2463
101715 101717 2463
41978 41976 3022
41976 41978 3022
49885 49887 1063
49887 49885 1063
97669 97657 2347
97669 97668 1254
97669 97671 1362
97674 97668 2832
94658 94661 260
94661 94658 260
98907 98941 1234
98941 98907 1234
98936 98932 1931
98919 98920 1549
98920 98919 1549
98932 98936 1931
98109 98110 2476
98347 98346 1080
98110 98109 2476
98346 98347 1080
98326 98336 1680
98336 98326 1680
147093 147134 971
147134 147093 971
212869 212918 756
212918 212869 756
212955 212961 573
212961 212955 573
198680 198681 86
198681 198680 86
171419 171420 778
171420 171419 778
159221 159222 1161
159222 159221 1161
159449 159441 4088
159441 159449 4088
162
147088
147090
147129
147093
147134
147147
151195
150901
150897
147249
147174
147303
147316
147345
147312
147349
147304
148058
148061
148075
149374
212857
212869
212918
212921
212937
212955
212961
212964
214647
198680
198681
171407
171419
171519
171420
171422
171568
171524
162371
171553
159153
159155
162378
152150
159196
159192
159135
159147
159206
159356
159221
159222
159395
159432
159397
159398
159449
159441
159596
159694
172362
159695
159775
161106
213044
213401
213424
213417
213430
170945
171355
171359
170937
171368
171411
171364
170890
170899
170836
170838
170861
170848
170938
92991
95727
95747
95748
95749
97650
97683
97655
97673
97688
97689
97693
97713
97716
95267
95270
95266
95275
95277
95380
95374
95352
95348
95416
95422
97911
95664
95666
95661
101717
49935
49938
49936
41939
41978
41976
41984
49835
49830
49840
49885
49887
97674
102744
102915
94341
94342
98941
93567
93570
93565
92811
95734
98924
98919
98932
98890
98953
98963
98964
98608
98617
98656
97725
97811
97816
98036
98041
98340
98110
98344
98346
97703
97708
97720
98325
98336
98599
