64
156611 156610 953
156610 156611 953
156612 156618 778
177449 177444 589
177456 177457 757
177457 177456 757
177444 177449 589
177477 177480 1796
177480 177477 1796
176837 176841 556
176841 176837 556
176829 176830 452
176830 176829 452
165425 167425 2949
167420 167425 782
167401 167403 2680
167404 167403 1161
167403 167401 2680
167403 167404 1161
165614 165613 818
165613 165614 818
165613 165616 848
165616 165613 848
165443 165494 253
165492 165494 782
165494 165443 253
165494 165492 782
167425 165425 2949
167425 167420 782
165513 165512 562
165512 165513 562
167515 167517 222
167517 167515 222
165472 165471 789
165471 165472 789
165465 165466 808
165466 165465 808
211289 211292 1295
211292 211289 1295
211312 211313 678
211313 211312 678
211519 211520 774
211316 215025 292
211520 211519 774
215025 211316 292
212284 212285 2700
213227 213228 767
213228 213227 767
212485 212499 897
212499 212485 897
212238 212280 487
212280 212238 487
212285 212284 2700
173102 173104 455
173104 173102 455
176588 176587 452
176587 176588 452
176569 176578 2109
176578 176569 2109
176250 176251 713
176251 176250 713
156485 156487 1883
156487 156485 1883
156618 156612 778
155
173026
173029
173093
173102
173003
173104
173012
173141
173112
173153
173182
178211
177758
178198
177762
186012
173229
173233
173057
173008
173083
172976
178184
173226
174843
174887
174890
174832
174867
174856
174858
174915
176262
176588
176587
176556
176595
176597
176579
176569
176578
156370
176571
176250
176251
155666
156346
156518
156485
156453
156487
156499
156441
156446
156373
156387
156415
156484
156473
156470
156083
156079
156091
156571
156829
156618
156498
156830
156591
156610
156660
156612
156661
156630
156627
177449
177456
177457
177444
177446
177467
177479
177471
177477
177480
177514
177384
177293
177313
177301
177311
176748
176803
176743
176829
165425
167413
167472
165614
165609
165613
165565
165566
165630
165627
165563
165443
167475
165490
167689
167529
167484
167505
165501
165513
165512
165498
167437
167467
167515
167522
165608
165199
165875
165908
165898
165472
165471
165465
165484
165466
164835
211289
211292
211312
211313
211232
211242
211224
211316
211520
215025
212284
213224
213228
212225
212484
212485
212499
212504
212505
212238
212285
213218
213244
