54
96929 96937 1074
96937 96929 1074
102630 102631 954
102631 102630 954
100736 100740 404
100740 100736 404
116554 116536 3399
116536 116554 3399
116594 116684 1684
116684 116594 1684
116684 116685 1308
116685 116684 1308
116698 116715 1414
116715 116698 1414
119613 119627 2433
119627 119613 2433
119627 119628 1075
119628 119627 1075
119768 119770 752
119768 119771 1285
119770 119768 752
119771 119768 1285
119776 119778 1308
119778 119776 1308
59903 60180 768
60180 59903 768
59747 59752 2266
59752 59747 2266
60214 77644 548
77644 60214 548
69880 76901 475
76901 69880 475
88895 88910 1977
88910 88895 1977
73658 73659 293
73659 73658 293
73738 73747 846
73747 73738 846
73747 73748 508
73748 73747 508
73786 73785 279
73785 73786 279
75338 75339 748
75339 75338 748
75363 75373 1345
75373 75363 1345
73927 73929 3791
73864 75703 1425
73929 73927 3791
75703 73864 1425
75687 75688 2155
75688 75687 2155
170240 170217 1669
170217 170240 1669
161
88891
88895
88382
88910
83875
88875
83865
88884
90068
88929
88932
88939
89124
90052
64948
73641
73658
74581
78550
73659
73579
66384
66586
66588
73595
73597
73574
73738
73747
73748
73752
73786
73785
73790
75346
75347
75338
75337
75339
75401
75404
75363
75373
75382
75388
75389
75420
75421
75417
75429
73805
73837
73890
73927
74010
75726
73864
73929
75703
75551
75559
75588
75616
75653
75657
75690
76051
75692
75694
75687
75688
170240
170212
170217
159870
159872
95912
96922
96932
96937
96964
96972
96978
102630
102165
100677
100679
100680
100719
100736
118443
116727
116780
58649
116572
116820
116460
116555
116559
116554
116536
116583
116594
116685
116698
119583
119527
119588
119595
119613
119628
119738
119746
120135
120137
59788
59803
119771
119776
119778
119791
119797
59860
77561
59883
59903
60180
60194
59832
59620
59747
59752
60205
60214
77648
77640
59687
59684
59712
79038
60195
60228
60236
60240
60256
60314
77662
77636
77657
58542
58544
58632
59093
59098
60684
60811
69880
76901
77495
60926
59220
