58
23093 23095 924
23095 23093 924
23095 23099 950
23096 23097 924
23097 23096 924
23099 23095 950
28513 28514 827
28514 28513 827
28559 28565 403
28565 28559 403
28565 28569 809
28569 28565 809
28569 28572 473
28572 28569 473
28906 28909 2030
28909 28906 2030
24729 24732 738
24732 24729 738
189349 189351 436
188667 188664 3020
188902 188901 788
188946 188953 213
188953 188946 213
187543 187482 1617
187543 187542 823
187552 187542 922
188664 188667 3020
188942 188943 810
187414 187413 786
188901 188902 788
187413 187414 786
188943 188942 810
189351 189349 436
187482 187543 1617
187508 187506 819
187542 187543 823
187542 187552 922
187506 187508 819
197513 197524 275
197522 197506 213
197524 197513 275
197524 197525 1164
197525 197524 1164
197506 197522 213
197575 197623 1434
197623 197575 1434
197598 197600 1177
197600 197598 1177
15770 15771 857
15771 15770 857
19796 19798 688
19798 19796 688
21437 21434 613
21434 21437 613
21763 21926 1667
21926 21763 1667
21925 21934 1234
21934 21925 1234
172
15333
15336
15337
15338
15351
225519
225546
15343
15406
15413
15770
15771
15774
15780
15804
15805
15813
15814
15828
15826
15891
15903
15930
16129
16066
16140
16149
16161
16164
14483
14485
16301
16322
19796
19798
19802
21437
19806
21434
21441
21494
21529
21586
21588
21657
21497
21502
21650
21656
21738
21802
21747
21750
34063
21755
21772
21840
21617
21763
21926
21925
21934
21938
21940
21954
22078
22088
21990
22004
22162
22167
22218
20315
21985
21994
22008
22011
22668
21267
22781
23093
23095
23096
21415
23097
23099
25968
26056
26008
26022
26065
26071
26077
28256
21409
28510
28559
28572
28709
28712
19716
28906
28909
28670
28721
23505
28962
28970
24452
28985
24473
24477
24478
24727
24729
24732
24737
188667
188679
188705
188725
188751
188894
188932
188902
188904
188946
188953
187552
188664
188942
188901
188908
188943
188951
189351
189382
187508
187332
187341
187342
187335
187500
187506
197513
197522
197606
197761
197525
197530
194669
197506
197565
197566
197292
197552
197555
197558
197575
197623
197627
197638
197598
197612
197619
197760
197785
197600
198359
199261
198924
198929
