58
120379 120378 3035
67639 67663 3327
67663 67639 3327
120378 120379 3035
67928 67933 1772
67933 67928 1772
73000 73001 1148
73001 73000 1148
73001 73007 1030
73007 73001 1030
71162 71163 1357
71163 71162 1357
68250 68252 3430
68252 68250 3430
71216 71227 1173
71227 71216 1173
68366 68360 818
68366 68382 1936
68383 68382 713
68356 68360 581
68360 68356 581
68360 68366 818
68382 68366 1936
68382 68383 713
74230 74265 2323
74265 74230 2323
72732 72735 809
72735 72732 809
72749 72752 1278
72752 72749 1278
221071 221072 539
221071 224807 1293
221072 221071 539
224807 221071 1293
122952 122953 672
122953 122952 672
123478 123450 1364
123476 123450 4535
123450 123476 4535
123450 123478 1364
123649 123660 1683
123660 123649 1683
123671 123667 890
123667 123671 890
124070 124077 1169
124077 124070 1169
124934 124935 418
124935 124934 418
124850 124954 1423
124954 124850 1423
124966 124969 1085
124969 124966 1085
128516 128515 977
128512 128515 1937
128515 128512 1937
128515 128516 977
67602 67606 898
67606 67602 898
157
122952
122953
122965
122942
123487
123488
123478
123476
123450
123638
123805
123809
123811
123649
123660
123671
123667
123668
123787
123780
123734
123715
122500
121672
122502
122370
122419
122458
125164
123184
123170
123242
122509
123322
123324
123309
44913
124080
125689
124070
124077
124041
124044
123937
124046
123935
124934
124935
124937
124850
124954
124964
124966
124969
125006
128445
128457
128463
128487
128444
128506
128503
120336
125074
128516
128512
128515
120417
120427
67602
67606
120379
120405
120398
120410
120374
67970
67985
68013
67905
67900
67846
67994
67920
67448
67451
67454
67876
67884
67928
67933
67940
67956
68541
68763
68781
68792
68846
68848
72860
72913
72916
72924
73000
73001
78853
78862
73007
73117
71162
71172
71135
71211
71163
71263
77885
67571
68250
71139
71502
71774
71777
71209
71216
71227
76478
71233
71236
78660
71333
71331
68201
67579
68308
68366
68356
68360
72279
72289
74266
72178
74230
74265
72271
72274
72678
72735
72749
72752
72755
221102
221108
221115
221072
224807
221078
221081
