78
188939 188974 253
188974 188939 253
187560 187537 810
187575 187537 2661
187575 187581 3087
187530 187537 1097
187537 187530 1097
187537 187560 810
187537 187575 2661
197838 197839 533
197839 197838 533
197667 197666 781
197675 197678 1412
197385 197386 767
197386 197385 767
197392 197663 587
197663 197392 587
197666 197667 781
197678 197675 1412
197715 197721 2215
197721 197715 2215
197721 197722 613
197722 197721 613
197724 197725 899
197850 197817 1280
197850 197845 801
197817 197850 1280
197728 197725 1118
197728 197897 833
197725 197724 899
197725 197728 1118
197845 197850 801
197897 197728 833
197860 197863 867
197863 197860 867
203030 203031 263
203031 203030 263
200188 200190 337
200190 200188 337
200358 200382 954
200382 200358 954
200799 200800 1131
200800 200799 1131
200800 200802 930
200802 200800 930
200909 200914 882
200909 201079 674
201079 200909 674
200914 200909 882
206293 206294 683
206294 206293 683
206294 206344 955
206344 206294 955
201426 201440 936
201440 201426 936
206366 206371 1059
206371 206366 1059
201407 202308 678
201407 208826 198
202308 201407 678
208826 201407 198
208860 201461 624
201461 208860 624
20202 20211 764
20211 20202 764
20995 20990 1205
20990 20995 1205
20990 21139 1085
21139 20990 1085
25931 25929 1055
21401 21400 889
21400 21401 889
25929 25931 1055
25999 26037 599
26037 25999 599
51637 51639 403
51639 51637 403
187581 187575 3087
169
19941
21511
34750
21522
21539
21580
20207
20217
20202
20211
21897
20240
20278
20246
20242
20041
20299
21123
22661
20995
20990
21139
21140
21149
20992
21060
21198
21206
21210
21233
21253
21255
25931
25936
21401
21400
25929
25937
25914
25980
25415
25991
25992
25999
26037
26031
8285
26092
27977
27973
27981
21368
21370
21339
21372
27991
28011
28505
28127
56591
28743
28956
51625
51637
51639
51664
50609
52625
51663
51672
51674
50614
56686
56689
187581
188683
188698
188735
188743
188755
188921
188925
188979
188983
189008
187575
187355
187382
187515
187537
190506
190507
189661
197838
197837
197842
197667
197302
197374
197377
197385
197386
197663
197666
197678
197715
197722
197728
197725
197823
197845
197830
197897
197854
197860
197861
197862
197899
197863
197867
198788
194943
199270
203028
203033
205191
205192
200198
205246
200190
200192
200193
200358
200362
200381
200382
200369
200371
199191
214920
214918
200402
200797
200799
200888
200894
200912
201089
200914
201106
206293
206294
206344
206346
201438
201440
201446
206365
206366
206371
206374
208807
208814
202305
202308
194525
208826
208860
201461
