46
179342 179210 1505
179210 179342 1505
179129 179273 893
179273 179129 893
179273 179274 1227
179309 179310 650
179323 179310 517
179310 179309 650
179310 179323 517
115559 116074 591
116074 115559 591
106461 106462 1741
106462 106461 1741
114765 114763 679
114763 114765 679
193084 193088 329
193088 193084 329
193157 193158 869
193158 193157 869
193190 193188 932
193187 193188 556
193188 193187 556
193188 193190 932
182862 182869 1022
182869 182862 1022
183610 183608 1227
183608 183610 1227
183788 178785 669
178785 183788 669
183047 183051 905
183051 183047 905
183322 183284 2028
183284 183322 2028
209520 209521 763
209521 209520 763
210141 210111 709
210111 210141 709
210194 210210 1011
210210 210194 1011
162852 162856 879
162898 162897 2981
162856 162852 879
162897 162898 2981
179203 179205 2213
179205 179203 2213
179274 179273 1227
160
182695
182825
182842
182841
182844
182835
182862
182869
180331
182863
182882
183495
183480
183679
183629
183632
183717
183645
174040
174028
183469
183484
183999
184012
174065
174063
174038
183295
183311
183735
183738
183610
183745
183746
183608
183788
178785
183047
183051
183238
183243
183304
183307
183319
183322
183284
163249
210419
210423
210424
210403
209265
209515
209520
209521
209543
209601
209609
209611
209624
209658
210141
210140
210111
210160
210189
210218
210193
210194
210210
210213
162686
162814
162827
162850
162553
163090
162876
162890
162852
162898
162899
162856
162897
196007
210508
210489
178699
179203
179205
179274
179342
179210
179129
179273
179133
179309
179316
115374
115559
116074
113860
106462
106286
106289
106416
32368
32373
32379
32439
35005
114765
114068
114727
114544
194111
193093
193088
193109
193147
193148
193135
193157
192889
193153
193158
193180
193190
193214
193215
193240
193236
192179
192196
192209
192146
192263
192157
35142
35145
29459
29501
29509
29515
30831
30828
30840
30838
30853
30876
30878
31766
32667
32660
30345
30384
30412
30773
30539
21416
