46
88566 88615 254
88615 88566 254
88586 88752 1604
88752 88586 1604
88601 88756 1124
88756 88601 1124
88366 88367 1108
88367 88366 1108
88367 88378 2020
88378 88367 2020
88363 88369 2048
88369 88363 2048
88358 88852 1106
88852 88358 1106
83867 83866 875
83867 83868 1939
83868 83867 1939
83866 83867 875
88928 88966 3399
88966 88928 3399
73742 73743 762
73743 73742 762
73783 73782 937
73782 73783 937
73920 73903 875
73918 73903 1861
73903 73918 1861
73903 73920 875
57732 75562 1015
75562 57732 1015
75562 75564 1891
75564 75562 1891
63900 63895 2038
63895 63900 2038
65428 65427 562
65427 65428 562
65548 65542 799
65542 65548 799
76307 76280 2351
68891 69139 839
69139 68891 839
76280 76307 2351
88628 88627 1068
88627 88628 1068
88545 88562 875
88562 88545 875
174
64860
63900
63895
63897
63905
63772
63848
60988
62454
62475
62484
62319
62390
62398
65185
65190
65197
62408
57037
57038
76885
57009
62266
65856
77176
65152
65246
65208
65213
65243
65258
65380
65381
65391
65125
65132
65161
65147
65171
65172
65428
65427
65431
65498
65563
65546
65548
65542
76063
76068
76096
76307
76311
68891
69139
72029
76280
77920
87335
87392
75178
87643
87646
87946
88472
88475
88628
88635
88627
87686
87745
87734
87702
87724
88065
88545
88561
88642
88562
88712
84862
88648
88615
88582
88160
88193
88151
88153
88178
88187
88586
88752
88603
88349
88366
88378
88361
88363
88333
88369
88352
88358
88852
88838
88854
88863
88894
88898
88909
83868
83873
88876
83866
88992
88998
88928
88938
88966
89569
89567
73292
64947
73087
74852
73661
73580
73585
73566
66587
73594
73596
73598
73742
73743
73750
73784
73782
75324
75325
75331
75312
75336
75368
75400
75328
75377
75386
75387
75418
73920
73807
73894
73924
73925
73918
73932
73863
74021
75560
75564
75589
75595
75615
75647
75644
75654
75651
75661
75689
75693
75631
75686
170242
170220
