28
106195 106821 2363
106821 106195 2363
106878 106882 1234
106882 106878 1234
106253 106492 562
106492 106253 562
107671 107750 354
107695 107691 2347
107750 107671 354
107691 107695 2347
107846 107848 3075
107848 107846 3075
111019 111020 4674
111020 111019 4674
111142 111143 930
111144 111143 1447
111143 111142 930
111143 111144 1447
163507 163523 1017
163523 163507 1017
163530 163528 672
163528 163530 672
164073 164074 789
164074 164073 789
211962 211963 841
211963 211962 841
115128 115127 1023
115127 115128 1023
164
211089
211787
211805
163507
163523
163530
163528
163621
163498
163743
163675
163679
163620
163686
162973
163510
163451
163022
162768
162969
162954
162773
164015
164260
164284
164037
164096
164046
164174
164032
164073
164075
164074
164067
164270
164193
164195
164097
164108
164113
164123
164132
164125
164134
212373
212377
212387
212394
164147
212047
211818
211958
211962
211963
211970
212304
212307
212310
212311
212326
178715
114609
114616
114669
114453
114464
114480
115204
115216
116142
114971
115128
115142
115144
115127
115134
114872
114896
114879
115042
114987
115000
92083
92091
92095
115304
115117
115110
115147
115341
115360
115367
115658
106195
106813
107016
107311
107009
107296
107298
107325
109550
106878
106862
92911
92934
92935
106882
106715
106879
106877
106880
106253
106492
106232
116055
116062
116103
116119
106237
105740
192025
192027
194395
194233
194234
191929
191582
192071
192856
192971
192864
193025
193036
107595
107708
107680
107704
107653
107641
107600
107604
107624
107638
107585
107667
107695
107750
107691
107713
107841
107837
107846
107848
111019
111009
111125
111144
111134
111138
111129
111935
111959
111964
