90
257172 257171 937
257172 257174 1694
257171 257172 937
257174 257172 1694
258032 258031 157
258031 258032 157
243804 243807 784
243807 243804 784
247184 247186 833
247191 247186 1170
247191 247196 792
247196 247191 792
247196 247195 138
247196 247198 1670
247198 247196 1670
247198 247204 780
247208 247214 2193
247212 247214 717
247217 247218 232
247271 247254 2040
247271 247274 1726
247311 247254 889
247275 247274 796
243948 243947 660
243951 243947 1214
263750 244012 173
244010 244013 1578
244214 244216 960
262187 244217 352
243985 243983 3824
243985 243984 472
243992 243984 4324
244003 244002 1069
243983 243982 3381
243983 243985 3824
264140 243982 2428
244001 244004 1694
244203 244202 2281
244203 244282 737
261965 244282 1789
244380 244378 3140
244381 244378 2006
244393 244379 3161
244199 244202 203
244269 244268 2432
244270 244268 2028
243946 243945 1225
247186 247184 833
247186 247191 1170
247195 247196 138
247204 247198 780
247204 247214 1333
247214 247204 1333
247214 247208 2193
247214 247212 717
247218 247217 232
247254 247271 2040
247254 247311 889
247274 247271 1726
247274 247275 796
243947 243948 660
243947 243951 1214
244012 263750 173
244013 244010 1578
244216 244214 960
244217 262187 352
243984 243985 472
243984 243992 4324
244002 244003 1069
243982 243983 3381
243982 264140 2428
244004 244001 1694
244282 244203 737
244282 261965 1789
244378 244380 3140
244378 244381 2006
244379 244393 3161
244202 244199 203
244202 244203 2281
244268 244269 2432
244268 244270 2028
243945 243946 1225
247445 247446 2039
247446 247445 2039
247754 247755 696
247755 247754 696
258585 258609 713
258609 258585 713
260511 260513 272
260513 260511 272
155
247186
247195
247204
247214
247218
247254
247274
243947
244012
244013
244216
244217
243984
244002
243982
244004
244282
244378
244379
244202
244268
243945
244224
247324
247330
247332
247408
247442
247445
247446
247754
247755
247766
247491
247771
247770
247892
258444
258449
247909
247904
247903
258516
258513
258563
258597
258585
258609
258612
260511
260513
260524
259962
256137
260208
256598
260230
256605
262223
256637
260142
260143
260508
256649
260255
260499
255009
255084
254999
255258
255274
255278
255098
255144
262440
262443
255140
255170
255176
257171
260548
257174
257231
257242
257275
257276
257212
258782
258849
258745
258811
258869
258808
258817
261644
258702
262675
258740
262658
262682
258699
257905
257903
258023
258027
258053
258049
262063
258036
258043
258059
258967
258998
258068
258063
262770
258128
262777
258152
239167
239204
244341
244428
244344
244368
244435
243654
243764
243787
243695
243802
243804
243807
244496
244525
243799
247184
247191
247198
247208
247212
247217
243948
244010
244214
243985
243992
244003
264140
244001
244380
244381
244393
244199
243946
