274
2767 2765 1375
3286 3287 2885
3287 3286 2885
3311 3312 5012
3312 3311 5012
3346 3347 1112
3347 3345 3202
3347 3346 1112
3351 3345 1220
3351 3350 1848
3352 3349 893
3352 3350 1179
3349 3348 1161
3349 3352 893
4085 3339 1060
4085 3340 818
4093 3340 3419
4082 4081 2065
259848 259847 635
261295 261294 1467
264171 261294 817
263000 259837 2982
263739 259837 1529
259840 259839 1720
260612 259839 4951
263022 259832 3797
264169 259832 1269
6457 4564 526
4583 4565 353
4546 4549 278
4546 4551 251
4540 4542 2279
4543 4542 1276
4773 4764 1978
4769 4766 586
4769 4770 353
4769 4771 335
4770 4769 353
4770 4771 344
1552 1555 373
1552 1556 433
1556 1552 433
1556 1555 336
4787 4786 402
1539 101 2541
4795 4794 2913
4800 4794 770
5188 5186 2224
4768 4765 6489
4768 4780 418
4801 4780 2886
4783 4782 5050
4536 4607 1762
4624 4607 4122
4549 4546 278
4549 4552 402
4618 4619 474
4479 4481 837
4614 4613 2605
4615 4613 3719
4651 4653 3065
4654 4653 1215
4656 4655 278
4656 4657 1065
4659 4657 1466
4660 4657 1305
4660 4670 373
4671 4670 2913
4671 4676 7224
4676 4671 7224
4676 4672 1809
4681 4672 2304
4765 4762 417
4765 4766 417
4765 4768 6489
4766 4762 503
4766 4765 417
4766 4769 586
4767 4762 7700
1602 1598 2457
1600 1599 5903
1618 1617 837
1621 1617 838
260745 260747 4489
260748 260747 1314
260743 260973 3194
260750 260754 3773
262958 260754 2520
260791 260790 2826
260815 260790 17219
260975 260974 1579
260784 260798 10715
260795 260798 10036
260919 260924 1025
262977 260924 4773
260932 260931 2547
260948 260931 928
260950 260931 4272
260799 260802 2687
262937 260813 3248
262955 260813 3136
260816 260819 2849
260820 260819 2210
260963 5747 3122
260890 260955 2095
260952 260955 10044
260968 260967 887
261023 261024 884
6218 6222 3474
6218 6359 1179
6218 6359 1179
6220 6222 2223
6359 6218 1179
6359 6218 1179
6359 6221 1113
6359 6221 1113
261038 261040 2199
261041 261040 1396
6224 6225 10979
6229 6225 1585
6232 6254 5070
6253 6252 2279
1905 1903 1225
1906 1903 670
1921 1920 983
1918 1943 1234
1944 1937 1714
1944 1943 627
1937 1936 475
1937 1944 1714
1938 1936 336
1950 1953 1119
2156 2158 419
2157 2158 1305
2186 2235 1060
2259 2251 475
2259 2261 1413
2262 2261 688
2282 2280 2011
2282 2283 1774
2283 2280 893
2283 2282 1774
2283 2286 353
2286 2283 353
2286 2295 1077
2300 2295 1906
3345 3347 3202
3345 3351 1220
3350 3351 1848
3350 3352 1179
3348 3339 1140
3348 3349 1161
3339 3348 1140
3339 4085 1060
3340 4085 818
3340 4093 3419
4081 4082 2065
259847 259848 635
261294 261295 1467
261294 264171 817
259837 263000 2982
259837 263739 1529
259839 259840 1720
259839 260612 4951
259832 263022 3797
259832 264169 1269
4564 6457 526
4565 4583 353
4551 4546 251
4551 4552 452
4542 4540 2279
4542 4543 1276
4764 4773 1978
4771 4769 335
4771 4770 344
1555 1552 373
1555 1556 336
4786 4787 402
101 1539 2541
101 5186 6231
4794 4795 2913
4794 4800 770
5186 101 6231
5186 5188 2224
4780 4768 418
4780 4801 2886
4782 4783 5050
4607 4536 1762
4607 4624 4122
4552 4549 402
4552 4551 452
4619 4618 474
4481 4479 837
4613 4614 2605
4613 4615 3719
4653 4651 3065
4653 4654 1215
4655 4656 278
4657 4656 1065
4657 4659 1466
4657 4660 1305
4670 4660 373
4670 4671 2913
4672 4676 1809
4672 4681 2304
4762 4765 417
4762 4766 503
4762 4767 7700
1598 1599 503
1598 1602 2457
1599 1598 503
1599 1600 5903
1617 1618 837
1617 1621 838
260747 260745 4489
260747 260748 1314
260973 260743 3194
260973 260974 3121
260754 260750 3773
260754 262958 2520
260790 260791 2826
260790 260815 17219
260974 260973 3121
260974 260975 1579
260798 260784 10715
260798 260795 10036
260924 260919 1025
260924 262977 4773
260931 260932 2547
260931 260948 928
260931 260950 4272
260802 260799 2687
260813 262937 3248
260813 262955 3136
260819 260816 2849
260819 260820 2210
5747 260963 3122
260955 260890 2095
260955 260952 10044
260967 260968 887
261024 261023 884
6222 6218 3474
6222 6220 2223
6221 6359 1113
6221 6359 1113
6221 261040 343
261040 6221 343
261040 261038 2199
261040 261041 1396
6225 6224 10979
6225 6229 1585
6254 6232 5070
6252 6253 2279
1903 1905 1225
1903 1906 670
1920 1921 983
1943 1918 1234
1943 1944 627
1936 1937 475
1936 1938 336
1953 1950 1119
2158 2156 419
2158 2157 1305
2235 2186 1060
2235 2251 3063
2251 2235 3063
2251 2259 475
2261 2259 1413
2261 2262 688
2280 2282 2011
2280 2283 893
2295 2286 1077
2295 2300 1906
2765 2767 1375
156
3345
3350
3348
3339
3340
4081
259847
261294
259837
259839
259832
4564
4565
4551
4542
4764
4771
1555
4786
101
4794
5186
4780
4782
4607
4552
4619
4481
4613
4653
4655
4657
4670
4672
4762
1598
1599
1617
260747
260973
260754
260790
260974
260798
260924
260931
260802
260813
260819
5747
260955
260967
261024
6222
6221
261040
6225
6254
6252
1903
1920
1943
1936
1953
2158
2235
2251
2261
2280
2295
2297
2164
2176
2765
2767
2897
2854
2714
2724
2733
2754
2756
2861
2880
2891
3286
3287
3312
3346
3347
3351
3349
4085
259848
261295
263000
259840
263022
4546
4540
4770
1552
1556
4787
1539
4795
5188
4536
4549
4618
4479
4651
4659
4671
4676
4767
1602
1600
260745
260743
260750
260815
260975
260784
260795
260919
262977
260932
260948
260950
260799
262937
260816
260820
260963
260890
260952
261023
6218
261038
261041
6224
1905
1906
1918
1944
1938
1950
2156
2157
2186
2259
2282
2283
2286
2300
