82
143584 143511 490
143511 143584 490
143526 143522 987
142839 142832 898
142832 142839 898
143794 143793 658
143793 143794 658
143719 143715 1082
143715 143719 1082
143522 143526 987
143728 143521 604
143521 143728 604
142862 142861 864
142864 142863 2572
142861 142862 864
142863 142864 2572
144888 142866 845
144888 144895 748
144895 144888 748
142866 144888 845
143173 143178 2040
143178 143173 2040
139782 143308 240
144810 144816 621
144816 144810 621
144919 144864 981
144861 144880 1605
144864 144919 981
144880 144861 1605
144880 144881 669
144881 144880 669
204642 204643 845
204643 204642 845
145071 145072 812
145072 145071 812
145179 145182 822
145182 145179 822
145654 145655 1682
145654 145656 788
145656 145654 788
145655 145654 1682
209607 209614 12596
209607 209653 931
209653 209607 931
214926 214927 491
214926 214927 491
214927 214926 491
214927 214926 491
209614 209607 12596
167599 167598 951
152656 152665 951
152665 152656 951
152667 152668 848
152680 152681 650
152668 152667 848
152668 152675 697
152675 152668 697
152681 152680 650
153551 153554 1284
153554 153551 1284
152647 152648 1370
152648 152647 1370
168520 168519 202
168504 168502 985
168519 168520 202
168449 168502 630
168502 168449 630
168502 168504 985
167598 167599 951
131604 131608 1892
131608 131604 1892
132219 132218 371
132218 132219 371
54306 54305 928
54315 54305 279
54305 54306 928
54305 54315 279
140413 140410 302
140410 140413 302
140499 140504 2334
140504 140499 2334
143308 139782 240
166
46266
130879
131310
130887
130903
130894
130901
131166
131170
131185
131210
131278
131205
131523
131528
131564
131567
131604
131608
125242
131626
131712
132219
132225
132229
132255
132218
132273
54133
54137
54153
54131
54169
54161
54167
54285
54276
54241
54306
54740
54744
54315
54305
150551
140300
140319
140413
140480
140410
140481
140486
140499
140504
141968
139781
143303
143308
143442
143436
143455
143461
143585
143511
143589
143526
143525
143602
142838
142839
142845
142832
143956
143794
143783
143793
143789
143776
143719
143724
143703
143704
143726
143522
143728
142843
142879
142864
142863
142873
142878
144892
144895
142866
143178
143193
143200
143282
143285
139782
144810
144816
144916
144919
144861
144864
144880
144881
204574
204642
204644
204930
204935
204927
204643
204822
204939
204947
207716
214413
144885
144887
145071
145072
145077
145179
145221
145230
145238
145240
145631
145655
146607
146608
146623
146670
146672
146680
146873
146844
146915
146924
209545
209653
209415
167574
167599
152656
152665
152680
152668
152675
152681
152795
153551
153594
153532
152069
153525
162508
152648
162511
168520
168504
168449
167598
167607
