48
171118 171149 556
171149 171118 556
96087 96089 951
96089 96087 951
96123 96122 556
96140 96155 2583
96122 96123 556
96155 96140 2583
96074 96072 2103
96072 96074 2103
99078 99079 872
99079 99078 872
99470 99469 1545
99469 99470 1545
42901 42902 751
42903 42802 1483
42903 42902 2510
42902 42901 751
42902 42903 2510
42802 42903 1483
42987 42983 2365
42983 42987 2365
41787 41789 1379
41789 41787 1379
41789 41800 782
41800 41789 782
41804 41805 1146
41805 41804 1146
41805 41809 2130
41809 41805 2130
72686 72684 951
72684 72686 951
220053 220057 2602
220057 220053 2602
220057 220163 958
220136 220169 752
220163 220057 958
220169 220136 752
221891 221600 1750
221887 221882 1627
221882 221887 1627
221600 221891 1750
216851 216865 883
216865 216851 883
216975 216978 1422
216978 216975 1422
216366 216367 567
216367 216366 567
154
71525
71036
78056
71068
71070
71225
76581
71305
71325
68164
68169
68202
68222
67573
72290
72686
72687
74319
74284
74272
74228
78734
78736
74290
74291
72255
72671
72684
72685
72733
72851
72880
220047
220053
224646
220057
220136
220163
220169
220174
222578
222596
220495
224676
224797
221891
221887
221924
221882
221600
221906
221550
219402
219393
216509
218473
221564
216632
216633
216850
216851
216865
224239
216921
216922
217832
217841
216975
216977
216631
216629
216978
217004
216366
216367
216369
217006
217055
217035
217056
171176
171827
171834
171852
171118
171126
171159
95960
96087
96089
96128
96123
96140
95998
96122
96048
96155
96074
96072
96465
96388
96398
96399
100198
100205
100207
100155
100147
100150
100154
100248
101938
100324
100347
100350
100345
99401
99530
99445
99543
101841
99554
99078
99185
99187
99188
102876
99292
99470
99468
41734
42693
42708
42714
42733
42741
42776
42758
42760
42785
42786
42802
42792
42987
42979
42983
41745
41771
41748
41782
41799
41774
41817
41835
