40
165392 165393 650
165420 165462 279
165462 165420 279
211288 211279 791
211295 211298 504
211298 211295 504
211220 211221 938
211256 211262 923
211262 211256 923
211279 211288 791
211221 211220 938
211221 211223 640
211223 211221 640
212217 212281 369
212281 212217 369
212556 212566 248
212566 212556 248
212566 212570 328
164936 164941 337
164941 164936 337
212570 212566 328
119159 119344 823
119344 119159 823
156082 156543 1234
156543 156082 1234
156609 156620 1140
156620 156609 1140
177464 177463 905
177463 177464 905
177481 177483 562
177483 177481 562
176806 176739 983
176739 176806 983
165387 165388 1825
165603 165599 818
165599 165603 818
165388 165387 1825
165511 167440 782
167440 165511 782
165393 165392 650
158
156427
156082
156543
156081
156090
156565
156827
156825
156617
156828
156590
156609
156620
156613
156629
172800
177429
177452
177460
177437
177447
177464
177277
177463
177478
177481
177483
177515
177294
177299
176249
176838
176804
176806
176739
176769
176827
176822
165424
167421
165387
167402
167397
167408
165592
165610
165603
165548
165551
165600
165599
165562
165388
165493
167426
167423
167476
165491
167527
167528
167485
167497
167668
165453
165510
165511
167440
167464
167514
167516
165612
165200
165393
165397
165392
165469
165462
165467
165468
164850
164854
211288
211295
211298
211518
208797
211237
211241
211262
211223
204679
211508
215026
213212
213221
213222
212223
212481
212483
212498
212496
212281
212283
212303
212497
212553
212556
164648
164871
164877
164880
164602
164841
164905
164904
164921
164910
164941
212570
214274
114246
116176
113977
113975
114004
114160
113993
114151
114171
118487
118833
118838
118484
119258
119240
119304
119435
118576
119064
119135
119159
119162
119019
119458
102925
92048
102196
94366
94372
102937
91979
94420
92178
92192
92233
92248
94504
94495
