52
172460 165982 747
165861 165862 808
165862 165861 808
167722 167724 1101
167724 167722 1101
167830 166016 818
167934 167932 759
167874 167875 767
167932 167934 759
167875 167874 767
165982 172460 747
166016 167830 818
165692 165693 713
165693 165692 713
161546 161545 818
161545 161546 818
164672 164683 610
164683 164672 610
165781 165787 202
165787 165781 202
165749 165750 4010
165750 165749 4010
119184 119183 561
119183 119184 561
119169 119249 1712
119249 119169 1712
118986 118985 1379
119004 118985 1004
118985 118986 1379
118985 119004 1004
118996 118995 353
118995 118996 353
94659 94660 1342
94660 94659 1342
174933 174931 475
174931 174933 475
160244 160248 1940
160270 160269 782
160248 160244 1940
160269 160270 782
160281 160289 1225
156576 156781 2111
160425 160422 581
160422 160425 581
160289 160281 1225
156781 156576 2111
156722 156784 1000
156963 156961 1000
156961 156963 1000
156784 156722 1000
177326 177421 1248
177421 177326 1248
164
173475
174933
174931
176708
177601
177401
177605
177609
177596
160158
160153
160162
160208
160244
156520
160270
160248
160269
156525
160281
160334
160288
160200
156576
160377
160364
160353
160356
160386
160425
160422
160289
160576
160585
160414
156899
160376
156897
156781
156646
156722
156903
156963
156961
160462
160473
160476
160487
156683
160511
160670
160507
160497
160503
160552
156784
156811
156800
156822
156931
158135
156979
158332
156928
156974
156670
158352
158469
160690
177326
177375
177421
177414
177419
177394
177613
177402
177615
176697
172170
172460
165659
165646
167793
167732
167773
167722
167724
167748
172186
167822
168433
165407
167708
167934
167938
167953
167874
167932
167854
165982
166015
166016
165774
165693
161535
161423
164638
164688
169065
169068
164890
169308
164616
164672
164683
161434
165723
165778
165787
165796
165712
165752
165749
165750
165735
165740
164974
169380
169382
169367
169365
118849
119049
119046
119053
119112
119116
119184
119183
119248
119167
119169
119249
119206
119329
119201
118809
119429
118986
118985
118989
118995
118998
94660
94364
103256
94835
94355
94362
94518
94522
92381
101748
