112
260414 260413 782
260456 260464 688
260464 260456 688
5136 5137 335
5137 5136 335
262507 262508 554
257592 257609 898
257603 257609 7152
257609 257592 898
257609 257603 7152
4243 4302 2787
4319 4302 647
5315 5314 1906
260609 260610 1311
5545 5547 3889
5549 5547 868
259168 259167 1923
263310 259175 4374
262490 259182 905
262491 259182 1529
262582 259201 2679
262583 259201 1468
262584 259201 1555
262508 262507 554
262508 262585 731
262586 262585 2031
241020 259012 2948
258762 258879 3755
258878 258879 877
262743 262742 670
262744 262742 468
258874 258876 673
258875 258876 875
258896 258892 1452
258896 258898 1875
258898 258896 1875
258898 258899 1334
258916 258899 579
236716 259132 2142
262703 259147 2183
240587 240588 389
240587 244781 1306
240588 240587 389
240588 244781 1607
258924 258925 4444
259152 259159 2287
262712 259159 1594
262732 262731 1202
262733 262731 865
258902 258767 3231
258902 262736 1838
262737 262736 1526
262728 262727 1029
262729 262727 1035
258730 258767 6226
258975 258977 1449
258983 258984 694
259000 258987 3263
4302 4243 2787
4302 4319 647
5314 5315 1906
260610 260609 1311
5547 5545 3889
5547 5549 868
259167 259168 1923
259175 263310 4374
259182 262490 905
259182 262491 1529
259201 262582 2679
259201 262583 1468
259201 262584 1555
262585 262508 731
262585 262586 2031
259012 241020 2948
259012 258987 168
258879 258762 3755
258879 258878 877
262742 262743 670
262742 262744 468
258876 258874 673
258876 258875 875
258892 258896 1452
258899 258898 1334
258899 258916 579
259132 236716 2142
259132 244781 497
259147 262703 2183
244781 240587 1306
244781 240588 1607
244781 259132 497
258925 258924 4444
259159 259152 2287
259159 262712 1594
262731 262732 1202
262731 262733 865
262736 258902 1838
262736 262737 1526
262727 262728 1029
262727 262729 1035
258767 258730 6226
258767 258902 3231
258977 258975 1449
258984 258983 694
258987 259000 3263
258987 259012 168
258195 258196 3003
258196 258195 3003
258553 258559 827
258559 258553 827
260364 260370 707
260370 260364 707
260413 260414 782
152
4302
5314
260610
5547
259167
259175
259182
259201
262585
259012
258879
262742
258876
258892
258899
259132
259147
244781
258925
259159
262731
262736
262727
258767
258977
258984
258987
258119
258121
258190
258195
258196
262756
258229
259424
258243
259748
258242
264211
258292
244619
244481
244536
244543
244560
244569
240788
263893
244570
244576
244605
258223
258276
258288
244318
258256
240221
244249
244301
244326
258305
258308
247458
247468
247888
258367
258351
258370
258373
258431
258441
263417
258487
258550
258547
258553
258559
251164
260364
260370
260383
260386
260413
260414
260421
259921
259965
260044
260273
260275
260198
260262
260263
260448
260456
260464
260584
90
260588
260594
5127
5137
5029
255351
255353
263289
263285
259170
262501
263278
262507
262514
255166
262551
257578
262421
262452
257592
257603
262414
262415
262387
257650
257651
4227
4237
17
4243
260609
5545
5549
259168
263310
262490
241020
258762
258878
258874
258875
258896
258898
236716
262703
240587
240588
258924
259152
258902
258730
258975
258983
259000
