46
242592 242595 2508
242595 242592 2508
244719 244718 1188
244718 244719 1188
241354 241355 789
241355 241354 789
241357 241358 703
241358 241357 703
241439 241441 610
241441 241439 610
246119 246122 784
246122 246119 784
246122 246124 787
246124 246122 787
246683 246865 1159
246865 246683 1159
246775 246778 620
246994 246993 1120
246778 246775 620
246993 246994 1120
246993 246997 1222
246997 246993 1222
246997 246998 672
246998 246997 672
247074 247034 805
247078 247079 1085
247034 247074 805
247079 247078 1085
247086 247096 847
247096 247086 847
247135 247136 475
247136 247135 475
248284 248282 737
248282 248281 1943
248282 248284 737
248323 248319 805
248321 248320 782
248281 248282 1943
248319 248323 805
248320 248321 782
255720 255723 1084
255723 255720 1084
257399 257398 1120
257398 257399 1120
242619 242624 2005
242624 242619 2005
164
248281
248319
248320
261190
253958
255699
255720
255723
255724
255691
255693
255694
255689
255733
255840
255860
255869
255893
255892
255942
255948
257379
257399
257402
257911
257398
257393
263790
257461
257466
257990
238041
238104
238250
238226
238232
238085
238071
238837
257513
258157
257546
240255
261769
238061
238394
238354
263239
238335
238338
238353
238356
238357
263110
238381
238389
238391
238531
238610
238606
263979
238979
238628
238701
242806
242606
242619
242624
263736
242674
242920
242922
261491
239629
263670
239503
239578
239524
239594
239600
239529
239573
242587
242592
242593
239585
242600
242614
239453
239635
239643
239668
239445
239717
239756
240097
239940
240139
240165
240175
261415
241116
244635
244636
244717
244718
244765
241313
244914
241357
241358
241441
241446
242254
241466
245154
246048
246050
246051
246553
246560
246119
246124
246142
246140
246152
246154
246624
246634
246645
246682
246683
246689
246690
246865
246643
246798
246677
246775
246992
246785
246993
246998
261571
247029
247034
247079
247086
247096
247135
247136
247148
247150
247142
247170
247182
253902
247180
248247
246973
248284
248282
248323
248321
