36
163335 163336 581
163336 163335 581
163004 163005 474
163005 163004 474
199710 212004 271
212004 199710 271
211924 211927 750
211927 211924 750
211927 211929 255
211929 211927 255
179050 179101 738
179101 179050 738
179073 179074 939
179073 179075 1224
179074 179073 939
179075 179073 1224
179235 179237 1034
179224 179225 951
179225 179224 951
179237 179235 1034
115383 115384 1124
115384 115383 1124
115577 115576 3922
115576 115577 3922
32360 32357 193
32357 32360 193
182877 182876 765
182876 182877 765
174365 174362 8448
174362 174365 8448
183895 183896 403
183896 183895 403
209586 209590 825
209590 209586 825
211669 211680 1287
211680 211669 1287
164
180730
180731
180818
177526
182068
186016
182035
182510
182877
183461
182876
186014
182649
183661
185241
174006
182566
184034
184037
172908
172911
174136
184047
184088
174129
174130
184104
173987
173935
173899
174342
174365
174392
174362
174379
174559
174576
175094
175075
174084
174270
174117
174119
174192
174184
174179
183804
183831
183863
183875
183882
183813
183442
183872
183895
183874
183888
183448
183896
209558
209569
209585
209586
209590
209646
210872
210884
210890
211587
211592
211606
211628
211669
211680
211664
211683
211691
211693
211698
211673
211674
162656
162669
162693
162700
163320
163322
163335
163243
163271
163352
163360
163380
163005
163294
161338
162733
162732
211845
211885
211895
211900
163926
163959
198809
212004
214258
211908
211906
211924
211927
179050
179101
179135
179123
179067
179068
179078
179149
179073
179074
179140
179075
179138
179235
179241
179222
179225
179237
114537
114539
114696
114698
115275
115277
115241
115497
114816
115170
115289
115074
115076
115290
115293
115564
115570
115572
115577
106326
106330
106374
106480
105206
32360
32407
32410
106583
106599
106554
113721
106544
106516
193000
193001
