128
258819 258824 575
258824 258819 575
258714 258716 2437
258716 258714 2437
240566 240558 741
240558 240566 741
262039 258056 76
258056 262039 76
258091 258093 793
258083 258080 494
258080 258083 494
258082 258989 1247
258989 258082 1247
258093 258091 793
244468 244462 781
244462 244468 781
244488 244487 899
244487 244488 899
247247 247250 238
247250 247247 238
247270 247260 1099
247260 247259 2346
247260 247270 1099
247267 247259 845
247267 247269 2151
247269 247267 2151
247269 247268 627
236486 247378 201
244015 244014 2325
244254 244250 1696
262109 244021 1023
243952 244016 1764
261664 261663 134
244260 244259 772
244262 244261 892
244000 244005 1500
244009 244005 1129
244210 244277 1036
244278 244277 2021
244284 244285 568
244205 261551 765
244086 244089 844
244097 244089 2112
244097 244099 929
244100 244099 2107
244111 244113 352
244227 244230 837
244107 244105 1093
244110 244105 2403
261667 244238 282
244234 244235 1217
244243 244242 943
247328 247379 503
247396 247379 817
247383 247385 515
247384 247385 847
247384 257624 520
257624 247384 520
257624 247385 1223
257624 247391 637
247400 247398 1014
247400 247412 1119
257630 247391 735
247412 247400 1119
247412 247413 924
247430 247427 706
247415 247431 3795
247417 247431 3161
247449 247450 649
247451 247450 1138
247259 247260 2346
247259 247267 845
247268 247269 627
247268 247379 5012
247378 236486 201
244014 244015 2325
244014 244016 3019
244250 244254 1696
244021 262109 1023
244016 243952 1764
244016 244014 3019
261663 261664 134
244259 244260 772
244259 244261 1217
244261 244259 1217
244261 244262 892
244005 244000 1500
244005 244009 1129
244277 244210 1036
244277 244278 2021
244285 244284 568
261551 244205 765
244089 244086 844
244089 244097 2112
244099 244097 929
244099 244100 2107
244113 244111 352
244230 244227 837
244105 244107 1093
244105 244110 2403
244238 261667 282
244235 244234 1217
244242 244243 943
247379 247268 5012
247379 247328 503
247379 247396 817
247379 247398 804
247385 247383 515
247385 247384 847
247385 257624 1223
247398 247379 804
247398 247400 1014
247391 257624 637
247391 257630 735
247413 247412 924
247427 247430 706
247431 247415 3795
247431 247417 3161
247450 247449 649
247450 247451 1138
258447 258364 976
258364 258447 976
260304 260307 1360
260307 260304 1360
260553 260554 805
260554 260553 805
257178 257179 823
257179 257178 823
160
247259
247268
247378
244014
244250
244021
244016
261663
244259
244261
244005
244277
244285
261551
244089
244099
244113
244230
244105
244238
244235
244242
247379
247385
247398
247391
247413
247427
247431
247450
247489
247497
247890
247896
258447
258364
258365
258397
258407
257674
258470
258464
258495
258498
258499
258605
259900
260496
260527
263849
259932
259934
260224
260221
260228
260243
260247
260135
260137
260487
260295
260304
260298
260307
260531
260552
255008
255015
255266
255269
255272
255306
255150
255173
262338
260553
260554
257228
257268
257178
257179
5572
258747
258854
258859
258819
258836
258705
258706
258714
258716
258721
258943
240535
258959
258056
258963
262046
262068
258080
258082
258989
261155
258070
258077
258078
258158
258133
258137
258141
258213
258146
258156
244632
244421
244442
244464
244466
244462
244451
244454
243759
243770
243772
244488
243795
244510
243811
247202
247206
247207
247241
247250
247260
236486
244015
243952
261664
244000
244009
244210
244278
244284
244205
244086
244097
244111
244227
244110
261667
244243
247328
247396
247383
247384
247400
247412
247417
247449
247451
