30
43800 43809 3927
43842 43844 1534
43844 43842 1534
43462 43465 738
43465 43462 738
43660 43661 2282
43661 43660 2282
43589 43588 1008
43588 43589 1008
43818 43812 1140
43809 43800 3927
43812 43818 1140
45575 45578 630
45578 45575 630
126128 126127 111
126127 126128 111
45274 45403 1345
45403 45274 1345
45403 45377 1115
45377 45403 1115
45399 45402 1268
45402 45399 1268
125144 125142 673
125142 125144 673
98090 98093 708
98093 98090 708
98392 98396 1770
98396 98392 1770
42358 42363 354
42363 42358 354
163
171405
170884
170886
170853
170963
97870
97900
97901
97903
97895
95258
95286
95300
95302
95438
95400
95405
95391
95402
95450
97962
97908
97914
97916
41942
49849
98783
98785
98874
98880
98842
93367
93370
100130
100168
98676
98792
98811
98714
98722
98788
98699
98705
98716
98719
97886
97891
97892
97849
102536
98357
97977
98066
97971
97974
98068
98080
98090
98093
98096
98350
98351
98665
98392
98396
98402
98416
42450
43491
43510
43513
43518
42065
42337
42358
42363
42372
42435
42067
43517
43629
43636
43637
43672
43664
43652
43800
38657
43834
43842
43844
42563
43232
43234
43253
42206
43264
43424
43426
43437
43462
43465
45229
45268
45269
43660
43648
43661
43592
43562
43585
43588
43568
43569
43605
43615
43730
43734
43816
43809
43812
44494
45457
45459
45564
45473
45575
45578
45580
45594
45619
45601
44493
125924
125930
125936
125639
125644
125649
126225
126109
126111
126434
126432
45276
45377
45385
45504
45508
45381
45393
45397
45399
125165
125144
125142
125148
125197
125211
45146
125154
125162
125270
