32
108986 109036 373
50220 49802 1257
49802 50220 1257
109123 109122 1209
109036 108986 373
109122 109123 1209
36203 36250 1426
36250 36203 1426
109185 109202 1179
109202 109185 1179
44546 44542 452
44542 44546 452
44634 44636 789
44636 44634 789
35834 35845 610
36232 36233 2674
36233 36232 2674
35848 35847 1293
35799 35838 1141
35838 35799 1141
35845 35834 610
35847 35848 1293
35978 35979 673
35979 35978 673
35990 37839 1763
37839 35990 1763
35993 35982 927
35982 35993 927
94266 94271 889
94271 94266 889
97565 97586 1532
97586 97565 1532
147
95171
95174
95181
95130
95134
95140
94909
94905
94913
94922
94266
94271
94287
94304
94314
49983
49987
50066
97478
97443
97568
97565
97586
97575
98129
98138
98177
98179
98163
98210
93328
93615
94630
93449
93463
93468
93510
93513
94959
98555
98641
98154
98191
98264
98272
98268
98300
98301
97645
98313
98560
191460
191219
191140
118505
118495
191100
191231
190998
191005
118626
118632
108953
108946
50079
109024
108971
109020
49802
109178
109114
109118
109134
109130
109132
36039
36042
35557
35602
35604
35609
35550
36201
36249
36254
109182
109210
35520
49919
50188
44167
44151
44154
44172
44566
44565
44567
44531
44554
44542
44537
44591
44589
35763
44607
44610
44634
44636
39069
39382
39552
35750
35769
35829
35834
35843
37436
35613
35621
36215
36232
35657
35796
35813
35838
35859
35862
35869
35978
35973
35979
35990
37839
37858
35963
35993
35994
35982
41393
41398
41406
41408
41411
41420
50329
46574
46593
