28
209722 209727 901
209727 209722 901
193774 193775 1246
193774 193775 1246
193759 193762 315
193775 193774 1246
193775 193774 1246
193762 193759 315
193754 193755 531
193755 193754 531
35011 35010 127
35010 35011 127
28954 28946 2329
28946 28954 2329
31348 31349 2117
31347 31353 1833
31349 31348 2117
31353 31347 1833
32123 32112 523
32163 32169 2450
32169 32163 2450
32112 32123 523
202322 202323 605
202323 202322 605
199048 199074 1396
199074 199048 1396
202048 202047 1527
202047 202048 1527
154
202222
202227
202235
199434
202230
202322
202323
202340
202865
214895
215082
204543
202980
214844
203057
203058
205218
203050
205223
205240
205277
205424
205432
199025
199033
214898
199039
199048
199074
199089
199098
206061
206060
206086
206117
206119
206318
206403
208847
208903
209023
208915
208916
208996
201916
201923
213695
181385
213688
213703
202032
202045
202048
202049
202047
213721
201943
201990
201991
202011
209002
209068
209081
209083
209088
208925
209722
209727
209730
209948
198934
209898
201710
201720
201764
201774
201912
193823
193729
193381
193406
193391
190914
193340
190925
193563
191043
193789
105585
193688
193759
193762
192377
193532
193534
193692
193710
193732
193673
193676
193743
193754
29698
29689
29791
29776
28954
29786
11158
29808
23300
29810
29806
29934
34867
30130
30076
22195
30212
31348
31347
31353
31378
31379
32098
34737
32122
32123
32154
32163
32169
32179
32191
32186
32258
32112
34728
7397
7408
7474
14424
14524
14815
14800
14794
14796
14838
14855
14883
14941
15138
15174
15187
15190
