54
58677 58657 2358
116596 116597 1558
116596 116597 1558
116597 116596 1558
116597 116596 1558
116822 116823 752
116601 116605 2689
116605 116601 2689
119561 119564 1011
119564 119561 1011
119546 119547 1285
119547 119546 1285
119635 119641 1143
119641 119635 1143
119651 119652 1284
59483 59793 2109
59793 59483 2109
119653 119652 2093
120114 120115 2286
119652 119651 1284
119652 119653 2093
120115 120114 2286
59872 59871 789
59558 59559 2000
59558 59569 4550
59559 59558 2000
59871 59872 789
59569 59558 4550
59728 59725 273
59725 59728 273
59734 60188 885
60189 60188 977
59198 59199 951
60188 59734 885
60188 60189 977
60694 60698 1479
60698 60694 1479
60975 60992 2399
60991 60992 556
60992 60975 2399
60992 60991 556
59167 59182 758
59182 59167 758
59199 59198 951
73555 73556 554
73556 73555 554
75393 75395 1040
75395 75393 1040
75720 73865 1923
73865 75720 1923
170194 170208 1669
170208 170194 1669
116823 116822 752
58657 58677 2358
156
77231
73555
73527
73556
66244
66265
66270
66382
66400
66420
66556
66561
66449
66573
66580
66603
66610
73612
73829
73828
75740
75393
75738
75395
75436
75745
75434
75435
75577
75579
75584
75609
73957
73979
75720
73865
74024
74017
75715
76746
79088
75776
75777
77330
75624
75626
75849
75907
63770
76056
69643
75662
75666
61187
75922
75937
75701
170194
170205
170208
159892
172841
100617
100623
100718
100693
102357
116734
116430
116736
116738
58339
58354
116823
58355
58659
58657
58665
58677
116794
116822
116601
116605
116608
119515
119557
119561
119545
119546
119547
119590
119602
119635
119641
119651
120124
59474
59480
59481
59793
59799
119653
120114
119765
120115
120117
59506
59564
56842
59510
59868
59558
59559
59582
79037
59725
59734
59826
59373
59198
59592
77569
59606
59680
59615
59710
59694
58234
58527
58530
60915
58222
58524
58993
59008
59003
59062
59067
61048
59088
60693
60694
60698
60849
60928
60991
59161
59143
59167
59199
59207
62600
62612
62613
60935
60945
