72
47546 47559 2192
47559 47546 2192
47562 47565 2085
47565 47562 2085
47569 47830 2063
47830 47569 2063
47224 47219 410
47223 47195 993
47219 47224 410
123300 128075 630
128075 123300 630
130577 130576 436
130576 130577 436
130625 130626 202
47195 47223 993
130626 130625 202
130661 130662 1188
130668 130662 1381
130662 130661 1188
130662 130668 1381
130981 130946 344
130946 130981 344
130926 130934 789
130934 130926 789
130948 130949 1258
130948 130950 1055
130950 130225 3068
130950 130948 1055
130949 130948 1258
130225 130226 2139
130225 130950 3068
130226 130225 2139
131231 131107 1081
131107 131231 1081
132008 132011 276
132011 132008 276
132025 132051 1308
132025 132063 941
132051 132025 1308
132051 132056 537
132056 132051 537
132063 132025 941
130253 130283 2217
130283 130253 2217
131018 131020 782
131020 131018 782
132091 132085 678
132091 132096 590
132085 132091 678
132085 132098 613
132098 132085 613
132096 132091 590
215726 215727 2183
215727 215726 2183
218280 222634 1523
222634 218280 1523
36674 36673 1033
36673 36674 1033
36820 36821 2627
36821 36820 2627
36771 36781 5652
36781 36771 5652
36559 36596 1853
36601 36602 344
36602 36601 344
36596 36559 1853
38636 38637 336
38637 38636 336
38650 38671 1903
38815 38817 2214
38817 38815 2214
38671 38650 1903
155
110644
110545
110660
103810
103819
35511
36122
103821
103826
103373
103374
110589
110883
103397
103399
110932
110724
110689
36674
36673
36680
36713
36716
36813
36820
36821
36770
36771
36778
36781
36851
36853
36792
36864
36621
36619
36591
36632
37542
36559
36928
36601
36602
36596
36600
36557
37584
37590
37554
37587
36927
36793
37598
37660
37664
38225
38230
38270
38272
38245
38278
38280
38281
38611
38636
38637
38639
38649
38650
38815
38817
38671
38660
38664
38687
38711
38715
38720
38743
38111
38690
38702
38710
38698
41507
47508
47500
47504
47502
47534
47536
47540
47559
47565
47311
47830
47313
47319
38979
47271
47215
47362
123300
128075
129949
129959
130577
130658
47195
130624
130579
130661
130680
130125
130136
130944
130976
130946
130926
130934
130948
130950
130924
130949
130225
130226
130276
131083
131099
131103
131994
132008
132010
132056
132063
130262
130265
130253
131038
131048
131032
132091
121646
132085
132098
215726
218001
222617
215727
218311
218274
218280
222624
222636
53620
