66
206051 206043 2012
207380 206040 346
206040 206043 871
206040 207380 346
206043 206040 871
206043 206051 2012
214371 206710 1583
206710 214371 1583
206723 206774 752
206774 206723 752
206948 206947 2136
206947 206948 2136
209396 209395 187
209395 209396 187
178981 178987 344
178987 178981 344
179008 179029 1454
179029 179008 1454
179275 179277 252
179277 179275 252
180328 180347 2645
180347 180328 2645
180347 180354 889
180354 180347 889
163160 163167 766
163193 163198 709
163198 163193 709
163167 163160 766
183436 183437 1686
183437 183436 1686
184845 184840 355
184840 184845 355
184922 184926 552
184935 184930 1065
184926 184922 552
184930 184935 1065
184750 184745 766
184763 184762 452
184744 184745 828
184745 184744 828
184745 184750 766
184762 184763 452
184762 184769 1035
184769 184762 1035
188330 190426 241
190426 188330 241
142139 141071 2014
142139 141730 1899
141729 141730 2065
141730 141729 2065
141730 142139 1899
141071 142139 2014
56039 56042 1352
56042 56039 1352
56042 56144 683
56144 56042 683
56152 56168 589
56168 56152 589
189881 189829 862
189829 189881 862
204174 204175 882
203915 203918 779
203918 203915 779
204175 204174 882
204175 204201 927
204201 204175 927
170
139912
139924
139927
139961
139962
139960
190421
188330
190426
190456
190460
190289
189694
141078
141141
141144
141160
141096
141147
141167
141165
142139
141703
141711
141714
141729
141730
141071
55627
55689
56038
56039
56042
56144
56152
56168
56174
56614
56787
56794
189881
189829
196656
196650
197227
197243
197246
197253
202592
202594
202609
202615
202619
202763
202768
204174
204199
203922
203928
204181
203866
203915
203918
203923
204175
204178
204201
204227
204235
204270
204276
207068
207072
202784
203535
203257
203568
203643
203889
207108
207110
207112
207130
207319
207318
207303
207321
203961
207302
196494
196501
196509
196520
196524
196587
206051
207123
206040
206043
214371
206710
206723
206794
207927
208003
206948
206947
206965
208291
207034
207033
209323
209324
209359
209362
209388
209391
209395
209393
178834
178840
178963
178936
178977
178981
179000
178985
179029
179027
173429
180328
180329
180351
180710
180753
163160
163161
163585
163327
163328
163148
163198
172648
163167
163175
183436
183435
183437
183430
184845
184844
184778
184785
184922
184886
184893
184896
184826
184935
184926
184930
184750
184759
184761
184763
166187
184744
184745
184769
183439
