36
102791 100034 150
100020 99939 2891
100034 100033 344
100034 102791 150
100060 100536 842
100536 100060 842
101034 101030 2083
101030 101034 2083
101253 101246 279
101253 101254 683
101246 101253 279
101246 101254 605
101254 101246 605
101254 101253 683
101272 101495 906
101495 101272 906
121729 121744 1558
116972 116971 347
116971 116972 347
121744 121729 1558
118068 118072 453
118072 118068 453
57570 57571 5464
57571 57570 5464
171723 171721 222
171721 171723 222
170311 170390 1004
170390 170311 1004
96706 96707 475
96707 96706 475
96777 96779 1119
96779 96777 1119
99939 100020 2891
100027 100033 279
100033 100027 279
100033 100034 344
162
87955
87960
87974
87982
87985
88079
74778
78910
74138
74146
73462
74201
61915
73650
57570
77385
57571
75288
75287
78911
75446
170307
170316
170319
170331
170342
171719
171723
171721
170311
170390
170394
170381
170392
170400
171970
172022
172028
172034
172037
172019
172054
96648
96651
96706
96712
96771
96707
96660
96665
96777
96779
96797
96813
96841
96846
97055
96892
97102
97111
97153
97210
97211
97300
97302
97318
97324
99646
99669
99672
99689
99747
99752
99715
99860
96606
97026
96914
96931
101972
99928
99937
99939
99870
99862
99895
100027
100006
100033
100020
100037
100540
100578
101210
101215
100536
100018
100040
101219
101227
101221
101440
101017
101038
101034
101030
101050
100891
100897
100547
101391
101142
101148
102137
101169
101244
101032
101161
101164
101257
101271
100636
100875
100850
100849
100847
121715
117748
117754
117632
117656
116972
116377
117611
117659
117582
117574
117706
117716
117712
117733
117738
117804
117828
117824
117881
117884
117900
117901
121937
121706
121919
121662
121920
118268
118275
124140
124144
128330
118068
118225
118229
