76
152088 152086 796
152086 152088 796
180066 180070 452
180070 180066 452
179815 179814 840
179814 179815 840
179819 179818 1182
179872 179818 1445
179818 179819 1182
179818 179872 1445
179920 179922 1901
153879 154565 672
153869 153870 1211
153622 153616 1261
153760 153761 790
153761 153760 790
153870 153869 1211
153301 153302 1675
153301 154576 850
153302 153301 1675
153302 154578 953
154565 153879 672
154565 154567 1344
154567 154565 1344
156194 156213 374
156213 156194 374
154576 153301 850
154587 154578 1228
154578 153302 953
154578 154587 1228
154637 154635 890
154635 154636 1065
154635 154637 890
154634 154636 1035
154636 154634 1035
154636 154635 1065
154615 154617 782
154617 154615 782
157102 157105 1117
157102 157320 1111
157320 157102 1111
157105 157102 1117
172932 172961 1094
172961 172932 1094
179922 179920 1901
178525 178543 2801
178543 178525 2801
143997 143996 1171
143996 143997 1171
143849 143903 840
143903 143849 840
146122 146128 860
146128 146122 860
145005 145006 862
145196 145197 737
145197 145196 737
145006 145005 862
145006 145010 766
145010 145006 766
145010 145009 659
145009 145010 659
145029 145033 836
145033 145029 836
143016 143021 2118
143021 143016 2118
143354 143382 1757
143382 143354 1757
146376 146428 362
146428 146376 362
146482 146629 1193
146629 146482 1193
146798 146793 792
146807 146793 1037
146793 146798 792
146793 146807 1037
153616 153622 1261
165
143688
143690
148363
148502
148514
143995
144000
144056
143997
143996
143896
143910
143913
144048
144054
143915
144050
144051
143842
143849
143903
144011
146118
146122
144960
146127
146128
145005
146131
145196
145197
145006
145010
145009
145029
146187
145033
145198
142992
143013
143016
143021
143032
143311
143324
143312
143319
143346
143331
143136
143336
143351
143354
143382
143397
143404
143555
212599
212604
146366
146367
146461
146376
146428
146479
146482
146629
146644
146665
146704
146785
146787
146798
146807
146809
146793
150179
153572
153585
153616
153641
162493
172699
172701
152088
152086
168439
168461
180066
180068
180070
186127
179729
179734
179789
179833
179815
179831
179814
179819
179939
179810
179823
179825
179901
179897
153879
153859
153862
153869
153622
153760
153743
153849
153302
154565
154567
155941
156118
156144
156193
156194
156746
154582
154587
154589
154635
154634
154615
154617
154678
157034
157100
157127
157087
154638
154711
154731
154684
157070
157185
157038
157051
155949
157095
157107
157110
157102
157320
157119
172932
172935
172950
172939
172941
176644
174999
179922
178076
178080
178525
178543
178334
173324
173330
