60
154496 154488 1606
154493 154492 253
155114 159560 1114
159560 155114 1114
159568 159575 1018
159575 159568 1018
159578 159610 2027
159610 159578 2027
159640 159644 767
159644 159640 767
159672 159753 1186
159753 159672 1186
159989 159988 279
159953 159952 924
159952 159953 924
159988 159989 279
160020 159995 2407
159995 160020 2407
158776 160022 475
160022 158776 475
160032 160034 3445
160034 160032 3445
195220 213121 2398
213121 195220 2398
213128 213130 1465
213141 213130 1751
213130 213128 1465
213130 213141 1751
213456 213500 1017
213500 213456 1017
213603 213602 1142
213602 213585 1752
213602 213603 1142
213577 213581 593
213581 213577 593
213585 213602 1752
213355 213354 755
213355 213640 1388
213354 213355 755
213640 213355 1388
147297 147388 2327
147388 147297 2327
147911 147912 778
147912 147911 778
147918 147920 860
147927 147929 803
147920 147918 860
147929 147927 803
205150 205163 391
205163 205150 391
212812 212814 756
212814 212812 756
171457 171458 791
171458 171457 791
152126 154193 778
154193 152126 778
154186 154255 1686
154255 154186 1686
154488 154496 1606
154492 154493 253
168
149332
149403
149556
149563
149575
149574
149621
149580
149622
151097
150945
151085
151124
147264
147265
151136
151141
147270
147293
147297
147388
147396
147470
147512
147530
147529
147559
147562
147680
147872
147884
147878
147890
147911
147912
147918
147927
147920
147929
147932
147967
147977
147980
147986
148983
149007
149008
205136
205138
205150
205163
205164
205173
212703
196107
212796
212812
212814
212884
212800
150226
150271
150281
150293
150300
198726
198764
198766
198775
205065
205071
205073
205062
170770
170765
171239
171281
171308
170781
171457
162395
171458
171466
171534
171535
152123
152126
154193
154196
154197
162399
162405
154159
154186
154255
154263
154282
154488
154492
154496
154493
154501
154510
154516
154560
155100
159569
159568
159575
159578
159610
159613
159640
159644
159672
159753
159757
159823
159935
159936
159981
159989
159952
159988
160093
160018
160020
159995
160027
158776
160022
160030
160032
160034
159007
159043
160048
159019
160059
160086
161283
195220
213113
213106
213121
213128
213130
213497
213456
213500
213528
213529
213537
213603
195199
213631
213639
213602
213507
213535
213581
213642
213381
213675
213653
213655
213657
213676
