46
182179 182197 1496
182197 182179 1496
152951 152980 376
152937 152979 1875
152979 152937 1875
152980 152951 376
152369 152370 427
152370 152369 427
153054 153053 490
153045 153041 782
153045 155491 738
155493 155491 948
153063 153052 389
153041 153045 782
153053 153052 738
153053 153054 490
153052 153053 738
153052 153063 389
155536 155547 948
155547 155536 948
155491 153045 738
155491 155493 948
176473 176474 421
176473 176492 889
176492 176473 889
176474 176473 421
208746 208745 237
208745 208746 237
211176 211331 1477
211331 211176 1477
167109 167214 789
167214 167109 789
166785 166786 933
166786 166785 933
166786 167010 1095
167010 166786 1095
167030 167021 556
167021 167030 556
180377 180376 827
180376 180377 827
179674 179673 2578
179677 179679 2967
179673 179674 2578
179679 179677 2967
182095 182104 445
182104 182095 445
166
205283
208678
208691
208677
208712
208720
208734
208735
208739
211114
211116
208746
208745
211166
211176
211331
211338
185565
180417
180430
180459
180450
166539
166561
166582
166584
166586
166565
167548
167347
167348
166743
166745
162530
167238
152547
162534
167109
167110
167124
167219
167241
167214
166767
166780
166789
166741
166785
166786
167010
167026
167030
167021
167022
167051
167063
167094
152418
152434
162535
152415
152426
180128
180377
180376
180361
180373
179674
179677
179673
179679
180164
180167
182322
173561
182331
182338
182074
182113
182095
182096
182097
182104
182182
182179
182197
182272
182277
182287
182307
152336
152953
152957
152951
152993
153001
152937
152322
152692
152714
152726
152733
152369
152371
152357
152364
152370
152384
152449
152475
153108
153135
155727
155703
155776
155788
155969
155787
155751
153365
153137
153143
153205
153211
173536
175128
173596
173576
173579
173533
173547
173552
173683
173684
173161
173209
173170
173197
185448
173875
185441
185706
152919
153046
153049
153090
153041
153056
155520
155535
155481
155547
176121
176474
156244
176501
176176
176190
176525
176531
176141
176152
176154
155657
155648
155650
