358
3716 3715 2496
3716 3719 928
3716 3721 2056
3716 3729 1428
3728 3715 1676
3728 3727 1508
3728 3729 2454
3725 3723 838
3725 3724 1334
3725 3731 3781
3727 3723 1447
3727 3728 1508
3727 3731 2229
3726 3724 762
3775 3773 824
3775 3776 736
3775 3779 1159
3647 3646 924
3647 3703 671
3647 3754 2097
3610 3611 4367
3610 3632 2458
3610 3635 1114
3631 3611 1076
3631 3611 1076
3631 3632 2764
3643 3642 1532
3643 3645 845
3643 3748 1005
3747 3642 1065
3747 3746 1672
3747 3748 2513
3747 3749 1071
3646 3645 1014
3646 3647 924
3646 3753 2348
3573 3566 3053
3573 3577 2605
3573 3578 1786
3626 3623 222
3626 3624 845
3626 3627 796
3736 3623 2597
3733 3734 1049
3733 3735 1413
3734 3733 1049
3734 3735 909
344 341 594
344 345 469
344 346 482
357 358 1298
357 359 1872
357 360 2262
362 360 1929
362 650 2028
362 651 1846
824 823 2762
827 823 1267
827 825 1005
827 840 1621
821 822 1343
821 838 3442
821 838 3442
637 634 883
637 640 452
840 827 1621
840 841 1204
840 865 1797
527 518 2452
527 528 1541
527 529 1492
634 633 1159
634 635 177
634 636 511
634 637 883
518 519 902
518 527 2452
518 532 4222
536 532 1879
702 682 1062
703 682 1975
565 564 1511
572 560 778
572 564 452
572 574 1762
526 523 2450
526 537 4622
526 539 3105
538 522 5436
538 537 2076
538 6088 1752
540 539 2430
571 560 3384
6082 6019 4448
6082 6083 1841
6082 6085 2002
6086 6039 672
6086 6079 2975
6086 6085 1667
6053 6051 2276
6053 6128 1707
6053 6130 1248
6122 6050 1055
6122 6124 2369
6122 6128 4483
6136 6127 2933
6136 6128 1275
6146 6181 2151
6206 6208 5596
6336 6208 2336
3416 3417 1675
3416 3418 1344
3416 3418 1344
6350 3417 2016
3418 3416 1344
3418 3416 1344
3418 3420 6161
869 870 1112
872 870 1014
964 965 670
967 965 586
868 873 3931
875 873 1607
882 884 845
882 885 2590
887 884 762
887 889 336
888 884 1483
888 2366 945
876 885 3100
2366 888 945
2366 889 1900
2368 990 419
2368 2464 535
2464 990 333
2464 2368 535
1029 1028 905
2508 1028 419
2495 2494 893
2509 2494 1608
2920 2927 1359
2944 2943 1277
2947 2946 1075
2949 2946 474
2966 2950 275
2999 2968 782
1538 2965 696
1538 2977 1300
2965 1538 696
2965 2977 1691
3008 2977 1014
3009 2977 1071
3010 2977 1095
3010 3015 1344
3018 3015 1012
3019 3017 344
3024 3022 2779
3024 3098 1558
3024 3163 3751
3155 3022 1012
3155 3156 1634
3156 3155 1634
3156 3159 1930
3156 3163 679
3165 3161 893
3166 3162 1166
3166 3163 1084
3213 3196 627
3213 3214 1949
3213 3219 597
3214 3201 587
3214 3213 1949
3170 3169 419
3171 3169 333
3098 3024 1558
3098 3164 4851
3163 3024 3751
3163 3156 679
3163 3164 1694
3163 3166 1084
3174 3164 201
3834 3835 2734
3836 3835 3029
3877 3835 838
3687 3688 1466
3687 3688 1466
6397 3718 1363
6397 3720 1231
3720 3719 3556
3720 6397 1231
3220 3219 251
3721 3716 2056
3729 3716 1428
3729 3728 2454
3731 3725 3781
3731 3727 2229
3776 3775 736
3779 3775 1159
3754 3647 2097
3754 3753 889
3611 3610 4367
3611 3631 1076
3611 3631 1076
3635 3610 1114
3748 3643 1005
3748 3747 2513
3746 3747 1672
3746 3749 603
3749 3746 603
3749 3747 1071
3753 3646 2348
3753 3754 889
3566 3573 3053
3578 3573 1786
3624 3626 845
3627 3626 796
341 344 594
345 344 469
358 357 1298
359 357 1872
650 362 2028
651 362 1846
825 827 1005
822 821 1343
865 840 1797
528 527 1541
633 634 1159
635 634 177
519 518 902
574 572 1762
523 522 1635
523 526 2450
522 523 1635
522 538 5436
6088 538 1752
6019 6082 4448
6083 6082 1841
6039 6086 672
6079 6086 2975
6051 6053 2276
6130 6053 1248
6050 6122 1055
6050 6124 2429
6124 6050 2429
6124 6122 2369
6127 6136 2933
3715 3716 2496
3715 3728 1676
3723 3725 838
3723 3727 1447
3724 3725 1334
3724 3726 762
3773 3775 824
3703 3647 671
3632 3610 2458
3632 3631 2764
3642 3643 1532
3642 3747 1065
3645 3643 845
3645 3646 1014
3577 3573 2605
3623 3626 222
3623 3736 2597
3735 3733 1413
3735 3734 909
346 344 482
360 357 2262
360 362 1929
823 824 2762
823 827 1267
838 821 3442
838 821 3442
640 637 452
841 840 1204
529 527 1492
636 634 511
532 518 4222
532 536 1879
682 702 1062
682 703 1975
564 565 1511
564 572 452
537 526 4622
537 538 2076
539 526 3105
539 540 2430
560 571 3384
560 572 778
6085 6082 2002
6085 6086 1667
6128 6053 1707
6128 6122 4483
6128 6136 1275
6181 6146 2151
6208 6206 5596
6208 6336 2336
3417 3416 1675
3417 6350 2016
3420 3418 6161
870 869 1112
870 872 1014
965 964 670
965 967 586
873 868 3931
873 875 1607
884 882 845
884 887 762
884 888 1483
885 876 3100
885 882 2590
889 887 336
889 2366 1900
990 2368 419
990 2464 333
1028 1029 905
1028 2508 419
2494 2495 893
2494 2509 1608
2927 2920 1359
2943 2944 1277
2946 2947 1075
2946 2949 474
2950 2966 275
2950 2968 1112
2968 2950 1112
2968 2999 782
2977 1538 1300
2977 2965 1691
2977 3008 1014
2977 3009 1071
2977 3010 1095
3015 3010 1344
3015 3018 1012
3017 3019 344
3022 3024 2779
3022 3155 1012
3159 3156 1930
3159 3162 2273
3161 3165 893
3162 3159 2273
3162 3166 1166
3196 3213 627
3201 3214 587
3169 3170 419
3169 3171 333
3164 3098 4851
3164 3163 1694
3164 3174 201
3835 3834 2734
3835 3836 3029
3835 3877 838
3688 3687 1466
3688 3687 1466
3718 6397 1363
3719 3716 928
3719 3720 3556
3219 3213 597
3219 3220 251
123
3715
3723
3724
3773
3703
3632
3642
3645
3577
3623
3735
346
360
823
838
640
841
529
636
532
682
564
537
539
560
6085
6128
6181
6208
3417
3420
870
965
873
884
885
889
990
1028
2494
2927
2943
2946
2950
2968
2977
3015
3017
3022
3159
3161
3162
3196
3201
3169
3164
3835
3688
3718
3719
3219
6136
6146
6206
6336
869
868
875
882
887
888
876
2366
2368
2464
2495
2920
2966
1538
2965
3009
3010
3166
3214
3098
3174
3834
3836
3687
3720
3220
3721
3729
3731
3776
3754
3635
3748
3746
3753
3566
3578
3624
3627
341
345
651
825
865
633
635
574
523
522
6088
6019
6083
6039
6079
6051
6050
6124
6127
