122
262420 262418 705
262418 262420 705
5548 5551 2299
5551 5548 2299
258863 258868 1360
258868 258863 1360
258886 258895 1520
258895 258886 1520
258976 258978 1119
258978 258976 1119
258101 258112 1953
258996 258112 2148
258113 258114 367
258113 258115 441
258114 258113 367
258114 258115 245
258117 258118 763
258184 258183 1221
258189 258171 1779
258189 258183 2768
258189 258192 1386
258171 258189 1779
258171 258192 3165
258177 258176 1989
262758 258194 414
262758 262757 2279
258205 258206 3921
262759 262757 1878
262760 262757 1041
258209 258230 345
262793 258230 1879
262755 258244 270
262786 258244 6921
258237 258239 3436
244624 261795 859
261796 261795 2215
244449 244478 1907
244449 244482 1803
244482 244449 1803
244482 244478 944
244480 244517 1568
244505 244517 679
244521 244517 153
244521 244518 141
244518 244521 141
244518 244523 1168
244535 244561 395
244562 244561 266
244562 244563 2249
244568 244567 395
244563 244562 2249
244563 244564 3466
244563 244565 542
244564 244563 3466
244564 244565 3404
247222 247228 2016
247229 247228 389
247230 247228 991
247233 247231 1485
247240 247231 1528
247366 247231 560
244607 244606 2862
258222 258221 1011
258238 258240 2518
258241 258240 2879
244315 244317 1198
258254 244317 5044
258254 258259 527
258112 258101 1953
258112 258996 2148
258115 258113 441
258115 258114 245
258118 258117 763
258183 258184 1221
258183 258189 2768
258192 258171 3165
258192 258189 1386
258176 258177 1989
258176 258194 2671
258194 258176 2671
258194 262758 414
258206 258205 3921
262757 262758 2279
262757 262759 1878
262757 262760 1041
258230 258209 345
258230 262793 1879
258244 262755 270
258244 262786 6921
258239 258237 3436
261795 244624 859
261795 261796 2215
244478 244449 1907
244478 244482 944
244517 244480 1568
244517 244505 679
244517 244521 153
244523 244518 1168
244561 244535 395
244561 244562 266
244567 244568 395
244565 244563 542
244565 244564 3404
247228 247222 2016
247228 247229 389
247228 247230 991
247231 247233 1485
247231 247240 1528
247231 247366 560
244606 244607 2862
258221 258222 1011
258240 258238 2518
258240 258241 2879
244317 244315 1198
244317 258254 5044
258259 258254 527
240205 240206 1775
240206 240205 1775
247460 257479 1589
257479 247460 1589
260573 260574 949
260574 260573 949
161
258112
258115
258118
258183
258192
258176
258194
258206
262757
258230
258244
258239
261795
244478
244517
244523
244561
244567
244565
247228
247231
244606
258221
258240
244317
258253
258259
240205
240206
244298
244244
244295
244324
258302
258310
247455
247460
247465
257479
247869
258350
258348
258352
258381
258380
258434
258439
258482
258485
258542
258545
258551
258561
259732
260375
260380
260384
260415
260423
259925
259957
259967
260043
262290
260274
260267
260276
260371
260144
260250
260265
260449
260571
260573
87
91
260574
260595
5130
5138
255123
255343
255317
259138
262007
263280
262509
255164
255169
262406
262407
262420
262445
262449
257593
257590
262418
257597
257653
4303
260603
260608
5124
5548
5551
259153
259164
262492
262749
258757
258763
258759
258863
258867
258872
258886
258895
258894
258907
236715
259129
262705
259133
259128
258923
259150
262738
258727
258729
258732
258735
258976
258978
259001
258101
258996
258114
258117
258184
258171
262758
258205
258209
262793
262786
258237
244624
244449
244480
244505
244518
244535
244564
247222
247233
247240
247366
244607
258222
244315
258254
