70
135604 135591 1719
135577 135568 1079
199309 199443 694
199309 199454 1649
199443 199309 694
199454 199309 1649
199873 200050 769
199872 199871 793
200046 200031 766
200050 199873 769
200031 200046 766
200032 199991 2024
199991 200032 2024
199871 199872 793
199887 199940 594
199940 199887 594
200484 200490 675
200490 200484 675
200490 200491 2557
200490 200492 902
200491 200490 2557
200491 200534 827
200491 200538 1692
200456 200457 866
200457 200456 866
200492 200490 902
200508 200519 769
200508 200523 419
200519 200508 769
200538 200491 1692
200538 200548 1044
200548 200538 1044
200534 200491 827
200523 200508 419
200523 200524 2036
200560 200563 683
200524 200523 2036
200563 200560 683
195078 212593 458
212593 195078 458
225473 225476 1357
225476 225473 1357
227369 227310 1124
227310 227369 1124
24082 24116 836
24116 24082 836
24624 24625 878
24625 24624 878
24625 24626 751
24626 24625 751
11177 25203 475
25203 11177 475
188570 188574 778
189009 189013 867
189013 189009 867
188574 188570 778
188574 188578 785
188579 188580 402
188578 188574 785
188580 188579 402
190527 190529 1834
188620 188626 950
188625 188626 721
188626 188620 950
188626 188625 721
190529 190527 1834
189607 190726 207
190726 189607 207
135568 135577 1079
135591 135604 1719
154
28428
28441
28803
24085
28838
24082
28790
28748
24507
24398
24504
24113
24116
24530
24533
24553
24606
24607
24624
24625
24626
25183
11177
24773
25203
188570
188573
189009
189013
189022
189027
188574
188226
189197
189200
189214
189257
189262
188566
188579
188578
188580
188433
188424
186831
188513
190527
188509
189085
189080
189087
189092
189095
189098
188620
188625
188626
190637
188488
188493
190636
190529
186919
189269
189607
190726
135568
135571
135595
135591
135604
136730
136670
135577
199277
199278
199288
199210
199285
199305
199454
199464
214621
199873
199872
200046
200049
200050
200032
199987
199991
199871
214618
199940
199941
199937
200530
199930
199959
200456
200464
200468
139522
139527
200736
200492
200507
200548
200500
200523
200560
200524
195078
200628
212593
200592
200600
200617
200639
200622
200623
200646
225066
225068
225075
235081
225437
225457
225473
225476
225477
225197
235060
235062
226872
226876
226877
225008
226907
227280
227281
225843
225909
225903
234997
227301
227369
227371
227310
227396
227350
227382
227403
227409
