52
15385 15386 779
15381 15386 1413
15326 15324 1303
225387 225384 1203
225384 225387 1203
226347 226349 1864
226349 226347 1864
15386 15381 1413
15386 15385 779
15792 15793 443
15793 15792 443
15799 15840 807
15840 15799 807
15854 15845 2718
15845 15854 2718
34072 16036 89
16036 34072 89
16061 16030 924
16030 16061 924
16108 16111 3143
16111 16108 3143
16308 16309 845
16309 16308 845
16312 16294 2005
16294 16312 2005
19733 19731 981
19731 19733 981
19840 19831 818
19831 19840 818
21512 21537 403
21537 21512 403
20283 20284 434
20267 20291 1334
20284 20283 434
20291 20266 681
20291 20267 1334
20266 20291 681
20304 20305 475
20305 20304 475
21147 21151 1328
21151 21147 1328
21151 21150 1073
21150 21151 1073
21172 21182 1730
21182 21172 1730
29888 29889 1469
29889 29888 1469
7094 7095 152
7095 7094 152
7075 7076 862
7076 7075 862
15324 15326 1303
153
233667
233671
233736
233738
193784
29582
29665
29673
29676
29885
29888
29889
29905
29946
29960
29962
29995
29450
30009
30014
27765
28696
18153
31229
32003
30019
30045
30025
34679
22913
35187
34428
32026
6909
32076
6925
6900
6918
6958
6968
7008
7048
7067
7062
7063
7094
7095
7075
7076
7456
7490
7513
7516
7551
7577
7583
14890
14895
9380
14954
9569
14959
14964
15295
15302
15446
15324
15462
15303
15372
15381
15452
15476
15596
15626
15615
15617
15599
15608
225368
225372
225384
226347
226338
233614
225530
226349
226354
8594
15386
15425
15792
15793
15798
15799
15800
15840
34911
15845
15856
16035
34072
16025
16059
16073
16108
16111
16268
16287
16308
34066
16309
16293
16294
16277
16278
19733
19740
19729
19731
19815
19829
19839
19840
19831
19932
21508
19217
21537
21541
21546
21592
21905
21904
21961
20216
20218
20283
20250
20267
20284
20285
20076
20304
20309
21159
21185
21147
21151
21150
21171
21172
21182
