78
190486 190808 139
190808 190486 139
188248 187982 932
188248 188251 249
188251 188248 249
187983 187982 778
186655 186658 592
188270 188271 761
188271 188270 761
187982 187983 778
187982 188248 932
134770 135131 983
135115 135119 1853
135115 135126 673
135119 135115 1853
135131 134770 983
135126 135115 673
134834 134835 1322
134835 134834 1322
134837 134833 836
135033 135037 951
134833 134837 836
134833 135039 1066
135039 134833 1066
135039 135037 1672
135039 135044 951
135037 135033 951
135037 135039 1672
135044 135039 951
135044 135045 751
135053 135045 1695
135045 135044 751
135045 135053 1695
135091 135094 751
135094 135091 751
135851 135852 983
135916 135911 848
135916 136118 848
136118 135916 848
136118 136119 1161
135911 135916 848
136123 136119 904
135852 135851 983
135852 135855 1497
135855 135852 1497
135872 135896 395
135896 135872 395
136119 136118 1161
136119 136123 904
136426 136428 1222
136428 136426 1222
136444 136445 841
136445 136444 841
136445 136446 1482
136446 136445 1482
136498 136815 848
136815 136498 848
137519 137713 959
137713 137519 959
137713 137718 733
137718 137713 733
137718 137717 708
137717 137718 708
137869 137870 1700
137870 137869 1700
12459 12507 536
12507 12459 536
11890 11891 840
11891 11890 840
12043 12047 708
12047 12043 708
12133 12087 847
12087 12133 847
24196 24197 373
24197 24196 373
24843 24845 750
24845 24843 750
186658 186655 592
162
12475
12477
11545
11549
11551
12468
11801
12469
11781
12459
12502
12507
11797
11795
11753
11792
11807
11762
11823
11878
11890
11891
11898
11894
11946
11947
12030
12043
12047
12051
12061
12078
12133
12087
12142
12216
12220
12223
12225
12187
12017
12194
12202
12192
23523
23534
23535
23543
23602
12290
34163
23682
23683
23694
23714
23690
23702
23703
24837
24196
24193
24197
24840
24843
24845
24865
24871
24999
25155
25157
25110
25129
25139
25160
188030
186658
187590
187596
188026
187165
187595
187169
190486
190808
188248
188249
188268
188269
188276
135146
186655
188089
188094
188271
135115
135119
134834
135173
135134
134835
134837
135060
135056
135044
135045
135049
135063
135094
135105
135106
135108
135848
135916
135909
135911
135852
135869
135855
135872
135901
136119
136418
136420
136428
136444
136445
136491
136457
136472
136507
136502
136496
136498
136815
136822
136818
132595
132598
137787
137499
137790
137791
137788
137516
137519
137802
137713
137718
137717
137738
137768
137896
137897
137884
137853
137824
137869
137870
137926
137931
137970
138501
