54
235387 235386 496
234545 229367 628
235386 235387 496
229367 234545 628
228610 228614 586
228614 228610 586
228649 228646 1004
228654 228700 1005
228646 228649 1004
228700 228654 1005
228745 228746 1809
226774 226775 557
226536 226538 1021
226536 226562 1391
226538 226536 1021
226562 226536 1391
226621 226623 418
226623 226621 418
226623 226626 920
226626 226623 920
226775 226774 557
228894 228895 344
228895 228894 344
136166 136178 827
136178 136166 827
136178 136188 751
136188 136178 751
136188 136191 827
136191 136188 827
136191 136204 1102
136204 136191 1102
137500 137507 841
137482 137483 2224
137507 137500 841
137483 137482 2224
138114 138159 1565
138159 138114 1565
138159 138161 2700
138161 138159 2700
139043 139044 806
139041 139050 1008
139044 139043 806
139016 139015 751
139019 139034 354
139034 139019 354
139080 139076 806
139015 139016 751
139076 139080 806
139050 139041 1008
139446 133992 685
133992 139446 685
228746 228745 1809
229540 229604 948
229604 229540 948
163
136163
136166
136178
136188
136191
136209
136787
136204
136800
137487
136804
137500
137482
137507
137483
137680
137688
137691
138103
139617
138114
138159
138161
137782
138165
138168
138188
138469
139036
139043
139041
139044
138519
138490
138523
138477
138492
138529
138547
138631
138650
138667
138669
138682
139014
139016
139019
139034
139080
139015
139081
139078
139076
139050
139055
139083
139086
139446
133992
139430
139443
139448
228746
228823
230221
229540
229604
229619
229623
230919
229631
225981
225983
225984
228941
225272
228983
229005
229019
229026
229055
229156
229155
229181
229213
235387
235389
234545
229241
234605
235386
234611
235357
229066
229489
229526
229529
234991
229369
234384
228609
228610
228613
228614
228649
228654
228700
228682
228691
229974
228201
229981
228598
228566
228590
228638
228643
228660
228377
228707
228718
235380
227078
228757
228765
228791
228742
230043
226774
226673
226690
226314
226221
226487
226493
226527
226571
226597
226626
226639
226686
229576
229583
230886
234984
226775
228839
230229
228877
228901
228863
228894
35049
228895
8813
8816
8180
8206
8204
8396
8403
9059
9066
