46
95751 95753 2334
95753 95751 2334
98741 98742 610
98821 98819 1122
98821 98820 2183
98742 98741 610
98775 98773 2272
98856 98857 543
98857 98856 543
98820 98821 2183
98773 98775 2272
98755 98766 2480
98766 98755 2480
98819 98821 1122
98430 98431 1275
99089 99096 2128
99096 99089 2128
98431 98430 1275
42462 42464 884
42464 42462 884
42613 42614 354
42632 42614 1602
42614 42613 354
42614 42632 1602
43147 43151 2643
43152 43153 418
43153 43152 418
43153 43154 1254
43154 43151 435
43154 43153 1254
43160 43162 1592
43151 43147 2643
43151 43154 435
43162 43160 1592
43202 43204 373
43204 43202 373
217389 217420 206
217420 217389 206
217600 217654 869
217654 217600 869
223658 223662 106
223662 223658 106
223633 223635 2370
223635 223633 2370
95694 95704 4022
95704 95694 4022
158
217370
217365
217389
217393
224015
216844
217408
217420
217601
217566
217591
217572
217588
217600
217654
217662
215711
223707
223658
223662
223665
216139
216141
216152
216146
222455
222456
216162
216166
216169
216172
216130
222447
216037
216042
217349
219927
224766
224787
219807
219813
222397
218535
222479
223633
223635
223626
223568
223571
223594
223591
223611
223584
223610
147059
139841
217680
151684
147859
147862
148101
148095
198609
198611
198659
198663
171444
171608
171600
171572
171510
171638
159248
159342
159344
159510
159529
159682
159511
159524
170961
171647
170924
170969
101902
94761
95235
95494
102140
95694
95704
101839
95483
95678
95675
95683
95751
95767
95775
95791
95801
99011
99006
99012
98777
100073
100075
98775
98857
42246
98747
98755
98436
102967
102977
97994
99048
99089
99096
99150
99141
98371
98431
42400
42458
42462
42464
42466
45364
42488
43547
42618
42613
42632
42537
42669
42645
42670
37219
45835
50597
42279
42550
42575
42582
42580
43141
43130
43159
43151
43162
43204
43206
43272
43275
43281
42348
42379
