104
207663 207661 796
196824 196851 583
196851 196824 583
196867 196630 1874
196867 196893 255
196893 196867 255
145459 145463 849
145463 145459 849
145463 145982 725
145982 145463 725
145982 145988 295
145988 145982 295
145994 145995 336
145995 145994 336
146004 146025 773
151376 151374 765
151431 151428 915
151428 151431 915
146025 146004 773
151367 151369 2230
151374 151376 765
151369 151367 2230
139760 139758 802
139760 139758 802
139758 139760 802
139758 139760 802
203674 203587 808
203587 203674 808
204029 204023 709
204106 204103 955
204103 204106 955
204103 204119 774
204119 204103 774
203606 203607 1701
203607 203589 523
203607 203606 1701
203589 203607 523
203724 203728 2307
203728 203724 2307
203728 203729 701
203729 203728 701
203753 203754 1668
203754 203753 1668
204007 204012 499
204012 204007 499
204024 204025 750
204025 204024 750
204023 204029 709
207964 207961 1023
207599 207608 622
207608 207599 622
207596 207595 1064
207557 207558 1010
207558 207557 1010
207961 207964 1023
207564 207561 944
207595 207596 1064
207561 207564 944
207514 207505 715
207587 207588 947
207588 207587 947
207588 207593 346
207592 207593 451
207593 207588 346
207593 207592 451
208124 208128 782
208128 208124 782
208153 208163 796
208163 208153 796
208379 208381 705
208381 208379 705
139858 139861 266
139861 139858 266
142374 142375 872
141526 141527 1723
142377 142376 870
141841 141827 851
141827 141841 851
141527 141526 1723
142375 142374 872
142375 142376 689
142376 142375 689
142376 142377 870
196629 196630 1611
196630 196629 1611
196630 196867 1874
207616 207621 709
207621 207616 709
207627 207638 846
207638 207627 846
207638 207639 755
207639 207638 755
207639 207661 797
207661 207639 797
207661 207663 796
207505 207514 715
207512 207509 727
207509 207512 727
207673 207672 1151
207742 207743 183
207743 207742 183
207671 207672 499
207672 207671 499
207672 207673 1151
169
141542
141543
141544
148161
151970
141555
141556
141489
141519
150666
139858
139861
139862
140174
140218
140223
140238
141547
140153
140165
142374
146995
151931
141526
142260
142296
142303
142305
142377
141841
141827
141837
141840
141527
141534
141776
141781
141783
141808
141811
141842
142375
142376
56067
55932
55957
55985
55989
55992
56000
55906
56091
56097
56268
56272
56275
56279
56288
56302
196631
196629
196630
204346
204741
204743
204749
207616
207621
207627
207638
207639
207661
207505
207512
207509
207738
203557
207673
207742
207743
207671
207672
207663
196823
196851
196857
196863
196880
196816
196820
145357
145358
145446
145457
145459
145463
145988
145994
145995
146004
151409
151414
151415
151376
151428
146025
151367
151369
151345
151344
139760
203675
139758
203572
203587
204029
194999
204106
204103
204115
204119
204325
204328
204331
203582
203588
203589
203688
203724
203753
203754
203760
204005
204012
204024
204025
207964
207605
207596
207600
207551
207557
207558
207961
207564
207567
207569
207561
207514
207521
207587
207588
207592
207607
207987
207989
207997
208082
208124
208128
208136
208151
208153
208163
208374
208379
208373
208381
208372
