52
18533 18534 1576
18534 18533 1576
18571 18572 344
18571 18576 3496
18576 18571 3496
18572 18571 344
18794 18793 950
18607 18662 598
18662 18607 598
18793 18794 950
18954 18951 904
25253 25285 1179
25285 25253 1179
25281 25282 788
18940 18950 983
25282 25281 788
18951 18950 1032
18951 18954 904
18950 18940 983
18950 18951 1032
26285 26292 1140
26292 26285 1140
29111 29123 884
29123 29111 884
29122 29129 1209
29129 29122 1209
29129 29172 1073
29172 29129 1073
27308 26518 1394
26518 27308 1394
53166 53170 1485
53170 53166 1485
32977 31620 1362
31620 32977 1362
33223 33238 839
33238 33223 839
33638 33639 1322
33550 33551 905
33639 33638 1322
33551 33550 905
17064 17101 3237
17101 17064 3237
17106 17112 1883
17112 17106 1883
17994 17986 707
17986 17994 707
17314 17318 982
17318 17314 982
17319 17320 1225
17320 17319 1225
18157 18190 708
18190 18157 708
163
31616
31776
31795
32859
32887
32890
32913
32923
32921
32977
31620
32983
33094
33118
33096
33128
33125
33111
33116
33154
32916
33195
33203
33223
33238
33227
33234
33248
33532
33632
33638
33540
33550
33639
33551
33651
33559
33672
16943
17064
33770
17101
33765
17106
17112
17751
17754
17796
17994
17979
17986
17798
17124
17290
17280
17298
17314
17318
17319
17320
17759
17745
17769
17770
17790
17863
17859
18281
18157
33951
18204
18212
18235
18190
18193
18197
17459
18187
17448
17463
18195
18252
18341
18376
18384
18296
18298
18314
18533
18534
18540
18548
18570
18580
18744
18676
18792
18607
18662
18664
18704
18710
18722
18825
18973
18963
18954
25253
25284
25285
25281
25256
18940
18951
18950
25377
26599
25375
26604
18859
26648
26685
26655
26680
26260
26274
26285
26292
26667
26665
26228
26236
26437
26507
105572
29116
29129
29172
29173
26420
29177
26480
27313
27375
27308
26518
29396
29403
29397
29418
29425
53166
53173
53209
53231
53243
53163
53161
53151
53388
53655
54907
54962
