66
135191 135194 789
135194 135191 789
135393 135395 629
135395 135393 629
135459 135473 1258
136275 136237 744
136237 132590 983
136237 136275 744
135473 135459 1258
136216 136230 612
136230 136216 612
136230 136232 551
136232 136230 551
136232 136235 629
132589 132590 104
136235 136232 629
132590 132589 104
132590 136237 983
136483 136478 873
136478 136483 873
136391 136459 1254
136462 136459 605
136459 136391 1254
136459 136462 605
136846 136847 2126
136847 136846 2126
137823 137834 1970
137834 137823 1970
137834 137861 1074
137861 137834 1074
137865 137867 789
137866 137877 1124
137867 137865 789
137867 137877 765
137877 137866 1124
137877 137867 765
138564 138569 1770
138569 138564 1770
199654 199657 376
199657 199654 376
139209 139246 279
139246 139209 279
139351 139353 476
139353 139351 476
139353 139364 403
139364 139353 403
12169 12171 1029
12171 12169 1029
11998 23409 1901
23409 11998 1901
23423 23420 889
23420 23423 889
23585 24146 950
24146 23585 950
24181 24182 1543
24182 24181 1543
24312 24319 737
24319 24312 737
24327 24349 629
24349 24327 629
188105 188103 1675
188103 188105 1675
187657 187649 929
187649 187657 929
188294 188305 220
188305 188294 220
163
12169
34368
12171
11998
11999
12003
12019
23409
12011
23415
23423
23420
12210
28489
23524
23587
23592
23618
23631
23595
24218
24222
24256
24313
24215
24201
14373
14379
23624
23585
24146
24181
24182
24312
24319
24321
24327
24344
24349
24343
24936
24937
24941
24939
24955
25008
25030
25048
25051
188105
188108
188171
188103
187653
187657
187655
187649
187651
190142
190683
190149
188297
188294
188305
135152
135159
135256
135223
135232
135237
135170
135227
188183
135153
135178
135195
135382
135198
135393
135395
135454
136237
136289
135473
136215
136232
136235
132590
136285
136300
136302
136306
132772
136452
136475
136476
136478
136517
136389
136391
136394
136395
136540
136544
136520
136523
136526
136846
136847
137823
136845
137835
137861
137865
137866
137867
137877
137941
137946
137961
137973
137966
137983
139637
138576
138569
138612
139315
139164
199667
199668
199729
199730
199646
199800
199658
199805
199723
199657
136286
135471
139246
139322
139328
134886
139351
139364
139509
139511
139266
139267
139220
139516
139534
139490
225254
234407
225111
225140
225143
225260
225265
225836
