42
68659 68645 752
68656 68657 1365
68657 68656 1365
68645 68659 752
68677 68680 404
68680 68677 404
68893 68910 808
68910 68893 808
68976 68987 452
68987 68976 452
78482 69357 277
69357 78482 277
71385 71404 1023
71404 71385 1023
71651 71507 768
71654 71655 1161
71507 71651 768
71655 71654 1161
71715 71725 344
71725 71715 344
71903 71898 818
71890 71896 632
71896 71890 632
71900 71902 404
71898 71903 818
71902 71900 404
123134 123137 751
123134 123139 928
123139 123134 928
123139 123140 890
123140 123139 890
123137 123134 751
125554 125556 1521
45085 45107 2407
45107 45085 2407
125556 125554 1521
125878 125880 976
125880 125878 976
128402 128403 1212
128403 128402 1212
68108 68115 818
68115 68108 818
163
125113
125114
123134
123139
123140
125088
125092
123146
122414
123127
123126
123135
123137
123699
123692
123618
123116
123287
125552
125554
45137
45085
45121
45117
45107
45163
125556
125881
125813
126234
125886
125878
125755
125846
125855
125880
125745
128410
128400
128402
128403
128416
128420
128535
128545
128585
128563
128617
128629
128630
128776
128851
128856
128693
128740
121653
128727
128845
120569
120572
120573
120470
120471
120776
67691
67707
67710
68491
67714
67731
67715
67721
68477
68523
68132
68108
68131
68115
68124
68125
68288
68314
68482
68485
68583
68659
68584
68657
68661
68497
68610
68674
68677
68678
68680
68687
68893
68910
68914
68964
68983
68976
68987
69345
69357
72628
72630
72894
73078
73072
73073
69001
77800
71385
71390
71404
71417
71467
71481
71562
71567
71570
71651
71652
71654
71507
71489
71597
71609
71800
71797
71695
68398
68405
68424
71725
71876
71946
71959
71903
71957
71955
71890
71896
71900
71898
72091
72092
72213
72216
72217
72219
72159
72113
72114
68956
69016
69018
69024
69037
72171
72397
72415
