72
112975 112976 796
112976 112975 796
112976 112977 796
113500 113496 796
113496 113500 796
113505 113512 1701
113512 113505 1701
105346 105357 1571
105357 105346 1571
105357 105364 1179
105370 105364 706
103479 103575 1093
103479 103578 1447
105391 105393 2508
105393 105391 2508
105364 105357 1179
105364 105370 706
39887 39888 1742
39888 39887 1742
39926 39989 556
39854 40055 1394
40055 39854 1394
105442 105441 1205
105165 105129 969
105129 105165 969
105447 105449 2903
103575 103479 1093
103578 103479 1447
103578 103665 373
103665 103578 373
103665 103666 1396
103666 103665 1396
105452 105431 1467
105431 105449 1471
105431 105452 1467
105441 105442 1205
105449 105431 1471
105449 105447 2903
39995 39993 924
39989 39926 556
39993 39932 1809
39993 39995 924
39983 40012 765
40012 39983 765
40012 40013 757
39932 39993 1809
40013 40012 757
41096 41113 2453
41113 41096 2453
191928 191930 214
191930 191928 214
192111 192854 567
192854 192111 567
107597 107598 905
107597 107626 1031
107598 107597 905
107626 107597 1031
112104 112125 848
112028 112277 788
112277 112028 788
112125 112104 848
112465 113153 445
113153 112465 445
113116 113114 889
112920 112936 1031
112936 112920 1031
112957 113112 764
113112 112957 764
113114 113116 889
112662 112661 905
112661 112662 905
112977 112976 796
169
191928
191930
191584
191585
191899
192111
192835
194219
192854
193023
193026
193966
107597
109833
107707
107710
107681
107717
107736
107705
107723
107652
107654
107598
107626
107627
113639
107584
107674
107642
107690
107714
107715
107735
107839
107849
111017
111011
111136
111131
111936
111947
111960
111967
111994
112096
112104
112017
112021
112028
112277
112125
33612
33626
113430
112346
112347
112452
112451
112465
113153
112460
112455
113116
113121
112393
112907
112920
112936
112952
112956
112957
113112
113114
112683
112938
112983
113000
113163
113106
113268
112662
112661
113488
113099
112977
112973
113243
113170
113221
113222
113225
112975
105716
113496
113505
105299
105291
105341
105346
105357
105302
105333
104629
104651
104646
103479
103736
105396
105391
105393
105362
105364
39887
39888
39882
39879
39926
39928
39850
39861
39862
40056
40071
40072
104884
104931
105143
105163
105232
105192
104989
104991
104986
105256
105220
105165
105128
105129
105427
105447
103575
103578
103666
103701
103741
105385
105084
105091
105431
105449
39989
39913
39918
39969
39973
39983
40013
40038
40047
40050
41263
41096
41113
41115
41126
41213
41315
50418
