56
147847 147848 642
147848 147847 642
147852 148086 830
148086 147852 830
171620 171695 355
171695 171620 355
162346 162347 1390
162347 162346 1390
159515 159547 710
159547 159515 710
95765 101808 156
101808 95765 156
96418 96421 2029
96421 96418 2029
98983 98981 279
98983 98984 713
98981 98980 751
98981 98983 279
97937 98980 1220
97937 98986 708
98986 97937 708
98980 97937 1220
98980 98981 751
98984 98983 713
99017 99021 1395
99021 99017 1395
99347 99346 1357
99346 99347 1357
99346 99348 1533
99348 99346 1533
42608 42607 901
42607 42608 901
50496 50428 1649
50428 50496 1649
50423 47646 2234
47646 50423 2234
217708 217710 431
217710 217708 431
217754 217757 1715
217757 217754 1715
217757 217762 1315
217762 217757 1315
217426 217427 192
217427 217426 192
217492 217493 762
217493 217492 762
217669 217670 525
217670 217669 525
216221 216220 1232
216220 216221 1232
216201 216257 817
216257 216201 817
216078 216058 928
216058 216078 928
223794 223797 865
223797 223794 865
155
217708
217710
217324
224456
217754
217757
217762
217426
217427
217492
217493
215403
217506
217551
217502
217507
217432
217862
217868
217555
217541
217544
217652
217660
217669
217670
217846
217919
217923
217937
224141
224211
223580
224203
224205
223698
223702
223827
223713
223871
223872
223651
216213
216216
216221
216220
216190
216222
216177
216183
216184
216274
216199
216203
216201
216268
216257
216258
216078
216056
216058
219917
222462
222481
222484
223650
222605
223667
223618
223748
223614
223794
223797
223619
223763
223753
223771
139814
147826
147829
147831
147856
147835
147845
148086
148087
198697
214658
171620
171628
172223
152168
162346
162347
159557
159709
159716
159515
159544
170977
171656
171663
95298
95320
95923
96325
96328
96023
96025
96030
95447
95644
102556
102554
95688
96418
96421
96433
96435
96445
96452
98984
98992
99021
99434
100082
42250
42254
99349
99361
99106
99105
99144
101828
99146
99148
99162
99163
99110
42403
42408
42420
42427
42471
42595
42603
42607
42538
42541
50428
50358
50423
46274
47646
42284
