58
248909 248910 905
248910 248909 905
248815 248821 1675
248821 248815 1675
132651 132654 905
132651 132657 627
132662 132660 672
132613 132612 1003
132612 132613 1003
132660 132662 672
132586 133057 2044
132657 132651 627
248990 248989 1282
132654 132651 905
248989 248990 1282
248938 248983 826
248983 248938 826
248966 248968 1114
248968 248966 1114
133056 133067 2195
133175 133193 672
133176 133165 951
133193 133175 672
133163 133154 608
133154 133163 608
133165 133176 951
133067 133056 2195
133057 132586 2044
133198 134281 1635
134281 133198 1635
134281 134282 2262
134282 134281 2262
134282 134283 2171
134283 134282 2171
134313 134314 750
134314 134313 750
134461 134464 1274
134464 134461 1274
133721 133728 713
133727 133728 344
133728 133721 713
133728 133727 344
133407 133427 884
133426 133420 884
133427 133407 884
133420 133426 884
231781 231784 4715
231784 231781 4715
232287 232290 1847
232290 232287 1847
232409 232419 511
232419 232409 511
232623 227753 2414
227753 232623 2414
10782 10779 2660
10779 10782 2660
10864 10868 2090
10868 10864 2090
167
231371
231376
231389
231367
231369
231393
231445
231446
232966
234348
232972
233017
233020
233021
232989
234329
230622
230624
231781
231784
230763
230757
230739
230416
230420
232274
232277
232306
230606
230824
230834
230806
230839
232283
232251
232287
232264
232290
9369
232409
34994
232419
232493
232566
232578
232588
232623
227753
10012
34034
232818
10042
10748
10759
10775
34220
10782
10779
10840
10855
10864
10868
10880
10888
11151
11033
11045
11041
10921
11074
11079
11082
11093
11114
11123
14273
14301
14309
14307
13484
13508
35475
13604
14018
14152
14153
14206
248906
248910
248915
248929
248810
248845
248821
248847
248936
248995
132641
132648
132642
132613
132700
132910
132705
132685
132913
132707
132722
132778
132789
132790
132794
132828
132838
133048
133034
132660
132586
248990
132654
248979
248938
248981
248966
248968
133056
133062
133175
133176
133193
133148
133147
133154
133156
133067
133180
133198
134282
134283
134306
134313
134314
134359
134360
134370
134461
134464
134475
134543
134554
134561
134609
134618
139544
133526
133527
133528
133728
133731
133448
133426
133427
133408
133420
133449
133451
133459
