58
181407 181106 757
181090 181330 1827
181330 181090 1827
181454 214352 63
213838 213842 1584
213843 213844 1500
213842 213838 1584
213844 213843 1500
214352 181454 63
214352 214789 1071
214789 214352 1071
179499 179494 1623
209828 209996 805
209830 209846 695
209846 209830 695
209847 209929 1401
209929 209847 1401
209929 210257 540
209997 209994 750
209996 209828 805
209994 209997 750
210257 209929 540
210257 210260 376
210260 210257 376
213935 213933 696
213933 213935 696
213859 213852 1723
213859 213867 573
213867 213859 573
213852 213859 1723
201512 201517 1027
201517 201512 1027
201654 201653 417
201653 201654 417
179494 179499 1623
114796 114797 4576
105891 115867 3826
115867 105891 3826
114797 114796 4576
105600 105601 1615
105601 105600 1615
105601 105608 1677
105608 105601 1677
205571 205573 744
205573 205571 744
205574 205576 1019
205576 205574 1019
205325 205324 709
205324 205325 709
205375 205379 760
205379 205375 760
206243 206241 834
206515 206521 901
206241 206243 834
206521 206515 901
181076 181075 939
181075 181076 939
181106 181407 757
167
214325
203174
203181
203183
203339
203344
203353
202126
203410
202408
202641
202699
203107
203122
203128
203168
202371
202374
202158
202169
202392
202394
202399
202383
202199
205571
205573
205574
205576
205578
205604
205328
205325
205324
205330
205365
205375
205379
205501
205504
205509
205525
198308
198309
198303
198328
198332
198389
205532
205546
205556
205561
206145
206143
206144
206158
206164
206208
206244
206257
206243
206457
206463
206477
206524
206526
206515
214528
206241
206521
206541
208948
209173
181076
181104
181075
181106
181412
181090
181325
181330
181764
181305
181448
176680
181430
181783
181466
181826
181776
181779
181827
183011
213838
213843
213842
179499
209828
209830
209846
209847
209848
209990
209997
209996
210042
209452
209458
215116
209980
209992
209994
210262
210276
209964
210331
209965
214711
213946
213956
213935
213949
213862
213966
213972
213973
213859
213867
213993
213995
213852
201512
201517
201653
201669
179394
179457
179494
192326
192585
193369
193568
193297
194440
193319
114744
114796
105843
105971
106038
113681
105999
106110
106154
105952
105698
105983
105891
115867
109700
109708
114799
113620
115943
105608
105947
106168
