42
109396 109400 802
109692 109729 451
109729 109692 451
109732 109733 1622
109733 109732 1622
103402 110175 551
110175 103402 551
104065 104067 1115
104115 104171 557
104025 104023 201
104023 104025 201
112498 112548 2204
112548 112498 2204
112527 112526 713
112519 112526 2319
112526 112519 2319
112526 112527 713
104171 104115 557
104042 104101 871
104070 104086 1008
104071 104101 1295
104101 104042 871
104101 104071 1295
104067 104065 1115
104086 104070 1008
39257 39258 2879
39258 39257 2879
108623 108622 1032
108622 108623 1032
92979 92981 1780
92981 92979 1780
93093 93095 1124
93095 93093 1124
93111 93115 3495
93115 93111 3495
92485 92481 1224
92481 92485 1224
92698 92705 1457
92705 92698 1457
114277 114284 474
114284 114277 474
109400 109396 802
155
108542
108623
108618
108622
92979
92981
93093
93095
93101
92857
92862
93707
93710
93026
93111
93115
93787
93099
93104
93130
92543
92546
92740
92741
92759
92768
92544
92581
92586
92530
92557
94344
92560
92485
92481
92489
92492
92662
92663
92610
92782
92689
92691
92697
92698
92705
192684
192693
191400
191835
194401
191564
191844
191620
191624
191832
191057
192637
191192
194288
192652
192663
192672
119223
114063
114093
114166
114334
114347
114277
114280
114284
109240
109275
109277
109400
109438
109446
109396
109572
109440
109681
109675
109348
109649
109623
109729
109733
110006
110140
110002
110104
110159
110175
110190
110193
112476
112478
110818
110258
110260
110759
110808
110275
110282
110290
111371
110223
110253
103863
103867
103966
103956
103960
103968
112851
112832
103950
103994
104035
104025
104023
112498
112557
112563
112757
112527
110912
110919
110922
110835
112471
112521
104294
104256
104042
104070
104067
104086
104003
104020
104710
104716
104715
104250
39106
39108
39257
39258
39267
39289
37211
37202
37238
37105
