40
229047 229049 1094
229049 229047 1094
229049 229475 1808
229475 229049 1808
228543 228559 1906
228753 228755 2479
228559 228543 1906
228755 228753 2479
226513 226515 207
226515 226513 207
226608 226614 1010
226614 226608 1010
228809 228808 1466
228854 228856 1861
228856 228854 1861
9062 9078 681
9078 9062 681
136805 136814 757
136814 136805 757
137761 137759 835
137759 137761 835
138484 138486 905
139099 139087 1417
138486 138484 905
137907 137905 237
137905 137907 237
137928 138497 2700
138497 137928 2700
139113 139125 677
139125 139113 677
139073 139067 553
139067 139073 553
139190 139184 878
139190 139189 676
139184 139190 878
139189 139098 806
139189 139190 676
139098 139189 806
139087 139099 1417
228808 228809 1466
166
136201
136790
136795
136805
136814
137504
137714
137702
137682
137719
137722
137724
137697
137742
137744
137746
137761
137759
137765
138468
138484
139099
138486
137907
137905
137913
137923
137928
138497
138506
138551
138560
138637
138638
139113
139119
139125
139073
139067
139563
139103
199271
139190
139184
139194
139189
139098
139211
139214
139218
139087
139435
139454
139463
228748
234961
228808
229536
229602
225333
225972
225988
225998
225359
225991
228932
228979
228982
228985
229015
229018
229041
229121
229146
229147
229116
229174
229167
229173
229180
229183
229228
234455
234542
234238
232353
229047
229475
229486
229495
228523
228531
228543
228601
228532
228629
228207
228686
228688
229185
229203
229195
228772
228753
228754
228712
228560
228586
228253
228349
228500
228379
235161
228715
228804
228841
228842
228755
228458
228783
16737
228794
226668
226298
226299
226211
234587
226192
226447
226215
226497
226513
226510
226530
226575
226608
226615
226342
229579
224983
225432
229585
234653
228809
228829
228865
228786
228854
228851
6893
6876
8081
8102
8172
8177
8187
8190
8199
8169
8202
8397
8402
8415
8418
9062
9078
