62
13477 13490 504
13490 13477 504
13121 13123 1175
13142 13137 2044
13142 13144 1680
13123 13121 1175
13137 13142 2044
13144 13142 1680
13546 13555 1872
13555 13546 1872
13870 13874 2933
13874 13870 2933
13874 13872 604
13872 13869 1362
13872 13874 604
13869 13872 1362
14071 14072 938
14072 14071 938
14072 14118 847
14094 14093 713
14118 14072 847
14093 14094 713
14167 14175 516
14175 14167 516
132866 132879 1167
132875 132884 737
132868 132867 2378
132879 132866 1167
187184 187182 369
187174 187171 671
187171 187174 671
187182 187184 369
132867 132868 2378
132884 132875 737
134224 134245 2251
134245 134224 2251
134264 134328 750
134328 134264 750
134335 134336 373
134336 134335 373
134343 134346 1593
134346 134343 1593
134347 134392 877
134398 134396 848
134392 134347 877
134396 134398 848
134592 134628 1073
134628 134592 1073
134628 134629 2977
134629 134628 2977
230699 230697 882
230697 230699 882
230380 230381 1907
230381 230380 1907
230794 230799 2316
230799 230794 2316
12096 12097 2320
12097 12096 2320
35329 35330 627
35330 35329 627
10031 10032 694
10032 10031 694
159
231331
234334
230672
230699
230697
230708
230386
230388
230710
230380
230381
230369
230374
230357
230286
232170
232171
232198
230356
230594
230596
230532
230794
230691
230684
230784
230799
8836
232187
9024
9038
9360
9269
9270
9395
12096
12097
12742
9916
9918
9926
9929
9944
35329
35330
9962
9970
9994
10007
10031
10032
10036
10712
8868
8000
10311
10353
10726
7905
10805
7764
34954
10636
10647
10675
10931
34098
11023
10937
10967
10981
13400
13409
14231
14240
34107
35474
13443
13448
13454
13467
13458
13475
13477
13490
13114
13121
13123
13135
13137
13218
13144
13577
13602
13544
13546
13236
13253
13557
13245
13252
13861
13870
13869
13904
13906
14058
14063
14071
14094
14055
14081
14099
14093
12090
12959
14087
14162
14163
14175
14188
14194
23989
14157
14213
24026
132866
132875
132881
132842
132849
187174
187181
187171
189464
189571
139693
134220
132867
132884
134224
134499
134919
134262
134328
134343
134344
134346
134398
134401
134392
134495
134502
134592
134628
134629
137414
136977
136978
