102
150049 149993 880
150079 150095 770
150100 150102 868
150102 150100 868
150095 150079 770
143920 150190 337
150190 143920 337
150197 150194 374
150194 150197 374
150194 150199 1367
150199 150194 1367
140086 140082 405
140086 151715 439
151715 140086 439
140083 140082 839
149612 149600 1138
149682 149715 789
140082 140083 839
140082 140086 405
149715 149682 789
205007 205009 544
205011 205013 841
205011 205020 1876
205011 205021 624
205021 205011 624
205039 205020 745
205039 205040 1400
205009 205007 544
205009 205013 355
205013 205009 355
205013 205011 841
205020 205011 1876
205020 205039 745
205040 205039 1400
154012 154013 276
154013 154012 276
168841 168844 866
168841 168862 848
168398 168389 238
168401 168748 1305
168389 168398 238
168748 168401 1305
168824 168826 710
168928 168916 674
168916 168928 674
168927 168810 581
168826 168824 710
168810 168927 581
168877 168878 885
168878 168877 885
168844 168841 866
168862 168841 848
168862 168867 1605
168867 168862 1605
154061 154125 767
154070 154066 713
154066 154070 713
154125 154061 767
157456 157599 778
157601 157875 688
157875 157601 688
157599 157456 778
222988 222986 1184
222986 222988 1184
218690 222998 511
222998 218690 511
222939 222938 764
222938 222939 764
222960 222961 674
222961 222960 674
223043 223051 818
223050 223048 770
223050 223051 878
223051 223043 818
223051 223050 878
223048 223050 770
150848 151000 2279
151000 150848 2279
149276 149281 1010
149281 149276 1010
149594 149597 985
149597 149594 985
149600 149612 1138
147374 147404 2316
147404 147374 2316
147598 147601 2167
147601 147598 2167
148249 148252 833
148252 148249 833
148878 148879 802
148879 148878 802
148879 148924 875
148924 148879 875
148924 148929 784
148929 148924 784
149063 149065 798
149065 149063 798
149071 149085 1676
149085 149071 1676
149085 149123 1481
149123 149085 1481
149993 150049 880
148
222988
222993
222986
218690
222998
222939
223000
222938
222945
222960
222961
222962
222920
223036
223037
223044
223043
223060
223050
223051
223048
223100
150848
151000
151003
151651
149129
149144
149275
149276
149281
149497
151641
149530
149672
149594
149597
149600
149680
146597
146525
151028
151107
151146
151153
151274
147374
151301
151282
151280
151272
147404
147417
147442
147451
147598
147601
147660
147664
147727
147732
147736
148249
148252
148866
148878
148879
148924
148929
148938
148939
148968
149063
149065
149071
149085
149123
212739
212742
212746
149993
150033
150076
150055
150100
150101
150102
150108
150095
150190
150191
150199
150204
150238
151715
140083
149612
149619
149232
197029
214910
198821
198800
205007
204966
205019
204970
205040
154006
154012
168841
168886
168896
168899
168400
168401
168748
168766
168807
172645
168815
168820
168824
168916
168927
168921
168877
168878
168893
168889
154047
154059
154061
154123
154070
154066
154125
154094
154330
154331
157456
157459
157541
157875
157599
157859
154352
154357
