42
98818 98825 788
98384 98391 2930
98391 98384 2930
98425 98426 929
98426 98425 929
97992 97997 889
97998 97997 796
97997 97992 889
97997 97998 796
42626 42628 1594
42628 42626 1594
42635 42637 1350
42535 37791 4041
42637 42635 1350
42637 42646 1114
42646 42637 1114
37791 42535 4041
43149 43150 976
43150 43149 976
43270 43271 3130
43271 43270 3130
43377 43364 2355
43364 43377 2355
45193 45195 355
45194 45195 2418
45195 45193 355
45195 45194 2418
45215 45224 1837
45224 45215 1837
45288 45290 928
45290 45288 928
45470 45482 109
45482 45470 109
45093 125116 452
125116 45093 452
151683 147860 4323
147860 151683 4323
198625 198630 761
198630 198625 761
170960 170926 3207
170926 170960 3207
98825 98818 788
164
147036
147110
147063
139852
147065
217679
147194
151683
147860
147866
148103
148099
198606
198608
198625
198630
198657
198658
171443
171601
171607
171571
171508
171631
171636
171639
159247
159345
159504
159527
159522
170960
170926
170968
101900
94759
94748
95236
95493
95693
101928
95484
95674
95756
95784
95755
101743
95771
95786
97950
97949
98770
98760
100074
98822
98823
98851
98860
98825
42213
98737
98740
98750
98765
98767
98817
98384
98391
98435
98441
97998
98002
99088
99094
98116
98381
99142
98412
98411
43544
42401
42457
42460
42463
45365
50431
42490
42493
42626
50266
42628
42635
42535
42616
42631
42671
37791
42297
42316
42553
42576
42585
43146
43149
43150
43155
43156
43158
43166
43167
43201
43207
43270
43271
43278
42345
43305
43334
43403
43404
43383
43443
43376
43377
43364
45193
45194
45198
45202
45203
45215
45224
45245
45055
45057
45287
45288
45290
45294
42485
42511
42512
42500
42502
44407
45482
125567
125590
125611
125615
125616
125629
125790
126250
126258
45093
125116
125131
125097
125107
123131
123138
123691
123701
