72
196701 196712 615
196712 196701 615
196712 196708 433
196708 196712 433
196742 196770 1463
196770 196742 1463
141602 141603 350
141603 141597 516
141603 141602 350
141567 141552 623
141597 141603 516
141598 141599 787
150657 150664 1071
150664 150657 1071
150664 150673 874
150673 150664 874
141552 141567 623
142465 144391 2507
142266 142265 1321
142265 142266 1321
141599 141598 787
141795 141800 917
141800 141795 917
141807 141815 1173
141815 141807 1173
141854 141852 875
141852 141854 875
56073 56074 1504
56075 56074 924
56072 56074 374
56074 56072 374
56074 56073 1504
56074 56075 924
196625 196624 827
196624 196625 827
207630 207633 796
207633 207630 796
207642 207643 857
207643 207642 857
207646 207681 784
207681 207646 784
207681 207684 839
207757 207759 696
207759 207757 696
207698 207689 756
207689 207698 756
207684 207681 839
196852 196853 1565
196805 196793 993
196853 196852 1565
196793 196805 993
40016 40023 765
40023 40016 765
41226 41231 889
41190 41184 373
41231 41226 889
41184 41190 373
55296 55307 1282
55307 55296 1282
49211 49212 879
49212 49211 879
49223 49224 605
49224 49223 605
49349 49397 558
49397 49349 558
53820 53826 605
53826 53820 605
144391 142465 2507
144391 144405 2447
144405 144391 2447
144454 144460 545
144460 144454 545
173
39714
39728
39733
39758
39766
39939
39959
39979
40016
40023
41087
41071
41079
41083
41048
41097
41116
41199
41106
41155
41200
41202
41208
41225
41226
41190
41231
41184
41234
41339
41368
41335
41677
55070
55073
55135
55953
55296
55307
55315
55383
55370
55380
48641
48625
48637
48639
48650
49231
48808
49202
49211
49212
49223
49224
49369
49343
49389
49391
49349
49397
49150
49153
49154
49162
49350
49355
49119
49161
49458
49442
49452
49455
49245
48336
129920
131805
131812
131817
49628
49655
54321
54323
54325
49633
53792
53820
53826
53828
55052
55054
144391
144405
144414
144454
144460
144468
144469
144604
144601
144602
144637
144642
196712
196708
196709
196724
196435
196438
196613
196434
196784
196742
196770
141602
141603
141567
141597
150657
139857
150399
150673
139868
139869
139875
140154
140159
140177
140219
140237
141550
142263
142300
142307
142469
142472
142478
142448
141856
142266
142265
141599
141612
141622
141625
141633
141647
141807
141815
141848
141854
141852
141860
56073
55993
56110
56134
56140
204681
207630
207633
207643
207757
207756
207759
207750
207697
207698
207689
207684
196852
196853
196793
