82
189977 189978 639
190040 190041 147
139825 139827 577
139827 139825 577
139991 139989 360
139989 139991 360
139996 140020 1834
140020 139996 1834
140022 140105 596
140105 140022 596
140120 140122 803
140122 140120 803
190041 190040 147
190084 190080 716
190080 190084 716
190081 190082 600
190082 190081 600
190088 190098 699
190098 190088 699
190466 190076 256
189987 189997 629
189997 189987 629
190076 190466 256
189967 190677 169
189973 189974 665
190677 189967 169
190677 190678 115
190678 190677 115
189974 189973 665
142209 142217 750
142214 142339 1443
142339 142214 1443
142346 142356 1445
142356 142346 1445
141425 141424 826
141424 141425 826
142160 142153 669
142217 142209 750
141653 141668 187
141668 141653 187
141689 141690 1766
141774 142166 779
141775 141772 668
142166 141774 779
142166 142169 968
141772 141775 668
141759 141695 884
141690 141689 1766
141695 141759 884
142153 142160 669
142169 142166 968
56031 56035 139
56035 56031 139
56050 56057 1436
56057 56050 1436
56211 56215 850
56242 56215 282
56266 56256 672
56215 56211 850
56215 56242 282
56256 56266 672
196680 196683 1661
196683 196680 1661
197217 197257 220
197257 197217 220
204362 204382 478
204382 204362 478
53451 53457 238
53457 53451 238
53547 53550 1768
53550 53547 1768
49437 49524 738
49524 49437 738
49524 49527 2018
49527 49524 2018
144347 144346 299
144346 144347 299
144247 144249 493
144249 144247 493
141464 141465 551
141465 141464 551
189978 189977 639
167
55316
55320
55327
55348
55921
53451
53457
53422
53449
53468
53542
53547
53550
53558
53516
53593
49518
49437
49524
49527
49536
49516
49559
49281
49270
49529
49565
49784
53766
53761
53759
53757
54764
144222
144225
144245
144418
144434
144368
144347
144346
144247
144249
144248
144344
144345
144357
144437
144570
144332
144333
195552
195556
195571
196337
196338
196353
196403
196329
196387
151607
140066
140088
140093
140096
141464
141459
141460
141465
141466
190012
190016
190022
189978
189977
139835
139828
139829
144913
139950
139991
139996
140020
140022
140105
140108
140104
140120
140098
140101
140122
140123
190041
190080
190081
190082
190088
190098
190105
190113
190448
190115
189987
189990
189994
189997
189967
190678
189974
190563
190315
142209
142214
142339
142346
142356
141378
141431
141427
141425
142160
142178
142202
142200
141512
151904
151940
141668
151818
141774
142166
141831
141690
142153
142167
142169
55949
56019
56022
56035
56050
56057
56084
56187
56194
56211
56241
56245
56251
56256
56298
189917
189942
190543
196680
196683
197217
197257
197261
204078
204285
204288
204311
204316
204362
204382
204384
