56
44360 44365 1458
44365 44360 1458
44648 44649 630
44649 44648 630
44677 44679 1628
44679 44677 1628
44688 44691 1103
44691 44688 1103
44691 44693 1418
35590 35593 1505
35593 35590 1505
35597 35640 1008
35640 35597 1008
35642 35647 1120
35647 35642 1120
44693 44691 1418
35801 35800 2080
35800 35801 2080
35817 35822 2044
35822 35817 2044
35927 35925 1438
35925 35927 1438
44817 44855 884
44855 44817 884
41379 41381 1100
41381 41379 1100
35915 35913 747
35913 35915 747
35913 35918 1221
35918 35913 1221
46081 46082 1153
46082 46081 1153
46310 46313 1184
46313 46310 1184
46360 46365 2273
46365 46360 2273
45860 45872 581
45872 45860 581
45872 45873 688
45873 45872 688
46124 46135 562
46135 46124 562
46153 46162 913
46162 46153 913
95194 95196 788
95196 95194 788
93389 93391 1983
93391 93389 1983
93424 93423 600
93423 93424 600
119433 119432 1873
119432 119433 1873
42135 42137 3198
42137 42135 3198
43947 44130 713
44130 43947 713
168
95096
95162
95194
95196
95229
95232
95499
95503
95506
101805
94934
94947
49812
50034
50037
97736
97737
97485
97426
98118
93379
97449
93389
93391
102012
93454
93400
93417
93418
93424
93423
93493
93507
94085
94718
98550
98638
98634
97664
98152
98172
98200
98213
98215
98287
98565
191110
118636
119497
119433
119432
119490
191224
191375
50047
50054
50090
50104
109029
109089
42135
42112
42137
42175
35540
50180
43947
44140
44130
42015
44113
44115
44131
44277
44300
44291
44305
44326
44563
44360
44365
44444
44459
44645
44648
44649
44676
44679
44688
44691
39569
44064
44042
44044
35597
35640
35642
35643
35647
44693
35801
44717
44720
35816
35817
35822
35919
35927
35925
35929
44817
44819
44859
35946
44855
44863
41379
35915
35913
35495
35918
46081
46082
46281
46299
46310
46313
46602
46361
46360
46365
126077
126079
126159
126173
127091
127103
127142
127444
45876
45860
45869
45872
45873
126742
126684
126739
126777
126791
126761
126780
45834
126785
126789
126817
126749
126750
126722
126770
126771
127005
46119
46124
46131
46061
46232
46153
46107
