44
99848 99854 1144
99855 99854 1716
99855 99856 476
99854 99848 1144
99854 99855 1716
99856 99855 476
99997 99998 552
99998 99997 552
99998 100501 552
100501 99998 552
101294 101519 1447
101519 101294 1447
117796 117798 1897
117798 117796 1897
121788 121787 1612
121787 121788 1612
121803 121812 1734
121812 121803 1734
121791 121798 1028
121797 121798 1168
121797 121807 1200
121798 121791 1028
121798 121797 1168
121807 121797 1200
121839 121840 1124
121840 121839 1124
74861 74860 475
74860 74861 475
76238 76237 1114
76237 76238 1114
75293 75295 2157
75295 75293 2157
74610 74608 1633
74608 74610 1633
171740 171746 1000
171746 171740 1000
171783 171891 2279
171891 171783 2279
171930 171931 3557
171931 171930 3557
96210 96209 2585
96209 96210 2585
97075 97076 1031
97076 97075 1031
163
74059
73236
74102
74167
74861
74860
74870
74864
74963
74973
74978
74975
74473
74484
74547
75069
75080
76032
76238
76224
76237
75019
75021
74766
74768
74984
75032
77311
77310
78288
74723
74748
74577
74582
74585
75293
75295
74592
74597
74600
74610
74608
74609
74746
170964
171740
171746
171778
171783
171878
171892
171891
171930
171929
171932
171931
170967
95863
96192
96210
96209
96290
96787
96819
96827
96832
96852
95648
97308
102324
103094
97038
97074
97075
97076
97137
97151
97194
97148
97199
97201
99627
99631
97233
99682
99821
99973
99822
99961
99856
99997
100501
100502
100506
100437
100514
100528
100571
100574
101837
100595
100395
100605
100565
101532
101540
101473
101511
101541
101961
92144
101046
101415
101413
101418
121801
121825
101336
101344
101345
101374
92140
92210
92217
101275
101294
101515
101516
101519
101521
117875
100924
117676
117678
117683
117788
117796
117634
117798
117856
117889
117896
121963
119513
121739
121724
121733
121785
121787
122234
122261
122043
122044
122047
121978
121988
121812
121831
121791
121797
121839
121840
118265
