102
231889 231877 4311
231877 231889 4311
232431 232449 1004
232449 232431 1004
232524 232526 1322
232526 232524 1322
232534 232676 418
232676 232534 418
11195 11206 1786
11206 11195 1786
248474 248475 681
248475 248474 681
248528 248696 4517
248696 248528 4517
248696 248731 707
248708 248734 1007
248735 248734 479
248776 248772 983
248776 249107 2027
248782 248781 344
249121 249116 1635
249121 249126 1425
249123 249124 975
249123 249126 2179
249107 248776 2027
249107 248777 889
249107 249112 201
249112 249107 201
249112 249113 1007
249116 249113 818
249116 249121 1635
249132 249124 1848
249144 249124 1208
249242 249127 7965
133113 133115 4775
133120 133115 4112
249208 249221 1028
249208 249222 982
249253 249222 711
249221 249208 1028
249221 249223 1744
249259 249223 905
260613 249223 1185
249238 249254 1004
249255 249254 889
133118 133119 1026
133132 133119 1232
133134 133119 672
133311 133313 1160
133314 133313 737
133314 133316 1025
133317 133316 1114
133278 133279 1558
133280 133279 1092
133280 133282 889
133282 133280 889
133282 133281 847
133282 133284 1222
248731 248696 707
248734 248708 1007
248734 248735 479
248772 248776 983
248772 248777 2285
248781 248782 344
249126 249121 1425
249126 249123 2179
248777 248772 2285
248777 249107 889
249113 249112 1007
249113 249116 818
249124 249123 975
249124 249132 1848
249124 249144 1208
249127 249242 7965
133115 133113 4775
133115 133120 4112
249222 249208 982
249222 249253 711
249223 249221 1744
249223 249259 905
249223 260613 1185
249254 249238 1004
249254 249255 889
133119 133118 1026
133119 133132 1232
133119 133134 672
133313 133311 1160
133313 133314 737
133316 133314 1025
133316 133317 1114
133279 133278 1558
133279 133280 1092
133281 133282 847
133284 133282 1222
251132 251315 2559
251315 251132 2559
134086 134088 1120
134088 134086 1120
134090 134080 557
134080 134090 557
235969 235974 930
235974 235969 930
166
248731
248734
248772
248781
249126
248777
249113
249124
249127
133115
249222
249223
249254
133119
133313
133316
133279
133281
133284
133286
133302
133324
133332
133346
133353
133363
133609
250882
251300
250885
250902
253293
253353
253354
253361
253362
250913
251132
251315
251327
251331
251361
251368
251379
253366
134117
253378
253381
134086
134088
134090
134162
134164
134080
138739
236212
236136
236220
235969
235974
236124
235971
235989
235998
236011
236012
236153
236202
236720
235703
235711
235696
236724
236726
236745
235910
235743
236754
236759
236806
236803
236821
236793
236811
231879
234386
231670
231888
231981
231585
231608
231874
235301
231877
231588
231632
233041
233031
233059
233111
233088
233093
231826
231828
231839
231849
232431
231813
231844
232379
232383
232393
232429
232530
232692
232705
232755
232760
232798
232847
232852
232863
232909
232911
232920
14222
225394
233584
11176
11129
11136
11204
11212
14316
233618
248473
248474
248475
248521
248528
248530
248523
248480
248696
248708
248735
248776
249121
249123
249112
249116
249132
249242
133113
249208
249221
249238
249255
133118
133132
133134
133311
133317
133278
133280
133282
