56
229615 229646 837
229822 229825 1447
229825 229822 1447
229825 229829 502
229646 229615 837
230926 229642 889
229642 230926 889
230890 230891 1677
230891 230890 1677
229829 229825 502
230008 235318 69
235319 235139 667
235318 230008 69
235139 235319 667
226682 226683 1248
226683 226682 1248
230888 230908 3681
230908 230888 3681
8825 8830 874
8830 8825 874
134991 135691 841
135691 134991 841
135692 135808 1946
135808 135692 1946
135888 136077 939
136077 135888 939
136092 136094 2217
136094 136092 2217
136094 136145 1554
136145 136094 1554
136145 136149 474
136149 136145 474
136185 136186 1140
136186 136185 1140
136773 136779 1530
136779 136773 1530
136784 137455 1029
137455 136784 1029
137474 137478 254
137478 137474 254
137668 137669 796
137669 137668 796
138106 138108 1015
138108 138106 1015
138518 138535 1182
138535 138518 1182
139008 139009 276
139009 139008 276
139026 139025 673
139025 139026 673
139415 139412 1426
139412 139415 1426
230050 230052 782
230049 230052 1139
230052 230049 1139
230052 230050 782
165
134794
134781
134728
134783
134716
134889
134887
134911
134916
134980
134991
135691
135692
135770
135782
135808
135725
135831
135833
135777
135788
135787
135794
135976
135888
136077
136092
136094
136145
136149
136162
136185
136186
136757
136773
137462
136779
136784
137455
137486
137474
137478
137668
137669
138106
138108
138141
138144
138172
138179
138189
138251
138261
138403
138663
138925
138931
138518
138535
138540
138543
138628
138647
138653
138990
138993
139008
139009
138944
138983
138952
138949
138934
138951
139026
139023
139025
139415
139421
139422
138795
139412
235203
235575
230050
235572
230049
230052
230047
230217
229607
229615
229822
229646
229649
229629
229647
230936
230926
230935
229642
230892
230911
230961
230891
235458
225992
228954
228961
234418
229032
229060
228969
229160
229212
229222
235145
235260
229239
229244
234595
234602
229491
229707
229532
230008
228631
228679
229978
229984
229986
234979
228593
228710
234416
228726
233441
234965
234337
226765
234360
226714
234357
226490
226495
226521
226543
226583
226589
226590
226603
226629
226694
226695
230877
230898
230882
230888
226770
228876
228884
230251
228902
8825
8830
