56
150803 150805 816
140348 140346 1863
143616 143615 960
143616 143626 741
143615 143616 960
143626 143616 741
143985 143986 1451
143991 143990 1227
143990 143991 1227
143986 143985 1451
141821 140453 181
140452 140453 223
140453 140452 223
140453 141821 181
144945 144946 907
144946 144945 907
144992 144995 750
144995 144992 750
144995 145000 758
145000 144995 758
143024 143025 1785
143025 143024 1785
143043 143044 410
143044 143043 410
145212 145209 887
145209 145212 887
145253 145255 1856
145255 145253 1856
146451 146454 2260
146454 146451 2260
146649 146650 969
146650 146649 969
131256 131258 1849
131264 131268 631
131258 131256 1849
131268 131264 631
131289 131290 2568
131290 131289 2568
131296 131304 1367
131304 131296 1367
53990 53988 885
54044 54022 1770
56413 56415 1602
54018 54022 1180
54022 54018 1180
54022 54044 1770
56415 56413 1602
54254 54255 606
54255 54254 606
53988 53990 885
54071 54074 238
54074 54071 238
54081 54228 2284
54228 54081 2284
150805 150803 816
140346 140348 1863
172
47377
130507
130603
130605
130709
130034
130033
130533
130039
130548
130571
130593
130542
130583
130640
130643
130733
130754
130799
130801
130811
130695
130806
130830
130838
131110
131116
131120
131134
131009
131256
131262
131264
131258
131268
131280
131289
131290
131296
131071
131215
131304
131562
132119
132110
132155
132174
132176
132177
129577
132196
53990
54044
56413
54020
54017
54018
54022
56415
56432
56448
54030
54089
54033
54032
54086
54254
54255
54264
54023
50688
54279
53988
54050
54071
54074
54081
54228
54232
54259
54262
150805
140346
150757
150763
151977
150803
150781
150791
150792
140355
150814
140348
140352
143560
143569
143577
143616
143615
143834
143854
143855
143641
143646
143653
143692
143626
143989
143991
143990
143906
143986
144043
143840
143894
143845
141821
140452
143837
142904
144008
142905
144940
144945
144950
144956
144946
144992
144959
145013
145014
144995
145000
145021
145024
145030
143024
143025
143044
143209
143215
143234
143323
143326
143347
143348
143377
143380
143393
145018
145193
145212
198893
212598
212588
145215
146369
146451
146425
146437
146454
146628
145278
146650
146655
146700
146702
146789
146881
146886
146896
146811
