50
229514 229487 3684
226008 226005 1889
226005 226008 1889
229108 229109 135
229109 229108 135
229170 229189 291
229189 229170 291
229189 229188 1933
229188 229189 1933
229485 229487 2007
229487 229485 2007
229487 229514 3684
228522 228524 905
228524 228522 905
228524 228525 234
228525 228524 234
228624 228625 671
228625 228624 671
228770 228775 1797
228775 228770 1797
135055 135052 827
135051 135052 1026
135052 135051 1026
135052 135055 827
135842 135859 1180
135859 135842 1180
135859 135860 806
135860 135859 806
136433 136436 765
136436 136433 765
136793 136794 599
136794 136793 599
136850 137784 476
137784 136850 476
137510 137707 925
137707 137510 925
134097 134095 261
134095 134097 261
138463 138465 344
138465 138463 344
137899 137902 796
137902 137899 796
137902 137903 796
137903 137902 796
138494 138499 2616
138499 138494 2616
139124 139114 751
139108 139110 709
139110 139108 709
139114 139124 751
175
134765
139558
134769
134813
134828
134825
134829
135030
135073
135055
135051
135052
135090
135102
135103
135099
135822
135842
135912
135907
136103
136111
135859
135860
135862
135893
135903
136113
136125
136138
136433
136435
136436
136489
136487
136792
136793
136794
136806
136810
136850
137497
137784
137489
137501
137510
137514
137707
137711
134097
137737
137734
134095
137766
137770
137754
138463
138465
137899
137902
137903
137890
137921
137917
132840
138494
138499
138553
138561
138630
138679
138680
139124
139195
139132
139135
139075
139108
139110
139114
199625
199626
199627
139212
139216
139271
139308
139329
139331
139282
139439
139458
139459
139626
132960
139467
228806
228814
229514
229523
229600
225328
225330
225344
225351
226020
226008
226005
226006
225355
225358
227775
228908
227818
228911
228933
234579
228974
228980
234859
229002
229038
229114
229143
229108
229109
229164
229245
229162
229170
229188
234528
234564
229128
229477
229480
229485
228517
228522
228529
228524
228535
228525
228547
228150
228151
228617
228616
228624
228628
228625
228666
228190
228684
229199
229204
229192
228774
228435
228775
228550
228552
228578
228250
228313
235433
228320
228341
228343
235432
228502
228567
228357
228373
228568
