76
24810 24820 418
24836 24888 581
24888 24836 581
24913 24924 2950
24924 24913 2950
24924 24931 276
24931 24924 276
25095 25123 1022
25123 25095 1022
190679 190819 156
190819 190679 156
187699 187704 605
187704 187699 605
187733 187739 1602
187739 187733 1602
187789 187788 858
187789 187906 882
187906 187789 882
187909 187910 1497
187910 187909 1497
187213 187214 1309
187788 187789 858
187803 187812 157
187214 187213 1309
187805 187784 839
187805 187807 1094
187812 187803 157
187812 187811 1202
187784 187805 839
23774 23779 564
35356 23779 110
23779 23774 564
23779 35356 110
187807 187805 1094
187897 189598 1420
187897 189605 842
189605 187897 842
187811 187812 1202
187875 187873 369
187873 187875 369
188234 190327 211
190327 188234 211
189598 187897 1420
134993 134804 1533
134804 134993 1533
135010 135009 751
135014 135018 747
135009 135010 751
135018 135014 747
135077 135079 848
135079 135077 848
135797 135799 848
135799 135797 848
135799 135806 818
135806 135799 818
135792 135878 1098
135878 135792 1098
136154 136156 336
136156 136154 336
10456 10475 782
10475 10456 782
10586 12393 763
12393 10586 763
12634 12637 1559
12637 12634 1559
12709 12721 2113
12721 12709 2113
12494 12535 2018
12535 12494 2018
11856 11858 782
11858 11856 782
11931 11933 667
11933 11931 667
13650 13663 2090
13663 13650 2090
24820 24810 418
162
9833
10391
10400
10395
10396
10456
9873
9874
10465
10475
10488
10551
10556
10567
10570
10571
10572
34796
10580
10586
12393
12552
12553
12634
12637
12640
12631
12700
12709
12705
12721
12749
12494
12832
12535
12545
12549
12741
12870
12876
12877
11856
11858
11908
11911
11924
12946
12970
13177
12856
11931
12966
11933
13622
13625
13637
13650
13663
12258
12262
12302
12308
13916
13924
12265
13920
23663
23668
23676
23749
34380
23738
23728
23763
23744
24819
24820
24810
24817
24830
24854
24888
24851
24924
25095
25123
25101
25105
187686
188003
188005
190679
190819
187681
187702
187699
187704
187733
187737
187739
187692
187710
187906
187909
187910
187920
187211
187796
187797
187795
187786
23774
187257
187823
187832
187842
187845
187854
189605
189602
187811
187859
187867
187877
190783
188001
187760
187957
187990
188234
190327
187828
187839
134740
134738
134742
134739
134788
134707
134714
134993
134198
134804
135010
135014
135009
135064
135018
135065
135077
135799
135806
135812
135792
135878
135827
135835
135886
136084
136096
136154
136156
