186
257965 257963 358
257963 257965 358
244335 244337 837
244337 244335 837
243528 243544 704
243544 243528 704
245318 245432 338
245435 245432 886
245457 245455 1644
245457 245460 746
261840 245455 1114
245462 245460 1320
236485 236483 3314
245485 236483 619
245483 245481 1227
245483 245495 841
245481 245483 1227
245481 245494 834
241048 245540 3263
245491 245540 2535
245542 245540 1294
245505 245509 892
245541 247281 2436
245554 247281 2259
245565 245566 2000
247284 247283 2034
247287 247283 2568
247287 247289 472
247292 247283 702
247292 247293 825
243927 243929 2524
263749 243929 371
243960 243962 1650
243966 243962 3013
243973 243972 3011
243974 243876 1636
243974 243972 3073
243876 243974 1636
243876 243975 3375
243986 243975 2321
244405 244406 770
244418 244406 2877
261980 244391 1073
244169 244188 794
244195 244191 9254
244196 244191 1329
243920 243943 1204
243944 243943 2184
242913 242917 2056
242913 243912 1563
244031 242917 1298
243912 242913 1563
243912 243913 1498
243915 243913 1362
247289 247287 472
247289 247290 550
247293 247292 825
247293 247297 749
247295 247297 905
247295 247316 2224
247317 247316 687
247361 247358 1334
247361 247364 924
247364 247350 1382
247364 247361 924
247364 247365 1452
247350 247363 1830
247350 247364 1382
247567 247363 1077
247567 247568 1356
247568 247567 1356
247568 247571 1177
247578 247572 353
247578 247579 1375
247579 247578 1375
247579 247711 3388
247720 247711 746
247727 247726 1447
247761 247758 1796
247850 247851 1239
247916 247851 1093
258505 258502 2458
258505 258512 1030
261196 258502 1031
258523 258512 3449
258575 258577 2507
258593 258592 1258
258596 258592 1375
256145 256143 2048
256145 256148 2232
256148 256145 2232
256148 256147 1777
261201 256147 1426
261201 260203 3071
256151 256150 1272
256152 256150 5409
256157 256155 989
245432 245318 338
245432 245435 886
245455 245457 1644
245455 261840 1114
245460 245457 746
245460 245462 1320
236483 236485 3314
236483 245485 619
245495 245483 841
245495 245494 1255
245494 245481 834
245494 245495 1255
245540 241048 3263
245540 245491 2535
245540 245542 1294
245509 245505 892
247281 245541 2436
247281 245554 2259
245566 245565 2000
247283 247284 2034
247283 247287 2568
247283 247292 702
243929 243927 2524
243929 263749 371
243962 243960 1650
243962 243966 3013
243972 243973 3011
243972 243974 3073
243975 243876 3375
243975 243986 2321
244406 244405 770
244406 244418 2877
244391 261980 1073
244188 244169 794
244191 244195 9254
244191 244196 1329
243943 243920 1204
243943 243944 2184
242917 242913 2056
242917 244031 1298
243913 243912 1498
243913 243915 1362
247290 247289 550
247297 247293 749
247297 247295 905
247316 247295 2224
247316 247317 687
247358 247361 1334
247358 247365 847
247365 247358 847
247365 247364 1452
247363 247350 1830
247363 247567 1077
247363 247571 1532
247571 247363 1532
247571 247568 1177
247571 247572 1830
247572 247571 1830
247572 247578 353
247711 247579 3388
247711 247720 746
247726 247727 1447
247758 247761 1796
247851 247850 1239
247851 247916 1093
258502 258505 2458
258502 261196 1031
258512 258505 1030
258512 258523 3449
258577 258575 2507
258592 258593 1258
258592 258596 1375
256143 256145 2048
256143 256146 2537
256147 256148 1777
256147 261201 1426
256150 256151 1272
256150 256152 5409
256155 256157 989
256155 256158 1347
256146 256143 2537
256158 256155 1347
260203 261201 3071
256665 249083 1735
249083 256665 1735
256710 256703 889
255299 255303 987
255303 255299 987
256703 256710 889
168
245432
245455
245460
236483
245495
245494
245540
245509
247281
245566
247283
243929
243962
243972
243975
244406
244391
244188
244191
243943
242917
243913
247290
247297
247316
247358
247365
247363
247571
247572
247711
247726
247758
247851
258502
258512
258577
258592
256143
256147
256150
256155
256146
256158
256167
258683
256134
260203
256608
256618
256621
256625
256665
249083
256715
257160
256710
254965
255035
255207
255284
255282
255299
255303
255091
255102
255112
255113
255111
255059
236031
256703
256721
257214
257239
257250
257259
257260
258696
258783
258786
255336
263428
258792
262664
262672
257888
252850
257965
257963
257967
258001
258006
262083
262767
239140
239164
243990
243998
239137
239148
239145
239152
244335
244337
244353
244360
243524
243528
243562
243544
243579
243588
243672
243564
243569
243686
243709
245318
245435
245457
261840
236485
245485
245483
245481
241048
245491
245542
245505
245541
245554
245565
247284
243927
263749
243960
243966
243974
243876
244405
244169
244195
244196
243920
242913
244031
243912
247295
247317
247361
247350
247567
247568
247578
247579
247720
247727
247761
247850
258505
261196
258523
258575
258593
256145
256152
256157
