40
90495 90557 2615
90557 90495 2615
89684 90021 426
90021 89684 426
65817 65819 1762
65819 65817 1762
66469 66471 2479
66471 66469 2479
66505 66507 713
66507 66505 713
170173 170172 1667
170173 170178 591
170178 170173 591
170172 170173 1667
58768 58769 1114
58759 58760 1941
58769 58768 1114
58784 58777 1114
58777 58784 1114
58778 58779 1344
58779 58778 1344
58760 58759 1941
58871 58880 811
58880 58871 811
58937 59341 760
59341 58937 760
59355 59356 905
59376 59381 1796
59381 59376 1796
59356 59355 905
80845 80850 746
80850 80845 746
82774 82859 2220
82859 82774 2220
81460 81455 2725
81380 81435 762
81455 81460 2725
81435 81380 762
86131 86132 1222
86132 86131 1222
147
87608
87611
89016
91154
91600
80589
80478
90944
80596
80600
83965
80609
81134
81130
81136
80657
80724
80716
80666
80599
80824
80819
80853
80862
80842
80845
80850
80758
80759
80874
81471
81464
82777
82787
82774
82859
82888
90625
82853
82855
82934
82943
81546
82951
82845
82925
81409
81460
81506
81508
81630
81550
84699
91212
91213
81379
81380
81455
81419
80892
81435
81445
81441
80886
81366
81367
90515
90591
90063
90130
83491
83493
85654
86131
85174
86132
86046
90495
90557
90502
90503
86127
89684
90021
91146
89636
73471
73506
66351
73474
65819
66507
66491
58193
66013
66028
66029
66624
66655
66678
56918
69146
76875
79237
79302
56980
56969
79314
77359
77369
170137
170172
170248
159910
159918
159917
159920
58367
58314
58380
58316
58422
58425
58729
58730
58710
58740
58769
58784
58777
58779
58871
58880
58918
58919
58933
59281
59341
59347
59355
59301
59376
59356
58205
58456
58323
58620
