34
151755 151757 907
151757 151755 907
151633 148037 1167
148037 151633 1167
205111 205123 2064
205123 205111 2064
171474 171480 675
171492 171493 309
171493 171492 309
171480 171474 675
154243 154233 1336
154289 154286 2458
154286 154289 2458
154233 154243 1336
159660 159687 767
159687 159660 767
159687 159688 851
159688 159687 851
159942 159941 1311
159941 159942 1311
160055 160057 1699
160057 160055 1699
215202 215241 365
215241 215202 365
223428 223427 496
223427 223428 496
140328 147232 629
147232 140328 629
147232 147233 519
147233 147232 519
147554 147782 811
147782 147554 811
147782 147783 805
147783 147782 805
154
215346
215355
215357
215356
219737
215369
215372
215367
215427
215397
215410
224149
215297
215389
215405
222305
215974
222284
222276
222323
219561
219626
219830
219803
215198
215231
222036
222076
215205
215202
215241
223294
223314
223428
223422
223427
223276
223289
223333
223181
223184
223278
150892
150964
151617
150861
150869
150883
150887
148999
149396
149398
149229
149641
149639
149640
150958
150959
150974
140328
147215
147231
147256
147232
147233
147259
147288
147292
147331
147463
147467
147476
147484
147498
147506
147502
147504
147554
147782
147783
147793
147792
147797
147818
146988
151757
151633
148038
148072
148992
205106
205123
212892
212899
212940
150262
150325
150330
150334
150341
150349
198715
198719
198599
198758
198734
198746
198750
205092
205093
205101
171250
171257
171267
171264
171474
171337
171492
171491
171493
171480
159111
159119
171471
159121
162386
154235
154289
154295
154297
154286
159125
159132
154304
159352
159360
159364
159370
159445
159581
159600
159649
159662
159701
159660
159688
159770
159941
159946
159840
158737
158753
160092
160110
