44
83235 81946 926
83235 83239 2631
81946 83235 926
83239 83235 2631
83264 83263 783
83262 83263 756
83263 83262 756
83263 83264 783
82933 82932 1138
82932 82933 1138
86440 86439 1336
86439 86440 1336
86321 86322 333
86327 91089 434
86322 86321 333
91089 86327 434
86364 86366 1696
86366 86364 1696
86447 86446 1032
86446 86447 1032
81654 81794 277
81794 81654 277
86673 86853 818
86853 86673 818
81796 81826 2698
81823 81650 384
81650 81823 384
81826 81796 2698
81893 81894 1863
81893 81914 277
81914 81893 277
81894 81893 1863
80107 80106 3560
80106 80107 3560
80255 80254 2884
80254 80255 2884
118358 118355 663
118355 118358 663
90191 90207 796
90207 90191 796
80992 80956 993
80956 80954 1222
80956 80992 993
80954 80956 1222
157
80021
80035
80057
80107
80174
80296
80378
80106
80305
80255
80254
80407
80260
80997
80384
80387
80396
80190
80335
80343
80348
80353
80367
162325
162327
117018
117345
117390
117478
117394
61213
117342
116976
116987
118407
116995
117001
118338
118358
118360
118370
118422
118355
118366
117067
118447
118414
117397
61223
61231
117485
61304
61305
60905
60633
60639
80523
87885
87921
87926
87922
90191
90207
90269
87862
89894
90307
90311
90276
90284
90297
90299
89734
83760
90330
90449
90345
91236
89901
90321
80964
91644
80986
80992
81014
80914
80956
80954
80972
91778
81858
81902
81906
83237
83257
83271
83279
81946
83262
91323
83337
83356
91320
83222
83309
83145
82932
83146
83425
86440
86439
86588
82697
86668
86529
86498
86504
91904
91899
86321
86322
86336
91088
91089
91302
86364
86366
86451
86455
86462
86477
86419
86447
86587
91098
86446
86561
86429
81575
81654
81794
81779
81799
81627
81628
86673
86853
86858
90705
81652
81826
81893
81914
81909
81919
85607
85904
