104
196666 196669 1611
196669 196666 1611
196897 196901 346
196901 196897 346
204392 204393 329
204393 204392 329
204393 204750 473
204750 204393 473
207617 197426 451
197426 207617 451
207625 207626 846
207626 207625 846
207626 207653 709
207653 207626 709
207653 207658 774
207658 207653 774
207658 207659 779
207475 207495 664
207495 207475 664
207495 207496 2030
207496 207495 2030
207496 207499 1032
207499 207496 1032
207506 207271 663
207506 207507 346
207507 207506 346
207271 207506 663
207271 207511 1423
207511 207271 1423
207669 207659 867
207659 207658 779
207659 207669 867
196865 196869 973
196869 196865 973
145435 145436 390
145436 145435 390
145436 145439 672
145439 145436 672
145439 145462 1382
145462 145439 1382
145462 145983 349
145983 145462 349
145986 145987 951
145987 145986 951
151361 151360 751
146002 146003 369
146003 146002 369
151360 151361 751
203997 203995 767
204064 204065 679
204065 204064 679
204070 204088 990
204088 204070 990
204088 204090 523
204090 204088 523
204098 204099 802
204099 204098 802
204099 204320 274
204320 204099 274
203744 203745 1736
203745 203744 1736
203982 203983 841
203983 203982 841
203995 203997 767
207957 207465 1098
207957 207954 1122
207924 207921 1078
207954 207921 1071
207954 207957 1122
198886 207548 1587
207548 198886 1587
207549 207463 1024
207463 207466 1108
207463 207549 1024
207465 207957 1098
207466 207463 1108
207537 207554 706
207554 207537 706
207554 207540 1036
207540 207554 1036
207515 207578 867
207578 207515 867
207581 207589 285
207589 207581 285
207589 207591 623
207591 207589 623
207921 207924 1078
207921 207954 1071
207921 207958 914
207958 207921 914
207983 207990 665
207990 207983 665
207992 208042 1252
208042 207992 1252
142231 142232 798
142297 142233 833
141792 141794 855
141794 141792 855
142232 142231 798
142232 142233 768
142233 142232 768
142233 142297 833
56225 56273 1449
56273 56225 1449
175
195567
196360
196410
196425
195112
196368
196409
196424
140141
140229
141482
141535
141536
141481
148198
151824
151882
151884
141490
141494
189841
189966
150582
151601
139863
139870
140147
140172
140215
140225
140168
189972
189985
190558
142394
142231
142238
142372
142378
142370
149903
147002
151833
141523
151827
142252
142294
142297
141822
141825
141836
141533
141673
141778
141786
141792
141794
142232
142233
56066
56065
55970
55987
55980
55982
56087
56195
56201
56225
56273
56281
56286
56297
196667
196666
196669
196897
196901
204294
204324
204345
204349
204387
204750
204753
207617
197426
207625
207626
207653
207658
207241
207475
207496
207499
207507
207667
207511
207668
207669
207659
196871
196872
196865
196869
196883
196890
196821
145347
145432
145435
145439
145983
145987
139963
151361
151411
146003
151355
151360
151363
151337
151338
151330
151340
151331
203997
204002
204064
204065
204088
204102
204090
204098
204099
204321
203577
203593
203611
203617
203610
203687
203693
203744
203745
203759
203979
203982
203983
207957
207954
207594
207585
207546
207548
207549
207463
207465
207466
207537
207547
207540
207477
207502
207513
207515
207578
207581
207591
207958
207982
207983
207990
207992
208042
