376
83982 83684 2132
83982 83981 1350
83982 83983 1397
91017 83983 1488
83648 83646 1816
83648 83649 475
83648 83650 2468
83687 82466 1032
83687 83670 2444
83687 83680 1070
83687 83688 1935
83688 83680 2292
83688 83687 1935
83838 83839 419
83838 83840 559
83838 83857 1118
83751 83750 606
83751 83762 566
83828 83750 753
83828 83829 929
83828 83832 699
83832 83828 699
83832 83831 1171
83832 83833 1291
83833 83831 839
83833 83832 1291
83833 83834 741
83833 83837 1532
83837 83831 1280
83837 83833 1532
83837 83836 672
83842 83777 604
83842 83836 1793
83842 83843 818
83810 83811 591
83816 83811 39
83816 83815 473
83816 91361 2128
83803 83804 765
83805 83804 1691
83812 83809 1348
83812 83813 419
83812 83821 2325
84085 83997 1216
84085 83999 1314
84085 84082 985
80682 80683 1810
80682 80686 416
80684 80683 1133
80684 80685 1175
80684 83796 578
84082 84081 3913
84082 84085 985
84082 84098 883
84087 84081 4910
84087 84101 2359
84097 84081 5489
84097 84102 2228
83801 83800 325
83801 83802 477
83801 84086 1478
83655 83656 1216
83655 83657 2078
83655 83659 1793
83657 83655 2078
83657 83658 1159
83657 83659 647
86998 86997 658
86999 86997 801
86999 87000 1024
86999 87070 477
87070 86999 477
87070 87071 454
87070 90645 905
91694 87071 511
82619 82620 1476
82619 82621 782
82619 86962 193
86483 85156 11
86483 86482 401
86483 86962 2871
86905 86904 958
87133 86904 1601
87057 87056 1397
87057 87058 755
87057 87059 698
87082 87072 158
87082 87081 4243
87076 85161 7898
87076 87000 6097
87076 87077 1779
87074 87073 3115
87074 87075 2857
86480 86481 270
86480 86482 648
86480 87111 787
87097 85159 1681
87097 87084 131
87097 87111 1379
82354 82353 398
82355 82353 957
82357 81349 607
82357 82356 1398
82337 82336 2049
82337 82338 3100
82337 82495 4746
82337 82496 910
82541 82336 2691
82541 82550 680
81348 81346 537
81348 81349 166
87154 82366 559
82347 82346 1674
82347 82348 4466
82347 82359 2794
82548 82547 132
82548 82549 1796
82548 82551 892
82550 82541 680
82550 82549 857
82550 82551 1764
82550 82553 1024
82555 82547 1215
82555 82554 1301
82555 82556 1186
82555 82559 1084
82558 82554 1084
82558 82559 1301
82558 82562 1669
85314 85313 2529
85315 85313 699
85315 85316 846
85315 91693 778
82062 82061 2360
82062 82063 633
82109 82038 1259
82109 82061 1013
82109 82090 1287
82109 82108 1068
82040 82038 1215
82040 82041 929
82040 82110 837
90723 82110 1306
82196 82195 398
82197 82195 548
82297 82296 1367
82297 82298 2929
82297 82319 6427
82297 82436 2765
82327 82298 1834
82282 82281 1315
82282 82283 959
82282 91549 851
91550 82281 521
82066 82065 1171
82066 82067 2557
82066 82249 1636
82329 82328 555
82329 82330 1266
82329 82461 2106
82323 82322 3986
82323 82324 2003
82323 82325 1842
82460 82328 794
82460 82458 357
82460 82478 7685
82477 82461 6087
82477 82478 608
82477 90759 419
82466 82465 339
82466 82467 1222
82466 83687 1032
82469 82463 1447
82469 82468 1457
82469 83683 925
83664 83663 1825
83664 83668 1537
83664 83985 7171
83664 83987 5622
83684 83685 1078
83684 83982 2132
83646 83647 559
83646 83648 1816
83646 83650 1753
83650 83646 1753
83650 83648 2468
83650 83651 651
83839 83838 419
83839 83857 699
83857 83838 1118
83857 83839 699
83857 91367 123
83762 83751 566
83829 83828 929
83829 83834 2098
83834 83829 2098
83834 83833 741
83834 83843 2179
83777 83842 604
83843 83834 2179
83843 83842 818
83815 83816 473
91361 83816 2128
83813 83812 419
83821 83812 2325
83997 84085 1216
80686 80682 416
80686 80685 412
80685 80684 1175
80685 80686 412
83796 80684 578
84098 84082 883
84101 84087 2359
84102 84097 2228
83800 83801 325
83802 83801 477
83656 83655 1216
83658 83657 1159
90645 87070 905
82620 82619 1476
82621 82619 782
85156 86483 11
87058 87057 755
87059 87057 698
87081 87082 4243
85161 87076 7898
87077 87076 1779
87075 87074 2857
86481 86480 270
85159 87097 1681
87084 87097 131
81349 81348 166
81349 82357 607
82338 82337 3100
82495 82337 4746
82496 82337 910
82346 82347 1674
82346 82359 3304
82359 82346 3304
82359 82347 2794
82551 82548 892
82551 82550 1764
82551 82556 1259
82553 82550 1024
82556 82551 1259
82556 82555 1186
82559 82555 1084
82559 82558 1301
82562 82558 1669
85316 85315 846
91693 85315 778
82063 82062 633
82063 82065 2639
82038 82040 1215
82038 82109 1259
82090 82109 1287
82108 82109 1068
82041 82040 929
82296 82297 1367
82319 82297 6427
82436 82297 2765
82283 82249 1302
82283 82282 959
91549 82282 851
82065 82063 2639
82065 82066 1171
82249 82066 1636
82249 82283 1302
82322 82323 3986
82322 82458 1621
82324 82323 2003
82458 82322 1621
82458 82460 357
82478 82460 7685
82478 82477 608
90759 82477 419
82465 82466 339
82463 82469 1447
83683 82469 925
83668 83664 1537
83985 83664 7171
83987 83664 5622
83685 83684 1078
83647 83646 559
83651 83650 651
91367 83857 123
83983 83982 1397
83983 91017 1488
83649 83648 475
83670 83687 2444
83680 83687 1070
83680 83688 2292
83840 83836 753
83840 83838 559
83750 83751 606
83750 83828 753
83831 83832 1171
83831 83833 839
83831 83837 1280
83836 83837 672
83836 83840 753
83836 83842 1793
83811 83810 591
83811 83816 39
83804 83803 765
83804 83805 1691
83809 83812 1348
83999 84085 1314
80683 80682 1810
80683 80684 1133
84081 84082 3913
84081 84087 4910
84081 84097 5489
84086 83801 1478
83659 83655 1793
83659 83657 647
86997 86998 658
86997 86999 801
87071 87070 454
87071 91694 511
86962 82619 193
86962 86483 2871
86904 86905 958
86904 87133 1601
87056 87057 1397
87072 87073 1181
87072 87082 158
87000 86999 1024
87000 87076 6097
87073 87072 1181
87073 87074 3115
86482 86480 648
86482 86483 401
87111 86480 787
87111 87097 1379
82353 82354 398
82353 82355 957
82356 82357 1398
82336 82337 2049
82336 82541 2691
81346 81348 537
82366 87154 559
82348 82347 4466
82549 82548 1796
82549 82550 857
82547 82548 132
82547 82555 1215
82554 82555 1301
82554 82558 1084
85313 85314 2529
85313 85315 699
82061 82062 2360
82061 82109 1013
82110 82040 837
82110 90723 1306
82195 82196 398
82195 82197 548
82298 82297 2929
82298 82327 1834
82281 82282 1315
82281 91550 521
82067 82066 2557
82330 82329 1266
82325 82323 1842
82328 82329 555
82328 82460 794
82461 82329 2106
82461 82477 6087
82467 82466 1222
82467 82468 3210
82468 82467 3210
82468 82469 1457
83663 83664 1825
83663 83981 3292
83981 83663 3292
83981 83982 1350
102
83983
83649
83670
83680
83840
83750
83831
83836
83811
83804
83809
83999
80683
84081
84086
83659
86997
87071
86962
86904
87056
87072
87000
87073
86482
87111
82353
82356
82336
81346
82366
82348
82549
82547
82554
85313
82061
82110
82195
82298
82281
82067
82330
82325
82328
82461
82467
82468
83663
83981
83829
83777
83843
83815
91361
83813
83821
83997
80686
80685
83796
84098
84101
84102
83802
82620
82621
85156
87081
85161
87075
85159
87084
82338
82495
82496
82346
82359
82551
82553
82556
82559
82562
82063
82038
82090
82296
82319
82436
82283
82065
82249
82322
82458
82478
82465
82463
83668
83985
83987
83685
91367
