76
143851 143853 519
143853 143851 519
143988 143987 1213
143987 143988 1213
141154 141275 326
141275 141154 326
144943 144944 923
144944 144943 923
144954 144993 786
144998 145016 570
144993 144954 786
144993 144994 369
144994 144993 369
144994 144996 737
144996 144994 737
143208 143206 1191
143206 143208 1191
143206 143220 764
143220 143206 764
143222 143224 314
143224 143222 314
143359 143374 1974
143374 143359 1974
143374 143371 774
143371 143374 774
145016 144998 570
145016 145017 207
145017 145016 207
145195 145194 921
145194 145195 921
145194 145208 822
145248 145211 111
145208 145194 822
145211 145248 111
145257 145259 55
145259 145257 55
145262 145260 983
145260 145262 983
146452 146455 2186
146455 146452 2186
146632 146634 1322
146634 146632 1322
146648 146653 937
146653 146648 937
146691 146693 1452
146693 146691 1452
130703 130707 807
130707 130703 807
130539 130547 4214
130547 130539 4214
130803 130809 1055
130809 130803 1055
131135 131143 1395
131143 131135 1395
131143 131147 1632
131147 131143 1632
131151 131150 1201
131150 131151 1201
131611 131613 848
131613 131611 848
54021 54019 1855
54090 56414 1855
50641 50660 337
50660 50641 337
54019 54021 1855
56414 54090 1855
54034 54031 928
54031 54034 928
54278 50824 264
50824 54278 264
54243 54244 808
54244 54243 808
140336 140347 1844
140347 140336 1844
143558 143549 1429
143549 143558 1429
167
130505
130602
130703
130707
130037
130536
130539
130547
130586
130587
130546
130606
130732
130753
130758
130816
130819
130803
130807
130809
130832
132377
130850
131112
131121
131130
131133
131135
131143
131147
131261
131263
131265
131269
131291
131295
131141
131151
131150
131305
131557
121340
131611
131613
132121
132147
132118
132154
132175
132241
132243
132280
53994
54021
54090
50641
50660
54019
56414
56422
56447
54040
54093
54034
54084
54101
54256
54265
54031
50689
54278
50824
54072
54066
54070
54076
54243
54244
54275
150811
140336
150761
150764
151980
150772
150790
150807
150809
140347
140350
143558
143549
143568
143574
143578
143614
143833
143852
143853
143645
143651
143652
143628
143980
143988
143987
143983
143823
143807
143762
143806
143893
143838
141275
143830
142903
144004
142902
142898
144936
144943
144948
144949
144944
144954
144955
144998
145012
144993
144996
145001
145022
145023
143026
143028
143040
143208
143220
143224
143233
143236
143327
143371
143372
143376
143392
145017
145019
145195
145194
198794
212586
145248
145259
145218
146419
146431
146434
146455
146634
146653
146693
146703
146880
146882
146887
146908
