60
182366 182267 581
182366 182369 750
182369 182366 750
182267 182366 581
182016 182166 1696
182166 182016 1696
182166 182226 1000
182226 182166 1000
182559 182560 738
182560 182559 738
152227 152172 2171
166896 152172 849
166947 166943 871
152234 152236 562
152234 166949 2299
166928 166944 688
166943 166947 871
166944 166928 688
166949 152234 2299
152245 152236 778
152236 152234 562
152236 152245 778
152172 152227 2171
152172 166896 849
176346 152276 713
176352 176353 790
176353 176349 3350
176353 176352 790
176349 176353 3350
152276 176346 713
175352 175351 3233
175351 175352 3233
204019 204036 773
204036 204019 773
204038 204042 756
204042 204038 756
208075 208078 867
208078 208075 867
207815 207819 895
207829 207828 930
207829 208512 748
208512 207829 748
207819 207815 895
207819 207828 713
207828 207819 713
207828 207829 930
208140 208141 759
208141 208140 759
208454 208461 1561
208461 208454 1561
180618 180628 1447
180628 180618 1447
180607 180610 796
180610 180607 796
180656 180623 562
180623 180656 562
185160 185161 433
185161 185160 433
166930 167129 375
167129 166930 375
163
203792
203775
203800
204017
204019
204036
204038
204042
208505
208513
208075
208096
208097
208502
208504
208081
208078
208087
207804
207811
207815
207829
208512
207819
207828
208092
208140
208141
208148
208185
208399
208413
208415
208454
208461
208463
208433
208452
208450
210697
210704
210717
210700
178661
178662
178806
180618
180628
180343
180286
180458
180607
180610
180656
180623
166863
166871
185093
185160
185161
166413
166511
166606
166607
166626
166625
166638
166615
166612
166991
166994
166984
166659
166875
166876
166930
167129
166986
166311
180594
180596
180780
180562
180564
180519
180523
180580
180555
180567
179684
180473
180484
182379
182389
182375
182393
182369
182367
182267
182014
182016
181980
179721
181933
181938
181948
181957
181952
182001
182549
182547
185252
182559
185185
185918
166896
166928
166943
166944
166949
152195
152246
152245
152172
152174
176339
176346
176417
176349
152287
176395
176400
152279
152298
152300
152264
152276
173940
173954
185816
173671
173727
173890
173732
173804
173946
174553
174655
174650
174685
175384
175352
175356
175339
175351
175259
175253
175348
175350
175462
175362
175920
175932
