50
173336 173366 688
173366 173336 688
178052 178053 634
178053 178052 634
178078 178076 588
177959 177960 3179
177960 177959 3179
173315 173324 1395
160188 160187 1225
160187 160186 612
160187 160188 1225
160238 160181 2665
160181 160238 2665
160186 160187 612
160322 160323 758
160323 160322 758
160433 160434 1010
160434 160433 1010
160593 160446 953
160593 160604 600
160604 160593 600
160446 160593 953
160440 160482 3782
160482 160440 3782
160541 160540 1615
160540 160541 1615
156687 160557 2778
160557 156687 2778
158165 158328 1366
158328 158165 1366
160710 160762 1905
160762 160710 1905
152088 152086 796
152086 152088 796
180066 180070 452
180070 180066 452
179815 179814 840
179814 179815 840
153879 154565 672
154565 153879 672
154565 154567 1344
154567 154565 1344
154615 154617 782
154617 154615 782
157102 157320 1111
157320 157102 1111
178076 178078 588
178525 178543 2801
178543 178525 2801
173324 173315 1395
157
172701
152088
152086
168439
168461
180066
180068
180070
186127
179729
179734
179789
179833
179815
179831
179814
179819
179939
179810
179823
179825
179901
179897
153879
153859
153862
153869
153622
153760
153743
153849
153302
154565
154567
155941
156118
156144
156193
156194
156746
154582
154587
154589
154635
154634
154615
154617
154678
157034
157100
157127
157087
154638
154711
154731
154684
157070
157185
157038
157051
155949
157095
157107
157110
157102
157320
157119
172932
172935
172950
172939
172941
176644
174999
179922
178076
178080
178525
178543
178334
173324
173330
173366
172963
173122
177736
177951
177946
177953
174768
177984
178007
178078
178010
178106
177959
177960
173315
173260
173310
173443
173455
173298
173304
173422
177617
177643
160231
160184
160238
177641
160181
160245
160241
160254
160263
160322
160273
160343
160408
160442
160402
160438
160593
160604
160618
160443
160440
160519
160526
160540
156691
160569
160645
160654
156740
156767
156795
156797
156752
157435
158108
158165
158328
158336
158361
158370
158398
160740
160827
158357
158431
158434
158466
160710
160762
160700
