42
111036 111029 194
111070 111072 649
111072 111070 649
111241 111255 809
111255 111241 809
111256 111282 750
111282 111256 750
111286 111285 452
111285 111286 452
111357 111355 2250
111355 111357 2250
111488 111523 1196
111523 111488 1196
111514 111515 782
111515 111514 782
111515 111629 672
111629 111515 672
111644 111647 1336
111622 111615 1114
111615 111622 1114
111647 111644 1336
104139 104169 475
104143 104314 750
104314 104143 750
104314 104169 836
104169 104139 475
104169 104314 836
104343 104358 336
104358 104343 336
104778 104784 1880
104288 104784 2104
104784 104288 2104
104784 104778 1880
109496 109498 2580
109498 109496 2580
191703 191491 1346
191491 191703 1346
191570 191894 954
191894 191570 954
109928 109937 847
109937 109928 847
111029 111036 194
170
115828
92400
92403
92409
92319
92320
92499
105803
107033
107063
107089
107182
93190
107058
107104
107098
107205
107214
108492
107433
107455
107422
107503
107501
107522
107541
109481
109496
109498
92898
92954
92971
102769
93040
93054
92788
101988
92791
105763
115791
115844
115833
191540
190861
191019
192004
194162
191682
191659
192076
191703
192740
191491
191570
191894
191851
191857
191867
191869
194029
191634
194025
192756
191041
194251
192702
192725
192726
192806
114073
114089
114105
114370
114374
114376
109466
113907
109372
113896
109419
109432
109513
109804
109826
109974
109381
109901
109928
109909
109916
109937
111023
111031
111029
109946
109889
110999
111035
110980
111068
111070
111065
111067
111076
111241
111255
111256
111282
111276
103353
111285
111357
111486
103351
111355
111488
111523
111512
111515
111629
111644
111620
111623
111622
111615
111443
111659
111433
111435
111448
111647
110833
112575
111663
104134
104091
105730
105735
112879
112643
112737
104143
104314
104343
104353
104358
104367
104417
39207
39205
39506
39504
39184
39185
104236
104239
104725
104732
104736
104772
104778
104281
104796
104288
39159
39167
39172
104805
104844
104375
