40
74602 74630 796
74630 74602 796
74749 74750 809
74750 74749 809
171714 171728 2363
171728 171714 2363
170343 170344 1000
170344 170343 1000
171772 171774 2197
171774 171772 2197
171942 171940 3446
171940 171942 3446
96186 96190 1576
96221 96217 983
96221 96222 884
96190 96186 1576
96661 96216 1140
96216 96661 1140
96217 96221 983
96222 96221 884
96228 96227 1120
96230 96232 1353
96227 96228 1120
96232 96230 1353
96821 96823 650
96823 96821 650
96837 96847 139
96847 96837 139
97058 97068 1559
97068 97058 1559
97236 97238 1360
97238 97236 1360
97238 97239 2028
97239 97238 2028
100507 100508 2164
100508 100507 2164
100518 100519 2682
100519 100518 2682
64670 64672 1004
64672 64670 1004
163
64497
64493
64528
64482
64491
63031
78822
63035
64602
64603
64637
64620
64627
64670
64672
63481
63474
63479
63497
63468
63489
63491
63485
64210
64222
64182
74924
77906
74936
74051
74054
74061
74096
74100
74171
74181
74183
74878
74915
77735
74480
74463
74486
74532
74221
74222
75068
75060
75065
75084
75089
76146
76257
87253
87308
76215
76210
76109
76112
76223
87210
87254
75027
74769
78280
74710
74711
74212
74556
74563
74574
74614
74619
74624
75441
75442
75301
74537
74498
74567
74500
74570
74566
74594
74615
74630
74632
74750
170346
171714
171737
171728
170343
170344
170408
171758
171768
171770
171772
171914
171902
171897
171774
171942
171956
171997
171989
171986
171946
171951
171960
171953
171977
172000
171968
171974
171940
95851
95865
96183
96186
96221
96190
96661
96216
96222
96228
96227
96792
96821
96823
96835
96837
96847
96855
97271
97223
97058
97068
97190
97192
97226
99685
99697
99703
99708
99958
99967
99880
99926
99976
99986
102793
99959
99968
99992
100507
100508
100014
100518
100519
100587
100591
