80
205962 205961 990
207275 207276 511
207276 207275 511
207103 207118 529
207118 207103 529
207121 207125 716
207125 207121 716
197151 197154 346
197154 197151 346
196251 196244 930
196453 196268 291
196488 196542 770
196267 196268 730
196268 196267 730
196268 196453 291
196542 196488 770
196542 196543 305
196543 196542 305
196576 214443 469
214443 196576 469
214443 214641 737
214641 214443 737
206030 206025 2087
206030 206046 2558
206046 206030 2558
206046 206047 377
206047 206046 377
206667 206671 1218
206671 206667 1218
206673 206675 1078
206675 206673 1078
206025 206028 893
206025 206030 2087
206028 206025 893
205961 205962 990
206786 206781 817
206786 206785 892
206713 206761 446
206761 206713 446
206781 206786 817
206785 206786 892
206785 206928 900
206928 206785 900
178944 178945 452
178969 178968 4115
178968 178969 4115
178945 178944 452
180872 180871 905
179299 179298 1467
180871 180872 905
179298 179299 1467
181118 181119 1505
181119 181118 1505
181626 181628 421
181628 181626 421
184566 184567 984
184567 184566 984
184688 184689 1307
184689 184688 1307
141049 141047 827
141047 141049 827
140767 140770 1918
140770 140767 1918
140771 141048 208
141048 140771 208
189868 190557 199
190557 189868 199
190281 190303 897
190303 190281 897
196231 196244 1797
196244 196231 1797
196244 196251 930
204210 204212 348
204210 204222 779
204212 204210 348
204222 204210 779
204225 204237 1114
204237 204225 1114
207036 207037 796
207037 207036 796
167
189663
186627
186628
186635
186631
186619
140708
140714
141004
141056
141057
139796
141049
141055
141047
140601
141660
151611
140686
140748
140767
140770
140771
141048
55695
55837
55841
55852
55853
55864
55865
55911
56606
56796
189860
189870
189868
190557
190281
190297
190303
189893
196149
196178
196230
196231
196244
197161
197194
197182
197196
197198
197207
197232
202583
202602
202778
202835
204210
204136
204142
204167
204211
204212
204222
204225
203562
204238
204237
207036
205729
207037
203265
202850
203269
203624
203626
207436
203632
194738
207093
207054
205736
207047
205962
207282
207275
207278
207103
207118
207125
207279
197142
197151
197154
196249
196453
196460
196464
196488
196515
196256
196267
196543
214641
197139
206030
206047
206673
206675
205960
205973
206687
206688
206713
206761
206764
206769
206781
206785
206928
206933
206938
206958
207001
207016
209311
209373
178952
178969
178968
178945
179018
179030
185580
179290
180872
179299
179298
179327
181119
181116
181127
181204
181155
180703
181509
181506
181529
181534
181628
184587
184580
163159
184566
184567
184597
184581
163145
183370
183426
184688
184795
184710
184689
184714
184722
