48
42476 42465 3927
42476 42478 697
42465 42476 3927
42465 42484 605
42484 42465 605
42484 42499 1248
42612 42610 3971
42610 42612 3971
42551 42558 1985
42558 42551 1985
42558 42574 889
43138 43140 2666
42574 42558 889
43140 43138 2666
43144 43148 2668
43148 43144 2668
43205 43268 1409
43268 43205 1409
43274 43282 1412
43282 43274 1412
43330 43329 1029
43329 43330 1029
45208 45211 1592
45211 45208 1592
45046 45053 1282
45056 45053 1100
45056 45058 818
45167 45170 1782
45053 45046 1282
45053 45056 1100
45058 45056 818
45170 45167 1782
42499 42478 3156
42499 42484 1248
42478 42476 697
42478 42499 3156
125529 125613 697
125613 125529 697
125786 125787 985
125787 125786 985
218536 222478 1557
222478 218536 1557
223632 223636 1117
223636 223632 1117
171611 171610 713
171610 171611 713
95788 95802 1696
95802 95788 1696
165
217275
219926
224779
224786
219811
219893
218536
222478
223632
223636
223569
223574
223602
223598
223592
223612
223585
223743
223617
223759
139840
224224
224226
151681
147857
148093
148094
198633
198638
198664
198691
171445
171624
171611
171610
171512
162350
159249
159343
159349
159508
159528
172124
159512
159526
170971
171661
171667
97745
95292
95696
95702
96033
102634
95710
95482
95677
95682
101925
95752
95762
95770
95772
95787
95803
95804
95788
95802
97995
99041
99004
99010
99043
100070
100077
42247
99352
102969
103233
102974
97996
99046
99090
99097
99145
99151
99342
99140
102779
42396
42406
42468
42612
42610
42634
42543
42668
42638
46242
47644
50596
36722
42278
36665
42329
42551
43108
42571
42574
43140
43142
43129
43131
43161
43174
43195
43203
43273
43274
43282
43283
43286
42960
43301
43303
43312
41975
43321
43337
43329
43399
43400
43411
43386
41690
43372
43090
43360
45191
44987
45208
45211
45235
45048
45050
45238
45046
45045
45167
45058
45170
125566
125563
125596
125475
125529
124395
125626
125613
125619
125622
125786
125787
45074
125108
