54
162602 162598 600
214125 214127 1252
214127 214125 1252
214128 214144 744
214144 214128 744
214144 214146 744
214152 214145 665
214145 214152 665
214146 214144 744
31096 22491 130
31008 34861 544
34861 31008 544
34861 31259 1856
31246 31258 1971
31258 31246 1971
31296 31305 705
31305 31296 705
22492 22491 619
22491 22492 619
22491 31096 130
31111 31112 941
31259 34861 1856
31112 31111 941
184182 184179 672
184179 184182 672
214081 214090 2189
214090 214081 2189
214056 214058 937
214033 194871 473
194871 214033 473
214058 214056 937
210272 210305 925
210305 210272 925
210091 210088 741
209476 209450 943
209450 209476 943
209501 210006 608
210006 209501 608
210033 210069 817
210070 210069 902
210070 210071 686
210071 210070 686
210071 210085 768
210069 210033 817
210069 210070 902
210085 210071 768
210088 210091 741
210358 214204 274
214204 210358 274
162628 162634 759
162628 162634 759
162634 162628 759
162634 162628 759
162598 162602 600
158
181301
173882
179480
179478
181182
181274
181275
181287
184182
184212
184179
184165
184178
214077
214071
214023
214081
214090
184155
214112
214252
181857
181859
185833
181833
181819
181805
183019
185852
185957
185857
182922
185953
186103
182790
182937
182947
182948
182955
183009
183006
183075
183182
214044
214049
214056
214060
214033
214034
214080
214096
194871
214058
214102
210272
210295
210305
210091
210290
210294
198783
209476
209483
209493
209450
209501
210006
210009
210010
210025
210033
210070
210071
210069
210085
210088
210352
210358
214204
210343
210356
214233
214234
162628
162634
162581
162598
214218
162602
162605
214121
214128
214144
214151
214152
214145
214146
214016
179183
179402
179453
193357
190978
105859
113853
113556
115896
113560
113563
106055
106029
106031
105923
106317
106042
106319
106039
106783
105688
106061
106173
106178
105854
114787
105697
193854
192232
192035
192471
193304
30235
30249
30284
35207
30503
30508
30494
34023
30734
30736
30542
30529
31070
31050
34300
31008
31241
31246
31258
31295
31305
22492
31107
31020
31259
31112
31449
29439
