66
51108 51109 873
51109 51108 873
51125 51128 677
50798 50793 605
50798 50799 873
50799 50798 873
50802 50805 1043
50805 50802 1043
50793 50798 605
51128 51125 677
51945 51949 677
51949 51945 677
52024 52639 1684
52654 52665 1079
52639 52024 1684
52665 52654 1079
52696 52697 836
52697 52696 836
186316 186307 180
186971 186974 1234
186975 186974 809
186975 187005 636
186975 190512 559
190512 186975 559
187005 186975 636
186974 186971 1234
186974 186975 809
189635 190516 2197
190516 189635 2197
194595 194612 1982
194612 194595 1982
194728 194714 594
194714 194728 594
194717 194775 942
186307 186316 180
52525 52527 2232
52547 52527 927
52518 52519 650
52519 52518 650
52580 52582 558
52582 52580 558
52527 52525 2232
52527 52547 927
52550 52576 796
52362 52556 96
52556 52362 96
52576 52550 796
52352 52353 511
52353 52352 511
52486 52485 1831
52485 52486 1831
52485 52487 581
52487 52485 581
189637 186195 793
186195 189637 793
194775 194717 942
197976 197978 752
197978 197976 752
27841 27852 636
27852 27841 636
20734 20722 847
20722 20734 847
20873 20869 697
20869 20873 697
28089 28096 1744
28096 28089 1744
165
19580
19573
19691
19719
19884
19895
19421
19984
19154
19711
19713
19714
19354
19372
19402
19317
19433
19447
19408
19415
19516
19526
19543
20544
20564
20559
20585
20595
20570
20571
21018
20889
25753
6588
27636
34165
27535
27807
15760
27826
27841
27852
27946
28059
20734
20722
20724
20739
20873
20892
20882
20869
28102
28063
28089
28096
27768
27770
28119
27735
27777
27747
28138
28136
28148
28158
50717
51070
51174
51178
51124
50798
50799
51059
51062
50740
50961
50792
50793
50754
51065
56592
51877
51945
51946
51895
51961
52013
52024
52654
52639
52653
52665
52708
52725
52696
52730
52697
52723
186344
186316
186342
186367
186372
186959
194527
194564
194636
214427
194634
214429
194540
194541
186982
186984
190516
190727
194570
194571
194612
194719
194728
194715
194717
186307
189406
186308
186210
52521
52525
52518
52519
52535
52582
52584
52527
52550
52370
52379
52362
52556
52532
52576
52352
52353
52373
52487
56236
186195
189686
189680
189685
198041
194775
214447
214449
198481
198483
198488
198492
197976
197978
198123
198058
198048
