50
158709 158710 879
157789 157775 848
158710 158709 879
158710 158715 1673
158715 158710 1673
158755 158756 1010
158756 158755 1010
158806 158805 1284
158805 158806 1284
160076 160074 951
160074 160076 951
172093 161097 667
161097 172093 667
213273 213271 1108
213282 213331 956
213271 213273 1108
213271 213274 1036
213289 213293 1696
213274 213271 1036
213293 213289 1696
213331 213282 956
159961 159959 796
159959 159961 796
170596 170597 238
170597 170596 238
170605 170606 1442
170606 170605 1442
172193 169684 1412
169674 169685 684
169685 169674 684
169684 172193 1412
94951 94952 1352
94952 94951 1352
95021 95023 747
95023 95021 747
150113 150123 1964
150123 150113 1964
162446 162448 796
162437 162434 610
171209 171211 2107
171211 171209 2107
168936 168942 818
168942 168936 818
162434 162437 610
162448 162446 796
155120 155121 1268
155121 155120 1268
155370 155369 1784
155369 155370 1784
157775 157789 848
171
150145
150042
150168
150171
150172
150113
150090
150123
150239
150215
150243
150256
150275
151918
198795
204984
204986
205048
204979
154016
153899
162444
162446
154165
162437
162439
168395
170745
170746
171207
170748
171209
171275
171211
168940
168941
168936
168942
168947
162412
168965
168962
162423
162427
154176
162430
154156
162434
168892
162448
154038
154139
154145
154137
154120
154114
154344
154363
154450
154466
154468
154535
154991
154538
154539
154550
155093
155118
155120
155121
155163
155370
155369
159733
159736
159747
159745
155469
157775
157801
158010
159976
158709
158714
158020
158025
158002
158000
178484
178130
178489
178442
178456
178460
158715
158721
158755
158756
172137
158806
158805
158981
172351
158999
159026
159047
160076
160074
159106
160075
172093
161097
161273
161275
213161
213178
213179
213196
213282
213289
213293
213204
213205
213359
213335
213338
213331
162196
159961
162221
162297
162296
169626
169622
169620
169664
169677
170524
170521
170074
170572
170597
170605
170633
170635
170606
170571
170695
170703
170567
170708
172193
169674
169685
169684
94818
95118
94865
95143
94875
94901
94951
94952
95209
95527
94998
95000
95076
101750
95153
95159
