48
62983 62984 633
62984 62983 633
62984 62985 1050
56886 60450 573
60450 56886 573
62985 62984 1050
63303 63295 2297
63232 63226 688
63223 63250 667
63250 63223 667
63227 63228 2497
63226 63232 688
63319 63097 838
63228 63227 2497
63097 63319 838
63295 63303 2297
63255 63249 667
64077 64081 936
64081 64077 936
63249 63255 667
64143 64146 2262
64376 64375 247
64375 64376 247
64375 64377 565
64377 64375 565
65075 65073 955
65073 65075 955
64351 64350 1701
64350 64351 1701
64146 64143 2262
73356 73366 3204
73366 73356 3204
75237 75236 812
75237 75271 650
75236 75237 812
75271 75237 650
87222 87221 932
87221 87222 932
116644 116648 808
116648 116644 808
116832 116842 1155
116842 116832 1155
116945 116957 1277
116957 116945 1277
119684 119692 1277
119692 119684 1277
120025 120021 475
120021 120025 475
159
100666
100816
117596
116399
117650
116406
116439
116440
116467
116481
116487
116543
117786
116644
116648
116832
116842
117923
124154
124166
116874
116895
116948
116952
116945
116957
116969
119684
124161
124169
119692
119801
119803
124174
119843
119855
119858
119949
119870
120024
120027
120025
120021
120057
120045
120078
120091
119873
120018
60036
60037
60041
76531
60354
60420
60108
60099
60132
60140
60076
60068
60128
60370
60302
60311
60266
59773
59784
59785
61057
59767
62666
62891
62902
77853
77858
62906
62983
60450
62985
63298
63303
63232
63223
63250
63226
63225
63090
63098
63097
63295
63254
64045
64049
64072
64077
64081
64083
63249
63252
64131
64143
64152
77461
64381
64377
64389
77151
63911
63917
63915
63936
63937
58000
63997
64008
65025
65031
65084
65075
65073
64997
65040
65045
59501
65109
65117
65104
63747
65113
65350
58146
73231
73232
75146
58118
75142
76022
76083
76285
76289
77595
87370
87410
87305
87406
87272
87408
75190
75218
75237
75214
75236
75241
75242
75271
87222
87221
91116
