60
130513 130512 279
130512 130513 279
130801 130817 1225
130817 130801 1225
130817 130811 404
130811 130817 404
130838 130840 789
130840 130838 789
131137 131139 1116
131139 131137 1116
131139 131140 984
131256 131258 1849
131264 131268 631
131258 131256 1849
131268 131264 631
131289 131290 2568
131290 131289 2568
131296 131304 1367
131140 131139 984
131142 131215 1592
131215 131142 1592
131304 131296 1367
53990 53988 885
54044 54022 1770
56413 56415 1602
54018 54022 1180
54022 54018 1180
54022 54044 1770
56415 56413 1602
56431 56432 590
56432 56431 590
54254 54255 606
54255 54254 606
54258 54264 752
54264 54258 752
53988 53990 885
54071 54074 238
54074 54071 238
54081 54228 2284
54228 54081 2284
37142 37143 884
36989 36987 1967
36987 36989 1967
37143 37142 884
38830 38840 2017
38840 38830 2017
38899 38901 751
38901 38899 751
38930 38925 2341
38941 38925 3358
38925 38930 2341
38925 38941 3358
47590 47591 709
47591 47590 709
47617 47618 562
47618 47617 562
47443 47435 674
47348 47349 1608
47349 47348 1608
47435 47443 674
162
39040
39072
39121
36899
37190
37194
39272
37142
37173
37171
37183
37045
38151
38180
37020
37021
37017
37030
36989
38182
36987
36994
37128
37143
38198
38221
38374
38386
38479
38491
38338
38514
38515
38512
38825
38830
38840
38895
38899
38901
38935
38905
38930
38936
38941
38925
38785
38796
38801
41539
41546
47581
47584
47590
47591
47604
47624
47625
47617
47618
47621
47894
47897
47876
47356
47879
47911
47443
47348
47349
47434
47435
47439
47441
47428
130500
47377
130507
130603
130605
130709
130034
130033
130533
130039
130548
130571
130593
130542
130583
130640
130643
130733
130754
130799
130801
130811
130695
130806
130830
130838
131110
131116
131120
131134
131009
131256
131262
131264
131258
131268
131280
131289
131290
131296
131071
131215
131304
131562
132119
132110
132155
132174
132176
132177
129577
132196
53990
54044
56413
54020
54017
54018
54022
56415
56432
56448
54030
54089
54033
54032
54086
54254
54255
54264
54023
50688
54279
53988
54050
54071
54074
54081
54228
54232
54259
54262
150805
140346
150757
150763
151977
