40
241806 241805 713
241805 241806 713
242081 242076 2248
249376 249377 1344
249377 249376 1344
249379 249380 893
249380 249379 893
242076 242081 2248
249694 249693 672
249693 249694 672
250338 250339 610
250625 251576 707
251576 250625 707
251545 251546 1055
251545 251551 868
251548 251546 279
250339 250338 610
250354 250553 1625
250553 250354 1625
250554 250555 473
250555 250554 473
251848 251856 747
251856 251848 747
251856 251857 983
251857 251856 983
251551 251545 868
251546 251545 1055
251546 251548 279
253824 253825 1160
253825 253824 1160
236450 236412 7360
236412 236450 7360
237084 237093 1439
237093 237084 1439
237129 237377 1144
237377 237129 1144
233379 233381 1451
233381 233379 1451
241575 241574 755
241574 241575 755
167
253625
253641
253654
253743
254506
254849
253824
253825
253828
253859
254845
254670
236365
236355
236379
236450
236412
263337
236611
236549
236562
236474
237189
236936
236942
237034
263008
237025
237030
237047
264046
237084
237093
237097
237131
237153
237149
237151
237135
237143
262161
237129
237377
237381
237245
261339
237385
237386
237164
233361
233363
233367
231973
233393
233414
230650
233448
233462
233379
233381
233435
240467
240473
240667
262250
240691
240692
240695
240864
240784
240794
240811
254314
240732
240768
240824
240843
241575
241579
241565
241593
241561
241558
241574
241615
241772
241760
241783
240170
241877
241837
241838
241897
249355
241891
241911
241912
241910
242025
242032
242040
242042
242081
249370
249376
249377
249379
249380
249387
249514
242076
242084
249533
249553
249718
249738
249735
249741
249748
249749
238157
250008
250012
250289
237974
249694
249699
249692
249693
250300
250624
250625
251596
251506
251499
250505
261743
263905
250589
250609
250615
250617
250630
250339
250354
250553
250554
250555
250561
250578
250580
250587
250647
250937
251638
251641
236684
251655
251848
251856
251857
251893
251546
251572
251690
251692
251876
