68
112103 112278 788
112013 112014 336
112014 112013 336
112015 112011 707
112011 112015 707
112278 112103 788
112463 112464 516
112463 112467 788
112464 112463 516
112467 112463 788
113447 112454 1565
112454 113447 1565
113118 113115 931
112958 113113 681
113113 112958 681
113113 113115 756
113115 113113 756
113115 113118 931
103429 113253 475
113253 103429 475
113508 113498 1576
112664 112666 2719
112666 112664 2719
113425 113489 562
113489 113425 562
113498 113499 884
113498 113508 1576
113259 113256 672
113259 113260 1304
113246 113260 818
113236 113230 1362
113236 113240 667
113240 113236 667
113256 113259 672
113230 113229 796
113230 113236 1362
113260 113246 818
113260 113259 1304
113223 113228 818
113228 113223 818
113228 113229 796
113229 113228 796
113229 113230 796
113519 113513 354
113499 113498 884
113513 113519 354
105297 105298 688
105300 105305 1827
105298 105292 551
105298 105297 688
105305 105300 1827
105292 105298 551
103480 103576 369
103576 103480 369
105421 105419 725
105419 105421 725
105390 105395 2305
105395 105390 2305
39878 39986 1501
39986 39878 1501
106878 106882 1234
106882 106878 1234
106253 106492 562
106492 106253 562
107695 107691 2347
107691 107695 2347
107846 107848 3075
107848 107846 3075
171
115134
114872
114896
114879
115042
114987
115000
92083
92091
92095
115304
115117
115110
115147
115341
115360
115367
115658
106195
106813
107016
107311
107009
107296
107298
107325
109550
106878
106862
92911
92934
92935
106882
106715
106879
106877
106880
106253
106492
106232
116055
116062
116103
116119
106237
105740
192025
192027
194395
194233
194234
191929
191582
192071
192856
192971
192864
193025
193036
107595
107708
107680
107704
107653
107641
107600
107604
107624
107638
107585
107667
107695
107750
107691
107713
107841
107837
107846
107848
111019
111009
111125
111144
111134
111138
111129
111935
111959
111964
111970
111998
112103
112016
112014
112015
112011
112278
33614
33622
33627
113429
113439
112429
113444
112463
112464
113175
112466
112468
112454
113118
113120
113122
112905
112924
112953
112958
113113
113115
112937
112960
112992
113162
113171
113250
113269
112664
112666
113425
113489
113246
113227
112978
112972
113260
113173
113217
113226
113223
113228
113229
105714
113499
113502
113513
105300
105305
105292
105343
105345
105368
105319
104650
104656
105334
103480
103733
105421
105390
105395
105387
39890
39883
40076
39878
39986
39860
40061
40054
40057
40074
