36
199488 199487 1295
200934 200948 1311
200948 200934 1311
200998 200992 577
200992 200998 577
200985 201009 900
201009 200985 900
200669 200665 935
200669 200680 2452
200665 200669 935
200680 200669 2452
201199 201202 459
201202 201199 459
226921 235312 2600
235312 226921 2600
227323 227324 1447
227324 227323 1447
24579 24583 537
24583 24579 537
189035 189037 826
189069 189203 859
189203 189069 859
189037 189035 826
188502 188504 802
188504 188502 802
189155 189157 777
188610 188584 757
189157 189155 777
188584 188610 757
189323 189321 909
189320 189321 745
189321 189320 745
189321 189323 909
199378 199379 1777
199379 199378 1777
199487 199488 1295
170
24441
24562
24442
24570
24579
24583
24641
24635
24639
25191
24753
10954
24764
24777
24768
189035
189057
189069
189203
189207
189247
189287
189037
188453
187291
187271
188502
188504
189047
189144
189150
189155
189163
189171
188610
188616
189119
189129
189132
189175
189157
189178
189188
188584
188613
188635
189120
189323
188825
188830
188840
189320
189321
188765
188772
188833
188774
188831
188844
190648
188787
188799
187304
188459
188464
190661
188637
188643
187396
187435
187436
187440
187298
187299
189619
189628
199188
199193
199187
199260
199201
199177
199181
199220
199223
199233
199378
199379
199383
199390
199481
199487
199490
199496
199500
199488
199581
199503
199516
199517
199389
199413
200282
200062
200063
200204
200211
200226
200044
199976
200010
200935
200932
200934
200948
200968
201011
201014
200994
200998
200992
201210
201008
201009
201015
200669
200573
200585
200680
200746
194836
215164
201293
207711
214767
200642
214394
201192
201201
201202
225048
225059
227570
225043
234272
225448
232423
235481
225056
225485
225487
225498
225808
226921
226890
234306
227298
225813
227312
227308
227316
227346
227324
227338
227341
227455
227542
227550
227563
227565
