42
121464 121467 739
121462 121467 647
129829 129830 1305
129830 129829 1305
218966 218962 2157
218096 218098 867
218098 218096 867
218962 218966 2157
219052 218577 5585
218577 219052 5585
218432 218435 801
218435 218432 801
218591 218601 810
218601 218591 810
218637 224059 651
224059 218637 651
224057 218615 793
218615 224057 793
222862 222861 1407
222861 222862 1407
222915 222908 2043
222908 222915 2043
150982 150987 2358
150987 150982 2358
127849 127851 1004
127851 127849 1004
46436 46435 943
46435 46436 943
46489 46491 738
46491 46489 738
46500 46511 1284
46511 46500 1284
128166 128168 1268
128168 128166 1268
128237 128238 1558
128238 128237 1558
127839 129571 1375
129571 127839 1375
129650 129652 678
129652 129650 678
121467 121462 647
121467 121464 739
165
46881
46890
46909
46936
46920
47057
47058
47046
47063
47112
127862
127849
127851
127261
127237
127259
127245
127246
127254
127304
127326
126911
126913
126904
129567
126920
126921
46218
126944
126952
132538
127846
46436
46435
46489
46491
46500
46443
46511
46526
46226
127991
128000
127678
127992
127684
127705
127711
128154
127975
127976
128002
128005
128166
128168
128169
130375
130377
130378
130388
131947
128237
128246
128238
127835
128250
128243
127839
129571
129585
129636
129639
129650
129652
129657
129849
129866
130315
130320
130352
121467
121452
121430
70256
70263
70253
129819
129829
129887
129830
129891
129914
129916
129923
218966
218987
218973
218077
218078
218096
218109
218104
218098
218099
218863
218396
218299
218991
218365
218549
219052
218577
218414
218416
218419
218436
218590
218601
218637
218634
224057
218615
218714
222299
216251
217481
222772
217988
222741
224453
222758
222778
222776
222781
222755
219190
222798
222867
222862
222861
222816
222796
222805
222879
222878
222926
222888
222895
222929
222889
222914
222915
222911
223013
223018
150838
150987
151020
151647
149118
149134
149136
149433
149432
149437
