52
36913 36907 1140
37547 37560 612
37560 37547 612
37694 37696 673
37694 37697 2623
37696 37694 673
37697 37694 2623
38000 38010 168
38010 38000 168
38616 38622 1115
38622 38616 1115
38113 38120 1904
38120 38113 1904
38135 38134 2418
38134 38135 2418
41495 41496 2068
41496 41495 2068
38040 38074 435
38074 38040 435
46987 50557 446
46978 46974 884
50557 46987 446
46974 46978 884
46999 46972 713
46972 46999 713
47299 47298 344
47298 47299 344
47291 47289 720
47293 47292 928
47292 47293 928
47289 47291 720
47196 47199 1268
47199 47196 1268
127943 127942 1282
127942 127943 1282
46549 46550 1145
46550 46549 1145
46564 46566 873
46566 46564 873
46566 46569 810
46569 46566 810
47164 47185 697
47185 47164 697
128103 128105 1683
128105 128103 1683
36660 36658 649
36658 36660 649
36479 36474 2510
36474 36479 2510
36563 36521 1932
36521 36563 1932
36907 36913 1140
166
97531
97534
97629
98461
93308
93317
102683
98457
93221
93227
102276
98481
98515
191297
191451
191136
191485
191263
191429
191170
191133
191243
191487
190854
191254
118749
118512
118777
108819
108821
109062
110298
108794
109054
109049
110307
107038
109168
110337
110348
110343
110640
110523
113659
110528
110680
36116
103792
36669
36642
36317
103781
105777
110266
110585
110270
103634
110699
36651
36707
36729
36726
36660
36658
36765
36893
36479
36474
36482
36489
37355
37509
37510
37525
36563
36468
36507
36512
36517
36521
36532
36541
36907
36529
36913
37573
36379
36755
37638
37653
37694
37696
37690
37697
37992
37991
37993
37995
38010
38016
38622
38113
38117
38120
38135
38134
41496
38040
38073
38074
38083
38085
38096
41501
46842
46855
46863
46866
46987
46974
46995
46970
46972
47019
47021
47029
47299
47301
47298
47292
47254
47264
47143
47149
47261
47196
47177
47200
127945
127953
128069
129993
129994
127942
127917
126967
126980
126989
129950
46549
46550
46566
47194
130065
130653
47164
47165
47185
47187
47183
128103
128105
128174
128181
128111
130095
