64
44729 44727 630
44760 44774 2440
44774 44760 2440
44774 45894 1347
45894 44774 1347
45907 45921 1153
45922 45921 697
45992 45995 1796
45921 45907 1153
45921 45922 697
45921 45924 1576
45924 45921 1576
126198 126199 1357
126200 126199 758
126199 126198 1357
126199 126200 758
45754 45438 2331
45438 45754 2331
125342 125343 1426
125343 125342 1426
125389 125397 752
45759 45763 3291
125397 125389 752
125390 125391 890
125391 125390 890
125996 126000 2350
126000 125996 2350
126036 126034 751
126034 126033 713
126034 126036 751
126033 126034 713
126001 126002 697
126002 126001 697
45763 45759 3291
45706 45707 1146
45707 45706 1146
45707 45710 558
45710 45700 976
45710 45707 558
45700 45710 976
45983 45985 139
45988 45995 1120
45985 45983 139
45995 45988 1120
45995 45992 1796
126553 126555 976
126555 126553 976
102037 102039 2376
102039 102037 2376
92787 92548 722
92548 92787 722
42004 42007 750
42007 42004 750
42099 42108 806
42108 42099 806
42115 42114 1926
42114 42115 1926
43961 43967 1293
43967 43961 1293
44389 44381 1438
44381 44389 1438
44727 44729 630
43748 43729 2586
43729 43748 2586
158
93568
102037
102039
92787
92548
95733
98895
98929
98897
98902
98949
98959
101684
98629
98630
97807
97827
102465
97821
98046
98055
98113
98339
92170
97761
97798
98324
98596
98606
191086
191094
191372
191469
41966
41968
42017
42004
42007
42012
49897
49898
42020
42031
42049
42053
50167
42088
42099
42146
42108
42115
42114
43678
43956
43961
43967
43978
43979
35773
44056
50316
43919
43918
43829
43905
43851
44232
44243
44264
44235
44253
44379
44389
44377
44381
44386
44471
44482
44727
43748
43758
43729
43764
44008
44005
44013
43714
43739
42498
43904
43909
44760
44526
45612
45891
44524
45901
45918
45907
45961
45992
45924
126021
125980
126082
126114
132501
126185
126199
126486
126488
45739
45754
45435
45438
125226
125235
125275
45323
45324
45348
125313
125321
125324
125342
125343
125378
125382
125914
125423
125397
125391
125996
126000
126019
126036
126041
126001
120189
126002
45559
45704
45700
45981
45988
126465
126477
126551
126553
126555
127501
127504
120153
126560
126572
126563
128903
128913
