64
217730 217706 1558
217730 217731 1278
217706 217730 1558
217706 217731 1988
223967 223957 595
223992 223960 591
223991 223960 599
217731 217706 1988
217731 217730 1278
217809 217814 426
217809 217887 435
217814 217809 426
217791 217792 926
217792 217791 926
217801 217803 1136
217803 217801 1136
217887 217809 435
217904 217906 1077
217906 217904 1077
217649 217636 657
217636 217649 657
223914 223887 1935
223887 223914 1935
223980 223976 542
223980 223981 1172
223940 223941 631
223958 223960 558
223960 223958 558
223960 223991 599
223960 223992 591
223941 223940 631
223957 223967 595
216957 216964 2585
216312 216315 1181
216315 216312 1181
216995 217029 745
216967 217029 194
217029 216967 194
217029 216995 745
216964 216957 2585
220005 222504 868
222504 220005 868
221075 221077 1322
221077 221075 1322
220166 220187 809
220187 220166 809
220187 220188 797
220188 220187 797
221898 221897 582
221897 221898 582
221537 221539 725
221539 221537 725
221539 221751 769
221751 221539 769
221328 221487 718
221487 221328 718
216895 216898 976
216898 216895 976
216574 216572 765
216944 216946 461
216946 216944 461
216572 216574 765
223976 223980 542
223981 223980 1172
154
221110
221112
221075
221077
221087
220039
220119
220042
220127
224752
220152
220166
220187
220188
220191
220214
220216
217256
220496
221862
221870
220026
221834
221857
221850
221898
221848
221897
221899
219972
219997
221478
221515
221517
221537
221539
221751
221768
220994
221278
221282
221485
221486
221291
221589
221590
221591
221328
221487
221471
216584
216590
216600
216603
216808
216812
216827
216828
216892
216895
216898
217693
216779
216787
216943
216574
216944
216946
216565
216567
216572
216575
216578
223976
223981
224427
216768
216784
217730
217703
223967
217731
217744
217814
217747
217801
217803
217811
217813
217887
217889
217894
217635
217612
217904
217906
217909
217912
217914
224364
217649
217636
217959
223907
223914
223916
223937
223888
223940
223958
223941
223950
223953
216957
216316
216312
216307
222540
216315
216336
216341
216356
223607
216995
217033
217050
216960
219992
220692
224619
224342
220005
220012
222504
222508
222502
222503
223923
223922
151852
171679
171172
171169
171192
171194
171689
171687
171140
171145
171181
95311
95313
102576
102581
