258
1912 1911 580
1912 1915 762
1915 1912 762
1956 1949 834
2152 2153 2227
70 69 353
70 2159 2616
69 70 353
69 2160 1882
2182 2181 445
2182 2184 1030
2185 2184 222
2252 2253 688
2252 2255 1565
2255 2252 1565
2255 2263 1263
2264 2263 2517
2264 2287 1673
2289 2287 1667
2181 2180 333
2181 2182 445
2236 2180 2602
2814 2895 946
2814 2904 2157
2896 2895 1710
2904 2814 2157
2904 2913 1084
2914 2913 949
2721 2715 847
2737 2739 611
2740 2739 1591
2797 2770 452
2797 2780 2525
2780 2779 889
2780 2797 2525
2889 2888 1466
2890 2888 1627
2893 3293 1559
3294 3293 1024
3298 3297 1611
3361 3360 344
3356 3364 1760
950 949 1976
4090 2971 2340
4090 4095 1810
4096 4095 1483
4092 2971 858
4092 4087 281
2970 2971 1340
263027 259835 1694
263027 263026 654
263027 263793 873
263793 263026 664
263793 263027 873
259408 259409 6576
259421 259412 7662
262998 259412 3082
259804 259815 10034
263017 259815 859
259835 259834 2192
259835 263027 1694
259844 259834 4945
4523 4525 1664
4526 4525 800
259788 259792 506
259790 259792 2792
263693 263692 1041
1562 1540 562
1562 1554 3276
1568 1554 1835
1550 1549 3253
1558 1549 1274
1586 1585 2054
1588 1585 3297
5147 5146 2902
5149 5148 10843
5234 1540 2920
5234 5231 670
5234 5233 611
5231 5233 511
5231 5234 670
5221 5190 1339
5193 5192 896
4531 4535 2202
4606 4609 731
4454 4463 12613
4460 4463 4445
4476 4463 6241
4457 4477 7165
4503 4478 6977
4504 4478 5632
4519 4516 5234
4667 4662 8487
4678 4675 2556
4683 4682 1374
4747 4682 984
38 37 1018
4587 4691 3485
4692 4691 5495
4776 4775 3771
4779 4775 3507
1641 1636 1532
1643 1636 201
1624 1626 275
1629 1628 2016
1637 1628 2013
260731 260730 3496
260732 260739 1548
260744 260739 2122
236978 236979 2591
236978 260805 3081
262957 260805 1320
236979 236978 2591
236979 260806 1665
262954 260806 2809
260809 260808 2304
260810 260808 5123
260759 260765 556
239760 260785 1224
239760 260786 154
260786 239760 154
260786 260785 1378
260786 260788 3024
260768 260769 3673
260768 260770 1748
260777 260769 1479
260770 260768 1748
260770 260772 1514
260773 260772 1178
260788 260786 3024
260788 260789 1982
261097 260789 1822
260670 260893 8569
260894 260893 2330
260899 260909 4233
260910 260909 4544
260918 262978 5510
262979 262978 1169
260922 260925 4562
1949 1956 834
2153 2152 2227
2159 70 2616
2160 69 1882
2184 2182 1030
2184 2185 222
2253 2252 688
2263 2255 1263
2263 2264 2517
2287 2264 1673
2287 2289 1667
2180 2181 333
2180 2236 2602
2895 2814 946
2895 2896 1710
2913 2904 1084
2913 2914 949
2715 2721 847
2739 2737 611
2739 2740 1591
2770 2797 452
2779 2780 889
2888 2889 1466
2888 2890 1627
3293 2893 1559
3293 3294 1024
3297 3298 1611
3360 3361 344
3364 3356 1760
949 950 1976
4095 4090 1810
4095 4096 1483
4087 4092 281
2971 2970 1340
2971 4090 2340
2971 4092 858
263026 263027 654
263026 263793 664
259409 259408 6576
259412 259421 7662
259412 262998 3082
259815 259804 10034
259815 263017 859
259834 259835 2192
259834 259844 4945
4525 4523 1664
4525 4526 800
259792 259788 506
259792 259790 2792
263692 263693 1041
1554 1562 3276
1554 1568 1835
1549 1550 3253
1549 1558 1274
1585 1586 2054
1585 1588 3297
5146 5147 2902
5148 5149 10843
1540 1562 562
1540 5234 2920
5233 5231 511
5233 5234 611
5190 5192 4099
5190 5221 1339
5192 5190 4099
5192 5193 896
4535 4531 2202
4609 4606 731
4463 4454 12613
4463 4460 4445
4463 4476 6241
4477 4457 7165
4478 4503 6977
4478 4504 5632
4516 4519 5234
4662 4667 8487
4675 4678 2556
4682 4683 1374
4682 4747 984
37 38 1018
4691 4587 3485
4691 4692 5495
4775 4776 3771
4775 4779 3507
1636 1641 1532
1636 1643 201
1626 1624 275
1628 1629 2016
1628 1637 2013
260730 260731 3496
260739 260732 1548
260739 260744 2122
260805 236978 3081
260805 262957 1320
260806 236979 1665
260806 262954 2809
260808 260809 2304
260808 260810 5123
260765 260759 556
260785 239760 1224
260785 260786 1378
260769 260768 3673
260769 260777 1479
260772 260770 1514
260772 260773 1178
260789 260788 1982
260789 261097 1822
260893 260670 8569
260893 260894 2330
260909 260899 4233
260909 260910 4544
262978 260918 5510
262978 262979 1169
260925 260922 4562
260925 260930 348
260930 260925 348
263440 261035 1913
261035 263440 1913
1911 1912 580
159
1949
2153
2159
2160
2184
2253
2263
2287
2180
2895
2913
2715
2739
2770
2779
2888
3293
3297
3360
3364
949
4095
4087
2971
263026
259409
259412
259815
259834
4525
259792
263692
1554
1549
1585
5146
5148
1540
5233
5190
5192
4535
4609
4463
4477
4478
4516
4662
4675
4682
37
4691
4775
1636
1626
1628
260730
260739
260805
260806
260808
260765
260785
260769
260772
260789
260893
260909
262978
260925
260930
262984
260778
260960
262982
260885
260891
261098
262974
261000
261027
263440
261035
261037
1911
1876
1928
1915
1930
1935
2152
70
69
2182
2185
2252
2255
2264
2289
2814
2904
2721
2737
2797
2780
2893
3361
3356
4090
2970
263793
259408
259421
259804
263017
259844
4523
259788
259790
1562
1568
1558
1588
5149
5231
5221
4531
4606
4454
4460
4457
4504
4519
4667
4678
38
4587
4692
4779
1641
1643
1624
1629
1637
260731
260732
236978
236979
260759
239760
260786
260768
260777
260770
260670
260894
260899
260918
260922
