52
155036 155035 905
155035 155036 905
155220 155219 384
155210 155077 1553
155219 155220 384
155077 155210 1553
157790 157910 271
157910 157790 271
155385 155388 474
155388 155385 474
157695 157696 1557
157696 157695 1557
157748 157749 333
157749 157748 333
178253 178265 1031
178265 178253 1031
178282 178283 1556
178283 178282 1556
178498 178500 778
178500 178498 778
158301 158300 253
158203 158244 2011
158229 158228 818
158229 158245 710
158228 158229 818
158228 158245 1081
158244 158203 2011
158245 158228 1081
158245 158229 710
158291 158293 934
158293 158291 934
159065 158987 672
158987 159065 672
158302 158300 590
158300 158301 253
158300 158302 590
158621 158626 889
158626 158621 889
152122 162463 630
162463 152122 630
168375 168377 1183
168375 168745 1952
168377 168375 1183
168745 168375 1952
154024 154023 790
154023 154024 790
154075 154091 829
154091 154075 829
157526 157527 418
157593 157597 850
157597 157593 850
157527 157526 418
162
149756
149758
149762
149765
149791
149732
149725
149727
149728
149731
151660
214934
205934
205964
213686
214857
198836
198834
198830
198814
205853
194607
205005
205003
205025
152122
162463
162460
168705
168715
168855
168858
168375
168377
168745
168760
168777
168774
168811
168802
168909
168847
168838
168850
168568
168848
168845
153993
154024
154023
154054
154075
154091
154099
154319
154108
154361
154391
154389
157526
157575
157573
157593
157597
158189
157525
157534
157523
157527
157536
157584
157590
154408
154963
154956
154951
154952
155017
155036
155035
155043
155069
157817
157829
157769
157853
157838
155210
155077
155081
155134
155135
155139
155324
155346
157790
157834
157886
157900
155433
155385
155388
159849
157695
155395
155434
155438
157729
155459
157752
157949
157757
157946
157759
157748
157774
157738
178242
178253
178255
178265
177923
178267
178435
178217
178269
178282
178283
178313
178307
178498
178500
178511
178503
178419
186188
158203
158291
157932
158631
158634
157968
158685
158797
158963
159065
158972
159029
158987
159081
159083
159087
159101
158614
158192
158302
158608
158626
161137
161144
172755
168323
