58
126569 126567 537
126569 126570 1534
126570 126569 1534
126580 128936 1346
128936 126580 1346
128936 127540 1030
127540 128936 1030
120939 120938 3462
121032 121031 1032
121031 121032 1032
121043 121059 2258
121059 121043 2258
121090 121092 445
121090 121095 1430
121092 121090 445
121092 121094 1285
121094 121092 1285
121094 121095 889
120938 120939 3462
120938 120942 2286
120942 120938 2286
120987 120992 374
120992 120987 374
121095 121090 1430
121095 121094 889
121542 121540 558
121540 121542 558
70176 70177 713
70177 70176 713
69745 69733 562
69733 69745 562
69581 69589 789
69589 69581 789
69591 69593 1213
69593 69591 1213
72042 72040 818
72040 72042 818
72346 72347 782
72347 72346 782
72505 72504 404
72503 72504 1323
72504 72503 1323
72504 72505 404
70349 70361 1391
70361 70349 1391
70665 70666 941
70666 70665 941
44772 44798 1533
44798 44772 1533
126633 126632 1467
126632 126633 1467
125353 125355 1607
125355 125353 1607
125429 125431 2701
125431 125429 2701
45675 45673 1547
45673 45675 1547
126567 126569 537
153
43761
44007
44015
43742
43775
43910
44734
44772
44798
45892
44736
44762
44758
45912
45920
45956
45994
46027
126024
126084
126089
126097
126191
126207
126208
126216
126499
45755
45437
125345
126633
126632
126631
125248
45363
125314
125322
125326
125363
125373
125375
125944
125353
125355
45761
125406
125426
125429
125432
125431
126008
126013
126038
126056
126070
126004
45675
45673
45682
45708
45713
45718
46005
45998
46000
126516
126498
126524
126554
126591
126598
119997
126562
126567
126570
126580
128936
127540
128941
128943
129094
126600
129100
129114
129118
129200
129204
129208
127137
129042
120939
121068
121039
121031
121043
121059
120951
120993
121001
120983
120974
121101
121099
121522
121534
121541
121516
69104
69183
73044
73046
70176
70194
70181
70223
70140
70146
73037
69737
69744
69745
69672
69669
69674
69575
69581
69599
69589
69603
69591
72334
72320
72042
72040
72346
72347
72505
72513
72343
70022
70023
70028
70332
70345
70361
70528
70644
70648
70674
70433
70429
70436
70450
