54
201258 201257 1414
201257 201256 352
201257 201258 1414
201256 201257 352
201311 201314 594
201314 201311 594
201494 201496 709
201496 201494 709
29875 29874 902
29874 29875 902
29988 29992 2062
23425 35181 497
29992 29988 2062
35181 23425 497
6547 6549 3143
30052 30053 2734
30053 30052 2734
31947 31959 2250
31959 31947 2250
6549 6547 3143
6988 7263 1138
7263 6988 1138
7321 7329 832
7329 7321 832
7588 7602 1848
7602 7588 1848
188670 188663 3069
188893 188905 1040
188886 188884 778
188905 188893 1040
188663 188670 3069
188897 188862 762
188941 188940 813
188884 188886 778
188940 188941 813
188862 188897 762
187430 187498 834
187498 187430 834
197599 197611 1191
197611 197599 1191
199141 199144 748
199144 199141 748
200121 200135 1852
200121 200154 2153
200135 200121 1852
200162 200160 1336
200154 200121 2153
200160 200098 1336
200160 200162 1336
200098 200160 1336
200293 200308 930
200308 200293 930
200788 200790 838
200790 200788 838
169
188670
188678
188703
188724
188890
188893
188886
188892
188903
188905
187549
187550
188663
188897
188941
188884
188900
188940
188862
188867
188949
189352
189383
187424
187430
187509
187330
187343
187333
187501
187498
197509
197512
197755
197756
197762
194670
197544
197293
197297
197557
197570
197620
197624
197636
197599
197615
197617
197637
197611
197464
214724
199151
198925
199141
199144
199589
199605
199610
200121
200135
200162
200154
200164
200158
200160
214563
214787
199527
199533
200309
200698
200693
200098
200239
200242
200251
200252
200293
200308
200725
200759
200760
200771
200782
200788
200790
201038
201040
201044
201061
201072
201074
201146
201371
201336
201344
194947
201258
201254
201256
201266
201272
201311
201314
201320
201427
201329
201431
201432
201490
201494
201496
201608
193460
225019
225021
233774
233753
233794
233841
29879
29906
29874
29988
21427
22544
23425
29992
35181
6547
6541
34269
30038
30052
30053
31947
31959
31963
31965
6549
6561
6562
6600
6618
6627
6630
6613
6936
7133
6953
6931
6977
6988
7081
13431
7318
7304
7329
7334
7347
7588
7602
7608
8534
15282
15283
15317
15347
