72
127189 127193 355
127193 127189 355
127193 127197 906
127197 127193 906
127308 127319 1517
127319 127308 1517
127331 127335 766
127335 127331 766
127335 127336 790
127336 127335 790
127336 127956 1936
126871 126870 1534
126871 126870 1534
126870 126871 1534
126870 126871 1534
126843 126845 1029
126845 126843 1029
126845 126844 928
126844 126845 928
126848 126879 1147
126879 126848 1147
46194 46219 789
46422 46424 2605
46424 46422 2605
46425 46454 1184
46454 46425 1184
46454 46457 1436
46457 46454 1436
46219 46194 789
127366 127356 843
127367 127371 678
127372 127371 1576
127356 127366 843
127371 127367 678
127371 127372 1576
127348 127359 2778
127359 127348 2778
127359 127362 556
127362 127359 556
127956 127336 1936
130437 130440 874
130440 130437 874
127795 127798 683
127798 127795 683
127778 127779 1399
127779 127778 1399
121361 121364 1884
121364 121361 1884
121393 121394 1558
121394 121393 1558
121409 121415 422
121415 121409 422
121415 121416 1124
121422 121425 156
121425 121422 156
121416 121415 1124
121416 121417 1124
121417 121416 1124
35671 35669 276
36220 36267 3044
36267 36220 3044
35661 35663 1307
35663 35661 1307
35669 35671 276
35896 35901 1146
35901 35896 1146
37836 37837 3206
37837 37836 3206
46476 46475 1032
46475 46476 1032
127069 127079 2706
127079 127069 2706
164
35755
35764
37406
37407
37413
37417
37479
35673
35671
35632
35633
36222
36220
36267
36281
35661
35680
35663
35669
35678
37433
37443
37483
37718
37726
37709
37712
35875
35883
35888
37711
35900
35896
35985
35901
37836
37837
37852
44368
35534
37909
37863
37870
41405
41449
41450
46586
46587
46614
46618
46626
46688
46687
46740
46755
46756
46768
46775
46769
46727
47039
46473
46476
46475
46779
127206
127211
127175
127217
127195
127069
127081
127079
127083
127136
127139
127180
132484
127189
127274
127279
127308
127319
127331
127335
126871
126898
46205
132312
126857
126862
126860
126843
126844
126848
126879
126886
46194
46183
46204
46407
46424
46425
46255
46454
46457
46219
127366
127367
127372
127373
127291
127354
127441
127351
127348
127676
127660
127661
127688
127698
127701
127703
127808
127362
130362
130365
130367
127752
127795
127798
127775
127781
127778
127779
127787
127827
129386
129397
129581
129594
129595
129676
129700
129702
129864
121361
121364
121377
121383
121384
121393
121394
121397
121422
70010
70267
70277
69976
56834
69970
69984
69974
77468
