80
5582 5586 335
5586 5582 335
4818 4108 452
5645 5646 475
5646 5645 475
259068 259071 44
259071 259068 44
258928 258930 500
258930 258928 500
262112 259031 855
259031 262112 855
264217 264218 944
264217 264218 944
264218 264217 944
264218 264217 944
259714 261236 1714
261236 259714 1714
259911 259912 1217
259911 259941 1056
259942 259941 967
259996 259991 5968
259947 259912 847
236334 236333 3817
259718 236333 2069
259944 259937 2065
259944 259937 2065
262316 262318 1210
262317 262318 1036
262908 262328 2991
260345 260356 3104
260345 260356 3104
260395 260358 1139
260397 260358 2707
4974 4973 515
4974 4975 796
4973 4974 515
4973 260392 2099
260396 260392 1781
259949 259953 2334
260022 260018 1208
261976 260018 375
257835 260029 1000
260032 260029 903
260032 260035 1805
260041 260035 1449
263855 263853 21
263985 263853 337
259941 259911 1056
259941 259942 967
259991 259996 5968
259912 259911 1217
259912 259947 847
236333 236334 3817
236333 259718 2069
259937 259944 2065
259937 259944 2065
262318 262316 1210
262318 262317 1036
262328 262908 2991
260356 260345 3104
260356 260345 3104
260358 260395 1139
260358 260397 2707
4975 4974 796
260392 4973 2099
260392 260396 1781
259953 259949 2334
260018 260022 1208
260018 261976 375
260029 257835 1000
260029 260032 903
260035 260032 1805
260035 260041 1449
263853 263855 21
263853 263985 337
4312 4314 714
4314 4312 714
4108 4818 452
4121 4122 373
4122 4121 373
153
259941
259991
259912
236333
259937
262318
262328
260356
260358
4975
260392
259953
260018
260029
260035
263853
260131
260149
260184
260189
260182
260172
260442
260459
5115
5089
5108
5111
5294
5095
5092
5097
5018
5052
259142
259194
239290
257581
257583
262390
257635
262359
257616
261085
257658
4151
4160
4176
4180
4224
4234
4261
4312
4314
4353
4399
5300
5317
5326
5331
5342
5333
5352
4104
4108
4124
4131
4121
4122
4135
4136
5577
5586
4818
4147
5640
5645
5646
5651
5663
259228
259181
259183
259199
262488
259163
261162
259068
261164
262629
259046
259017
259057
258922
258927
258928
258936
258941
258904
258905
262010
258125
258207
259020
262101
262112
258234
258251
263923
263926
259031
262889
259434
262348
237835
259463
259464
259484
263910
244615
244554
244596
258269
261266
258285
258294
261236
247864
258374
258420
258324
259851
258423
258546
259882
259886
263863
263867
259911
259718
259944
262316
260345
260395
260397
4974
259949
261976
257835
260032
260041
263855
263985
