68
216801 216700 369
216700 216801 369
216747 216682 1986
216757 216707 608
216707 216757 608
215751 217177 1058
217177 215751 1058
217210 217243 977
217243 217210 977
216719 216714 854
216720 216714 2113
217728 217763 550
217763 217728 550
217784 217785 564
217499 217519 843
217519 217499 843
215503 217559 693
215503 217569 742
217569 215503 742
217510 217264 1144
217559 215503 693
217559 216007 671
216007 217559 671
217264 217510 1144
217785 217784 564
217872 217878 827
217878 217872 827
217532 217533 285
217533 217532 285
220850 224842 1398
224842 220850 1398
217647 217646 2019
217646 217647 2019
224217 224229 283
224229 224217 283
222568 222569 681
222569 222568 681
223682 223681 738
223681 223682 738
223693 223826 713
223826 223693 713
218421 221018 937
221028 221027 1244
221018 218421 937
221027 221028 1244
220509 220510 1250
220510 220509 1250
221647 221648 765
219787 219788 924
219788 219787 924
221648 221647 765
221648 221656 1472
221656 221648 1472
221745 221643 896
221643 221652 814
221643 221745 896
221652 221643 814
220961 220968 809
220968 220961 809
221260 221262 1216
221262 221260 1216
221225 221226 1122
221226 221225 1122
221246 221251 1356
221251 221246 1356
216714 216719 854
216714 216720 2113
216682 216747 1986
176
72807
72808
72581
72608
220862
220772
221035
221017
221037
218421
220945
220931
220946
220771
220769
220933
221028
224529
224655
220523
220557
220558
221018
221027
220071
220073
220082
220085
220101
220421
220185
224691
220475
220483
220484
220509
220510
220513
221675
221709
221672
221665
221647
221710
221715
219947
219945
219946
219787
219788
219792
219952
219897
221648
221656
221788
221641
221419
221421
224332
221423
221453
221455
221458
221737
221745
221643
221652
220955
220961
220967
220968
220969
221260
221262
221225
221299
221302
221226
221306
221307
221246
221251
221364
221369
221378
216651
216714
216644
216670
216678
216682
216580
216583
216596
216788
216790
216700
216701
216705
216747
224190
216757
216820
216707
216076
216071
216069
216538
215751
217177
217165
217181
217207
217210
217243
215594
217239
217248
216720
224477
216733
217443
217448
217450
217261
215370
223030
217690
217715
217684
217728
217763
217784
217458
217498
217499
217517
217519
217569
217512
216007
217264
217527
217785
217849
217872
217878
217924
217532
217533
220850
217658
217647
217646
217674
217940
217927
217935
217944
224146
224217
224144
224229
222568
222571
223682
223703
223831
223859
223828
223833
223693
223695
223826
223863
