60
164360 164361 630
164361 164360 630
164361 164362 374
164362 164361 374
164426 164425 767
164425 164426 767
161382 161397 767
161397 161382 767
164567 164558 747
164558 164567 747
164574 164575 808
164575 164574 808
164531 164541 1689
164541 164531 1689
212113 212105 320
212195 212196 1759
212196 212195 1759
212105 212113 320
212106 211476 1055
211461 211458 892
211476 212106 1055
211458 211461 892
211458 211472 706
211472 211458 706
212460 212463 544
212463 212460 544
212432 212424 609
212436 212438 752
212438 212436 752
212438 212443 745
212443 212438 745
212424 212432 609
119418 119419 679
119419 119418 679
115026 115024 733
115026 115036 1327
115024 115026 733
115036 115026 1327
115402 115396 4276
115430 115434 772
115434 115430 772
115396 115402 4276
177023 177024 2365
177024 177023 2365
176083 176103 952
176103 176083 952
176103 176097 751
176097 176103 751
176067 176075 1032
176075 176067 1032
174992 174989 1421
174989 174992 1421
211002 211003 1157
211003 211002 1157
211003 211008 927
211008 211003 927
165239 165238 581
165238 165239 581
165022 165029 475
165029 165022 475
163
177006
176935
176941
176948
177023
177024
175851
176083
176103
176097
176067
175895
176075
176932
177160
175810
176931
176942
176668
176790
176796
176875
176886
176881
176883
176900
173864
174978
174992
174989
176641
175021
175032
176636
210778
195861
211414
199595
211418
211002
211003
211008
211324
211345
166448
166446
166428
165040
165042
165077
165302
165239
165256
165248
165238
165298
165316
165314
165326
165329
166462
166463
166458
166460
166479
166470
165021
165015
165039
165022
165024
165029
165064
163062
164472
172687
164376
164436
164450
164433
164460
165166
164381
164360
164365
164362
164384
164429
164434
164414
161384
161380
161397
161400
164352
164342
164536
164574
164575
164704
164708
164552
164714
164563
161392
164531
164550
164579
164537
211446
211465
212095
211443
212111
212189
212195
212196
212105
211461
211476
211458
211472
212456
212460
212463
161407
212514
212235
212247
212436
212438
212424
114656
114650
114386
114305
114590
114574
114039
119117
119414
119412
119418
119419
119425
114897
114917
114902
114928
115024
92076
92108
92134
92137
92285
92286
115403
115402
115331
115336
115393
115424
115427
