46
254987 255041 103
255041 254987 103
255041 255040 979
255230 255228 3332
255228 255230 3332
255040 255041 979
256999 257000 876
257000 256999 876
257000 257011 1077
257011 257000 1077
257337 257344 2646
257344 257337 2646
262862 262832 397
257856 257855 1365
257855 257856 1365
262832 262862 397
243624 243622 855
243433 243426 1664
243426 243433 1664
243519 243520 801
243313 243315 737
243315 243313 737
243520 243519 801
243534 243536 763
243622 243618 1285
243622 243624 855
243536 243534 763
243618 243622 1285
240601 240600 824
240600 240601 824
243744 243743 1412
243743 243744 1412
245390 245380 704
245380 245390 704
245747 245748 1277
245748 245747 1277
247500 247504 1593
247504 247500 1593
243844 243843 384
243843 243844 384
244131 244129 1633
244123 244141 779
244129 244131 1633
244141 244123 779
247798 247802 1935
247802 247798 1935
164
243843
243842
243900
243936
263930
243854
243855
239133
244131
244161
244117
244123
244120
244129
244141
243629
244165
244148
244179
243896
243898
242893
242899
261524
243890
243159
243171
244039
244047
247549
247552
247561
247585
247597
247603
247608
247739
247752
247796
247798
247795
247802
247829
247832
248338
248066
248346
258618
258620
258667
258672
255537
256202
256204
256217
256225
256411
256200
255420
255453
255470
259165
247356
258657
258674
255504
255539
256700
256701
256685
256799
256733
254954
254977
254957
263347
255029
254916
254932
254935
254974
255194
255202
255228
255243
255239
255245
255040
255052
257198
256981
256994
256999
257000
257011
257313
257314
257337
257344
257341
255234
255236
255191
258690
261147
238941
262862
257853
257856
257855
261151
262833
244101
262804
262806
257952
257955
257992
239121
243624
243668
243433
243436
243426
243429
243443
243447
243455
243467
243470
243480
243512
243519
243311
243313
243315
243334
243536
243609
243679
254897
243700
243703
243722
243730
243741
243744
243743
245312
245374
245390
245380
245398
245376
245518
245534
245698
245747
245759
247500
247509
247518
256689
243844
