82
140651 140652 394
187143 187130 425
55723 55724 677
55724 55723 677
55724 55726 1594
55738 55797 344
55726 55724 1594
55797 55738 344
55866 55867 790
55867 55866 790
55878 55879 766
55879 55878 766
56569 56567 871
56567 56569 871
189804 189802 1394
189804 190193 1052
190192 190193 449
189802 189804 1394
189724 190254 542
190193 189804 1052
190193 190192 449
190254 189724 542
190239 190234 1395
190239 190240 366
190240 190239 366
190233 190234 769
190234 190233 769
190234 190239 1395
195103 195099 858
195103 195100 834
195099 195103 858
195118 214906 1339
214906 195118 1339
195273 214455 3461
195760 195759 1406
195739 195759 198
195739 195761 942
195759 195739 198
195759 195760 1406
214455 195273 3461
195765 195762 1078
195762 195761 946
195762 195765 1078
195761 195739 942
195761 195762 946
195832 195833 314
195833 195832 314
202741 202749 559
202749 202741 559
202750 203146 1990
203146 202750 1990
203230 203247 1975
203247 203230 1975
203282 203284 1117
203284 203282 1117
203284 203293 1292
203284 203300 1073
203300 203284 1073
203439 203451 1179
203439 203457 395
203445 203446 648
203446 203445 648
203457 203439 395
203293 203284 1292
203451 203439 1179
203539 205678 2087
205678 203539 2087
205678 205679 326
205679 205678 326
203464 203463 1226
203463 203464 1226
26486 26354 373
26354 26486 373
195100 195103 834
140943 140933 738
140933 140943 738
186272 186298 734
186298 186272 734
186765 186771 800
186771 186765 800
187130 187143 425
140652 140651 394
163
26924
26925
26922
26919
26753
26757
26775
26762
26716
26752
27044
27049
27048
27066
27067
27071
14345
26498
26486
26501
26503
26354
26536
26537
27187
27410
27417
34082
53375
53376
52759
52765
55546
55519
54846
54870
54873
55505
55540
53672
53698
53699
140846
140855
140856
195100
195270
195316
214445
195319
195325
144182
140590
140863
140870
140885
140891
140893
140840
140844
140943
140938
140933
140948
140949
186268
186287
186272
186298
186420
186429
186459
186461
186644
186653
186672
186765
186771
186774
186798
186792
186810
186817
187130
186928
186906
186908
187139
186923
190519
140650
140652
140653
140627
140633
140635
140651
187143
55718
55720
55723
55726
55796
55810
55764
55768
55866
55867
55878
55879
55880
55898
56550
56569
55578
56567
189804
190192
189802
189724
190193
190199
190239
190206
190234
195097
195099
194735
214906
195273
195306
195768
195822
195821
195848
195841
195842
195832
195833
196021
196105
202741
202749
203146
203230
203247
203445
203446
203457
203293
203428
203499
203509
203450
203460
203539
205679
205703
203464
203463
202508
202512
202713
