54
22069 22070 1891
22070 22069 1891
22764 22757 1004
22757 22764 1004
22791 22830 905
22830 22791 905
23175 23182 688
28172 28175 629
28175 28172 629
28175 28174 1188
28174 23183 1268
28174 28175 1188
23183 28174 1268
23182 23175 688
28250 28301 276
28301 28250 276
28306 28317 1142
28317 28306 1142
28317 28332 1385
28332 28317 1385
28332 28337 1458
28337 28332 1458
28338 28421 1496
28421 28338 1496
28578 28579 629
28579 28578 629
28685 28683 747
24422 24421 475
24422 24423 1008
28683 28685 747
28824 28860 1124
28860 28729 1533
28860 28824 1124
28729 28860 1533
24421 24422 475
24423 24422 1008
24438 24440 738
24440 24438 738
24681 24704 951
24704 24681 951
225693 225692 1614
225692 225693 1614
8650 8645 746
8645 8650 746
8683 8685 1388
8685 8683 1388
15955 15922 1091
15922 15955 1091
16139 16159 812
16159 16139 812
21710 22317 1124
22317 21710 1124
22091 22090 1737
22090 22091 1737
163
7828
8550
8564
8567
7954
7929
232417
225520
225524
225568
225423
235491
235485
224989
235444
235105
225543
225561
225693
225692
234868
226360
226363
225446
235513
235514
7959
7966
8604
8611
8614
8610
15722
26566
8649
8650
8645
8646
8647
8683
8685
8696
15742
15860
15863
15954
15951
15955
15922
15960
15976
15980
16172
16185
16178
16139
16159
16216
16236
16711
16712
21468
21482
21635
21639
21662
21665
21683
21711
21795
21710
22309
22320
22317
21812
21823
11231
11244
11329
21822
21852
21858
21860
21853
22091
22090
22110
22097
22069
22136
22131
22070
22030
22185
22183
21995
22031
22022
22715
22681
22679
22764
22757
22769
22830
22833
22836
22851
23121
23146
23175
28169
23183
28213
28245
28246
28168
28301
28303
28306
28317
28332
28337
28338
28421
28605
28606
28550
28551
28579
28596
28649
28650
28685
28870
28880
28882
28896
28943
28681
28683
28698
28822
28831
28729
28862
28863
24408
24438
24440
24458
24466
24678
24651
24704
24650
24715
24722
11027
24654
24720
189076
189230
