52
112129 112122 434
112305 112304 1160
112222 112140 764
112140 112222 764
112304 112305 1160
112337 112414 905
112414 112337 905
112416 112420 1344
112420 112416 1344
112403 112409 628
112409 112403 628
111783 112176 403
112176 111783 403
112263 112262 1014
112262 112263 1014
112995 112994 708
112994 112995 708
113374 113380 1850
113380 113374 1850
113386 113396 536
113396 113386 536
113075 112931 1983
113035 113064 1032
113064 113035 1032
112931 113075 1983
104661 104684 1320
104683 104684 841
104615 104626 790
104628 104626 763
104628 104632 551
104626 104615 790
104626 104628 763
104632 104628 551
104618 104587 1676
104587 104618 1676
104686 104687 449
104684 104661 1320
104684 104683 841
104687 104686 449
39867 39863 1756
39863 39867 1756
39832 39912 927
39912 39832 927
39845 39844 279
39844 39845 279
105134 104959 584
104959 105134 584
111912 111939 889
111939 111912 889
112050 112049 764
112049 112050 764
112122 112129 434
171
115699
115413
115651
115715
115769
106887
106947
106929
106972
107151
107351
107139
107141
116305
107159
107281
107318
32456
105908
106866
92864
102826
92886
92889
92929
106705
106707
106912
106754
106746
106191
106221
116016
116038
116025
116089
116097
116106
116109
116128
116095
192033
192508
191886
191887
190857
191591
191830
192073
192827
192793
193015
193945
190982
193037
194377
107611
109874
109879
107634
109845
107775
107782
107509
111106
103414
111184
111197
111150
111153
111188
111213
111914
111912
111939
111950
111957
112050
112049
112090
112101
112120
112122
112129
112139
112299
112292
112297
112294
112222
112140
112137
112321
112327
112414
112416
112420
112422
112433
112403
112405
112409
111783
111785
112176
112671
112904
112910
112916
112206
112658
112944
112249
112254
112256
112262
112378
112379
112685
113089
113095
113110
113355
113368
113374
113380
113396
113404
113075
113077
113027
113034
113043
113072
113031
113035
113064
112931
104543
113415
113435
104644
104661
104558
104551
104575
104574
104615
104618
104585
104587
104678
104684
39839
39867
39871
39825
39863
39829
39912
39787
39845
104762
104866
105134
104959
104958
104969
105111
105103
105068
