44
180551 180545 3675
180556 180586 1577
180586 180556 1577
180545 180551 3675
182245 182244 870
182262 180037 1386
182262 182244 847
180037 182262 1386
182244 182245 870
182244 182262 847
173739 173738 371
185146 185136 1225
185136 185146 1225
173738 173739 371
174552 174645 2316
174645 174552 2316
174657 174743 1354
174672 174676 1055
174676 174672 1055
174743 174657 1354
175322 175323 630
175323 175322 630
175390 175393 697
175393 175390 697
204009 204010 724
204010 204009 724
204026 204028 709
204028 204026 709
207560 207559 772
207559 207560 772
208122 208123 428
208123 208122 428
208166 208376 1759
208376 208166 1759
208427 208425 678
208425 208427 678
210691 210694 2377
210694 210691 2377
180275 180303 1031
180303 180275 1031
185151 185152 818
185152 185151 818
166854 166861 1848
166861 166854 1848
166
204009
204010
204026
204027
204028
207968
207609
207612
207573
207601
207611
207560
208062
207963
207571
207576
207559
207570
207518
207524
207803
207606
207824
207994
207999
208122
208123
208126
208129
208138
208145
208164
208166
208376
208382
208394
208388
208430
208423
208427
208425
208442
208449
210691
210694
178674
185312
178691
178706
178730
178750
178771
178777
180614
180294
180275
180303
180307
185083
185084
185086
185141
185138
185130
185151
185152
163695
166410
166594
166605
166622
166600
166601
160136
166650
166307
166854
166861
166890
166974
166308
166836
166850
163690
180597
180764
180515
180527
180589
180551
180586
180545
182405
182383
178955
182523
182530
180037
182455
181966
181946
181955
182004
182536
182542
182462
173734
173742
182563
185146
152182
152198
152176
176295
176302
176323
176347
176386
176378
176384
152301
152268
176342
173962
173964
173647
173651
173808
173738
174547
174552
174645
174657
174661
174676
174743
175220
174749
175297
175343
175265
175249
175459
175461
175450
174963
175453
175919
175440
175961
175695
175592
175601
176024
175711
175754
175755
175736
176778
176904
176906
174785
175548
175614
175612
185795
