38
191683 191696 1449
191696 191683 1449
191905 191640 730
191635 191752 1137
191640 191905 730
191752 191635 1137
114086 114264 2078
114264 114086 2078
109536 109537 2347
109537 109536 2347
109940 109947 1916
109920 109919 839
109919 109920 839
111038 111039 452
111039 111038 452
109947 109940 1916
110982 110984 750
110984 110982 750
111063 111062 946
111062 111063 946
103366 103365 1351
103365 103366 1351
111510 111517 782
111517 111510 782
111603 111604 905
111613 111604 893
111613 111612 551
111608 111607 378
111607 111608 378
111612 111613 551
111604 111603 905
111604 111613 893
111431 111430 1700
111430 111431 1700
94472 94474 4182
94474 94472 4182
107431 108518 610
108518 107431 610
171
160141
164861
164865
164611
212544
212292
212480
114308
114325
116159
113984
114173
114210
114028
119213
119270
119282
119280
119297
118568
119129
119140
119378
119156
114866
114867
114863
102932
91987
92038
92044
102191
92117
94376
94378
103230
101789
92244
92257
94457
94472
95903
94479
94480
94471
94474
115826
92341
92410
92436
92324
92439
92496
116054
107072
107111
93188
94120
107070
107107
107207
107226
107216
108495
107431
108508
108518
107534
109221
109225
109227
109231
109245
109485
92968
93064
103123
93013
93042
93061
93062
93058
92779
92781
92600
92839
115793
115820
115858
190864
192017
191545
193924
190889
191672
191683
191905
191706
191039
191738
194038
191759
191761
191633
191635
191640
191752
192712
192700
192703
192803
114075
114100
114106
114086
114264
109468
109257
113903
109430
109653
103272
103274
109380
109536
109537
109561
109383
109963
109935
109944
109940
111038
111041
110147
111047
110982
110984
110987
111062
111061
111057
111079
110152
111243
111253
111277
111288
111297
111310
111352
111363
111490
111510
111517
111610
111603
111608
111607
111604
111453
111409
111410
111436
111430
112482
112625
104132
104099
104105
104094
