50
171363 171362 796
170942 170940 1719
171369 171362 843
171362 171363 796
171362 171369 843
170839 170847 4234
170847 170839 4234
170940 170942 1719
97667 97662 2750
95272 95276 292
95264 95265 747
95278 95280 403
95265 95264 747
95276 95272 292
95280 95278 403
95377 95375 403
95375 95377 403
95667 95630 1344
95630 95667 1344
49837 49834 1078
41980 41981 2619
41981 41980 2619
49834 49837 1078
97662 97667 2750
97406 97407 750
97407 97406 750
93573 98952 1445
98952 93573 1445
98612 98614 905
98614 98612 905
98614 98613 1738
98628 98658 756
98658 98628 756
97707 97793 1266
97793 97707 1266
98335 98337 1680
98337 98335 1680
98601 98613 452
98613 98601 452
98613 98614 1738
212912 212914 773
212914 212912 773
212966 212967 989
212967 212966 989
171408 171410 1000
171410 171408 1000
159162 159163 1943
159163 159162 1943
159197 159198 672
159198 159197 672
156
147080
150475
151194
147092
147095
147144
150902
150899
150455
147246
147210
147310
147320
142911
148056
148059
148134
212847
212856
212859
212912
212914
212922
212954
212957
212966
212967
214645
198672
171408
171410
171428
171566
171569
171525
162370
171554
159152
159159
159162
159163
159164
159197
159193
159198
159145
159190
159223
159269
159391
159400
159459
159442
159623
159697
159776
213389
213400
213423
198669
213043
213396
195176
170946
171367
171360
170942
171369
171416
170891
170898
171037
170839
170940
95754
97860
97861
97649
97686
97653
97694
97690
97692
97710
97717
95269
95272
95264
95276
95279
95280
95377
95381
95375
95433
95353
95354
95360
95362
95423
97912
95667
95630
95669
101718
101719
49937
41934
41941
41979
41980
41981
49834
49841
49856
49860
49884
97662
102745
98918
98922
98884
98912
98921
99449
98848
98889
98952
98954
98962
100159
98614
98619
98658
97726
97732
97812
97813
97815
98026
98031
98035
98039
97858
98075
98076
98345
98358
97704
97707
98335
98394
98337
98600
98601
98613
