74
26880 26840 373
26840 26880 373
26887 26980 418
26980 26887 418
26983 26939 1762
26939 26940 836
26939 26983 1762
26940 26939 836
26966 26956 1623
26956 26954 806
26956 26966 1623
27094 26760 1205
27094 27054 1160
26760 27094 1205
27054 27094 1160
27060 27100 809
27100 27060 809
26954 26956 806
27197 27198 1505
27156 27159 511
27159 27156 511
27178 27179 1220
27179 27178 1220
27198 27197 1505
27198 27200 2561
27200 27198 2561
55494 55533 1629
55533 55494 1629
55533 55532 789
55527 55528 1629
55528 55527 1629
55507 55508 276
55513 55531 1894
55531 55513 1894
55532 55533 789
55508 55507 276
55508 55509 782
55496 55499 650
55499 55496 650
55509 55508 782
54855 54850 202
54850 54855 202
195309 195310 1228
195310 195309 1228
140584 140860 1375
140860 140584 1375
140860 140809 3001
140809 140860 3001
186466 186663 759
186663 186466 759
33343 33177 2428
33177 33343 2428
33377 33381 876
33381 33377 876
14665 14667 924
14667 14665 924
14693 14705 1207
14705 14693 1207
14746 14755 3929
14755 14746 3929
17999 18000 1055
18000 17999 1055
18067 18068 1268
18068 18067 1268
18072 18076 696
18076 18072 696
19033 19029 1130
19029 19033 1130
25464 25463 672
25430 25332 1854
25430 25429 1715
25429 25430 1715
25332 25430 1854
25463 25464 672
170
32973
33028
33048
33049
33051
33166
33343
33177
33189
33364
33193
33377
33381
33411
33468
14665
14667
14553
14692
14693
14705
14711
14742
14746
14755
17134
17149
17537
17541
17556
17635
17636
17508
17501
34451
17647
17842
17999
18000
18005
18067
18068
18072
18076
18074
18091
18137
17972
17974
18101
18094
18097
18098
18507
18508
18522
20335
14353
18777
20350
18786
18882
18885
18913
18916
19022
18911
18878
18907
18908
19033
19029
25464
16972
35192
25430
25429
25398
25399
25332
25440
25443
25453
25463
25401
25490
26796
26804
26800
26816
26825
26833
26840
26882
26980
26939
26941
26963
26940
26786
26766
26777
26779
27094
26760
27054
27100
27102
27106
26952
26954
27076
27079
27083
27087
27171
27194
27210
27156
27159
27178
27179
27181
27200
27404
27408
27413
53379
50646
55533
55528
55513
55531
55532
55508
54854
55496
55499
55509
52811
52820
52827
52815
54859
52768
52773
54842
140858
195030
195033
195309
195310
196655
140584
140860
140809
140810
140834
140815
140830
140927
186254
186285
186418
186431
186441
186664
186668
186692
186748
