88
51534 52422 1132
52422 51534 1132
52874 52878 1014
52878 52874 1014
56641 50652 1038
50652 56641 1038
189759 189732 2695
189759 190140 730
190140 189759 730
189732 189759 2695
186257 186386 1935
194861 194864 464
194864 194861 464
194651 194656 868
194656 194651 868
195151 195076 908
195076 195077 417
195076 195151 908
195077 195076 417
195077 195169 411
195169 195077 411
195203 195201 1345
195201 195203 1345
195201 195205 774
195205 195201 774
195228 195232 2318
195233 195275 790
195234 195232 787
195275 195233 790
195919 195918 756
195681 195684 556
195682 195684 705
195626 195625 908
195666 195667 1346
195667 195666 1346
195232 195228 2318
195232 195234 787
195625 195626 908
195684 195681 556
195684 195682 705
195707 195908 333
195917 195918 1248
195918 195917 1248
195918 195919 756
195908 195707 333
198418 198356 756
195960 195966 469
195966 195960 469
198355 198357 777
198357 198355 777
198356 198418 756
195987 196087 1010
196087 195987 1010
197024 197025 466
197025 197024 466
25512 25513 788
25513 25512 788
25527 25525 747
25525 25527 747
26895 26893 750
26893 26895 750
27471 27472 403
27472 27471 403
27008 27009 872
27009 27008 872
27612 27620 818
25241 27798 104
27798 25241 104
27620 27612 818
51214 51200 878
51218 51220 1577
51220 51218 1577
51200 51214 878
51395 51394 1022
51388 51390 552
51390 51388 552
51394 51395 1022
140544 140553 1359
140553 140544 1359
140553 140794 2901
140794 140553 2901
186386 186257 1935
186452 186519 2328
186519 186452 2328
187091 187098 2255
187098 187091 2255
51323 51326 403
51326 51323 403
168
25497
25509
25512
25513
25601
25619
25523
25529
25527
25525
26863
27462
26895
26893
27471
26907
27472
27002
27008
26864
27446
27009
27010
27612
25241
27669
27798
27689
27712
27620
27684
27654
27022
27018
27021
27026
27124
27126
27225
27231
27130
27263
27268
27218
27421
50813
50681
51211
51214
51218
51220
51197
51200
50815
50833
50659
50898
50907
51371
51377
51395
51388
51390
51394
194873
194899
140544
140553
140794
140824
140802
186386
186398
186435
186437
186452
186519
186527
186751
187091
187098
187109
187156
190745
51788
51323
51269
51326
51318
51321
51381
51444
51472
51453
51476
51479
51512
51521
51534
52422
52861
52867
56466
56477
56489
56496
56500
56516
56515
56641
56727
189759
189784
189785
186240
189732
186239
194681
214811
194651
194675
195055
195056
195058
195048
195049
195076
195173
195202
195172
195233
195234
195275
198570
198571
195930
195891
195919
195682
195626
195663
195667
195668
195774
195661
195617
195684
195703
195707
195910
195911
195916
195908
195966
195976
195977
195935
195936
198575
198355
198357
195987
196087
196986
196994
196998
197003
197025
