56
214409 214408 1943
205221 205224 387
205224 205221 387
205235 205242 1770
214517 215083 702
214408 214409 1943
215083 214517 702
205242 205235 1770
205433 205442 918
205442 205433 918
199037 199041 1861
199041 199037 1861
206112 206111 337
206111 206112 337
194792 201926 709
201926 194792 709
201926 201919 747
201926 201939 1909
213699 213705 756
213722 213723 422
213723 213722 422
181369 181373 1282
181373 181369 1282
213702 213700 1964
213700 213702 1964
213705 213699 756
209877 209878 880
209878 209877 880
201939 201926 1909
201985 201982 918
201982 201985 918
209067 209070 2111
209070 209067 2111
201870 201914 706
201914 201870 706
201914 201915 2215
201915 201914 2215
201919 201926 747
194567 194552 847
194552 194567 847
52540 52541 2580
52541 52540 2580
52381 52493 484
52561 52564 2894
52564 52561 2894
52493 52381 484
197970 197971 3342
197971 197970 3342
202211 202212 791
202212 202211 791
202268 202273 608
202303 202312 1422
202312 202303 1422
202273 202268 608
214879 202977 654
202977 214879 654
174
187019
194545
194566
194567
194552
197477
194588
194590
194592
194703
194708
194712
197481
186314
187317
189405
52536
52540
52542
52581
52541
52555
52381
52557
52561
52564
52372
52493
52490
52499
187319
189642
189670
189673
189683
198036
194781
197490
194913
198470
198479
197936
197966
197970
197971
198101
198054
198055
198043
198047
198159
195992
198116
198103
198121
198138
198140
198153
215136
202207
214509
199069
202221
202211
202212
202216
202268
199100
202303
202312
202273
202262
202275
202325
202342
202873
202990
214893
214879
202975
202977
214878
214846
214847
214409
205224
205227
214517
215074
205242
205275
205288
205289
198961
199023
199028
199030
198928
199037
199041
199075
199097
206075
206066
214599
206068
206081
206085
206111
206125
206312
206317
206330
206332
206398
208850
208851
208905
209025
209029
209031
209018
209007
209008
194792
213699
213722
213723
181369
181373
181374
181387
202007
213700
202017
213705
213707
181383
213731
213736
209876
209877
209878
214795
201938
201985
201982
202006
202012
209070
209086
209716
209719
209798
209872
209950
209894
209885
201527
201694
201707
201717
201754
201752
201763
201868
201915
201919
193828
193367
193416
193408
193409
194437
