58
29340 29334 610
29334 29340 610
29066 29044 1396
29044 29043 1074
29044 29066 1396
52998 52999 1281
52999 52998 1281
53005 53008 2341
53008 53005 2341
52986 52990 238
52990 52986 238
52990 52989 1221
52989 52990 1221
53484 53486 1365
53486 53484 1365
29043 29044 1074
54783 54781 1614
55264 54953 673
54953 55264 673
54954 55010 276
55009 55012 612
55010 54954 276
55012 55009 612
55012 55324 202
55324 55012 202
55347 55350 789
55350 55347 789
53462 53470 1600
53470 53462 1600
53464 53465 778
53465 53464 778
53529 53535 1117
53535 53529 1117
53535 53590 849
53590 53535 849
49552 49550 667
49550 49552 667
49302 49305 709
49305 49302 709
49793 49782 886
49782 49793 886
53718 53720 4411
53720 53718 4411
54781 54783 1614
144219 144218 746
144218 144219 746
113458 113455 1114
113455 113458 1114
103463 103462 1105
103462 103463 1105
26108 26116 1801
26116 26108 1801
105493 105494 975
105494 105493 975
29281 29282 2218
29282 29281 2218
29270 29269 650
29269 29270 650
175
113215
113453
33899
17351
33869
33896
17355
18351
18359
18183
113320
113462
113136
113460
113456
113458
113477
113455
18370
103438
18367
18472
103445
103447
103459
103720
103721
103454
103456
103563
103463
103462
103540
103593
103639
25260
25262
26113
26108
26116
26121
26166
26172
11214
26159
40102
40140
40142
40191
105282
105181
105234
105265
105508
105514
103690
105484
105488
105557
105520
105493
105498
105494
40143
40144
40177
41307
40189
41312
29225
29240
29247
29251
29281
29282
29322
29270
29269
29339
29090
29340
29334
29355
29067
29066
34985
29044
52944
52998
52999
53005
53011
52974
53008
52979
52984
52989
53293
53299
53319
53433
53484
53329
53486
53491
53575
29045
29049
53573
54783
54803
54813
54825
55254
54953
54954
55009
55010
55324
55344
55350
55923
55939
53462
53476
53470
53464
53465
53494
53456
53544
53556
53498
53514
53529
53535
53590
49520
49546
49548
49552
49550
49319
49284
49275
49293
49302
49305
49308
46277
46279
49561
49567
49573
49788
49791
53689
53715
53719
53720
53767
53728
53751
54777
54781
144237
144238
144243
144278
144219
144218
144315
144314
144321
144365
