52
244880 244893 1159
244893 244880 1159
244879 244758 1436
244758 244879 1436
244758 244881 373
244881 244758 373
244881 244882 1900
244882 244881 1900
244892 244983 452
244983 244892 452
244985 263510 437
263510 244985 437
245012 245028 1091
245028 245012 1091
245138 245139 1676
245143 245139 792
245139 245138 1676
245139 245143 792
245633 245634 4647
245634 245633 4647
243147 243146 270
243146 243147 270
243012 242986 1297
243013 243014 171
242983 242982 311
242982 242983 311
242986 243012 1297
243014 243013 171
242998 243000 1743
243000 242998 1743
243000 243006 293
243006 243000 293
243006 243009 779
243009 243006 779
243009 243011 1131
243011 243009 1131
245880 245892 805
245892 245880 805
245900 246732 2406
246732 245900 2406
246728 246737 580
246737 246728 580
248009 248002 622
248117 248115 2425
248115 248117 2425
248002 248009 622
255655 255656 2320
255656 255655 2320
242740 242741 4850
242741 242740 4850
242752 242753 429
242753 242752 429
160
255655
255656
262286
256318
256321
256316
256524
256551
254901
256575
256576
256586
256572
256828
256835
256838
256833
256865
238869
238874
263082
264064
264069
238276
238255
238199
238206
238270
238868
257045
261628
257062
257131
257133
238429
238489
238862
238888
238494
238683
263631
238983
238990
238948
238952
239172
263328
244813
238965
239018
239037
239048
239187
257873
257928
238813
239088
238787
238752
242828
242858
242860
242691
242780
242969
243063
242979
242963
242970
243055
242727
262138
261500
242740
242741
242752
242753
242748
240276
243413
261368
261324
243406
244840
261337
261331
244833
244838
244859
244862
244758
244881
244882
244892
244983
244985
244989
245001
244996
263510
245303
245054
245009
245012
245028
244808
245138
245027
245034
245578
245576
245579
245248
245622
245585
245626
245633
245634
245638
245644
245658
241941
245689
245826
245833
245875
245885
243165
243146
243154
242819
242991
242982
242986
242998
243006
243011
243046
243057
243131
243129
245880
245892
245898
246730
245900
246725
246728
246750
246780
247953
248014
247972
247970
247977
247994
248002
256373
256372
256503
