50
156122 156121 2232
156121 156122 2232
153369 153405 1447
153405 153369 1447
155924 155922 951
155920 155922 630
155922 155920 630
155922 155924 951
153514 153517 906
153517 153514 906
153517 153518 984
155891 155890 2019
155891 155895 558
153518 153517 984
155890 155891 2019
155895 155891 558
172992 172580 373
172953 172954 1265
172953 172984 168
172954 172953 1265
172578 172580 557
172580 172578 557
172580 172992 373
186152 186154 322
186154 186152 322
179997 180024 149
180024 179997 149
173239 173237 713
173237 173239 713
172984 172953 168
172971 173124 420
173124 172971 420
178067 178068 672
178068 178067 672
174920 174922 1085
174922 174920 1085
177581 177587 1519
177587 177581 1519
177591 177590 1604
177590 177591 1604
180045 180055 2810
180055 180045 2810
152859 152860 337
152860 152859 337
152809 152813 758
152813 152809 758
153246 153247 766
153219 153234 766
153247 153246 766
153234 153219 766
162
146842
146893
146925
209841
209649
209417
210719
167614
152655
152682
152685
152794
152686
152796
153793
153552
153601
153534
153524
153541
153522
162509
152658
168522
168503
168450
167620
167617
167619
167611
167761
167701
167703
167768
178608
178611
178640
178858
178649
178650
180045
180055
179778
179868
179943
179951
179957
152853
152859
152867
152860
152862
152809
152810
152813
152822
152863
152841
152866
172257
172248
152781
152839
153246
153219
153221
153247
153234
172064
153240
153243
153310
156108
156103
156023
156122
156121
156173
156161
156583
156586
153333
153363
153446
153369
153405
153486
153489
154844
154862
153406
155924
155916
155920
155913
156116
155883
153463
153507
155891
154851
155872
155890
155898
155583
155895
179962
172953
172954
172580
186152
180024
178536
185763
178520
177750
178196
173239
173252
173290
178551
173081
172971
173124
178058
178025
178068
178161
178171
178176
178147
185529
173256
173272
174776
174921
174920
185496
173469
174939
177340
177567
177353
177349
177569
177581
176616
177587
156394
177591
156395
177590
177348
156513
160212
160196
156509
156530
160216
160229
160219
156537
