40
119784 119783 2751
119893 119894 1111
59844 59842 768
59844 59846 279
59846 59844 279
59842 59844 768
76689 60224 632
60224 76689 632
59697 59698 398
59698 59697 398
60249 60254 984
60254 60249 984
60790 60791 2443
60791 60790 2443
63115 63117 796
63117 63115 796
63142 63146 279
63146 62874 538
63146 63142 279
62874 63146 538
62878 63157 838
63157 62878 838
64439 64441 672
64436 64864 757
64441 64439 672
64864 64436 757
64864 64863 607
64863 64864 607
64908 64914 1184
64914 64908 1184
73746 73777 686
73777 73746 686
170244 170222 1669
170222 170244 1669
118433 118434 518
118434 118433 518
119733 119734 1075
119734 119733 1075
119894 119893 1111
119783 119784 2751
157
73746
73777
73775
75323
75333
75335
75360
75361
75371
75364
75385
57657
73922
73811
73898
73900
73902
74020
57724
75561
75586
75591
75614
75643
75646
75637
75655
75684
75685
170244
170219
170222
159866
95905
95911
101818
96940
96938
96967
96974
102626
97289
100689
100690
97029
100732
102127
118433
118458
118434
116461
116512
116530
116532
116495
118349
116581
116560
116561
116564
116568
116588
116589
116682
116689
116695
116712
116718
116721
116910
119586
119611
119616
119733
119734
119744
119767
119894
120139
119775
119783
119784
119886
119893
59886
59902
77556
59842
59763
59746
59753
60203
77652
76689
60224
60225
59697
59738
59742
59698
60232
60253
60316
60254
60258
79053
58546
58642
58547
60791
60909
78354
59223
62562
62580
60993
59637
59655
77750
60448
62652
60416
61032
61027
62770
76559
62737
78442
63107
63109
62781
63112
62874
62878
63157
62886
63725
63724
76421
63789
63799
63788
63793
63817
64248
64244
64440
64436
64424
65517
64446
64863
64876
78158
64908
64914
64932
