60
37223 37216 1266
37208 37210 1530
37210 37208 1530
37216 37223 1266
38470 38465 782
38465 38462 1014
38465 38470 782
38462 38465 1014
40347 40348 836
40348 40347 836
40713 40712 662
40712 40710 1426
40712 40713 662
40710 40712 1426
40710 40716 2401
39009 40764 1392
40716 40710 2401
40764 39009 1392
39024 39026 1221
39026 39024 1221
41592 47660 2454
47812 47811 714
47812 47814 281
47814 47812 281
47664 47660 2511
47722 47731 849
47733 47731 849
47731 47722 849
47731 47733 849
47660 41592 2454
47660 47664 2511
47741 47742 871
47742 47741 871
47804 47805 2006
47811 47812 714
47805 47804 2006
48005 48023 804
48028 48024 604
48028 48027 1438
48031 48027 667
48023 48005 804
48023 48024 954
48024 48023 954
48024 48028 604
48027 48028 1438
48027 48031 667
48034 48036 1420
48035 48036 789
48036 48034 1420
48036 48035 789
48291 48293 1641
47468 130531 511
130531 47468 511
48293 48291 1641
130902 131169 1780
131169 130902 1780
110281 110285 826
110285 110281 826
39269 39288 252
39288 39269 252
158
109982
110007
110141
110000
110122
103298
110192
110194
111414
110817
110261
110758
110281
110285
111389
110252
104064
104114
104116
103989
103865
103964
103957
103959
105768
112861
112831
103949
103993
104013
104026
104024
112489
112544
112562
112539
112756
112535
110911
110923
112480
112522
112518
112525
104185
104211
104255
104172
104043
104069
104083
104002
104709
104714
104249
104260
39065
39107
39114
39119
39269
39288
37212
37237
37115
37208
37217
37210
37216
38347
38360
38410
38432
38433
38435
38438
38454
38470
38560
38465
38462
38565
38567
40342
38587
40347
40348
40352
38595
40670
40669
40679
40681
45049
40703
40708
40710
56329
39005
39006
39020
40716
40764
38981
39026
41565
41579
41572
47776
47784
47789
47664
47668
47722
47733
47731
47660
47741
47742
47804
47805
47768
48094
48097
48065
48082
48080
47934
47965
48005
48008
47978
48034
47996
48041
48090
48170
47414
47466
47470
47986
130531
47989
130761
130769
130767
130773
130792
46267
49579
131313
131312
131316
130888
130904
130896
130902
131169
