60
131145 131146 1594
131146 131145 1594
131553 131555 954
131554 131555 893
131555 131553 954
131555 131554 893
131616 131617 747
131617 131616 747
132233 132234 789
132234 132233 789
132234 132235 837
132235 132234 837
132239 132246 673
132246 132239 673
54223 54222 789
54035 54085 1023
54102 54105 337
54105 54102 337
54085 54035 1023
54222 54223 789
140335 140337 1766
140337 140335 1766
143537 143539 1347
143535 143539 1504
143548 143547 1647
143546 143539 1060
143546 143547 728
143539 143535 1504
143539 143537 1347
143539 143546 1060
143547 143546 728
143547 143548 1647
143575 143613 823
143613 143575 823
143981 143822 894
143822 143981 894
143828 143829 851
143829 143828 851
144938 144939 918
144939 144938 918
38531 38537 1111
38537 38531 1111
38887 38908 630
38908 38887 630
38994 38918 743
38939 38942 2280
38918 38994 743
38946 38942 3153
38942 38939 2280
38942 38946 3153
47532 47596 560
47596 47532 560
47904 47913 744
47913 47904 744
130699 130705 1010
130705 130699 1010
130787 130789 1111
130789 130787 1111
130814 130813 1114
130813 130814 1114
172
38531
38537
38528
38540
38870
38872
38874
38887
38908
38910
38916
38984
38994
38939
38918
38946
38957
38942
38959
38808
38960
41550
41547
47532
47596
47598
47606
47632
47633
47641
47639
48050
48052
47904
47908
47857
47861
47864
47883
47913
47871
47445
47358
47938
47447
47455
47452
47473
130518
130516
130521
47397
47391
130508
130699
130705
130538
130549
130590
130609
130736
130756
130787
130789
130814
130820
130826
130868
130813
130824
130808
132378
130841
130851
130899
131125
131122
131132
131144
131145
131146
131260
131266
131279
131285
131149
131257
131301
131555
131560
131609
131617
132149
132151
132146
132159
132166
132183
132213
132234
132235
132239
132246
132248
132244
54144
53992
53995
54043
50640
54106
54107
56437
54092
56450
54035
54102
54105
56681
54085
54277
50823
54222
54068
54077
54229
54247
54252
140334
140335
146967
150771
150806
140337
140354
143548
143547
143552
143575
143613
143832
143850
143637
139777
143630
143978
143979
143975
143981
143815
143822
143801
143808
143760
143804
143805
143761
141155
143827
143829
142891
144003
142901
142895
142897
144935
144938
144927
144947
144939
144951
144952
