86
187755 187749 778
187755 187759 1110
187951 187759 724
187951 187956 841
187740 187742 1710
187749 187755 778
187907 187914 400
187912 187915 843
187914 187907 400
187914 187923 843
187915 187912 843
187815 187817 1155
187923 187914 843
187817 187815 1155
187804 187818 817
187818 187804 817
187993 187976 1424
187993 188235 2025
187999 188235 254
187999 188237 167
188237 187999 167
188235 187993 2025
188235 187999 254
187750 187751 806
187759 187755 1110
187759 187951 724
187956 187951 841
187751 187742 2686
187751 187750 806
188233 188062 817
188062 188233 817
187976 187993 1424
134747 134749 708
134749 134747 708
134791 134801 848
134705 134710 192
134705 134710 192
134710 134705 192
134710 134705 192
134816 134801 2113
134801 134791 848
134801 134816 2113
135877 135875 1102
135877 135881 551
135875 135877 1102
135881 135877 551
136140 136141 751
136141 136140 751
136141 136192 827
136192 136141 827
136192 136194 827
136194 136192 827
136194 136198 708
136200 136198 202
136198 136194 708
136198 136200 202
139579 137505 262
137505 139579 262
137700 137699 893
137672 137673 1558
137699 137700 893
137673 137672 1558
137673 137677 219
137677 137673 219
138155 138154 1565
138154 137777 1124
138154 138155 1565
138158 138164 672
137777 138154 1124
137777 138164 474
138164 137777 474
138164 138158 672
12558 12561 720
12561 12558 720
11857 11854 756
11854 11857 756
11831 11832 905
11832 11831 905
11927 11928 580
11928 11927 580
11918 12102 927
12102 11918 927
187684 187683 839
187683 187684 839
187742 187740 1710
187742 187751 2686
156
12377
12385
12391
12558
12561
12577
12583
12584
12594
12596
12646
12617
12695
12698
12704
12732
12496
12826
12533
12728
11816
11857
12868
11835
11854
11831
11832
11927
11928
11922
11918
12102
12118
12149
12156
13648
12256
12255
12250
12251
12305
12310
13943
13945
23670
34157
34383
23719
23722
23736
24815
24828
23721
23726
24832
24850
24856
24859
24921
25126
187684
188039
188016
188007
188012
188049
188008
190589
190794
187683
187742
187744
187705
187754
187757
187707
187921
187935
187912
187915
187932
187938
187208
187722
187923
187817
187924
187818
187993
187997
188237
188256
187956
187751
188053
187988
188062
187976
134747
134746
134749
134759
134763
134757
134791
134709
134711
134816
134823
134194
135001
135011
135022
135068
135028
135086
136868
135814
135877
135875
135840
135830
135881
135890
136089
136099
136107
136130
136133
136140
136141
136192
136194
136200
136208
136198
136788
136803
137494
137505
137512
137672
137699
137678
137692
137720
137698
137745
139619
138154
137771
137780
137777
137764
138480
139045
