60
120680 120688 811
120729 120728 688
120728 120729 688
120689 120688 2601
120688 120680 811
120688 120689 2601
68492 68597 1412
68492 68597 1412
68597 68492 1412
68597 68492 1412
68530 68526 2281
68526 68530 2281
68135 68122 893
68122 68135 893
68486 68490 1906
68490 68486 1906
68653 68652 698
68652 68653 698
68504 68508 929
68508 68504 929
68699 68686 1535
68686 68699 1535
68702 68908 1155
68908 68702 1155
68915 68917 553
68917 68915 553
68985 68979 891
68979 68985 891
68981 69347 698
69347 68981 698
69347 69349 1555
69349 69347 1555
69349 69355 639
69355 69349 639
69003 69002 1004
69002 69003 1004
71483 71487 830
71487 71483 830
71487 71488 987
71488 71487 987
71617 71620 601
71620 71617 601
71713 71722 562
68401 68878 2369
68878 68401 2369
71722 71713 562
71968 71967 873
71967 71968 873
43331 43402 337
43402 43331 337
45188 45192 2823
45192 45188 2823
123700 123694 1225
123694 123700 1225
126315 125884 970
125884 126313 1067
125884 126315 970
126313 125884 1067
120551 120552 1414
120552 120551 1414
167
43302
43307
43320
43332
43331
43402
43405
43384
43385
43440
43375
43361
45188
45192
45207
45214
45236
45052
45250
45251
45047
45054
45285
42492
42479
45272
125565
125571
125594
125589
125477
125526
124396
125561
125623
125630
125789
45092
125109
123142
125129
125095
125105
125117
123130
123136
123700
123694
123620
123679
123613
123621
125553
45142
45138
45104
45120
45124
45151
45164
125558
125882
126232
126239
126324
126328
126315
125884
125847
125857
125893
126313
125753
128401
128409
128419
128534
128544
128583
128590
128613
128627
128628
128781
128774
128853
128734
128729
128846
120571
120550
120551
120552
128864
120623
120777
67709
67729
68492
67713
67720
68522
68526
68536
68135
68136
68122
68143
68138
68312
68486
68490
68571
68653
68654
68655
68643
68494
68508
68676
68675
68696
68686
68702
68908
68915
68917
68984
68986
68979
68981
69355
72629
72899
73067
73068
76645
67217
69366
69002
71388
71406
71473
71483
71563
71573
71649
71650
71653
71508
71487
71488
71610
71790
71617
71620
71659
71699
71689
68401
68878
68429
71722
71875
71945
71968
71948
