72
111339 111347 805
103337 103339 411
111475 111478 418
111478 111475 418
103339 103337 411
111477 111347 496
111347 111339 805
111347 111477 496
111519 111582 840
111582 111519 840
111596 111597 672
111596 112068 1683
111577 111578 778
111597 111596 672
112068 111596 1683
111578 111577 778
111592 111682 782
111682 111592 782
111726 111727 889
111727 111726 889
111732 112145 168
112145 111732 168
112145 111766 667
111766 112145 667
112149 112163 672
112149 112165 1375
112163 112149 672
111742 111740 756
111653 111652 750
111652 111653 750
111740 111742 756
112610 112609 1715
112165 112149 1375
112609 112610 1715
112609 112668 201
112668 112609 201
112668 112656 747
112632 112631 747
112656 112668 747
112631 112632 747
112772 112785 536
104308 104318 599
104318 104308 599
104320 104325 737
112785 103326 2141
112785 112772 536
103326 112785 2141
103324 112774 2195
112774 103324 2195
112713 112598 782
112598 112713 782
112887 112888 1004
112888 112887 1004
104325 104320 737
104325 104326 737
104326 104325 737
115722 115723 640
115723 115722 640
106960 106967 930
106967 106960 930
92948 102598 2879
102598 92948 2879
106725 106724 2100
106724 106725 2100
115966 115967 233
115967 115966 233
92723 92722 1504
92722 92723 1504
191789 192011 484
192011 191789 484
191713 191712 409
191712 191713 409
159
115419
115420
115722
115723
115753
115677
115810
92309
92311
115730
105808
106736
107048
107092
106969
106960
106967
107117
107417
107440
107483
107443
116313
107528
113747
107519
107476
109709
92827
103136
92963
93033
93193
102817
92824
92831
102594
92872
92948
102598
106725
106724
106744
106733
115970
115966
115967
115782
115984
115994
92723
92728
92722
115850
191500
191505
191789
192011
190885
191713
191971
191712
191734
194225
194222
191483
191560
191784
191551
191938
191601
191879
191958
192665
192774
194014
192723
192811
114064
114404
194384
107565
109460
109781
109799
109815
109854
105184
110998
110970
110972
111089
111321
111337
111339
103337
111475
111478
103339
111476
111347
111226
111480
111236
111533
111535
111519
111564
111587
111575
111577
111578
111592
111682
111722
111726
111727
112147
111766
112149
111742
111752
111653
111669
111672
111456
111658
112580
112588
111700
112602
112610
111768
112168
112632
112656
112631
112700
112701
112772
104306
104308
104318
104320
103326
112713
112598
112644
105729
112885
112887
112763
105723
104337
104509
104325
104326
104341
104408
