94
134213 134893 331
134893 134213 331
134888 134912 588
134912 134888 588
134912 134957 1262
134957 134912 1262
134981 134992 765
134983 134976 841
134992 134981 765
134976 134983 841
135765 135941 605
135699 135700 682
135700 135699 682
135700 135717 504
135717 135700 504
135717 135723 1180
135723 135717 1180
135941 135765 605
135977 135979 202
135979 135977 202
135983 135998 1079
135998 135983 1079
135998 136093 1209
136093 135998 1209
136093 136097 1008
136097 136093 1008
136097 136143 1280
136143 136097 1280
136143 136147 475
136073 136148 884
136147 136143 475
136148 136073 884
136148 136168 806
136168 136148 806
136180 136187 1304
136187 136180 1304
136775 136780 582
136781 136780 434
136780 136775 582
136780 136781 434
137470 139576 1750
139576 137470 1750
138102 138101 1246
138101 138102 1246
138131 138140 672
138140 138131 672
138146 138147 672
138147 138146 672
138174 138185 1619
138185 138174 1619
138248 138254 1482
138254 138248 1482
138391 138390 669
138390 138391 669
138390 138392 672
138392 138390 672
138920 138923 649
138911 138914 827
138914 138911 827
138924 138923 139
138923 138920 649
138923 138924 139
138923 138928 1345
138539 138541 562
138541 138539 562
138928 138923 1345
138763 138769 306
138769 138763 306
138769 138770 448
138770 138769 448
13024 13030 1504
13030 13024 1504
13030 13031 1031
13031 13030 1031
13742 13744 1950
13744 13742 1950
13766 13764 1817
13764 13766 1817
23804 23759 788
23759 23804 788
23769 11882 279
11882 23769 279
24908 25072 336
25072 24908 336
25072 25085 951
25085 25072 951
187714 190759 501
190759 187714 501
189538 189594 1314
189594 189538 1314
134772 134775 889
134187 134227 84
134227 134187 84
134775 134772 889
166
12906
13017
13021
13024
13030
13031
13686
13671
13640
13641
13689
13702
13708
34935
13716
13742
13744
13747
13766
13918
13929
13761
13764
13755
13938
23672
13979
13980
23804
23859
23759
23842
23846
23769
23790
23800
23806
23791
11882
24881
24891
24908
25072
25084
25085
186812
187791
187793
187721
190757
187714
187780
190759
187762
187770
187193
23780
23795
187218
187219
187879
187884
187889
190832
190597
190778
190493
187248
187835
189542
189538
187901
189594
187233
134725
134723
134772
134187
134227
134704
134780
134775
134776
134715
134722
134880
134213
134893
134888
134912
134957
134981
134992
135690
135763
135764
135717
135722
135723
135776
135778
135964
135967
135972
135977
135979
135982
135998
136097
136143
136147
136168
136169
136180
136187
136753
136774
137463
137461
136811
137470
139576
137471
139575
137562
137568
137448
137663
137683
138101
138129
138131
138140
138146
138147
138171
138174
138185
138254
138250
138260
138392
138913
138914
138661
138924
138539
138541
138627
138648
139031
138992
139005
138942
138943
138938
138948
138933
138947
138869
138864
138870
138763
139418
139420
139410
