74
56340 55236 1759
41622 41624 476
41624 41622 476
48546 48554 1104
48554 48546 1104
48554 48555 344
48555 48554 344
48555 48557 684
48354 48352 630
48354 48355 884
48355 48354 884
48358 48363 984
48363 48358 984
41629 41632 2341
41632 41629 2341
48352 48354 630
48557 48555 684
48703 48706 928
48706 48703 928
48844 48841 1484
48854 48855 1228
48855 48854 1228
48855 48856 713
48856 48855 713
48880 48881 2482
48881 48880 2482
48841 48844 1484
49012 49013 589
49013 49012 589
131475 131480 796
131480 131475 796
131480 131482 344
131482 131473 1023
131482 131480 344
131473 131482 1023
131506 131493 848
131493 131496 747
131493 131506 848
131497 131496 747
131511 131510 951
131496 131493 747
131496 131497 747
131510 131511 951
131831 131832 429
131832 131831 429
131841 131852 355
131852 131841 355
54366 54367 418
54367 54366 418
54517 54519 2353
54592 54640 1811
54519 54517 2353
54640 54592 1811
53942 53949 3358
53949 53942 3358
104313 104167 927
104167 104313 927
39209 39206 887
39206 39209 887
39509 39512 3010
39512 39509 3010
104807 104808 536
104808 104807 536
104900 104910 737
104910 104900 737
104605 104606 836
104606 104605 836
39325 39333 2186
39333 39325 2186
39408 39426 738
39426 39408 738
40566 40437 3411
40437 40566 3411
55236 56340 1759
163
112736
104142
104313
104167
104342
104352
104366
39209
39206
39507
39519
39509
39512
39546
39518
39189
39202
104238
104733
104734
104779
104282
104287
39179
39169
104807
104845
104376
104380
104808
104898
104900
104910
104856
104605
104606
104602
39279
39323
39325
39331
39333
39360
39410
39361
39367
39398
39408
39423
39426
39431
39493
40450
40452
40470
40602
40471
40278
40477
40599
40311
40293
40373
40566
40437
40569
50408
40589
40841
40845
40850
40904
40575
40571
40811
55190
55237
55236
56340
55423
41618
41622
41624
40815
48379
48456
48465
48532
49624
48546
48555
48355
48363
48374
41632
48557
48579
48701
48707
48718
48830
48570
48572
48583
48833
48838
48854
48856
48857
48874
48841
48230
48990
48991
49010
49013
48282
131364
131365
49590
48389
131368
131384
131473
131493
131497
131496
131510
131516
131747
131773
131831
131832
131840
131852
54366
54413
54403
54452
54457
54469
54472
54517
54550
54556
54570
54586
52950
56338
56339
54686
54519
54522
54526
54722
54729
54640
53893
56639
53941
53949
53963
52853
