40
211954 211953 736
179043 179052 418
179052 179043 418
114515 114520 586
114520 114515 586
115286 115284 405
115284 115286 405
115475 115476 6859
115476 115475 6859
106525 106550 1000
106629 106630 671
106630 106629 671
106550 106525 1000
191644 191826 1660
191826 191644 1660
174431 174429 2519
174429 174431 2519
174226 174225 1933
174294 174249 989
174249 174294 989
174225 174226 1933
210638 210643 815
210643 210638 815
210926 210935 519
210935 210926 519
163605 163606 2557
163616 163610 2358
163606 163605 2557
163606 163610 2557
163610 163606 2557
163610 163616 2358
162764 162742 238
162742 162764 238
211867 211877 867
211877 211867 867
211877 211879 833
211879 211877 833
163923 163930 355
163930 163923 355
211953 211954 736
172
175159
175555
175532
174307
174431
174429
174486
174415
174402
174201
174241
174262
174266
174226
174294
174249
174225
183838
183956
184975
183983
183842
183982
184971
184986
184994
210638
210643
210792
210802
210807
210822
210850
210899
210902
210926
210935
210938
211623
198875
211795
211734
211742
211726
211799
211727
211863
163605
163378
163430
163492
163616
163730
163606
163610
162938
162940
163015
163401
163431
163426
163405
163409
161331
162762
162761
162764
162742
162717
162744
211867
211877
211879
163923
163930
163906
163937
163991
164021
164030
163973
163996
163955
214265
211953
211954
212019
212020
212014
211975
211979
211989
212021
211917
211947
178724
179045
179052
114565
114605
114703
114708
114470
114515
114517
114520
114532
114511
114514
115463
114690
115483
115465
115514
115286
115283
115475
116132
115536
115502
114962
115132
114969
115003
114995
115236
115251
115227
115476
115092
115300
115593
115591
115604
115619
115615
115637
110628
106790
106798
106833
106988
106989
107272
107395
106385
106695
106678
106688
106602
106613
106624
106641
106550
110629
106496
106504
106266
106503
106507
113885
194062
191944
193075
192020
191702
191820
191644
191826
192876
192892
192528
