74
174477 174480 766
174480 174477 766
174500 174499 747
174499 174500 747
174571 174570 605
174605 174606 1210
174606 174605 1210
175113 175185 1248
175185 175113 1248
175193 175190 1476
175190 175193 1476
174570 174571 605
174293 174292 828
174292 174293 828
183836 183937 842
183937 183836 842
183937 183935 766
183935 183937 766
183935 184062 1781
184062 183935 1781
184062 184061 344
184061 184062 344
183915 183924 1016
183981 183929 610
183929 183981 610
183924 183915 1016
210790 210797 507
210797 210790 507
210815 210818 684
210818 210815 684
210876 210878 786
210878 210876 786
210928 211620 536
211620 210928 536
211836 211838 710
211841 211721 2012
211841 211838 2035
211647 211746 938
211746 211647 938
211708 211712 1032
211712 211708 1032
211725 211721 1934
211721 211725 1934
211721 211841 2012
211838 211836 710
211838 211841 2035
163598 163599 2668
163489 163506 674
163595 163600 1004
163506 163489 674
163599 163598 2668
163599 163600 2557
163600 163595 1004
163600 163599 2557
162715 162753 905
162753 162715 905
211854 211857 834
211857 211854 834
163205 163203 758
163213 163231 445
163231 163213 445
163203 163205 758
184881 184880 984
185651 184851 713
184851 185651 713
184880 184881 984
184915 184916 276
184916 184915 276
184067 184073 713
184073 184067 713
184083 184096 713
184096 184083 713
173933 174329 889
174329 173933 889
172
178892
178879
178884
178924
177549
180333
180342
177546
180696
163583
163205
163213
163231
163203
163211
163640
163636
183452
184866
184881
185651
184851
184880
184883
184904
184915
184916
166197
185076
166301
163220
166204
180721
180718
180809
180538
182063
182416
182440
182496
182625
162678
173773
173783
173770
173975
179847
182609
174210
174211
174145
174149
185215
184054
184065
184067
184073
184075
184083
184096
184101
184112
173933
174329
175053
175056
173904
173913
174008
174477
174480
174407
174500
175077
175099
174616
174571
174606
174608
174509
174515
174614
174615
174632
174716
175185
175188
175193
175176
175190
175204
174570
175060
175123
175139
175118
175431
175142
175130
175155
175163
175157
175162
174304
174418
174428
174422
174198
174228
174246
174293
174292
183836
183937
183946
183935
184056
184061
183920
183925
183903
183981
183929
183924
183977
184968
184972
210788
210790
210797
210815
210818
210878
210881
210924
210928
211620
211613
211626
211643
211841
211647
211709
211746
211712
211722
211725
211721
211838
163598
163376
163487
163489
163595
163725
163506
163599
163600
162991
163006
163398
163368
163424
163422
161333
162758
162756
162746
162715
211854
211857
211870
