60
175518 175641 1578
175526 175527 354
175640 175634 849
175640 175641 2279
175641 175518 1578
175641 175640 2279
175634 175640 849
175527 175526 354
174451 174523 1199
174523 174451 1199
176296 176297 782
176297 176296 782
176297 176298 778
176298 174222 766
176298 176297 778
174301 174300 488
174317 174318 222
174318 174317 222
174300 174301 488
210829 210833 1230
210833 210829 1230
210833 210843 679
210843 210833 679
210906 210908 796
210908 210906 796
210917 210922 573
210922 210917 573
211059 211062 498
211056 211058 592
211058 211056 592
211062 211059 498
163666 163667 2556
163667 163666 2556
163667 163670 2446
163670 163667 2446
163680 163623 556
163623 163680 556
162916 162914 1612
162914 162915 333
162914 162916 1612
161325 161327 1701
162915 161327 517
162915 162914 333
163037 163417 1827
163417 163037 1827
161327 161325 1701
161327 162915 517
164263 164264 1449
164264 164263 1449
164085 164089 874
164089 164085 874
173747 173748 827
173748 173747 827
174222 176298 766
174522 174622 1365
174622 174522 1365
175569 175586 2546
175401 175400 1014
175400 175401 1014
175586 175569 2546
157
166289
166294
163699
166285
166322
166321
166325
166343
166829
166219
166246
180769
180771
180786
180507
180532
182412
182435
182446
182235
182009
182436
182476
182487
169197
185245
173747
173748
173756
173613
174140
176271
152191
152204
152206
174222
174258
176333
176366
176332
176311
176327
185036
185081
185105
176276
176277
174986
173959
173802
173822
173894
173799
173792
175068
175082
174522
174622
174640
174588
174696
174701
175222
174709
175274
175273
174727
174736
174723
175232
175242
175564
175569
175568
175415
175401
175405
175400
175423
175417
175586
175706
175720
175763
175505
175509
175517
175525
175518
175632
175634
175696
175527
174426
174437
174451
174501
174523
176299
174317
174321
174253
210825
210829
210844
210863
210906
210917
210922
210932
211056
211067
211058
211061
211093
211756
211086
211781
211752
211753
163483
163503
163548
163497
163667
163670
163623
162995
162997
163017
163020
162964
161325
163478
163412
163482
163037
163417
162766
162782
162776
164263
164017
164264
164266
164039
164078
164083
164042
164053
164170
164055
164063
164072
164061
164071
164089
