48
256005 256003 1344
254622 254782 1225
254604 254608 884
254364 255264 243
255264 254364 243
254520 254521 1257
254521 254520 1257
254608 254604 884
256003 256005 1344
237933 243388 1636
243388 237933 1636
239284 239286 781
239286 239284 781
239456 239312 853
239312 239456 853
237326 237330 1363
237326 237743 1137
237743 237326 1137
237330 237326 1363
237330 237747 169
237747 237330 169
237747 237744 889
237744 237747 889
242149 242181 673
242181 242149 673
242181 242172 805
242172 242181 805
250181 242343 445
250186 250195 1178
242343 250181 445
249580 250175 252
250175 249580 252
250195 250186 1178
242387 242422 2151
242422 242387 2151
251401 251402 667
251402 251401 667
251832 251833 982
251833 251832 982
252740 252742 551
252742 252740 551
254027 254025 1558
254071 254072 950
254072 254071 950
254025 254027 1558
254782 254622 1225
256014 256019 373
256019 256014 373
172
263769
241207
240972
240981
241213
241690
241702
242118
242122
241755
242191
242149
242181
242172
242176
241240
241043
241056
241062
250181
250186
242343
242365
242333
242391
242411
242430
261824
263784
249580
250175
250176
250194
250195
242387
242422
242445
242448
242451
242452
242462
246208
246204
246288
246303
246310
246366
251412
251411
251414
246320
251401
251402
246365
246526
246534
252543
252569
252577
246540
246543
251806
251832
251833
252490
251783
251794
251785
251799
251904
252680
252707
252683
252687
252699
252722
252728
252745
252740
252742
254018
254030
254146
254027
254051
254058
254067
254071
254072
254025
254029
254782
256014
256019
256004
256005
254622
254604
254617
254618
254623
254347
254354
254310
254312
254337
254364
255264
253209
254520
254521
254608
254628
257439
257442
256011
237893
237946
237931
237933
243388
243389
236671
236648
254899
236657
243365
238633
262185
237196
237259
237267
237253
237460
237465
237458
237437
237499
237527
237540
237545
261717
264030
237669
239235
239221
239265
239269
239248
239284
239293
239323
239256
239258
239304
239311
237695
237697
237609
237625
237712
237326
237740
237744
237753
237645
261702
237658
237678
262148
239953
239991
