74
221649 221704 767
219939 219919 1686
219919 219939 1686
221635 221612 786
221429 221446 796
221446 221429 796
221450 221451 815
221451 221450 815
220922 220915 1759
224582 221257 777
221257 224582 777
221220 221300 1448
221300 221220 1448
221224 221242 807
221250 221359 759
221359 221250 759
221361 224350 476
224350 221361 476
221242 221224 807
216649 216665 622
216665 216649 622
216667 216661 1050
216661 216667 1050
216681 216698 1590
224181 224180 1290
215830 215822 779
215822 215830 779
224180 224181 1290
216698 216681 1590
216063 216066 761
216066 216063 761
217192 217196 778
215669 215821 710
215821 215669 710
217196 217192 778
217251 217250 798
217253 217254 715
217253 217254 715
217250 217251 798
217254 217253 715
217254 217253 715
215502 215534 620
215502 215534 620
215529 215534 529
215573 215592 888
217255 215534 1050
215592 215573 888
215592 224423 463
224423 215592 463
215534 215502 620
215534 215502 620
215534 215529 529
215534 217255 1050
71963 71976 1229
71976 71963 1229
71926 71927 1148
71927 71926 1148
72120 72119 782
72163 72165 1520
72119 72120 782
72165 72163 1520
72417 72419 632
72419 72417 632
72469 72471 711
72471 72469 711
72553 72555 987
72555 72553 987
220915 220922 1759
220095 220109 1993
220109 220095 1993
220412 220420 2094
220420 220412 2094
221704 221649 767
221612 221635 786
163
71600
71589
71595
71605
71799
77609
68402
68875
68879
68420
71720
71726
71871
71879
71880
71960
71963
71976
71895
71926
71927
71979
72087
72093
72203
72208
72120
72163
72153
72119
68944
68952
68951
69008
68998
72165
72401
72416
72417
72419
72460
72463
72469
72471
72476
72477
72553
72555
72574
72580
220339
220336
224282
220748
220753
221013
218652
219503
220915
220929
220756
220765
220767
220761
220926
220466
220470
220572
221031
220559
221004
220064
220068
224720
220094
220095
217415
220109
220114
220104
220410
220412
220420
224693
224694
220462
220468
220460
221630
221704
221674
215835
221612
221645
221649
219909
219914
219916
219940
219939
219790
221372
221635
221637
224615
221380
221426
221429
221446
221450
221451
221640
220959
221267
221257
221220
221271
221300
221224
221250
221359
224350
216657
216667
216658
216661
216674
216676
224185
216497
216498
216503
216686
216690
216698
216702
216062
216063
216066
216068
215746
215738
215760
217192
215755
215821
217180
217188
217212
217251
217245
217250
216722
216731
215573
217255
224782
217267
217269
217375
217265
215185
217320
