90
195237 195240 426
195240 195237 426
195712 195713 687
195713 195712 687
195280 195282 862
195282 195280 862
195944 195922 846
195944 195946 938
195922 195927 663
195922 195944 846
195926 195925 598
195927 195922 663
195696 195670 834
195696 195709 442
195298 195775 1216
195670 195696 834
195775 195298 1216
195709 195696 442
195709 195710 628
195710 195709 628
195710 195711 1730
195711 195710 1730
195925 195926 598
195946 195944 938
195981 195986 1446
195986 195981 1446
196988 196989 607
196989 196092 1727
196989 196988 607
196092 196989 1727
203150 203191 1020
203191 203150 1020
203221 203358 1341
203221 203363 188
203358 203221 1341
203363 203221 188
203366 203367 861
203367 203366 861
203367 203378 1066
203378 203367 1066
203492 203513 1200
203513 203492 1200
197043 197065 749
197065 197043 749
197058 197072 963
197072 197058 963
205623 205598 883
205623 205628 687
205627 205638 1774
205628 205623 687
205637 205638 827
205598 205623 883
205649 205660 1059
205660 205649 1059
205638 205627 1774
205638 205637 827
205864 205869 1963
205869 205864 1963
206179 206187 773
206186 206187 2454
206187 206179 773
206187 206186 2454
206625 206628 1036
206628 206625 1036
206805 206806 1458
206806 206805 1458
206866 206872 741
206872 206866 741
181011 181012 807
181012 181011 807
140549 140555 1341
140555 140549 1341
140555 140799 2886
140799 140555 2886
186414 186413 861
186413 186414 861
186456 186517 2343
186517 186456 2343
187157 187158 112
187158 187157 112
55750 55782 790
55782 55750 790
189757 189756 775
189757 190156 1405
190156 189757 1405
189772 189774 1349
189774 189772 1349
189731 190171 1983
189756 189757 775
190171 189731 1983
153
51240
52783
52786
50655
50657
52777
50904
56658
51400
51404
51418
51423
51485
51384
194833
194902
140549
140555
140799
140826
140804
186265
186400
186414
186413
186416
186440
186456
186517
186744
187096
186759
187101
187120
187157
187158
51493
51516
51526
51509
51510
52854
52865
55747
55750
55782
56474
56475
56483
56484
56491
56493
56502
56503
56521
56532
189757
190156
189772
189774
186242
189731
189756
190171
195071
194898
195063
195064
195074
214814
214815
195237
195238
195713
195279
195282
195926
195927
195696
214474
195745
195298
195670
195775
195778
195711
195914
195988
195974
195954
195986
196988
196995
196092
196101
197002
197007
197027
203143
203200
203156
203367
203453
203491
203492
203513
202623
197062
197065
197058
215131
202191
202194
214317
205627
205628
205651
205649
205654
205665
205645
205660
206242
214387
199875
214943
205655
205638
205813
205822
205864
205869
205883
206549
206618
206620
206187
206561
206565
206616
206624
206628
206800
206806
206812
206852
206866
206872
209183
181012
181016
181062
181266
