260
84809 91024 982
84254 84258 748
84386 90767 357
82754 82753 778
82754 82757 2205
82760 82759 1751
82751 82752 3005
82751 84745 770
84731 84718 1529
84731 84730 1771
84731 84745 3011
84724 84723 1187
84724 84725 2091
84730 84723 1514
84730 84731 1771
84726 84725 1358
84726 84727 633
84726 84741 2378
84736 84725 1332
84369 84368 1189
84741 84726 2378
84741 84732 910
84355 84356 2413
84355 84357 1014
84358 84357 847
84349 84351 1779
84349 84757 344
91024 84809 982
84258 84254 748
84258 84374 790
90767 84386 357
82753 82752 1889
82753 82754 778
82753 84742 1187
82757 82754 2205
82757 82758 423
82759 82760 1751
82752 82751 3005
82752 82753 1889
82752 84743 593
84745 82751 770
84745 84731 3011
84745 84746 1070
84745 84748 357
84718 84719 1187
84718 84720 1455
84718 84731 1529
84723 84720 371
84723 84724 1187
84723 84730 1514
84725 84724 2091
84725 84726 1358
84725 84736 1332
84727 84726 633
84727 84728 339
84727 84734 1823
84368 84367 688
84368 84369 1189
84368 84732 1989
84732 84368 1989
84732 84734 585
84732 84741 910
84356 84355 2413
84357 84355 1014
84357 84358 847
84351 84349 1779
84757 84349 344
84374 84258 790
84374 84293 681
84374 84373 2187
84742 82753 1187
84742 84744 1344
82758 82757 423
84743 82650 222
84743 82752 593
84743 84744 357
84746 82649 1180
84746 84745 1070
84746 84750 350
84748 84745 357
84748 84747 1360
84719 84718 1187
84720 84718 1455
84720 84721 3434
84720 84723 371
84728 84318 876
84728 84721 4594
84728 84727 339
84734 84727 1823
84734 84732 585
84367 84366 848
84367 84368 688
84367 84733 1664
84293 84291 2326
84293 84294 1159
84293 84374 681
84373 84316 128
84373 84374 2187
84373 90768 824
84744 84742 1344
84744 84743 357
84744 90777 770
82650 82649 660
82650 82651 1729
82650 84743 222
82649 82650 660
82649 84746 1180
84750 84746 350
84750 84749 1510
84747 84748 1360
84747 84749 452
84747 91023 562
84721 84720 3434
84721 84722 672
84721 84728 4594
84318 84319 1041
84318 84342 5375
84318 84728 876
84366 84319 1427
84366 84365 1041
84366 84367 848
84733 84367 1664
84291 84292 1786
84291 84293 2326
84291 84316 663
84294 84293 1159
84294 84295 1627
84294 84375 1260
84316 84291 663
84316 84314 1073
84316 84373 128
90768 84373 824
90777 84744 770
82651 82650 1729
82651 82652 978
82651 90776 339
84749 84747 452
84749 84750 1510
91023 84747 562
84722 84721 672
84319 84318 1041
84319 84320 748
84319 84366 1427
84342 84318 5375
84365 84363 1225
84365 84364 1661
84365 84366 1041
84292 84291 1786
84292 84296 2974
84292 84317 559
84295 84294 1627
84375 84294 1260
84314 84315 724
84314 84316 1073
84314 90769 1089
82652 82651 978
90776 82651 339
84320 84319 748
84320 84321 1610
84363 84343 1250
84363 84364 968
84363 84365 1225
84364 84363 968
84364 84365 1661
84296 84292 2974
84317 84292 559
84317 84315 2021
84317 84341 453
84315 84314 724
84315 84317 2021
84315 84339 876
84315 84340 1675
90769 84314 1089
84321 84320 1610
84321 84322 1004
84321 84344 1023
84343 84344 2556
84343 84345 932
84343 84363 1250
84341 84299 2867
84341 84317 453
84339 84315 876
84339 84338 1114
84339 84347 520
84340 84315 1675
84322 84321 1004
84322 84323 1023
84322 84329 938
84322 84359 2335
84344 84321 1023
84344 84329 778
84344 84343 2556
84344 84348 938
84345 84343 932
84345 84346 835
84345 84362 1565
84299 84300 714
84299 84341 2867
84338 84332 770
84338 84337 2002
84338 84339 1114
84347 84339 520
84347 84346 1955
84347 84348 277
84323 84322 1023
84323 84324 2113
84329 84322 938
84329 84328 2340
84329 84330 687
84329 84344 778
84359 84322 2335
84359 84324 1023
84359 84326 2229
84359 84328 1023
84348 84331 521
84348 84344 938
84348 84347 277
84346 84345 835
84346 84347 1955
84346 90770 1184
84362 84345 1565
84300 84299 714
84300 84301 2439
84300 84302 703
84300 84303 585
84332 84331 926
84332 84333 1780
84332 84338 770
84337 84333 770
84337 84338 2002
84324 84323 2113
84324 84325 2372
84324 84359 1023
84328 84327 5677
84328 84329 2340
84328 84359 1023
84330 84329 687
84326 84325 762
84326 84327 3372
84326 84359 2229
84331 84332 926
84331 84348 521
90770 84346 1184
84301 84300 2439
84302 84300 703
84303 84300 585
84303 90766 170
84333 84332 1780
84333 84334 1336
84333 84337 770
84325 84324 2372
84325 84326 762
84327 84326 3372
84327 84328 5677
90766 84303 170
84334 84333 1336
84334 84335 445
84334 84336 938
84335 84334 445
84336 84334 938
11
84783
84253
84384
82755
82750
84729
84735
84370
84740
84361
84350
