132
247259 247258 746
247258 247259 746
247268 247379 5012
244014 244016 3019
244016 244014 3019
244259 244261 1217
244261 244259 1217
247379 247268 5012
247379 247398 804
247398 247379 804
247426 247427 980
247427 247426 980
247494 247496 1128
247496 247494 1128
247496 247882 782
247882 247496 782
258447 258364 976
258364 258447 976
258495 258535 3383
258498 258535 1398
258535 258495 3383
258535 258498 1398
258467 258466 487
258466 258467 487
260486 260489 1356
260496 260489 1150
260527 260528 610
260528 260527 610
260528 260529 1447
260528 260539 1301
260212 260214 919
260214 260212 919
260221 260220 566
260220 260221 566
260235 260236 535
260482 260477 1454
260482 260484 503
260487 260290 1546
260487 260484 1483
260484 260482 503
260484 260483 1375
260484 260487 1483
260489 260483 1060
260489 260486 1356
260489 260496 1150
260245 263786 4638
260295 260294 503
260304 260294 1842
260304 260307 1360
260298 260299 482
260307 260304 1360
260307 260306 905
260529 260528 1447
260529 260539 1671
260529 260540 1079
260531 260540 924
260552 260542 929
255008 255016 1746
255015 255016 335
255266 255273 3616
255266 255275 893
255269 255275 395
255272 255273 144
255272 255308 2264
255306 255308 133
255323 255308 6891
255150 255149 1807
255173 255172 7334
257573 255172 7958
262338 262401 813
262404 262401 824
260553 260554 805
260553 260556 1678
260554 260553 805
260554 260558 1204
257228 257180 2986
257268 257180 949
257178 257179 823
257178 257184 580
257179 257178 823
257179 260563 2463
260236 260235 535
260477 260482 1454
260477 260483 1012
260290 260306 929
260290 260487 1546
260483 260477 1012
260483 260484 1375
260483 260489 1060
263786 260245 4638
260294 260295 503
260294 260304 1842
260299 260298 482
260306 260290 929
260306 260307 905
260539 260528 1301
260539 260529 1671
260540 260529 1079
260540 260531 924
260542 260552 929
260542 260556 924
255016 255008 1746
255016 255015 335
255275 255266 893
255275 255269 395
255273 255266 3616
255273 255272 144
255308 255272 2264
255308 255306 133
255308 255323 6891
255149 255150 1807
255172 255173 7334
255172 257573 7958
262401 262338 813
262401 262404 824
260556 260542 924
260556 260553 1678
260556 260558 562
260558 260554 1204
260558 260556 562
257180 257228 2986
257180 257268 949
257184 257178 580
260563 257179 2463
258855 258856 448
258856 258855 448
258834 258835 1288
258835 258834 1288
244427 244430 832
244430 244427 832
247244 247246 344
247246 247244 344
157
260236
260477
260290
260483
263786
260294
260299
260306
260539
260540
260542
255016
255275
255273
255308
255149
255172
262401
260556
260558
257180
257184
260563
5571
241030
258746
258855
258856
258822
255341
258834
258835
258841
258830
258704
258712
258719
258944
240531
240534
258960
258961
258962
258949
258950
262076
258090
258085
258084
258990
258071
258076
258164
258134
258138
258151
258174
244311
258145
244627
244629
244427
244430
244444
244469
244463
244452
243767
261419
244485
244513
244529
247200
247244
247246
247256
247259
247268
247378
244014
244250
244021
244016
261663
244259
244261
244005
244277
244285
261551
244089
244099
244113
244230
244105
244238
244235
244242
247379
247385
247398
247391
247413
247427
247431
247450
247489
247497
247890
247896
258447
258364
258365
258397
258407
257674
258470
258464
258495
258498
258499
258605
259900
260496
260527
263849
259932
259934
260224
260221
260228
260243
260247
260135
260137
260487
260295
260304
260298
260307
260531
260552
255008
255015
255266
255269
255272
255306
255150
255173
262338
260553
260554
257228
257268
257178
257179
