62
182835 182836 2618
182836 182835 2618
182836 182860 1267
182860 182836 1267
182862 182869 1022
182869 182862 1022
183697 183629 841
183629 183697 841
174040 172900 452
185232 184012 2691
184012 185232 2691
172900 174040 452
183610 183608 1227
183608 183610 1227
183788 178785 669
178785 183788 669
183047 183051 905
183051 183047 905
183322 183284 2028
183284 183322 2028
210420 210423 346
210423 210420 346
210424 210479 810
210479 210424 810
209520 209521 763
209521 209520 763
210107 210111 1741
210141 210111 709
210111 210107 1741
210111 210141 709
210154 210160 395
210160 210154 395
210194 210210 1011
210210 210194 1011
162820 162827 355
162827 162820 355
163091 163090 276
163090 163091 276
162852 162856 879
162898 162897 2981
162856 162852 879
162897 162898 2981
210507 210506 670
210506 210507 670
179203 179205 2213
179205 179203 2213
181575 181639 947
181639 181575 947
184473 184479 1823
184470 184537 747
184537 184470 747
184398 184396 709
184531 184530 1848
184556 184555 552
184530 184531 1848
184396 184398 709
184555 184556 552
184479 184473 1823
183034 183177 782
183177 183034 782
185805 185802 287
185802 185805 287
167
181567
181580
181575
181639
181637
184473
184470
184475
184537
184477
184490
184469
184393
184398
184383
179583
184522
184524
184531
184556
184530
184396
184555
163074
163083
163080
163125
163109
183100
183117
183139
183127
184617
184638
184666
184623
184640
184642
184685
184479
184508
184519
184653
184648
185730
183111
183034
183177
183145
183156
183148
183174
181732
181739
181745
181709
181712
182671
182759
180852
181603
185805
181611
181682
181686
181684
181693
181649
181673
181679
181658
181701
182041
182059
182046
185802
182695
182825
182842
182841
182844
182835
182862
182869
180331
182863
182882
183495
183480
183679
183629
183632
183717
183645
174040
174028
183469
183484
183999
184012
174065
174063
174038
183295
183311
183735
183738
183610
183745
183746
183608
183788
178785
183047
183051
183238
183243
183304
183307
183319
183322
183284
163249
210419
210423
210424
210403
209265
209515
209520
209521
209543
209601
209609
209611
209624
209658
210141
210140
210111
210160
210189
210218
210193
210194
210210
210213
162686
162814
162827
162850
162553
163090
162876
162890
162852
162898
162899
162856
162897
196007
210508
210489
178699
179203
179205
179274
