42
74301 74303 2016
74303 74301 2016
74515 74516 2374
74516 74515 2374
74516 74525 2535
74446 74698 337
74698 74446 337
74525 74516 2535
171794 171796 782
171796 171794 782
171750 171813 2113
171813 171750 2113
95853 95854 1964
95854 95853 1964
96179 96176 586
96176 96179 586
96313 96312 1025
96312 96313 1025
96316 96324 1904
96323 96324 355
96324 96316 1904
96324 96323 355
100223 100225 975
100225 100223 975
100301 100303 1946
100303 100301 1946
123513 123514 398
123514 123513 398
67109 67108 893
67108 67109 893
67060 67061 518
67061 67060 518
67118 67144 2049
67144 67118 2049
67011 67230 872
67230 67011 872
67254 67256 667
67256 67254 667
70916 70918 562
70918 70916 562
71363 64829 1253
64829 71363 1253
150
124602
124613
124646
124651
124733
124754
124725
120264
124741
124744
120274
120276
120280
123513
123514
66772
67048
67097
67109
67119
67108
67057
67060
67077
67073
67083
67075
67086
67061
77709
67118
67144
67742
66859
67011
67230
67012
67017
67033
66853
66854
60591
66874
66880
67254
67256
76992
67153
67168
67029
70916
70918
70898
70935
70909
70943
67333
67370
67390
77813
67380
71363
76481
64829
70749
70767
70769
70891
70905
70765
64558
64580
64585
70781
70787
70796
64785
64786
64788
64796
64754
64805
64715
64819
64820
70832
74402
74395
74397
74829
74834
74885
74820
74827
74303
74083
74162
74515
74516
74442
74431
74432
74942
74525
74650
75018
75128
75036
74706
74658
77292
74663
215192
171006
171017
171072
171097
171788
171794
171750
171813
171820
171872
171882
171879
171863
171001
95854
96167
96200
96279
96302
96304
96312
96316
96614
96556
96531
94597
100223
100225
100278
100280
95820
100282
95835
99805
100379
100101
100125
