102
244854 244855 335
244855 244854 335
245297 245299 1637
245299 245297 1637
245073 245074 251
245079 245083 1569
245089 245361 1043
245074 245073 251
245361 245089 1043
245190 245191 906
245200 245046 1331
245202 245046 2247
245191 245190 906
245046 245200 1331
245046 245202 2247
245083 245079 1569
245619 245716 1510
245716 245619 1510
245742 245808 1387
245808 245742 1387
247642 247640 1848
247642 247643 1065
247642 247644 1761
247643 247640 1407
247643 247642 1065
247644 247642 1761
247644 247649 2413
247644 247650 2270
247650 247644 2270
247650 247651 2140
247926 247927 2361
247928 247938 201
262297 247941 133
246740 247930 6750
247935 247930 1719
248096 248089 1583
248098 248089 2088
248093 248092 238
248100 248091 402
256270 256215 435
256336 256215 745
256336 256243 730
256338 256243 680
256338 256342 888
256342 256250 731
256342 256338 888
256356 256250 1619
256356 256358 732
256358 256356 732
256358 256357 1625
256358 256363 800
256365 256362 735
261622 256364 84
256508 256507 1428
256510 256507 686
247640 247642 1848
247640 247643 1407
247649 247644 2413
247649 247651 1611
247651 247649 1611
247651 247650 2140
247927 247926 2361
247938 247928 201
247941 262297 133
247930 246740 6750
247930 247935 1719
248089 248091 1444
248089 248096 1583
248089 248098 2088
248092 248093 238
248091 248089 1444
248091 248100 402
256215 256270 435
256215 256336 745
256243 256336 730
256243 256338 680
256250 256342 731
256250 256356 1619
256250 256357 745
256357 256250 745
256357 256358 1625
256362 256363 832
256362 256365 735
256364 261622 84
256507 256508 1428
256507 256510 686
256363 256358 800
256363 256362 832
248125 248129 1919
248129 248125 1919
255596 255601 1084
255599 255601 713
255601 255596 1084
255601 255599 713
256276 256279 834
256279 256276 834
256279 256281 841
256281 256279 841
257032 257033 930
257033 257032 930
257128 257136 649
257136 257128 649
165
247640
247649
247651
247927
247938
247941
247930
248089
248092
248091
256215
256243
256250
256357
256362
256364
256507
256363
256489
256464
248125
248129
248134
248309
255596
255599
255584
255601
255624
255577
255646
255670
256276
256279
256281
256293
256537
256566
256857
256858
256860
238930
263079
263080
238884
238285
238304
238302
238310
238283
238294
257022
257032
257033
257039
257052
257120
257128
257136
257138
257139
238892
238893
238686
238944
238917
238918
239026
262839
244686
239020
239029
239038
239043
257917
257929
238831
238824
239097
242840
242844
239094
239089
242868
242869
242736
242946
243200
262134
242755
243268
243351
263627
243348
243376
243385
261371
243392
243393
261345
261347
244855
244650
244900
244901
244995
256547
244919
245297
245299
263482
245073
245038
245079
245089
235631
245186
245188
245190
245133
245194
245196
245039
245083
245219
245236
245600
245605
245606
245613
245740
245808
245813
245815
245852
243180
243186
243195
243152
242825
243019
243021
243115
243120
243141
243145
244044
245854
245888
247650
247928
246740
247935
248096
248098
248093
248100
256270
256336
256338
256342
256356
256358
256508
256510
