62
39294 39296 581
39296 39294 581
39296 39302 2282
39302 39296 2282
38346 38348 1180
38348 38346 1180
38455 38459 667
38458 40238 629
40231 40234 2224
40234 40231 2224
40238 38458 629
40238 40227 1063
40227 40238 1063
38459 38455 667
40366 40368 1299
40368 40366 1299
40718 40717 668
40754 40757 819
40755 40757 1910
40755 40758 892
40757 40754 819
40757 40755 1910
40758 40755 892
40717 40718 668
40717 40769 2422
56326 56328 677
56328 56326 677
39022 39016 1206
40769 40717 2422
39016 39022 1206
41577 41576 697
41576 41577 697
41580 41574 1483
41574 41580 1483
41574 41593 452
41593 41574 452
41593 47672 924
47672 41593 924
47672 47662 1085
47662 47663 2614
47662 47672 1085
47791 47795 1786
47795 47791 1786
47816 48479 1062
48479 47816 1062
47665 47663 2481
47670 47732 828
47732 47670 828
47663 47662 2614
47663 47665 2481
47736 47771 849
47771 47736 849
48085 48112 560
48112 48085 560
114352 114338 1694
114338 114352 1694
104063 104082 1483
112541 112560 1813
112543 112549 750
112549 112543 750
112560 112541 1813
104082 104063 1483
160
114084
114228
114237
114115
114328
114352
114338
114271
114283
109238
103277
107540
109393
109573
109657
109673
109642
109651
109621
109730
109981
110008
110126
110127
109998
110132
110137
110180
103300
103297
111274
111271
111304
105579
110816
110757
110813
111397
111388
111400
104056
104063
104117
104182
104269
103947
103951
103958
103978
105769
112829
103974
104012
104027
112488
112541
112543
112549
112552
112560
112755
112636
110909
110924
112509
112517
112524
112533
104184
104213
104254
104179
104194
104045
104082
104000
104708
104007
104175
104203
104248
104261
39123
39109
39118
39287
37225
37224
37117
37213
37220
38346
38348
38355
38412
38434
38450
38455
40231
40234
40241
40253
40227
38471
38472
40246
38466
38563
38566
38571
40343
40350
40356
40366
40407
40671
40723
40680
40700
40707
40714
40718
40755
40717
56327
39010
39014
39011
40766
39016
41577
41576
41580
41574
47782
47787
47795
47665
47670
47697
47732
47663
47736
47771
47813
47806
47807
48095
48067
48085
48087
47971
48030
48012
48026
48010
48038
48043
48092
48171
