32
235924 235914 1448
235914 235924 1448
231573 231575 1234
231575 231573 1234
232826 232829 252
232829 232826 252
232831 232832 610
232832 232831 610
11057 11058 1889
11058 11057 1889
133240 133241 551
133241 133240 551
133251 134594 840
134594 133251 840
134594 134595 840
134595 134594 840
133373 133399 516
133381 133436 747
133399 133373 516
133436 133381 747
133391 133646 2040
133646 133391 2040
133680 133682 1530
133682 133680 1530
133819 133820 826
133820 133819 826
134030 134031 1830
134031 134030 1830
137407 138716 635
138716 137407 635
235813 235818 424
235818 235813 424
164
134295
134415
134416
133209
133240
133248
133241
133251
134594
133493
133509
134595
133504
133373
133515
133521
133522
133380
133381
133399
133436
133388
133391
133646
133655
133640
133641
133680
133682
133708
133814
133819
133820
251383
133859
133838
133879
133882
134004
134030
134031
134036
137307
137314
137383
133886
138721
138722
137407
138716
236065
235670
236066
251123
236056
251118
236088
236090
236094
236099
236146
236174
235673
235678
236159
236161
236167
235681
235807
262167
235813
235818
235821
235849
235853
235837
235815
235799
235803
235871
235885
235913
235921
235884
235914
235917
231190
231196
231197
231673
230615
231683
231695
231699
231756
231742
231652
231663
231642
231182
230555
231750
231516
234894
231377
231386
231543
231463
231472
231562
231573
231575
232995
232998
231623
234940
233004
234433
231684
231688
231802
231758
231791
231819
230743
230771
230748
232326
232332
231815
230835
230848
230854
232302
232311
232335
232289
232344
232348
232415
232502
232509
232546
232598
232614
232610
232772
232780
232791
232826
232831
232832
10057
10770
10793
10828
11145
10885
11053
11051
11107
11113
14264
14290
