34
169259 169455 1624
169455 169259 1624
169458 169459 874
169459 169458 874
101801 101809 650
101809 101801 650
93242 93243 434
101690 93345 2616
93345 101690 2616
93671 93672 48
93671 93672 48
93672 93671 48
93672 93671 48
93243 93242 434
118646 118648 473
118648 118646 473
161481 161483 782
161483 161481 782
161484 161508 1124
161508 161484 1124
161856 161862 817
161862 161856 817
161994 161997 1165
162002 162009 2183
161997 161994 1165
161997 162000 1631
162000 161997 1631
162009 162002 2183
169605 169595 1354
169595 169605 1354
170445 170456 907
170456 170445 907
170535 170542 984
170542 170535 984
157
168341
168344
168355
168367
161481
161483
161484
161488
161458
161508
161856
161862
161851
161855
161994
213268
162011
162002
161997
162000
162163
162184
162009
162105
162112
162187
159968
162220
172555
169580
161817
169601
169604
169605
169595
169174
169245
169217
169192
169267
169269
169262
169290
170497
168325
170500
168342
168349
170532
170062
170445
170456
170459
170469
170535
170481
170487
170542
170049
170043
170046
169528
169550
169867
169873
169475
169477
169527
169966
169956
169909
169922
169976
169985
169865
170087
170090
169024
169200
169259
169455
169458
169459
169466
169471
169514
172807
118534
95013
95137
95024
97395
94252
94280
94292
108749
108901
108990
101797
101801
94164
101809
94324
94326
94247
94201
101784
94178
102411
101787
97419
97455
97461
97452
103148
97637
97638
93289
93291
94639
94643
95576
102272
101690
101843
93345
93656
94068
93671
93238
93241
98527
98490
98493
98502
191138
194316
191414
191208
191387
118687
118705
119500
118646
118648
108935
108967
109009
109026
109027
109074
110494
109188
109212
35490
109200
109107
