80
142352 142351 2461
142223 142349 1384
142351 142349 873
142351 142352 2461
141510 141525 130
151867 151671 1386
151962 151869 417
151671 151867 1386
151869 151962 417
141525 141510 130
141674 141672 1827
141820 141790 1643
141672 141674 1827
141790 141820 1643
55942 56058 374
56058 55942 374
56058 56060 202
56060 56058 202
56060 56064 1366
56064 56060 1366
56064 56077 1366
56077 56064 1366
56196 56216 1104
56216 56196 1104
56216 56222 436
56222 56216 436
56258 56254 706
56254 56258 706
196673 196675 1735
196675 196673 1735
204335 204342 881
204337 204342 679
204342 204335 881
204342 204337 679
204403 204759 956
207202 207203 670
204759 204403 956
207203 207202 670
207648 207651 237
207651 207648 237
207263 207260 684
207260 207263 684
207264 207265 888
207265 207264 888
146000 143288 836
143288 146000 836
203986 203993 231
203993 203986 231
204000 204060 778
204060 204000 778
49500 49502 738
49502 49500 738
53753 54768 605
54768 53753 605
144423 144424 375
144424 144423 375
144433 144439 936
144439 144433 936
144439 144443 255
144443 144439 255
196346 196357 1177
196357 196346 1177
140140 141475 784
141475 140140 784
141475 141476 990
145410 141474 289
141476 141475 990
141474 145410 289
143900 143899 70
143899 143900 70
140216 140115 1235
140115 140216 1235
189982 190008 526
190008 189982 526
142349 142223 1384
142349 142351 873
142360 142359 1664
142359 142360 1664
142390 142389 1264
142389 142390 1264
172
49429
49424
49475
49500
49502
49278
49253
49261
49484
49570
53786
53753
54768
144423
144424
144430
144370
144361
144350
144229
144340
142422
142430
142427
142431
144433
144439
144443
144445
144576
144585
144588
196685
195580
195581
196343
196346
196357
196367
196406
196421
140140
141475
141487
141499
141498
151894
146581
151959
151974
145410
141476
141477
141474
189836
189839
143900
140000
139838
139839
143899
139843
140005
140006
140012
140212
140216
140164
140115
189982
190008
190057
186891
190051
190054
142349
142360
142359
142390
141441
142405
142389
142183
142229
142236
142352
142351
141507
151867
151902
149273
149783
151869
141525
151829
142249
141820
141834
141672
141678
141787
141790
142180
142258
55942
55975
55977
56077
56088
56191
56196
56222
56258
56254
56284
56294
190542
190548
196672
196673
196675
196904
196907
204082
204291
204298
204335
204337
204342
204379
204390
204402
207202
207203
207213
197331
207651
207654
207234
207238
207233
207246
207263
207260
207264
207265
207266
207664
196875
196889
196839
196927
145437
145967
145973
145997
142363
151349
151356
151351
151316
151322
151323
151320
151327
151332
151326
203993
204000
204060
204057
204063
