58
228640 228636 980
228640 228648 1741
228653 228655 667
228659 228655 1178
228659 228703 1261
228703 228659 1261
228703 228661 1225
228562 228561 1483
228561 228562 1483
228648 228640 1741
228648 228655 1507
228655 228648 1507
228655 228653 667
228655 228659 1178
228661 228703 1225
228790 228793 1114
228793 228790 1114
226516 226517 804
226517 226516 804
226531 226532 626
226532 226531 626
226609 226610 1010
226610 226609 1010
229575 229578 550
229578 229575 550
228834 228835 1119
228835 228834 1119
8111 8110 3989
228859 228860 2358
228860 228859 2358
8110 8111 3989
8171 8179 1588
8179 8171 1588
8179 8189 762
8189 8179 762
9145 9148 1313
9148 9145 1313
139063 139085 1280
138473 137909 1944
137909 138473 1944
137915 138496 2628
138496 137915 2628
139092 139093 676
139093 139092 676
139096 139191 966
139191 139096 966
139215 139217 1344
139217 139215 1344
139085 139063 1280
139433 139445 2205
139445 139433 2205
229177 229179 562
229179 229177 562
235393 235395 365
235395 235393 365
229067 229478 1802
229478 229067 1802
228636 228640 980
156
139063
138487
138473
138476
137909
137914
137915
138496
138505
138550
138559
138635
139070
139064
139066
139562
139069
138690
139021
139092
139187
139121
139093
139096
139191
139215
139217
139085
139088
139120
139433
139445
139464
228747
234740
228833
229538
229603
229589
225334
225973
225987
225995
225361
234853
226645
228978
228984
225268
229008
229009
229017
229051
229153
229150
229151
229119
229175
229168
229177
229179
229216
235393
234454
234540
235395
234597
226647
229048
229067
229478
229494
229496
229534
234993
228537
228542
228612
228604
228605
228636
228668
228206
228687
229186
229196
228595
228597
234747
228562
228587
228561
228322
228348
228376
228714
234721
228803
228805
228705
228459
228790
228793
226669
226300
226212
226193
226216
226500
226503
226516
226517
226512
226531
226532
226577
226579
226610
226672
229575
229578
225431
234652
228834
228835
228838
228853
8111
228859
228880
8080
8082
8811
8110
8171
8179
8189
8198
8201
8391
8393
8399
8416
8810
9077
9099
9158
9148
9247
9184
9195
9187
9211
9560
9587
9606
