36
96703 96709 556
96709 96703 556
96808 96809 709
96809 96808 709
96839 96843 818
96843 96839 818
99872 99955 1531
99955 99872 1531
99978 99979 1234
99979 99978 1234
100031 102790 666
102790 100031 666
101389 101410 1304
101397 101398 392
101402 101403 337
101403 101402 337
101410 101389 1304
101398 101397 392
101498 101500 984
101500 101498 984
121700 121703 1018
121703 121700 1018
75050 75057 698
75057 75050 698
87256 87257 518
87257 87256 518
74495 74503 2513
74503 74495 2513
171716 171722 2447
171738 171731 333
171722 171716 2447
171731 171738 333
170309 170338 1000
170338 170309 1000
171994 171991 2447
171991 171994 2447
155
74041
74047
74053
74060
73210
74033
73387
74098
74107
74034
74140
74918
74919
78739
74465
74458
74227
75013
75046
75050
75057
75063
75101
75103
75104
76122
76149
76178
76259
76260
87256
87257
87315
76209
76218
76100
75175
76221
87201
87172
87929
87971
87973
74718
74776
78283
77296
74205
73651
74561
74620
74634
75453
77327
75290
74495
74503
74753
170317
170335
170340
171716
171738
171722
171731
170309
170338
170396
170398
170409
170411
171916
171900
171994
171991
171961
171966
171975
172015
172024
172029
172006
172008
172011
96643
96702
96703
96704
96709
96663
96789
96791
96808
96809
96843
97052
97053
97105
97139
102623
97198
97215
97220
97225
97231
99687
99701
99706
99711
99712
99978
99931
99876
99891
99985
99983
99989
100031
102790
100013
100038
100517
100583
101425
100544
100030
103016
101233
101037
101049
101051
101382
100892
101402
101385
101410
101398
103083
101150
102132
101167
101333
101055
101249
101239
101240
101251
101496
101500
100927
100638
100854
100852
100912
121703
