56
247117 247144 1541
247144 247117 1541
247119 247121 1208
247121 247119 1208
247121 247153 876
247153 247121 876
264052 253944 759
253944 264052 759
254735 254736 604
254736 254735 604
255755 255756 536
255756 255755 536
255886 255888 610
255888 255886 610
255888 255898 1220
255898 255888 1220
255898 255903 1031
255903 255898 1031
257383 257386 3870
257383 257434 4106
257386 257383 3870
257386 257387 1144
257434 257383 4106
257387 257386 1144
257421 257424 344
257424 257421 344
257415 257454 872
257454 257415 872
238031 238029 1329
238031 238033 1328
238033 238031 1328
238030 238029 1681
238029 238030 1681
238029 238031 1329
257521 257548 847
257548 257521 847
238051 238053 6355
238053 238051 6355
262155 261130 4017
242815 242813 5772
261130 262155 4017
242583 242584 2711
242813 242815 5772
242584 242583 2711
239922 239920 513
239920 239922 513
244762 244767 449
244767 244762 449
240277 241433 442
241433 240277 442
261828 261831 319
261831 261828 319
246818 246867 1299
246867 246818 1299
247127 247129 1593
247129 247127 1593
151
239546
239569
242584
239439
239407
239770
239917
239922
239920
239925
239948
240141
240161
240183
240229
240187
241114
241117
241119
241455
241100
244657
244658
244662
241141
244762
244767
244769
241182
241299
241317
241426
240277
241433
242258
245152
242256
241435
241436
241453
241463
245962
245966
262231
246002
246005
246006
246077
246078
246038
246118
246128
261828
246099
246103
261831
246398
246395
246146
246147
261283
246179
246181
246187
246818
246763
246883
246867
246874
246801
246820
246988
247012
247084
247108
247127
247129
252625
246975
247117
247119
247121
247153
252632
248246
253906
253913
253924
253941
253944
254719
254730
254735
254736
254276
254280
261437
255739
255763
255785
254124
254714
255684
255756
255873
255886
255898
255967
257383
257434
257387
257424
257427
257430
257406
257415
257469
257471
257486
257497
238033
238030
238223
238000
238006
238010
237990
257520
257521
261442
238047
238049
238051
238053
238343
237976
237304
237331
238504
263108
238540
238592
238602
262155
263077
242816
242583
242586
261916
242813
239584
