68
35654 35653 1008
37431 37713 807
37438 37434 650
37713 37431 807
37708 37707 2280
37710 37707 873
35855 35858 828
35858 35855 828
37707 37708 2280
37707 37710 873
35899 35894 612
35894 35899 612
36005 37862 2365
37862 36005 2365
41438 41454 713
41454 41438 713
46679 46686 713
46685 46696 1457
46686 46679 713
46696 46685 1457
46783 46784 1419
46784 46783 1419
46766 46767 928
46767 46766 928
46474 46471 841
46471 46474 841
126885 126884 1534
127205 127210 673
127210 127205 673
127212 127214 1228
127177 127214 848
127214 127177 848
127214 127212 1228
127077 127179 1185
127179 127077 1185
127185 127186 518
127186 127185 518
127280 127311 1483
127311 127280 1483
127318 127337 843
127337 127318 843
127338 127340 850
127340 127338 850
126895 46202 452
46202 126895 452
126842 126841 1865
126841 126842 1865
126884 126885 1534
46193 46191 610
46191 46193 610
108970 108975 2352
108975 108970 2352
50213 50214 806
50214 50213 806
109112 109147 562
109147 109112 562
36047 36009 3288
36009 36047 3288
44188 50513 299
50513 44188 299
35758 35771 3188
35771 35758 3188
37434 37438 650
35672 35665 84
35665 35672 84
35626 35630 168
35630 35626 168
35653 35654 1008
166
191216
191281
118492
191371
191283
118611
118678
118620
118700
118702
108910
50097
108941
108917
50222
108988
108970
108975
50213
50214
50217
109112
109180
109148
109040
109170
109143
109147
36047
35568
36142
36143
35552
35565
36056
36062
36067
36174
36173
36256
36259
36264
36340
36341
36009
50199
35509
50209
36018
44174
46434
35689
44158
44162
44188
50513
35696
44179
44576
44579
41727
50544
44594
50533
50536
35715
35728
35767
35743
35758
35771
37401
37411
37434
35672
36229
35665
35626
35634
35630
35639
36218
36268
36276
35653
35664
35667
35654
37431
37438
37714
37719
37717
37710
35855
35858
35880
35891
37707
35873
35986
37833
37848
37868
44369
37869
36005
36002
41424
37862
41416
41448
41438
46580
46585
46613
46616
46623
46679
46683
46685
46696
46783
46766
46786
46726
46767
46770
46720
46711
46466
46471
47036
126885
127205
127210
127212
127177
127178
127214
127067
127116
127074
127077
127117
127134
127078
127185
127186
127285
127280
127311
127318
127337
127340
126895
46202
132311
126825
126868
126859
126836
126882
46193
46181
46191
