72
195267 195268 1029
195268 195267 1029
214439 214436 1031
214436 214439 1031
141280 141281 314
141281 141280 314
140872 140874 531
140874 140872 531
140937 140955 1268
140955 140937 1268
140955 140957 1434
140957 140955 1434
140973 141194 391
141194 140973 391
141194 141192 279
141192 141194 279
186300 186542 851
186542 186300 851
186542 186549 749
186659 186676 77
186549 186542 749
186675 186678 115
186678 186675 115
186678 186685 678
186676 186659 77
186685 186678 678
186709 186712 243
186712 186709 243
186735 186773 820
186773 186735 820
186819 186894 1077
186819 186909 762
186910 186909 730
186862 186861 863
186877 186904 1586
186904 186877 1586
186904 186905 557
186861 186862 863
186894 186819 1077
186894 186911 732
186911 186894 732
186911 186909 1049
186909 186819 762
186909 186910 730
186909 186911 1049
186905 186904 557
140674 140729 951
140729 140674 951
140729 140730 421
140730 140729 421
55663 55666 84
55660 55666 1004
55666 55660 1004
55666 55663 84
55826 55827 709
55827 55826 709
189807 189809 1292
189807 189814 791
189809 189807 1292
189814 189807 791
190228 190225 360
190225 190228 360
25306 18984 1762
18984 25306 1762
26370 26372 976
26372 26370 976
26372 26703 1762
26703 26372 1762
26359 26348 2012
26348 26359 2012
29432 29433 2035
29433 29432 2035
168
17936
17890
17929
17909
18729
17960
17894
18512
18229
18307
18561
18751
18802
18835
18824
18830
18846
25306
18984
18992
18994
25357
25362
25300
25307
25354
25348
25369
34147
26728
26738
26818
26909
26743
26744
26696
26702
26708
26704
26690
26370
26372
26703
26367
26369
26363
26393
26395
26403
26408
26359
26432
26483
26487
26492
26527
26342
26303
26341
26348
26349
26346
26352
26355
26407
26530
26525
20499
53345
53381
17202
29432
29433
52924
53373
53365
53368
53390
54844
54972
54973
55576
55579
55634
55654
53663
53666
53703
53735
141178
141183
141187
141222
141184
195356
214438
214439
214436
195360
195361
141273
141280
141281
144183
144189
146855
140872
140869
140874
140880
140894
140898
140955
140951
140957
140968
140973
141192
186274
186297
186300
186542
186647
186659
186549
186553
186678
186685
186690
186709
186712
186727
186735
186773
186779
186790
186807
186902
186933
186862
186877
186783
186861
186894
186899
140643
140648
140698
140701
140723
140737
140640
140665
140671
140672
140674
55660
55669
55824
55875
55903
189807
189809
186277
190248
189814
190225
190211
