46
254759 254758 238
254258 254264 536
255800 255798 2131
255800 255801 923
255792 255753 946
255792 255759 1972
254118 254120 1279
254120 254118 1279
255753 255792 946
255759 255792 1972
255759 255877 1072
255877 255759 1072
255881 255882 279
255882 255881 279
255798 255800 2131
255801 255800 923
255801 255958 903
255958 255801 903
257477 257478 2174
257478 257477 2174
237996 237997 255
237997 237996 255
257528 257525 2823
257525 257528 2823
238584 238591 1486
239555 239554 341
242590 239556 785
239554 239548 754
239554 239555 341
238591 238584 1486
239548 239554 754
239556 242590 785
239733 239740 692
239740 239733 692
239869 239870 756
239870 239869 756
239878 239879 519
239879 239878 519
239933 239935 1669
239935 239933 1669
247026 247027 445
247027 247026 445
254242 254245 2388
254245 254242 2388
254264 254258 536
254758 254759 238
165
242284
242291
242261
241397
241396
241420
242228
245942
245945
245955
245965
245971
245974
246011
245991
246074
246082
246085
246087
246105
246092
246098
246109
246402
246251
246261
246270
246419
246404
246374
246429
246442
246189
246827
246857
246872
246879
246802
246807
246822
246824
246826
246908
247013
247026
247027
261214
246964
252495
252507
252509
252626
252573
252628
252640
246971
246977
252483
246980
247122
247125
252636
253918
252656
252658
253910
253920
253953
253945
254129
254235
254223
254242
254245
254255
254232
254264
254758
255773
254284
254759
254754
254258
254260
254268
255770
255789
255792
255797
251494
254114
254118
254120
254133
255753
255877
255958
255963
257478
257480
257500
237993
237923
237986
257528
257525
237978
237294
237292
237317
237324
237642
238498
238501
238511
238523
238554
238565
238596
238588
261521
238581
238584
238586
239555
239554
242609
239614
239618
238886
261135
239494
239495
239514
237822
237828
237830
237833
237841
237848
237869
239544
239447
239404
239408
239371
239724
239733
239740
239742
239746
239798
239806
239807
239846
239869
239818
239823
239870
239878
239826
239879
239875
239880
239935
