46
74328 74332 792
74306 74308 676
74308 74306 676
74332 74328 792
72797 72798 337
72798 72797 337
216879 216910 739
216910 216879 739
217093 217096 815
217096 217093 815
217096 217115 729
217115 217096 729
217141 217142 454
217143 217142 1097
217972 217818 577
217142 217141 454
217142 217143 1097
217818 217972 577
217080 217079 1794
217079 217080 1794
96101 96104 789
96104 96101 789
100135 100134 79
100134 100135 79
96585 96572 975
96572 96585 975
99296 99297 3511
99297 99296 3511
67575 67576 1051
67576 67575 1051
67591 67590 905
67590 67591 905
67782 67766 1726
67148 67761 943
67761 67148 943
67766 67782 1726
67266 67282 1659
67282 67266 1659
72978 72980 987
72980 72978 987
70961 71039 3122
71039 70961 3122
70987 70981 2002
70981 70987 2002
71057 71268 949
71268 71057 949
155
125029
125033
120303
120318
120323
120346
120349
120368
66786
67806
67825
67575
67576
67591
67590
67797
67808
67786
67831
67782
67148
67210
67761
67766
67268
67271
67266
67282
67302
67434
67440
66834
67200
72945
72948
72961
72968
72976
72978
73024
72980
73029
73030
71101
71088
70961
71039
71040
67363
67365
67500
67542
67522
67524
71344
71762
71357
71447
70987
70990
70981
70997
71029
71033
76477
71057
70822
70815
71268
71304
71317
67488
67552
72746
74326
74327
74328
74306
74308
74093
63853
74252
74369
74373
74376
74385
74387
74648
74651
72769
72777
72790
72850
72791
72797
72798
216910
217093
217096
217115
217119
217141
217080
217079
217084
217091
171088
171099
171117
171668
171855
171837
171052
171061
95948
96094
96101
96109
96146
96157
96259
95945
95975
96045
96262
96483
102518
102639
96508
96469
100166
94583
100235
100243
100270
100293
100358
99497
99491
100109
100455
99506
99556
96564
96594
96567
96585
96572
96590
96601
99296
99297
99327
99511
99479
