86
144364 144365 816
195554 195566 801
195566 195554 801
196327 196326 563
196326 196327 563
196324 196317 217
196317 196324 217
141413 141414 755
141413 141416 1907
141416 141413 1907
189912 189940 830
189940 189912 830
189954 189952 458
189952 189954 458
189959 189955 618
140062 140064 305
140064 140062 305
140090 141455 853
141455 140090 853
141456 141452 1399
141452 141456 1399
189955 189959 618
190031 190043 1023
190090 190045 646
190090 190089 1131
190089 190090 1131
190093 190086 285
190086 190093 285
190096 190095 442
190095 190096 442
190447 190449 272
190449 190321 793
190449 190447 272
190043 190031 1023
190045 190090 646
190321 190449 793
189666 189667 351
189667 189666 351
189667 190075 458
190075 189667 458
142192 142194 1075
142192 142196 730
142194 142192 1075
142196 142192 730
141361 141373 1473
141374 141373 881
141373 141361 1473
141373 141374 881
141375 141370 797
141370 141375 797
141414 141413 755
141679 141683 128
141683 141679 128
141767 141765 715
141768 141745 846
141745 141768 846
141765 141767 715
29340 29334 610
29334 29340 610
29066 29044 1396
29044 29066 1396
52998 52999 1281
52999 52998 1281
53005 53008 2341
53008 53005 2341
53484 53486 1365
53486 53484 1365
54783 54781 1614
54954 55010 276
55010 54954 276
53462 53470 1600
53470 53462 1600
53464 53465 778
53465 53464 778
53529 53535 1117
53535 53529 1117
53535 53590 849
53590 53535 849
49552 49550 667
49550 49552 667
49302 49305 709
49305 49302 709
54781 54783 1614
144219 144218 746
144218 144219 746
144365 144364 816
167
29340
29334
29355
29067
29066
34985
29044
52944
52998
52999
53005
53011
52974
53008
52979
52984
52989
53293
53299
53319
53433
53484
53329
53486
53491
53575
29045
29049
53573
54783
54803
54813
54825
55254
54953
54954
55009
55010
55324
55344
55350
55923
55939
53462
53476
53470
53464
53465
53494
53456
53544
53556
53498
53514
53529
53535
53590
49520
49546
49548
49552
49550
49319
49284
49275
49293
49302
49305
49308
46277
46279
49561
49567
49573
49788
49791
53689
53715
53719
53720
53767
53728
53751
54777
54781
144237
144238
144243
144278
144219
144218
144315
144314
144321
144365
144258
144288
144364
144325
144330
195502
195550
195554
195565
196332
196349
214465
196325
196326
196383
196317
196369
196375
141416
141419
189912
189940
189952
140060
140064
141455
189955
190019
190024
190031
139823
144923
139818
139940
139948
139957
139993
140014
140017
140019
140100
190089
190093
190086
190095
190112
190447
189666
189999
189995
190538
190670
190474
142194
142196
142208
142212
142336
142342
141374
141373
141375
141370
142161
142163
141654
141683
151608
141767
141745
141762
141765
