72
105495 105496 927
29243 29266 788
29265 29357 2281
29357 29265 2281
29357 29356 511
29266 29243 788
29266 29267 788
29267 29266 788
29335 29337 650
29337 29335 650
29356 29357 511
52997 53003 1354
53003 52997 1354
52973 52975 1458
52973 53038 896
53038 52973 896
52975 52973 1458
52980 52982 677
52982 52980 677
52982 52987 1426
52987 52982 1426
53308 53317 452
53317 53308 452
53571 53572 924
53572 53571 924
53572 53574 829
53574 53572 829
54794 54809 276
54809 54794 276
55318 55319 276
55319 55318 276
55319 55321 1146
55321 55319 1146
55321 55323 1682
55323 55321 1682
53453 53454 778
53454 53453 778
53473 53497 1716
53545 53546 222
53546 53545 222
53497 53473 1716
53528 53526 1199
53526 53528 1199
49521 49545 3764
49545 49521 3764
49317 49316 1716
49318 49316 1074
49297 49300 276
49300 49297 276
49316 49317 1716
49316 49318 1074
33787 33788 3060
33788 33787 3060
33788 33808 1560
33808 33788 1560
17349 17350 708
17350 17349 708
18353 18182 1268
18182 18353 1268
113322 113478 796
113478 113322 796
103446 103451 1435
103451 103446 1435
103465 103464 1337
103464 103465 1337
40096 40101 1188
40101 40096 1188
40101 40139 1375
40139 40101 1375
105486 105487 1299
105487 105486 1299
105496 105495 927
158
111927
111974
33686
33714
33718
33719
18180
33779
33787
33788
33825
33808
33853
17194
33890
113197
113449
113202
113212
17349
33872
33867
33868
33886
17350
18353
18354
18182
113319
113322
113413
113463
113478
113459
113291
113204
113454
103437
18473
103432
103442
103496
103446
103450
103532
103723
103719
103722
105417
103455
103451
103465
103464
103466
103574
103592
103651
29004
26117
26136
26157
40096
40118
40101
40139
40122
105269
105180
105233
105235
105270
103765
105509
105515
103676
105486
105487
105516
105491
105496
105497
40138
40157
40159
41281
41308
41313
29224
29226
29241
29021
29262
29263
29265
29266
29267
29335
29086
29337
29331
29332
29059
29081
34986
52992
52997
53004
56637
52965
52975
52987
53297
53308
53303
53430
53434
53485
53487
53493
53572
29445
53582
53587
54794
54809
54811
54824
54826
55265
55268
55323
55925
53459
53458
53469
53454
53473
53540
53546
53557
53497
53510
53528
53526
53592
49519
49522
49523
49521
49549
49298
49317
49318
49285
49272
49276
49300
46276
