68
221168 221164 1087
221207 221334 2361
216428 216414 376
216414 216415 595
216414 216428 376
216415 216414 595
215559 215561 973
215569 215686 1320
215686 215569 1320
215561 215559 973
215900 215904 630
215904 215900 630
215877 215872 122
215872 215877 122
215842 215848 788
215848 215842 788
217274 217277 868
217277 217274 868
217277 217285 809
215932 215940 474
215940 215932 474
217285 217277 809
221317 221318 27
222443 222437 1186
222348 222372 697
222378 222372 1826
222378 222379 999
221318 221317 27
222437 222443 1186
216026 216028 947
216013 216012 1260
216028 216026 947
216012 216013 1260
216012 216018 1353
216018 216012 1353
216039 216132 1389
216132 216039 1389
219632 219641 756
219641 219632 756
219641 219633 1253
219641 219642 770
219642 219641 770
222391 222392 750
222392 222391 750
222392 222394 774
222394 222392 774
222394 222395 476
222395 222389 1760
222395 222394 476
222389 222395 1760
222372 222348 697
222372 222378 1826
222379 222378 999
223543 223537 666
223537 223543 666
72559 72560 1432
72560 72559 1432
220638 220639 827
220639 220638 827
219720 219755 780
219753 219756 1216
219755 219720 780
219756 219753 1216
219633 219641 1253
219357 219318 1697
219318 219357 1697
221334 221207 2361
221164 221168 1087
164
71615
71707
71708
71686
68431
71805
71868
71822
71857
71884
72053
72054
72082
72083
72125
71828
78733
69027
69044
69048
69054
72137
72324
72387
72435
72440
72454
72479
72559
72560
72565
72596
69715
69714
220634
220638
220654
220811
220818
220827
220869
220877
220614
220603
220604
220639
220633
220364
224850
220386
220683
220686
218124
224286
220680
220716
220721
220518
73065
220086
218152
220424
219704
221606
219718
219720
219728
219680
219729
219753
224420
219755
219756
215673
219633
219359
221406
219357
221159
221157
220963
219318
221346
221334
221179
221164
221168
221215
221214
221207
221208
216428
216431
216449
216453
216471
216415
216043
216416
215561
215703
215741
215900
215904
215877
215792
215872
215842
215848
215851
215906
217274
215932
215940
215948
224384
217287
217286
217298
217311
217315
217397
216839
217343
217387
217402
217412
217557
215555
215674
222434
222443
216113
216126
216135
216142
216159
222436
222437
216026
216013
216028
216030
216018
216039
216132
219642
219655
219902
219905
222391
222392
222394
219829
219878
219895
222388
222389
223740
223539
223543
223537
223540
223512
