84
186713 186718 230
186718 186713 230
186736 186778 637
186778 186736 637
186808 186814 1039
186864 186856 794
186814 186808 1039
186786 186857 626
186856 186864 794
186857 186786 626
140722 140724 778
140724 140722 778
140735 140738 637
140738 140735 637
140738 140736 352
140736 140738 352
55900 55901 1449
55901 55900 1449
189812 189813 1136
189812 189819 735
189813 189812 1136
186282 186281 755
189720 190262 542
190244 190247 649
190247 190244 649
190247 190262 1064
190262 189720 542
190262 190247 1064
189819 189812 735
189819 189863 1156
190226 190216 262
189863 189819 1156
190216 190226 262
195395 195397 1681
195397 195395 1681
196161 196163 450
196163 196161 450
196166 196218 363
195869 195870 675
195869 195875 937
195875 195869 937
195875 195872 1186
195875 195876 772
195872 195875 1186
195878 195874 629
195874 195878 629
195876 195875 772
196218 196166 363
195870 195869 675
196035 196032 163
196032 196035 163
202756 202799 1134
202801 202799 988
202801 202802 505
202802 202801 505
202799 202756 1134
202799 202801 988
202814 202815 853
202814 202816 1990
202815 202814 853
202816 202814 1990
203235 203242 1975
203242 203235 1975
203481 204146 896
204146 203481 896
204146 203530 629
203530 204146 629
26381 26380 927
26380 26381 927
26428 26418 1274
26418 26428 1274
26338 26328 806
26328 26338 806
56756 56758 95
56758 56756 95
195386 195385 1240
195385 195386 1240
140976 140972 975
140972 140976 975
140972 141196 1224
141196 140972 1224
186281 186282 755
186536 186539 851
186539 186536 851
161
26381
26319
26237
26287
26301
26380
26385
26390
26428
26439
26440
26513
26334
29168
26413
26340
26416
26418
26415
26338
26328
26362
26521
26519
27371
27373
56756
56758
29421
29427
53361
53189
53240
53179
53186
53188
53178
53366
53358
53393
54957
54976
55557
55560
55584
55587
55588
55636
53396
53661
53669
53734
53737
141202
141255
141189
141234
141224
151878
195366
195331
195339
195368
195370
195386
195385
141256
141266
141268
141276
141283
151857
140877
140878
140900
140902
140916
140954
140975
140976
140972
141196
141200
186281
186292
186535
186536
186539
186199
186197
186555
186681
186686
186707
186713
186718
186728
186736
186883
186864
186868
186786
186856
186870
140645
140688
140691
140705
140722
140724
140738
140575
140579
140547
140678
140677
140733
55650
55651
55673
55821
55900
55901
189812
189813
186282
189720
190244
190247
189819
189863
190216
195397
195398
195399
196162
196166
195857
195874
195876
196217
195870
196027
196032
196049
196056
202573
202754
202799
202818
202819
202815
203235
203242
203254
203481
203482
203530
203531
203545
203546
