60
99360 99365 806
99365 99360 806
99112 99119 672
99119 99112 672
99173 99175 1033
99175 99173 1033
99380 102860 395
102860 99380 395
42418 42419 788
42418 42426 809
42426 42418 809
42419 42418 788
42873 42874 562
42931 42950 1502
42874 42873 562
42950 42931 1502
43172 43173 682
43173 43172 682
43191 43187 2033
43294 43187 452
43187 43191 2033
43187 43294 452
44955 44954 2104
44954 44955 2104
44959 44999 1897
44999 44959 1897
44994 44996 890
44996 44924 1211
44996 44994 890
45011 45006 906
44923 44924 3877
44923 45005 2561
45005 44923 2561
45005 45006 452
45006 45005 452
45006 45011 906
44924 44923 3877
44924 44996 1211
125493 125491 474
125491 125493 474
125761 125762 518
125762 125761 518
41878 41883 202
41883 41878 202
41921 41923 1620
41923 41921 1620
41923 41926 2152
41926 41923 2152
215526 222527 178
216332 216347 924
216347 216332 924
216953 216273 2249
216273 216953 2249
222527 215526 178
223788 223786 937
223786 223788 937
147770 147772 1121
147772 147770 1121
95290 95306 1265
95306 95290 1265
161
223875
223881
223893
216241
216246
216937
217589
216288
222547
215526
222534
216300
216304
216327
216332
216347
216350
216953
216273
219988
224334
222475
222492
222498
222527
222529
223804
223810
223812
223819
223815
223788
223786
224012
223781
223789
139798
147742
147753
147770
147772
198701
198737
171705
171709
159534
159540
171402
171388
171670
171674
171045
95931
95932
95467
95472
96011
95290
95284
95306
95469
94762
95832
102563
102571
96344
96349
96351
96248
96339
96358
96373
96423
95992
101921
96457
98994
99000
99020
99410
99424
99438
99439
100213
101734
99360
102885
99365
99406
99112
99119
99158
99159
99173
99175
99380
99367
99370
102860
99130
42385
42395
42520
42419
42268
42228
42834
42841
42312
42861
42869
42873
42878
42926
42874
42933
42950
43172
42808
42809
43191
43189
43038
43039
43025
43030
43069
41691
41440
41441
43057
43063
43067
44942
44945
44939
44955
44954
44959
44999
45011
44923
44924
125456
125484
125491
125497
132535
125544
125674
125680
125761
125684
41878
123057
123060
41883
41921
41926
123054
123067
