48
83173 83174 1059
83174 83173 1059
83162 83161 788
83161 83162 788
83161 83170 4009
83199 83170 821
83170 83161 4009
83170 83199 821
91566 91567 837
91567 91566 837
81590 81589 854
81590 81591 1529
81589 81590 854
86831 86832 2567
86832 86831 2567
86828 86829 1828
86829 86828 1828
86509 86511 3361
86511 86509 3361
81591 81590 1529
85908 85936 754
85910 85911 1308
85936 85908 754
85911 85910 1308
85934 85675 1463
85676 85675 338
85675 85676 338
85675 85934 1463
90439 90438 838
90439 90440 761
90450 90440 2113
90434 90435 1004
90440 90439 761
90440 90450 2113
90438 90439 838
90435 90434 1004
66759 66757 856
66757 66759 856
117282 117280 2454
117280 117282 2454
117327 117329 611
117329 117327 611
78599 78598 2332
78598 78599 2332
78934 78935 341
78935 78934 341
89727 89858 1641
89858 89727 1641
157
117094
117282
117038
117280
117327
117299
117302
117062
117117
117329
117403
61273
61261
117448
117443
61253
61255
76549
61342
61357
61347
61291
61297
61296
61323
61327
78514
78063
78510
58044
76444
78599
78598
76432
58073
57939
57926
78103
78109
78335
78934
78935
57974
57984
76788
78021
78465
78689
57338
77999
79457
79447
83898
87875
89813
89842
89727
89858
89866
89862
89869
89872
81100
80957
81118
80324
80355
80906
80948
80945
81025
81031
81121
81237
80903
81297
81317
81319
81244
87945
86796
91783
82965
83153
83173
83174
83178
83162
83191
83161
83165
83204
83170
83070
83201
82761
91831
83433
83468
81589
81672
86831
86832
86842
81350
81356
86829
86509
86511
86021
86084
86107
85892
86372
86374
86384
81591
81769
81751
86838
91414
81816
81868
85557
85576
85549
85908
85910
85936
85911
85934
85964
86038
86105
85676
86077
85675
90439
90450
85535
85471
85473
89750
89932
89744
89936
83961
89912
90400
90438
90351
90395
90435
89663
66749
66757
66765
