46
230438 230448 754
230448 230438 754
231281 231279 499
231279 231281 499
231324 231319 761
231324 231325 982
231319 231324 761
231325 231324 982
230389 230390 2845
230387 230376 1359
230390 230389 2845
230376 230387 1359
230282 230353 1014
230353 230282 1014
230353 230355 222
230355 230353 222
230778 230789 348
230789 230778 348
9268 9271 530
9271 9268 530
9273 9272 1438
9272 9273 1438
9937 9945 1685
35325 35327 674
35327 35325 674
9945 9937 1685
9995 10008 1670
10008 9995 1670
10351 10352 917
10352 10351 917
133577 133575 847
133577 133576 847
133576 133577 847
133601 133603 836
133603 133601 836
133575 133577 847
133963 133964 2170
133964 133963 2170
133964 133973 818
133973 133964 818
138068 138085 849
138085 138068 849
138354 138366 1543
138366 138354 1543
229812 229817 121
229817 229812 121
159
136892
136893
133577
133566
133576
133582
136874
136927
136935
133599
136934
136933
133588
133601
133603
133575
133593
133913
133926
133948
133963
133964
133973
133980
134018
137142
137130
137234
137238
137236
137082
137073
137081
137190
137192
137198
137617
137619
137622
137997
137998
137187
137205
137254
137204
138002
138015
138021
137259
138068
138085
138095
138354
138366
138289
138290
138301
138293
138294
138311
138820
138821
138751
235645
231394
230180
230201
230491
230509
230528
229967
231068
231055
231079
231088
231073
231086
231150
230874
231034
229942
229945
229929
230434
230437
230440
229370
229372
229384
229300
229741
229749
229812
229817
229935
230127
230128
230429
230453
230147
230019
231406
231284
231281
231279
231342
231315
231354
226787
235452
231319
231325
226784
230673
230725
230696
230390
230376
230351
230282
230350
230283
232168
232177
232179
230533
230778
230530
230666
230683
230789
8837
8841
9023
9036
9037
9268
9271
9273
9272
9398
12203
9920
9937
35325
35327
9945
9963
9972
9995
10010
26105
10710
8867
10704
10308
10351
10352
10354
