66
208195 208409 1963
208404 208406 765
208406 208404 765
208406 208409 679
208409 208195 1963
208409 208406 679
210715 208499 1135
210715 210714 1226
208499 210715 1135
210714 210705 881
210714 210715 1226
210705 210714 881
210758 210757 1593
210757 210758 1593
210757 210772 1936
210748 210768 827
210768 210748 827
210772 210757 1936
180301 180302 562
180302 180301 562
166368 166393 2224
166393 166368 2224
166396 166500 111
166500 166396 111
166524 166529 893
166529 166524 893
166692 166693 1558
166693 166692 1558
166664 166663 1907
167077 167078 1396
167078 167077 1396
166663 166664 1907
167018 167015 650
167015 167018 650
166933 166934 476
166934 166933 476
145326 145328 1132
145328 145326 1132
145328 145329 1003
145329 145328 1003
145337 145487 1246
145487 145337 1246
145560 145561 774
145561 145560 774
145561 145570 851
145570 145561 851
145404 145406 740
145747 145746 762
145746 145747 762
145406 145404 740
145814 145815 654
145815 145814 654
146043 146044 762
146044 146043 762
151539 151542 859
151542 151539 859
203778 203780 773
203780 203778 773
203809 203813 884
203813 203809 884
208526 208120 1129
208120 208526 1129
208564 208565 793
208565 208564 793
208176 208175 960
208175 208176 960
160
204765
207793
207787
207709
207732
207710
207718
207733
144672
145289
144746
144745
144751
145304
144749
139772
145282
145320
145331
145326
145328
145329
145337
145487
145504
145513
145560
145561
145570
145403
145404
145401
145747
145746
145584
145588
145585
145590
145406
145426
145430
145808
145814
145815
145835
145837
145844
146043
146044
146049
146061
146065
151453
151539
151469
151471
151518
151528
151542
151458
151527
151532
151526
203778
204504
203780
203809
203813
203827
203828
204408
204427
204488
204489
204436
208526
208527
208120
208537
208541
208532
208542
208564
208559
208565
208569
208574
208176
208175
208177
207799
207839
207864
214692
208554
208180
208191
208195
208409
208419
208469
208474
208497
208499
210705
210728
210758
210757
210736
210772
210773
180633
180676
180252
185568
180301
176648
180642
166500
166498
166520
166524
166529
166534
166574
166692
166646
166673
166679
166664
166670
166697
166696
166700
167075
167179
167160
167172
167077
167078
166663
166713
167006
167069
167071
166957
166382
167134
167150
152395
162549
180783
180683
180492
180644
180385
180400
180405
180445
179690
