46
212580 212579 914
212579 212580 914
164930 164929 848
114290 114294 1093
114294 114290 1093
114127 114125 753
114125 114127 753
119234 119233 695
119234 119319 2874
119233 119234 695
119319 119234 2874
119111 119058 1185
119058 119111 1185
119095 119094 586
119098 119104 844
119104 119098 844
119104 119103 926
119103 119104 926
119094 119095 586
94434 94435 235
94435 94434 235
94512 94515 2065
94515 94512 2065
92515 92554 1827
92554 92515 1827
156664 156667 436
156667 156664 436
156676 156987 1604
156987 156676 1604
176722 174907 3153
174907 176722 3153
165890 165892 751
165892 165890 751
165574 165578 818
165520 165519 688
165578 165574 818
167666 167665 796
167665 167666 796
167535 167870 934
167870 167535 934
165979 165978 606
165978 165979 606
165519 165520 688
164929 164930 848
213229 213236 674
213236 213229 674
160
156863
156599
156664
156667
156707
156656
156864
156873
156957
156876
156676
156987
156951
156988
156636
156907
156917
156698
156937
158415
177317
177362
177383
176727
176729
176722
174907
165886
165890
165924
165892
165574
165577
165634
165642
165657
165650
165520
165554
165578
167694
167763
167700
167718
172502
167788
167682
167666
167626
167665
167671
165478
167445
165480
167449
167524
167535
167542
167870
165900
165979
165978
165998
165990
165519
164929
165552
213229
213237
213236
213251
213242
213245
212562
212563
212580
212579
164631
164895
164898
172438
164930
164933
165668
165678
164945
165681
164968
164962
164965
114240
114294
113966
113967
113996
114127
114125
114095
114165
119286
118843
118643
119232
119233
119253
119301
119317
119216
118582
119058
119023
119085
119090
119084
119104
119103
118982
119026
102940
102942
94391
94423
94402
92164
92155
92173
92157
94429
94435
94444
94512
94519
94488
94562
92479
92480
92456
92474
94525
92515
92551
92507
93132
93108
93139
93838
107079
108159
108165
108170
109560
109565
94151
105610
108045
105622
107260
108134
108199
105793
