50
123283 123284 2451
123284 123283 2451
122878 122877 1210
122877 122878 1210
122727 122763 1675
122763 122727 1675
122777 122803 1283
122803 122777 1283
123859 123860 1557
123841 123842 885
123842 123841 885
123860 123859 1557
122310 122311 1897
122311 122310 1897
122324 122326 2210
122326 122282 667
122326 122324 2210
122282 122326 667
123222 123223 1307
123223 123222 1307
124025 124023 1700
123890 123893 2205
123893 123890 2205
123917 123916 1534
123916 123917 1534
124023 124025 1700
124860 124862 1211
124862 124860 1211
124876 125019 1411
125019 124876 1411
125023 125025 1687
125025 125023 1687
125046 125051 1075
125051 125046 1075
125062 125071 1395
125071 125062 1395
128466 128468 1010
128468 128466 1010
100148 100149 713
100149 100148 713
99293 99475 2046
99475 99293 2046
41781 41798 1544
41798 41781 1544
41849 41892 1227
41892 41849 1227
41866 41867 1772
41867 41866 1772
122811 123288 605
123288 122811 605
171
96402
96403
100197
100201
100189
100146
100138
100148
100149
100152
100247
100250
100348
100251
100349
99487
99542
99443
99549
100096
99551
99077
99080
96603
102648
96634
102877
99293
99475
99471
99472
38956
41733
42697
42706
42710
42731
42757
42778
42749
42748
42761
42787
42978
42981
41743
41700
41772
41781
41798
41778
41849
41892
41895
41898
123791
123954
123962
123965
123947
123964
123991
123992
123994
124004
124013
41825
41830
122605
122618
122626
122831
122834
122858
122872
41855
41866
41867
122822
122811
123277
123288
123291
123284
122721
122722
122742
122877
122726
122727
122783
122765
122777
122803
122805
122813
122817
123497
123341
123457
123842
123860
123848
123851
123763
117975
117955
117945
117952
122193
122330
121674
122292
122311
122324
122449
122282
122383
122388
123167
123176
123222
123223
117985
123333
123451
123339
123363
123461
123985
124015
124025
123982
123907
123908
123909
123902
124790
123888
123890
123915
123893
123916
124783
124786
124797
124832
124860
124862
124870
124876
125019
125023
125025
125035
125051
125055
125058
125062
120317
120330
120335
125071
128466
128468
67619
67620
120354
120357
120362
120386
