42
191846 191758 838
191642 191641 1343
191641 191642 1343
114186 114182 705
114182 114186 705
103271 103270 683
103270 103271 683
103270 109803 192
109803 103270 192
111044 111049 557
111046 111054 938
111054 111046 938
111049 111044 557
111056 111058 1361
111058 111056 1361
110150 110148 1420
110148 110150 1420
111281 111289 672
111289 111281 672
111314 111312 750
111312 111314 750
111419 111420 893
111606 111420 1336
111420 111419 893
111420 111606 1336
111426 111427 1775
111427 111426 1775
112483 112484 983
112484 112483 983
112743 112744 1336
112744 112743 1336
94380 94379 1296
94379 94380 1296
107113 107112 475
107112 107113 475
107199 107208 1959
107208 107199 1959
93063 93044 2279
93044 93063 2279
191674 191684 1145
191684 191674 1145
191758 191846 838
168
102933
91986
102919
102248
92041
102193
94369
94377
94380
94379
103229
94416
92202
92245
92247
94455
97404
94491
94466
115825
92306
92343
92411
92445
92321
92326
92437
92442
92493
107073
107113
107112
93172
93183
93191
94117
107097
107199
107208
107209
107224
107240
107217
107258
108497
107430
108486
108529
107535
109222
109229
109246
109255
109487
92958
93063
92974
93015
93016
93044
93047
93072
93073
93053
92777
92794
101762
92599
92840
115795
115821
191025
192894
194052
192014
191673
191674
191684
191964
191707
191748
192735
191849
194039
191758
191846
191542
191636
191642
191753
192708
192698
194306
192705
192801
114076
114109
114101
114087
114182
109469
113905
109256
109268
113902
109429
103271
109514
109375
109379
109455
109803
109385
109962
109970
109934
109941
109943
109949
109959
111044
111042
111045
109960
111046
111244
110151
110148
111250
111265
111281
111289
111314
111308
111309
111364
111491
111601
111605
111419
111606
111420
103404
111403
111408
111426
103408
111427
112483
112626
104131
104098
104111
104110
104095
104152
104154
105731
103980
112827
112866
112875
112484
112630
112740
112743
112744
104365
