50
226141 226082 1921
8015 8004 2121
8004 8015 2121
8012 8011 1111
8011 8012 1111
8527 8526 747
9475 9479 798
8496 8720 900
8720 8496 900
8526 8527 747
9479 9475 798
9498 9491 1522
9491 9498 1522
16168 16169 1225
16169 16168 1225
16746 16755 903
16755 16746 903
16760 16799 333
16799 16760 333
16799 16801 708
16801 16799 708
9798 11223 1124
11223 9798 1124
11341 11342 3572
11342 11341 3572
11368 11367 536
11367 11368 536
11515 11519 1599
11519 11515 1599
11522 11523 1515
11497 11496 667
11496 11497 667
11523 11522 1515
11593 11596 599
11596 11593 599
228025 228030 2546
228065 228068 472
228068 228065 472
228030 228025 2546
227972 227974 1111
227974 227972 1111
227223 227221 1556
228230 228249 1626
227221 227223 1556
228249 228230 1626
228403 228395 4110
228395 228403 4110
6860 6849 1095
6849 6860 1095
226082 226141 1921
163
227720
227723
227735
227758
228025
228034
228061
228071
233652
227020
228078
234411
228075
228088
229075
229053
225846
228065
228068
228030
228036
227900
227667
227963
227437
227685
227682
227680
227691
227983
227972
227974
227979
234146
234150
234158
234161
226860
226963
226964
227114
227141
227144
227008
227019
227205
227223
227228
227232
227263
228230
227221
227494
227522
228281
228283
228249
228261
228403
228395
228397
6851
6843
6860
6844
6849
7650
7664
7703
7695
7720
226082
225152
226100
234456
235043
235529
231616
225771
225802
225801
225804
226074
226141
226459
226424
10376
16037
8015
34698
8004
8012
8011
8217
8263
8277
8373
8378
8334
8444
8527
9475
8451
8496
8498
8719
8720
8505
8526
9479
9482
9491
9507
9541
16168
9513
16339
16407
16405
16422
16418
16430
16454
16503
16643
16746
16755
16760
16801
16826
16782
9786
11326
11223
11322
11342
11368
11372
11371
11505
11515
11519
11522
11307
11474
11500
11290
11566
11564
11594
11497
11538
11459
11464
11511
11523
11588
11616
11626
22596
22643
22645
11633
