42
175753 175752 361
175752 175753 361
175746 175767 276
175767 175746 276
175005 175007 2930
175007 175005 2930
176658 176705 1103
176705 176658 1103
176916 176915 765
176926 176927 560
176915 176916 765
176927 176926 560
175667 175679 1322
175679 175667 1322
210955 210961 697
210961 210955 697
211431 211424 728
211431 212049 918
211424 211431 728
212049 211431 918
212077 212078 624
212078 212077 624
163580 163752 674
163818 163836 782
163752 163580 674
163871 163870 778
163870 163871 778
163875 163874 782
163836 163818 782
163874 163866 667
163874 163875 782
163866 163874 667
166419 166420 790
166420 166419 790
166896 152172 849
166928 166944 688
166944 166928 688
152172 166896 849
176346 152276 713
152276 176346 713
175352 175351 3233
175351 175352 3233
171
180564
180519
180523
180580
180555
180567
179684
180473
180484
182379
182389
182375
182393
182369
182367
182267
182014
182016
181980
179721
181933
181938
181948
181957
181952
182001
182549
182547
185252
182559
185185
185918
166896
166928
166943
166944
166949
152195
152246
152245
152172
152174
176339
176346
176417
176349
152287
176395
176400
152279
152298
152300
152264
152276
173940
173954
185816
173671
173727
173890
173732
173804
173946
174553
174655
174650
174685
175384
175352
175356
175339
175351
175259
175253
175348
175350
175462
175362
175920
175932
175482
175935
152004
152057
175916
175925
175447
175856
175865
175971
176919
176979
175595
175753
175752
175757
176020
176022
176026
175589
176011
175784
175786
175714
175746
175733
175775
175767
185895
185899
175005
176658
176660
176705
177070
176911
176915
174799
174815
175610
174996
175043
176640
185468
175670
175655
175667
175668
175679
174556
210947
210964
211016
211423
212049
212055
211030
212075
163561
163553
163568
163571
163580
163825
163817
163752
163765
165214
163785
163797
163885
163796
165221
163871
163873
163879
163870
163875
163836
163843
163874
163866
166375
166378
163851
163857
166420
163463
163461
163469
163524
