38
106012 106025 1188
106025 106012 1188
193346 194488 863
194488 193346 863
30626 30627 2848
30627 30626 2848
34828 35274 67
35274 34828 67
31383 31292 943
31383 31300 830
31424 31423 823
31423 31424 823
31292 31383 943
31297 31298 808
31298 31297 808
31300 31383 830
184152 184153 782
184153 184152 782
214026 214089 1275
214089 214026 1275
214089 214094 2105
214094 214089 2105
181822 181823 1935
181823 181822 1935
181593 181595 980
181595 181593 980
210063 210064 855
210063 210265 826
210265 210063 826
210083 210082 742
210064 210063 855
209500 209982 827
209982 209500 827
210028 210029 669
210029 210028 669
210082 210083 742
213984 213985 597
213985 213984 597
151
181285
181444
184152
184163
184153
184151
184162
184119
194839
214085
214026
214089
184150
214094
214250
181451
181822
181823
185831
185743
181593
181595
182928
182821
185854
182930
182933
182934
182944
182951
183007
214041
214045
214028
214036
214054
214057
179512
179513
210063
210265
210270
210284
210061
210083
210064
210065
198779
209463
214824
209500
209982
209983
210024
210028
210029
210068
210082
210347
210349
210340
210344
214203
214209
213954
214229
214232
214237
214240
214219
214221
213979
214048
213984
213985
213987
214007
214008
214013
201641
201644
179398
179404
193352
193554
193606
193298
105849
115906
113558
106006
106025
106028
105921
105931
106017
106022
105986
105977
106172
105884
114791
105701
192482
192428
192405
192416
193886
193311
193307
193537
29591
29615
30267
30285
30507
30626
30499
30517
30523
30681
30694
30730
30663
34026
30746
31046
29761
34621
29838
29605
34828
35274
29767
31010
24006
29620
30990
30961
31383
31292
31239
31284
31285
31300
22350
27434
31013
31016
31105
31438
