40
108305 108306 1611
108306 108305 1611
108359 108358 682
108358 108359 682
108567 108568 1466
93972 93974 1565
93974 93972 1565
93774 93773 1256
93773 93774 1256
194202 191312 287
190909 190911 4607
190911 190909 4607
191312 194202 287
190946 191257 2274
191257 190946 2274
108568 108567 1466
109618 109619 1622
109619 109618 1622
110296 109065 1809
109065 110296 1809
110463 110392 1282
110463 110445 788
110445 110463 788
110392 110463 1282
166069 165813 631
167924 167926 421
167926 167924 421
168233 168232 889
168232 168233 889
162031 162030 1140
162030 162031 1140
165813 166069 631
169781 169782 279
169782 169781 279
169736 169734 1449
169734 169736 1449
169442 169720 1116
169720 169442 1116
119448 119450 2841
119450 119448 2841
158
165946
166021
165959
166023
166069
166071
168189
172780
168202
168221
167963
167912
167924
167926
167992
167994
168218
168181
168176
168233
168226
168232
167890
165943
166019
167889
161587
161888
161897
161918
161912
162031
162035
162041
162030
161773
161774
161766
161767
161778
161743
164629
168995
161646
161534
168996
165813
165837
166087
166148
166151
158821
166096
166115
169796
166102
169719
169781
169782
169784
169736
169734
169820
169442
169720
169079
169392
169314
118892
118896
118590
118598
118663
118918
118668
119448
119450
102220
94788
94812
97360
94662
97525
93917
108057
111905
108305
108353
108209
108359
108349
108358
108684
108710
108713
108717
108567
108705
102673
93271
100699
93597
102705
93784
93897
93989
93990
93969
93965
93972
93773
97539
102665
103162
93299
102669
93214
93215
194202
190869
190873
190909
190911
191310
191251
191436
191153
191158
191344
194329
194335
194360
190946
191260
191257
118755
118772
118780
118784
194267
108568
108844
108835
108371
108403
109618
109619
110378
108857
110296
110292
108887
110373
110396
110447
110385
110392
110635
