78
181696 181708 2254
181708 181696 2254
182067 182066 2170
182055 182054 1675
182054 182055 1675
182066 182067 2170
182832 182830 1456
182830 182832 1456
182854 182879 1258
182879 182854 1258
183667 183668 932
183668 183667 932
183668 183681 757
183681 183668 757
158653 174026 1554
174026 158653 1554
184021 184019 1210
184019 184021 1210
174096 174074 581
174074 174096 581
183753 183774 1034
183774 183753 1034
183794 183800 765
183791 183790 517
183800 183794 765
183790 183791 517
183324 183323 1124
183323 183324 1124
210426 210430 606
210430 210426 606
209513 209523 1457
209523 209513 1457
209523 209525 786
209525 209523 786
209660 210145 278
210145 209660 278
210145 210146 1047
210144 210152 692
210144 210156 752
210146 210145 1047
210152 210144 692
210156 210144 752
210222 210224 796
210224 210222 796
162846 162847 238
162847 162846 238
162859 162917 404
162917 162859 404
180870 180231 765
180870 180887 849
180887 180870 849
180231 180870 765
181209 181210 927
181210 181209 927
181537 181555 747
181555 181537 747
181568 181583 849
181583 181568 849
181643 181644 1903
181644 181643 1903
163127 163129 790
163129 163127 790
163129 163131 709
184541 184545 674
184545 184541 674
184560 184559 517
184559 184560 517
163131 163129 709
163131 163134 709
163134 163131 709
163085 163086 796
163086 163085 796
184655 184589 605
184589 184655 605
180868 180857 1063
180857 180868 1063
181621 181634 688
181634 181621 688
160
179292
180870
180887
180905
180231
180879
180897
180880
180906
181123
181205
181209
181210
181470
181471
181225
177531
181493
181513
181537
181555
181568
181583
181572
181643
181644
181660
181641
181646
184550
184572
184574
184553
163127
163129
184541
184545
184542
184560
184559
163136
184539
163131
163134
163085
163086
183121
183162
184667
184664
184668
184673
184682
184679
184662
184692
184514
184510
184700
184655
184703
184589
183337
183342
183142
183150
183364
181728
181737
181747
181714
180868
180846
180848
180857
180863
181619
181621
181634
181689
181666
181703
181716
180865
180867
182055
182052
182830
182855
182850
182854
182879
182881
183489
183668
183681
183691
183693
183700
158653
172892
174032
174033
174048
174030
177228
182576
183995
184014
174096
174067
174074
174060
183313
183754
183753
183777
183791
183790
183998
183331
183345
183334
183324
183400
183323
183757
210426
210427
210436
210406
209513
209525
209604
209606
209652
209651
209660
210144
210146
210152
210155
210156
210162
210222
210220
210224
210239
210215
162688
162816
162817
162844
162847
163251
162881
162888
162904
162859
162917
