40
33843 33845 279
33845 33843 279
17372 33908 2633
33908 17372 2633
17400 17403 789
17403 17400 789
18425 18444 2092
18444 18425 2092
103461 103457 909
103457 103461 909
103457 103534 1661
103536 103534 1867
103533 103534 415
103534 103457 1661
103534 103533 415
103534 103536 1867
103619 103646 697
103646 103619 697
26129 26131 2642
26131 26129 2642
26155 26177 629
26177 26155 629
40188 40201 168
40201 40188 168
40201 40202 1014
105253 105523 1880
105523 105253 1880
40202 40201 1014
29216 29244 1947
29244 29216 1947
107342 107339 3390
107339 107342 3390
107959 107941 846
107941 107959 846
107938 107935 846
107935 107938 846
33567 33570 2545
33570 33567 2545
33791 33818 434
33818 33791 434
166
106622
106619
106543
106558
106571
106577
106594
106247
106250
113887
113888
192997
193008
193009
114739
190981
192053
192057
191568
191810
192873
192119
192956
193844
193045
193046
192459
192538
192237
192169
192218
32723
107342
107345
107546
107569
32630
32650
32795
32802
32732
32728
28502
33060
33079
32434
32447
107339
35029
35030
107870
107959
103512
107941
107938
107867
107935
107973
107992
108002
105903
111843
107974
107977
108009
111841
33506
33567
33511
33577
33570
33690
33726
33733
33734
33791
33818
33823
33843
33852
33848
17257
17258
17260
17271
17363
17394
17409
33873
33878
113216
17372
33908
17204
17359
17369
17403
17404
17426
34001
103631
113133
113468
113469
18362
33975
18364
18441
18455
18461
18374
18425
18427
103503
103461
103526
103457
103566
103544
103533
103541
103582
103626
103617
25266
25269
25263
26129
26131
26138
26150
26170
26174
26177
26124
26162
40183
40188
40199
105531
105535
105176
105278
105280
103769
105268
105555
103767
105543
105499
105505
40149
40193
40178
40210
40195
41305
29211
29215
29244
29236
29295
29313
29317
29277
29320
