42
221135 220879 365
220879 221135 365
219346 219310 1730
217996 219668 930
219668 217996 930
219668 219672 1965
219662 219663 2205
219672 219668 1965
219663 219662 2205
219303 219298 746
219298 219303 746
219310 219346 1730
216388 216386 711
216401 216402 753
216386 216388 711
216396 216402 2945
216402 216396 2945
216402 216401 753
216393 216005 2242
216005 216393 2242
215622 215771 1945
215771 215622 1945
215889 215913 756
215803 215802 1392
215802 215803 1392
215913 215889 756
215937 215952 833
215952 215937 833
222420 222408 1112
222407 222408 372
222408 222407 372
222408 222420 1112
219850 219849 1062
219850 219864 63
219849 219850 1062
219849 219863 638
219863 219849 638
219864 219850 63
215516 215514 463
215514 215516 463
69485 69486 556
69486 69485 556
162
69217
69221
69174
69176
72624
69634
69654
78767
69382
69420
69480
69540
69425
69447
69485
69549
69545
69489
69507
69495
69498
69486
71628
71812
71814
71865
72072
72076
71862
71832
78586
69075
69084
69074
69089
71823
71847
72132
72372
72331
72382
72439
72528
72535
72584
69259
69262
69696
69694
69621
69626
220786
220813
220823
216024
220803
220864
220868
215838
221137
219189
220332
220580
220595
219111
220327
220361
220373
220388
220675
218407
220036
220255
220267
220429
220430
220244
220030
220237
220231
220879
220328
219346
217996
219689
219372
219692
224933
219662
219673
219364
219369
219348
221158
221198
221205
221141
221188
219218
219301
219298
216401
224370
216396
216393
216397
216000
215667
224163
215599
215545
224703
215648
215649
215655
215782
215817
215549
215617
215771
215889
215892
215803
215884
215885
215913
215914
215935
215952
215956
217305
215454
215540
222420
216092
216094
222431
224800
222370
222413
222407
216009
216010
216107
222429
219856
219644
224124
219849
219873
219884
219863
219868
222351
215516
215487
215514
223731
223733
223525
223523
223514
