48
223452 223451 858
223451 223452 858
223451 223462 259
223365 223364 1049
223365 223372 1519
223364 223365 1049
223476 223474 757
223372 223365 1519
223474 223476 757
150437 150440 1338
147116 147120 944
147125 147128 871
147128 147125 871
147202 147203 2508
147087 147117 315
147117 147087 315
147117 147115 701
147115 147117 701
147120 147116 944
150440 150437 1338
147203 147202 2508
212916 212917 882
212917 212916 882
212993 194958 1158
194958 212993 1158
159271 159270 1081
159270 159271 1081
159319 159334 267
159334 159319 267
159467 159480 2761
159480 159467 2761
159480 159482 111
159482 159480 111
159633 159621 404
159621 159633 404
213382 213383 947
213382 213391 112
213391 213382 112
213383 213382 947
224810 220730 591
220730 224810 591
219366 219363 794
219363 219366 794
221130 221181 1808
221181 221130 1808
215479 215486 901
215486 215479 901
223462 223451 259
162
220598
220574
220593
215994
220594
219077
220253
220910
220325
224810
220347
220349
218406
224264
218148
220256
220274
220276
220246
220029
220228
220232
219639
220400
220730
218190
219307
219344
217997
219366
219669
219670
219660
219363
219349
219197
221130
221199
221181
221182
219223
219300
219297
216400
216383
216378
216387
216392
216004
224526
215595
215603
215512
215639
215646
215656
215781
215550
215619
215624
215888
215780
215778
215801
215894
215936
215951
215637
215541
222406
222427
222428
222361
222371
222405
216008
216108
218471
222343
224029
219843
219844
219875
219862
219867
215479
215486
215480
223732
223471
223462
218841
223452
223486
223451
215500
219533
223358
223376
224472
223474
223477
148041
149842
151796
149839
149845
150437
147116
147125
147128
147196
151957
147019
147021
147082
150446
147117
147115
150440
147203
147209
151849
147999
148002
148120
148131
212789
212917
212928
197453
212933
212960
212982
212993
212987
194958
198647
198651
171424
171578
162365
159271
159278
159270
159179
159266
159167
159319
159323
159452
159462
159467
159482
159626
159633
159621
159790
213391
214577
213030
212979
