58
26855 26813 927
26813 26855 927
26885 26896 672
26896 26885 672
26998 27014 872
26842 26844 1014
26844 26842 1014
26975 27014 1812
27014 26975 1812
27014 26998 872
27113 27114 474
27114 27111 1254
27114 27113 474
27111 27114 1254
27264 27265 452
27265 27264 452
51225 51229 2708
51225 56765 454
55485 55484 878
51233 51239 884
51239 51233 884
56765 51225 454
51229 51225 2708
55484 55485 878
140557 140560 1377
140560 140557 1377
140560 140805 2839
140805 140560 2839
186264 186402 775
186401 186402 719
186402 186264 775
186402 186401 719
186446 186458 1574
186458 186446 1574
186468 186516 2352
186516 186468 2352
186753 186752 745
186752 186753 745
187121 187122 1255
187122 187121 1255
187122 187133 276
187133 187122 276
31176 31178 2020
31178 31176 2020
14657 14658 628
14658 14657 628
14658 14662 903
14662 14658 903
17547 17552 1635
17552 17547 1635
20424 20425 1114
20425 20424 1114
20751 20765 806
20765 20751 806
20786 20788 1008
20788 20786 1008
25472 25506 604
25506 25472 604
168
29745
29625
31167
34438
31133
31173
31176
31178
31488
31519
31525
31532
31542
31896
31898
30592
31878
32944
33025
33267
33272
33046
33307
33325
33353
33354
33363
14541
14548
33403
14657
14658
14662
14681
14680
14721
14730
14739
17516
17547
17552
17596
17515
17527
17613
17617
17626
18015
18019
18033
18037
18056
18115
13999
18112
18114
18143
18144
18146
19295
34126
20355
20424
20425
20530
20450
20444
20446
20751
20436
20536
20765
25538
25541
25547
25559
20786
25553
20774
20788
20790
34275
25447
25492
25472
25495
25479
25506
25503
25549
25501
26858
27444
26813
26872
26885
26896
26898
26904
26999
26996
26994
26842
26850
26844
26975
26976
27113
27116
27111
27227
27235
27134
27141
27143
27144
27265
27205
27189
27217
27431
50663
56667
56669
51225
51398
52789
55485
52790
51236
52800
51231
51233
51239
56765
51229
51411
52781
51198
55484
50656
52778
56659
51415
51416
51422
51486
194901
194903
140557
140560
140805
140827
140812
186264
186261
186410
186415
186446
186458
186468
186516
186743
186752
186761
187115
187122
187133
