74
40063 40061 1745
40063 40064 373
40064 40063 373
40064 40067 650
40067 40064 650
40067 40076 336
105193 104993 1167
104993 105193 1167
105444 105443 1066
105443 105444 1066
103577 103702 1884
103702 103577 1884
105439 105430 1535
105430 105439 1535
105460 103754 1319
103754 105460 1319
39935 39970 1534
39970 39935 1534
40009 40011 757
40011 40009 757
40165 41260 435
41260 40165 435
41260 41091 747
41091 41260 747
41264 41265 2216
41265 41118 2429
41265 41264 2216
41118 41265 2429
53270 53273 321
53273 53270 321
55048 55088 738
55088 55048 738
55088 55090 3169
55090 55088 3169
55286 55263 713
55263 55277 510
55263 55286 713
55277 55263 510
55364 55365 279
55365 55364 279
49414 49413 611
49413 49414 611
49352 49358 848
49358 49352 848
112103 112278 788
112015 112011 707
112011 112015 707
112278 112103 788
112463 112464 516
112464 112463 516
113118 113115 931
112958 113113 681
113113 112958 681
113113 113115 756
113115 113113 756
113115 113118 931
112664 112666 2719
112666 112664 2719
113425 113489 562
113489 113425 562
113246 113260 818
113260 113246 818
113223 113228 818
113228 113223 818
113228 113229 796
113229 113228 796
105300 105305 1827
105305 105300 1827
105390 105395 2305
105395 105390 2305
40076 40067 336
39878 39986 1501
39986 39878 1501
40061 40063 1745
165
111970
111998
112103
112016
112014
112015
112011
112278
33614
33622
33627
113429
113439
112429
113444
112463
112464
113175
112466
112468
112454
113118
113120
113122
112905
112924
112953
112958
113113
113115
112937
112960
112992
113162
113171
113250
113269
112664
112666
113425
113489
113246
113227
112978
112972
113260
113173
113217
113226
113223
113228
113229
105714
113499
113502
113513
105300
105305
105292
105343
105345
105368
105319
104650
104656
105334
103480
103733
105421
105390
105395
105387
39890
39883
40076
39878
39986
39860
40061
40054
40057
40074
40064
104932
105146
105193
104990
104993
104984
105454
105221
105224
105127
105446
113867
103577
103664
103702
103740
103743
105428
105439
105083
105430
105461
105440
39996
39990
39916
39935
39970
39978
40009
39929
40011
40036
40039
40051
40163
41264
41265
41118
41120
41121
41215
41316
41218
41217
41246
41253
41367
53270
53400
53405
55041
55038
55048
55088
55090
55107
55286
55283
55336
53771
55365
55366
53408
48649
53416
49234
49371
49374
49419
49409
49413
49406
49352
49358
49363
49448
50348
49457
35716
49241
49255
