50
176871 176870 2480
211336 211354 2886
211347 211344 224
211354 211336 2886
211354 211364 275
211364 211354 275
211326 211340 888
211340 211326 888
211344 211347 224
166471 166490 421
165309 165308 610
165308 165309 610
167311 167312 279
167312 167311 279
166490 166471 421
165054 165068 279
165061 165060 475
165068 165054 279
165060 165061 475
165515 165173 344
165173 165515 344
164457 164576 518
164576 164457 518
164580 164533 953
164533 164580 953
195323 195324 927
195324 195323 927
176124 176130 667
176485 176486 1565
176505 176477 667
176486 176485 1565
176130 176124 667
176477 176505 667
176954 176952 1124
176952 176954 1124
176969 177037 849
177037 176969 849
177182 177187 709
177187 177182 709
176091 176096 1346
176076 176200 1498
176200 176076 1498
176200 176199 365
176096 176091 1346
176199 176200 365
176869 176870 562
176896 176897 1222
176897 176896 1222
176870 176869 562
176870 176871 2480
166
152472
153005
153101
155706
155724
152929
153102
173871
173574
173673
173583
173551
173713
173521
173164
173166
173712
173849
173853
173855
186040
186160
152916
153013
153017
153021
155486
153035
153038
155507
155510
155528
155568
155482
176117
176124
176485
176505
176470
176496
176504
176486
176515
176498
176517
176132
176130
176009
176136
176134
176477
176475
155680
156237
156249
155628
155636
155640
155621
155590
155619
175977
177112
177118
177122
177074
177021
176997
185715
176954
176952
176969
177030
177043
177037
177010
177176
177182
177187
176091
176076
176200
176096
176199
176962
176964
177155
176758
176793
176848
176869
176889
176896
176897
176870
173862
174954
174952
174976
176760
174965
176634
174961
174958
176713
211336
211347
211364
211019
211326
211329
166473
165073
165079
165093
165236
165309
165264
165322
165230
165330
167288
167311
167308
167312
166484
166492
166553
166551
166474
166541
165048
165051
165054
165058
165061
165068
165060
165070
164475
165120
165122
164454
164448
164444
164812
164803
165173
165175
165169
165355
165368
164457
161395
164723
164726
164717
164721
164730
164739
164740
164580
164532
164533
161409
211398
