40
30239 27615 2044
27615 30238 436
27615 30239 2044
30238 27615 436
30150 30152 845
30152 30150 845
14504 14516 1375
14516 14504 1375
14868 14865 796
14868 14871 1221
14872 14871 688
14878 14879 610
14865 14868 796
14871 14868 1221
14871 14872 688
14879 14878 610
14879 14882 2813
14882 14879 2813
14927 15125 782
15125 14927 782
14361 14359 610
14361 19073 422
19073 14361 422
17660 17661 383
17660 17662 613
14359 14361 610
17661 17660 383
17661 17662 452
17662 17660 613
17662 17661 452
209027 209037 902
209037 209027 902
213716 213715 1252
213715 213716 1252
209134 209758 1055
209758 209134 1055
114814 114813 3321
114813 114814 3321
30895 30897 3421
30897 30895 3421
161
209016
209027
209037
209019
209093
213741
213745
213749
181349
181327
181339
181379
181364
181377
181390
181414
201908
213716
213715
213760
213738
213751
213797
201894
201895
201930
209077
209078
209130
209134
209758
209796
209800
209904
209915
209919
209956
209884
213807
209903
201715
201690
201699
201705
214505
201766
201770
201861
201875
201876
193358
193365
193394
193405
193413
193441
193443
192101
192104
193875
193878
114814
114813
105618
192136
192341
192447
192503
193496
193505
193512
193519
192362
193689
193712
193539
193547
193549
193614
192511
193620
193669
192512
193649
29732
29739
29757
29762
29792
29775
30600
30602
30885
31041
30893
30895
30897
30239
13826
27614
30238
29834
34009
34414
29774
30105
30149
30152
30155
6564
29825
29827
31218
32102
31580
31582
32173
31648
9313
9320
32266
32324
7041
32275
14422
14488
14506
14504
14523
14495
14516
14530
14824
14970
14825
14878
14888
15125
15025
15128
15140
15180
15181
15197
15240
15517
14361
19107
19147
19172
19171
19185
19200
15549
19199
14359
15703
17662
19695
19717
19720
