36
115722 115723 640
115723 115722 640
115731 115730 1669
115730 115731 1669
115802 115801 1360
115802 115803 2535
115801 115802 1360
106960 106967 930
106967 106960 930
92948 102598 2879
102598 92948 2879
106725 106724 2100
106724 106725 2100
106724 106743 2520
106743 106724 2520
115803 115802 2535
115966 115967 233
115967 115966 233
116002 115990 3528
92723 92722 1504
92722 92723 1504
115990 116002 3528
191789 192011 484
192011 191789 484
191713 191712 409
191712 191713 409
113870 113871 773
109787 109799 378
113871 113870 773
109799 109787 378
164716 164700 1336
164700 164716 1336
211452 211460 1143
211460 211452 1143
92211 92212 736
92212 92211 736
155
164439
164447
164813
164815
165174
165177
164385
161389
161396
164353
164707
164559
164716
164700
164710
164718
164720
161394
164534
164578
211466
211449
211455
211530
211548
211553
212169
211547
212176
212194
212198
212229
211452
211460
211454
212457
212464
161405
161408
212510
212527
212250
212253
114384
114653
114302
114198
114428
114582
114603
114019
119126
119152
119150
119404
119405
114915
114951
114899
114930
91999
92075
92122
92112
92211
92212
115398
115405
115419
115420
115722
115723
115753
115677
115810
92309
92311
115730
105808
106736
107048
107092
106969
106960
106967
107117
107417
107440
107483
107443
116313
107528
113747
107519
107476
109709
92827
103136
92963
93033
93193
102817
92824
92831
102594
92872
92948
102598
106725
106724
106744
106733
115970
115966
115967
115782
115984
115994
92723
92728
92722
115850
191500
191505
191789
192011
190885
191713
191971
191712
191734
194225
194222
191483
191560
191784
191551
191938
191601
191879
191958
192665
192774
194014
192723
192811
114064
114404
194384
107565
109460
109781
109799
109815
109854
