68
148466 148413 463
148413 148466 463
148550 148659 767
148666 148667 861
144165 144125 439
144125 144165 439
144166 144167 278
144167 144166 278
148667 148666 861
148659 148550 767
148659 148660 831
148660 148659 831
146236 146237 1044
146237 146236 1044
146216 146291 1625
146291 146216 1625
146230 146377 1809
146377 146230 1809
142942 142940 789
142942 143048 790
143048 142942 790
142940 142942 789
142956 143059 621
143059 142956 621
143059 143058 479
143058 143059 479
148173 148174 28
148174 148173 28
148193 148195 719
148195 148193 719
146411 146417 2267
146538 146539 827
146417 146411 2267
146539 146538 827
143430 143429 363
143430 146737 600
143429 143430 363
146737 143430 600
149954 149958 531
149957 149958 531
149957 149960 414
149958 149954 531
149958 149957 531
149960 149957 414
162484 162483 202
162482 162483 948
168583 168584 1367
168584 168583 1367
162483 162482 948
162483 162484 202
130133 130134 879
130134 130133 879
130930 130929 829
130929 130930 829
130216 130215 1323
130216 130217 751
130215 130216 1323
130215 130219 2543
130217 130216 751
130219 130215 2543
218288 218293 635
218293 218288 635
150569 146979 2506
146979 150569 2506
148381 148410 866
148410 148381 866
148590 148588 789
148588 148590 789
173
129945
129955
129953
132339
130655
130663
47189
47209
128110
130098
130122
130123
130133
130134
130676
130941
130930
130929
130935
130216
130215
130217
130219
130261
130260
131087
131106
131991
132001
132006
132046
130240
130243
130269
130258
130287
131042
131050
131984
121576
121648
121649
131969
132090
222610
221938
218007
221783
218288
218289
218293
218314
218317
222637
222658
222664
53617
53651
150567
150569
146979
148987
151051
151055
148341
148348
148352
148377
148370
148381
148410
144156
148541
148546
148555
148538
148613
148590
148616
148588
148468
148573
148579
148589
148413
144042
144105
144104
144119
144120
144124
148548
148550
148553
144078
148666
144165
144166
144167
148667
148659
148660
146236
146237
146252
146291
146230
146377
151243
142924
142929
142936
142940
142953
143059
143058
143062
143086
143095
143103
143131
143165
147618
148136
148173
148139
148149
148159
148184
148193
148195
148335
148339
212642
212654
212625
146386
146388
146411
146538
146417
146528
146539
146726
143429
146723
146747
146758
146769
149943
149954
149957
149960
149970
149939
149941
149948
149976
150378
150384
150386
153692
152101
152100
168260
168269
167782
162482
168583
168584
168536
168567
172534
