42
175934 175933 1446
175938 175927 871
175927 175938 871
175842 176015 359
176015 175842 359
176027 176028 751
175782 175783 984
176028 176027 751
175764 175765 1653
175783 175782 984
175783 175796 1677
175765 175764 1653
175796 175783 1677
175665 175664 757
175652 175651 2950
175651 175652 2950
175664 175665 757
211426 211433 901
211433 211426 901
163569 163572 672
163572 163569 672
163758 163757 590
163834 163838 782
163757 163758 590
163881 163880 1168
163792 163884 805
163884 163792 805
163795 165225 581
165225 163795 581
163880 163881 1168
163838 163834 782
182384 182387 1691
182387 182384 1691
182256 182257 827
182257 182256 827
166898 166939 849
166939 166898 849
166969 166956 747
166956 166969 747
175257 175255 738
175255 175257 738
175933 175934 1446
174
180485
182378
182384
182387
182256
173730
182257
182013
181981
179720
181932
181937
181942
181947
181959
182136
181951
182010
182250
182548
182553
185256
185264
185186
166897
166898
166912
166927
166939
166913
166948
152192
152247
152248
152253
166969
166956
185194
176350
176408
176419
161244
176406
176404
152297
152299
152263
152277
173942
173953
185818
174782
173667
173717
185400
173814
173656
173658
185260
173819
173928
173949
174693
174684
174689
152026
175373
175381
175354
175338
175257
175255
175335
185460
175363
175921
175939
175933
175941
175483
175484
175934
175936
152060
172364
175915
175927
175446
175855
175863
176920
176978
176984
175596
175842
176015
186136
176019
176033
176023
176043
176027
176046
175588
175591
175821
175800
175782
176028
175764
175715
175745
175732
175776
175773
175796
185896
175034
176657
176661
176704
177084
176910
177071
177087
176929
176921
174798
174814
174816
175609
174995
174997
175041
175605
177698
175096
185469
175652
175651
175664
175661
210945
210958
211015
211425
211426
211433
212050
212056
211028
212073
212076
163560
163556
163572
163573
163538
163758
163820
163827
163757
165212
165215
165217
163881
163792
163882
163795
165225
163878
163880
163892
163838
