38
211135 211134 1995
211152 211238 1549
211134 211130 751
211134 211135 1995
212490 212489 760
212492 212493 278
212493 212492 278
212554 212543 2024
212543 212554 2024
164858 164912 344
164912 164858 344
212489 212490 760
114317 114326 735
114326 114317 735
114010 114012 2775
114012 114010 2775
114030 114031 870
114031 114030 870
118574 118514 1786
118514 118574 1786
119345 119143 1694
119143 119345 1694
177453 177455 452
177455 177453 452
177246 177245 1227
177260 177268 2248
177245 177246 1227
177268 177260 2248
167415 167414 678
167414 167415 678
167478 167481 1731
167481 167478 1731
164777 164779 984
164779 164777 984
208790 211130 1152
211130 208790 1152
211130 211134 751
211238 211152 1549
167
156440
156547
156556
156605
156607
156615
156624
155544
177142
177453
177455
177458
177503
177501
177246
177250
177256
177434
177253
177260
177426
177245
177268
177270
177356
176236
176168
176240
176852
176851
176807
176741
176762
176835
176798
176799
165431
167415
167340
167414
165433
165362
165376
167364
167394
172492
167376
167400
165588
165529
165587
165591
165596
165534
165543
165540
165205
165206
165390
167433
167431
167478
167510
167481
167501
167499
165489
167436
167456
165201
165186
165395
165416
165417
165419
164777
164762
164789
164791
164779
164787
211296
211493
211499
208790
208791
211130
211238
211253
211261
215152
211153
211135
211151
211278
195313
211521
213038
212219
212300
212478
212490
212279
212299
212491
212492
212493
212554
212543
164646
164598
164843
164858
164912
164914
164940
212546
114247
114315
114317
114326
113981
114010
114012
113990
114175
114208
119226
118836
119265
119277
119275
119292
119278
119261
119313
119263
119273
118570
118574
118514
119132
119345
119143
119146
119382
119033
119035
102922
102920
92039
102194
94368
94370
94374
102935
102200
94419
92196
92242
92241
92253
94458
94493
97442
94451
115823
