64
46537 46524 1211
128049 128052 747
128052 128049 747
128124 128116 1726
128127 128010 452
128116 128124 1726
128122 128134 1255
128010 128127 452
128134 128122 1255
128199 128194 837
128194 128199 837
128194 128202 202
128021 128022 890
128022 128021 890
128022 128081 2311
128081 128022 2311
128197 128198 1344
128202 128194 202
128202 128204 1484
128198 128197 1344
128264 128265 613
128204 128202 1484
128265 128264 613
131941 131946 941
131946 131941 941
128273 128274 1426
128282 128274 476
128274 128273 1426
128274 128282 476
128294 128295 818
128295 128294 818
128292 128293 1357
128293 128292 1357
130305 130306 739
130306 130305 739
130435 130434 767
130432 130431 907
130432 130443 1624
130434 130435 767
130443 130432 1624
130443 130441 739
130431 130432 907
130431 130441 1866
130441 130431 1866
130441 130443 739
218068 218069 244
218069 218068 244
41474 41475 552
41475 41474 552
41475 41481 1104
41481 41475 1104
41481 41483 1027
41483 41481 1027
46891 46878 2111
46878 46891 2111
46898 46902 871
46902 46898 871
46947 47236 2551
47236 46947 2551
126941 126942 848
126942 126941 848
127899 127864 818
127864 127899 818
46524 46537 1211
158
37629
37682
37938
37789
37959
37936
37963
37978
38006
41474
41475
41478
41481
41483
46822
37797
37801
37804
37809
37827
37830
37977
38020
37903
37906
38048
37929
38051
37932
38055
41468
41467
41473
36955
46830
46815
46891
46878
46894
46898
46957
46958
46902
46905
46932
38557
46947
46942
47237
47236
47110
47083
47085
47106
47090
47116
47089
127950
128015
130001
127909
127923
127868
127875
127880
127267
127894
126916
126927
126930
126936
126964
126971
126949
126983
126941
126942
127899
127864
127906
46502
46503
46514
46520
46535
46544
47067
46524
46528
46531
46537
46541
128046
128032
128124
128116
128010
128033
128148
128184
128199
128159
128041
128085
128191
128217
128197
128198
128210
128264
130346
131916
130383
131941
130386
131946
128273
128274
128275
128263
128303
128298
128295
128292
128293
129653
129842
129848
130300
130301
130306
130338
121479
121478
121585
121598
121481
121487
121621
70245
130435
121457
130465
121473
121444
132102
129837
129839
129899
130417
130431
127510
218022
218072
218086
218068
218069
218306
