48
69250 69292 333
70157 70153 935
70148 70139 1147
70153 70157 935
70131 70135 792
70135 70131 792
70139 70148 1147
69687 69688 2237
69688 69687 2237
69616 69784 796
69784 69616 796
70336 70354 672
70354 70336 672
70354 70355 1954
70355 70354 1954
70384 70385 830
70385 70384 830
70385 70420 713
70420 70385 713
70445 70446 739
70446 70445 739
70503 70512 789
70512 70503 789
69297 69313 1701
69313 69297 1701
69292 69250 333
121130 121128 674
121128 121130 674
224030 216384 50
216384 224030 50
219502 219507 680
219507 219502 680
222042 222078 2903
222078 222042 2903
45716 45725 279
45725 45716 279
46051 46095 418
46095 46051 418
127385 127389 893
127389 127385 893
129107 129158 1075
129158 129107 1075
129247 129249 789
129249 129247 789
121004 121009 276
121009 121004 276
121115 121261 2255
121261 121115 2255
166
125416
125421
125436
125420
126703
126711
125452
126697
126713
126027
126052
126061
126062
126066
126022
45800
45799
45681
45716
45725
46008
46015
46034
46053
46097
46051
46093
46095
127516
126506
126525
126597
127385
127398
127389
127402
126578
126613
126621
129072
129083
127518
127521
129055
129153
129107
129158
129247
129207
129249
129213
129258
120528
129273
129274
129279
121082
121075
121076
121102
121257
121003
121260
120982
121004
121008
121017
121009
121115
121261
121113
121533
121548
121538
69106
69109
69110
77096
69245
70172
70173
70195
70148
70153
70131
70135
69112
69755
69761
69764
69816
69751
69687
69688
69778
69768
69775
69607
69616
69788
69787
72338
72340
72341
72499
72508
72510
69833
69838
70005
70335
70327
70355
70422
70563
70683
70686
70445
70446
70447
70495
70503
70512
70518
70556
69297
69301
69313
69292
129300
129315
129452
120969
121130
121126
121128
215809
224624
216384
218153
219097
219098
219107
224571
224576
218239
218241
218269
218063
218157
218160
218156
219229
219520
219247
219510
224541
219502
219550
220707
219495
222042
224070
222078
222094
215248
