44
92008 92010 251
92010 92008 251
102206 94414 3108
94414 102206 3108
92407 92408 1583
92408 92407 1583
107051 107059 434
107051 107059 434
107059 107051 434
107059 107051 434
107123 107121 3609
107125 107126 1979
107126 107125 1979
107121 107123 3609
92821 92808 3194
92808 92821 3194
115838 115840 1322
115840 115838 1322
115841 115832 884
115832 115841 884
190894 190892 982
190892 190894 982
191681 191658 3314
191658 191681 3314
164821 164822 1426
164822 164821 1426
164756 164748 713
164748 164756 713
211386 211393 511
211393 211386 511
211408 211401 833
211401 211408 833
211506 211513 670
211513 211506 670
211513 211514 751
211514 211513 751
212244 212255 848
212267 212273 1259
212273 212267 1259
212453 212447 781
212255 212244 848
212447 212453 781
114320 114321 695
114321 114320 695
158
164805
164848
164838
165152
157784
165334
165163
165352
165198
165380
165144
164809
164817
164821
164782
164822
164756
164667
164759
164748
211385
211386
211393
211408
211401
211506
211187
211188
211213
211380
211382
211483
211513
211514
211541
211544
211562
211563
211568
211571
211573
212206
212209
212244
212267
212273
211362
212453
212472
212519
161432
160145
164660
172431
212534
212535
212255
212256
212263
212447
114378
114320
114331
114333
114312
114321
113852
114222
114220
114215
113971
114192
114190
114025
119120
119197
119296
118561
118566
119148
119385
119381
114941
115009
114855
116236
115020
92007
92010
92014
92020
92029
92056
92064
92057
92061
92073
102206
94412
94414
92259
92281
92264
92267
92282
94462
115804
115816
115818
92398
92404
92407
92317
92325
105804
107032
107064
107090
93206
107057
107088
107105
107212
107126
107121
107454
107435
107421
107500
107517
109495
92897
92972
93038
93039
93046
92789
92806
92792
116009
115789
115838
115841
115832
191787
191018
190891
190892
191681
191658
192133
191717
191728
191747
192746
191892
194144
191569
