54
153171 153170 848
155772 155773 1209
173037 173036 682
173036 173037 682
173515 173046 1612
173046 173515 1612
173142 173143 1481
173143 173142 1481
173075 173073 2652
173073 173075 2652
156225 156226 674
156225 156273 2536
156280 156273 1576
176558 176561 1811
176561 176558 1811
176561 176562 2106
176562 176543 1780
176562 176561 2106
176543 176562 1780
156365 156374 344
155707 155719 581
155719 155707 581
156455 156458 2131
156435 156434 1052
156435 156436 889
156458 156455 2131
156436 156435 889
156434 156435 1052
156226 156225 674
156273 156225 2536
156273 156280 1576
156374 156365 344
152496 152492 747
152604 152610 1336
152610 152604 1336
167383 166807 810
166807 167383 810
167659 167661 2088
167661 167659 2088
152492 152496 747
180087 180091 2458
180091 180087 2458
180091 180097 2138
180097 180091 2138
152757 153212 1200
153212 152757 1200
153150 153151 940
153151 153150 940
156039 156042 789
156042 156039 789
155773 155772 1209
155803 155804 890
155804 155803 890
153170 153171 848
166
152588
162520
152496
152522
152604
152610
168514
168513
167254
167383
167592
167562
166805
166807
167641
167659
167661
167801
168423
152492
152500
152505
180111
177684
185999
180102
180108
179590
179600
180103
179665
179670
180087
180091
180097
180139
180142
180160
179863
179861
179876
179842
179844
179966
152528
152533
152708
152712
152641
152643
152632
152763
152754
152757
153212
153150
153151
153169
155801
155910
155992
155989
155999
155997
156074
156069
155668
156040
156039
156042
155773
155767
155790
155803
155804
153170
153189
153171
153329
153324
153389
153411
153435
172071
155822
155824
155835
153476
153500
153516
155828
155844
172268
155772
155819
172995
173017
173028
173094
173101
173044
173090
173002
173077
173046
172997
172999
173111
173145
173109
173143
173177
173180
173220
177759
177761
173224
173230
173055
173064
173075
173073
173089
172977
177747
173227
173268
174759
174845
174885
174888
174866
174857
174916
174917
156280
176254
176263
176553
176589
176557
176561
176574
156367
176572
176155
176252
155665
155707
156051
155719
156343
156486
156452
156488
156455
156442
156456
156436
156226
156374
156388
156413
156347
156448
156418
