74
196662 196663 1207
196659 196658 1311
196663 196662 1207
197210 197211 804
197211 197210 804
197211 197212 707
197212 197211 707
197230 197237 548
197237 197230 548
202608 202617 988
202617 202608 988
202618 202762 755
202762 202618 755
202785 202786 1010
202786 202785 1010
202791 202792 899
204154 204157 796
204158 204182 731
203925 203924 1400
204182 204158 731
203924 203921 830
203924 203925 1400
203917 203920 1956
203920 203917 1956
203921 203924 830
204157 204154 796
204245 204244 135
204244 204245 135
202792 202791 899
207062 207064 801
207064 207062 801
207298 207323 751
207323 207298 751
207320 207313 879
207313 207320 879
196658 196601 522
196658 196659 1311
196598 196601 747
196601 196598 747
196601 196658 522
206050 206042 1936
198917 206039 363
206039 198917 363
206039 206042 969
206042 206039 969
206042 206050 1936
214369 206709 751
206709 214369 751
207014 207015 1016
207015 207014 1016
207021 207031 893
207031 207021 893
209392 209381 382
209381 209392 382
195470 195349 856
195349 195470 856
196192 196206 1367
196206 196192 1367
141330 141331 2246
141331 141330 2246
141031 141034 826
189896 189928 1808
189928 189896 1808
141034 141031 826
141070 141069 2125
141070 141728 1887
141728 141070 1887
141069 141070 2125
55705 55849 1352
55849 55705 1352
56148 56150 849
56150 56148 849
189874 189828 862
189828 189874 862
160
144259
195469
195470
195349
195519
195532
195539
196290
196192
195453
195454
196198
196202
196200
196206
141334
141330
141331
141395
141399
141031
141039
141130
141126
189896
189928
190294
189931
190334
190341
190343
186602
186604
189698
189700
190372
139807
140025
140069
140071
190411
190413
190407
139916
139928
139929
190420
190427
190463
190465
190256
189693
141034
141077
141079
141143
141089
141094
141095
141161
141697
141070
141702
141705
141706
141728
141069
55630
55690
55705
55849
56148
56150
56166
56170
56612
56786
56792
189874
189828
196660
196663
197212
197245
202593
202608
202618
202761
202762
202767
202785
202786
204154
204158
203925
204149
204182
203914
203917
203920
204157
204172
204179
204226
204244
204232
204273
207066
207067
203652
203574
203536
203472
203642
207095
207109
207111
207056
207064
206036
207317
207298
207314
203960
207301
196283
196492
196286
196495
196506
196518
196523
196586
196595
196598
206050
198917
206037
206039
206042
206695
206709
206711
206724
206791
206775
206943
206946
207011
207014
207015
207021
207031
209317
209361
209364
209389
209392
209381
178833
