86
141809 141812 929
141812 141809 929
142240 142239 954
142240 142241 649
142241 142240 649
142241 142242 795
56094 56200 1339
56200 56094 1339
56200 56095 818
56095 56200 818
56270 56274 1436
56274 56270 1436
196632 196633 1637
196633 196632 1637
196892 196899 437
196899 196892 437
204323 204330 434
204344 204348 1123
204348 204344 1123
204348 204350 255
204350 204348 255
207618 207619 663
207619 207618 663
207623 207628 846
207628 207623 846
207628 207656 841
207656 207628 841
207656 207657 681
207657 207656 681
207657 207660 846
207476 207497 286
207497 207476 286
207497 207498 1182
207498 207497 1182
207498 207504 853
207500 207508 867
207504 207498 853
207508 207500 867
207739 207740 692
207740 207739 692
207662 207660 846
207660 207657 846
207660 207662 846
145433 145460 779
145460 145433 779
145460 145461 797
145461 145460 797
151371 151364 780
151371 151372 772
151372 151371 772
151372 151416 481
151416 151372 481
151364 151371 780
151342 151343 825
151343 151342 825
203998 203996 750
204100 204101 762
204101 204100 762
204112 204114 990
204114 204112 990
204118 204322 710
204322 204118 710
204330 204323 434
203605 203608 1742
203612 203613 573
203608 203605 1742
203608 203609 505
203613 203612 573
203609 203608 505
203723 203727 2213
203727 203723 2213
204011 204022 751
203996 203998 750
204022 204011 751
144386 144384 380
144384 144386 380
142460 144379 271
144379 142460 271
195568 196371 1332
196371 195568 1332
140230 140232 1146
140232 140230 1146
142239 142240 954
142242 142241 795
141823 141826 814
141826 141823 814
183
49481
49631
46290
48179
49661
49681
49691
49795
53805
54772
144386
144397
144384
142460
144379
142453
142454
142403
142425
142435
142449
144401
144449
144446
144447
144575
144591
144592
144597
144631
196690
196693
196703
196707
195568
196413
196426
196371
196415
140230
141485
141540
141517
151899
151883
148162
141492
141493
141496
189964
150584
143289
139860
139864
140166
140171
140214
140226
140232
140233
140169
190559
190566
142239
142373
142396
149904
151810
151834
146994
151826
142257
142295
142242
141823
141826
141839
141531
141671
141777
141782
141791
141809
141812
142240
142241
56078
56059
55936
55971
55986
55983
55905
56094
56199
56095
56202
56270
56274
56282
56283
56291
196665
196632
196633
196892
196899
196902
204323
204344
204350
204388
204745
204752
207618
207619
207623
207628
207656
207657
207500
207508
207510
207670
207737
207740
207662
207660
196858
196870
196859
196864
196868
196894
196882
196819
196822
145346
145431
145433
145460
145461
145985
146001
151410
151371
151372
151416
146005
151365
151364
151373
151339
151341
139761
139759
203583
203998
204004
204100
204101
204112
204114
204113
204118
204322
204330
203581
203605
203612
203613
203609
203590
203689
203723
203727
203752
203755
203761
203980
204011
203996
207960
