94
23584 23572 983
23572 23584 983
24147 24180 452
24180 24147 452
24264 24318 403
24318 24264 403
24318 24320 336
24322 24320 821
24320 24318 336
24320 24322 821
24347 24351 708
24351 24347 708
24956 25006 336
25006 24956 336
25006 25007 809
25007 25006 809
188104 188102 1316
188102 188104 1316
187658 190141 579
190141 187658 579
190148 190793 295
190793 190148 295
188293 188317 183
188304 188317 1175
188317 188293 183
188317 188304 1175
135161 135166 751
135258 135257 1085
135258 135272 1818
135272 135258 1818
135233 135228 2044
135257 135258 1085
135166 135161 751
135239 135228 983
135228 135233 2044
135228 135239 983
135380 135377 847
135380 135381 1378
135377 135379 2205
135377 135380 847
135379 135377 2205
135379 135394 202
135381 135380 1378
135394 135379 202
136239 136236 983
136284 136244 905
136225 136227 708
136227 136225 708
136236 132591 1097
136236 136239 983
132591 136236 1097
136244 136284 905
136291 136292 276
136292 136291 276
136322 136329 1454
136329 136322 1454
136329 136330 1362
136484 136485 757
136481 136518 848
136485 136484 757
136518 136481 848
136388 136390 202
136390 136388 202
136330 136329 1362
136541 136545 848
136545 136541 848
136545 136547 505
136547 136545 505
136839 136840 2153
136840 136839 2153
137833 136844 1799
136844 137833 1799
9869 9858 1868
9858 9869 1868
11420 11423 354
11423 11420 354
12354 12356 764
12356 12354 764
12446 11532 2027
11532 12446 2027
11695 11696 1268
11696 11695 1268
11629 11745 1176
11745 11629 1176
11637 11639 1595
11639 11637 1595
23259 11943 1500
11943 23259 1500
23406 23407 1932
23407 23406 1932
12014 23422 3254
23422 12014 3254
23620 23621 1409
23621 23620 1409
164
16805
16827
16838
9791
9797
9869
9858
11338
11349
11350
11353
11411
11420
11423
11435
12353
12354
12356
12443
12446
11309
11477
11573
11578
11553
11526
11532
11693
34225
11695
11696
11697
11625
11629
11745
11621
11634
11637
11639
11655
11866
11871
11872
22653
11659
11666
23259
11943
11954
11963
12067
12073
11995
23406
11986
23407
12014
23408
23411
23422
23419
23421
12280
28485
28488
28490
19795
23494
23579
23620
23621
23594
24178
24221
24254
24257
24214
14376
14377
23623
23626
23584
23572
24152
24180
24264
24318
24292
24347
24345
24352
24351
24346
24942
24943
24940
25007
25012
25047
25046
25054
188104
188109
188170
188182
188102
187667
187656
187659
187666
187650
187658
190148
190793
188298
188293
188304
188317
135158
135258
135272
135233
135235
134191
135166
135206
188197
135193
135200
135196
135379
135394
135404
135455
135456
136239
136221
136225
136227
136244
136291
136292
136303
136319
136556
136557
136481
136518
136388
136390
136330
136383
136400
136541
136545
136522
136534
136527
136531
136839
136840
136848
137826
137836
