42
256521 256522 1906
242189 248293 3068
248293 242189 3068
255608 255634 55
255634 255608 55
256522 256521 1906
256826 256827 868
256845 256846 983
256846 256845 983
256827 256826 868
256863 256864 680
256864 256863 680
238870 263084 2257
238274 238203 867
238274 238277 1645
238203 238274 867
238277 238274 1645
263084 238870 2257
238946 238963 2262
238963 238946 2262
238802 238803 397
238802 239087 477
238803 238802 397
239087 238802 477
239087 239085 1624
239085 239087 1624
238745 238751 971
238751 238745 971
244758 244881 373
244881 244758 373
244881 244882 1900
244882 244881 1900
244892 244983 452
244983 244892 452
244985 263510 437
263510 244985 437
245012 245028 1091
245028 245012 1091
245633 245634 4647
245634 245633 4647
245880 245892 805
245892 245880 805
162
243406
244840
261337
261331
244833
244838
244859
244862
244758
244881
244882
244892
244983
244985
244989
245001
244996
263510
245303
245054
245009
245012
245028
244808
245138
245027
245034
245578
245576
245579
245248
245622
245585
245626
245633
245634
245638
245644
245658
241941
245689
245826
245833
245875
245885
243165
243146
243154
242819
242991
242982
242986
242998
243006
243011
243046
243057
243131
243129
245880
245892
245898
246730
245900
246725
246728
246750
246780
247953
248014
247972
247970
247977
247994
248002
256373
256372
256503
256504
248116
248020
248119
248123
248261
242189
248293
248300
248333
255610
255613
255653
255660
262287
256319
256326
256324
256327
256315
256376
256522
256573
256584
256541
256826
256847
256593
256836
256845
256846
256827
256849
256864
238870
238873
264073
238274
238212
238192
238200
238203
238204
238277
238269
238871
263084
257068
257061
261776
257127
257132
257156
238422
238466
238487
242582
263216
238493
238680
238977
238985
238708
238946
238958
238961
239173
238963
238969
239015
239017
239114
239047
263331
239176
238803
239087
239085
239091
238745
238774
238751
242802
242829
