64
107644 107675 788
107754 107716 607
107698 107699 1160
107716 107754 607
111937 111943 764
111943 111937 764
111943 111946 868
111946 111943 868
112106 112126 681
112280 112279 681
112279 112280 681
112126 112106 681
112448 112440 764
112449 112458 788
112440 112448 764
112440 112450 1827
112450 112440 1827
112458 112449 788
112459 112456 1466
112456 112459 1466
112394 112396 788
112681 112682 1393
112682 112681 1393
112388 112398 809
112397 112396 336
112397 112398 751
112398 112388 809
112398 112397 751
112396 112394 788
112396 112397 336
105342 105347 759
105347 105342 759
105358 105360 1091
105303 105304 616
105304 105303 616
104653 104654 496
104630 104637 1160
104654 104653 496
104637 104630 1160
103738 105397 1411
105397 103738 1411
104689 105360 641
105360 104689 641
105360 105358 1091
39885 39859 1979
39858 39859 975
39859 39858 975
39859 39885 1979
115660 115662 419
115662 115660 419
106700 106884 1343
106884 106700 1343
105760 105761 3059
105761 105760 3059
105749 105745 1669
105745 105749 1669
191815 191931 325
191931 191815 325
109822 107722 1268
107699 107698 1160
107722 109822 1268
107648 107649 549
107649 107648 549
107675 107644 788
163
115040
115065
92087
92124
115124
115122
115322
115350
115364
115656
115660
115662
106814
107021
107173
107362
107309
113635
107003
107301
106870
92882
92918
92926
92938
92939
106889
106700
106884
106910
106486
105754
105756
105760
105761
116041
116043
116111
116114
116122
105749
105737
105742
105745
191524
191815
191931
191727
191581
191577
191822
191900
192833
192836
194217
192855
193019
193022
193968
107617
109834
107636
109822
107684
107699
107718
107730
107722
107651
107678
107648
107655
113637
107649
107675
107676
107692
107696
107729
107851
111016
111118
111116
111937
111943
111946
111961
111971
112094
112098
112106
112020
112025
112280
112279
112126
112300
112345
112340
112348
112457
112448
112449
112440
112450
112458
112456
112394
112392
112895
112681
112919
112949
112955
112385
112388
112398
112396
112684
112943
112985
112999
113164
113107
113108
113267
113270
113038
113492
113100
112979
113166
113219
113220
113085
105715
113509
113494
113495
113503
105294
105290
104645
105342
105358
105303
105304
104630
104633
104654
104637
105397
105361
105376
104689
39885
39876
39925
39927
39849
39856
39858
40059
