60
158590 160769 1454
160769 158590 1454
160769 160976 1454
160976 160769 1454
161010 161178 1307
161012 161013 1014
161013 161012 1014
160929 160930 1605
160929 160959 590
160930 160929 1605
161178 161010 1307
161178 161180 1182
161180 161178 1182
160959 160929 590
160901 160900 843
160900 160901 843
166018 166017 850
166122 166121 445
166121 166122 445
168200 168199 818
168200 168229 1858
168223 168229 667
167913 167973 683
167973 167913 683
168199 168200 818
168199 168234 1121
168229 168200 1858
168229 168223 667
168234 168199 1121
166017 166018 850
166050 166049 796
166049 166050 796
161770 161771 475
161771 161770 475
161786 161787 1081
161787 161786 1081
161735 161742 747
161742 161735 747
157173 157172 1028
154900 154821 1004
154821 154900 1004
154931 154935 782
154935 154931 782
157176 157177 927
157251 157177 2334
157172 157173 1028
157177 157176 927
157177 157251 2334
157343 157381 3131
178037 178045 1280
178045 178037 1280
178354 178356 354
178583 178396 1205
178396 178583 1205
178356 178354 354
177815 177816 293
177816 177815 293
157381 157343 3131
157371 157391 889
157391 157371 889
178
157243
157142
157173
157174
154701
154879
154726
154776
154755
154783
154771
154781
154693
154889
154882
154900
154820
154821
154910
154925
154919
154931
154933
154935
155228
155239
157176
157251
157281
157222
157215
157605
157609
155360
157624
157660
157146
157172
157177
157246
157331
157339
157343
178037
178045
177881
177909
178290
178295
178341
178354
178372
178583
178396
178356
178366
178346
173380
173400
173398
177806
177815
177816
174765
177787
178038
173490
173390
173410
160309
160612
160659
157381
157371
157386
157391
157402
158117
158143
158160
158151
158276
158387
158564
158443
158517
158557
158561
158567
158524
158590
160769
158936
158938
158890
160976
160989
161010
161013
161023
161026
160929
161178
161180
160959
161186
160975
160801
160803
160821
160845
160849
160747
160901
160900
160883
160891
160903
160889
166018
166037
166042
166028
166075
168223
172517
167965
167990
167897
167922
167927
167968
167973
168008
168108
168179
168171
168240
168242
168199
168229
167894
166017
166045
166050
166049
166132
161590
161821
161890
161916
162037
162032
162047
161914
162045
161770
161771
161782
161786
161787
161735
161781
161791
161742
161789
155249
161597
161647
161650
161677
169039
165815
166077
160121
160124
166116
166139
