50
239526 239531 3744
239531 239526 3744
239538 239537 790
239922 239920 513
239920 239922 513
240155 240154 1611
240154 240155 1611
240154 240161 501
240161 240154 501
240229 240180 1809
240180 240229 1809
244762 244767 449
244767 244762 449
240277 241433 442
241433 240277 442
246118 246117 542
246117 246118 542
246117 246128 811
246128 246117 811
261828 261831 319
261831 261828 319
246243 246180 1014
246159 246160 76
246159 246174 557
246179 246180 2154
246174 246159 557
246160 246159 76
246160 264324 359
264324 246160 359
246180 246179 2154
246180 246243 1014
246637 246640 628
246641 246640 707
246818 246867 1299
246883 246881 373
246881 246874 778
246881 246883 373
246867 246818 1299
246874 246881 778
246640 246637 628
246640 246641 707
247127 247129 1593
247129 247127 1593
255904 255905 672
255905 255904 672
257382 257433 3672
257433 257382 3672
238513 238514 4033
238514 238513 4033
239537 239538 790
153
254733
254734
254277
255740
255764
255782
254712
254725
255702
255747
255751
255874
255883
255889
255904
255905
255907
257382
257384
257433
257420
257426
257410
257413
257455
257470
257496
238032
238036
238057
238222
238225
238001
238009
237995
238026
257518
257519
257543
258298
257557
238044
238066
263697
238052
238124
238342
238331
238337
237327
237329
238513
238514
238541
238600
238601
238597
261127
261299
242808
261131
242585
242630
242714
242811
239588
239625
239658
239676
239502
239517
239537
262129
239580
239518
237837
239546
239569
242584
239439
239407
239770
239917
239922
239920
239925
239948
240141
240161
240183
240229
240187
241114
241117
241119
241455
241100
244657
244658
244662
241141
244762
244767
244769
241182
241299
241317
241426
240277
241433
242258
245152
242256
241435
241436
241453
241463
245962
245966
262231
246002
246005
246006
246077
246078
246038
246118
246128
261828
246099
246103
261831
246398
246395
246146
246147
261283
246179
246181
246187
246818
246763
246883
246867
246874
246801
246820
246988
247012
247084
247108
247127
247129
