62
123111 123108 2614
123108 123111 2614
45077 45079 1179
45079 45077 1179
45082 45098 2255
45098 45082 2255
125807 125805 928
125807 125806 1010
125805 125807 928
125870 125869 2091
125806 125807 1010
125833 125835 789
125835 125833 789
125838 125840 1010
125840 125838 1010
125869 125870 2091
125742 125739 1261
125751 125826 474
125826 125751 474
125739 125742 1261
125719 125721 2600
125721 125719 2600
124997 128370 1010
128370 124997 1010
128370 128373 2133
128373 128370 2133
128433 128436 1729
128436 128433 1729
128571 128653 874
128653 128571 874
128695 128697 538
128697 128695 538
128699 128700 673
128700 128699 673
128716 128718 811
128718 128716 811
67661 67675 1234
67676 67675 422
67675 67661 1234
67675 67676 422
68102 68098 2627
68098 68102 2627
68120 68280 452
68280 68120 452
43114 43120 782
43120 42948 2798
43120 43114 782
42948 43120 2798
43291 43299 796
43299 43291 796
43089 44972 1055
44968 44969 2005
44972 43089 1055
44969 44968 2005
45019 45018 1419
45017 45010 1796
45010 45017 1796
45018 45019 1419
125463 125465 1477
125465 125463 1477
125522 125531 2014
125531 125522 2014
156
42424
42472
42473
42593
42597
42272
42288
42231
42282
42849
42854
43103
42315
42323
42307
43115
43114
43120
42947
42948
43041
43182
42399
43220
43210
43213
43043
43047
43052
43291
43345
43340
43341
43297
43299
43450
50527
43348
43084
43086
43089
43093
44968
44972
44969
44982
44989
45025
45028
45019
45017
45010
45018
45102
125463
125465
125473
125518
125522
125531
125765
125768
125798
125803
41928
128739
125128
123074
123101
123117
123009
123653
123705
123111
123108
132444
122421
123028
123255
123256
123306
45077
45089
45079
45082
45109
45133
132437
125800
125805
125870
125833
125835
125838
125869
125742
125751
125826
125867
125717
125739
125714
125721
128365
124992
128370
128378
128392
128425
128432
128436
128571
128611
128653
128695
128697
128699
128700
128710
120428
128689
120459
128706
128716
128718
128669
128713
120530
120538
120477
132414
120494
67651
67660
67661
120606
120633
120461
67667
68020
67676
68438
67655
68442
67698
120641
68466
68099
68059
68089
68091
68262
68264
68266
68291
68294
