50
101421 101359 949
122016 122018 1812
129996 132513 464
132513 129996 464
122018 122016 1812
122241 122242 976
122242 122241 976
121854 121856 1941
121860 121861 667
121860 121865 850
121862 121858 344
121861 121860 667
121844 121843 1225
121843 121844 1225
121856 121854 1941
121858 121862 344
121865 121860 850
124117 124224 1067
124224 124117 1067
117916 117887 4250
124399 124402 739
124402 124399 739
123550 124459 2198
124459 123550 2198
124453 124455 789
124456 124455 954
124432 124471 1785
124433 124437 1211
124455 124453 789
124455 124456 954
124455 124471 1814
124471 124432 1785
124471 124455 1814
124437 124433 1211
124437 124475 1283
124475 124437 1283
124681 124680 538
124680 124681 538
77010 77014 3107
77014 77010 3107
77041 77042 1245
77042 77041 1245
100530 100569 252
100569 100530 252
101489 101485 1664
101485 101489 1664
101359 101421 949
92130 92131 209
92131 92130 209
117887 117916 4250
154
171905
170983
95860
96205
96285
96780
96817
97035
100115
100118
97337
103091
100387
97039
97082
97084
97181
97182
99630
99622
102377
99785
99789
99809
102796
99825
99830
99842
99820
99845
99857
100431
100436
100530
100569
100397
100401
100462
100568
101469
101577
101489
101581
101535
101536
101485
101623
101548
101552
91967
103019
101737
92221
101359
101360
101370
92031
101525
92130
92131
101522
101566
118005
117677
117841
117638
117806
117861
117887
122108
122113
121747
121755
117696
121781
121782
117702
122016
122018
122223
122237
122241
122242
121996
121981
121815
121848
121808
121854
121862
121861
121833
121867
121838
121844
121846
121856
121858
121865
121891
124114
124117
124224
124237
118004
118040
117916
118007
118125
118084
124278
124282
124286
124399
124402
124412
124441
124442
123543
123550
124465
124432
124433
124437
124481
124482
124553
124555
124681
124680
124702
120184
120237
120239
120179
124577
124697
124563
120245
120249
67043
77010
77014
66982
77018
66843
77042
67006
60572
60578
60583
60592
66885
66896
