276
2407 2406 1285
2408 2406 562
2115 2114 937
2115 2120 275
2115 2139 749
2140 2139 1084
2140 2141 937
2142 2141 511
2425 2428 983
74 2436 3996
2437 2436 580
2416 2418 706
2458 2568 924
2570 2568 1844
2570 2569 238
2575 2569 1012
2575 2590 1277
2590 2575 1277
2590 2593 598
2590 2593 598
2590 2603 938
2603 2590 938
2603 2616 1746
2660 2616 288
2660 2667 680
2667 2660 680
2667 2668 838
2669 2668 2347
2673 2675 1012
2685 2675 2557
3120 3117 1654
3121 3117 436
3121 3133 2276
3133 3119 949
3133 3121 2276
3133 3134 201
3134 3129 782
3134 3133 201
3930 3929 1815
3947 3945 213
3947 3948 445
3949 3948 667
3313 3266 1312
3315 3314 924
3279 3277 706
3280 3277 1004
3230 3229 482
1496 3945 761
3963 3957 687
3960 3962 778
3977 3962 1928
4065 3992 845
4065 4064 4668
4067 4066 4567
4049 4044 1897
4049 4072 713
3912 3917 3120
3992 4063 4557
3992 4065 845
4062 4063 503
3814 3813 713
3815 3813 838
3820 3819 937
3820 3819 937
4052 4050 1542
4072 4049 713
4072 4073 893
115 117 2551
118 117 1052
5924 5923 1415
5928 5927 2113
5929 5931 1707
106 105 5791
110 105 921
4601 107 3837
4718 169 1881
96 95 2345
97 95 1234
4796 219 3684
4798 219 2316
168 167 1345
4730 167 549
4724 4729 473
4735 4733 924
267 266 2747
267 373 2789
268 266 12787
374 373 1336
438 436 2321
5876 5884 4811
5883 5884 2028
5887 5886 1588
5890 5886 514
5895 5888 1001
5896 5888 3591
5898 5897 3152
6005 5900 1479
6007 5900 3376
5849 5848 278
5849 5850 311
5851 5850 2211
5836 5854 4781
5859 5861 475
5867 5866 2428
5869 5866 1159
5848 5849 278
5848 5921 3015
5919 5921 4099
5939 5938 596
5940 5938 1252
5705 5707 1863
5723 5707 4799
5724 5716 1897
5725 5716 785
5688 5711 3019
5698 5699 237
5757 5759 397
5757 5764 2186
5766 5764 1298
6265 6264 3322
6245 6267 1052
6269 6267 1390
6246 6248 3994
6310 6248 1480
6278 6276 981
6257 6316 4813
6318 6317 2454
3421 3414 3454
402 403 1253
405 403 2321
433 432 452
447 451 712
456 451 765
484 1991 222
1988 1991 2213
2002 2006 556
2013 2010 335
2058 2010 475
2063 2066 1071
2100 2066 950
2105 2111 1861
2110 2111 804
2114 2115 937
2120 2115 275
2406 2407 1285
2406 2408 562
2139 2115 749
2139 2140 1084
2139 2141 557
2141 2139 557
2141 2140 937
2141 2142 511
2428 2425 983
2436 74 3996
2436 2437 580
2418 2416 706
2568 2458 924
2568 2570 1844
2569 2570 238
2569 2575 1012
2593 2590 598
2593 2590 598
2616 2603 1746
2616 2660 288
2668 2667 838
2668 2669 2347
2675 2673 1012
2675 2685 2557
3117 3120 1654
3117 3121 436
3119 3133 949
3129 3134 782
3929 3930 1815
3948 3947 445
3948 3949 667
3266 3313 1312
3266 3314 1194
3314 3266 1194
3314 3315 924
3277 3279 706
3277 3280 1004
3229 3230 482
3945 1496 761
3945 3947 213
3957 3963 687
3962 3960 778
3962 3977 1928
4064 4065 4668
4066 4067 4567
4044 4049 1897
3917 3912 3120
4063 3992 4557
4063 4062 503
3813 3814 713
3813 3815 838
3819 3820 937
3819 3820 937
4050 4052 1542
4073 4072 893
117 115 2551
117 118 1052
5923 5924 1415
5927 5928 2113
5931 5929 1707
105 106 5791
105 110 921
107 4601 3837
169 4718 1881
95 96 2345
95 97 1234
219 4796 3684
219 4798 2316
167 168 1345
167 4730 549
4729 4724 473
4733 4735 924
266 267 2747
266 268 12787
373 267 2789
373 374 1336
436 432 2106
436 438 2321
5884 5876 4811
5884 5883 2028
5886 5887 1588
5886 5890 514
5888 5895 1001
5888 5896 3591
5897 5898 3152
5900 6005 1479
5900 6007 3376
5850 5849 311
5850 5851 2211
5854 5836 4781
5861 5859 475
5866 5867 2428
5866 5869 1159
5921 5848 3015
5921 5919 4099
5938 5939 596
5938 5940 1252
5707 5705 1863
5707 5723 4799
5716 5724 1897
5716 5725 785
5711 5688 3019
5699 5698 237
5759 5757 397
5764 5757 2186
5764 5766 1298
6264 6265 3322
6267 6245 1052
6267 6269 1390
6248 6246 3994
6248 6310 1480
6276 6278 981
6316 6257 4813
6316 6317 562
6317 6316 562
6317 6318 2454
3414 3421 3454
403 402 1253
403 405 2321
432 433 452
432 436 2106
451 447 712
451 456 765
1991 484 222
1991 1988 2213
2006 2002 556
2010 2013 335
2010 2058 475
2066 2063 1071
2066 2100 950
2111 2105 1861
2111 2110 804
155
2406
2139
2141
2428
2436
2418
2568
2569
2593
2616
2668
2675
3117
3119
3129
3929
3948
3266
3314
3277
3229
3945
3957
3962
4064
4066
4044
3917
4063
3813
3819
4050
4073
117
5923
5927
5931
105
107
169
95
219
167
4729
4733
266
373
436
5884
5886
5888
5897
5900
5850
5854
5861
5866
5921
5938
5707
5716
5711
5699
5759
5764
6264
6267
6248
6276
6316
6317
3414
403
432
451
1991
2006
2010
2066
2111
2117
2140
2142
2425
74
2437
2458
2603
2660
2667
2669
2673
2685
3120
3930
3315
3279
3230
1496
3963
3960
3977
4049
3992
4062
4072
115
5924
5929
106
4601
4718
97
4796
4798
168
4730
4724
4735
267
268
5876
5883
5895
6005
5836
5859
5869
5848
5919
5940
5705
5725
5688
5698
5757
6245
6246
6257
6318
402
405
447
456
484
1988
2002
2013
2058
2063
2100
2105
2110
2114
2120
