50
155972 155692 667
155786 155702 3372
153136 153134 1104
153047 153050 697
153050 153047 697
153050 153088 1323
153088 153050 1323
155480 155479 650
155479 155480 650
155474 155473 789
155473 155474 789
176188 176189 758
176189 176188 758
176150 176151 476
176151 176150 476
155647 155624 3021
152907 155651 1248
155651 152907 1248
155651 155625 893
156303 156327 738
156327 156303 738
156327 156328 789
156328 156327 789
155643 155644 758
155624 155625 758
155624 155647 3021
155644 155643 758
155625 155624 758
155625 155651 893
177127 177125 849
177125 177127 849
177237 177223 1009
177223 177237 1009
166781 166797 758
166797 166781 758
172485 167057 893
167057 172485 893
180365 180364 672
180364 180365 672
180359 179654 2280
179654 180359 2280
182188 182196 1496
182196 182188 1496
152958 152959 575
152959 152958 575
153134 153136 1104
155702 155786 3372
155965 155970 751
155692 155972 667
155970 155965 751
159
152544
167111
167128
167123
167244
167240
167258
172178
166781
166788
166797
166736
166784
166774
167039
167025
172485
167057
167064
167083
152425
152429
152433
152436
178863
180083
180365
180364
180359
179671
179654
180151
180163
173563
182332
182073
182075
182107
182091
182093
182100
182188
182196
182194
182275
182276
182285
152355
152952
152954
152956
152958
152983
152994
153000
152481
152731
152720
152388
152372
152988
152959
152961
152385
152380
152448
152486
153093
153134
155737
155702
155778
155965
155692
155789
155970
155972
155786
155753
155756
153096
153098
153366
153136
153206
153145
172876
153193
172879
153210
153417
173534
173535
175127
173544
173546
173554
173681
173158
173208
173210
183024
173171
185423
174762
174830
185439
185704
186068
152920
153109
153047
153111
153088
153080
153058
155479
155473
176126
156238
156245
156253
176175
176188
176189
156259
176534
176530
176151
176153
155659
156064
155647
152907
155682
155686
156295
156335
156274
156315
156303
156326
156055
156307
156312
155643
155676
155646
155644
155540
155597
155601
177119
177138
177144
177051
177058
177221
177223
