34
169443 169718 2059
169404 169403 436
169403 169404 436
118597 119127 574
119127 118597 574
108354 108676 1124
108676 108354 1124
108714 108727 2435
108727 108714 2435
108727 108721 1014
108721 108727 1014
94445 93591 624
93591 94445 624
194183 194184 800
194184 194183 800
160899 160921 2867
160921 160899 2867
165945 165944 940
166024 166025 404
166025 166024 404
166072 166073 1004
166073 166072 1004
167911 167928 631
167928 167911 631
168230 168231 1225
168231 168230 1225
165944 165945 940
158822 166084 713
166100 166084 2011
166100 166104 874
166084 158822 713
166084 166100 2011
166104 166100 874
169718 169443 2059
173
161014
161024
160994
160996
161018
161168
161176
160802
160822
160846
160861
160746
160899
160896
160884
160921
160925
160879
165945
166024
166025
166029
166070
166072
166073
168201
168220
167964
167898
167911
167929
167928
167996
168107
168297
168180
168177
168239
168243
168230
168231
168244
167891
167896
165944
166020
166046
166048
161589
161889
161891
161917
162036
162034
161915
162044
161772
161776
161783
161779
161788
161734
161784
161790
155250
161598
161645
169036
165814
160125
165838
166140
166164
166150
166153
166161
158822
166100
166101
166107
169797
166084
166104
169718
169732
169737
169788
169806
169735
169565
169768
169443
169081
169404
169391
169403
169414
118874
118597
119127
118971
118789
101981
94697
94791
95006
102081
94684
97526
97530
93918
108058
108269
111909
111906
108318
108354
108676
108208
108348
108357
108685
108701
108707
108721
108566
102811
93272
100700
93598
93591
93895
101863
93983
93986
94012
93994
93995
93996
93944
93975
93976
93777
93886
97538
97541
102666
93278
93300
102668
93212
93216
93217
98520
190870
191299
191302
191425
191130
194184
191437
191438
190855
191154
191159
191343
194327
194332
194460
190948
191346
192606
118756
