74
205032 205024 110
198832 198831 276
198837 205817 1209
198831 198832 276
205817 198837 1209
205024 205032 110
152115 152114 953
152114 152115 953
168711 168709 235
168708 168704 984
168704 168708 984
168714 168716 928
168716 168714 928
168716 168717 1023
168372 168376 1114
168376 168372 1114
168376 168744 2363
166833 166834 202
166834 166833 202
166834 168744 1000
168744 166834 1000
168744 168376 2363
168717 168716 1023
168709 168711 235
153994 154021 1010
154021 153994 1010
154092 154090 905
154090 154092 905
154312 154311 790
154311 154312 790
154326 154109 222
154109 154326 222
154383 154392 1304
154392 154383 1304
152014 152012 541
152012 152014 541
157518 157522 111
157488 157489 558
157488 157510 850
157510 157488 850
157510 157535 84
157535 157510 84
157522 157518 111
157489 157488 558
155016 155038 1905
155038 155016 1905
149488 149601 180
149601 149488 180
149591 149589 849
149589 149586 1163
149589 149591 849
149519 149534 802
149534 149519 802
149586 149589 1163
151254 151265 376
151265 151254 376
147409 147411 939
147411 147409 939
147597 147604 2269
147604 147597 2269
148256 148258 854
148257 148260 809
148258 148256 854
148260 148257 809
149058 149059 901
149059 149058 901
146590 149980 794
149980 146590 794
148848 148850 776
148850 148848 776
149703 149707 1783
149707 149703 1783
150312 150314 1351
150314 150312 1351
162
149646
149649
149650
149486
149489
149488
149601
149591
149589
146956
146954
146952
149519
149534
149586
148813
148818
149657
149653
146516
146518
151061
151069
151077
151160
151252
151254
151265
151286
151290
142979
139789
143145
147409
147411
147423
147595
147597
147604
147634
147697
147714
148217
148242
148256
148257
148258
148260
148299
148920
148314
148926
148319
149045
149051
149058
149059
149078
149114
212683
146590
149980
149986
149989
150020
150085
150092
150026
150056
150060
148842
148848
148850
149701
149703
149707
150186
149800
143933
149831
149737
149689
149748
149750
149752
149753
149790
149797
149811
149729
150312
150314
198850
215049
205032
198908
214858
198832
198837
198831
198816
205817
204992
205024
152115
152114
162461
162477
168706
168708
168686
168704
168714
168716
168376
168378
168744
168759
168776
168756
168799
168717
168908
168709
168839
168569
168846
153994
154021
154053
154081
154092
154090
154320
154312
154317
154311
154107
154109
154392
157473
157574
152012
157596
158190
157510
157535
157521
157522
157513
157516
155255
154406
154409
154955
154950
155016
155038
155039
155067
155223
157828
