56
34939 33064 1372
32633 32634 3111
32633 32634 3111
32634 32633 3111
32634 32633 3111
33064 34939 1372
107904 107903 452
107903 107904 452
103508 103385 604
107955 107953 434
107953 107955 434
108023 108022 846
108031 108030 778
103385 103508 604
107983 107984 1205
107984 107983 1205
108022 108023 846
111835 105906 3207
105906 111835 3207
108030 108031 778
108030 108032 796
108032 108030 796
33517 33515 764
33515 33517 764
33697 33702 2453
33702 33697 2453
33702 33731 2110
33731 33702 2110
33829 33831 884
33831 33829 884
33831 33836 1161
33838 33836 750
33836 33831 1161
33836 33838 750
17244 17247 1737
17247 17244 1737
17247 17248 713
33861 33846 434
33846 33861 434
17248 17247 713
17317 17316 1568
17316 17317 1568
17316 17329 48
17329 17316 48
17329 17391 44
17391 17329 44
33903 33912 1964
33912 33903 1964
179236 179239 782
179239 179236 782
179088 179087 827
179087 179088 827
115169 115166 1083
115166 115169 1083
106327 106329 515
106329 106327 515
163
179057
179081
179155
178819
179071
179046
179236
179239
179223
179088
179087
114692
114693
114540
114699
115244
115242
115249
115472
115169
115073
115247
115077
115166
115291
115172
115294
115574
115583
115581
106327
106332
106329
106384
106376
106481
106485
105207
105208
32362
32412
106582
106608
106634
106539
106592
106513
106515
193002
193007
193005
192056
191805
191812
193977
192877
192879
192904
192922
192923
192912
193845
193063
193286
193288
193054
192455
192577
192467
192265
192291
192536
192251
192198
192207
192392
32700
32716
32685
32643
32628
32692
32801
32730
32826
14321
34939
32759
32445
29572
29574
30743
32482
32483
32487
32634
32641
33064
33069
34940
107884
107904
107903
107913
107879
103508
103510
107955
107953
107866
108023
108031
107984
107990
108000
108022
105906
107979
111833
33502
111838
33508
33517
33512
33515
33572
33574
33691
33696
33697
33702
33731
33739
33742
33816
33829
33831
33838
33826
33836
17244
33861
33846
17248
17250
17265
17272
17317
17331
33879
33903
113452
33910
17357
17377
17402
17407
33999
18333
113471
18350
33977
24812
