62
163982 163951 222
163951 163982 222
214262 212010 1527
211991 211990 797
212010 214262 1527
211990 211991 797
178815 178816 354
178816 178815 354
114547 114608 1114
114608 114547 1114
115257 115263 1342
115263 115257 1342
115150 115176 1669
115176 115150 1669
115586 115587 1607
115586 115587 1607
115587 115586 1607
115587 115586 1607
115598 115599 1649
115599 115588 474
115599 115598 1649
115588 115599 474
32426 32425 2475
32425 32426 2475
106604 106621 3002
106621 106604 3002
106568 106567 515
106568 106576 1114
106576 106568 1114
106567 106568 515
106579 106593 333
106593 106579 333
174667 175126 2138
175126 174667 2138
174305 174291 4539
174291 174305 4539
183936 184060 1771
184060 183936 1771
183910 183911 373
183911 183910 373
210929 211612 549
211612 210929 549
211831 211837 817
211839 211718 1944
211646 211648 833
211648 211646 833
211720 211718 1875
211718 211720 1875
211718 211839 1944
211837 211831 817
163356 163387 2556
163490 163601 683
163601 163490 683
163387 163356 2556
163387 163388 2668
163388 163387 2668
211852 211858 833
211858 211852 833
211871 211872 810
211872 211871 810
211872 211892 884
211892 211872 884
169
174412
174561
174572
174607
174514
174613
174631
175114
175189
175192
175175
175191
174568
175085
175121
175112
175119
175150
174667
175126
175092
175117
175154
175156
174305
174350
174420
174199
174291
183835
183938
183936
184060
184057
183913
183926
183918
183916
183904
183910
183911
183923
184967
184973
210787
210789
210814
210870
210877
210883
210925
210929
211612
211617
211640
211831
211839
211646
211648
211706
211710
211720
211718
211837
163356
163375
163490
163596
163601
163387
163388
172387
163007
163397
163367
163420
163421
161334
162754
162757
162726
162750
211852
211858
211871
211872
211892
163916
163918
163935
163968
163977
163981
163982
163951
214456
214262
211991
211997
211999
212007
212010
211914
211916
211922
211990
178814
178822
178816
179041
179090
114528
114626
114522
114547
114551
114553
114560
114687
115259
116210
115257
115263
115481
115530
115499
115002
115068
115105
115238
115262
115082
115088
115096
115101
115176
115299
115588
115609
106335
106386
106397
106531
113729
105211
106799
106804
106829
106838
32414
106668
106604
106610
106621
106626
106536
106541
106557
106567
106579
106499
106252
113889
113890
192996
193012
194004
194006
191070
