36
237470 237473 524
237473 237470 524
237536 237537 5909
237537 237536 5909
237661 237662 1250
237662 237661 1250
239273 239330 792
239330 239273 792
237619 237615 1211
237615 237619 1211
240023 240025 893
240025 240023 893
240567 240612 794
240567 240614 384
240612 240567 794
240612 240614 679
240614 240567 384
240614 240612 679
240974 240975 1225
240978 240975 924
240975 240974 1225
240975 240978 924
250464 250472 824
250472 250464 824
246532 246535 809
246535 246532 809
251782 251788 671
251788 251782 671
252693 252694 1124
252694 252693 1124
254007 254008 975
254007 254009 1139
254009 254007 1139
254008 254007 975
256030 256025 889
256025 256030 889
158
246308
246314
250464
250462
250472
246527
246532
246535
252545
252556
252598
246537
246547
251805
251818
251830
251831
251842
251778
251782
251788
251791
251774
251910
252747
252675
252677
252685
252607
252691
252693
252694
252731
252737
253049
254290
253984
253986
254011
254016
254007
254009
254038
254040
254062
254064
254008
254784
254792
254794
256030
256025
256026
256112
254625
254302
254307
253098
254297
254317
254327
254330
254366
254367
254368
253201
253205
253226
253216
253217
254516
254543
254544
254630
254634
254579
254631
237891
237943
236704
237926
236673
236685
236619
236646
236591
236653
236638
237275
237203
237220
237249
237269
237871
237388
237470
237400
237487
237492
237507
237522
237536
237538
261477
237550
261720
261482
237661
237662
239234
239216
239217
239330
237578
239351
239253
239301
239297
239310
237651
237618
237621
237615
237698
237686
237760
235932
237681
237688
239347
239349
239364
240162
240023
240025
240018
241064
240523
240542
240564
241173
264108
240965
240967
241200
240955
240974
240978
241685
241682
241712
241721
241739
242130
241751
242192
242098
241052
