64
198823 214861 1770
214861 198823 1770
204991 204990 368
204990 204991 368
152104 152105 1004
152105 152104 1004
168630 168634 238
168633 168639 697
168634 168630 238
168625 168628 2033
168628 168625 2033
168727 168725 1285
168725 168727 1285
168663 168664 790
168666 168682 808
168682 168666 808
168664 168663 790
168639 168633 697
154050 154064 872
154064 154050 872
154084 154085 556
154085 154084 556
154089 154308 872
154308 154089 872
154372 154378 1367
154378 154372 1367
157503 157296 1773
157556 157553 672
157553 157556 672
157296 157503 1773
157500 157499 872
157500 157813 872
157501 157499 344
157813 157500 872
154413 154418 872
154418 154413 872
155033 155032 1344
155032 155033 1344
155206 155205 934
155205 155206 934
157499 157500 872
157499 157501 344
155274 155277 1234
155277 155274 1234
155277 155276 631
155276 155277 631
155410 155414 818
155414 155410 818
155419 155353 2340
155429 155428 778
155353 155419 2340
155428 155429 778
157644 155307 905
157651 157655 1308
157655 157651 1308
155307 157644 905
148822 148826 764
148826 148822 764
146287 149306 183
149306 146287 183
148213 148216 902
148216 148213 902
148443 148444 830
148444 148443 830
166
147313
146277
148727
148784
148798
148797
148782
148822
148826
146287
146576
146578
149306
146327
146326
146497
146341
146342
146320
151056
151074
151227
151229
151249
151259
151268
142969
142967
142977
142986
143154
143157
147575
147581
147625
147629
147631
147642
148206
148213
148215
148216
148223
148308
146987
148270
148276
148305
148307
148433
148487
148443
148444
148455
149056
212672
195483
212674
146511
146521
146552
146338
146585
149892
149899
150005
150012
150014
148853
149827
149828
149786
149826
198823
215054
198858
214861
198847
204991
153724
152105
152109
162468
168630
168634
168636
168618
168616
168275
168721
168723
168625
168628
168727
168725
168739
168741
168787
168576
168663
168666
168675
168573
168678
168664
168645
168647
168639
153722
154001
154050
154064
154085
154089
154315
154372
153990
157471
157503
152008
157269
157271
157495
157484
157813
154405
154413
154418
154949
154967
155012
155029
155032
155063
155206
155205
155215
155248
155272
157809
157806
155314
155274
155276
155283
155410
155414
155429
155353
155428
157644
157654
157669
157655
157709
157711
155307
155379
155448
157705
157687
177898
177895
177937
177915
177935
