50
154522 154506 1942
159579 159580 2809
159580 159579 2809
159603 159648 684
159648 159603 684
159659 159838 851
159838 159659 851
159838 159762 851
159762 159838 851
159940 159944 1029
159944 159940 1029
159944 159945 3518
159945 159944 3518
160003 160006 2228
160003 160010 872
160006 160003 2228
160006 160009 2333
160009 160006 2333
160009 160010 672
160010 160003 872
160010 160009 672
159013 159014 2898
159014 159013 2898
213470 213493 314
213493 213470 314
213509 213519 593
213517 213519 223
213519 213509 593
213519 213517 223
213579 213550 779
213550 213579 779
94735 94744 1145
94744 94735 1145
95069 95068 983
95068 95069 983
147501 147544 907
147544 147501 907
147510 147555 770
147555 147510 770
147555 147567 854
147567 147555 854
148014 148021 1584
148021 148014 1584
198598 198601 110
198601 198598 110
171483 171481 778
171481 171483 778
154291 154287 1010
154287 154291 1010
154506 154522 1942
167
151686
149399
149636
149638
149637
143878
151122
150966
150969
150973
151121
151200
140327
140375
147230
147241
147229
147282
147290
147300
147334
147458
147474
147483
147501
147544
147505
147510
147555
147567
147786
147790
147808
147799
147897
147821
147921
151632
151630
148014
148021
148019
148044
148990
205107
205124
212871
212874
212894
195978
212907
150259
150261
150294
150327
150332
150348
150351
198720
198598
198601
198752
198744
198751
205089
205091
205099
205090
171246
171251
171253
171256
171263
171323
171475
171342
171483
171490
171481
154204
159110
171470
159122
162387
154242
154283
154294
154291
154298
154287
154215
154226
154238
154506
154503
159359
159363
159369
159580
159603
159648
159651
159678
159702
159656
159659
159838
159762
159769
159828
159934
159940
159945
159947
159839
158736
160041
159013
159014
160090
160104
213081
213084
213063
213064
213091
213078
213451
213445
213469
213444
213478
213481
213493
213503
213509
213517
213519
213560
213579
213550
162224
170650
170106
170109
170881
170902
170900
171262
170856
170876
102281
95721
95595
95598
95601
95603
95725
95586
94735
94744
95069
95068
95185
95333
95414
103193
