60
176510 176143 842
176137 176143 1344
176476 176506 848
176143 176137 1344
176143 176510 842
155620 155618 683
155592 155600 1124
155600 155592 1124
155618 155620 683
176995 177011 373
176955 176971 796
177166 177213 765
177213 177166 765
177011 176995 373
177179 177181 789
177181 177179 789
177191 177170 238
176112 176114 2093
176114 176112 2093
176114 176204 952
176204 176114 952
177172 177171 810
176971 176955 796
177170 177191 238
177171 177172 810
176784 176783 2252
176783 176784 2252
174950 174951 2007
174951 174950 2007
211334 211330 271
211328 211327 1323
211328 211330 1525
211327 211328 1323
211330 211328 1525
211330 211334 271
165080 165081 474
165081 165080 474
165081 165082 581
165082 165081 581
167287 167320 810
167320 167287 810
180378 179704 751
179704 180378 751
181914 182115 2364
182115 181914 2364
182123 182144 782
182144 182123 782
182189 182199 2690
182199 182189 2690
152316 152361 397
152361 152316 397
152346 152347 764
152347 152346 764
173593 173594 418
173594 173593 418
176123 176131 782
176506 176476 848
176520 176522 2483
176522 176520 2483
176131 176123 782
165
152410
186058
180127
180384
180393
180378
179702
179704
177720
180187
182346
173588
182311
179712
181916
181914
182115
182123
182099
182144
182183
182189
182199
182283
182308
152316
152361
152334
152950
152351
152943
152313
152367
152939
152947
152945
152320
152342
152338
152346
152347
152324
152450
152473
153091
153132
155705
155781
155725
153112
153140
173523
173593
173594
173581
173559
173687
185433
186087
173163
173167
173690
173854
173873
185444
152917
153012
153018
153023
155490
153032
153034
153044
153020
153037
155509
155519
155495
176116
176123
176509
176506
176471
176495
176493
176503
176513
176516
176520
176522
176131
176510
176138
155671
155678
156248
156252
155635
155630
155620
155632
155538
155592
155600
155618
175973
177109
177116
177146
177098
177145
177100
177016
177102
185696
176957
176968
177166
177029
177045
177213
177009
177177
177179
177181
177190
177189
176112
176077
176106
176203
176114
176204
176961
177172
176965
177170
177171
175013
176849
173879
174950
174951
174981
174975
176631
176761
174964
174960
174957
176757
211361
165082
165321
165263
165231
165269
165439
167287
167320
167307
167330
166543
166550
166552
