46
37306 37307 873
37307 37306 873
37307 37308 1345
37308 37307 1345
50327 37633 294
37633 50327 294
37940 37953 1672
37953 37940 1672
38007 38069 373
41471 41466 630
41480 41482 952
41482 41480 952
38022 38026 1153
38036 38069 276
38026 38022 1153
38057 38056 435
38056 38057 435
41466 41471 630
38069 38007 373
38069 38036 276
46828 46836 421
46836 46828 421
46965 46960 807
46960 46965 807
46937 46939 2362
46937 47010 650
47010 46937 650
46939 46937 2362
47015 47243 1853
47238 47121 2142
47243 47015 1853
47121 47238 2142
47093 47092 558
47092 47093 558
127951 128079 673
128079 127951 673
128083 130068 828
130068 128083 828
108336 108383 1849
108383 108336 1849
94037 94034 1051
94034 94037 1051
94173 94170 510
94170 94173 510
36286 36284 1640
36284 36286 1640
165
119361
119366
118796
118802
94806
95002
97364
97373
102066
108274
108335
108387
108773
108336
108383
94031
102503
94037
94034
102392
93676
102405
93978
94055
102415
94173
102421
102423
94170
94174
97379
97463
97384
102111
101985
102100
98472
93322
93327
93335
93336
93311
93643
93637
93639
93665
98542
98504
191096
194245
191448
191353
191453
191148
191149
191141
191490
118722
118525
118717
118737
118821
109000
109060
109155
110022
110332
109081
110323
36111
36286
36287
36097
36162
36284
36301
36315
103772
103773
103776
110486
110541
110574
36333
36367
35523
36903
36458
37306
37303
37313
37308
37311
37386
37390
37395
37528
37601
37604
37603
36417
36442
36439
36446
37619
37630
37680
37947
37940
37939
37943
37961
38001
37983
41471
41472
41480
41482
46838
46823
37800
37823
37829
37980
38022
38021
38028
38029
38062
38057
38056
38052
38060
41466
46826
46828
46836
46817
46892
46895
46896
46953
46954
46903
46906
46960
46946
46945
47238
47245
47121
46707
47084
47127
47118
47082
47078
47092
127951
127948
128079
128083
130004
130068
127910
