30
87711 87712 238
88168 88169 633
88169 88168 633
73337 73335 672
73335 73337 672
73271 73280 1586
73280 73271 1586
73671 73681 279
73681 73671 279
75976 75975 790
75976 75977 651
75977 75976 651
75977 75984 1031
75975 75976 790
75984 75977 1031
75316 75318 1863
75318 75316 1863
73871 73870 238
73870 73871 238
170254 170231 1558
170231 170254 1558
96951 96982 1333
96982 96951 1333
62531 62532 556
62532 62531 556
65341 65357 1031
65357 65341 1031
65365 65366 254
65366 65365 254
87712 87711 238
170
63056
63048
63104
63045
63155
63163
63166
64040
64056
64064
64104
63803
64115
64110
64100
64150
64158
64413
64427
64420
64418
64409
64414
64840
58121
64858
63923
64003
65004
63781
63944
65005
65068
62462
62514
62526
62528
62531
62532
62534
65061
65138
65136
65014
65164
60508
65336
65341
65357
65365
65366
65482
65486
65490
65533
64838
73214
73218
73227
73234
73242
75153
76045
76075
78161
78553
76730
76739
87375
87387
83913
75200
75188
75177
75262
75265
76365
76413
87652
87712
87727
87732
88462
87682
88019
88021
87704
87711
83786
88531
88466
88548
88559
88575
88088
87419
88175
88295
88305
88298
88141
88170
88177
88168
88525
88309
88316
88327
88844
88858
88856
73257
73246
73263
73258
73320
73337
73332
73321
73323
73335
73275
73175
73180
73266
73271
73280
73306
73671
73673
73681
75981
75975
75979
75997
73668
73688
73703
73708
73714
73715
75311
75310
75318
75355
75362
73881
73884
73913
73812
73870
75538
75597
75598
74805
75640
170254
170228
170231
159860
95895
95899
95900
96951
96982
96995
96919
96957
96992
96960
