38
154199 154201 782
171459 171539 951
171539 171459 951
154225 154211 1283
152139 152130 610
154211 154225 1283
154209 154207 850
154209 154214 759
154214 154209 759
154207 154209 850
154201 154199 782
152130 152139 610
152149 152147 1522
152147 152148 238
152147 152149 1522
152148 152147 238
159309 159310 940
159310 159309 940
159406 159405 1934
159415 159440 1467
159440 159415 1467
159405 159406 1934
159405 159618 850
159618 159405 850
159820 159836 851
159836 159764 767
159836 159820 851
159764 159836 767
157714 157718 789
157718 157714 789
159010 159011 650
159011 159010 650
223218 223260 566
223260 223218 566
150935 150954 2457
150954 150935 2457
147299 147386 2322
147386 147299 2322
167
223236
223288
223306
223305
224465
223218
223282
223297
223239
223242
223169
215846
223252
223258
223260
223264
150935
150954
150823
150874
150879
150928
149029
149031
149036
149038
149042
149188
149221
149222
149199
149205
151690
149308
149241
149310
149401
149239
149247
149631
149630
149629
143863
151114
143877
151123
151201
147237
147242
147226
147284
147285
147299
147386
147460
147473
147479
147543
147548
147552
147557
147566
147679
147789
147802
147804
147893
147820
147909
147988
151635
148007
148009
148024
148031
148030
148036
148984
205120
205128
205152
205156
205166
205169
212807
212882
212885
150266
150282
150347
150353
198717
198749
198754
198755
205079
205083
205087
205080
170766
171244
171290
171287
171327
171304
171343
171478
171311
171462
170799
171271
154199
159107
162392
171459
171539
162391
162389
154225
152139
154284
154209
154214
154221
154220
154207
154201
154187
154300
154547
159309
159306
159406
159373
159440
159405
159618
159646
159650
159668
159674
159679
159820
159836
159764
159767
157714
159821
157792
159957
160001
160004
160008
159949
159842
158734
159011
159016
160098
160106
160108
213086
213119
213072
213065
213108
213099
