36
63971 63972 1928
63919 63920 279
63972 63971 1928
63920 63919 279
65105 65103 1889
65103 65105 1889
75111 75110 885
75110 75111 885
76019 76026 1279
76019 76026 1279
76026 76019 1279
76026 76019 1279
87291 87290 3485
87290 87291 3485
75233 75240 698
75240 75233 698
91523 90615 648
90615 91523 648
118283 118288 1430
118288 118283 1430
119871 119872 2016
119872 119871 2016
120047 120049 3231
120049 120047 3231
120087 120088 436
120088 120087 436
60038 60071 2719
60071 60038 2719
60115 60119 941
60119 60115 941
63229 63230 1011
63230 63229 1011
63091 63094 977
63094 63091 977
64051 64071 769
64071 64051 769
157
118283
118288
124157
119800
119802
124201
124208
119840
119842
119851
119853
119854
119952
119871
119872
119967
119978
120028
120047
120026
120058
120049
120087
120088
119966
120011
60046
60048
60038
60042
60071
60353
60405
60419
60115
60119
60109
60100
60141
60073
60079
60137
76532
60306
60333
60268
60289
59772
60285
79093
62889
62904
77852
62907
62982
56885
62987
63301
63297
63234
63235
63269
63229
63233
63320
63386
63230
63091
63094
63099
63296
63093
63258
63256
64046
64048
64051
64071
64089
63253
63271
64132
64145
64153
64348
64380
64374
64378
64386
63971
63919
63972
63920
63921
58001
64005
65032
65076
65079
65044
65048
65105
65103
65108
65112
64352
65349
64349
64273
64271
73233
76648
73361
73364
79075
75145
75144
58099
75140
76026
76087
76288
87371
87291
87290
87404
87405
87270
75219
75233
75234
75239
75240
77951
80420
91523
87224
87236
87947
87663
88034
88496
88094
88127
87301
91196
88119
88129
88123
88136
88137
88538
73439
61080
61046
73427
73368
