60
158374 158373 1336
158373 158347 843
158373 158374 1336
160676 160677 4218
160777 160779 1717
160779 160777 1717
160680 160679 3817
160680 160714 3366
160714 160679 796
160714 160680 3366
160677 160676 4218
160679 160680 3817
160679 160714 796
160868 160869 796
160869 160868 796
160894 160886 1120
160886 160894 1120
160829 160833 667
160833 160829 667
165937 165936 872
165937 165964 782
165936 165937 872
165964 165937 782
167919 167920 3879
167920 167919 3879
167988 167999 337
167999 167988 337
167998 167995 344
167995 167998 344
167886 167887 759
167887 167886 759
162029 162025 782
161707 161705 1658
162025 162029 782
161705 161707 1658
161769 161768 2012
161768 161769 2012
161444 161445 976
161445 161444 976
161445 161656 558
161656 161445 558
157063 157169 1017
157169 157063 1017
157186 157189 778
157189 157186 778
177821 177820 788
177820 177821 788
178552 178553 672
178553 178552 672
177833 177967 1182
177967 177833 1182
160457 160602 1576
160602 160457 1576
157399 157398 667
157398 157399 667
158116 158140 1145
158140 158116 1145
158174 158321 452
158321 158174 452
158347 158373 843
163
154770
153965
154734
154689
154906
154901
154908
154923
154928
157063
157169
157186
157189
157197
157192
157219
157613
157057
157151
156137
156140
157314
156148
156149
157334
178047
178034
177821
177824
177820
179925
177886
178095
178335
178344
178549
178546
178360
178552
178287
178553
178597
173371
177809
177834
177803
177833
177967
177983
177972
173416
173418
173453
173487
173506
173434
185487
160292
160317
160454
160457
160522
160602
160610
160623
160639
160628
160642
160633
160651
156749
156757
156774
158087
157399
157398
158078
157410
157411
158116
158140
158150
158174
158321
158347
158374
158377
158388
158408
158438
160676
158406
158457
158553
160758
160705
160756
160704
160773
160777
160779
160783
160947
160962
160965
160991
161015
161020
160998
161000
161004
160677
160693
160734
160841
160871
160721
160744
160863
160886
160833
160853
160856
160876
172367
177525
165936
165947
165964
165961
166067
168187
168203
167919
167925
167988
167999
167995
168219
168182
168175
168227
167893
167886
165941
167887
161586
161898
161902
161913
162029
162040
161707
161705
161769
161765
161768
161744
161695
161444
164628
169000
172651
