50
110500 110499 1025
109156 109158 1530
109158 109156 1530
36180 36183 1142
36183 36180 1142
36185 36296 2635
36296 36185 2635
105832 110518 2004
110518 105832 2004
37296 37298 848
37297 37305 1556
37298 37296 848
37305 37297 1556
37370 37399 2530
37399 37370 2530
37500 37607 2088
37607 37500 2088
36436 36432 1353
36398 36403 1337
36403 36398 1337
36403 36404 884
36404 36403 884
36432 36436 1353
37814 37815 2693
37815 37814 2693
37958 37965 373
37965 37958 373
37965 37964 1188
46653 46654 276
46654 46653 276
46819 46820 766
46820 46819 766
37754 37757 1074
37757 37754 1074
37892 37894 873
37969 37971 1555
37964 37965 1188
37971 37969 1555
37894 37892 873
37902 37898 560
37898 37902 560
37926 37928 2179
37928 37919 713
37928 37926 2179
37919 37920 1055
37919 37928 713
37920 37919 1055
169203 169271 837
169271 169203 837
110499 110500 1025
162
169203
169436
169452
169451
169449
169271
118529
118865
94706
94994
95008
95017
97366
97375
97370
97508
94293
108380
108388
108911
108745
102506
102268
101794
102299
93693
93695
102418
94065
94193
95813
94182
94189
97529
102096
97458
102049
102516
97382
97542
97544
97633
93295
94629
93629
102230
93340
93341
93647
93654
102020
93235
98531
98536
98122
191289
191294
191412
191413
193835
191384
190904
190906
191267
118714
118730
118746
118742
118649
118694
118734
119505
119502
118546
118825
108978
108993
108997
109004
109052
109055
109070
110499
110489
110500
109174
109156
109193
109194
110351
110555
109085
36094
36153
36159
36178
36179
36183
36296
36321
36327
36089
36034
105832
110483
105795
106339
106343
110485
36361
36363
35709
35720
37296
37334
37372
37370
37399
37460
37465
37469
37475
37500
36394
36410
46269
36436
36451
36398
36404
36432
37503
37506
37776
37617
37782
37783
37814
37958
46654
46807
46804
37753
37754
37757
37802
37759
37812
37808
37881
37892
37969
37964
37971
37894
37902
37898
37924
37926
37919
37920
37933
