54
39220 39218 418
39197 39198 905
39198 39197 905
39218 39220 418
104816 104830 2458
104830 104816 2458
39446 39448 788
39448 39446 788
39490 39497 111
39497 39490 111
39497 39498 562
39500 39498 1302
39498 39497 562
39498 39500 1302
40497 40500 677
40500 40497 677
40521 40535 238
40535 40521 238
40828 40596 2357
40921 40963 643
40963 40921 643
40963 40977 796
40966 40967 742
40972 40967 872
40596 40828 2357
40938 40936 1114
40944 40977 1188
40977 40944 1188
40977 40963 796
40967 40966 742
40967 40972 872
40936 40938 1114
111339 111347 805
103337 103339 411
111475 111478 418
111478 111475 418
103339 103337 411
111347 111339 805
111577 111578 778
111578 111577 778
111592 111682 782
111682 111592 782
111726 111727 889
111727 111726 889
112632 112631 747
112631 112632 747
104308 104318 599
104318 104308 599
104320 104325 737
112713 112598 782
112598 112713 782
104325 104320 737
104325 104326 737
104326 104325 737
159
105184
110998
110970
110972
111089
111321
111337
111339
103337
111475
111478
103339
111476
111347
111226
111480
111236
111533
111535
111519
111564
111587
111575
111577
111578
111592
111682
111722
111726
111727
112147
111766
112149
111742
111752
111653
111669
111672
111456
111658
112580
112588
111700
112602
112610
111768
112168
112632
112656
112631
112700
112701
112772
104306
104308
104318
104320
103326
112713
112598
112644
105729
112885
112887
112763
105723
104337
104509
104325
104326
104341
104408
104405
39227
39229
39585
39530
39564
39555
39531
39592
39221
104742
104757
113700
39193
39197
39198
104749
104816
104835
104882
105022
104865
104830
104424
104906
104877
104926
105001
105003
105009
104464
105005
105027
104669
39559
39345
39464
39463
39446
39466
39448
39391
39451
39416
39443
39414
39475
39484
39500
39498
39701
40439
39707
40460
40484
40489
40500
40505
40519
40521
40535
40538
40609
40616
41129
40558
40390
40552
40618
40828
40835
40837
40851
40854
40858
40953
40957
40921
40585
40592
40924
40926
40938
40923
40936
55225
55391
