34
237411 237412 398
237412 237411 398
233168 234442 5057
234442 233168 5057
233374 233318 1357
233318 233374 1357
240792 240795 1678
240795 240792 1678
241513 241502 929
240352 240366 755
240366 240352 755
240348 240355 180
240355 240348 180
240346 241551 278
241502 241513 929
241551 240346 278
251672 251678 1139
251683 251687 1849
251678 251672 1139
251687 251683 1849
252040 252034 2027
252354 252353 818
252353 252354 818
252034 252040 2027
252426 252429 806
252429 252426 806
252873 252874 562
252874 252873 562
253591 253592 778
253592 253591 778
253788 253789 403
253789 253788 403
254871 254872 1223
254872 254871 1223
162
236676
251647
251851
236674
251672
251683
251678
251859
251687
251988
251987
251994
251999
252040
252354
252359
252353
252379
252364
252373
252375
251979
252023
252027
252030
252034
252025
252078
252135
252141
252148
252149
252409
252414
252415
252864
252426
252429
252853
252923
252873
252927
252875
252874
252968
253768
252972
253591
253592
253606
253612
253644
253646
253659
253660
253769
253774
253775
253788
253789
254871
254872
253831
253840
253842
253858
253865
254882
254857
254877
236362
236447
261454
244870
244915
263129
236544
236558
244952
236421
236462
237193
236933
254770
236905
254692
254562
261966
261468
237078
237070
237073
237160
262048
237158
237168
237412
237420
237176
263364
237171
237175
233167
233168
233175
234442
233174
233334
233348
233389
233476
233467
233483
233353
233354
233373
233317
233318
240658
240814
262257
262244
240817
240841
240751
240756
240766
240792
240795
240796
240727
240707
240710
240725
240822
241274
240855
241513
241518
241580
240350
240352
240366
240369
241605
241608
238896
240384
241598
240330
240348
240345
240355
241502
241551
241602
241759
241761
240412
263898
241826
241831
