42
69205 69206 553
69206 69205 553
69223 69257 880
69169 69132 1514
69655 78483 488
78483 69655 488
69378 69383 1778
69383 69378 1778
69541 69544 778
69484 69483 796
69483 69484 796
69544 69541 778
69482 69481 688
69481 69482 688
71623 71630 1422
71630 71623 1422
69087 69491 955
69491 69087 955
69261 69257 701
69257 69223 880
69257 69261 701
220815 220824 750
220824 220815 750
216023 220802 1135
220802 216023 1135
220366 220372 901
220372 220366 901
45347 45349 1396
45349 45347 1396
126288 126296 2171
126296 126288 2171
126386 126385 890
126385 126360 3539
126385 126386 890
126360 126385 3539
128753 128754 739
128754 128753 739
128991 123560 1687
123560 128991 1687
68756 68760 1082
68760 68756 1082
69132 69169 1514
167
125232
125253
45347
45311
45306
45349
125908
125910
45493
45554
45278
45498
45505
45534
45535
45650
45663
45660
126272
126288
126296
126309
126391
126386
126392
126385
126361
126360
126350
128592
128597
126353
128753
128754
128758
128795
128802
128809
128816
128830
128883
128888
128991
123560
129019
129051
120655
120660
120665
120671
128986
128999
128934
129004
129044
129216
129224
129067
129069
120757
120764
120758
120831
120830
120833
120797
120814
120821
120825
68561
68634
120921
120922
120924
121504
120925
120890
120903
120920
68714
68725
68733
68734
68756
68760
69134
69137
69152
69132
69198
69205
69206
69209
69219
69220
69222
72623
69631
78483
78772
69378
69383
69477
69479
69541
69418
69423
69426
69440
69484
69483
69078
69482
69493
69481
71623
71627
71630
71795
71815
71866
72070
72073
71831
71835
69034
69046
69073
69070
69087
69491
71849
72369
78827
72371
72373
72384
72450
72531
72532
72585
72587
69701
69704
69700
69623
220790
224269
220788
220815
220824
220865
220874
220878
220599
218426
220625
220616
224564
220329
220362
220366
220372
220389
220396
220677
224256
