52
158717 158718 879
158717 158767 610
158767 158717 610
161250 161110 1210
161110 161113 2143
161110 161250 1210
161113 161110 2143
213183 213185 1577
213185 213183 1577
213186 213192 255
213192 213186 255
213192 213191 452
213309 213310 346
213290 213294 1354
213294 213290 1354
213191 213192 452
213191 213193 1148
213193 213191 1148
213342 213339 977
213358 213364 621
213364 213358 621
213339 213342 977
213310 213309 346
170577 170588 678
170588 170577 678
94819 94821 279
94821 94819 279
94941 94942 275
94942 94941 275
95168 95133 2667
95168 95169 676
95169 95168 676
95169 95170 1889
95170 95169 1889
95178 95217 252
95217 95178 252
95133 95168 2667
171228 171237 1848
171237 171228 1848
154267 154271 518
154271 154267 518
154478 154479 518
154479 154478 518
154552 154556 222
154556 154552 222
155105 155106 1140
155106 155105 1140
158011 158012 953
158012 158011 953
158712 158034 808
158718 158717 879
158034 158712 808
160
204981
154149
162447
162451
154148
154162
172590
170683
170741
170753
170762
171220
171228
171236
171237
171217
168950
171300
168957
168972
162410
168979
162421
162419
154174
154172
154153
154245
154247
154266
154267
154117
154342
154271
154471
154365
154367
154426
154478
154479
154500
154532
154452
154455
154526
154552
154556
155105
155106
155116
155123
159607
159619
159636
159728
159740
159744
159789
159813
155467
157797
158011
159834
158012
160016
158712
158718
158034
158041
158044
158049
158016
186106
178445
178453
178588
178462
178464
158767
158779
158791
158995
159002
159024
160065
160078
160071
161250
161113
161288
161289
213153
213139
213174
213185
213186
213290
213307
213302
213210
213294
213191
213208
213342
213364
213372
213336
213339
213310
161247
162212
162223
162239
169642
169647
169651
170690
170574
170575
170603
170623
170577
170664
170588
170723
170666
170670
170706
170804
94819
94821
94859
94407
94900
94941
94942
94957
95211
102353
95538
94987
94986
95040
95075
95045
95085
95170
95163
95175
95177
95217
95220
94919
94961
94962
49879
50042
97446
97480
97481
