128
247895 247907 1669
247907 247895 1669
257671 257673 65
257673 257671 65
257673 257725 201
257725 257673 201
257725 258468 1946
258468 257725 1946
258490 258491 884
258491 258490 884
260223 260227 3603
260227 260223 3603
260227 260244 745
260244 260227 745
260134 260136 489
260136 260134 489
260502 260503 556
260305 260308 1418
260308 260305 1418
260503 260502 556
260550 260560 835
260560 260550 835
257226 257225 628
257225 257226 628
5592 5572 1742
5600 5572 876
258853 258747 633
258853 258854 479
258847 258854 721
258851 258854 1147
258815 258859 3547
258864 258859 1833
258820 258819 139
263716 258819 298
258844 258836 73
258738 258705 8207
257892 258706 778
262684 258706 1920
257910 258714 1215
261635 258714 970
258722 258716 2597
258722 258721 3213
258724 258721 587
258026 258943 1011
240536 240535 639
262087 240535 786
257849 258959 343
258055 258056 91
262036 258056 66
262037 258056 640
258057 258963 2156
258964 258963 1370
262064 262046 2638
262064 262068 456
262069 262068 163
262075 262068 458
258081 258080 640
258081 258082 3932
258061 258082 972
258061 258966 1342
258966 258061 1342
258966 258989 1004
258992 258989 783
258994 261155 1206
262092 261155 522
258069 258070 1053
258069 258075 475
258073 258070 1785
258075 258069 475
258075 258077 1660
261634 258077 2043
258079 258078 313
258159 258158 2757
261645 258158 1234
258126 258133 2720
5572 5592 1742
5572 5600 876
258747 258853 633
258854 258847 721
258854 258851 1147
258854 258853 479
258859 258815 3547
258859 258864 1833
258819 258820 139
258819 263716 298
258836 258844 73
258705 258738 8207
258706 257892 778
258706 262684 1920
258714 257910 1215
258714 258716 2437
258714 261635 970
258716 258714 2437
258716 258722 2597
258721 258722 3213
258721 258724 587
258943 258026 1011
240535 240536 639
240535 262087 786
258959 257849 343
258056 258055 91
258056 262036 66
258056 262037 640
258963 258057 2156
258963 258964 1370
262046 262064 2638
262068 262064 456
262068 262069 163
262068 262075 458
258080 258081 640
258082 258061 972
258082 258081 3932
258082 258989 1247
258989 258082 1247
258989 258966 1004
258989 258992 783
261155 258994 1206
261155 262092 522
258070 258069 1053
258070 258073 1785
258077 258075 1660
258077 261634 2043
258078 258079 313
258158 258159 2757
258158 261645 1234
258133 258126 2720
247400 247412 1119
247412 247400 1119
159
5572
258747
258854
258859
258819
258836
258705
258706
258714
258716
258721
258943
240535
258959
258056
258963
262046
262068
258080
258082
258989
261155
258070
258077
258078
258158
258133
258137
258141
258213
258146
258156
244632
244421
244442
244464
244466
244462
244451
244454
243759
243770
243772
244488
243795
244510
243811
247202
247206
247207
247241
247250
247260
236486
244015
243952
261664
244000
244009
244210
244278
244284
244205
244086
244097
244111
244227
244110
261667
244243
247328
247396
247383
247384
247400
247412
247417
247449
247451
247453
247767
247493
247893
247895
247907
258399
258398
257671
247914
258490
258514
258520
258604
258606
260488
260497
260530
259956
259933
260225
260226
260232
260237
263805
260134
260136
260502
256651
260296
260308
260503
260533
260551
255012
255013
255000
255268
255270
255277
255320
255147
255171
262339
260550
260560
257229
257230
257269
257225
5592
5600
258847
258851
258815
258820
263716
258738
257892
257910
261635
258722
258026
240536
257849
262037
258057
262064
262069
262075
258081
258061
258992
258994
258069
258073
261634
258159
261645
258126
