48
10393 10400 1353
10400 10393 1353
34095 10408 1453
10408 34095 1453
10456 10475 782
10475 10456 782
10586 12393 763
12393 10586 763
12634 12637 1559
12637 12634 1559
12709 12721 2113
12721 12709 2113
12494 12535 2018
12536 12535 445
12535 12494 2018
12535 12536 445
11856 11858 782
11858 11856 782
12977 13006 1279
13006 12977 1279
13177 13178 2137
13178 13177 2137
12972 12966 930
11931 11933 667
12966 12972 930
11933 11931 667
13650 13663 2090
13650 13664 1208
13664 13650 1208
13663 13650 2090
12308 12309 2413
13920 12309 947
12309 12308 2413
12309 13920 947
23680 23738 1530
23738 23680 1530
23755 23754 538
23754 23755 538
226223 226488 1217
226488 226223 1217
9200 9201 447
9201 9200 447
9431 9435 1112
9435 9431 1112
10156 10170 793
10170 10156 793
10365 10369 999
10369 10365 999
163
234745
234746
228592
228641
228644
228579
228717
228737
228738
227077
228756
228777
228739
235377
230042
234341
226773
226688
226315
226223
226488
226528
226537
226561
226572
226605
226573
226620
226622
226627
226636
226692
226720
226687
229586
229588
234404
226779
228874
228878
228886
228887
228897
228904
228882
228896
8824
8827
8818
8182
8878
9057
9058
9060
8906
9108
9068
9070
9092
9130
9137
9142
9196
9200
9201
9315
9431
9432
9435
9637
9702
10094
10096
10110
10118
10156
10163
10170
10162
10144
10186
10146
10165
10167
10365
10369
9833
10391
10400
10395
10396
10456
9873
9874
10465
10475
10488
10551
10556
10567
10570
10571
10572
34796
10580
10586
12393
12552
12553
12634
12637
12640
12631
12700
12709
12705
12721
12749
12494
12832
12535
12545
12549
12741
12870
12876
12877
11856
11858
11908
11911
11924
12946
12970
13177
12856
11931
12966
11933
13622
13625
13637
13650
13663
12258
12262
12302
12308
13916
13924
12265
13920
23663
23668
23676
23749
34380
23738
23728
23763
23744
24819
24820
