56
123002 122968 2453
122983 122968 2688
122968 122983 2688
122968 123002 2453
122937 123049 820
123049 122937 820
123486 123477 1594
123477 123486 1594
123740 123741 1147
123773 123777 1786
123777 123773 1786
123741 123740 1147
123741 123744 807
123744 123741 807
123767 123778 2866
123778 123767 2866
121820 125272 2268
125272 121820 2268
122510 122517 2853
122517 122510 2853
125696 125664 1121
124083 124087 1030
124087 124083 1030
124054 124052 1206
124045 124052 1587
124052 124045 1587
124052 124054 1206
124938 124939 344
124939 124938 344
124952 124999 678
124999 124952 678
128634 128635 1065
128635 128634 1065
128519 128517 928
128519 128673 1309
128673 128519 1309
128517 128519 928
120423 120501 2060
120517 67617 747
67617 120517 747
120501 120423 2060
96374 91970 3533
96379 96381 939
96381 96379 939
91970 96374 3533
42721 42723 2814
42723 42721 2814
42894 42899 3101
42899 42894 3101
42964 42957 610
42957 42964 610
42920 42962 3620
42962 42920 3620
125669 125668 3599
125668 125669 3599
125664 125696 1121
172
96136
96237
96251
96067
96269
96270
96374
96379
96381
96428
91970
99026
99039
97520
100087
100088
100195
100190
100182
100321
100343
100336
101733
99372
99396
99402
99446
99065
99069
102582
102883
99193
99197
99202
99284
99455
35685
41694
42221
42222
42814
42242
42721
42723
42738
42826
42824
42890
42894
42935
42899
42964
42957
42959
42920
42922
42962
43006
43010
42998
41668
41795
43004
44877
44879
44898
44911
44916
125479
125488
125503
125504
125511
125514
125655
125669
125668
125664
132533
122829
122846
122908
122910
123036
123065
41870
41913
123079
122983
122986
122922
122890
122893
122943
122956
122955
122964
122968
122937
123049
123481
123486
123320
123477
123637
123803
123804
123647
123661
123666
123669
123740
123773
123755
123767
123778
123731
123733
123714
122501
122511
121820
130487
121673
122452
125272
123181
123231
123241
123246
122517
122523
123311
123312
44912
125690
125691
124083
124084
124087
124054
124068
124047
124045
124052
124049
124936
124938
124939
124941
124952
124999
124971
125015
128462
128481
128480
128493
128443
128497
128635
128505
128639
120337
125078
128517
128513
120423
120502
120517
67615
120501
