34
227118 227120 3987
227120 227118 3987
227212 227214 1847
227214 227212 1847
227214 227222 1301
227222 227214 1301
6841 6845 443
6845 6841 443
225773 225775 1579
225775 225773 1579
8375 8377 359
8377 8375 359
8377 8379 898
8379 8377 898
8333 8330 2154
8330 8333 2154
8779 8781 822
8497 8503 591
10853 10857 2034
10857 10853 2034
8503 8497 591
8781 8779 822
9489 9506 90
9506 9489 90
16338 16337 414
16337 16338 414
16406 16404 1056
16404 16406 1056
139242 139240 445
139240 139242 445
226032 226035 1344
226035 226032 1344
227716 227733 1225
227733 227716 1225
156
199840
199846
199843
199819
199753
199817
199847
135538
139242
139377
139384
139380
139240
139205
200458
139497
225243
225255
225250
225203
225209
225225
225122
225132
225097
225149
225257
225831
235127
226017
235012
226101
226103
226032
226283
226035
225174
225186
227695
227699
225284
227721
227716
227733
227750
227760
228028
227798
234578
232411
233653
234817
228063
234856
228083
228064
231598
235113
227433
227684
227675
227677
227960
227961
235294
234151
234163
234155
234159
226854
226859
226956
226970
226991
227068
227132
227145
227194
227118
227120
227018
227212
227216
227226
227258
228254
233898
227493
227523
227526
228240
227644
234446
228255
228259
227277
6796
6834
6857
6841
6858
7652
7665
7700
7705
7691
7694
7740
226075
226079
226052
226097
234457
235042
225770
225773
225799
225796
225805
225755
226417
14537
8022
34697
7871
8216
8275
8375
8333
8293
8330
8773
8779
8459
34772
8499
10853
8721
10857
8506
8781
9480
9489
9502
9506
9508
9539
9447
16336
35244
16364
16404
16419
16424
16450
16505
