66
210616 210618 706
178769 178768 1848
178769 178770 2004
178768 178769 1848
178684 178770 2700
178770 178684 2700
178770 178769 2004
178935 186181 379
186181 178935 379
177540 177544 932
177544 177540 932
185000 184954 517
185000 185001 404
184954 185000 517
185001 185000 404
166252 166275 842
166275 166252 842
166271 166266 3338
166266 166271 3338
166264 166265 709
166265 166264 709
166303 166304 614
166304 166303 614
166211 166212 337
166211 166230 849
166230 166211 849
166212 166211 337
180546 180550 870
180550 180546 870
180504 180503 475
180503 180504 475
166031 173764 2369
173764 166031 2369
204377 207176 623
207176 204377 623
207205 207206 833
207206 207205 833
207249 207250 751
207219 207225 555
207225 207219 555
207222 207224 817
207224 207222 817
207250 207249 751
203672 203673 594
203673 203672 594
207400 207416 669
207416 207400 669
207420 207422 679
207367 207374 624
207374 207367 624
207444 207439 219
207439 207444 219
207162 207166 277
207166 207162 277
207354 207474 1235
207474 207354 1235
207422 207420 679
207948 207949 2179
207949 207948 2179
208324 208326 686
208351 208350 751
208350 208351 751
208326 208324 686
208326 210543 883
210543 208326 883
210618 210616 706
160
204377
204397
204395
204399
207176
207182
207205
207206
207249
207144
207145
207219
207225
207222
207224
207248
207250
196913
196887
196930
145971
145978
145981
146008
151305
151307
198891
204048
204059
204073
203907
203987
203637
203645
203661
203672
203673
203884
207400
207416
207420
207367
194523
207374
207376
207444
207433
207439
207378
207158
207162
207166
207340
207354
207474
207482
207422
207911
207918
207941
207948
207949
208049
208055
208255
208263
208259
208278
208260
208221
208239
208249
208333
208346
208324
208351
208350
208352
208326
210543
210556
210557
210646
210618
210622
178763
178768
178665
178684
178744
178746
178915
179039
178871
177552
177540
177544
163642
163216
163246
163227
163649
163650
163209
163652
184956
184978
184982
184998
184954
185001
166199
166252
166275
166271
166278
166266
166260
166286
166265
166296
166304
166822
166211
166230
166179
166184
166200
166239
166233
180776
180784
180546
180550
180504
186130
182398
182400
182424
182468
182466
182508
182638
182639
182644
173764
173762
173761
173795
182606
174207
176281
176267
174157
176286
176290
174219
176306
176320
176326
