54
80770 80821 673
80821 80770 673
80821 80819 966
80748 80758 1637
80582 80583 1757
80583 80582 1757
80819 80821 966
80861 80862 1601
80862 80861 1601
80845 80850 746
80850 80845 746
80758 80748 1637
82774 82859 2220
82859 82774 2220
82925 82926 2457
82926 82925 2457
81460 81455 2725
81380 81435 762
81455 81460 2725
81419 80894 2000
80892 80894 1275
81435 81380 762
80894 80892 1275
80894 81419 2000
90063 90514 4229
90514 90063 4229
86131 86132 1222
86132 86131 1222
57176 57177 495
57196 57218 2097
57218 57196 2097
57564 57709 8731
56945 56944 313
56944 56945 313
57177 57176 495
57243 57248 596
57248 57243 596
57709 57564 8731
65830 58162 603
58162 65830 603
66342 66346 595
66346 66342 595
87778 87779 1923
87779 87778 1923
87832 87833 631
87833 87832 631
89312 89313 778
89313 89312 778
89247 89366 1353
89366 89247 1353
89397 89400 1124
89400 89397 1124
89617 91810 567
91810 89617 567
159
57220
56845
57176
57179
57196
57200
57218
57564
57587
57840
57574
57497
57532
56945
57489
56944
77407
57661
57665
57642
57701
57696
57702
57082
57177
57243
57716
57248
57726
57709
57285
65922
65962
65991
65967
66006
65808
65814
66470
66484
65830
58162
65831
65805
65671
66342
66346
62342
91336
87191
91476
87509
87511
87513
89287
89289
87778
81050
87779
87832
87833
89299
89312
89315
89319
89313
87578
87588
89237
89240
87856
89303
89353
89247
89366
89377
89397
89400
89401
89617
91810
87575
87605
87608
87611
89016
91154
91600
80589
80478
90944
80596
80600
83965
80609
81134
81130
81136
80657
80724
80716
80666
80599
80824
80819
80853
80862
80842
80845
80850
80758
80759
80874
81471
81464
82777
82787
82774
82859
82888
90625
82853
82855
82934
82943
81546
82951
82845
82925
81409
81460
81506
81508
81630
81550
84699
91212
91213
81379
81380
81455
81419
80892
81435
81445
81441
80886
81366
81367
90515
90591
90063
90130
83491
83493
85654
86131
85174
86132
