50
101731 94551 3213
99462 99459 562
99459 99462 562
42686 42687 905
42687 42686 905
43008 42915 878
42915 43008 878
42992 42993 1031
42993 42992 1031
44901 44907 2114
123800 125506 5484
125506 123800 5484
125662 125660 558
125660 125662 558
41874 41911 3707
41911 41874 3707
44907 44901 2114
122979 122982 1140
122982 122979 1140
122889 122949 476
122950 122949 1410
122949 122889 476
122949 122950 1410
122946 122947 1334
122947 122946 1334
123651 123650 3224
123650 123651 3224
123650 123652 1009
123652 123650 1009
217751 217750 736
217750 217751 736
224176 224836 2733
224836 224176 2733
223919 223920 911
223920 223919 911
216320 216338 1259
216338 216320 1259
221838 221835 880
221835 221838 880
171166 171165 789
171165 171166 789
96243 96244 870
96244 96243 870
99058 99057 1810
99057 99058 1810
100178 100179 1454
100179 100178 1454
100338 100340 1254
100340 100338 1254
94551 101731 3213
156
223962
217751
217750
224176
221536
218893
224393
224836
223919
223920
216991
217237
216373
216320
222525
216338
216344
216358
216318
216994
217001
217041
220007
221838
221835
224846
220010
222509
224337
223925
223971
150816
171166
171188
171173
171197
171165
171132
171135
171150
171157
95305
95949
96129
96134
96052
96233
96243
96244
96063
96068
96274
96378
96396
96397
91972
99058
99057
102957
102587
102588
100208
100178
100180
100179
100317
100327
100338
100340
102717
94551
101731
99397
99540
99546
99061
99064
99082
99191
99199
99205
99288
99462
99459
42686
42695
42217
42241
42687
42690
42236
42301
42725
42728
42743
42816
42797
42888
42895
42914
43008
42805
42992
42997
41790
41792
41794
41796
41812
44876
44869
42160
41904
44897
123798
123800
121810
125660
41842
122612
122827
122837
122903
126332
122899
122932
41843
41874
41911
122979
122982
122978
122891
122918
122917
122880
122751
122797
122946
122947
122954
123479
123490
123489
123453
123319
123327
123807
123651
123816
123652
123662
123672
123675
123788
123789
