42
88113 88112 800
88849 88612 277
88612 88849 277
73433 73432 810
73432 73433 810
75966 75965 476
75965 75966 476
170258 170265 1667
170265 170258 1667
96736 95889 406
95889 96736 406
96994 96997 3061
96997 96994 3061
97240 97014 952
97014 97240 952
100938 100940 738
100940 100938 738
97346 97347 5496
97347 97346 5496
100967 100974 733
101130 101131 175
100974 100967 733
101069 101077 1555
100645 100759 11632
101131 101130 175
101077 101069 1555
100759 100645 11632
100656 100799 3735
100799 100656 3735
77135 56891 1014
56891 77135 1014
65017 65070 1149
65070 65017 1149
65331 65330 2324
65330 65331 2324
75199 75204 475
75204 75199 475
88052 88054 1084
88054 88052 1084
88486 88492 902
88492 88486 902
88112 88113 800
171
63948
77135
56891
65027
64998
65017
65029
65070
65015
65082
62464
62511
64993
65020
78835
65042
77185
65053
65056
65123
59900
58149
65111
65331
65320
65321
65330
65352
65476
65477
58152
57994
57900
73226
75149
76000
76004
76008
76028
76080
76074
76275
76294
76299
76336
74681
78575
87378
87397
87382
87384
87403
87323
75192
75199
75204
75251
75257
76484
77956
75279
87217
87214
87656
88015
88052
87730
88063
87678
88056
88054
88486
88488
88492
88509
88521
88112
88517
88520
88007
88084
88086
90820
87425
88000
88292
88291
88142
88133
88533
88306
88835
88612
73433
73254
73342
73432
73328
77620
73184
73273
73309
73676
73685
73695
75529
75531
75966
75965
75508
75982
75987
73696
73713
73733
73798
73801
73854
73875
73856
73860
75545
75993
75635
76713
170258
170233
170265
159854
95891
102319
102351
96761
96985
102490
96902
96893
96994
96997
97000
97119
97123
97240
97014
97244
97311
100938
100940
100963
97346
97347
100722
100724
101130
100997
101069
101062
101060
101064
101068
100698
100644
100747
100978
100979
100984
100995
101077
101085
100656
100799
