56
125000 125005 2371
125005 125000 2371
125016 125017 1255
125017 125016 1255
125017 128388 1030
128388 125017 1030
128442 128559 2217
128559 128442 2217
128675 128678 678
128679 128678 808
128678 128675 678
128678 128679 808
120483 120480 1014
120480 120483 1014
67626 67625 1169
67625 67626 1169
68024 68032 2668
67888 68153 2085
68153 67888 2085
68180 68194 1942
68194 68180 1942
68347 68348 1685
68348 68347 1685
68032 68024 2668
68813 68815 1424
68815 68813 1424
68855 68856 2661
68856 68855 2661
72936 72940 1148
72940 72936 1148
72940 73109 1067
73109 72940 1067
71179 71175 519
71175 71179 519
43001 43000 10732
43000 43001 10732
44952 44953 2481
44953 44952 2481
125671 125676 3016
125676 125671 3016
41882 41906 418
41906 41882 418
123045 123046 2407
123046 123045 2407
122966 122997 2453
122997 122966 2453
122454 122460 889
122460 122454 889
124098 124088 1674
124098 124091 1920
124088 124098 1674
124055 124089 1490
124091 124098 1920
124058 124089 1121
124089 124055 1490
124089 124058 1121
165
42941
42949
42966
44823
44787
42924
43020
42971
43022
43013
43001
41686
41653
43000
43062
44882
44937
44952
44953
44884
44920
44922
125486
125481
125499
125507
125513
125538
125671
125676
125686
41872
122845
123038
123031
123039
123061
41879
41882
41906
41916
123045
123046
123052
123068
123071
122999
123014
123004
123020
122924
122961
122962
122966
122997
122936
122941
123484
123640
123644
123645
123663
123748
123751
123752
123716
132526
123249
122515
122454
122460
123232
123237
123238
122520
123314
123315
44914
125729
125816
125701
125725
124098
124088
124500
124055
124091
124058
124093
124089
124945
124946
124949
124950
125005
125008
128388
128391
128399
128479
128442
128648
128636
128638
128642
128675
128472
128523
128525
120430
120504
67622
120507
120543
120449
67618
67625
67631
67634
120445
68009
68014
77094
68023
67910
68003
68048
67923
68057
67960
68067
68084
67485
67456
68146
67888
68150
68173
68180
68193
67959
68210
68347
68348
68336
68775
68032
68787
68815
68822
68855
72818
72833
72842
72888
72927
72936
72940
56846
73109
73111
71179
71168
71243
71245
