60
51554 51582 1756
51584 51586 476
51586 51584 476
51565 51564 511
51564 51565 511
51582 51554 1756
51944 51965 374
51965 51944 374
52630 52632 1756
50625 50624 2087
52632 52630 1756
50624 50625 2087
186336 189417 3110
187024 187011 785
187027 187029 852
187011 187024 785
187029 187027 852
189417 186336 3110
189417 189415 720
187383 187385 892
187383 187388 204
187388 187362 1250
187388 187383 204
189411 189415 2008
189415 189411 2008
189415 189417 720
52577 52578 1577
52578 52577 1577
187362 187385 465
187362 187388 1250
187385 187362 465
187385 187383 892
190614 189646 842
189646 190614 842
197489 197497 817
197496 197499 946
197497 197489 817
197499 197496 946
197499 198452 431
198452 197499 431
198093 198085 1898
198085 198093 1898
198085 198097 751
198468 198471 784
198471 198468 784
198471 198472 652
198472 198471 652
198473 198474 1234
198474 198473 1234
197932 197961 2216
197961 197932 2216
198021 198049 679
198049 198021 679
198097 198085 751
19883 19919 607
19919 19883 607
21014 21015 1282
21015 21014 1282
28098 28087 1341
28087 28098 1341
167
19883
19907
19911
19220
19919
19954
20123
20169
21888
20001
20010
19384
19435
19440
19491
19507
19509
19994
20026
20027
19535
19537
19546
19549
20050
20065
20067
20060
20068
20095
20091
20613
20618
20619
34395
20607
20630
20900
20904
20637
20644
20929
20697
21014
20936
21015
21067
21029
21031
21316
25857
25841
25895
25837
25903
27810
27842
27844
27941
27954
21026
21037
21024
21298
21308
21300
28098
28087
27772
27773
27785
28150
28155
28156
51090
51096
51099
51107
51024
51033
51040
51050
50749
56670
51080
51120
56745
51575
51554
51586
51565
51956
51965
51974
52611
52630
50625
52632
52648
50624
50637
186335
186336
186993
186346
186941
186946
187024
187027
187011
187029
187032
194533
190694
194550
197429
197438
197440
197367
197473
197447
194700
197471
197472
197478
197476
189000
189417
187388
189408
189415
52545
52566
52577
52495
187362
189645
189646
189676
198030
198008
197410
197486
197489
197496
197499
198452
198085
198466
198472
198474
197930
197929
197932
197962
197961
197957
197956
198025
198050
198053
198049
198113
198097
198098
198117
198110
