50
171070 171060 1124
171070 171069 1116
171069 171070 1116
171060 171070 1124
171083 171084 796
96147 96151 1015
96151 96147 1015
96151 96153 3289
96153 96151 3289
95981 96017 3851
96017 95981 3851
101507 102642 541
102642 101507 541
96511 96514 537
96514 96511 537
100217 100221 809
100221 100217 809
100097 100098 3669
100098 100097 3669
96565 96569 1066
96569 96565 1066
96527 96525 1115
96525 96527 1115
99243 99295 1731
99295 99243 1731
102808 102805 913
102810 102805 946
102805 102808 913
102805 102810 946
103075 103076 4013
103076 103075 4013
67360 67384 875
67384 67360 875
71000 71006 169
71006 71000 169
71270 71274 452
71274 71270 452
71286 71292 1786
71292 71286 1786
74338 74335 279
74335 74338 279
74390 74684 1301
74684 74390 1301
74684 74685 789
74685 74684 789
217121 217130 845
217130 217121 845
217082 217085 1752
217085 217082 1752
171084 171083 796
160
67278
67285
67245
67299
67305
67422
67423
67442
66826
67176
67188
77782
72972
72975
72982
71083
71085
70951
71038
67357
67360
67384
67493
67496
76599
67538
71080
71089
71136
71079
71761
71359
64816
70966
70979
70983
70974
71000
71006
71009
71024
70792
71021
70803
70817
70826
71270
71274
70801
71010
71286
71292
67474
67480
67490
72774
74330
74331
74338
74335
74311
74312
72951
68458
74090
74263
74642
74420
77899
74390
74643
74684
74685
72779
72780
217104
217120
217121
217130
217082
217085
171079
171084
171074
171105
171115
170325
171057
171065
171060
95844
95846
96113
96117
96151
96153
95942
95968
95972
95989
95981
95987
101507
96277
96498
96501
96511
96514
100132
100217
100221
100238
100241
100266
100269
100289
100292
100295
100296
100363
95833
99559
100097
100098
96565
96571
96563
96527
96525
96537
96575
96588
99241
99243
99295
99300
99303
99331
102810
102805
99220
99573
99593
99249
99253
97174
102803
41701
101800
103204
100444
100478
103206
101609
103076
103059
103060
101635
122601
123208
