62
166034 166026 667
166026 166034 667
166124 166125 879
166125 166124 879
166125 166129 791
167976 167981 850
167981 167976 850
167981 167984 238
167984 167981 238
168010 168015 1308
168015 168010 1308
168250 168249 1096
168249 168250 1096
167901 166059 1182
166053 166054 506
166055 166057 1201
166059 167901 1182
161829 161900 928
161900 161829 928
161899 161921 794
161921 161899 794
162061 162120 344
162120 162061 344
161796 161797 747
161797 161796 747
161682 168998 556
168998 161682 556
160126 160127 2050
160127 160126 2050
166129 166125 791
166142 166141 452
166141 166142 452
166177 166176 1813
166177 168051 1075
168051 166177 1075
168063 168052 475
168052 168063 475
166156 166157 1748
166176 166177 1813
166157 166156 1748
169805 169804 1356
169804 169805 1356
169815 169811 1364
169811 169815 1364
169388 169418 1305
169418 169388 1305
157230 157285 767
157285 157230 767
178297 178331 1830
178331 178297 1830
173407 173415 4797
173415 173407 4797
158559 158538 1221
158538 158559 1221
158602 158603 3224
158603 158602 3224
160981 161030 590
161030 160981 590
161181 161182 1773
161182 161181 1773
166054 166053 506
166057 166055 1201
175
155229
155260
157230
157287
157285
157211
157611
157208
157612
155319
157626
155361
157249
157258
157348
157369
157378
157388
177878
177879
178297
178331
178384
185541
178398
173394
177798
177790
177793
173392
173407
173415
160311
157394
157404
157546
172233
158157
158127
158155
158262
158520
158445
158559
158538
158526
158602
158902
158937
158916
158941
158892
158897
158597
158828
158895
158933
158603
160981
161030
161032
161054
161034
161038
161041
160816
160951
161056
161181
161184
161182
160972
160800
160839
160749
160789
160908
160914
160920
166054
166057
166033
166034
166026
167976
167984
168102
168010
168012
168015
168105
168120
168238
168235
168249
166059
161549
161567
161829
161900
161899
161909
161949
162063
162062
161956
162042
162080
162059
162123
162120
162126
161806
161811
161796
161740
161762
161793
161797
161658
161659
161661
161600
161615
161648
161679
161682
161688
168998
160122
160126
160127
166129
166136
166141
172626
168051
166173
168063
168069
168052
166156
166176
169917
169920
169930
169944
166111
166157
169994
169982
169805
169804
169745
169742
169809
169815
169811
169757
169763
169765
169822
169437
169084
169094
169346
169354
169411
169388
169418
118861
118491
118813
118800
118804
