70
37039 37032 836
38158 38181 1533
37012 37016 1205
36988 36963 3171
37016 37012 1205
37018 37026 878
37026 37018 878
37032 37039 836
36963 36986 1866
36963 36988 3171
38181 38158 1533
36986 36963 1866
36991 36992 1386
36992 36991 1386
38214 38219 421
38219 38214 421
38379 38383 1578
38383 38379 1578
38339 38516 337
38516 38339 337
38516 38517 807
38517 38516 807
38517 38523 1008
38523 38517 1008
38822 38824 562
38824 38822 562
38831 38836 1946
38836 38831 1946
38900 38896 475
38896 38900 475
38898 38902 828
38911 38902 1768
38933 38934 333
38902 38898 828
38902 38911 1768
38934 38933 333
38926 38924 3595
38924 38926 3595
38798 38787 1667
38787 38798 1667
47626 47628 766
47610 47615 951
47628 47626 766
47615 47610 951
47620 47622 871
47622 47620 871
47895 47898 2192
47898 47895 2192
47347 47336 2056
47336 47337 1048
47336 47347 2056
47337 47336 1048
130599 130604 807
130604 130599 807
191064 191063 967
191063 191064 967
108659 108658 879
108658 108659 879
110052 110050 1481
110051 110050 2415
110050 110051 2415
110050 110052 1481
110785 110782 708
110782 110785 708
112838 112840 751
112840 112838 751
103909 103911 418
103911 103909 418
103922 103924 1585
103924 103922 1585
174
93825
92622
92685
92396
94576
92621
93247
191341
191430
191304
191124
191978
191690
192090
191326
191180
191064
191422
191063
191202
192619
192641
192646
192656
192679
108647
108659
109540
108871
109577
108658
109582
108851
109668
108865
106197
109717
106202
106204
110052
109748
110413
110596
110031
110051
110027
110398
110050
109987
110020
110198
110216
110230
110790
110843
110785
110182
110041
110613
110624
110615
110616
110782
116322
103834
112838
112840
103837
103841
103900
103909
103911
110875
110713
110916
110901
116194
110770
110774
110804
110800
103879
50241
103884
103922
103924
39038
39050
36889
37187
39274
37134
37141
37167
37170
37185
37039
37047
38150
38158
37012
36988
37016
37018
37026
36963
38181
36986
36991
37127
38197
38200
38214
38379
38383
38490
38336
38339
38516
38517
38523
38822
38824
38831
38836
38892
38896
38864
38933
38929
38937
38926
38924
38784
38795
38797
38952
38787
41531
41538
41541
50328
47530
47582
47586
47589
47595
47630
47610
47615
47620
47622
47892
47895
47856
47877
47355
47878
47438
47347
47336
47337
47422
47437
47440
47430
130497
130498
47375
47376
130601
130599
130604
132376
