72
203133 203132 1344
203393 203396 750
203396 203393 750
202629 202524 2090
203115 203117 1111
203117 203115 1111
203132 203133 1344
197069 197070 892
197070 197069 892
202192 202203 1641
202203 202192 1641
202524 202629 2090
205589 205587 956
205618 205617 1020
205631 205617 832
205631 205635 2047
205587 205589 956
205605 206502 880
205684 199662 411
199662 205684 411
206502 205605 880
205617 205618 1020
205617 205631 832
205635 205631 2047
205635 205636 736
205636 205635 736
214319 205811 782
205811 214319 782
205818 205820 1078
205820 205818 1078
205873 205564 773
205859 205564 612
198347 198348 773
198344 198570 773
198348 198347 773
198348 198350 846
198350 198348 846
205564 205859 612
205564 205873 773
206544 206173 787
206173 206544 787
206192 206195 1904
206195 206192 1904
206611 206270 1349
206270 206611 1349
206798 206797 760
206850 206856 1396
206856 206850 1396
206796 206797 606
206797 206796 606
206797 206798 760
209176 206870 742
206870 209176 742
181067 181066 796
181066 181067 796
179518 179517 2111
179517 179518 2111
51534 52422 1132
52422 51534 1132
189759 189732 2695
189732 189759 2695
195233 195275 790
195275 195233 790
198570 198344 773
195682 195684 705
195684 195682 705
195707 195908 333
195908 195707 333
198355 198357 777
198357 198355 777
195987 196087 1010
196087 195987 1010
159
51381
51444
51472
51453
51476
51479
51512
51521
51534
52422
52861
52867
56466
56477
56489
56496
56500
56516
56515
56641
56727
189759
189784
189785
186240
189732
186239
194681
214811
194651
194675
195055
195056
195058
195048
195049
195076
195173
195202
195172
195233
195234
195275
198570
198571
195930
195891
195919
195682
195626
195663
195667
195668
195774
195661
195617
195684
195703
195707
195910
195911
195916
195908
195966
195976
195977
195935
195936
198575
198355
198357
195987
196087
196986
196994
196998
197003
197025
202136
203133
203152
203190
203205
203207
203209
203418
203360
203374
203385
203393
203396
203414
203422
203511
202629
202684
202693
203115
203117
197033
197066
197088
197069
197070
197077
202188
202192
202203
202524
202186
205589
205622
214318
205624
205587
205597
205605
205608
205609
205644
205646
205684
199662
205636
205811
205820
205862
205859
205877
206544
206175
206176
206188
206610
206195
206606
206609
206270
206271
206802
206810
206849
206850
206465
206859
206868
206867
209182
181024
181060
181054
181067
181066
181297
181303
179475
179508
181291
181293
