32
230616 230617 333
230617 230616 333
232985 232987 1466
232987 232985 1466
231797 231786 928
230842 230841 1168
231786 231797 928
232308 232307 1012
232307 232308 1012
230826 230825 1466
230825 230826 1466
230841 230842 1168
232300 232292 1906
232291 232293 817
232292 232300 1906
232293 232291 817
232613 232616 782
232616 232613 782
10788 34032 686
34032 10788 686
10889 11150 1148
11150 10889 1148
134288 134289 2044
134289 134288 2044
134435 134434 1008
134434 134435 1008
134599 134602 2145
134602 134599 2145
133723 133724 818
133724 133723 818
137402 137405 1830
137405 137402 1830
169
133195
134288
134289
134293
134353
134354
132994
134421
134435
134443
134434
134439
134449
134451
134459
134615
134599
134602
133369
132968
133032
134608
133720
133723
133402
133403
133444
133438
133440
133455
133724
133650
133661
133529
133697
133700
133716
133719
133821
133836
133851
134000
134008
134010
134051
134023
137297
137303
137305
137338
137376
138724
138732
137352
137402
137411
137405
134131
235666
251869
236081
236068
248013
236183
235773
235790
235791
235828
263795
235832
235794
235802
231184
231192
231475
231481
231482
230585
230616
230617
231639
231647
231655
231123
231148
231176
231179
231142
234766
230552
230482
231493
231540
231532
231374
231383
231370
231390
231449
231456
231425
231478
231485
231566
232973
233044
233028
233005
233029
233015
232985
232987
230626
230842
231786
230765
230768
230740
230741
230745
232275
232276
232304
232307
230609
230826
230832
230825
230841
232297
232300
232291
232252
232266
232293
9367
232408
232558
232410
232511
232577
232584
232613
232591
232592
232625
232776
10013
232814
232821
232827
10756
10758
10767
10776
10786
10765
10791
10784
10800
10869
10879
10889
11035
11036
11048
11047
11049
10925
