66
221075 221077 1322
221077 221075 1322
220119 220120 574
220120 220119 574
220166 220187 809
220187 220166 809
220187 220188 797
220188 220187 797
220192 220191 770
220191 220192 770
221876 221939 711
221939 221876 711
221898 221897 582
219976 221899 2124
221897 221898 582
221899 219976 2124
221478 221477 1030
221537 221539 725
221539 221537 725
221539 221751 769
221751 221539 769
221774 221768 788
221768 221774 788
221279 221282 718
221282 221279 718
221328 221487 718
221487 221328 718
221471 221473 1567
221473 221471 1567
221473 221477 2334
221477 221473 2334
221477 221478 1030
216895 216898 976
216898 216895 976
216769 216768 1537
216769 216770 614
216786 216787 1858
216787 216786 1858
216574 216572 765
216944 216946 461
216946 216944 461
216572 216574 765
217226 223998 1187
223998 217226 1187
216770 216768 1294
216770 216769 614
216768 216769 1537
216768 216770 1294
68209 68196 2651
68776 68785 880
68785 68776 880
68814 68819 1026
68819 68814 1026
72934 72939 1148
72939 72934 1148
72939 73108 1067
73108 72939 1067
71680 71751 3557
71231 71232 356
71232 71231 356
71552 71538 519
68196 68209 2651
71538 71552 519
71751 71680 3557
221056 221057 937
221057 221056 937
155
67453
67457
68139
67887
67935
67937
67958
68209
68349
68338
68776
68779
68029
68785
68814
68819
68851
72815
72835
72838
72922
72934
72939
56847
68563
73108
73110
71173
71171
71174
71244
71252
71430
68238
68251
71392
71149
68259
71449
71506
71679
71680
71213
71228
71231
71232
71351
71552
71554
68196
68215
68306
68375
68370
68387
68361
68388
68414
71538
71751
72180
72244
72298
72182
72195
72299
72273
72680
72681
72705
72723
72725
72822
72820
72823
221056
221057
224290
221110
221112
221075
221077
221087
220039
220119
220042
220127
224752
220152
220166
220187
220188
220191
220214
220216
217256
220496
221862
221870
220026
221834
221857
221850
221898
221848
221897
221899
219972
219997
221478
221515
221517
221537
221539
221751
221768
220994
221278
221282
221485
221486
221291
221589
221590
221591
221328
221487
221471
216584
216590
216600
216603
216808
216812
216827
216828
216892
216895
216898
217693
216779
216787
216943
216574
216944
216946
216565
216567
216572
216575
216578
223976
223981
224427
216768
