50
213858 213866 815
213866 213858 815
213996 213999 857
213999 213996 857
213864 213863 774
201510 201513 1179
201513 201510 1179
201649 201668 2053
201668 201649 2053
179393 179409 3166
179409 179393 3166
179492 179500 1623
105949 105950 627
105950 105949 627
192479 192478 321
192478 192479 321
31030 31033 413
31033 31030 413
198311 198324 846
198324 198311 846
198324 198325 686
198325 198324 686
206246 206266 773
206259 206267 1270
206266 206246 773
206267 206259 1270
206456 206261 779
206525 206519 710
206519 206525 710
206260 206261 779
206261 206260 779
206261 206456 779
181324 179528 924
179528 181324 924
213863 213864 774
179500 179492 1623
210044 210043 881
210048 210055 730
210055 210048 730
210259 210258 938
209999 210003 741
210043 210044 881
210003 209999 741
210258 210259 938
210274 210278 1478
210278 210274 1478
213952 213951 792
213950 213992 510
213951 213952 792
213992 213950 510
165
205370
205381
205505
205507
205511
205562
198311
198312
198334
198324
198325
198329
198413
205565
205566
206167
206146
206149
206160
206166
206191
206246
206248
206259
206266
206267
206456
206462
206476
206525
206846
206519
206260
206261
206540
206543
209171
209175
181080
181081
181105
181077
181409
181084
181331
179521
181324
179528
181726
181282
181446
184116
214086
176679
181465
181820
181775
183052
181591
182817
182938
213863
214020
214021
179500
210044
210048
210055
210259
209998
209999
210043
210045
209451
209466
209471
209977
209981
209993
210003
210258
210274
210278
209966
210334
209967
213952
214223
214712
213950
213957
213951
213992
213868
213975
213967
213974
213994
213858
213866
213996
213999
201510
201513
201649
201668
179393
179409
179455
179492
192328
193360
193558
193295
193301
194439
193320
114745
105845
105917
105970
106035
106037
106000
106111
106152
106156
105962
105982
105889
105886
109702
114798
105594
105595
115942
105590
105996
105992
106161
106126
106166
192190
190953
192357
192499
192449
192496
193279
193550
193661
194002
29630
29631
30556
30631
30522
30686
30691
30658
30673
30598
21424
31030
30739
