56
138905 138906 93
138905 138939 2044
138939 138905 2044
138978 138979 1031
138979 138978 1031
138979 138981 1014
230054 230080 2347
230080 230054 2347
230080 230082 2672
230084 230158 974
230082 230080 2672
230158 230084 974
229662 229663 1177
229663 229662 1177
229142 229144 707
229144 229142 707
229161 229307 3116
229307 229161 3116
230231 230235 796
230235 230231 796
232117 232118 1454
232118 232117 1454
232118 232121 353
232121 232118 353
134697 134703 238
134703 134697 238
134984 134990 848
134990 134984 848
135714 135715 605
135715 135714 605
135715 135716 1102
135716 135715 1102
132587 135943 738
135943 132587 738
135980 135981 605
135981 135980 605
135999 136003 1209
136003 135999 1209
136003 136142 1008
136142 136003 1008
136142 136144 751
136144 136142 751
136144 136146 536
136146 136144 536
136175 136183 1152
136183 136175 1152
138145 138149 750
138149 138145 750
138153 138152 537
138152 138153 537
138180 138241 1681
138241 138180 1681
138247 138246 1085
138246 138247 1085
138981 138979 1014
138906 138905 93
167
134654
134771
134774
134697
134703
134779
134777
134646
134650
134879
134892
134883
134908
134956
134984
134990
134961
135759
135760
135762
135694
135698
135714
135715
135716
135775
135771
132587
135943
135966
135968
135975
135980
135981
135999
136003
136142
136144
136067
136146
136167
136170
136175
136183
136769
136770
137452
137460
136782
137456
137458
137469
137561
137563
137445
137447
137569
137747
138125
138130
138145
138149
138153
138152
138180
138241
138247
138246
138255
138389
138393
138919
138910
138912
138662
138921
138542
138626
138646
138918
138981
139003
138906
138907
138939
138946
138868
138978
138862
138865
138768
138771
139414
139411
230040
230063
230069
230054
230078
230084
230082
230224
230150
230228
229617
229832
229652
229662
229663
230938
230940
230916
230999
228956
229142
229033
229144
229254
229161
229307
229310
229220
229235
229064
229282
229672
229676
229493
229712
229706
229696
235183
235316
228678
229989
229991
229997
229988
228721
228724
228732
230028
230033
226748
231298
226679
226684
226713
226700
226739
226520
226588
226592
226631
226698
230879
230899
230993
230912
234628
230231
230236
230244
230248
232117
232121
8821
