70
23265 23269 629
23269 23265 629
23302 23308 2083
23308 23302 2083
23359 23375 877
23375 23359 877
23377 23379 556
23365 23366 516
23366 23365 516
23366 23379 750
23379 23366 750
23379 23377 556
23391 23440 826
23440 23391 826
23440 23442 708
23442 23440 708
23454 23456 629
23456 23454 629
23515 23544 629
23544 23515 629
23544 23546 2598
23558 23546 737
24163 24162 872
24242 24247 354
24247 24242 354
14387 14386 631
14386 14387 631
23546 23544 2598
23546 23558 737
24154 24069 1170
24069 24154 1170
24162 24163 872
24365 24367 676
24367 24365 676
24977 24978 951
24978 24977 951
24978 24987 1143
24978 24990 1768
24987 24978 1143
24987 24992 1055
24987 24993 1560
24988 24994 676
24994 24988 676
24990 24978 1768
24992 24987 1055
24992 24993 1026
24993 24987 1560
24993 24992 1026
7870 7872 2051
7872 7870 2051
8291 8292 1233
8292 8291 1233
8774 8780 887
8780 8774 887
8753 8723 1550
8723 8753 1550
9481 9488 1088
9488 9481 1088
11328 11327 1959
11327 11328 1959
11473 11494 1175
11494 11473 1175
11453 11456 1222
11456 11453 1222
11585 11586 667
11586 11585 667
22590 22538 1457
22593 22594 1260
22594 22593 1260
22538 22590 1457
163
225792
225793
225806
225754
226072
226073
226421
14538
14562
34695
7867
7870
7872
8274
8376
8329
8291
8292
8774
8780
8712
34771
8504
8753
8717
8723
16679
8770
8782
9481
9500
9505
9488
9446
9512
16340
33493
16363
16410
16415
16448
16457
16648
16745
16759
16765
16775
16781
16780
16789
9782
11328
11229
11327
11360
11448
11451
11507
11303
11306
11469
11473
11314
11568
22548
11571
11492
11494
11447
11453
11456
11462
11585
11586
11601
11602
11608
11611
22590
22593
22594
22565
22566
22538
22647
11614
22602
22603
22635
22640
22656
22946
22950
23038
23265
23282
23302
11965
23308
23324
23317
23313
23322
23327
23359
23377
23360
23369
23374
23391
23440
23442
23448
23454
23469
23470
12284
7469
7483
7476
28456
28367
28369
28481
24163
24172
24239
24242
24208
24247
14387
23504
23546
24039
24134
24137
24064
24069
24071
24075
24076
24288
24295
24300
24545
24365
24379
24380
24367
24589
24548
24615
24973
24987
24994
25040
25216
11707
25221
24078
188156
188179
188207
