52
77879 77880 1488
77880 77879 1488
77315 77378 1037
77378 77315 1037
72686 72684 951
72684 72686 951
220053 220057 2602
220057 220053 2602
220057 220163 958
220136 220169 752
220163 220057 958
220169 220136 752
221891 221600 1750
221887 221882 1627
221924 221913 465
221924 221920 939
221913 221924 465
221882 221887 1627
221600 221891 1750
222513 222515 1537
221920 221924 939
218479 221541 463
221544 221541 451
221541 218479 463
221541 221544 451
221562 221564 630
221564 221562 630
216851 216865 883
216865 216851 883
216865 216867 822
216867 216865 822
224239 224240 478
224240 224239 478
217835 217841 376
217841 217835 376
216975 216978 1422
216631 216630 940
216630 216631 940
216978 216975 1422
216366 216367 567
216367 216366 567
222515 222513 1537
123926 123930 1686
123930 123926 1686
124962 124963 1010
124963 124962 1010
124963 125034 1748
125034 124963 1748
73010 73015 955
73015 73010 955
71129 71130 1182
71130 71129 1182
159
123926
123930
123931
124792
132423
124833
123920
123912
123922
124028
124795
124842
124848
124852
124864
124868
124962
124963
125034
125037
128453
125063
120326
125075
128470
67613
67968
120361
120359
120389
120384
120393
120424
67973
67975
67962
67896
67850
67893
67849
67860
67865
67903
67844
67417
67226
67872
67878
67881
68353
68793
68803
68807
68843
68845
72874
72918
72955
72993
78648
73096
73010
73015
78799
71155
71158
71120
71129
71121
71130
67565
68227
71142
71754
71354
71525
71036
78056
71068
71070
71225
76581
71305
71325
68164
68169
68202
68222
67573
72290
72686
72687
74319
74284
74272
74228
78734
78736
74290
74291
72255
72671
72684
72685
72733
72851
72880
220047
220053
224646
220057
220136
220163
220169
220174
222578
222596
220495
224676
224797
221891
221887
221924
221882
221600
221906
221550
219402
219393
216509
218473
221564
216632
216633
216850
216851
216865
224239
216921
216922
217832
217841
216975
216977
216631
216629
216978
217004
216366
216367
216369
217006
217055
217035
217056
171176
171827
171834
171852
