42
106748 106749 434
106749 106748 434
116048 116037 1295
116037 116048 1295
116087 116084 782
116084 116087 782
111109 111110 373
111175 111176 475
111176 111175 475
111179 111185 238
111185 111179 238
111121 111122 847
111110 111109 373
111122 111121 847
111923 112044 737
112044 111923 737
112044 111952 373
111952 112044 373
112083 112084 796
112084 112083 796
112155 112154 336
112154 112155 336
112232 112219 764
112219 112232 764
212414 212412 891
161358 161348 1055
161358 161365 752
161365 161358 752
161348 161357 2210
161348 161358 1055
164245 164349 1355
164349 164245 1355
161357 161348 2210
212785 212166 3172
212166 212785 3172
212412 212414 891
114924 115034 238
115034 114924 238
107353 107354 403
107354 107353 403
107136 107137 805
107137 107136 805
164
164317
164331
164256
164372
164422
165131
164224
164252
212416
212425
212414
161358
161365
161348
161355
212428
164245
164349
164521
161357
161372
212082
212090
212099
212785
212114
198596
207896
212346
212166
207890
212358
212412
114397
116198
114640
114647
114477
114437
114566
114419
114006
115210
114829
114840
114847
114919
114921
114924
115034
103251
92103
92139
92159
115340
115326
115685
115343
115702
115741
115407
115411
115694
115696
105814
115764
106934
107028
106974
107046
107353
107354
107356
107360
107136
107137
107375
107284
107329
107328
92813
102828
92893
92940
106159
106158
106752
106749
106193
106214
116018
116048
116026
116084
116079
116108
116101
116093
192030
191515
194103
191526
191901
192761
192060
192063
191781
191777
192846
192786
192798
192972
192976
190987
192987
193530
107614
109829
109858
109876
109880
109882
109843
107773
109837
111175
111162
111176
111202
111179
111185
111182
111120
111154
110961
111190
111195
111216
111208
111904
111923
112044
111952
112045
112047
112057
112060
112055
112074
112079
112107
112109
112115
112117
112155
112216
112313
112316
112314
112288
112351
112290
112232
112219
