30
227579 227583 1669
227583 227579 1669
227583 227586 844
227586 227583 844
227591 227592 1380
227592 227591 1380
233988 233989 182
233989 233988 182
234079 234081 2475
234081 234079 2475
225281 225282 1226
225282 225281 1226
227054 227057 4350
227057 227054 4350
227505 227506 1357
227506 227505 1357
6699 6700 930
6700 6699 930
6758 6774 1005
6774 6758 1005
7931 7932 1571
7932 7931 1571
225508 225509 2919
225509 225508 2919
199944 200215 793
200215 199944 793
199993 199997 1020
199997 199993 1020
200514 200527 2525
200527 200514 2525
151
199468
199944
199945
200052
200053
200203
200215
200034
200038
200039
199993
199997
200001
199971
200531
200940
200944
200977
200979
200980
200510
200514
200515
200568
200572
200579
200527
200564
195067
200621
200626
198932
198903
200602
200595
200608
200633
200656
200632
200643
225052
225064
225439
234271
235086
225444
225469
225480
225481
235186
235053
226864
226881
234305
226911
226913
227285
234923
225819
225866
225870
225873
227299
227375
227322
227349
227356
227381
227358
227557
227577
227452
227546
235521
227608
227610
227579
227586
233989
233945
233946
233969
233971
233854
233886
233891
233932
225142
233909
234054
234056
234072
234063
234081
234173
234179
234204
234210
234222
234127
234130
225281
226827
225282
234727
227054
227100
227106
227796
227447
226982
226983
227803
226895
226915
227022
227163
227182
227453
227505
227506
227595
227615
6665
6699
6758
6774
6788
6789
6785
6973
7151
7191
7192
7199
7286
7355
7379
7798
7818
7824
7825
7922
7880
7932
7723
225508
225509
225815
225860
225894
