46
129150 129149 1140
129149 129150 1140
129174 129175 874
129181 129173 697
129173 129181 697
129175 129174 874
121231 121232 512
121232 121231 512
121153 121160 2174
121160 121153 2174
69996 70187 385
70082 70083 514
70083 70082 514
70187 69996 385
70321 70320 1056
70320 70321 1056
70543 70553 641
70553 70543 641
70395 70414 277
70414 70395 277
70439 70441 606
70441 70439 606
70486 70497 650
70497 70486 650
69840 121573 2660
121573 69840 2660
72760 72761 365
72761 72760 365
129436 129438 984
129438 129436 984
45938 45939 1410
44791 44789 1798
45939 45938 1410
44789 44791 1798
45934 45936 1579
45936 45934 1579
45855 45857 953
45857 45855 953
126661 126665 276
126665 126661 276
45827 45824 517
45824 45827 517
45844 45849 2421
45849 45844 2421
46067 46104 2670
46104 46067 2670
160
35911
44826
44827
44829
45938
44791
45939
44849
44789
45934
45936
45953
46085
46091
46286
46295
46304
46316
46350
126154
126145
127133
127390
45855
45857
45853
126657
126661
126665
126670
126651
125371
125401
125404
45818
126672
126754
45827
45824
126676
126694
126683
126699
126721
126725
126729
126731
126051
126999
127004
127008
45838
45844
45850
45849
46113
46020
46023
46026
46055
46127
46060
46075
46152
46067
46104
46324
127432
127419
127458
127424
127405
127416
127563
127474
126619
127547
127548
127562
127566
127515
127592
127559
129084
129134
129174
129181
129183
129186
129256
129173
129262
129269
129272
129417
129434
121227
121231
121218
121222
121232
121273
121150
121153
121160
121166
121268
121552
121546
69238
69243
69248
69845
121570
70165
70192
70098
69996
70082
70083
70114
70115
70103
70117
69724
66305
69808
62897
69777
69789
69829
69901
70007
70309
70321
70320
70323
70381
70543
70558
70549
70552
70395
70414
70439
70441
70492
70486
70497
69840
121401
121418
69311
69316
77477
69305
72761
70053
129436
129438
