54
244861 244860 2613
244860 244861 2613
245067 245069 1355
245069 245067 1355
245080 245032 598
245080 245048 968
245121 245116 690
245116 245121 690
245128 245129 867
245129 245128 867
245216 245221 2205
245032 245080 598
245048 245080 968
245221 245216 2205
245246 245243 192
245243 245246 192
245830 245857 3568
245857 245830 3568
245857 245858 736
245858 245857 736
243150 243157 639
243188 243189 152
243189 243157 336
243189 243188 152
243157 243150 639
243157 243189 336
242992 242990 1060
242990 242992 1060
243051 243113 700
243113 243051 700
248106 248107 763
258045 256278 2161
256344 256345 731
256345 256344 731
256370 256361 706
256361 256369 917
256361 256370 706
256511 256496 1060
256369 256361 917
256496 256511 1060
248107 248106 763
248270 248279 8754
248303 248304 403
248301 248306 2173
248279 248270 8754
248304 248303 403
248306 248301 2173
256269 256278 990
256278 256269 990
256278 258045 2161
238271 238289 489
238289 238271 489
257126 257141 511
257141 257126 511
154
248279
248304
248306
255627
255638
255606
255637
255604
255616
255666
261440
256269
256278
256346
256288
256312
256546
256554
256557
256561
256562
256569
261187
256824
256875
238875
238933
263639
263643
238921
255458
238279
238264
238281
238271
238289
256872
257037
257043
257056
257126
257141
261170
238492
238889
238688
238690
238945
238950
239028
244681
244687
238971
238976
239041
239045
239046
257913
257916
257884
238816
238821
238791
238795
242846
242851
242861
242864
242875
242732
242948
242974
243061
242961
261530
261133
261905
242758
242761
243269
243346
243360
261377
261379
261375
243367
261329
261340
244860
244897
244887
244888
244885
244986
245300
245067
245069
245077
245183
245120
245121
245116
245129
245141
245216
245032
245044
245246
245574
245242
245610
245628
245639
245650
236361
245817
245830
245858
243172
243188
243148
242824
242996
242992
243003
243028
243051
243113
243121
243122
264293
263841
245890
246735
246729
246742
248095
247979
248103
256271
256274
258045
256345
256370
256511
256496
256501
256513
248107
248112
248137
248270
248303
248301
