56
211106 211777 960
211777 211106 960
211017 210989 469
203026 211813 580
211813 203026 580
163514 163515 782
163570 163748 683
163819 163837 782
163748 163570 683
163789 163788 778
163788 163789 778
163790 163869 778
163869 163790 778
163868 163865 778
163837 163819 782
163865 163864 889
163865 163868 778
163864 163865 889
163028 163027 758
163515 163514 782
163027 163028 758
163434 163439 828
163439 163434 828
164305 164313 747
164313 164305 747
164220 164217 474
164217 164220 474
212382 212383 709
212382 212384 1497
212383 212382 709
164500 164501 710
164501 164500 710
212139 212141 834
212141 212139 834
212337 212324 670
212337 214373 560
212324 212337 670
214373 212337 560
212384 212382 1497
152244 152235 697
152235 152244 697
152170 152171 2063
152171 152170 2063
176376 176375 951
176375 176376 951
176392 176391 630
176391 176392 630
174550 174649 1016
174654 174651 344
174649 174550 1016
174651 174654 344
175302 175347 3240
175347 175302 3240
210948 210949 843
210949 210948 843
210989 211017 469
170
152196
152244
152235
152170
152171
185318
176343
176344
176355
176376
176388
176375
176392
176391
176393
152278
152270
152275
176341
173938
173955
174794
173645
173655
173805
174550
174654
174649
174651
174686
174751
175302
175355
175341
175347
175261
175251
175349
175460
175463
175465
175922
175481
152005
175917
175448
175857
175866
176908
175594
175751
175759
176021
175599
176012
175785
175713
175748
175750
175734
175768
175006
176659
177069
176917
176912
176918
174800
174819
175616
175044
185466
175682
175650
175666
175678
174535
210948
210949
210973
210979
210962
210989
211105
211422
211777
211081
212072
211813
163514
163534
163543
163552
163570
163808
163814
163815
163748
163753
163779
165224
163788
165220
163790
163784
163872
163869
163868
163837
163839
163844
163865
163864
166376
163852
166417
166421
163028
163458
163460
163474
163515
163525
164985
164987
163027
163049
163060
163439
162984
164010
164398
164390
164209
164228
164187
164323
164200
164394
164313
164392
164212
164217
164222
212383
164500
161352
212408
164501
164489
164503
164507
161363
164505
212123
212088
212129
212139
212141
212150
212121
212324
212156
215184
212352
212354
212348
178709
178731
116203
