68
215807 215841 286
215841 215807 286
215841 215840 1339
215560 215563 1141
215563 215560 1141
215563 215685 1577
215685 215563 1577
215909 215910 623
215840 215841 1339
215910 215909 623
215918 217280 701
215928 215929 326
215929 215928 326
215959 215962 920
217280 215918 701
217280 217281 776
217281 217280 776
215962 215959 920
215558 215557 704
215557 215558 704
217978 217975 409
217975 217978 409
216033 216117 770
216117 216033 770
219630 219631 1334
219636 219640 746
219640 219636 746
219640 219649 700
219649 219640 700
222385 222387 882
219880 219891 1795
219891 219880 1795
219891 219894 2135
219894 219891 2135
222387 222385 882
222355 222354 696
222354 222355 696
215521 215522 532
215521 215530 814
215530 215521 814
215522 215521 532
223533 223532 755
223533 223536 861
223536 223533 861
223508 223507 710
223508 223532 787
223532 223508 787
223532 223533 755
223507 223508 710
223551 223550 818
223550 223551 818
147025 147032 777
147032 147025 777
220631 220632 1559
220632 220631 1559
220251 218151 3773
218151 220251 3773
219703 219699 769
219717 219713 816
219713 219717 816
219631 219630 1334
219356 219355 708
219699 219703 769
219355 219317 1774
219355 219356 708
219317 219355 1774
221331 221203 2610
221203 221331 2610
168
71783
71867
71821
71883
71972
72081
72124
71830
69033
69041
69047
69059
72378
72323
72379
72385
72444
72453
72543
72558
72594
72595
69707
69713
69708
220637
224961
220809
220816
220826
220867
220876
220601
220610
220602
220605
220626
220631
220632
220360
220370
220390
223718
220684
220723
220979
220718
224263
220035
220251
218151
220402
220441
220442
220351
219702
219703
219717
219685
219727
219711
219713
215704
219631
219356
219370
219699
221415
221408
219355
221154
221147
221156
219317
221344
221331
221180
221163
221170
221204
221203
216426
216427
216448
216469
216411
216412
215644
215560
215688
215563
215685
215691
215901
215909
215871
215875
215840
215850
215910
215918
215931
215929
215942
215959
217280
224729
217284
217281
215962
217300
217396
216840
224153
222532
217398
217399
215537
215557
217978
222422
222433
216114
216127
222358
222377
217975
222435
216022
216025
216015
216033
216117
216119
219630
219640
219649
219653
219826
222380
222381
222385
219877
219894
222387
222355
222373
215530
215519
215522
215895
223533
223535
223536
223508
223532
223494
223509
223507
215553
223384
223385
223551
223550
223559
223501
223503
147032
