32
63655 63665 3448
63665 63655 3448
62499 62497 1347
62497 62499 1347
65222 65226 875
57054 57053 585
57053 57054 585
57053 57062 1580
57062 57053 1580
74846 74847 944
74847 74846 944
65277 65281 633
65277 65283 2930
65226 65222 875
65281 65277 633
65283 65277 2930
76325 76323 512
76323 76325 512
87339 87428 1086
87428 87339 1086
87428 87427 796
87427 87428 796
60922 76904 1969
76904 60922 1969
59192 59193 631
59193 59192 631
61044 61050 4130
61050 61044 4130
64875 64885 2007
64885 64875 2007
64933 59818 524
59818 64933 524
159
60200
77639
77575
59714
79040
59717
77673
60241
60312
60305
77665
58537
58539
58521
59092
59075
60685
60854
60910
77498
60922
76904
60969
59174
59191
59190
59192
59193
59211
61005
62547
62601
60978
60980
76923
76939
61008
61044
61050
61051
61053
61019
61006
56870
62741
62778
62842
62767
62847
62865
62870
62869
63707
63711
63720
63728
63731
63741
63751
63765
65529
65514
66072
64871
64875
78505
64885
64889
64918
64933
59818
64937
64950
63871
63882
62235
62230
62225
62236
63743
63655
63838
62439
62458
62490
62497
59402
62382
60365
65222
62261
57052
57054
57053
57062
57065
57096
78066
78077
57019
57033
56990
57017
57012
65863
65867
65887
65861
68359
78214
78558
78140
65304
65310
74847
65279
65242
65250
65226
65264
65266
65281
65283
65271
65402
65410
65449
65288
65405
66126
66139
65559
65550
65551
78251
87360
76325
69149
76341
76324
77922
87339
87346
87427
88664
84886
88666
88657
88677
88662
88655
87690
87692
87696
87751
73144
87739
88731
88671
