50
209889 209890 607
209890 209889 607
201721 201723 766
201723 201721 766
201827 201823 450
201823 201827 450
193814 193935 2146
193799 194010 1963
194443 193894 580
193894 194443 580
194010 193799 1963
193703 193704 2776
193703 193706 1667
193704 193703 2776
193706 193703 1667
193935 193814 2146
29721 29933 3371
29933 29721 3371
30194 30195 249
30195 30194 249
31365 31354 1702
31354 31365 1702
32104 32107 2658
32107 32104 2658
32137 32148 1094
32158 32160 941
32148 32137 1094
32160 32158 941
14768 14771 362
14771 14768 362
14842 14847 1709
14843 14851 894
14847 14842 1709
14851 14843 894
200450 200451 839
199088 199093 867
199093 199088 867
200451 200450 839
200830 200834 748
200834 200830 748
200834 200850 773
200850 200834 773
206099 206101 237
206101 206099 237
206323 206321 734
206321 206323 734
208840 208843 1936
208843 208840 1936
209063 209065 1338
209065 209063 1338
162
203047
205216
205229
205272
205270
205284
205421
205438
205451
200450
205449
195531
195538
199035
199043
199049
199088
199093
199095
199107
199425
200451
205458
205462
206056
200830
200834
200850
206099
206101
206105
206106
206307
206323
206407
206321
206327
206401
206406
208840
208843
208900
215072
208910
208982
208976
208978
208979
208983
208988
208990
209042
209052
201838
201835
201921
201951
202033
213693
202021
213689
202029
202031
202034
201980
198914
201945
201999
202001
194627
209049
209057
201566
209045
209063
209065
209713
209754
209860
209858
209804
202170
209890
209866
202040
201721
201723
201822
201819
201823
201776
193819
193386
193390
193344
193799
194443
193894
194010
193801
105583
193777
193779
192365
192378
193703
193704
193706
193994
193741
193748
193753
25060
29976
29712
29692
28715
29705
29721
29784
29814
29818
30071
34862
30168
30068
30075
30216
30223
31366
31354
31358
31359
32055
32059
32067
32099
32104
32107
32135
32137
32158
27658
32189
32257
32127
32148
32160
34906
7471
7530
7481
14425
14768
34560
14790
14792
14837
14854
14842
14843
14851
