40
80743 80703 3485
80781 80785 2494
80785 80781 2494
80785 80797 1032
89966 89967 1040
89544 89711 2347
89711 89544 2347
89967 89966 1040
73522 73523 964
73523 73522 964
79061 73517 2707
79067 79066 2640
79067 79066 2640
73517 79061 2707
79066 79067 2640
79066 79067 2640
66354 66250 942
66418 66440 603
66473 58142 1898
66440 66418 603
58142 66473 1898
66494 66495 4315
66495 66494 4315
75809 75808 692
75808 75809 692
56959 75902 8336
75902 56959 8336
66203 66204 1459
66204 66203 1459
66250 66354 942
87809 87810 235
87810 87809 235
87553 87551 1290
87551 87553 1290
80572 80573 1518
80573 80572 1518
80697 80698 4388
80698 80697 4388
80797 80785 1032
80703 80743 3485
151
65661
60437
60441
66203
66209
66204
66250
65593
65598
66190
66207
87487
87489
91237
87483
87514
89139
89160
87770
87795
87798
87803
87809
87810
89161
88769
88060
76362
87553
87551
87569
87555
89232
89264
89334
89213
89224
89252
88815
88803
89258
89230
88813
87626
88225
88231
89043
87618
89048
89054
91309
90853
89089
90847
89707
89708
89713
89468
80572
89066
80568
80573
80637
80697
80705
80698
90103
90110
90114
80766
80797
80703
80763
80745
80739
80752
80781
80785
80787
80806
80838
81369
81534
81526
81524
81432
81461
80884
87163
90135
90125
90513
89966
89512
89601
89544
90121
90574
90579
85873
89626
89628
89610
66119
73503
73504
73617
73522
73523
79061
73517
66354
66356
66372
68615
77204
65751
65769
65774
77205
66418
66473
66440
66574
58142
66524
66538
66638
66641
66691
66762
66495
75797
75799
75812
75816
75808
73953
74002
61055
77603
56908
56914
56950
56959
56961
77344
75879
75883
75909
75858
