70
138512 138513 782
138660 138656 939
139037 139040 806
138927 139039 878
139040 139037 806
139038 139039 927
138482 138513 1115
138513 138482 1115
138513 138512 782
138515 138520 874
138520 138515 874
138656 138660 939
139018 139012 517
139012 139018 517
138997 138996 202
138996 138997 202
138955 138999 1854
138999 138955 1854
138999 138957 827
138957 138999 827
139039 138927 878
139039 139038 927
139049 139054 927
139054 139049 927
235274 235273 926
235274 235548 723
235548 235274 723
235273 235274 926
229622 229625 927
226442 229610 752
229625 229621 1565
229625 229622 927
229621 229625 1565
229637 229633 679
229641 229633 1615
229633 229637 679
229633 229641 1615
229056 229062 334
229209 229215 610
229215 229209 610
229337 229247 298
229337 229338 2076
229338 229337 2076
229247 229237 720
229247 229337 298
229237 229247 720
229062 229056 334
229610 226442 752
229531 229530 651
229530 229531 651
228699 228702 2053
228702 228699 2053
187855 187887 1480
187887 187855 1480
187827 187838 1452
187838 187827 1452
135013 134999 751
134999 135013 751
134963 135017 905
135017 134963 905
135075 135076 848
135076 135075 848
136164 136165 947
136165 136164 947
136165 136179 806
136179 136165 806
137476 137479 848
137479 137476 848
137687 137689 870
137689 137687 870
155
23760
35355
23771
187246
187785
187808
187846
187848
187855
187887
187896
189601
187809
187860
187868
187874
190775
190492
187974
190596
187958
187827
187838
187851
134731
134734
134737
134785
134798
134713
134217
134803
135013
134999
134963
135016
135017
135075
135076
135084
135798
135805
135811
135781
135813
135837
135839
135880
136086
136079
135815
136160
136164
136165
136179
136205
136206
136759
136762
136802
137475
137484
137476
137479
137481
137687
137689
138104
139613
138118
138123
138122
138162
138177
138166
138187
138253
138512
138531
138660
139037
138927
139040
138515
138524
138491
138528
138546
138616
138668
138676
138656
138670
138986
138994
139007
139013
139018
139012
138997
138999
139002
139079
138957
139039
139054
139077
139426
139441
139429
139442
228750
228822
230220
229613
229622
229621
229627
229637
229641
230921
229632
225982
228945
228962
228935
228966
229028
229056
229210
229208
229209
229215
235323
229237
229242
234598
234607
229070
229610
229527
229530
229366
234383
228611
228630
228650
228651
228699
228690
229976
229975
229980
228702
235414
