106
258258 258254 444
263751 244296 808
244296 263751 808
247469 247472 921
247472 247469 921
247870 247876 1042
247876 247870 1042
247876 247887 456
247887 247876 456
258433 258435 2270
258435 258433 2270
258479 258483 1477
258483 258479 1477
260376 260381 1780
260376 260387 1361
260381 260376 1780
260387 260376 1361
259958 259968 3556
259968 259958 3556
259968 259970 518
259970 259968 518
260278 260282 2446
260282 260278 2446
260268 260270 457
260270 260268 457
88 5121 475
88 5129 336
5121 88 475
5121 5122 452
5129 88 336
5129 5122 736
259169 259153 4484
255163 255164 610
255163 255165 550
255165 255163 550
255165 255164 511
255165 255169 10308
255179 255169 5987
257568 262406 1492
262409 262406 932
262408 262407 322
262422 262420 1561
262000 262445 4307
262446 262445 1907
262448 262449 184
262450 262449 1760
257599 257593 6027
257589 257590 3120
262424 262418 3881
257596 257597 871
257598 257597 1093
257654 257653 2463
257654 257653 2463
4321 4303 2421
260602 260603 671
260602 260608 1065
260604 260603 1253
260611 260603 805
260597 260608 580
5122 5121 452
5122 5124 1004
5122 5129 736
5546 5124 675
5557 5548 805
5563 5548 983
5565 5551 839
255164 255163 610
255164 255165 511
255169 255165 10308
255169 255179 5987
262406 257568 1492
262406 262409 932
262407 262408 322
262420 262418 705
262420 262422 1561
262445 262000 4307
262445 262446 1907
262449 262448 184
262449 262450 1760
257593 257599 6027
257590 257589 3120
262418 262420 705
262418 262424 3881
257597 257596 871
257597 257598 1093
257653 257654 2463
257653 257654 2463
4303 4321 2421
260603 260602 671
260603 260604 1253
260603 260611 805
260608 260597 580
260608 260602 1065
5124 5122 1004
5124 5546 675
5548 5551 2299
5548 5557 805
5548 5563 983
5551 5548 2299
5551 5565 839
259153 259169 4484
258886 258895 1520
258895 258886 1520
258976 258978 1119
258978 258976 1119
258254 258258 444
157
255164
255169
262406
262407
262420
262445
262449
257593
257590
262418
257597
257653
4303
260603
260608
5124
5548
5551
259153
259164
262492
262749
258757
258763
258759
258863
258867
258872
258886
258895
258894
258907
236715
259129
262705
259133
259128
258923
259150
262738
258727
258729
258732
258735
258976
258978
259001
258101
258996
258114
258117
258184
258171
262758
258205
258209
262793
262786
258237
244624
244449
244480
244505
244518
244535
244564
247222
247233
247240
247366
244607
258222
244315
258254
244312
263622
244303
244275
244114
244236
244247
244292
244296
247424
247459
247461
247469
247472
247868
247870
247887
258349
258353
258391
258383
258382
258385
258433
258435
258438
258478
258474
258479
258486
258541
258560
258603
252166
260373
260387
260417
260434
260435
259926
259935
259968
259970
260046
260048
260278
260279
260282
260372
260145
260249
260268
260270
260450
260565
260572
260569
260581
260596
5311
255120
255344
255347
255318
255350
262497
262510
255163
255179
257568
262000
262446
257599
257589
257596
257654
260602
260604
5122
5546
5557
5563
5565
