46
133733 133459 580
133733 133734 373
133734 133733 373
133665 133667 950
133667 133665 950
133823 133829 2192
133829 133823 2192
137344 137349 562
137349 137344 562
137408 137409 1955
137409 137408 1955
235661 235665 495
235665 235661 495
230604 230605 1780
230618 230623 1178
231120 231140 1177
231140 231120 1177
231131 231130 1924
231130 231131 1924
231373 231375 355
231375 231373 355
231382 231385 761
231385 231382 761
231385 232959 837
231366 231368 927
231368 231366 927
232959 231385 837
232983 232984 4424
232984 232983 4424
230623 230618 1178
230605 230604 1780
248966 248968 1114
248968 248966 1114
133056 133067 2195
133175 133193 672
133193 133175 672
133067 133056 2195
134282 134283 2171
134283 134282 2171
134313 134314 750
134314 134313 750
134461 134464 1274
134464 134461 1274
133426 133420 884
133420 133426 884
133459 133733 580
166
14307
13484
13508
35475
13604
14018
14152
14153
14206
248906
248910
248915
248929
248810
248845
248821
248847
248936
248995
132641
132648
132642
132613
132700
132910
132705
132685
132913
132707
132722
132778
132789
132790
132794
132828
132838
133048
133034
132660
132586
248990
132654
248979
248938
248981
248966
248968
133056
133062
133175
133176
133193
133148
133147
133154
133156
133067
133180
133198
134282
134283
134306
134313
134314
134359
134360
134370
134461
134464
134475
134543
134554
134561
134609
134618
139544
133526
133527
133528
133728
133731
133448
133426
133427
133408
133420
133449
133451
133459
133733
133663
133665
133658
133667
133696
133703
133717
133782
133829
133846
133986
133998
134012
137293
137300
137299
137335
137336
137349
137366
137408
138268
138276
137409
138718
235661
235665
235770
235788
235793
235296
231416
231453
231489
230517
230586
230618
231645
230569
231120
231121
231131
231172
231130
231138
230473
230456
230476
230478
231435
231373
231375
231382
231385
231366
231368
232959
231421
231443
232983
232958
233018
233023
232984
234328
234353
230623
231783
230759
230733
230415
230407
230419
232273
232279
230605
