60
167606 167607 1032
167643 167648 953
167648 167643 953
168462 167770 1704
167770 168462 1704
178638 178639 5539
178639 178638 5539
180052 180054 2900
180054 180052 2900
179963 179991 893
179991 179963 893
152834 152835 436
152855 152856 421
152856 152855 421
152792 152791 871
152791 152792 871
152835 152834 436
152768 152767 1268
152767 152768 1268
153222 153220 758
153220 153222 758
153218 153235 600
153235 153218 600
153309 153314 933
156099 156100 789
156100 156099 789
156584 156573 782
156573 156584 782
153314 153309 933
153431 153433 510
153433 153431 510
143526 143522 987
142839 142832 898
142832 142839 898
143794 143793 658
143793 143794 658
143522 143526 987
142864 142863 2572
142863 142864 2572
144810 144816 621
144816 144810 621
144919 144864 981
144861 144880 1605
144864 144919 981
144880 144861 1605
144880 144881 669
144881 144880 669
204642 204643 845
204643 204642 845
145071 145072 812
145072 145071 812
167599 167598 951
152656 152665 951
152665 152656 951
152680 152681 650
152668 152675 697
152675 152668 697
152681 152680 650
167598 167599 951
167607 167606 1032
173
143461
143585
143511
143589
143526
143525
143602
142838
142839
142845
142832
143956
143794
143783
143793
143789
143776
143719
143724
143703
143704
143726
143522
143728
142843
142879
142864
142863
142873
142878
144892
144895
142866
143178
143193
143200
143282
143285
139782
144810
144816
144916
144919
144861
144864
144880
144881
204574
204642
204644
204930
204935
204927
204643
204822
204939
204947
207716
214413
144885
144887
145071
145072
145077
145179
145221
145230
145238
145240
145631
145655
146607
146608
146623
146670
146672
146680
146873
146844
146915
146924
209545
209653
209415
167574
167599
152656
152665
152680
152668
152675
152681
152795
153551
153594
153532
152069
153525
162508
152648
162511
168520
168504
168449
167598
167607
167606
167643
167618
167610
167658
167704
168462
167767
167770
177692
178607
178633
178639
178648
180052
180054
179780
179758
179950
179963
179992
179991
180005
172252
152852
152854
152855
152856
152858
152786
152792
152789
152791
152817
152821
152746
152835
172258
152768
172250
152767
152771
152783
152838
153222
153216
153220
153218
153235
153236
153239
156099
156102
156100
156104
156117
156119
156162
156160
156584
156573
153340
153355
153445
153383
153431
153433
