124
244409 244411 998
244411 244409 998
244154 244159 795
244159 244154 795
247569 247570 1719
247569 247573 597
247573 247569 597
247570 247569 1719
247580 247713 867
247713 247580 867
247786 247843 3170
247843 247786 3170
256177 256179 1240
256179 256177 1240
256181 256191 2546
256191 256181 2546
255440 255441 671
255441 255440 671
256725 256723 580
256727 256739 1033
256723 256725 580
255210 255212 892
255212 255210 892
255212 255211 1044
255211 255212 1044
255286 255287 799
255287 255286 799
238822 255107 359
238822 255116 551
255117 255116 1256
261615 255125 635
255107 238822 359
255107 255105 448
238859 238860 791
238859 238903 983
238860 238859 791
238860 238903 661
238904 238903 395
255060 255063 1917
256739 256719 557
256739 256727 1033
256743 256719 1532
257200 257201 950
257200 257202 1334
257200 257245 788
257257 257182 1093
257201 257200 950
257201 257203 1574
257202 257200 1334
257202 257203 1124
257206 257208 2026
257206 257209 1195
257207 257208 2705
257253 257208 402
257209 257206 1195
257209 257251 610
257209 257252 1180
257251 257209 610
257251 257252 1024
257264 257262 344
257264 257263 749
257265 257262 825
257287 257263 2001
257307 257324 3571
257325 257324 2339
257326 257324 10154
259160 257328 511
259161 257328 1646
258771 258774 848
262027 258774 2831
255332 255334 451
255333 255334 1646
258790 258776 1863
262677 262669 1664
262678 262669 1614
257868 257869 3036
257861 257881 1495
257894 257881 761
255116 238822 551
255116 255117 1256
255125 261615 635
255105 255107 448
238903 238859 983
238903 238860 661
238903 238904 395
255063 255060 1917
256719 256739 557
256719 256743 1532
257245 257200 788
257182 257257 1093
257203 257201 1574
257203 257202 1124
257208 257206 2026
257208 257207 2705
257208 257253 402
257252 257209 1180
257252 257251 1024
257262 257264 344
257262 257265 825
257263 257264 749
257263 257287 2001
257324 257307 3571
257324 257325 2339
257324 257326 10154
257328 259160 511
257328 259161 1646
258774 258771 848
258774 258776 3013
258774 262027 2831
255334 255332 451
255334 255333 1646
258776 258774 3013
258776 258790 1863
262669 262677 1664
262669 262678 1614
257869 257868 3036
257881 257861 1495
257881 257894 761
243577 243637 1058
243637 243577 1058
245490 245492 2165
245492 245490 2165
245492 245506 1660
245506 245492 1660
161
255116
255125
255105
238903
255063
256719
257245
257182
257203
257208
257252
257262
257263
257324
257328
258774
255334
258776
262669
257869
257881
261149
261161
257898
257994
257957
239199
239143
262096
239129
243660
243655
244357
244364
243506
243523
261941
243559
243560
261942
243575
243577
243637
243639
243338
243691
243712
245434
245437
245441
245458
261841
245473
245490
245479
245482
241055
245451
245487
245492
245503
245506
245512
245546
245556
247301
247302
243868
243924
243926
244023
243863
243942
243873
244409
244411
244139
244154
244170
244159
244183
243918
243909
261146
263466
244033
247303
247340
247344
247346
247521
247522
247573
247570
247580
247713
247724
247725
247729
247814
247843
247849
261641
261198
247920
258632
258568
258636
258646
255472
255482
255487
256166
256177
256179
256181
256191
255440
255441
262214
255460
255462
256174
256669
256690
256675
256673
256727
256723
254959
254960
255031
255037
254972
255198
255210
255211
255259
255281
255286
255287
238822
238859
238860
255060
256739
256743
257201
257206
257207
257264
257287
257307
257326
258771
262027
255332
262677
257868
257861
257894
