54
171365 171371 934
171371 171365 934
170897 170914 1308
170914 170897 1308
97687 97695 557
97661 97660 1481
97695 97687 557
97696 97700 536
97705 97702 2279
95382 95378 336
95378 95382 336
97919 97920 336
97920 97919 336
101721 101720 812
101720 101721 812
49862 49869 1483
97660 97661 1481
98911 98909 1280
98909 98911 1280
98846 98838 2376
98838 98846 2376
98603 98604 1713
97805 97804 2090
97805 97806 1385
97805 98023 475
98023 97805 475
97804 97805 2090
97804 97806 1336
97804 97814 924
97814 97804 924
97806 97804 1336
97806 97805 1385
98029 98034 2642
98034 98029 2642
98065 98071 2949
98071 98065 2949
97700 97696 536
97702 97705 2279
98332 98598 1684
98598 98332 1684
98604 98603 1713
49869 49862 1483
147161 147175 1739
147175 147161 1739
162369 162368 667
162368 162369 667
159194 159189 889
159189 159194 889
159265 159268 374
159268 159265 374
159392 159390 818
159390 159392 818
159460 159478 2698
159478 159460 2698
150
150433
147127
151953
147154
147161
147163
147175
147079
147083
150474
150476
147094
147097
147145
150466
150463
150438
147248
147208
147311
142910
148004
148057
148130
212787
212855
212909
212915
212920
212927
212934
212958
212969
212972
214644
198666
198673
171429
171565
171526
159273
162369
162368
171555
159194
159189
159191
159177
159265
159268
159392
159390
159450
159456
159460
159478
159486
159624
159684
159777
213393
213397
198668
198670
213027
213042
213019
213021
213425
171372
171366
170943
171371
171417
170892
170897
170914
171036
170849
170941
97875
97863
97687
97691
97698
95268
95246
95382
95383
95378
95434
95355
95359
95366
95357
95361
95395
97915
97919
97920
95715
100377
49941
49942
41982
41990
49842
49838
49855
49858
102053
98911
98878
98879
98913
98909
98915
98928
98846
98847
98838
98955
101845
100162
98603
98659
98709
97730
98023
97839
97814
97898
98029
98034
98037
97857
97868
98065
98073
98071
98111
98348
98359
98332
98395
98602
194421
49869
49874
49960
