78
13776 13773 2458
13773 13776 2458
13952 13958 4243
13958 13952 4243
23872 23875 201
23875 23872 201
24901 23903 475
24901 25065 983
25065 24901 983
187730 187766 280
187766 187730 280
23884 23883 279
23880 23897 588
23883 23884 279
23897 23880 588
23903 24901 475
187225 189501 640
189473 189474 2900
189501 187225 640
189501 189503 1370
189488 189469 871
189488 189487 791
189487 189488 791
189496 189490 759
189583 189490 462
189490 189496 759
189490 189583 462
189469 189488 871
189503 189501 1370
189474 189473 2900
187228 189513 1115
189510 189525 2364
189513 187228 1115
189521 189525 833
187969 134639 974
189525 189510 2364
189525 189521 833
134676 134648 757
134681 134692 238
134692 134681 238
134639 187969 974
134648 134676 757
134906 134907 827
134907 134906 827
134910 134949 1695
134949 134910 1695
134949 134952 877
134970 134988 1142
134988 134970 1142
135686 135697 581
134952 134949 877
135697 135686 581
135709 135712 588
135712 135709 588
135712 135721 1143
135721 135712 1143
135928 135930 751
135928 135931 697
135931 135928 697
135931 135930 924
135930 135928 751
135930 135931 924
135930 135945 924
135945 135930 924
135945 135937 344
135937 135945 344
135952 135954 688
135954 135952 688
10417 10421 1300
10448 10451 538
10451 10448 538
10421 10417 1300
13265 13268 889
13268 13265 889
12775 12778 1474
12778 12775 1474
12937 12939 2335
12939 12937 2335
160
8907
230306
230315
230323
8949
8959
8948
8952
8957
9123
9303
9304
9325
9342
9420
9460
9630
9657
9676
9692
9694
10076
10080
10237
10243
10258
10266
10272
34475
10251
10333
10214
10206
10207
10410
10417
34173
10438
10448
10596
10451
10490
10530
10542
10538
10421
10691
10690
13265
13268
13271
13262
13278
13284
12755
12775
12778
8208
13343
13344
12766
12768
12921
13042
13043
12797
13072
12941
12995
13153
13156
12998
13162
12915
12937
12939
13025
13181
13684
13692
13717
13714
13781
13783
13772
13776
13805
13806
13773
13948
13952
13958
13972
23813
23862
23869
23919
23872
23875
24900
24901
25062
25067
187637
187678
187675
187730
187766
190807
23884
23890
23880
23903
187240
189473
189465
189496
189469
187228
189510
187892
187971
189528
189525
189529
134676
134678
134681
134682
134692
134642
134644
134691
134906
134907
134910
134701
134970
139635
134988
135684
134952
134960
135756
135749
135751
135925
135926
135697
135709
135712
135721
135930
135937
135952
135954
135913
135955
135971
135987
