50
135308 135309 1066
135309 135308 1066
135309 135310 848
135340 135348 788
135348 135340 788
135350 135352 905
135352 135350 905
135304 135310 511
135310 135304 511
135310 135309 848
135319 135318 818
135318 135319 818
135318 135321 796
135321 135318 796
135409 135416 1654
135416 135409 1654
135436 135485 1103
135512 135495 336
135485 135436 1103
135485 135494 1180
135494 135485 1180
135495 135512 336
136270 136313 1004
136313 136270 1004
136408 136410 435
136410 136408 435
136859 136862 997
136862 136859 997
199851 199893 1026
199895 199893 1010
199895 199896 1127
199896 199895 1127
199893 199851 1026
199893 199895 1010
23471 12282 713
12282 23471 713
24048 24136 536
24136 24048 536
11478 11483 593
11483 11478 593
187619 187620 1820
187620 187619 1820
188393 188366 761
188366 188365 787
188366 188393 761
188365 188366 787
188369 188523 868
188521 188522 760
188523 188369 868
188522 188521 760
171
23434
23437
23471
12282
23478
12277
35310
7484
7439
7647
28468
28363
28365
28366
28447
28450
24161
24238
24236
24109
24246
23551
24038
24040
24048
24066
24136
24057
24067
24059
24070
24074
24092
23495
24284
24298
24537
24369
24550
24591
24384
24974
25042
25215
11478
11483
24199
25227
188209
188129
188134
188152
188155
188130
188165
188210
187619
187627
187620
188393
188366
188365
188442
188441
188415
188419
188408
188416
188501
188404
187286
188369
188371
188521
188523
188522
190144
186837
188346
188311
188322
135288
135336
135340
135348
135350
135352
136637
136640
136643
136647
135310
135217
135319
135306
135318
135321
135219
135215
135409
135416
135512
135515
135485
135494
135521
135524
135525
136251
136255
136262
136348
136350
136610
136611
136614
136574
136576
136578
136585
136352
136355
136362
136359
136662
136658
136676
136682
136685
136688
136668
136700
136704
136720
135640
135641
135643
136408
136410
136412
136630
136634
136859
136862
136863
199299
199346
199347
194730
199768
199974
199773
199790
199791
199862
199851
199895
199856
199901
199924
199925
199824
199831
199893
199894
139382
139391
139393
194826
195963
200589
