34
66196 66197 790
66194 66193 752
66197 66196 790
65596 65600 1205
65600 65596 1205
66193 66194 752
87499 87505 1012
87505 87499 1012
88571 88570 706
88571 88572 864
88572 88571 864
88570 88571 706
76402 76396 1561
76396 76402 1561
88239 88279 713
88801 88806 909
88806 88801 909
88279 88239 713
88448 88434 2729
88434 88448 2729
62176 62190 1709
62190 62176 1709
62089 62128 297
62128 62089 297
77124 77123 1150
77123 77124 1150
57110 57114 2347
57114 57110 2347
57448 57449 9419
57449 57448 9419
65615 65622 791
65622 65615 791
65727 65730 1259
65730 65727 1259
155
73167
73189
64983
62165
62204
63832
62176
62190
62157
62203
63561
63573
63555
61811
61850
61869
61875
61882
61921
61826
62140
62089
62090
62126
62109
62128
62131
62125
62339
62330
61526
77124
77123
62424
62336
62344
58159
78872
77131
78889
57047
57154
57156
57203
57147
57139
57141
57148
57110
57114
60586
57448
57449
57475
57481
57627
57606
57624
76495
78751
57002
57099
78080
78090
65933
77398
65720
65779
65615
65622
65626
65416
65426
65659
65727
65734
65730
65746
65660
60261
68564
77192
66196
66160
66197
66201
66243
65596
65600
66232
65455
76423
77217
66170
66171
66172
66193
87366
87492
91241
87499
87502
88104
89134
89138
88572
88577
88767
88570
89143
89150
89156
76366
76402
76378
76395
87545
87572
90830
88775
88823
89253
89169
89170
88795
88799
88798
89214
89207
90862
88806
88809
89228
89190
89206
87629
88279
87637
89051
88436
89038
88448
89069
89087
89498
90076
89466
89549
89507
89063
89099
89123
80675
80708
80700
