70
55302 55304 1366
53597 53598 1067
53598 53597 1067
55368 55367 3339
55304 55302 1366
55304 55306 1426
55306 55304 1426
55367 55368 3339
53409 53410 1448
53410 53409 1448
41544 41543 1550
49368 49373 772
49373 49368 772
49259 49257 1124
49164 49165 796
49165 49164 796
41543 41544 1550
49257 49259 1124
49692 49797 1085
49797 49692 1085
144387 144388 793
144388 144387 793
144398 144400 259
144381 144380 370
144380 144381 370
142451 142450 456
142452 142450 317
142400 142404 405
142404 142400 405
142404 142434 1445
142434 142404 1445
142436 142450 2522
142450 142436 2522
142450 142451 456
142450 142452 317
144400 144398 259
144409 144410 593
144410 144409 593
144595 144596 420
144596 144595 420
144596 144600 933
144600 144596 933
196722 196363 1254
196363 196722 1254
196414 196430 723
196372 196416 1764
196416 196372 1764
196430 196414 723
105346 105357 1571
105357 105346 1571
105357 105364 1179
103479 103575 1093
103479 103578 1447
105391 105393 2508
105393 105391 2508
105364 105357 1179
39887 39888 1742
39888 39887 1742
39926 39989 556
105165 105129 969
105129 105165 969
105447 105449 2903
103575 103479 1093
103578 103479 1447
105431 105449 1471
105449 105431 1471
105449 105447 2903
39989 39926 556
41096 41113 2453
41113 41096 2453
165
112973
113243
113170
113221
113222
113225
112975
105716
113496
113505
105299
105291
105341
105346
105357
105302
105333
104629
104651
104646
103479
103736
105396
105391
105393
105362
105364
39887
39888
39882
39879
39926
39928
39850
39861
39862
40056
40071
40072
104884
104931
105143
105163
105232
105192
104989
104991
104986
105256
105220
105165
105128
105129
105427
105447
103575
103578
103666
103701
103741
105385
105084
105091
105431
105449
39989
39913
39918
39969
39973
39983
40013
40038
40047
40050
41263
41096
41113
41115
41126
41213
41315
50418
41214
41209
41238
41233
41237
41366
53269
53399
53423
55051
55120
55122
55287
55300
53598
55368
55306
55312
55367
53407
53409
48648
41544
49203
49227
49368
49376
49373
49416
49402
49404
49405
49412
49164
49353
49165
49169
49360
50365
49447
50347
48979
35717
49471
49630
49801
48178
49636
49660
49665
49692
49796
53807
53809
53819
144387
144388
142455
144380
142439
142400
144400
144409
144410
144450
144464
144466
144580
144596
144600
144632
196688
196691
196696
196704
196722
196363
196414
196427
196372
196416
141537
