38
14982 14983 1014
14983 14982 1014
15019 15017 924
15017 15019 924
15017 15021 1483
15021 15017 1483
19108 19111 238
19111 19108 238
19174 19351 788
19203 19206 1259
19646 19207 473
19206 19203 1259
19207 19646 473
19982 20007 1781
19681 19707 445
19687 19685 747
19707 19681 445
19675 19677 688
19685 19687 747
19677 19675 688
20007 19982 1781
19351 19174 788
19483 19486 1652
19486 19483 1652
19486 19488 1292
19488 19486 1292
20712 21003 809
21003 20712 809
21003 21005 1145
21005 21003 1145
25740 25755 796
25755 25740 796
193648 193651 2232
193651 193648 2232
29651 34881 2025
34881 29651 2025
34885 35442 557
35442 34885 557
167
193501
193513
193517
193518
193528
191002
192399
193695
194097
193545
193633
193652
193611
193616
193619
193685
191022
193637
193648
193651
18011
29651
29657
29754
29795
29801
23983
23968
34881
29725
34885
35178
35442
21410
30715
35282
30886
30899
30900
30906
30246
29737
29655
29841
29844
29836
34012
34134
23332
30080
30103
30107
30162
30153
30174
30175
30180
31315
31323
31329
31371
18468
31319
31569
31575
31583
32172
31588
31606
31661
31662
31665
32316
34191
19288
7441
14419
14466
14469
14775
14777
14489
14459
14511
14515
14779
14531
14973
14974
14983
15012
15121
15017
15021
15032
15036
15041
15145
15147
14492
15238
15529
19064
19105
19085
19149
19258
19348
19349
19212
19213
19222
19203
19639
19646
19206
19207
19660
19698
19894
19355
19369
19972
19982
19997
19681
19682
19687
19707
19675
19685
19677
20007
19351
19242
19449
19470
19472
19483
19488
20552
20372
20383
20538
20561
20553
20406
20557
20693
20701
20707
20712
20732
20858
20865
25728
25742
25740
25820
25827
25807
25808
25801
27635
34144
27531
27641
