60
226073 226071 817
7870 7872 2051
7872 7870 2051
8329 8327 2576
8291 8292 1233
8292 8291 1233
8327 8329 2576
8774 8780 887
8780 8774 887
8753 8723 1550
8723 8753 1550
9481 9488 1088
9501 9488 496
9488 9481 1088
9488 9501 496
9510 9446 234
9510 9512 1384
9446 9510 234
9512 9510 1384
16417 16415 580
16415 16417 580
16648 16656 2761
16656 16648 2761
16656 16745 904
16745 16656 904
16758 16759 1204
16759 16758 1204
16759 16787 594
16787 16759 594
11328 11327 1959
11327 11328 1959
11507 11509 782
11306 11313 182
11472 11489 839
11473 11494 1175
11313 11306 182
11494 11473 1175
11453 11456 1222
11456 11453 1222
11489 11472 839
11509 11507 782
11585 11586 667
11586 11585 667
11612 11614 818
22590 22538 1457
22593 22594 1260
22594 22593 1260
22538 22590 1457
22605 22647 681
22647 22605 681
11614 11612 818
227698 227717 3939
227717 227698 3939
6829 6833 3756
6833 6829 3756
7686 7688 1340
7688 7686 1340
226071 226073 817
226049 226053 2791
226053 226049 2791
167
225173
225182
227698
225283
227717
227423
227731
227751
227764
228026
227766
228072
227230
233655
228062
228022
228067
231599
235142
227665
227645
227673
227678
227958
227957
233993
234166
226841
234152
234529
226855
226951
226861
226954
226994
226995
226990
227115
227154
227199
227202
227192
227011
227215
227188
227259
228256
227489
227519
227525
227527
228231
227642
235234
227271
228258
227278
6795
6829
6833
6840
7634
7661
7667
7698
7704
7706
7686
7688
226071
226132
226078
226081
226049
226053
225937
234833
235041
225769
225767
225798
225792
225793
225806
225754
226072
226073
226421
14538
14562
34695
7867
7870
7872
8274
8376
8329
8291
8292
8774
8780
8712
34771
8504
8753
8717
8723
16679
8770
8782
9481
9500
9505
9488
9446
9512
16340
33493
16363
16410
16415
16448
16457
16648
16745
16759
16765
16775
16781
16780
16789
9782
11328
11229
11327
11360
11448
11451
11507
11303
11306
11469
11473
11314
11568
22548
11571
11492
11494
11447
11453
11456
11462
11585
11586
11601
11602
11608
11611
22590
22593
22594
22565
22566
22538
22647
11614
