58
212059 212063 707
212059 212065 1289
212063 212059 707
212063 212066 429
212066 212063 429
212065 212059 1289
212065 212068 982
163566 163565 884
163565 163566 884
163575 163576 445
165300 165287 1336
165300 165301 842
165288 165287 928
165288 165289 885
165287 165288 928
165287 165300 1336
165289 165288 885
165301 165300 842
166370 166371 1769
166371 166370 1769
163576 163575 445
172683 165130 222
164329 164328 650
164328 164329 650
172418 172419 600
172419 172418 600
164420 164468 1336
164468 164420 1336
165130 172683 222
164350 164254 404
212361 212362 231
164254 164350 404
212068 212065 982
212068 212070 1696
212070 212068 1696
212097 212094 419
212094 212097 419
198868 211477 469
211477 198868 469
212364 212363 1807
212363 212364 1807
212418 212420 796
212420 212418 796
212362 212361 231
114410 114355 4269
114355 114410 4269
175472 175377 1576
175472 175478 766
175377 175472 1576
175478 175472 766
175478 175476 673
175476 175478 673
176980 176981 905
176981 176980 905
175893 175892 554
175892 175893 554
210959 210966 805
210966 210959 805
158
152046
155516
152029
175369
175325
175472
175377
175478
175476
175964
175987
175999
175494
175957
175945
175960
175491
175489
152031
152037
152052
175912
175969
175442
175847
175849
175870
175872
175880
175877
177092
177095
177096
176975
176993
176988
176980
176981
177025
176030
176092
176100
176073
176070
175893
175892
176039
176052
175809
175815
175826
175792
175725
175770
175790
175779
176670
176773
177061
177063
176892
177065
174825
174990
175018
210744
210959
210966
210967
210995
211411
211436
211437
211439
211006
211010
211025
211339
211350
165027
166440
166442
166432
163760
165074
165087
165288
165287
165289
165241
165243
165252
165291
165296
163900
166454
166455
166370
164005
165010
165013
165011
165018
164996
163065
165129
172683
164374
164442
165132
164329
164328
172418
172419
164333
164337
164364
164371
164410
164412
164407
164423
164420
164468
164470
212361
212430
161374
161376
164254
164341
164347
164522
164565
164571
164545
164569
164570
164527
161368
164542
212068
212070
212094
212096
212120
198868
211477
212364
212434
212369
212420
212362
114399
114643
114388
115196
114432
