52
177023 177024 2365
177024 177023 2365
175851 175836 849
176083 176103 952
176103 176083 952
176103 176097 751
176097 176103 751
176067 176075 1032
176075 176067 1032
175836 175851 849
176931 176930 379
175787 175778 465
176930 176931 379
175778 175787 465
176790 176776 1697
176776 176790 1697
174992 174989 1421
174989 174992 1421
185792 176641 657
176641 185792 657
195861 211353 2179
211353 195861 2179
211353 211414 238
211414 211353 238
211002 211003 1157
211003 211002 1157
211003 211008 927
211008 211003 927
165030 165031 688
165302 165303 202
165305 165306 905
165303 165302 202
165306 165305 905
165239 165238 581
165238 165239 581
165293 165314 828
165314 165293 828
165022 165029 475
165029 165022 475
165031 165030 688
182121 182137 1779
182137 182121 1779
182137 182150 562
182150 182137 562
182218 182219 1293
182219 182218 1293
173564 173565 1619
173565 173564 1619
176455 176460 2369
176460 176455 2369
152055 152054 782
152054 152055 782
161
182121
182137
182150
182203
182201
182218
182210
182219
181993
182239
182352
173610
173612
152189
152257
152303
152260
152328
152405
152463
152886
152888
176434
176436
176440
152897
152216
152893
152911
152927
152891
185774
185777
173866
173564
173571
173565
173689
173840
173843
173844
176446
152905
152913
153008
176455
175333
176464
153029
153027
176460
152044
155517
155511
155506
175951
175997
176480
175992
176467
175943
176003
175995
155685
152062
186094
152039
155574
152055
155606
152054
152068
175910
175985
175818
175845
175831
175828
176973
177103
177001
177004
177006
176935
176941
176948
177023
177024
175851
176083
176103
176097
176067
175895
176075
176932
177160
175810
176931
176942
176668
176790
176796
176875
176886
176881
176883
176900
173864
174978
174992
174989
176641
175021
175032
176636
210778
195861
211414
199595
211418
211002
211003
211008
211324
211345
166448
166446
166428
165040
165042
165077
165302
165239
165256
165248
165238
165298
165316
165314
165326
165329
166462
166463
166458
166460
166479
166470
165021
165015
165039
165022
165024
165029
165064
163062
164472
172687
164376
164436
164450
