140
256815 256819 949
256819 256805 2109
256819 256815 949
263214 254909 2666
254909 263214 2666
256805 256819 2109
243591 243592 1046
243270 243271 411
243272 243271 1468
261539 243323 563
243592 243218 808
243592 243492 700
243592 243591 1046
243352 243358 1822
243356 243358 3261
243357 243358 297
243361 243372 2179
243381 243372 1371
243399 243401 112
261360 243401 1601
244852 243403 262
244922 244921 156
244868 244866 2087
244872 244866 10
244873 244866 22
244902 244903 380
244945 244903 76
244909 244946 2139
244947 244946 142
244932 244931 1898
245283 245284 602
245291 261302 1862
245061 245060 1709
245063 245060 667
244929 244956 2215
244955 244956 1545
261850 244956 1405
245071 245332 1139
245071 245334 794
245084 245367 2280
244949 244950 2512
245087 245325 101
245075 245332 879
245358 245359 599
245360 245359 644
261843 245359 509
245596 245595 1855
245597 245595 384
245597 245602 1401
245192 245203 3233
245198 245203 738
245049 245224 1061
245206 245227 1969
245223 245227 1030
245232 245230 809
245233 245230 1097
245233 245231 1274
245238 245231 549
245602 245597 1401
245602 245604 2065
245616 245615 1881
245616 245620 907
245620 245616 907
245620 245718 2842
245719 245718 632
245719 245720 201
245720 245719 201
245720 245736 1341
245738 245736 502
245739 245736 2013
245739 245838 681
245838 245739 681
245838 245783 474
245842 245843 1095
243271 243270 411
243271 243272 1468
243323 261539 563
243492 243592 700
243358 243352 1822
243358 243356 3261
243358 243357 297
243372 243361 2179
243372 243381 1371
243401 243399 112
243401 261360 1601
243403 244852 262
244921 244922 156
244866 244868 2087
244866 244872 10
244866 244873 22
244903 244902 380
244903 244945 76
244946 244909 2139
244946 244947 142
244931 244932 1898
245284 245283 602
261302 245291 1862
245060 245061 1709
245060 245063 667
244956 244929 2215
244956 244955 1545
244956 261850 1405
245334 245071 794
245367 245084 2280
244950 244949 2512
245325 245087 101
245332 245071 1139
245332 245075 879
245359 245358 599
245359 245360 644
245359 261843 509
245595 245596 1855
245595 245597 384
245203 245192 3233
245203 245198 738
245224 245049 1061
245227 245206 1969
245227 245223 1030
245230 245232 809
245230 245233 1097
245231 245233 1274
245231 245238 549
245604 245602 2065
245615 245616 1881
245718 245620 2842
245718 245719 632
245736 245720 1341
245736 245738 502
245736 245739 2013
245783 245838 474
245843 245842 1095
245847 245859 1012
243212 243211 598
243211 243212 598
243218 243592 808
245859 245847 1012
247616 247618 1479
247618 247616 1479
255385 235975 632
235975 255385 632
165
243271
243323
243492
243358
243372
243401
243403
244921
244866
244903
244946
244931
245284
261302
245060
244956
245334
245367
244950
245325
245332
245359
245595
245203
245224
245227
245230
245231
245604
245615
245718
245736
245783
245843
245847
243184
261676
243212
243233
243211
243206
243218
264274
243025
243015
261993
243030
243112
243137
243196
264282
245859
245851
245870
247616
247618
247637
247684
247936
247943
247946
248060
248087
248055
248077
248085
255385
235975
256211
256239
256214
256241
256248
256261
256441
256487
256448
248131
248374
248312
255559
255585
255573
255574
255572
255672
255675
256291
256483
256774
256790
256788
238936
238937
238286
238305
238293
238321
256805
256871
257026
257027
257047
257116
257020
238900
238909
239022
262838
244691
239032
239181
257918
239096
242845
243823
259741
242871
243599
242765
242951
243237
242734
242730
243320
243270
243352
243356
243357
243361
243381
243399
244852
244922
244872
244873
244902
244945
244909
244947
244932
245283
245291
244929
244955
261850
245071
245084
244949
245087
245075
245360
245192
245198
245049
245206
245223
245233
245602
245620
245719
245720
245738
245739
245842
