68
105480 105506 1188
105483 105489 856
105506 105480 1188
105489 105483 856
40135 40137 55
40137 40135 55
40158 40156 373
40156 40158 373
41291 41294 1103
41294 41291 1103
29219 29218 1009
29218 29219 1009
29250 29261 1672
29261 29250 1672
29257 29253 747
29253 29257 747
29088 29084 866
29084 29088 866
29062 29063 677
29063 29062 677
52960 52966 476
52966 52960 476
53300 53301 1161
53304 53301 517
52911 52859 562
53301 53300 1161
53301 53304 517
53432 52859 688
53432 53467 905
53471 53467 1716
52859 52911 562
52859 53432 688
53513 53520 355
53520 53513 355
53520 53524 818
53524 53517 1199
53524 53520 818
55099 55253 1282
55253 55099 1282
53467 53432 905
53467 53471 1716
53517 53524 1199
49427 49428 2146
49428 49427 2146
49525 49532 1545
49532 49525 1545
49532 49533 738
49533 49532 738
111864 111865 2585
107945 111797 3227
111797 107945 3227
111865 111864 2585
111989 111991 764
111991 111989 764
33784 33805 1560
33805 33784 1560
113530 113526 610
113526 113530 610
105332 103710 1430
103710 105332 1430
105413 105414 1356
105414 105413 1356
103571 103570 572
103570 103571 572
103659 103657 1368
103657 103659 1368
40099 40116 951
40116 40099 951
155
105820
107929
107819
107822
107856
107814
107815
107863
111864
107945
111797
111803
111829
111827
111857
111865
111883
111885
111850
111897
111929
111977
111989
111984
111991
33707
33602
33605
33608
33611
33784
33805
6521
33882
113186
113195
113191
113128
113313
113312
113326
113482
103612
113310
113148
103608
113288
113283
113284
113205
113279
103434
103441
113530
113526
113553
103498
105332
103710
103711
105413
103716
105399
103718
103726
105414
103728
103731
103473
103571
103570
103584
103659
103637
103657
40086
40088
40099
40116
39906
40126
40129
40106
40114
105260
105153
105155
105238
105168
103692
103761
105511
105473
105480
105506
103675
103678
103693
103756
105489
40132
40153
40032
40154
40170
41278
41291
41294
41300
41309
41303
29019
29250
29038
29253
29255
29083
29062
29063
29078
52966
52963
52981
53282
53300
52911
53291
53432
52859
53522
54770
55097
55253
55258
55322
55325
55329
55330
55352
55922
53450
53452
53421
53448
53548
53559
53595
53596
49511
49512
49427
49428
49440
49525
49533
