50
13375 13480 1008
13480 13375 1008
13131 13134 556
13134 13131 556
13220 13225 3827
13229 13225 1257
13216 13217 1553
13217 13216 1553
13225 13220 3827
13225 13229 1257
13197 13196 924
13854 13857 747
13196 13197 924
13857 13854 747
13862 13863 1007
13863 13862 1007
13840 13842 1558
13842 13840 1558
13878 13882 1336
13882 13878 1336
13891 13887 1205
13887 13891 1205
14082 13912 1622
13912 14082 1622
23836 23839 2598
23839 23836 2598
189559 189563 685
189563 189559 685
134926 132933 1483
134930 134932 827
132933 134926 1483
134932 134930 827
134932 135649 827
135657 135655 951
135655 135657 951
135649 134932 827
134508 134505 1022
134505 134508 1022
136011 136013 605
136013 136011 605
136013 136015 1031
136015 136013 1031
136988 136985 756
136985 136988 756
232164 232166 1558
232166 232164 1558
10300 10298 1310
10298 10300 1310
13316 13320 279
13320 13316 279
166
226789
234684
226769
226786
230670
230656
230330
230655
230347
230279
232164
232166
232175
230678
230646
230661
230663
8926
8930
8974
8969
9021
9006
9042
9048
9232
9261
9263
9281
9411
9400
9471
9922
9941
9947
9966
10222
34489
9999
10001
8884
10253
10300
10301
10304
10343
10298
10349
8880
10358
10361
10362
13064
13282
11010
10632
10897
10623
10643
10666
10680
10681
10930
10995
13313
13316
13320
13422
14225
14228
13424
13435
7754
13393
34783
13445
12820
12821
13362
13375
13480
13103
13101
13089
13095
13088
12802
13131
13134
13206
13220
13222
13213
13216
13217
13225
13197
13240
13846
13845
13854
13196
13834
13863
13832
13837
13840
13842
13878
13882
13891
13887
13902
13910
13987
13989
14171
14182
24019
23836
23999
23839
23934
23490
23990
14327
24027
23957
23970
23981
132851
189479
189559
189560
189563
189568
134662
134840
134926
134856
134863
132933
134870
134932
135657
135672
135655
135649
134942
134408
134409
135728
134413
134508
134505
134506
134584
134589
136011
136015
136024
136033
137416
136988
136985
136986
