46
199840 199836 1017
199843 199845 1940
199753 199836 915
199835 199847 1926
199817 199815 1550
199847 199835 1926
199815 199817 1550
139256 139250 252
139256 139258 252
139242 139240 445
139242 139250 111
139250 139242 111
139250 139256 252
139239 139240 238
139240 139239 238
139240 139242 445
139258 139256 252
225291 225284 2736
226032 226035 1344
226035 226032 1344
225284 225291 2736
227716 227733 1225
227733 227716 1225
227433 227434 777
227434 227433 777
189312 189313 386
189313 189312 386
135427 135428 1456
135428 135427 1456
136258 136259 1180
136259 136258 1180
136259 136264 1468
136264 136259 1468
136565 136553 870
136551 136553 517
136553 136551 517
136553 136565 870
199336 199343 684
199343 199336 684
199343 199345 845
199345 199343 845
199351 199699 766
199699 199351 766
199836 199753 915
199836 199840 1017
199845 199843 1940
152
188378
188379
188396
189312
188389
188397
188401
190147
189313
188206
188342
188307
188318
135247
135280
135283
135293
135267
135269
135294
135296
135243
135300
135209
135205
135410
135427
135428
135490
135487
135480
135517
136241
136258
136259
136264
136311
136323
136325
136569
136565
136567
136580
136593
136590
136372
136374
136378
136380
135646
136366
136369
139553
136404
136406
136551
136553
136601
136623
139592
138588
138592
138593
139744
138586
199332
199336
199343
199345
199351
199675
199699
199712
199709
199731
199735
199740
199744
199759
199836
199845
199840
199846
199843
199819
199753
199817
199847
135538
139242
139377
139384
139380
139240
139205
200458
139497
225243
225255
225250
225203
225209
225225
225122
225132
225097
225149
225257
225831
235127
226017
235012
226101
226103
226032
226283
226035
225174
225186
227695
227699
225284
227721
227716
227733
227750
227760
228028
227798
234578
232411
233653
234817
228063
234856
228083
228064
231598
235113
227433
227684
227675
227677
227960
227961
235294
234151
234163
234155
234159
226854
226859
