64
239586 261498 377
239656 262132 620
246045 246047 1413
246047 246045 1413
246561 245678 703
245678 246561 703
246121 246116 742
246116 246121 742
246626 246633 550
246631 246633 1375
246633 246626 550
246633 246631 1375
246815 246864 1699
246757 246759 2102
246759 246757 2102
246864 246815 1699
246776 246784 755
246784 246776 755
247140 247141 3116
247141 247140 3116
247177 247181 805
247181 247177 805
248325 263788 996
248337 248322 196
263788 248322 2122
263788 248325 996
255522 255526 1226
255533 255700 1473
255705 255700 1719
255727 255726 868
255727 255744 750
255744 255727 750
255744 255728 3064
254724 254732 403
254731 254732 1950
254749 255761 4729
255697 255698 580
248322 248337 196
248322 263788 2122
255526 255522 1226
255700 255533 1473
255700 255705 1719
255726 255727 868
255728 255744 3064
255728 255836 805
254732 254724 403
254732 254731 1950
255761 254749 4729
255698 255697 580
255836 255728 805
255868 255885 750
255885 255868 750
255885 255890 696
255890 255885 696
257407 257401 938
257401 257407 938
257401 257418 392
257418 257401 392
238360 238384 2982
238384 238360 2982
238604 238605 2619
238605 238604 2619
262132 239656 620
261498 239586 377
166
248322
255526
255700
255726
255728
254732
255761
255698
255686
255734
255836
255843
255847
255868
255885
255890
255941
255946
257380
257407
257401
257418
257397
257458
257467
238039
238059
238224
238231
238084
238014
238076
257515
258262
257544
257555
238060
238351
263241
238336
238333
237341
238360
238384
238380
238532
238547
238549
238608
238604
238605
238551
238625
242711
263945
242610
261123
242625
242812
239649
239627
239653
262132
239501
239535
261498
239523
239527
239592
239530
239568
239572
242588
239840
242594
261518
242612
242620
239450
239660
239656
239442
239719
239755
239939
239941
240138
240144
240164
240168
240176
241115
244637
241118
244674
244716
244722
244764
241305
241348
261509
241350
241431
242253
242255
263783
241464
263780
246045
246047
246052
246053
246054
245678
246062
246116
246126
246104
246114
246143
246141
246177
246156
246158
246176
246627
246631
246635
246815
246679
246756
246757
246759
246880
246864
246644
246810
246814
246776
246767
246784
247015
247031
247075
247083
247085
247130
247134
247145
247151
247165
247141
247177
253904
248248
246972
253937
248285
248337
255522
255533
255705
254724
254731
254749
255697
