42
61841 61844 1751
61844 61841 1751
61974 61957 650
61957 61974 650
61657 61659 971
61659 61657 971
62281 62277 595
62284 62283 1057
62277 62281 595
62283 62284 1057
62018 62016 1538
62016 62018 1538
57590 57598 4023
57598 57590 4023
65965 65969 794
65969 65965 794
65843 65844 1267
65844 65843 1267
66002 65980 793
65980 66002 793
89285 89300 1700
89300 89285 1700
87813 87814 1979
87814 87813 1979
89327 89328 222
89328 89327 222
58872 58882 747
58882 58872 747
59344 59348 1119
59357 59358 782
59348 59344 1119
59358 59357 782
61106 61154 1480
61154 61106 1480
61154 61153 1615
61153 61154 1615
61795 61793 1038
61771 61788 712
61788 61771 712
61793 61795 1038
61557 61689 812
61689 61557 812
156
66682
66683
56872
64379
78410
77306
79238
79288
84851
79313
79315
91249
91479
77362
57341
77372
170127
170275
159911
159919
58307
58366
58312
58315
58317
58732
58770
58785
58783
58781
58872
58881
58882
58920
58923
58935
59344
59357
59377
59348
59358
58191
58319
58631
58426
58434
58441
58442
58593
58902
117210
117213
117240
117247
61106
61154
61153
61169
61175
61205
61200
61207
63514
61795
61766
61771
61788
61793
61557
61579
61580
61689
61692
61713
61621
61626
61637
61841
61844
63643
62003
61993
61971
61973
61974
61961
61957
61646
61655
61657
61660
61981
61986
61664
62273
62281
62284
62017
57228
57229
57079
57226
57199
76751
57589
57785
57786
76502
57909
57519
57523
57528
57488
57514
57659
57668
57669
57621
57729
77423
57722
78032
78650
65905
65950
65987
65999
65965
65969
66037
66039
66041
65857
66010
65837
65844
58175
77402
65835
66002
65980
79267
79286
87188
87581
80443
89284
89300
87814
87826
87830
91702
89327
89328
89242
89362
