52
232347 232351 1076
232351 232347 1076
232504 232538 1608
232538 232504 1608
232538 232539 893
232542 232551 1955
232551 232542 1955
232551 232552 3712
232539 232538 893
232552 232551 3712
232803 232806 1445
232806 232803 1445
248442 248444 681
248807 248804 1114
248882 248893 562
248893 248882 562
249031 249040 756
248440 248445 788
248445 248440 788
248804 248807 1114
248444 248442 681
249040 249031 756
249177 249190 452
132988 132987 1334
132987 132988 1334
132987 132993 383
132938 132939 516
132939 132938 516
133028 133037 1849
133037 133028 1849
132993 132987 383
133008 133010 1778
133010 133008 1778
133010 133013 516
133013 133010 516
249190 249177 452
138712 138743 320
138743 138712 320
236058 236060 411
236060 236058 411
236060 236061 186
236061 236060 186
236061 236062 102
236063 236062 1470
236062 236061 102
236062 236063 1470
236092 236091 1867
236091 236092 1867
235682 235808 6731
235808 235682 6731
235843 235852 1217
235852 235843 1217
161
138712
138743
138713
235663
236058
235671
236060
236061
236063
236055
235945
236062
236092
236091
236097
236102
236170
236172
250171
250126
235672
235688
261389
236164
235682
235808
235810
235820
235843
235846
235852
235855
235857
235854
235798
235866
235869
235887
235900
235890
235919
231191
231199
231677
231681
231682
231676
231698
231711
231739
231653
231659
231667
230559
231751
231506
234897
234900
231379
231471
231547
231568
231571
231576
232991
232994
231622
234941
233003
231713
231714
231716
234751
231743
231808
230769
230772
232331
230859
230847
230850
230853
231817
232317
232336
232319
232347
232406
232413
232504
232514
232515
232508
232602
232599
232618
232621
232770
232789
232803
232830
232839
10062
10830
10876
10886
11056
11062
11059
11106
14266
14276
13530
13612
13611
13616
248438
248807
248879
248882
248893
249038
248440
248445
248804
248444
249040
249042
249054
249084
249089
249169
249172
249180
132926
132918
132934
132716
132936
132938
132939
132955
132958
133037
132985
132986
133008
133010
133087
249166
249020
249024
249010
249168
133093
133096
133097
133089
133106
133108
133197
