66
142016 142018 492
142018 142016 492
151627 142044 2471
142044 142052 1160
142044 151627 2471
142052 142044 1160
142564 142578 1223
142578 142564 1223
142727 142729 1754
142493 142499 1772
142499 142493 1772
142729 142727 1754
55466 56106 810
56106 55466 810
204703 195576 213
195576 204703 213
204722 204724 395
204724 204722 395
204724 204726 1272
204726 204724 1272
204520 204729 1621
204729 204520 1621
144778 144779 181
144779 144774 1430
144779 144778 181
144774 144779 1430
144765 144766 1666
144766 144765 1666
144766 145099 1697
145099 144766 1697
145113 145119 897
145119 145113 897
145517 145520 880
145520 145517 880
145593 145595 809
145595 145593 809
145595 145606 776
145606 145595 776
145765 145766 751
145759 145756 792
145756 145759 792
145766 145765 751
145826 145839 690
145839 145826 690
146054 146055 824
146055 146054 824
151580 151577 815
151577 151580 815
151535 151537 851
151537 151535 851
203817 203818 330
203818 203817 330
203818 203820 907
203820 203818 907
204516 204517 802
204517 204516 802
144480 144488 2481
144488 144480 2481
144488 144525 2839
144525 144488 2839
139787 150609 698
150609 139787 698
146999 147000 508
147000 146999 508
141878 141908 2333
141908 141878 2333
172
48318
48330
131390
131392
131396
131415
131645
131647
131656
131675
131819
49707
131891
131900
54351
53781
54359
54349
54370
54418
54443
54497
54372
54381
54577
54579
52663
52741
54541
54674
54662
49708
53910
53775
53776
53907
53917
53923
53932
55150
55166
55209
55210
144480
144488
144525
144539
144675
144626
144627
139787
150609
150606
150639
146999
147000
150651
139900
139901
139905
140194
140203
140250
140254
140257
140270
141578
142495
142503
142531
142525
141587
141878
141908
141927
142016
142018
142022
142044
142052
142053
142055
142564
142578
142579
142609
142610
142719
142329
142499
142724
142539
142729
142764
55459
56106
55469
56369
56370
204695
204703
195576
204706
204725
204520
204839
207715
207872
207875
144654
144733
144732
144735
144740
144753
144754
145308
144755
144773
144763
144774
144765
144766
145113
145119
145121
145482
145491
145517
145520
145574
145593
145595
145606
145765
145760
145759
145756
145755
145615
145608
145616
145766
145770
145818
145821
145826
145839
145862
145868
146050
146054
146055
146072
151473
142099
151550
151580
151555
151564
151577
151579
151535
151536
151537
151557
149313
151496
203833
204429
204516
204517
