50
185810 180748 1078
180844 182026 951
182026 180844 951
174012 174013 1394
174013 174012 1394
183491 183492 476
183492 183491 476
174338 174360 612
174360 174338 612
174366 174369 2344
174369 174366 2344
183785 183577 952
183403 183405 871
183868 183869 782
183869 183857 796
183869 183868 782
183779 183579 766
183780 183579 1225
183857 183869 796
183405 183403 871
183577 183785 952
183579 183779 766
183579 183780 1225
209536 209577 867
209547 209577 732
209577 209536 867
209577 209547 732
211581 211585 917
211584 211585 833
211585 211581 917
211585 211584 833
210253 210447 449
210447 210253 449
210445 210449 881
210449 210445 881
163266 163265 2322
163265 163266 2322
209379 209383 885
209383 209379 885
163155 163118 953
163118 163155 953
183423 183424 2282
183424 183423 2282
184776 184917 1773
184720 184719 796
184917 184776 1773
184719 184720 796
184740 184731 1027
184731 184740 1027
180748 185810 1078
172
196604
196266
196458
196497
196511
196577
195107
196583
196599
206044
206691
206034
206033
206692
206705
206712
206717
206770
206787
206792
206944
207018
209315
209377
209379
209383
178830
178958
178959
179001
179007
179002
179024
179019
179295
179271
179260
179328
179320
181129
181157
180693
180701
180752
180815
163153
163155
163179
163118
163147
163169
184596
184604
163187
184605
184600
163141
183416
183423
183424
184804
184806
184809
184772
184776
184720
184831
184832
184835
184917
184719
184740
184747
184731
184753
183383
183397
183394
183412
180748
180745
180823
180844
182026
182017
182065
177707
182582
182583
183665
183655
183675
174011
174019
174020
174037
173996
174000
174013
182570
183491
183492
183496
184022
184035
172901
174133
184107
172906
174097
185887
173957
174332
174338
174360
174366
174369
174370
174373
174400
174052
174053
174092
174088
174126
183785
183823
183829
184005
183403
183868
183869
183780
183393
183399
183419
183421
183405
183577
214547
209554
209536
209560
209577
209580
209584
209635
209648
209669
210889
211581
211585
211598
211607
210228
211650
211652
211658
210252
210253
210447
210445
210449
162653
162692
162672
162698
163242
162882
163266
162923
162936
