44
43688 43665 1411
43688 43690 2460
43869 43868 1063
43839 43841 1534
43841 43839 1534
43868 43869 1063
44213 44212 1143
44205 44212 3040
44212 44205 3040
44212 44213 1143
43690 43688 2460
43593 43600 418
43600 43593 418
43819 43813 2417
43813 43819 2417
45581 45582 873
45582 45581 873
45607 45610 1987
45610 45607 1987
45625 45620 752
45620 45625 752
125928 125939 1675
125939 125928 1675
126112 132492 534
132492 126112 534
45404 45405 1345
45405 45379 1115
45405 45404 1345
45379 45386 1115
45379 45405 1115
45386 45379 1115
125187 125152 2058
125152 125187 2058
171376 171377 667
171377 171376 667
97893 97894 476
97894 97893 476
95387 95386 373
95386 95387 373
49866 49865 3288
49865 49866 3288
42362 42364 2241
42364 42362 2241
43665 43688 1411
172
213033
213013
171376
170953
171377
171393
171404
170885
171040
170851
170958
97872
97874
97893
97902
97894
95257
95242
95245
95299
95387
95393
95399
95386
95372
95365
95371
95373
97957
97956
97913
49845
49945
41944
49847
98862
98882
98873
98840
98843
93371
98836
100163
98675
98808
98713
98718
98787
98698
98703
98708
97729
98024
97887
98027
98030
97850
97905
98356
97350
97973
98070
98082
98092
98343
98360
98663
98393
98401
49863
49866
49865
42445
43490
43485
43508
42357
42362
42364
42373
42436
42068
42066
43619
43622
43638
43665
43681
43855
43807
41954
43839
43841
42572
44244
43251
43252
44213
37038
42207
44212
43425
43439
43460
43461
43476
45228
43659
43703
43690
43704
43596
43584
43595
43578
43600
43612
43613
43735
43817
43813
44495
45460
45475
45581
45582
45597
45617
45610
45630
45623
45625
44505
125928
125939
125937
125643
125965
125967
125986
126099
126102
126112
126130
126437
126435
126442
45273
45277
45405
45379
45386
45284
45745
45384
45398
45429
125167
125171
125145
125147
125178
125196
125152
125158
125269
125245
125260
125299
45346
45312
45314
