140
258098 258104 1291
258104 258098 1291
258104 258105 1031
258105 258104 1031
258226 258235 3624
258235 258226 3624
244479 244504 220
244504 244479 220
244503 244502 376
244502 244503 376
247371 247374 933
247374 247371 933
247438 247440 1206
247440 247438 1206
247440 247481 804
247480 247475 3459
247481 247440 804
247481 247484 749
247475 247480 3459
247484 247481 749
258404 258389 1929
258390 258389 474
257790 258408 2822
257790 258410 986
258480 258481 1088
261798 258481 1037
258472 258473 267
258408 257790 2822
258408 258476 2778
258494 258539 475
258536 258539 2008
258538 258540 668
259726 258602 1532
259894 258602 275
259906 259895 728
259907 259895 5404
260388 260379 2014
260388 260478 871
260388 260492 888
260493 260492 1298
260419 260418 818
260515 260418 1932
260516 260418 1113
260516 260433 1573
260534 260433 562
260534 260437 825
260437 260436 796
260437 260534 825
259898 259927 283
259923 259927 488
259959 259969 2794
259964 259969 419
259971 259969 2693
259974 259972 1731
260010 260012 141
264311 260012 1380
260050 260045 434
260051 260045 872
260240 260047 1125
260242 260047 1186
260242 260246 6408
260472 260280 763
260287 260283 333
260478 260377 937
260478 260379 2067
260478 260388 871
260479 260377 871
260379 260378 610
260379 260388 2014
260379 260478 2067
260474 260473 222
260252 260246 2892
260252 260269 786
260269 260251 2039
260269 260252 786
260284 260271 515
260452 260451 713
260452 260454 373
260564 260454 713
260568 260570 1005
260537 260566 2267
260543 260566 1905
258389 258390 474
258389 258404 1929
258410 257790 986
258481 258480 1088
258481 261798 1037
258473 258472 267
258476 258408 2778
258539 258494 475
258539 258536 2008
258540 258538 668
258602 259726 1532
258602 259894 275
259895 259906 728
259895 259907 5404
260492 260388 888
260492 260493 1298
260418 260419 818
260418 260515 1932
260418 260516 1113
260433 260516 1573
260433 260534 562
260436 260437 796
260436 260451 1962
259927 259898 283
259927 259923 488
259969 259959 2794
259969 259964 419
259969 259971 2693
259972 259974 1731
260012 260010 141
260012 264311 1380
260045 260050 434
260045 260051 872
260047 260240 1125
260047 260242 1186
260280 260283 2446
260280 260472 763
260283 260280 2446
260283 260287 333
260377 260478 937
260377 260479 871
260378 260379 610
260473 260474 222
260246 260242 6408
260246 260251 1421
260246 260252 2892
260251 260246 1421
260251 260269 2039
260271 260284 515
260451 260436 1962
260451 260452 713
260454 260452 373
260454 260564 713
260570 260568 1005
260566 260537 2267
260566 260543 1905
262495 259173 380
259173 262495 380
157
258389
258410
258481
258473
258476
258539
258540
258602
259895
260492
260418
260433
260436
259927
259969
259972
260012
260045
260047
260280
260283
260377
260378
260473
260246
260251
260271
260451
260454
260570
260566
260580
5313
255122
255124
255315
255348
255316
262495
262511
255160
255362
257565
257569
257621
257571
257595
260579
260601
260606
5554
5555
5558
5564
259173
240997
241013
258752
258861
258827
258910
258913
255355
258839
258725
258756
258733
262030
258736
258947
240526
258956
258097
258102
258105
258116
258110
258180
258182
258167
258199
258200
258218
244623
244447
244477
244504
244503
244502
244519
247201
244557
247227
247235
244610
247370
247374
258219
244028
244257
244320
263756
244288
244271
244087
244240
261963
244265
244291
247402
247421
247438
247440
247480
247463
247475
247484
247873
247879
247883
258356
258357
258362
258393
258404
257790
258480
258472
258494
258536
258538
259726
259894
259906
260493
260515
260534
260437
259898
259964
259971
259974
260010
260050
260051
260240
260242
260472
260287
260478
260479
260252
260269
260284
260452
260537
260543
