64
138206 138150 418
138243 138245 1028
138245 138243 1028
138135 138128 336
138135 138136 1697
138881 138884 1398
138456 138457 806
138457 138456 806
138884 138881 1398
138917 138940 1635
138940 138917 1635
138970 138968 2359
138970 138969 893
138360 138359 1229
138359 138360 1229
138968 138970 2359
138969 138970 893
138791 138792 687
138791 138792 687
138792 138791 687
138792 138791 687
138765 138766 513
138766 138765 513
139408 139413 552
139413 139408 552
230077 230085 1011
230085 230077 1011
229253 229264 1231
229264 229253 1231
229225 229226 1267
229226 229225 1267
229704 229709 1004
229709 229704 1004
134649 134645 765
134645 134649 765
134987 134989 966
134989 134987 966
135933 135936 1008
135718 135719 475
135719 135718 475
135719 135720 1180
135720 135719 1180
135936 135933 1008
135973 135978 475
135978 135973 475
136002 136004 1152
136004 136002 1152
136004 136044 1073
136044 136004 1073
136044 136051 354
136051 136044 354
136051 136065 435
136065 136051 435
136173 136754 1213
136754 136173 1213
137454 137457 276
137457 137454 276
137583 137644 708
137644 137583 708
137748 137661 344
137661 137748 344
138128 138135 336
138136 138135 1697
138150 138206 418
163
187194
23889
23893
23879
23882
23887
187207
187235
187229
189512
187893
190831
187970
190490
187834
189461
189524
134649
134679
134693
134695
134778
134635
134643
134645
134890
134882
134954
134876
134985
134987
134978
134989
134959
135758
135761
135934
135933
135689
135695
135718
135719
135720
135774
135936
135708
135917
135969
135970
135973
135978
135995
136002
136004
136044
136051
136064
136065
136074
136171
136173
136754
136768
137451
137454
137457
137459
137552
137446
137566
137577
137583
137644
137649
137748
137661
137662
138124
138128
138136
138150
138181
138206
138240
138243
138245
138257
138387
138388
138882
138456
138459
138457
138462
138614
138624
138641
138884
138940
138970
138977
138904
138941
138945
138360
138867
138972
138974
138860
138863
138765
138766
139408
139413
230056
230057
230066
230075
230077
230083
230085
230300
230227
229827
229833
229653
229661
229664
230942
230917
228958
229249
229035
229256
229253
229265
229308
229225
229226
229232
229063
229286
229285
229678
229498
229704
229709
229697
230087
230091
228683
229990
229993
234980
228722
228723
230036
230025
230030
231203
226438
231213
231300
