64
217708 217710 431
217710 217708 431
217754 217757 1715
217757 217754 1715
217757 217762 1315
217762 217757 1315
217426 217427 192
217427 217426 192
217492 217493 762
217493 217492 762
217506 217554 451
217554 217506 451
217501 217502 859
217502 217501 859
217918 217919 1537
217669 217670 525
217670 217669 525
217919 217918 1537
223580 224196 741
223651 223652 808
216221 216220 1232
216220 216221 1232
216201 216257 817
216265 216268 996
216268 216265 996
216257 216201 817
216078 216058 928
216058 216078 928
219982 219980 2089
219980 219982 2089
222463 222481 636
222481 222463 636
223646 223650 384
223646 223652 1244
223650 223646 384
223652 223646 1244
223652 223651 808
215883 223618 227
215883 223619 765
223618 215883 227
223615 223753 652
223794 223797 865
223797 223794 865
223619 215883 765
223766 223757 783
223753 223615 652
223757 223766 783
224196 217672 330
224196 223580 741
217672 224196 330
221429 221446 796
221446 221429 796
221450 221451 815
221451 221450 815
221220 221300 1448
221300 221220 1448
221250 221359 759
221359 221250 759
216667 216661 1050
216661 216667 1050
216063 216066 761
216066 216063 761
217251 217250 798
217250 217251 798
150
221649
219909
219914
219916
219940
219939
219790
221372
221635
221637
224615
221380
221426
221429
221446
221450
221451
221640
220959
221267
221257
221220
221271
221300
221224
221250
221359
224350
216657
216667
216658
216661
216674
216676
224185
216497
216498
216503
216686
216690
216698
216702
216062
216063
216066
216068
215746
215738
215760
217192
215755
215821
217180
217188
217212
217251
217245
217250
216722
216731
215573
217255
224782
217267
217269
217375
217265
215185
217320
217708
217710
217324
224456
217754
217757
217762
217426
217427
217492
217493
215403
217506
217551
217502
217507
217432
217862
217868
217555
217541
217544
217652
217660
217669
217670
217846
217919
217923
217937
224141
224211
223580
224203
224205
223698
223702
223827
223713
223871
223872
223651
216213
216216
216221
216220
216190
216222
216177
216183
216184
216274
216199
216203
216201
216268
216257
216258
216078
216056
216058
219917
222462
222481
222484
223650
222605
223667
223618
223748
223614
223794
223797
223619
223763
223753
223771
139814
147826
147829
147831
