48
28997 28994 878
28994 28997 878
24488 24492 252
24492 23484 848
24492 24488 252
23484 24492 848
188915 188917 809
188917 188915 809
187410 187408 879
187408 187410 879
197586 197628 1356
197308 197309 651
197309 197308 651
197628 197586 1356
197648 197649 63
197649 197648 63
200170 200173 2086
200173 200170 2086
200346 200345 1226
199508 199507 1405
199507 199508 1405
200714 200721 774
200721 200714 774
200345 200346 1226
200264 200267 808
200267 200264 808
200299 200301 838
200301 200299 838
200871 200874 747
200874 200871 747
15789 15812 735
15812 15789 735
16253 16255 1141
16255 16253 1141
21600 21609 445
21609 21600 445
21917 21919 1675
21919 21917 1675
21919 21927 1919
21927 21919 1919
21155 21265 1357
21214 21219 1254
21265 21155 1357
21219 21214 1254
21225 21227 1481
21227 21225 1481
26003 26004 782
26004 26003 782
173
15754
15766
15769
15788
15789
15812
15851
16039
16046
16055
16056
16064
16051
16147
16245
16253
16255
16264
16313
19737
19792
19739
19813
19835
21448
21450
21461
21532
21536
21721
21729
21604
21600
21609
21613
21614
21618
21917
21919
21927
21893
21901
21944
21951
12747
22001
20281
20311
20297
20317
20319
21168
22673
21155
21157
21178
21188
21214
21265
21219
21225
21227
21230
21275
21284
25951
25956
21421
25960
26003
26004
26013
26019
26044
26068
26084
26087
26102
21394
28496
28508
28705
56585
28901
28903
28904
28933
28966
28972
32001
28997
28992
28994
24480
24482
24489
24494
23484
24500
24738
24743
188669
188681
188690
188728
188729
188748
188911
188915
188917
188960
188963
188945
188971
188962
187554
187566
187408
187321
187348
187497
187510
187349
197532
197535
197771
197564
197290
197309
197320
197628
197632
197649
197654
197786
197776
197781
197789
197802
199546
199442
200126
200127
200139
200170
200338
200337
200335
200329
200183
200173
200346
215107
199508
199540
214864
199507
200318
200710
200321
200713
200721
200345
200299
200300
200301
200730
200860
200735
200809
200859
200863
200874
