58
99764 99767 1763
99767 99764 1763
99767 99779 709
99774 99782 1067
99782 99774 1067
99779 99767 709
100048 100052 1544
100052 100048 1544
100865 100867 1261
100867 100865 1261
101105 101092 1660
101092 101105 1660
102092 102094 1007
102094 102092 1007
116479 116478 1856
116479 116482 2063
116482 116479 2063
116488 116540 2770
116540 116488 2770
116478 116479 1856
124165 124163 1189
124171 124204 1093
116896 116899 1696
116899 116896 1696
119690 119691 1211
124159 124173 279
124163 124165 1189
119691 119690 1211
119808 119806 2043
124173 124159 279
124204 124171 1093
119806 119808 2043
119856 119869 2237
119860 119862 337
119862 119860 337
119869 119856 2237
120023 120022 2568
120022 120023 2568
120020 120019 344
120030 120019 2469
120051 120052 984
120052 120051 984
120019 120020 344
120019 120030 2469
88500 88508 401
88508 88500 401
87996 87998 956
87998 87996 956
75485 75495 140
73729 73731 3730
73731 73729 3730
73847 73848 18
73848 73847 18
75495 75485 140
170268 170281 1669
170281 170268 1669
100970 100971 1546
100971 100970 1546
147
87235
87237
87664
87661
88031
87671
87674
88495
88500
88508
88011
87302
87317
87996
87998
88118
88124
88512
88536
88829
88832
88537
73435
73428
73443
73423
73370
73404
73442
57996
73284
76706
73719
73724
75512
75517
75478
75485
75515
75520
73729
73731
73847
73848
73850
75544
75495
75534
76717
170268
170281
172052
95888
96681
96693
96744
96755
96858
96874
96905
96908
97005
97129
97246
97249
97274
101819
102615
99661
97349
96491
100956
100957
102363
100949
100970
100971
100985
99761
99764
99774
99782
99913
99920
101093
100048
100052
100058
101090
101177
100704
100753
100773
94703
100952
101002
101006
101105
102835
100653
100762
102092
102094
102264
102266
100812
116398
116394
116441
116446
116468
116540
118390
116478
116634
116645
116846
116850
124171
116883
116896
116899
116950
116951
116959
119694
124159
124163
119691
119693
119804
119811
119845
119848
119869
119942
120023
120022
120020
120044
120050
120051
120052
119875
119916
60029
60033
