68
145107 145115 803
145115 145107 803
145492 145493 446
145493 145492 446
145547 145548 867
145548 145547 867
145604 145617 699
145617 145604 699
145617 145618 786
145618 145617 786
145776 145778 815
145786 145785 805
145785 145786 805
145778 145776 815
145869 145870 779
145870 145869 779
146103 146104 718
146104 146103 718
151489 151493 808
151493 151489 808
150369 151562 2010
151561 151562 1526
151561 151567 747
151561 151567 747
151562 150369 2010
151562 151561 1526
151567 151561 747
151567 151561 747
151567 151569 730
151567 151569 730
151569 151567 730
151569 151567 730
208625 208627 1576
207897 208642 1598
208642 207897 1598
208627 208625 1576
208627 208631 805
208631 208627 805
207880 207881 1020
207881 207880 1020
208635 208636 773
208636 208635 773
208748 208749 237
208749 208748 237
180182 180455 1281
180184 180185 517
180184 185563 843
180455 180182 1281
180185 180184 517
185563 180184 843
166537 166540 421
166540 166537 421
144691 144698 793
150615 150618 1698
150496 150497 505
150497 150496 505
150618 150615 1698
150640 150642 1483
150642 150640 1483
139910 140188 613
140188 139910 613
141882 141909 2393
141909 141882 2393
142097 140043 1642
140043 142097 1642
204852 204853 773
204853 204852 773
144698 144691 793
165
144542
144544
144681
144686
144691
150615
150496
150497
150618
150640
150642
151910
150727
150729
150728
139909
139910
140188
140195
140431
140441
142535
142545
141866
141882
141909
141929
141934
151752
142097
142098
142095
142092
140043
142062
142061
142073
142586
142594
142613
142614
142721
142735
142540
142541
142553
142769
142770
142776
55475
56359
56372
56373
56364
204696
204711
204530
204707
204708
204715
204716
204731
204794
204799
204844
204852
204853
144698
144700
144696
144704
144707
144709
144710
144714
144718
144721
145050
145103
145107
145115
145492
145493
145496
145501
145541
145547
145548
145600
145604
145617
145618
145776
145794
145786
145785
145790
145789
145623
145880
145778
145798
145847
145853
145869
145870
145878
146084
146098
146103
146104
151482
151551
151586
148407
151930
150369
151562
151498
151589
151569
203834
204455
214420
204528
208625
207897
208647
208643
212990
208641
208688
208631
207887
208669
208681
208636
205176
208675
208676
208707
208718
208737
211110
208748
211167
208749
211337
180454
180470
180455
185566
180416
180457
180448
166509
166505
166556
166560
166570
166580
166564
166732
172659
166744
