52
33892 33891 2397
17366 17398 688
17398 17366 688
113458 113455 1114
113455 113458 1114
18453 18372 737
18453 18373 2015
18457 18373 924
18457 18459 826
18467 18472 951
18372 18453 737
18373 18453 2015
18373 18457 924
18459 18457 826
18472 18467 951
103463 103462 1105
103462 103463 1105
26108 26116 1801
26116 26108 1801
26139 26140 536
26140 26139 536
40140 40184 344
40184 40140 344
40184 40142 1031
40142 40184 1031
105520 105524 719
105493 105494 975
105494 105493 975
105524 105520 719
40143 40148 984
40148 40143 984
40148 40189 276
40189 40148 276
29245 29247 202
29247 29245 202
29271 29270 890
29281 29282 2218
29282 29281 2218
29270 29269 650
29270 29271 890
29269 29270 650
107795 107794 1444
107794 107795 1444
107961 107962 707
105823 107943 1014
107943 105823 1014
107962 107961 707
111831 111825 1259
111825 111831 1259
33796 33811 1504
33811 33796 1504
33891 33892 2397
163
106603
106605
106611
106627
106632
106390
106537
106549
106574
106596
106494
106501
116068
113891
113882
192998
193013
191069
193077
192541
191898
191740
193889
191818
191824
192871
192898
193042
192530
192214
192215
32751
107335
107550
104446
107570
107573
32621
32654
32799
32471
32809
32735
32755
107793
107795
107794
107868
107961
105823
107943
107962
107826
107830
107920
107971
111831
107981
111820
111825
111871
111847
111875
33564
111975
33597
33687
33711
33715
33721
33724
33780
33797
33796
33800
33811
33851
17252
17264
33876
33891
33894
113198
113215
113453
33899
17351
33869
33896
17355
18351
18359
18183
113320
113462
113136
113460
113456
113458
113477
113455
18370
103438
18367
18472
103445
103447
103459
103720
103721
103454
103456
103563
103463
103462
103540
103593
103639
25260
25262
26113
26108
26116
26121
26166
26172
11214
26159
40102
40140
40142
40191
105282
105181
105234
105265
105508
105514
103690
105484
105488
105557
105520
105493
105498
105494
40143
40144
40177
41307
40189
41312
29225
29240
29247
29251
29281
29282
29322
29270
29269
29339
29090
