56
189312 189313 386
189313 189312 386
135427 135428 1456
135428 135427 1456
135434 135487 354
135490 135488 476
135487 135434 354
135488 135490 476
135480 135481 889
135480 135511 809
135511 135480 809
135481 135480 889
135481 135482 983
135482 135481 983
136246 136241 859
136241 136246 859
136258 136259 1180
136259 136258 1180
136259 136264 1468
136264 136259 1468
132737 136311 1732
136311 132737 1732
136592 136593 435
136565 136553 870
136593 136588 252
136593 136592 435
136588 136590 848
136588 136593 252
136590 136588 848
139554 136404 158
136404 139554 158
136551 136553 517
136553 136551 517
136553 136565 870
137994 137995 1248
137995 137994 1248
137995 138586 848
138586 137995 848
199336 199343 684
199343 199336 684
199343 199345 845
199345 199343 845
199351 199699 766
199699 199351 766
199678 199706 766
199706 199678 766
199759 199762 993
199762 199759 993
199762 199844 955
199844 199762 955
24293 24287 688
24287 24293 688
24375 24376 676
24376 24375 676
187611 187613 804
187613 187611 804
163
22610
22637
22652
23252
23254
23257
23280
11958
11972
11968
23342
34127
11987
23398
23399
23349
23381
23384
23387
23368
23393
23367
23392
23445
23449
23455
23464
12271
23466
12274
7724
28370
28482
23513
23550
23547
23555
24171
24251
24175
24241
14382
23565
23560
23566
24041
24138
24140
24155
24157
24158
24165
24293
24287
24302
24375
24373
24376
24362
24309
24383
24970
24971
24981
24984
25033
25038
25055
25184
25236
25238
188112
188116
188176
187611
188117
188121
188123
188148
187608
187613
187606
188378
188379
188396
189312
188389
188397
188401
190147
189313
188206
188342
188307
188318
135247
135280
135283
135293
135267
135269
135294
135296
135243
135300
135209
135205
135410
135427
135428
135490
135487
135480
135517
136241
136258
136259
136264
136311
136323
136325
136569
136565
136567
136580
136593
136590
136372
136374
136378
136380
135646
136366
136369
139553
136404
136406
136551
136553
136601
136623
139592
138588
138592
138593
139744
138586
199332
199336
199343
199345
199351
199675
199699
199712
199709
199731
199735
199740
199744
199759
199836
199845
