396
1507 1469 1814
1507 1506 1573
1507 1508 1425
1510 1506 1357
1510 1508 945
1510 1513 433
1512 1511 893
1512 1514 778
1512 1523 928
1522 1521 846
1525 1521 796
1525 1523 671
1525 1528 373
1526 1521 1381
1526 1527 687
1526 3677 333
3664 1527 1178
3664 3665 907
3664 3666 670
3662 3660 550
3662 3663 1248
3662 3673 402
3665 3664 907
3665 6396 800
3614 3607 2241
3614 3670 2366
3614 3691 278
3467 3455 2688
3467 3466 3019
3467 3469 2600
3472 3455 2001
3472 3470 1457
3472 3532 1161
3531 3494 2004
3532 3472 1161
3532 3494 1139
3532 3533 1900
3534 3500 1114
3534 3533 1234
3534 3536 948
3537 3500 1094
3537 3539 983
3537 3541 402
735 734 808
735 736 1338
735 737 1005
771 733 1011
771 734 1343
771 772 1466
743 742 1119
743 745 1114
743 769 1024
746 745 1160
747 745 1721
759 755 1412
759 757 889
759 763 1114
761 760 238
761 762 1021
761 763 1424
901 899 1559
901 900 1222
901 902 1428
754 676 4306
754 895 475
754 900 1252
718 717 1089
718 719 1004
718 720 1029
721 720 1719
721 722 1626
721 733 2783
725 724 1565
725 726 1366
725 728 401
6411 728 493
713 705 2320
713 714 905
729 715 562
1036 708 1846
1036 1035 672
1036 1038 905
578 577 2277
578 589 679
578 590 696
589 578 679
589 590 712
589 591 627
3381 3382 921
3381 6383 4843
1160 612 1119
1160 1161 1528
1160 1162 1113
3425 612 1219
3425 1159 796
3425 3426 353
614 613 2917
614 615 610
614 3388 2500
3386 613 2246
3386 3383 1114
3386 3387 714
3451 3450 786
991 969 515
991 992 643
991 992 643
975 972 1340
975 982 1065
975 994 1023
995 986 2783
995 994 1161
995 996 888
1006 1005 1257
1010 996 1204
1010 1005 1298
1010 1017 550
1010 6379 768
1024 1020 1375
1024 1023 1076
1024 1025 1360
1308 1023 1479
1308 1025 1223
1308 1309 1280
1330 1298 5057
1330 1316 511
1330 1333 732
1335 1316 905
1335 1317 3277
1335 1340 1124
1318 1314 945
1318 1317 1028
1318 1321 1767
1319 1315 2078
1319 1317 1305
1319 1334 847
1319 1340 2600
1341 1342 353
1457 1342 2122
1340 1319 2600
1340 1335 1124
1340 1344 1004
1340 1345 948
1346 1345 2007
1346 1349 1012
1346 1350 535
1347 1348 1779
1347 1350 906
1347 1461 2548
1462 1461 687
1462 1472 474
1462 1473 4686
1471 1461 808
1471 1470 627
1469 1468 796
1469 1470 675
1469 1507 1814
1508 1476 2376
1508 1507 1425
1508 1509 603
1508 1510 945
1513 1510 433
1514 1512 778
1514 1515 550
1514 1516 778
1523 1512 928
1523 1524 1667
1523 1525 671
1528 1525 373
1528 1529 1454
1528 1530 922
3677 1526 333
3666 3663 1796
3666 3664 670
3666 3678 1900
3663 3662 1248
3663 3666 1796
3663 3674 335
3673 3657 373
3673 3662 402
3670 3614 2366
3670 3669 1541
3670 3671 1621
3691 3614 278
3691 3692 649
3691 3694 1149
3466 3460 344
3466 3462 1595
3466 3467 3019
3469 3467 2600
3469 3470 1504
3469 3477 1381
3470 3469 1504
3470 3471 1139
3470 3472 1457
3533 3532 1900
3533 3534 1234
3533 3535 613
3536 3534 948
3536 3538 1425
3536 3539 515
3539 3536 515
3539 3537 983
3541 3537 402
3541 3543 1029
736 735 1338
737 735 1005
733 721 2783
733 770 2338
733 771 1011
772 770 1844
772 771 1466
772 779 1436
742 740 373
742 743 1119
742 744 433
769 743 1024
755 751 1572
755 756 2138
755 759 1412
757 758 1492
757 759 889
757 765 353
760 761 238
762 761 1021
762 764 1530
762 766 679
899 897 762
899 901 1559
899 917 1445
676 754 4306
895 754 475
717 718 1089
719 718 1004
722 721 1626
724 725 1565
726 725 1366
705 713 2320
708 1036 1846
1035 1036 672
577 578 2277
591 589 627
3382 3381 921
1161 1160 1528
1162 1160 1113
1159 615 1356
1159 3425 796
3426 3425 353
615 614 610
615 1159 1356
3388 614 2500
3383 3386 1114
3387 3386 714
969 991 515
972 975 1340
982 975 1065
986 995 2783
996 995 888
996 1010 1204
1017 1010 550
6379 1010 768
1020 1024 1375
1025 1024 1360
1025 1308 1223
1309 1308 1280
1309 1314 671
1298 1330 5057
1333 1330 732
1314 1309 671
1314 1315 1113
1314 1318 945
1321 1318 1767
1315 1314 1113
1315 1319 2078
1334 1319 847
1334 1344 2305
1344 1334 2305
1344 1340 1004
1344 1349 889
1349 1344 889
1349 1346 1012
1350 1346 535
1350 1347 906
1348 1347 1779
1472 1462 474
1473 1462 4686
1470 1469 675
1470 1471 627
1476 1508 2376
1509 1508 603
1515 1514 550
1516 1514 778
1516 1524 922
1524 1516 922
1524 1523 1667
1524 1529 679
1529 1524 679
1529 1528 1454
1530 1528 922
3678 3666 1900
3674 3663 335
3657 3669 402
3657 3673 373
3669 3657 402
3669 3670 1541
3671 3670 1621
3692 3691 649
3694 3691 1149
3460 3466 344
3462 3466 1595
3477 3469 1381
3471 3470 1139
3535 3533 613
3538 3536 1425
3543 3541 1029
770 733 2338
770 772 1844
779 772 1436
740 742 373
744 742 433
751 755 1572
756 755 2138
758 757 1492
765 757 353
764 762 1530
764 897 535
766 762 679
897 764 535
897 899 762
917 899 1445
1506 1507 1573
1506 1510 1357
1506 1511 902
1511 1506 902
1511 1512 893
1521 1522 846
1521 1525 796
1521 1526 1381
1527 1526 687
1527 3664 1178
3660 3662 550
6396 3665 800
3607 3614 2241
3455 3467 2688
3455 3472 2001
3494 3531 2004
3494 3532 1139
3500 3534 1114
3500 3537 1094
734 735 808
734 771 1343
745 743 1114
745 746 1160
745 747 1721
763 759 1114
763 761 1424
902 901 1428
900 754 1252
900 901 1222
720 718 1029
720 721 1719
728 725 401
728 6411 493
714 713 905
714 715 2457
715 714 2457
715 729 562
1038 1036 905
590 578 696
590 589 712
6383 3381 4843
612 1160 1119
612 3425 1219
613 614 2917
613 3386 2246
3450 3451 786
992 991 643
992 991 643
994 975 1023
994 995 1161
1005 1006 1257
1005 1010 1298
1023 1024 1076
1023 1308 1479
1316 1330 511
1316 1335 905
1317 1318 1028
1317 1319 1305
1317 1335 3277
1342 1341 353
1342 1457 2122
1345 1340 948
1345 1346 2007
1461 1347 2548
1461 1462 687
1461 1471 808
1468 1469 796
85
1506
1511
1521
1527
3660
6396
3607
3455
3494
3500
734
745
763
902
900
720
728
714
715
1038
590
6383
612
613
3450
992
994
1005
1023
1316
1317
1342
1345
1461
1468
676
895
717
724
705
708
1035
577
591
3382
3426
3388
3383
3387
969
972
982
986
996
6379
1020
1309
1298
1333
1315
1334
1350
1472
1473
1476
1509
1516
1529
3678
3674
3657
3671
3692
3694
3460
3462
3477
3471
3538
3543
779
740
751
897
917
