48
71247 71251 685
71251 71247 685
71251 71253 2732
71253 71251 2732
71257 71428 873
71428 71257 873
77084 71452 265
71452 77084 265
71535 71550 1342
71550 71535 1342
71993 71996 873
71996 71993 873
72663 72664 607
72664 72663 607
221055 221059 1465
221059 221055 1465
224651 221068 2170
221068 224651 2170
220155 220157 805
220157 220155 805
220157 220181 756
220181 220157 756
220481 220480 962
220480 220481 962
220480 220488 1203
224299 224302 796
224302 224299 796
220488 220480 1203
220489 220515 1193
220515 220489 1193
221698 221689 1613
221702 221703 647
221703 221702 647
220025 224437 935
224437 220025 935
221856 221855 939
221832 221822 250
221855 221856 939
221822 221832 250
221689 221698 1613
221842 221837 786
221837 221842 786
68347 68348 1685
68348 68347 1685
72936 72940 1148
72940 72936 1148
72940 73109 1067
73109 72940 1067
146
124945
124946
124949
124950
125005
125008
128388
128391
128399
128479
128442
128648
128636
128638
128642
128675
128472
128523
128525
120430
120504
67622
120507
120543
120449
67618
67625
67631
67634
120445
68009
68014
77094
68023
67910
68003
68048
67923
68057
67960
68067
68084
67485
67456
68146
67888
68150
68173
68180
68193
67959
68210
68347
68348
68336
68775
68032
68787
68815
68822
68855
72818
72833
72842
72888
72927
72936
72940
56846
73109
73111
71179
71168
71243
71245
71247
71428
68236
71152
71395
71452
71503
71513
71514
71521
63033
71230
71267
71553
68211
68213
68214
68869
68377
68372
68362
68407
71535
71739
71915
71993
71996
72181
72245
72296
72183
72196
72297
72649
72729
72802
72664
72670
72703
72724
72726
72816
72731
221055
221068
221098
221076
221086
220117
220122
220124
220128
220151
220155
220157
220181
220190
220205
220480
224299
224302
220489
221733
221871
220025
224437
221832
221855
221689
221861
224613
