66
40952 41659 1375
41659 40952 1375
41660 41663 1222
41663 41660 1222
48420 48421 610
48421 48420 610
48429 48602 1729
48662 48663 1104
48663 48662 1104
48602 48429 1729
48756 48757 1146
48757 48756 1146
48757 48761 789
48765 48763 1293
48761 48757 789
48763 48765 1293
48779 48784 738
48784 48779 738
48786 49122 890
49123 49122 1225
49122 48786 890
49122 49123 1225
48921 48922 697
48922 48921 697
48944 48946 1556
48946 48944 1556
48946 48973 2166
48971 48973 885
48973 48946 2166
48973 48971 885
49017 49019 720
49019 49017 720
49603 49606 829
49606 49603 829
49604 49605 276
49605 49604 276
131663 131669 581
131669 131663 581
131894 131896 3027
49703 49700 1606
49700 49703 1606
131886 131884 2851
131886 131887 1686
131887 131886 1686
131896 131894 3027
131884 131886 2851
54398 54580 238
54580 54398 238
54651 54506 475
56729 56728 1443
56802 54499 865
54499 56802 865
54506 54651 475
56728 56729 1443
104562 104563 1029
104563 104562 1029
105063 105059 1283
105059 105063 1283
40886 40885 905
40885 40886 905
40899 40889 1281
40889 40899 1281
40960 40965 688
40965 40960 688
40982 40978 717
40978 40982 717
165
112775
112780
112811
103313
104506
104331
104505
104510
104438
104562
104563
104433
104429
39597
39602
39802
39575
39539
39623
39603
39779
39782
104759
39434
104754
104820
104821
104825
104939
104941
104944
104953
105055
105063
104419
105040
105059
104774
104460
105020
105041
39576
39639
39653
39664
39641
39642
39471
39646
39452
39488
39685
39693
39749
40506
40508
40515
41014
40541
41028
41133
41142
40556
40580
40634
40862
40865
40873
40886
40885
40899
40889
40960
40965
40995
40996
40624
40982
40951
40978
40952
41659
41660
41663
55204
55220
55387
55394
55413
55441
55445
55436
48394
41655
48420
48421
48427
48654
48662
48663
48666
48402
48602
48686
48692
48748
48697
48765
48763
48779
48784
49085
49122
48921
48915
49060
49056
48922
48944
48965
48946
48973
49109
49017
49015
49179
49180
49191
49603
49606
49601
49592
49604
49605
48329
48332
131401
131395
131414
131662
131663
131669
131822
131894
120536
49704
49705
131887
131896
54339
54342
54333
54384
54344
54430
54440
54485
54513
54660
54393
54580
56729
56802
54499
56728
