82
145686 145687 804
145687 145686 804
145728 145729 390
145729 145728 390
145735 145736 951
145736 145735 951
204552 204554 810
197909 197790 545
197909 197999 1285
197999 197909 1285
197790 197909 545
208766 208765 1671
208765 208766 1671
167587 167571 890
167571 167587 890
162523 167275 600
167276 167275 1023
152467 152469 713
152572 152570 1268
152570 152572 1268
167275 162523 600
167275 167276 1023
168494 168496 232
168496 168494 232
168410 168415 139
168414 168418 552
168415 168410 139
166811 166810 1534
166810 166811 1534
168418 168414 552
152457 152491 552
152469 152467 713
152493 152491 747
152499 152490 2015
152491 152457 552
152491 152490 1615
152491 152493 747
152490 152491 1615
152490 152499 2015
180118 180113 983
180118 180122 531
180119 180121 3030
180121 180119 3030
180094 180095 796
180113 180112 2429
180113 180118 983
180112 180113 2429
180112 180122 1351
180095 180094 796
179664 179669 513
179669 179664 513
180086 180092 1336
180092 180086 1336
180092 180098 1935
180098 180092 1935
180138 180136 1014
180136 180138 1014
180122 180112 1351
180122 180118 531
182084 179888 1304
179888 182084 1304
182101 182103 416
182103 182101 416
141997 141998 1069
141998 141997 1069
143270 143272 352
143272 143270 352
143471 143484 1047
143484 143471 1047
142665 142666 1669
143488 143491 854
142666 142665 1669
143491 143488 854
142661 142660 874
142660 142661 874
144811 144801 1026
144801 144811 1026
204554 204552 810
204611 204612 1701
204612 204611 1701
145133 145138 841
145138 145133 841
167
140476
140424
140506
140525
140527
140532
140535
141977
141986
141997
141998
143250
143270
143272
143279
143417
143422
143471
143473
143484
142665
142706
143488
142666
143693
143487
143491
142661
142704
142660
142677
142691
142692
142700
142807
142800
142683
143240
143245
142629
142750
142752
142760
142787
142794
144804
144811
144801
144829
144825
204554
204561
204565
204569
204594
204597
204603
204602
204622
203849
204611
204612
204782
204785
204817
204836
204887
204890
204913
204902
144850
144873
145083
145084
145133
145138
145151
145156
145158
145216
145535
145637
145643
145681
145686
145687
145729
145735
145736
145908
145921
145928
145962
146861
146939
146941
197999
197790
211524
213438
215024
211245
211247
211266
214490
208766
208795
208765
167380
167566
167587
167571
152558
152562
152565
152593
152589
162521
152467
152523
152552
152572
152570
167275
168494
167261
167384
167589
166801
168415
166804
166811
167639
166810
168418
168422
167800
168425
152469
152493
152499
180119
180121
177683
180094
180105
179589
180095
179664
179669
180086
180092
180098
180138
180148
180155
180136
180158
179706
182084
179888
182101
182270
179843
179967
179980
182345
