64
107563 107562 1224
107562 107563 1224
111087 111092 279
111092 111087 279
111324 111325 788
111325 111324 788
111326 111334 1028
111334 111326 1028
103355 103354 583
111483 111494 1124
111494 111483 1124
103354 103355 583
111572 111573 361
111562 111561 778
111562 111563 1767
111556 111569 713
111569 111556 713
111569 111573 574
111563 111562 1767
111573 111569 574
111573 111572 361
111561 111562 778
103695 103696 672
103696 103695 672
103696 103697 782
103697 103696 782
111681 111683 889
111683 111681 889
111683 111686 672
111686 111683 672
111686 111689 889
111689 111686 889
111708 111709 893
111709 111708 893
111709 111714 580
111717 111714 1348
111758 111759 1375
111711 111713 904
111714 111709 580
111714 111717 1348
111665 111641 452
111641 111665 452
111455 112579 445
112592 112591 796
112579 111455 445
112591 112592 796
112591 112600 672
111710 111713 826
111713 111710 826
111713 111711 904
112600 112591 672
112617 112616 511
112616 112617 511
111759 111758 1375
104298 104319 1085
104319 104298 1085
104146 104118 551
104118 104146 551
107447 107452 930
107452 107447 930
107452 108506 785
108506 107452 785
92823 103133 1916
103133 92823 1916
155
92123
94363
92206
92278
92279
115750
115808
115814
92310
92313
92314
105806
107030
107034
107086
107203
107177
107200
106962
107119
107418
107447
107452
107438
107463
108506
107445
107530
107515
107478
109500
92823
92906
103133
92960
93035
92849
92807
115972
115965
115786
115848
92748
92516
92729
115853
115864
191890
191522
191525
191788
191533
190883
190896
190899
191699
191968
191698
194030
191730
191732
192755
191562
191555
191786
191904
191853
191917
191948
191771
192122
192739
192773
193848
194017
194026
192720
194249
192812
114067
114366
114723
114730
194380
107563
109462
109775
107562
109770
109801
109813
109792
109819
109816
109893
109930
109931
109913
109907
103361
105185
110976
111007
111087
111085
111324
111325
111326
111334
111335
111342
103355
111354
103332
103336
111470
111483
111494
111495
111502
103354
111504
111536
111572
111562
111556
111561
111568
103695
103697
111683
111686
111689
111709
111717
111714
111720
111656
111635
111638
111641
111449
111451
112592
111704
112617
111761
111780
104298
104146
104118
112883
112751
104351
104360
