62
157957 157956 837
157957 157958 808
157956 157957 837
157962 157960 678
157958 157957 808
178475 178474 750
178469 178470 1374
178470 178469 1374
178474 178475 750
155652 158692 570
158692 155652 570
161258 161262 2184
161262 161258 2184
213166 213165 1146
213165 213166 1146
161471 161466 1334
161466 161471 1334
213281 213324 364
213324 213281 364
213324 213285 1253
213285 213324 1253
162188 162190 337
162190 162188 337
162217 169654 576
169590 169589 837
169636 169654 2511
169654 162217 576
169654 169636 2511
169589 169590 837
169462 169461 374
170466 170465 759
170461 170468 767
170465 170466 759
170468 170098 582
170468 170461 767
170098 170468 582
170557 170558 667
170558 170557 667
169555 169561 759
169561 169555 759
169561 169557 1701
169557 169561 1701
169891 169893 1119
169893 169891 1119
169461 169462 374
169669 169670 1578
169670 169669 1578
168920 168917 951
168917 168920 951
154041 154124 767
154124 154041 767
154060 154126 710
154126 154060 710
154346 154348 934
154348 154346 934
157878 157880 889
157880 157878 889
157914 157913 1580
157913 157914 1580
157979 158023 1344
157960 157962 678
158023 157979 1344
155
168894
168900
168905
168402
168404
168408
168762
168767
168819
168783
168816
168821
168823
168930
168914
162415
168920
168917
168898
168868
154041
154124
154060
154129
154126
154102
154346
154348
157457
157865
157876
157868
157873
154351
154428
154443
154446
154996
155001
155004
157878
157880
157846
157847
155089
155132
155144
157914
157913
157916
157922
155153
155161
155372
155406
155445
159738
159806
157778
159933
157973
157976
157979
157960
158023
157954
157956
157962
157786
157985
157958
157987
157780
185757
178475
178478
178469
178487
178470
178474
178221
178235
178225
178518
178415
178438
172115
158030
158701
158707
158723
158729
155652
158795
158692
158765
158804
158965
159031
159054
159091
159049
159103
161277
161279
213166
213173
213165
161471
161466
213277
213281
206759
213200
161987
213285
213327
161981
159964
161979
162190
162198
162203
162201
162217
169590
169636
169610
169284
169662
170527
170519
170517
170677
168362
170080
170461
170465
170548
170552
170096
170550
170557
170558
170553
172568
169690
169557
169686
170075
169891
169896
169482
169669
169670
