54
88737 88739 2290
88739 88737 2290
88380 88381 908
88380 88410 356
88410 88380 356
88413 88412 607
88413 88412 607
88381 88380 908
88412 88413 607
88412 88413 607
88867 88868 777
88867 88870 1186
88870 88867 1186
88868 88867 777
73590 73587 671
73089 74848 755
73089 74848 755
74848 73089 755
74848 73089 755
73587 73590 671
66568 66569 892
66569 66568 892
66569 66570 2446
66570 66569 2446
66597 66598 1014
66598 66597 1014
73765 73766 846
73766 73765 846
75352 75374 2283
75710 75354 762
75354 75710 762
75402 75408 1249
75408 75402 1249
75374 75352 2283
75413 75416 1791
75547 75548 1278
75548 75547 1278
75555 75556 581
75556 75555 581
73840 73839 2544
73839 73840 2544
73842 73887 905
73887 73842 905
75416 75413 1791
77326 75563 2197
75563 77326 2197
75412 75566 905
75566 75412 905
88652 88651 1353
88660 88659 740
88651 88652 1353
88659 88660 740
88672 88730 1661
88730 88672 1661
147
78454
65866
65875
65862
78212
65303
65305
78844
78565
65276
65240
65251
65221
65261
65256
65284
65270
77431
65401
65394
65437
65156
65287
65404
65433
66138
65567
65531
78246
56905
76326
76329
76303
69148
76708
76318
76320
77921
87338
87347
87426
88652
88660
88651
88658
88659
88632
88653
87689
87743
84930
87740
88724
88672
88730
88590
88330
88263
87350
87475
87474
88191
88743
88737
88739
88751
88755
88791
88606
88887
88336
88401
88340
88386
88403
88908
83878
83880
88981
88881
88993
88886
88979
88903
88941
88947
89568
90054
64955
73637
73639
73642
73562
74840
73576
73546
66274
66557
66393
73575
66566
66570
66597
66598
66595
73604
73756
73763
73765
73766
73818
73819
73788
73815
75352
75709
75354
75408
75353
75392
75424
75428
77353
75413
75547
75548
75569
75571
73808
73832
73839
73887
73892
74015
73974
73977
75708
75723
74018
75705
75706
77326
75412
75610
75619
75660
62393
