168
80273 80275 2931
80275 80273 2931
162254 162291 591
162291 162254 591
87904 87903 1088
87903 87904 1088
90176 90173 712
90172 90173 475
90172 90178 875
90178 90172 875
90250 90244 650
90250 90255 607
90244 90237 419
90244 90250 650
90173 90172 475
90173 90176 712
90237 90244 419
90255 90250 607
90257 90263 818
90263 90257 818
85213 85212 1399
85212 85213 1399
85271 85270 674
85271 85275 1690
85270 85271 674
85275 85271 1690
82005 82015 238
82015 82005 238
82017 82133 1771
82133 82017 1771
83528 83525 1004
83317 83316 1889
83323 83316 1625
83525 83526 920
83525 83528 1004
83542 83526 804
83560 83526 1662
83330 83329 2016
83330 83331 3240
83407 83406 1318
83407 83406 1318
83360 83361 1317
83379 83378 2187
83380 83378 2910
83328 83329 921
83328 83381 397
83382 83381 1457
83329 83328 921
83329 83330 2016
83329 83608 743
83455 83448 1360
83453 83454 1793
83761 83454 1069
90756 83454 1267
83485 83484 796
91218 83484 979
83714 83715 1031
83714 91012 476
91012 83714 476
91012 83715 855
83350 83349 1292
83351 83349 1094
82024 82025 1082
86682 82025 1863
86682 86683 344
86683 86682 344
86683 86684 713
86710 86688 1232
86710 86773 2373
91429 91077 476
91909 91912 737
91914 91912 999
91914 91915 883
91916 91915 592
86301 82726 788
86301 86302 1357
86303 86302 350
86550 86577 980
86576 86577 508
86596 86580 802
86596 86598 321
86567 80775 577
86598 86596 321
86598 86597 1451
86601 86597 554
86625 82632 989
86703 82632 1162
86703 86616 1668
86615 86610 1701
86615 86616 985
86545 86608 1086
86610 86611 1089
86610 86615 1701
82088 82087 1027
82088 82138 1265
82088 82154 1082
80555 82154 2610
86646 86648 1032
86649 86648 554
86720 86648 1312
86720 86714 1189
83316 83317 1889
83316 83323 1625
83526 83525 920
83526 83542 804
83526 83560 1662
83331 83330 3240
83406 83407 1318
83406 83407 1318
83361 83360 1317
83378 83379 2187
83378 83380 2910
83381 83328 397
83381 83382 1457
83608 83329 743
83448 83455 1360
83454 83453 1793
83454 83761 1069
83454 90756 1267
83484 83485 796
83484 91218 979
83715 83714 1031
83715 91012 855
83349 83350 1292
83349 83351 1094
82025 82024 1082
82025 86682 1863
86684 86683 713
86684 86688 238
86688 86684 238
86688 86710 1232
91077 91429 476
91912 91909 737
91912 91914 999
91915 91914 883
91915 91916 592
82726 86301 788
86302 86301 1357
86302 86303 350
86577 86550 980
86577 86576 508
86580 86596 802
80775 86567 577
86597 86598 1451
86597 86601 554
82632 86625 989
82632 86703 1162
86616 86611 2057
86616 86615 985
86616 86703 1668
86608 86545 1086
86608 86611 1898
86611 86608 1898
86611 86610 1089
86611 86616 2057
82138 82088 1265
82154 80555 2610
82154 82088 1082
86648 86646 1032
86648 86649 554
86648 86720 1312
86714 86720 1189
82087 82088 1027
86773 86710 2373
86802 86806 1635
86806 86802 1635
79678 79701 1344
79701 79678 1344
153
83316
83526
83331
83406
83361
83378
83381
83608
83448
83454
83484
83715
83349
82025
86684
86688
91077
91912
91915
82726
86302
86577
86580
80775
86597
82632
86616
86608
86611
82138
82154
86648
86714
82087
86773
86802
86806
86791
87017
86819
86777
86779
86872
91405
81771
81774
81989
81971
81973
85851
86283
86281
85864
85752
85754
85849
83945
85364
85780
85781
79188
79195
79687
79695
79678
79681
79160
79727
79748
79700
80436
79701
79709
79901
79903
79912
91577
79803
79908
80207
80211
79798
80317
81335
81363
81055
85834
81051
80273
80275
80285
162254
162257
162291
162299
90172
90178
90252
85193
90230
90251
90232
90158
90171
90257
85213
85212
90387
90390
85236
91234
85270
91338
85275
85322
82005
82015
82017
82133
83293
83528
83301
83317
83323
83525
83542
83407
83360
83328
83382
83455
83453
83761
91218
83714
91012
82024
86682
86683
91909
86301
86303
86550
86567
86598
86625
86703
86615
86545
86610
80555
86646
86720
