38
43695 43969 809
43969 43695 809
43969 43972 1454
43972 43969 1454
43972 43970 904
43876 43877 418
43877 43876 418
43821 43810 3635
43821 43820 818
43810 43821 3635
44222 44220 2142
44220 44222 2142
44204 44206 677
44206 44204 677
43970 43972 904
43820 43821 818
44508 45604 2556
45604 44508 2556
125972 125973 1017
125973 125972 1017
126137 126138 688
126138 126137 688
45414 45424 2280
45424 45414 2280
170897 170914 1308
170914 170897 1308
95382 95378 336
95378 95382 336
97919 97920 336
97920 97919 336
98911 98909 1280
98909 98911 1280
98846 98838 2376
98838 98846 2376
98029 98034 2642
98034 98029 2642
98065 98071 2949
98071 98065 2949
165
213019
213021
213425
171372
171366
170943
171371
171417
170892
170897
170914
171036
170849
170941
97875
97863
97687
97691
97698
95268
95246
95382
95383
95378
95434
95355
95359
95366
95357
95361
95395
97915
97919
97920
95715
100377
49941
49942
41982
41990
49842
49838
49855
49858
102053
98911
98878
98879
98913
98909
98915
98928
98846
98847
98838
98955
101845
100162
98603
98659
98709
97730
98023
97839
97814
97898
98029
98034
98037
97857
97868
98065
98073
98071
98111
98348
98359
98332
98395
98602
194421
49869
49874
49960
49963
43480
43481
41992
42432
42058
42082
42085
43623
43632
43684
43694
43874
43882
43810
43837
43843
43863
42661
42674
44222
44220
44227
36953
44204
44206
43467
43477
43706
43715
43724
43701
43752
43708
43594
43614
43893
43820
44508
44512
44518
45568
45570
45595
45608
45627
45638
45903
44507
50334
125943
125953
125956
125964
125971
125978
126103
126118
126126
126137
126131
126453
126456
126458
126493
45409
45412
45731
45414
45417
45401
45424
45426
125183
125172
125179
125181
125189
125191
125219
125240
