24
227698 227717 3939
227717 227698 3939
228080 228091 324
228091 228080 324
227213 227215 1021
227213 227227 2618
227215 227213 1021
227227 227213 2618
6829 6833 3756
6833 6829 3756
7706 7739 7632
7686 7688 1340
7688 7686 1340
7739 7706 7632
226049 226053 2791
226053 226049 2791
136376 136377 1055
136377 136376 1055
139745 139747 752
139747 139745 752
199838 199839 1038
199839 199838 1038
225241 225226 2897
225226 225241 2897
158
136326
136594
136606
136566
136579
136608
136596
136371
136376
136377
136367
136368
136678
136705
136716
135645
136364
139588
139555
136398
136405
136550
136622
136627
139639
139745
139746
139747
199329
199333
199355
199350
199700
199702
199713
214970
199764
199767
199732
199742
199757
199786
199787
199838
199839
199858
199854
199818
199822
199848
135539
139378
139347
139381
139385
200459
139498
225241
225252
225824
225464
225201
225207
225210
225220
225226
225128
225089
225096
225144
225154
225826
235248
225828
225948
235007
226034
225173
225182
227698
225283
227717
227423
227731
227751
227764
228026
227766
228072
227230
233655
228062
228022
228067
231599
235142
227665
227645
227673
227678
227958
227957
233993
234166
226841
234152
234529
226855
226951
226861
226954
226994
226995
226990
227115
227154
227199
227202
227192
227011
227215
227188
227259
228256
227489
227519
227525
227527
228231
227642
235234
227271
228258
227278
6795
6829
6833
6840
7634
7661
7667
7698
7704
7706
7686
7688
226071
226132
226078
226081
226049
226053
225937
234833
235041
225769
225767
225798
