34
102896 97368 198
97368 102896 198
94167 95815 273
95815 94167 273
94183 94184 64
94184 94183 64
102688 98498 1261
98498 102688 1261
191362 191361 247
191362 191415 447
191238 191236 344
191237 191236 6213
191361 191362 247
191236 191237 6213
191236 191238 344
191415 191362 447
118696 118697 1700
118697 118696 1700
118553 118554 4271
118554 118553 4271
110493 110496 1993
110552 110558 279
110558 110552 279
110496 110493 1993
161943 161945 808
161945 161943 808
161945 161998 678
161998 161945 678
168165 168166 1907
168166 168165 1907
170454 170453 355
170453 170454 355
169460 169464 538
169464 169460 538
152
161849
161883
161934
161978
161943
162019
161945
161998
162116
162155
162169
162010
162106
162102
162113
162110
162182
162181
172556
169607
169583
161818
169581
169173
169176
169191
169265
169263
169292
170492
168165
170510
170507
168166
168338
168340
170512
170061
170421
170442
170454
170453
170463
170482
172574
170048
169969
170047
169529
169551
169868
169871
169476
169525
169534
169965
169958
169908
170083
169986
169863
169905
170081
169023
169215
169201
169257
169456
169460
169464
169473
169474
118533
94990
95012
95014
95018
97396
102896
94277
94279
108748
108913
108769
101796
94038
95815
102432
94305
94231
94199
101783
95811
94180
94183
101786
97453
97457
97451
102514
102515
97635
93290
94638
94645
95577
95934
101691
101844
93344
93649
93657
93667
93237
93239
98528
102687
98492
98498
191137
194317
191407
191209
191235
191237
191393
191236
118685
118519
118520
118692
118696
118697
118553
108934
108764
108976
109025
109082
106347
110493
109187
109199
109106
109163
110552
110554
110558
110498
36087
36095
36138
