82
188315 188316 188
188316 188315 188
135164 135165 650
135262 134192 238
135234 135236 2340
135236 135234 2340
134192 134196 951
134192 135262 238
134196 134192 951
135165 135164 650
188202 188201 1535
135202 135201 373
135201 135202 373
135403 135433 1777
135433 135403 1777
135457 135474 847
135474 135457 847
136283 136240 924
136223 136224 789
136224 136223 789
136238 136240 1063
136240 136238 1063
136240 136283 924
136260 136288 708
136288 136260 708
136320 136328 1111
136519 136521 765
136521 136519 765
136328 136320 1111
136401 136542 697
136542 136401 697
136598 136600 789
136600 136598 789
136837 136838 2153
136838 136837 2153
137837 137838 1675
137838 137837 1675
137839 137934 3244
137934 137839 3244
137939 137940 765
137940 137939 765
137985 137988 1715
137989 137988 177
138584 138585 356
137988 137985 1715
137988 137989 177
138585 138584 356
199754 199726 810
199755 199756 704
199756 199755 704
199802 199810 1668
199810 199802 1668
199726 199754 810
11622 11617 1014
11622 11628 1004
11628 11622 1004
11617 11622 1014
11652 11654 1669
11653 11654 840
11654 11652 1669
11654 11653 840
23261 23262 1225
23262 23261 1225
11960 11962 516
11962 11960 516
11992 11994 580
11994 11992 580
23414 23410 612
23410 23414 612
24965 24968 904
24968 24965 904
24957 24962 605
24962 24957 605
188106 188101 947
188101 188106 947
187664 188098 377
188098 187664 377
187615 187616 914
187616 187615 914
188387 190792 1253
190792 188387 1253
188201 188202 1535
170
11694
11622
11628
11746
11617
11635
11652
11874
11873
22650
11653
11654
23261
23262
11960
11962
12064
12071
11992
11996
11994
23405
11982
11984
23354
23416
23414
23410
23395
23396
23462
12276
28460
28486
23512
19794
23556
23580
23581
23614
23615
23627
23591
24177
24219
24253
24213
14372
24785
23578
23583
23569
24145
24151
24153
24144
24262
24263
24291
24294
24350
24354
24370
24353
24357
24964
24965
24968
24979
24957
24962
25034
25050
25045
25232
188106
188110
188174
188172
188184
188101
187661
187660
187664
188098
187615
187616
188387
190792
188201
188292
188306
135164
135262
135266
135271
135291
135236
134192
134196
135165
135240
135241
188202
135202
135199
135378
135398
135403
135433
135457
135474
136223
136224
136238
136240
136260
136288
136293
132669
136317
136558
136559
136519
136521
136375
136382
136328
136384
136396
136401
136542
136546
136524
136598
136599
136600
136532
136833
136838
136843
137934
137939
137940
137985
137990
138579
138584
137988
139317
199338
199341
199670
199672
199689
194786
199745
199754
199755
199756
199803
199749
199814
199810
199718
199726
136945
139245
139252
139273
