46
118098 118020 4032
122058 122175 571
122175 122058 571
122021 122020 2059
122026 122007 943
122020 122021 2059
122007 122026 943
132450 132451 1187
122402 121913 475
132451 132450 1187
121873 121874 538
121874 121873 538
121896 121898 1191
121898 121896 1191
121913 122402 475
122541 122538 2254
122538 122541 2254
118020 118098 4032
122567 122568 751
122568 122567 751
122568 122572 610
122572 122568 610
124593 124589 1390
124589 124593 1390
124492 124603 3374
124603 124492 3374
124603 124611 477
124611 124603 477
124611 124605 2338
124605 124611 2338
124608 124609 808
124609 124608 808
67104 67101 1381
67101 67104 1381
96532 96539 878
100481 100483 1022
96539 96532 878
99313 99312 1022
99312 99313 1022
100483 100481 1022
99838 100422 279
100422 99838 279
101546 101554 1907
101554 101546 1907
91982 101377 498
101377 91982 498
144
95850
96168
96280
96281
96297
96308
96315
96612
96557
96618
97034
96532
96535
94595
100224
100271
100275
95821
100286
95842
99798
99806
100382
100383
100481
96539
96542
99313
97071
99322
99608
99312
97079
97080
97177
97178
99564
99601
99617
97183
99634
99645
102799
100483
102314
99833
99838
100422
100423
100434
100459
100416
100463
102310
102725
101468
101589
101593
101594
101620
102482
101596
101611
101546
101554
91982
101379
92292
101377
101572
101659
91974
103021
92347
92107
101561
117943
118098
117844
117848
117814
117863
122111
121759
121770
122166
122175
121994
122021
122026
122020
122232
122256
122008
122007
122066
122073
121992
122057
121818
122340
122271
122358
122393
122402
121873
121874
121886
121898
122541
122526
122538
118017
118020
117919
118012
118057
122572
122574
122591
123404
123564
123531
124582
124467
124587
124474
124485
124492
124605
124608
124609
124616
124723
120256
120260
124715
120281
132324
66771
67053
67121
67056
77016
