38
29570 29563 2983
31797 31801 1226
31801 31797 1226
32867 32868 1939
32868 32867 1939
108040 108034 1113
108011 108034 671
108034 108011 671
108034 108040 1113
33519 33521 398
33519 33521 398
33521 33519 398
33521 33519 398
33657 33693 473
33693 33657 473
17818 17816 1264
17816 17818 1264
16950 17208 818
17208 16950 818
17347 17418 713
17778 17418 2203
17418 17347 713
17418 17778 2203
33937 33946 1807
17390 17439 982
33946 33937 1807
17439 17390 982
17439 17441 1062
17441 17439 1062
16878 18178 170
18178 16878 170
163280 163281 789
163281 163280 789
193049 193056 1192
193056 193049 1192
29559 29560 1359
29560 29559 1359
29563 29570 2983
160
163241
163257
162884
163264
162922
162935
163267
163276
163305
163280
162947
163281
161342
162708
210539
214399
210509
210511
210528
179098
179106
179117
178702
179145
179164
179165
179111
179246
179262
179304
115379
115518
115288
115538
115628
113575
106350
32393
32397
106588
106595
106556
106560
32421
32427
32417
114743
191909
191800
192887
192906
192926
193174
192959
192962
192967
192968
193049
193056
190958
192113
193253
192460
192573
192221
191497
192384
192253
192246
34531
32620
32626
32582
32583
34841
32618
32624
32662
32740
32748
16266
32715
32711
29526
29559
29560
29563
30389
29570
30764
30769
32455
32467
34838
32493
32507
32525
32533
32537
32569
31797
32867
32770
32773
32862
32870
32927
33086
33055
33075
32385
33102
33105
107890
107896
103291
33228
103287
108011
108034
33519
33521
33525
33528
34847
33544
33557
33678
31663
35380
33751
33753
33767
17818
17815
17816
16950
17110
17208
17214
17236
17238
17336
17344
17414
33934
33937
33953
33932
33926
33968
17381
17384
33946
17439
17441
17455
16878
18178
18175
