56
70604 70615 1309
70615 70604 1309
70506 70522 739
70522 70506 739
69332 69331 684
69331 69332 684
219141 219156 1091
219156 219141 1091
216520 216521 147
216521 216520 147
219158 219253 1734
219253 219158 1734
219253 219254 805
219253 219259 1307
219250 219249 89
224522 224085 929
224085 224522 929
220856 220843 867
220843 220856 867
224246 220288 691
220291 216527 2448
216527 220291 2448
220288 224246 691
219249 219250 89
219259 219253 1307
219254 219253 805
215972 215813 316
215813 215972 316
215441 215437 732
215441 215442 1283
215442 215441 1283
215437 215441 732
215301 215302 752
215302 215301 752
224119 219833 1315
219833 224119 1315
215258 215257 774
215257 215258 774
223724 223445 645
223445 223724 645
223438 223437 1444
223437 223438 1444
223179 223185 1799
223185 223179 1799
121045 121058 1982
121058 121045 1982
121521 121524 1284
121524 121521 1284
69735 69734 562
69734 69735 562
69573 69574 768
69574 69573 768
69584 69585 929
69585 69584 929
70338 70339 1262
70339 70338 1262
153
128916
128938
128940
128946
129090
129095
126587
126599
129103
129109
129194
129203
127138
129035
129246
129288
120994
121069
121030
121040
121045
121058
120952
120976
121100
121521
121524
121535
121515
69103
69177
69181
73051
70180
70183
70221
70144
69735
69742
69734
69670
69442
69680
69732
69573
69574
69580
69584
69585
69597
69602
69587
72315
72318
72044
72049
72039
72041
72520
72514
70025
70013
70035
70338
70339
70346
70362
70529
70643
70645
70655
70656
70676
70364
70370
70598
70604
70615
70505
69273
69332
69331
69338
69252
129308
129311
120960
219166
219156
216520
219150
216521
219158
218189
224522
224085
220856
220836
220843
218266
218276
219106
216420
218041
218032
220301
220303
221095
221807
216527
218336
220288
218158
218179
219275
219278
219320
219327
219242
215664
215272
215381
215439
215437
215450
215577
215295
215496
215499
215574
222270
222314
222326
224119
219798
219800
215236
215253
215258
223341
223724
224463
223445
223438
223437
223401
215281
215282
223179
223185
223390
224026
150926
