80
35357 35355 301
35355 35357 301
187221 187772 1493
187855 187887 1480
187887 187855 1480
187809 187806 1175
190775 190776 536
190776 190775 536
187827 187838 1452
187838 187827 1452
189599 187898 1438
187898 189599 1438
134730 134713 202
134731 134732 1293
134732 134731 1293
134732 134734 1188
134734 134732 1188
134797 134798 2279
134787 134798 848
134798 134787 848
134798 134797 2279
134713 134730 202
134217 134994 285
134994 134217 285
134994 134999 1261
135013 134999 751
134999 134994 1261
134999 135013 751
134963 135017 905
135017 134963 905
135075 135076 848
135076 135075 848
135081 135084 848
135084 135081 848
135085 135798 789
135798 135085 789
135784 135791 1426
135874 135839 238
135839 135874 238
135791 135784 1426
135880 136078 835
134278 136086 279
134278 136095 2280
136086 134278 279
136078 135880 835
136095 134278 2280
136095 135815 2147
135815 136095 2147
136164 136165 947
136165 136164 947
136165 136179 806
136179 136165 806
136772 136762 782
136762 136772 782
137476 137479 848
137479 137476 848
137687 137689 870
137689 137687 870
138104 138116 931
138116 138104 931
138116 138118 782
138118 138116 782
138162 138176 796
138176 138162 796
138176 138177 1686
138177 138176 1686
12720 12723 2113
12723 12720 2113
12542 12543 1097
12543 12542 1097
12873 12878 778
12878 12873 778
13176 13027 1797
13027 13176 1797
13623 13627 2672
13627 13623 2672
187262 187777 781
187806 187809 1175
187772 187221 1493
187777 187262 781
167
12714
12720
12725
12723
12748
12499
12834
12836
12897
12542
12543
12736
12872
12873
12878
12879
10589
11909
12947
12956
12974
13005
13176
12865
13027
13008
12976
12967
12969
13633
13629
13623
13627
13655
13659
13667
13707
13736
13737
13751
12303
13934
13753
13758
13922
13927
13947
23673
23679
23810
23752
23747
23750
23729
23757
23756
24876
24818
24831
24885
24923
24889
24909
24925
25097
25093
25149
25102
25104
187687
190674
190676
187679
187700
187703
187690
187790
187911
187693
187212
187787
187794
187711
187728
187262
187806
187772
187777
187782
35118
23760
35355
23771
187246
187785
187808
187846
187848
187855
187887
187896
189601
187809
187860
187868
187874
190775
190492
187974
190596
187958
187827
187838
187851
134731
134734
134737
134785
134798
134713
134217
134803
135013
134999
134963
135016
135017
135075
135076
135084
135798
135805
135811
135781
135813
135837
135839
135880
136086
136079
135815
136160
136164
136165
136179
136205
136206
136759
136762
136802
137475
137484
137476
137479
137481
137687
137689
138104
139613
138118
138123
138122
138162
138177
138166
138187
138253
