72
214942 214385 120
205639 205629 1802
205825 205870 1927
205870 205825 1927
206547 206550 774
206550 206547 774
206558 206559 758
206621 206627 955
206559 206558 758
206570 206617 1346
206617 206570 1346
206627 206621 955
206801 206807 2176
206804 206807 2083
206807 206801 2176
206807 206804 2083
206807 206814 1064
206814 206807 1064
181267 181300 354
181300 181267 354
181300 181289 849
181289 181288 1004
181289 181300 849
181288 181289 1004
184166 184167 733
184183 184167 905
214072 214022 996
214022 214019 482
214022 214072 996
214019 214022 482
214082 214084 2206
214084 214082 2206
214107 214109 2443
184167 184166 733
184167 184183 905
214109 214107 2443
214109 214115 1846
214115 214109 1846
181818 181835 3412
181835 181818 3412
182924 185855 237
185855 182924 237
182949 182950 344
182950 182949 344
51504 51503 713
51503 51504 713
55745 55749 933
55749 55745 933
55779 55781 790
55781 55779 790
190167 190158 1386
190158 190167 1386
189781 189783 1349
189783 189781 1349
195066 195241 773
195241 195066 773
195743 195106 723
195106 195743 723
195957 195980 2105
195980 195957 2105
197008 197061 608
197061 197008 608
196411 196412 539
196412 196411 539
195521 195522 897
195522 195521 897
205629 205639 1802
205662 205661 810
205658 205661 761
205661 205658 761
205661 205662 810
214385 214942 120
171
190728
51495
51524
51525
51504
52847
51503
52849
55744
55745
55749
55779
55781
55786
56481
56480
56487
56494
56504
56507
56522
56523
52918
190167
190158
189781
189783
186248
189730
190189
195072
214810
195065
195066
195075
195239
195241
195719
195281
195283
195714
195715
195929
195948
195947
195743
195106
195748
195299
195755
195697
195698
195776
195777
195779
195928
196009
195809
195989
195957
195980
196086
196091
196096
197000
197008
197061
202732
196411
196412
203155
214389
203377
203487
203494
203515
202621
202633
202643
197042
197053
197071
197094
195521
195522
202516
205629
205630
205656
205662
205666
205669
205827
205658
205661
205686
214385
205694
205639
205814
214740
205825
205870
205884
206550
206619
206559
206564
206617
206801
206814
206815
209184
181013
181015
181061
181259
181267
173881
179473
179448
179477
181034
181180
181192
181276
184211
184233
184180
185905
184183
184177
214075
214070
214072
214019
214084
184167
184184
214109
184188
214115
214253
181855
181860
181848
181832
181818
181835
183028
183020
183031
182924
185855
185956
185856
186079
182926
186102
182781
182799
182940
182997
182998
182949
183541
183004
183010
183214
183064
183219
