40
89701 89700 1586
66654 66713 603
66713 66654 603
78401 78399 739
78401 78403 675
78403 78401 675
78399 78400 890
78399 78401 739
78400 78399 890
79263 80428 395
80428 79263 395
79297 79301 2218
79301 79297 2218
79301 84709 2831
84709 79301 2831
57365 57404 383
57404 57365 383
58895 58896 688
58898 58948 2569
58948 58898 2569
58896 58895 688
117221 117226 1686
117226 117221 1686
117244 117253 1951
117253 117244 1951
61158 61160 713
61160 61158 713
61160 61162 607
61162 61160 607
61162 61164 558
61164 61162 558
89388 89389 1952
89389 89388 1952
82873 82837 1290
82837 82873 1290
82914 82915 1207
82915 82910 5431
82915 82914 1207
82910 82915 5431
89700 89701 1586
151
89446
89441
89771
89388
89389
89440
89413
89619
89557
87598
89021
89023
89032
80485
90153
80477
80557
80542
80613
80634
80631
81147
81139
81183
81162
80713
81278
80878
82786
81292
82800
82798
82829
82813
82873
82837
82823
82879
82883
82904
82914
82900
82915
82910
82913
82978
82971
82973
81542
83008
81731
83003
83005
81398
81478
86178
91198
90954
81689
81404
81395
86155
86168
83499
83508
89700
85522
91037
85680
85591
85664
85660
90459
90468
90481
90554
90493
90882
90605
89625
91937
80141
90036
90044
91140
89643
66498
66024
66648
66653
66713
66738
78792
56920
79022
56903
78403
78400
78414
78420
79008
79243
79754
79263
80428
79297
84852
84709
83971
91769
91250
91246
91480
79303
79320
57283
57365
57404
170130
172847
170402
58301
78534
78388
58037
58895
58948
58940
58944
59351
58189
77531
58201
58279
58280
58275
58320
77515
77516
58896
117203
117205
117185
117221
117226
117244
117253
61104
61158
61160
61165
