60
45343 45318 893
45318 45343 893
45489 45509 1067
45511 45509 2083
45509 45489 1067
45509 45511 2083
126297 126300 2082
126300 126297 2082
126300 126467 2442
126467 126300 2442
126467 126528 1032
126528 126467 1032
126528 126529 1211
126533 126529 279
126533 126534 879
126534 126533 879
126529 126528 1211
126529 126533 279
126406 126400 1255
126400 126406 1255
126404 126409 1781
126409 126404 1781
128968 128969 1357
128969 128968 1357
129217 129218 782
129218 129217 782
129230 129231 782
129231 129230 782
120839 120841 767
120841 120839 767
120841 120843 2153
120843 120841 2153
120862 120818 1720
120818 120822 778
120818 120862 1720
120822 120818 778
121047 121048 474
121048 121047 474
121048 121488 1347
121488 121048 1347
121488 121489 752
121488 121495 1749
121496 121495 811
120916 121492 333
121489 121488 752
121495 121488 1749
121495 121496 811
121492 120916 333
68754 69133 1212
69133 68754 1212
43686 43687 872
43687 43686 872
43838 43840 1152
43840 43838 1152
45573 45593 1064
45593 45573 1064
125942 125940 1545
125940 125942 1545
45428 45430 1200
45430 45428 1200
171
49961
43482
43486
43484
41991
42354
42430
42437
42441
42083
42069
43621
43624
43683
43686
43687
43700
43872
43860
43808
43823
43838
43840
43865
42662
42675
43256
44217
36952
44203
44207
43427
43459
43475
43705
43743
43707
43598
43586
43601
43611
43738
43814
44510
45565
45573
45593
45596
45606
45628
45626
45636
44506
125942
125969
125938
125940
125962
125966
125985
126101
126104
132342
132496
126452
126438
126444
126448
45275
45406
45408
45730
45743
45395
45400
45428
45430
125170
125186
125168
125173
125182
125156
125157
125159
125244
125261
125293
125296
45343
45313
45316
45318
125298
125305
125913
45489
45490
45542
45641
45497
45514
45538
45651
45690
126440
126275
126297
126300
126528
126401
126526
126406
126400
126389
126404
126409
126363
126354
126364
126366
126413
126426
128796
128811
128812
128910
128969
128979
132371
128889
129013
128897
120654
129056
128932
128961
129023
129007
129029
128954
129217
129228
129548
120767
120838
120839
120847
120850
120856
120835
120859
120818
120822
120866
121047
121048
121496
68638
120928
120929
120916
121492
121500
68723
68737
68740
68754
69133
69136
69130
