36
226602 226600 1005
226624 226628 472
226628 226624 472
230897 230902 847
230896 230902 1605
230902 230896 1605
230902 230897 847
9107 9106 1876
9106 9107 1876
9436 9437 1220
9437 9436 1220
9619 9635 1022
9635 9619 1022
9641 9669 1229
9669 9641 1229
10103 10104 1973
10104 10103 1973
10176 10195 873
10164 10180 1345
10180 10164 1345
10195 10176 873
10371 10366 878
10366 10371 878
10461 10460 177
10460 10461 177
139416 138796 1357
138793 138796 1796
138796 138793 1796
138796 139416 1357
229614 229616 927
229616 229614 927
230924 230927 502
230927 230924 502
229238 234606 629
234606 229238 629
226600 226602 1005
154
139416
139424
139425
134091
139440
138793
138796
235204
235574
230051
230046
228751
228821
235570
229614
226441
229616
229624
229636
229643
230924
230927
230934
229635
230894
234983
225985
228944
228955
228965
235263
229029
229059
229061
229217
229211
229221
235261
229335
229248
229238
234600
234606
229071
229609
229528
229535
230009
228615
228675
228652
228698
228696
229977
229983
229985
235413
234599
228594
228642
234380
228734
228662
228735
228736
228740
234963
226766
226778
234339
226689
226317
226491
226492
226535
226544
226565
226581
226600
226601
226587
226596
226624
226628
226637
226693
230897
230878
229587
234798
228875
228883
228879
230252
228899
228900
8829
8820
8209
8897
21407
9103
9115
9072
9094
9139
9141
9198
9298
9302
9428
9436
9437
9442
9451
9440
9635
9641
9670
9669
9700
10090
10095
10109
12503
34665
10159
10174
10164
10188
10193
10172
10371
10380
10366
10385
10403
10407
10425
10397
9875
10388
10463
10477
10532
10557
10569
34795
10584
12550
12551
12636
12638
34466
