52
200598 200605 785
200605 200598 785
200654 200637 1539
200637 200654 1539
226908 226910 1565
226910 226908 1565
225869 225871 1097
225871 225869 1097
227325 227339 1336
227339 227325 1336
227560 227578 1454
227578 227560 1454
227578 227580 1161
227580 227578 1161
233883 233881 1504
233881 233883 1504
233907 233908 1029
233908 233907 1029
234060 234062 778
234062 234060 778
234064 234103 1450
234103 234064 1450
234181 234209 974
234209 234181 974
226795 226794 3414
226794 226795 3414
188632 188634 894
188836 188634 768
188634 188632 894
188634 188836 768
189614 189632 245
189631 189632 310
189632 189614 245
189632 189631 310
199207 199244 1484
199244 199207 1484
199244 199247 1062
199247 199244 1062
199257 199384 1666
199384 199257 1666
200270 199967 772
200270 200271 792
199967 200270 772
199967 200511 2471
200271 200270 792
199994 199995 1245
199995 199994 1245
201001 200981 473
200981 201001 473
200511 199967 2471
200526 200677 2452
200677 200526 2452
161
189147
189152
189081
189090
189117
188614
189128
189106
189159
188585
188602
188622
188632
188767
188827
188836
188634
188762
188763
188771
190642
190662
188457
188468
188460
188476
190645
190657
190524
187282
187293
187296
187275
189622
189273
189614
189631
189632
199198
199272
199267
199197
199203
199207
199244
199247
199254
199257
199384
199391
199460
199497
214337
199416
200270
199967
200059
200060
200202
200216
200271
200040
200054
199994
199995
200938
200945
200949
201001
200651
200982
200990
200986
200981
200511
200526
200661
200558
200580
200677
200566
200583
194912
201184
214837
198931
201200
215179
198905
200598
200605
200609
200610
200654
200655
200657
200659
200612
234265
234242
225438
225441
235085
235479
234270
225472
225483
225809
235184
235056
226865
226887
234304
226908
226910
227290
227287
234925
225817
225867
225871
227379
227319
227345
227339
227360
227559
227560
227580
227540
227549
227572
227602
235230
235236
227573
233947
233970
233977
233849
233883
233881
233894
233933
234019
233908
234053
234064
234103
234172
234175
234180
234209
234211
234361
226795
226794
226818
226821
227056
227092
