42
83357 83423 2688
83423 83357 2688
86665 86664 2544
86664 86665 2544
85888 85889 769
86285 86289 1527
86289 86285 1527
86472 86475 853
86475 86472 853
81787 81838 2423
81838 81787 2423
81834 81833 2451
81833 81834 2451
81913 81926 1162
81926 81913 1162
85604 85603 1268
85603 85604 1268
85875 85879 1898
85889 85888 769
85889 86099 2127
86063 86065 782
86066 86065 1105
86065 86063 782
86065 86066 1105
86099 85889 2127
86340 86339 1747
86339 86340 1747
85614 85608 2243
85879 85875 1898
85432 85395 632
85395 85432 632
85608 85614 2243
85390 85388 818
85388 85390 818
79832 80029 1563
80029 79832 1563
61227 61229 891
61229 61227 891
90189 90194 254
90194 90189 254
83259 83260 1144
83260 83259 1144
155
80029
79821
80031
80071
86200
80399
86196
80215
80228
80261
80300
80382
80392
80394
80334
80345
80346
162262
162311
117011
117015
117347
61211
117008
118449
61227
117483
61229
61299
77914
60629
60655
87888
87915
90189
90194
90197
87858
87881
89897
90292
90227
90286
90367
90303
86629
90371
85220
80966
81011
80969
83245
83254
83286
83259
83283
83276
81939
83260
90751
83346
91009
83365
91007
83357
83312
91848
83464
83423
83457
88714
88720
82694
86633
86665
82617
86662
86664
91902
86341
90646
86325
85888
91078
86088
86086
86285
86289
86298
86306
86463
86475
86556
86582
86599
86491
86593
86631
86432
81787
81834
81833
81847
86672
86785
86855
86850
90701
81836
81913
81872
81916
81917
81926
85604
85875
91421
85889
86063
82674
85614
85702
85734
85879
83926
90788
85393
85426
85448
85395
85464
85608
85290
85390
83929
79179
79176
79113
79650
79673
79116
79532
79630
79644
79657
79671
79722
79737
79733
79742
79864
79866
80403
79832
80014
