46
177980 177981 2748
177981 177980 2748
173504 173488 5145
173488 173504 5145
160455 160456 933
160456 160455 933
160456 160601 3122
160601 160456 3122
160624 160634 355
160638 160634 3331
160634 160624 355
160634 160638 3331
158080 158081 674
158081 158080 674
158171 158378 2362
158349 158348 758
158348 158349 758
158378 158171 2362
158407 158456 1798
160739 160696 3638
158456 158407 1798
160966 160993 111
160993 160966 111
160696 160739 3638
160847 160848 1616
160848 160847 1616
154597 154611 906
156154 156212 2193
156212 156154 2193
154611 154597 906
154769 154768 828
154768 154769 828
154690 154905 2383
154905 154690 2383
154904 154909 767
154909 154904 767
154914 154915 893
154915 154914 893
157061 157059 778
157059 157061 778
157315 157336 1747
157336 157315 1747
178361 178363 782
178286 178580 598
178363 178361 782
178580 178286 598
159
179612
179613
179619
179643
179646
179736
179804
179896
179795
179911
177874
177859
177864
154598
154597
153751
153795
153834
153937
153938
154724
153926
156154
156212
156217
156734
154607
154625
154622
152511
157047
157327
152291
157135
154611
154703
154876
154718
154749
153963
154769
154768
154778
153957
154735
154690
154902
154905
154892
154904
154909
154914
154915
154927
157061
157170
157187
157195
157193
157218
157604
157622
157059
157149
157315
157337
157341
157336
178035
177884
178013
178096
178101
178342
178343
178288
178359
178361
178286
178363
178580
178595
173383
173384
177808
177812
177800
177819
177981
177973
173402
173419
173507
173488
173387
185488
160297
160315
160455
160608
160601
160611
160627
160662
156755
156776
157397
158079
158081
157409
157412
158111
158145
158141
158171
158349
158378
158383
158389
158439
158436
158440
160739
158456
158555
158573
160757
160765
158577
160768
160775
160780
160784
160948
160949
160979
160966
160992
161008
161016
160995
161017
161169
160823
161007
160696
160698
160847
160859
160745
160898
160866
160885
160895
160878
160857
160872
172365
172636
