40
228953 228952 1299
228952 228953 1299
228092 228089 353
228089 228092 353
227921 227923 712
227923 227921 712
227923 227922 2102
227922 227923 2102
227693 228326 2940
225706 227496 7388
227496 225706 7388
228285 228289 335
228289 228285 335
228289 228297 1790
228297 228289 1790
228326 227693 2940
228428 228265 1424
228265 228428 1424
226257 235462 1174
235462 226257 1174
226119 226116 922
226116 226119 922
226428 226440 803
226440 226428 803
226549 226550 2778
226550 226549 2778
229416 229439 1398
229439 229416 1398
137933 137937 765
137937 137933 765
199690 199688 1080
199688 199690 1080
139371 139373 878
139373 139371 878
226262 226263 770
226263 226262 770
225289 225294 2302
225294 225289 2302
229413 229412 406
229412 229413 406
154
137840
137932
137933
137937
137943
137960
137975
137982
139636
138578
138581
138583
139316
199690
199339
199669
199688
199733
199739
199801
199748
199808
199807
199725
136287
139249
139243
139327
139341
139371
139373
139512
139263
139219
139535
139492
225247
234406
225112
225271
225278
225139
225125
225275
225258
225833
225968
225855
225976
226105
226262
226250
226263
226269
225189
225289
225299
232414
225294
227708
227714
227727
227771
227787
228023
227822
227827
227828
226277
229413
229412
229118
228948
229077
229127
235580
228953
228949
228095
228092
228089
228038
228097
228045
228052
227901
234489
227914
227921
227922
227690
227693
227966
227981
228123
228128
228405
226848
226858
226862
226967
227134
225706
227196
227210
228227
227217
228236
227496
228285
228288
228297
228304
228326
228428
228265
228274
228280
228400
228412
6854
6862
6867
7649
7655
7659
7712
7715
7719
7731
230861
226650
226084
226152
226088
226120
233922
235528
226116
225838
228148
225803
226403
226137
226143
226428
226440
226463
226552
8029
8033
7734
7758
8041
