46
158162 158264 758
158264 158162 758
158535 158536 1323
158536 158535 1323
158899 157066 789
158944 158943 344
158943 158944 344
157066 158899 789
161027 161151 355
161151 161027 355
161062 161061 850
160942 160940 1413
160940 160942 1413
161061 161062 850
160797 160796 905
160796 160797 905
160928 160927 1014
160927 160928 1014
166081 166130 1004
166130 166081 1004
167986 168096 713
168096 167986 713
166078 166133 927
166133 166078 927
161830 161872 954
161872 161830 954
161875 161920 565
161905 161907 935
161907 161905 935
161920 161875 565
162051 162052 475
162052 162051 475
161807 161808 885
161808 161807 885
169163 169151 474
169151 169163 474
161750 161760 1319
161760 161750 1319
168256 168291 2654
168291 168256 2654
153987 153986 760
153986 153987 760
154806 154804 1636
154804 154806 1636
157292 157293 924
157293 157292 924
171
168256
168291
168294
168293
168551
168554
168475
168477
179630
177777
153769
153770
153772
153786
153789
153910
153918
153799
159692
157445
157431
157425
157428
157432
157160
157256
157166
153974
153983
153987
153986
154803
154806
154801
154804
154826
155167
155184
155195
155196
172301
172714
157232
157235
157297
157277
155266
155268
157299
157206
157301
157617
155295
155300
155316
155358
157637
157639
157689
157292
157293
177904
178300
178380
178382
178400
178407
178411
185351
177842
173411
157406
157545
158093
158104
158095
158119
158134
158272
158274
158453
158513
158532
158447
158476
158487
158536
158528
158585
158595
158863
158864
158905
158918
158943
158951
158544
158546
158888
158829
158855
158826
157066
160983
161092
161027
161151
161051
161059
161062
161045
161042
160813
160942
160940
160953
160955
160135
161061
160133
160668
161193
160663
160807
160751
160797
160793
160791
160928
160932
160912
167986
168096
168098
168011
168020
168016
168022
168112
168122
168299
168302
161559
161552
161823
161449
161825
161570
161830
161872
161875
161905
161920
162051
162086
162075
161952
161970
161976
162078
162130
162125
161807
162138
161808
161814
169151
161738
161750
161760
161755
