40
27457 27458 884
27458 27457 884
50827 50849 1039
50849 50827 1039
50918 50917 878
50917 50918 878
51711 51713 610
51713 51711 610
51736 51742 671
51742 51736 671
51753 51754 1152
51754 51753 1152
51305 51289 373
51289 51305 373
52039 52043 1672
52039 52044 738
52043 52039 1672
52044 52039 738
52144 52148 952
52148 52144 952
194743 194742 980
194743 194822 508
194742 194743 980
194822 194641 888
194822 194743 508
194641 194639 724
194641 194822 888
194639 194641 724
31924 32283 1077
32283 31924 1077
33286 33317 707
33317 33286 707
14641 14642 713
14642 14641 713
19319 19303 1532
19303 19319 1532
20363 20389 1576
20389 20363 1576
25663 25664 809
25664 25663 809
154
31923
31924
32283
32289
32309
32310
33260
33276
33286
33317
14408
14414
14455
33335
14465
14566
35089
14606
14611
14641
14642
14647
14652
15057
15061
15078
15092
15093
15091
15211
15264
15557
19046
19048
19087
17664
17668
17690
17719
18039
18050
18051
18123
19095
19274
19276
19284
19319
19303
20363
20389
20396
20480
20482
20497
20467
20793
20515
20516
20668
20812
20821
20846
20830
20843
25663
25664
25659
25582
25691
25695
25610
25626
25660
25608
25631
25641
25652
27452
27454
27457
27521
27475
27477
27542
27483
27519
27545
27553
27609
27858
27705
27706
27714
27862
27865
27624
27681
27611
27653
35456
28078
27031
27234
27254
27270
27426
50686
50667
51205
51208
50881
50837
50889
50918
50917
50940
50942
50949
56654
51002
51720
51721
51711
51734
51735
51740
51736
51742
51754
51759
51758
51288
51289
51266
51267
51786
51797
51801
51799
52044
52045
52054
52057
52059
56812
56646
52135
52144
52148
186391
194822
194639
194837
