394
87135 85100 2169
87135 87134 520
87135 87136 559
91048 85700 620
91048 91046 800
91048 91049 463
91048 91050 642
91046 91045 681
91046 91047 770
91046 91048 800
85709 85708 632
85709 85710 141
85698 85696 778
85698 85699 1552
85698 91052 592
91050 85699 637
91050 91048 642
91050 91051 434
82059 82058 374
82059 82060 238
82059 82092 1085
82092 82058 1171
82092 82059 1085
82092 90724 2464
82191 82190 541
82192 82190 368
82192 82193 297
82192 82198 462
82046 82044 614
82046 82047 1118
82046 82048 1013
82278 82279 1991
82278 82280 2012
82278 82309 1649
82303 82044 2418
82303 82045 1537
82303 82280 1581
82303 82309 1537
82310 82309 2761
82310 82311 2148
82310 82326 2169
82305 82304 1551
82305 82311 3166
82305 82334 338
82306 82304 2237
82332 82304 4817
82332 82333 5242
82332 82335 2604
83674 83621 1551
83674 83671 1459
83674 91014 438
83666 83665 1311
83666 83667 2295
83666 83983 1630
83643 83630 1146
83643 83641 405
83642 83641 2966
83642 83645 1537
83642 83649 929
83645 82316 1150
83645 83642 1537
83645 83649 2465
83672 83670 1032
83672 83673 1465
83672 83680 2308
83675 83673 2288
83675 83676 424
83675 83680 876
83679 83662 273
83679 83677 1260
83679 83678 603
83735 83736 990
83735 83737 951
83735 83739 1070
83735 83771 1056
83740 83739 1089
83770 83736 1086
83770 83771 911
83770 83835 1056
83770 83840 951
83749 83748 1450
83749 83750 1677
83749 83831 811
83835 83748 357
83835 83770 1056
83835 83836 555
83726 83725 790
83726 83811 753
83806 83725 2159
83806 83804 459
83806 83807 2149
83806 83809 1228
84077 84076 957
84077 84078 338
84077 84080 1089
84079 84078 883
84000 83999 61
84000 84073 295
83807 83806 2149
83807 83808 1228
83807 84076 279
83793 80683 464
83793 84084 996
84083 84081 2900
84083 84084 1410
84083 84086 1013
83660 83659 940
83660 83661 1685
83660 83662 564
83678 83676 254
83678 83679 603
83678 83696 2009
83698 83696 1159
86954 86953 2776
86996 86953 804
86996 86997 789
86996 87071 410
86963 86962 797
86963 86964 1392
86965 86964 1122
86906 86904 3160
86906 86907 812
86906 87056 4717
86910 86909 1576
86910 86911 956
86910 86912 1862
86913 86909 1106
86955 86956 1251
86955 86957 1832
86955 91345 1341
86958 86957 1655
86958 87072 2220
86995 86957 2433
86995 87000 1029
86995 87073 2917
86993 86992 1077
86994 86482 594
86994 86992 1911
86994 87111 1159
82352 82351 2872
82352 82353 2737
82352 82356 675
82352 82374 356
82358 81347 950
82358 82336 271
82358 82371 1307
82372 81346 1098
82372 82371 956
82372 82373 608
82351 82350 2018
82351 82352 2872
82351 82368 985
82367 82349 1287
82367 82364 2464
82367 82368 882
82367 82370 419
82363 82364 790
82363 82366 832
82363 87155 651
82365 82348 278
82365 82364 883
82365 82366 886
82543 82542 651
82543 82549 169
82545 82542 1764
82545 82544 748
82545 82547 651
82544 82545 748
82544 82546 559
82544 82554 1158
87134 82546 84
87134 85099 2197
87134 87135 520
85100 85099 430
85100 85101 978
85100 87135 2169
91049 91048 463
91047 91046 770
85710 85709 141
85696 85697 431
85696 85698 778
91052 85313 146
91052 85698 592
91052 91692 778
91051 91050 434
82060 82059 238
82060 82061 1622
82060 82110 46
90724 82092 2464
82193 82192 297
82193 82194 682
82193 82195 306
82198 82192 462
82044 82045 1290
82044 82046 614
82044 82303 2418
82047 82046 1118
82279 82278 1991
82279 82298 3761
82280 82278 2012
82280 82281 1003
82280 82303 1581
82045 82044 1290
82045 82067 482
82045 82303 1537
82311 82305 3166
82311 82310 2148
82311 82330 2954
82326 82310 2169
82326 82325 2089
82326 82328 5347
82334 82305 338
82334 82330 1287
82334 82335 1816
82333 82332 5242
82335 82332 2604
82335 82334 1816
82335 82461 2220
83671 82467 1427
83671 82468 3574
83671 83670 1146
83671 83674 1459
91014 83674 438
91014 91015 958
91014 91016 1376
83665 83663 753
83665 83666 1311
83665 83981 3074
83983 83666 1630
83649 83642 929
83649 83645 2465
83670 83671 1146
83670 83672 1032
83680 83672 2308
83680 83675 876
83676 83675 424
83676 83678 254
83736 83735 990
83736 83770 1086
83737 83735 951
83840 83770 951
83840 83836 753
83750 83749 1677
83831 83749 811
83836 83835 555
83836 83840 753
83811 83726 753
83804 83806 459
83809 83806 1228
84080 84077 1089
83999 84000 61
83808 83807 1228
80683 83793 464
84081 84083 2900
84086 84083 1013
83659 83660 940
83661 83660 1685
86997 86996 789
87071 86996 410
86962 86963 797
86904 86906 3160
87056 86906 4717
86911 86910 956
86912 86910 1862
86956 86955 1251
91345 86955 1341
87072 86958 2220
87072 87073 1181
87000 86995 1029
87073 86995 2917
87073 87072 1181
86482 86994 594
87111 86994 1159
82353 82352 2737
82356 82352 675
82356 82373 1032
81347 81346 174
81347 82358 950
82336 82358 271
81346 81347 174
81346 82372 1098
82373 82356 1032
82373 82372 608
82350 82349 699
82350 82351 2018
82349 82348 2513
82349 82350 699
82349 82367 1287
82370 82367 419
82366 82363 832
82366 82365 886
87155 82363 651
82348 82349 2513
82348 82365 278
82549 82543 169
82547 82545 651
82554 82544 1158
85099 85100 430
85099 87134 2197
85101 85100 978
85697 85696 431
85313 91052 146
91692 91052 778
82061 82060 1622
82110 82060 46
82194 82193 682
82195 82193 306
82298 82279 3761
82281 82280 1003
82067 82045 482
82330 82311 2954
82330 82334 1287
82325 82326 2089
82328 82326 5347
82461 82335 2220
82467 82468 3210
82467 83671 1427
82468 82467 3210
82468 83671 3574
91015 91014 958
91016 91014 1376
83663 83665 753
83663 83981 3292
83981 83663 3292
83981 83665 3074
87136 87135 559
85700 91048 620
91045 91046 681
85708 85709 632
85699 85698 1552
85699 91050 637
82058 82059 374
82058 82092 1171
82190 82191 541
82190 82192 368
82048 82046 1013
82309 82278 1649
82309 82303 1537
82309 82310 2761
82304 82305 1551
82304 82306 2237
82304 82332 4817
83621 83674 1551
83667 83666 2295
83630 83643 1146
83641 83642 2966
83641 83643 405
82316 83645 1150
83673 83672 1465
83673 83675 2288
83677 83679 1260
83739 83735 1070
83739 83740 1089
83771 83735 1056
83771 83770 911
83748 83749 1450
83748 83835 357
83725 83726 790
83725 83806 2159
84078 84077 338
84078 84079 883
84073 84000 295
84076 83807 279
84076 84077 957
84084 83793 996
84084 84083 1410
83662 83660 564
83662 83679 273
83696 83678 2009
83696 83698 1159
86953 86954 2776
86953 86996 804
86964 86963 1392
86964 86965 1122
86907 86906 812
86909 86910 1576
86909 86913 1106
86957 86955 1832
86957 86958 1655
86957 86995 2433
86992 86993 1077
86992 86994 1911
82374 82352 356
82371 82358 1307
82371 82372 956
82368 82351 985
82368 82367 882
82364 82363 790
82364 82365 883
82364 82367 2464
82542 82543 651
82542 82545 1764
82546 82544 559
82546 87134 84
89
87136
85700
91045
85708
85699
82058
82190
82048
82309
82304
83621
83667
83630
83641
82316
83673
83677
83739
83771
83748
83725
84078
84073
84076
84084
83662
83696
86953
86964
86907
86909
86957
86992
82374
82371
82368
82364
82542
82546
83983
83649
83670
83680
83840
83750
83831
83836
83811
83804
83809
83999
80683
84081
84086
83659
86997
87071
86962
86904
87056
87072
87000
87073
86482
87111
82353
82356
82336
81346
82366
82348
82549
82547
82554
85313
82061
82110
82195
82298
82281
82067
82330
82325
82328
82461
82467
82468
83663
83981
