42
122581 122582 1344
122582 122581 1344
122585 122587 953
122587 122585 953
122587 122593 1503
122593 122587 1503
123392 123393 1534
123393 123392 1534
124624 124598 2600
124598 124592 1578
124598 124624 2600
124592 124598 1578
124592 124600 1399
124600 124592 1399
124648 124649 739
124648 124650 751
124650 124648 751
124649 124648 739
124728 124729 1748
124729 124728 1748
120285 120283 891
120283 120285 891
67114 67112 1016
67744 67745 1545
67745 67744 1545
67112 67114 1016
67078 67124 758
67124 67078 758
67117 67755 2112
67755 67117 2112
99317 99320 1852
99320 99317 1852
99257 99260 1447
99260 99257 1447
99615 99625 3308
99625 99615 3308
100470 100473 1610
100473 100470 1610
122204 122212 474
122212 122204 474
122266 122275 3401
122275 122266 3401
162
99232
99238
99247
99317
99320
99336
99518
102862
96636
99264
99602
99604
99257
99260
99263
99269
96622
96623
97172
99612
99615
99625
95817
100603
50585
50588
100421
100457
103216
100440
100443
100452
100410
100470
100473
100413
100486
100487
103215
101580
101585
101588
102479
101625
101640
101612
101613
101642
101652
101656
91962
101573
101575
121884
122650
117962
117965
117698
117853
122104
122120
122129
122130
122160
122163
122143
122146
122180
122140
122185
122204
122206
122029
122034
122037
122249
122063
122068
122078
122499
122088
122212
122343
122359
122266
122275
122363
122397
122412
122655
121883
121905
122666
121908
122417
122531
122525
118022
118030
123517
123525
122546
122557
122581
122582
122585
122592
123393
123400
123429
123442
123535
123586
123589
123594
123609
123522
123529
124624
124598
124592
124600
124614
124648
124649
124658
124728
124734
124753
124887
124736
120266
124743
124750
120275
120283
123557
66968
67052
67096
67114
67744
67803
67107
67058
67078
67082
67085
67170
67062
67130
67117
67755
67756
66861
67014
67241
67018
67032
66863
66873
67247
