48
192120 192542 442
192542 192120 442
32805 32804 1267
32804 32805 1267
32733 32754 2086
32754 32733 2086
35031 35032 507
35032 35031 507
107960 107942 763
107942 107960 763
108006 108007 1576
111830 111823 1175
111830 111844 1007
111844 111830 1007
111823 111830 1175
108004 108007 847
108007 108004 847
108007 108006 1576
33728 33732 434
33732 33728 434
33790 33794 924
33794 33790 924
33798 33812 1530
33812 33798 1530
17262 17261 793
17261 17262 793
17270 17362 516
17362 17270 516
17364 17356 2789
33877 33907 4054
33907 33877 4054
17356 17364 2789
17360 17361 475
17360 17368 1222
17367 17368 847
17361 17360 475
17368 17360 1222
17368 17367 847
163982 163951 222
163951 163982 222
214262 212010 1527
211991 211990 797
212010 214262 1527
211990 211991 797
115257 115263 1342
115263 115257 1342
106604 106621 3002
106621 106604 3002
159
163918
163935
163968
163977
163981
163982
163951
214456
214262
211991
211997
211999
212007
212010
211914
211916
211922
211990
178814
178822
178816
179041
179090
114528
114626
114522
114547
114551
114553
114560
114687
115259
116210
115257
115263
115481
115530
115499
115002
115068
115105
115238
115262
115082
115088
115096
115101
115176
115299
115588
115609
106335
106386
106397
106531
113729
105211
106799
106804
106829
106838
32414
106668
106604
106610
106621
106626
106536
106541
106557
106567
106579
106499
106252
113889
113890
192996
193012
194004
194006
191070
193908
191807
191744
191817
192872
192542
192957
192958
192910
193041
193047
192539
192540
192436
192213
32746
107347
107567
107547
104445
107571
32622
32653
32797
32805
32734
32754
107792
33078
29534
32437
35035
35032
107869
107960
107940
107942
107825
107970
108001
111830
107975
111823
33529
111845
33565
33562
111879
33590
33591
33595
33596
33688
33712
33723
33725
33790
33794
33820
33798
33822
33812
33850
17254
17261
17364
17395
17415
33875
113199
113210
113451
33907
33897
33898
17356
17367
17368
