46
200076 200077 1346
200071 200072 1330
200961 200964 1211
200964 200961 1211
201234 201261 2002
201243 201261 785
201233 201236 801
201229 201236 1916
201236 201229 1916
201236 201233 801
201261 201234 2002
201261 201243 785
201261 201263 1130
201263 201261 1130
225362 225363 10679
225363 225362 10679
29867 29872 2036
29872 29867 2036
29872 29895 1388
29895 29872 1388
31974 31960 1358
31960 31974 1358
6635 6637 3242
6637 6635 3242
7123 6957 841
6957 7123 841
188672 188661 2980
188716 188715 828
188661 188672 2980
188800 188801 781
188895 188896 747
188715 188716 828
188896 188895 747
188801 188800 781
197274 197449 939
197547 197548 628
197449 197274 939
197548 197547 628
199132 199135 1191
199135 199132 1191
200072 200071 1330
200077 200076 1346
200233 200232 786
200237 200248 522
200232 200233 786
200248 200237 522
170
24709
24745
24748
24708
10960
189242
189182
189355
188857
188870
189346
189360
189316
188672
188677
188712
188720
188716
188723
188887
187493
188649
188661
188800
188895
188715
188881
188896
188801
188816
188861
188866
188875
188877
190583
187427
187432
190580
187429
187329
187344
190579
197503
197507
197274
197547
197298
197449
197548
197551
197625
197592
197597
197613
197634
199126
214492
199125
199132
199135
199156
199155
199147
200113
199571
199577
199602
199608
200112
200072
200151
200152
200077
200155
199418
214562
199505
214780
199573
214330
200306
200674
200692
200084
200086
200233
200237
200232
200248
200249
200076
200087
200769
200775
200779
200787
200961
200964
201058
201060
201065
201116
201124
201150
201338
201342
201340
201243
201244
201330
201251
201248
201263
201307
201308
201316
201319
201324
201326
201492
201606
234282
228417
225362
225023
234309
233768
233770
233791
233839
235527
29847
29862
29867
29897
29898
29984
235363
23424
23932
31974
6544
16879
24086
31940
31944
31960
234549
6635
6555
6577
6634
6614
6620
6940
6942
6946
7123
7128
6957
6978
7264
7267
7276
7297
7301
7322
7340
7383
7599
