36
159144 159143 954
159143 159144 954
159143 162383 710
162383 159143 710
159126 159123 1802
159200 159202 1147
159202 159200 1147
159216 159217 3002
159217 159216 3002
160101 160103 404
160103 160101 404
213437 198604 756
198604 213437 756
171352 171353 506
171353 171352 506
95651 95650 708
95626 95654 973
95654 95626 973
95650 95651 708
223435 223434 570
223434 223435 570
223400 223389 5218
223389 223388 3430
223389 223400 5218
223388 223389 3430
147221 147223 979
147223 147221 979
147356 147358 917
147358 147356 917
148993 149379 513
149379 148993 513
212948 212949 342
212949 212948 342
171532 171531 650
171531 171532 650
159123 159126 1802
163
223435
223434
223441
223400
223389
223337
223339
215232
215280
223175
223182
223268
223388
150925
150905
150411
150416
150426
149381
149386
149771
149772
150893
150904
150911
140372
147133
147219
147214
150962
147235
147255
147221
147223
147257
147289
147323
147333
147337
147340
147353
147356
147358
147361
147490
147492
141454
148012
148039
148068
148076
148993
149379
149380
205112
212888
212900
212936
212945
212948
212949
212943
150340
150356
198729
214653
198679
198683
205114
171330
171328
171338
171488
171494
171484
171532
171531
159123
171547
162375
171556
159113
159144
159143
162383
162379
154228
159173
159126
159200
159139
159202
159211
159217
159355
159366
159387
159403
159418
159431
159438
159583
159592
159585
159595
159605
159654
159664
159723
159772
172647
158739
158748
160101
160103
161103
213054
213052
213059
213410
213412
213429
213437
198604
213488
170905
170909
171346
171333
171353
170843
170845
170859
170913
95736
95566
95594
97679
95607
97856
94739
95188
95255
95342
95340
95670
95651
95655
102545
95650
101709
101710
101707
49826
49930
41932
41953
49823
49831
49891
49902
49905
50011
