58
40800 40799 511
40777 40781 2822
40781 40777 2822
47682 47700 1357
48440 48438 276
48508 48559 790
47700 47682 1357
47700 47701 951
47701 47700 951
47705 47707 1560
47707 47705 1560
48438 48440 276
48514 48515 1064
48819 48108 2967
48559 48508 790
48515 48514 1064
48108 48124 111
48108 48819 2967
48124 48108 111
48195 48252 593
48252 48195 593
48257 48275 782
48275 48257 782
131433 131435 951
131435 131433 951
131435 131438 2243
131438 131435 2243
131455 131485 475
131485 131455 475
131502 131515 1226
131515 131502 1226
131515 131589 1504
131589 131515 1504
131685 131698 1657
131698 131685 1657
131731 131753 958
131753 131731 958
131761 131755 461
131755 131761 461
131858 131860 808
131860 131858 808
54456 54463 2363
54610 54611 1395
54611 54610 1395
54637 54648 1300
54463 54456 2363
54648 54637 1300
53877 53879 1546
53879 53877 1546
53955 53957 238
53957 53955 238
104090 104087 403
104087 104090 403
39145 39146 238
39146 39145 238
40378 40382 673
40382 40378 673
40799 40800 511
168
104125
104345
104205
104229
104402
104451
39150
39177
39173
104234
104090
104087
39064
104767
104230
104207
104386
104780
39154
39163
39145
39146
104371
104473
104475
104920
104598
104484
104494
104590
39374
39281
39140
39299
39318
37248
37259
37274
39395
37269
37271
37272
39370
37287
37290
38417
40222
40225
40271
40302
40280
40263
40326
40331
40377
40378
40382
40417
40432
40427
40745
40738
40748
40799
40796
56317
56342
40777
40778
40781
41601
41599
41605
41611
47680
48440
48460
50381
48467
48445
48477
48473
48508
47700
47701
47705
47712
48361
48435
48438
48496
48514
48494
48513
48515
48108
48124
48130
48128
48859
48180
48183
48186
48215
48228
48192
48195
48252
48198
48202
48255
48268
48272
48275
48283
131348
131433
131435
131438
131441
131456
131499
131503
131502
131515
131589
131681
131685
131686
131731
131753
131761
131783
131786
131755
131865
132299
132300
131857
131860
131862
131864
53891
53887
50736
50809
53981
54564
54567
54607
54610
54611
54635
54637
56330
54463
54478
54701
54217
54708
54714
54702
53877
53879
53897
53957
53966
53960
