56
156475 156468 2113
156475 156519 766
156519 156475 766
156468 156475 2113
156560 156592 2549
156834 156836 766
156834 156856 2798
156836 156834 766
156836 156849 850
156849 156836 850
156592 156560 2549
156856 156834 2798
156632 156625 3866
156625 156632 3866
177488 177506 893
177506 177488 893
177476 177494 2118
177494 177476 2118
177315 177388 939
177388 177315 939
167496 167493 667
167493 167494 796
167493 167496 667
165619 165618 344
165618 165619 344
167494 167493 796
167494 167509 1264
167509 167494 1264
165503 165505 739
165445 165444 1308
165505 165503 739
167454 167465 683
167465 167454 683
165876 165878 848
165873 165878 1773
165972 165971 808
165878 165873 1773
165878 165876 848
165971 165972 808
165487 165447 808
165444 165445 1308
165447 165487 808
156124 156087 751
156087 156124 751
155860 155859 890
155859 155860 890
178188 178186 1014
178186 178188 1014
177332 177331 818
176608 176609 1022
176609 176608 1022
156377 156378 759
156378 156377 759
177331 177332 818
156516 156534 2548
156534 156516 2548
168
156007
156014
156009
156029
156124
156087
156163
156089
156177
155905
153303
153313
153331
153344
153352
153384
153428
153438
155847
154003
155851
155853
153499
153503
153511
155860
155874
155864
155882
155859
155887
180018
172980
180028
180029
180032
172993
173024
173085
173185
178539
177756
178205
178207
178210
178201
173234
173243
173249
173059
173005
173066
172974
178057
178074
178188
178174
178190
178186
173259
174839
174754
174880
174834
174874
174876
174869
173462
173463
174935
176591
177332
176593
177564
176603
176599
176608
176582
176609
156377
156378
176607
177331
177305
156510
156516
156534
156532
156536
156502
156385
156416
156400
156468
156178
156558
156497
156846
156849
156857
156592
156665
156658
156632
156874
156854
156625
156674
156634
156700
156672
177488
177474
177485
177490
177508
177494
177386
177497
177323
177364
177286
177374
177315
177388
185341
185345
176732
176736
174909
175064
176842
167493
165619
165866
165869
165618
165622
165569
165572
165576
165632
165625
165555
167784
167687
167577
165503
165445
165499
167439
165496
167454
167465
167468
167538
165876
165881
165907
165972
165971
165988
165487
165444
165447
167459
164833
211501
