68
178781 178782 276
178782 178781 276
180615 180617 827
180617 180615 827
180288 180287 697
180287 180288 697
166864 166845 1614
166868 166872 600
166872 166868 600
185091 185092 475
185092 185091 475
185154 185155 1579
185149 185147 766
166620 166616 337
166616 166620 337
166989 166983 1268
166983 166989 1268
166921 166919 1636
166919 166921 1636
166847 166845 1306
166845 166847 1306
166845 166864 1614
180563 180782 2365
180782 180563 2365
180525 180578 916
180578 180525 916
182376 182374 344
182540 182541 683
182374 182376 344
182265 182266 4
182266 182265 4
182541 182540 683
185147 185149 766
185155 185154 1579
145354 145374 151
145374 145354 151
146036 146038 830
146078 146034 797
151500 151439 1018
151439 151500 1018
146034 146078 797
146038 146036 830
139762 139763 1294
139762 139763 1294
139763 139762 1294
139763 139762 1294
203683 203684 866
204648 204653 709
204653 204648 709
203684 203683 866
204035 204040 863
204040 204035 863
208503 207830 329
207610 208100 2052
208100 207610 2052
208076 208077 201
208077 208076 201
207805 207808 1026
207808 207805 1026
207808 207816 936
195347 207827 677
207830 208503 329
207816 207808 936
207816 207827 684
207827 195347 677
207827 207816 684
208416 208431 1658
208431 208416 1658
176
196803
196832
196749
196810
196826
145348
145354
145365
145370
145374
145367
145424
145441
145448
145464
145467
145474
145476
145991
146014
146027
146036
146078
151423
151433
151434
151432
151426
151500
151439
146034
146038
139762
151386
151390
139763
203683
204039
204105
204110
204497
204498
204131
204648
204653
204677
203684
203701
203702
203733
203739
203772
203787
203793
203797
203799
204013
204016
204035
204040
208500
208503
208073
208095
207610
208100
208501
208065
208066
208076
208077
207758
207805
207808
195347
207830
207816
207827
208085
208131
208147
208161
208184
208378
208412
208416
208431
208429
208434
208447
208446
208453
210696
210699
178660
178807
178693
178694
178781
178782
180615
180620
180617
180288
180291
180287
180603
180611
180622
166864
166872
185091
185092
185144
185159
185154
185149
166591
166512
166596
166620
166624
166623
166617
166616
166609
166976
166989
166983
166652
166667
166858
166860
166919
166931
166981
166315
166835
166847
180600
180595
180563
180518
180602
180578
180554
180472
180483
182380
182376
182540
182392
180039
182374
182265
181969
182015
181979
179722
181939
181949
181953
182227
182002
182541
182550
182546
185251
182558
185147
185155
185917
152228
152230
152232
166945
