100
28774 28803 1031
28803 28774 1031
24085 28840 474
28840 24085 474
24082 24104 1946
24082 24116 836
24104 24082 1946
24104 24121 2816
24122 24121 747
24122 24269 557
24269 24122 557
24116 24082 836
24121 24104 2816
24121 24122 747
24624 24625 878
24625 24624 878
24625 24626 751
24626 24625 751
25183 25182 1120
11177 25203 475
25182 25183 1120
25197 25209 1867
25203 11177 475
25209 25197 1867
188570 188574 778
189009 189013 867
189013 189009 867
189027 188227 851
188227 188226 1603
188227 189027 851
188574 188570 778
188574 188578 785
188226 188227 1603
189257 189263 982
189263 189257 982
188564 188566 474
188566 188564 474
188566 188582 360
188579 188580 402
188579 188582 295
188582 188566 360
188582 188579 295
188578 188574 785
188580 188579 402
188451 188488 2701
188486 188488 826
188486 188491 2685
188489 188491 819
190527 190529 1834
189100 189098 942
189098 189100 942
188620 188626 950
188625 188626 721
188626 188620 950
188626 188625 721
188488 188451 2701
188488 188486 826
188491 188486 2685
188491 188489 819
190529 190527 1834
189607 190726 207
190726 189607 207
135557 135558 747
135558 135557 747
135590 135591 789
135595 135596 827
135601 135591 1742
135596 135595 827
135596 135602 1031
135602 135596 1031
135591 135590 789
135591 135601 1742
16577 16578 2224
16578 16577 2224
16592 16610 1167
16610 16592 1167
16670 16625 1040
16625 16670 1040
11262 11270 1111
22398 22421 672
22421 22398 672
11270 11262 1111
22137 22141 782
22141 22137 782
22220 22222 516
22222 22220 516
22255 22269 924
22269 22255 924
22897 22901 950
22901 22897 950
22045 22044 1030
22044 22045 1030
23245 23241 750
16728 23204 818
23204 16728 818
23199 23178 847
23178 23199 847
23241 23245 750
28374 28375 905
28375 28374 905
156
16577
16578
16592
16586
16610
16615
16670
16625
16721
16853
16857
16861
21627
11262
11240
11259
22451
11256
11281
22398
22421
11268
22463
22425
22468
22469
11270
22472
22153
22137
22141
22501
22243
22220
22222
22240
22503
22154
22255
22249
22269
22270
22282
22621
22213
22697
22871
22880
22897
22901
22919
22045
22044
22047
22210
22751
22905
22982
22973
22980
23006
23008
23011
23025
23030
23209
23229
23232
23245
16728
28339
23204
23199
23200
23178
23216
23241
28283
28344
28374
28375
28380
28292
28389
28391
28405
28428
28441
28803
24085
28838
24082
28790
28748
24507
24398
24504
24113
24116
24530
24533
24553
24606
24607
24624
24625
24626
25183
11177
24773
25203
188570
188573
189009
189013
189022
189027
188574
188226
189197
189200
189214
189257
189262
188566
188579
188578
188580
188433
188424
186831
188513
190527
188509
189085
189080
189087
189092
189095
189098
188620
188625
188626
190637
188488
188493
190636
190529
186919
189269
189607
190726
135568
135571
135595
135591
