36
92352 92458 1196
92458 92352 1196
92420 92425 4642
92425 92420 4642
107234 107235 1256
93088 93089 1004
93089 93088 1004
93178 93147 788
93147 93178 788
93203 93204 2878
93204 93203 2878
108125 108147 1188
108147 108125 1188
107235 107234 1256
108530 108527 1031
108530 108534 2282
108519 108520 434
108527 108530 1031
108527 108533 2908
108534 108530 2282
108534 108533 1445
108533 108527 2908
108533 108534 1445
108520 108519 434
93071 93076 3236
93071 93076 3236
93076 93071 3236
93076 93071 3236
92589 92583 1166
92583 92589 1166
191661 191660 482
191660 191661 482
191982 191705 2299
191705 191982 2299
211295 211298 504
211298 211295 504
159
165397
165392
165469
165462
165467
165468
164850
164854
211288
211295
211298
211518
208797
211237
211241
211262
211223
204679
211508
215026
213212
213221
213222
212223
212481
212483
212498
212496
212281
212283
212303
212497
212553
212556
164648
164871
164877
164880
164602
164841
164905
164904
164921
164910
164941
212570
214274
114246
116176
113977
113975
114004
114160
113993
114151
114171
118487
118833
118838
118484
119258
119240
119304
119435
118576
119064
119135
119159
119162
119019
119458
102925
92048
102196
94366
94372
102937
91979
94420
92178
92192
92233
92248
94504
94495
94448
94447
92303
92307
92336
92349
92352
92416
92420
92425
92454
92450
107076
107195
107187
93086
93089
93176
93147
93153
93203
94091
107066
108127
107095
108191
108125
108147
107235
107193
108119
108154
107256
108397
107459
107461
107425
108442
108449
108516
108538
108519
108522
109234
109266
93069
92997
92986
93020
92999
93022
93077
92747
92760
92771
92800
92589
92591
92583
92573
92575
92596
92668
92681
94346
101740
194047
194048
191660
191676
191982
192733
192734
191762
