272
257787 257788 1656
238955 238953 1749
238955 238956 381
260851 238956 1621
260851 260845 573
257695 257728 2177
257728 257695 2177
257737 257738 6016
257738 257737 6016
257788 257787 1656
4294 4295 5286
260845 257804 6527
260845 260851 573
238956 238953 1616
238956 238955 381
238956 260851 1621
4376 4295 3128
4376 4380 482
4382 4380 2254
5395 5401 402
5395 5458 1878
5403 5397 949
5403 5401 1616
5458 5395 1878
5458 5460 3613
5467 5460 515
5474 5473 1111
5471 5499 373
5471 5502 1425
5499 5471 373
5499 5500 1149
5504 5500 580
5609 5485 473
5628 5485 373
5629 5485 1120
5490 5489 511
5490 5491 503
5491 5489 511
5491 5490 503
5508 5507 1780
5528 5534 1742
259291 259290 8643
259302 259300 3076
259305 259300 2096
259230 259321 1574
262012 259321 573
262012 259322 1201
259336 259338 1143
259339 259338 1813
259345 259343 2283
259322 259327 947
259322 262012 1201
262015 259327 1643
262194 259327 2297
259203 259202 841
259353 259202 591
259353 259356 465
259353 262013 1357
262014 262013 2141
259252 263293 7343
263963 263293 1198
259220 259219 9189
259100 259105 2004
259102 259105 2848
262652 259095 268
262653 259095 1250
262904 262903 2543
56 55 734
5278 5277 2480
5278 5371 452
5278 5372 434
5288 5277 515
5396 5393 238
5397 5393 3370
5397 5403 949
5397 5435 1024
5397 5437 2641
5372 5278 434
5372 5371 473
5372 5373 2274
5435 5397 1024
5435 5432 1499
5435 5436 1833
5437 5397 2641
5437 5436 1532
5371 5276 889
5371 5278 452
5371 5372 473
5254 5250 1741
5254 5263 1084
259446 259511 4690
259513 259511 2498
259507 259516 1517
263061 259516 1271
259043 259567 3045
259578 259567 1576
259551 259552 255
255019 258326 2957
258313 258329 2911
259707 259700 6501
259703 259702 793
259704 259702 8866
259722 259721 4536
259862 259860 1530
259976 259868 195
259977 259868 2315
259977 259980 1699
259978 259868 208
259878 259877 5235
259980 259877 4197
259980 259977 1699
259987 259985 187
259987 259988 390
259988 259986 152
259988 259987 390
4951 260331 1002
260332 260331 2087
260334 260331 1587
260107 260320 623
260314 260320 700
260322 260320 681
260086 260085 623
260057 260056 208
260059 260056 3857
260059 260060 875
260060 260059 875
260060 260061 1398
260060 260061 1398
260074 260075 642
260078 260079 760
164 163 1736
4442 4441 328
6388 4896 706
6503 4896 599
4941 4940 983
4947 4940 1024
5003 4996 473
5005 4996 373
4991 4990 536
5157 5159 550
5157 5160 445
5159 5157 550
5159 5160 550
5159 5251 3473
5251 5159 3473
5251 5250 1100
246485 246486 2289
260627 246486 856
259356 259353 465
259356 259413 2896
257751 257762 1332
257751 257763 1180
257763 257751 1180
257763 257762 645
257766 257762 8578
257752 257754 3472
260625 260622 3985
264185 264184 1341
257804 260845 6527
238953 238955 1749
238953 238956 1616
4295 4294 5286
4295 4376 3128
4380 4376 482
4380 4382 2254
5401 5395 402
5401 5403 1616
5460 5458 3613
5460 5467 515
5473 5474 1111
5502 5471 1425
5500 5499 1149
5500 5504 580
5485 5609 473
5485 5628 373
5485 5629 1120
5489 5490 511
5489 5491 511
5507 5508 1780
5534 5528 1742
259290 259291 8643
259300 259302 3076
259300 259305 2096
259321 259230 1574
259321 262012 573
259338 259336 1143
259338 259339 1813
259343 259345 2283
259327 259322 947
259327 262015 1643
259327 262194 2297
259202 259203 841
259202 259353 591
262013 259353 1357
262013 262014 2141
263293 259252 7343
263293 263963 1198
259219 259220 9189
259105 259100 2004
259105 259102 2848
259095 262652 268
259095 262653 1250
262903 262904 2543
55 56 734
5277 5278 2480
5277 5288 515
5393 5396 238
5393 5397 3370
5373 5372 2274
5432 5435 1499
5436 5435 1833
5436 5437 1532
5276 5371 889
5263 5254 1084
259511 259446 4690
259511 259513 2498
259516 259507 1517
259516 263061 1271
259567 259043 3045
259567 259578 1576
259552 259551 255
258326 255019 2957
258329 258313 2911
259700 259707 6501
259702 259703 793
259702 259704 8866
259702 259721 2779
259721 259702 2779
259721 259722 4536
259860 259862 1530
259868 259976 195
259868 259977 2315
259868 259978 208
259877 259878 5235
259877 259980 4197
259985 259987 187
259986 259988 152
260331 4951 1002
260331 260332 2087
260331 260334 1587
260320 260107 623
260320 260314 700
260320 260322 681
260085 260086 623
260056 260057 208
260056 260059 3857
260061 260060 1398
260061 260060 1398
260075 260074 642
260079 260078 760
163 164 1736
4441 4442 328
4896 6388 706
4896 6503 599
4940 4941 983
4940 4947 1024
4996 5003 473
4996 5005 373
4990 4991 536
5160 5157 445
5160 5159 550
5250 5251 1100
5250 5254 1741
246486 246485 2289
246486 260627 856
259413 259356 2896
257762 257751 1332
257762 257763 645
257762 257766 8578
257754 257752 3472
260622 260625 3985
264184 264185 1341
156
257804
238953
4295
4380
5401
5460
5473
5502
5500
5485
5489
5507
5534
259290
259300
259321
259338
259343
259327
259202
262013
263293
259219
259105
259095
262903
55
5277
5393
5373
5432
5436
5276
5263
259511
259516
259567
259552
258326
258329
259700
259702
259721
259860
259868
259877
259985
259986
260331
260320
260085
260056
260061
260075
260079
163
4441
4896
4940
4996
4990
5160
5250
246486
259413
257762
257754
260622
264184
260632
262008
262546
257777
257784
257787
257775
257647
257695
257778
257728
257737
257788
4212
4276
4289
4282
4294
260845
4376
5395
5458
5467
5471
5499
5609
5628
5629
5490
5491
259291
259302
259230
262012
259336
259345
262015
262194
259203
259252
263963
259220
259100
259102
262652
56
5288
5396
5254
259446
259507
259043
259551
255019
258313
259707
259704
259722
259862
259977
259878
259987
259988
4951
260332
260334
260107
260314
260322
260059
260074
260078
4941
5003
5005
4991
5157
5251
246485
260627
259356
257751
257763
257766
257752
260625
264185
