376
83791 83792 790
83791 83792 790
83791 91368 499
83763 83764 1551
83766 83765 559
83766 83767 892
83766 83767 892
83823 83822 2092
91368 83791 499
91368 83818 1065
91368 91369 1034
91364 91363 4637
91364 91365 5440
91364 91366 5823
83773 83772 1269
83773 83780 782
83773 83841 3261
83847 83780 604
83847 83848 735
83847 83849 1228
84093 83827 229
84093 91649 2739
83849 83847 1228
83849 83850 687
83851 83850 321
83851 84092 156
84095 84069 238
84095 84094 699
84096 84094 1425
83799 83798 107
84113 84112 2022
84113 84114 1450
84115 84112 1551
84115 84116 2981
84127 84112 928
84127 84128 1563
84127 84129 559
84127 84138 1752
84126 84125 1118
84126 84129 1693
84126 84138 789
84036 84034 2930
84036 84037 1623
84036 84037 1623
84040 84039 714
84040 84041 782
84040 84156 1374
84110 84039 1360
84110 84109 1824
84110 84156 611
82624 82623 559
87114 82623 1236
87114 87108 1706
87114 87113 781
87114 87115 422
87109 87108 899
87109 87113 1406
84957 84954 2956
84957 84956 1128
84957 85151 906
84958 84959 464
84958 84960 961
84958 84961 582
84958 84963 1537
84958 85151 3891
85150 84963 2460
85150 85153 875
85150 85154 1633
85155 85153 1111
87088 87086 774
79944 79942 3731
79944 79946 1140
79944 85163 680
79944 91104 672
79945 79942 948
79945 79946 3252
91114 85163 741
91114 87100 410
91114 91850 2391
91114 91851 361
82343 82342 2698
82343 82455 4155
82457 82342 1348
82457 82455 1592
82485 82342 2080
82485 82486 3576
82485 82489 3205
82489 82485 3205
82489 82486 4154
82489 82514 110
82515 82514 627
82491 82490 4468
82491 82492 1085
82491 82629 4650
82518 82517 1000
82518 82519 1004
82518 82520 1675
82523 82517 2169
82523 82524 608
82523 82609 7775
82606 82605 7195
82606 82607 2105
82606 87125 1675
82607 82606 2105
82607 82608 1812
82607 87124 1111
82610 82608 2563
82610 82611 1266
82610 82612 533
82501 82500 1565
82361 82360 1257
82361 82362 1956
82361 82451 1714
82452 82360 892
82452 82410 1823
82452 82429 562
82454 82360 1726
82454 82434 1069
82259 82257 810
82259 82260 2100
82259 82408 2707
82409 82257 2096
82409 82410 1496
82409 82451 1191
82451 82361 1714
82451 82362 243
82451 82409 1191
82504 82503 2097
82504 82505 1622
82504 82505 1622
82565 82566 1301
82565 82568 1301
82565 82571 1360
82570 82568 1345
82570 82571 1068
82570 82578 1386
82506 82505 1040
82506 82507 1858
82506 82566 1347
82572 82566 6328
82572 82577 3030
82572 82587 1248
82572 82588 1040
82578 82563 848
82578 82570 1386
82578 82573 925
84932 82563 847
84932 82589 847
84932 84934 1849
82043 82042 1214
82094 82042 1450
82094 82095 3180
82094 90726 1543
82093 82091 978
82105 82091 2444
82237 82236 2291
82237 82242 1118
82300 82299 1075
82300 82301 341
82300 82301 341
82299 82300 1075
82299 82418 2382
82417 82416 614
82417 82418 520
82417 82438 1478
82416 82417 614
82416 82421 741
82416 82438 1280
82474 82475 910
82474 82480 4529
82476 82475 3209
82441 82442 1967
82443 82442 3126
82443 82445 1906
82403 82420 3265
82421 82416 741
82421 82420 675
82426 82420 810
82423 82422 2774
82423 82455 2721
82424 82422 2436
82446 82445 1954
82241 82242 2427
82272 82248 675
82488 82480 3882
83693 83692 2860
83694 83690 1070
83694 83692 1457
90763 90762 951
90764 90762 877
83690 83694 1070
83690 83989 2604
83994 83993 7
83994 83993 7
83767 83766 892
83767 83766 892
91369 91368 1034
91365 91364 5440
91366 91364 5823
83772 83773 1269
83772 83841 2171
83841 83772 2171
83841 83773 3261
83848 83847 735
91649 84093 2739
84092 83851 156
84069 84095 238
84114 84113 1450
84116 84115 2981
84128 84127 1563
84129 84126 1693
84129 84127 559
84125 84126 1118
84034 84036 2930
84041 84040 782
84156 84040 1374
84156 84110 611
84109 84110 1824
87108 87109 899
87108 87114 1706
87115 87114 422
84954 84957 2956
84956 84957 1128
84959 84958 464
84960 84958 961
84961 84958 582
84963 84958 1537
84963 85150 2460
85154 85150 1633
79942 79944 3731
79942 79945 948
91104 79944 672
87100 91114 410
91850 91114 2391
91851 91114 361
82455 82343 4155
82455 82423 2721
82455 82457 1592
82486 82485 3576
82486 82489 4154
82490 82491 4468
82490 82507 3393
82629 82491 4650
82519 82518 1004
82520 82518 1675
82524 82523 608
82609 82523 7775
87125 82606 1675
87124 82607 1111
82611 82610 1266
82612 82610 533
82410 82409 1496
82410 82452 1823
82429 82452 562
82434 82454 1069
82260 82259 2100
82408 82259 2707
82505 82504 1622
82505 82504 1622
82505 82506 1040
82571 82565 1360
82571 82570 1068
82571 82573 1084
82507 82490 3393
82507 82506 1858
82577 82572 3030
82587 82572 1248
82588 82572 1040
82573 82571 1084
82573 82578 925
82589 84932 847
84934 84932 1849
82095 82094 3180
90726 82094 1543
83792 83791 790
83792 83791 790
83764 83763 1551
83764 83765 3386
83765 83764 3386
83765 83766 559
83822 83823 2092
83818 91368 1065
91363 91364 4637
83780 83773 782
83780 83847 604
83827 84093 229
83850 83849 687
83850 83851 321
84094 84095 699
84094 84096 1425
83798 83799 107
84112 84113 2022
84112 84115 1551
84112 84127 928
84138 84126 789
84138 84127 1752
84037 84036 1623
84037 84036 1623
84039 84040 714
84039 84110 1360
82623 82624 559
82623 87114 1236
87113 87109 1406
87113 87114 781
85151 84957 906
85151 84958 3891
85153 85150 875
85153 85155 1111
87086 87088 774
79946 79944 1140
79946 79945 3252
85163 79944 680
85163 91114 741
82342 82343 2698
82342 82457 1348
82342 82485 2080
82514 82489 110
82514 82515 627
82492 82491 1085
82492 82605 608
82517 82518 1000
82517 82523 2169
82605 82492 608
82605 82606 7195
82608 82607 1812
82608 82610 2563
82500 82501 1565
82360 82361 1257
82360 82452 892
82360 82454 1726
82257 82259 810
82257 82409 2096
82362 82361 1956
82362 82451 243
82503 82504 2097
82568 82565 1301
82568 82570 1345
82566 82506 1347
82566 82565 1301
82566 82572 6328
82563 82578 848
82563 84932 847
82042 82043 1214
82042 82094 1450
82091 82093 978
82091 82105 2444
82236 82237 2291
82301 82300 341
82301 82300 341
82418 82299 2382
82418 82417 520
82438 82416 1280
82438 82417 1478
82475 82474 910
82475 82476 3209
82442 82441 1967
82442 82443 3126
82420 82403 3265
82420 82421 675
82420 82426 810
82422 82423 2774
82422 82424 2436
82445 82443 1906
82445 82446 1954
82242 82237 1118
82242 82241 2427
82248 82272 675
82480 82474 4529
82480 82488 3882
83692 83693 2860
83692 83694 1457
90762 90763 951
90762 90764 877
83989 83690 2604
83993 83994 7
83993 83994 7
109
83792
83764
83765
83822
83818
91363
83780
83827
83850
84094
83798
84112
84138
84037
84039
82623
87113
85151
85153
87086
79946
85163
82342
82514
82492
82517
82605
82608
82500
82360
82257
82362
82503
82568
82566
82563
82042
82091
82236
82301
82418
82438
82475
82442
82420
82422
82445
82242
82248
82480
83692
90762
83989
83993
82093
82105
82237
82299
82416
82474
82441
82443
82403
82426
82423
82241
82272
82488
83694
83690
83767
83772
84092
84069
84116
84129
84125
84034
84041
84109
87108
87115
84954
84956
84959
84961
84963
79942
91104
87100
91851
82486
82490
82629
82520
82524
82612
82410
82429
82260
82507
82577
82587
82588
82573
82589
84934
82095
90726
