38
19145 19146 1597
19190 19132 818
19132 19190 818
19146 19145 1597
19123 19565 580
19575 19568 950
19565 19123 580
19568 19575 950
19723 19866 1025
19866 19723 1025
19428 19986 1737
19498 19517 1348
19517 19498 1348
19986 19428 1737
20604 20589 836
20600 20598 354
20622 20624 938
20624 20582 1611
20624 20622 938
20596 20589 809
20598 20600 354
20589 20596 809
20589 20604 836
20582 20624 1611
20582 20625 836
20625 20582 836
27949 27951 672
27951 27949 672
20875 21289 2216
21289 20875 2216
20877 20878 884
20893 20894 889
20894 20893 889
20878 20877 884
30236 34872 306
25153 29803 692
29803 25153 692
34872 30236 306
153
190923
192099
192103
193873
113933
115444
105587
105588
105635
192134
193869
193524
193533
193691
193698
193702
193708
193715
193663
193666
193664
29734
29749
29742
29773
29765
30884
30891
30236
27550
29820
34016
25153
29803
23293
29804
29940
34872
30126
30188
30208
31352
32119
32155
32176
32177
32229
9348
32263
32327
7053
7054
32328
14479
14484
14519
14802
14808
14818
14822
14867
14928
14940
15130
15137
15169
15177
15188
15202
15196
15203
15514
15558
19113
19152
19162
19166
19178
19183
19194
19145
19190
19141
19132
19143
15572
15587
19119
19123
19575
19576
19565
19640
19692
19693
19721
19866
19898
19422
19428
19712
19370
19406
34545
19375
19318
19431
19444
19445
34552
19412
19429
19498
19517
19986
19522
19528
19545
20594
20579
20596
20598
20580
20626
20625
20716
25746
25749
25751
25825
27645
27647
27806
27829
27830
27838
27944
27949
27965
20740
20737
20744
20875
21289
20877
20893
21292
20894
20878
28101
28066
28076
27580
