76
240458 248603 818
248619 248603 796
248603 240458 818
248603 248619 796
248657 248659 1663
248659 248657 1663
248659 248741 1398
248741 248659 1398
249348 249350 628
249349 249403 1336
249350 249348 628
249403 249349 1336
249408 249457 1809
249457 249408 1809
249629 249500 737
249629 249792 1679
249790 249794 403
249792 249629 1679
249824 249825 1622
249824 249947 1408
249825 249824 1622
249834 249835 536
249835 249834 536
249913 249909 373
249909 249913 373
249843 249852 2966
249848 249846 3246
249816 249900 2762
249900 249816 2762
249846 249848 3246
249852 249843 2966
249889 249891 504
249891 249889 504
250112 250115 4101
250123 250139 396
250133 250132 275
250115 250112 4101
250132 250133 275
250139 250123 396
249794 249790 403
249947 249824 1408
250794 250814 1336
250814 250794 1336
250700 250701 713
250759 250760 927
250701 250700 713
250760 250759 927
250760 250763 982
249500 249629 737
250763 250760 982
250968 250976 983
250976 250968 983
252174 252177 796
252177 252174 796
252187 253333 737
253333 252187 737
251005 251051 1532
251051 251005 1532
251190 251191 924
251191 251190 924
251196 251217 1344
251217 251196 1344
251217 251219 1114
251219 251217 1114
252095 252099 452
252099 252095 452
236398 236399 1630
236399 236398 1630
236994 236995 250
236995 236994 250
233194 233209 905
233209 233194 905
232650 232651 1225
232651 232650 1225
233539 233542 551
233542 233539 551
160
253677
253688
253689
134145
253868
253871
253893
236398
236399
263820
263562
236406
263260
261403
261396
236397
236944
236958
236780
236908
236966
236785
236927
236950
236988
236994
236995
236901
236883
232015
231971
232017
225185
232030
232044
233137
232033
233190
233194
233209
233245
232108
232111
232098
232650
232651
232649
232660
232668
232670
232746
233519
233535
233537
233539
233542
233921
233564
233606
233302
240513
262267
240318
240477
262246
240476
241498
240397
240420
240439
240440
240441
240454
248619
248657
248659
248741
248746
248753
248650
248653
249331
249348
249344
249350
249408
249456
249457
249465
249481
249788
249790
249792
249824
249825
249834
249838
249909
249843
249816
249846
249852
249869
249881
249889
249924
250112
250123
250133
250115
250132
250075
250139
249794
249929
249947
250786
250794
250807
250814
250700
250784
250701
250718
250719
250723
249499
249500
250765
251011
251027
250966
250968
250976
250779
250944
250991
252168
252177
252186
252187
253333
253383
253402
250993
251005
251022
251038
251023
251051
251175
251178
251033
251921
251191
251196
251217
251219
251226
252099
