40
154236 154229 953
154236 154293 811
154293 154236 811
154293 154303 1770
154229 154236 953
154229 154305 1522
154303 154293 1770
159124 159117 1774
154305 154229 1522
158738 158750 3469
158750 158738 3469
213486 213487 659
213486 213491 887
213491 213486 887
213487 213486 659
213552 213556 584
213556 213552 584
170908 170907 131
170907 170908 131
171248 171247 1346
170844 170878 337
170878 170844 337
95731 95735 1306
95735 95731 1306
150890 150885 2388
150885 150890 2388
149393 149395 2095
149395 149393 2095
147220 149327 1307
149327 147220 1307
147224 147225 719
147225 147224 719
150265 150323 312
150323 150265 312
171247 171248 1346
171473 171472 169
159117 159124 1774
171472 171473 169
162384 162385 767
162385 162384 767
155
223334
215279
223335
223177
223183
223274
223277
150890
150946
150955
151844
150413
150417
150864
150868
150870
150885
149385
149393
149395
149642
149769
150903
150957
150960
147220
149327
147213
147216
147234
147254
147224
147225
147258
147287
147291
147336
147343
147475
147482
147481
147497
147491
147494
147511
147775
147778
147785
141719
148011
146960
148070
148991
148994
205097
205113
205130
212890
212898
212902
212941
212942
150265
150323
150339
150344
198732
198712
198757
198733
198735
198739
205095
205102
171247
171325
171473
171336
171489
171485
171529
159116
159117
171472
171552
159114
162384
162385
171557
154234
154229
159124
159133
159134
159201
154305
159350
159351
159353
159367
159365
159439
159446
159582
159584
159601
159653
159663
172123
159771
172646
158738
158750
160100
160109
213056
213053
213415
213491
213416
213434
198603
213483
213556
170904
171345
171260
170820
170844
172595
170906
95737
95592
97680
95579
95731
95735
94740
95247
95327
95336
95337
95657
95526
95617
95627
95629
95638
102544
95444
95632
95649
101708
101704
101706
