102
83304 83303 580
83331 83332 3123
83332 83331 3123
83609 83608 1999
83608 83609 1999
82026 82025 1687
82025 82026 1687
86684 86688 238
86688 86684 238
86607 86606 337
82029 82030 712
86616 86611 2057
86606 86607 337
86608 86611 1898
86611 86608 1898
86611 86616 2057
82030 82029 712
86802 86806 1635
86806 86802 1635
85752 85741 1893
85740 85741 614
85740 85743 1619
85780 85743 1031
85781 85777 1184
83918 83917 245
79188 79187 893
79195 79187 1017
79687 79698 2468
79695 79698 2556
79678 79677 1592
79678 79701 1344
79681 79677 2165
79160 79159 2099
79727 79725 1276
79727 79728 2561
79748 79725 1000
79700 79703 2707
80436 79703 531
79701 79678 1344
79701 79704 1396
79709 79729 604
79728 79727 2561
79728 79729 678
79901 79902 889
79903 79902 3989
79912 79913 855
79914 79913 351
91577 91579 594
79803 79804 2596
79908 79804 6176
80207 80205 1312
80211 80205 849
79798 80210 5204
80219 80210 755
80219 80230 611
80243 80242 1398
80244 80242 2985
80317 80249 818
85741 85740 614
85741 85752 1893
85743 85740 1619
85743 85780 1031
85777 85781 1184
83917 83918 245
79187 79188 893
79187 79195 1017
79698 79687 2468
79698 79695 2556
79677 79678 1592
79677 79681 2165
79159 79160 2099
79725 79727 1276
79725 79748 1000
79703 79700 2707
79703 80436 531
79704 79701 1396
79729 79709 604
79729 79728 678
79902 79901 889
79902 79903 3989
79913 79912 855
79913 79914 351
91579 91577 594
79804 79803 2596
79804 79908 6176
80205 80207 1312
80205 80211 849
80210 79798 5204
80210 80219 755
80242 80243 1398
80242 80244 2985
80249 80317 818
80230 80219 611
80272 80277 2476
80277 80272 2476
162290 162292 600
162292 162290 600
90360 90259 853
90259 90360 853
83909 85331 611
85331 83909 611
83303 83304 580
153
85741
85743
85777
83917
79187
79698
79677
79159
79725
79703
79704
79729
79902
79913
91579
79804
80205
80210
80242
80249
81336
86209
80222
80230
81054
81052
80272
80277
80283
162290
162292
162305
162303
87905
87909
87907
90179
90181
90183
90164
90202
90162
90249
90229
90233
90243
87863
90170
90236
90360
90259
90262
90379
90382
90384
90388
85237
90522
85272
85274
83909
85276
85331
82004
82016
82032
83527
83303
83295
91697
83316
83526
83331
83406
83361
83378
83381
83608
83448
83454
83484
83715
83349
82025
86684
86688
91077
91912
91915
82726
86302
86577
86580
80775
86597
82632
86616
86608
86611
82138
82154
86648
86714
82087
86773
86802
86806
86791
87017
86819
86777
86779
86872
91405
81771
81774
81989
81971
81973
85851
86283
86281
85864
85752
85754
85849
83945
85364
85780
85781
79188
79195
79687
79695
79678
79681
79160
79727
79748
79700
80436
79701
79709
79901
79903
79912
91577
79803
79908
80207
80211
79798
80317
