3868
93472 93451 2770
93472 93470 1293
93477 93476 461
93477 102025 2146
93479 93483 2009
93479 93484 3921
94072 94074 3076
94072 94075 1055
94073 94078 2889
94073 94079 2250
98549 98548 480
103226 101999 1047
103226 103227 1966
102677 95718 1739
102677 102678 1527
98309 98265 2549
98309 98310 580
98484 98485 62
98484 98486 147
98499 98310 2986
191101 191102 5761
191101 191333 2059
191285 194413 4355
191287 191467 481
194315 191457 1607
191127 191126 4594
191127 191216 1092
191205 191206 3427
191205 191281 1686
118493 118492 999
194426 191371 3647
191270 191283 7520
118612 118611 2364
118612 118678 2850
118617 118618 471
118617 118619 1693
118619 118617 1693
118619 118620 1830
118698 118699 2730
118698 118700 1547
118698 118702 1455
118703 118702 1728
118703 118704 191
118708 118702 1204
118709 118711 79
108905 108910 1894
108905 108943 1265
108907 50097 336
108939 108940 445
108939 108941 764
108919 108917 336
108979 50222 336
108983 108984 756
108983 108988 1344
108983 113776 764
109016 108970 2308
109016 108975 3227
113087 109075 293
113087 113779 6793
50206 50205 2225
50203 50205 848
50211 50207 201
50211 50213 737
50212 50214 927
50212 50217 102
109111 109112 604
109160 109180 1161
109166 109148 1607
109171 109040 826
109171 109170 1492
109142 109143 681
109142 109147 2933
109165 109143 1610
109165 109167 504
36070 36047 3307
36070 36069 1293
36071 36068 1493
36071 36069 1887
35571 35568 848
36141 36142 983
36141 36143 2474
35555 35552 1501
35555 35566 939
35566 35555 939
35566 35565 3635
36050 36051 946
36050 36056 1623
36064 36062 1429
36064 36067 1935
36175 36174 847
36177 36173 667
36177 36174 2559
36257 36256 1102
36257 36259 672
36260 36259 516
36262 36264 2459
36339 36340 713
36339 36341 475
50462 50463 904
50462 50464 859
36006 36008 1564
36006 36009 5593
50201 50199 4271
50201 50207 1715
50208 35509 2417
50208 50209 4355
36010 36011 2377
36010 36015 1796
36017 36015 713
36017 36018 1408
36027 36018 2408
44191 35701 751
44191 44174 1220
35701 44174 1411
35701 44191 751
45014 46434 2511
35688 35689 1120
44165 44158 1342
44165 44162 747
44165 44188 720
44190 50513 1359
44190 50515 456
35690 35689 1545
35690 35696 951
44577 44179 836
44577 44576 1610
44578 44576 890
44578 44579 1411
41728 41727 903
41728 50544 398
44624 44594 511
50532 50533 243
50532 50536 258
35714 35715 2006
35714 35728 1647
35714 35767 11577
35740 35743 2054
35740 35757 1855
35756 35755 336
35756 35757 2252
35756 35765 2458
35754 35759 610
35755 35756 336
35755 35758 1363
35755 35759 2967
35764 35758 4139
35764 35771 2645
37406 37405 1715
37407 37401 747
37407 37404 1967
37413 37401 1631
37413 37411 1305
37417 37418 709
37479 37434 418
37479 37480 1281
35673 35672 1266
35673 36229 1344
35671 35665 1066
35671 35669 276
35632 35626 924
35632 35634 688
35633 35630 1809
35633 35631 1085
36222 35639 403
36222 36225 354
36220 36218 2680
36220 36267 3044
36227 36225 983
36227 36229 2559
36267 36220 3044
36267 36268 344
36281 36276 475
36281 36283 1894
35661 35653 1946
35661 35663 1307
35680 35679 537
35663 35661 1307
35663 35664 672
35669 35667 1421
35669 35671 276
35678 35654 3154
35678 35655 884
37433 37431 1307
37433 37432 1210
37443 37432 2113
37443 37438 1534
37483 37713 435
37483 37714 1258
37483 37715 474
37718 37715 677
37718 37719 848
37726 37717 476
37709 37708 2552
37712 37710 1141
37712 37724 2365
35875 35855 1467
35875 35858 1221
35875 35880 418
35881 35880 537
35883 35879 807
35883 35891 1577
35888 37729 836
37711 37707 3188
37711 37729 1555
37724 37712 2365
37724 37729 558
35900 35899 403
35896 35873 1146
35896 35895 1275
35896 35901 1146
35985 35873 2483
35985 35986 890
35901 35894 476
35901 35896 1146
37836 37833 474
37836 37837 3206
37837 37836 3206
37837 37848 1636
37850 37848 952
37850 37852 828
37852 37850 828
37852 37868 951
44368 44369 377
35534 37869 600
37909 37908 451
37863 36005 1757
37863 41417 1306
37870 36002 373
37870 41424 828
41405 37862 2730
41405 41416 650
41449 41448 181
41450 41438 747
41450 41448 709
46586 46580 782
46586 46585 766
46586 46613 3419
46587 41454 713
46587 46580 1799
37871 36002 828
46614 46613 589
46614 46616 1123
46618 46616 766
46618 46624 1565
46626 46623 650
46626 46624 677
46688 46679 279
46688 46683 373
46687 46685 747
46687 46686 1773
46740 46696 238
46755 46783 449
46756 46784 889
46768 46766 2403
46768 46786 475
46775 46774 1963
46775 46784 688
46769 46726 276
46769 46767 688
46769 46770 667
46772 46767 2563
46772 46786 373
46778 46770 2285
46778 46779 818
46727 46720 688
46727 46729 1260
47039 46711 355
46473 46466 933
46473 46474 1033
46476 46475 1032
46476 46477 933
46475 46471 1268
46475 46476 1032
46475 47036 782
46779 46778 818
46779 46780 1536
127206 126885 606
127206 127205 873
127211 127210 1147
127211 127212 2337
127175 127176 1743
127175 127177 688
127175 127178 1161
127217 127214 1282
127217 127216 928
127217 127218 511
127216 127212 673
127216 127217 928
127195 127178 600
127195 127192 1758
127069 127067 1118
127069 127079 2706
127081 127116 683
127079 127069 2706
127079 127074 810
127079 127077 1323
127083 127179 2153
127136 127117 3745
127136 127135 928
127139 127134 183
127139 127135 1483
127180 127078 344
127180 127179 710
132484 127185 2443
127189 127186 1484
127189 127193 355
127193 127189 355
127193 127192 1454
127274 127285 2598
127279 127280 818
127279 127311 1366
127308 127312 333
127308 127319 1517
127319 127308 1517
127319 127318 905
127331 127335 766
127331 127337 518
127331 127338 1592
127335 127331 766
127335 127340 1827
126871 126895 1323
126898 46202 1211
46205 46203 751
132312 132311 1145
126857 126825 3461
126862 126868 1334
126862 132389 158
126860 126859 1147
126843 126842 807
126844 126841 873
126848 126836 4449
126848 126879 1147
126879 126848 1147
126879 126882 837
126886 126884 673
46194 46193 751
46194 46197 810
46194 46219 789
46183 46181 610
46183 46191 344
46204 46182 139
46204 46203 1206
46407 46243 517
46407 46419 3212
46424 46415 556
46425 46415 933
46425 46416 1505
46425 46454 1184
46255 46250 153
46454 46425 1184
46454 46449 1055
46454 46457 1436
46457 46454 1436
46457 46455 688
46457 46466 790
46478 46466 1598
46219 46194 789
46219 46223 863
127366 127356 843
127366 127365 1140
127367 127361 518
127372 127376 452
127373 127986 953
127291 127290 4000
127354 127350 752
127354 127352 697
127441 127440 4740
127441 132397 3076
127356 127350 782
127356 127366 843
127351 127349 1101
127351 127361 1565
127348 127346 518
127676 132314 288
127660 127659 337
127661 127658 436
127661 127662 1344
127688 127662 1018
127688 127695 1344
127698 127695 953
127698 127699 1467
127701 127699 767
127701 127702 222
127703 127702 344
127703 127716 1014
127718 127716 985
127808 127804 1226
127362 127324 1028
127956 127340 766
130362 130331 710
130362 130332 1346
130365 130332 948
130365 130334 1364
130365 130366 553
130369 130366 1781
130367 130366 941
130367 130373 1447
130437 130373 890
127752 127751 344
127752 127753 436
127795 127746 1344
127795 127798 683
127795 127802 119
127798 127795 683
127798 127797 893
127806 127797 2300
127806 127804 672
127775 127761 1367
127781 132366 690
127778 127765 684
127778 127779 1399
127783 132366 666
127779 127778 1399
127779 127785 964
127787 127788 954
127787 127790 874
127829 127790 1989
127827 127793 1087
127827 129334 1347
127827 129382 613
129386 129384 928
129386 129385 348
129397 129385 2220
129397 129398 3337
129581 129584 452
129594 129596 422
129594 129598 477
129595 129596 872
129595 129605 1690
129595 129614 796
129676 129674 1142
129676 129677 710
129700 129693 1534
129700 129701 673
129702 129701 739
129702 129706 1587
129702 129863 811
129864 129863 1308
129864 129868 436
121361 121360 1478
121361 121364 1884
121364 121361 1884
121364 121368 344
121377 121302 1211
121377 121378 811
121377 121381 789
121383 121327 1211
121383 121381 1277
121383 121385 752
121384 121378 1347
121384 121387 2982
121393 121391 477
121393 121394 1558
121394 121392 1256
121394 121393 1558
121394 121396 782
121397 121396 506
121397 121398 1447
121397 121411 1354
121409 121411 1225
121422 121368 2409
121422 121424 1880
121422 121425 156
121425 121368 2322
121425 121422 156
121416 121411 684
70010 70011 14666
70267 70271 747
70267 70278 2223
70277 70281 1011
69976 69973 782
69976 69977 1350
69976 70238 1181
56834 69940 893
56834 69982 253
69970 69954 2692
69970 69971 1000
69984 69955 1669
69984 69983 844
69974 69971 759
69974 69975 333
69862 56835 1894
69862 69860 2589
56828 56829 1132
56828 69898 827
129724 129723 811
129724 129726 1087
129724 129731 1813
129736 129735 1503
129736 129781 1206
129736 129789 1364
129739 129725 374
129764 129751 419
129789 129736 1364
129789 129793 1116
129807 129793 1276
129807 129797 747
129798 129788 1211
129798 129797 538
129798 129800 928
129881 129806 874
129878 129805 1881
129878 129883 890
130399 129883 238
130399 130333 1485
130405 130403 697
129752 129746 837
129752 129748 1411
129752 129749 837
129746 129744 698
129746 129745 1285
129746 129752 837
129758 129744 1211
129758 129755 837
129762 129755 1613
129762 129761 885
129762 129776 2357
129776 129762 2357
129776 129906 1368
129776 129907 538
121335 121336 1364
121335 121337 2842
129907 121336 739
129907 129776 538
129766 129767 309
129749 129747 1344
129749 129751 752
129749 129752 837
130408 130409 1448
130410 130373 1587
130410 130409 739
121348 121349 404
121348 121350 1866
218143 218144 350
218388 224748 2029
218391 218445 1799
218452 218449 811
218466 218465 846
218466 218629 902
218455 218467 1758
218455 218468 780
219010 218468 854
219010 219011 1368
219014 219011 3336
219014 219022 2161
219014 219025 840
219021 219022 172
219384 219040 1742
219384 219383 658
219384 219392 1009
219039 219040 834
219039 219043 2997
219039 219378 847
219040 219039 834
219040 219377 1249
219040 219384 1742
218566 218696 325
218674 218544 661
218570 218703 749
218570 218704 891
218571 218572 1176
218571 218679 1542
218580 218583 833
218582 218583 2345
218582 218704 212
218582 218706 697
218672 218530 1863
218680 218665 417
218680 218677 1379
218643 218641 1669
218644 218641 695
218644 218839 1841
218644 218844 825
218851 218853 759
218864 218854 515
218864 218872 815
218648 218662 493
218648 218664 2443
218664 218648 2443
218664 218663 697
218891 218890 768
218891 218894 2063
218895 218868 920
218895 218894 714
218889 218668 1298
218889 218882 699
218889 218890 802
218885 218869 1021
218885 218881 642
218866 218868 519
218866 218869 459
218866 218915 1649
218446 218448 751
218446 218463 1240
218461 224827 696
218613 218614 348
218462 218463 757
218622 218463 1610
218622 218623 636
218624 218623 1194
218624 218627 779
218882 216060 1156
218882 218668 1522
218882 218889 699
224075 224077 2188
224075 224078 2023
224075 224079 8304
218627 218624 779
218627 218628 877
220108 218696 425
220108 224488 395
220265 218696 782
220265 224452 603
224378 224380 292
224378 224381 535
222976 224380 387
224904 224905 248
224904 224906 277
218537 218517 798
218537 224053 428
218537 224054 652
222983 218531 1223
222983 218532 884
222991 218530 405
218691 218695 1414
218691 218699 844
218692 218699 1245
218692 218737 851
220752 220751 1638
222947 222965 1121
223001 218744 815
223001 222965 1119
223001 223003 336
222964 222967 304
222966 223070 4233
222966 223071 802
223068 223070 1226
223038 223045 897
223038 223081 1405
223069 223070 826
223069 223081 885
223069 223083 1081
223045 223038 897
223045 223061 1524
223059 223052 818
223059 223063 826
223059 223066 1186
223062 223067 596
223062 223085 982
223062 223113 858
223063 223059 826
223063 223064 1469
223056 223052 842
223056 223057 819
223056 223058 540
223052 223056 842
223052 223059 818
223052 223065 939
223057 223056 819
223057 223103 800
223102 223105 238
223102 223107 766
150853 150850 874
150853 150854 2231
150854 150852 840
150854 150853 2231
151013 151005 852
151013 151014 2101
151015 151014 791
151652 143889 872
151652 150852 242
151652 151005 178
149127 149086 834
149127 149128 2353
149130 149251 721
149274 149251 1475
149253 149128 831
149253 149251 873
149253 149254 899
149277 149254 1337
149277 149278 659
149279 149280 974
149283 149280 1158
149283 149293 148
149501 149293 667
149501 149502 175
146957 146958 908
146950 146958 516
146950 149538 807
149542 149539 1171
149542 149541 1052
149596 149546 1778
149596 149598 681
149596 151704 72
149598 149596 681
149598 151705 1405
150030 146601 2157
150030 150031 581
146601 146602 704
146601 150030 2157
151030 151014 2357
151030 151029 772
151106 151029 2461
151106 151105 802
151147 151105 2376
151147 151145 782
151166 151167 167
151269 151164 1651
151269 151180 801
147372 147373 969
147372 151281 2363
147379 147373 2349
147379 147378 696
147379 147401 2246
151283 151278 2364
151283 151281 757
151279 151183 2403
151279 151278 871
151271 151182 1043
151271 151183 922
151180 151162 1532
151180 151182 840
151180 151269 801
147401 147379 2246
147401 147403 756
147416 147403 961
147416 147431 927
147441 147431 1048
147441 147443 779
147447 147443 2623
147447 147446 802
147454 147446 2531
147454 147456 772
147454 147600 2111
147600 147454 2111
147600 147650 806
147659 147650 2351
147659 147653 822
147662 147653 2378
147662 147667 805
147662 147699 2330
147701 147699 805
147720 147703 840
147720 147716 1240
147720 147719 918
147721 147716 929
147721 147729 834
147729 147717 842
147729 147721 834
147729 147730 2813
147733 147730 845
147733 147741 2567
148248 147741 719
148248 148855 2661
148856 148855 830
148856 148857 801
148856 148864 2477
148857 148856 801
148857 148858 2554
148870 148858 756
148870 148876 1357
148901 146962 1441
148901 148902 168
148901 148905 823
148905 148901 823
148905 148906 1319
148905 148945 876
148945 148905 876
148945 148946 571
148945 148947 1374
148946 148945 571
148946 151700 255
148943 148964 590
148943 148966 617
144263 144264 198
144263 148962 1118
148950 148948 645
148950 148955 1348
148959 148957 449
148970 148963 936
148970 148966 1404
148970 148971 779
148972 148979 774
148972 149069 2356
149068 149069 795
149068 149070 815
149068 149155 2319
149070 149068 815
149070 149073 705
149070 149157 760
149072 149073 791
149072 149082 1343
149082 149072 1343
149082 149083 830
212740 212714 800
212740 212743 1358
212741 212743 702
212741 212749 726
212741 212750 942
212745 212749 724
212687 212688 459
212687 212747 165
212687 212765 670
212815 212747 181
150036 150035 793
150036 150053 659
150053 150036 659
150053 150039 936
150034 146981 833
150034 150035 2433
150075 150081 1481
150075 150082 2830
150077 150081 1410
150063 150039 1061
150063 150064 2452
150063 150067 790
150066 150064 754
150066 150072 2321
150066 150365 876
150103 150105 870
150103 150163 3186
150115 150109 2016
150115 150116 814
150104 150106 828
150104 150107 1408
150105 150103 870
150105 150107 792
150105 150165 2311
150096 150109 704
150096 150110 2455
150084 150081 865
150084 150088 2786
150084 150110 691
150192 150209 249
150192 151746 1203
150198 150201 1378
150200 150201 414
150200 150210 426
150200 150211 1453
150202 150201 414
150202 150236 1453
150237 150236 349
150237 150241 1422
150247 150241 517
150247 150250 1456
149617 151708 86
149233 151916 82
197028 214497 952
214498 214497 1833
214744 214745 2797
214744 215037 690
198819 198818 636
198819 198820 518
198802 214914 5454
198802 215040 1556
204968 204969 670
204968 204975 758
204968 204976 2439
204973 204972 741
204973 204975 1074
205034 204971 758
205034 205036 1906
205035 205036 767
205035 205041 1297
204969 204968 670
204969 204971 2201
205041 205035 1297
205041 205044 896
205041 205047 2109
154007 154008 759
154007 154031 238
154020 154019 905
154020 162455 674
168871 168870 677
168895 168894 1221
168895 168900 678
168895 172546 2171
168894 168895 1221
168894 168901 344
168900 168875 84
168900 168895 678
168905 168874 2615
168905 168904 1201
168905 168919 1810
168912 168919 767
168402 168403 1102
168402 168407 2568
168404 168403 2223
168404 168405 843
168408 168407 1102
168408 168764 1367
168408 170729 859
168762 168763 139
168762 168768 1356
168767 168768 940
168767 168781 2432
168819 168818 684
168819 171273 253
168783 168781 875
168783 168782 3162
168783 171213 874
168816 168817 445
168816 168822 791
168821 168822 1454
168821 168827 767
168823 168827 1919
168823 168933 631
168930 168934 710
168914 168913 928
168914 168945 829
168915 168913 1096
168915 168934 562
162415 162414 1353
162415 162416 610
162415 168944 1070
168923 162416 2044
168923 168920 511
168920 162425 2782
168920 168917 951
168920 168923 511
168917 162431 2700
168917 168918 650
168917 168920 951
168898 162454 683
168868 162453 1770
168868 168869 782
154041 154040 953
154041 154042 796
154041 154124 767
154124 154041 767
154124 154127 688
154060 154126 710
154060 154135 344
154129 154130 1285
154126 154060 710
154126 154133 767
154126 154136 475
154102 154101 2297
154102 154112 4776
154346 154347 1032
154346 154348 934
154348 154346 934
154348 154349 889
154348 154350 934
157457 157866 722
157865 157864 476
157865 157866 778
157602 157864 672
157876 157869 924
157876 158186 276
157868 157867 1190
157873 157867 672
157873 157871 674
154351 154350 927
154351 172287 1111
154428 154430 843
154428 154448 889
154443 154442 1494
154443 154447 2341
154446 154440 1248
154446 154988 1101
154996 154988 1036
154996 154995 1344
155001 154997 442
155004 154999 850
155004 155049 2138
157877 157871 667
157877 157878 1004
157878 157877 1004
157878 157880 889
157878 158605 906
157880 157878 889
157880 158606 1182
157846 157845 354
157847 157845 1537
157847 158419 782
155047 155049 1036
155089 155049 2515
155089 155088 1657
155089 155090 344
155132 155095 1102
155144 155148 562
155152 155148 1065
155152 155153 1906
157914 157913 1580
157914 157918 928
157913 157914 1580
157913 158618 829
157916 157920 567
157922 157923 2615
157924 157923 848
155153 155149 1102
155153 155152 1906
155153 155154 2126
155161 155154 1744
155161 155366 1032
155372 155367 2247
155406 155407 1155
155445 155446 684
155445 159737 1234
159738 159734 1004
159738 159737 1036
159806 159734 1636
159806 159810 1318
157778 157777 934
157778 157779 817
159933 159932 882
157973 157975 1534
157976 157974 713
157976 157983 906
157982 157983 436
157982 157983 436
157979 157978 2210
157979 158022 1531
157979 158023 1344
157960 157962 678
157960 158039 445
158023 157979 1344
158023 172323 775
157956 157967 890
157962 157960 678
157962 157967 678
157962 158004 485
157786 157787 1907
157985 157986 848
157958 157989 1423
157987 157986 1748
157987 157988 613
157780 157781 684
157780 157782 538
185757 185758 847
185757 185759 452
178475 178474 750
178475 178477 983
178478 178477 826
178478 185366 649
178469 178470 1374
178469 178482 1975
178487 178486 371
178487 178501 1363
178470 178469 1374
178470 178481 2350
178470 186107 1126
178474 178475 750
178474 178479 983
178221 178222 140
178221 178222 140
178235 178223 1617
178235 178236 500
178225 178224 1550
178518 178535 782
178415 186174 165
178438 178439 2028
178438 178457 3096
172115 157929 850
172115 172116 2138
158030 158029 879
158030 158700 2227
158701 158700 808
158701 158706 1995
158707 158706 874
158707 158727 2644
158723 158693 518
158729 158728 1984
158729 172139 705
155652 155653 1207
155652 158692 570
158795 158794 475
158692 155652 570
158692 158691 872
158692 158763 2688
158765 158759 1140
158765 158794 1118
158804 158792 1145
158804 158970 848
158965 158967 791
158965 158983 1744
159031 159030 344
159031 172118 752
159054 159055 511
159054 159089 2963
159091 159092 2672
159091 159099 710
159098 159099 924
159049 159050 404
159103 159104 3920
159103 161095 872
157870 157869 1268
157870 157871 1011
161277 161276 921
161279 161278 3233
213166 213163 756
213166 213165 1146
213166 213169 1016
213173 213169 868
213173 213198 1021
213165 213160 773
213165 213166 1146
161471 161466 1334
161471 161470 591
161466 161467 344
161466 161468 768
161466 161471 1334
213277 213275 300
213277 213278 768
213281 213283 519
206759 209294 1057
206759 213272 722
213200 213198 846
213200 213201 1496
161987 161986 2610
161987 161992 717
213285 213284 931
213285 213328 897
213327 213329 459
161981 161980 333
161981 161986 829
161981 162021 2880
159964 159963 419
161979 161980 3121
161979 161985 1658
162188 161985 796
162188 162190 337
162190 162188 337
162190 162189 1782
162023 161980 2660
162023 162021 2852
162198 162199 1161
162203 162202 1032
162201 162200 553
162201 162202 2367
162217 162218 864
169590 169589 837
169590 169631 782
169590 169632 935
169590 169635 2829
169636 169634 881
169610 169611 344
169610 169633 685
169589 169590 837
169589 169631 601
169284 169618 1423
169662 169663 613
169662 169666 1764
170527 170526 475
170519 170518 688
170519 172203 618
170517 170518 1227
170517 170523 782
170517 170678 1826
170677 170678 1454
170677 170681 1096
168362 168361 253
170080 170072 713
170466 170072 767
170466 170465 759
170461 170468 767
170461 170471 1336
170465 170466 759
170465 170474 672
170468 170461 767
170468 170471 1485
170548 170599 848
170548 170607 1105
170552 170551 611
170552 170607 1426
170096 170097 752
170096 170599 1382
170096 170601 474
170550 170551 984
170550 170559 1906
170557 170558 667
170557 170565 928
170558 170557 667
170558 170559 1085
170558 170564 1537
170553 170526 1447
170553 170566 2016
170553 170696 506
172568 172567 466
169690 169558 1534
169690 169691 1675
169557 169556 924
169686 169688 1227
169686 170112 747
170075 170092 767
169891 169892 495
169896 169895 746
169461 169663 1211
169482 169663 986
169482 169671 1768
169669 169670 1578
169669 169671 1229
169669 169672 1030
169670 169522 1818
169670 169669 1578
169670 169679 1977
169523 169521 1067
169523 169544 553
169522 169521 1439
169522 169539 1221
169522 169559 710
169522 169670 1818
169540 169539 1032
118542 118543 626
118542 118544 373
118545 118654 556
118653 118654 678
118653 119441 1947
95122 95121 1398
95122 95123 1944
95149 95495 1628
95149 101909 6579
95150 95214 557
95150 95215 511
95026 95022 806
95026 95027 1257
95083 95027 1482
95083 95089 373
95083 95090 1025
95090 95083 1025
95090 95093 1139
95092 95151 688
95092 95154 950
95092 95155 1160
95126 95127 847
94916 94910 3571
94916 94915 1830
102048 94925 2484
97397 97398 275
94254 94255 85
94254 94257 971
102439 94255 1024
102439 102442 635
102445 94239 47
93630 93631 627
93630 94259 508
94259 93630 508
94259 94260 947
94259 94275 1273
94284 94263 1139
94284 94268 1015
94284 94285 750
94285 94284 750
94285 94286 788
94291 94288 2211
94298 94299 809
94298 94300 696
108904 108909 2557
108956 108931 778
108956 108957 420
94318 94322 1014
94318 94323 796
50063 50091 884
50063 50092 750
50067 50064 1197
50072 50071 672
50072 50073 222
50072 50074 733
94249 94250 879
94249 94262 1813
94228 94241 588
94228 94242 1014
94204 94205 1861
94204 94208 1636
94209 94208 862
94209 94213 701
94209 94216 309
97399 97400 496
97402 97401 938
97402 97403 1401
97410 102517 573
97401 97398 803
97401 97402 938
97414 97412 2754
97414 97423 275
97473 102042 1364
97477 102960 329
97469 97470 1071
97469 102334 3415
97498 97549 996
97498 97550 598
97548 97564 1375
97595 97590 788
97595 97593 1576
97596 97587 580
97596 97598 929
97599 97580 1948
97604 97602 983
97598 97596 929
97598 102840 1801
97615 102840 884
97606 97602 737
97606 97609 1356
97606 97610 950
97610 97606 950
97610 97621 950
97610 98161 1395
97619 97620 1008
97619 97621 2004
97611 97612 1743
97640 97620 1395
97640 97643 314
97640 97644 1768
102232 102003 3729
102232 102233 1006
102240 102002 4055
95718 102283 1005
95718 102677 1739
102224 102223 1651
100625 100618 491
100625 102235 1052
100632 100630 1482
93469 93470 1867
93469 102024 350
93451 93452 1248
93451 93453 562
93451 93472 2770
93470 93452 2607
93470 93469 1867
93470 93472 1293
93476 93467 1427
93476 93477 461
102025 93477 2146
102025 102026 1150
93483 93479 2009
93483 93508 4688
93484 93479 3921
93484 93480 1973
93484 94078 556
94074 94072 3076
94075 94072 1055
94075 94076 452
94075 94077 3275
94078 93484 556
94078 94073 2889
94078 94080 1496
94079 94073 2250
94079 94080 2407
94079 94081 629
98548 95165 5989
98548 98549 480
98548 98552 2358
101999 102000 920
101999 103226 1047
101999 103228 834
103227 103226 1966
102678 102677 1527
98265 98136 5478
98265 98271 139
98265 98298 975
98265 98309 2549
98310 98271 2402
98310 98309 580
98310 98311 511
98310 98499 2986
98485 98484 62
98485 102524 1254
98486 98484 147
98486 98489 926
191102 191101 5761
191333 191101 2059
191333 191458 2160
194413 191285 4355
194413 194414 1326
194413 194415 1094
191467 191079 2192
191467 191287 481
191457 194315 1607
191126 191127 4594
191126 191396 76
191216 191127 1092
191216 191217 829
191206 191205 3427
191281 191205 1686
191281 191368 776
191281 191391 1881
118492 118493 999
118492 118494 1246
118492 118509 4688
191371 191105 4341
191371 194426 3647
191283 191270 7520
191283 191464 1610
191283 191465 2062
118611 118610 6668
118611 118612 2364
118611 118683 6726
118678 118612 2850
118678 118679 1796
118678 118681 1009
118618 118617 471
118620 118619 1830
118620 118621 1592
118620 118622 1203
118620 118699 1292
118699 118620 1292
118699 118698 2730
118699 118700 2033
118700 118691 1250
118700 118698 1547
118700 118699 2033
118702 118690 803
118702 118698 1455
118702 118703 1728
118702 118708 1204
118704 118703 191
118711 118709 79
108910 108905 1894
108910 108908 2085
108910 108944 848
108943 108905 1265
108943 108941 238
50097 50096 1177
50097 108907 336
108940 108939 445
108941 108939 764
108941 108942 333
108941 108943 238
108917 108918 354
108917 108919 336
50222 50098 5396
50222 108979 336
108984 108983 756
108988 108983 1344
108988 108987 764
108988 109010 1454
108988 113777 588
113776 108983 764
108970 108955 2308
108970 108975 2352
108970 109016 2308
108975 108970 2352
108975 108974 2752
108975 109016 3227
109075 108955 557
109075 113087 293
113779 113087 6793
50205 50203 848
50205 50206 2225
50205 50207 836
50207 50201 1715
50207 50205 836
50207 50211 201
50213 50211 737
50213 50214 806
50213 50215 2118
50214 50212 927
50214 50213 806
50214 50216 1085
50217 50212 102
50217 50219 1466
50217 50459 191
109112 109111 604
109112 109113 238
109112 109147 562
109180 109160 1161
109180 109176 452
109180 113655 504
109148 109149 503
109148 109166 1607
109040 109041 1576
109040 109044 747
109040 109171 826
109170 109128 648
109170 109152 551
109170 109171 1492
109143 109142 681
109143 109144 562
109143 109165 1610
109147 109112 562
109147 109142 2933
109147 109146 598
109167 109165 504
36047 36009 3288
36047 36045 950
36047 36070 3307
36069 36068 2527
36069 36070 1293
36069 36071 1887
36068 36069 2527
36068 36071 1493
35568 35563 3541
35568 35571 848
35568 36136 2003
36142 36141 983
36142 36149 1208
36143 35569 750
36143 35574 1008
36143 36141 2474
35552 35553 1446
35552 35555 1501
35552 35562 418
35565 35564 1066
35565 35566 3635
35565 36135 3696
36051 36050 946
36056 36050 1623
36056 36057 1026
36056 36058 1906
36062 36061 536
36062 36063 676
36062 36064 1429
36067 36049 2585
36067 36060 765
36067 36064 1935
36174 36172 581
36174 36175 847
36174 36177 2559
36173 36172 2753
36173 36177 667
36173 36244 847
36256 36244 276
36256 36245 1120
36256 36257 1102
36259 36246 445
36259 36257 672
36259 36260 516
36264 36253 672
36264 36255 893
36264 36262 2459
36340 36339 713
36340 36344 927
36340 36345 1058
36341 36339 475
36341 36342 713
36341 36343 870
50463 50462 904
50464 50462 859
36008 36006 1564
36009 36006 5593
36009 36016 2348
36009 36047 3288
50199 50200 373
50199 50201 4271
50199 50202 279
35509 35508 5678
35509 50208 2417
50209 50194 3389
50209 50208 4355
50209 50456 547
36011 36010 2377
36015 36010 1796
36015 36016 344
36015 36017 713
36018 36017 1408
36018 36027 2408
36018 50281 957
44174 35701 1411
44174 44173 1502
44174 44191 1220
46434 45014 2511
46434 50511 980
46434 50512 713
35689 35688 1120
35689 35690 1545
35689 35695 713
44158 44156 1033
44158 44159 1146
44158 44165 1342
44162 44159 1731
44162 44165 747
44162 50570 121
44188 44165 720
44188 50513 299
44188 50516 586
50513 44188 299
50513 44190 1359
50513 50514 432
50515 44190 456
35696 35690 951
35696 35695 1482
35696 35708 1120
44179 44177 1268
44179 44575 1677
44179 44577 836
44576 44570 2348
44576 44575 890
44576 44577 1610
44576 44578 890
44579 44574 939
44579 44578 1411
44579 44581 1175
41727 41728 903
41727 44532 1085
41727 44547 789
41727 44549 373
50544 41728 398
50544 50545 1124
44594 44593 709
44594 44599 1120
44594 44623 788
44594 44624 511
50533 50532 243
50533 50537 197
50533 50539 254
50536 50532 258
50536 50539 253
50536 50540 348
50536 50541 362
35715 35714 2006
35715 44629 3800
35728 35714 1647
35728 44609 1243
35728 44632 1683
35767 35714 11577
35767 35827 677
35767 35830 1055
35767 35833 953
35743 35740 2054
35743 35766 1725
35743 35776 4171
35757 35740 1855
35757 35756 2252
35757 35765 1931
35765 35756 2458
35765 35757 1931
35765 35766 373
35759 35754 610
35759 35755 2967
35758 35755 1363
35758 35764 4139
35758 35771 3188
35758 35772 3493
35771 35758 3188
35771 35764 2645
35771 35772 2561
35771 37422 1456
37405 37404 452
37405 37406 1715
37401 37402 293
37401 37407 747
37401 37413 1631
37404 37405 452
37404 37407 1967
37411 37409 765
37411 37412 905
37411 37413 1305
37418 37417 709
37434 37435 1810
37434 37438 650
37434 37479 418
37480 37479 1281
35672 35665 84
35672 35673 1266
35672 36226 2125
36229 35673 1344
36229 36227 2559
36229 36380 805
35665 35637 2253
35665 35671 1066
35665 35672 84
35626 35624 1181
35626 35630 168
35626 35632 924
35634 35627 1223
35634 35632 688
35634 35636 333
35630 35625 983
35630 35626 168
35630 35633 1809
35631 35625 1771
35631 35633 1085
35631 36218 983
35639 35636 1305
35639 36222 403
35639 36224 1631
36225 36222 354
36225 36226 2069
36225 36227 983
36218 35631 983
36218 36220 2680
36218 36235 713
36268 36266 475
36268 36267 344
36276 36266 2400
36276 36279 333
36276 36281 475
36283 36281 1894
35653 35652 1894
35653 35654 1008
35653 35661 1946
35679 35654 947
35679 35680 537
35664 35663 672
35664 50234 1209
35667 35660 474
35667 35668 1258
35667 35669 1421
35654 35653 1008
35654 35656 1009
35654 35678 3154
35654 35679 947
35655 35656 3487
35655 35678 884
37431 37427 1281
37431 37433 1307
37431 37703 2556
37431 37713 807
37432 37427 1363
37432 37433 1210
37432 37443 2113
37438 37434 650
37438 37439 1535
37438 37443 1534
37438 37444 1209
37713 37431 807
37713 37483 435
37714 37483 1258
37714 37705 1221
37715 37483 474
37715 37718 677
37719 37716 1357
37719 37718 848
37719 37721 751
37717 37716 827
37717 37722 697
37717 37726 476
37708 37705 905
37708 37707 2280
37708 37709 2552
37710 37707 873
37710 37712 1141
37710 37723 1345
35855 35840 1028
35855 35853 2111
35855 35858 828
35855 35875 1467
35858 35855 828
35858 35856 2967
35858 35875 1221
35880 35875 418
35880 35878 948
35880 35881 537
35879 35878 677
35879 35883 807
35891 35872 1066
35891 35883 1577
35891 35890 435
35891 35893 418
37729 35888 836
37729 37711 1555
37729 37724 558
37707 37706 1008
37707 37708 2280
37707 37710 873
37707 37711 3188
35899 35894 612
35899 35900 403
35873 35874 953
35873 35896 1146
35873 35984 810
35873 35985 2483
35895 35872 276
35895 35896 1275
35986 35984 2555
35986 35985 890
35986 35988 373
35894 35893 952
35894 35899 612
35894 35901 476
37833 37834 1281
37833 37836 474
37833 37838 511
37848 37837 1636
37848 37842 452
37848 37850 952
37868 37851 1535
37868 37852 951
37868 37907 977
44369 44368 377
44369 50330 940
37869 35534 600
37869 37861 600
37908 37907 1039
37908 37909 451
37908 50330 241
36005 35999 1421
36005 37862 2365
36005 37863 1757
41417 37863 1306
36002 36001 3934
36002 37861 1483
36002 37870 373
36002 37871 828
41424 37870 828
41424 41426 709
37862 36000 1275
37862 36005 2365
37862 41399 1307
37862 41405 2730
41416 41405 650
41416 41415 373
41448 41447 933
41448 41449 181
41448 41450 709
41438 41434 1882
41438 41450 747
41438 41454 713
46580 46577 581
46580 46581 1596
46580 46586 782
46580 46587 1799
46585 46582 709
46585 46586 766
46585 46611 3546
46613 46586 3419
46613 46612 253
46613 46614 589
41454 41438 713
41454 46577 1865
41454 46587 713
46616 46614 1123
46616 46618 766
46616 46619 1447
46624 46618 1565
46624 46619 709
46624 46626 677
46623 46621 1428
46623 46626 650
46623 46682 884
46679 46678 1080
46679 46686 713
46679 46688 279
46683 46681 1027
46683 46682 747
46683 46688 373
46685 46671 1779
46685 46687 747
46685 46696 1457
46686 46671 511
46686 46679 713
46686 46687 1773
46696 46685 1457
46696 46689 848
46696 46740 238
46783 46755 449
46783 46776 411
46783 46784 1419
46784 46756 889
46784 46775 688
46784 46783 1419
46766 46767 928
46766 46768 2403
46766 46773 404
46786 46768 475
46786 46772 373
46786 46788 1275
46774 46773 483
46774 46775 1963
46774 46776 517
46726 46721 1614
46726 46769 276
46767 46723 474
46767 46766 928
46767 46769 688
46767 46772 2563
46770 46769 667
46770 46777 713
46770 46778 2285
46720 46719 562
46720 46727 688
46720 46728 1225
46729 46727 1260
46711 46712 2586
46711 47037 435
46711 47039 355
46466 46457 790
46466 46465 1268
46466 46473 933
46466 46478 1598
46474 46471 841
46474 46473 1033
46477 46476 933
46471 46468 985
46471 46469 893
46471 46474 841
46471 46475 1268
47036 46472 683
47036 46475 782
47036 47037 1357
46780 46779 1536
126885 126884 1534
126885 127167 2018
126885 127206 606
127205 127169 2094
127205 127206 873
127205 127210 673
127210 127170 2115
127210 127205 673
127210 127211 1147
127212 127211 2337
127212 127213 837
127212 127214 1228
127212 127216 673
127176 127175 1743
127177 127174 828
127177 127175 688
127177 127214 848
127178 127175 1161
127178 127191 953
127178 127195 600
127214 127177 848
127214 127212 1228
127214 127215 951
127214 127217 1282
127218 127217 511
127192 127191 1222
127192 127193 1454
127192 127195 1758
127067 127040 421
127067 127066 610
127067 127069 1118
127116 127081 683
127116 127106 1450
127074 127061 752
127074 127066 3043
127074 127072 3224
127074 127079 810
127077 127075 984
127077 127079 1323
127077 127179 1185
127179 127077 1185
127179 127083 2153
127179 127180 710
127117 127104 753
127117 127114 1225
127117 127136 3745
127135 127114 3195
127135 127136 928
127135 127139 1483
127134 127109 4301
127134 127115 4735
127134 127139 183
127078 127075 1419
127078 127076 928
127078 127180 344
127185 127181 404
127185 127186 518
127185 132484 2443
127186 127184 2085
127186 127185 518
127186 127189 1484
127285 127274 2598
127285 127284 1868
127280 127275 1560
127280 127279 818
127280 127311 1483
127311 127279 1366
127311 127280 1483
127311 127313 850
127312 127308 333
127312 127313 511
127318 127314 1226
127318 127319 905
127318 127320 1234
127318 127337 843
127337 127318 843
127337 127331 518
127337 127339 1336
127338 127324 1454
127338 127331 1592
127338 127339 766
127338 127340 850
127340 127335 1827
127340 127338 850
127340 127341 782
127340 127956 766
126895 46202 452
126895 126871 1323
126895 126896 683
46202 46201 890
46202 126895 452
46202 126898 1211
46203 46201 2010
46203 46204 1206
46203 46205 751
132311 126810 573
132311 132312 1145
126825 126822 1009
126825 126828 697
126825 126856 1673
126825 126857 3461
126868 126862 1334
126868 126867 625
126868 132577 203
132389 126862 158
126859 126855 1141
126859 126860 1147
126842 126841 1865
126842 126843 807
126841 126842 1865
126841 126844 873
126836 126830 1594
126836 126839 139
126836 126848 4449
126882 126879 837
126882 126883 344
126882 127161 3461
126884 126883 1064
126884 126885 1534
126884 126886 673
46193 46191 610
46193 46194 751
46193 46196 1086
46197 46194 810
46181 46180 202
46181 46183 610
46181 46190 1502
46191 46183 344
46191 46193 610
46191 46195 976
46182 46179 953
46182 46180 3714
46182 46204 139
46243 46244 1800
46243 46407 517
46419 46407 3212
46419 46417 113
46415 46413 1742
46415 46420 505
46415 46424 556
46415 46425 933
46416 46413 906
46416 46414 796
46416 46425 1505
46416 46449 1144
46250 46249 476
46250 46255 153
46449 46416 1144
46449 46450 688
46449 46454 1055
46449 46455 1339
46455 46449 1339
46455 46457 688
46455 46464 610
46223 46219 863
46223 50326 85
127365 127350 752
127365 127361 337
127365 127366 1140
127361 127351 1565
127361 127365 337
127361 127367 518
127376 127372 452
127986 127373 953
127290 127289 506
127290 127291 4000
127350 127349 2248
127350 127354 752
127350 127356 782
127350 127365 752
127352 127293 2985
127352 127297 612
127352 127354 697
127440 127441 4740
127440 127455 792
127440 127629 3345
132397 127441 3076
132397 132399 3594
127349 127347 667
127349 127350 2248
127349 127351 1101
127346 127345 475
127346 127347 333
127346 127348 518
132314 127676 288
132314 132402 185
127659 127655 953
127659 127660 337
127658 127640 355
127658 127655 1222
127658 127661 436
127662 127657 630
127662 127661 1344
127662 127663 1357
127662 127688 1018
127695 127688 1344
127695 127696 880
127695 127697 1467
127695 127698 953
127699 127697 953
127699 127698 1467
127699 127701 767
127702 127701 222
127702 127703 344
127716 127703 1014
127716 127718 985
127716 127799 767
127716 127805 561
127804 127796 2300
127804 127805 796
127804 127806 672
127804 127808 1226
127324 127322 2633
127324 127338 1454
127324 127362 1028
130331 130329 829
130331 130330 1169
130331 130362 710
130332 130328 1534
130332 130330 808
130332 130362 1346
130332 130365 948
130334 130328 808
130334 130365 1364
130334 130368 739
130334 130403 1587
130366 130365 553
130366 130367 941
130366 130368 1485
130366 130369 1781
130373 130367 1447
130373 130368 808
130373 130410 1587
130373 130437 890
127751 127743 782
127751 127752 344
127753 127750 421
127753 127752 436
127746 127747 52
127746 127795 1344
127746 127796 752
127802 127743 672
127802 127795 119
127797 127796 672
127797 127798 893
127797 127806 2300
127761 127759 767
127761 127762 1467
127761 127775 1367
132366 127781 690
132366 127783 666
127765 127763 1018
127765 127764 688
127765 127778 684
127785 127779 964
127785 132408 1031
127785 132409 1209
127788 127771 1118
127788 127787 954
127788 127789 1344
127790 127787 874
127790 127789 673
127790 127793 940
127790 127829 1989
127793 127790 940
127793 127792 1285
127793 127827 1087
129334 127792 1030
129334 127827 1347
129334 129335 1030
129382 127827 613
129384 129344 751
129384 129345 837
129384 129386 928
129385 129386 348
129385 129397 2220
129398 129397 3337
129398 129576 673
129584 129576 710
129584 129581 452
129584 129605 222
129596 129594 422
129596 129595 872
129596 129597 1686
129598 129594 477
129598 129667 1357
129598 129668 907
129605 129584 222
129605 129595 1690
129605 129606 951
129614 129595 796
129614 129606 1534
129614 129615 672
129674 129671 631
129674 129676 1142
129674 129677 924
129677 129674 924
129677 129675 518
129677 129676 710
129693 129679 874
129693 129688 1503
129693 129694 673
129693 129700 1534
129701 129694 1534
129701 129700 673
129701 129702 739
129706 129694 673
129706 129702 1587
129706 129703 1484
129706 129707 811
129863 129702 811
129863 129707 1587
129863 129864 1308
129863 129870 874
129868 129864 436
129868 129869 418
129868 130310 436
121360 121361 1478
121368 121364 344
121368 121422 2409
121368 121425 2322
121302 121296 1148
121302 121301 2563
121302 121372 837
121302 121377 1211
121378 121372 1347
121378 121377 811
121378 121380 650
121378 121384 1347
121381 121305 1448
121381 121377 789
121381 121383 1277
121327 121305 1106
121327 121383 1211
121327 121390 344
121327 121391 631
121385 121383 752
121387 121351 2477
121387 121384 2982
121391 121327 631
121391 121390 518
121391 121393 477
121392 121329 1181
121392 121390 2679
121392 121394 1256
121392 121396 872
121392 121399 1535
121392 121400 1234
121396 121392 872
121396 121394 782
121396 121397 506
121398 121397 1447
121411 121397 1354
121411 121409 1225
121411 121412 1565
121411 121416 684
121424 121422 1880
70011 70010 14666
70011 70080 956
70271 70267 747
70271 70269 941
70271 70273 1833
70278 70267 2223
70278 70273 678
70278 70279 2374
70281 70277 1011
70281 70282 2844
70281 70283 202
69973 69969 1702
69973 69972 782
69973 69976 782
69973 70240 935
69977 69976 1350
70238 69976 1181
69940 56834 893
69940 69938 2113
69940 69939 2300
69982 56834 253
69982 69932 2872
