542
164738 164772 688
164771 164756 1827
164771 164773 843
164742 164667 2377
164742 164759 630
164746 164748 630
164595 164596 1742
164595 164667 791
164584 172150 475
211387 211385 918
211387 211386 912
211397 211393 278
211397 211403 583
195335 195336 1428
195335 211408 1056
211400 211401 1199
211505 195337 539
211505 211506 2194
211505 211507 686
211191 211187 3652
211191 211188 452
211191 211213 401
211383 211380 846
211383 211382 955
211399 211382 779
211399 211401 623
211399 211483 811
211507 211505 686
211507 211513 2201
211507 211528 750
211528 211507 750
211528 211514 2200
211528 211529 797
211538 211529 1220
211537 211529 867
211537 211541 2248
211545 211541 751
211545 211544 1636
211560 211562 833
211560 211563 1358
211564 211562 2233
211561 211544 797
211561 211563 709
211561 211568 1203
211574 211571 773
211574 211573 1696
211574 212185 846
212180 211566 1497
212182 212185 2080
212186 212185 846
212186 212206 2234
212186 212208 846
212187 212205 640
212187 212208 1539
212205 212187 640
212205 212209 1408
212243 212244 965
212243 212267 1212
212243 212273 1164
211395 211362 2448
211395 211394 846
211403 211394 1237
211403 211397 583
211442 211362 863
211442 211363 584
212471 212453 1965
212471 212472 691
212512 212472 1697
212512 212519 705
161412 161413 1105
161412 161432 562
164588 160145 4021
164588 164660 581
161430 161429 885
161430 172431 631
212518 212519 1620
212518 212534 691
212518 212536 1151
212532 212535 368
212254 212255 780
212254 212256 1215
212258 212256 752
212258 212263 1364
212264 212263 884
212264 212447 2175
212451 212453 883
114380 114378 514
114322 114320 695
114322 114331 936
114322 114333 883
114324 114312 417
114324 114321 1004
114324 116174 603
114218 113852 603
114218 114217 788
114218 114222 1270
114221 114220 735
114221 114222 1026
114201 114202 2448
114201 114207 1447
114207 114201 1447
114207 114216 1939
114214 114215 2740
114214 114424 787
114568 114567 749
114568 116195 417
114016 113971 4629
114016 114192 866
114191 114190 2303
114191 114203 344
114023 114024 1138
114036 114024 1114
114036 114025 1410
119123 119120 2410
119123 119469 1161
119467 119468 787
119467 119470 2828
119198 119197 10691
119310 119296 1203
119310 119466 1509
118562 118561 9167
118562 118608 2143
118565 118566 1483
118565 119148 1171
119387 119385 580
119343 119348 2089
119380 119381 3211
114857 114856 11867
114936 114941 344
115010 115009 980
115005 114855 926
115005 116236 1166
115019 115020 1853
115019 115020 1853
92009 92007 2554
92009 92008 1224
92011 92010 2165
92011 92014 4543
92022 92020 1861
92022 92029 4675
92028 92029 233
92028 102918 3917
92065 92056 946
92065 92064 888
92059 92057 611
92059 92061 3423
92072 92073 2371
92072 92074 1722
102182 102192 1189
102182 102206 5194
107449 107448 1499
107448 107449 1499
115849 115854 680
115854 115849 680
191700 191967 950
191967 191700 950
191729 192745 1662
192745 191729 1662
192768 192770 3057
192770 192768 3057
114721 114731 1483
114731 114721 1483
109818 109817 2971
109817 109818 2971
109899 109924 756
109924 109899 756
111086 111315 672
111315 111086 672
111315 111317 788
111317 111315 788
111317 111328 672
111328 111317 672
111330 111332 889
111332 111330 889
103350 103347 677
103347 103350 677
111679 111680 778
111680 111679 778
111680 111685 782
111685 111680 782
111685 111687 778
111687 111685 778
111695 111646 788
111695 111698 778
111698 111695 778
111651 111649 826
111637 111639 889
111646 111695 788
111639 111637 889
111649 111651 826
104311 104312 975
104312 104311 975
104364 104363 806
104363 104364 806
39541 39548 581
39548 39541 581
39203 39200 511
39200 39203 511
104843 104852 765
104852 104843 765
104922 104997 750
104994 104924 1585
104924 104994 1585
104997 104922 750
39365 39362 939
39362 39365 939
40812 40910 2068
40910 40812 2068
55230 55192 1560
48345 48339 677
48366 48357 713
48357 48366 713
48339 48345 677
48885 48846 900
48886 48903 1696
48903 48886 1696
48845 48842 1629
48846 48885 900
48865 48864 713
48864 48865 713
48842 48845 1629
131483 131478 1055
131478 131483 1055
131509 131508 747
131507 131508 713
131508 131507 713
131508 131509 747
54445 54514 2291
54514 54445 2291
54514 54520 2353
54557 54562 3666
54562 54557 3666
54590 54593 404
54590 54595 1903
54593 54590 404
54520 54514 2353
54595 54590 1903
55192 55230 1560
144497 144493 2336
144497 144508 2512
144508 144497 2512
144508 144545 2775
144545 144508 2775
150503 150617 1683
150499 150498 508
150498 150499 508
150617 150503 1683
150617 150622 1695
150622 150617 1695
150655 150648 1367
150648 150655 1367
140273 140365 845
140365 140273 845
140189 140368 1981
140368 140189 1981
141865 141867 2383
144493 144497 2336
141867 141865 2383
142096 142105 825
142105 142096 825
142105 142103 890
142102 142103 856
142103 142102 856
142103 142105 890
142074 142587 1866
142587 142074 1866
142548 142549 319
142549 142548 319
144501 142551 798
142551 144501 798
204847 204855 797
204855 204847 797
204855 204856 756
204856 204855 756
144557 144558 904
144558 144557 904
144712 144717 759
144564 144713 681
144713 144564 681
144717 144712 759
145108 145110 1341
145110 145108 1341
145110 145125 1168
145125 145110 1168
145554 145599 830
145599 145554 830
145605 145619 738
145619 145605 738
145619 145620 756
145620 145619 756
145795 145797 753
145801 145791 865
145791 145801 865
145797 145795 753
151478 151479 751
151479 151478 751
207894 207895 1367
207895 207894 1367
205175 208692 1089
208692 205175 1089
208746 208745 237
208745 208746 237
211176 211331 1477
211331 211176 1477
180461 180459 1254
180459 180461 1254
167109 167214 789
167214 167109 789
166765 166785 1179
166785 166765 1179
166785 166786 933
166786 166785 933
166786 167010 1095
167010 166786 1095
167030 167021 556
167021 167030 556
180377 180376 827
180376 180377 827
179674 179673 2578
179677 179679 2967
179673 179674 2578
179679 179677 2967
182111 182104 445
182095 182104 445
182104 182095 445
182104 182111 445
182179 182197 1496
182197 182179 1496
152951 152980 376
152980 152951 376
152369 152370 427
152370 152369 427
155536 155547 948
155547 155536 948
155595 155598 738
155598 155595 738
177124 177123 1454
177123 177124 1454
177059 177218 765
177215 177214 765
177218 177059 765
176208 176210 1034
176210 176208 1034
177214 177215 765
176814 176819 354
176819 176814 354
211360 211362 1346
211360 211363 2009
165267 165266 1774
165266 165267 1774
167317 167313 683
167313 167317 683
164800 164801 818
164801 164800 818
164801 164809 1531
164809 164801 1531
164821 164822 1426
164782 164772 710
164822 164821 1426
164772 164738 688
164772 164773 202
164772 164782 710
164756 164748 713
164756 164771 1827
164773 164771 843
164773 164772 202
164667 164595 791
164667 164742 2377
164759 164742 630
164748 164746 630
164748 164756 713
164596 164595 1742
172150 164584 475
211385 211387 918
211386 211387 912
211386 211393 511
211393 211386 511
211393 211397 278
195336 195335 1428
195336 195337 1399
211408 195335 1056
211408 211401 833
211401 211399 623
211401 211400 1199
211401 211408 833
195337 195336 1399
195337 211505 539
211506 211505 2194
211506 211513 670
211187 211191 3652
211188 211191 452
211213 211191 401
211380 211383 846
211382 211383 955
211382 211399 779
211483 211399 811
211513 211506 670
211513 211507 2201
211513 211514 751
211514 211513 751
211514 211528 2200
211529 211528 797
211529 211537 867
211529 211538 1220
211541 211537 2248
211541 211545 751
211544 211545 1636
211544 211561 797
211562 211560 833
211562 211564 2233
211562 211566 805
211563 211560 1358
211563 211561 709
211568 211561 1203
211571 211566 1090
211571 211574 773
211573 211574 1696
212185 211574 846
212185 212182 2080
212185 212186 846
211566 211562 805
211566 211571 1090
211566 212180 1497
212206 212186 2234
212208 212186 846
212208 212187 1539
212208 212209 683
212209 212205 1408
212209 212208 683
212244 212243 965
212244 212255 848
212267 212243 1212
212267 212273 1259
212273 212243 1164
212273 212267 1259
211362 211360 1346
211362 211395 2448
211362 211442 863
211394 211395 846
211394 211403 1237
211363 211360 2009
211363 211442 584
212453 212447 781
212453 212451 883
212453 212471 1965
212472 212471 691
212472 212512 1697
212519 212512 705
212519 212518 1620
161413 161412 1105
161432 161412 562
160145 164588 4021
164660 164588 581
161429 161430 885
172431 161430 631
212534 212518 691
212536 212518 1151
212536 212535 342
212535 212532 368
212535 212536 342
212255 212244 848
212255 212254 780
212256 212254 1215
212256 212258 752
212263 212258 1364
212263 212264 884
212447 212264 2175
212447 212453 781
114378 114380 514
114320 114321 695
114320 114322 695
114331 114322 936
114333 114322 883
114312 114324 417
114321 114320 695
114321 114324 1004
116174 114324 603
113852 114218 603
114217 114218 788
114222 114218 1270
114222 114221 1026
114220 114221 735
114202 114201 2448
114202 114203 781
114216 114207 1939
114216 114215 610
114215 114214 2740
114215 114216 610
114424 114214 787
114567 114568 749
116195 114568 417
113971 114016 4629
114192 114016 866
114190 114191 2303
114203 114191 344
114203 114202 781
114024 114023 1138
114024 114025 1571
114024 114036 1114
114025 114024 1571
114025 114036 1410
119120 119123 2410
119469 119123 1161
119468 119467 787
119470 119467 2828
119197 119198 10691
119296 119310 1203
119466 119310 1509
118561 118562 9167
118608 118562 2143
118566 118565 1483
119148 118565 1171
119385 119387 580
119348 119343 2089
119381 119380 3211
114856 114855 12313
114856 114857 11867
114941 114936 344
115009 115010 980
114855 114856 12313
114855 115005 926
116236 115005 1166
115020 115019 1853
115020 115019 1853
92007 92009 2554
92008 92009 1224
92008 92010 251
92010 92008 251
92010 92011 2165
92014 92011 4543
92020 92022 1861
92029 92022 4675
92029 92028 233
102918 92028 3917
92056 92065 946
92064 92065 888
92057 92059 611
92061 92059 3423
92073 92072 2371
92074 92072 1722
102192 102182 1189
102206 102182 5194
973
164738
164771
164742
164746
164595
164584
211387
211397
195335
211400
211505
211191
211383
211399
211507
211528
211538
211537
211545
211560
211564
211561
211574
212180
212182
212186
212187
212205
212243
211395
211403
211442
212471
212512
161412
164588
161430
212518
212532
212254
212258
212264
212451
114380
114322
114324
114218
114221
114201
114207
114214
114568
114016
114191
114023
114036
119123
119467
119198
119310
118562
118565
119387
119343
119380
114857
114936
115010
115005
115019
92009
92011
92022
92028
92065
92059
92072
102182
94413
92208
92291
92275
92280
115807
115815
92402
92406
92315
92316
105805
107031
107091
107022
107035
107087
107211
107124
107201
107176
106963
107120
107419
107449
107448
107453
107436
107446
107504
107514
107479
109494
92820
92956
92961
93036
93037
92848
92803
92805
116019
115788
115849
115854
92730
92517
115831
115861
191889
191537
191903
190884
190902
190900
190893
191700
191967
191662
191716
191729
192745
192752
192743
190879
191553
191891
192006
191823
191895
191841
191949
191866
192730
192737
192768
192770
193847
194015
194059
190967
192717
194248
192808
192813
114071
114365
114367
114721
114728
114731
109464
109774
109516
109808
109794
109802
109811
109791
109818
109817
109899
109912
109924
109929
109938
109933
109910
109892
109904
103362
105186
111032
110978
111008
111083
111074
111086
111315
111317
111328
111330
111332
111333
111336
103350
111290
103334
111361
111482
111498
111496
111505
111503
103347
111539
111555
111557
111527
103698
111679
111680
111685
111687
111706
111695
111719
111698
111763
111642
111651
111637
111634
111646
111639
111438
111440
111454
111649
111703
111660
113583
111779
104299
104136
104145
104119
104122
112881
112882
112753
104311
104350
104312
104361
104364
104363
50476
39224
39521
39511
39541
39548
39553
39556
39520
39522
39203
104735
104739
104283
104285
39158
39191
39181
39200
104843
104850
104852
104377
104379
104810
104897
104899
104919
104922
104487
104994
104924
104997
39545
39339
39285
39328
39365
39387
39362
39417
39421
39432
39430
39486
40442
40463
40467
40494
40603
40453
40473
40476
40562
40564
40475
40374
40384
50259
50407
50409
40823
40824
40827
40834
40846
40848
40856
40907
40909
40577
40586
40812
40816
40910
55230
55239
55241
55243
55422
55429
41625
40817
50384
48383
48409
48531
48550
48556
48345
48366
48357
48371
48373
41631
48339
48580
48698
48699
48702
48704
50272
48731
48884
48885
48585
48587
48886
48903
48845
48846
48840
48865
48864
48873
48878
48954
48955
48842
48239
48983
48993
48992
49009
49011
49032
48313
131366
131372
48312
48388
131367
131370
131385
131479
131483
131478
131509
131507
131652
131508
131655
131746
131777
131778
131833
131834
131842
131828
54364
54411
54417
54416
54427
54445
54514
54368
54552
54557
54562
54584
54590
54593
52743
52744
53778
54520
54527
54728
54595
53864
53913
53914
53950
53772
56773
53935
55153
55154
55192
144497
144508
144543
144684
144545
144682
150503
150499
150498
150617
150622
150655
150648
140291
150730
150646
140272
140273
140365
140189
140368
140433
140440
140446
141865
142536
142546
144493
141867
141879
141915
141937
141896
141933
141939
141954
151749
142111
142114
142132
142096
142105
142088
142102
142103
150721
142064
142065
142070
142074
142587
142591
142615
142624
142722
142736
142740
142548
142549
144501
142551
142775
142771
142772
142777
144783
56362
56363
204526
204701
204533
204709
196123
204771
204730
204735
204796
204801
204847
204857
204855
204856
204866
144694
144685
144705
144557
144558
144711
144712
144564
144713
144717
145037
145041
145042
145043
145049
145054
145108
145110
145125
145494
145498
145529
145543
145544
145554
145599
145602
145605
145619
145620
145795
145796
145801
145791
145792
145881
145693
145882
145797
145845
145849
145859
145873
145877
146083
146089
146100
151478
151479
151485
149091
151804
150368
151571
146115
151570
204463
204442
207894
207895
208648
208644
213041
214820
208689
208690
208696
208682
208683
208685
205175
205283
208678
208691
208692
208677
208712
208720
208734
208735
208738
208739
211114
211116
208746
208745
211166
211176
211331
211338
185565
180417
180461
180430
180459
180450
166539
166561
166582
166584
166569
166586
166565
167548
167347
167348
166743
166745
166728
162530
167238
152547
162531
162534
167109
167110
167124
167219
167241
167214
166752
166767
166780
166789
166741
166765
166785
166786
167010
167026
167030
167021
167022
167051
167063
167094
152418
152434
162535
152415
152426
152445
180128
180377
180376
180361
180373
179674
179677
179673
179679
180164
180167
182322
173561
185272
182331
182338
182074
182108
182113
182111
182095
182096
182097
182104
182179
182197
182272
182277
182287
182307
152336
152953
152957
152951
152993
153001
152937
152980
152322
152692
152714
152726
152733
152369
152371
152359
152357
152364
152370
152384
152449
152475
152485
153108
153135
155727
155703
155784
155776
155788
155969
155787
155751
153365
153137
153143
153205
153211
173536
175128
173599
173596
173576
173579
173533
173547
173552
173683
173684
173161
173209
173170
173197
185448
173875
185441
185706
152919
153046
153049
153090
153041
153056
155520
155535
155481
155536
155547
176121
176147
176474
156244
176501
176176
176190
176525
176531
176141
176149
176152
176154
155657
155648
155650
155681
156296
156290
156321
156302
156325
156063
156297
156306
155641
155683
155622
155645
155539
155594
155595
155598
155605
155626
176110
177124
177120
177123
177107
177049
177048
177059
177215
177218
177015
177126
177128
177052
177185
177202
177193
177205
177209
176220
176108
176128
176213
176208
176214
176210
176959
177198
176967
177214
177224
175015
176867
175017
176863
174949
175001
175009
174894
174972
176767
176814
176819
211360
165095
165349
165233
165273
165267
165266
165271
165274
165436
165441
167293
167304
167318
167324
167326
166558
167317
167313
167314
165111
165115
165097
165141
165137
165107
165117
165151
165147
164800
164801
164805
164848
164838
165152
157784
165334
165163
165352
165198
165380
165144
164809
164817
164821
164782
164822
164756
164667
164759
164748
211385
211386
211393
211408
211401
195337
211506
211187
211188
211213
211380
211382
211483
211513
211514
211529
211541
211544
211562
211563
211568
211571
211573
212185
212206
212208
212209
212244
212267
212273
211362
211394
212453
212472
212519
161432
160145
164660
161429
172431
212534
212536
212535
212255
212256
212263
212447
114378
114320
114331
114333
114312
114321
113852
114222
114220
114215
114424
113971
114192
114190
114025
119120
119197
119296
118561
118566
119148
119385
119381
114941
115009
114855
115020
92007
92008
92010
92014
92020
92029
92056
92064
92057
92061
92073
102206
