2240
1995 1993 1320
1995 1996 587
1995 1997 937
2007 1998 2007
2007 2009 562
2033 2034 888
2033 2039 1576
2043 2096 815
2043 2097 1630
2389 2390 1356
2389 2391 308
2394 2395 611
2394 2396 1007
2427 2410 1418
2427 2413 713
2427 2429 2927
2433 2434 275
2433 2435 222
2439 2435 1090
2439 2440 1012
2453 2440 2457
2453 2454 2450
2409 2398 675
2452 2566 687
2452 2567 2039
2565 2567 562
2565 2586 782
2565 2588 353
2586 2565 782
2586 2587 1429
2584 2591 2687
2584 2624 587
6387 2587 1007
2533 2624 1225
2533 2625 846
2626 2624 168
2626 2628 3792
2639 2633 713
2634 2573 1346
2634 2633 333
2634 2635 893
2656 2635 1940
2656 2670 238
3050 3074 515
3050 3075 222
3051 3075 587
3067 6393 935
3113 3115 2679
3113 3116 649
3113 3118 2199
3114 3118 336
3114 3127 344
3112 3127 847
3112 3128 1751
3130 3128 835
3130 3132 275
3272 3273 949
3272 3274 686
3933 3931 675
3933 3934 418
3265 3248 1012
3265 3269 1454
3268 3275 786
3268 3276 1827
3244 3245 1014
3926 3927 344
2 3873 1667
3941 3944 109
3942 3954 778
3942 3958 838
4037 4039 706
4037 4040 3224
4037 4042 845
4041 4042 2118
4041 4043 754
4034 3916 1178
4034 4038 4458
4045 4043 1095
4045 4046 1891
3800 3798 786
3800 3799 1593
3817 3816 1729
3817 3818 1565
4055 4053 876
4055 4056 1457
4059 4083 692
122 119 1547
122 123 2138
125 126 1031
125 127 2085
5818 123 2184
5818 5935 3415
132 5932 4351
134 135 535
134 136 1686
109 108 4799
109 111 3002
174 111 6223
174 166 2754
6416 4706 3574
170 165 924
170 171 3415
171 170 3415
171 176 3744
215 216 1084
217 218 1109
217 223 2956
4734 4732 808
252 253 2983
252 262 3880
262 252 3880
262 264 5666
213 265 1004
464 437 1508
5892 5885 1867
5892 5889 2436
666 667 1793
666 749 1207
5902 5899 1004
5910 5908 3782
5910 5913 2012
5864 5862 1225
5864 5868 2696
5933 5922 674
5934 5936 2148
146 147 2271
146 148 3591
5959 5957 1213
5959 5966 1718
5715 5709 2126
5715 5710 2275
5712 5710 1187
5712 5713 1669
5958 5702 2624
5958 5965 1492
5762 5758 2151
6150 6151 2474
6150 6268 6946
6151 6150 2474
6151 6153 2834
6272 6273 2104
6272 6275 1766
6280 6279 433
6280 6281 335
6309 6308 4354
6309 6311 1593
6281 6279 373
6281 6280 335
6354 3415 3548
6354 6355 3358
435 434 4611
435 467 1556
445 446 1653
445 452 888
1993 1994 269
1993 1995 1320
1993 2019 308
1996 1992 503
1996 1995 587
1996 1997 580
1997 1995 937
1997 1996 580
1997 1998 3042
1998 1997 3042
1998 2004 787
1998 2007 2007
2009 2007 562
2009 2008 222
2009 2039 2985
2034 2033 888
2039 2009 2985
2039 2033 1576
2039 2037 1004
2096 2043 815
2097 2043 1630
2097 2098 1355
2097 2109 511
2390 2389 1356
2391 2112 2911
2391 2389 308
2391 6496 1327
2395 2394 611
2395 2398 672
2395 2406 1678
2396 2139 1374
2396 2141 1360
2396 2394 1007
2396 2414 687
2410 2411 818
2410 2419 1055
2410 2420 603
2410 2427 1418
2413 2412 1808
2413 2412 1808
2413 2427 713
2429 2427 2927
2429 2428 515
2429 2434 515
2434 2429 515
2434 2433 275
2434 2435 275
2435 2433 222
2435 2434 275
2435 2436 1556
2435 2439 1090
2440 2439 1012
2440 2453 2457
2440 2454 1139
2454 2440 1139
2454 2453 2450
2454 2455 1447
2398 2395 672
2398 2409 675
2398 2417 1773
2398 2418 713
2566 2452 687
2566 2568 475
2566 2569 2107
2567 2452 2039
2567 2565 562
2567 2569 562
2567 2573 2703
2588 2565 353
2588 2589 1012
2587 2586 1429
2587 2589 905
2587 2591 838
2587 6387 1007
2591 2584 2687
2591 2587 838
2591 2592 1114
2624 2533 1225
2624 2584 587
2624 2626 168
2625 2533 846
2628 2592 839
2628 2626 3792
2628 2633 838
2633 2628 838
2633 2634 333
2633 2639 713
2573 2567 2703
2573 2634 1346
2635 2593 1179
2635 2616 788
2635 2634 893
2635 2656 1940
2670 2656 238
2670 2668 452
3074 2675 1268
3074 3050 515
3074 3075 515
3075 3050 222
3075 3051 587
3075 3074 515
3075 3076 3779
6393 3067 935
3115 3113 2679
3116 3113 649
3116 3117 880
3116 3119 2628
3118 3113 2199
3118 3114 336
3118 3119 876
3127 3112 847
3127 3114 344
3127 3129 1697
3128 3112 1751
3128 3129 746
3128 3130 835
3132 3130 275
3273 3272 949
3274 3272 686
3931 3929 834
3931 3932 561
3931 3933 675
3934 3933 418
3934 3935 344
3934 3948 2330
3248 3249 767
3248 3265 1012
3248 3266 2262
3269 3265 1454
3269 3276 867
3269 3314 452
3275 3268 786
3275 3277 763
3275 3278 1398
3276 3268 1827
3276 3269 867
3276 3278 786
3245 3229 1321
3245 3244 1014
3927 3926 344
3873 2 1667
3944 3941 109
3944 3945 240
3944 3956 1442
3954 3942 778
3954 3955 754
3954 3956 782
3958 3942 838
3958 3957 1565
3958 3962 754
4039 4037 706
4040 4037 3224
4040 4064 587
4040 4066 335
4042 4037 845
4042 4041 2118
4042 4044 845
4042 4048 3335
4043 4041 754
4043 4044 2016
4043 4045 1095
3916 3917 562
3916 3917 562
3916 4034 1178
4038 4034 4458
4038 4063 419
4038 4064 419
4046 4044 787
4046 4045 1891
3798 3799 1669
3798 3800 786
3798 3801 956
3799 3798 1669
3799 3800 1593
3816 3813 787
3816 3817 1729
3816 3819 433
3818 3817 1565
3818 3821 1816
3818 4050 1140
4053 4051 1234
4053 4055 876
4056 4055 1457
4083 4059 692
4083 4073 2182
119 117 3631
119 122 1547
123 122 2138
123 5818 2184
123 5923 4505
126 125 1031
127 125 2085
127 6422 609
5935 5818 3415
5935 5927 1026
5932 132 4351
5932 5927 974
5932 5931 7185
135 134 535
136 134 1686
108 105 3701
108 107 2285
108 109 4799
111 109 3002
111 166 4812
111 174 6223
166 111 4812
166 165 3931
166 174 2754
4706 4707 1810
4706 6416 3574
165 166 3931
165 169 2605
165 170 924
176 171 3744
216 95 2556
216 215 1084
216 219 3594
218 217 1109
223 217 2956
4732 167 344
4732 4729 749
4732 4733 1139
4732 4734 808
253 252 2983
264 262 5666
265 213 1004
265 266 893
265 373 2431
437 436 1262
437 439 1267
437 464 1508
5885 5884 4423
5885 5886 2533
5885 5892 1867
5889 5888 6010
5889 5891 985
5889 5892 2436
667 666 1793
749 666 1207
5899 5897 974
5899 5900 1724
5899 5902 1004
5908 5897 4281
5908 5909 1923
5908 5910 3782
5908 5913 4103
5913 5908 4103
5913 5910 2012
5913 5914 1138
5862 5850 2973
5862 5854 2248
5862 5861 6100
5862 5864 1225
5868 5864 2696
5868 5866 251
5922 5921 6524
5922 5931 201
5922 5933 674
5936 5934 2148
5936 5937 1391
5936 5938 3594
147 146 2271
148 146 3591
5957 5702 2568
5957 5959 1213
5966 5959 1718
5709 5707 2089
5709 5715 2126
5709 5716 2652
5710 5711 670
5710 5712 1187
5710 5715 2275
5713 5699 823
5713 5712 1669
5713 5714 2414
5702 5701 3116
5702 5957 2568
5702 5958 2624
5965 5958 1492
5758 5759 1168
5758 5762 2151
5758 5764 2682
6268 6150 6946
6268 6264 3257
6268 6267 1427
6153 6151 2834
6273 6272 2104
6275 6272 1766
6275 6274 2037
6279 6277 502
6279 6280 433
6279 6281 373
6308 6248 743
6308 6276 1811
6308 6309 4354
6311 6309 1593
6311 6316 474
6311 6317 603
3415 3414 4992
3415 6354 3548
3415 6358 3816
6355 6354 3358
434 403 1349
434 432 3701
434 435 4611
467 435 1556
446 445 1653
446 6376 370
452 445 888
452 451 660
452 476 499
1994 1993 269
2019 1993 308
1992 1991 275
1992 1996 503
2004 1998 787
2004 2005 1951
2004 2006 2007
2008 2006 680
2008 2009 222
2008 2010 2446
2037 2038 1341
2037 2039 1004
2037 2040 621
2098 2066 2153
2098 2097 1355
2098 2099 746
2109 2097 511
2112 2111 902
2112 2117 418
2112 2391 2911
6496 2391 1327
2406 2395 1678
2406 2407 1285
2406 2408 562
2139 2115 749
2139 2140 1084
2139 2141 557
2139 2396 1374
2141 2139 557
2141 2140 937
2141 2142 511
2141 2396 1360
2414 2396 687
2411 2410 818
2419 2410 1055
2419 2418 1006
2419 2428 2890
2420 2410 603
2412 2413 1808
2412 2413 1808
2428 2419 2890
2428 2425 983
2428 2429 515
2436 74 3996
2436 2435 1556
2436 2437 580
2455 2454 1447
2417 2142 398
2417 2398 1773
2418 2398 713
2418 2416 706
2418 2419 1006
2568 2458 924
2568 2566 475
2568 2570 1844
2569 2566 2107
2569 2567 562
2569 2570 238
2569 2575 1012
2589 2587 905
2589 2588 1012
2589 2592 948
2592 2589 948
2592 2591 1114
2592 2628 839
2593 2590 598
2593 2590 598
2593 2635 1179
2616 2603 1746
2616 2635 788
2616 2660 288
2668 2667 838
2668 2669 2347
2668 2670 452
2675 2673 1012
2675 2685 2557
2675 3074 1268
3076 2685 1012
3076 3075 3779
3117 3116 880
3117 3120 1654
3117 3121 436
3119 3116 2628
3119 3118 876
3119 3133 949
3129 3127 1697
3129 3128 746
3129 3134 782
3929 3930 1815
3929 3931 834
3929 3932 597
3932 3929 597
3932 3931 561
3932 3935 867
3935 3930 846
3935 3932 867
3935 3934 344
3948 3934 2330
3948 3947 445
3948 3949 667
3249 3248 767
3266 3248 2262
3266 3313 1312
3266 3314 1194
3314 3266 1194
3314 3269 452
3314 3315 924
3277 3275 763
3277 3279 706
3277 3280 1004
3278 3275 1398
3278 3276 786
3278 3280 1112
3229 3230 482
3229 3245 1321
3945 1496 761
3945 3944 240
3945 3947 213
3956 3944 1442
3956 3954 782
3956 3957 922
3955 3954 754
3957 3956 922
3957 3958 1565
3957 3963 687
3962 3958 754
3962 3960 778
3962 3977 1928
4064 4038 419
4064 4040 587
4064 4065 4668
4066 4040 335
4066 4048 335
4066 4067 4567
4044 4042 845
4044 4043 2016
4044 4046 787
4044 4049 1897
4048 4042 3335
4048 4066 335
4048 4073 923
3917 3912 3120
3917 3916 562
3917 3916 562
4063 3992 4557
4063 4038 419
4063 4062 503
3801 3798 956
3813 3814 713
3813 3815 838
3813 3816 787
3819 3816 433
3819 3820 937
3819 3820 937
3821 3818 1816
4050 3818 1140
4050 4051 2016
4050 4052 1542
4051 4050 2016
4051 4052 1360
4051 4053 1234
4073 4048 923
4073 4072 893
4073 4083 2182
117 115 2551
117 118 1052
117 119 3631
5923 123 4505
5923 5924 1415
6422 127 609
5927 5928 2113
5927 5932 974
5927 5935 1026
5931 5922 201
5931 5929 1707
5931 5932 7185
105 106 5791
105 108 3701
105 110 921
107 108 2285
107 4601 3837
4707 4706 1810
169 165 2605
169 4718 1881
95 96 2345
95 97 1234
95 216 2556
219 216 3594
219 4796 3684
219 4798 2316
167 168 1345
167 4730 549
167 4732 344
4729 4724 473
4729 4732 749
4733 4732 1139
4733 4735 924
266 265 893
266 267 2747
266 268 12787
373 265 2431
373 267 2789
373 374 1336
436 432 2106
436 437 1262
436 438 2321
439 437 1267
5884 5876 4811
5884 5883 2028
5884 5885 4423
5886 5885 2533
5886 5887 1588
5886 5890 514
5888 5889 6010
5888 5895 1001
5888 5896 3591
5891 5889 985
5897 5898 3152
5897 5899 974
5897 5908 4281
5900 5899 1724
5900 6005 1479
5900 6007 3376
5909 5908 1923
5914 5913 1138
5850 5849 311
5850 5851 2211
5850 5862 2973
5854 5836 4781
5854 5862 2248
5861 5859 475
5861 5862 6100
5866 5867 2428
5866 5868 251
5866 5869 1159
5921 5848 3015
5921 5919 4099
5921 5922 6524
5937 5936 1391
5938 5936 3594
5938 5939 596
5938 5940 1252
5707 5705 1863
5707 5709 2089
5707 5723 4799
5716 5709 2652
5716 5724 1897
5716 5725 785
5711 5688 3019
5711 5710 670
5699 5698 237
5699 5713 823
5714 5713 2414
5701 5698 562
5701 5702 3116
5759 5757 397
5759 5758 1168
5764 5757 2186
5764 5758 2682
5764 5766 1298
6264 6265 3322
6264 6268 3257
6264 6274 2158
6267 6245 1052
6267 6268 1427
6267 6269 1390
6274 6264 2158
6274 6275 2037
6274 6277 1706
6277 6274 1706
6277 6276 3432
6277 6279 502
6248 6246 3994
6248 6308 743
6248 6310 1480
6276 6277 3432
6276 6278 981
6276 6308 1811
6316 6257 4813
6316 6311 474
6316 6317 562
6317 6311 603
6317 6316 562
6317 6318 2454
3414 3415 4992
3414 3421 3454
6358 3415 3816
403 402 1253
403 405 2321
403 434 1349
432 433 452
432 434 3701
432 436 2106
6376 446 370
451 447 712
451 452 660
451 456 765
476 447 87
476 452 499
1991 484 222
1991 1988 2213
1991 1992 275
2005 2004 1951
2006 2002 556
2006 2004 2007
2006 2008 680
2010 2008 2446
2010 2013 335
2010 2058 475
2038 2037 1341
2040 2037 621
2066 2063 1071
2066 2098 2153
2066 2100 950
2099 2098 746
2111 2105 1861
2111 2110 804
2111 2112 902
2117 2112 418
2407 2406 1285
2408 2406 562
2115 2114 937
2115 2120 275
2115 2139 749
2140 2124 2682
2140 2139 1084
2140 2141 937
2142 2141 511
2142 2143 201
2142 2144 1292
2142 2417 398
2425 2415 2003
2425 2422 948
2425 2426 1006
2425 2428 983
74 73 798
74 2436 3996
74 2456 3397
74 2462 1767
2437 2426 1149
2437 2436 580
2437 2441 556
2416 2415 2335
2416 2418 706
2458 2459 2140
2458 2461 1906
2458 2568 924
2458 2574 2012
2570 2568 1844
2570 2569 238
2570 2574 893
2575 2569 1012
2575 2590 1277
2590 2575 1277
2590 2593 598
2590 2593 598
2590 2603 938
2603 2590 938
2603 2604 1406
2603 2616 1746
2660 2616 288
2660 2658 344
2660 2667 680
2667 2660 680
2667 2666 2224
2667 2668 838
2669 2666 680
2669 2668 2347
2669 2671 335
2673 2674 2568
2673 2675 1012
2685 2674 1179
2685 2675 2557
2685 2686 1222
2685 3076 1012
3120 3117 1654
3120 3122 611
3120 3123 1780
3121 3117 436
3121 3122 1356
3121 3133 2276
3133 3119 949
3133 3121 2276
3133 3134 201
3134 3122 2610
3134 3129 782
3134 3133 201
3930 3929 1815
3930 3935 846
3930 3946 2545
3947 3945 213
3947 3948 445
3949 3948 667
3313 3266 1312
3315 3299 2821
3315 3314 924
3315 3316 580
3315 3328 2602
3279 3277 706
3279 3281 610
3279 3282 335
3280 3277 1004
3280 3278 1112
3280 3281 550
3230 2525 780
3230 3229 482
1496 1232 1118
1496 2370 77
1496 3945 761
3963 1232 864
3963 3957 687
3963 3969 610
3960 3911 667
3960 3961 587
3960 3962 778
3960 3976 1760
3977 3962 1928
3977 3976 796
3977 3979 84
4065 3992 845
4065 4064 4668
4067 4066 4567
4049 4044 1897
4049 4072 713
4049 4074 1262
3912 3911 889
3912 3917 3120
3992 3986 867
3992 4063 4557
3992 4065 845
4062 3980 419
4062 4063 503
3814 3813 713
3815 3813 838
3820 3819 937
3820 3819 937
4052 4050 1542
4052 4051 1360
4072 4049 713
4072 4073 893
4072 4075 1593
115 116 4240
115 117 2551
118 117 1052
5924 5817 1935
5924 5923 1415
5924 5925 2117
5928 5927 2113
5929 5925 4613
5929 5930 1445
5929 5931 1707
106 105 5791
106 5812 3222
110 105 921
110 116 3750
4601 107 3837
4601 4597 3477
4601 4602 2829
4718 169 1881
4718 4714 1831
96 95 2345
97 95 1234
97 98 3101
97 220 3445
4796 219 3684
4796 2324 3643
4796 4797 3057
4798 219 2316
4798 4743 1425
4798 4799 1809
168 167 1345
168 4737 2508
4730 167 549
4730 4731 649
4724 4723 2698
4724 4729 473
4735 4733 924
4735 4736 354
267 266 2747
267 373 2789
267 375 2169
268 266 12787
268 280 1071
268 281 556
374 373 1336
438 436 2321
5876 5877 756
5876 5880 817
5876 5884 4811
5883 5697 2883
5883 5882 4846
5883 5884 2028
5887 5886 1588
5890 5886 514
5895 5858 1494
5895 5888 1001
5895 5893 3243
5896 5888 3591
5898 5897 3152
6005 5860 3220
6005 5900 1479
6007 5900 3376
5849 5848 278
5849 5850 311
5851 5850 2211
5836 5831 5498
5836 5840 1854
5836 5854 4781
5859 5853 1675
5859 5860 237
5859 5861 475
5867 5866 2428
5869 5866 1159
5869 5870 3159
5848 5846 1137
5848 5849 278
5848 5921 3015
5919 5817 950
5919 5920 2021
5919 5921 4099
5939 5938 596
5940 137 3557
5940 5938 1252
5940 5941 671
5705 5694 5483
5705 5703 504
5705 5707 1863
5723 5707 4799
5724 5716 1897
5725 5716 785
5725 5726 9047
5725 5727 1026
5688 5687 3138
5688 5691 278
5688 5711 3019
5698 5699 237
5698 5700 678
5698 5701 562
5757 5731 1456
5757 5759 397
5757 5764 2186
5766 5764 1298
6265 6264 3322
6245 6242 1584
6245 6266 930
6245 6267 1052
6269 6267 1390
6246 6235 6979
6246 6247 4196
6246 6248 3994
6246 6259 5872
6310 6248 1480
6278 6276 981
6257 6258 2621
6257 6262 2482
6257 6316 4813
6318 6317 2454
6318 6319 3293
6318 6320 2452
3421 3414 3454
402 401 4536
402 403 1253
402 404 3934
405 403 2321
405 440 4896
405 441 2941
433 432 452
447 448 515
447 451 712
447 476 87
456 450 433
456 451 765
456 480 2321
484 481 6755
484 1991 222
1988 1983 926
1988 1987 782
1988 1991 2213
2002 2003 1753
2002 2006 556
2002 2011 2375
2013 2010 335
2013 2012 1021
2013 2014 884
2058 2010 475
2058 2059 680
2058 2060 1335
2063 2060 1637
2063 2066 1071
2063 2069 2406
2063 2093 1532
2100 2066 950
2100 2069 974
2100 2101 809
2105 2101 937
2105 2106 474
2105 2111 1861
2110 2103 749
2110 2111 804
2114 2108 402
2114 2115 937
2114 2116 1546
2120 2115 275
2120 2118 671
2120 2121 610
2124 2123 713
2124 2125 1526
2124 2140 2682
2143 2138 1498
2143 2142 201
2144 2142 1292
2144 2145 736
2144 2415 1542
2415 2144 1542
2415 2416 2335
2415 2425 2003
2422 2148 847
2422 2423 1006
2422 2425 948
2426 2425 1006
2426 2437 1149
2426 2438 2063
73 74 798
73 75 1407
73 2457 1559
2456 74 3397
2456 79 580
2456 2457 1423
2462 74 1767
2462 2460 1188
2441 2437 556
2441 2699 2118
2441 2703 2119
2459 2458 2140
2459 2460 1621
2459 2461 754
2461 2458 1906
2461 2459 754
2461 2597 1262
2574 2458 2012
2574 2570 893
2574 2594 893
2604 2596 219
2604 2603 1406
2604 2605 362
2658 2617 771
2658 2659 238
2658 2660 344
2666 2661 845
2666 2667 2224
2666 2669 680
2671 2669 335
2671 2672 434
2674 2673 2568
2674 2677 597
2674 2683 1334
2674 2685 1179
2686 2683 1173
2686 2685 1222
2686 2687 905
3122 3120 611
3122 3121 1356
3122 3134 2610
3123 3120 1780
3946 3930 2545
3946 3953 868
3946 3968 1090
3299 3300 948
3299 3315 2821
3316 3315 580
3316 3317 713
3316 3333 3009
3328 3315 2602
3281 3279 610
3281 3280 550
3281 3329 238
3282 3279 335
2525 2526 157
2525 2655 3810
2525 3230 780
1232 1231 596
1232 1496 1118
1232 3963 864
1232 6433 559
2370 1496 77
2370 3964 815
3969 3951 706
3969 3963 610
3969 3967 1668
3911 3912 889
3911 3959 587
3911 3960 667
3911 3975 1760
3961 3960 587
3976 3960 1760
3976 3975 667
3976 3977 796
3976 3978 1513
3979 3972 1014
3979 3977 84
3979 3980 838
4074 4049 1262
3986 3985 1382
3986 3989 1000
3986 3991 795
3986 3992 867
3980 3979 838
3980 3981 2556
3980 4062 419
4075 4072 1593
116 110 3750
116 115 4240
116 6502 1541
5817 5815 3967
5817 5919 950
5817 5924 1935
5925 5924 2117
5925 5926 2458
5925 5929 4613
5930 5929 1445
5812 106 3222
5812 4590 5757
4597 4595 335
4597 4596 335
4597 4601 3477
4602 4601 2829
4714 4713 2153
4714 4718 1831
98 97 3101
220 97 3445
220 230 3229
220 231 1234
2324 2325 1145
2324 4695 3863
2324 4796 3643
4797 4796 3057
4743 4741 2341
4743 4792 2609
4743 4798 1425
4799 4798 1809
4799 5676 2038
4737 168 2508
4731 4728 706
4731 4730 649
4723 4722 1497
4723 4724 2698
4736 4500 2641
4736 4735 354
375 267 2169
375 376 5705
375 377 4331
280 268 1071
280 269 426
280 6490 606
281 268 556
281 279 9490
281 282 2994
5877 5876 756
5880 5876 817
5880 5878 3486
5880 5901 1345
5697 5696 3624
5697 5883 2883
5697 5956 6054
5882 5875 857
5882 5883 4846
5858 5856 2972
5858 5881 2396
5858 5895 1494
5893 5863 1490
5893 5894 1624
5893 5895 3243
5860 5859 237
5860 6005 3220
5831 5829 3333
5831 5832 866
5831 5835 3569
5831 5836 5498
5840 5836 1854
5840 5841 1004
5853 5852 1946
5853 5859 1675
5853 5863 705
5870 5869 3159
5846 5845 2045
5846 5847 2481
5846 5848 1137
5920 5919 2021
137 138 3557
137 139 2675
137 5940 3557
5941 5940 671
5694 5695 1431
5694 5705 5483
5694 5706 2519
5703 5704 535
5703 5705 504
5703 5708 1607
5726 5725 9047
5726 6438 577
5726 6439 2274
5727 5725 1026
5687 5684 2901
5687 5685 1809
5687 5688 3138
5691 5688 278
5691 5689 2282
5691 5696 1576
5700 5698 678
5731 5730 8155
5731 5757 1456
5731 5782 9925
6242 6240 1454
6242 6243 1761
6242 6245 1584
6266 6245 930
6235 6234 13581
6235 6238 2466
6235 6246 6979
6247 6246 4196
6259 6246 5872
6259 6260 2662
6258 6257 2621
6262 6257 2482
6262 6260 3008
6319 6318 3293
6320 6318 2452
401 387 610
401 393 3221
401 402 4536
404 397 5141
404 399 2431
404 402 3934
440 405 4896
440 442 2078
440 443 926
441 405 2941
448 447 515
448 449 222
448 450 1344
450 448 1344
450 453 353
450 455 778
450 456 433
480 456 2321
480 458 2006
480 481 1225
481 480 1225
481 482 353
481 484 6755
1983 1891 1408
1983 1988 926
1983 2000 1611
1987 1985 889
1987 1986 1065
1987 1988 782
2003 2002 1753
2011 2002 2375
2012 2013 1021
2012 2014 1669
2012 2014 1669
2014 2012 1669
2014 2012 1669
2014 2013 884
2014 2065 1160
2059 2058 680
2060 2058 1335
2060 2061 672
2060 2063 1637
2069 2063 2406
2069 2100 974
2069 2102 1891
2093 2063 1532
2093 2094 832
2093 2095 1277
2101 2100 809
2101 2102 2376
2101 2103 1084
2101 2105 937
2106 2105 474
2106 2107 808
2106 2108 402
2103 2101 1084
2103 2104 535
2103 2110 749
2108 2106 402
2108 2113 713
2108 2114 402
2116 2114 1546
2118 2119 557
2118 2120 671
2118 2393 1694
2121 2120 610
2123 2122 1195
2123 2124 713
2123 2127 847
2125 2081 597
2125 2124 1526
2125 2126 580
2138 2130 1529
2138 2143 1498
2145 2144 736
2145 2146 1004
2148 2146 1942
2148 2421 1024
2148 2422 847
2423 2150 1298
2423 2422 1006
2423 2424 1609
2438 2426 2063
2438 2689 736
2438 2690 1694
75 73 1407
2457 73 1559
2457 2456 1423
2457 2742 1550
79 77 4705
79 2456 580
2460 2459 1621
2460 2462 1188
2699 2441 2118
2699 2698 1140
2699 2700 1031
2703 2441 2119
2703 2741 2340
2703 2742 876
2597 2461 1262
2597 2595 335
2597 2598 1161
2594 2574 893
2594 2595 1065
2594 2596 1262
2596 2594 1262
2596 2604 219
2605 2604 362
2605 2606 321
2605 2608 536
2617 2614 818
2617 2619 303
2617 2658 771
2659 2619 697
2659 2658 238
2659 2661 1669
2661 2623 3094
2661 2659 1669
2661 2664 754
2661 2666 845
2672 2671 434
2672 2676 2561
2672 2677 680
2677 2672 680
2677 2674 597
2683 2674 1334
2683 2681 796
2683 2684 587
2683 2686 1173
2687 2681 1179
2687 2686 905
2687 2688 796
3953 3946 868
3953 3995 2441
3968 3946 1090
3968 3966 981
3968 3994 353
3300 3299 948
3317 3305 2683
3317 3316 713
3317 3322 373
3333 3316 3009
3333 3330 1014
3333 3332 278
3329 3281 238
2526 2525 157
2655 2525 3810
1231 1232 596
1231 3964 640
1231 3965 1224
6433 1232 559
3964 1231 640
3964 2370 815
3951 3952 916
3951 3969 706
3951 3971 1336
3951 3974 587
3967 3965 838
3967 3969 1668
3967 3970 1447
3959 3911 587
3975 3911 1760
3975 3976 667
3975 4061 1592
3978 3976 1513
3972 3973 754
3972 3979 1014
3972 3982 1565
3985 3986 1382
3985 3987 2214
3985 3988 687
3989 3981 778
3989 3986 1000
3989 3988 1173
3991 3986 795
3991 3990 627
3991 3993 1030
3981 3980 2556
3981 3982 1173
3981 3989 778
6502 116 1541
5815 5803 3714
5815 5816 6180
5815 5817 3967
5926 5925 2458
4590 4589 1156
4590 5812 5757
4595 4585 3897
4595 4596 445
4595 4597 335
4596 4595 445
4596 4597 335
4596 4598 4785
4713 4711 3142
4713 4714 2153
4713 4715 711
230 220 3229
230 260 898
231 220 1234
231 221 3418
231 232 3385
2325 2324 1145
4695 2324 3863
4741 4740 344
4741 4742 2784
4741 4743 2341
4792 4743 2609
4792 4789 3765
4792 4793 2423
5676 4799 2038
4728 4726 1133
4728 4731 706
4722 4700 9803
4722 4723 1497
4500 4499 1113
4500 4736 2641
4500 4739 1512
376 375 5705
377 375 4331
377 381 2111
377 382 3113
269 259 1277
269 280 426
6490 280 606
6490 6491 1588
279 278 1763
279 281 9490
279 284 3489
279 285 4334
282 281 2994
282 283 902
282 378 4805
5878 5856 4807
5878 5879 1206
5878 5880 3486
5901 5880 1345
5696 5691 1576
5696 5692 1447
5696 5697 3624
5956 5697 6054
5875 5873 653
5875 5882 857
5856 5857 2132
5856 5858 2972
5856 5878 4807
5881 5858 2396
5863 5853 705
5863 5893 1490
5894 5893 1624
5829 5806 1688
5829 5827 1436
5829 5830 1579
5829 5831 3333
5832 5805 475
5832 5831 866
5832 5852 3297
5835 5831 3569
5835 5837 3190
5841 5840 1004
5852 5832 3297
5852 5853 1946
5852 5855 2098
5845 5842 1205
5845 5846 2045
5845 5847 2237
5847 5845 2237
5847 5846 2481
5847 5916 1530
138 137 3557
138 140 603
138 141 2691
139 137 2675
139 142 788
139 145 7734
5695 5694 1431
5706 5694 2519
5704 5703 535
5704 260942 5015
5708 5703 1607
6438 5720 1770
6438 5726 577
6438 6465 1772
6439 5726 2274
5684 5682 887
5684 5687 2901
5685 5682 3616
5685 5686 994
5685 5687 1809
5689 5690 655
5689 5691 2282
5730 5721 5351
5730 5731 8155
5730 5739 5563
5782 5731 9925
5782 5783 3226
5782 5784 2891
6240 5794 1526
6240 6241 2410
6240 6242 1454
6243 5785 6373
6243 6242 1761
6243 6244 1809
6234 5774 3666
6234 5778 2851
6234 6235 13581
6238 5792 4814
6238 6235 2466
6238 6239 3947
6260 6259 2662
6260 6261 9994
6260 6262 3008
6260 6263 979
387 384 1004
387 388 948
387 401 610
393 392 3221
393 394 1560
393 401 3221
397 396 1423
397 404 5141
397 407 2272
399 400 2553
399 404 2431
399 406 2110
442 440 2078
443 440 926
443 444 4100
443 460 1930
449 448 222
453 450 353
453 454 1572
453 457 667
455 450 778
458 459 1407
458 463 1865
458 480 2006
482 461 2677
482 481 353
482 483 1861
1891 1888 3369
1891 1983 1408
1891 1984 1139
2000 1899 2278
2000 1983 1611
2000 2001 1083
1985 1981 238
1985 1986 587
1985 1987 889
1986 1985 587
1986 1987 1065
1986 1990 2642
2065 2014 1160
2061 2060 672
2061 2062 1542
2061 2064 1906
2102 2069 1891
2102 2101 2376
2102 2122 1031
2094 2093 832
2095 2093 1277
2107 2106 808
2104 2103 535
2113 2108 713
2119 2118 557
2393 2118 1694
2122 2081 1394
2122 2102 1031
2122 2123 1195
2127 2123 847
2081 2079 1709
2081 2122 1394
2081 2125 597
2126 2125 580
2130 2129 201
2130 2138 1529
2146 2145 1004
2146 2147 893
2146 2148 1942
2421 2148 1024
2150 2149 948
2150 2149 948
2150 2423 1298
2424 2423 1609
2689 2438 736
2690 2271 2224
2690 2277 1341
2690 2438 1694
2690 2698 922
2742 2457 1550
2742 2703 876
2742 2745 1915
77 76 488
77 79 4705
77 80 1284
2698 2690 922
2698 2699 1140
2700 2699 1031
2700 2701 333
2700 2743 1179
2741 2703 2340
2741 2743 587
2741 2745 751
2595 2594 1065
2595 2597 335
2595 2599 1336
2595 2600 1816
2598 2597 1161
2598 2599 786
2606 2605 321
2606 2607 563
2608 2605 536
2608 2607 320
2608 2611 481
2608 2615 712
2614 2607 725
2614 2615 303
2614 2617 818
2619 2615 818
2619 2617 303
2619 2622 501
2619 2659 697
2623 424 846
2623 2661 3094
2664 423 136
2664 2661 754
2664 2665 646
2676 2672 2561
2676 2678 562
2681 2679 889
2681 2682 929
2681 2683 796
2681 2687 1179
2684 2683 587
2688 2679 1341
2688 2687 796
2688 2872 1445
3995 3953 2441
3995 3994 3183
3995 3997 905
3966 3965 489
3966 3968 981
3994 3968 353
3994 3970 838
3994 3995 3183
3305 3301 2143
3305 3306 893
3305 3317 2683
3322 3317 373
3322 3323 580
3322 3330 2440
3330 3322 2440
3330 3331 796
3330 3333 1014
3332 3333 278
3965 1231 1224
3965 3966 489
3965 3967 838
3952 3951 916
3971 3951 1336
3974 3951 587
3974 3973 1556
3974 3984 597
3970 3967 1447
3970 3987 1194
3970 3994 838
3970 3996 4354
4061 3975 1592
3973 3972 754
3973 3974 1556
3982 3972 1565
3982 3981 1173
3982 3984 111
3987 3970 1194
3987 3985 2214
3987 3998 168
3988 3984 667
3988 3985 687
3988 3989 1173
3990 3991 627
3993 3991 1030
3993 4068 452
3993 4069 474
5803 5804 2984
5803 5807 9419
5803 5815 3714
5816 5815 6180
4589 4569 9092
4589 4572 5036
4589 4590 1156
4585 4584 6137
4585 4595 3897
4598 4596 4785
4598 4599 434
4711 4710 807
4711 4713 3142
4715 4713 711
4715 4716 3943
260 100 2780
260 230 898
221 222 796
221 231 3418
221 236 7762
232 99 275
232 231 3385
232 233 275
4740 4499 752
4740 4741 344
4740 4744 1441
4742 4741 2784
4789 4693 488
4789 4792 3765
4793 4792 2423
4726 4725 1396
4726 4727 362
4726 4728 1133
4700 4698 1267
4700 4699 1544
4700 4701 1225
4700 4722 9803
4499 4500 1113
4499 4740 752
4739 4500 1512
381 377 2111
381 380 1305
381 383 2743
382 377 3113
259 255 3089
259 261 4133
259 269 1277
6491 6490 1588
278 270 670
278 279 1763
284 279 3489
285 279 4334
285 286 1734
285 1595 2002
283 282 902
283 379 6506
283 390 2102
378 282 4805
5879 5878 1206
5692 5693 262
5692 5696 1447
5873 5872 1173
5873 5874 1490
5873 5875 653
5857 5856 2132
5806 5805 2479
5806 5822 4240
5806 5829 1688
5827 5798 5759
5827 5828 796
5827 5829 1436
5830 5829 1579
5805 5806 2479
5805 5809 3111
5805 5832 475
5837 5807 2247
5837 5835 3190
5855 5852 2098
5842 5843 1004
5842 5844 353
5842 5845 1205
5916 5847 1530
5916 5917 2340
5916 5918 796
140 138 603
141 138 2691
142 139 788
142 143 1897
142 144 473
145 139 7734
145 149 782
145 150 765
260942 5704 5015
260942 260941 3316
260942 260941 3316
5720 5721 1913
5720 6438 1770
6465 6438 1772
5682 5683 678
5682 5684 887
5682 5685 3616
5686 5685 994
5690 5689 655
5721 5720 1913
5721 5722 1786
5721 5730 5351
5739 5730 5563
5739 5740 1821
5739 5741 1813
5783 5782 3226
5784 5782 2891
5784 5789 1558
5784 5790 4632
5794 5791 1106
5794 5795 2463
5794 6240 1526
6241 6240 2410
5785 5786 2771
5785 5787 4712
5785 6243 6373
6244 6243 1809
5774 5738 1952
5774 6233 4008
5774 6234 3666
5778 5773 1241
5778 5779 2088
5778 6234 2851
5792 5780 2870
5792 6237 5584
5792 6238 4814
6239 6238 3947
6261 6260 9994
6263 6260 979
384 383 419
384 385 2890
384 387 1004
388 387 948
388 389 889
388 411 3520
392 390 2768
392 393 3221
392 395 7446
394 393 1560
396 395 335
396 397 1423
396 398 3982
407 397 2272
407 1884 2062
407 1885 2248
400 399 2553
406 399 2110
444 443 4100
444 1981 1576
444 1989 2242
460 443 1930
460 461 1360
460 462 1468
454 453 1572
457 453 667
459 458 1407
463 458 1865
461 460 1360
461 482 2677
461 6374 485
483 482 1861
1888 1885 2138
1888 1889 1359
1888 1891 3369
1984 1891 1139
1899 1874 1031
1899 1896 1012
1899 2000 2278
2001 2000 1083
1981 444 1576
1981 1982 2278
1981 1985 238
1990 1986 2642
2062 2061 1542
2064 2054 706
2064 2056 2118
2064 2061 1906
2079 2068 782
2079 2070 1774
2079 2080 1336
2079 2081 1709
2129 2128 550
2129 2130 201
2147 2146 893
2149 2137 1926
2149 2150 948
2149 2150 948
2149 2151 893
2271 2269 4311
2271 2690 2224
2271 2691 1454
2277 2267 4719
2277 2268 4720
2277 2690 1341
2745 2741 751
2745 2742 1915
76 77 488
76 78 931
76 2750 611
80 77 1284
2701 2700 333
2701 2702 838
2701 2704 1292
2743 2700 1179
2743 2741 587
2743 2744 893
2599 2595 1336
2599 2598 786
2599 2601 1248
2600 2595 1816
2600 2609 365
2600 2613 1152
2607 2606 563
2607 2608 320
2607 2614 725
2611 2608 481
2611 2610 657
2611 2612 516
2611 2618 725
2615 2608 712
2615 2614 303
2615 2618 480
2615 2619 818
2622 2618 778
2622 2619 501
2622 2662 498
2622 2663 228
424 423 3031
424 2621 846
424 2623 846
423 424 3031
423 2613 1062
423 2664 136
2665 2620 703
2665 2664 646
2678 2676 562
2678 2679 1680
2678 2680 2016
2679 2678 1680
2679 2681 889
2679 2688 1341
2682 2681 929
2872 2688 1445
2872 2870 782
2872 2873 1067
3997 3995 905
3301 3302 344
3301 3305 2143
3301 3306 1874
3306 3301 1874
3306 3305 893
3306 3307 275
3323 3322 580
3323 3324 373
3323 3331 2389
3331 3323 2389
3331 3330 796
3331 3337 373
3984 3974 597
3984 3982 111
3984 3988 667
3996 3970 4354
3998 3987 168
3998 3999 786
3998 4000 4027
4068 3993 452
4069 3993 474
5804 5803 2984
5804 5814 7237
5804 6421 3437
5807 5803 9419
5807 5808 3091
5807 5837 2247
4569 4567 1065
4569 4572 6856
4569 4589 9092
4572 4569 6856
4572 4589 5036
4572 5674 556
4584 4578 6315
4584 4580 1841
4584 4585 6137
4584 4586 2825
4599 4591 235
4599 4594 236
4599 4598 434
4710 4600 2844
4710 4711 807
4716 4715 3943
4716 4717 4384
100 99 3177
100 249 258
100 260 2780
222 221 796
222 224 1219
236 13 3971
236 221 7762
236 235 4944
99 100 3177
99 232 275
99 233 503
233 99 503
233 232 275
233 234 333
4744 4740 1441
4693 4694 859
4693 4789 488
4725 4717 841
4725 4726 1396
4727 4726 362
4698 4632 924
4698 4700 1267
4699 4700 1544
4701 4700 1225
380 379 2089
380 379 2089
380 381 1305
383 381 2743
383 384 419
255 259 3089
261 259 4133
270 278 670
286 285 1734
1595 285 2002
379 283 6506
379 380 2089
379 380 2089
390 283 2102
390 392 2768
5693 5692 262
5872 5873 1173
5874 5873 1490
5822 5806 4240
5798 5827 5759
5828 5827 796
5809 5805 3111
5843 5842 1004
5844 5842 353
5917 5916 2340
5918 5916 796
143 142 1897
144 142 473
149 145 782
150 145 765
260941 260942 3316
260941 260942 3316
5683 5682 678
5722 5721 1786
5740 5739 1821
5741 5739 1813
5789 5784 1558
5789 5791 4581
5790 5784 4632
5791 5789 4581
5791 5794 1106
5795 5794 2463
5786 5785 2771
5787 5785 4712
5738 5774 1952
6233 5774 4008
5773 5778 1241
5779 5778 2088
5780 5792 2870
6237 5792 5584
385 384 2890
389 388 889
411 388 3520
395 392 7446
395 396 335
398 396 3982
1884 407 2062
1885 407 2248
1885 1888 2138
1989 444 2242
462 460 1468
6374 461 485
1889 1888 1359
1874 1899 1031
1896 1899 1012
1982 1981 2278
2054 2064 706
2056 2064 2118
2056 2068 2568
2068 2056 2568
2068 2079 782
2070 2079 1774
2080 2079 1336
2128 2129 550
2137 2149 1926
2137 2267 3812
2151 2149 893
2269 2268 475
2269 2271 4311
2691 2271 1454
2267 2137 3812
2267 2268 713
2267 2277 4719
2268 2267 713
2268 2269 475
2268 2277 4720
78 76 931
2750 76 611
2702 2701 838
2704 2701 1292
2744 2743 893
2601 2599 1248
2609 2600 365
2609 2610 516
2609 2612 671
2613 423 1062
2613 2600 1152
2613 2621 3042
2610 2609 516
2610 2611 657
2612 2609 671
2612 2611 516
2612 2620 658
2618 2611 725
2618 2615 480
2618 2620 520
2618 2622 778
2662 2622 498
2663 2622 228
2621 424 846
2621 2613 3042
2620 2612 658
2620 2618 520
2620 2665 703
2680 2678 2016
2870 2872 782
2873 2872 1067
3302 3301 344
3307 3306 275
3324 3323 373
3337 3331 373
3999 3998 786
4000 3998 4027
5814 5804 7237
6421 5804 3437
5808 5807 3091
4567 4569 1065
5674 4572 556
4578 4584 6315
4580 4584 1841
4586 4584 2825
4591 4599 235
4594 4599 236
4594 4600 691
4600 4594 691
4600 4710 2844
4717 4716 4384
4717 4725 841
249 100 258
224 222 1219
13 236 3971
235 234 2480
235 236 4944
234 233 333
234 235 2480
4694 4693 859
4632 4698 924
145
1995
2007
2033
2043
2389
2394
2427
2433
2439
2453
2409
2452
2565
2586
2584
6387
2533
2626
2639
2634
2656
3050
3051
3067
3113
3114
3112
3130
3272
3933
3265
3268
3244
3926
2
3941
3942
4037
4041
4034
4045
3800
3817
4055
4059
122
125
5818
132
134
109
174
6416
170
171
215
217
4734
252
262
213
464
5892
666
5902
5910
5864
5933
5934
146
5959
5715
5712
5958
5762
6150
6151
6272
6280
6309
6281
6354
435
445
1993
4698
4699
4701
255
270
286
1595
390
5872
5822
5798
5828
5809
260941
5722
5741
5789
5791
5738
6233
5773
5780
385
398
1885
1874
1896
2054
2056
2068
2070
2080
2128
2137
2151
2269
2691
2267
2750
2704
2601
2680
2870
3324
3999
5814
4567
5674
4578
4580
4591
4594
4600
4717
249
224
13
235
234
4632
