724
178858 178856 1140
178858 178860 2506
178649 178842 1141
178649 186124 1656
178650 178651 818
178650 178652 951
180045 180046 757
180045 180048 2468
180045 180055 2810
180055 180045 2810
180055 180049 765
179778 173040 4236
179778 179777 2623
179868 179867 840
179868 179869 276
179943 179942 827
179943 179952 298
179951 179952 301
179951 179959 393
179957 179955 699
179957 179959 1560
152853 152865 518
152859 152860 337
152859 152871 518
152867 152868 355
152860 152859 337
152860 152872 4686
152864 152862 1095
152864 152872 674
152862 152861 828
152862 152864 1095
152862 153842 3827
152809 152804 674
152809 152811 1445
152809 152813 758
152810 152802 531
152810 152804 1055
152813 152809 758
152813 152814 1445
152819 152814 1011
152819 152822 1556
152822 152819 1556
152822 152823 337
152863 152861 3005
152863 153822 677
152841 152840 2113
152842 152840 421
152866 152844 758
152866 152865 337
152866 152868 1445
172257 172254 650
172257 172259 710
172248 172246 1121
172248 172249 871
152781 152782 840
152839 152840 842
152839 152843 1336
153246 152843 850
153246 153247 766
153246 153248 1558
153219 153223 1796
153219 153234 766
153221 153223 933
153221 153249 1447
153247 153246 766
153247 153249 674
153247 153250 1667
153234 153219 766
153234 153238 1906
153240 153245 893
153243 153244 1111
153243 153245 927
153310 153316 505
156108 156107 279
156103 156022 3103
156023 156016 1010
156023 156022 948
156122 156121 2232
156122 156125 1346
156121 156122 2232
156121 156170 1012
156173 156171 871
156173 156174 421
156161 156183 893
156583 156181 790
156583 156582 672
156586 156587 1969
156586 156588 2109
156595 156588 1147
153333 153332 1449
153363 153364 979
153363 153374 1780
153363 153449 975
153446 153450 1017
153382 153449 931
153369 153370 1704
153369 153405 1447
153405 153369 1447
153405 153403 828
153486 153487 476
153486 154845 1248
153489 153490 1282
153489 153491 1382
154844 154842 1118
154844 154845 452
154844 154872 782
154862 154863 1161
154862 154872 1154
153406 153408 1938
153406 154868 672
153406 154870 850
155924 155925 552
155916 155915 701
155916 155923 2325
155920 155577 288
155913 155912 558
155913 156115 890
155913 172312 474
156116 156113 836
156116 156115 1747
156116 172311 1206
155883 155584 476
153463 153437 805
153463 153462 1454
153463 153464 710
153507 153509 556
155891 155890 2019
155891 155895 558
155891 155937 1820
153518 153509 2097
154851 154850 436
154851 155873 276
155872 155873 953
155872 155900 2454
155890 155891 2019
155890 155903 951
155898 155899 543
155898 155902 1293
155583 155582 1260
155583 155584 475
155895 155891 558
155895 155931 1228
179962 179964 893
179962 180021 556
172953 172945 2005
172953 172954 1265
172954 172275 2500
172954 172930 2229
172954 172953 1265
172578 172275 1501
172578 172580 557
172580 172537 276
172580 172578 557
186152 186151 287
180024 181825 324
178536 178123 788
185763 185764 6031
185763 185765 4589
178520 178429 9147
178520 178521 4181
178520 185578 6339
177750 177748 983
178196 178537 697
173239 173237 713
173239 173253 951
173252 173251 435
173252 173253 818
173237 173239 713
173237 173253 1115
173290 173291 648
173290 173292 154
178551 178428 5778
173081 173079 3595
173081 186148 422
172971 172970 516
172971 173124 420
173124 172971 420
173124 177741 1483
178058 177741 951
178058 178059 599
178025 178022 621
178068 178072 516
178161 178162 713
178161 178163 2147
178171 178109 672
178171 178166 2745
178176 178177 43
178176 178178 847
178147 178145 2770
178147 178148 1085
185529 185530 1073
173256 173255 1357
173272 173273 1170
174776 173342 1031
174776 174775 1509
174921 173499 2285
174921 174919 1873
174920 174919 1592
174920 174922 1085
174920 174924 708
185496 173492 6196
185496 185503 590
173469 173470 1609
173469 174926 403
174922 174920 1085
174922 174926 3750
174939 174940 2913
174939 176683 1257
174939 176692 884
177340 177339 111
177567 177565 1225
177353 177354 2082
177353 177566 683
177349 177350 683
177569 177568 1344
177569 177584 564
177581 177580 412
177581 177587 1519
176616 177589 1352
177587 177581 1519
177587 177588 445
177587 177589 666
156394 156392 1248
177591 177590 1604
177591 177593 766
156395 156396 344
177590 160148 333
177590 177591 1604
177348 177335 1004
177348 177382 1757
156513 156508 1184
156513 160213 1343
160212 160204 1746
160212 160209 766
160196 160197 1780
160196 160209 758
156509 156507 667
156530 156529 2529
156530 160259 778
160216 160227 3343
160229 160228 1897
160229 160258 674
160219 160218 2852
160219 160226 2557
160218 160219 2852
160218 160226 933
160221 156491 1471
160221 160225 782
156490 156491 778
156402 156392 796
156402 156462 926
156462 156402 926
156462 160190 842
156477 156482 766
156480 156478 1017
156480 160197 778
156594 156589 948
156594 156663 1580
156492 156491 1347
156492 156493 476
160225 160221 782
160225 160224 600
156837 156838 1225
156837 160368 953
160349 160222 1336
160349 160350 1906
160349 160374 5083
156842 156841 766
156663 156594 1580
156651 156652 1211
156652 156651 1211
156955 156956 713
156956 156955 713
177382 177348 1757
176730 176724 744
176724 176730 744
165916 165931 751
165931 165916 751
165583 165582 713
165518 165517 818
165582 165583 713
167759 167758 253
167758 167759 253
167676 167675 1979
167675 167676 1979
167871 167869 872
167869 167871 872
165918 165973 552
165973 165918 552
165985 165997 606
165997 165985 606
165517 165518 818
165560 164932 885
213249 213247 766
213247 213249 766
164932 165560 885
119190 119191 1340
119191 119190 1340
92512 92509 1004
92509 92512 1004
93109 93140 2539
93140 93109 2539
93837 93796 5246
105624 105623 511
105623 105624 511
108130 108421 4125
108421 108130 4125
108443 108445 930
108445 108443 930
93605 93606 556
93606 93605 556
93796 93837 5246
92635 92650 791
92650 92635 791
190936 190937 1402
190937 190936 1402
109592 109646 1851
109646 109592 1851
109736 109737 872
109737 109736 872
110187 111365 1671
111365 110187 1671
110245 111366 611
110251 110249 836
110745 110812 1151
110247 110273 747
110249 110251 836
110812 110745 1151
110273 110247 747
110278 110255 1344
111366 110245 611
110255 110278 1344
110941 110936 354
110936 110941 354
112854 112853 872
112853 112854 872
39099 39101 2900
39101 39099 2900
39110 39112 672
39112 39110 672
37161 37158 1063
37110 37112 1565
37112 37110 1565
38179 38188 848
38188 38179 848
37158 37161 1063
38196 38349 807
38349 38196 807
38352 38388 1697
38388 38352 1697
38509 38554 788
38554 38509 788
38573 38574 650
38574 38573 650
40689 40691 1763
40691 40689 1763
40694 40696 2420
40696 40694 2420
41552 38975 1323
41559 41557 2510
38975 41552 1323
41557 41559 2510
41569 47648 2377
47651 47648 2454
47730 47738 735
47740 47738 871
47738 47730 735
47738 47740 871
47648 41569 2377
47648 47651 2454
47754 47759 1141
47759 47754 1141
47757 48055 562
48055 47757 562
48064 48072 2192
48072 48064 2192
48073 48074 972
48144 48074 2107
48144 48145 866
47953 47950 1345
47950 47953 1345
47998 47997 751
48074 48073 972
48074 48144 2107
48145 48144 866
48156 48162 1056
48162 48156 1056
47406 47408 697
47408 47406 697
47474 47985 2283
47985 47474 2283
47997 47998 751
130793 130878 1357
130878 130793 1357
131162 131163 796
131163 131162 796
131606 131622 1857
131622 131606 1857
131622 131628 1631
131628 131622 1631
131720 131723 890
131723 131720 890
54236 54281 606
54281 54236 606
140491 140501 2395
140501 140491 2395
143368 143367 212
143452 143453 2450
143453 143452 2450
143604 143824 1018
143970 143813 720
143813 143970 720
143824 143604 1018
144900 144904 916
144903 144906 350
144904 144900 916
144906 144903 350
143179 143180 565
143180 143179 565
143367 143368 212
144981 144974 1021
144973 144971 721
144974 144981 1021
144971 144973 721
204933 204936 755
204936 204933 755
145165 145166 766
145166 145165 766
145166 145169 891
145169 145166 891
146606 146616 2295
146616 146606 2295
146625 146673 830
146673 146625 830
167613 167612 2696
152688 152802 573
152808 153792 782
153792 152808 782
153535 153536 790
153536 153535 790
168523 168507 1779
168507 168523 1779
167612 167613 2696
167702 167807 2194
167807 167702 2194
178642 178856 3267
178856 178642 3267
178856 178858 1140
178860 178858 2506
178842 178649 1141
186124 178649 1656
178651 178650 818
178652 178650 951
180046 180045 757
180046 180049 2700
180048 180045 2468
180049 180046 2700
180049 180055 765
173040 179778 4236
179777 179778 2623
179867 179868 840
179869 179868 276
179942 179943 827
179952 179943 298
179952 179951 301
179952 179959 214
179959 179951 393
179959 179952 214
179959 179957 1560
179955 179957 699
179955 179964 1796
152865 152853 518
152865 152866 337
152871 152859 518
152868 152866 1445
152868 152867 355
152872 152860 4686
152872 152864 674
152861 152862 828
152861 152863 3005
153842 152862 3827
152804 152809 674
152804 152810 1055
152811 152809 1445
152811 152814 758
152802 152688 573
152802 152810 531
152814 152811 758
152814 152813 1445
152814 152819 1011
152823 152822 337
153822 152863 677
152840 152839 842
152840 152841 2113
152840 152842 421
152840 152844 1445
152844 152840 1445
152844 152843 766
152844 152866 758
172254 172257 650
172259 172257 710
172246 172248 1121
172249 172248 871
152782 152781 840
152843 152839 1336
152843 152844 766
152843 153246 850
153248 153246 1558
153248 153250 674
153223 153219 1796
153223 153221 933
153223 153238 758
153249 153221 1447
153249 153247 674
153250 153247 1667
153250 153248 674
153238 153223 758
153238 153234 1906
153238 153244 674
153245 153240 893
153245 153243 927
153244 153238 674
153244 153243 1111
153316 153310 505
156107 156108 279
156022 156023 948
156022 156103 3103
156016 156023 1010
156016 156125 1560
156125 156016 1560
156125 156122 1346
156170 156121 1012
156170 156171 1004
156171 156170 1004
156171 156173 871
156174 156173 421
156183 156161 893
156183 156181 1592
156181 156183 1592
156181 156583 790
156582 156583 672
156587 156586 1969
156588 156586 2109
156588 156589 933
156588 156595 1147
153332 153333 1449
153364 153363 979
153374 153363 1780
153449 153363 975
153449 153382 931
153450 153446 1017
153370 153369 1704
153403 153405 828
153487 153486 476
154845 153486 1248
154845 154844 452
153490 153489 1282
153491 153489 1382
154842 154844 1118
154872 154844 782
154872 154862 1154
154863 154862 1161
153408 153406 1938
154868 153406 672
154870 153406 850
155925 155924 552
155915 155916 701
155923 155916 2325
155577 155920 288
155912 155913 558
156115 155913 890
156115 156116 1747
172312 155913 474
156113 156116 836
172311 156116 1206
155584 155583 475
155584 155883 476
153437 153463 805
153462 153463 1454
153464 153463 710
153464 153509 688
153509 153464 688
153509 153507 556
153509 153518 2097
155937 155891 1820
154850 154851 436
155873 154851 276
155873 155872 953
155900 155872 2454
155900 155899 167
155903 155890 951
155903 155902 630
155899 155898 543
155899 155900 167
155902 155898 1293
155902 155903 630
155582 155583 1260
155931 155895 1228
179964 179955 1796
179964 179962 893
180021 179962 556
172945 172953 2005
172275 172578 1501
172275 172954 2500
172930 172954 2229
172537 172580 276
186151 186152 287
181825 180024 324
178123 178536 788
185764 185763 6031
185765 185763 4589
178429 178428 336
178429 178520 9147
178521 178520 4181
185578 178520 6339
177748 177750 983
178537 178196 697
173253 173237 1115
173253 173239 951
173253 173252 818
173251 173252 435
173251 173255 336
173291 173290 648
173292 173290 154
178428 178429 336
178428 178551 5778
173079 173081 3595
186148 173081 422
172970 172971 516
177741 173124 1483
177741 178058 951
178059 178058 599
178022 178025 621
178072 178068 516
178162 178161 713
178163 178161 2147
178109 178171 672
178166 178171 2745
178177 178176 43
178178 178176 847
178145 178147 2770
178148 178147 1085
185530 185529 1073
173255 173251 336
173255 173256 1357
173273 173272 1170
173342 174776 1031
174775 174776 1509
173499 174921 2285
174919 174920 1592
174919 174921 1873
174924 174920 708
173492 185496 6196
185503 185496 590
173470 173469 1609
174926 173469 403
174926 174922 3750
174940 174939 2913
176683 174939 1257
176692 174939 884
177339 177340 111
177565 177354 1014
177565 177567 1225
177354 177350 556
177354 177353 2082
177354 177565 1014
177566 177353 683
177350 177349 683
177350 177354 556
177350 177568 1565
177568 177350 1565
177568 177569 1344
177584 177569 564
177580 177581 412
177589 176616 1352
177589 177587 666
177588 177587 445
156392 156394 1248
156392 156402 796
177593 177591 766
156396 156395 344
160148 177590 333
177335 177348 1004
156508 156507 452
156508 156513 1184
156508 160213 672
160213 156508 672
160213 156513 1343
160204 160212 1746
160209 160196 758
160209 160212 766
160197 156480 778
160197 160196 1780
156507 156508 452
156507 156509 667
156529 156530 2529
160259 156530 778
160227 160216 3343
160227 160226 517
160227 160228 1017
160228 160227 1017
160228 160229 1897
160258 160229 674
160226 160218 933
160226 160219 2557
160226 160227 517
156491 156490 778
156491 156492 1347
156491 160221 1471
160190 156462 842
156482 156477 766
156478 156480 1017
156589 156588 933
156589 156594 948
156493 156492 476
160224 160222 3217
160224 160225 600
156838 156837 1225
160368 156837 953
160222 160224 3217
160222 160349 1336
160350 160349 1906
160374 160349 5083
156841 156842 766
955
178858
178649
178650
180045
180055
179778
179868
179943
179951
179957
152853
152859
152867
152860
152864
152862
152809
152810
152813
152819
152822
152863
152841
152842
152866
172257
172248
152781
152839
153246
153219
153221
153247
153234
153240
153243
153310
156108
156103
156023
156122
156121
156173
156161
156583
156586
156595
153333
153363
153446
153382
153369
153405
153486
153489
154844
154862
153406
155924
155916
155920
155913
156116
155883
153463
153507
155891
153518
154851
155872
155890
155898
155583
155895
179962
172953
172954
172578
172580
186152
180024
178536
185763
178520
177750
178196
173239
173252
173237
173290
178551
173081
172971
173124
178058
178025
178068
178161
178171
178176
178147
185529
173256
173272
174776
174921
174920
185496
173469
174922
174939
177340
177567
177353
177349
177569
177581
176616
177587
156394
177591
156395
177590
177348
156513
160212
160196
156509
156530
160216
160229
160219
160218
160221
156490
156402
156462
156477
156480
156594
156492
160225
156837
160349
156842
156892
156880
156663
156651
156703
156652
156872
156955
156956
156677
156986
156967
156969
156989
156992
156637
156906
156909
156916
156918
156920
156944
156697
156936
156983
158414
160672
177318
177378
177382
176726
176725
176730
176724
174906
165891
165916
165927
165931
165583
165635
165641
165656
165665
165654
165518
165558
165582
167693
167759
167754
167758
167764
167699
167783
167786
167685
167679
167625
167670
167676
167675
165479
165473
167448
167832
167534
167543
167871
167869
165902
165918
165973
165985
165997
166004
165994
165517
165560
165561
161579
161573
213249
213253
213243
213247
213255
213256
213259
213261
214281
214280
164633
164886
164894
172439
164932
165667
165674
165684
165682
165704
164967
165702
164964
164966
114292
113997
114818
114136
114096
114181
119287
118642
118644
119190
119191
119320
119256
119300
119316
119217
118583
119059
119021
119087
119086
119089
119079
118965
119009
94390
94393
94424
94401
94406
92153
92152
94431
94443
92354
94520
94567
94561
98114
92459
92468
92475
94526
92512
92509
92520
93109
93140
93151
93837
93839
109566
94142
94147
105624
108047
105623
108133
108135
108198
105792
105794
108100
108168
107470
108141
107468
108130
108421
108443
108446
108445
108482
108547
108615
108626
108625
92855
93605
93606
93609
93715
93719
93796
93112
93116
93118
92525
92536
92750
102984
92534
92556
94524
92635
92638
92687
92650
92656
92708
92715
92844
191194
191596
191836
191599
192043
191843
191766
191626
191669
191825
191324
192635
191190
191185
192632
192651
190936
192653
190937
194254
119355
113960
114055
114059
114113
114343
114345
114274
114358
108602
109333
109273
109336
109279
109408
109604
109444
109441
109687
108667
109679
109346
109350
109592
109646
109627
109727
109742
109736
110090
110095
109737
110115
110101
110015
110106
110111
110013
110170
110160
110173
110191
110187
111365
110245
110823
110821
110830
110861
110251
110731
110745
110751
110810
110247
110249
110812
110273
110278
110287
111366
111368
111372
110255
103868
103858
110941
112856
105772
110936
112803
112817
112854
112853
112835
103870
103913
103916
112496
110849
113595
110827
104252
104019
103944
103945
104705
104721
39060
39099
39105
39101
39102
39110
39111
39112
39255
39254
39259
39264
39291
39270
37161
37199
37203
37101
37110
37112
37072
37087
37096
37082
37075
37080
38179
38188
38192
37158
37206
38194
38196
38349
38351
38352
38388
38391
38390
38440
38443
38446
38547
38497
38506
38509
38544
38554
38573
38575
38574
38579
38877
38879
38880
40657
40653
40663
40675
40667
40688
40689
40691
40694
38990
38998
38999
38963
39012
40696
38967
41552
41559
38975
38976
41557
41569
47779
47801
47653
47657
47651
47723
47725
47730
47740
47738
47648
47760
47797
47749
47754
47759
47757
48055
48058
48064
48072
48076
47924
47928
47929
48070
48073
47918
48020
48021
48144
47886
47885
47945
47947
47940
47953
47950
47955
47992
47983
47998
48074
48145
48156
48162
130527
47406
47408
47460
47462
47479
47482
47474
47985
130528
47997
130717
130723
130763
130607
130713
130749
130780
130777
130793
130860
130859
130878
130881
130875
130886
130874
130877
130890
130849
130900
131156
131155
131162
131163
131164
131177
131181
131182
131271
131273
131277
131190
131527
131529
131550
131571
131606
131622
131628
131711
131637
131718
131720
132165
132205
132208
132221
132251
132258
132260
131723
132272
54151
54150
54158
54236
54281
54111
54116
54120
54237
54240
54250
54284
54739
151776
151985
140343
140342
140482
140491
140501
143438
143364
143529
143368
143444
143452
143446
143453
143540
143544
143551
143592
143593
143590
143598
143604
143603
143607
142848
142850
143966
143960
143963
143970
143792
143813
143775
143779
143810
143723
143752
143773
143748
143733
143749
143740
143824
143737
143732
142853
142886
142882
142884
142896
144900
144903
144904
144906
144924
144928
143179
143180
143196
143227
143229
143292
143296
143361
143367
144911
144918
144962
144981
144973
144974
144966
144971
204933
204936
204940
204950
204921
207725
144977
145165
145166
145169
145180
145185
145187
145227
145232
145251
145263
145267
145273
146443
146605
146606
146616
146674
146625
146675
146673
146683
146685
146687
146815
146817
146868
146869
146827
146832
146845
146889
146892
146918
146921
146926
150132
209842
211396
210732
210012
167613
172262
152793
152798
152688
152808
153792
172675
153544
153556
153595
153603
153535
153550
153523
153540
153548
153536
162507
152659
168523
168505
168507
168451
167621
167612
167702
167797
167807
178612
178642
178856
178860
178842
180046
180049
173040
179777
179867
179869
179942
179952
179959
179955
152871
152868
152872
152861
153842
152804
152811
152814
152823
153822
152844
172254
172246
152843
153248
153223
153249
153250
153238
153245
153244
156107
156022
156016
156125
156170
156171
156174
156181
156582
153332
153364
153374
153370
153403
153487
154845
153490
153491
154842
154872
154863
153408
154868
154870
155915
155923
155577
155912
156115
156113
155584
153437
153462
153464
155937
154850
155873
155900
155903
155902
155582
155931
179964
180021
172945
172275
172930
172537
178123
185764
178429
178521
177748
178537
173292
173079
186148
172970
177741
178022
178162
178163
178109
178166
178145
173255
173273
173342
174775
173499
174919
174924
173492
185503
173470
174926
174940
176683
176692
177565
177568
177584
177580
177589
156392
177593
156396
160148
177335
160213
160204
160209
160197
156507
156529
160259
160228
160258
160190
156482
156478
156589
160224
156838
160368
160222
160350
160374
156841
