1892
58779 58781 601
58779 58783 2568
58780 58781 480
58871 58872 277
58871 58880 811
58880 58781 1857
58880 58871 811
58880 58881 924
58880 58882 1202
58918 58920 873
58918 58923 818
58919 58920 1636
58919 58921 684
58933 58935 782
59281 59342 752
59341 59342 1395
59341 59344 893
59341 59345 1271
59347 59345 422
59347 59346 1891
59355 59356 905
59355 59357 768
59301 59318 851
59300 59318 1561
59376 59377 648
59356 59348 2113
59356 59355 905
59356 59358 711
58205 58191 837
58205 77528 2248
58454 77528 1138
58456 77526 761
58323 58319 556
58630 58631 410
58405 58404 613
58405 58409 475
58409 58405 475
58409 58412 1170
58414 58413 1742
58414 58428 768
58427 58426 771
58427 58428 436
58590 58434 1737
58590 58591 848
58443 58441 1592
58443 58442 591
58446 58441 711
58446 58733 1000
58445 58442 778
58445 58600 556
58772 58771 905
58591 58590 848
58591 58593 753
58788 58787 374
58903 58902 344
117209 117210 266
117209 117212 838
117214 117212 1816
117241 117213 2560
117241 117240 698
117241 117247 2018
117262 117247 650
61093 61095 1023
61101 61106 955
61101 61156 725
61150 61152 1750
61150 61154 752
61150 61156 1096
61152 61150 1750
61152 61153 789
61167 61153 1750
61167 61169 1675
61193 61175 2761
61193 61205 1563
61206 61200 923
61206 61205 3062
61206 61207 1376
62710 63510 1124
63511 63510 1453
63511 63514 360
63511 63528 214
63520 61795 1640
63520 63513 796
63522 63515 1640
63530 63529 238
62195 62196 1347
62188 62196 3975
62188 62196 3975
63516 63515 672
61767 61766 277
61767 61774 1287
61774 61767 1287
61774 61771 782
61790 61788 437
61790 61793 1287
61794 61793 905
61794 63515 1038
61714 61557 1486
61714 61577 712
61714 61715 792
61716 61579 650
61716 61580 1144
61715 61689 1857
61715 61714 792
61693 61689 830
61693 61692 942
61695 61692 1857
61695 61707 674
61733 61713 1011
61733 61796 1117
61624 61621 698
61623 61621 1823
61623 61626 752
61834 61626 2018
61834 61637 950
61840 61637 1952
61840 61841 977
61840 61845 1816
61845 61840 1816
61845 61844 891
63644 63643 1301
63650 63647 650
62002 62003 2297
61996 61993 1004
61996 61994 676
61975 61971 3010
61975 61973 1121
61975 61974 1086
61994 61992 423
61994 61996 676
61998 61961 1385
61999 61957 1068
61999 61961 2508
61648 61646 1012
61648 61655 650
61648 61667 419
61656 61655 809
61656 61657 1170
61656 61668 950
61669 61670 1012
61669 61674 337
61658 61659 730
61658 61660 512
61658 61981 1349
61668 61656 950
61668 61672 1031
61677 61986 1686
61670 61669 1012
61670 61675 613
61860 61664 538
62275 62273 419
62275 62281 195
62275 62284 170
62278 62277 675
62290 62283 686
62019 62017 2332
62019 62018 812
62034 62016 2062
62034 62018 748
62056 62061 1347
62060 62061 752
57225 57228 741
57225 57229 1013
57078 57079 518
76514 77965 1259
57202 57226 2129
57201 57199 1188
57201 57222 2205
57223 57224 203
57223 57226 419
57708 76751 1894
57708 76754 1697
57588 57589 1508
57588 57590 5129
57593 57785 369
57593 57786 129
76493 76502 2527
57601 57598 3560
57601 57909 8113
57518 57519 982
57518 57523 64
57522 57519 237
57522 57528 1298
57531 57528 870
57531 57533 800
57555 57533 1432
57486 57488 1091
57492 57514 1143
57663 57659 542
57663 57668 551
57667 57669 313
57643 57644 326
57643 57677 576
57682 57683 492
57682 57706 386
57698 57621 1319
57178 57729 828
57720 77423 1307
57720 77423 1307
57713 57714 1145
57713 57715 2545
57715 57713 2545
57715 57722 818
57286 78032 2160
57286 78650 694
65920 65905 445
65920 65921 1208
65923 65924 735
65923 65925 547
65952 65950 832
65952 65953 551
65989 65987 828
65989 65990 813
65996 65997 3292
65996 65999 2114
65964 65965 893
65968 65969 1231
65968 66037 925
65968 66039 1421
66036 66039 427
66036 66041 4914
66003 65857 1539
66003 66010 254
66487 66488 688
66487 66506 2018
66485 65843 1106
66485 66486 1190
65838 65837 1950
77395 65844 587
77395 77396 1063
58174 58175 484
58174 65833 770
58174 77402 107
65833 58174 770
65833 65834 1344
65833 65835 2084
65806 66002 1632
65807 65980 713
65807 66004 1425
66343 66344 476
66348 76584 1847
79266 79267 5995
79266 79286 6881
87192 87188 2300
87508 87581 1543
87557 80443 2217
87557 87560 1795
87559 87188 2963
89286 89284 782
89286 89285 1779
89288 89284 1273
89298 89285 782
89298 89300 1538
87777 87780 1979
87777 87813 675
87780 87777 1979
87780 87814 675
87828 87814 1692
87828 87826 664
87828 87829 1313
87829 87828 1313
87829 87830 526
89301 89300 848
89301 91702 761
89301 91706 951
89316 89317 1340
89316 89327 3748
89320 89328 5262
87576 87577 1189
87576 87581 1874
89238 89239 632
89241 89242 1205
89241 89362 1140
89360 89358 796
87855 87854 1004
87855 89773 2540
87857 87854 677
87857 89357 1004
89302 89308 1014
89351 89308 761
89351 89329 1000
89351 89357 769
89424 89425 1222
89424 89426 452
89246 89245 778
89246 89367 930
89368 89369 111
89368 89375 1186
89371 89374 713
89387 89385 672
89387 89447 1288
89410 89409 3540
89410 89411 602
89410 89447 1357
89407 89406 678
89551 89550 785
89408 89409 4825
87580 87581 1543
87580 87595 2025
87616 87596 1450
87616 87601 1861
84710 84711 2401
84710 84712 1594
87609 84711 1208
87609 87610 958
84712 84710 1594
84712 84711 807
89017 89018 2924
89017 91372 1026
89037 89035 933
89037 91738 3534
89583 89584 1705
80588 80590 1118
80479 80480 1834
80479 80537 3257
80499 80498 2267
80499 80500 1602
90945 90946 2678
90945 90947 2874
90945 90948 1045
80551 80531 3568
80551 80539 1332
80604 80605 1505
83966 80590 2515
83966 83973 1221
80610 80614 3679
80610 80615 1916
80611 81145 7906
81132 81131 2098
81132 81133 890
81131 81132 2098
81131 81178 3461
81135 81141 476
81142 81143 3718
81142 81144 1225
80723 80722 4183
80723 81254 672
80718 80719 2288
81253 80719 4826
81253 80722 1266
80598 80728 1619
80727 80725 2520
81216 80826 3929
81216 81215 4699
80854 80855 1576
80854 80859 4785
80843 80844 848
80846 80847 2529
80846 80848 1424
80848 80846 1424
80848 80849 753
80760 80728 452
80762 80761 2956
80762 80822 3156
80762 80823 2580
80875 80876 452
80875 82782 2546
82772 82771 1457
82772 82783 905
82770 82771 1040
82770 82792 3565
82776 82775 2006
82776 82833 2495
82788 82767 2556
82788 82796 2596
82836 82835 1418
82836 82863 3569
82773 82775 1711
82773 90627 990
82869 82870 453
82876 81332 13962
82876 82877 271
82876 82881 471
82897 82895 2721
82897 82898 1163
90627 82773 990
90627 82938 1398
82851 82852 1810
82924 82922 4350
82924 82923 1207
82856 82857 922
82856 84925 1412
84923 84924 732
84923 84925 3067
82945 82942 471
82930 82927 4091
82930 82929 1000
81545 81544 62
81545 91748 2520
91747 82949 320
91747 91748 2417
82949 82950 1450
82949 91747 320
81726 81725 10812
82948 81728 1823
82948 82950 430
82947 82977 10037
81412 81413 4277
81459 81457 2230
81504 81505 688
81504 91200 2617
81504 91202 1022
91211 91209 2347
91211 91829 699
81505 81504 688
81505 90685 1106
90687 81473 1516
90687 91460 576
81475 81473 603
81475 81476 762
81631 81476 2398
81631 90952 854
81551 81552 1010
81551 81553 1825
81556 81557 254
81556 81636 3129
84700 84703 294
84700 91774 469
84701 84702 2404
84701 84706 714
84707 84708 620
84707 84708 620
91775 91774 257
91775 91824 680
81388 81391 1287
81388 81407 1219
81456 81457 241
81377 81376 3612
81377 81384 1976
81376 81377 3612
81376 81385 1257
90590 86170 1078
90590 87141 1163
90064 81385 1487
91892 91893 805
91892 91894 863
83494 83495 1626
83494 83496 1277
83515 83511 2701
83515 83516 154
85655 86048 793
86134 85519 742
86134 86135 2225
85175 85176 1225
85175 86135 1014
86047 85671 1741
90563 90561 1445
90563 90564 1066
90563 91068 894
90476 90466 2119
90477 90478 2204
90565 90556 1433
90565 90566 1666
90507 90506 1257
90507 90509 812
90504 90497 419
86126 85176 2445
86126 86125 2172
89704 89703 37
90005 89981 948
90005 89982 800
90022 90038 1890
91145 91143 121
91145 91863 230
89638 89639 276
89638 91882 307
66506 66487 2018
66506 66490 1205
66486 66485 1190
66486 66490 452
66496 66492 762
66496 66503 672
58192 58177 1842
58192 66618 759
58194 66011 793
58194 66018 1565
65847 58177 713
65847 65837 1828
65847 65849 713
66014 65849 2029
66014 66015 2859
66014 66620 875
76580 66019 924
66030 66026 405
66030 66033 929
66622 65850 1122
66622 66623 893
66628 66502 2306
66628 78154 247
66656 66652 1124
66656 66660 1975
66657 66682 374
66657 66685 333
66682 66657 374
66682 66684 1915
66683 66684 889
66683 66693 755
56872 56873 1760
56872 76698 3152
64379 56910 4075
64379 78398 2628
64379 78409 773
78410 78409 1924
78410 78412 656
77306 77491 883
77306 78200 1409
77809 78200 1115
79238 79239 5326
79238 79252 1004
79288 79289 1127
79288 84849 1547
84851 79299 915
84851 90619 2437
79313 79316 424
79315 79316 694
79315 83969 1940
91249 90527 435
91249 91248 1619
91479 91478 7957
77362 57290 1973
77362 77379 1120
57341 57340 366
57341 77371 140
77372 57315 623
77372 77377 427
170127 170128 643
170127 172196 2111
170275 170353 4981
159911 159913 556
159911 159923 684
159919 159925 591
159919 159927 3002
159924 159923 2224
159924 159925 3224
58307 58305 2086
58307 58308 753
58366 58364 1085
58366 58368 518
58312 58308 818
58312 58313 955
58315 58310 1106
58317 76468 759
58406 58404 1144
58732 76522 837
58737 76522 2187
58741 76522 1219
58770 58771 269
58770 78363 499
58785 58786 222
58785 58890 2135
58783 58779 2568
58783 58877 591
58781 58779 601
58781 58780 480
58781 58782 1565
58781 58880 1857
58872 58871 277
58872 58873 2249
58872 58882 747
58881 58880 924
58881 58883 477
58881 58884 713
58881 58893 1066
58882 58872 747
58882 58874 2052
58882 58880 1202
58882 58893 344
58920 58918 873
58920 58919 1636
58920 58922 754
58923 58875 1618
58923 58918 818
58923 58924 818
58923 58926 874
58921 58919 684
58921 58922 1427
58935 58916 1019
58935 58933 782
58935 58936 338
59342 59281 752
59342 59341 1395
59342 59345 1085
59342 59346 1169
59344 58945 1225
59344 59341 893
59344 59343 684
59344 59348 1119
59345 59341 1271
59345 59342 1085
59345 59347 422
59345 59348 782
59346 59342 1169
59346 59347 1891
59357 59355 768
59357 59358 782
59357 59359 591
59318 59300 1561
59318 59301 851
59318 59359 924
59377 59361 111
59377 59376 648
59348 59344 1119
59348 59345 782
59348 59349 1108
59348 59356 2113
59358 59356 711
59358 59357 782
59358 59362 467
58191 58186 1504
58191 58205 837
58191 77527 1984
77528 58205 2248
77528 58454 1138
77528 77527 803
77526 58456 761
58319 58283 2374
58319 58318 2371
58319 58323 556
58631 58624 602
58631 58630 410
58631 77500 638
58404 58405 613
58404 58406 1144
58412 58409 1170
58412 58428 2157
58413 58414 1742
58428 58412 2157
58428 58414 768
58428 58427 436
58426 58427 771
58426 58430 1006
58426 58596 1249
58434 58432 1344
58434 58444 538
58434 58590 1737
58441 58436 760
58441 58440 778
58441 58443 1592
58441 58446 711
58442 58437 667
58442 58443 591
58442 58444 873
58442 58445 778
58733 58446 1000
58600 58445 556
58771 58770 269
58771 58772 905
58593 58591 753
58593 58594 1150
58593 58594 1150
58787 58786 333
58787 58788 374
58902 58891 747
58902 58903 344
117210 117208 565
117210 117209 266
117210 118423 2066
117212 117209 838
117212 117213 698
117212 117214 1816
117213 117212 698
117213 117239 752
117213 117241 2560
117240 117222 698
117240 117239 2625
117240 117241 698
117240 117246 1951
117247 117241 2018
117247 117246 752
117247 117262 650
117247 117267 1686
61095 61093 1023
61106 61101 955
61106 61107 908
61106 61154 1480
61106 61156 876
61156 61101 725
61156 61106 876
61156 61150 1096
61154 61106 1480
61154 61150 752
61154 61153 1615
61154 61157 698
61153 61152 789
61153 61154 1615
61153 61155 838
61153 61167 1750
61169 61167 1675
61169 61170 1682
61169 61171 789
61175 61171 613
61175 61173 1816
61175 61193 2761
61175 61196 789
61205 61193 1563
61205 61199 1281
61205 61206 3062
61200 61198 1250
61200 61199 2699
61200 61206 923
61207 61206 1376
61207 61781 538
61207 61782 344
63510 62710 1124
63510 63511 1453
63514 63511 360
63514 63512 1069
63528 63511 214
63528 63529 476
61795 61787 905
61795 61793 1038
61795 63515 905
61795 63520 1640
63513 61787 1621
63513 63512 796
63513 63520 796
63515 61794 1038
63515 61795 905
63515 63516 672
63515 63522 1640
63529 63528 476
63529 63530 238
62196 62188 3975
62196 62188 3975
62196 62195 1347
61766 61712 1357
61766 61767 277
61771 61770 688
61771 61773 676
61771 61774 782
61771 61788 712
61788 61771 712
61788 61789 893
61788 61790 437
61793 61784 905
61793 61790 1287
61793 61794 905
61793 61795 1038
61557 61551 754
61557 61555 1770
61557 61689 812
61557 61714 1486
61577 61551 1396
61577 61580 337
61577 61714 712
61579 61572 752
61579 61578 1751
61579 61716 650
61579 61724 812
61580 61576 254
61580 61577 337
61580 61716 1144
61689 61557 812
61689 61560 1117
61689 61693 830
61689 61715 1857
61692 61688 1256
61692 61690 674
61692 61693 942
61692 61695 1857
61707 61690 1857
61707 61695 674
61707 61713 277
61713 61707 277
61713 61709 613
61713 61733 1011
61796 61733 1117
61621 61622 838
61621 61623 1823
61621 61624 698
61626 61622 1750
61626 61623 752
61626 61636 838
61626 61834 2018
61637 61635 929
61637 61636 1886
61637 61834 950
61637 61840 1952
61841 61635 1887
61841 61639 838
61841 61840 977
61841 61844 1751
61844 61841 1751
61844 61845 891
61844 61859 891
63643 63642 674
63643 63644 1301
63643 63645 1257
63647 63642 812
63647 63650 650
62003 62002 2297
62003 62025 3211
61993 61987 1273
61993 61996 1004
61993 62066 169
61971 61969 676
61971 61970 2000
61971 61975 3010
61971 61976 761
61973 61948 874
61973 61972 1635
61973 61975 1121
61974 61943 2391
61974 61957 650
61974 61975 1086
61992 61987 1113
61992 61994 423
61961 61959 1308
61961 61998 1385
61961 61999 2508
61957 61943 2215
61957 61974 650
61957 61997 838
61957 61999 1068
61646 61647 789
61646 61648 1012
61646 61649 613
61655 61647 1012
61655 61648 650
61655 61652 1170
61655 61656 809
61667 61648 419
61657 61652 809
61657 61654 752
61657 61656 1170
61657 61659 971
61674 61669 337
61659 61657 971
61659 61658 730
61660 61654 1817
61660 61658 512
61660 61978 419
61660 61979 558
61981 61658 1349
61981 61988 85
61981 61989 423
61672 61668 1031
61986 61677 1686
61986 61985 1558
61675 61670 613
61664 61661 1817
61664 61858 748
61664 61860 538
61664 61861 279
62273 61379 3432
62273 62274 752
62273 62275 419
62273 62280 1255
62281 62275 195
62281 62277 595
62281 78203 307
62284 62275 170
62284 62283 1057
62284 78202 230
62277 62274 559
62277 62278 675
62277 62281 595
62283 62284 1057
62283 62290 686
62017 62014 740
62017 62019 2332
62018 62016 1538
62018 62019 812
62018 62034 748
62016 62014 950
62016 62018 1538
62016 62034 2062
62061 62056 1347
62061 62060 752
57228 57225 741
57228 57252 1133
57229 57225 1013
57229 57230 254
57229 57231 1645
57079 57078 518
57079 57080 793
57079 57092 590
77965 76514 1259
57226 57202 2129
57226 57223 419
57226 57227 452
57199 57198 72
57199 57201 1188
57199 58007 1253
57222 57201 2205
57224 57223 203
76751 57708 1894
76751 57736 4575
76751 76752 3246
76754 57708 1697
57589 57588 1508
57589 76494 650
57590 57588 5129
57590 57598 4023
57785 57592 175
57785 57593 369
57786 57593 129
57786 57787 556
57786 76494 665
76502 57842 2724
76502 76493 2527
57598 57590 4023
57598 57601 3560
57909 57601 8113
57909 57912 593
57519 57518 982
57519 57521 669
57519 57522 237
57523 57518 64
57523 57520 1371
57528 57522 1298
57528 57526 1178
57528 57531 870
57528 57534 663
57533 57531 800
57533 57555 1432
57488 57486 1091
57488 57490 464
57488 57491 809
57514 57492 1143
57514 57510 760
57514 57512 864
57659 57660 486
57659 57663 542
57659 57664 300
57668 57663 551
57668 57688 270
57668 57689 249
57669 57667 313
57669 57670 411
57669 57690 410
57644 57643 326
57677 57643 576
57683 57682 492
57706 57682 386
57621 57544 587
57621 57625 375
57621 57698 1319
57729 57178 828
57729 57728 947
57729 77425 254
77423 57720 1307
77423 57720 1307
77423 77424 807
77423 77624 519
57714 57713 1145
57722 57715 818
57722 57723 1982
57722 76803 4422
78032 57286 2160
78032 78033 5366
78650 57286 694
78650 73095 2267
78650 78651 4004
65905 65903 570
65905 65919 589
65905 65920 445
65921 65920 1208
65924 65923 735
65925 65923 547
65950 65949 755
65950 65951 713
65950 65952 832
65953 65952 551
65987 65985 689
65987 65988 1091
65987 65989 828
65990 65989 813
65997 65996 3292
65999 56893 985
65999 65996 2114
65999 66000 1464
65965 65964 893
65965 65966 771
65965 65969 794
65969 65965 794
65969 65968 1231
65969 65970 1140
66037 57297 1426
66037 65968 925
66037 66038 721
66039 57296 408
66039 65968 1421
66039 66036 427
66041 66036 4914
66041 66044 962
66041 66052 1109
66041 66055 222
65857 65858 916
65857 66003 1539
65857 66619 2368
66010 66003 254
66010 66008 1032
66010 66011 989
66488 66487 688
66488 66490 607
65843 65844 1267
65843 66485 1106
65843 66492 1624
65837 65838 1950
65837 65842 633
65837 65846 713
65837 65847 1828
65844 65843 1267
65844 77395 587
65844 77397 1007
77396 77395 1063
58175 58174 484
58175 77394 1518
77402 58174 107
77402 77596 678
65834 65833 1344
65835 58178 1861
65835 65833 2084
65835 77394 779
65835 78125 722
66002 65806 1632
66002 65980 793
66002 78128 1287
65980 65807 713
65980 66002 793
65980 78127 1404
66004 65807 1425
66344 66343 476
76584 66348 1847
79267 79266 5995
79267 79268 1962
79286 79266 6881
79286 79284 5269
87188 87189 4611
87188 87192 2300
87188 87559 2963
87581 87508 1543
87581 87576 1874
87581 87580 1543
87581 87592 1675
80443 80441 5396
80443 80444 4353
80443 87557 2217
87560 87557 1795
89284 87841 1776
89284 89283 796
89284 89286 782
89284 89288 1273
89285 87841 672
89285 89286 1779
89285 89298 782
89285 89300 1700
89300 87839 651
89300 89285 1700
89300 89298 1538
89300 89301 848
89300 91707 754
87813 87777 675
87813 87814 1979
87814 87780 675
87814 87813 1979
87814 87815 752
87814 87828 1692
87826 87815 1684
87826 87825 786
87826 87827 1794
87826 87828 664
87830 87827 213
87830 87829 526
87830 88098 1097
91702 89301 761
91702 91703 470
91706 89301 951
89317 89316 1340
89317 89329 787
89327 89316 3748
89327 89328 222
89327 89715 3557
89327 91159 1461
89328 89320 5262
89328 89327 222
89328 89723 1225
89328 91160 1442
87577 87576 1189
89239 89238 632
89242 89241 1205
89242 89243 1796
89362 89241 1140
89362 89363 520
89362 89364 1014
89358 89359 1559
89358 89360 796
89358 89365 713
87854 87855 1004
87854 87857 677
87854 89356 556
89773 87855 2540
89773 89715 2002
89773 89774 1442
89357 87857 1004
89357 89351 769
89357 89355 602
89308 89302 1014
89308 89306 905
89308 89351 761
89329 89306 602
89329 89317 787
89329 89351 1000
89425 89424 1222
89426 89417 2217
89426 89424 452
89426 89443 356
89245 89243 611
89245 89246 778
89245 89364 761
89367 89246 930
89369 89365 667
89369 89368 111
89375 89368 1186
89375 89374 761
89375 90867 638
89374 89371 713
89374 89375 761
89374 89381 909
89385 89386 893
89385 89387 672
89385 89449 1021
89447 89387 1288
89447 89410 1357
89447 89449 581
89409 89408 4825
89409 89410 3540
89411 89410 602
89411 89412 937
89411 89448 2172
89406 89407 678
89406 89622 430
89550 89551 785
89550 89556 353
87595 87580 2025
87595 87596 2039
87595 91137 591
87596 87595 2039
87596 87616 1450
87601 87597 1104
87601 87616 1861
84711 84710 2401
84711 84712 807
84711 87609 1208
87610 87609 958
89018 89017 2924
89018 89019 553
89018 91374 489
91372 89017 1026
91372 91373 2416
91372 91375 986
89035 89034 2334
89035 89036 820
89035 89037 933
91738 89034 1155
91738 89037 3534
91738 91739 482
89584 89583 1705
89584 89585 1559
89584 89586 1348
80590 80588 1118
80590 80591 1024
80590 83966 2515
80480 80479 1834
80480 80481 3407
80480 80484 132
80537 80479 3257
80537 80538 3408
80537 90152 2849
80498 80496 3380
80498 80499 2267
80498 87589 1929
80500 80499 1602
90946 90945 2678
90947 90945 2874
90948 90945 1045
80531 80530 1357
80531 80551 3568
80531 80595 9512
80539 80538 4537
80539 80540 1147
80539 80551 1332
80605 80604 1505
80605 80606 1496
80605 80606 1496
83973 83966 1221
83973 90143 4321
80614 80610 3679
80614 80612 330
80614 80633 4383
80615 80610 1916
81145 80611 7906
81145 81146 4333
81145 81178 106
81133 81132 890
81178 81131 3461
81178 81145 106
81178 81179 1589
81141 81135 476
81141 81140 6399
81141 81163 748
81143 81142 3718
81144 81142 1225
80722 80720 8348
80722 80723 4183
80722 81253 1266
81254 80723 672
80719 80718 2288
80719 80720 3577
80719 81253 4826
80728 80598 1619
80728 80729 1056
80728 80760 452
80725 80726 818
80725 80727 2520
80725 80826 1507
80826 80725 1507
80826 80827 1040
80826 81216 3929
81215 81214 9718
81215 81216 4699
81215 81268 10663
80855 80827 8431
80855 80854 1576
80855 80859 4327
80859 80854 4785
80859 80855 4327
80859 80858 4518
80844 80843 848
80847 80846 2529
80849 80848 753
80761 80729 1040
80761 80762 2956
80761 80831 796
80822 80726 1290
80822 80762 3156
80822 80823 4529
80823 80762 2580
80823 80822 4529
80823 80828 562
80876 80875 452
80876 80877 2914
80876 82769 2141
82782 80875 2546
82782 82781 1187
82782 82784 1447
82771 82770 1040
82771 82772 1457
82771 82781 2113
82783 82772 905
82792 82770 3565
82792 82781 1870
82792 82793 938
82775 82773 1711
82775 82776 2006
82775 82833 1069
82833 82775 1069
82833 82776 2495
82833 82834 482
82767 82768 254
82767 82769 4379
82767 82788 2556
82767 82799 1397
82796 82788 2596
82796 82797 1692
82796 90982 581
82835 82834 1280
82835 82836 1418
82835 82862 4128
82863 82836 3569
82863 82840 796
82863 82862 1290
82870 82869 453
82870 82871 2500
82870 82894 2821
81332 81333 203
81332 82876 13962
81332 82878 11157
82877 82876 271
82877 82893 4064
82881 82876 471
82881 82882 3831
82881 82908 1679
82895 82896 2297
82895 82897 2721
82895 82901 4044
82898 82897 1163
82898 82899 755
82898 82912 2292
82938 82937 2091
82938 82939 1780
82938 90627 1398
82852 82851 1810
82852 82857 982
82852 90752 3949
82922 82923 4182
82922 82924 4350
82923 82922 4182
82923 82924 1207
82857 82852 982
82857 82856 922
84925 82856 1412
84925 84923 3067
84924 84923 732
82942 82927 1268
82942 82945 471
82927 82930 4091
82927 82942 1268
82929 82930 1000
81544 81545 62
91748 81545 2520
91748 81728 1212
91748 91747 2417
82950 81728 1397
82950 82948 430
82950 82949 1450
81725 81726 10812
81728 82948 1823
81728 82950 1397
81728 91748 1212
82977 82947 10037
81413 81412 4277
81457 81456 241
81457 81459 2230
91200 81504 2617
91202 81504 1022
91209 91211 2347
91829 91211 699
90685 81505 1106
81473 81475 603
81473 90687 1516
91460 90687 576
81476 81475 762
81476 81631 2398
90952 81631 854
81552 81551 1010
81553 81551 1825
81557 81556 254
81636 81556 3129
84703 84700 294
84703 84702 1238
84703 91774 763
91774 84700 469
91774 84703 763
91774 91775 257
84702 84701 2404
84702 84703 1238
84706 84701 714
84708 84707 620
84708 84707 620
91824 91775 680
81391 81388 1287
81407 81388 1219
81384 81377 1976
81385 81376 1257
81385 90064 1487
86170 90590 1078
87141 90590 1163
91893 91892 805
91894 91892 863
83495 83494 1626
83496 83494 1277
83496 83511 885
83511 83496 885
83511 83515 2701
83516 83515 154
83516 89586 4425
86048 85655 793
85519 86134 742
86135 85175 1014
86135 86134 2225
85176 85175 1225
85176 86126 2445
85671 86047 1741
90561 90563 1445
90564 90563 1066
91068 90563 894
90466 90476 2119
90478 90477 2204
90556 90565 1433
90566 90565 1666
90506 90507 1257
90509 90507 812
90497 90504 419
86125 86126 2172
89703 89704 37
89981 89982 1169
89981 90005 948
89982 89981 1169
89982 90005 800
90038 90022 1890
91143 91145 121
91863 91145 230
89639 89638 276
91882 89638 307
66490 66486 452
66490 66488 607
66490 66506 1205
66492 65843 1624
66492 66496 762
66503 66496 672
58177 58178 794
58177 58192 1842
58177 65847 713
66618 58192 759
66618 66619 559
66011 58194 793
66011 66010 989
66018 58194 1565
65849 65842 1849
65849 65847 713
65849 65850 603
65849 66014 2029
66015 66014 2859
66620 66014 875
66019 76580 924
66026 66030 405
66033 66030 929
65850 65849 603
65850 66622 1122
66623 66622 893
66502 66628 2306
78154 66628 247
66652 66656 1124
66660 66656 1975
66660 66685 512
66685 66657 333
66685 66660 512
66684 66682 1915
66684 66683 889
66693 66683 755
56873 56872 1760
76698 56872 3152
56910 64379 4075
78398 64379 2628
78409 64379 773
78409 78410 1924
78412 78410 656
77491 77306 883
78200 77306 1409
78200 77809 1115
79239 79238 5326
79252 79238 1004
79289 79288 1127
84849 79288 1547
79299 84851 915
90619 84851 2437
79316 79313 424
79316 79315 694
83969 79315 1940
90527 91249 435
91248 91249 1619
91478 91479 7957
57290 77362 1973
77379 77362 1120
57340 57315 480
57340 57341 366
77371 57341 140
57315 57340 480
57315 77372 623
77377 77372 427
170128 170127 643
172196 170127 2111
170353 170275 4981
159913 159911 556
159923 159911 684
159923 159924 2224
159925 159919 591
159925 159924 3224
159927 159919 3002
58305 58307 2086
58305 58364 711
58308 58307 753
58308 58312 818
58364 58305 711
58364 58366 1085
58368 58366 518
58313 58312 955
58310 58315 1106
76468 58317 759
76522 58732 837
76522 58737 2187
76522 58741 1219
78363 58770 499
58786 58785 222
58786 58787 333
58890 58785 2135
58877 58782 1114
58877 58783 591
58782 58781 1565
58782 58877 1114
58782 58884 2182
58873 58872 2249
58873 58874 796
58873 58875 873
58883 58881 477
58884 58782 2182
58884 58881 713
58893 58881 1066
58893 58882 344
58874 58873 796
58874 58882 2052
58874 58924 2568
58922 58920 754
58922 58921 1427
58875 58873 873
58875 58923 1618
58924 58874 2568
58924 58923 818
58926 58923 874
58916 58935 1019
58936 58935 338
58936 59343 768
58945 59344 1225
59343 58936 768
59343 59344 684
59359 59318 924
59359 59357 591
59361 59362 630
59361 59377 111
59349 59348 1108
59362 59358 467
59362 59361 630
58186 58191 1504
77527 58191 1984
77527 77528 803
58283 58319 2374
58318 58319 2371
58624 58631 602
77500 58631 638
58430 58426 1006
58430 58432 778
58596 58426 1249
58432 58430 778
58432 58434 1344
58444 58434 538
58444 58442 873
58436 58437 905
58436 58441 760
58440 58441 778
58437 58436 905
58437 58442 667
58594 58593 1150
58594 58593 1150
58891 58902 747
117208 117210 565
118423 117210 2066
117239 117213 752
117239 117240 2625
117222 117240 698
117246 117240 1951
117246 117247 752
117267 117247 1686
61107 61106 908
61107 61157 1011
61157 61107 1011
61157 61154 698
61157 61155 1618
61155 61153 838
61155 61157 1618
61155 61170 752
61170 61155 752
61170 61169 1682
61171 61169 789
61171 61175 613
61173 61175 1816
61196 61175 789
61199 61200 2699
61199 61205 1281
61198 61200 1250
61781 61207 538
61782 61207 344
63512 63513 796
63512 63514 1069
61787 61784 1038
61787 61795 905
61787 63513 1621
61712 61709 338
61712 61766 1357
61770 61771 688
61773 61771 676
61789 61784 1640
61789 61788 893
61784 61787 1038
61784 61789 1640
61784 61793 905
61551 61557 754
61551 61577 1396
61555 61557 1770
61572 61579 752
61578 61579 1751
61724 61579 812
61576 61580 254
61560 61688 1750
61560 61689 1117
61688 61560 1750
61688 61692 1256
61690 61692 674
61690 61707 1857
61709 61712 338
61709 61713 613
61622 61621 838
61622 61626 1750
61636 61626 838
61636 61637 1886
61635 61637 929
61635 61841 1887
61639 61841 838
61639 61859 1682
61859 61639 1682
61859 61844 891
63642 63643 674
63642 63647 812
63645 63643 1257
62025 62003 3211
61987 61985 2000
61987 61992 1113
61987 61993 1273
62066 61993 169
61969 61971 676
61969 61972 1234
61970 61971 2000
61976 61971 761
61948 61973 874
61972 61969 1234
61972 61973 1635
61943 61957 2215
61943 61974 2391
61959 61961 1308
61959 61997 1589
61997 61957 838
61997 61959 1589
61647 61646 789
61647 61655 1012
61649 61646 613
61652 61655 1170
61652 61657 809
61654 61657 752
61654 61660 1817
61978 61660 419
61978 61979 602
61979 61660 558
61979 61978 602
61979 61988 845
61988 61979 845
61988 61981 85
61989 61981 423
61985 61986 1558
61985 61987 2000
61661 61664 1817
61858 61664 748
61861 61664 279
61379 62273 3432
62274 62273 752
62274 62277 559
62280 62273 1255
78203 62281 307
78202 62284 230
62014 62016 950
62014 62017 740
57252 57228 1133
57230 57229 254
57231 57229 1645
57080 57079 793
57080 57092 357
57092 57079 590
57092 57080 357
57227 57226 452
57198 57199 72
58007 57199 1253
57736 76751 4575
76752 76751 3246
76494 57589 650
76494 57786 665
57592 57785 175
57787 57786 556
57842 76502 2724
57912 57909 593
57521 57519 669
57520 57523 1371
57526 57528 1178
57534 57528 663
57490 57488 464
57491 57488 809
57491 57510 666
57510 57491 666
57510 57514 760
57512 57514 864
57660 57659 486
57664 57659 300
57688 57668 270
57689 57668 249
57670 57669 411
57690 57669 410
57544 57621 587
57625 57621 375
57728 57729 947
77425 57729 254
77424 77423 807
77624 77423 519
57723 57722 1982
76803 57722 4422
78033 78032 5366
73095 78650 2267
78651 78650 4004
65903 65905 570
65919 65905 589
65949 65950 755
65951 65950 713
65985 65987 689
65988 65987 1091
56893 65999 985
66000 65999 1464
65966 65965 771
65970 65969 1140
57297 57296 443
57297 66037 1426
66038 66037 721
57296 57297 443
57296 66039 408
57296 66055 4863
66044 66041 962
66052 66041 1109
66055 57296 4863
66055 66041 222
65858 65857 916
65858 78127 364
66619 65857 2368
66619 66618 559
66008 66010 1032
65842 65837 633
65842 65849 1849
65846 65837 713
65846 77394 77
77397 65844 1007
77394 58175 1518
77394 65835 779
77394 65846 77
77596 77402 678
58178 58177 794
58178 65835 1861
78125 65835 722
78128 66002 1287
78128 78127 810
78127 65858 364
78127 65980 1404
78127 78128 810
79268 79267 1962
79284 79286 5269
87189 87188 4611
87592 87581 1675
80441 80443 5396
80444 80443 4353
87841 87839 2136
87841 89284 1776
87841 89285 672
89283 89284 796
87839 87841 2136
87839 89300 651
91707 89300 754
87815 87814 752
87815 87826 1684
87825 87826 786
87827 87826 1794
87827 87830 213
88098 87830 1097
91703 91702 470
89715 89327 3557
89715 89773 2002
91159 89327 1461
89723 89328 1225
91160 89328 1442
89243 89242 1796
89243 89245 611
89363 89362 520
89364 89245 761
89364 89362 1014
89364 89365 602
89359 89358 1559
89365 89358 713
89365 89364 602
89365 89369 667
89356 87854 556
89356 89355 333
89774 89773 1442
89355 89356 333
89355 89357 602
89306 89308 905
89306 89329 602
89417 89426 2217
89443 89426 356
90867 89375 638
89381 89374 909
89386 89385 893
89449 89385 1021
89449 89447 581
89449 89448 520
89412 89411 937
89448 89411 2172
89448 89449 520
89622 89406 430
89556 89550 353
91137 87595 591
87597 87601 1104
89019 89018 553
91374 89018 489
91374 91373 1281
91373 91372 2416
91373 91374 1281
91373 91375 2928
91375 91372 986
91375 91373 2928
89034 89035 2334
89034 91738 1155
89036 89035 820
91739 91738 482
89585 89584 1559
89586 83516 4425
89586 89584 1348
80591 80590 1024
80481 80480 3407
80484 80480 132
80538 80537 3408
80538 80539 4537
80538 90152 4502
90152 80537 2849
90152 80538 4502
80496 80498 3380
87589 80498 1929
80530 80531 1357
80595 80531 9512
80540 80539 1147
80606 80605 1496
80606 80605 1496
90143 83973 4321
80612 80614 330
80633 80614 4383
81146 81145 4333
81179 81178 1589
81140 81141 6399
81163 81141 748
80720 80719 3577
80720 80722 8348
80729 80726 2236
80729 80728 1056
80729 80761 1040
80726 80725 818
80726 80729 2236
80726 80822 1290
80827 80826 1040
80827 80855 8431
81214 81215 9718
81268 81215 10663
80858 80859 4518
80831 80761 796
80828 80823 562
80877 80876 2914
82769 80876 2141
82769 82767 4379
82781 82771 2113
82781 82782 1187
82781 82792 1870
82784 82782 1447
82793 82792 938
82834 82833 482
82834 82835 1280
82768 82767 254
82799 82767 1397
82797 82796 1692
90982 82796 581
82862 82835 4128
82862 82863 1290
82840 82863 796
82871 82870 2500
82894 82870 2821
81333 81332 203
82878 81332 11157
82893 82877 4064
82882 82881 3831
82908 82881 1679
82896 82895 2297
82896 82899 4480
82901 82895 4044
82899 82896 4480
82899 82898 755
82912 82898 2292
82937 82938 2091
82937 82939 1017
82939 82937 1017
82939 82938 1780
90752 82852 3949
603
58779
58780
58871
58880
58918
58919
58933
59281
59341
59347
59355
59301
59300
59376
59356
58205
58454
58456
58323
58630
58405
58409
58414
58427
58590
58443
58446
58445
58772
58591
58788
58903
117209
117214
117241
117262
61093
61101
61150
61152
61167
61193
61206
62710
63511
63520
63522
63530
62195
62188
63516
61767
61774
61790
61794
61714
61716
61715
61693
61695
61733
61624
61623
61834
61840
61845
63644
63650
62002
61996
61975
61994
61998
61999
61648
61656
61669
61658
61668
61677
61670
61860
62275
62278
62290
62019
62034
62056
62060
57225
57078
76514
57202
57201
57223
57708
57588
57593
76493
57601
57518
57522
57531
57555
57486
57492
57663
57667
57643
57682
57698
57178
57720
57713
57715
57286
65920
65923
65952
65989
65996
65964
65968
66036
66003
66487
66485
65838
77395
58174
65833
65806
65807
66343
66348
79266
87192
87508
87557
87559
89286
89288
89298
87777
87780
87828
87829
89301
89316
89320
87576
89238
89241
89360
87855
87857
89302
89351
89424
89246
89368
89371
89387
89410
89407
89551
89408
87580
87616
84710
87609
84712
89017
89037
89583
80588
80479
80499
90945
80551
80604
83966
80610
80611
81132
81131
81135
81142
80723
80718
81253
80598
80727
81216
80854
80843
80846
80848
80760
80762
80875
82772
82770
82776
82788
82836
82773
82869
82876
82897
90627
82851
82924
82856
84923
82945
82930
81545
91747
82949
81726
82948
82947
81412
81459
81504
91211
81505
90687
81475
81631
81551
81556
84700
84701
84707
91775
81388
81456
81377
81376
90590
90064
91892
83494
83515
85655
86134
85175
86047
90563
90476
90477
90565
90507
90504
86126
89704
90005
90022
91145
89638
66506
66486
66496
58192
58194
65847
66014
76580
66030
66622
66628
66656
66657
66682
66683
56872
64379
78410
77306
77809
79238
79288
84851
79313
79315
91249
91479
77362
57341
77372
170127
170275
159911
159919
159924
58307
58366
58312
58315
58317
58406
58732
58737
58741
58770
58785
58783
82922
82923
82857
84925
82942
82927
82929
81544
81725
81728
82977
81413
81457
91200
91209
90685
81473
81476
81553
81557
81636
84702
84706
84708
81391
81407
81384
81385
86170
87141
83496
83511
83516
85519
86135
85671
90561
91068
90466
90556
90566
90506
90497
86125
89703
89981
89982
90038
91143
89639
66492
58177
66618
66011
66018
66620
66019
66026
65850
66502
66652
66660
66685
66684
56873
76698
56910
78398
78409
78412
77491
78200
79239
79252
79289
84849
79299
79316
83969
90527
91248
91478
57290
57340
77371
57315
170128
170353
159923
159925
58305
58308
58364
58313
58310
76468
58890
58877
58884
58893
58874
58875
58924
58916
58936
58945
59349
58186
77527
58283
58318
58624
58430
58432
58444
58436
58437
58891
117208
117239
117222
117246
117267
61107
61157
61170
61171
61173
61196
61199
61198
61781
61782
63512
61787
61770
61773
61784
61551
61555
61572
61578
61576
61560
61688
61690
61709
61622
61636
61635
61639
61859
63642
63645
62025
61987
62066
61969
61970
61976
61948
61972
61943
61959
61997
61647
61649
61652
61654
61978
61979
61985
61661
61858
61379
62274
62280
62014
57252
57230
57231
57092
57198
58007
57736
57592
57787
57842
57912
57520
57526
57534
57491
57510
57512
57544
57728
77425
77424
57723
76803
78033
73095
78651
65903
65951
65985
56893
66000
65966
65970
57297
66038
66044
66052
66055
65858
66619
66008
65842
77394
58178
78125
79268
79284
87189
87592
80441
80444
87841
89283
87839
87815
87825
87827
91703
89715
91159
89723
91160
89243
89774
89306
89417
89443
89381
89386
89412
89448
89622
89556
87597
89019
91374
91375
89034
89586
80591
80481
80484
90152
80496
80530
80540
80612
80633
81146
81140
81163
80720
81214
81268
80858
80877
82769
82784
82834
82768
82799
82797
82862
82840
82871
81333
82878
82882
82908
82896
82901
82899
82912
82937
82939
90752
