2350
3544 3545 1955
3544 3562 4733
3546 3547 824
701 697 3673
701 741 2000
659 654 1292
659 658 990
673 674 1139
673 675 1267
671 668 4831
890 832 1762
890 892 3728
891 904 353
893 892 1267
893 894 1375
688 689 1675
688 691 1099
698 687 696
698 699 1000
694 691 1089
706 6473 982
709 683 4266
551 550 2982
551 570 344
554 553 1897
554 6180 6610
6189 6188 465
6201 6197 3676
6201 6209 748
593 602 1417
3391 3379 727
3391 3401 1493
3393 3376 1137
3393 3396 4971
3398 3399 2016
3398 3409 2855
3428 3429 1177
3428 3430 2347
980 981 168
978 979 474
1310 1030 1177
1322 1326 1176
1322 2934 905
1296 1305 455
1306 1305 1347
1306 1328 1311
1325 1326 983
1337 1326 1925
1337 1338 950
2989 1339 1542
2989 2981 2711
2989 2990 1004
3135 2995 1778
3137 3138 1014
3137 3139 1607
1517 1520 2700
1531 3181 1749
1535 1533 597
1535 1536 1114
3681 3683 201
3681 3684 1482
3682 3684 2839
3700 6428 69
3700 6429 4595
3654 3655 201
3654 3667 679
3675 3697 2167
3675 3699 667
3697 3675 2167
3697 3709 1441
3698 3696 1006
3551 3633 671
3551 3696 2612
3446 3447 889
3446 3448 503
3458 3430 1124
6447 6448 1744
6447 6449 716
3463 3464 1267
3463 3465 649
3475 6395 612
3480 3481 1482
3480 3482 1425
3561 3562 1571
3545 3544 1955
3545 3548 782
3562 3544 4733
3562 3561 1571
3562 3563 9102
3547 3546 824
3547 3548 1889
3547 3552 1193
3547 3559 7890
697 695 584
697 700 6583
697 701 3673
741 701 2000
654 652 2348
654 657 2109
654 657 2109
654 659 1292
658 365 3188
658 371 1102
658 659 990
674 673 1139
675 673 1267
675 820 2810
675 829 1750
668 665 2879
668 671 4831
668 672 762
832 833 1160
832 834 4001
832 890 1762
892 834 2469
892 890 3728
892 893 1267
904 891 353
894 893 1375
894 911 2138
894 914 1381
689 688 1675
691 688 1099
691 692 1234
691 694 1089
687 686 1829
687 695 738
687 698 696
699 698 1000
6473 706 982
683 680 3680
683 709 4266
550 545 2044
550 549 1275
550 551 2982
570 551 344
570 567 1031
553 554 1897
553 555 333
6180 554 6610
6180 6179 2170
6180 6185 1674
6188 6187 866
6188 6189 465
6197 6198 1040
6197 6199 1832
6197 6201 3676
6209 6201 748
602 8 1633
602 593 1417
602 603 353
3379 3378 3243
3379 3380 3016
3379 3391 727
3401 3391 1493
3401 3402 1516
3401 3403 1262
3376 3377 2255
3376 3393 1137
3376 3395 1078
3396 3390 4948
3396 3393 4971
3396 3412 1359
3399 3398 2016
3409 3389 1555
3409 3398 2855
3409 3413 4817
3409 3456 1675
3429 3428 1177
3430 3428 2347
3430 3457 273
3430 3458 1124
981 980 168
979 968 503
979 978 474
1030 1013 1941
1030 1015 1690
1030 1310 1177
1326 1322 1176
1326 1325 983
1326 1327 1065
1326 1337 1925
2934 1322 905
2934 2935 1000
2934 2936 786
1305 1296 455
1305 1306 1347
1328 1306 1311
1328 1329 963
1338 1327 1686
1338 1337 950
1338 1339 1360
1339 1338 1360
1339 2980 2156
1339 2989 1542
2981 2938 1409
2981 2980 1159
2981 2982 1767
2981 2989 2711
2990 2989 1004
2990 2992 1583
2990 2993 1004
2995 2993 1896
2995 2996 2167
2995 3135 1778
3138 3137 1014
3138 3141 1357
3138 3142 1995
3139 3137 1607
3139 3145 706
3139 3146 474
1520 1517 2700
1520 3146 2720
1520 3180 3074
1520 3181 1593
3181 1520 1593
3181 1531 1749
3181 3189 1334
1533 1534 1111
1533 1535 597
1533 3683 670
1536 1535 1114
3683 1533 670
3683 3191 1900
3683 3681 201
3684 3681 1482
3684 3682 2839
3684 3685 344
6428 3700 69
6429 3700 4595
3655 3654 201
3667 3654 679
3699 3675 667
3699 3701 1447
3709 3697 1441
3709 3710 1031
3709 3711 948
3696 3551 2612
3696 3698 1006
3696 3702 1149
3633 3551 671
3633 3634 1021
3633 3637 550
3447 3446 889
3448 3446 503
6448 6447 1744
6449 6447 716
3464 3463 1267
3465 3463 649
6395 3475 612
3481 3480 1482
3482 3480 1425
3548 3545 782
3548 3547 1889
3548 3549 3775
3563 3422 799
3563 3562 9102
3552 3547 1193
3552 3553 1114
3552 3554 1929
3559 3547 7890
3559 3621 796
3559 3621 796
695 687 738
695 696 729
695 697 584
700 697 6583
700 738 3192
652 365 1595
652 654 2348
652 657 1176
657 652 1176
657 654 2109
657 654 2109
365 364 1592
365 652 1595
365 658 3188
371 372 2131
371 658 1102
371 660 2927
820 675 2810
820 819 2784
820 830 1375
829 675 1750
665 643 1796
665 668 2879
665 669 2915
672 668 762
672 739 3047
833 832 1160
834 832 4001
834 836 3288
834 837 1124
834 892 2469
911 894 2138
911 912 667
911 913 1670
914 894 1381
692 691 1234
686 685 835
686 687 1829
686 690 1855
680 628 1897
680 644 3700
680 683 3680
680 684 1492
545 543 3808
545 550 2044
545 562 2038
549 546 251
549 550 1275
567 566 1919
567 569 2207
567 570 1031
555 552 557
555 553 333
555 556 1004
6179 6096 2859
6179 6178 1336
6179 6180 2170
6185 6180 1674
6187 6184 705
6187 6188 866
6198 6197 1040
6199 6196 1345
6199 6197 1832
6199 6200 4446
8 9 1673
8 10 1400
8 602 1633
603 602 353
603 604 2642
603 605 875
3378 3379 3243
3378 6211 6292
3380 3374 2170
3380 3379 3016
3380 3400 5126
3402 3401 1516
3403 3401 1262
3403 3404 1419
3403 3405 1052
3377 3376 2255
3395 3376 1078
3395 3390 1483
3395 3410 2781
3390 3389 1254
3390 3395 1483
3390 3396 4948
3412 3396 1359
3412 3413 2778
3412 6450 3365
3389 3390 1254
3389 3397 1324
3389 3409 1555
3413 3409 4817
3413 3412 2778
3456 3409 1675
3456 3457 1063
3456 3560 8071
3457 3430 273
3457 3456 1063
3457 6446 2117
968 916 9913
968 976 924
968 979 503
1013 1012 1023
1013 1015 1454
1013 1030 1941
1015 1011 948
1015 1013 1454
1015 1027 1611
1015 1030 1690
1327 1326 1065
1327 1338 1686
1327 2936 786
1327 2980 1322
2935 2934 1000
2935 2940 1124
2936 1327 786
2936 2934 786
2936 2938 2136
1329 1328 963
2980 1327 1322
2980 1339 2156
2980 2981 1159
2938 2936 2136
2938 2937 1952
2938 2981 1409
2982 2937 1627
2982 2981 1767
2982 2986 2340
2982 2992 1112
2992 2982 1112
2992 2990 1583
2992 2993 1112
2993 2990 1004
2993 2992 1112
2993 2994 1786
2993 2995 1896
2996 2994 550
2996 2995 2167
2996 2997 835
3141 3138 1357
3141 3140 333
3141 3143 1804
3142 3138 1995
3142 6368 489
3145 3139 706
3145 3146 511
3145 3147 1124
3146 1520 2720
3146 3139 474
3146 3145 511
3180 1520 3074
3180 3151 433
3180 3182 1300
3189 3181 1334
3189 3185 1124
3189 3190 1206
1534 1533 1111
3191 3190 2109
3191 3683 1900
3191 3685 1627
3685 3191 1627
3685 3684 344
3685 3686 875
3685 3822 1161
3701 3699 1447
3701 3712 950
3710 3709 1031
3711 3706 201
3711 3709 948
3702 3638 746
3702 3696 1149
3702 3705 706
3702 3706 2509
3634 3633 1021
3637 3633 550
3637 3638 1965
3637 3639 1006
3549 3548 3775
3422 3423 4445
3422 3563 799
3553 3552 1114
3553 3558 1344
3554 3552 1929
3554 3564 1225
3554 3565 2480
3621 3559 796
3621 3559 796
3621 3618 1591
696 695 729
738 700 3192
364 363 373
364 365 1592
364 653 2097
372 371 2131
372 661 1712
372 661 1712
660 371 2927
660 661 3147
660 6423 3013
819 817 2682
819 817 2682
819 820 2784
830 820 1375
830 831 3653
830 835 1312
643 642 1454
643 665 1796
643 669 2285
669 643 2285
669 665 2915
669 670 1113
739 672 3047
836 831 1881
836 834 3288
836 843 1031
837 834 1124
837 844 2557
837 906 1005
912 909 1803
912 911 667
912 915 1729
913 911 1670
685 684 1332
685 686 835
690 686 1855
690 6377 689
628 629 3802
628 678 2778
628 680 1897
644 639 1584
644 680 3700
684 647 2513
684 680 1492
684 685 1332
543 544 1256
543 545 3808
543 547 1940
562 545 2038
562 563 2875
562 566 1219
546 533 3291
546 548 3959
546 549 251
566 562 1219
566 567 1919
566 568 373
569 567 2207
569 568 1539
569 575 1065
552 542 476
552 555 557
552 556 696
556 552 696
556 555 1004
556 557 737
6096 6094 596
6096 6179 2859
6178 6131 5114
6178 6179 1336
6178 6183 3170
6184 6183 3353
6184 6187 705
6196 6194 3002
6196 6199 1345
6196 6202 1606
6200 6199 4446
9 8 1673
9 1196 1068
9 6443 1804
10 8 1400
604 603 2642
604 606 1999
604 608 1906
605 603 875
605 607 1400
605 1196 2867
6211 3378 6292
6211 6210 1358
6211 6338 1358
3374 3375 2771
3374 3380 2170
3374 6346 3877
3400 3380 5126
3404 3403 1419
3405 3403 1052
3405 3406 1441
3405 3407 2501
3410 3395 2781
6450 3412 3365
3397 3389 1324
3560 3456 8071
6446 3457 2117
916 910 948
916 915 2340
916 968 9913
976 880 2755
976 968 924
976 988 893
1012 1011 2118
1012 1013 1023
1011 988 4325
1011 1012 2118
1011 1014 1445
1011 1015 948
1027 1014 1345
1027 1015 1611
2940 2932 1381
2940 2935 1124
2940 2941 1897
2937 2938 1952
2937 2941 1276
2937 2982 1627
2937 2983 1031
2986 2982 2340
2986 2987 1796
2986 2988 1734
2994 2988 1530
2994 2993 1786
2994 2996 550
2997 2988 749
2997 2996 835
2997 2998 1374
3140 2998 2081
3140 3141 333
3140 3144 1222
3143 3141 1804
3143 3148 746
3143 3149 867
6368 3142 489
6368 3152 228
3147 3145 1124
3147 3150 562
3147 3151 928
3151 3147 928
3151 3154 2428
3151 3180 433
3182 3180 1300
3182 3183 787
3182 3184 4337
3182 3185 1222
3185 3182 1222
3185 3186 333
3185 3189 1124
3190 3189 1206
3190 3191 2109
3190 3192 1359
3686 3685 875
3686 3689 2432
3822 3192 1673
3822 3685 1161
3822 3823 3418
3712 3701 950
3712 3713 1336
3712 3722 3521
3706 3702 2509
3706 3707 679
3706 3711 201
3638 3637 1965
3638 3640 902
3638 3702 746
3705 3702 706
3705 3704 402
3705 3707 2202
3639 3637 1006
3639 3640 2304
3639 3641 749
3639 3644 550
3423 3422 4445
3423 3424 712
3558 3553 1344
3564 3554 1225
3564 6418 1376
3565 3554 2480
3565 3575 1177
3618 3619 2039
3618 3621 1591
3618 3622 782
363 348 473
363 361 556
363 364 373
653 364 2097
661 372 1712
661 372 1712
661 660 3147
6423 660 3013
817 818 603
817 819 2682
817 819 2682
831 830 3653
831 836 1881
831 839 1694
835 830 1312
642 641 581
642 643 1454
642 648 3392
670 669 1113
843 836 1031
843 842 1457
843 844 2264
844 837 2557
844 842 3194
844 843 2264
844 907 1261
906 837 1005
909 907 2016
909 912 1803
915 912 1729
915 916 2340
6377 690 689
629 515 1565
629 628 3802
629 677 845
678 535 2621
678 628 2778
678 679 2177
639 638 168
639 644 1584
647 645 2277
647 648 1004
647 684 2513
544 543 1256
547 543 1940
563 559 2007
563 562 2875
533 530 2409
533 546 3291
548 535 473
548 546 3959
548 681 1161
568 566 373
568 569 1539
568 573 2199
575 569 1065
542 541 3231
542 552 476
557 556 737
557 558 1294
557 561 1672
6094 22 3989
6094 6095 2782
6094 6096 596
6131 6132 2421
6131 6133 2044
6131 6178 5114
6183 6178 3170
6183 6182 1447
6183 6184 3353
6194 6191 3119
6194 6195 2092
6194 6196 3002
6202 6196 1606
1196 9 1068
1196 605 2867
1196 6444 2118
6443 9 1804
606 604 1999
606 607 3310
606 609 1550
608 604 1906
608 609 2370
608 610 1750
607 605 1400
607 606 3310
607 6210 1138
6210 607 1138
6210 6211 1358
6338 3375 1606
6338 6211 1358
3375 3374 2771
3375 6335 687
3375 6338 1606
6346 3374 3877
6346 6344 3996
6346 6347 1850
3406 3405 1441
3407 3405 2501
3407 3408 1387
3407 3411 2275
910 846 2234
910 874 3534
910 916 948
880 881 488
880 886 1445
880 976 2755
988 976 893
988 989 445
988 1011 4325
1014 1011 1445
1014 1016 1375
1014 1027 1345
2932 2931 1114
2932 2933 1222
2932 2940 1381
2941 2937 1276
2941 2940 1897
2941 2945 928
2941 2948 1111
2983 2937 1031
2983 2984 928
2983 2985 2679
2987 2985 680
2987 2986 1796
2987 3000 1675
2987 3002 1112
2988 2986 1734
2988 2994 1530
2988 2997 749
2988 3016 1530
2998 2997 1374
2998 3020 1445
2998 3021 845
2998 3140 2081
3144 3021 922
3144 3140 1222
3144 3157 1139
3144 3158 597
3148 3143 746
3149 3143 867
3149 3152 1483
3149 3153 905
3149 3154 503
3152 3149 1483
3152 6368 228
3150 3147 562
3154 3149 503
3154 3151 2428
3183 3182 787
3183 3186 782
3183 3187 1223
3183 3188 3912
3184 3168 845
3184 3176 1935
3184 3182 4337
3184 3199 929
3186 3183 782
3186 3185 333
3186 3193 2011
3192 3190 1359
3192 3193 2044
3192 3822 1673
3689 3686 2432
3689 3690 893
3689 3717 1262
3823 3197 587
3823 3198 3033
3823 3822 3418
3823 3826 433
3713 3712 1336
3713 3715 1234
3713 3723 3275
3722 3712 3521
3722 3723 1234
3722 3724 679
3707 3705 2202
3707 3706 679
3707 3773 2204
3707 3774 2275
3640 3638 902
3640 3639 2304
3640 3703 275
3704 3703 1139
3704 3705 402
3704 3708 1343
3641 3632 687
3641 3639 749
3641 3642 1482
3641 3644 333
3644 3639 550
3644 3641 333
3644 3645 762
3424 3423 712
6418 3564 1376
3575 3565 1177
3575 3576 787
3575 3577 1977
3619 3618 2039
3622 3618 782
3622 3623 1891
3622 3735 1173
348 346 5037
348 361 402
348 363 473
361 348 402
361 360 782
361 363 556
818 817 603
839 823 2347
839 831 1694
839 838 786
641 640 452
641 642 581
641 645 1621
648 642 3392
648 647 1004
648 649 1014
842 841 2446
842 843 1457
842 844 3194
907 844 1261
907 908 2080
907 909 2016
515 516 3807
515 529 2141
515 629 1565
677 629 845
535 534 3183
535 548 473
535 678 2621
679 678 2177
638 636 875
638 639 168
645 641 1621
645 646 417
645 647 2277
559 558 4292
559 563 2007
530 531 5198
530 532 1504
530 533 2409
681 548 1161
681 682 1340
573 564 547
573 568 2199
573 6442 1586
541 537 1950
541 539 2746
541 542 3231
558 557 1294
558 559 4292
558 560 1124
561 557 1672
22 23 2707
22 6085 3046
22 6094 3989
6095 6094 2782
6132 6131 2421
6133 6128 712
6133 6131 2044
6133 6134 3184
6182 6134 610
6182 6181 511
6182 6183 1447
6191 6192 1027
6191 6193 668
6191 6194 3119
6195 6194 2092
6444 1196 2118
609 606 1550
609 608 2370
610 608 1750
6335 3375 687
6335 6208 3611
6335 6343 5900
6344 3417 2818
6344 6345 3681
6344 6346 3996
6347 6346 1850
3408 3407 1387
3411 3407 2275
3411 3419 3459
3411 3420 4449
846 845 3024
846 845 3024
846 910 2234
874 870 1873
874 910 3534
874 965 2138
874 966 419
881 873 1841
881 880 488
881 6470 2288
886 880 1445
886 884 2612
886 885 1626
989 889 2920
989 988 445
989 990 5951
1016 1014 1375
1016 1028 1276
1016 2494 905
2931 2930 474
2931 2932 1114
2931 2939 884
2933 2927 1030
2933 2932 1222
2933 2942 804
2933 2943 535
2945 2941 928
2945 2943 201
2945 2946 1114
2948 2941 1111
2948 2950 2248
2984 2983 928
2985 2968 353
2985 2983 2679
2985 2987 680
3000 2977 778
3000 2987 1675
3000 3001 587
3002 2987 1112
3002 3015 778
3002 3016 353
3016 2988 1530
3016 3002 353
3016 3017 1095
3020 2998 1445
3020 3017 1178
3020 3022 1445
3020 3023 928
3021 2998 845
3021 3144 922
3157 3144 1139
3157 3159 238
3158 3144 597
3158 3160 561
3158 3161 1345
3153 3149 905
3153 3161 419
3153 3162 1357
3187 3183 1223
3187 3194 1111
3187 3195 980
3188 3183 3912
3188 3196 1300
3188 3199 1089
3188 3201 1004
3168 3162 251
3168 3169 796
3168 3184 845
3176 3164 2013
3176 3184 1935
3176 3200 805
3199 3184 929
3199 3188 1089
3199 3200 1344
3193 3186 2011
3193 3192 2044
3193 3197 535
3690 3689 893
3690 3835 1357
3690 3876 838
3717 3688 796
3717 3689 1262
3717 3718 887
3717 3719 515
3197 3193 535
3197 3195 1425
3197 3823 587
3198 3195 1565
3198 3219 796
3198 3823 3033
3826 3823 433
3715 3713 1234
3715 3716 2496
3715 3728 1676
3723 3713 3275
3723 3722 1234
3723 3725 838
3723 3727 1447
3724 3722 679
3724 3725 1334
3724 3726 762
3773 3707 2204
3773 3775 824
3774 3707 2275
3774 3775 1277
3703 3640 275
3703 3647 671
3703 3704 1139
3708 3704 1343
3632 3610 2458
3632 3631 2764
3632 3641 687
3642 3641 1482
3642 3643 1532
3642 3747 1065
3645 3643 845
3645 3644 762
3645 3646 1014
3576 3575 787
3577 3573 2605
3577 3575 1977
3623 3622 1891
3623 3626 222
3623 3736 2597
3735 3622 1173
3735 3733 1413
3735 3734 909
346 344 482
346 348 5037
360 357 2262
360 361 782
360 362 1929
823 824 2762
823 827 1267
823 839 2347
838 821 3442
838 821 3442
838 839 786
640 637 452
640 641 452
649 648 1014
841 840 1204
841 842 2446
841 845 503
908 907 2080
516 515 3807
529 515 2141
529 527 1492
529 534 2023
534 529 2023
534 532 1904
534 535 3183
636 634 511
636 638 875
646 645 417
531 530 5198
532 518 4222
532 530 1504
532 534 1904
532 536 1879
682 681 1340
682 702 1062
682 703 1975
564 565 1511
564 572 452
564 573 547
6442 573 1586
537 526 4622
537 538 2076
537 541 1950
539 526 3105
539 540 2430
539 541 2746
560 558 1124
560 571 3384
560 572 778
23 22 2707
6085 22 3046
6085 6082 2002
6085 6086 1667
6128 6053 1707
6128 6122 4483
6128 6133 712
6128 6136 1275
6134 6133 3184
6134 6181 514
6134 6182 610
6181 6134 514
6181 6146 2151
6181 6182 511
6192 6191 1027
6193 6191 668
6208 6206 5596
6208 6335 3611
6208 6336 2336
6343 6335 5900
3417 3416 1675
3417 6344 2818
3417 6350 2016
6345 6344 3681
3419 3411 3459
3420 3411 4449
3420 3418 6161
845 841 503
845 846 3024
845 846 3024
870 869 1112
870 872 1014
870 874 1873
965 874 2138
965 964 670
965 967 586
966 874 419
873 868 3931
873 875 1607
873 881 1841
6470 881 2288
884 882 845
884 886 2612
884 887 762
884 888 1483
885 876 3100
885 882 2590
885 886 1626
889 887 336
889 989 2920
889 2366 1900
990 989 5951
990 2368 419
990 2464 333
1028 1016 1276
1028 1029 905
1028 2508 419
2494 1016 905
2494 2495 893
2494 2509 1608
2930 2931 474
2939 2931 884
2927 2920 1359
2927 2933 1030
2942 2933 804
2943 2933 535
2943 2944 1277
2943 2945 201
2946 2945 1114
2946 2947 1075
2946 2949 474
2950 2948 2248
2950 2966 275
2950 2968 1112
2968 2950 1112
2968 2985 353
2968 2999 782
2977 1538 1300
2977 2965 1691
2977 3000 778
2977 3008 1014
2977 3009 1071
2977 3010 1095
3001 3000 587
3015 3002 778
3015 3010 1344
3015 3018 1012
3017 3016 1095
3017 3019 344
3017 3020 1178
3022 3020 1445
3022 3024 2779
3022 3155 1012
3023 3020 928
3023 3155 1225
3023 3159 1178
3159 3023 1178
3159 3156 1930
3159 3157 238
3159 3162 2273
3160 3158 561
3161 3153 419
3161 3158 1345
3161 3165 893
3162 3153 1357
3162 3159 2273
3162 3166 1166
3162 3168 251
3194 3187 1111
3194 3195 1206
3194 3196 1906
3195 3187 980
3195 3194 1206
3195 3197 1425
3195 3198 1565
3196 3188 1300
3196 3194 1906
3196 3213 627
3201 3188 1004
3201 3200 1059
3201 3214 587
3169 3168 796
3169 3170 419
3169 3171 333
3164 3098 4851
3164 3163 1694
3164 3174 201
3164 3176 2013
3200 3176 805
3200 3199 1344
3200 3201 1059
3835 3690 1357
3835 3834 2734
3835 3836 3029
3835 3877 838
3876 3690 838
3688 3687 1466
3688 3687 1466
3688 3717 796
3718 3717 887
3718 6397 1363
3719 3716 928
3719 3717 515
3719 3720 3556
3219 3198 796
3219 3213 597
3219 3220 251
3716 3715 2496
3716 3719 928
3716 3721 2056
3716 3729 1428
3728 3715 1676
3728 3727 1508
3728 3729 2454
3725 3723 838
3725 3724 1334
3725 3731 3781
3727 3723 1447
3727 3728 1508
3727 3731 2229
3726 3724 762
3775 3773 824
3775 3774 1277
3775 3776 736
3775 3779 1159
3647 3646 924
3647 3703 671
3647 3754 2097
3610 3611 4367
3610 3632 2458
3610 3635 1114
3631 3611 1076
3631 3611 1076
3631 3632 2764
3643 3642 1532
3643 3645 845
3643 3748 1005
3747 3642 1065
3747 3746 1672
3747 3748 2513
3747 3749 1071
3646 3645 1014
3646 3647 924
3646 3753 2348
3573 3566 3053
3573 3577 2605
3573 3578 1786
3626 3623 222
3626 3624 845
3626 3627 796
3736 3623 2597
3733 3734 1049
3733 3735 1413
3734 3733 1049
3734 3735 909
344 341 594
344 345 469
344 346 482
357 358 1298
357 359 1872
357 360 2262
362 360 1929
362 650 2028
362 651 1846
824 823 2762
827 823 1267
827 825 1005
827 840 1621
821 822 1343
821 838 3442
821 838 3442
637 634 883
637 640 452
840 827 1621
840 841 1204
840 865 1797
527 518 2452
527 528 1541
527 529 1492
634 633 1159
634 635 177
634 636 511
634 637 883
518 519 902
518 527 2452
518 532 4222
536 532 1879
702 682 1062
703 682 1975
565 564 1511
572 560 778
572 564 452
572 574 1762
526 523 2450
526 537 4622
526 539 3105
538 522 5436
538 537 2076
538 6088 1752
540 539 2430
571 560 3384
6082 6019 4448
6082 6083 1841
6082 6085 2002
6086 6039 672
6086 6079 2975
6086 6085 1667
6053 6051 2276
6053 6128 1707
6053 6130 1248
6122 6050 1055
6122 6124 2369
6122 6128 4483
6136 6127 2933
6136 6128 1275
6136 6137 1411
6146 6144 474
6146 6181 2151
6146 6186 2900
6206 6203 1292
6206 6207 2246
6206 6208 5596
6336 6208 2336
6336 6337 1447
6336 6341 4312
3416 3417 1675
3416 3418 1344
3416 3418 1344
6350 3417 2016
3418 3416 1344
3418 3416 1344
3418 3420 6161
869 867 1708
869 870 1112
869 871 1827
872 870 1014
964 965 670
967 965 586
868 857 1114
868 867 3042
868 873 3931
875 857 2223
875 860 333
875 873 1607
882 879 808
882 883 611
882 884 845
882 885 2590
887 884 762
887 889 336
887 977 1392
888 879 1479
888 884 1483
888 2364 1621
888 2366 945
876 864 1257
876 877 926
876 885 3100
2366 888 945
2366 889 1900
2366 2367 2107
2368 990 419
2368 2365 2370
2368 2367 954
2368 2464 535
2464 990 333
2464 2368 535
2464 2465 1004
1029 1028 905
2508 1028 419
2495 2494 893
2495 2496 333
2495 2510 1597
2509 2494 1608
2920 2515 928
2920 2919 1919
2920 2922 1576
2920 2927 1359
2944 2943 1277
2947 2946 1075
2949 2946 474
2966 2950 275
2966 2963 335
2966 2967 893
2999 2968 782
1538 1537 893
1538 2965 696
1538 2974 948
1538 2977 1300
2965 1538 696
2965 2964 1545
2965 2967 1504
2965 2977 1691
3008 2977 1014
3009 2977 1071
3009 3011 475
3009 3012 336
3010 2977 1095
3010 3011 344
3010 3015 1344
3010 3025 2901
3018 3015 1012
3019 3017 344
3024 3022 2779
3024 3025 1210
3024 3098 1558
3024 3163 3751
3155 3022 1012
3155 3023 1225
3155 3156 1634
3156 3155 1634
3156 3159 1930
3156 3163 679
3165 3161 893
3166 3162 1166
3166 3163 1084
3166 3167 556
3213 3196 627
3213 3214 1949
3213 3219 597
3214 3201 587
3214 3203 474
3214 3213 1949
3170 3169 419
3171 3169 333
3098 3024 1558
3098 3083 3574
3098 3164 4851
3098 3172 445
3163 3024 3751
3163 3156 679
3163 3164 1694
3163 3166 1084
3174 3164 201
3174 3173 3596
3174 3175 671
3174 3202 3350
3834 3824 1276
3834 3835 2734
3836 3835 3029
3836 3838 2067
3836 3840 706
3877 3835 838
3687 3688 1466
3687 3688 1466
3687 3714 1004
6397 3718 1363
6397 3720 1231
3720 3719 3556
3720 3880 333
3720 6397 1231
3220 3219 251
3220 3221 251
3721 3716 2056
3721 3881 1425
3729 3716 1428
3729 3728 2454
3729 3730 442
3731 3725 3781
3731 3727 2229
3731 3730 666
3731 3732 1143
3776 3775 736
3776 3780 1394
3776 3781 335
3779 3775 1159
3754 3647 2097
3754 3753 889
3754 3772 562
3611 3610 4367
3611 3631 1076
3611 3631 1076
3635 3610 1114
3635 3628 905
3635 3636 1595
3748 3643 1005
3748 3747 2513
3748 3750 1178
3746 3747 1672
3746 3749 603
3746 3751 402
3749 3746 603
3749 3747 1071
3749 3750 3161
3753 3646 2348
3753 3754 889
3753 3758 928
3566 3567 4184
3566 3572 1399
3566 3573 3053
3578 3573 1786
3578 3574 3107
3578 3579 1906
3624 3617 1095
3624 3625 1780
3624 3626 845
3627 3626 796
3627 3628 1114
3627 3629 1850
341 319 1559
341 340 4058
341 344 594
345 343 4070
345 344 469
345 347 5488
358 357 1298
359 357 1872
650 362 2028
651 362 1846
651 655 2561
651 656 2121
825 826 2519
825 827 1005
825 828 2169
822 821 1343
865 840 1797
865 866 2207
865 867 796
528 527 1541
633 630 238
633 634 1159
635 624 303
635 634 177
519 518 902
574 572 1762
574 579 1058
574 580 1004
523 522 1635
523 524 222
523 526 2450
522 520 275
522 523 1635
522 538 5436
6088 538 1752
6088 6087 1637
6088 6093 3223
6019 6018 3982
6019 6042 3149
6019 6082 4448
6083 6073 3807
6083 6082 1841
6083 6084 2335
6039 6040 1818
6039 6086 672
6039 6087 2719
6079 6075 5159
6079 6080 2027
6079 6086 2975
6051 6048 3355
6051 6053 2276
6051 6054 705
6130 6053 1248
6050 6047 807
6050 6122 1055
6050 6124 2429
6124 6050 2429
6124 6122 2369
6124 6125 1442
6127 6126 2663
6127 6135 761
6127 6136 2933
6137 6136 1411
6144 6142 6979
6144 6145 3449
6144 6146 474
6186 6146 2900
6203 6176 1635
6203 6204 3016
6203 6206 1292
6207 6206 2246
6337 6336 1447
6341 6336 4312
6341 6339 5395
6341 6342 2362
867 865 796
867 868 3042
867 869 1708
871 869 1827
857 855 1978
857 868 1114
857 875 2223
860 856 3201
860 864 2239
860 875 333
879 877 1408
879 882 808
879 888 1479
879 2363 2150
883 882 611
977 887 1392
2364 888 1621
2364 2363 1971
2364 2365 1797
864 860 2239
864 861 1609
864 876 1257
877 876 926
877 878 3064
877 879 1408
2367 2366 2107
2367 2368 954
2367 2463 2930
2365 2339 3202
2365 2364 1797
2365 2368 2370
2465 2383 4824
2465 2464 1004
2465 2467 1638
2496 2493 1178
2496 2495 333
2496 2497 1004
2510 2495 1597
2515 2514 1906
2515 2518 706
2515 2920 928
2919 2514 845
2919 2920 1919
2919 2921 353
2922 2519 1608
2922 2920 1576
2922 2923 452
2963 2955 1596
2963 2966 335
2967 2965 1504
2967 2966 893
2967 2969 786
1537 1538 893
1537 2979 373
1537 3003 1454
1537 3004 992
2974 1538 948
2974 2972 1220
2974 2976 201
2964 2965 1545
3011 3009 475
3011 3010 344
3011 3012 672
3012 3009 336
3012 3011 672
3012 3013 562
3025 3006 1855
3025 3010 2901
3025 3024 1210
3167 3166 556
3203 3202 433
3203 3204 2760
3203 3214 474
3203 3215 680
3083 3014 1000
3083 3080 1413
3083 3084 139
3083 3098 3574
3172 3098 445
3172 3103 336
3172 3173 1582
3172 3178 373
3173 3172 1582
3173 3174 3596
3175 3174 671
3175 3177 473
3175 3178 5398
3175 3204 871
3202 3174 3350
3202 3203 433
3824 3825 672
3824 3827 687
3824 3834 1276
3838 3830 1030
3838 3836 2067
3838 3839 1084
3840 3836 706
3840 3841 1084
3840 3882 871
3714 3687 1004
3880 3720 333
3221 3220 251
3221 3222 1530
3221 3846 1030
3881 3721 1425
3881 3879 687
3730 3729 442
3730 3731 666
3732 3731 1143
3732 3789 1112
3732 3890 1131
3780 3776 1394
3781 3776 335
3781 3782 473
3781 3783 974
3772 3754 562
3628 3625 1005
3628 3627 1114
3628 3635 905
3636 3635 1595
3750 3748 1178
3750 3749 3161
3750 3757 419
3751 3737 808
3751 3746 402
3751 3752 3731
3758 3753 928
3758 3757 1000
3758 3759 1357
3567 3566 4184
3572 3566 1399
3574 3578 3107
3579 3578 1906
3579 3580 1672
3617 3616 499
3617 3620 1669
3617 3624 1095
3625 3620 1089
3625 3624 1780
3625 3628 1005
3629 3627 1850
319 317 649
319 336 4284
319 341 1559
319 342 2933
340 341 4058
340 343 1796
343 340 1796
343 345 4070
347 345 5488
347 349 1846
347 366 1065
655 651 2561
656 651 2121
826 825 2519
828 825 2169
828 850 1924
828 854 608
866 865 2207
630 621 402
630 633 238
624 338 8343
624 635 303
579 574 1058
580 574 1004
580 581 670
580 582 787
524 521 222
524 523 222
520 521 2034
520 522 275
6087 6039 2719
6087 6088 1637
6087 6089 4715
6087 6092 3303
6093 6088 3223
6018 6015 2273
6018 6019 3982
6042 6019 3149
6042 6043 535
6073 6062 1607
6073 6072 2340
6073 6083 3807
6084 6083 2335
6040 6039 1818
6075 6068 596
6075 6076 1950
6075 6079 5159
6080 6079 2027
6048 6045 2472
6048 6045 2472
6048 6046 2053
6048 6051 3355
6054 6041 3936
6054 6051 705
6054 6055 1686
6047 6037 3210
6047 6046 1343
6047 6050 807
6047 6121 1222
6125 6107 926
6125 6124 1442
6126 6127 2663
6135 6127 761
6142 6141 2264
6142 6143 3095
6142 6144 6979
6145 6144 3449
6176 6173 3909
6176 6203 1635
6176 6204 3393
6204 6176 3393
6204 6203 3016
6204 6334 1289
6339 6306 1119
6339 6341 5395
6339 6474 4100
6342 6341 2362
855 853 2535
855 854 4916
855 857 1978
856 853 2650
856 860 3201
856 861 1670
2363 878 1176
2363 879 2150
2363 2364 1971
861 856 1670
861 862 550
861 864 1609
878 877 3064
878 2362 1629
878 2363 1176
2463 2367 2930
2339 2337 1012
2339 2365 3202
2383 2372 3220
2383 2381 736
2383 2465 4824
2467 2465 1638
2467 2466 845
2493 26 382
2493 27 485
2493 2496 1178
2497 2496 1004
2497 2498 796
2514 2511 786
2514 2515 1906
2514 2919 845
2518 2513 893
2518 2515 706
2518 2516 845
2518 2519 1466
2921 2919 353
2519 2518 1466
2519 2520 672
2519 2922 1608
2923 2922 452
2923 2924 333
2923 2925 1006
2955 2928 353
2955 2956 3701
2955 2963 1596
2969 2967 786
2979 1537 373
2979 2976 706
3003 1537 1454
3003 3005 1006
3003 3006 2349
3003 3007 1530
3004 1537 992
3004 3013 1198
2972 2959 948
2972 2973 1778
2972 2974 1220
2976 2974 201
2976 2978 1268
2976 2979 706
3013 3004 1198
3013 3006 1334
3013 3012 562
3006 3003 2349
3006 3013 1334
3006 3014 1447
3006 3025 1855
3204 3175 871
3204 3203 2760
3215 3203 680
3215 3222 1545
3014 3006 1447
3014 3079 1262
3014 3083 1000
3080 3057 1726
3080 3083 1413
3084 3081 1649
3084 3083 139
3084 3085 296
3084 3103 3024
3103 3084 3024
3103 3172 336
3178 3099 2796
3178 3172 373
3178 3175 5398
3178 3227 373
3177 3175 473
3177 3179 1077
3825 3824 672
3827 3824 687
3827 3828 2118
3827 3829 754
3830 3828 928
3830 3829 2000
3830 3833 889
3830 3838 1030
3839 3833 597
3839 3838 1084
3839 3844 627
3841 3840 1084
3841 3842 1558
3841 3843 1930
3882 3840 871
3882 3843 1670
3882 3878 638
3222 3215 1545
3222 3221 1530
3222 3847 1413
3222 3950 580
3846 3221 1030
3846 3847 1234
3846 3848 174
3879 3878 1560
3879 3881 687
3879 3883 2371
3789 3732 1112
3789 3790 1593
3789 3791 433
3890 3732 1131
3890 4006 912
3890 6471 1101
3782 3781 473
3782 3785 746
3782 3786 627
3783 3781 974
3783 3784 867
3783 3807 611
3757 3750 419
3757 3752 586
3757 3758 1000
3737 3738 1998
3737 3743 746
3737 3751 808
3752 3751 3731
3752 3755 1089
3752 3757 586
3759 3758 1357
3580 3579 1672
3580 3741 2226
3580 3761 941
3616 3617 499
3620 3617 1669
3620 3625 1089
3620 3630 503
317 312 373
317 318 475
317 319 649
336 319 4284
336 337 251
342 296 2512
342 319 2933
349 347 1846
349 350 4215
349 353 431
366 347 1065
366 367 6597
366 368 824
850 828 1924
854 828 608
854 855 4916
621 618 3868
621 619 1780
621 630 402
338 337 679
338 624 8343
581 580 670
582 580 787
582 583 687
582 584 870
521 520 2034
521 524 222
521 525 1829
6089 6087 4715
6089 6097 1029
6092 6087 3303
6015 6013 712
6015 6016 1552
6015 6018 2273
6043 6041 1686
6043 6042 535
6043 6044 5704
6062 6063 1384
6062 6073 1607
6062 6074 1935
6072 6073 2340
6068 6061 6459
6068 6070 807
6068 6075 596
6076 6075 1950
6076 6077 3401
6076 6078 3217
6045 6038 1192
6045 6048 2472
6045 6048 2472
6046 6037 2415
6046 6047 1343
6046 6048 2053
6041 6038 4224
6041 6043 1686
6041 6054 3936
6055 6054 1686
6055 6056 2276
6055 6057 3793
6037 6036 4329
6037 6036 4329
6037 6046 2415
6037 6047 3210
6037 6049 2076
6121 6047 1222
6121 6118 3997
6121 6123 2513
6107 6108 4559
6107 6114 7223
6107 6125 926
6141 6117 3730
6141 6138 2329
6141 6142 2264
6143 6142 3095
6173 6174 2561
6173 6176 3909
6173 6291 4281
6334 6204 1289
6306 6302 2126
6306 6339 1119
6306 6340 807
6474 6339 4100
853 851 511
853 855 2535
853 856 2650
862 859 3034
862 861 550
862 863 1786
2362 878 1629
2337 2338 111
2337 2339 1012
2337 2340 5717
2372 2373 49
2372 2383 3220
2381 2382 610
2381 2383 736
2381 2384 3139
2466 2467 845
2466 2470 1447
2466 2477 786
26 27 783
26 2493 382
27 26 783
27 2493 485
2498 2497 796
2498 2502 1004
2498 2513 1858
2511 2512 1248
2511 2513 1031
2511 2514 786
2513 2498 1858
2513 2511 1031
2513 2518 893
2516 2502 1031
2516 2517 2909
2516 2518 845
2520 2519 672
2520 2521 1004
2520 2924 1596
2924 2520 1596
2924 2923 333
2924 2926 1248
2925 2923 1006
2925 2928 1591
2925 2929 402
2928 2925 1591
2928 2926 1089
2928 2955 353
2956 2954 1374
2956 2955 3701
2956 2957 1173
2956 2958 333
3005 2973 1006
3005 3003 1006
3007 2975 1513
3007 3003 1530
3007 3055 687
2959 2958 402
2959 2972 948
2973 2962 838
2973 2972 1778
2973 2975 1556
2973 3005 1006
2978 2976 1268
3079 3014 1262
3057 3054 168
3057 3056 782
3057 3058 238
3057 3080 1726
3081 3058 1529
3081 3084 1649
3085 3084 296
3085 3086 156
3099 3086 675
3099 3178 2796
3227 3178 373
3227 3228 610
3179 3177 1077
3179 3205 238
3179 3208 866
3828 3827 2118
3828 3830 928
3828 3831 928
3828 3832 782
3829 3827 754
3829 3830 2000
3829 3837 627
3833 3830 889
3833 3839 597
3833 3852 762
3844 3839 627
3844 3842 902
3844 3864 580
3842 3841 1558
3842 3844 902
3842 3845 713
3842 3884 867
3843 3841 1930
3843 3882 1670
3843 3888 949
3878 3879 1560
3878 3882 638
3847 3222 1413
3847 3846 1234
3847 3849 893
3847 3853 1276
3950 3216 348
3950 3222 580
3950 3851 1512
3848 3832 780
3848 3846 174
3883 3879 2371
3883 3888 867
3883 3891 275
3790 3777 1565
3790 3789 1593
3790 4006 1253
3791 3789 433
4006 3790 1253
4006 3890 912
4006 4009 222
6471 3890 1101
3785 3782 746
3786 3782 627
3786 3784 1220
3786 3787 580
3786 3788 1219
3784 3783 867
3784 3786 1220
3784 3808 373
3807 3783 611
3738 3737 1998
3743 3737 746
3743 3744 3938
3743 3745 278
3755 3752 1089
3755 3756 2986
3755 3760 1095
3741 3580 2226
3741 3739 2203
3741 3745 5523
3761 3580 941
3630 3620 503
312 309 2639
312 317 373
312 318 353
318 312 353
318 317 475
318 320 2733
337 336 251
337 338 679
296 293 2773
296 342 2512
350 349 4215
353 349 431
353 351 1061
353 354 3048
367 366 6597
367 414 2369
367 416 1124
368 366 824
368 369 1111
368 370 3353
618 502 3015
618 620 1948
618 621 3868
619 617 3978
619 621 1780
619 632 1881
583 582 687
584 582 870
525 521 1829
6097 6089 1029
6013 6011 705
6013 6014 1004
6013 6015 712
6016 6015 1552
6044 6043 5704
6044 6057 1607
6044 6090 749
6063 6060 920
6063 6062 1384
6074 6062 1935
6061 6060 4628
6061 6068 6459
6070 6068 807
6077 6076 3401
6078 6076 3217
6038 6041 4224
6038 6045 1192
6056 6055 2276
6057 6044 1607
6057 6055 3793
6036 6037 4329
6036 6037 4329
6049 6037 2076
6118 6121 3997
6123 6121 2513
6108 6107 4559
6114 6107 7223
6117 6141 3730
6138 6141 2329
6174 6173 2561
6291 6173 4281
6302 6306 2126
6340 6306 807
851 853 511
859 862 3034
863 862 1786
2338 2337 111
2340 2337 5717
2373 2372 49
2382 2381 610
2384 2381 3139
2470 2466 1447
2477 2466 786
2502 2498 1004
2502 2516 1031
2512 2511 1248
2517 2516 2909
2521 2520 1004
2926 2924 1248
2926 2928 1089
2929 2925 402
2954 2956 1374
2957 2956 1173
2958 2956 333
2958 2959 402
2975 2973 1556
2975 3007 1513
3055 3007 687
3055 3056 782
2962 2973 838
3054 3057 168
3056 3055 782
3056 3057 782
3058 3057 238
3058 3081 1529
3086 3085 156
3086 3099 675
3228 3227 610
3205 3179 238
3208 3179 866
3831 3828 928
3832 3828 782
3832 3848 780
3832 3852 275
3837 3829 627
3852 3832 275
3852 3833 762
3852 3853 1114
3864 3844 580
3845 3842 713
3884 3842 867
3888 3843 949
3888 3883 867
3849 3847 893
3849 3851 687
3853 3847 1276
3853 3852 1114
3216 3950 348
3851 3849 687
3851 3950 1512
3891 3883 275
3777 3790 1565
4009 4006 222
3787 3786 580
3788 3786 1219
3808 3784 373
3744 3743 3938
3745 3741 5523
3745 3743 278
3756 3755 2986
3760 3755 1095
3739 3741 2203
309 312 2639
320 318 2733
293 296 2773
351 353 1061
354 353 3048
414 367 2369
416 367 1124
369 368 1111
370 368 3353
502 618 3015
620 618 1948
617 619 3978
632 619 1881
6011 6013 705
6014 6013 1004
6090 6044 749
6060 6061 4628
6060 6063 920
112
3544
3546
701
659
673
671
890
891
893
688
698
694
706
709
551
554
6189
6201
593
3391
3393
3398
3428
980
978
1310
1322
1296
1306
1325
1337
2989
3135
3137
1517
1531
1535
3681
3682
3700
3654
3675
3697
3698
3551
3446
3458
6447
3463
3475
3480
3561
6063
6061
6070
6038
6057
6036
6118
6108
6114
6117
6138
6174
6302
851
859
2338
2340
2384
2470
2477
2502
2517
2521
2926
2954
2958
2975
2962
3054
3056
3058
3086
3228
3205
3884
3888
3849
3853
3216
3851
3891
3777
4009
3788
3745
3760
3739
309
320
293
351
354
414
416
502
620
617
6011
6014
6060
