824
174714 174713 789
174714 175270 1546
174719 174720 782
174718 174699 688
174718 174720 1448
175177 175178 336
175137 175135 1009
174595 174594 976
174595 175241 1283
174809 174808 2618
174809 175058 1114
174811 174806 4126
175057 175058 1004
175057 175153 2450
175152 175151 337
175152 175426 1000
175411 175409 926
175411 175412 984
175428 175427 1351
175428 175432 3669
175409 175410 630
175409 175411 926
175143 175241 1306
175244 175425 527
175408 175406 10440
175133 175134 751
175133 175208 1363
175161 175160 688
175587 175420 713
175699 175700 1659
175536 175506 738
175536 175535 713
185686 185452 808
185686 185687 319
175164 175551 3359
175159 175160 344
175159 175575 2035
175159 175581 682
175555 175531 1882
175553 175551 2348
175532 175531 1141
175532 175533 1769
174307 174312 610
174431 174429 2519
174431 174433 848
174429 174431 2519
174429 174435 796
174486 174444 1306
174486 174461 778
174486 185438 452
174415 174416 1124
174415 174445 688
174415 174491 1199
174402 174423 202
174474 174423 344
174201 174202 1080
174201 174234 924
174241 174233 790
174241 174242 3009
174262 174263 276
174262 174264 2967
174266 174264 688
174266 174267 337
174226 174225 1933
174226 174297 713
174294 174249 989
174294 174296 295
174249 174250 782
174249 174294 989
174225 174226 1933
174225 174314 511
183838 183839 905
183838 183961 766
183956 183963 796
183971 183963 1603
184975 184976 984
184975 184984 2519
183983 185014 778
184985 184984 373
184985 185014 2288
183842 183841 202
183982 185026 4306
184971 184977 951
184971 184993 2561
184986 184997 697
184986 185017 2561
184994 184993 747
184994 185017 951
184994 185020 1614
210638 210640 1643
210638 210643 815
210643 210638 815
210643 210644 1562
210643 210645 608
210792 210645 1709
210792 210793 686
210800 210793 752
210802 210803 285
210802 210806 231
210806 210802 231
210806 210803 255
210806 210807 828
210807 210806 828
210807 210808 197
210807 210820 706
210822 210820 1511
210822 210823 723
210880 210823 2014
210850 210823 806
210850 210834 1616
210850 210851 706
210899 210851 1973
210899 210900 1074
210902 210898 1962
210902 210900 696
210902 210903 706
210926 210930 261
210926 210935 519
210935 210926 519
210935 210936 1233
210938 210936 833
210938 211622 2035
211623 211622 779
211623 211627 1512
198875 211735 474
211737 211734 782
211737 211735 2367
211795 211796 834
211797 211796 1944
211734 211731 750
211734 211733 2806
211734 211737 782
211734 211739 1901
211742 198872 1688
211742 211741 548
211742 211744 1111
211726 211800 833
211799 211798 706
211799 211800 1321
211799 211801 1006
211727 211800 1916
211727 211866 784
211863 211865 866
211863 211866 2051
163605 163606 2557
163605 163607 758
163605 172395 1336
163378 163379 355
163430 163429 688
163491 163429 1018
163491 163492 672
163492 163491 672
163492 163493 344
163616 163610 2358
163616 163618 445
163616 163728 418
163730 163618 796
163730 163737 1454
163606 163605 2557
163606 163610 2557
163606 163611 850
163610 163606 2557
163610 163612 766
163610 163616 2358
162938 162937 1580
162938 163011 650
162940 162939 537
162940 162986 2505
162940 162987 279
162940 162988 766
163015 163011 2381
163015 163016 610
163401 163400 1282
163431 163429 1035
163431 163475 893
163426 163428 713
163426 163475 850
163405 163403 276
163409 163406 1449
163409 163408 672
163409 163428 1883
161331 161330 517
161331 162952 2590
162762 162763 630
162762 162788 2590
162762 162952 674
162761 162765 1101
162763 162762 630
162763 162765 2248
162764 162742 238
162764 162787 2016
162742 162743 562
162742 162764 238
162717 162718 1824
162717 163919 688
162744 162743 168
162744 163941 688
211864 211865 1695
211867 211865 751
211867 211877 867
211867 211878 2147
211877 211867 867
211877 211879 833
211877 211880 2147
211879 211877 833
211879 211884 2079
163923 163922 818
163923 163930 355
163930 163923 355
163930 163934 1906
163906 163904 581
163906 163910 2049
163911 163910 688
163911 163922 436
163937 163934 953
163937 163946 1580
163991 163990 1811
163991 164000 1817
164021 164022 2789
164021 164029 739
164030 164000 2679
164030 164024 418
163973 163974 238
163996 163948 1188
163955 163956 630
214265 164116 805
214265 212034 521
214265 214264 4255
211954 211955 961
211978 211955 1593
212019 212026 834
212020 212026 2179
212020 212031 683
212014 212031 2265
212014 212033 751
211975 211955 706
211975 211976 853
211979 211974 915
211979 211976 1696
211989 211987 710
211989 212022 758
211989 212023 2293
212021 211987 678
212021 211988 220
212015 212033 2147
211917 211884 833
211917 211945 2003
211947 211945 796
211947 211949 2034
211950 211949 801
178724 178723 1716
178724 178725 1881
179045 179044 1894
179045 185322 2718
179043 179044 1867
179043 179052 418
179052 179043 418
179052 179053 1780
114565 114563 2423
114565 114564 2262
114605 114604 481
114703 114701 1305
114708 114709 413
114470 114468 1436
114470 114471 603
114470 114482 787
114515 114468 418
114515 114469 452
114515 114520 586
114517 114482 1671
114517 114525 746
114520 114515 586
114520 114526 469
114532 114533 782
114532 114534 2095
114511 114513 603
114511 116130 417
114514 114509 807
114514 114523 445
114514 114536 2009
115463 115467 462
114690 115488 1504
115483 115484 1187
115483 115488 627
115465 115466 762
115465 115468 1225
115465 115484 706
115514 115512 1161
115286 115287 163
115283 115285 1304
115283 116276 1788
115475 115476 6859
115475 115477 2013
116132 116131 8417
116132 116133 1297
115536 115504 672
115502 115504 1340
115476 115475 6859
191644 191826 1660
191826 191644 1660
32607 32613 3381
32613 32607 3381
105826 107926 1124
107926 105826 1124
107966 107948 763
111853 111852 1848
111853 111877 847
107948 107966 763
111877 111853 847
111852 111853 1848
33773 33776 1560
33776 33773 1560
33785 33786 3139
33786 33785 3139
33786 33806 1457
33806 33786 1457
113309 113311 796
113311 113309 796
113290 113289 201
113289 113290 201
103443 103444 818
103444 103443 818
105418 103727 1436
103727 105418 1436
103567 103569 664
103569 103567 664
103591 103650 1370
103650 103591 1370
40087 40097 1293
40100 40117 1033
40117 40100 1033
40097 40087 1293
41280 41292 1104
41292 41280 1104
29258 29259 475
29259 29258 475
29256 29085 713
29085 29256 713
53296 53302 333
53302 53296 333
53519 53521 517
53521 53519 517
53451 53457 238
53457 53451 238
53468 53472 1660
53472 53468 1660
53547 53550 1768
53550 53547 1768
53518 53525 1199
53525 53518 1199
49437 49524 738
49524 49437 738
49524 49527 2018
49527 49524 2018
144347 144346 299
144346 144347 299
144247 144249 493
144249 144247 493
196338 196340 278
196353 196340 1979
196340 196338 278
196340 196353 1979
141464 141465 551
141465 141464 551
189978 189977 639
189977 189978 639
190040 190041 147
139991 139989 360
139989 139991 360
139996 140020 1834
140020 139996 1834
140022 140105 596
140105 140022 596
140120 140122 803
140122 140120 803
190041 190040 147
190084 190080 716
190080 190084 716
190081 190082 600
190082 190081 600
190088 190098 699
190098 190088 699
189987 189997 629
189997 189987 629
189967 190677 169
189973 189974 665
190677 189967 169
190677 190678 115
190678 190677 115
189974 189973 665
142209 142217 750
142214 142339 1443
142339 142214 1443
142346 142356 1445
142356 142346 1445
141425 141424 826
141424 141425 826
142160 142153 669
142217 142209 750
141653 141668 187
141668 141653 187
141689 141690 1766
141774 142166 779
142166 141774 779
142166 142169 968
141690 141689 1766
142153 142160 669
142169 142166 968
56050 56057 1436
56057 56050 1436
56211 56215 850
56266 56256 672
56215 56211 850
56256 56266 672
196680 196683 1661
196683 196680 1661
197217 197257 220
197257 197217 220
204078 204073 1037
204362 204382 478
204382 204362 478
204377 207176 623
207176 204377 623
207205 207206 833
207206 207205 833
207249 207250 751
207143 207158 908
207219 207225 555
207225 207219 555
207222 207224 817
207224 207222 817
207250 207249 751
204073 204078 1037
203672 203673 594
203673 203672 594
207400 207416 669
207416 207400 669
207417 207420 833
207420 207417 833
207420 207422 679
207367 207374 624
207374 207367 624
207444 207439 219
207439 207444 219
207158 207143 908
207162 207166 277
207166 207162 277
207354 207474 1235
207474 207354 1235
207422 207420 679
207948 207949 2179
207949 207948 2179
208257 208260 927
208260 208257 927
208324 208326 686
208351 208350 751
208350 208351 751
208326 208324 686
208326 210543 883
210543 208326 883
210622 210640 815
177540 177544 932
177544 177540 932
184988 184997 2131
184998 184997 848
166252 166275 842
166275 166252 842
166271 166266 3338
166266 166271 3338
166264 166265 709
166265 166264 709
166211 166230 849
166230 166211 849
180546 180550 870
180550 180546 870
183962 183963 905
183840 183839 1565
183840 183841 952
183840 183976 1003
183976 183840 1003
185120 185164 713
185164 185120 713
174482 174416 435
174636 174699 1615
174596 174594 505
174713 174714 789
174713 175270 1293
175270 174713 1293
175270 174714 1546
174720 174718 1448
174720 174719 782
174699 174636 1615
174699 174718 688
175178 175177 336
175135 175134 697
175135 175137 1009
174594 174595 976
174594 174596 505
174594 175241 1519
175241 174594 1519
175241 174595 1283
175241 175143 1306
174808 174809 2618
175058 174809 1114
175058 175057 1004
174806 174811 4126
175153 175057 2450
175153 175151 796
175151 175152 337
175151 175153 796
175426 175152 1000
175426 175427 276
175412 175411 984
175412 175432 818
175427 175426 276
175427 175428 1351
175432 175412 818
175432 175428 3669
175410 175409 630
175425 175244 527
175406 175408 10440
175134 175133 751
175134 175135 697
175208 175133 1363
175160 175159 344
175160 175161 688
175420 175587 713
175700 175699 1659
175506 175536 738
175535 175533 1206
175535 175536 713
175535 175551 873
185452 185686 808
185687 185686 319
175551 175164 3359
175551 175535 873
175551 175553 2348
175575 175159 2035
175581 175159 682
175531 175532 1141
175531 175555 1882
175533 175532 1769
175533 175535 1206
174312 174307 610
174433 174431 848
174433 174435 2362
174435 174429 796
174435 174433 2362
174444 174445 1282
174444 174486 1306
174461 174486 778
185438 174486 452
174416 174415 1124
174416 174482 435
174445 174415 688
174445 174444 1282
174491 174415 1199
174423 174402 202
174423 174474 344
174202 174201 1080
174234 174201 924
174234 174233 796
174233 174234 796
174233 174241 790
174242 174241 3009
174263 174262 276
174264 174262 2967
174264 174266 688
174267 174266 337
174297 174226 713
174297 174296 2284
174296 174294 295
174296 174297 2284
174250 174249 782
174314 174225 511
183839 183838 905
183839 183840 1565
183961 183838 766
183963 183956 796
183963 183962 905
183963 183971 1603
184976 184975 984
184976 184977 984
184984 184975 2519
184984 184985 373
185014 183983 778
185014 184985 2288
183841 183840 952
183841 183842 202
185026 183982 4306
184977 184971 951
184977 184976 984
184993 184971 2561
184993 184994 747
184997 184986 697
184997 184988 2131
184997 184998 848
185017 184986 2561
185017 184994 951
185020 184994 1614
210640 210622 815
210640 210638 1643
210640 210644 874
210644 210640 874
210644 210643 1562
210645 210643 608
210645 210792 1709
210793 210792 686
210793 210800 752
210793 210803 801
210803 210793 801
210803 210802 285
210803 210806 255
210808 210807 197
210820 210807 706
210820 210822 1511
210823 210822 723
210823 210850 806
210823 210880 2014
210834 210850 1616
210851 210850 706
210851 210899 1973
210900 210899 1074
210900 210902 696
210898 210902 1962
210903 210902 706
210930 210926 261
210936 210935 1233
210936 210938 833
211622 210938 2035
211622 211623 779
211627 211623 1512
211627 211733 671
211627 211735 163
211735 198875 474
211735 211627 163
211735 211737 2367
211796 211795 834
211796 211797 1944
211796 211798 2357
211731 211734 750
211733 211627 671
211733 211734 2806
211739 211734 1901
211739 211741 574
198872 211742 1688
211741 211739 574
211741 211742 548
211744 211742 1111
211800 211726 833
211800 211727 1916
211800 211799 1321
211798 211796 2357
211798 211799 706
211798 211801 779
211801 211798 779
211801 211799 1006
211866 211727 784
211866 211863 2051
211865 211863 866
211865 211864 1695
211865 211867 751
163607 163605 758
163607 163611 2667
172395 163605 1336
163379 163378 355
163429 163430 688
163429 163431 1035
163429 163491 1018
163493 163492 344
163618 163616 445
163618 163730 796
163728 163616 418
163737 163730 1454
163611 163606 850
163611 163607 2667
163611 163612 2561
163612 163610 766
163612 163611 2561
162937 162938 1580
162937 162939 276
163011 162938 650
163011 163015 2381
162939 162937 276
162939 162940 537
162986 162940 2505
162987 162940 279
162988 162940 766
163016 163015 610
163016 163400 1504
163400 163016 1504
163400 163401 1282
163475 163426 850
163475 163431 893
163428 163409 1883
163428 163426 713
163403 163405 276
163406 163409 1449
163408 163409 672
161330 161331 517
162952 161331 2590
162952 162762 674
162788 162762 2590
162788 162765 683
162765 162761 1101
162765 162763 2248
162765 162788 683
162787 162764 2016
162743 162742 562
162743 162744 168
162718 162717 1824
163919 162717 688
163919 163941 1988
163941 162744 688
163941 163919 1988
211878 211867 2147
211878 211880 867
211880 211877 2147
211880 211878 867
211880 211884 709
211884 211879 2079
211884 211880 709
211884 211917 833
163922 163911 436
163922 163923 818
163934 163930 1906
163934 163937 953
163904 163906 581
163910 163906 2049
163910 163911 688
163946 163937 1580
163990 163991 1811
164000 163991 1817
164000 164030 2679
164022 164021 2789
164029 164021 739
164024 164030 418
163974 163973 238
163948 163956 202
163948 163996 1188
163956 163948 202
163956 163955 630
164116 214265 805
212034 212033 710
212034 214265 521
214264 214265 4255
211955 211954 961
211955 211975 706
211955 211978 1593
212026 212019 834
212026 212020 2179
212031 212014 2265
212031 212020 683
212033 212014 751
212033 212015 2147
212033 212034 710
211976 211975 853
211976 211979 1696
211974 211979 915
211974 211988 385
211987 211989 710
211987 212021 678
212022 211989 758
212023 211989 2293
211988 211974 385
211988 212021 220
211945 211917 2003
211945 211947 796
211949 211947 2034
211949 211950 801
178723 178724 1716
178725 178724 1881
179044 179043 1867
179044 179045 1894
185322 179045 2718
179053 179052 1780
114563 114564 1124
114563 114565 2423
114564 114563 1124
114564 114565 2262
114604 114605 481
114701 114703 1305
114709 114708 413
114468 114469 556
114468 114470 1436
114468 114515 418
114471 114470 603
114482 114470 787
114482 114517 1671
114469 114468 556
114469 114515 452
114469 114526 688
114525 114517 746
114526 114469 688
114526 114520 469
114533 114532 782
114534 114532 2095
114513 114511 603
116130 114511 417
116130 116131 557
114509 114514 807
114523 114514 445
114536 114514 2009
115467 115463 462
115467 115466 830
115488 114690 1504
115488 115483 627
115484 115465 706
115484 115483 1187
115466 115465 762
115466 115467 830
115468 115465 1225
115512 115514 1161
115287 115285 405
115287 115286 163
115285 115283 1304
115285 115287 405
116276 115283 1788
115477 115475 2013
116131 116130 557
116131 116132 8417
116133 116132 1297
115504 115502 1340
115504 115536 672
968
174714
174719
174718
175177
175137
174595
174809
174811
175057
175152
175411
175428
175409
175143
175244
175408
175133
175161
175587
175699
175536
185686
175164
175159
175555
175553
175532
174307
174431
174429
174486
174415
174402
174474
174201
174241
174262
174266
174226
174294
174249
174225
183838
183956
183971
184975
183983
184985
183842
183982
184971
184986
184994
210638
210643
210792
210800
210802
210806
210807
210822
210880
210850
210899
210902
210926
210935
210938
211623
198875
211737
211795
211797
211734
211742
211726
211799
211727
211863
163605
163378
163430
163491
163492
163616
163730
163606
163610
162938
162940
163015
163401
163431
163426
163405
163409
161331
162762
162761
162763
162764
162742
162717
162744
211864
211867
211877
211879
163923
163930
163906
163911
163937
163991
164021
164030
163973
163996
163955
214265
211954
211978
212019
212020
212014
211975
211979
211989
212021
212015
211917
211947
211950
178724
179045
179043
179052
114565
114605
114703
114708
114470
114515
114517
114520
114532
114511
114514
115463
114690
115483
115465
115514
115286
115283
115475
116132
115536
115502
114962
115132
114969
115003
114995
115236
115251
115227
115476
115092
115300
115593
115591
115604
115619
115615
115637
110628
106790
106798
106808
106833
106988
106989
107272
107395
106385
106695
106678
106688
106602
106613
106624
106641
106550
110629
106496
106504
106266
106503
106507
113885
194062
191944
193075
192020
191702
191820
191644
191826
192876
192892
193480
107336
104443
107542
104416
107590
32607
32613
32651
6621
32460
32806
32812
32814
32817
107670
107748
32837
107797
107808
107804
107907
105826
107926
107928
107966
107821
107854
107862
107813
107860
111853
107946
107948
111798
111822
111826
111856
111877
111888
111849
111852
111928
111976
111985
33706
33603
33716
33717
33773
18179
33609
33776
33785
33786
33806
33810
33854
33857
17195
33870
33883
113196
113187
113201
17348
33866
33860
33864
33885
33888
113321
113318
113411
113309
113464
113311
113287
113290
113151
113289
113292
113203
113285
103436
113550
103433
103443
103444
103497
103501
103449
105418
103715
105416
105400
105402
103714
103727
103467
103725
103567
103569
103589
103591
103638
103650
40087
40100
40117
40097
40128
40115
40107
105267
105154
105251
105560
105236
105167
103760
105507
105481
105482
105510
103674
103677
105490
105492
105502
40134
40136
40155
40033
40161
41276
41280
41292
41310
41302
29227
29020
29023
29249
29280
29258
29259
29260
29220
29087
29082
29256
29085
29060
29065
29080
52961
52967
56636
52964
52978
53279
53285
53296
53302
53305
53428
53435
56685
53495
53511
53519
53521
29048
53523
53583
53588
54806
54808
55098
55101
55255
55269
55316
55320
55327
55348
55921
55930
53451
53457
53422
53449
53468
53472
53542
53547
53550
53558
53516
53518
53525
53586
53593
53594
49518
49437
49524
49526
49527
49536
49516
49559
49281
49270
49273
49529
49441
49565
49784
53766
53761
53759
53757
54764
54778
144222
144225
144245
144252
144418
144434
144368
144326
144347
144346
144247
144249
144248
144344
144345
144357
144437
144570
144332
144333
195552
195556
195571
196337
196338
196353
196403
196329
196340
196387
151607
140066
140088
140093
140096
141464
141459
141460
141465
141466
190012
190016
190022
190030
189978
189977
190040
139835
139828
139829
144913
139827
139950
139991
139989
139996
140020
140022
140105
140108
140104
140120
140098
140101
140122
140123
190041
190084
190080
190081
190082
190088
190098
190105
190113
190448
190319
190115
189987
189990
189994
189997
190076
189967
189973
190677
190678
189974
190563
190315
142209
142214
142339
142346
142356
141378
141431
141427
141425
141424
142160
142178
142202
142200
142217
141512
141653
151904
151940
141668
151818
141689
141774
141775
142166
141831
141690
141695
142153
142167
142169
55949
56019
56022
56035
56050
56057
56084
56187
56194
56211
56241
56266
56215
56245
56251
56256
56298
189917
189942
190543
196680
196683
197217
197257
197261
197264
204078
204285
204288
204311
204316
204362
204382
204384
204377
204397
204395
204399
207176
207182
207205
207206
207249
207144
207145
207143
207219
207225
207222
207224
207248
207250
196913
196887
196930
145971
145978
145981
146008
151305
151307
198891
204048
204059
204073
203907
203987
203637
203645
203661
203672
203673
203884
203888
207400
207431
207416
207417
207420
207367
194523
207374
207376
207444
207433
207439
207378
207158
207162
207166
207340
207354
207474
207482
207422
207911
207918
207941
207948
207949
208040
208049
208055
208257
208255
208263
208259
208278
208260
208221
208239
208243
208249
208333
208346
208324
208351
208350
208352
208326
210543
210556
210557
210646
210618
210622
178763
178768
178665
178684
178744
178746
178915
178934
179039
178871
177552
177540
177544
163642
163216
163246
163227
163649
163650
163653
163209
163652
184956
184978
184982
184988
184998
184954
185001
185005
166199
166252
166275
166271
166278
166266
166264
166260
166286
166265
166296
166304
166822
166211
166230
166179
166184
166200
166239
166228
166233
180776
180784
180546
180550
180504
186130
182398
182400
182424
182468
182466
182508
182638
182639
182644
173764
173765
173762
173761
173795
182606
182636
174207
176281
176267
174157
174158
176286
176290
174219
176306
176320
176326
183962
183840
183976
183986
183988
183984
185031
185035
185038
185117
185120
185164
185167
185172
185209
174165
174788
174803
173825
173826
174023
174482
175073
175103
176462
174406
174503
174504
174512
174619
174634
174636
174596
175205
175214
174713
175270
174720
174699
175135
174594
175241
174808
175058
174806
175153
175151
175426
175412
175427
175432
175425
175406
175134
175208
175420
175700
175506
185687
175575
175581
175531
175533
174312
174433
174435
174444
174461
174416
174445
174491
174423
174202
174234
174233
174242
174264
174297
174296
174250
174314
183839
184976
184984
185014
183841
185026
184977
184993
184997
185017
185020
210640
210644
210645
210793
210803
210808
210820
210823
210834
210851
210900
210898
210903
210930
210936
211622
211731
211733
211739
198872
211741
211744
211800
211801
211866
211865
163607
163429
163493
163728
163737
163611
163612
162937
163011
162939
162986
162988
163016
163400
163475
163428
163403
163406
163408
161330
162952
162788
162787
162743
162718
163919
163941
211878
211880
211884
163922
163934
163904
163910
163946
163990
164000
164022
164029
164024
163948
163956
164116
212034
214264
212026
212031
212033
211976
211974
211987
212022
212023
211988
211945
211949
178723
179044
114563
114564
114604
114701
114709
114482
114525
114526
114513
116130
114509
114523
114536
115467
115488
115484
115466
115468
115512
115287
116276
116131
116133
115504
