4102
218162 218159 1975
218162 219707 1710
218162 220281 1529
224241 218155 6150
219227 219228 395
219512 219513 1300
219512 219516 1063
219248 219246 2214
219092 219498 822
219092 219500 1391
219497 219501 393
219497 224117 203
219493 219551 537
219493 220708 339
219531 219532 183
224415 219496 3303
221991 221987 693
221991 221995 655
221992 221995 948
221992 221996 528
222000 221996 940
222000 222011 584
222012 221980 527
222012 224880 541
221979 221980 800
221979 222319 7
224880 222012 541
224880 224881 667
222123 222043 752
222123 222079 2921
222202 222079 811
222202 222191 699
222202 222205 2088
222189 222191 641
222204 222203 2408
220434 220433 751
220434 222223 888
220434 222224 1186
222222 222225 751
222222 222254 1235
222252 222253 1957
222252 222254 825
222249 222253 841
222226 222227 841
222226 222228 604
222210 215215 985
222210 222227 2054
215316 215215 2567
215306 215254 1562
215306 215329 549
215308 215304 982
215308 215305 787
215329 215306 549
215329 215328 1653
215329 215332 1339
215311 215213 374
218424 215213 1095
218424 215304 1274
215214 215215 824
215214 215341 2051
215343 215342 1524
215343 215345 2161
215344 215341 822
215344 215345 766
215344 215352 1519
215359 215361 701
215359 215362 620
215360 215362 1396
215360 215363 795
215340 215365 863
215340 215395 1160
215394 215393 780
215394 215395 1383
215390 215393 876
215390 215408 1796
215387 215384 632
222032 215392 365
222298 215995 1670
222298 222301 703
222302 222288 347
222302 224639 1266
222302 224642 959
222303 222308 1189
222303 222309 1307
222303 224639 885
215435 215436 285
215435 224097 337
219506 219505 2231
219565 219559 881
219565 219567 1499
219569 219624 2091
219569 219802 1422
221987 221991 693
221987 221994 1148
222013 221994 593
215229 215193 719
215229 215226 715
215229 215227 2247
215226 215225 2269
215226 215229 715
221999 221998 687
221999 222001 760
222024 222028 934
222024 222035 815
222001 221996 591
222001 221999 760
222001 222011 996
222027 222011 575
222027 222028 480
222027 222029 1245
222026 222035 294
222026 222074 2871
222073 222074 753
222073 222088 1393
222070 222071 1065
222070 222081 1048
222087 215201 830
222087 222080 1382
222087 222088 792
222080 222084 84
222080 222087 1382
222064 215194 736
222064 215197 714
222062 215194 83
223236 223237 531
223288 223292 275
223288 223312 2407
223306 223309 905
223306 223312 963
223305 223302 1357
223305 223309 1036
223305 223310 938
224465 223298 350
223218 223260 566
223218 223262 972
223282 223263 443
223282 223280 2161
223297 223280 791
223297 223298 606
223297 223307 885
223239 223237 2214
223239 223240 530
223242 223245 523
223169 223246 846
223169 223254 437
215846 215847 492
215846 215854 1180
223252 223245 947
223252 223251 459
223248 223251 363
223258 223186 1071
223258 223256 1128
223258 223272 1071
223260 223218 566
223260 223261 693
223260 223267 2252
223264 223266 1103
150935 150933 863
150935 150934 2520
150935 150954 2457
150954 150935 2457
150954 150952 712
150823 150824 2325
150823 150830 1553
150832 150830 875
150874 150830 914
150874 150865 804
150879 150876 1260
150879 150877 1116
150879 150882 294
150928 150934 275
150928 151738 1475
149029 148995 789
149029 148997 660
149031 148997 1291
149031 150389 562
149036 145715 1872
149036 149037 617
149038 145714 785
149038 149039 1284
149042 145714 715
149042 149043 313
149042 151965 1219
149188 149185 184
149188 149230 1003
149221 149223 907
149221 151685 334
149222 149215 762
149222 149223 284
149199 149198 608
149199 149210 509
149205 149198 728
149205 149206 423
151690 149206 769
151690 151695 272
149308 151698 416
149311 149310 404
149311 151698 680
149241 149215 2312
149241 149248 770
149241 149250 1504
149310 149244 411
149310 149311 404
149310 151695 711
149334 149250 791
149334 149401 846
149401 149334 846
149401 149400 1527
149239 149238 407
149247 149632 794
149631 149632 2663
149631 149635 795
149630 149633 831
149630 149635 2632
149629 149633 1758
149629 149634 858
143863 143876 925
143863 151119 1019
151114 150965 2395
151114 151119 496
143877 143876 705
143877 143879 862
151123 143883 1005
151123 150972 1774
151123 151199 902
151201 140374 2152
151201 151199 376
151115 150952 1155
147237 147228 772
147237 147236 2886
147238 147236 865
147242 147228 2363
147242 147240 768
147226 140374 602
147226 147227 746
147226 147228 3093
147226 147236 882
147284 147240 2413
147284 147283 860
147285 147283 2378
147285 147286 728
147299 147286 2373
147299 147298 742
147299 147386 2322
147386 147299 2322
147386 147302 757
147460 147302 2389
147460 147457 797
147468 147457 2684
147468 147473 453
147473 147459 2673
147473 147466 1195
147473 147468 453
147479 147466 723
147479 147477 853
147479 147480 1597
147525 147480 297
147525 147543 385
147543 147480 300
147543 147525 385
147543 147545 1225
147548 147508 2940
147548 147547 820
147548 147550 802
147552 147550 771
147552 147553 2878
147557 147556 492
147557 147558 802
147565 147558 2468
147566 147558 712
147566 147568 2142
147679 147801 2275
147789 147568 736
147789 147788 1616
147789 147801 836
147802 147796 1661
147802 147801 776
147804 147796 879
147804 147806 973
147804 147807 827
147805 147807 1718
147814 147807 789
147893 147811 80
147820 147810 6075
147909 147898 1301
147909 147910 573
147988 147991 1715
151635 147922 329
151635 151629 851
148006 147991 1271
148006 148007 229
148007 148006 229
148007 148008 584
148009 148008 300
148009 148013 532
148024 148023 478
148024 148025 330
148031 148032 403
148031 151751 385
148030 148026 756
148030 148029 1723
148032 148029 836
148032 148031 403
148036 148018 518
148036 148018 518
148036 148042 576
148984 148988 454
148035 148026 649
205120 205110 848
205120 205122 1090
205125 205122 686
205125 205128 2201
205128 205125 2201
205128 205127 767
205128 205140 2300
205152 205153 2402
205152 205154 710
205156 205154 824
205156 205157 2392
205166 205170 198
205169 205168 482
205169 205170 400
212807 212809 1021
212882 212876 445
212882 212903 693
212885 212903 1338
212885 212904 709
212885 212905 3022
150266 150260 314
150266 150267 1308
150269 150267 272
150282 150284 362
150282 150285 1697
150347 150346 440
150347 150350 298
150347 150352 1681
150353 150352 339
150353 150357 1397
198717 198718 1083
198749 198741 2259
198749 198760 513
198754 198753 2858
198755 198748 743
198755 198753 710
205079 205082 751
205079 205084 2300
205083 205084 841
205083 205088 2201
205087 205088 805
205087 205185 2426
205080 205081 765
205080 205082 1668
170766 170767 1067
171244 171245 337
171244 171255 851
171290 171288 811
171290 171299 874
171287 171266 1030
171327 171322 558
171327 171326 475
171304 171312 222
171304 171477 1774
171343 171326 5331
171343 171344 778
171343 171482 684
171478 171479 1602
171478 171482 1023
171311 171312 445
171311 171469 1858
171462 171461 2027
171462 171469 1000
170799 170800 848
170799 171272 836
171271 171266 610
171271 171270 1411
171271 171288 976
154199 154201 782
154199 154206 1336
159107 154206 767
159107 159109 1675
162392 159109 934
162392 159120 2007
171459 171460 905
171459 171539 951
171539 171459 951
171539 171543 1786
162391 159120 767
162391 162390 2229
162389 162388 1014
162389 162390 850
162389 171543 850
154225 154241 678
154225 154279 872
152139 154189 1012
152139 154290 2989
154284 154285 818
154278 154279 2445
154278 154285 2371
154209 154207 850
154209 154214 759
154209 172355 1336
154214 154209 759
154214 154217 1004
154214 154222 767
154221 154222 1344
154221 172356 782
154220 154216 971
154207 154205 1675
154207 154206 674
154207 154209 850
154201 154199 782
154201 162401 1690
154187 154189 1185
154187 154302 3005
154300 154301 452
154300 154519 1146
154547 154504 2051
154547 154523 672
154547 159362 2006
159309 159308 905
159309 172836 192
159306 159307 2150
159413 159307 1952
159406 159405 1934
159406 159576 1381
159373 159308 1014
159373 159374 1124
159415 159374 2672
159415 159440 1467
159440 159368 553
159440 159415 1467
159405 159406 1934
159405 159589 1124
159405 159618 850
159618 159405 850
159618 159645 1124
159646 159645 767
159646 159647 2578
159650 159647 767
159650 159652 1675
159668 159652 928
159668 159676 1014
159674 159676 767
159674 159677 2481
159679 159677 767
159679 159703 2688
159820 159658 2578
159820 159703 872
159820 159836 851
159836 159764 767
159836 159820 851
159836 159837 2578
159764 159763 2578
159764 159836 767
159767 159768 796
159767 159802 3191
159803 159802 688
157714 159827 1140
159821 159822 767
159821 159827 3003
157792 157793 466
157792 172721 254
159957 159939 1146
159957 160000 3432
160001 160000 1010
160001 160002 474
160004 160005 1111
160004 160007 1305
160008 160007 752
160008 160011 976
159949 159948 1686
159949 160011 1154
159999 160011 1161
159842 159841 9082
158734 158735 872
159011 159012 581
159016 159012 2918
159016 159015 818
160098 160091 405
160106 160105 1525
160108 160107 1804
160094 160107 6458
213086 213083 930
213119 213087 1322
213119 213122 571
213072 213067 814
213072 213070 736
213065 213066 940
213065 213105 559
213108 213104 883
213108 213114 930
213099 213096 381
213099 213097 704
213090 213085 986
213090 213087 1239
213098 213093 555
213098 213096 1565
213452 213450 833
213457 213447 849
213457 213458 1455
213457 213462 238
213463 213462 332
213463 213467 461
213463 213468 2892
213473 213467 1009
213473 213475 3262
213473 213501 776
213474 213501 439
213474 213502 666
213512 213513 1348
213516 213513 756
213516 213539 773
213516 213540 1360
204916 198804 672
204918 204917 238
204918 214463 549
213615 213616 1038
213624 213616 805
213578 213548 797
213578 213587 493
213591 213607 345
213539 213516 773
213539 213541 1328
213544 213547 897
213544 213549 731
213545 213547 504
213545 213562 346
213545 213563 3153
213574 213576 530
213584 213575 639
162237 162238 778
170475 170476 713
170475 170478 601
170648 170649 344
170648 172583 1036
170103 170104 553
170103 170105 848
170100 170099 631
170100 170105 2292
170100 170614 818
170824 170825 355
170868 170869 905
170868 170875 782
170868 170901 1885
170870 170869 1968
170870 170874 791
170870 170879 796
170873 170872 1857
170873 170875 333
102602 102601 606
94884 102601 174
94886 101976 179
95535 95549 847
95548 95549 1066
95552 95553 1762
95558 95553 3124
95558 95559 6838
95584 95590 2712
95585 95559 1863
95585 95602 1558
95585 95722 1530
95588 95589 746
95588 95590 1188
94727 94722 2940
94727 94724 1306
94732 94733 1496
94732 95054 557
95055 94734 750
95055 95056 1223
95056 94736 697
95056 95055 1223
95088 95097 1856
95102 95070 354
95071 95072 403
95186 95184 139
95191 95332 2973
95191 102113 1758
95609 101742 2138
95620 95619 382
95620 95622 1550
102547 95432 159
102547 102549 321
95522 95523 1120
95522 95553 275
94536 93545 561
94536 101675 572
49816 49818 1223
49822 41947 1385
49822 49928 1647
49804 49805 624
49804 49819 1238
49995 49992 1481
49995 49996 950
50020 50019 927
50020 50023 1532
49998 49999 947
49998 50005 1393
50001 49994 676
50013 50005 1008
50013 50007 2689
97666 102347 444
102764 102766 979
97749 97739 1466
97749 97751 782
97772 91980 796
97503 97506 782
97776 97775 1114
97739 97733 1641
97739 97749 1466
93375 98640 485
103197 103198 3359
93407 93355 2808
93407 93408 1124
93410 93411 448
93410 94336 528
94336 93410 528
94336 94337 445
94338 94337 201
93432 93431 3277
93432 93436 1240
93435 93415 1794
93503 93539 1385
93503 93552 2796
93439 93438 167
93506 93521 1260
93506 93555 1917
101679 98969 3076
101679 101680 562
101679 101682 645
101682 101679 645
101682 101692 305
101673 101675 1026
101673 101676 884
101678 101676 688
101678 101698 511
98585 98615 3637
98645 98615 3572
98645 98648 983
94607 94601 159
94607 94602 259
98639 98640 861
98639 102225 960
98148 98145 238
97829 97826 3042
97829 97830 889
98233 97831 782
98236 97831 1631
98236 98239 796
94842 94843 1810
94842 103180 607
98249 97854 2614
98053 98054 1080
96497 97775 2228
98141 102838 2563
98144 97789 238
98157 98156 904
98157 98203 847
98230 94538 1078
98230 98227 1695
98226 98227 1279
98228 98227 884
98228 98231 1496
98292 98231 1768
98292 98294 253
98294 98292 253
98294 98296 904
98295 98296 1055
98321 98322 3979
191049 191014 703
191049 191048 2648
191049 191098 313
191089 191090 2637
191479 191072 983
191479 191480 1444
42006 42003 4502
42006 49950 6653
42006 49968 2530
49916 49914 713
49978 49979 612
50112 50111 2681
50112 50113 1167
42070 42027 3204
42070 42072 4564
50137 50139 872
50137 50140 1768
50138 50140 750
50138 50143 764
50138 50145 3654
50143 50138 764
50143 50144 4220
49283 49282 1534
49283 50155 1186
50173 50172 2145
50173 50174 1268
42121 42119 2555
42121 42123 3084
42142 42104 1066
42142 42143 782
42164 42165 1709
42164 42169 1220
42164 42182 3391
35524 42187 2608
35524 42203 1322
42185 42184 3656
42185 42186 1302
42185 42203 1398
43934 43930 751
43934 43937 476
43934 43938 557
43935 43930 927
43935 43931 1099
41386 40608 1810
41386 43914 1869
43867 43886 169
43867 50340 1643
44078 44072 1534
44078 44081 238
44281 44258 1719
44281 44280 344
44285 44286 827
44266 44202 927
44317 44268 871
44317 44319 1268
44322 44321 751
44322 44323 2087
44331 44332 511
44330 44321 354
44361 44323 827
44351 44350 5971
44351 44352 2852
44352 44340 589
44352 44351 2852
44394 44395 870
44394 44396 1255
44427 44419 3788
44427 44429 1031
44450 44452 650
44442 44433 1200
44442 50269 739
44453 44441 848
44453 44452 1677
44655 44498 3281
44670 44742 1398
44016 43773 951
44017 43776 1015
44026 44024 1984
44029 44025 1120
44029 44038 1028
44038 44029 1028
44038 44074 1066
44038 44076 1534
44041 44076 1817
44077 44069 1771
44077 44075 884
44075 44067 1930
44075 44076 2063
44075 44077 884
44743 44742 589
44743 44776 1027
44776 44741 2653
44776 44743 1027
44777 44749 3205
44777 44778 1153
44783 44782 1503
44806 44804 202
44806 44807 1074
44806 44808 1719
44807 44806 1074
44807 44808 1085
44830 44825 1168
44830 45928 3015
45929 45898 738
45929 45949 789
44751 44748 3897
44751 44785 344
44753 44750 709
44753 44768 984
44796 44769 677
44796 44795 1161
44785 44751 344
44785 44784 1483
44786 44784 828
45948 45947 1153
45948 45951 537
45949 45929 789
45949 45947 848
45968 45966 926
45969 45967 2282
45969 45970 1209
45970 45969 1209
45970 46040 2648
45970 46086 1073
46089 46086 3295
126141 126140 850
126143 126142 766
126152 126147 1269
126152 126151 452
126174 126203 1017
126174 126211 848
127130 127129 139
127378 127128 1483
127377 126503 850
127377 127123 2481
127377 127380 2790
127382 127383 556
127392 127387 1735
127392 127395 1616
127392 127396 713
127394 127395 951
127394 127435 47
45810 45795 1211
45810 45798 940
45822 45798 1303
45822 45806 1534
45840 45806 1028
126641 45757 1228
126641 126640 1307
45780 45779 474
126656 45778 1620
126656 126654 344
45782 45781 279
45782 45786 419
126667 45786 1014
126667 126775 1800
126627 126626 1831
126627 126640 1592
126627 126647 337
126646 126643 630
126646 126647 1234
45440 45441 5084
125372 125367 1774
125372 125368 1990
125351 125350 1228
45809 45807 1683
45809 45808 2106
45768 45766 1133
126674 126673 2088
126674 126678 890
126679 125416 1948
126679 125421 751
126679 126678 418
125440 125436 807
125440 126701 1774
126680 125420 418
126680 125421 418
126700 126701 537
126706 126701 751
126704 126703 928
126710 126703 2417
126710 126711 789
126732 126995 552
126045 125452 630
126045 126697 1877
126698 126697 1274
126715 126713 713
126715 126995 879
126046 126027 2806
126046 126044 1413
126046 126052 1014
126993 126061 782
126064 126062 476
126064 126063 890
126998 126066 874
126998 127000 1074
126997 126061 1154
126997 126063 807
132361 127006 622
126069 126022 7466
126069 127000 1438
45802 45800 3676
45802 45806 2478
45803 45799 2381
45803 45799 2381
45686 45681 3333
45686 45688 1577
45845 45723 610
45847 45727 1704
45724 45716 650
45724 45727 650
45726 45725 1503
45726 45729 713
45726 46010 2105
46115 46010 1747
46012 46008 1153
46012 46009 1901
46012 46011 1560
46014 46010 848
46014 46011 984
46016 46009 1064
46016 46017 1902
46017 46015 1357
46017 46016 1902
46035 46034 404
46064 46053 697
46064 46054 1882
46103 46054 612
46098 46054 1345
46098 46097 238
46094 46051 3179
46094 46093 951
46096 46095 475
46096 46097 884
126383 127516 238
126507 126506 1944
126507 127427 476
126582 126506 974
126582 126525 751
126582 126597 2116
127412 126525 1897
127412 127413 1112
127399 127385 1606
127399 127398 893
127410 127389 1012
127403 127398 2246
127403 127402 688
126610 126578 1118
126610 126611 2432
126611 126610 2432
126611 126613 558
126620 126621 1068
126620 127537 2403
127545 127544 222
127554 129072 1485
127554 129083 7711
127522 127518 710
127522 127523 818
127550 127521 2110
124138 124137 1198
129054 129055 960
129054 129059 1622
129060 124137 1499
129060 129153 79
129154 129107 1612
129154 129155 606
129167 129168 782
129167 129169 1411
129155 129154 606
129155 129158 1624
129160 129158 874
129160 129159 1030
129164 129159 808
129164 129162 697
129162 129163 537
129162 129164 697
129162 129247 928
129253 129247 739
129253 129251 697
129251 129207 2600
129251 129249 678
129251 129253 697
129255 129213 1631
129255 129258 538
129214 129213 276
129263 120528 419
129265 129273 698
129265 129274 419
129276 129274 650
129276 129275 601
129275 129276 601
129275 129279 631
129423 129421 2461
129425 129422 2284
121086 121082 631
121086 121087 606
121085 121075 1667
121085 121076 1702
121085 121102 1111
121087 121075 1687
121087 121086 606
121103 121102 1940
121103 121256 506
121103 121257 667
121080 121003 1356
121080 121016 1161
121083 121079 1155
121217 121152 808
121256 121103 506
121256 121257 837
121264 121260 452
120991 120982 3360
120991 121004 747
120991 121008 374
121151 121017 222
121010 121009 739
121010 121146 1003
121147 121148 674
121147 121161 1399
121116 121115 1082
121266 121260 344
121266 121261 202
121119 121113 808
121118 121113 1075
121118 121533 789
121550 121548 512
121549 121538 698
121549 121548 1547
69105 69106 581
69105 69109 789
69105 69110 3593
69107 77096 1466
69107 77096 1466
69229 69225 317
69229 69225 317
69227 69225 1404
69227 69228 657
69244 69245 2052
69251 69250 2496
70170 70157 792
70170 70171 601
70170 70172 2063
70171 70170 601
70171 70173 4634
70190 70195 2921
70151 70148 1082
70151 70153 2280
70128 70129 768
70128 70131 1956
70133 70148 1334
70134 70135 672
70134 70139 935
69233 69234 795
69721 69112 909
69726 78449 1197
69760 69755 792
69760 69761 1459
69763 69761 873
69763 69764 924
69814 69815 688
69814 69816 880
69814 69817 611
69807 69751 1019
69807 69755 2342
69807 69806 1248
69718 69687 519
69718 69720 436
69805 69688 631
69805 69806 337
69779 69778 1703
69779 69796 675
69771 69768 374
69776 69775 875
69776 69778 977
69615 69607 279
69615 69616 796
69783 69784 109
69783 69788 512
69791 69787 437
72339 72338 1161
72339 72340 811
72339 72341 1812
72502 72499 1023
72502 72508 374
72509 72508 279
72509 72510 2716
69831 69833 713
69831 69838 955
70003 70004 508
70003 70005 789
70003 70006 3119
70006 70003 3119
70006 70329 818
70334 70329 753
70334 70335 796
70334 70336 1355
70353 70354 837
70326 70327 753
70357 70355 1030
70357 70422 811
70328 70327 650
70328 70384 631
70383 70384 1396
70383 70386 753
70565 70563 941
70565 70683 1568
70689 70686 562
70386 70383 753
70386 70385 1358
70396 70385 753
70396 70421 611
70421 70396 611
70421 70420 711
70442 70444 739
70442 70445 2274
70444 70442 739
70444 70446 2274
70444 70447 808
70494 70447 1023
70494 70495 678
70500 70495 1067
70500 70499 837
70500 70503 880
70499 70500 837
70499 70512 808
70555 70518 1030
70555 70556 991
69309 69297 713
69309 69301 1810
69312 69313 851
69312 69329 1919
69337 69329 728
69303 69292 333
69303 69301 688
129427 129422 1308
129427 129447 1161
129447 129304 238
129447 129427 1161
129301 129300 2292
129301 129304 475
129451 129315 631
129451 129452 848
129466 129467 606
121123 120969 674
121123 121130 2372
121129 121126 2451
121129 121128 1023
121129 121139 1183
121132 121126 891
121132 121146 1309
216120 224030 2226
215808 215809 2151
215808 224624 312
216385 216384 1281
216385 224625 311
216410 216417 142
219095 218153 540
219095 219097 3297
220666 219098 1497
220666 219107 795
217837 224571 449
222541 224571 889
222541 224576 480
218248 218239 1337
218248 218249 533
218253 218241 868
218268 218267 892
218268 218269 381
218159 218063 4704
218159 218157 418
218159 218160 516
218159 218162 1975
219707 218162 1710
220281 218162 1529
218155 218156 519
218155 218157 504
218155 224241 6150
219228 219227 395
219228 219229 2295
219513 219512 1300
219513 219515 549
219513 219516 868
219516 219512 1063
219516 219513 868
219516 219520 1932
219246 219247 317
219246 219247 317
219246 219248 2214
219498 219092 822
219498 219499 1359
219498 219500 1101
219500 219092 1391
219500 219498 1101
219500 219510 493
219500 224541 216
219501 219497 393
219501 219502 759
219501 219507 79
224117 219497 203
224117 224755 430
219551 219493 537
219551 219550 329
219551 219559 1103
220708 219493 339
220708 219550 552
220708 220707 676
219532 219531 183
219496 219495 323
219496 224415 3303
221995 221991 655
221995 221992 948
221995 221998 513
221996 221992 528
221996 221998 909
221996 222000 940
221996 222001 591
222011 221980 1518
222011 222000 584
222011 222001 996
222011 222027 575
221980 221979 800
221980 222011 1518
221980 222012 527
222319 221979 7
224881 224880 667
222043 222042 112
222043 222123 752
222043 224070 437
222079 222078 847
222079 222094 2144
222079 222123 2921
222079 222202 811
222191 222189 641
222191 222202 699
222191 222203 221
222205 215248 733
222205 222094 824
222205 222202 2088
222203 222191 221
222203 222204 2408
222203 222206 1735
220433 220434 751
220433 222228 1153
222223 220434 888
222223 222225 384
222223 222229 1241
222224 215218 784
222224 220434 1186
222224 222228 808
222224 222229 733
222225 222222 751
222225 222223 384
222225 222230 1332
222225 222255 481
222254 222222 1235
222254 222252 825
222254 222256 2184
222254 222258 738
222253 222249 841
222253 222252 1957
222253 222256 902
222227 215216 803
222227 215218 1585
222227 222210 2054
222227 222226 841
222228 220433 1153
222228 222224 808
222228 222226 604
215215 215214 824
215215 215216 2035
215215 215316 2567
215215 222210 985
215254 215251 1872
215254 215252 1002
215254 215306 1562
215254 215328 584
215304 215212 1145
215304 215308 982
215304 218424 1274
215305 215252 295
215305 215307 2196
215305 215308 787
215328 215254 584
215328 215270 255
215328 215329 1653
215332 215273 1628
215332 215329 1339
215332 215333 1045
215332 215385 1009
215213 215212 1038
215213 215311 374
215213 218424 1095
215341 215214 2051
215341 215216 786
215341 215220 1574
215341 215344 822
215342 215343 1524
215345 215343 2161
215345 215344 766
215345 215353 1535
215345 215361 941
215352 215220 827
215352 215344 1519
215352 215353 748
215352 215354 1394
215361 215345 941
215361 215359 701
215361 215373 843
215361 215377 530
215362 215359 620
215362 215360 1396
215362 215368 460
215363 215360 795
215363 215364 1503
215363 215366 738
215365 215340 863
215365 215366 497
215365 215419 1730
215395 215340 1160
215395 215394 1383
215395 215418 90
215393 215390 876
215393 215394 780
215393 215396 803
215393 215409 1738
215408 215390 1796
215408 215409 903
215408 215413 1524
215408 222033 568
215384 215383 1594
215384 215385 726
215384 215387 632
215384 215406 1450
215392 215391 1458
215392 222032 365
215995 215996 646
215995 222298 1670
215995 222306 1807
222301 222290 2533
222301 222298 703
222288 222285 1119
222288 222289 2143
222288 222302 347
224639 222302 1266
224639 222303 885
224639 224640 1089
224642 222302 959
222308 222303 1189
222308 222310 1776
222308 222311 664
222308 224640 842
222309 222303 1307
215436 215435 285
224097 215435 337
219505 219506 2231
219505 219514 1030
219505 219566 219
219559 219551 1103
219559 219563 1627
219559 219565 881
219567 219565 1499
219624 219569 2091
219624 219623 2888
219624 219625 1598
219802 219569 1422
219802 219801 687
221994 221987 1148
221994 221998 538
221994 222013 593
215193 215194 1620
215193 215195 724
215193 215229 719
215193 215230 2428
215227 215225 729
215227 215229 2247
215227 215230 673
215225 215226 2269
215225 215227 729
221998 221994 538
221998 221995 513
221998 221996 909
221998 221999 687
222028 222024 934
222028 222027 480
222028 222030 1276
222028 222031 562
222035 222024 815
222035 222026 294
222035 222037 488
222029 222027 1245
222029 222030 522
222074 222026 2871
222074 222073 753
222074 222075 869
222074 222090 2194
222088 215203 767
222088 222073 1393
222088 222087 792
222071 222070 1065
222081 222070 1048
215201 215200 1643
215201 215203 697
215201 215240 884
215201 222087 830
222084 222080 84
222084 222083 628
215194 215193 1620
215194 222062 83
215194 222064 736
215197 215196 534
215197 222064 714
215197 222067 497
223237 223236 531
223237 223238 623
223237 223239 2214
223292 223238 1788
223292 223288 275
223292 223293 543
223312 223288 2407
223312 223306 963
223312 223313 815
223312 223426 1889
223309 223305 1036
223309 223306 905
223309 223311 952
223302 223298 1008
223302 223301 439
223302 223305 1357
223302 223308 944
223310 223305 938
223310 223308 1278
223310 223311 963
223298 223297 606
223298 223302 1008
223298 224465 350
223262 223218 972
223262 223263 708
223263 223261 297
223263 223262 708
223263 223282 443
223280 223267 1270
223280 223282 2161
223280 223297 791
223307 223281 1043
223307 223297 885
223240 223238 2146
223240 223239 530
223240 223332 646
223245 223242 523
223245 223252 947
223246 223169 846
223246 223247 286
223246 223255 400
223254 223169 437
215847 215846 492
215847 223171 726
215847 223172 1388
215854 215846 1180
215854 215856 1291
215854 223172 478
223251 223247 947
223251 223248 363
223251 223252 459
223251 223257 552
223186 223187 645
223186 223258 1071
223186 223265 88
223186 223266 717
223256 223173 1002
223256 223257 533
223256 223258 1128
223272 223192 5260
223272 223258 1071
223272 223271 854
223272 223273 3053
223261 223260 693
223261 223263 297
223261 223270 1496
223267 223260 2252
223267 223266 1024
223267 223273 1114
223267 223280 1270
223266 223186 717
223266 223264 1103
223266 223267 1024
150933 150932 2574
150933 150935 863
150933 150951 1003
150933 150952 2416
150934 150928 275
150934 150932 798
150934 150935 2520
150952 150933 2416
150952 150954 712
150952 150965 1056
150952 151115 1155
150824 150823 2325
150824 151616 246
150830 150823 1553
150830 150832 875
150830 150874 914
150865 150862 589
150865 150866 1083
150865 150874 804
150865 150876 1156
150876 150865 1156
150876 150878 711
150876 150879 1260
150877 150866 2372
150877 150879 1116
150877 150886 853
150877 150889 779
150882 150879 294
150882 151738 569
150882 151861 533
151738 150882 569
151738 150928 1475
151738 151739 496
148995 148996 2249
148995 148997 924
148995 149029 789
148997 148995 924
148997 149029 660
148997 149031 1291
148997 149032 3210
150389 149031 562
145715 145714 298
145715 149036 1872
145715 149043 735
145715 149044 554
149037 149036 617
149037 149044 1921
149037 149397 1380
145714 145715 298
145714 149038 785
145714 149040 1258
145714 149042 715
149039 149038 1284
149039 149040 732
149043 145715 735
149043 149042 313
149043 149185 991
149043 149186 668
151965 149042 1219
149185 149043 991
149185 149187 1023
149185 149188 184
149230 149188 1003
149230 149231 1712
149230 149234 139
149223 149221 907
149223 149222 284
149223 149240 470
151685 149221 334
151685 149226 376
151685 149228 608
149215 149214 423
149215 149222 762
149215 149241 2312
149215 149244 364
149198 149199 608
149198 149205 728
149198 151694 279
149210 149199 509
149210 149214 284
149210 151694 550
149206 149205 423
149206 151690 769
149206 151693 302
149206 151694 329
151695 149310 711
151695 151690 272
151695 151697 387
151695 151698 376
151698 149308 416
151698 149311 680
151698 151695 376
149248 149225 651
149248 149241 770
149248 149249 1390
149248 151686 701
149250 149241 1504
149250 149249 788
149250 149334 791
149244 149215 364
149244 149310 411
149244 151697 668
149400 149249 873
149400 149399 1732
149400 149401 1527
149238 149239 407
149632 149247 794
149632 149631 2663
149632 149635 2792
149635 149630 2632
149635 149631 795
149635 149632 2792
149635 149636 797
149633 149629 1758
149633 149630 831
149633 149636 2608
149633 149638 780
149634 149629 858
149634 149637 849
149634 149638 1421
143876 143863 925
143876 143877 705
143876 143878 811
143876 151122 924
151119 143863 1019
151119 151114 496
151119 151116 543
150965 150951 2442
150965 150952 1056
150965 150966 1002
150965 151114 2395
143879 143877 862
143879 143878 979
143879 143883 786
143883 143879 786
143883 143882 1367
143883 151123 1005
150972 150969 2467
150972 150973 914
150972 151121 941
150972 151123 1774
151199 150973 1804
151199 151123 902
151199 151200 874
151199 151201 376
140374 140327 383
140374 140375 347
140374 147226 602
140374 151201 2152
147228 147226 3093
147228 147230 771
147228 147237 772
147228 147242 2363
147236 147226 882
147236 147237 2886
147236 147238 865
147240 147230 2339
147240 147241 786
147240 147242 768
147240 147284 2413
147227 147226 746
147227 147229 810
147227 147230 2848
147283 147241 2378
147283 147282 793
147283 147284 860
147283 147285 2378
147286 147282 2373
147286 147285 728
147286 147290 782
147286 147299 2373
147298 147290 2364
147298 147299 742
147298 147300 808
147298 147302 2334
147302 147298 2334
147302 147335 782
147302 147386 757
147302 147460 2389
147457 147335 2401
147457 147459 622
147457 147460 797
147457 147468 2684
147459 147334 2354
147459 147457 622
147459 147458 973
147459 147473 2673
147466 147458 2678
147466 147473 1195
147466 147474 782
147466 147479 723
147477 147474 753
147477 147479 853
147477 147483 2365
147477 147500 750
147480 147479 1597
147480 147501 840
147480 147525 297
147480 147543 300
147545 147543 1225
147545 147544 385
147545 147547 389
147508 147505 1705
147508 147507 846
147508 147548 2940
147508 147551 741
147547 147507 2936
147547 147545 389
147547 147548 820
147550 147548 802
147550 147551 2894
147550 147552 771
147553 147510 1685
147553 147551 734
147553 147552 2878
147553 147556 779
147556 147553 779
147556 147555 1645
147556 147557 492
147558 147557 802
147558 147565 2468
147558 147566 712
147558 147567 2142
147568 147566 2142
147568 147567 712
147568 147786 1615
147568 147789 736
147801 147679 2275
147801 147789 836
147801 147795 1641
147801 147802 776
147788 147786 737
147788 147789 1616
147788 147790 698
147788 147791 567
147796 147795 724
147796 147802 1661
147796 147804 879
147806 147804 973
147806 147808 323
147806 147809 1400
147807 147804 827
147807 147805 1718
147807 147814 789
147811 147812 631
147811 147893 80
147810 147799 932
147810 147800 902
147810 147809 1163
147810 147820 6075
147898 147897 2303
147898 147908 4338
147898 147909 1301
147910 147821 3215
147910 147909 573
147910 151631 860
147991 147988 1715
147991 147992 804
147991 148006 1271
147922 147921 728
147922 151632 1775
147922 151635 329
151629 151630 2807
151629 151632 1017
151629 151635 851
148008 147992 1002
148008 148007 584
148008 148009 300
148013 148009 532
148013 148010 684
148013 148014 270
148023 148021 640
148023 148024 478
148023 148025 346
148025 148023 346
148025 148024 330
148025 148026 2412
151751 148031 385
148026 148025 2412
148026 148030 756
148026 148034 257
148026 148035 649
148029 148030 1723
148029 148032 836
148018 148016 1046
148018 148017 1086
148018 148034 640
148018 148036 518
148018 148036 518
148042 148019 713
148042 148036 576
148042 148044 572
148042 151779 966
148988 148984 454
148988 148990 3634
205110 205107 857
205110 205119 1305
205110 205120 848
205122 205119 833
205122 205120 1090
205122 205125 686
205122 205127 2165
205127 205122 2165
205127 205124 779
205127 205128 767
205127 205132 2308
205140 205128 2300
205153 205152 2402
205154 205152 710
205154 205155 2301
205154 205156 824
205157 205156 2392
205170 205166 198
205170 205169 400
205168 205169 482
212809 212807 1021
212809 212871 1894
212809 212875 867
212876 212874 1785
212876 212875 765
212876 212882 445
212876 212894 957
212903 195978 683
212903 212882 693
212903 212885 1338
212904 195978 1229
212904 212885 709
212904 212906 3020
212904 212907 841
212905 212885 3022
150260 150259 274
150260 150261 1338
150260 150266 314
150260 151830 239
150267 150261 362
150267 150266 1308
150267 150269 272
150284 150282 362
150284 150294 1687
150284 150295 323
150285 150282 1697
150285 150294 323
150285 150327 362
150285 150328 804
150346 150295 285
150346 150332 1709
150346 150347 440
150350 150347 298
150350 150348 325
150350 150351 1687
150352 150347 1681
150352 150351 374
150352 150353 339
150352 150362 1156
150357 150353 1397
198718 198717 1083
198718 198720 426
198741 198742 986
198741 198747 1597
198741 198748 720
198741 198749 2259
198760 198598 15
198760 198601 107
198760 198749 513
198753 198752 875
198753 198754 2858
198753 198755 710
198748 198741 720
198748 198744 351
198748 198751 2411
198748 198755 743
205082 205079 751
205082 205080 1668
205082 205089 709
205082 205091 2331
205084 205079 2300
205084 205083 841
205084 205091 817
205084 205099 2165
205088 205083 2201
205088 205087 805
205088 205099 759
205088 205100 2539
205185 205087 2426
205081 205080 765
205081 205089 1429
205081 205090 748
170767 170766 1067
171245 171244 337
171245 171246 2421
171245 171251 796
171255 171244 851
171255 171253 858
171255 171256 436
171288 171271 976
171288 171289 977
171288 171290 811
171299 171290 874
171266 171265 344
171266 171271 610
171266 171287 1030
171322 171263 512
171322 171265 760
171322 171326 506
171322 171327 558
171326 171322 506
171326 171323 885
171326 171327 475
171326 171343 5331
171312 171304 222
171312 171311 445
171312 171313 684
171477 171304 1774
171477 171469 672
171477 171475 2108
171477 171479 667
171344 171323 4911
171344 171342 778
171344 171343 778
171482 171343 684
171482 171478 1023
171482 171483 1602
171482 171490 1116
171479 171477 667
171479 171478 1602
171479 171481 518
171469 171311 1858
171469 171462 1000
171469 171476 2024
171469 171477 672
171461 171460 927
171461 171462 2027
171461 171476 889
170800 170799 848
171272 170799 836
171272 171268 1748
171272 171270 673
171272 172214 983
171270 171269 1821
171270 171271 1411
171270 171272 673
154206 154199 1336
154206 154204 1780
154206 154207 674
154206 159107 767
159109 154204 674
159109 159107 1675
159109 159110 2113
159109 162392 934
159120 159110 843
159120 159118 2126
159120 162391 767
159120 162392 2007
171460 171459 905
171460 171461 927
171460 171470 2111
171460 171543 675
171543 162389 850
171543 171460 675
171543 171539 1786
162390 159118 872
162390 162389 850
162390 162391 2229
162388 159122 1636
162388 162387 1395
162388 162389 1014
154241 154225 678
154241 154242 984
154241 154283 355
154279 154225 872
154279 154278 2445
154279 154283 672
154189 152139 1012
154189 154187 1185
154189 154294 2790
154290 152139 2989
154290 154291 767
154290 154298 796
154285 154278 2371
154285 154284 818
154285 154287 610
172355 154209 1336
154217 154214 1004
154217 154218 222
154217 154219 601
154222 154214 767
154222 154221 1344
172356 154221 782
154216 154215 1138
154216 154220 971
154216 154226 1438
154216 154238 893
154205 154204 767
154205 154207 1675
154205 154239 344
162401 154201 1690
154302 154187 3005
154302 154301 1606
154302 154506 1000
154301 154300 452
154301 154302 1606
154301 154522 1268
154519 154300 1146
154519 154520 84
154504 154503 850
154504 154506 1445
154504 154523 2134
154504 154547 2051
154504 159359 2561
154523 154504 2134
154523 154522 1014
154523 154547 672
159362 154547 2006
159362 159359 1227
159362 159363 1375
159308 159307 684
159308 159309 905
159308 159373 1014
172836 159309 192
159307 159306 2150
159307 159308 684
159307 159413 1952
159576 159369 829
159576 159406 1381
159576 159579 1426
159374 159373 1124
159374 159375 1121
159374 159415 2672
159368 159369 1189
159368 159375 1858
159368 159440 553
159589 159405 1124
159589 159580 374
159589 159603 2605
159589 159645 850
159645 159589 850
159645 159618 1124
159645 159646 767
159645 159648 2578
159647 159646 2578
159647 159648 767
159647 159650 767
159647 159651 1686
159652 159650 1675
159652 159651 684
159652 159668 928
159676 159668 1014
159676 159674 767
159676 159678 2468
159677 159674 2481
159677 159678 851
159677 159679 767
159677 159702 2578
159703 159656 2468
159703 159679 2688
159703 159702 759
159703 159820 872
159658 159656 851
159658 159659 2799
159658 159820 2578
159658 159837 851
159837 159658 851
159837 159763 767
159837 159836 2578
159837 159838 2799
159763 159762 2810
159763 159764 2578
159763 159837 767
159768 159767 796
159768 159769 796
159768 159801 3191
159802 159767 3191
159802 159801 796
159802 159803 688
159827 157714 1140
159827 159821 3003
159827 159828 493
159822 159821 767
157793 157792 466
157793 159934 1499
157793 159939 1183
172721 157792 254
159939 157793 1183
159939 159940 3121
159939 159957 1146
160000 159944 475
160000 159957 3432
160000 160001 1010
160002 159945 2323
160002 160001 474
160002 160003 1764
160005 160004 1111
160005 160006 697
160005 160007 1305
160007 160004 1305
160007 160005 1305
160007 160008 752
160007 160009 2506
160011 159949 1154
160011 159999 1161
160011 160008 976
159948 159947 778
159948 159949 1686
159948 160010 767
159841 159839 7551
159841 159839 7551
159841 159842 9082
158735 158734 872
158735 158736 1705
158735 160041 606
159012 159011 581
159012 159013 747
159012 159016 2918
159015 159014 2561
159015 159016 818
159015 160054 767
160091 160090 1945
160091 160098 405
160105 160104 382
160105 160106 1525
160107 160094 6458
160107 160108 1804
213083 213081 563
213083 213086 930
213083 213087 2039
213087 213083 2039
213087 213084 1115
213087 213090 1239
213087 213119 1322
213122 213119 571
213067 213063 745
213067 213072 814
213067 213073 801
213070 213071 1044
213070 213072 736
213070 213081 706
213066 213064 659
213066 213065 940
213105 213065 559
213105 213104 2250
213105 213104 2250
213104 213105 2250
213104 213105 2250
213104 213108 883
213114 213108 930
213096 213097 323
213096 213098 1565
213096 213099 381
213097 213091 664
213097 213096 323
213097 213099 704
213085 213078 1073
213085 213084 1380
213085 213090 986
213093 213091 1681
213093 213098 555
213093 213450 1029
213450 213093 1029
213450 213451 718
213450 213452 833
213447 213445 936
213447 213448 1920
213447 213457 849
213447 213461 663
213458 213457 1455
213462 213457 238
213462 213461 1027
213462 213463 332
213467 213463 461
213467 213469 917
213467 213470 2984
213467 213473 1009
213468 213444 632
213468 213463 2892
213468 213478 740
213468 213481 156
213475 213473 3262
213475 213493 1013
213475 213495 1004
213475 213503 798
213501 213473 776
213501 213474 439
213501 213503 3246
213501 213509 773
213502 213474 666
213502 213504 771
213502 213509 245
213502 213517 666
213513 213512 1348
213513 213516 756
213513 213517 710
213513 213519 709
213513 213521 1346
213540 213516 1360
213540 213521 845
213540 213541 687
213540 213560 659
198804 198803 566
198804 204916 672
204917 204918 238
204917 204963 291
214463 204918 549
213616 213615 1038
213616 213624 805
213548 213549 663
213548 213575 491
213548 213578 797
213548 213579 417
213587 213578 493
213587 213579 535
213587 213588 3403
213607 213591 345
213541 213539 1328
213541 213540 687
213541 213562 363
213547 213544 897
213547 213545 504
213547 213550 347
213549 213544 731
213549 213548 663
213549 213576 880
213562 213541 363
213562 213545 346
213562 213564 2694
213563 213545 3153
213576 213549 880
213576 213574 530
213576 213575 637
213575 213548 491
213575 213576 637
213575 213584 639
162238 162224 2321
162238 162237 778
170476 170475 713
170476 170477 518
170476 170630 723
170476 170631 404
170478 170475 601
170649 170648 344
170649 170650 713
170649 170660 1228
172583 170648 1036
170104 170103 553
170105 170100 2292
170105 170103 848
170105 170106 747
170099 170100 631
170614 170100 818
170614 170106 2406
170614 170109 713
170614 170615 601
170825 170824 355
170869 170868 905
170869 170870 1968
170869 170881 796
170869 170902 1937
170875 170868 782
170875 170873 333
170875 170900 1908
