744
143476 143477 2774
143480 143482 2712
143480 143493 1154
143481 143477 924
143481 143482 720
143481 143508 2450
143493 143480 1154
143493 143494 1633
143493 143497 749
142713 142714 1667
142713 142715 715
142826 142833 1366
143490 143489 471
142714 142713 1667
142714 142716 815
142714 143784 1069
143765 143766 902
143765 143767 877
143708 143709 402
143708 143711 1120
143708 143763 951
143696 143697 990
143696 143698 730
143705 143706 1177
143705 143709 1626
143497 143493 749
143497 143501 1435
143497 143502 1034
151668 143499 147
142709 142695 921
142709 142822 1813
142824 142812 2392
142824 142822 819
142695 142709 921
142695 142808 1881
142702 142808 878
142702 142811 2342
142810 142811 771
142810 142818 2321
142817 142818 826
142817 142858 2321
142803 142684 940
142803 142806 2327
142814 142806 973
142814 142855 2390
142857 142855 937
142857 142858 905
142857 142868 2395
142684 142803 940
142684 142804 2355
141990 141987 694
141990 141988 515
141990 143189 1809
143189 141990 1809
143189 143188 808
143189 143242 2169
143242 143189 2169
143242 143192 809
143242 143247 1483
143242 143248 1009
143248 143242 1009
143248 143252 1657
143253 143252 238
143253 143256 3241
142754 142791 2444
142754 142804 934
142762 142790 2264
142762 142791 972
142789 142790 989
142789 142796 2360
142799 142796 924
142799 144807 2357
144806 144807 1043
144806 144814 2266
144813 144814 1103
144813 144856 2576
144855 144856 972
144855 144868 1403
203852 203851 449
204555 204576 796
204555 204578 1917
204575 204571 782
204575 204576 546
204583 204578 937
204583 204584 1794
204587 204584 1027
204587 204590 1808
204628 204590 683
204628 204629 1931
204615 204616 756
204615 204618 1812
204617 204618 796
204617 204633 1917
204625 204627 1917
204625 204633 774
204626 204627 846
204626 204631 1825
204630 204629 936
204630 204631 802
204630 204924 1468
204616 204615 756
204616 204620 1810
204621 204620 755
204621 204812 1936
204813 204812 683
204813 204815 1793
204818 204815 755
204818 204824 1932
204831 204824 709
204831 204833 1936
204831 204834 612
204952 204954 346
204952 204955 1805
204956 204955 701
204907 204898 1053
204907 204906 391
204907 204910 830
144872 144868 391
144872 144875 715
144875 144869 498
144875 144872 715
144875 144874 348
145065 145066 538
145065 145067 352
145066 145065 538
145066 145069 1013
145066 145078 896
145078 145066 896
145078 145079 1324
145081 145079 813
145081 145086 851
145081 145088 2856
145086 145081 851
145086 145089 2829
145136 145089 795
145136 145144 1723
145146 145144 833
145146 145222 1752
145142 145159 539
145161 145162 1110
145223 145222 729
145223 145234 1848
145625 145235 1579
145625 145626 1612
145627 145626 827
145627 145629 777
145627 145633 1773
145628 145629 1608
145640 145629 833
145640 145645 1673
145646 145645 862
145646 145649 1694
145650 145649 779
145650 145665 485
145665 145650 485
145665 145663 833
145665 145666 1450
145667 145666 426
145716 145717 1515
145716 145718 1261
145718 145716 1261
145718 145717 908
145718 145722 2401
145723 145725 836
145723 145732 792
145732 145723 792
145732 145741 628
145733 145734 999
145733 145737 957
145737 145733 957
145737 145738 1384
145740 145745 726
145740 145914 1903
145916 145914 695
145916 145918 1844
145925 145918 852
145925 145930 1596
145931 145930 802
146847 146819 3068
146847 146848 832
146847 146852 1409
146853 146852 790
146853 146852 790
146859 146822 2896
146859 146857 724
146863 146864 794
146863 146864 794
146822 146819 2927
146822 146859 2896
146933 146919 3042
146933 146934 2182
146936 146932 660
151624 146944 1870
214403 214888 3796
214403 214889 392
214955 214956 388
214483 214487 1185
214483 214966 2084
214483 214985 1376
214848 214849 615
214848 214852 313
215063 215062 411
215063 215067 326
211231 211230 781
211231 211234 1687
211249 211248 791
211249 211264 886
211299 211270 663
211299 211302 1295
211300 211301 1080
211300 211303 889
211270 211293 2377
211270 211299 663
211271 211290 683
211258 211242 964
211258 211264 658
211272 211289 816
211272 211290 1337
215065 215066 298
215065 215070 395
215070 215065 395
215070 215068 4805
167558 167410 344
167558 167559 683
152612 152611 650
152614 152615 738
152614 152618 1458
152619 152617 558
152619 152663 1560
152617 152618 630
152617 152619 558
152602 152603 505
152664 152663 355
152664 152671 1248
152595 152596 1161
152595 152678 953
152601 152599 344
152587 152586 2056
152587 153527 558
152587 153531 4787
153531 152587 4787
153531 153530 374
162519 162518 1426
162519 168516 1419
152497 152517 1969
152520 152521 511
152520 152535 924
152605 152535 1145
152605 152606 818
152606 152605 818
152606 152608 276
152609 152607 1161
152609 152611 751
152609 152625 1438
168515 168508 610
168515 168516 1426
168508 168509 558
168508 168515 610
167255 162514 2005
167255 168510 1269
167603 167595 2599
167603 167630 807
167593 167595 807
167630 167603 807
167649 167662 2010
167662 167649 2010
152501 152517 747
185998 186000 652
186000 185998 652
179592 178626 3054
178626 179592 3054
180089 180090 2458
180090 180089 2458
180090 180093 2347
180093 180090 2347
152639 152640 517
152773 152760 276
152640 152639 517
152760 152773 276
155991 155990 697
155990 155991 697
156025 155998 789
155998 156025 789
156027 156076 697
156076 156027 697
156067 156068 697
155667 155666 782
156068 156067 697
155807 155837 1116
153172 153306 747
153306 153172 747
155837 155807 1116
185275 185276 1612
185276 185275 1612
173102 173104 455
173104 173102 455
176588 176587 452
176587 176588 452
176569 176578 2109
176578 176569 2109
176250 176251 713
176251 176250 713
155666 155667 782
155710 155709 2005
155709 155710 2005
156485 156487 1883
156487 156485 1883
156459 156460 1546
156460 156459 1546
156618 156612 778
156612 156618 778
177449 177444 589
177456 177457 757
177457 177456 757
177444 177449 589
177477 177480 1796
177480 177477 1796
167401 167410 758
165614 165613 818
165613 165614 818
165513 165512 562
165512 165513 562
167515 167517 222
167517 167515 222
165472 165471 789
165471 165472 789
165465 165466 808
165466 165465 808
211289 211272 816
211289 211292 1295
211292 211289 1295
211312 211313 678
211313 211312 678
211519 211520 774
211242 211258 964
211316 215025 292
211520 211519 774
215025 211316 292
212284 212285 2700
212485 212499 897
212499 212485 897
212505 212557 897
212238 212280 487
212280 212238 487
212285 212284 2700
212557 212505 897
164652 164653 1012
164876 164879 791
164653 164652 1012
164879 164876 791
107096 108055 750
108055 107096 750
108152 108153 763
108153 108152 763
108511 108515 1454
108515 108511 1454
92735 92746 1932
92746 92735 1932
191654 191750 983
191750 191654 983
192669 192664 3490
192664 192669 3490
109544 109392 2383
109392 109544 2383
110123 110125 950
110125 110123 950
109954 109953 1114
109953 109954 1114
103301 103296 1066
103296 103301 1066
103296 111270 2473
111270 103296 2473
111270 111272 3000
111272 111270 3000
105581 110814 403
110814 105581 403
111396 111394 938
111401 111394 1592
111394 111396 938
111394 111401 1592
104053 104051 814
104051 104053 814
104187 104273 201
112501 112507 1504
112507 112501 1504
104273 104187 201
104192 104193 1409
104193 104192 1409
37231 37234 1015
37234 37231 1015
38409 38423 1116
38423 38409 1116
40250 40251 848
40251 40250 848
40243 38473 1004
38473 40243 1004
40325 40335 1029
40335 40325 1029
40403 40405 873
40405 40403 873
40760 40719 838
40719 40760 838
40719 40770 2414
40770 40719 2414
41590 41587 305
41587 41590 305
47674 47684 452
47684 47674 452
48443 48478 355
48478 48443 355
48484 48483 452
48483 48484 452
48483 48485 1398
47699 47770 752
47770 47699 752
48096 48098 3590
48485 48483 1398
48098 48096 3590
48104 48113 2560
48113 48104 2560
48221 48222 653
48222 48221 653
131323 131328 2578
131328 131323 2578
131331 131338 1124
131338 131331 1124
131423 131424 2007
131424 131423 2007
131427 131428 421
131428 131427 421
131582 131583 1081
131583 131582 1081
131596 131600 1631
131600 131596 1631
131696 131724 1190
131724 131696 1190
131757 131734 433
132266 132285 2600
131734 131757 433
132285 132266 2600
132285 132294 1439
132294 132285 1439
54188 54187 837
54195 54688 2292
54187 54188 837
54688 54195 2292
51101 54720 2027
54720 51101 2027
150522 150530 1571
150530 150522 1571
140311 140399 819
140399 140311 819
140508 140521 2412
140521 140508 2412
141964 141966 2467
141966 141964 2467
141982 141987 1078
141988 141987 442
141988 141990 515
143258 143256 285
143477 143476 2774
143477 143481 924
143482 143480 2712
143482 143481 720
143508 143481 2450
143494 143493 1633
143494 143501 820
142715 142713 715
142715 142716 1600
142833 142826 1366
143489 143490 471
142716 142714 815
142716 142715 1600
143784 142714 1069
143766 143763 1516
143766 143765 902
143767 143765 877
143709 143705 1626
143709 143708 402
143711 143708 1120
143763 143708 951
143763 143766 1516
143697 143499 2138
143697 143696 990
143698 143696 730
143698 143706 310
143706 143698 310
143706 143705 1177
143501 143494 820
143501 143497 1435
143502 143497 1034
143499 143697 2138
143499 151668 147
142822 142709 1813
142822 142808 861
142822 142824 819
142812 142811 2609
142812 142824 2392
142808 142695 1881
142808 142702 878
142808 142822 861
142811 142702 2342
142811 142810 771
142811 142812 2609
142818 142810 2321
142818 142817 826
142858 142817 2321
142858 142857 905
142806 142803 2327
142806 142804 1053
142806 142814 973
142855 142814 2390
142855 142857 937
142868 142857 2395
142804 142684 2355
142804 142754 934
142804 142806 1053
141987 141982 1078
141987 141988 442
141987 141990 694
143188 143189 808
143188 143192 2016
143192 143188 2016
143192 143242 809
143247 143242 1483
143247 143252 918
143252 143247 918
143252 143248 1657
143252 143253 238
143256 143253 3241
143256 143258 285
142791 142754 2444
142791 142762 972
142790 142762 2264
142790 142789 989
142796 142789 2360
142796 142799 924
144807 142799 2357
144807 144806 1043
144814 144806 2266
144814 144813 1103
144856 144813 2576
144856 144855 972
144856 144869 1372
144868 144855 1403
144868 144872 391
203851 203852 449
204576 204555 796
204576 204571 609
204576 204575 546
204578 204555 1917
204578 204583 937
204571 204575 782
204571 204576 609
204584 204583 1794
204584 204587 1027
204590 204587 1808
204590 204628 683
204629 204628 1931
204629 204630 936
204618 204615 1812
204618 204617 796
204618 204620 849
204633 204617 1917
204633 204625 774
204627 204625 1917
204627 204626 846
204631 204626 1825
204631 204630 802
204924 204630 1468
204620 204616 1810
204620 204618 849
204620 204621 755
204812 204621 1936
204812 204813 683
204815 204813 1793
204815 204818 755
204824 204818 1932
204824 204831 709
204833 204831 1936
204834 204831 612
204954 204952 346
204955 204952 1805
204955 204956 701
204898 204907 1053
204906 204907 391
204910 204907 830
144869 144856 1372
144869 144874 479
144869 144875 498
144874 144869 479
144874 144875 348
145067 145065 352
145069 145066 1013
145069 145079 805
145079 145069 805
145079 145078 1324
145079 145081 813
145088 145081 2856
145088 145089 801
145089 145086 2829
145089 145088 801
145089 145136 795
145144 145136 1723
145144 145146 833
145222 145146 1752
145222 145223 729
145159 145142 539
145162 145161 1110
145234 145223 1848
145234 145235 792
145235 145234 792
145235 145625 1579
145626 145625 1612
145626 145627 827
145629 145627 777
145629 145628 1608
145629 145640 833
145633 145627 1773
145645 145640 1673
145645 145646 862
145649 145646 1694
145649 145650 779
145649 145663 744
145663 145649 744
145663 145665 833
145666 145665 1450
145666 145667 426
145717 145716 1515
145717 145718 908
145722 145718 2401
145722 145725 427
145725 145722 427
145725 145723 836
145741 145732 628
145741 145734 1002
145734 145733 999
145734 145741 1002
145738 145737 1384
145738 145745 607
145745 145738 607
145745 145740 726
145914 145740 1903
145914 145916 695
145918 145916 1844
145918 145925 852
145930 145925 1596
145930 145931 802
146819 146822 2927
146819 146847 3068
146848 146847 832
146852 146847 1409
146852 146853 790
146852 146853 790
146857 146859 724
146864 146863 794
146864 146863 794
146919 146933 3042
146934 146933 2182
146932 146936 660
146944 151624 1870
214888 214403 3796
214889 214403 392
214956 214955 388
214487 214483 1185
214966 214483 2084
214985 214483 1376
214849 214848 615
214852 214848 313
215062 215063 411
215062 215067 549
215067 215062 549
215067 215063 326
215067 215068 22118
211230 211231 781
211234 211231 1687
211234 211248 198
211248 211234 198
211248 211249 791
211264 211249 886
211264 211258 658
211302 211299 1295
211302 211303 665
211301 211300 1080
211301 211303 791
211303 211300 889
211303 211301 791
211303 211302 665
211293 211270 2377
211290 211271 683
211290 211272 1337
215066 215065 298
215068 215067 22118
215068 215070 4805
167410 167401 758
167410 167558 344
167559 167558 683
152611 152609 751
152611 152612 650
152611 152615 1258
152615 152611 1258
152615 152614 738
152615 152625 807
152618 152614 1458
152618 152617 630
152663 152619 1560
152663 152664 355
152603 152602 505
152603 152671 1064
152671 152603 1064
152671 152664 1248
152596 152595 1161
152678 152595 953
152678 152599 747
152599 152601 344
152599 152678 747
152586 152587 2056
153527 152587 558
153530 153531 374
153530 162518 2088
162518 153530 2088
162518 162519 1426
168516 162519 1419
168516 168515 1426
152517 152497 1969
152517 152501 747
152517 152521 475
152521 152517 475
152521 152520 511
152535 152520 924
152535 152605 1145
152608 152606 276
152608 152607 558
152607 152608 558
152607 152609 1161
152625 152609 1438
152625 152615 807
168509 168508 558
168509 168510 951
162514 167255 2005
168510 167255 1269
168510 168509 951
167595 167593 807
167595 167603 2599
986
143476
143480
143481
143493
142713
142826
143490
142714
143765
143708
143696
143705
143497
151668
142709
142824
142695
142702
142810
142817
142803
142814
142857
142684
141990
143189
143242
143248
143253
142754
142762
142789
142799
144806
144813
144855
203852
204555
204575
204583
204587
204628
204615
204617
204625
204626
204630
204616
204621
204813
204818
204831
204952
204956
204907
144872
144875
145065
145066
145078
145081
145086
145136
145146
145142
145161
145223
145625
145627
145628
145640
145646
145650
145665
145667
145716
145718
145723
145732
145733
145737
145740
145916
145925
145931
146847
146853
146859
146863
146822
146933
146936
151624
214403
214955
214483
214848
215063
211231
211249
211299
211300
211270
211271
211258
211272
215065
215070
167558
152612
152614
152619
152617
152602
152664
152595
152601
152587
153531
162519
152497
152520
152605
152606
152609
168515
168508
167255
167603
167593
167563
167630
167636
167649
167662
167802
152501
152524
177685
185998
186000
186001
180101
180106
179592
179599
179648
180100
179601
179666
178626
180089
180090
180093
180143
180191
179856
179877
179841
179979
179845
179965
182294
152530
152532
152711
152639
152773
152640
152825
152631
152638
152760
152753
152758
153159
153160
153225
155911
155991
155990
156025
155998
156027
156075
156076
156067
156070
155667
155722
156037
156068
155807
155907
155806
153172
153306
153328
153326
153343
153443
153388
153425
152288
155815
155834
155825
155831
153948
153477
153454
153501
153515
155862
155832
155843
155837
155820
185275
185276
173018
173026
173029
173093
173102
173003
173104
173012
173141
173112
173108
173138
173153
173182
178211
177758
178198
177762
186012
173229
173233
173057
173008
173083
172976
178184
178189
173226
174843
174887
174890
174832
174867
174856
174858
174915
176262
176588
176587
176556
176595
176597
176579
176569
176578
156370
176571
176250
176251
176255
155666
155710
155709
156346
156518
156485
156453
156487
156499
156441
156459
156460
156446
156373
156387
156415
156484
156473
156470
156083
156079
156091
156093
156571
156826
156829
156618
156498
156830
156591
156610
156660
156612
156661
156630
156627
177449
177456
177457
177444
177446
177467
177479
177471
177477
177480
177514
177384
177293
177300
177313
177301
177311
176748
176803
176743
176829
165425
165427
167401
167413
167472
165614
165609
165629
165613
165565
165566
165630
165627
165563
165443
167424
167475
165490
167689
167529
167484
167503
167505
165501
165513
165512
165498
167437
167467
167519
167515
167522
167517
167521
165608
165199
165875
165908
165898
165472
165471
165465
165484
165466
164835
211289
211292
211312
211313
211519
211232
211239
211242
211224
211316
211520
215025
212284
213224
213228
212225
212484
212485
212499
212504
212505
212238
212280
212285
213218
212557
212564
212572
164649
164652
164876
164653
164879
164902
164603
164840
164925
164908
164903
164937
164955
164909
164943
212571
114250
114662
113974
113994
114003
114157
114158
114130
114132
114150
114176
118485
118832
118839
119239
119241
119303
118577
119063
119065
119072
119136
119018
119020
119456
102929
102930
102187
102197
94371
102939
91978
94422
94783
92175
92191
92194
92232
92249
94505
94496
94440
94439
92300
92328
92331
92338
92461
92457
92451
107196
93083
93142
93177
93146
93152
93154
93202
93199
94090
107065
107096
108055
108149
108148
107192
108120
108152
108153
108156
108393
108395
108411
107456
107426
108436
108440
108511
108515
108550
108537
108541
108535
109235
93070
93003
92983
92995
93023
93007
93030
93082
92735
92752
92762
92746
92773
92588
92772
92563
92567
92572
92576
92577
92598
92669
92671
92695
101990
103110
194055
191749
191861
192695
191763
191757
191547
191952
194428
191645
191650
191654
191750
191606
191767
192718
191066
191320
192669
192664
192670
119220
114083
114224
114227
114239
114117
114253
114329
114269
114270
114266
109475
109243
109411
116310
109427
103275
103280
107539
109544
109423
109392
109656
109684
109671
109641
109652
109611
109980
110123
110142
103295
110125
109996
109954
109953
111261
103301
103296
111270
111272
105581
110814
111396
111393
111399
111401
111394
104053
104055
104062
104051
104160
104180
104187
104265
104271
103952
103969
105770
103973
104015
103976
103987
112794
112490
112574
112870
112542
112551
112570
112572
112754
112501
110910
112507
112508
112523
112531
112759
104190
104273
104214
104222
104192
104193
104028
103999
104006
104177
104247
39128
39133
39292
39297
39310
37263
37226
37215
37231
37234
38359
37264
38361
38409
38423
38451
38457
40230
40250
40258
38460
40239
40251
38475
40243
38473
38561
40322
40325
40335
40349
40365
40403
40405
40406
40721
36824
40722
40682
40706
40733
40709
40715
40752
40759
40760
40719
56312
56322
56348
39021
39027
40765
40767
40770
39025
41578
41581
41590
41587
47671
47674
47684
47786
47794
48443
48478
48481
48484
48483
47667
47694
47695
47666
47692
47699
47770
47817
47818
47819
47820
48096
48485
48098
48104
48113
48115
48120
48135
48138
48221
48016
48158
48159
48014
48042
48046
48116
48175
48205
48206
48222
48286
47469
47481
48244
48246
130770
130779
48294
48305
131324
48301
131323
131328
131331
130907
131338
130911
131341
131423
131424
131427
131428
131442
131443
129941
129979
129947
131531
131538
131582
131583
131587
131596
131600
131690
131695
131696
131724
131726
131757
131759
132262
132266
131734
132285
132294
54188
54195
54186
54187
51115
54688
54692
54139
54141
54180
54163
54197
54201
54205
54202
54695
54211
51101
54296
54720
54313
54308
150516
150522
150530
150540
150547
150511
150717
140397
140403
140422
140463
150747
150745
143908
140468
140311
140402
140419
140461
140399
140405
140409
140493
140497
140508
140521
140539
141964
141966
141982
141988
143258
143273
143277
143433
143408
143410
143413
143424
143431
143477
143482
143508
143494
142715
142833
142716
143784
143766
143767
143709
143711
143763
143697
143698
143706
143501
143502
143499
142822
142812
142808
142811
142818
142858
142806
142855
142868
142804
141987
143188
143192
143247
143252
143256
142791
142790
142796
144807
144814
144856
204576
204578
204571
204584
204590
204629
204618
204633
204627
204631
204924
204620
204812
204815
204824
204833
204955
204898
204906
204910
144869
144874
145067
145069
145079
145088
145089
145144
145222
145234
145626
145629
145633
145645
145649
145663
145666
145717
145722
145725
145741
145734
145738
145745
145914
145918
145930
146819
146848
146857
146864
146919
146932
146944
214888
214889
214956
214966
214985
214849
214852
215062
211230
211234
211248
211264
211302
211301
211303
211293
211290
215066
215068
167410
167559
152615
152618
152663
152603
152671
152596
152678
152599
152586
153527
153530
162518
168516
152521
152535
152608
152607
152625
168509
162514
168510
167595
