4036
119450 119451 1163
102220 101981 522
94788 94697 696
94812 94791 4352
94812 95006 2930
97360 102081 1326
94662 94684 504
97525 97526 2205
97525 97530 7851
93917 93918 452
108057 108058 1322
108057 108269 805
108057 111909 511
111905 111906 2405
108305 108318 1680
108353 108354 1608
108353 108676 1097
108209 108208 772
108359 108358 682
108359 108360 1417
108349 108348 1085
108349 108350 826
108358 108357 688
108358 108359 682
108684 108685 1208
108684 108701 2118
108710 108701 788
108710 108714 905
108713 108714 2863
108713 108727 1257
108717 108707 1085
108717 108721 1114
108567 108566 452
108567 108568 1466
108705 113772 271
102673 102811 2780
93271 93272 340
93271 94445 2251
100699 100700 1045
93597 93598 1196
102705 93591 2310
102705 102706 1194
93784 93895 1014
93784 101863 1283
93897 93895 2667
93897 93983 764
93989 93986 1421
93989 94012 4568
93990 93994 557
93990 93995 781
93969 93970 924
93969 93996 1964
93965 93944 1419
93965 93966 3990
93972 93974 1565
93972 93975 1906
93972 93976 1975
93974 93972 1565
93974 93996 1114
93773 93777 1004
93773 93886 3374
93885 93886 672
97539 97538 475
97539 97541 1489
102665 102666 1428
103162 103161 2266
93299 93278 5049
93299 93300 3470
102669 102668 4436
93214 93212 5556
93215 93216 1293
93215 93217 4410
93215 98520 1303
194202 194203 1211
190869 190870 3872
190869 191299 2124
190873 190870 436
190873 194358 1057
190909 190911 4607
190909 191302 4663
190911 190909 4607
190911 191425 1333
191310 191130 549
191251 194183 1037
191251 194184 548
191436 191437 687
191436 191438 792
191153 190855 4060
191153 191154 741
191158 191159 1605
191344 191343 235
194329 194327 2483
194329 194330 1319
194335 194332 238
194335 194336 969
194360 191348 952
194360 194460 1689
190946 190948 1028
190946 191257 2274
191260 191346 3315
191257 190946 2274
191257 192606 6376
118755 118756 1390
118755 118762 1849
118772 118778 712
118780 118781 1030
118780 118782 1275
118784 118783 1592
194267 194269 843
194267 194270 554
108568 108567 1466
108568 108569 1592
108844 108845 2597
108844 108846 672
108835 108831 152
108371 108369 2807
108371 108562 114
108371 108565 905
108403 108402 433
108399 108402 71
109618 109619 1622
109618 110375 809
109619 109618 1622
109619 109715 938
110378 110380 1208
108857 108856 708
108857 109064 1234
110296 109065 1809
110296 110294 252
110292 110293 611
110292 110294 1188
108887 108883 1466
108887 108886 1630
109065 109064 836
109065 110293 1176
109065 110296 1809
110373 110374 649
110396 110397 836
110447 110397 1145
110447 110448 696
110445 110448 1408
110385 110386 1341
110385 110470 507
110392 110391 1611
110392 110448 889
110635 110636 2016
110635 110653 1901
110644 110645 434
110644 110656 1355
110545 110515 2320
110545 110544 551
110660 110661 982
110660 110662 1483
103810 103811 395
103810 103813 1023
103819 103817 2004
103819 103820 2090
103824 103820 1852
35511 35510 1825
35511 36663 1226
36122 36123 3000
36122 50460 1369
103821 103827 610
103821 103828 1597
103826 116300 409
103826 116302 194
103373 110576 308
103374 105773 3004
110589 110587 1167
110883 110882 800
110883 110886 1232
103397 103398 839
103397 110671 1242
103399 103398 926
103399 110669 371
110932 110931 168
110724 110723 1695
110724 110727 168
110689 110690 649
110689 110703 826
110868 110703 983
110704 110703 707
36674 36673 1033
36674 36676 818
36673 36674 1033
36673 36675 796
36680 36681 1008
36680 36711 610
36713 36691 747
36713 36711 279
36716 36701 1085
36716 36715 2962
36813 36701 2148
36813 36815 1530
36820 36817 1161
36820 36821 2627
36821 36820 2627
36821 36822 1556
36770 36738 1466
36770 36742 1468
36771 36743 3508
36771 36780 1322
36771 36781 5652
36778 36775 1143
36778 36852 1293
36854 36852 5190
36854 36853 1124
36781 36771 5652
36781 36859 445
36851 36818 4505
36851 36822 1140
36851 36872 1517
36853 36850 4919
36853 36854 1124
36792 36788 1468
36792 36799 1120
36864 36796 1375
36864 36800 870
36864 36867 2640
36621 36620 1099
36619 36590 1468
36619 36623 2110
36591 36582 252
36591 36589 2928
36591 36592 445
36623 36589 1140
36623 36619 2110
36632 37541 2643
37542 37541 1757
37542 37548 1146
36559 36555 1554
36559 36560 2921
36559 36596 1853
36928 36932 769
36601 36598 1559
36601 36602 344
36602 36576 1659
36602 36601 344
36602 36603 1124
36596 36553 1482
36596 36559 1853
36596 36593 1254
36600 36599 878
36557 36550 1613
36557 36556 1299
36557 36916 3481
36560 36556 1613
36560 36559 2921
37584 37570 168
37584 37583 1161
37584 37585 344
37590 37589 168
37554 37556 2927
37587 37582 713
37587 37588 1079
36927 36919 905
36927 36924 4933
36793 36788 3089
36793 36925 504
37598 37599 1935
37598 37661 1055
37660 37658 952
37660 37663 836
37664 37663 1345
37664 37668 927
37664 37669 3623
38225 38229 788
38230 38229 2231
38230 38239 475
38270 38244 677
38270 38269 747
38272 38269 984
38272 38274 1623
38245 38244 1672
38245 38246 552
38278 38261 605
38280 38284 1248
38281 38604 890
38281 38605 3631
38611 38606 650
38611 38609 2690
38636 38610 418
38636 38637 336
38637 38636 336
38637 38646 1222
38605 38281 3631
38605 38606 1115
38639 38647 2085
38649 38647 252
38649 38654 1114
38650 38658 1438
38650 38668 848
38650 38671 1903
38815 38813 751
38815 38817 2214
38817 38814 558
38817 38815 2214
38834 38814 1153
38671 38650 1903
38671 38670 788
38663 38654 2016
38663 38658 1458
38663 38660 610
38660 38655 1014
38660 38659 697
38660 38663 610
38664 38659 2334
38664 38756 537
38658 38650 1438
38658 38654 1074
38658 38663 1458
38687 38685 2148
38687 38700 373
38711 38704 537
38715 38704 924
38715 38708 1357
38715 38716 373
38720 38716 139
38720 38741 2824
38743 38745 562
38111 38101 1412
38111 38109 344
38111 38682 139
38690 38683 788
38702 38691 279
38710 38691 1555
38710 38697 885
38721 38697 552
38698 38694 1429
38698 38695 2085
38698 38697 2068
38746 38745 222
41507 38744 1293
41507 41506 276
41507 41511 4362
41509 41511 2986
47500 47499 630
47504 47494 120
47502 47501 785
47534 37255 1243
47534 46989 984
47534 47495 848
47536 47535 984
47536 47539 1032
47540 47542 766
47540 47544 2192
47546 47544 752
47546 47559 2192
47559 47546 2192
47559 47558 752
47559 47561 1742
47562 47561 791
47562 47565 2085
47565 47308 1979
47565 47562 2085
47565 47564 985
47569 47308 790
47569 47830 2063
47311 47310 790
47311 47312 1873
47830 47569 2063
47830 47829 791
47313 47270 202
47318 47270 1323
47319 47247 672
38979 47360 551
47271 47272 120
47215 47206 989
47362 47361 242
123300 123301 267
123300 128075 630
123300 129982 2227
128075 123300 630
128075 128065 1941
128075 128076 2077
128075 129969 1239
129949 128060 2781
129949 129948 276
129949 129958 3058
129959 129958 738
129959 129961 1109
130577 130578 905
130658 130657 537
130658 130659 518
47195 47191 1141
47195 47211 1189
47195 47212 1051
130624 130623 1936
130626 130623 790
130579 130580 1570
130579 130666 871
130661 130660 747
130680 132392 835
130125 130099 7034
130125 130124 1075
130136 130135 3224
130136 130675 556
130669 130135 1357
130944 130943 650
130976 130943 1953
130976 130975 940
130946 130945 1081
130926 130925 1891
130926 130934 789
130934 130926 789
130934 130931 2246
130934 130933 747
130948 130218 1142
130948 130949 1258
130948 130950 1055
130950 130220 1276
130950 130225 3068
130950 130948 1055
130924 130925 650
130924 130927 1161
130949 130947 1145
130949 130948 1258
130225 130221 1087
130225 130226 2139
130225 130950 3068
130226 130224 1433
130226 130225 2139
130276 130224 374
130276 130266 850
131083 131082 880
131083 131098 1679
131099 131098 697
131099 131102 811
131103 131092 1699
131103 131104 976
131107 131098 1225
131994 131992 279
132008 131993 907
132008 132007 374
132008 132011 276
132011 132007 477
132011 132008 276
132010 132009 2630
132010 132012 751
132010 132024 1147
132025 132024 811
132025 132063 941
132056 132060 556
132063 132025 941
132063 132047 890
130262 130242 791
130262 130263 1357
130265 130263 767
130265 130275 1344
130253 130254 3141
130253 130275 767
131038 131041 1612
131048 131046 953
131048 131049 1396
131079 131049 808
131079 131082 1578
131032 131039 739
132091 132084 2751
132091 132085 678
121646 121647 5460
132085 131990 6087
132085 132091 678
132085 132098 613
132098 132085 613
132098 132100 1977
132098 132126 3105
215726 215725 2701
215726 215727 2183
215726 215750 2079
218001 215725 2769
218001 219016 3199
218001 222614 1572
222617 222615 2820
222617 222618 2913
215727 215726 2183
215727 224399 2079
218311 215731 3080
218311 218008 2801
218311 221786 4611
218274 218275 675
218274 218287 4283
218274 224295 77
218280 218279 3437
218280 218282 1640
218280 218284 353
218280 218286 639
222624 222626 1355
222624 222638 6416
222636 222720 795
222636 222721 2062
53620 53619 1116
53622 53619 1344
53622 53644 3590
150553 150554 26
150553 150555 1795
150553 150564 751
150571 150564 2392
150571 150568 842
150571 150575 2376
150575 146977 761
150575 150571 2376
146978 146977 204
146978 146980 839
146978 150776 180
150774 150776 713
150774 150777 1814
150775 150777 782
150775 150797 831
150775 151212 2447
150797 150775 831
150797 150798 2441
151242 150798 271
148322 148326 2644
148330 148326 762
148330 148342 2711
148343 148342 776
148343 148349 1902
148343 148367 916
148365 148366 705
148365 148367 571
148366 148365 705
148366 148369 782
148373 148369 735
148373 148374 644
148373 148387 900
148387 148373 900
148387 148388 442
143930 143936 744
143930 144155 2723
144154 144155 737
144154 148544 2681
148543 148544 792
148543 148545 2710
148513 148545 842
148513 148554 2797
148530 148537 1160
148530 148554 848
148536 148534 1122
148536 148537 1239
148534 148536 1122
148534 148539 1304
148534 148540 1659
148535 148540 715
148535 148584 2867
148583 148584 862
148583 148587 307
143935 143934 1390
143935 143936 2562
148406 148412 369
148406 148414 3035
148524 148414 834
148524 148569 2865
148570 148569 755
148570 148578 883
148580 148578 898
148580 148586 1748
148580 148587 1119
148391 148388 819
148391 148393 2428
144040 144041 842
144040 144102 2638
144101 144102 900
144101 144103 2541
144034 144039 766
144034 144041 2588
144098 144100 1930
144098 144103 857
144099 144117 391
143213 144116 1921
143213 144117 1029
144118 144117 406
144036 144039 2444
143949 143936 805
143949 144157 2683
143952 143955 737
143952 144159 2677
144158 144157 792
144158 144159 920
144158 148549 2711
144075 144077 1652
144079 144077 694
144079 144081 2702
144090 144092 2021
144090 144123 856
144091 144162 724
144091 144164 143
144162 144091 724
144162 144163 1570
144122 144116 805
144122 144123 2699
144122 151785 1701
143955 143952 737
143955 144074 795
143955 144160 2699
144074 143955 795
144074 144077 986
144074 144161 2663
146140 144039 826
146140 146141 766
146140 146149 2604
146141 146140 766
146141 146150 2612
146151 146150 877
146151 146239 2548
146249 146239 934
146249 146250 812
146249 146251 388
146160 146164 2687
146163 146164 860
146163 146255 2011
146250 146249 812
146250 146255 1002
146213 146217 2215
146214 146215 1473
146214 146218 841
146210 149217 274
146226 146229 138
146227 146228 1699
142916 151217 2379
142916 151222 837
151219 151212 2382
151219 151217 665
142920 142926 751
142920 151222 2390
142927 142925 742
142927 142926 2264
142930 142925 2376
142930 142937 856
143004 142937 1734
143004 143008 330
143008 142941 596
143008 143004 330
143008 143006 750
143006 142941 585
143006 143008 750
143006 143015 164
143053 143049 1891
143050 143047 1001
143050 143049 908
143050 143051 990
143055 143051 892
143055 143056 908
143064 143056 2424
143064 143065 830
143072 143065 2301
143072 143066 714
143097 143066 2495
143097 143096 818
143125 143096 2270
143125 143102 778
143133 143102 2692
143133 143130 805
143169 143170 828
143169 143171 2403
143169 151745 683
143655 143171 768
143655 148137 2304
143659 148137 776
143659 148145 1490
148145 143659 1490
148145 148143 1127
148158 148141 2127
148158 148170 992
148176 148177 7
148176 151603 27
148181 148182 1054
148323 148324 1448
148325 148326 867
148325 148334 1091
148325 148336 2693
212640 212641 330
212640 212653 1029
212650 212652 493
212650 212653 769
212651 212652 787
212624 212619 791
212624 212637 709
212656 212655 555
146394 146381 1126
146394 146395 651
146396 146381 686
146396 146383 1015
146396 146398 483
146398 146396 483
146398 146412 428
146405 146413 821
146405 146468 2155
146467 146468 723
146467 146474 2290
146468 146405 2155
146468 146418 790
146468 146467 723
146468 146529 2214
146485 146474 710
146485 146540 2508
146541 146540 815
146541 146715 765
146717 146715 982
146717 146719 1710
146719 146717 1710
146719 146732 965
143428 143427 194
143428 146738 705
143556 143474 830
143556 146736 507
146736 143556 507
146736 146727 801
146736 146732 1189
146739 146738 2539
146739 146748 790
146762 146748 2312
146762 146759 737
146767 146759 2664
146767 146766 902
149956 149955 1732
149956 149959 1393
149962 149959 1738
149962 149961 787
149963 149944 2369
149963 149949 781
149967 149949 2514
149967 149964 865
150392 150391 1595
150385 150383 15987
153685 153684 1443
153688 153690 556
153688 153693 176
153691 152102 848
153691 153690 2370
153672 153684 893
153672 153687 2050
162486 152102 1813
162486 162485 848
162486 168590 1734
153683 153681 781
153683 153686 452
168589 168590 562
153746 153747 276
153746 153756 222
153747 153746 276
153747 153748 355
153747 153756 276
153681 153680 905
153681 153683 781
168261 168270 1207
168438 167781 984
168546 168547 683
168546 168559 1967
168546 168585 672
168549 168559 796
168549 168563 1718
168564 168563 782
168564 168591 1533
168547 168546 683
168547 172535 562
168562 168560 872
168562 168561 848
179622 179621 1455
179622 179623 1676
179760 179761 236
179760 179762 161
179639 179638 3399
179640 179641 541
179640 179642 1052
179614 179615 1917
179614 179616 2413
179620 179621 475
179620 179621 475
179739 177785 4943
179739 179782 238
179803 179802 1167
179803 179802 1167
179782 179739 238
179782 179783 1124
185292 185293 1014
185292 185296 983
177858 177832 1237
177858 185523 1252
177860 177861 580
177865 177863 2321
177865 185294 765
154596 154612 1114
154609 153923 1074
154609 154612 751
154651 154612 948
154651 154650 445
153752 153753 2920
153752 153776 818
153784 153777 2256
153784 153782 934
153796 153797 719
153796 153803 1951
153833 153837 751
153833 153839 2767
153934 153935 1422
153934 153960 276
153936 153935 810
153958 153959 562
153167 153166 538
153930 153928 436
153930 153929 279
154723 154722 905
153923 153837 337
153923 154609 1074
156156 157338 688
156221 157338 2307
156218 156219 472
157363 157364 1154
154624 154645 238
152513 157332 562
152513 157358 1398
157324 157325 1014
157324 157326 1210
157048 157049 1450
157048 157357 782
157326 157324 1210
157326 157325 790
157045 157046 262
157423 157243 111
157423 157424 537
157141 157142 2588
157141 157236 581
157175 157173 1055
157175 157174 590
154649 154650 590
154702 154701 3224
154702 154875 850
154702 154879 2779
154875 154702 850
154875 154879 2773
154725 154722 1675
154725 154726 793
154748 154776 1140
154750 154726 2645
154750 154755 688
153964 153928 185
154782 154783 667
154772 154771 630
154772 154781 1086
153960 153934 276
153960 153959 1032
153960 154650 1111
154691 154692 850
154691 154693 2042
154691 154898 2370
154888 154889 1004
154888 154890 1533
154891 154890 688
154898 154691 2370
154898 154899 590
154893 154882 1188
154893 154900 222
154903 154820 1375
154903 154821 767
154911 154910 518
154911 154925 562
154920 154919 374
154916 154917 893
154916 154929 778
154916 154931 1689
154929 154916 778
154929 154933 782
154929 154935 1605
154940 154933 1617
154940 155228 782
155237 155238 1454
155237 155239 850
155237 172719 1344
157179 157176 934
157179 157180 2335
157200 157176 2335
157200 157251 843
157200 157281 3334
157220 157221 337
157220 157222 710
157280 157222 2063
157280 157281 276
157216 157215 2446
157216 157217 276
157286 157215 850
157286 157605 778
157608 157609 515
157608 172114 1247
157621 155360 446
157623 157624 384
157661 157660 831
157148 157146 2056
157148 157172 276
157181 157177 3113
157181 157246 871
157330 157331 885
157330 157345 1621
157365 157342 2347
157365 157364 1780
157342 157339 933
157342 157365 2347
157340 157339 1004
157340 157343 1014
157340 157383 2235
157345 157330 1621
157345 157344 558
178036 178037 924
178036 178045 2196
177883 177881 1528
177883 177909 598
178012 177909 1906
178012 178110 737
178104 177907 342
178097 178098 596
178293 178290 1008
178293 178294 788
178294 178293 788
178294 178295 788
178340 178295 1533
178340 178341 524
178340 185375 1576
178289 178290 735
178358 178354 649
178358 178372 1208
178358 178583 557
178395 178396 708
178395 178583 1222
178285 178284 129
178285 178350 597
178364 178356 275
178364 178366 168
178350 178285 597
178350 178349 135
178365 178346 1124
178365 178366 681
173382 173380 610
173382 173389 1446
173388 173404 1257
173381 173380 452
173381 173400 580
173401 173398 869
173401 178600 1293
173401 178601 1142
177807 177806 856
177807 181727 3127
177813 177815 357
177813 177816 650
174764 174765 4600
174764 174766 7396
177788 177787 3027
177788 177832 782
177978 177979 2779
177978 178038 778
173489 173490 2428
173489 173490 2428
173389 173382 1446
173389 173390 458
173389 173410 409
185489 185490 1351
185489 185491 965
160308 160309 2105
160308 160318 2306
160316 160318 667
160316 160348 276
160326 160327 581
160326 160346 842
160599 160596 3130
160599 160598 1004
160596 160597 837
160596 160599 3130
160607 160612 1161
160600 160598 1268
160614 160597 1375
160614 160613 871
160613 160612 1907
160613 160614 871
160660 160659 276
157382 157381 1104
157382 157387 672
158083 157387 1521
157372 157371 674
157390 157386 1375
157390 157391 766
157408 157422 1242
157401 157402 1085
157401 158117 871
158112 158113 927
158112 158143 506
158112 158160 1426
158146 158147 506
158142 158143 2194
158142 158151 1437
158172 158151 927
158172 158276 1778
158172 158384 1011
158384 158172 1011
158384 158385 2002
158392 158386 518
158390 158387 871
158437 158550 1264
158437 158564 1357
158549 158550 1004
158549 158551 552
158556 158518 889
158556 158552 1017
158441 158442 672
158441 158443 1786
158552 158443 683
158552 158517 1014
158552 158556 1017
158558 158557 953
158558 158561 2586
158571 158570 1028
158571 158578 2615
158578 158570 2727
158578 158571 2615
158579 158567 1367
158579 158576 1576
158579 160764 1565
160766 160764 1017
158576 158524 767
158576 158579 1576
160767 158590 1450
160767 160764 1592
160767 160770 1667
160770 160767 1667
160770 160769 1264
160968 158936 2405
160968 158938 3260
158932 158931 22
158896 158890 1429
160977 160976 672
160988 160989 2578
161009 161010 1201
161009 161012 1004
161014 161013 1437
161014 161023 1140
161024 161023 1201
161024 161026 1032
160994 160929 562
160994 160930 1581
160996 160997 556
161018 161019 1096
161018 161178 556
161018 161180 1101
161168 160959 2016
161168 161186 927
161176 160975 1140
161176 161177 905
160802 160801 1592
160802 160803 133
160822 160821 1234
160822 160930 843
161019 161010 905
161019 161018 1096
160846 160845 713
160846 160849 1553
160861 160877 606
160746 160747 1004
160746 160901 1101
160899 160900 889
160899 160921 2867
160896 160897 778
160884 160883 884
160921 160891 2615
160921 160899 2867
160921 160903 893
160925 160889 927
160925 172372 778
160879 160880 1101
160879 160893 850
160892 160893 1796
160873 160880 796
165945 165944 940
165945 166018 344
166024 166025 404
166024 166037 337
166025 166024 404
166025 166042 1255
166029 166028 1785
166029 166030 767
166070 166028 759
166070 166122 672
166072 166073 1004
166072 166075 631
166073 166072 1004
166073 166121 674
168201 168200 848
168201 168223 2191
168220 168223 1004
168220 172517 1923
167964 167965 759
167964 167990 782
167898 167897 1248
167911 167897 850
167911 167913 672
167911 167928 631
167929 167922 452
167929 167927 556
167929 167968 1517
167928 167911 631
167928 167927 1018
167928 167973 796
167996 167990 934
167996 168008 1225
168107 168008 927
168107 168108 2113
168297 168296 562
168180 168179 238
168180 168296 2119
168177 168171 688
168177 168240 1018
168239 168240 667
168239 168246 2023
168243 168242 610
168243 168246 610
168230 168199 1601
168230 168229 889
168230 168231 1225
168231 168230 1225
168231 168234 1201
168244 168234 610
168244 168245 674
167891 167894 1375
167896 167894 767
167896 167897 791
167896 167899 688
165944 165945 940
165944 166017 796
166020 166017 767
166020 166045 1344
166046 166045 600
166046 166050 1556
166048 166049 421
166048 166132 1357
161589 161590 986
161889 161590 1248
161889 161821 791
161891 161890 344
161917 161916 581
161911 161916 1285
162036 162037 1066
162034 162032 2134
162034 162047 782
161915 161914 1124
162044 162045 672
162044 162047 1368
161772 161770 1283
161772 162037 713
161776 161771 848
161783 161782 747
161779 161782 1105
161779 161786 1055
161788 161787 454
161788 162070 685
161734 161735 82
161784 161781 1426
161784 161791 678
161790 161742 1531
161790 161789 753
161790 161791 1399
155250 155249 418
161598 161597 835
161598 161647 623
161645 161647 2616
161645 161650 789
169036 161677 1485
169036 169039 1719
165814 165815 948
165814 166077 1155
160125 160121 879
160125 160124 562
165838 165841 1701
165838 166116 713
166140 166139 1323
166140 166147 337
166086 160124 222
166164 166163 474
166164 166170 474
166164 166175 1201
166150 166165 747
166150 166172 808
166153 166154 697
166153 166160 697
166161 166160 940
166161 166166 879
166161 166168 1907
158822 158823 202
158822 166084 713
166100 166084 2011
166100 166104 874
166100 166106 739
166101 166105 474
166107 166108 1210
166107 166159 1030
166107 166160 808
169797 169795 673
169797 169799 475
166084 158822 713
166084 166085 355
166084 166100 2011
166104 166100 874
166104 169800 808
169798 169799 610
169798 169800 1065
169718 169443 2059
169718 169738 739
169732 169567 2650
169732 169733 1227
169737 169738 1642
169737 169740 650
169788 169792 905
169794 169792 928
169794 169795 1679
169806 169791 2323
169806 169807 553
169735 169733 66
169735 172863 686
169564 169565 837
169564 169567 2150
169565 169564 837
169565 169566 1949
169565 169756 697
169768 169756 1347
169768 169762 1000
169768 169827 874
169443 169444 1114
169443 169718 2059
169081 169082 678
169081 169104 1357
169404 169403 436
169404 172551 238
169391 169390 905
169403 169404 436
169403 169415 650
169414 169390 553
169414 169415 1505
169414 169416 885
118874 118489 582
118597 118595 475
118597 119127 574
119127 118597 574
119127 119128 284
118971 118969 1430
118789 118787 1579
119451 119450 1163
101981 94852 427
101981 102220 522
94697 94609 11117
94697 94779 4736
94697 94788 696
94791 94790 10255
94791 94812 4352
95006 94812 2930
95006 95007 1702
95006 95007 1702
102081 97360 1326
102081 102080 426
94684 94662 504
94684 94683 3130
97526 97525 2205
97526 103154 2109
97526 103155 829
97530 97525 7851
97530 101982 856
97530 103170 1114
93918 93905 1408
93918 93917 452
93918 93923 796
108058 108057 1322
108058 108059 750
108269 108057 805
108269 108059 1425
108269 108103 788
108269 112425 1457
111909 108057 511
111909 111908 1181
111906 108261 1471
111906 111905 2405
111906 111907 798
111906 113916 952
108318 108305 1680
108318 108317 889
108318 108672 818
108354 108347 778
108354 108353 1608
108354 108676 1124
108676 108353 1097
108676 108354 1124
108676 108674 562
108676 108738 642
108208 108209 772
108208 113652 1993
108360 108359 1417
108348 108346 2662
108348 108349 1085
108348 108355 1575
108350 108349 826
108357 108356 313
108357 108358 688
108357 108361 463
108685 108684 1208
108685 108686 1114
108685 108687 598
108701 108684 2118
108701 108689 354
108701 108710 788
108714 108710 905
108714 108713 2863
108714 108727 2435
108727 108713 1257
108727 108714 2435
108727 108721 1014
108707 108706 284
108707 108708 173
108707 108717 1085
108721 108717 1114
108721 108719 1510
108721 108727 1014
108566 108565 2840
108566 108567 452
108566 108702 1196
113772 108705 271
102811 102673 2780
102811 102812 5097
93272 93271 340
93272 93273 1092
93272 100731 317
94445 93271 2251
94445 93591 624
100700 100699 1045
100700 100735 1835
100700 100750 1080
93598 93597 1196
93598 93600 1055
93598 93601 1794
93591 93270 1272
93591 94445 624
93591 102705 2310
102706 102705 1194
93895 93784 1014
93895 93896 930
93895 93897 2667
101863 93784 1283
101863 101861 2011
101863 101864 691
93983 93897 764
93983 93982 445
93983 93984 94
93986 93985 587
93986 93989 1421
93986 102451 1689
94012 93989 4568
94012 94013 672
94012 94014 1014
93994 93990 557
93994 93998 511
93995 93990 781
93995 93997 279
93970 93969 924
93996 93969 1964
93996 93974 1114
93996 94001 336
93944 93942 1214
93944 93964 3905
93944 93965 1419
93966 93964 1445
93966 93965 3990
93975 93972 1906
93975 93979 774
93975 94040 1683
93976 93972 1975
93976 94002 508
93976 94040 905
93976 94041 2146
93777 93773 1004
93777 93776 598
93777 93778 1247
93777 93779 923
93886 93773 3374
93886 93885 672
93886 93889 1398
97538 97537 3423
97538 97539 475
97538 97540 8821
97541 97539 1489
97541 98450 1968
97541 102661 4168
102666 102665 1428
102666 102667 2490
103161 103162 2266
93278 93277 3538
93278 93299 5049
93300 93299 3470
93300 93302 201
93300 93304 4378
102668 93287 2044
102668 102669 4436
102668 102694 57
102668 102695 2409
93212 93210 222
93212 93214 5556
93216 93215 1293
93216 93218 1660
93217 93215 4410
93217 93224 1110
93217 93228 846
93217 93280 2130
98520 93215 1303
98520 98517 1348
98520 98521 889
194203 194202 1211
190870 190869 3872
190870 190873 436
190870 190874 1596
191299 190869 2124
191299 191298 4432
191299 191300 5271
194358 190873 1057
191302 190909 4663
191302 191248 2268
191302 194467 2475
191425 190911 1333
191425 194351 1898
191425 194352 1153
191130 191128 548
191130 191310 549
191130 194187 9
194183 191248 3552
194183 191251 1037
194183 194184 800
194184 191251 548
194184 194183 800
194184 194185 1606
191437 191436 687
191437 194190 105
191437 194468 1029
191438 191436 792
191438 194181 684
191438 194182 970
190855 190856 545
190855 190931 3747
190855 191153 4060
191154 191153 741
191154 194159 2433
191159 191158 1605
191159 191160 432
191159 191166 2170
191343 191164 744
191343 191344 235
194327 191143 2506
194327 194328 602
194327 194329 2483
194330 194329 1319
194332 194333 393
194332 194334 708
194332 194335 238
194336 194335 969
191348 191248 1006
191348 194360 952
194460 194360 1689
194460 194461 813
194460 194462 797
194460 194463 793
194460 194464 916
190948 190946 1028
190948 190949 1299
191346 191260 3315
191346 191347 545
192606 191257 6376
192606 192604 704
192606 192607 950
118756 118755 1390
118756 118757 5954
118756 118769 539
118762 118755 1849
118762 118761 646
118778 118772 712
118778 118783 4356
118781 118780 1030
118782 118773 10511
118782 118780 1275
118783 118778 4356
118783 118784 1592
194269 194267 843
194269 194271 77
194269 194272 351
194270 194267 554
108569 108568 1592
108569 108570 1031
108569 108840 681
108845 108844 2597
108846 108844 672
108831 108832 222
108831 108835 152
108831 108872 79
108369 108370 963
108369 108371 2807
108369 108824 1004
108562 108371 114
108562 108563 46
108562 108564 71
108565 108371 905
108565 108566 2840
108565 108836 1599
108402 108399 71
108402 108403 433
108402 108561 650
110375 109618 809
109715 109619 938
109715 109716 4422
110380 110378 1208
108856 108855 1935
108856 108857 708
108856 109047 1248
109064 108857 1234
109064 109047 788
109064 109065 836
110294 110292 1188
110294 110296 252
110293 109065 1176
110293 110292 611
110293 110295 1000
108883 108789 2043
108883 108886 688
108883 108887 1466
108883 109047 2063
108886 108883 688
108886 108884 1211
108886 108887 1630
110374 110357 836
110374 110373 649
110397 110395 612
110397 110396 836
110397 110447 1145
110448 110392 889
110448 110395 1072
110448 110445 1408
110448 110447 696
110386 110339 3001
110386 110385 1341
110386 110474 1028
110470 110385 507
110470 110468 189
110470 110471 404
110391 110381 1680
110391 110392 1611
110391 110395 279
110636 110635 2016
110636 110637 1683
110636 110655 750
110653 110635 1901
110653 110652 827
110653 110655 649
110645 110644 434
110645 110646 672
110645 110647 697
110656 110644 1355
110656 110647 1532
110656 110648 1861
110515 110511 1813
110515 110514 598
110515 110545 2320
110544 110545 551
110544 110650 275
110661 110660 982
110662 110511 610
110662 110660 1483
110662 110683 1083
110662 110684 1612
103811 103810 395
103811 103812 313
103811 103813 1404
103813 103810 1023
103813 103811 1404
103813 103814 153
103817 103797 3344
103817 103816 905
103817 103819 2004
103820 103797 1853
103820 103819 2090
103820 103824 1852
35510 35511 1825
35510 36683 295
36663 35501 1792
36663 35511 1226
36663 36123 667
36123 36122 3000
36123 36662 1008
36123 36663 667
50460 36120 902
50460 36122 1369
103827 103821 610
103827 103828 1455
103827 116300 292
103828 103821 1597
103828 103827 1455
103828 103829 599
116300 103826 409
116300 103827 292
116300 116301 234
116302 103826 194
110576 103373 308
105773 103374 3004
105773 103782 590
110587 110586 809
110587 110589 1167
110882 109368 833
110882 110883 800
110882 110887 1266
110886 110883 1232
103398 103397 839
103398 103399 926
103398 110670 1389
110671 103397 1242
110669 103399 371
110669 110667 2748
110669 110674 239
110931 110930 327
110931 110932 168
110723 110721 778
110723 110724 1695
110723 110880 511
110727 110724 168
110727 110725 435
110727 110728 818
110690 103394 1220
110690 110689 649
110690 110702 2239
110703 110689 826
110703 110704 707
110703 110868 983
36676 36674 818
36676 36675 1115
36676 36803 709
36675 36673 796
36675 36676 1115
36681 36680 1008
36711 36680 610
36711 36712 1226
36711 36713 279
36691 36692 1102
36691 36713 747
36691 36715 373
36701 36700 3181
36701 36710 1160
36701 36716 1085
36701 36813 2148
36715 36691 373
36715 36698 557
36715 36716 2962
36815 36813 1530
36815 36814 1015
36815 36816 713
36817 36816 1198
36817 36820 1161
36817 36822 3043
36822 36817 3043
36822 36821 1556
36822 36851 1140
36822 36870 1098
36738 36733 3589
36738 36735 1248
36738 36770 1466
36738 36775 1304
36742 36737 1931
36742 36743 1336
36742 36770 1468
36743 36741 1497
36743 36742 1336
36743 36771 3508
36743 36772 1558
36780 36771 1322
36780 36772 3017
36780 36785 1560
36780 36857 5827
36775 36738 1304
36775 36774 2481
36775 36778 1143
36852 36778 1293
36852 36850 1085
36852 36854 5190
36859 36781 445
36859 36857 1188
36859 36860 2561
36818 36777 931
36818 36816 1560
36818 36850 983
36818 36851 4505
36872 36851 1517
36850 36818 983
36850 36852 1085
36850 36853 4919
36788 36786 2353
36788 36790 1797
36788 36792 1468
36788 36793 3089
36799 36792 1120
36799 36795 1055
36799 36800 4037
36796 36794 4511
36796 36861 1014
36796 36864 1375
36796 36865 1417
36800 36795 3863
36800 36799 4037
36800 36864 870
36867 36864 2640
36620 36587 344
36620 36590 1161
36620 36621 1099
36590 36586 1797
36590 36589 1675
36590 36619 1468
36590 36620 1161
36582 36580 3453
36582 36588 2643
36582 36591 252
36582 36592 511
36589 36584 2448
36589 36590 1675
36589 36591 2928
36589 36623 1140
36592 36493 3785
36592 36582 511
36592 36591 445
36592 37538 1014
37541 36632 2643
37541 37540 1594
37541 37542 1757
37548 37542 1146
37548 37543 932
37548 37549 751
36555 36524 1152
36555 36553 1532
36555 36556 3014
36555 36559 1554
36932 36928 769
36598 36576 1161
36598 36594 889
36598 36597 1394
36598 36601 1559
36576 36575 1140
36576 36579 1248
36576 36598 1161
36576 36602 1659
36603 36579 1715
36603 36587 1014
36603 36602 1124
36553 36527 1073
36553 36555 1532
36553 36568 1394
36553 36596 1482
36593 36568 1475
36593 36596 1254
36593 36599 650
36599 36593 650
36599 36597 336
36599 36600 878
36550 36543 1530
36550 36548 1676
36550 36549 1188
36550 36557 1613
36556 36549 1409
36556 36555 3014
36556 36557 1299
36556 36560 1613
36916 36544 1280
36916 36557 3481
36916 36918 1623
37570 37564 1578
37570 37584 168
37583 37569 984
37583 37582 1188
37583 37584 1161
37585 37575 344
37585 37584 344
37589 37577 276
37589 37579 836
37589 37590 168
37556 37546 751
37556 37554 2927
37556 37566 1636
37556 37567 1027
37582 37567 1027
37582 37583 1188
37582 37587 713
37588 37587 1079
36919 36918 806
36919 36927 905
36924 36923 511
36924 36927 4933
36925 36793 504
36925 36923 751
37599 37598 1935
37661 37598 1055
37658 37651 2550
37658 37659 511
37658 37660 952
37663 37655 2226
37663 37660 836
37663 37664 1345
37668 37664 927
37668 37667 1682
37668 37670 1454
37668 37670 1454
37669 37664 3623
37669 38237 873
37669 38253 1882
37669 38254 612
38229 38225 788
38229 38228 788
38229 38230 2231
38239 38227 418
38239 38230 475
38239 38240 738
38244 38243 873
38244 38245 1672
38244 38270 677
38269 38263 683
38269 38266 1308
38269 38270 747
38269 38272 984
38274 38266 1074
38274 38272 1623
38274 38276 300
38246 38245 552
38261 37702 2597
38261 38255 1085
38261 38277 1779
38261 38278 605
38284 38280 1248
38604 38281 890
38604 38599 279
38604 38606 3690
38606 38604 3690
38606 38605 1115
38606 38611 650
38609 38603 697
38609 38610 3492
38609 38611 2690
38610 38609 3492
38610 38636 418
38610 38644 788
38646 38637 1222
38646 38645 418
38646 38647 476
38646 38651 452
38647 38639 2085
38647 38646 476
38647 38649 252
38647 38652 1000
38654 38649 1114
38654 38652 354
38654 38658 1074
38654 38663 2016
38668 38650 848
38668 38665 884
38668 38670 2031
38813 38666 848
38813 38814 2289
38813 38815 751
38814 38667 836
38814 38813 2289
38814 38817 558
38814 38834 1153
38670 38668 2031
38670 38669 788
38670 38671 788
38655 38652 1675
38655 38660 1014
38659 38625 2033
38659 38653 1906
38659 38660 697
38659 38664 2334
38756 38625 1153
38756 38664 537
38756 38695 2418
38685 38109 435
38685 38687 2148
38700 38132 1534
38700 38687 373
38700 38688 1363
38700 38704 1502
38704 38700 1502
38704 38701 2181
38704 38711 537
38704 38715 924
38708 38701 1339
38708 38715 1357
38708 38739 3401
38716 38715 373
38716 38720 139
38716 48754 1364
38741 38720 2824
38741 38744 1935
38745 38743 562
38745 38746 222
38101 38091 878
38101 38102 238
38101 38107 202
38101 38111 1412
38109 38102 1476
38109 38110 84
38109 38111 344
38109 38685 435
38682 38108 418
38682 38111 139
38683 38108 1476
38683 38689 2833
38683 38690 788
38683 38691 1153
38691 38683 1153
38691 38696 788
38691 38702 279
38691 38710 1555
38697 38696 1503
38697 38698 2068
38697 38710 885
38697 38721 552
38694 38689 1027
38694 38693 2143
38694 38696 2104
38694 38698 1429
38695 38693 1009
38695 38698 2085
38695 38756 2418
38744 38741 1935
38744 41507 1293
41506 38739 1612
41506 41504 709
41506 41507 276
41506 41508 4071
41511 41507 4362
41511 41509 2986
41511 46858 1412
41511 46862 4899
47499 47496 1901
47499 47498 314
47499 47500 630
47494 47495 675
47494 47504 120
47501 47498 1537
47501 47502 785
37255 37256 133
37255 46990 942
37255 47534 1243
46989 46990 1325
46989 47534 984
46989 47535 951
47495 47494 675
47495 47497 404
47495 47534 848
47535 46989 951
47535 46993 752
47535 46994 1120
47535 47536 984
47539 46994 1225
47539 47536 1032
47539 47542 1140
47542 47000 630
47542 47004 2216
47542 47539 1140
47542 47540 766
47544 47540 2192
47544 47546 752
47544 47556 517
47544 47558 2192
47558 47032 1956
47558 47544 2192
47558 47557 435
47558 47559 752
47561 47032 683
47561 47559 1742
47561 47562 791
47561 47564 2666
47308 47306 684
47308 47565 1979
47308 47569 790
47308 47829 2063
47564 47034 849
47564 47306 1483
47564 47561 2666
47564 47565 985
47310 47297 709
47310 47307 1742
47310 47311 790
47312 47307 849
47312 47311 1873
47312 47829 1956
47829 47308 2063
47829 47312 1956
47829 47830 791
47270 47269 1614
47270 47313 202
47270 47318 1323
47247 47246 215
47247 47319 672
47360 38979 551
47360 47359 579
47360 47361 2145
47272 47271 120
47272 47275 1009
47206 47154 4293
47206 47204 841
47206 47215 989
47361 47360 2145
47361 47362 242
123301 123300 267
129982 123300 2227
129982 128067 337
129982 129983 807
128065 128064 421
128065 128075 1941
128076 128075 2077
129969 128075 1239
128060 128057 2809
128060 129940 2542
128060 129949 2781
129948 126990 828
129948 129949 276
129958 129945 630
129958 129949 3058
129958 129955 688
129958 129959 738
129961 129953 1078
129961 129959 1109
129961 132339 2473
130578 130577 905
130578 130580 1053
130578 130623 790
130657 130655 436
130657 130658 537
130657 130660 1086
130659 130658 518
130659 130663 1824
130659 130664 1857
47191 47189 738
47191 47193 837
47191 47195 1141
47211 47195 1189
47211 47209 445
47211 47212 265
47212 47195 1051
47212 47210 1352
47212 47211 265
130623 130578 790
130623 130624 1936
130623 130626 790
130580 130578 1053
130580 130579 1570
130666 130579 871
130666 130660 2362
130666 130664 1055
130660 130657 1086
130660 130661 747
130660 130666 2362
132392 130680 835
130099 128110 3903
130099 130098 751
130099 130125 7034
130124 130122 879
130124 130123 1121
130124 130125 1075
130124 130126 3018
130135 130133 940
130135 130136 3224
130135 130669 1357
130675 130134 2985
130675 130136 556
130675 130676 475
130943 130941 276
130943 130944 650
130943 130976 1953
130975 130974 950
130975 130976 940
130945 130938 808
130945 130946 1081
130945 130979 650
130925 130924 650
130925 130926 1891
130925 130931 782
130931 130925 782
130931 130930 928
130931 130934 2246
130933 130929 1304
130933 130934 747
130933 130935 751
130933 130938 739
130218 130216 1142
130218 130220 984
130218 130947 885
130218 130948 1142
130220 130215 1065
130220 130218 984
130220 130221 2952
130220 130950 1276
130927 130217 537
130927 130924 1161
130927 130947 436
130947 130218 885
130947 130927 436
130947 130949 1145
130221 130219 1010
130221 130220 2952
130221 130222 1673
130221 130225 1087
130224 130222 1458
130224 130226 1433
130224 130261 759
130224 130276 374
130266 130260 1118
130266 130261 452
130266 130276 850
131082 131079 1578
131082 131083 880
131082 131091 139
131098 131083 1679
131098 131092 1030
131098 131099 697
131098 131107 1225
131102 131099 811
131092 131087 1169
131092 131091 1949
131092 131098 1030
131092 131103 1699
131104 131087 1748
131104 131103 976
131104 131106 890
131992 131991 418
131992 131994 279
131993 131991 1759
131993 132000 1227
131993 132007 948
131993 132008 907
132007 131993 948
132007 132008 374
132007 132009 374
132007 132011 477
132009 132001 747
132009 132007 374
132009 132010 2630
132012 132001 2431
132012 132006 697
132012 132010 751
132012 132042 1210
132024 132010 1147
132024 132025 811
132024 132042 697
132024 132047 1010
132060 132056 556
132047 132024 1010
132047 132046 789
132047 132063 890
130242 130240 934
130242 130243 1467
130242 130262 791
130263 130243 829
130263 130262 1357
130263 130265 767
130263 130269 1467
130275 130253 767
130275 130265 1344
130275 130269 710
130254 130253 3141
130254 130258 3848
130254 130287 2149
131041 131038 1612
131041 131039 789
131041 131045 1344
131041 131046 885
131046 131041 885
131046 131042 1010
131046 131048 953
131046 131050 1485
131049 131048 1396
131049 131050 808
131049 131079 808
131049 131081 1578
131039 131032 739
131039 131040 1557
131039 131041 789
132084 131984 3145
132084 132091 2751
121647 121576 1918
121647 121646 5460
121647 121648 949
121647 121649 5021
131990 131969 8950
131990 131984 276
131990 132048 4241
131990 132085 6087
132100 132090 1838
132100 132098 1977
132126 132098 3105
132126 132130 739
215725 215724 2490
215725 215726 2701
215725 218001 2769
215725 222610 3824
215750 215726 2079
219016 218001 3199
219016 219013 1905
219016 221938 1465
219016 222613 1467
222614 218001 1572
222614 222613 3090
222614 222615 1350
222615 222612 3117
222615 222614 1350
222615 222617 2820
222618 222617 2913
224399 215727 2079
215731 215730 1242
215731 216380 830
215731 218311 3080
218008 218007 2250
218008 218310 2943
218008 218311 2801
218008 221783 3665
221786 218311 4611
218275 218274 675
218275 218288 4164
218275 218289 3759
218287 218007 936
218287 218274 4283
224295 218274 77
224295 218293 3876
218279 218280 3437
218279 218285 1564
218279 218314 1818
218282 218280 1640
218284 218280 353
218284 218285 1526
218286 218280 639
218286 218317 7208
218286 222720 674
218286 222721 1002
222626 222624 1355
222626 224479 1148
222638 222624 6416
