922
207473 207472 640
207473 207486 901
207473 207487 2294
207486 207473 901
207486 207485 724
207486 207488 2164
207491 207488 686
207491 207494 2496
207541 207494 776
207541 207542 594
207541 207582 2134
207915 207916 575
207922 207916 1031
207922 207943 869
207922 207955 1145
207943 207922 869
207943 207944 815
207975 207944 660
207975 207976 563
207977 207974 815
207977 207976 1562
207977 207981 2048
207984 207981 750
208039 208045 805
208039 208046 2233
208058 208056 144
208061 208362 229
208364 208283 91
208364 208366 466
208273 208267 493
208268 208244 649
208268 208269 608
208274 208267 469
208274 208275 278
208274 208281 274
208281 208274 274
208281 208285 342
208283 208364 91
208283 208367 870
208284 198881 815
208284 208367 1613
208284 208383 876
208289 198883 67
208241 208244 546
208242 208244 522
208277 208275 1620
208277 208330 1007
208335 208330 1160
208335 208336 980
208336 208335 980
208336 208343 533
208336 208354 922
208349 208354 907
210564 210574 1150
210564 210580 706
210565 210566 2739
210565 210567 650
210574 210564 1150
210574 210575 679
208356 208344 563
208356 208354 1016
208356 208357 1812
210567 210565 650
210567 210572 2984
210568 210570 679
210568 210586 2087
210570 210568 679
210570 210587 2012
210588 210587 867
210588 210647 2098
210648 210647 670
210648 210661 2129
210649 210651 385
210649 210653 608
210676 210661 1027
210676 210679 506
178667 178668 1873
178667 178803 4304
178867 178752 1120
178867 178868 4505
178742 178741 4856
178742 178752 1321
178752 178742 1321
178752 178754 4535
178752 178867 1120
178795 178796 617
178795 178873 1090
178795 185548 1120
178798 178737 673
178798 178799 884
178873 178795 1090
178873 178876 884
177554 177536 1447
177554 177555 1015
177554 180309 673
163643 163644 758
163643 163672 111
163658 163659 842
166349 163659 1889
166349 166334 758
166349 166350 2002
166348 166336 926
166348 166351 1000
166350 166349 2002
166350 166351 418
166332 166214 842
166332 166331 2415
166332 166336 683
184958 184959 924
184958 185054 848
184958 185058 1064
185006 185054 878
185008 185049 2483
185052 185053 747
185052 185055 2561
185050 185051 475
185050 185055 848
185048 185049 713
185048 185062 1957
185046 185043 818
185046 185045 216
166243 166245 358
166243 166248 2778
166253 166248 758
166253 166281 758
166253 166282 2556
166281 166253 758
166281 166587 2668
166268 166284 791
166268 166289 3000
166274 166273 842
166274 166284 2111
166288 166289 842
166288 166294 2446
166588 163699 1889
166588 166294 1017
166588 166587 758
166273 166274 842
166273 166285 1667
166318 166285 1009
166318 166319 1104
166318 166322 4112
166299 166321 2667
166319 166318 1104
166319 166320 2557
166326 166325 848
166326 166343 752
166827 166828 152
166827 166829 790
166827 185398 893
166215 166214 849
166215 166218 2668
166217 166218 758
166214 166215 849
166214 166219 2561
166214 166332 842
166244 166245 351
166244 166246 3000
166234 166246 926
166234 166249 2557
166238 166249 674
180770 180769 1533
180770 180771 983
180770 180801 751
180785 180769 796
180785 180786 420
180787 180786 836
180787 180803 1985
180802 180803 1293
180506 180507 796
180506 180803 682
180533 180532 983
180533 180539 3085
182411 182412 778
182434 182435 789
182434 182446 1576
182232 182235 796
182232 182401 682
182233 182009 5856
182233 185698 1280
182432 182436 747
182432 182476 1378
182486 182487 610
168582 169197 1033
185813 185245 892
173759 173751 1413
173759 173755 1069
173751 173747 1394
173751 173748 1777
173751 173759 1413
173753 173756 2460
182604 173613 1085
182604 185815 1985
185641 185814 216
174161 174140 848
174141 174140 2730
176272 176271 552
152190 152191 2233
152190 152204 581
152190 152206 600
174223 174222 672
174223 176316 2116
176315 176316 452
174259 174258 3078
176308 176309 275
174268 174258 893
174268 176333 778
174268 176366 984
176331 176332 688
176331 176333 2531
176312 176311 552
176312 176313 688
176312 176332 2369
176328 176327 96
185041 185036 2131
185041 185081 1014
185041 185103 1225
185118 185103 951
185108 185101 871
185110 185111 871
185163 185111 884
185112 185105 688
185112 185111 2048
185112 185173 630
185173 185112 630
185173 185208 848
174151 174152 435
174151 176265 848
176278 176276 1064
176278 176277 796
176278 185208 333
174787 174986 2676
173960 173959 1168
173823 173802 5993
173823 173822 4070
173829 173830 1460
173829 173894 633
173892 173799 2462
173796 173792 1851
175080 175068 929
175080 175082 2351
175080 185455 1049
174521 174522 924
174623 174622 475
174623 174637 2275
174637 174623 2275
174637 174638 517
174637 174640 796
174591 174590 1558
174638 174590 842
174638 174637 517
174589 174588 667
174589 174696 1939
174695 174696 782
174695 174697 1698
175196 175198 641
174702 174701 373
175199 175198 1296
175199 175222 398
174710 174709 279
174710 175271 474
175268 174726 1168
175268 175274 848
175271 174710 474
175271 175273 952
174726 174727 948
174726 174736 1664
174726 175268 1168
174697 174695 1698
174697 174723 475
174697 174728 600
175231 175232 373
175231 175242 1342
175558 175564 932
175089 175569 1114
175567 175568 1000
175567 175571 1965
175437 175438 939
175562 175438 2453
175562 175561 765
175414 175415 836
175414 175560 2511
175436 175438 677
175436 175561 2192
175404 175401 1016
175404 175405 1320
175422 175400 892
175422 175423 1412
175718 175708 1074
175418 175417 2827
175418 175586 1387
175705 175706 952
175705 175707 738
175705 175720 713
175762 175763 3101
175510 175505 983
175510 175509 1004
175510 175517 939
175510 175525 650
175520 175518 1004
175522 175523 1086
175522 175526 1275
175577 175526 344
175577 175579 354
175692 175640 952
175692 175641 2481
175633 175632 2305
175633 175634 1183
175697 175696 927
175697 185902 605
175529 175527 1482
174427 174426 818
174438 174437 1769
174450 174451 1579
174495 174451 610
174495 174496 1282
174496 174495 1282
174496 174501 1716
174496 174523 581
174498 174501 848
174216 176299 924
174237 176296 782
174245 174244 905
174245 176296 2668
174244 174245 905
174244 176297 2896
176317 176298 2131
176317 176316 1115
174303 174301 2212
174303 174317 2177
174303 174321 818
174315 174316 279
174315 174318 475
174316 174315 279
174316 174426 2087
174252 174253 246
174252 174300 1774
174298 174301 336
185030 185036 818
185019 185022 610
185043 185042 263
185043 185046 818
210651 210649 385
210651 210664 1885
210670 210664 772
210670 210671 1957
210804 210671 1001
210824 210671 1190
210672 210664 1871
210672 210671 804
210672 210825 681
210827 210825 1187
210827 210829 786
210849 210833 254
210854 210843 289
210854 210844 550
210862 210863 938
210862 210864 555
210905 210864 785
210905 210906 955
210907 210908 1059
210914 210908 825
210914 210917 833
211068 211071 607
211071 211068 607
163647 163664 2556
163664 163647 2556
163664 163665 2557
163665 163664 2557
162998 163013 605
163013 162998 605
163019 163039 710
162928 162965 581
162965 162928 581
163039 163019 710
161328 162792 2085
162792 161328 2085
164002 163999 581
163999 164002 581
164056 164057 848
164052 164166 1023
164166 164052 1023
164057 164056 848
211960 211971 392
211971 211960 392
114485 114499 1113
114491 114494 847
114494 114491 847
114499 114485 1113
106936 107012 4890
107012 106936 4890
107271 107278 4142
107278 107271 4142
107278 107277 2559
107277 107278 2559
106367 106368 688
106368 106367 688
106841 106684 1336
106684 106841 1336
106647 106651 1024
106651 106647 1024
107587 107588 1013
107588 107587 1013
107578 107580 2428
107580 107578 2428
107496 107497 905
107497 107496 905
107755 107801 688
107801 107755 688
111807 111813 2111
111813 111807 2111
111995 112000 788
111982 112004 1629
112004 111982 1629
112004 112003 707
112003 112004 707
112000 111995 788
33620 33801 1663
33801 33620 1663
113143 113144 826
113144 113143 826
103621 103622 950
113262 103606 688
103622 103621 950
103606 113262 688
113277 113274 333
113207 113273 672
113273 113207 672
113274 113277 333
113531 113535 610
113535 113531 610
113535 113534 2004
113534 113535 2004
103468 103477 703
103477 103468 703
103661 103654 1402
103654 103661 1402
105150 105149 138
105149 105150 138
40005 39991 1446
39991 40005 1446
40043 40046 1008
40046 40043 1008
40046 40168 629
40168 40046 629
41322 41321 2678
41321 41322 2678
29033 29028 650
29028 29033 650
55261 55273 1282
55273 55261 1282
55331 55334 1104
55334 55331 1104
49509 49504 810
49504 49509 810
49500 49502 738
49502 49500 738
53753 54768 605
54768 53753 605
144423 144424 375
144424 144423 375
144370 144362 955
144361 144362 386
144362 144361 386
144362 144370 955
142421 142430 557
142430 142421 557
144433 144439 936
144439 144433 936
144439 144443 255
144443 144439 255
196346 196357 1177
196357 196346 1177
140140 141475 784
141475 140140 784
141475 141476 990
145410 141474 289
141476 141475 990
141474 145410 289
143900 143899 70
143899 143900 70
140216 140115 1235
140115 140216 1235
189982 190008 526
190008 189982 526
142349 142351 873
142360 142359 1664
142359 142360 1664
142390 142389 1264
142389 142390 1264
142352 142351 2461
142351 142349 873
142351 142352 2461
141510 141525 130
151867 151671 1386
151671 151867 1386
141525 141510 130
141674 141672 1827
141820 141790 1643
141672 141674 1827
141790 141820 1643
56064 56077 1366
56077 56064 1366
56258 56254 706
56254 56258 706
196673 196675 1735
196675 196673 1735
204335 204342 881
204337 204342 679
204342 204335 881
204342 204337 679
207202 207203 670
207203 207202 670
207648 207651 237
207651 207648 237
207263 207260 684
207260 207263 684
207264 207265 888
207265 207264 888
146000 143288 836
143288 146000 836
204000 204060 778
204060 204000 778
203604 203614 220
203614 203604 220
203970 203971 797
203971 203970 797
207457 207454 1072
207457 207456 980
207456 207457 980
207542 207541 594
207445 207460 1023
207460 207445 1023
207460 207459 1123
207454 207457 1072
207459 207460 1123
207472 207473 640
207487 207473 2294
207487 207488 883
207485 207486 724
207488 207486 2164
207488 207487 883
207488 207491 686
207494 207491 2496
207494 207541 776
207582 207541 2134
207916 207915 575
207916 207922 1031
207955 207922 1145
207955 207944 1513
207944 207943 815
207944 207955 1513
207944 207975 660
207976 207975 563
207976 207977 1562
207974 207977 815
207981 207977 2048
207981 207984 750
208045 208039 805
208046 208039 2233
208046 208056 695
208056 208046 695
208056 208058 144
208362 208061 229
208366 208364 466
208267 208273 493
208267 208274 469
208244 208241 546
208244 208242 522
208244 208268 649
208269 208268 608
208275 208274 278
208275 208277 1620
208285 208281 342
208367 208283 870
208367 208284 1613
198881 208284 815
208383 208284 876
198883 208289 67
208330 208277 1007
208330 208335 1160
208343 208336 533
208343 208344 1812
208354 208336 922
208354 208349 907
208354 208356 1016
210580 210564 706
210580 210575 1218
210566 210565 2739
210566 210572 730
210575 210574 679
210575 210580 1218
208344 208343 1812
208344 208356 563
208357 208356 1812
210572 210566 730
210572 210567 2984
210572 210586 730
210586 210568 2087
210586 210572 730
210586 210587 757
210587 210570 2012
210587 210586 757
210587 210588 867
210647 210588 2098
210647 210648 670
210661 210648 2129
210661 210676 1027
210653 210649 608
210679 210676 506
178668 178667 1873
178803 178667 4304
178868 178754 1395
178868 178867 4505
178741 178742 4856
178754 178752 4535
178754 178868 1395
178796 178795 617
185548 178795 1120
178737 178798 673
178799 178798 884
178876 178873 884
177536 177554 1447
177555 177554 1015
180309 177554 673
163644 163643 758
163672 163643 111
163659 163658 842
163659 166349 1889
166334 166349 758
166336 166332 683
166336 166348 926
166351 166348 1000
166351 166350 418
166331 166332 2415
184959 184958 924
185054 184958 848
185054 185006 878
185054 185053 1181
185058 184958 1064
185058 185053 924
185049 185008 2483
185049 185048 713
185049 185051 373
185053 185052 747
185053 185054 1181
185053 185058 924
185055 185050 848
185055 185052 2561
185051 185049 373
185051 185050 475
185062 185048 1957
185045 185046 216
166245 166243 358
166245 166244 351
166248 166243 2778
166248 166253 758
166282 166253 2556
166282 166587 849
166587 166281 2668
166587 166282 849
166587 166588 758
166284 166268 791
166284 166274 2111
166284 166285 952
166289 166268 3000
166289 166288 842
166294 166288 2446
166294 166588 1017
163699 166588 1889
166285 166273 1667
166285 166284 952
166285 166318 1009
166322 166318 4112
166321 166299 2667
166321 166320 766
166320 166319 2557
166320 166321 766
166325 166326 848
166343 166326 752
166828 166827 152
166829 166827 790
185398 166827 893
166218 166215 2668
166218 166217 758
166218 166219 926
166219 166214 2561
166219 166218 926
166246 166234 926
166246 166244 3000
166249 166234 2557
166249 166238 674
180769 180770 1533
180769 180785 796
180771 180770 983
180801 180770 751
180786 180785 420
180786 180787 836
180803 180506 682
180803 180787 1985
180803 180802 1293
180507 180506 796
180532 180533 983
180539 180533 3085
182412 182411 778
182435 182434 789
182446 182434 1576
182235 182232 796
182401 182232 682
182009 182233 5856
185698 182233 1280
182436 182432 747
182476 182432 1378
182487 182486 610
169197 168582 1033
185245 185813 892
173755 173756 1677
173755 173759 1069
173747 173748 827
173747 173751 1394
173748 173747 827
173748 173751 1777
173756 173753 2460
173756 173755 1677
173613 182604 1085
185815 182604 1985
185814 185641 216
174140 174141 2730
174140 174161 848
176271 176272 552
152191 152190 2233
152204 152190 581
152206 152190 600
174222 174223 672
174222 176298 766
176316 174223 2116
176316 176315 452
176316 176317 1115
174258 174259 3078
174258 174268 893
176309 176308 275
176309 176311 1224
176333 174268 778
176333 176331 2531
176366 174268 984
176332 176312 2369
176332 176331 688
176311 176309 1224
176311 176312 552
176313 176312 688
176327 176328 96
185036 185030 818
185036 185041 2131
185081 185041 1014
185103 185041 1225
185103 185118 951
185101 185108 871
185111 185110 871
185111 185112 2048
185111 185163 884
185105 185112 688
185208 176278 333
185208 185173 848
174152 174151 435
176265 174151 848
176265 176276 337
176276 176265 337
176276 176278 1064
176277 176278 796
174986 174787 2676
173959 173960 1168
173802 173823 5993
173822 173823 4070
173830 173829 1460
173894 173829 633
173799 173892 2462
173792 173796 1851
175068 175080 929
175082 175080 2351
185455 175080 1049
174522 174521 924
174522 174622 1365
174622 174522 1365
174622 174623 475
174640 174637 796
174590 174588 758
174590 174591 1558
174590 174638 842
174588 174589 667
174588 174590 758
174696 174589 1939
174696 174695 782
175198 175196 641
175198 175199 1296
174701 174702 373
175222 175199 398
174709 174710 279
175274 175268 848
175273 175271 952
174727 174726 948
174727 174728 279
174736 174726 1664
174723 174697 475
174723 174728 537
174728 174697 600
174728 174723 537
174728 174727 279
175232 175231 373
175242 175231 1342
175564 175558 932
175569 175089 1114
175569 175586 2546
175568 175567 1000
175571 175567 1965
175438 175436 677
175438 175437 939
175438 175562 2453
175561 175436 2192
175561 175560 932
175561 175562 765
175415 175414 836
175560 175414 2511
175560 175561 932
175401 175400 1014
175401 175404 1016
175405 175404 1320
175400 175401 1014
175400 175422 892
175423 175422 1412
175708 175707 605
175708 175718 1074
175417 175418 2827
175586 175418 1387
175586 175569 2546
175706 175705 952
175707 175705 738
175707 175708 605
175720 175705 713
175763 175762 3101
175505 175510 983
175509 175510 1004
175517 175510 939
175525 175510 650
175518 175520 1004
175518 175641 1578
175523 175522 1086
175526 175522 1275
175526 175527 354
175526 175577 344
175579 175577 354
175640 175634 849
175640 175641 2279
175640 175692 952
175641 175518 1578
175641 175640 2279
175641 175692 2481
175632 175633 2305
175634 175633 1183
175634 175640 849
175696 175697 927
185902 175697 605
175527 175526 354
175527 175529 1482
174426 174316 2087
174426 174427 818
174437 174438 1769
174451 174450 1579
174451 174495 610
174451 174523 1199
174501 174496 1716
174501 174498 848
174523 174451 1199
174523 174496 581
176299 174216 924
176296 174237 782
176296 174245 2668
176296 176297 782
176297 174244 2896
176297 176296 782
176297 176298 778
176298 174222 766
176298 176297 778
176298 176317 2131
174301 174298 336
174301 174300 488
174301 174303 2212
174317 174303 2177
174317 174318 222
174321 174303 818
174318 174315 475
174318 174317 222
174253 174252 246
174300 174252 1774
174300 174301 488
185022 185019 610
185042 185043 263
210664 210651 1885
210664 210670 772
210664 210672 1871
210671 210670 1957
210671 210672 804
210671 210804 1001
210671 210824 1190
210825 210672 681
210825 210827 1187
210829 210827 786
210829 210833 1230
210833 210829 1230
210833 210843 679
210833 210849 254
210843 210833 679
210843 210854 289
210844 210854 550
210863 210862 938
210864 210862 555
210864 210905 785
210906 210905 955
210906 210908 796
210908 210906 796
210908 210907 1059
210908 210914 825
210917 210914 833
946
207473
207486
207491
207541
207915
207922
207943
207975
207977
207984
208039
208058
208061
208364
208273
208268
208274
208281
208283
208284
208289
208241
208242
208277
208335
208336
208349
210564
210565
210574
208356
210567
210568
210570
210588
210648
210649
210676
178667
178867
178742
178752
178795
178798
178873
177554
163643
163658
166349
166348
166350
166332
184958
185006
185008
185052
185050
185048
185046
166243
166253
166281
166268
166274
166288
166588
166273
166318
166299
166319
166326
166827
166215
166217
166214
166244
166234
166238
180770
180785
180787
180802
180506
180533
182411
182434
182232
182233
182432
182486
168582
185813
173759
173751
173753
182604
185641
174161
174141
176272
152190
174223
176315
174259
176308
174268
176331
176312
176328
185041
185118
185108
185110
185163
185112
185173
174151
176278
174787
173960
173823
173829
173892
173796
175080
174521
174623
174637
174591
174638
174589
174695
175196
174702
175199
174710
175268
175271
174726
174697
175231
175558
175089
175567
175437
175562
175414
175436
175404
175422
175718
175418
175705
175762
175510
175520
175522
175577
175692
175633
175697
175529
174427
174438
174450
174495
174496
174498
174216
174237
174245
174244
176317
174303
174315
174316
174252
174298
185030
185019
185043
210651
210670
210804
210824
210672
210827
210849
210854
210862
210905
210907
210914
210918
210934
211729
211068
211069
211063
198869
211755
211071
211750
211751
163647
163484
163495
163547
163501
163733
163664
163665
163624
162994
162998
163013
163019
162970
162928
162930
162963
162965
162990
163039
163477
163410
163036
161328
162792
162781
162785
162777
163994
162974
164002
164018
163999
164056
164036
164040
164052
164166
164049
164054
164057
164064
164086
164090
164114
164121
164087
212043
207841
212028
212040
212029
211960
211981
211983
212306
212315
212318
211971
178719
114713
114607
114613
114621
114506
114467
114485
114491
114494
114502
114499
115239
114500
115490
115486
115507
115057
115055
115051
115135
114958
114976
114982
114991
115047
115048
115114
116246
115181
115357
115620
115648
113684
106659
106851
106858
106905
106819
106936
107012
106943
107269
107271
107278
107277
107392
107399
107406
107265
107411
106367
106368
106662
106642
106644
106681
106841
106684
113628
92916
106647
106651
106675
106712
106518
106520
106257
106261
106270
106228
116065
106242
193071
191535
190972
194033
191693
191745
191725
191884
190974
192857
192860
193032
107587
104875
107588
107578
107580
107557
107496
107631
107592
107607
113642
107497
107559
107561
7581
107663
107755
107742
107744
107789
32828
107801
107760
107930
107757
107833
107834
107923
107932
111793
111800
111807
111809
111813
111817
111862
113676
111893
111925
111979
111986
111988
111995
111982
112004
112003
112000
33620
33801
112330
113189
113143
113179
113185
113433
113130
113144
112951
113156
113301
113294
113303
113315
103495
113327
113480
113485
113484
113487
103621
113262
103622
103630
103606
113277
113278
109252
113207
113273
113274
113531
113535
113523
113525
113528
113534
105308
105318
105322
105354
105329
105331
105337
105410
103471
105407
103468
103477
35359
103661
103641
103654
39902
40082
40083
40080
40089
40095
39899
40000
40109
40075
105150
105157
105149
105240
105170
105199
103759
105229
105468
105475
105471
103668
103670
103685
103682
105472
103755
105465
40003
40005
39976
39991
40027
40029
40043
40046
40168
40174
40175
41269
41284
41285
41288
41318
41322
41247
41251
41321
41325
29024
29031
29033
29028
29035
29017
52971
53266
53276
53277
53281
53284
53274
55082
55086
55087
55105
55259
55261
55273
55280
55331
55334
55339
55354
54408
53439
53419
53446
53568
53569
49434
49507
49509
49504
49432
49382
49429
49424
49475
49500
49502
49278
49253
49261
49484
49570
53786
53753
54768
144423
144424
144430
144370
144361
144362
144350
144229
144340
142422
142421
142430
142427
142431
144433
144439
144443
144445
144576
144585
144588
196685
195580
195581
196343
196346
196357
196367
196406
196421
196420
140140
141475
141487
141499
141498
151894
146581
151959
151974
145410
151284
141476
141477
141474
189836
189839
189878
143900
140000
139838
139839
143899
139843
139849
140005
140006
140012
140212
140216
140164
140115
140136
140138
189982
190008
190057
190063
190058
186891
190051
190053
190054
142349
142362
142360
142359
142390
141441
142405
142389
142183
142229
142236
142352
142351
141507
141510
151867
151902
149273
151937
149783
151671
151869
141525
151829
141674
142249
141820
141834
142246
141672
141678
141787
141790
142180
142258
55942
55975
55977
56064
56077
56088
56191
56196
56222
56258
56254
56284
56294
190542
190554
190548
196672
196673
196675
196904
196907
196911
204082
204291
204298
204335
204337
204339
204342
204379
204390
204402
204403
207202
207204
207203
207213
197331
207648
207651
207654
207234
207238
207233
207246
207263
207260
207264
207265
207266
207664
196875
196889
196839
196927
145437
145967
145973
145997
146000
142363
143288
151349
151356
151351
151316
151322
151323
151320
151327
151332
151326
203993
204000
204060
204057
204063
204086
204089
204092
204096
203591
203595
203649
203604
203614
203650
203655
203725
203742
203750
203970
203971
207457
207951
207456
207542
207543
207531
198888
207445
207460
207454
207459
207534
207533
207468
207472
207487
207488
207494
207582
207916
207955
207976
207974
207981
208045
208046
208056
208362
208267
208275
208285
208367
198881
208383
198883
208330
208343
210580
210566
210575
208344
208357
210572
210586
210587
210647
210661
210653
210679
178668
178803
178868
178741
178754
178796
178737
177536
177555
180309
163644
163672
163659
166334
166336
166351
166331
184959
185058
185053
185055
185051
166248
166282
166587
166284
166289
166294
163699
166285
166322
166321
166320
166325
166343
166829
166219
166246
166249
180769
180771
180786
180507
180532
182412
182435
182446
182235
182009
182436
182476
182487
169197
185245
173747
173748
173756
173613
174140
176271
152191
152204
152206
174222
174258
176333
176366
176332
176311
176313
176327
185036
185081
185103
185101
185105
176276
176277
174986
173959
173802
173822
173894
173799
173792
175068
175082
174522
174622
174640
174588
174696
174701
175222
174709
175274
175273
174727
174736
174723
175232
175242
175564
175569
175568
175571
175415
175560
175401
175405
175400
175423
175417
175586
175706
175720
175763
175505
175509
175517
175525
175518
175523
175632
175634
175696
175527
174426
174437
174451
174501
174523
176299
174317
174321
174318
174253
174300
210664
210825
210829
210843
210844
210863
210864
210906
210917
