1906
64555 64554 1822
64565 64564 1225
64571 70079 888
64571 70079 888
64573 64572 1301
64573 64574 752
64581 64576 792
64583 64768 2407
64583 64779 796
70800 70786 761
70800 70805 3854
70784 70785 1445
70786 70800 761
70786 70806 1889
70808 70806 1206
70808 70807 1048
64777 64776 1310
64777 64780 2680
64662 64659 830
64662 64663 949
64666 64667 1117
64726 64725 337
77075 64794 909
77075 77080 588
64759 64750 603
64759 79084 1017
64765 64758 1213
64765 64763 1566
64808 70846 1164
64709 64704 1397
64709 64710 809
64711 63509 712
64711 64710 848
64813 64237 829
64813 64812 1254
64241 64163 1923
64824 64825 2647
64823 64832 3588
70848 70849 1650
70848 70850 1192
74404 74348 374
74404 74407 477
74835 74837 279
74842 74890 419
74887 74890 1964
74895 74891 3047
74895 74899 885
74895 74900 202
74896 74897 277
74808 74807 984
74808 74809 1535
74815 74809 831
74815 74816 650
74821 74818 754
74821 74819 848
74825 74822 1358
74825 74837 337
74807 74806 809
74807 74808 984
74362 74351 452
74362 74366 3456
74079 74074 785
74079 74078 1175
74079 74080 729
74081 74082 595
74081 74085 1083
74069 74070 129
74069 74073 603
74076 74077 412
74076 74077 412
79068 74070 496
79068 79069 213
74156 74150 561
74158 74159 356
74158 74163 691
74469 74248 478
74469 74507 451
74510 74507 3092
74510 74514 740
74510 74517 2340
74443 74440 1301
74443 74447 793
74449 74450 754
74449 74451 885
74438 74437 848
74438 74440 752
74434 74437 238
74435 74418 475
74940 74702 1352
74940 74944 374
74943 74949 793
74943 74956 238
74952 74957 809
74952 74958 955
74952 74959 848
74956 74943 238
74956 74957 1117
74517 74510 2340
74517 74529 559
74519 74512 2340
74519 74521 337
74519 74530 613
74655 74543 406
57741 57742 591
57741 57756 729
57770 57771 3598
57770 57779 314
75092 75093 335
75130 75131 12559
75130 75132 15726
75038 75024 632
75038 77300 464
77305 77316 147
77305 78744 1335
74713 74716 1561
74713 74717 1083
74714 74757 300
74606 74603 3598
74660 74661 1615
74665 74661 1447
74665 74674 592
74671 74672 838
74671 74673 2037
170999 170995 759
170999 170998 1556
170999 171000 1669
171003 170998 759
171013 171000 675
171013 171015 1675
171019 171015 675
171019 171022 253
171022 171019 253
171022 171743 1121
171751 171755 1048
171753 171754 893
171753 171811 2025
171811 171753 2025
171811 171814 1004
171811 171823 2534
171822 171823 666
171822 171875 2365
171874 171875 893
171874 171885 2447
171884 171885 778
171884 171923 2447
171922 171907 591
171922 171923 778
171907 171906 3446
171907 171908 338
171907 171922 591
170985 170986 753
170985 170998 2007
95855 95859 1918
96180 96194 3177
96203 96204 1268
96203 103174 610
96282 96283 2280
96295 96294 1066
96295 96296 1700
96296 96295 1700
96296 96298 1014
96300 96301 2754
96300 96815 1161
96617 96619 2559
97033 97036 336
96506 96507 1703
96506 96529 1643
100119 100114 1946
100119 100120 623
100227 100228 1831
100229 100228 3310
100229 100272 3563
100274 100127 884
95824 95825 226
95824 95826 807
100287 100285 664
95868 95867 60
99793 99794 1614
99793 99797 1114
99801 99802 1619
99801 99803 1004
99807 99808 373
100384 100381 640
100384 102475 1192
100385 100380 879
100403 102304 518
102472 100407 506
102472 102473 2655
100482 102726 1715
96529 96506 1643
96529 96530 1479
99314 99325 537
97040 97036 2480
97040 97041 951
99316 99321 1079
99324 99321 2335
99324 99323 2706
99607 99598 855
99607 99600 924
97086 97083 256
97086 97087 757
97088 97087 354
97088 97089 1115
97089 97088 1115
97089 97091 1085
97090 97093 2460
97090 97169 6158
97179 97169 1140
97179 99582 3328
97186 97187 2772
97186 99563 751
97187 97186 2772
97187 99581 476
99565 99567 1223
99579 99577 1004
99579 99588 1281
99588 99579 1281
99588 99580 1188
99600 99599 1502
99600 99607 924
97169 97090 6158
97169 97179 1140
97169 97180 1209
99584 99582 1418
99584 99585 893
99635 99629 677
99635 99636 5837
99783 99784 2578
99783 99788 2130
102798 102797 3448
94593 94592 1055
94593 94594 2287
102315 94592 1448
102315 94594 2743
99826 99811 3047
99826 99828 6434
99826 99831 1483
99826 99832 1086
99826 99834 2448
99835 99832 878
99835 99837 2491
99844 99843 5290
99844 99851 2674
100424 100425 273
100424 100426 354
100429 100428 3025
100429 100432 697
100526 100527 3331
100402 100399 581
100464 100461 199
102311 99571 468
102311 102312 1136
101466 101465 1048
101466 101467 962
101466 101470 1023
101591 101491 1282
101591 101494 2322
101493 101492 828
101493 101542 2104
101494 101487 807
101494 101492 3206
101494 101591 2322
101599 101600 1027
101601 101600 1221
101601 101602 1299
102477 102480 791
101859 101860 2073
101544 101542 1428
101544 101545 1396
101555 101550 697
91983 102116 1771
91992 91994 104
101380 92351 386
101380 101722 378
92288 92287 297
92288 92293 973
101373 101358 8214
101373 101371 1641
101375 101376 1010
92023 91984 137
92023 92026 669
101560 101526 2283
101658 101376 4433
91973 91985 226
103022 103023 24
92348 92019 685
101381 91964 54
92093 92079 464
92093 92110 1183
92113 92114 226
92113 92120 387
101557 101524 1746
101557 101528 1121
101557 101558 928
101559 101558 984
101559 101565 1221
117942 117941 1613
117942 117944 537
118014 117941 3871
118100 118099 928
118100 118101 1395
117694 117693 475
117843 117842 422
117811 117641 1180
117811 117809 4375
117866 117865 710
117866 117868 1686
122110 122109 778
122110 122114 1521
122121 122054 1422
121753 121750 2007
121753 121754 872
121758 121750 843
121758 121757 1810
121769 121771 1258
121777 121778 511
121777 121779 2757
117927 117928 951
122176 132334 1395
122013 121993 940
122013 122014 606
132507 129995 592
132507 132514 1578
122014 122013 606
122014 122019 3536
122226 122225 1949
122226 122227 1010
122230 122228 1210
122230 122231 1248
122244 122243 789
122009 121999 444
122009 126985 232
122001 122002 2969
122001 122005 810
122001 122006 1411
122064 122000 1531
122064 122065 1145
121991 121985 905
122055 122054 3713
122055 122056 893
132574 132575 112
132574 132576 125
121816 121814 1675
121816 121817 1905
121816 121849 2456
121852 121851 3203
121852 121859 1117
122267 122269 610
122351 122350 344
122351 122352 752
122392 121893 893
122392 122350 1783
122394 122399 222
121868 121836 1576
121868 121869 1352
121871 121845 1611
121871 121870 778
121871 121872 4341
121872 121857 1104
121872 121871 4341
121899 121892 1825
121899 121897 688
122542 122543 811
124221 124116 2036
124221 124222 2285
124223 124222 928
124223 124235 374
122539 122540 673
118015 118006 1010
118015 118016 2089
118103 118104 2036
118103 118105 874
117918 117917 1270
117918 118026 851
118036 118039 355
118036 118059 1726
118008 118009 1897
118008 118010 3734
118058 118124 12589
118081 118082 2182
118081 118083 538
122573 122543 928
122575 122543 1748
122575 122545 890
122575 122578 1347
122577 122590 837
124285 122590 1820
124285 124283 890
123406 123405 1537
123406 124411 1395
123434 123435 2371
123434 123436 1478
123551 123545 1748
123551 124581 1953
124583 124581 1210
124464 124460 837
124464 124466 1903
124580 124579 337
124580 124581 279
124470 124468 2274
124470 124469 811
124488 124468 1561
124472 124435 697
124472 124454 2586
124472 124473 1467
124478 124473 477
124478 124479 1023
124483 124454 1018
124483 124484 1183
124490 124480 1081
124490 124491 1534
124604 124491 1262
124604 124606 684
124606 124554 2005
124606 124604 684
124610 124617 874
124610 124679 1764
124618 124617 1303
124721 124709 419
124721 124710 698
120228 120229 2437
120228 120230 1395
120238 120233 2923
120238 120257 2091
124762 120181 3394
124762 120420 2042
124709 124707 1818
124709 124721 419
124712 124691 2322
120291 120246 2740
120291 120292 954
76476 67040 2034
76476 77011 1330
77019 77017 1384
67165 67161 729
67165 67166 1227
67164 67161 765
66847 66844 1686
66848 66835 1019
66838 66839 856
66837 66836 1582
66837 66836 1582
67022 67023 1114
67022 67025 506
60577 60575 1484
60577 60596 2692
60596 60571 1536
60596 60577 2692
60581 60579 3088
60589 60580 711
60589 60593 1454
60590 60594 768
60590 60595 2590
66870 60595 1391
66870 66884 581
66902 66903 672
66902 66904 1454
66907 66904 1936
66907 66909 955
67171 67166 285
77712 77713 801
77712 77714 1070
70866 70731 2990
70866 70865 1162
70866 70868 848
70913 70880 2704
70883 70881 885
70886 70867 955
70888 70885 1346
67318 66933 1773
67318 67330 2111
67318 67332 768
67332 67318 768
67332 67335 475
67336 67335 2280
67336 67340 1675
67377 67340 760
67376 78956 373
70862 70857 1103
70862 70863 672
70870 70871 452
70874 70865 2207
70874 70873 1124
70735 70698 277
70735 70737 685
70762 70755 832
70737 70735 685
70737 70739 1111
76632 70742 808
64467 64466 9492
64554 64508 337
64554 64555 1822
64564 64562 452
64564 64565 1225
70079 64509 993
70079 64571 888
70079 64571 888
64572 64573 1301
64572 64633 2963
64572 64768 2061
64574 64573 752
64574 64576 1605
64574 64576 1605
64576 64574 1605
64576 64574 1605
64576 64581 792
64768 64572 2061
64768 64583 2407
64768 64767 830
64779 64583 796
64779 64771 2715
64779 64781 789
70805 70800 3854
70805 70809 830
70805 70810 2055
70785 70784 1445
70806 70786 1889
70806 70807 1504
70806 70808 1206
70807 70806 1504
70807 70808 1048
70807 70810 1504
64776 64661 338
64776 64775 688
64776 64777 1310
64780 64773 1386
64780 64777 2680
64780 77065 723
64659 64658 984
64659 64662 830
64659 64664 1521
64663 64662 949
64667 64666 1117
64725 64726 337
64725 64728 356
64725 64729 667
64794 64743 3144
64794 77075 909
64794 77076 540
77080 77075 588
77080 77076 1002
77080 77081 696
64750 64749 1117
64750 64752 830
64750 64758 1612
64750 64759 603
79084 64759 1017
64758 64750 1612
64758 64753 712
64758 64763 1064
64758 64765 1213
64763 64758 1064
64763 64765 1566
64763 77078 407
70846 64808 1164
64704 64702 2029
64704 64708 1059
64704 64709 1397
64704 64713 1699
64710 63506 792
64710 64709 809
64710 64711 848
63509 63506 885
63509 63507 1268
63509 64711 712
63509 64812 818
64237 64234 2196
64237 64238 718
64237 64813 829
64812 63509 818
64812 64232 1606
64812 64813 1254
64163 64164 8477
64163 64241 1923
64825 64824 2647
64832 64823 3588
64832 64830 3440
64832 64833 1872
64832 73146 6439
70849 70848 1650
70849 70854 957
70849 70855 617
70850 70848 1192
70850 70851 2072
70850 70852 700
74348 74349 1259
74348 74404 374
74348 74408 632
74407 73348 581
74407 74404 477
74407 74409 554
74837 74825 337
74837 74835 279
74837 74838 848
74837 74890 3120
74890 74837 3120
74890 74842 419
74890 74887 1964
74890 74891 789
74891 74838 3249
74891 74890 789
74891 74892 884
74891 74895 3047
74899 74892 3047
74899 74895 885
74899 74903 788
74899 74904 538
74900 74895 202
74897 74896 277
74897 74898 748
74897 74929 2111
74809 74808 1535
74809 74813 140
74809 74815 831
74816 74814 613
74816 74815 650
74816 74818 611
74818 74419 838
74818 74816 611
74818 74819 558
74818 74821 754
74819 74818 558
74819 74821 848
74819 74822 337
74819 74823 789
74822 74819 337
74822 74823 809
74822 74824 847
74822 74825 1358
74806 74410 405
74806 74416 2342
74806 74807 809
74351 74352 1896
74351 74358 818
74351 74362 452
74366 74362 3456
74074 74075 560
74074 74078 586
74074 74079 785
74078 74074 586
74078 74077 238
74078 74079 1175
74080 74079 729
74082 74081 595
74085 74081 1083
74070 74064 834
74070 74069 129
74070 79068 496
74073 74069 603
74077 74076 412
74077 74076 412
74077 74078 238
79069 79068 213
74150 74112 420
74150 74151 481
74150 74152 417
74150 74156 561
74159 74153 476
74159 74158 356
74159 74164 697
74163 74158 691
74248 74245 1897
74248 74468 1224
74248 74469 478
74507 74469 451
74507 74509 1576
74507 74510 3092
74514 74509 1701
74514 74510 740
74514 74512 950
74514 74520 2007
74440 74438 752
74440 74443 1301
74440 74448 674
74447 74443 793
74447 74448 984
74447 74854 447
74447 74855 881
74450 74449 754
74450 74702 411
74450 74857 419
74451 74449 885
74451 74854 577
74437 74434 238
74437 74438 848
74437 74439 698
74437 74843 885
74418 74412 1857
74418 74417 674
74418 74435 475
74418 74436 1083
74702 74450 411
74702 74703 765
74702 74940 1352
74944 74858 558
74944 74940 374
74944 74945 2090
74949 74943 793
74949 74945 713
74949 74950 1162
74957 74950 679
74957 74952 809
74957 74956 1117
74958 74952 955
74958 74960 611
74959 74952 848
74959 74960 956
74959 74961 523
74959 74977 754
74529 74517 559
74529 74520 554
74529 74530 554
74512 74474 674
74512 74476 1644
74512 74514 950
74512 74519 2340
74521 74518 475
74521 74519 337
74521 74540 2518
74530 74519 613
74530 74520 445
74530 74529 554
74543 74541 688
74543 74544 1264
74543 74655 406
57742 57741 591
57756 57741 729
57771 57770 3598
57779 57770 314
57779 57800 165
57779 57860 610
75093 75074 478
75093 75092 335
75093 75094 1357
75131 75130 12559
75131 76014 2841
75131 76110 4039
75132 75130 15726
75132 76104 1004
75132 76110 1189
75132 76115 5394
75024 75023 607
75024 75025 3620
75024 75038 632
77300 75038 464
77300 77297 611
77316 77305 147
77316 77317 2938
77316 77318 701
77316 78289 1721
78744 77305 1335
74716 74713 1561
74716 74724 685
74717 74713 1083
74757 74714 300
74757 74758 667
74603 74579 10823
74603 74598 337
74603 74604 809
74603 74606 3598
74661 74660 1615
74661 74665 1447
74661 74732 740
74674 74665 592
74674 74673 507
74672 74671 838
74672 74678 1720
74672 74679 950
74673 74671 2037
74673 74674 507
74673 74675 445
170995 170987 1669
170995 170992 1565
170995 170994 684
170995 170999 759
170998 170985 2007
170998 170987 684
170998 170999 1556
170998 171003 759
171000 170992 851
171000 170997 1124
171000 170999 1669
171000 171013 675
171015 171013 1675
171015 171016 338
171015 171019 675
171743 171016 1256
171743 171022 1121
171743 171742 374
171755 171748 733
171755 171751 1048
171754 171745 2450
171754 171753 893
171754 171782 1000
171754 171814 2197
171814 171754 2197
171814 171811 1004
171814 171815 1000
171814 171824 2450
171823 171811 2534
171823 171822 666
171823 171824 1000
171823 171876 2363
171875 171822 2365
171875 171874 893
171875 171876 778
171875 171886 2447
171885 171874 2447
171885 171884 778
171885 171886 893
171885 171924 2532
171923 171884 2447
171923 171922 778
171923 171924 782
171906 171904 518
171906 171907 3446
171906 171928 518
171908 171905 169
171908 171907 338
170986 170983 791
170986 170985 753
170986 170987 1565
95859 95855 1918
95859 95860 2371
95859 95861 2013
96194 96180 3177
96194 96205 344
96204 96203 1268
103174 96203 610
96283 96282 2280
96283 96285 475
96294 96285 2505
96294 96295 1066
96298 96296 1014
96298 96299 757
96298 96301 1859
96301 96298 1859
96301 96300 2754
96815 96300 1161
96815 96780 1063
96815 96817 672
96619 96617 2559
97036 97033 336
97036 97035 336
97036 97040 2480
96507 96506 1703
100114 100115 1063
100114 100118 1636
100114 100119 1946
100120 100118 440
100120 100119 623
100120 103246 1318
100228 100227 1831
100228 100229 3310
100272 100229 3563
100127 100128 1210
100127 100273 344
100127 100274 884
95825 95824 226
95826 95824 807
100285 97337 1532
100285 100276 2952
100285 100287 664
95867 95868 60
95867 100112 502
99794 99793 1614
99797 99793 1114
99797 102302 1447
99802 99801 1619
99803 99801 1004
99803 103091 1329
99808 99807 373
99808 100386 2062
99808 100387 697
100381 100380 1946
100381 100384 640
102475 100384 1192
100380 100381 1946
100380 100385 879
100380 100400 1274
102304 100403 518
102304 100407 190
100407 100408 1537
100407 102304 190
100407 102472 506
102473 102305 1542
102473 102472 2655
102473 102474 142
102726 100482 1715
96530 96529 1479
99325 99314 537
99325 99323 1029
99325 99326 827
97041 97039 1141
97041 97040 951
99321 99316 1079
99321 99323 951
99321 99324 2335
99323 99321 951
99323 99324 2706
99323 99325 1029
99598 99597 1271
99598 99607 855
99598 103030 456
97083 97082 165
97083 97086 256
97083 102487 865
97087 97086 757
97087 97088 354
97091 97084 562
97091 97089 1085
97091 97093 1209
97093 97090 2460
97093 97091 1209
97093 102633 930
97093 103100 1022
99582 97179 3328
99582 99583 1631
99582 99584 1418
99563 97186 751
99581 97187 476
99567 99565 1223
99567 99568 1581
99567 99576 1948
99577 99576 1293
99577 99579 1004
99577 99580 1770
99580 99577 1770
99580 99588 1188
99580 99599 924
99599 99578 827
99599 99580 924
99599 99600 1502
97180 97169 1209
97180 97181 878
97180 97182 6601
99585 99584 893
99629 99630 418
99629 99635 677
99636 99622 5826
99636 99635 5837
99636 102258 1635
99636 102377 2583
99784 99783 2578
99784 99785 1781
99784 99789 4887
99788 99783 2130
99788 99809 354
102797 102796 8416
102797 102798 3448
94592 94593 1055
94592 94594 2161
94592 102315 1448
94594 94592 2161
94594 94593 2287
94594 102315 2743
99811 99809 3910
99811 99825 1891
99811 99826 3047
99828 99826 6434
99831 99826 1483
99831 99830 2900
99832 99826 1086
99832 99835 878
99832 99842 2737
99834 99826 2448
99837 99835 2491
99837 99842 403
99837 99850 713
99843 99820 713
99843 99844 5290
99843 99845 1259
99851 99844 2674
99851 100428 149
99851 101958 628
100425 100424 273
100425 102328 703
100426 100424 354
100428 99851 149
100428 99857 1066
100428 100429 3025
100432 100429 697
100432 100431 827
100432 100436 1357
100527 100526 3331
100527 100530 418
100527 100569 333
100399 100397 1293
100399 100401 1555
100399 100402 581
100461 100462 2235
100461 100464 199
99571 99572 323
99571 99574 364
99571 102311 468
102312 102311 1136
101465 100568 276
101465 101466 1048
101467 101466 962
101467 101469 578
101470 101466 1023
101470 101577 1037
101491 101487 1873
101491 101489 952
101491 101581 1121
101491 101591 1282
101492 101493 828
101492 101494 3206
101492 101535 2139
101542 101493 2104
101542 101535 630
101542 101536 747
101542 101544 1428
101487 101485 1027
101487 101491 1873
101487 101494 807
101600 101599 1027
101600 101601 1221
101600 101605 476
101602 101601 1299
102480 101623 550
102480 102477 791
101860 101859 2073
101545 101544 1396
101550 101548 940
101550 101552 1458
101550 101555 697
102116 91967 376
102116 91983 1771
102116 103019 449
91994 91992 104
92351 91963 935
92351 101380 386
92351 101737 351
101722 101380 378
101722 101737 142
92287 92221 316
92287 92288 297
92293 92288 973
101358 101359 21688
101358 101360 1188
101358 101373 8214
101371 101370 336
101371 101372 4775
101371 101373 1641
101376 101375 1010
101376 101651 2595
101376 101658 4433
91984 91985 161
91984 92023 137
92026 92023 669
92026 92031 613
92026 92051 430
101526 101525 1629
101526 101528 928
101526 101560 2283
91985 91973 226
91985 91984 161
103023 92051 7
103023 103022 24
92019 91995 579
92019 92348 685
91964 91963 359
91964 91996 744
91964 101381 54
92079 92031 331
92079 92093 464
92110 92093 1183
92114 92113 226
92114 92130 252
92120 92113 387
92120 92131 506
101524 101522 1086
101524 101527 1396
101524 101557 1746
101528 101526 928
101528 101527 1757
101528 101557 1121
101558 101557 928
101558 101559 984
101558 101563 1396
101565 101559 1221
101565 101563 879
101565 101566 552
117941 117942 1613
117941 118005 3964
117941 118014 3871
117944 117942 537
118099 118100 928
118101 118100 1395
117693 117677 1785
117693 117694 475
117842 117841 1856
117842 117843 422
117641 117638 1926
117641 117811 1180
117641 118382 1419
117809 117806 3626
117809 117810 1305
117809 117811 4375
117865 117861 675
117865 117866 710
117865 117867 778
117868 117861 2157
117868 117866 1686
117868 117887 1114
122109 122108 667
122109 122110 778
122109 122113 1689
122114 122110 1521
122054 122055 3713
122054 122121 1422
122054 122139 1276
121750 121747 1515
121750 121753 2007
121750 121758 843
121754 121753 872
121754 121755 122
121754 121756 3419
121757 121758 1810
121771 117695 1010
121771 117696 2780
121771 121769 1258
121771 121781 1314
121778 121777 511
121778 121780 1906
121779 121777 2757
121779 121781 2246
121779 121782 924
117928 117702 2934
117928 117927 951
132334 122176 1395
121993 101421 4229
121993 122013 940
121993 122016 2034
129995 129996 237
129995 129996 237
129995 132507 592
132514 132507 1578
132514 132513 1185
132514 132515 453
122019 122014 3536
122019 122018 738
122019 122223 1880
122225 122223 1085
122225 122226 1949
122225 122237 1758
122227 122226 1010
122227 122228 581
122227 122231 1353
122228 122227 581
122228 122229 1865
122228 122230 1210
122231 122227 1353
122231 122230 1248
122231 122241 1419
122243 122242 374
122243 122244 789
121999 121996 1211
121999 122000 6509
121999 122009 444
126985 122009 232
126985 126986 486
122002 122001 2969
122005 122001 810
122006 122001 1411
122000 121999 6509
122000 122050 2532
122000 122064 1531
122065 122064 1145
121985 121981 3144
121985 121991 905
121985 122051 2623
122056 122055 893
132575 132574 112
132576 132574 125
121814 121815 1422
121814 121816 1675
121814 121848 1905
121817 121808 2624
121817 121816 1905
121849 121816 2456
121849 121848 1594
121849 121851 276
121851 121849 276
121851 121852 3203
121851 121854 828
121859 121852 1117
121859 121860 452
121859 121862 2476
122269 122267 610
122350 121861 796
122350 122351 344
122350 122392 1783
122352 122351 752
121893 121861 1883
121893 121892 562
121893 121897 1553
121893 122392 893
122399 122394 222
121836 121833 2532
121836 121867 355
121836 121868 1576
121869 121838 674
121869 121868 1352
121869 121870 1014
121845 121844 452
121845 121846 202
121845 121871 1611
121870 121843 1436
121870 121869 1014
121870 121871 778
121857 121856 505
121857 121858 1124
121857 121872 1104
121892 121865 933
121892 121891 893
121892 121893 562
121892 121899 1825
121897 121893 1553
121897 121899 688
122543 122542 811
122543 122544 837
122543 122573 928
122543 122575 1748
124116 124114 747
124116 124117 1679
124116 124221 2036
124222 124221 2285
124222 124223 928
124222 124224 811
124222 124226 940
124235 122540 1308
124235 124223 374
124235 124236 1561
122540 122539 673
122540 122544 1503
122540 124235 1308
122540 124237 1621
118006 118004 2371
118006 118005 3775
118006 118015 1010
118016 118015 2089
118104 118103 2036
118104 118111 1334
118104 118120 1576
118105 118103 874
117917 117918 1270
118026 117918 851
118039 118036 355
118039 118040 355
118059 118036 1726
118009 117916 4212
118009 118007 606
118009 118008 1897
118010 118008 3734
118124 118058 12589
118124 118125 3504
118082 118081 2182
118083 118081 538
118083 118084 474
122545 122544 1683
122545 122575 890
122545 124237 1561
122545 124278 1748
122578 122575 1347
122590 122577 837
122590 124278 837
122590 124285 1820
124283 124278 1759
124283 124282 1642
124283 124285 890
124283 124286 739
123405 123406 1537
123405 124399 2232
123405 124410 606
123405 124411 811
124411 123405 811
124411 123406 1395
124411 123435 874
124411 124402 2144
123435 123434 2371
123435 124411 874
123435 124412 1920
123436 123434 1478
123436 123443 1781
123436 124441 1030
123436 124442 1030
123545 123543 890
123545 123550 2092
123545 123551 1748
123545 123562 2234
124581 123551 1953
124581 124580 279
124581 124583 1210
124460 124459 355
124460 124464 837
124460 124465 2134
124466 124453 1813
124466 124464 1903
124466 124465 739
124579 124580 337
124468 124456 1537
124468 124470 2274
124468 124488 1561
124469 124456 2702
124469 124470 811
124469 132479 111
124435 124432 2357
124435 124433 1953
124435 124472 697
124454 124455 1014
124454 124471 1270
124454 124472 2586
124454 124483 1018
124473 124437 537
124473 124472 1467
124473 124478 477
124479 124478 1023
124484 124483 1183
124480 124475 941
124480 124481 1748
124480 124482 1484
124480 124490 1081
124491 124482 829
124491 124490 1534
124491 124604 1262
124554 124553 355
124554 124555 474
124554 124606 2005
124617 124610 874
124617 124618 1303
124617 124681 1726
124679 124555 601
124679 124610 1764
124679 124680 202
124710 124702 2174
124710 124721 698
120229 120228 2437
120230 120228 1395
120233 120238 2923
120257 120238 2091
120181 124762 3394
120420 124762 2042
124707 124702 1030
124707 124709 1818
124691 124712 2322
120246 120291 2740
120292 120291 954
67040 76476 2034
77011 76476 1330
77017 77019 1384
67161 67164 765
67161 67165 729
67166 67165 1227
67166 67171 285
66844 66835 506
66844 66847 1686
66835 66836 1484
66835 66844 506
66835 66848 1019
66839 66838 856
66836 66835 1484
66836 66837 1582
66836 66837 1582
67023 67022 1114
67025 67022 506
60575 60571 951
60575 60577 1484
60571 60575 951
60571 60596 1536
60579 60580 1426
60579 60581 3088
60580 60579 1426
60580 60589 711
60593 60589 1454
60594 60590 768
60595 60590 2590
60595 66870 1391
66884 66870 581
66903 66902 672
66904 66902 1454
66904 66907 1936
66909 66907 955
77713 77712 801
77714 77712 1070
70731 70866 2990
70865 70866 1162
70865 70874 2207
70868 70866 848
70868 70880 476
70880 70868 476
70880 70881 374
70880 70913 2704
70881 70880 374
70881 70883 885
70867 70885 1023
70867 70886 955
70885 70742 2207
70885 70867 1023
70885 70888 1346
66933 67318 1773
67330 67318 2111
67335 67332 475
67335 67336 2280
67340 67336 1675
67340 67377 760
78956 67376 373
70857 70862 1103
70863 70862 672
70871 70870 452
70871 70873 672
70873 70871 672
70873 70874 1124
70698 70735 277
70755 64562 1556
70755 70762 832
70739 70737 1111
70742 70885 2207
70742 76632 808
64466 64467 9492
64508 64509 650
64508 64554 337
64562 64564 452
64562 70755 1556
64509 64508 650
64509 70079 993
64633 64572 2963
64767 64768 830
64771 64773 2027
64771 64779 2715
64781 64773 587
64781 64779 789
70809 70805 830
70810 70805 2055
70810 70807 1504
64661 64776 338
64775 64776 688
64773 64771 2027
64773 64780 1386
64773 64781 587
77065 64780 723
64658 64659 984
64664 64659 1521
64728 64725 356
64729 64725 667
64743 64794 3144
77076 64794 540
77076 77080 1002
77081 77080 696
64749 64750 1117
64752 64750 830
64752 64753 1531
64753 64752 1531
64753 64758 712
77078 64763 407
64702 64704 2029
64708 64704 1059
64713 64704 1699
63506 63509 885
63506 64710 792
63507 63509 1268
63507 64232 782
64234 64232 782
64234 64237 2196
64238 64237 718
64232 63507 782
64232 64234 782
64232 64812 1606
64164 64163 8477
64830 64832 3440
64833 64832 1872
73146 64832 6439
70854 70849 957
70855 70849 617
70855 70851 1219
70851 70850 2072
70851 70855 1219
70852 70850 700
74349 74348 1259
74408 74348 632
73348 74407 581
74409 74407 554
74409 74410 1011
74838 74824 1689
74838 74837 848
74838 74891 3249
74892 74891 884
74892 74899 3047
74903 74899 788
74904 74899 538
74898 74897 748
74929 74897 2111
74813 74416 789
74813 74809 140
74813 74814 344
74814 74813 344
74814 74816 613
74419 74417 838
74419 74818 838
74823 74436 1322
74823 74819 789
74823 74822 809
74824 74822 847
74824 74838 1689
74410 74409 1011
74410 74806 405
74416 74806 2342
74416 74813 789
74352 74351 1896
74358 74351 818
74075 74074 560
74064 74070 834
74112 74150 420
74151 74150 481
74152 74150 417
74153 74159 476
74164 74159 697
74245 74248 1897
74468 74248 1224
74509 74507 1576
74509 74514 1701
74520 74514 2007
74520 74529 554
74520 74530 445
74448 74440 674
74448 74447 984
74854 74447 447
74854 74451 577
74855 74447 881
74857 74450 419
74439 74437 698
74843 74437 885
74412 74418 1857
74417 74418 674
74417 74419 838
74436 74418 1083
74436 74823 1322
74703 74702 765
74858 74944 558
74945 74944 2090
74945 74949 713
74950 74949 1162
74950 74957 679
74960 74958 611
74960 74959 956
74961 74959 523
74977 74959 754
74474 74512 674
74474 74518 2374
74476 74512 1644
74518 74474 2374
74518 74521 475
74540 74521 2518
74540 74541 1504
74541 74540 1504
74541 74543 688
74544 74543 1264
57800 57779 165
57860 57779 610
75074 75093 478
75094 75093 1357
76014 75131 2841
76110 75131 4039
76110 75132 1189
76104 75132 1004
76115 75132 5394
75023 75024 607
75025 75024 3620
77297 77300 611
77317 77316 2938
77318 77316 701
78289 77316 1721
74724 74716 685
74758 74757 667
74579 74603 10823
74598 74603 337
74604 74603 809
74732 74661 740
74678 74672 1720
74679 74672 950
74675 74673 445
170987 170986 1565
170987 170995 1669
170987 170998 684
170992 170995 1565
170992 170997 1396
170992 171000 851
170994 170995 684
170997 170992 1396
170997 171000 1124
171016 171015 338
171016 171743 1256
171742 171743 374
171748 171745 338
171748 171755 733
171745 171748 338
171745 171754 2450
171782 171754 1000
171782 171815 2197
171815 171782 2197
171815 171814 1000
171824 171814 2450
171824 171823 1000
171876 171823 2363
171876 171875 778
171886 171875 2447
171886 171885 893
171924 171885 2532
171924 171923 782
171904 171905 3557
171904 171906 518
171928 171906 518
171905 171904 3557
171905 171908 169
170983 170986 791
95860 95859 2371
95861 95859 2013
96205 96194 344
96285 96283 475
96285 96294 2505
96299 96298 757
96780 96815 1063
96817 96815 672
97035 97036 336
100115 100114 1063
100118 100114 1636
100118 100120 440
103246 100120 1318
100128 100127 1210
100273 100127 344
97337 100285 1532
100276 100285 2952
100112 95867 502
102302 99797 1447
103091 99803 1329
100386 99808 2062
100387 99808 697
100400 100380 1274
100408 100407 1537
100408 102305 3055
102305 100408 3055
102305 102473 1542
102474 102473 142
99326 99325 827
97039 97041 1141
99597 99568 1715
99597 99578 650
99597 99598 1271
103030 99598 456
97082 97083 165
102487 97083 865
97084 97091 562
102633 97093 930
103100 97093 1022
99583 99582 1631
99568 99567 1581
99568 99597 1715
99576 99567 1948
99576 99577 1293
99576 99578 1686
99578 99576 1686
99578 99597 650
99578 99599 827
97181 97180 878
97182 97180 6601
99630 99629 418
99622 99636 5826
102258 99636 1635
102377 99636 2583
99785 99784 1781
99789 99784 4887
99809 99788 354
99809 99811 3910
102796 102797 8416
99825 99811 1891
99830 99831 2900
99842 99832 2737
99842 99837 403
99850 99837 713
99820 99843 713
99845 99843 1259
101958 99851 628
102328 100425 703
99857 100428 1066
100431 100432 827
100436 100432 1357
100530 100527 418
100530 100569 252
100569 100527 333
100569 100530 252
100397 100399 1293
100401 100399 1555
100462 100461 2235
99572 99571 323
99574 99571 364
100568 101465 276
101469 101467 578
101577 101470 1037
101489 101485 1664
101489 101491 952
101581 101491 1121
101535 101492 2139
101535 101542 630
101536 101542 747
101485 101487 1027
101485 101489 1664
101605 101600 476
101623 102480 550
101548 101550 940
101552 101550 1458
101552 101563 2104
91967 102116 376
103019 102116 449
91963 91964 359
91963 92351 935
101737 92351 351
101737 101722 142
92221 92287 316
101359 101358 21688
101359 101421 949
101360 101358 1188
101370 101371 336
101372 101371 4775
101651 101376 2595
92031 92026 613
92031 92051 792
92031 92079 331
92051 92026 430
92051 92031 792
92051 103023 7
101525 101526 1629
101525 101527 984
91995 91996 413
91995 92019 579
91996 91964 744
91996 91995 413
92130 92114 252
92130 92131 209
92131 92120 506
92131 92130 209
101522 101524 1086
101527 101524 1396
101527 101525 984
101527 101528 1757
101563 101552 2104
101563 101558 1396
101563 101565 879
101566 101565 552
118005 117941 3964
118005 118006 3775
117677 117693 1785
117841 117842 1856
117638 117641 1926
118382 117641 1419
117806 117809 3626
117810 117809 1305
117861 117865 675
117861 117868 2157
117867 117865 778
117887 117868 1114
117887 117916 4250
122108 122109 667
122113 122109 1689
122139 122054 1276
121747 121750 1515
121755 121754 122
121756 121754 3419
117695 121771 1010
117696 121771 2780
121781 121771 1314
121781 121779 2246
121780 121778 1906
121782 121779 924
117702 117928 2934
101421 101359 949
101421 121993 4229
122016 121993 2034
122016 122018 1812
129996 129995 237
129996 129995 237
129996 132513 464
132513 129996 464
132513 132514 1185
132515 132514 453
122018 122016 1812
122018 122019 738
122223 122019 1880
122223 122225 1085
122237 122225 1758
122229 122228 1865
122241 122231 1419
122241 122242 976
122242 122241 976
122242 122243 374
121996 121999 1211
126986 126985 486
122050 122000 2532
121981 121985 3144
122051 121985 2623
121815 121814 1422
121848 121814 1905
121848 121849 1594
121808 121817 2624
121854 121851 828
121854 121856 1941
121860 121859 452
121860 121861 667
121860 121865 850
121862 121858 344
121862 121859 2476
121861 121860 667
121861 121893 1883
121861 122350 796
121833 121836 2532
121867 121836 355
121838 121869 674
121844 121843 1225
121844 121845 452
121846 121845 202
121843 121844 1225
121843 121870 1436
121856 121854 1941
121856 121857 505
121858 121857 1124
121858 121862 344
121865 121860 850
121865 121892 933
121891 121892 893
122544 122540 1503
122544 122543 837
122544 122545 1683
124114 124116 747
124117 124116 1679
124117 124224 1067
124224 124117 1067
124224 124222 811
124226 124222 940
124236 124235 1561
124237 122540 1621
124237 122545 1561
118004 118006 2371
118111 118104 1334
118120 118104 1576
118040 118039 355
117916 117887 4250
117916 118009 4212
118007 118009 606
118125 118124 3504
118084 118083 474
124278 122545 1748
124278 122590 837
124278 124283 1759
124282 124283 1642
124286 124283 739
124399 123405 2232
124399 124402 739
124410 123405 606
124402 124399 739
124402 124411 2144
124412 123435 1920
123443 123436 1781
124441 123436 1030
124442 123436 1030
123543 123545 890
123550 123545 2092
123550 124459 2198
123562 123545 2234
124459 123550 2198
124459 124460 355
124465 124460 2134
124465 124466 739
124453 124455 789
124453 124466 1813
124456 124455 954
124456 124468 1537
124456 124469 2702
132479 124469 111
124432 124435 2357
124432 124471 1785
124433 124435 1953
124433 124437 1211
124455 124453 789
124455 124454 1014
124455 124456 954
124455 124471 1814
124471 124432 1785
124471 124454 1270
124471 124455 1814
124437 124433 1211
124437 124473 537
124437 124475 1283
124475 124437 1283
124475 124480 941
124481 124480 1748
124482 124480 1484
124482 124491 829
124553 124554 355
124555 124554 474
124555 124679 601
124681 124617 1726
124681 124680 538
124680 124679 202
124680 124681 538
124702 124707 1030
124702 124710 2174
572
64555
64565
64571
64573
64581
64583
70800
70784
70786
70808
64777
64662
64666
64726
77075
64759
64765
64808
64709
64711
64813
64241
64824
64823
70848
74404
74835
74842
74887
74895
74896
74808
74815
74821
74825
74807
74362
74079
74081
74069
74076
79068
74156
74158
74469
74510
74443
74449
74438
74434
74435
74940
74943
74952
74956
74517
74519
74655
57741
57770
75092
75130
75038
77305
74713
74714
74606
74660
74665
74671
170999
171003
171013
171019
171022
171751
171753
171811
171822
171874
171884
171922
171907
170985
95855
96180
96203
96282
96295
96296
96300
96617
97033
96506
100119
100227
100229
100274
95824
100287
95868
99793
99801
99807
100384
100385
100403
102472
100482
96529
99314
97040
99316
99324
99607
97086
97088
97089
97090
97179
97186
97187
99565
99579
99588
99600
97169
99584
99635
99783
102798
94593
102315
99826
99835
99844
100424
100429
100526
100402
100464
102311
101466
101591
101493
101494
101599
101601
102477
101859
101544
101555
91983
91992
101380
92288
101373
101375
92023
101560
101658
91973
103022
92348
101381
92093
92113
101557
101559
117942
118014
118100
117694
117843
117811
117866
122110
122121
121753
121758
121769
121777
117927
122176
122013
132507
122014
122226
122230
122244
122009
122001
122064
121991
122055
132574
121816
121852
122267
122351
122392
122394
121868
121871
121872
121899
122542
124221
124223
122539
118015
118103
117918
118036
118008
118058
118081
122573
122575
122577
124285
123406
123434
123551
124583
124464
124580
124470
124488
124472
124478
124483
124490
124604
124606
124610
124618
124721
120228
120238
124762
124709
124712
120291
76476
77019
67165
67164
66847
66848
66838
66837
67022
60577
60596
60581
60589
60590
66870
66902
66907
67171
77712
70866
70913
70883
70886
70888
67318
67332
67336
67377
67376
70862
70870
70874
70735
70762
70737
76632
64467
124710
120230
120233
120181
120420
124707
124691
120246
67040
77011
77017
67161
66844
66839
67023
67025
60575
60571
60579
60580
60593
60595
66884
66904
66909
77713
70731
70865
70868
70881
70867
66933
67330
67335
67340
70857
70863
70871
70873
70698
70755
70742
64466
64508
64562
64633
64767
64771
64781
70809
70810
64661
64775
64658
64664
64728
64729
64743
64749
64752
64753
64702
64708
64713
63506
63507
64234
64238
64232
64164
64830
73146
70854
70855
70851
70852
74349
73348
74409
74838
74892
74903
74904
74898
74929
74814
74419
74824
74410
74416
74358
74064
74112
74153
74164
74245
74468
74509
74448
74854
74855
74857
74439
74843
74412
74417
74436
74858
74945
74950
74961
74474
74476
74518
74540
74541
57800
75074
76014
76110
76104
76115
75023
75025
77297
77317
77318
78289
74724
74758
74579
74598
74604
74732
74678
74679
74675
170987
170992
170994
170997
171016
171748
171745
171782
171815
171824
171876
171886
171924
171904
171928
171905
170983
95860
96205
96285
96780
96817
97035
100115
100118
97337
100112
103091
100386
100387
97039
97082
97084
97181
97182
99630
99622
102377
99785
99789
99809
102796
99825
99830
99842
99820
99845
99857
100431
100436
100530
100569
100397
100401
100462
100568
101469
101577
101489
101581
101535
101536
101485
101623
101548
101552
91967
103019
91963
101737
92221
101359
101360
101370
92031
101525
92130
92131
101522
101566
118005
117677
117841
117638
117806
117861
117887
122108
122139
121747
121755
117695
117696
121781
121782
117702
122016
122018
122223
122237
122241
122242
121996
122050
121981
121815
121848
121808
121854
121862
121861
121833
121867
121838
121844
121846
121843
121856
121858
121865
121891
124114
124117
124224
124237
118004
118040
117916
118007
118125
118084
124278
124282
124286
124399
124402
124412
124441
124442
123543
123550
124459
124465
124453
124432
124433
124437
124481
124482
124553
124555
124681
124680
124702
