1236
127572 127567 1121
127593 127594 301
127479 127469 1121
127479 127477 829
127568 127565 476
127568 127567 276
127556 127555 684
127556 127557 951
127560 127557 2326
127560 129082 713
127601 127600 907
129126 129086 374
129129 129086 752
129131 129132 1055
129143 129132 1010
129143 129135 1906
129143 129145 1030
129178 129171 927
129178 129176 905
129178 129179 1124
129179 129171 1561
129179 129178 1124
129179 129180 650
129185 129182 739
129185 129184 1624
129187 129184 739
129187 129266 1717
129180 129177 752
129180 129179 650
129180 129182 1717
129267 129266 808
129267 129268 1642
129267 129271 673
129366 129271 1674
129366 129416 631
129367 129378 739
129367 129416 1534
129376 129377 739
129376 129378 1674
129401 129377 2371
129381 129377 808
129381 129428 1764
129431 129428 808
129431 129429 1534
129431 129432 677
129432 129430 1624
129432 129431 677
129432 129433 739
121233 121228 885
121233 121230 1066
121233 121234 1121
121224 121220 954
121238 121237 337
121238 121239 422
121238 121246 611
121274 121246 355
121274 121277 2782
121157 121154 722
121163 121162 889
121165 121164 2150
121172 121164 739
121172 121167 337
121175 121174 1822
121276 121270 1894
121556 121553 436
121556 121554 4011
121559 69242 2753
121559 121555 2592
121564 69246 2679
121564 121569 684
70100 70166 792
70161 70099 623
70161 77485 727
70188 70092 1156
70188 70189 66
70087 70085 782
70087 70096 1203
70092 70091 893
70092 70188 1156
70105 70112 684
70105 70113 1612
70110 70111 631
70110 70122 688
70159 70160 553
69095 69096 2595
69812 69810 436
70052 70049 1334
70051 70049 929
70051 70055 675
70055 70051 675
70055 70058 760
70063 70058 1447
70063 70070 929
70073 70070 1344
70073 70076 760
70077 70072 1696
70077 70076 202
69781 69782 852
69781 69794 333
69799 69800 3170
69823 69802 5227
69823 69826 277
70285 69900 1636
70289 69900 404
70289 70288 611
70294 70288 811
70294 70299 581
70299 70294 581
70299 70297 829
70299 70300 1221
70302 70300 631
70302 70306 791
70303 70304 279
70303 70306 848
70303 70307 891
70304 70303 279
70304 70308 753
70316 70308 1531
70316 70318 829
70315 70318 1561
70315 70319 753
70542 70541 436
70546 70540 453
70546 70544 746
70546 70545 100
70551 70545 762
70551 70550 553
70388 70387 778
70388 70390 374
70391 70387 1368
70391 70411 667
70413 70411 1692
70413 70418 556
70418 70413 556
70418 70416 893
70438 70416 538
70438 70440 753
70465 70440 1505
70465 70467 768
70466 70467 1114
70466 70470 986
70470 70466 986
70470 70472 808
70470 70473 1459
70483 70472 713
70483 70484 848
70483 70488 2810
70484 70483 848
70484 70485 2729
70539 70485 796
70539 70538 253
70476 70533 1391
70532 70533 796
70536 70535 1612
70536 70538 2171
76618 76616 982
69842 69839 338
69842 69839 338
69842 121403 2666
69843 77469 781
69843 77470 1448
121419 121407 3439
121419 121408 684
121419 121421 873
69317 69315 898
69317 77476 1390
69865 69308 49
77481 77482 663
69884 71864 545
70069 70067 760
70069 70071 1454
70072 70071 851
70072 70077 1696
70066 70054 483
70066 70067 1997
129433 129432 739
129433 129442 1764
129443 129442 753
129437 129435 650
129437 129445 1395
127551 127552 262
127551 127552 262
129446 129444 404
129477 129441 739
129477 129472 1535
129473 129474 622
129476 129475 1010
129476 129481 558
129483 129465 986
129483 129485 3667
121143 121140 789
121143 121168 977
121169 121168 1256
121169 121196 143
121195 121170 518
121195 121196 808
218197 216116 4425
218197 218196 1371
218204 218205 703
218204 218206 1350
218209 218208 481
218209 218214 2448
218202 218203 4173
218202 220551 2468
219571 219570 497
219571 224091 1180
219224 219225 3615
219224 219233 1332
219238 219087 2308
219238 219236 3045
219082 219083 626
219084 219085 1314
219467 219473 770
219468 219469 688
219443 219454 59
219443 219457 73
219444 219441 351
219444 224098 968
219541 219542 745
219544 219547 816
219544 219616 1002
219441 219444 351
219441 219449 393
219441 219456 1242
219453 224087 720
219453 224092 1270
219449 219441 393
219449 219459 767
219451 219456 842
219451 224092 485
219487 219488 431
219487 219491 887
219492 219491 2410
219492 219527 1195
219492 219529 836
219526 219527 811
219526 219528 2653
219543 219547 934
219543 219548 453
219543 219549 762
224111 219469 422
219471 219474 753
219471 224109 1914
219489 224110 710
218791 218789 963
218791 218800 593
218791 218802 787
218800 218791 593
218800 218803 790
218823 218803 897
222233 219598 2365
222233 222152 1678
222233 222156 711
222152 222154 443
222152 222233 1678
218822 218803 647
218822 218825 662
218822 218831 467
218834 218825 537
218834 218833 808
218834 218838 627
218922 218838 2369
222003 218838 623
222003 221993 1450
222003 222007 584
222114 224064 1008
222118 222117 936
222118 222122 820
222127 222121 281
222127 222128 438
222128 222121 573
222128 222127 438
222128 222185 860
222187 222185 2403
222187 222188 674
222197 222188 1423
222197 222196 547
222182 222218 735
222182 222219 1403
222213 222215 827
222213 222218 1286
222198 222201 2488
222198 222207 475
222199 222214 515
222199 222216 347
222214 222199 515
222214 222215 2091
215317 215310 500
215317 215318 916
215317 215337 1789
215323 215324 1560
215323 215326 732
215335 215334 658
215335 221893 696
222162 222240 291
222155 222154 1008
222155 222163 583
222183 222219 822
222183 222246 536
222243 219600 697
222243 222245 1975
222244 218884 1031
222244 219574 8637
219600 218858 1917
219600 222237 1011
219600 222243 697
224071 219599 153
219611 219612 2952
224095 224092 3504
224095 224094 1212
219552 219547 846
219552 219620 827
219622 219555 1200
219622 219557 963
218789 218791 963
218789 218792 842
218808 218792 857
218808 218810 623
218809 218810 933
218809 218814 672
218812 218814 1271
218812 218815 545
221955 218815 708
221955 221962 1221
221952 221956 726
221953 221956 1363
221953 221959 862
222049 222050 461
222049 222055 1542
222054 222046 885
222054 222055 973
222054 222058 2056
221969 221963 641
221969 221964 603
221969 221972 787
221975 221972 694
221975 222016 2034
221984 222020 534
221984 222021 717
222019 222022 590
222019 222023 1441
221985 222053 718
221985 222060 1733
222561 222560 313
222561 224481 235
222046 222054 885
222046 224066 299
223155 223156 860
223154 223157 765
223154 223325 1278
223324 222056 1893
223324 224466 351
222056 215222 1344
222056 223324 1893
223232 223233 985
223232 223286 3000
223215 223214 2260
223215 223217 924
223215 224122 520
223211 223214 747
223228 223229 961
223228 223233 2432
223228 224888 459
223166 223165 900
223166 223167 718
223166 223168 702
223209 223250 1975
150822 150821 1998
150822 150826 2458
150822 150831 388
150822 151822 1392
150948 150924 220
150948 151093 2586
151093 150948 2586
151093 150953 533
151093 151097 2478
150915 150833 805
150915 150881 1002
150915 150918 517
150916 150881 2423
150916 150923 234
150916 150924 2294
150919 150820 71
149027 149021 1738
149027 149026 1181
149027 149033 2513
149183 149033 3643
149183 149184 2146
149183 149194 1280
149026 149021 1952
149026 149027 1181
149191 149192 659
149191 149193 705
149201 149202 590
149262 149202 1229
149300 149203 784
149300 149301 618
149303 149301 756
149303 149304 399
149321 149330 382
149321 151692 699
151691 151692 368
149344 149343 364
149344 149346 718
149344 151696 679
149349 149346 394
149329 149318 802
149329 149328 2304
149329 149336 1993
149332 149331 1672
149332 149345 1740
149367 149336 604
149403 146991 459
149403 149560 2177
149559 149556 727
149559 149560 2453
149556 149559 727
149556 149561 283
149563 149561 526
149563 149564 247
149575 149564 566
149575 149566 632
149575 149582 680
149574 149245 2650
149574 149584 771
149574 149624 801
149621 149623 743
149621 149624 2612
151675 149584 690
149580 149581 346
149580 149583 517
149622 149623 2663
149622 149626 824
151097 151093 2478
151097 151095 312
150945 143861 365
151085 140323 1632
151124 143862 927
151124 151118 1659
147264 147263 2370
147264 147268 808
147265 147263 899
147265 151203 2487
151136 151134 2467
151136 151203 828
151141 151134 578
151141 151140 272
147270 147268 2401
147270 147271 831
151137 151140 840
147293 147271 2494
147293 147294 776
147297 147294 2359
147297 147296 830
147297 147388 2327
147388 147297 2327
147388 147385 819
147396 147385 2370
147396 147390 831
147470 147390 2672
147470 147472 750
147512 147472 567
147512 147521 356
147530 147528 814
147529 147527 833
147529 147528 2169
147559 147527 2264
147559 147549 743
147562 147549 2415
147562 147571 822
147680 147678 870
147680 147683 2449
147680 147684 792
147872 147871 822
147872 147873 2555
147872 147874 825
147879 147684 815
147879 147871 2483
147882 147874 2401
147884 147874 724
147884 147877 2563
147878 147877 765
147878 147887 870
147878 147888 2194
147891 147887 2629
147890 147887 793
147890 147901 2204
147911 147901 740
147911 147904 725
147911 147912 778
147912 147911 778
147912 147913 985
147918 147907 932
147918 147913 904
147918 147920 860
147927 147928 1090
147927 147929 803
147920 147918 860
147920 147919 1127
147920 147925 714
147929 147927 803
147929 147930 1272
147932 147930 782
147932 147989 944
147967 147970 756
147967 147971 2753
147977 147970 2138
147977 147978 830
147980 147978 336
147980 147983 481
147986 147984 431
147986 148028 609
148983 148046 902
148983 148982 1751
149007 148985 4850
149008 149020 243
205136 205126 846
205136 205137 143
205138 205137 508
205138 205139 1695
205150 205160 1036
205150 205162 622
205150 205163 391
205163 205150 391
205163 209209 283
205164 205162 776
205164 212701 162
205173 205172 148
212703 212702 436
212812 212814 756
212814 212812 756
198766 198765 700
198765 198766 700
171457 171458 791
171458 171457 791
152126 154193 778
154193 152126 778
154186 154255 1686
154255 154186 1686
154488 154496 1606
154492 154493 253
154496 154488 1606
154493 154492 253
159568 159575 1018
159575 159568 1018
159578 159610 2027
159610 159578 2027
159640 159644 767
159644 159640 767
159672 159753 1186
159753 159672 1186
159989 159988 279
159988 159989 279
160020 159995 2407
159995 160020 2407
158776 160022 475
160022 158776 475
160032 160034 3445
160034 160032 3445
195220 213121 2398
213121 195220 2398
213128 213130 1465
213130 213128 1465
213456 213500 1017
213500 213456 1017
213603 213602 1142
213602 213585 1752
213602 213603 1142
213577 213581 593
213581 213577 593
213585 213602 1752
162231 162233 518
162233 162231 518
170721 170722 796
170722 170721 796
95047 95048 87
95048 95047 87
95516 95507 612
95507 95516 612
93495 93494 1197
93494 93495 1197
98588 98577 2283
98566 98578 696
98577 98588 2283
98578 98566 696
50127 50100 1426
50100 50127 1426
42132 42134 1336
42134 42132 1336
40481 40514 1592
40514 40481 1592
44304 44307 2338
44307 44304 2338
44356 44357 2949
44357 44356 2949
44468 44653 1476
44653 44468 1476
44048 44047 1530
44031 44039 476
44039 44031 476
44047 44048 1530
44697 44710 1955
44710 44697 1955
44831 44861 1275
44861 44831 1275
45943 45940 1307
45940 45943 1307
45856 45830 1883
45858 45866 436
45866 45858 436
126653 126659 1080
126659 126653 1080
126757 126755 2042
126755 126757 2042
45830 45856 1883
46074 50575 310
50575 46074 310
46105 46325 4658
46325 46105 4658
127564 127565 1248
127477 127479 829
127561 127571 313
127565 127564 1248
127565 127567 374
127565 127568 476
127571 127561 313
127567 127565 374
127567 127568 276
127567 127572 1121
127594 127593 301
127469 127479 1121
127555 127556 684
127557 127556 951
127557 127560 2326
129082 127560 713
127600 127601 907
129086 129126 374
129086 129129 752
129132 129131 1055
129132 129143 1010
129135 129143 1906
129145 129143 1030
129171 129178 927
129171 129179 1561
129176 129178 905
129182 129180 1717
129182 129185 739
129184 129185 1624
129184 129187 739
129266 129187 1717
129266 129267 808
129177 129180 752
129268 129267 1642
129271 129267 673
129271 129366 1674
129416 129366 631
129416 129367 1534
129378 129367 739
129378 129376 1674
129377 129376 739
129377 129381 808
129377 129401 2371
129428 129381 1764
129428 129431 808
129429 129430 739
129429 129431 1534
129430 129429 739
129430 129432 1624
129430 129442 751
121228 121233 885
121230 121233 1066
121234 121233 1121
121234 121237 419
121220 121224 954
121237 121234 419
121237 121238 337
121239 121238 422
121246 121238 611
121246 121274 355
121277 121274 2782
121154 121157 722
121154 121162 1503
121162 121154 1503
121162 121163 889
121162 121164 84
121164 121162 84
121164 121165 2150
121164 121172 739
121167 121172 337
121167 121174 678
121174 121167 678
121174 121170 276
121174 121175 1822
121270 121276 1894
121553 121556 436
121554 121555 1202
121554 121556 4011
69242 121559 2753
121555 121554 1202
121555 121559 2592
69246 121564 2679
121569 121564 684
70166 70100 792
70099 70161 623
77485 70161 727
70189 70188 66
70085 70087 782
70085 70091 851
70096 70087 1203
70091 70085 851
70091 70092 893
70112 70105 684
70113 70105 1612
70111 70110 631
70122 70110 688
70160 70159 553
69096 69095 2595
69810 69812 436
70049 70051 929
70049 70052 1334
70058 70055 760
70058 70063 1447
70058 70067 844
70070 70063 929
70070 70067 1445
70070 70071 591
70070 70073 1344
70076 70071 1334
70076 70073 760
70076 70077 202
69782 69781 852
69794 69781 333
69800 69799 3170
69802 69823 5227
69826 69823 277
69900 70285 1636
69900 70289 404
70288 70289 611
70288 70294 811
70288 70297 848
70297 70288 848
70297 70299 829
70300 70299 1221
70300 70302 631
70306 70302 791
70306 70303 848
70307 70303 891
70307 70308 611
70308 70304 753
70308 70307 611
70308 70316 1531
70318 70315 1561
70318 70316 829
70319 70315 753
70541 70538 829
70541 70542 436
70540 70485 1473
70540 70546 453
70544 70546 746
70545 70546 100
70545 70551 762
70550 70551 553
70387 70388 778
70387 70391 1368
70390 70388 374
70411 70391 667
70411 70413 1692
70416 70418 893
70416 70438 538
70440 70438 753
70440 70465 1505
70467 70465 768
70467 70466 1114
70472 70470 808
70472 70483 713
70473 70470 1459
70488 70483 2810
70488 70485 818
70485 70484 2729
70485 70488 818
70485 70539 796
70485 70540 1473
70538 70536 2171
70538 70539 253
70538 70541 829
70533 70476 1391
70533 70532 796
70533 70535 684
70535 70533 684
70535 70536 1612
76616 76618 982
69839 69842 338
69839 69842 338
121403 69842 2666
77469 69843 781
77470 69843 1448
121407 121419 3439
121408 121419 684
121421 121419 873
69315 69308 2079
69315 69317 898
77476 69317 1390
69308 69315 2079
69308 69865 49
77482 77481 663
71864 69884 545
70067 70058 844
70067 70066 1997
70067 70069 760
70067 70070 1445
70071 70069 1454
70071 70070 591
70071 70072 851
70071 70076 1334
70054 70066 483
129442 129430 751
129442 129433 1764
129442 129443 753
129435 129437 650
129445 129437 1395
129445 129444 698
127552 127551 262
127552 127551 262
129444 129445 698
129444 129446 404
129441 129477 739
129472 129474 994
129472 129477 1535
129474 129472 994
129474 129473 622
129475 129476 1010
129481 129476 558
129465 129483 986
129485 129483 3667
121140 121143 789
121168 121143 977
121168 121169 1256
121196 121169 143
121196 121195 808
121170 121174 276
121170 121195 518
216116 218197 4425
218196 218197 1371
218205 218204 703
218206 218204 1350
218208 218209 481
218214 218209 2448
218203 218202 4173
220551 218202 2468
219570 219571 497
224091 219571 1180
219225 219224 3615
219233 219224 1332
219087 219083 368
219087 219238 2308
219236 219238 3045
219083 219082 626
219083 219087 368
219085 219084 1314
219473 219467 770
219473 219474 517
219469 219468 688
219469 224111 422
219454 219443 59
219457 219443 73
219457 219542 2264
224098 219444 968
219542 219457 2264
219542 219541 745
219547 219543 934
219547 219544 816
219547 219552 846
219616 219544 1002
219456 219441 1242
219456 219451 842
224087 219453 720
224092 219451 485
224092 219453 1270
224092 224095 3504
219459 219449 767
219488 219487 431
219491 219487 887
219491 219492 2410
219527 219492 1195
219527 219526 811
219529 219492 836
219528 219526 2653
219528 219548 438
219548 219528 438
219548 219543 453
219548 219555 855
219549 219543 762
219549 219555 172
219474 219471 753
219474 219473 517
224109 219471 1914
224109 224110 385
224110 219489 710
224110 224109 385
218802 218791 787
218802 218792 973
218802 218803 611
218803 218800 790
218803 218802 611
218803 218822 647
218803 218823 897
219598 219599 724
219598 222233 2365
219598 222237 623
222156 222154 1190
222156 222163 1169
222156 222233 711
222154 222152 443
222154 222155 1008
222154 222156 1190
218825 218822 662
218825 218834 537
218831 218822 467
218833 218834 808
218838 218834 627
218838 218922 2369
218838 222003 623
221993 222003 1450
222007 222003 584
224064 222114 1008
222117 222118 936
222122 222118 820
222122 222121 23
222121 222122 23
222121 222127 281
222121 222128 573
222185 222128 860
222185 222187 2403
222188 222187 674
222188 222197 1423
222196 222197 547
222218 222182 735
222218 222213 1286
222219 222182 1403
222219 222183 822
222215 222213 827
222215 222214 2091
222201 222198 2488
222201 222216 495
222207 222198 475
222216 222199 347
222216 222201 495
215310 215317 500
215318 215317 916
215337 215317 1789
215324 215323 1560
215326 215323 732
215334 215335 658
221893 215335 696
222240 222162 291
222240 222163 245
222163 222155 583
222163 222156 1169
222163 222240 245
222246 222183 536
222245 218858 750
222245 218884 1149
222245 222243 1975
218884 222244 1031
218884 222245 1149
219574 219612 753
219574 222244 8637
218858 219600 1917
218858 222245 750
222237 219598 623
222237 219600 1011
219599 219598 724
219599 224071 153
219612 219574 753
219612 219611 2952
224094 224095 1212
219620 219552 827
219555 219548 855
219555 219549 172
219555 219622 1200
219557 219622 963
218792 218789 842
218792 218802 973
218792 218808 857
218810 218808 623
218810 218809 933
218814 218809 672
218814 218812 1271
218815 218812 545
218815 221955 708
221962 221955 1221
221956 221952 726
221956 221953 1363
221959 221953 862
221959 221963 886
222050 222049 461
222055 222049 1542
222055 222054 973
222058 222054 2056
221963 221959 886
221963 221969 641
221964 221969 603
221972 221969 787
221972 221975 694
222016 221975 2034
222020 221984 534
222021 221984 717
222021 222053 642
222022 222019 590
222023 222019 1441
222053 221985 718
222053 222021 642
222060 221985 1733
222560 222561 313
224481 222561 235
224066 222046 299
223156 223155 860
223156 223157 752
223157 223154 765
223157 223156 752
223325 215222 1033
223325 223154 1278
224466 223324 351
215222 222056 1344
215222 223325 1033
223233 223228 2432
223233 223232 985
223286 223232 3000
223214 223211 747
223214 223215 2260
223217 223215 924
224122 223215 520
223229 223228 961
224888 223228 459
223165 223166 900
223167 223166 718
223168 223166 702
223250 223209 1975
150821 150820 2269
150821 150822 1998
150821 150826 471
150826 150821 471
150826 150822 2458
150831 150822 388
151822 150822 1392
150924 150916 2294
150924 150948 220
150953 151093 533
150833 150915 805
150881 150915 1002
150881 150916 2423
150918 150820 38
150918 150915 517
150923 150916 234
150820 150821 2269
150820 150918 38
150820 150919 71
149021 149020 1188
149021 149026 1952
149021 149027 1738
149033 149027 2513
149033 149183 3643
149184 149183 2146
149194 149183 1280
149194 149193 289
149192 149191 659
149193 149191 705
149193 149194 289
149202 149201 590
149202 149203 966
149202 149262 1229
149203 149202 966
149203 149300 784
149301 149300 618
149301 149303 756
149304 149303 399
149330 149321 382
149330 149331 701
149330 149343 606
151692 149321 699
151692 149343 385
151692 151691 368
149343 149330 606
149343 149344 364
149343 149345 698
149343 151692 385
149346 149344 718
149346 149345 376
149346 149349 394
151696 149344 679
149318 149329 802
149328 149329 2304
149328 149331 766
149336 149329 1993
149336 149367 604
149331 149328 766
149331 149330 701
149331 149332 1672
149331 149345 478
149345 149331 478
149345 149332 1740
149345 149343 698
149345 149346 376
146991 149403 459
149560 149403 2177
149560 149559 2453
149561 149556 283
149561 149563 526
149564 149563 247
149564 149566 1004
149564 149575 566
149566 149564 1004
149566 149575 632
149566 149582 110
149582 149566 110
149582 149575 680
149582 149583 804
149245 149574 2650
149584 149574 771
149584 149583 800
149584 151675 690
149624 149574 801
149624 149621 2612
149623 149621 743
149623 149622 2663
149581 149580 346
149583 149580 517
149583 149582 804
149583 149584 800
149626 149622 824
151095 151097 312
151095 151118 753
143861 143862 937
143861 150945 365
140323 151085 1632
143862 143861 937
143862 151124 927
151118 151095 753
151118 151124 1659
147263 147264 2370
147263 147265 899
147268 147264 808
147268 147270 2401
151203 147265 2487
151203 151136 828
151134 151136 2467
151134 151140 672
151134 151141 578
151140 151134 672
151140 151137 840
151140 151141 272
147271 147270 831
147271 147293 2494
147294 147293 776
147294 147297 2359
147296 147297 830
147296 147385 2341
147385 147296 2341
147385 147388 819
147385 147396 2370
147390 147396 831
147390 147470 2672
147472 147470 750
147472 147512 567
147521 147512 356
147528 147529 2169
147528 147530 814
147527 147529 833
147527 147559 2264
147549 147559 743
147549 147562 2415
147571 147562 822
147678 147680 870
147683 147680 2449
147684 147680 792
147684 147879 815
147871 147872 822
147871 147879 2483
147873 147872 2555
147874 147872 825
147874 147882 2401
147874 147884 724
147877 147878 765
147877 147884 2563
147887 147878 870
147887 147890 793
147887 147891 2629
147888 147878 2194
147901 147890 2204
147901 147911 740
147904 147911 725
147904 147913 821
147913 147904 821
147913 147912 985
147913 147918 904
147907 147918 932
147907 147919 1070
147928 147925 759
147928 147927 1090
147928 147930 837
147919 147907 1070
147919 147920 1127
147925 147920 714
147925 147928 759
147930 147928 837
147930 147929 1272
147930 147932 782
147989 147932 944
147970 147967 756
147970 147977 2138
147971 147967 2753
147978 147977 830
147978 147980 336
147978 147983 365
147983 147978 365
147983 147980 481
147983 147984 689
147984 147983 689
147984 147986 431
148028 147986 609
148046 148983 902
148982 148983 1751
148985 149007 4850
149020 149008 243
149020 149021 1188
205126 205136 846
205137 205136 143
205137 205138 508
205139 205138 1695
205160 205150 1036
205162 205150 622
205162 205164 776
209209 205163 283
212701 205164 162
205172 205173 148
212702 212703 436
923
127572
127593
127479
127568
127556
127560
127601
129126
129129
129131
129143
129178
129179
129185
129187
129180
129267
129366
129367
129376
129401
129381
129431
129432
121233
121224
121238
121274
121157
121163
121165
121172
121175
121276
121556
121559
121564
70100
70161
70188
70087
70092
70105
70110
70159
69095
69812
70052
70051
70055
70063
70073
70077
69781
69799
69823
70285
70289
70294
70299
70302
70303
70304
70316
70315
70542
70546
70551
70388
70391
70413
70418
70438
70465
70466
70470
70483
70484
70539
70476
70532
70536
76618
69842
69843
121419
69317
69865
77481
69884
70069
70072
70066
129433
129443
129437
127551
129446
129477
129473
129476
129483
121143
121169
121195
218197
218204
218209
218202
219571
219224
219238
219082
219084
219467
219468
219443
219444
219541
219544
219441
219453
219449
219451
219487
219492
219526
219543
224111
219471
219489
218791
218800
218823
222233
222152
218822
218834
218922
222003
222114
222118
222127
222128
222187
222197
222182
222213
222198
222199
222214
215317
215323
215335
222162
222155
222183
222243
222244
219600
224071
219611
224095
219552
219622
218789
218808
218809
218812
221955
221952
221953
222049
222054
221969
221975
221984
222019
221985
222561
222046
223155
223154
223324
222056
223232
223215
223211
223228
223166
223209
150822
150948
151093
150915
150916
150919
149027
149183
149026
149191
149201
149262
149300
149303
149321
151691
149344
149349
149329
149332
149367
149403
149559
149556
149563
149575
149574
149621
151675
149580
149622
151097
150945
151085
151124
147264
147265
151136
151141
147270
151137
147293
147297
147388
147396
147470
147512
147530
147529
147559
147562
147680
147872
147879
147882
147884
147878
147891
147890
147911
147912
147918
147927
147920
147929
147932
147967
147977
147980
147986
148983
149007
149008
205136
205138
205150
205163
205164
205173
212703
196107
212796
212812
212814
212884
212800
150226
150234
150271
150281
150293
150300
198726
198764
198766
198775
198765
205065
205071
205073
205181
205062
170770
170765
171239
171281
171308
170781
171457
171455
162395
171458
171466
171534
171535
168993
152123
152126
154193
154196
154197
162399
162405
154159
154186
154255
154263
154282
154488
154492
154496
154493
154501
154510
154516
154560
155100
159560
159569
159568
159575
159578
159610
159613
159640
159644
159672
159753
159757
159823
159935
159936
159972
159981
159989
159952
159988
160093
160018
160020
159995
160027
158776
160022
160030
160032
160034
159007
159043
160048
159019
160059
161264
160086
161283
195220
213113
213106
213121
213128
213130
213497
213456
213500
213528
213529
213537
213603
213610
195199
213617
213631
213639
213602
213507
213535
213577
213581
213585
213642
213381
213640
213675
213650
213653
213655
213657
213661
162231
162233
169658
170721
170778
170628
170645
170582
170610
170718
170720
170722
170702
170725
170663
94856
94857
94876
94883
94936
94881
95545
95571
95573
94710
94712
101803
95033
95039
95047
95048
95050
95101
95106
95107
95113
95114
95202
95204
95230
95224
95234
95531
95516
95510
95511
95507
94932
41930
49808
49811
50031
50026
50025
102738
102761
97741
97743
97785
102226
93373
93383
93388
102698
93397
93354
93405
102692
93427
93428
93495
93494
93498
101668
94699
94692
98588
93350
93351
98151
98242
98243
98127
98199
98207
98217
98218
98284
98285
98566
98574
98577
98578
191403
191279
191211
191473
191080
191476
50016
50051
50118
50121
50122
50127
50100
50102
50107
109035
109038
109091
42128
42130
42132
42134
42190
42157
42152
42156
42178
35528
35546
50176
43944
43945
44136
44299
40481
40514
44102
44103
44111
44107
43950
44288
44304
44307
44314
44316
44325
44337
44364
44560
44356
44357
44418
44443
44447
44456
44467
44468
44653
44657
44659
44680
44690
44048
44019
44031
44039
44047
44095
46272
44086
44094
35648
44697
44714
44710
44702
44846
35905
35907
35932
44818
44831
44814
44812
41375
44861
44854
44852
44792
45943
45964
45940
46090
46283
46294
46298
46308
46311
46317
46318
46319
46352
126156
126155
127393
45856
45858
45866
45867
126663
126666
126653
126659
125400
45819
126757
126755
45820
45826
45830
126691
126695
126690
126727
126726
126733
126741
127003
127010
45839
46117
46118
46116
46024
46056
46058
46070
46074
46129
46068
50575
46069
46105
46325
127431
127420
127422
127459
127439
127457
127564
127477
127528
127561
127565
127571
127594
127469
127557
129082
129086
129132
129135
129145
129171
129176
129182
129184
129266
129177
129268
129271
129416
129378
129377
129428
129429
129430
121228
121230
121234
121220
121239
121246
121277
121154
121162
121167
121270
121553
121554
69242
121555
69246
121569
70166
70099
70189
70085
70091
70112
70113
70122
70160
69096
69810
70049
69782
69800
69802
69826
69900
70288
70297
70300
70306
70307
70308
70318
70319
70541
70544
70550
70411
70416
70440
70467
70472
70473
70488
70535
76616
69839
121403
77469
121407
121408
121421
69315
77476
69308
71864
70054
129435
129444
129441
129472
129474
129475
129465
129485
121140
121168
121170
216116
218205
218206
218208
218214
218203
219570
224091
219225
219233
219087
219236
219083
219085
219473
219454
219542
219547
219456
224087
219488
219491
219527
219529
219528
219474
224109
224110
222156
218825
218831
218833
218838
221993
222007
224064
222121
222185
222188
222196
222218
222219
222215
222201
222207
222216
215310
215318
215337
215324
215326
215334
221893
222240
222246
218884
219574
218858
222237
219612
224094
219555
219557
218792
218810
218814
218815
221962
221956
221959
222055
222058
221964
221972
222016
222021
222022
222023
222053
222060
222560
223156
223157
223325
215222
223233
223286
223214
223217
224122
223229
223167
223168
223250
150821
150826
150924
150953
150833
150881
150923
149033
149184
149194
149193
149203
149301
149304
149318
149328
149336
146991
149560
149561
149564
149566
149245
149584
149624
149623
149583
149626
151095
143861
140323
143862
151118
147263
147268
151203
151134
147271
147294
147296
147385
147390
147472
147521
147528
147527
147549
147571
147678
147683
147684
147871
147873
147874
147877
147887
147888
147901
147904
147913
147907
147919
147925
147930
147989
147970
147971
147978
147984
148028
148046
148982
148985
149020
205126
205137
205139
205160
205162
212701
205172
212702
