620
204856 204868 773
204856 204870 1917
204866 204868 1917
204866 204869 511
144558 144554 2011
144558 144559 743
144711 144559 1853
144712 144716 478
144712 144717 759
144564 144563 1975
144564 144713 681
144564 144715 827
144713 144562 2024
144713 144564 681
144713 144567 821
144717 144567 2331
144717 144712 759
145037 145035 860
145037 145040 1357
145041 145039 861
145041 145040 638
145041 145048 893
145042 145048 1301
145043 145039 2318
145043 145044 1044
145049 145048 792
145054 145044 2230
145054 145055 695
145108 145055 1113
145108 145109 1266
145108 145110 1341
145110 145108 1341
145110 145125 1168
145110 145128 699
145125 145110 1168
145125 145126 876
145125 145127 1238
145494 145127 761
145494 145497 1372
145498 145497 747
145498 145527 1465
145529 145527 851
145529 145539 1396
145543 145539 600
145544 145550 182
145544 145553 1809
145554 145553 738
145554 145556 1771
145554 145599 830
145599 145554 830
145599 145601 1748
145602 145601 779
145602 145675 1776
145605 145619 738
145605 145675 840
145605 145688 1658
145619 145605 738
145619 145620 756
145619 145689 1713
145620 145619 756
145620 145692 1727
145795 145797 753
145795 145799 1834
145796 145799 816
145796 145802 1733
145801 145791 865
145801 145802 662
145801 145803 1821
145791 145793 1752
145791 145801 865
145792 145793 825
145792 145883 1655
145881 145883 798
145881 145884 1150
145693 145692 774
145693 145695 1655
145882 145695 761
145882 145884 817
145882 145888 2406
145797 145795 753
145797 145800 1763
145845 145800 712
145845 145848 1795
145849 145848 770
145849 145858 1744
145859 145858 748
145859 145871 495
145873 145871 745
145873 145874 2605
145877 145874 820
145877 146082 1679
146083 146082 714
146083 146088 2100
146089 146088 737
146089 146105 1866
146100 146105 810
146100 146107 1736
151478 146107 795
151478 151479 751
151478 151481 1768
151479 151478 751
151479 151484 1767
151485 151484 883
149091 149092 941
151804 149092 2238
151804 151658 733
150368 151573 814
150368 151658 1802
151571 151572 647
151571 151573 1785
146115 146114 5350
146115 146116 2562
146115 151495 2480
151570 151572 1992
151570 151572 1992
151570 203842 995
204463 204461 1803
204463 204522 352
204442 203841 118
204442 214419 590
207894 207893 1928
207894 207895 1367
207895 207894 1367
207895 207898 4263
207895 215023 675
208648 208649 1360
208644 214862 516
213041 214651 1118
214820 214481 697
208689 208684 1564
208689 208686 839
208689 208695 1954
208690 204849 401
208690 204850 1633
208690 214481 905
208696 204850 1778
208696 214213 566
208682 208684 1675
208683 208684 797
208683 208686 1791
208685 208687 101
205175 205282 1541
205175 208692 1089
205283 205282 533
205283 208747 649
208678 208715 592
208691 208693 1610
208691 208694 901
208692 205175 1089
208692 208693 1681
208677 208713 363
208712 208713 742
208712 208714 2048
208720 208714 730
208720 208721 2180
208734 208736 2048
208734 208740 608
208735 208721 1017
208735 208736 680
208735 208771 2039
208738 208740 477
208739 208742 673
208739 208743 1930
211114 208743 883
211114 211113 606
211114 211115 2188
211116 211115 670
211116 211118 669
211116 211138 1289
208746 208745 237
208746 211175 1998
208745 208746 237
208745 211165 602
211166 211164 1718
211176 211177 793
211176 211331 1477
211331 211176 1477
211331 211332 1145
211331 211333 1885
211338 211356 277
185565 185567 719
180417 180418 452
180417 180462 344
180461 180459 1254
180461 180462 672
180430 180429 1612
180459 180460 1362
180459 180461 1254
180450 180451 667
166539 172475 842
166561 166562 307
166561 167316 3166
166582 166568 842
166584 166583 2025
166584 166585 778
166569 166568 2113
166586 166585 556
166586 167327 1222
166586 167356 842
166565 166566 421
166565 166583 1168
167109 167214 789
167214 167109 789
166765 166785 1179
166785 166765 1179
166785 166786 933
166786 166785 933
166786 167010 1095
167010 166786 1095
167030 167021 556
167021 167030 556
180377 180376 827
180376 180377 827
179674 179673 2578
179677 179679 2967
179673 179674 2578
179679 179677 2967
182111 182104 445
182095 182104 445
182104 182095 445
182104 182111 445
182179 182197 1496
182197 182179 1496
152951 152980 376
152980 152951 376
152369 152370 427
152370 152369 427
155536 155547 948
155547 155536 948
155595 155598 738
155598 155595 738
177124 177123 1454
177123 177124 1454
177059 177218 765
177215 177214 765
177218 177059 765
176208 176210 1034
176210 176208 1034
177214 177215 765
176814 176819 354
176819 176814 354
165267 165266 1774
165266 165267 1774
166558 166562 367
167317 167313 683
167313 167317 683
164800 164801 818
164801 164800 818
164801 164809 1531
164809 164801 1531
164821 164822 1426
164822 164821 1426
164756 164748 713
164748 164756 713
211386 211393 511
211393 211386 511
211408 211401 833
211401 211408 833
211506 211513 670
211513 211506 670
211513 211514 751
211514 211513 751
212208 212209 683
212209 212208 683
212244 212255 848
212267 212273 1259
212273 212267 1259
212453 212447 781
212536 212535 342
212535 212536 342
212255 212244 848
212447 212453 781
114320 114321 695
114321 114320 695
92008 92010 251
92010 92008 251
102206 94414 3108
94414 102206 3108
92407 92408 1583
92408 92407 1583
115841 115832 884
115832 115841 884
191681 191658 3314
191658 191681 3314
192738 192769 86
192769 192738 86
114072 114108 946
114108 114072 946
109900 109925 1025
109925 109900 1025
109925 109923 847
109923 109925 847
105187 111021 893
111022 111021 662
111021 105187 893
111021 111022 662
111027 111033 611
111033 111027 611
111316 111329 750
111329 111316 750
111257 111331 1008
111331 111257 1008
103349 103348 704
103348 103349 704
103348 111356 948
111356 103348 948
111524 111522 222
111522 111524 222
104313 104167 927
104167 104313 927
39209 39206 887
39206 39209 887
39509 39512 3010
39512 39509 3010
39202 39201 924
39179 39180 1114
39180 39179 1114
39201 39202 924
104807 104808 536
104808 104807 536
104900 104910 737
104910 104900 737
104856 104860 750
104605 104606 836
104606 104605 836
104860 104856 750
39325 39333 2186
39333 39325 2186
39408 39426 738
39426 39408 738
40448 40471 2138
40471 40448 2138
40566 40437 3411
40437 40566 3411
55190 55181 3830
55236 56340 1759
56340 55236 1759
41622 41624 476
41624 41622 476
48555 48557 684
48358 48363 984
48363 48358 984
41629 41632 2341
41632 41629 2341
48557 48555 684
48703 48706 928
48706 48703 928
48880 48881 2482
48881 48880 2482
131506 131493 848
131493 131496 747
131493 131506 848
131497 131496 747
131511 131510 951
131496 131493 747
131496 131497 747
131510 131511 951
131831 131832 429
131832 131831 429
54517 54519 2353
54592 54640 1811
54519 54517 2353
54640 54592 1811
53942 53949 3358
53949 53942 3358
55181 55190 3830
144505 144494 2428
144505 144509 2476
144509 144505 2476
144509 144553 2922
144553 144509 2922
144553 144554 829
150494 150492 628
150492 150494 628
150641 150643 370
150643 150641 370
150694 150706 1345
150645 150706 982
150706 150645 982
150706 150694 1345
140275 140280 705
140280 140275 705
140448 141872 2521
144494 144505 2428
141872 140448 2521
141911 141912 810
141912 141911 810
141938 141936 894
141936 141938 894
142641 142636 866
142636 142635 885
142636 142641 866
142635 142636 885
142079 142589 2083
142589 142079 2083
144782 144789 657
142773 142778 1084
142778 142773 1084
144789 144782 657
204522 204463 352
204860 204861 802
204861 204860 802
204861 204870 765
204868 204856 773
204868 204866 1917
204870 204856 1917
204870 204861 765
204869 204866 511
144554 144553 829
144554 144558 2011
144559 144558 743
144559 144711 1853
144716 144712 478
144563 144562 278
144563 144564 1975
144715 144564 827
144715 145035 750
144562 144563 278
144562 144713 2024
144567 144713 821
144567 144717 2331
145035 144715 750
145035 145037 860
145040 145037 1357
145040 145041 638
145039 145041 861
145039 145043 2318
145048 145041 893
145048 145042 1301
145048 145049 792
145044 145043 1044
145044 145054 2230
145055 145054 695
145055 145108 1113
145109 145108 1266
145128 145110 699
145128 145126 564
145126 145125 876
145126 145128 564
145127 145125 1238
145127 145494 761
145497 145494 1372
145497 145498 747
145527 145498 1465
145527 145529 851
145539 145529 1396
145539 145543 600
145550 145544 182
145553 145544 1809
145553 145554 738
145556 145554 1771
145556 145601 722
145601 145556 722
145601 145599 1748
145601 145602 779
145675 145602 1776
145675 145605 840
145688 145605 1658
145688 145689 732
145689 145619 1713
145689 145688 732
145689 145692 827
145692 145620 1727
145692 145689 827
145692 145693 774
145799 145795 1834
145799 145796 816
145799 145800 765
145802 145796 1733
145802 145801 662
145803 145793 734
145803 145801 1821
145793 145791 1752
145793 145792 825
145793 145803 734
145883 145792 1655
145883 145881 798
145884 145881 1150
145884 145882 817
145695 145693 1655
145695 145882 761
145888 145882 2406
145800 145797 1763
145800 145799 765
145800 145845 712
145848 145845 1795
145848 145849 770
145858 145849 1744
145858 145859 748
145871 145859 495
145871 145873 745
145874 145873 2605
145874 145877 820
146082 145877 1679
146082 146083 714
146088 146083 2100
146088 146089 737
146105 146089 1866
146105 146100 810
146107 146100 1736
146107 151478 795
151481 151478 1768
151481 151484 751
151484 151479 1767
151484 151481 751
151484 151485 883
149092 149091 941
149092 151804 2238
151658 150368 1802
151658 151804 733
151573 150368 814
151573 151571 1785
151572 151570 1992
151572 151570 1992
151572 151571 647
146114 146115 5350
146116 146115 2562
151495 146115 2480
203842 151570 995
203842 203841 594
204461 204463 1803
203841 203842 594
203841 204442 118
214419 204442 590
207893 207894 1928
207898 207895 4263
215023 207895 675
208649 208648 1360
214862 208644 516
214651 213041 1118
214481 208690 905
214481 214820 697
208684 208682 1675
208684 208683 797
208684 208689 1564
208686 208683 1791
208686 208687 501
208686 208689 839
208695 208689 1954
208695 208694 1141
204849 204850 1823
204849 208690 401
204850 204849 1823
204850 208690 1633
204850 208696 1778
214213 208696 566
208687 208685 101
208687 208686 501
205282 205175 1541
205282 205283 533
208747 205283 649
208715 208678 592
208715 208713 1898
208715 208714 776
208693 208691 1610
208693 208692 1681
208694 208691 901
208694 208695 1141
208713 208677 363
208713 208712 742
208713 208715 1898
208714 208712 2048
208714 208715 776
208714 208720 730
208721 208720 2180
208721 208735 1017
208736 208734 2048
208736 208735 680
208740 208734 608
208740 208738 477
208740 208742 275
208771 208735 2039
208742 208739 673
208742 208740 275
208743 208739 1930
208743 211114 883
211113 211114 606
211115 211114 2188
211115 211116 670
211118 211116 669
211138 211116 1289
211175 208746 1998
211165 208745 602
211165 211164 164
211164 211165 164
211164 211166 1718
211177 211176 793
211177 211332 1094
211332 211177 1094
211332 211331 1145
211333 211331 1885
211356 211338 277
185567 185565 719
180418 180417 452
180462 180417 344
180462 180460 1731
180462 180461 672
180429 180430 1612
180429 180460 612
180460 180429 612
180460 180459 1362
180460 180462 1731
180451 180450 667
172475 166539 842
166562 166558 367
166562 166561 307
167316 166561 3166
166568 166566 758
166568 166569 2113
166568 166582 842
166583 166565 1168
166583 166584 2025
166585 166584 778
166585 166586 556
167327 166586 1222
167327 167356 1485
167356 166586 842
167356 167327 1485
166566 166565 421
166566 166568 758
981
204856
204866
144558
144711
144712
144564
144713
144717
145037
145041
145042
145043
145049
145054
145108
145110
145125
145494
145498
145529
145543
145544
145554
145599
145602
145605
145619
145620
145795
145796
145801
145791
145792
145881
145693
145882
145797
145845
145849
145859
145873
145877
146083
146089
146100
151478
151479
151485
149091
151804
150368
151571
146115
151570
204463
204442
207894
207895
208648
208644
213041
214820
208689
208690
208696
208682
208683
208685
205175
205283
208678
208691
208692
208677
208712
208720
208734
208735
208738
208739
211114
211116
208746
208745
211166
211176
211331
211338
185565
180417
180461
180430
180459
180450
166539
166561
166582
166584
166569
166586
166565
167548
167347
167348
166743
166745
166728
162530
167238
152547
162531
162534
167109
167110
167124
167219
167241
167214
166752
166767
166780
166789
166741
166765
166785
166786
167010
167026
167030
167021
167022
167051
167063
167094
152418
152434
162535
152415
152426
152445
180128
180377
180376
180361
180373
179674
179677
179673
179679
180164
180167
182322
173561
185272
182331
182338
182074
182108
182113
182111
182095
182096
182097
182104
182179
182197
182272
182277
182287
182307
152336
152953
152957
152951
152993
153001
152937
152980
152322
152692
152714
152726
152733
152369
152371
152359
152357
152364
152370
152384
152449
152475
152485
153108
153135
155727
155703
155784
155776
155788
155969
155787
155751
153365
153137
153143
153205
153211
173536
175128
173599
173596
173576
173579
173533
173547
173552
173683
173684
173161
173209
173170
173197
185448
173875
185441
185706
152919
153046
153049
153090
153041
153056
155520
155535
155481
155536
155547
176121
176147
176474
156244
176501
176176
176190
176525
176531
176141
176149
176152
176154
155657
155648
155650
155681
156296
156290
156321
156302
156325
156063
156297
156306
155641
155683
155622
155645
155539
155594
155595
155598
155605
155626
176110
177124
177120
177123
177107
177049
177048
177059
177215
177218
177015
177126
177128
177052
177185
177202
177193
177205
177209
176220
176108
176128
176213
176208
176214
176210
176959
177198
176967
177214
177224
175015
176867
175017
176863
174949
175001
175009
174894
174972
176767
176814
176819
165095
165349
165233
165273
165267
165266
165271
165274
165436
165441
167293
167304
167318
167324
167326
166558
167317
167313
167314
165111
165115
165097
165141
165137
165107
165117
165151
165147
164800
164801
164805
164848
164838
165152
157784
165334
165163
165352
165198
165380
165144
164809
164817
164821
164782
164822
164756
164667
164759
164748
211385
211386
211393
211408
211401
195337
211506
211187
211188
211213
211380
211382
211483
211513
211514
211529
211541
211544
211562
211563
211568
211571
211573
212185
212206
212208
212209
212244
212267
212273
211362
211394
212453
212472
212519
161432
160145
164660
161429
172431
212534
212536
212535
212255
212256
212263
212447
114378
114320
114331
114333
114312
114321
113852
114222
114220
114215
114424
113971
114192
114190
114025
119120
119197
119296
118561
118566
119148
119385
119381
114941
115009
114855
115020
92007
92008
92010
92014
92020
92029
92056
92064
92057
92061
92073
102206
94412
94414
92259
92281
92264
92267
92282
94462
115804
115816
115818
92398
92404
92407
92408
92317
92325
105804
107032
107064
107090
93206
107057
107059
107088
107105
107212
107126
107121
107420
107454
107435
107421
107500
107517
109495
92897
92972
93038
93039
93046
92953
92789
92806
92792
116009
115789
115838
115841
115832
191787
191018
190891
190892
191681
191658
192133
191717
191728
191747
192746
191892
194144
191569
191916
191842
191918
191937
191770
193842
192738
194016
192769
192757
194023
194063
190966
192707
192724
194250
192807
114072
114091
114108
114406
114368
114719
114729
109465
109480
113898
109418
109517
109793
109824
113958
109812
109895
109900
109925
109908
109923
111024
111030
110146
105187
111022
109911
109890
109891
111004
111021
111027
111033
110979
111071
111082
111073
111075
111077
111316
111329
111257
111331
111283
111291
103349
111292
111359
111501
111497
103348
111356
111524
111522
111528
111513
111633
111632
111631
111688
111643
111628
111619
111630
111437
111439
111447
111648
110834
111664
104135
104137
104147
104148
104120
105736
112880
112736
104142
104313
104167
104342
104352
104366
39209
39206
39507
39519
39509
39512
39546
39518
39189
39202
104238
104733
104734
104779
104282
104287
39179
39169
39180
39201
104807
104845
104849
104376
104380
104808
104898
104900
104910
104856
104605
104606
104602
104860
39279
39323
39325
39331
39333
39360
39410
39361
39367
39398
39408
39423
39426
39431
39493
40450
40452
40470
40602
40448
40471
40278
40477
40599
40311
40293
40373
40566
40437
40569
50408
40589
40822
40841
40845
40850
40904
40906
40575
40571
40811
40813
55190
55237
55236
56340
55423
41618
41622
41624
40815
48379
48382
48456
48465
48532
49624
48546
48555
48355
48358
48363
48374
41629
41632
48352
48557
48579
48701
48707
48703
48718
48830
48570
48572
48583
48706
48833
48838
48854
48856
48857
48874
48880
48881
48841
48230
48990
48991
49010
49013
48282
131364
131365
49590
48389
131368
131384
131475
131473
131506
131493
131497
131511
131496
131510
131516
131747
131773
131831
131832
131840
131852
54366
54413
54403
54452
54457
54469
54472
54517
54550
54553
54556
54570
54586
54592
52950
56338
56339
54686
54519
54522
54526
54722
54729
54640
53893
56639
53941
53942
53949
53963
52853
55180
55181
144505
144509
144553
150494
150502
150492
150505
150641
150643
150694
150645
150706
140290
150734
140274
146928
140275
140280
140367
140382
140434
140435
140444
140447
140448
142547
144494
141872
141881
141911
141912
141928
141938
141887
141895
141897
141936
141901
141951
141953
151750
142086
142112
142116
142126
142106
142641
142636
142082
142104
142635
143267
142066
142067
142075
142079
142589
142592
142616
142623
142737
142738
142739
142742
142743
144499
142550
144503
144782
142773
142778
142779
144784
144789
144793
56354
56355
204522
204529
204544
196122
204772
204732
204791
204798
204808
204860
204859
204861
204868
204870
144554
144559
144716
144563
144715
144562
144567
145035
145040
145039
145044
145055
145109
145128
145126
145127
145497
145527
145539
145550
145553
145556
145601
145675
145688
145689
145692
145799
145802
145803
145793
145883
145884
145695
145888
145800
145848
145858
145871
145874
146082
146088
146105
146107
151481
149092
151658
151573
151572
146114
146116
203842
204461
203841
214419
215023
208649
214862
214651
208695
204849
204850
214213
205282
208747
208715
208693
208694
208714
208721
208736
208771
208742
208743
211115
211118
211138
211175
211165
211164
211177
211332
211333
211356
180418
180429
180451
167316
166583
166585
167327
167356
166566
