742
143721 143719 602
143721 143724 1419
143721 143771 864
143701 143703 584
143701 143704 2120
143714 143703 1501
143714 143715 583
143519 143520 164
143519 143726 1204
143518 143522 2010
143518 143728 671
143520 143519 164
143520 143521 581
142821 142820 868
142821 142862 2230
142841 142842 773
142841 142843 1494
142841 142879 930
142883 142862 883
142883 142864 823
142820 142821 868
142820 142861 2249
142860 142861 806
142860 142863 805
142872 142873 826
142872 142878 787
142877 142878 715
142877 144893 1601
142856 142854 993
142856 142869 239
142856 144888 2407
142869 142856 239
142869 144888 2340
144890 144888 443
144890 144891 496
144890 144892 581
144890 144895 933
144891 144890 496
144891 144892 393
144891 144893 765
142854 142856 993
142854 142866 2372
143183 143173 1118
143183 143182 2312
143183 143186 2047
143184 143182 768
143186 143178 1045
143186 143183 2047
143186 143193 872
143198 143193 801
143198 143200 2508
143201 143200 791
143201 143282 1565
143283 143282 858
143283 143285 1315
139783 139782 2609
139783 139786 294
139784 139786 2786
139784 143285 979
142865 142866 1029
142865 144810 1791
144809 144810 1035
144809 144815 785
144815 144809 785
144815 144816 1025
144862 144916 930
144862 144919 2428
144863 144861 917
144863 144864 2209
144859 144861 1224
144859 144879 1733
144879 144859 1733
144879 144880 284
144879 144881 529
204573 204574 2260
204579 204574 1036
204579 204582 1811
204588 204582 716
204637 204638 773
204637 204642 1794
204640 204642 684
204640 204644 1593
204641 204644 796
204641 204930 2260
204929 204930 774
204929 204935 1808
204928 204927 846
204928 204935 773
204638 204637 773
204638 204643 1805
204820 204643 867
204820 204822 1594
204825 204822 674
204825 204939 2146
204942 204939 797
204942 204944 1917
204945 204944 684
204945 204947 4407
204945 204948 715
207717 207716 1679
207717 207723 968
207723 207717 968
207723 214413 1149
144884 144881 821
144884 144885 2434
144886 144885 878
144886 144887 718
144886 145071 712
145070 145062 841
145070 145071 2775
145062 145070 841
145062 145072 2824
145074 145072 766
145074 145077 1709
145090 145077 722
145090 145091 844
145090 145179 1769
145091 145090 844
145091 145182 1784
145183 145182 840
145183 145219 810
145219 145183 810
145219 145221 1852
145224 145221 858
145224 145230 1627
145231 145230 699
145231 145238 1701
145237 145238 798
145237 145240 1680
145237 145242 815
145241 145242 1691
145241 146961 510
145244 145242 762
145244 145631 1719
145632 145631 815
145653 145654 852
145653 145656 258
145657 145655 719
145657 145656 1746
145661 145656 833
145668 146607 576
145668 146608 2360
145670 145726 830
145670 146608 3355
145726 145670 830
145726 146623 3373
145726 146668 1477
146668 145726 1477
146668 146670 878
146668 146672 2026
146679 146672 2367
146679 146680 2008
146812 146680 1448
146875 146873 660
146875 146877 2486
146875 146879 573
146916 146877 814
146914 146844 2345
146914 146915 984
146947 146924 8508
209544 209545 1753
209544 209607 663
209544 209653 920
214925 214926 973
214925 214927 1433
209414 209415 3918
209632 209614 1972
209632 210848 1013
210848 209614 1136
210848 209632 1013
167573 167574 344
167573 167599 713
167600 167599 985
167600 172182 337
152662 152656 1458
152666 152665 2245
152666 152667 747
152679 152680 1630
152679 152797 1769
152669 152668 1536
152676 152675 344
152676 152681 418
152797 152679 1769
152797 152795 710
153592 153551 1675
153592 153594 673
153533 153532 790
153533 153554 1592
152072 152069 1505
152072 153525 600
152070 152069 2049
152070 162508 436
152624 152627 1153
152626 152628 697
152626 152647 331
152649 152648 1512
162512 162511 839
162512 168520 1995
168506 168501 985
168506 168504 3445
168506 168519 871
167257 168449 1667
168501 168502 2778
168501 168506 985
167597 167598 1147
167597 167605 848
167597 167607 677
167605 167597 848
167605 167606 518
167642 167635 893
167642 167643 1956
167634 167635 61
167634 167647 1376
167647 167634 1376
167647 167648 581
167653 167648 1907
167653 167654 374
167654 167618 581
167654 167653 374
167656 167610 1580
167656 167658 663
167805 167704 1357
167805 168462 367
167766 167767 906
167766 167770 710
168440 168441 672
177691 177692 2549
178606 178607 1577
178606 178653 6921
178629 178630 1299
178632 178633 418
178637 178638 6331
178637 178639 1353
178653 178606 6921
178653 178648 1817
180056 180052 682
180056 180057 3019
180056 180058 2920
180058 180054 848
180058 180056 2920
180132 180133 149
180132 185381 533
179890 179780 672
179890 179891 711
179881 179882 333
179881 182268 525
179757 179758 951
179946 179950 1164
179946 179963 1850
179968 179969 1500
179968 179992 1049
179974 179976 1002
179974 179991 610
179969 179968 1500
179969 179992 1560
179998 179999 1004
179998 180005 628
180001 180005 2334
180001 180030 1031
180001 185277 1768
185278 185277 667
152629 172252 562
152836 152834 436
152836 152852 1111
152851 152850 1505
152851 152852 1017
152850 152851 1505
152850 152854 600
152850 152855 3454
152857 152856 337
152857 152858 505
152785 152786 672
152785 152792 796
152785 152803 1046
152790 152789 796
152790 152791 1200
152787 152789 796
152787 152817 518
152820 152821 505
152820 152858 337
152780 152786 580
153213 153214 790
153214 153213 790
156097 156015 789
156015 156097 789
156159 156176 778
156176 156159 778
153351 153353 828
153353 153351 828
155897 155889 747
155889 155897 747
180026 179999 1682
180026 180022 778
180030 180001 1031
180022 180026 778
178208 178209 1161
178209 178208 1161
178182 178181 1115
178181 178182 1115
174855 174873 836
174873 174855 836
177351 176604 1268
176604 177351 1268
156383 156384 1969
177347 177304 1531
177304 177347 1531
156384 156383 1969
177302 177389 1428
177389 177302 1428
176733 176749 1022
176749 176733 1022
165623 165624 848
165570 165556 747
165624 165623 848
165556 165570 747
167683 167684 1447
167684 167683 1447
165476 165477 1505
165477 165476 1505
167450 167451 710
167451 167450 710
167471 167470 767
167470 167471 767
164855 164922 713
213241 213240 894
213240 213241 894
212561 212577 901
212577 212561 901
164922 164855 713
165683 165685 713
165685 165683 713
114243 114242 2995
114242 114243 2995
118842 118845 3117
118845 118842 3117
119014 119015 2202
119099 119100 705
119100 119099 705
119015 119014 2202
93134 93135 373
93135 93134 373
108398 107248 2790
107248 108398 2790
108475 108476 836
108476 108475 836
108623 108622 1032
108622 108623 1032
92979 92981 1780
92981 92979 1780
93093 93095 1124
93095 93093 1124
93111 93115 3495
93115 93111 3495
93099 93027 1905
93027 93099 1905
92485 92481 1224
92481 92485 1224
92698 92705 1457
92705 92698 1457
114164 114163 664
114163 114164 664
114277 114284 474
114284 114277 474
109400 109396 802
109396 109400 802
104025 104023 201
104023 104025 201
104070 104086 1008
104086 104070 1008
39257 39258 2879
39258 39257 2879
38187 38191 1411
38191 38187 1411
38431 38436 673
38436 38431 673
38453 38456 1004
38468 38467 796
38467 38468 796
38456 38453 1004
38589 40344 418
40344 38589 418
40351 40355 1258
40355 40351 1258
40697 40711 2424
40711 40697 2424
41567 41570 2613
41570 41567 2613
41573 47659 2481
47726 47734 796
47735 47734 865
47734 47726 796
47734 47735 865
47659 41573 2481
47739 47744 773
47744 47739 773
48093 48062 1901
48062 48093 1901
48037 48039 879
48039 48037 879
48154 48155 1025
48155 48154 1025
47483 47485 1546
47485 47483 1546
130731 130735 1124
130735 130731 1124
131604 131608 1892
131608 131604 1892
131621 131626 948
131626 131621 948
132219 132218 371
132265 132273 1439
132218 132219 371
132273 132265 1439
54306 54305 928
54315 54305 279
54305 54306 928
54305 54315 279
140413 140410 302
140410 140413 302
140499 140504 2334
140504 140499 2334
143172 143173 2260
143172 143182 1054
143308 139782 240
143526 143522 987
142839 142832 898
142842 142841 773
142832 142839 898
143794 143793 658
143793 143794 658
143719 143715 1082
143719 143721 602
143724 143721 1419
143771 143721 864
143703 143701 584
143703 143714 1501
143704 143701 2120
143715 143714 583
143715 143719 1082
143726 143519 1204
143522 143518 2010
143522 143526 987
143728 143518 671
143728 143521 604
143521 143520 581
143521 143728 604
142862 142821 2230
142862 142861 864
142862 142883 883
142843 142841 1494
142879 142841 930
142864 142863 2572
142864 142883 823
142861 142820 2249
142861 142860 806
142861 142862 864
142863 142860 805
142863 142864 2572
142873 142872 826
142878 142872 787
142878 142877 715
144893 142877 1601
144893 144891 765
144888 142856 2407
144888 142866 845
144888 142869 2340
144888 144890 443
144888 144895 748
144892 144890 581
144892 144891 393
144895 144888 748
144895 144890 933
142866 142854 2372
142866 142865 1029
142866 144888 845
143173 143172 2260
143173 143178 2040
143173 143183 1118
143182 143172 1054
143182 143183 2312
143182 143184 768
143178 143173 2040
143178 143186 1045
143193 143186 872
143193 143198 801
143200 143198 2508
143200 143201 791
143282 143201 1565
143282 143283 858
143285 139784 979
143285 143283 1315
139782 139783 2609
139782 143308 240
139786 139783 294
139786 139784 2786
144810 142865 1791
144810 144809 1035
144810 144816 621
144816 144810 621
144816 144815 1025
144916 144862 930
144919 144862 2428
144919 144864 981
144861 144859 1224
144861 144863 917
144861 144880 1605
144864 144863 2209
144864 144919 981
144880 144861 1605
144880 144879 284
144880 144881 669
144881 144879 529
144881 144880 669
144881 144884 821
204574 204573 2260
204574 204579 1036
204582 204579 1811
204582 204588 716
204642 204637 1794
204642 204640 684
204642 204643 845
204644 204640 1593
204644 204641 796
204930 204641 2260
204930 204929 774
204935 204928 773
204935 204929 1808
204927 204928 846
204643 204638 1805
204643 204642 845
204643 204820 867
204822 204820 1594
204822 204825 674
204939 204825 2146
204939 204942 797
204944 204942 1917
204944 204945 684
204947 204945 4407
204948 204945 715
207716 207717 1679
214413 207723 1149
144885 144884 2434
144885 144886 878
144887 144886 718
145071 144886 712
145071 145070 2775
145071 145072 812
145072 145062 2824
145072 145071 812
145072 145074 766
145077 145074 1709
145077 145090 722
145179 145090 1769
145179 145182 822
145182 145091 1784
145182 145179 822
145182 145183 840
145221 145219 1852
145221 145224 858
145230 145224 1627
145230 145231 699
145238 145231 1701
145238 145237 798
145240 145237 1680
145242 145237 815
145242 145241 1691
145242 145244 762
146961 145241 510
145631 145244 1719
145631 145632 815
145654 145653 852
145654 145655 1682
145654 145656 788
145656 145653 258
145656 145654 788
145656 145657 1746
145656 145661 833
145655 145654 1682
145655 145657 719
146607 145668 576
146608 145668 2360
146608 145670 3355
146623 145726 3373
146670 146668 878
146672 146668 2026
146672 146679 2367
146680 146679 2008
146680 146812 1448
146873 146875 660
146877 146875 2486
146877 146916 814
146879 146875 573
146844 146914 2345
146915 146914 984
146924 146947 8508
209545 209544 1753
209607 209544 663
209607 209614 12596
209607 209653 931
209653 209544 920
209653 209607 931
214926 214925 973
214926 214927 491
214926 214927 491
214927 214925 1433
214927 214926 491
214927 214926 491
209415 209414 3918
209614 209607 12596
209614 209632 1972
209614 210848 1136
167574 167573 344
167599 167573 713
167599 167598 951
167599 167600 985
172182 167600 337
152656 152662 1458
152656 152665 951
152665 152656 951
152665 152666 2245
152667 152666 747
152667 152668 848
152680 152679 1630
152680 152681 650
152668 152667 848
152668 152669 1536
152668 152675 697
152675 152668 697
152675 152676 344
152681 152676 418
152681 152680 650
152795 152797 710
153551 153554 1284
153551 153592 1675
153594 153592 673
153532 153533 790
153554 153533 1592
153554 153551 1284
152069 152070 2049
152069 152072 1505
153525 152072 600
162508 152070 436
152627 152624 1153
152628 152626 697
152628 172252 359
152647 152626 331
152647 152648 1370
152648 152647 1370
152648 152649 1512
162511 162512 839
168520 162512 1995
168520 168519 202
168504 168502 985
168504 168506 3445
168519 168506 871
168519 168520 202
168449 167257 1667
168449 168502 630
168502 168449 630
168502 168501 2778
168502 168504 985
167598 167597 1147
167598 167599 951
167607 167597 677
167607 167606 1032
167606 167605 518
167606 167607 1032
167635 167634 61
167635 167642 893
167643 167642 1956
167643 167648 953
167648 167643 953
167648 167647 581
167648 167653 1907
167618 167654 581
167610 167656 1580
167658 167656 663
167704 167805 1357
168462 167770 1704
168462 167805 367
167767 167766 906
167770 167766 710
167770 168462 1704
168441 168440 672
177692 177691 2549
178607 178606 1577
178630 178629 1299
178633 178632 418
178638 178637 6331
178638 178639 5539
178639 178637 1353
178639 178638 5539
178648 178653 1817
180052 180054 2900
180052 180056 682
180057 180056 3019
180054 180052 2900
180054 180058 848
180133 180132 149
185381 180132 533
179780 179890 672
179891 179890 711
179882 179881 333
182268 179881 525
179758 179757 951
179950 179946 1164
179963 179946 1850
179963 179991 893
179992 179968 1049
179992 179969 1560
179976 179974 1002
179991 179963 893
179991 179974 610
179999 179998 1004
179999 180026 1682
180005 179998 628
180005 180001 2334
185277 180001 1768
185277 185278 667
172252 152628 359
172252 152629 562
152834 152836 436
152852 152836 1111
152852 152851 1017
152854 152850 600
152855 152850 3454
152855 152856 421
152856 152855 421
152856 152857 337
152858 152820 337
152858 152857 505
152786 152780 580
152786 152785 672
152792 152785 796
152792 152791 871
152803 152785 1046
152789 152787 796
152789 152790 796
152791 152790 1200
152791 152792 871
152817 152787 518
152821 152820 505
969
143721
143701
143714
143519
143518
143520
142821
142841
142883
142820
142860
142872
142877
142856
142869
144890
144891
142854
143183
143184
143186
143198
143201
143283
139783
139784
142865
144809
144815
144862
144863
144859
144879
204573
204579
204588
204637
204640
204641
204929
204928
204638
204820
204825
204942
204945
207717
207723
144884
144886
145070
145062
145074
145090
145091
145183
145219
145224
145231
145237
145241
145244
145632
145653
145657
145661
145668
145670
145726
146668
146679
146812
146875
146916
146914
146947
209544
214925
209414
209632
210848
167573
167600
152662
152666
152679
152669
152676
152797
153592
153533
152072
152070
152624
152626
152649
162512
168506
167257
168501
167597
167605
167642
167634
167647
167653
167654
167656
167805
167766
168440
177691
178606
178629
178632
178637
178653
180056
180058
180132
179890
179881
179757
179946
179968
179974
179969
179998
180001
185278
152629
152836
152851
152850
152857
152785
152790
152787
152820
152748
152831
152745
152636
152769
152766
152770
152780
152845
153213
153214
153217
153232
153237
153242
156097
156098
156101
156015
156024
156031
156123
156120
156159
156176
156095
153308
153312
153315
153339
153351
153353
153385
153429
153434
153368
153481
154681
155846
155918
155850
155881
153504
153505
153510
155893
155867
155871
155865
155888
155897
155889
180019
180020
172978
172981
172989
180025
180027
180026
180030
180022
172985
173047
173023
178541
177755
178197
178208
178209
185517
173241
173250
173067
173070
172973
173125
178061
178073
178182
178181
178172
178175
178191
173258
174838
174855
174755
174878
174835
174873
185508
173464
174872
174946
176592
177334
177343
177560
177351
176604
177571
186085
177574
176575
176612
176613
156383
156381
156382
176617
177347
177304
156511
160191
156514
156531
160210
156535
156503
156384
156390
156401
156464
156466
156559
156561
156495
156844
156858
156850
156859
156598
156666
156701
156657
156866
156875
156853
156886
156865
156675
156952
156635
156911
156699
156945
156981
177491
177509
177493
177387
177517
177324
177360
177363
177365
177302
177389
176728
176733
176734
174908
176749
165870
165867
165884
165623
165883
165570
165573
165575
165633
165651
165624
164830
165553
165556
167695
167717
167785
167683
167684
167576
167664
165476
165506
167442
165477
165495
167450
167451
167471
167447
167470
167526
167537
167541
165882
165880
165901
165906
165969
165976
165989
167444
165992
164832
164855
164931
213230
213235
212508
213241
213240
212560
212561
212577
212578
164630
164882
164888
164897
164896
164607
172156
164922
164926
164934
165669
164944
165683
164973
165685
164961
114243
114242
114260
114287
114291
113965
113968
114000
114126
114147
114179
118829
118842
118845
119228
119235
119237
119308
119318
119230
118581
119060
119024
119066
119014
119099
119100
119109
119015
119096
118981
119029
102205
94386
94392
94399
102910
94403
92166
92172
92162
92180
92186
94433
94436
94509
94514
94489
94507
92295
92466
92469
92472
92510
92553
92506
92508
93134
93135
93137
94088
107080
108116
108160
108171
109564
94152
105611
105609
107259
108201
108205
108158
107250
108176
108398
107472
108414
107248
107467
108430
108434
108438
108405
108475
108476
108542
108623
108618
108622
92979
92981
93093
93095
93101
92857
92862
93707
93710
93026
93111
93115
93787
93099
93027
93104
93130
92543
92546
92740
92741
92757
92759
92768
92544
92581
92586
92530
92557
94344
92560
92485
92481
92489
92492
92662
92663
92610
92782
92689
92691
92697
92698
92705
192684
192693
191400
191835
194401
191564
191844
191620
191624
191832
191056
191057
192637
191192
194288
192652
192663
192672
119223
114063
114093
114166
114164
114163
114334
114347
114277
114280
114282
114284
109240
109275
109277
109400
109438
109446
109396
109572
109440
109681
109675
109348
109649
109623
109729
109733
110006
110140
110002
110104
110159
110175
110190
110196
110193
112476
112478
110818
110258
110260
110759
110808
110275
110282
110290
111371
110223
110253
103863
103867
103966
103956
103960
103968
112851
112832
103950
103994
104035
104025
104023
112498
112557
112559
112563
112540
112757
112527
112566
110912
110919
110922
110835
112471
112521
112519
104294
104256
104042
104070
104067
104086
104003
104020
104710
104716
104715
104250
104259
39106
39108
39257
39258
39267
39289
37211
37202
37238
37105
37109
37116
37089
37090
38187
37207
38191
38363
38366
38429
38431
38436
38452
38453
38468
38550
38467
38456
38461
38552
38559
38555
38570
38586
38589
40344
40351
40355
38594
38881
40668
40660
40678
40677
40699
50317
40704
40697
39003
39007
39004
39015
40711
40763
38980
41575
41562
41567
41570
41573
47774
47778
47785
47792
47656
47658
47720
47726
47735
47734
47659
47739
47744
47773
47800
47810
47802
47766
47769
48093
48062
48063
48066
48084
48079
48086
47931
47932
48017
47919
47964
47967
48003
48011
48006
48009
47962
47976
48033
47993
48037
48039
48044
48088
48154
48155
47412
47464
47465
47467
47483
47485
47988
130530
47990
130727
130762
130768
130731
130735
130781
130784
131307
46266
130879
131310
131315
131314
130887
130903
130894
130901
131166
131170
131185
131195
131210
131278
131517
131205
131523
131528
131564
131567
131604
131608
125242
131621
131626
131706
131712
132219
132225
132229
132255
132265
132218
132273
54133
54137
54153
54131
54169
54161
54167
54285
54276
54241
54288
54306
54740
54744
54315
54305
150551
140300
140319
140413
140480
140410
140481
140486
140499
140504
141968
143172
139781
143303
143308
143442
143441
143436
143455
143461
143585
143511
143589
143526
143525
143602
142838
142839
142845
142842
142832
143956
143794
143783
143793
143789
143776
143719
143724
143771
143703
143704
143715
143726
143522
143728
143521
142843
142879
142864
142863
142873
142878
144893
144892
144895
142866
143178
143193
143200
143282
143285
139782
139786
144810
144816
144916
144919
144861
144864
144880
144881
204574
204582
204642
204644
204930
204935
204927
204643
204822
204939
204944
204947
207716
214413
144885
144887
145071
145072
145077
145179
145221
145230
145238
145240
145242
145631
145654
145655
146607
146608
146623
146670
146672
146680
146873
146877
146844
146915
146924
209545
209653
209415
167574
167599
152656
152665
152667
152680
152668
152675
152681
152795
153551
153594
153532
153554
152069
153525
162508
152648
162511
168520
168504
168519
168449
167598
167607
167606
167643
167618
167610
167658
167704
168462
167767
167770
177692
178607
178633
178639
178648
180052
180054
179780
179758
179950
179963
179992
179991
179999
180005
185277
172252
152834
152852
152854
152855
152856
152858
152786
152792
152803
152789
152791
152817
152821
