614
107223 107220 2062
107223 107221 2316
107238 107237 1222
107238 107241 763
107238 107242 3281
107218 107242 556
107244 107243 354
107244 107460 847
108498 108499 970
108498 108500 365
107429 107427 1234
107429 107537 2930
108524 107536 2145
108524 108526 1000
108487 108448 1610
108487 108517 2458
108487 108521 3231
109714 108528 516
109714 109711 1221
107536 107537 1032
107536 108524 2145
107536 108525 1031
109224 108532 1671
108229 108228 734
108229 108230 1045
109228 108531 4613
109228 109233 787
108231 108230 2125
109259 109262 1786
93065 93068 1357
93065 93074 4928
92973 92996 2504
92973 92998 1299
93018 92987 3275
93018 92988 1225
93018 93019 1013
92976 92977 598
92976 92978 1454
93074 93065 4928
93074 93075 1357
93051 93049 344
92776 92761 1292
92776 92775 2399
92793 92761 1342
92793 92795 1551
92797 92798 3837
92797 92799 949
92605 92592 796
92605 92597 275
92595 92574 3547
92595 92594 611
92601 92670 4860
92601 92699 2037
92783 92784 549
92783 101739 434
92841 92842 671
92841 92843 1108
194013 194045 837
194013 194046 80
194051 194049 74
194053 194054 865
192013 192012 776
192013 192015 918
191663 191656 419
191663 191664 1287
191677 191664 839
191677 191675 2237
191691 191688 2101
191708 191704 1907
192732 192731 1712
191519 191520 5264
191519 191848 968
191919 192093 1556
191950 191951 712
191543 194142 841
191423 191424 607
191423 191630 666
191423 192079 745
191648 191649 1281
191648 191652 654
191865 191864 399
191865 191980 1478
191754 191621 1492
191754 191768 1719
192699 192683 5117
192699 192710 825
192711 192709 672
192711 194512 292
192683 192659 10447
192683 192697 1571
192683 192699 5117
194305 192671 1338
192716 192713 2361
192802 119218 54
114078 114079 1114
114078 114080 1592
114098 114097 672
114184 114185 905
114184 114230 1147
114184 114231 474
114121 114120 7085
114121 114122 610
114121 114124 1082
114183 114268 335
109470 109471 522
109470 109473 176
109269 109263 2790
109269 109270 2718
109281 108921 3321
113899 113900 263
113899 113901 386
109414 109413 788
109414 109415 1222
109546 109402 691
109448 109449 1361
109530 109520 1139
109530 113662 927
109374 109362 2779
109374 109433 796
109378 109377 1794
109378 109450 3385
109454 109452 1906
109454 109453 1180
109453 109425 2237
109453 109454 1180
109512 109420 1234
109512 113788 755
109387 109388 1935
109387 109389 1279
109387 109689 2272
105575 105576 1278
105575 109964 1272
105577 105578 1401
105577 109614 1426
109614 105577 1426
109614 109613 1139
109614 109615 782
109971 109613 2641
109971 109972 884
109950 109951 975
109950 110128 1639
109951 109950 975
109951 109968 303
109948 103283 403
109948 110089 1393
109993 109994 3475
109993 110089 737
109958 109956 1680
109958 110128 872
111245 111246 750
110153 110154 982
110153 111252 975
111249 111251 649
111266 111251 1028
111266 111269 836
111269 111266 836
111269 111268 750
111293 111268 536
111293 111311 2250
111307 111295 1167
111353 111415 418
111492 111415 1812
111493 111415 1432
111493 111600 893
111602 111600 840
111602 111611 739
111417 111415 2179
111417 111416 1264
111417 111600 782
111375 111374 950
111375 111376 111
111421 111376 884
111421 111428 434
103403 103405 1446
111382 111381 2616
111382 111383 1265
111425 111381 666
111425 111424 1903
103406 103407 983
103406 111405 964
111424 111423 1120
111424 111425 1903
111424 111428 1225
112620 112621 1144
104130 104129 809
104130 104263 1223
104077 104078 788
104077 104081 1609
104080 104074 947
104080 104081 1022
104046 104047 373
104109 104047 2080
104109 104108 1408
104109 104113 1145
104155 104156 473
104155 104157 1306
104263 104130 1223
112735 112514 713
112514 112735 713
112741 112538 818
112538 112741 818
104201 104200 2652
104200 104201 2652
39161 39162 782
39162 39161 782
104483 104495 1609
104495 104483 1609
40337 40339 1345
40339 40337 1345
40339 40341 1074
40341 40339 1074
56309 55185 1747
39031 40779 2814
40779 39031 2814
41595 41609 751
41609 41595 751
47679 47688 1458
48458 48444 991
48444 48458 991
48470 48474 897
48474 48470 897
48505 48506 222
48506 48505 222
47688 47679 1458
47693 47713 1607
47713 47693 1607
48436 48434 497
48434 48436 497
48516 48517 1217
48517 48516 1217
48109 48123 769
48123 48109 769
48189 48191 885
48210 48213 1717
48213 48210 1717
48191 48189 885
48269 48271 1366
48271 48269 1366
131453 131452 1531
131452 131453 1531
131534 131579 1304
131579 131534 1304
131591 131593 1395
131593 131591 1395
131730 131732 1953
131732 131730 1953
131764 131754 427
131846 132289 2650
131754 131764 427
132289 131846 2650
131859 131861 739
131861 131859 739
53982 54464 2292
54617 54620 1308
54620 54617 1308
54645 54632 2588
54632 54645 2588
54464 53982 2292
53959 54601 810
54601 53959 810
55185 56309 1747
150525 150535 1656
150535 150525 1656
150535 150538 329
150538 150535 329
150712 150740 1768
150740 150712 1768
140426 140424 770
140424 140426 770
141973 141977 2400
141977 141973 2400
141997 141998 1069
141998 141997 1069
143270 143272 352
143272 143270 352
143471 143484 1047
143484 143471 1047
142665 142666 1669
143488 143491 854
142666 142665 1669
143491 143488 854
142661 142660 874
142660 142661 874
143244 143245 399
143245 143244 399
144811 144801 1026
144801 144811 1026
204611 204612 1701
204612 204611 1701
144871 144873 1010
144873 144871 1010
145133 145138 841
145138 145133 841
145686 145687 804
145687 145686 804
145728 145729 390
145729 145728 390
145735 145736 951
145736 145735 951
208766 208765 1671
208765 208766 1671
167587 167571 890
167571 167587 890
162523 167275 600
152467 152469 713
152572 152570 1268
152570 152572 1268
167275 162523 600
168494 168496 232
168496 168494 232
166811 166810 1534
166810 166811 1534
152469 152467 713
152499 152490 2015
152490 152499 2015
180119 180121 3030
180121 180119 3030
180094 180095 796
180095 180094 796
179664 179669 513
179669 179664 513
180086 180092 1336
180092 180086 1336
180092 180098 1935
180098 180092 1935
180138 180136 1014
180136 180138 1014
182084 179888 1304
179888 182084 1304
152743 152744 1283
152744 152743 1283
153149 153164 906
155793 155792 1074
156001 156002 789
155669 156036 1388
156033 155984 789
156033 156034 697
156034 156033 697
155984 156033 789
156002 156001 789
155765 155791 810
155791 155765 810
155792 155793 1074
153164 153149 906
153179 153187 1380
153187 153179 1380
153390 153391 511
153391 153390 511
153439 153473 236
153473 153439 236
173038 173327 672
173327 173038 672
176563 176545 1758
176545 176563 1758
156053 156052 889
156052 156053 889
156449 156450 2368
156450 156449 2368
156431 156432 450
156437 156439 1719
156432 156431 450
156036 155669 1388
156439 156437 1719
177428 177448 2668
177448 177428 2668
177433 177439 475
177439 177433 475
176237 176239 2380
176239 176237 2380
176805 176800 1010
176800 176805 1010
165423 167416 928
167416 165423 928
165595 165544 848
165544 165595 848
165460 165461 837
165461 165460 837
164847 164846 1055
164846 164847 1055
211490 211491 522
211491 211490 522
208792 208798 831
208798 208792 831
211131 211222 867
211236 211235 286
211222 211131 867
211235 211236 286
211509 215027 606
215027 211509 606
118486 119266 1147
119266 118486 1147
119299 119298 874
119298 119299 874
119134 119158 1059
119158 119134 1059
92269 94450 4318
94492 94500 1469
94450 92269 4318
94500 94492 1469
92448 92449 1437
92449 92448 1437
107239 107237 420
107220 107221 1234
107220 107223 2062
107221 107220 1234
107221 107223 2316
107237 107238 1222
107237 107239 420
107241 107238 763
107242 107218 556
107242 107238 3281
107243 107244 354
107460 107244 847
108499 108498 970
108500 108498 365
107427 107429 1234
107537 107429 2930
107537 107536 1032
108526 108524 1000
108526 108525 2392
108448 108487 1610
108517 108487 2458
108521 108487 3231
108528 109714 516
109711 109714 1221
108525 107536 1031
108525 108526 2392
108532 108531 1234
108532 109224 1671
108228 108229 734
108228 109262 2026
108230 108229 1045
108230 108231 2125
108531 108532 1234
108531 109228 4613
109233 109228 787
109262 108228 2026
109262 109259 1786
109262 109263 1124
93068 93065 1357
92996 92973 2504
92998 92973 1299
92987 92988 3377
92987 93018 3275
92988 92987 3377
92988 93018 1225
93019 93018 1013
92977 92976 598
92978 92976 1454
93075 93074 1357
93049 93051 344
92761 92776 1292
92761 92793 1342
92775 92776 2399
92795 92793 1551
92795 92799 905
92798 92797 3837
92799 92795 905
92799 92797 949
92592 92605 796
92597 92605 275
92574 92595 3547
92594 92595 611
92670 92601 4860
92699 92601 2037
92784 92783 549
101739 92783 434
92842 92841 671
92843 92841 1108
194045 194013 837
194046 194013 80
194049 194051 74
194054 194053 865
192012 192013 776
192015 192013 918
191656 191663 419
191664 191663 1287
191664 191677 839
191675 191677 2237
191675 191688 1146
191688 191675 1146
191688 191691 2101
191688 191704 2022
191704 191688 2022
191704 191708 1907
192731 192732 1712
191520 191519 5264
191848 191519 968
192093 191919 1556
191951 191950 712
194142 191543 841
191424 191423 607
191630 191423 666
192079 191423 745
192079 191649 615
191649 191648 1281
191649 192079 615
191652 191648 654
191864 191865 399
191980 191865 1478
191621 191754 1492
191768 191754 1719
192710 192699 825
192710 192709 311
192709 192710 311
192709 192711 672
194512 192711 292
192659 192683 10447
192697 192683 1571
192671 194305 1338
192713 192716 2361
119218 192802 54
114079 114078 1114
114080 114078 1592
114097 114098 672
114185 114184 905
114230 114184 1147
114231 114184 474
114120 114121 7085
114122 114121 610
114124 114121 1082
114124 114268 1252
114268 114124 1252
114268 114183 335
109471 109470 522
109473 109470 176
109263 109262 1124
109263 109269 2790
109270 109269 2718
108921 109281 3321
113900 113899 263
113901 113899 386
109413 109414 788
109415 109414 1222
109402 109546 691
109449 109448 1361
109520 109530 1139
113662 109530 927
109362 109374 2779
109433 109374 796
109377 109378 1794
109450 109378 3385
109452 109454 1906
109425 109453 2237
109420 109512 1234
113788 109512 755
109388 109387 1935
109389 109387 1279
109689 109387 2272
105576 105575 1278
109964 105575 1272
105578 105577 1401
109613 109614 1139
109613 109971 2641
109615 109614 782
109972 109971 884
110128 109950 1639
110128 109958 872
109968 109951 303
103283 109948 403
110089 109948 1393
110089 109993 737
109994 109993 3475
109956 109958 1680
111246 111245 750
110154 110153 982
111252 110153 975
111252 111251 1306
111251 111249 649
111251 111252 1306
111251 111266 1028
111268 111269 750
111268 111293 536
111311 111293 2250
111295 111307 1167
111415 111353 418
111415 111417 2179
111415 111492 1812
111415 111493 1432
111600 111417 782
111600 111493 893
111600 111602 840
111611 111602 739
111416 111374 840
111416 111417 1264
111374 111375 950
111374 111416 840
111376 111375 111
111376 111421 884
111376 111428 889
111428 111376 889
111428 111421 434
111428 111423 628
111428 111424 1225
103405 103403 1446
111381 111382 2616
111381 111425 666
111383 111382 1265
103407 103406 983
111405 103406 964
111423 111424 1120
111423 111428 628
112621 112620 1144
104129 104130 809
104078 104077 788
104081 104077 1609
104081 104080 1022
104074 104080 947
104047 104046 373
104047 104109 2080
104108 104109 1408
104113 104109 1145
104156 104155 473
104157 104155 1306
966
107223
107238
107218
107244
108498
107429
108524
108487
109714
107536
109224
108229
109228
108231
109259
93065
92973
93018
92976
93074
93051
92776
92793
92797
92605
92595
92601
92783
92841
194013
194051
194053
192013
191663
191677
191691
191708
192732
191519
191919
191950
191543
191423
191648
191865
191754
192699
192711
192683
194305
192716
192802
114078
114098
114184
114121
114183
109470
109269
109281
113899
109414
109546
109448
109530
109374
109378
109454
109453
109512
109387
105575
105577
109614
109971
109950
109951
109948
109993
109958
111245
110153
111249
111266
111269
111293
111307
111353
111492
111493
111602
111417
111375
111421
103403
111382
111425
103406
111424
112620
104130
104077
104080
104046
104109
104155
104263
105733
103953
103983
112849
112868
112764
112485
112622
112735
112514
112741
112538
112745
104126
104218
104219
104346
104206
104370
104227
104401
104403
104454
39516
104201
104033
104088
104089
39124
104200
39153
39161
39141
39162
39135
39147
104472
104476
104394
104589
104483
104495
104591
39354
39282
39139
39137
39303
39313
39316
37245
37250
37268
37233
37281
38406
38407
39351
37291
38422
40223
40224
40298
40254
40259
40248
40261
40313
40320
40337
40339
40341
40362
40383
40414
50564
40411
36878
40737
40740
40734
40735
40805
40792
56309
56318
39031
40776
40788
40779
41600
41589
41602
41595
41609
47679
48458
50374
50444
48444
48446
48470
48474
48505
48506
48512
47688
47703
47693
47713
47717
47718
48365
48436
48434
48500
47827
48110
48492
48510
48516
48517
48109
48123
48126
48139
48142
48164
48165
48189
48185
48210
48213
48218
48191
48194
48249
48201
48236
48254
48269
48271
131352
131355
131345
131350
131432
131436
131453
131452
131463
131534
131579
131581
131591
131593
131601
131691
131700
131702
131730
131732
131764
131784
131846
131754
132289
132297
131868
131859
131861
131871
53884
53892
53885
50737
50797
50822
53982
54565
54600
54608
54617
54620
54630
54645
54632
54464
54467
54698
54199
54216
54218
51100
54707
54709
54715
54726
53875
53890
53903
53959
54601
53961
53974
54624
55185
150520
150525
150535
150538
150539
150481
150514
150712
140376
143650
150740
143648
140371
140391
140395
140396
140439
140473
141888
141893
141949
140426
140470
140476
141889
140424
140506
140525
140527
140532
140535
141973
141977
141986
141997
141998
143250
143270
143272
143279
143417
143422
143471
143473
143484
142665
142706
143488
142666
143693
143487
143491
142661
142704
142711
142660
142677
142691
142692
142700
142807
142800
142683
142001
143240
143244
143245
142629
142630
142750
142752
142760
142787
142794
144804
144811
144801
144829
144825
204554
204561
204565
204569
204594
204597
204603
204602
204622
203849
204611
204612
204782
204785
204817
204836
204887
204890
204913
204958
204902
151621
144850
144871
144873
145083
145084
145133
145138
145151
145156
145158
145216
145535
145637
145643
145680
145681
145686
145687
145728
145729
145735
145736
145908
145921
145928
145953
145962
146861
146939
146941
197999
197790
211524
213438
215024
211245
211247
211266
214490
208766
208795
208765
167380
167566
167587
167571
152558
152562
152565
152593
152589
153521
162521
162523
152467
152523
152552
152572
152570
167275
168494
167261
168496
167384
167589
166801
168415
166804
166811
167639
166810
168418
168422
167800
168425
152469
152493
152499
152490
180119
180121
177683
180094
180105
179589
180095
179664
179669
180086
180092
180098
180138
180148
180155
180136
180158
179706
182084
179888
182101
182270
179843
179967
179980
152529
152706
152703
152642
152709
152755
152778
152743
152744
153149
153152
153168
152506
155793
155802
155993
155987
155995
156072
156001
156066
155669
156033
156034
155984
156002
155748
155769
155765
155791
155792
153164
153176
153179
153180
153187
153323
153325
153390
153391
153393
153201
153439
153473
155823
153474
155829
172072
155775
155817
171514
173038
173034
173327
173527
173092
173095
173091
173078
173045
173529
172996
173131
173147
173106
173194
173179
173204
177760
173218
173228
173051
173054
173063
173072
173117
177746
173215
173267
174846
174884
174865
174859
174918
155561
153074
156224
176186
176245
176257
176555
176552
176565
176559
176563
176545
176542
156364
156366
176573
176156
155664
155708
156053
155716
156052
155565
156342
156451
156449
156438
156450
156431
156437
156429
156432
156228
156404
156406
156350
156425
156424
156408
156423
156036
156044
156049
156065
156545
156541
156555
156439
156546
156616
156557
156568
156606
156619
156614
156628
177428
177448
177451
177459
177254
177433
177435
177438
177439
177436
177425
177276
177275
177484
176237
177295
176169
176239
176247
176832
176805
176740
176771
176828
176821
176800
165423
167416
167417
165363
167409
167399
167396
165589
165594
165593
165595
165602
165542
165547
165544
165598
165549
165209
165208
165389
167430
167428
167427
167477
167518
167482
167486
167498
167506
165452
165509
167457
167455
167511
165202
165203
165394
165396
165421
165460
165461
164788
164847
164846
211294
211490
211491
211517
208792
208793
208798
211131
211236
211240
211255
211275
215151
211222
211225
211235
211280
195312
211509
215027
213220
214611
212301
212482
212486
212278
212282
212302
212494
212551
212555
212547
164647
164870
164600
164842
164857
164915
164938
164939
212549
114245
114314
116178
113979
113976
113989
113991
114168
114170
118835
118837
118486
119266
119311
119259
119264
119299
119298
118571
118573
118575
119134
119158
119142
119390
119032
119157
119460
102924
92040
92042
102195
94367
94421
94375
102948
94418
92193
92234
92239
92269
94492
94494
94450
94453
92301
92304
94500
92339
92340
92345
92346
92413
92423
92448
92449
107075
107188
93087
93090
93179
93181
93148
93195
93207
107067
107094
108126
107185
107233
107239
107220
107221
107237
107242
107243
107460
107427
107537
108526
108448
108517
108521
108528
109711
108525
108532
108230
108531
109233
93068
92996
92998
92987
92988
93019
93075
93049
92761
92775
92795
92799
92592
92597
92574
92594
92670
92843
194046
194049
194054
192012
192015
191656
191664
191675
191704
192731
191848
192093
191951
194142
191424
191630
191649
191652
191864
191621
191768
192710
192709
192659
192697
192671
192713
119218
114080
114097
114230
114231
114120
114122
114124
114268
109471
109473
109263
109270
108921
113900
109413
109415
109402
109449
109520
113662
109362
109433
109377
109450
109452
109425
109420
109389
109689
109964
109613
109615
109972
110128
109968
103283
110089
109994
109956
110154
111252
111251
111268
111311
111295
111415
111416
111374
111376
103405
111381
111383
111405
111423
104129
104078
104074
104047
104108
104157
