1786
197437 197438 1023
197437 197440 805
194691 197440 1511
194691 197444 839
194691 197445 1073
197445 194691 1073
197445 197444 501
197361 197367 1002
197459 197367 1710
197459 197473 805
197352 197444 971
197352 197447 2103
214754 197462 169
197467 194700 168
197470 197471 965
197470 197472 751
197470 197478 300
197469 197473 1769
197469 197476 816
197469 197478 263
188992 188993 3221
188997 188998 466
188999 189000 1732
189420 189413 1021
189420 189417 777
187384 187383 582
187384 187386 669
187520 187388 2693
187520 189408 828
187520 189411 2678
187528 189411 766
187528 189413 1658
189413 187528 1658
189413 189415 812
189413 189420 1021
52586 52545 3623
52568 52566 605
52568 52577 952
52570 52572 403
52570 52578 1484
56587 52495 639
187358 187362 819
187358 187386 598
187386 187358 598
187386 187384 669
187386 187385 533
187363 187362 1446
187363 190614 731
190501 190614 2102
189647 189645 878
189647 189646 2735
189671 189645 2272
189753 189676 1726
198029 198030 814
198029 198033 2715
198032 198033 814
198032 198037 465
198007 198008 942
198007 198030 2920
197365 197366 805
197365 197367 1681
197403 197366 1470
197405 197366 742
197405 197410 805
197405 197475 1719
197409 197410 1396
197409 197411 695
197417 197411 1485
197421 197411 780
197421 197486 1436
197492 197486 816
197492 197489 1812
197492 197493 744
197493 197492 744
197493 197496 661
197493 197497 1639
197495 197496 1471
197495 198445 804
198445 197495 804
198445 197499 1383
198448 198452 434
198088 198093 538
198083 198084 367
198083 198085 815
198465 198466 901
198465 198468 1141
198467 198468 599
198467 198471 516
197917 197918 731
197917 198472 1733
197918 197917 731
197918 198473 796
197918 198474 833
197919 197930 815
197919 198474 1944
197928 197929 751
197928 197930 2976
197931 197929 1344
197931 197932 962
197931 197960 1680
197942 197962 796
197960 197931 1680
197960 197961 800
197960 197962 2124
197946 197957 670
197946 197962 1212
197955 197956 841
197955 197957 1901
197955 198084 3022
198020 198021 1291
198020 198022 674
198019 198008 1551
198019 198021 928
198024 198025 956
198024 198050 2666
198027 198025 2183
198027 198053 936
198022 198020 674
198022 198049 1408
198022 198050 881
198092 198053 254
198092 198112 337
198092 198113 966
198094 198093 1081
198094 198097 1212
198094 198098 679
198096 198117 201
198109 198110 7206
198109 198112 1891
198112 198092 337
198112 198109 1891
198112 198114 454
199111 199110 1008
199111 214340 128
199112 199110 1457
215096 214340 227
202231 202222 853
202231 202227 1171
202231 202235 1268
202233 202232 341
202299 202235 1338
199433 199434 932
199433 202230 2769
202314 199105 363
202314 199117 353
199116 199115 683
199117 199115 2940
199117 202314 353
202309 202322 220
202320 202323 2688
202320 202340 591
202864 202340 2642
202864 202865 203
202986 214895 2105
202986 215082 203
202987 204543 2595
202988 202980 580
202988 215082 294
203082 214844 324
214816 214819 369
214959 203079 1910
203052 203057 605
203052 203058 3388
203056 203058 681
203056 203074 774
203056 205218 1710
203074 203056 774
203074 205217 1691
205215 205217 683
205215 205222 1192
203049 203050 384
203049 203051 686
205222 205215 1192
205222 205223 663
205222 205233 843
205231 205230 1802
205231 205234 779
205233 205222 843
205233 205238 846
205271 205232 769
205271 205234 808
205273 205234 1991
205273 205240 981
205273 205277 1524
205274 205277 937
205274 205287 1436
205428 205424 1345
205428 205431 297
205431 205428 297
205431 205432 906
205440 205432 2085
205452 205457 2424
205456 205454 492
205450 205454 1778
205450 205455 918
199032 199025 1682
199032 199033 884
199034 214898 1047
199042 199033 2099
199042 199039 686
199045 199039 1897
199045 199048 490
199077 199074 540
199077 199089 697
199094 199098 433
199094 199102 420
199102 199094 420
199102 199103 1533
199114 199115 1328
199108 199110 630
199108 214340 1711
205455 205450 918
205455 205460 1783
205461 205460 774
205464 206061 774
206059 206060 548
206059 206061 1346
206088 206086 947
206088 206089 1085
206102 206089 220
206107 206104 2024
206107 206108 900
206108 206107 900
206108 206117 2100
206108 206119 772
206108 206126 2034
206306 206126 1159
206309 206318 1533
206402 206403 238
206412 206415 1891
206412 208841 802
208841 206412 802
208841 208842 1946
208844 208842 1585
208844 208847 347
208859 208857 1752
208901 208902 213
208901 208903 1489
208904 214357 1030
208998 208997 1525
208998 209023 2266
208912 208911 596
208913 208915 1910
208913 208916 825
209011 208997 1839
208984 208996 692
208984 209000 1759
208995 208994 751
208995 208996 2035
208994 208991 908
208994 208995 751
208994 208999 2136
208986 209000 918
208992 208991 726
208992 208993 2106
201834 201830 1217
201826 201830 751
201920 201916 686
201924 201923 736
201924 201928 1509
201924 201929 736
201929 201924 736
201929 201941 1457
201942 201941 744
202039 202038 872
202039 214790 704
202039 214791 412
213694 213695 796
213690 213691 838
213690 213695 1237
202035 181385 2827
202035 213688 486
202035 213703 342
213696 213697 325
202026 202032 1021
202030 202032 1116
202042 202045 956
202042 202048 1246
202042 202049 274
202046 202047 823
202046 214803 534
202038 202039 872
202038 202047 2189
202038 213721 1517
202025 202027 704
202025 202043 653
201944 201943 848
201944 201990 1602
201992 201990 875
201992 201991 1726
201992 201995 981
201995 201992 981
201995 201997 698
201998 201997 1074
201998 202011 756
194626 209002 1637
194626 209003 686
208993 208992 2106
208993 209002 715
209028 209023 1162
209072 209068 759
209072 209073 1674
209074 209064 1247
209074 209073 1142
209074 209081 2137
209064 209074 1247
209064 209083 1413
209711 209083 1695
209711 209712 1169
209712 209088 1211
209712 209711 1169
209714 208925 1114
209714 209722 1030
209755 209727 716
209755 209757 2598
209756 209757 755
209731 209730 621
202171 209948 156
198933 198934 351
202036 202037 319
202036 209869 699
209893 209898 2551
201711 201710 1276
201722 201778 149
201756 201757 1327
201756 214470 511
214592 201720 574
201829 201828 359
201829 201830 1105
201911 201910 1873
201911 201916 1390
201773 201764 2165
201773 201774 947
201910 201911 1873
201910 201912 208
193820 193821 1254
193820 193823 352
193821 193729 12681
193821 193820 1254
193383 193381 5349
193389 193406 5859
193392 193391 2248
190913 190914 507
190913 193340 79
193790 190925 3477
193790 193563 1802
193800 191043 1258
193800 193789 5560
105584 105585 251
105584 105639 10249
193773 193688 1873
193773 193774 1376
193776 193759 263
193776 193775 250
193766 193756 3153
193766 193762 238
193780 193781 2605
192364 192377 2991
192379 192377 3033
193536 193532 9231
193536 193534 9235
193696 193692 4926
193707 193710 325
193995 193732 2874
193995 193997 1062
193675 193673 4331
193675 193677 633
193677 193675 633
193677 193676 1448
193744 193743 1144
193744 193752 334
193752 193744 334
193752 193754 1858
193752 193755 1671
193756 193755 394
193756 193766 3153
29696 29697 466
29696 29698 637
29696 29699 1070
35180 35183 285
29711 29710 715
29711 29713 2385
35012 35011 184
35015 29689 1826
28717 35010 4389
29703 29704 3941
29703 29791 6185
35009 29776 1014
29719 29720 1927
29719 29723 2087
29787 28954 1239
29787 29786 421
11188 11158 13233
11188 29808 655
29815 23300 653
29815 34418 1063
29816 29810 204
29816 29817 503
30059 29806 762
30059 29934 5537
28945 28946 1512
34863 34867 1022
34863 34870 1295
30129 30130 2549
23427 23426 353
30077 30076 1095
30205 22195 1421
30205 30206 2631
30205 30212 746
30219 30218 1471
30219 31348 693
31361 31350 1663
31361 31362 798
31350 31347 1125
31350 31349 1445
31350 31361 1663
31356 31353 438
31356 31357 994
29924 29923 1516
31357 31356 994
31357 31360 2603
31380 31378 801
31380 31379 2394
31380 32060 671
32058 32060 744
34047 32098 432
32138 34737 2060
32121 32122 1820
32121 32123 984
32157 32116 1882
32157 32154 1138
32164 32163 149
32164 32206 444
32184 32169 1229
32184 32188 328
32181 32179 2092
32181 32190 2008
32181 32191 1482
32188 32184 328
32188 32186 525
32256 32255 1331
32259 32258 1654
32114 32112 1333
32114 32115 4253
32116 32117 2650
32116 32157 1882
32149 34727 3737
32149 34728 763
7409 7397 249
7409 7408 882
7472 7473 1059
7472 7474 1312
7480 7474 1076
7479 7474 1502
14426 14424 520
14789 14524 1060
14789 14815 787
14809 14800 846
14809 14804 1398
14795 14794 884
14795 14796 981
14840 14838 515
14840 14855 452
14858 14883 1207
14884 14883 473
14884 14941 8054
15150 15138 1091
15150 15151 2445
15184 15174 688
15184 15187 2475
15455 15190 1955
15455 15454 473
15458 15204 707
15458 15254 1663
15697 15712 1559
15708 19098 2028
19102 19103 7335
19125 19115 260
19157 19158 2409
19157 19159 2347
19160 19161 238
19160 19186 3495
19138 19135 1344
19138 19139 1141
15569 15570 445
15589 15588 530
15589 15590 725
15682 15683 158
225412 225413 2405
225414 234244 466
15711 15710 949
15711 15719 1466
15719 15711 1466
15719 15720 550
16089 19120 1120
16078 16079 452
19553 19550 3054
19553 19561 1425
19597 34258 746
19563 19555 1310
19563 19560 511
19583 19582 1221
19583 19584 1425
19613 19578 757
19615 19586 1031
19615 19616 671
19616 19615 671
19616 19619 2334
19617 19628 750
19623 19753 1075
19627 19631 1085
19627 19633 1848
19637 19635 327
19849 19706 714
19849 19859 1635
19849 19861 707
19857 19858 930
19857 34511 747
19861 19849 707
19861 19862 905
19883 19918 2272
19883 19919 607
19907 19906 982
19907 19910 2376
19911 19910 1061
19911 19912 2347
19220 19221 431
19919 19883 607
19919 34753 117
19914 19912 982
19914 19954 354
19954 19914 354
19954 20168 1006
20123 20119 818
20123 20124 1061
20169 20125 1729
21888 21889 905
20001 19988 788
20001 20002 562
20010 20008 3124
19384 19374 1085
19384 19376 2077
19435 19432 1495
19440 19437 344
19440 19443 2766
19491 19386 148
19507 19503 238
19509 19496 927
19994 19991 939
20026 19993 1410
20027 20025 676
20027 20028 580
19535 19530 938
19535 19534 2085
19537 19534 764
19537 19539 1188
19546 19539 826
19546 19544 2453
19549 19544 788
19549 20055 950
19549 20606 1827
20050 20054 1072
20050 20055 1530
20051 20054 809
20051 20065 536
20065 20051 536
20065 20066 1877
20067 20071 737
20060 20062 2685
20068 20073 696
20068 20085 904
20070 20071 1028
20070 20073 403
20095 20092 1114
20095 20096 1007
20099 20092 1072
20091 20088 938
20091 20092 1167
20613 20611 58
20613 34394 570
20618 20602 877
20618 20629 557
20619 34393 680
34395 20608 410
20607 20055 1919
20607 20606 1062
20607 20897 604
20898 20897 950
20898 20900 671
20630 20629 1208
20630 20633 950
20636 20633 336
20636 20637 1208
20900 20898 671
20900 20903 2140
20904 20902 975
20904 20903 806
20637 20636 1208
20637 20924 557
20925 20924 1944
20644 20635 2279
20929 20645 1675
20697 20627 4896
20697 20999 1114
21000 20999 2016
21014 21006 238
21014 21015 1282
20936 20997 667
21015 21014 1282
21015 21020 2823
21015 21027 1140
21067 21028 1008
21029 21025 809
21029 21030 847
21031 21030 1073
21031 21070 511
21316 25847 947
25849 25847 1151
25848 25847 975
25857 25858 612
25841 25752 2970
25895 25832 2004
25837 25829 1022
25903 25902 9138
25903 35410 2888
27810 27800 751
27810 27819 419
27842 27820 2845
27842 27836 605
27844 27845 1157
27844 27940 252
27941 27940 672
27941 27943 1919
27954 27943 1529
27954 27962 1031
21026 21020 1663
21026 21021 2068
21037 21022 2882
21037 21290 782
21024 34313 562
21298 21297 750
21298 21306 737
21308 21306 1410
21308 21309 697
21300 21290 1208
21300 21301 818
28019 27962 1198
28098 28087 1341
28098 28099 847
28098 28103 1612
28087 28069 2617
28087 28098 1341
27772 21387 6813
27773 27760 650
27785 27775 511
28150 28142 1209
28155 28152 279
28156 28157 1345
51090 51089 279
51090 51091 348
51096 51095 1398
51096 51097 252
51096 51098 505
51099 51098 177
51099 56624 436
51107 51105 1483
51107 51110 581
51024 51022 1345
51024 51028 951
51033 51039 810
51040 51031 1168
51040 51039 1086
51040 51045 810
51050 51051 939
50749 50745 2147
50749 50965 333
50749 50966 1669
56670 51056 797
51080 51055 682
51120 51137 751
51120 56739 177
56745 56747 3097
56745 56753 1016
51575 51576 373
51554 51555 3823
51554 51563 788
51554 51582 1756
51586 51590 610
51594 51590 709
51565 51561 788
51565 51562 1853
51565 51564 511
51564 51563 1885
51564 51565 511
51582 51554 1756
51582 51590 202
51944 51561 3440
51944 51965 374
51956 51954 629
51956 51970 403
51965 51942 336
51965 51944 374
51974 51971 1460
52611 51982 807
52611 52629 336
52630 52628 747
52630 52629 2087
52630 52632 1756
50625 50624 2087
50625 50627 848
52632 52630 1756
52632 52634 747
52648 50627 1947
52648 52634 1815
52648 52652 836
50624 50625 2087
50624 50626 1000
50637 52729 1015
50637 52737 72
186335 186334 827
186336 186334 1502
186336 186339 737
186336 189417 3110
186993 186994 806
186993 186997 850
186346 186334 1591
186346 186345 812
186346 186942 1538
186941 186942 835
186941 186948 1444
186946 186947 318
186946 186951 857
186949 186951 741
186949 186994 1324
186996 186997 783
187024 186998 1363
187024 187011 785
187027 187028 612
187027 187029 852
187011 187007 1372
187011 187010 216
187011 187024 785
187029 187023 776
187029 187027 852
187032 186978 738
187032 187010 205
194533 194532 683
194533 194538 1706
194533 194629 1717
194533 214426 133
190694 187020 491
194550 194547 554
194550 194551 367
197429 194551 761
197429 194585 871
197438 194585 1539
197438 197437 1023
197438 197439 661
197440 194691 1511
197440 197437 805
197440 197439 1123
197440 197446 815
197444 194691 839
197444 197352 971
197444 197445 501
197444 197446 1686
197367 197361 1002
197367 197365 1681
197367 197404 870
197367 197459 1710
197473 197404 1618
197473 197459 805
197473 197469 1769
197473 197474 741
197447 194589 1709
197447 197352 2103
197447 197446 805
197447 197448 751
197462 197448 497
197462 214754 169
194700 194699 477
194700 197467 168
197471 194702 1354
197471 194707 816
197471 197470 965
197472 194707 1070
197472 197470 751
197472 197479 870
197478 194716 2319
197478 197469 263
197478 197470 300
197476 197469 816
197476 197474 1719
197476 197480 670
188993 188992 3221
188998 188997 466
189000 188999 1732
189000 189001 517
189000 189001 517
189417 186336 3110
189417 189415 720
189417 189416 753
189417 189420 777
187383 187384 582
187383 187385 892
187383 187388 204
187388 187362 1250
187388 187383 204
187388 187387 777
187388 187520 2693
189408 187387 2637
189408 187520 828
189408 189407 819
189408 189410 2728
189411 187520 2678
189411 187528 766
189411 189410 842
189411 189415 2008
189415 189411 2008
189415 189412 869
189415 189413 812
189415 189417 720
52545 52537 2634
52545 52546 1031
52545 52585 713
52545 52586 3623
52566 52560 202
52566 52568 605
52566 52574 2380
52577 52568 952
52577 52578 1577
52577 52579 766
52572 52570 403
52578 52570 1484
52578 52577 1577
52578 52579 2155
52495 52374 371
52495 52491 1970
52495 52494 3006
52495 56587 639
187362 187314 752
187362 187316 830
187362 187358 819
187362 187363 1446
187362 187385 465
187362 187388 1250
187385 187362 465
187385 187383 892
187385 187386 533
190614 187316 1096
190614 187363 731
190614 189646 842
190614 190501 2102
189645 189643 2777
189645 189644 488
189645 189647 878
189645 189671 2272
189646 187315 801
189646 189643 916
189646 189647 2735
189646 190614 842
189676 189674 2698
189676 189675 806
189676 189753 1726
198030 198007 2920
198030 198029 814
198030 198035 750
198030 198038 2728
198033 198029 2715
198033 198032 814
198033 198038 801
198037 198032 465
198008 198007 942
198008 198019 1551
198008 198034 815
198008 198035 2891
197366 197365 805
197366 197403 1470
197366 197404 1770
197366 197405 742
197410 197405 805
197410 197409 1396
197410 197483 1719
197410 197485 804
197475 197404 814
197475 197405 1719
197475 197474 1671
197475 197483 805
197411 197409 695
197411 197417 1485
197411 197421 780
197411 197485 1431
197486 197421 1436
197486 197485 805
197486 197487 1775
197486 197492 816
197489 197487 730
197489 197491 640
197489 197492 1812
197489 197497 817
197496 197493 661
197496 197495 1471
197496 197498 1399
197496 197499 946
197497 197489 817
197497 197493 1639
197497 197498 833
197499 197496 946
197499 198445 1383
197499 198451 385
197499 198452 431
198452 197499 431
198452 198448 434
198452 198451 419
198452 198453 1065
198093 198085 1898
198093 198088 538
198093 198094 1081
198084 197955 3022
198084 198083 367
198085 198083 815
198085 198093 1898
198085 198097 751
198085 198099 721
198466 198465 901
198466 198469 544
198468 198465 1141
198468 198467 599
198468 198471 784
198471 198467 516
198471 198468 784
198471 198472 652
198472 197917 1733
198472 198471 652
198472 198475 810
198473 197918 796
198473 198474 1234
198473 198475 238
198474 197918 833
198474 197919 1944
198474 198473 1234
198474 198478 1027
197930 197919 815
197930 197928 2976
197930 197934 670
197930 198478 1196
197929 197928 751
197929 197931 1344
197929 197933 805
197929 197934 3022
197932 197931 962
197932 197933 781
197932 197961 2216
197932 197965 1112
197962 197942 796
197962 197946 1212
197962 197960 2124
197962 197963 750
197961 197932 2216
197961 197960 800
197961 197963 1970
197961 197964 942
197957 197946 670
197957 197955 1901
197957 197958 953
197957 197963 1436
197956 197955 841
197956 197958 2086
197956 197959 805
197956 198099 2532
198021 198019 928
198021 198020 1291
198021 198034 1454
198021 198049 679
198025 198024 956
198025 198027 2183
198050 198022 881
198050 198024 2666
198053 198027 936
198053 198092 254
198049 198021 679
198049 198022 1408
198113 198092 966
198097 198085 751
198097 198094 1212
198098 198094 679
198117 198096 201
198110 198109 7206
198114 198112 454
199110 199108 630
199110 199111 1008
199110 199112 1457
214340 199108 1711
214340 199111 128
214340 215096 227
202222 202231 853
202222 202232 734
202227 202231 1171
202235 202231 1268
202235 202299 1338
202232 202222 734
202232 202230 548
202232 202233 341
199434 199433 932
202230 199433 2769
202230 202232 548
199105 199103 2989
199105 202314 363
199115 199103 797
199115 199114 1328
199115 199116 683
199115 199117 2940
202322 202309 220
202322 202323 605
202323 202320 2688
202323 202322 605
202340 202320 591
202340 202864 2642
202865 202864 203
214895 202986 2105
215082 202986 203
215082 202988 294
204543 202987 2595
202980 202988 580
214844 203082 324
214819 203050 222
214819 214816 369
203079 214959 1910
203057 203051 1253
203057 203052 605
203058 203052 3388
203058 203056 681
205218 203056 1710
205218 205217 772
205217 203074 1691
205217 205215 683
205217 205218 772
205217 205223 1354
203050 203049 384
203050 214819 222
203051 203049 686
203051 203057 1253
205223 205217 1354
205223 205222 663
205230 205231 1802
205230 205232 892
205234 205231 779
205234 205238 1042
205234 205271 808
205234 205273 1991
205238 205233 846
205238 205234 1042
205238 205240 1844
205232 205230 892
205232 205271 769
205240 205238 1844
205240 205273 981
205277 205273 1524
205277 205274 937
205287 205274 1436
205424 205428 1345
205432 205431 906
205432 205440 2085
205457 205452 2424
205457 205454 612
205457 205460 237
205454 205450 1778
205454 205456 492
205454 205457 612
199025 199032 1682
199033 199032 884
199033 199042 2099
214898 199034 1047
199039 199042 686
199039 199045 1897
199048 199045 490
199048 199074 1396
199074 199048 1396
199074 199077 540
199089 199077 697
199098 199094 433
199103 199102 1533
199103 199105 2989
199103 199115 797
205460 205455 1783
205460 205457 237
205460 205461 774
206061 205464 774
206061 206059 1346
206060 206059 548
206086 206088 947
206089 206088 1085
206089 206102 220
206089 206104 549
206104 206089 549
206104 206107 2024
206117 206108 2100
206119 206108 772
206126 206108 2034
206126 206306 1159
206318 206309 1533
206403 206402 238
206403 206415 1115
206415 206403 1115
206415 206412 1891
206415 208842 902
208842 206415 902
208842 208841 1946
208842 208844 1585
208847 208844 347
208857 208859 1752
208902 208901 213
208903 208901 1489
214357 208904 1030
214357 208911 1048
208997 208998 1525
208997 209011 1839
209023 208998 2266
209023 209000 401
209023 209028 1162
208911 208912 596
208911 214357 1048
208915 208913 1910
208916 208913 825
208996 208984 692
208996 208995 2035
208996 208999 710
209000 208984 1759
209000 208986 918
209000 209023 401
208991 208992 726
208991 208994 908
208991 209002 2128
208999 208994 2136
208999 208996 710
208999 209002 834
208999 209003 1696
201830 201826 751
201830 201829 1105
201830 201834 1217
201916 201911 1390
201916 201920 686
201923 201924 736
201928 201924 1509
201928 201941 853
201928 201943 2138
201941 201928 853
201941 201929 1457
201941 201942 744
214790 202039 704
214791 202039 412
213695 213690 1237
213695 213694 796
213691 213690 838
213691 213697 673
181385 202035 2827
213688 202035 486
213703 202035 342
213697 213691 673
213697 213696 325
202032 202026 1021
202032 202030 1116
202045 202042 956
202045 202043 1648
202048 202042 1246
202048 202047 1527
202049 202042 274
202047 202038 2189
202047 202046 823
202047 202048 1527
214803 202046 534
213721 202038 1517
202027 202025 704
202043 202025 653
202043 202045 1648
201943 201928 2138
201943 201944 848
201990 201944 1602
201990 201992 875
201991 201992 1726
201997 201995 698
201997 201998 1074
202011 201998 756
209002 194626 1637
209002 208991 2128
209002 208993 715
209002 208999 834
209003 194626 686
209003 208999 1696
209068 209072 759
209073 209072 1674
209073 209074 1142
209081 209074 2137
209083 209064 1413
209083 209711 1695
209088 209712 1211
208925 209714 1114
209722 209714 1030
209722 209727 901
209727 209722 901
209727 209755 716
209757 209755 2598
209757 209756 755
209730 209731 621
209948 202171 156
198934 198933 351
202037 202036 319
209869 202036 699
209898 209893 2551
201710 201711 1276
201778 201722 149
201757 201756 1327
214470 201756 511
201720 214592 574
201828 201829 359
201764 201773 2165
201774 201773 947
201912 201910 208
193823 193820 352
193729 193821 12681
193381 193383 5349
193406 193389 5859
193391 193392 2248
190914 190913 507
193340 190913 79
190925 193790 3477
193563 193790 1802
191043 193800 1258
193789 193800 5560
105585 105584 251
105639 105584 10249
193688 193773 1873
193774 193773 1376
193774 193775 1246
193774 193775 1246
193759 193762 315
193759 193776 263
193775 193774 1246
193775 193774 1246
193775 193776 250
193762 193759 315
193762 193766 238
193781 193780 2605
192377 192364 2991
192377 192379 3033
193532 193536 9231
193534 193536 9235
193692 193696 4926
193710 193707 325
193732 193995 2874
193997 193995 1062
193673 193675 4331
193676 193677 1448
193743 193744 1144
193754 193752 1858
193754 193755 531
193755 193752 1671
193755 193754 531
193755 193756 394
29697 29696 466
29698 29696 637
29699 29696 1070
35183 35180 285
29710 29711 715
29713 29711 2385
35011 35010 127
35011 35012 184
29689 35015 1826
35010 28717 4389
35010 35011 127
29704 29703 3941
29791 29703 6185
29776 35009 1014
29720 29719 1927
29723 29719 2087
28954 28946 2329
28954 29787 1239
29786 29787 421
11158 11188 13233
29808 11188 655
23300 29815 653
34418 29815 1063
29810 29816 204
29817 29816 503
29806 30059 762
29934 30059 5537
28946 28945 1512
28946 28954 2329
34867 34863 1022
34870 34863 1295
30130 30129 2549
23426 23427 353
30076 30077 1095
22195 30205 1421
30206 30205 2631
30212 30205 746
30218 30219 1471
31348 30219 693
31348 31349 2117
31362 31361 798
31347 31350 1125
31347 31353 1833
31349 31348 2117
31349 31350 1445
31353 31347 1833
31353 31356 438
29923 29924 1516
31360 31357 2603
31378 31380 801
31379 31380 2394
32060 31380 671
32060 32058 744
32098 34047 432
34737 32138 2060
32122 32121 1820
32123 32112 523
32123 32121 984
32154 32157 1138
32163 32164 149
32163 32169 2450
32206 32164 444
32169 32163 2450
32169 32184 1229
32179 32181 2092
32190 32181 2008
32191 32181 1482
32186 32188 525
32255 32256 1331
32258 32259 1654
32112 32114 1333
32112 32123 523
32115 32114 4253
32117 32116 2650
34727 32149 3737
34728 32149 763
7397 7409 249
7408 7409 882
7473 7472 1059
7474 7472 1312
7474 7479 1502
7474 7480 1076
14424 14426 520
14524 14789 1060
14815 14789 787
14800 14809 846
14804 14809 1398
14794 14795 884
14796 14795 981
14838 14840 515
14855 14840 452
14883 14858 1207
14883 14884 473
14941 14884 8054
15138 15150 1091
15151 15150 2445
15174 15184 688
15187 15184 2475
15190 15455 1955
15454 15204 1022
15454 15455 473
15204 15454 1022
15204 15458 707
15254 15458 1663
15712 15697 1559
19098 15708 2028
19098 19103 2963
19103 19098 2963
19103 19102 7335
19115 19125 260
19158 19157 2409
19159 19157 2347
19161 19160 238
19186 19160 3495
19135 19138 1344
19139 19138 1141
15570 15569 445
15588 15589 530
15590 15589 725
15683 15682 158
225413 225412 2405
234244 225414 466
15710 15711 949
15720 15719 550
19120 16089 1120
19120 19550 1282
16079 16078 452
19550 19120 1282
19550 19553 3054
19561 19553 1425
34258 19597 746
19555 19563 1310
19560 19563 511
19582 19578 2677
19582 19583 1221
19584 19583 1425
19584 19586 1575
19578 19582 2677
19578 19613 757
19586 19584 1575
19586 19615 1031
19619 19616 2334
19628 19617 750
19753 19623 1075
19631 19627 1085
19633 19627 1848
19635 19637 327
19706 19849 714
19859 19849 1635
19858 19857 930
34511 19857 747
19862 19861 905
19918 19883 2272
19906 19907 982
19910 19907 2376
19910 19911 1061
19912 19911 2347
19912 19914 982
19912 20119 2110
19221 19220 431
34753 19919 117
20168 19954 1006
20168 20125 1002
20119 19912 2110
20119 20123 818
20119 20125 1303
20124 20123 1061
20125 20119 1303
20125 20168 1002
20125 20169 1729
21889 21888 905
19988 20001 788
20002 20001 562
20008 20010 3124
19374 19384 1085
19374 19386 3136
19376 19384 2077
19432 19435 1495
19437 19440 344
19443 19440 2766
19386 19374 3136
19386 19491 148
19503 19507 238
19496 19509 927
19991 19993 1351
19991 19994 939
19993 19991 1351
19993 20025 818
19993 20026 1410
20025 19993 818
20025 20027 676
20028 20027 580
19530 19535 938
19534 19535 2085
19534 19537 764
19539 19537 1188
19539 19546 826
19544 19546 2453
19544 19549 788
20055 19549 950
20055 20050 1530
20055 20607 1919
20606 19549 1827
20606 20607 1062
20054 20050 1072
20054 20051 809
20066 20065 1877
20071 20067 737
20071 20070 1028
20062 20060 2685
20073 20068 696
20073 20070 403
20085 20068 904
20092 20091 1167
20092 20095 1114
20092 20099 1072
20096 20095 1007
20088 20091 938
20611 20602 1395
20611 20613 58
34394 20613 570
20602 20611 1395
20602 20618 877
20629 20618 557
20629 20630 1208
34393 20619 680
20608 34395 410
20897 20607 604
20897 20898 950
20633 20630 950
20633 20636 336
20903 20900 2140
20903 20904 806
20902 20904 975
20924 20637 557
20924 20925 1944
20635 20644 2279
20645 20929 1675
20627 20697 4896
20999 20697 1114
20999 20997 556
20999 21000 2016
21006 21014 238
20997 20936 667
20997 20999 556
21020 21015 2823
21020 21025 1085
21020 21026 1663
21027 21015 1140
21027 21025 2985
21027 21028 1022
21028 21027 1022
21028 21030 1797
21028 21067 1008
21025 21020 1085
21025 21027 2985
21025 21029 809
21030 21028 1797
21030 21029 847
21030 21031 1073
21070 21031 511
25847 21316 947
25847 25848 975
25847 25849 1151
25858 25857 612
25752 25841 2970
25832 25895 2004
25829 25837 1022
25902 25903 9138
35410 25903 2888
27800 27810 751
27819 27810 419
27819 27820 1292
27820 27819 1292
27820 27842 2845
27836 27842 605
27845 27844 1157
27940 27844 252
27940 27941 672
27943 27941 1919
27943 27954 1529
27962 27954 1031
27962 28019 1198
21021 21022 983
21021 21026 2068
21022 21021 983
21022 21037 2882
21290 21037 782
21290 21300 1208
34313 21024 562
21297 21298 750
21306 21298 737
21306 21308 1410
21309 21308 697
21301 21300 818
28099 28098 847
28103 28098 1612
28069 28087 2617
21387 27772 6813
27760 27773 650
27775 27785 511
28142 28150 1209
28152 28155 279
28157 28156 1345
51089 51090 279
51091 51090 348
51095 51096 1398
51097 51096 252
51098 51096 505
51098 51099 177
56624 51099 436
51105 51107 1483
51110 51107 581
51022 50966 1675
51022 51024 1345
51028 51024 951
51028 51039 276
51039 51028 276
51039 51033 810
51039 51040 1086
51031 51040 1168
51045 51040 810
51045 51051 279
51051 51045 279
51051 51050 939
50745 50749 2147
50965 50749 333
50966 50749 1669
50966 51022 1675
51056 51055 57
51056 56670 797
51055 51056 57
51055 51080 682
51137 51120 751
56739 51120 177
56747 56745 3097
56753 56745 1016
51576 51575 373
51555 51554 3823
51563 51554 788
51563 51562 747
51563 51564 1885
51590 51582 202
51590 51586 610
51590 51594 709
51561 51565 788
51561 51944 3440
51562 51563 747
51562 51565 1853
51954 51956 629
51970 51956 403
51970 51971 336
51942 51965 336
51971 51970 336
51971 51974 1460
51982 52611 807
52629 52611 336
52629 52630 2087
52628 52630 747
52628 52634 1756
50627 50625 848
50627 50626 2490
50627 52648 1947
52634 52628 1756
52634 52632 747
52634 52648 1815
52652 52648 836
50626 50624 1000
50626 50627 2490
52729 50637 1015
52737 50637 72
186334 186335 827
186334 186336 1502
186334 186346 1591
186339 186336 737
186339 189416 3101
186994 186949 1324
186994 186993 806
186994 186998 841
186997 186993 850
186997 186996 783
186997 186998 791
186345 186346 812
186942 186346 1538
186942 186941 835
186948 186941 1444
186948 186947 403
186947 186946 318
186947 186948 403
186951 186946 857
186951 186949 741
186998 186994 841
186998 186997 791
186998 187007 728
186998 187024 1363
187028 187027 612
187007 186998 728
187007 187011 1372
187010 186978 579
187010 187011 216
187010 187032 205
187023 186978 1135
187023 187029 776
186978 187010 579
186978 187023 1135
186978 187032 738
194532 194533 683
194538 194533 1706
194538 194629 205
194629 194533 1717
194629 194538 205
214426 194533 133
187020 190694 491
194547 194550 554
194551 194550 367
194551 197429 761
194585 197429 871
194585 197438 1539
197439 197438 661
197439 197440 1123
197446 197440 815
197446 197444 1686
197446 197447 805
197404 197366 1770
197404 197367 870
197404 197473 1618
197404 197475 814
197474 197473 741
197474 197475 1671
197474 197476 1719
194589 197447 1709
197448 197447 751
197448 197462 497
194699 194700 477
194699 194702 870
194702 194699 870
194702 197471 1354
194707 197471 816
194707 197472 1070
197479 197472 870
194716 197478 2319
197480 197476 670
189001 189000 517
189001 189000 517
189416 186339 3101
189416 189412 417
189416 189417 753
187387 187314 1284
187387 187388 777
187387 189408 2637
189407 189408 819
189410 189408 2728
189410 189411 842
189410 189412 2285
189412 189410 2285
189412 189415 869
189412 189416 417
52537 52545 2634
52546 52545 1031
52585 52545 713
52560 52566 202
52574 52566 2380
52574 52579 418
52579 52574 418
52579 52577 766
52579 52578 2155
52374 52495 371
52491 52495 1970
52494 52495 3006
187314 187316 385
187314 187362 752
187314 187387 1284
187316 187314 385
187316 187315 879
187316 187362 830
187316 190614 1096
189643 189645 2777
189643 189646 916
189644 189645 488
187315 187316 879
187315 189646 801
189674 189676 2698
189675 189676 806
198035 198008 2891
198035 198030 750
198038 198030 2728
198038 198033 801
198034 198008 815
198034 198021 1454
197483 197410 1719
197483 197475 805
197485 197410 804
197485 197411 1431
197485 197486 805
197487 197486 1775
197487 197489 730
197491 197489 640
197498 197496 1399
197498 197497 833
197498 198451 1419
198451 197498 1419
198451 197499 385
198451 198452 419
198453 198452 1065
198099 197956 2532
198099 198085 721
198469 198466 544
198475 198472 810
198475 198473 238
198478 197930 1196
198478 198474 1027
197934 197929 3022
197934 197930 670
197933 197929 805
197933 197932 781
197965 197932 1112
197965 197964 2725
197963 197957 1436
197963 197961 1970
197963 197962 750
197964 197958 3389
197964 197961 942
197964 197965 2725
197958 197956 2086
197958 197957 953
197958 197964 3389
197959 197956 805
812
197437
194691
197445
197361
197459
197352
214754
197467
197470
197469
188992
188997
188999
189420
187384
187520
187528
189413
52586
52568
52570
56587
187358
187386
187363
190501
189647
189671
189753
198029
198032
198007
197365
197403
197405
197409
197417
197421
197492
197493
197495
198445
198448
198088
198083
198465
198467
197917
197918
197919
197928
197931
197942
197960
197946
197955
198020
198019
198024
198027
198022
198092
198094
198096
198109
198112
199111
199112
215096
202231
202233
202299
199433
202314
199116
199117
202309
202320
202864
202986
202987
202988
203082
214816
214959
203052
203056
203074
205215
203049
205222
205231
205233
205271
205273
205274
205428
205431
205440
205452
205456
205450
199032
199034
199042
199045
199077
199094
199102
199114
199108
205455
205461
205464
206059
206088
206102
206107
206108
206306
206309
206402
206412
208841
208844
208859
208901
208904
208998
208912
208913
209011
208984
208995
208994
208986
208992
201834
201826
201920
201924
201929
201942
202039
213694
213690
202035
213696
202026
202030
202042
202046
202038
202025
201944
201992
201995
201998
194626
208993
209028
209072
209074
209064
209711
209712
209714
209755
209756
209731
202171
198933
202036
209893
201711
201722
201756
214592
201829
201911
201773
201910
193820
193821
193383
193389
193392
190913
193790
193800
105584
193773
193776
193766
193780
192364
192379
193536
193696
193707
193995
193675
193677
193744
193752
193756
29696
35180
29711
35012
35015
28717
29703
35009
29719
29787
11188
29815
29816
30059
28945
34863
30129
23427
30077
30205
30219
31361
31350
31356
29924
31357
31380
32058
34047
32138
32121
32157
32164
32184
32181
32188
32256
32259
32114
32116
32149
7409
7472
7480
7479
14426
14789
14809
14795
14840
14858
14884
15150
15184
15455
15458
15697
15708
19102
19125
19157
19160
19138
15569
15589
15682
225412
225414
15711
15719
16089
16078
19553
19597
19563
19583
19613
19615
19616
19617
19623
19627
19637
19849
19857
19861
19883
19907
19911
19220
19919
19914
19954
20123
20169
21888
20001
20010
19384
19435
19440
19491
19507
19509
19994
20026
20027
19535
19537
19546
19549
20050
20051
20065
20067
20060
20068
20070
20095
20099
20091
20613
20618
20619
34395
20607
20898
20630
20636
20900
20904
20637
20925
20644
20929
20697
21000
21014
20936
21015
21067
21029
21031
21316
25849
25848
25857
25841
25895
25837
25903
27810
27842
27844
27941
27954
21026
21037
21024
21298
21308
21300
28019
28098
28087
27772
27773
27785
28150
28155
28156
51090
51096
51099
51107
51024
51033
51040
51050
50749
56670
51080
51120
56745
51575
51554
51586
51594
51565
51564
51582
51944
51956
51965
51974
52611
52630
50625
52632
52648
50624
50637
186335
186336
186993
186346
186941
186946
186949
186996
187024
187027
187011
187029
187032
194533
190694
194550
197429
197438
198025
198050
198053
198049
198113
198097
198098
198117
198110
198114
202222
202227
202235
199434
202230
199105
202322
202323
202340
202865
214895
215082
204543
202980
214844
203079
203057
203058
205218
203050
205223
205238
205240
205277
205287
205424
205432
199025
199033
214898
199039
199048
199074
199089
199098
199103
206061
206060
206086
206104
206117
206119
206126
206318
206403
208847
208857
208903
209023
208915
208916
208996
209000
201916
201923
201928
213695
213691
181385
213688
213703
213697
202032
202045
202048
202049
202047
213721
201943
201990
201991
201997
202011
209003
209068
209073
209081
209083
209088
208925
209722
209727
209757
209730
209948
198934
209898
201710
201720
201764
201774
201912
193823
193729
193381
193406
193391
190914
193340
190925
193563
191043
193789
105585
193688
193759
193762
192377
193532
193534
193692
193710
193732
193673
193676
193743
193754
29698
29689
29791
29776
28954
29786
11158
29808
23300
34418
29810
29806
29934
34867
30130
23426
30076
22195
30212
30218
31348
31347
31353
31378
31379
32060
32098
34737
32122
32123
32154
32163
32169
32179
32191
32186
32258
32112
34728
7397
7408
7474
14424
14524
14815
14800
14804
14794
14796
14838
14855
14883
14941
15138
15174
15187
15190
15454
15204
15254
19098
19115
19158
19159
19161
19186
19135
19139
15570
15588
15683
19120
19550
19555
19560
19582
19584
19578
19586
19619
19628
19753
19631
19635
19706
19859
19862
19906
19910
19912
20168
20119
19988
20008
19374
19376
19432
19437
19443
19386
19503
19496
19991
20025
19530
19534
19539
19544
20055
20606
20054
20066
20071
20062
20073
20085
20092
20088
20611
20602
20629
20608
20897
20903
20902
20924
20635
20645
20627
21006
20997
21020
25752
25832
25829
25902
27800
27819
27836
27845
27940
27943
27962
21021
21022
21290
21297
21306
21309
21301
28099
28069
21387
27760
27775
28142
28152
28157
51089
51091
51095
51098
51105
51110
51022
51028
51031
51045
51051
50745
50965
50966
51056
51055
56739
51561
51562
51954
51970
51942
51971
51982
52629
52628
50627
52634
52652
50626
52729
52737
186334
186339
186994
186345
186942
186948
186947
186951
187007
187010
187023
186978
194532
194538
194629
214426
187020
194547
194551
194585
197439
197446
197474
194589
197448
194699
194702
194707
197479
194716
197480
189001
189416
187387
189407
189410
189412
52537
52546
52585
52560
52574
52374
52491
52494
187314
189643
189644
187315
189674
189675
198035
198038
198034
197483
197485
197487
197491
197498
198453
198469
198475
198478
197934
197933
197965
197964
197958
197959
