592
208681 208682 683
208681 208683 1579
208636 208683 665
208636 208685 1894
205176 205175 337
205176 205283 1539
205176 208678 473
208675 208691 2228
208675 208692 278
208676 208677 406
208676 208678 1850
208707 208677 1128
208707 208712 607
208718 208720 908
208718 208734 804
208718 208735 2018
208733 208734 1157
208737 208738 620
208737 208739 827
208741 208739 918
211110 211114 686
211110 211116 2179
208748 208746 572
208748 208749 237
211167 208745 1935
211167 211166 779
208749 208748 237
208749 211176 769
211337 211331 928
211337 211338 2912
180454 180453 323
180470 185725 1558
180455 180456 893
185566 185565 517
180468 180453 1949
180416 180417 2933
180416 180461 1919
180457 180430 2489
180457 180459 878
180448 180450 683
180448 180453 791
166509 166539 889
166509 172474 766
166505 166506 842
166505 166539 778
166556 166557 403
166556 166561 2229
166560 166582 758
166560 166584 778
166570 166569 505
166570 166581 253
166580 166561 842
166580 166586 842
166580 167329 1222
166564 166565 673
166564 167548 1336
166732 167347 2561
166732 167348 1035
172659 166743 1115
166744 166743 782
166744 166745 1352
166729 166728 1366
166703 172833 1576
167239 162530 1117
167239 167238 1594
162532 152547 906
162532 162531 1293
167263 162530 1426
167263 162531 2178
162533 152547 1161
162533 162534 178
167108 167109 1731
167108 167110 1340
167108 167124 1577
167220 167219 1631
167221 167124 1380
167221 167219 828
167221 167241 1140
167090 167214 1695
166727 166728 710
166727 166752 1396
166768 166767 1124
166768 166780 2501
166768 166789 674
172498 166741 791
172498 172499 355
172498 172501 421
166764 166765 782
166764 166783 1268
166783 166764 1268
166783 166785 688
166783 166787 927
166787 166783 927
166787 166786 796
166787 166795 505
166793 166794 94
167008 167010 1867
167008 167026 672
167028 167029 1095
167028 167030 782
167020 167021 452
167020 167022 452
167049 167051 590
167049 167063 2334
167049 167094 927
167097 167094 562
167097 172663 635
167105 167106 476
172662 172663 909
152417 152418 828
152417 152434 344
162542 162535 355
162542 162543 610
152416 152415 767
152422 152426 475
152413 152415 1000
152413 152445 2070
152444 152445 885
180129 180128 1248
180129 185561 682
180392 180380 435
180379 180377 344
180379 180380 1695
180399 180376 1466
180362 180361 836
180362 180363 2529
180362 180373 737
180375 180373 1894
180375 180376 904
179676 179674 889
179676 179677 1906
179681 179673 2308
179681 179682 1342
179705 179679 2751
179705 180361 1362
180166 180164 750
180166 180167 551
180431 180430 848
180431 180432 1640
182347 182322 1951
173589 173561 1073
173589 173590 1283
173597 173561 788
173597 185272 1227
182333 182331 168
182333 182338 3224
182109 182074 536
182109 182110 1597
181918 182108 438
181918 182113 336
182112 182111 222
182112 182113 1933
182094 182095 983
182094 182096 747
182098 182097 564
182098 182185 708
182141 182104 672
182181 182180 682
182181 182182 1268
182180 182179 682
182180 182181 682
182198 182197 951
182198 182272 905
182284 182278 512
182284 186129 708
182278 182277 2128
182278 182279 1336
182278 182284 512
182288 182287 1966
182288 182307 818
182306 182307 581
182306 182328 836
152335 152336 709
152335 152953 952
152335 152957 161
152949 152948 358
152949 152951 1117
153006 152993 876
153006 153001 384
152938 152937 588
152938 152978 1862
152978 152938 1862
152948 152949 358
152337 152336 2347
152362 152363 724
152363 152362 724
152451 152445 2166
155783 155782 276
155782 155783 276
153010 153011 2231
153011 153010 2231
176491 176494 2922
176494 176491 2922
176519 176523 1520
176177 176142 344
176523 176519 1520
176142 176177 344
177099 177101 788
177101 177099 788
177167 177161 333
177028 177027 673
177027 177028 673
176219 176207 2628
176202 176201 841
176201 176202 841
176206 176205 511
176207 176205 984
176207 176219 2628
176205 176206 511
176205 176207 984
177161 177167 333
211359 211338 364
166548 166557 356
167294 167295 790
167295 167294 790
165136 165148 828
165148 165136 828
164799 164798 1334
164798 164799 1334
165153 165197 2402
165197 165153 2402
164733 164734 169
164734 164733 169
211397 211403 583
211505 211507 686
211507 211505 686
211507 211528 750
211528 211507 750
212187 212205 640
212205 212187 640
211403 211397 583
114201 114207 1447
114207 114201 1447
107449 107448 1499
107448 107449 1499
115849 115854 680
115854 115849 680
191700 191967 950
191967 191700 950
191729 192745 1662
192745 191729 1662
192768 192770 3057
192770 192768 3057
114721 114731 1483
114731 114721 1483
109818 109817 2971
109817 109818 2971
109899 109924 756
109924 109899 756
111086 111315 672
111315 111086 672
111315 111317 788
111317 111315 788
111317 111328 672
111328 111317 672
111330 111332 889
111332 111330 889
103350 103347 677
103347 103350 677
111679 111680 778
111680 111679 778
111680 111685 782
111685 111680 782
111685 111687 778
111687 111685 778
111695 111646 788
111695 111698 778
111698 111695 778
111651 111649 826
111637 111639 889
111646 111695 788
111639 111637 889
111649 111651 826
104311 104312 975
104312 104311 975
104364 104363 806
104363 104364 806
39541 39548 581
39548 39541 581
39203 39200 511
39200 39203 511
104843 104852 765
104852 104843 765
104922 104997 750
104994 104924 1585
104924 104994 1585
104997 104922 750
39365 39362 939
39362 39365 939
40812 40910 2068
40910 40812 2068
55230 55192 1560
48345 48339 677
48366 48357 713
48357 48366 713
48339 48345 677
48885 48846 900
48886 48903 1696
48903 48886 1696
48845 48842 1629
48846 48885 900
48865 48864 713
48864 48865 713
48842 48845 1629
131483 131478 1055
131478 131483 1055
131509 131508 747
131507 131508 713
131508 131507 713
131508 131509 747
54445 54514 2291
54514 54445 2291
54514 54520 2353
54557 54562 3666
54562 54557 3666
54590 54593 404
54590 54595 1903
54593 54590 404
54520 54514 2353
54595 54590 1903
55192 55230 1560
144497 144493 2336
144497 144508 2512
144508 144497 2512
144508 144545 2775
144545 144508 2775
150503 150617 1683
150499 150498 508
150498 150499 508
150617 150503 1683
150617 150622 1695
150622 150617 1695
150655 150648 1367
150648 150655 1367
140273 140365 845
140365 140273 845
140189 140368 1981
140368 140189 1981
141865 141867 2383
144493 144497 2336
141867 141865 2383
142096 142105 825
142105 142096 825
142105 142103 890
142102 142103 856
142103 142102 856
142103 142105 890
142074 142587 1866
142587 142074 1866
142548 142549 319
142549 142548 319
144501 142551 798
142551 144501 798
204847 204855 797
204855 204847 797
204855 204856 756
204856 204855 756
144557 144558 904
144558 144557 904
144712 144717 759
144564 144713 681
144713 144564 681
144717 144712 759
145108 145110 1341
145110 145108 1341
145110 145125 1168
145125 145110 1168
145554 145599 830
145599 145554 830
145605 145619 738
145619 145605 738
145619 145620 756
145620 145619 756
145795 145797 753
145801 145791 865
145791 145801 865
145797 145795 753
151478 151479 751
151479 151478 751
207894 207895 1367
207895 207894 1367
208633 208685 846
208682 208681 683
208683 208636 665
208683 208681 1579
208685 208633 846
208685 208636 1894
205175 205176 337
205175 208692 1089
205283 205176 1539
208678 205176 473
208678 208676 1850
208691 208675 2228
208692 205175 1089
208692 208675 278
208677 208676 406
208677 208707 1128
208712 208707 607
208720 208718 908
208734 208718 804
208734 208733 1157
208735 208718 2018
208738 208737 620
208739 208737 827
208739 208741 918
211114 211110 686
211116 211110 2179
208746 208745 237
208746 208748 572
208745 208746 237
208745 211167 1935
211166 211167 779
211176 208749 769
211176 211331 1477
211331 211176 1477
211331 211337 928
211338 211337 2912
211338 211359 364
180453 180448 791
180453 180454 323
180453 180468 1949
185725 180470 1558
180456 180455 893
185565 185566 517
180417 180416 2933
180461 180416 1919
180461 180459 1254
180430 180431 848
180430 180457 2489
180459 180457 878
180459 180461 1254
180450 180448 683
166539 166505 778
166539 166509 889
172474 166509 766
166506 166505 842
166557 166548 356
166557 166556 403
166561 166556 2229
166561 166580 842
166582 166560 758
166582 166581 2118
166584 166560 778
166569 166570 505
166581 166570 253
166581 166582 2118
166586 166580 842
167329 166580 1222
166565 166564 673
167548 166564 1336
167347 166732 2561
167348 166732 1035
166743 166744 782
166743 172659 1115
166745 166744 1352
166728 166727 710
166728 166729 1366
172833 166703 1576
162530 167239 1117
162530 167263 1426
167238 167239 1594
152547 162532 906
152547 162533 1161
162531 162532 1293
162531 167263 2178
162534 162533 178
167109 167108 1731
167109 167214 789
167110 167108 1340
167124 167108 1577
167124 167221 1380
167219 167220 1631
167219 167221 828
167241 167221 1140
167214 167090 1695
167214 167109 789
166752 166727 1396
166767 166768 1124
166780 166768 2501
166789 166768 674
166741 172498 791
172499 172498 355
172501 172498 421
166765 166764 782
166765 166785 1179
166785 166765 1179
166785 166783 688
166785 166786 933
166786 166785 933
166786 166787 796
166786 167010 1095
166795 166787 505
166794 166793 94
166794 167010 689
167010 166786 1095
167010 166794 689
167010 167008 1867
167026 167008 672
167029 167028 1095
167030 167021 556
167030 167028 782
167021 167020 452
167021 167030 556
167022 167020 452
167051 167049 590
167063 167049 2334
167094 167049 927
167094 167097 562
172663 167097 635
172663 172662 909
167106 167105 476
152418 152417 828
152434 152417 344
162535 162542 355
162543 162542 610
152415 152413 1000
152415 152416 767
152426 152422 475
152445 152413 2070
152445 152444 885
152445 152451 2166
180128 180129 1248
180128 180380 1378
185561 180129 682
180380 180128 1378
180380 180379 1695
180380 180392 435
180377 180376 827
180377 180379 344
180376 180375 904
180376 180377 827
180376 180399 1466
180361 179705 1362
180361 180362 836
180363 180362 2529
180373 180362 737
180373 180375 1894
179674 179673 2578
179674 179676 889
179677 179676 1906
179677 179679 2967
179673 179674 2578
179673 179681 2308
179682 179681 1342
179679 179677 2967
179679 179705 2751
180164 180166 750
180167 180166 551
180432 180431 1640
182322 182347 1951
173561 173589 1073
173561 173597 788
173590 173589 1283
185272 173597 1227
182331 182333 168
182338 182333 3224
182074 182109 536
182110 182109 1597
182108 181918 438
182113 181918 336
182113 182112 1933
182111 182104 445
182111 182112 222
182095 182094 983
182095 182104 445
182096 182094 747
182097 182098 564
182185 182098 708
182104 182095 445
182104 182111 445
182104 182141 672
182182 182181 1268
182179 182180 682
182179 182197 1496
182197 182179 1496
182197 182198 951
182272 182198 905
186129 182284 708
182277 182278 2128
182279 182278 1336
182287 182288 1966
182307 182288 818
182307 182306 581
182328 182306 836
152336 152335 709
152336 152337 2347
152953 152335 952
152957 152335 161
152951 152949 1117
152993 153006 876
153001 153006 384
152937 152938 588
972
208681
208636
205176
208675
208676
208707
208718
208733
208737
208741
211110
208748
211167
208749
211337
180454
180470
180455
185566
180468
180416
180457
180448
166509
166505
166556
166560
166570
166580
166564
166732
172659
166744
166729
166703
167239
162532
167263
162533
167108
167220
167221
167090
166727
166768
172498
166764
166783
166787
166793
167008
167028
167020
167049
167097
167105
172662
152417
162542
152416
152422
152413
152444
180129
180392
180379
180399
180362
180375
179676
179681
179705
180166
180431
182347
173589
173597
182333
182109
181918
182112
182094
182098
182141
182181
182180
182198
182284
182278
182288
182306
152335
152949
153006
152938
152946
152978
152948
152321
152734
152345
152373
152337
152358
152362
152363
152323
152451
152474
152484
153092
153133
155704
155783
155777
155782
155726
153394
153138
153142
173522
185274
173592
173595
173578
173550
173682
185435
173162
173169
185446
173874
185443
152918
153010
153048
153031
155492
153064
153042
153055
153011
153051
155521
155518
155548
155494
155496
176115
176122
176472
176491
176494
156246
176502
176519
176177
176524
176521
176523
176140
176148
176139
176142
155658
155649
155677
156247
156291
156301
156250
155629
155642
155623
155537
155593
155599
155617
176079
177108
177121
177099
177111
176996
177014
177101
176970
177163
177167
177028
177047
177046
177217
177008
177027
177184
177186
177188
177192
177207
176113
176219
176107
176202
176201
176206
176207
176205
175147
177201
177194
176966
177161
177216
177168
175011
175014
176850
176864
176865
173880
175010
174984
174970
176768
174959
176820
211359
165083
165262
165232
165268
165265
165272
165437
165440
167286
167319
167309
167325
167343
166548
166549
167294
167295
165056
165134
165112
165098
165101
164478
164481
165138
165118
165149
165136
165148
164452
164799
164798
164804
164836
165153
165335
165341
165353
165197
165142
164732
164725
164733
164734
164736
164738
164771
164742
164746
164595
164584
211387
211397
195335
211400
211505
211191
211383
211399
211507
211528
211538
211537
211545
211560
211564
211561
211574
212180
212182
212186
212187
212205
212243
211395
211403
211442
212471
212512
161412
164588
161430
212518
212532
212254
212258
212264
212451
114380
114322
114324
114218
114221
114201
114207
114214
114568
114016
114191
114023
114036
119123
119467
119198
119310
118562
118565
119387
119343
119380
114857
114936
115010
115005
115019
92009
92011
92022
92028
92065
92059
92072
102182
94413
92208
92291
92275
92280
115807
115815
92402
92406
92315
92316
105805
107031
107091
107022
107035
107087
107211
107124
107201
107176
106963
107120
107419
107449
107448
107453
107436
107446
107504
107514
107479
109494
92820
92956
92961
93036
93037
92848
92803
92805
116019
115788
115849
115854
92730
92517
115831
115861
191889
191537
191903
190884
190902
190900
190893
191700
191967
191662
191716
191729
192745
192752
192743
190879
191553
191891
192006
191823
191895
191841
191949
191866
192730
192737
192768
192770
193847
194015
194059
190967
192717
194248
192808
192813
114071
114365
114367
114721
114728
114731
109464
109774
109516
109808
109794
109802
109811
109791
109818
109817
109899
109912
109924
109929
109938
109933
109910
109892
109904
103362
105186
111032
110978
111008
111083
111074
111086
111315
111317
111328
111330
111332
111333
111336
103350
111290
103334
111361
111482
111498
111496
111505
111503
103347
111539
111555
111557
111527
103698
111679
111680
111685
111687
111706
111695
111719
111698
111763
111642
111651
111637
111634
111646
111639
111438
111440
111454
111649
111703
111660
113583
111779
104299
104136
104145
104119
104122
112881
112882
112753
104311
104350
104312
104361
104364
104363
50476
39224
39521
39511
39541
39548
39553
39556
39520
39522
39203
104735
104739
104283
104285
39158
39191
39181
39200
104843
104850
104852
104377
104379
104810
104897
104899
104919
104922
104487
104994
104924
104997
39545
39339
39285
39328
39365
39387
39362
39417
39421
39432
39430
39486
40442
40463
40467
40494
40603
40453
40473
40476
40562
40564
40475
40374
40384
50259
50407
50409
40823
40824
40827
40834
40846
40848
40856
40907
40909
40577
40586
40812
40816
40910
55230
55239
55241
55243
55422
55429
41625
40817
50384
48383
48409
48531
48550
48556
48345
48366
48357
48371
48373
41631
48339
48580
48698
48699
48702
48704
50272
48731
48884
48885
48585
48587
48886
48903
48845
48846
48840
48865
48864
48873
48878
48954
48955
48842
48239
48983
48993
48992
49009
49011
49032
48313
131366
131372
48312
48388
131367
131370
131385
131479
131483
131478
131509
131507
131652
131508
131655
131746
131777
131778
131833
131834
131842
131828
54364
54411
54417
54416
54427
54445
54514
54368
54552
54557
54562
54584
54590
54593
52743
52744
53778
54520
54527
54728
54595
53864
53913
53914
53950
53772
56773
53935
55153
55154
55192
144497
144508
144543
144684
144545
144682
150503
150499
150498
150617
150622
150655
150648
140291
150730
150646
140272
140273
140365
140189
140368
140433
140440
140446
141865
142536
142546
144493
141867
141879
141915
141937
141896
141933
141939
141954
151749
142111
142114
142132
142096
142105
142088
142102
142103
150721
142064
142065
142070
142074
142587
142591
142615
142624
142722
142736
142740
142548
142549
144501
142551
142775
142771
142772
142777
144783
56362
56363
204526
204701
204533
204709
196123
204771
204730
204735
204796
204801
204847
204857
204855
204856
204866
144694
144685
144705
144557
144558
144711
144712
144564
144713
144717
145037
145041
145042
145043
145049
145054
145108
145110
145125
145494
145498
145529
145543
145544
145554
145599
145602
145605
145619
145620
145795
145796
145801
145791
145792
145881
145693
145882
145797
145845
145849
145859
145873
145877
146083
146089
146100
151478
151479
151485
149091
151804
150368
151571
146115
151570
204463
204442
207894
207895
208648
208644
213041
214820
208689
208690
208696
208633
208682
208683
208685
205175
205283
208678
208691
208692
208677
208712
208720
208734
208735
208738
208739
211114
211116
208746
208745
211166
211176
211331
211338
185565
180417
180461
180430
180459
180450
166539
166561
166582
166584
166569
166586
166565
167548
167347
167348
166743
166745
166728
162530
167238
152547
162531
162534
167109
167110
167124
167219
167241
167214
166752
166767
166780
166789
166741
166765
166785
166786
167010
167026
167030
167021
167022
167051
167063
167094
152418
152434
162535
152415
152426
152445
180128
180377
180376
180361
180373
179674
179677
179673
179679
180164
180167
182322
173561
173590
185272
182331
182338
182074
182108
182113
182111
182095
182096
182097
182104
182179
182197
182272
182277
182287
182307
152336
152953
152957
152951
152993
153001
152937
