1380
125473 125462 739
125518 125489 1210
125518 125519 615
125522 125520 600
125522 125531 2014
125531 125522 2014
125531 125540 2005
125765 125681 1229
125765 125767 1953
125768 125773 1747
125768 125774 767
125798 125775 1353
125803 125799 2646
41928 41922 1182
41928 41922 1182
41928 41927 2089
41928 45060 1560
128739 125087 1757
125128 132559 654
123074 123072 1064
123074 123082 2956
123101 123103 476
123117 123095 552
123009 122995 2724
123009 123087 238
123653 123628 1677
123653 123654 1284
123705 123713 2393
123705 123736 4337
123111 123108 2614
123111 123109 475
123108 123029 1147
123108 123111 2614
132444 132445 1937
132444 132446 1181
122421 122420 2695
122421 123248 674
123028 123029 1010
123028 123094 3241
123255 122474 295
123256 123250 1458
123256 123252 1211
123306 123630 5555
45077 45072 1940
45077 45076 893
45077 45079 1179
45089 45090 1758
45079 44936 1032
45079 45077 1179
45082 44936 1268
45082 45013 1664
45109 45110 558
45109 45111 355
45133 45134 333
132437 132439 522
132437 132440 397
125800 125779 829
125800 125799 818
125805 125804 1784
125870 125869 2091
125870 125871 976
125806 125804 613
125833 125831 1201
125833 125835 789
125835 125833 789
125835 125834 2423
125838 125839 650
125869 125868 811
125869 125870 2091
125742 125739 1261
125742 125750 1633
125751 125748 678
125751 125819 3362
125751 125826 474
125826 125751 474
125826 125827 2232
125867 125837 1334
125867 125866 1219
125867 125868 940
125717 125712 1505
125717 125738 169
125739 125738 1261
125739 125741 2284
125739 125742 1261
125714 125711 2338
125714 125713 1075
125719 125711 1075
125719 125721 2600
125721 125710 1154
125721 125719 2600
128365 124979 1719
128365 124990 475
124992 124989 1885
124992 124991 1276
124997 124989 1705
124997 128370 1010
128370 124995 2152
128370 124997 1010
128378 124998 1768
128378 128383 1160
128392 128386 1802
128392 128394 1255
128425 128426 279
128432 124828 2222
128433 124828 747
128433 128436 1729
128436 128433 1729
128436 128435 844
128436 128552 1167
128571 128569 739
128571 128651 1594
128571 128653 874
128611 128612 928
128611 128614 2030
128653 128571 874
128653 128657 1485
128695 128658 404
128695 128697 538
128697 128666 2232
128697 128695 538
128699 128667 2413
128699 128700 673
128700 128699 673
128700 128705 538
128710 128711 789
128710 128712 1081
120428 120429 506
120428 124882 3162
128689 128687 631
128689 128688 698
120433 120429 1519
120459 120441 199
128706 128702 1087
128706 128705 1395
128716 128707 275
128716 128718 811
128718 128716 811
128718 128721 891
128669 128668 1485
128669 128702 672
128669 128704 1030
128713 123549 1147
128713 128714 402
128722 128712 242
120530 120522 3627
120530 120524 1181
120538 120532 977
120538 120540 1143
120477 120474 5420
120477 120495 789
132414 132415 1002
132414 132416 427
120494 120492 1155
120494 120493 1423
67651 67647 1161
67651 67652 2520
67660 76598 1635
67661 67653 631
120606 120607 419
120633 120634 474
120461 120442 1143
120461 120475 562
67667 67648 302
67667 67669 696
68020 68021 718
68020 76597 1061
67676 67677 998
68438 68439 1903
68438 68440 249
67655 67653 1270
67655 67656 1919
68442 68441 797
68442 68444 2486
68455 68444 759
68455 68461 2445
67698 67699 889
67698 67700 874
120641 67656 452
120641 120638 452
68466 68469 436
68099 68042 2118
68099 68097 518
68059 68058 2224
68059 68061 3672
68098 68061 1673
68089 68079 1776
68089 68088 688
68091 68080 1619
68091 68092 893
68120 68092 1638
68262 68187 796
68262 68189 955
68264 68187 2136
68264 68263 672
68266 68275 1415
68273 68092 672
68273 68263 1619
68291 68292 606
68294 68272 1155
68320 68301 1029
68320 68321 829
68326 68328 1116
68326 68329 3058
68327 68328 2043
68327 68340 928
68461 68450 751
68461 68455 2445
68461 68463 536
68471 68470 338
68586 68580 698
68596 68591 558
68889 68830 2158
68901 68899 885
68900 68899 880
68900 68918 1673
68923 68920 747
68923 68925 2109
68924 68925 650
68924 68940 613
72617 72486 692
72890 72889 602
72905 72907 874
72905 72908 1827
72907 72905 874
72907 72911 1849
73098 73100 581
71371 71184 936
71373 71249 2650
71375 71374 905
71378 71367 2895
71402 71403 337
71383 71376 768
71383 71431 1742
71433 71431 852
71433 71436 1701
71438 71436 881
71438 71444 672
71459 71458 1161
71512 71511 475
77890 77891 2549
71670 71671 1161
71670 71672 873
71673 71672 1399
71673 71674 338
71453 71261 2102
71453 71460 356
71453 71461 1750
71598 71784 676
71785 71784 1014
71785 71788 1746
71788 71785 1746
71788 71786 445
71793 71809 1565
71585 71582 753
71585 71584 1263
76871 68310 136
68872 68871 516
68395 68394 1023
68395 68419 3026
68395 68422 1883
71541 68419 866
71541 71537 2213
71575 71576 374
71717 71703 553
71719 71721 344
71744 71741 277
71744 71745 422
71746 71745 553
71746 71748 632
71905 71748 1031
71910 71911 476
71978 72004 667
71978 72063 2134
72062 72063 713
71922 71912 452
71922 71924 1584
71924 71922 1584
71924 71930 1484
71924 71931 1940
71929 71931 818
71929 71982 796
71929 71986 1185
71982 71929 796
71982 71985 685
71984 71985 238
71984 72004 1540
72086 72019 1032
72086 77896 1858
72088 72018 1503
72017 72015 852
72017 72016 796
72193 72192 2606
72193 72207 1111
72209 72211 1484
72210 72229 792
72210 72230 1183
72210 72232 2358
72210 72233 1248
72212 72228 1474
72251 72250 713
72251 72257 1343
72166 72167 556
72166 72168 1436
72149 72155 2054
72150 72249 507
68943 68939 655
68943 77792 1491
68948 68927 752
68948 68936 1540
68995 68882 789
68936 68933 1811
68936 68934 700
68936 68948 1540
68932 68933 135
68932 68937 991
69005 68937 1066
68881 68882 568
72168 72166 1436
72168 72169 1014
72404 72405 811
72408 72405 1832
72411 72412 1769
72423 72412 754
72423 72425 674
72423 72642 1189
72424 72429 553
72424 72430 2069
72425 72423 674
72425 72430 830
72425 72645 924
72467 72429 1121
72433 72431 908
72433 72656 1769
72661 72656 792
72661 72694 754
72694 72661 754
72694 72695 1221
72694 72698 1278
72496 72713 202
72700 72711 688
72700 72712 1120
72698 72694 1278
72698 72697 1032
72698 72701 881
72807 72539 893
72807 72809 1310
72808 72809 672
72808 72825 570
72581 72830 1189
72608 72485 1307
72608 77108 771
220862 220863 933
220862 220899 608
220772 220770 1042
220772 220940 286
221035 221036 961
221017 221022 826
221037 221036 2233
221037 221040 1087
218421 221018 937
218421 221020 842
220945 220948 772
220931 220932 898
220946 220932 1464
220946 220947 442
220771 220770 474
220771 224858 1030
220769 220770 527
220769 220934 1022
220933 220934 634
220933 220936 988
221028 221027 1244
221028 221033 1765
224529 223330 558
224529 224530 850
224655 217429 2820
224655 221051 2452
220523 220522 1909
220557 220560 844
220557 220562 1519
220558 220562 894
220558 220564 1647
221018 218421 937
221018 224527 847
221027 221028 1244
221027 221032 1791
220071 220070 180
220071 220072 977
220073 220072 314
220073 220079 937
220073 220081 1055
220082 220079 401
220082 220083 2720
220085 220083 1004
220085 220100 2562
220101 220194 466
220421 220422 1597
220185 220186 1095
220185 220200 697
220185 224304 902
224691 220474 1237
224691 224921 767
220475 220474 307
220475 220476 825
220483 224689 1732
220483 224818 756
220484 220500 1570
220499 220500 431
220509 220501 1131
220509 220510 1250
220510 220502 1257
220510 220509 1250
220513 220503 2110
220513 220514 891
220513 220555 1526
221675 221678 800
221675 221680 2098
221707 221680 710
221709 221716 2381
221709 221719 533
221672 221667 760
221672 221673 523
221672 221678 2237
221665 221666 640
221665 221681 647
221647 221648 765
221647 221657 1407
221710 221657 850
221710 221712 2321
221715 221712 714
221715 221716 844
221715 221732 2134
219947 219948 783
219945 219948 1851
219945 219961 790
219946 219931 891
219946 219960 642
219787 219778 613
219787 219788 924
219788 219787 924
219788 221683 789
219788 221690 520
219792 219954 468
219792 221691 1143
219792 221775 2658
219952 219951 2069
219952 219953 671
219897 219898 459
219897 221418 1120
221648 221647 765
221648 221655 314
221648 221656 1472
221656 221648 1472
221656 221657 767
221656 221714 2610
221788 221714 772
221788 221758 959
221788 221792 2154
221641 221653 622
221419 221418 717
221419 221420 923
221421 221420 852
221421 221432 482
224332 221422 634
224332 224404 530
221423 221422 227
221423 221437 153
221423 221442 351
221453 221454 1743
221455 221434 871
221455 221454 1106
221455 221456 776
221458 221456 1873
221458 221459 771
221737 221459 669
221737 221738 738
221737 221740 2136
221745 221643 896
221745 221740 868
221745 221746 2929
221643 221652 814
221643 221745 896
221643 221755 2911
221652 221643 814
221652 221756 1745
220955 220956 825
220955 220957 1465
220961 220957 684
220961 220968 809
220961 220977 1596
220967 220973 765
220968 220961 809
220968 220973 1531
220968 220980 785
220969 220970 2092
220969 220971 755
221260 219261 863
221260 221262 1216
221262 219263 826
221262 220971 973
221262 221260 1216
221225 221226 1122
221225 221297 1811
221295 221297 1778
221299 221304 1337
221299 221305 392
221302 221303 5166
221226 221225 1122
221226 221227 1342
221306 221308 329
221306 221311 1064
221307 221297 1256
221307 224762 2502
221246 221249 634
221246 221251 1356
221251 221246 1356
221251 221252 649
221364 221366 910
221364 221367 1207
221369 221376 368
221378 221376 507
221378 221379 987
221378 221384 885
224352 219898 2048
224352 221384 1734
216651 216652 348
216714 216718 841
216714 216720 2113
216644 216692 842
216644 216693 1074
216670 216671 442
216670 216715 669
216678 216683 856
216682 216695 776
216682 216747 1986
216580 216523 908
216580 216581 2766
216583 216597 526
216596 219258 564
216788 216791 571
216790 216798 243
216801 216700 369
216801 216798 740
216700 216801 369
216700 216802 2447
216701 216819 573
216705 216755 1320
216747 216682 1986
216747 216697 768
216747 224191 531
224190 216754 1428
216757 216707 608
216757 219696 867
216757 224595 789
216820 216821 706
216820 216880 1651
216820 216885 525
216707 216755 832
216707 216757 608
216707 216758 1965
216076 216085 374
216071 216543 869
216069 216539 919
216069 216543 906
216538 216518 1004
216538 216539 1843
215751 217162 663
215751 217177 1058
217177 215751 1058
217177 217176 722
217165 217156 1111
217165 217166 1600
217181 217202 692
217207 217204 618
217207 217208 872
217210 217209 847
217210 217243 977
217243 217210 977
217243 217242 794
215594 215593 732
215594 217229 487
217239 217238 1819
217239 217241 837
217248 217241 1388
217248 217249 667
216720 216714 2113
216720 224626 1020
224477 224478 776
224477 224746 289
216733 216736 497
217443 217442 960
217448 217445 271
217450 217449 909
217450 217452 663
217450 217466 1030
217261 217249 728
217261 217439 1482
215370 215371 505
215370 217440 1348
223030 223031 194
223030 223130 143
217690 217686 1665
217690 217689 779
217690 217712 1024
217715 217713 646
217715 217716 674
217684 217685 629
217684 217686 818
217684 217689 1624
217728 217727 1058
217728 217763 550
217728 217764 1810
217763 217728 550
217763 217765 293
217784 217781 785
217784 217785 564
217458 217457 327
217458 224155 716
217498 217459 276
217499 217519 843
217499 224835 637
217517 217474 932
217519 217499 843
217519 217521 533
217569 217513 156
217512 217513 136
217785 217784 564
217872 217878 827
217878 217872 827
217532 217533 285
217533 217532 285
217647 217646 2019
217646 217647 2019
224217 224229 283
224229 224217 283
222568 222569 681
222569 222568 681
223693 223826 713
223695 223689 1130
223826 223693 713
216230 216231 746
216231 216230 746
216256 216226 816
216256 216261 681
216226 216256 816
216276 216279 814
216279 216276 814
216296 216298 947
216298 216296 947
216261 216256 681
219931 219946 891
219931 219960 653
223689 223695 1130
223801 223802 964
223802 223801 964
223691 223765 2063
223765 223691 2063
147745 147822 534
147822 147745 534
147759 147764 1342
147764 147759 1342
159552 159556 928
159556 159552 928
170981 171042 752
171042 170981 752
95466 95328 1810
95321 95325 1810
95325 95321 1810
95328 95466 1810
95917 95920 737
95920 95917 737
96446 96451 516
96451 96446 516
98999 99018 1357
99018 98999 1357
42529 42592 872
42592 42529 872
42845 42880 2446
42314 42309 1009
42325 42326 2016
42326 42325 2016
42309 42314 1009
42880 42845 2446
43193 43296 1613
43296 43193 1613
45002 45008 1483
45016 45013 1184
45008 45002 1483
125459 125461 1545
125461 125459 1545
125462 125473 739
125462 125489 1545
125489 125462 1545
125489 125518 1210
125519 125518 615
125520 125522 600
125540 125531 2005
125681 125765 1229
125767 125765 1953
125773 125768 1747
125773 125774 1300
125774 125768 767
125774 125773 1300
125775 125798 1353
125799 125800 818
125799 125803 2646
41922 41928 1182
41922 41928 1182
41927 41928 2089
45060 41928 1560
125087 128739 1757
132559 125128 654
123072 123074 1064
123082 123074 2956
123103 123101 476
123095 123117 552
122995 123009 2724
123087 123009 238
123628 123653 1677
123654 123653 1284
123713 123705 2393
123736 123705 4337
123109 123029 2649
123109 123094 778
123109 123111 475
123029 123028 1010
123029 123108 1147
123029 123109 2649
132445 132444 1937
132446 132444 1181
122420 122421 2695
123248 122421 674
123094 123028 3241
123094 123109 778
122474 123255 295
123250 123252 355
123250 123256 1458
123252 123250 355
123252 123256 1211
123630 123306 5555
45072 45077 1940
45076 45077 893
45090 45089 1758
44936 45079 1032
44936 45082 1268
45013 45016 1184
45013 45082 1664
45110 45109 558
45111 45109 355
45134 45133 333
132439 132437 522
132440 132437 397
125779 125800 829
125804 125805 1784
125804 125806 613
125871 125868 2217
125871 125870 976
125831 125833 1201
125831 125834 2182
125834 125831 2182
125834 125835 2423
125839 125838 650
125868 125867 940
125868 125869 811
125868 125871 2217
125750 125742 1633
125750 125748 1958
125748 125750 1958
125748 125751 678
125819 125751 3362
125827 125826 2232
125837 125867 1334
125866 125867 1219
125712 125713 837
125712 125717 1505
125738 125717 169
125738 125739 1261
125741 125739 2284
125711 125710 2790
125711 125714 2338
125711 125719 1075
125713 125712 837
125713 125714 1075
125710 124990 1897
125710 125711 2790
125710 125721 1154
124979 128365 1719
124990 125710 1897
124990 128365 475
124989 124991 1395
124989 124992 1885
124989 124997 1705
124991 124989 1395
124991 124992 1276
124995 124998 1748
124995 128370 2152
124998 124995 1748
124998 128378 1768
124998 128383 1276
128383 124998 1276
128383 128378 1160
128383 128386 1501
128386 128383 1501
128386 128392 1802
128394 128392 1255
128426 128425 279
124828 128432 2222
124828 128433 747
124828 128435 1546
128435 124828 1546
128435 128436 844
128552 128436 1167
128569 128571 739
128651 128571 1594
128612 128611 928
128614 128611 2030
128657 128653 1485
128657 128658 474
128658 128657 474
128658 128695 404
128666 128667 1211
128666 128697 2232
128667 128666 1211
128667 128699 2413
128667 128702 949
128705 128700 538
128705 128706 1395
128705 128707 666
128711 128710 789
128712 123549 2092
128712 128710 1081
128712 128722 242
120429 120428 506
120429 120433 1519
124882 120428 3162
128687 128689 631
128688 128689 698
120441 120459 199
128702 128667 949
128702 128669 672
128702 128706 1087
128707 128705 666
128707 128716 275
128721 128718 891
128668 128669 1485
128704 128669 1030
123549 128712 2092
123549 128713 1147
128714 128713 402
120522 120530 3627
120524 120530 1181
120532 120538 977
120540 120538 1143
120474 120475 1161
120474 120477 5420
120495 120477 789
132415 132414 1002
132416 132414 427
120492 120494 1155
120493 120494 1423
67647 67651 1161
67652 67651 2520
76598 67660 1635
67653 67655 1270
67653 67661 631
120607 120606 419
120634 120633 474
120442 120461 1143
120475 120461 562
120475 120474 1161
67648 67667 302
67669 67667 696
68021 68020 718
76597 68020 1061
67677 67676 998
68439 68438 1903
68440 68438 249
68440 68441 747
67656 67655 1919
67656 120641 452
68441 68440 747
68441 68442 797
68444 68442 2486
68444 68450 2494
68444 68455 759
67699 67698 889
67699 67700 753
67700 67698 874
67700 67699 753
120638 120641 452
68469 68466 436
68042 68099 2118
68097 68099 518
68058 68059 2224
68061 68059 3672
68061 68098 1673
68079 68080 893
68079 68089 1776
68088 68089 688
68080 68079 893
68080 68091 1619
68092 68091 893
68092 68120 1638
68092 68273 672
68187 68262 796
68187 68264 2136
68189 68262 955
68263 68264 672
68263 68273 1619
68275 68266 1415
68292 68291 606
68272 68294 1155
68301 68320 1029
68321 68320 829
68328 68326 1116
68328 68327 2043
68329 68326 3058
68340 68327 928
68450 68444 2494
68450 68461 751
68463 68461 536
68470 68471 338
68580 68586 698
68591 68596 558
68591 68830 1348
68830 68591 1348
68830 68889 2158
68899 68900 880
68899 68901 885
68918 68900 1673
68920 68923 747
68925 68923 2109
68925 68924 650
68925 68939 880
68940 68924 613
72486 72485 262
72486 72617 692
72889 72890 602
72908 72905 1827
72911 72907 1849
73100 73098 581
71184 71371 936
71249 71373 2650
71374 71375 905
71374 71376 873
71367 71378 2895
71403 71402 337
71376 71374 873
71376 71383 768
71431 71383 1742
71431 71433 852
71436 71433 1701
71436 71438 881
71444 71438 672
71458 71459 1161
71511 71512 475
77891 77890 2549
71671 71670 1161
71672 71670 873
71672 71673 1399
71674 71673 338
71261 71453 2102
71460 71453 356
71461 71453 1750
71784 71598 676
71784 71785 1014
71784 71786 1861
71786 71784 1861
71786 71788 445
71809 71793 1565
71582 71585 753
71584 71585 1263
68310 76871 136
68871 68872 516
68394 68395 1023
68419 68395 3026
68419 71541 866
68422 68395 1883
71537 71541 2213
71576 71575 374
71703 71717 553
71721 71719 344
71741 71744 277
71745 71744 422
71745 71746 553
71748 71746 632
71748 71905 1031
71911 71910 476
71911 71912 1423
72004 71978 667
72004 71984 1540
72063 71978 2134
72063 72062 713
71912 71911 1423
71912 71922 452
71930 71924 1484
71931 71924 1940
71931 71929 818
71986 71929 1185
71985 71982 685
71985 71984 238
72019 72018 951
72019 72086 1032
77896 72086 1858
72018 72016 711
72018 72019 951
72018 72088 1503
72015 72017 852
72016 72017 796
72016 72018 711
72192 72193 2606
72207 72193 1111
72207 72232 238
72211 72209 1484
72211 72229 2113
72229 72210 792
72229 72211 2113
72230 72210 1183
72232 72207 238
72232 72210 2358
72233 72210 1248
72228 72212 1474
72250 72155 782
72250 72249 2021
72250 72251 713
72257 72251 1343
72167 72155 848
72167 72166 556
72167 72169 1343
72155 72149 2054
72155 72167 848
72155 72250 782
72249 72150 507
72249 72250 2021
68939 68925 880
68939 68927 1535
68939 68943 655
77792 68943 1491
68927 68934 1486
68927 68939 1535
68927 68948 752
68882 68881 568
68882 68995 789
68933 68932 135
68933 68936 1811
68934 68927 1486
68934 68936 700
68937 68932 991
68937 69005 1066
72169 72167 1343
72169 72168 1014
72405 72404 811
72405 72408 1832
72412 72411 1769
72412 72423 754
72642 72423 1189
72642 72645 711
72429 72424 553
72429 72431 344
72429 72467 1121
72430 72424 2069
72430 72425 830
72645 72425 924
72645 72642 711
72431 72429 344
72431 72433 908
72656 72433 1769
72656 72661 792
72695 72694 1221
72695 72697 1432
72713 72496 202
72713 72712 778
72711 72700 688
72711 72701 1004
72712 72700 1120
72712 72713 778
72697 72695 1432
72697 72698 1032
72701 72698 881
72701 72711 1004
72539 72807 893
72809 72807 1310
72809 72808 672
72825 72808 570
72830 72581 1189
72485 72486 262
72485 72608 1307
77108 72608 771
220863 220862 933
220899 220862 608
220770 220769 527
220770 220771 474
220770 220772 1042
220940 220772 286
221036 221035 961
221036 221037 2233
221022 221017 826
221040 221037 1087
221020 218421 842
220948 220945 772
220932 220931 898
220932 220936 814
220932 220946 1464
220947 220946 442
224858 220771 1030
220934 220769 1022
220934 220933 634
220936 220932 814
220936 220933 988
221033 221028 1765
223330 224529 558
223330 224530 572
224530 223330 572
224530 224529 850
217429 224655 2820
221051 224655 2452
220522 220523 1909
220560 220557 844
220562 220557 1519
220562 220558 894
220564 220558 1647
224527 221018 847
221032 221027 1791
220070 220071 180
220072 220071 977
220072 220073 314
220079 220073 937
220079 220082 401
220081 220073 1055
220083 220082 2720
220083 220085 1004
220100 220085 2562
220100 220194 213
220194 220100 213
220194 220101 466
220422 220421 1597
220186 220185 1095
220186 220200 801
220200 220185 697
220200 220186 801
224304 220185 902
220474 220475 307
220474 224691 1237
224921 224691 767
220476 220475 825
224689 220483 1732
224818 220483 756
220500 220484 1570
220500 220499 431
220500 220501 391
220501 220500 391
220501 220502 1229
220501 220509 1131
220502 220501 1229
220502 220503 710
220502 220510 1257
220503 220502 710
220503 220513 2110
220514 220513 891
220555 220513 1526
221678 221672 2237
221678 221675 800
221680 221675 2098
221680 221707 710
221716 221709 2381
221716 221715 844
221719 221709 533
221667 221672 760
221673 221672 523
221666 221665 640
221681 221665 647
221657 221647 1407
221657 221656 767
221657 221710 850
221712 221710 2321
221712 221715 714
221732 221715 2134
219948 219945 1851
219948 219947 783
219961 219945 790
219961 219960 1172
219960 219931 653
219960 219946 642
219960 219961 1172
219778 219787 613
221683 219788 789
221690 219788 520
221690 221691 513
219954 219792 468
219954 219953 1130
221691 219792 1143
221691 221690 513
221775 219792 2658
219951 219952 2069
219953 219952 671
219953 219954 1130
219898 219897 459
219898 221418 815
219898 224352 2048
221418 219897 1120
221418 219898 815
221418 221419 717
221655 221648 314
221714 221656 2610
221714 221788 772
221758 221788 959
221792 221788 2154
221653 221641 622
221420 221419 923
221420 221421 852
221432 221421 482
221422 221423 227
221422 224332 634
224404 224332 530
221437 221423 153
221442 221423 351
221454 221453 1743
221454 221455 1106
221434 221455 871
221456 221455 776
221456 221458 1873
221459 221458 771
221459 221737 669
221738 221737 738
221740 221737 2136
221740 221745 868
221746 221745 2929
221746 221755 808
221755 221643 2911
221755 221746 808
221756 221652 1745
220956 220955 825
220957 220955 1465
220957 220961 684
220977 220961 1596
220973 220967 765
220973 220968 1531
220973 220970 816
220980 220968 785
220970 220969 2092
220970 220973 816
220971 220969 755
220971 221262 973
219261 219263 1284
219261 221260 863
219263 219261 1284
219263 221262 826
221297 221225 1811
221297 221295 1778
221297 221307 1256
221304 221299 1337
221305 221299 392
221303 221302 5166
221227 221226 1342
221308 221249 951
221308 221306 329
221311 221306 1064
224762 221307 2502
221249 221246 634
221249 221252 1138
221249 221308 951
221252 221249 1138
221252 221251 649
221252 221366 704
221366 221252 704
221366 221364 910
221367 221364 1207
221376 221369 368
221376 221378 507
221379 221378 987
221384 221378 885
221384 224352 1734
216652 216651 348
216718 216714 841
216692 216644 842
216693 216644 1074
216693 216671 1213
216671 216670 442
216671 216693 1213
216715 216670 669
216683 216678 856
216683 216695 1063
216695 216682 776
216695 216683 1063
216523 216580 908
216581 216580 2766
216581 216597 581
216597 216581 581
216597 216583 526
219258 216596 564
216791 216788 571
216798 216790 243
216798 216801 740
216802 216700 2447
216802 216819 812
216819 216701 573
216819 216802 812
216819 216821 1479
216755 216705 1320
216755 216707 832
216755 216754 716
216697 216747 768
224191 216747 531
216754 216755 716
216754 224190 1428
219696 216757 867
224595 216757 789
216821 216819 1479
216821 216820 706
216880 216820 1651
216885 216758 564
216885 216820 525
216758 216707 1965
216758 216885 564
216085 216076 374
216543 216069 906
216543 216071 869
216539 216069 919
216539 216538 1843
216518 216538 1004
217162 215751 663
217162 217176 1086
217176 217162 1086
217176 217177 722
217156 217165 1111
217166 217165 1600
217202 217181 692
217202 217204 1008
217204 217202 1008
217204 217207 618
217208 217207 872
217209 217210 847
217242 217243 794
215593 215594 732
215593 217229 450
217229 215593 450
217229 215594 487
217238 217239 1819
217241 217239 837
217241 217248 1388
217249 217248 667
217249 217261 728
224626 216720 1020
224478 224477 776
224746 224477 289
216736 216733 497
217442 217443 960
217445 217448 271
217445 217449 573
217449 217445 573
217449 217450 909
217452 217450 663
217466 217450 1030
217439 217261 1482
215371 215370 505
217440 215370 1348
223031 223030 194
223130 223030 143
217686 217684 818
217686 217690 1665
217689 217684 1624
217689 217690 779
217712 217690 1024
217712 217713 129
217713 217712 129
217713 217715 646
217716 217715 674
217685 217684 629
217727 217728 1058
217764 217728 1810
217765 217763 293
217781 217784 785
217457 217458 327
224155 217458 716
217459 217498 276
224835 217499 637
217474 217517 932
217521 217519 533
217513 217512 136
217513 217569 156
881
125473
125518
125522
125531
125765
125768
125798
125803
41928
128739
125128
123074
123101
123117
123009
123653
123705
123111
123108
132444
122421
123028
123255
123256
123306
45077
45089
45079
45082
45109
45133
132437
125800
125805
125870
125806
125833
125835
125838
125869
125742
125751
125826
125867
125717
125739
125714
125719
125721
128365
124992
124997
128370
128378
128392
128425
128432
128433
128436
128571
128611
128653
128695
128697
128699
128700
128710
120428
128689
120433
120459
128706
128716
128718
128669
128713
128722
120530
120538
120477
132414
120494
67651
67660
67661
120606
120633
120461
67667
68020
67676
68438
67655
68442
68455
67698
120641
68466
68099
68059
68098
68089
68091
68120
68262
68264
68266
68273
68291
68294
68320
68326
68327
68461
68471
68586
68596
68889
68901
68900
68923
68924
72617
72890
72905
72907
73098
71371
71373
71375
71378
71402
71383
71433
71438
71459
71512
77890
71670
71673
71453
71598
71785
71788
71793
71585
76871
68872
68395
71541
71575
71717
71719
71744
71746
71905
71910
71978
72062
71922
71924
71929
71982
71984
72086
72088
72017
72193
72209
72210
72212
72251
72166
72149
72150
68943
68948
68995
68936
68932
69005
68881
72168
72404
72408
72411
72423
72424
72425
72467
72433
72661
72694
72496
72700
72698
72807
72808
72581
72608
220862
220772
221035
221017
221037
218421
220945
220931
220946
220771
220769
220933
221028
224529
224655
220523
220557
220558
221018
221027
220071
220073
220082
220085
220101
220421
220185
224691
220475
220483
220484
220499
220509
220510
220513
221675
221707
221709
221672
221665
221647
221710
221715
219947
219945
219946
219787
219788
219792
219952
219897
221648
221656
221788
221641
221419
221421
224332
221423
221453
221455
221458
221737
221745
221643
221652
220955
220961
220967
220968
220969
221260
221262
221225
221295
221299
221302
221226
221306
221307
221246
221251
221364
221369
221378
224352
216651
216714
216644
216670
216678
216682
216580
216583
216596
216788
216790
216801
216700
216701
216705
216747
224190
216757
216820
216707
216076
216071
216069
216538
215751
217177
217165
217181
217207
217210
217243
215594
217239
217248
216720
224477
216733
217443
217448
217450
217261
215370
223030
217690
217715
217684
217728
217763
217784
217458
217498
217499
217517
217519
217569
217512
216007
217264
217527
217785
217849
217872
217878
217924
217516
217532
217533
220850
217658
217647
217646
217674
217940
217927
217935
217944
222595
224146
224217
224144
224229
222568
222571
222569
223682
223703
223831
223859
223828
223833
223693
223695
223826
223863
223878
223879
223722
223676
216214
216239
216243
216244
216230
216247
216231
216234
216256
216226
216103
216276
216286
222536
222537
216279
216296
216298
216302
216328
216329
216261
216262
219931
222464
222473
224338
222486
222487
223679
223689
223683
223778
223801
223802
223803
223691
223765
223783
223773
223776
139812
147745
147822
147825
147756
147833
147754
147759
147764
148080
148082
147766
198700
171619
171702
171693
171630
159704
159506
159553
159542
159552
159556
171386
170981
171042
171675
95936
95466
96010
95282
95319
95321
95325
95328
95917
95920
95925
96332
96333
96018
96020
92034
96041
95641
96415
96422
96432
96442
96446
96451
96453
98993
98999
99018
99429
99435
100081
42215
99363
99115
102366
99118
99156
99167
99368
99169
99127
42394
42411
42412
42414
42474
42527
42529
42592
42294
42289
42522
42230
42843
42845
42314
42325
42326
42308
42309
42880
42882
42945
42946
43042
43181
43074
44261
43193
43726
43044
43046
43032
43054
43072
43366
43368
43296
43289
43470
50526
43078
43347
43073
43081
43088
44967
44964
44970
44983
44980
45003
45027
37484
45002
45016
45009
45008
125459
125461
125462
125489
125519
125520
125540
125681
125767
125773
125774
125775
125799
41922
41927
45060
125087
123072
123103
123095
122995
123087
123628
123654
123713
123736
122420
123248
123094
122474
123250
123630
45072
45076
44936
45013
125779
125871
125831
125748
125819
125837
125866
125712
125738
125741
125711
125713
125710
124979
124990
124989
124995
128383
128386
128394
128426
124828
128435
128569
128651
128614
128657
128658
128666
124882
128687
128688
120441
128668
128704
123549
120522
120524
120532
120540
120474
120495
120492
120493
67647
76598
67653
120442
120475
67648
68021
76597
68439
68441
68444
120638
68042
68097
68058
68061
68079
68088
68080
68092
68187
68189
68263
68272
68301
68321
68328
68329
68340
68450
68580
68591
68830
68899
68918
68920
68925
72486
72889
73100
71184
71249
71374
71367
71403
71376
71431
71436
71458
71511
77891
71672
71674
71261
71460
71461
71786
71809
71582
71584
68310
68871
68394
68419
68422
71537
71576
71703
71741
71745
71748
71911
72004
72063
71912
71930
71931
71986
71985
72019
72015
72016
72192
72229
72230
72233
72228
72250
72257
72155
68939
68927
68882
68933
68934
68937
72169
72405
72412
72642
72430
72645
72431
72656
72695
72711
72712
72697
72701
72539
72809
72825
72830
220863
220940
221036
221022
221040
221020
220948
220934
220936
223330
224530
217429
221051
220560
220562
220564
220070
220072
220079
220081
220083
220100
220194
220422
220186
220200
220474
220476
224689
220503
220514
221678
221680
221716
221719
221667
221666
221681
221657
221712
221732
219948
219961
219778
221683
219954
221691
221775
219951
219953
219898
221714
221758
221792
221653
221420
221432
224404
221437
221454
221434
221456
221459
221738
221740
221746
221755
221756
220956
220957
220977
220973
220980
220970
220971
219261
219263
221297
221303
221308
221249
221366
221367
221376
221379
221384
216652
216718
216693
216671
216695
216523
216581
216791
216798
216802
216755
216697
224191
216754
216821
216880
216758
216085
216543
216539
216518
217162
217176
217156
217166
217202
217204
215593
217229
217238
217241
217249
216736
217442
217445
217449
217452
217466
217439
215371
217440
217686
217713
217727
217764
217765
217781
217457
217459
217474
217521
217513
