2426
83528 82212 1709
83528 83525 1004
83301 83529 521
83317 83318 445
83323 83324 1889
83323 83532 678
83525 83528 1004
83525 83543 518
83542 82209 2301
83542 83543 725
83542 83561 1796
83407 83408 890
83360 83362 4206
83328 83327 2887
83382 83383 562
83382 83619 2742
83455 83452 1980
83455 83458 2578
83453 83452 1086
83453 83733 688
83761 83733 1110
83761 90757 1445
91218 91219 1426
91218 91221 663
83714 83713 1698
83714 91012 476
91012 83714 476
91012 91013 1297
82024 81967 1970
82024 82023 1608
86682 81966 611
86682 86683 344
86683 86682 344
86683 86689 1186
86710 86689 1056
91909 91907 919
91909 91908 612
91914 91907 756
86301 86300 182
86303 91816 651
86550 86549 554
86550 86551 713
86596 86551 859
86596 86598 321
86567 86568 117
86598 86547 584
86598 86596 321
86601 86547 1467
86625 86645 1622
86703 86618 951
86703 86707 1506
86615 86610 1701
86615 86618 1586
86615 86619 848
86545 86544 831
86545 86546 911
86610 86544 1463
86610 86615 1701
86610 86702 892
80555 80554 671
86646 86644 722
86646 86647 520
86646 86721 1425
86720 86721 951
86720 86745 1862
86715 86716 1752
86715 86718 374
86715 86746 818
82031 82023 1040
86772 86689 2295
86772 86771 985
86800 86801 577
86799 86798 800
86793 86794 1014
86793 87047 813
87048 87040 1032
87048 87044 1589
86818 86816 1106
86818 87046 1000
86775 86776 3166
91406 91407 721
91406 91408 418
91406 91729 1405
81772 81776 1455
81772 81988 770
81775 81776 423
81990 81991 778
81990 81997 1360
81990 82007 905
85842 85771 1685
85842 85841 1528
85842 85843 1004
86280 91959 641
91948 91949 869
91948 91950 324
91948 91957 670
85796 85753 1232
85796 85755 607
85753 85755 1068
85753 85796 1232
85848 85843 994
85848 85847 953
83944 83948 939
83944 85352 536
85362 85363 1063
85362 85367 686
85757 85756 607
85757 85758 1067
85779 85758 607
85779 85778 559
85782 85783 977
85782 85791 783
79189 79190 1445
79193 79194 855
79196 79197 1614
79196 79207 1225
79210 79205 2893
79210 79211 1544
79682 79683 559
79686 79685 3002
79686 84824 2120
79219 79182 1361
79219 79222 3420
79222 79219 3420
79222 79221 1610
84889 84890 634
79692 79693 678
79705 79706 209
79918 79919 2648
79918 79934 1906
79904 79905 379
79904 79935 5913
79935 79904 5913
79935 79937 1445
79910 79909 1559
79910 79911 1678
79936 79937 1703
79936 79937 1703
79801 79802 502
79927 79928 1122
79927 79932 1332
79909 79910 1559
79909 91635 344
79931 79928 3021
79931 79929 1765
80208 80209 617
80212 80213 1537
79799 80204 971
81364 81365 1152
81364 91467 1015
81056 81057 447
81753 81754 223
81753 81755 543
81753 91471 739
85833 85831 545
80286 80287 786
80286 80290 1763
80292 80290 4060
80292 80293 276
162251 162249 675
162251 162252 1056
162251 162255 684
162253 162243 684
162253 162249 1669
162255 162251 684
162255 162256 1250
90167 90168 534
90253 90783 547
85190 85191 838
85190 85196 650
85190 85202 675
85192 85191 1550
85192 85195 873
85197 85196 1481
85197 90784 634
90231 90261 1293
90782 90784 1945
90254 90260 951
90169 90168 1989
90256 85195 524
90256 90261 951
90256 90519 1086
85210 85211 1686
85210 85215 415
90519 85194 1265
90519 90256 1086
85211 85210 1686
85211 85238 450
81046 81047 347
81046 81048 89
85235 85218 2138
85235 85239 853
85235 85242 769
91033 85294 707
91033 91032 686
91032 91033 686
91032 91034 852
91288 91287 199
91288 91289 1057
85292 85291 445
85292 85299 761
85297 85296 796
85297 85298 814
85321 85320 790
85321 85330 1018
85329 85330 679
85329 91925 1637
82007 81990 905
82007 81997 1551
90970 81998 1739
90970 90971 130
90966 82149 699
90966 90975 1765
82129 82126 2546
82129 82130 645
83518 83529 578
82212 82210 475
82212 82213 680
82212 83528 1709
83529 82213 1819
83529 82214 729
83529 83301 521
83529 83518 578
83318 83317 445
83324 83323 1889
83532 83323 678
83532 83533 838
83532 83552 2496
83532 83553 1359
83543 83525 518
83543 83542 725
83543 83544 837
82209 82208 478
82209 82210 1228
82209 83542 2301
83561 83542 1796
83408 83407 890
83362 83360 4206
83362 83363 4616
83362 83364 876
83327 83325 2007
83327 83328 2887
83327 83619 1698
83383 83382 562
83383 83384 1303
83383 83585 668
83619 83326 2138
83619 83327 1698
83619 83382 2742
83619 83586 1191
83452 83453 1086
83452 83455 1980
83452 83458 1562
83452 83728 788
83458 83452 1562
83458 83455 2578
83458 83459 562
83733 83453 688
83733 83731 1069
83733 83761 1110
90757 83761 1445
91219 91218 1426
91219 91220 1337
91221 91218 663
83713 83712 996
83713 83714 1698
83713 91757 372
91013 83721 1321
91013 91012 1297
91013 91757 1302
81967 80554 478
81967 81966 458
81967 82024 1970
82023 82024 1608
82023 82031 1040
81966 81965 1186
81966 81967 458
81966 86682 611
86689 81965 951
86689 86683 1186
86689 86710 1056
86689 86772 2295
91907 91906 756
91907 91909 919
91907 91914 756
91908 91906 873
91908 91909 612
86300 86301 182
86300 86308 439
91816 86303 651
91816 86308 1458
86549 86548 356
86549 86550 554
86551 86550 713
86551 86596 859
86568 86567 117
86547 86546 462
86547 86598 584
86547 86601 1467
86645 81361 892
86645 86625 1622
86645 86644 743
86645 86712 1345
86618 86615 1586
86618 86617 848
86618 86703 951
86618 86706 1543
86707 86703 1506
86707 86706 848
86619 86615 848
86619 86620 770
86619 86702 1425
86544 86545 831
86544 86610 1463
86546 86545 911
86546 86547 462
86702 86610 892
86702 86619 1425
86702 86698 1089
80554 80553 1264
80554 80555 671
80554 81967 478
86644 86645 743
86644 86646 722
86644 86713 1449
86647 86646 520
86721 86646 1425
86721 86713 713
86721 86720 951
86721 86744 1781
86745 86720 1862
86745 86744 925
86745 86746 1056
86745 86751 1621
86716 86715 1752
86716 86717 985
86716 86765 581
86716 86805 1664
86718 86715 374
86746 86715 818
86746 86745 1056
86746 86752 1587
86771 81965 2373
86771 86719 749
86771 86772 985
86801 86800 577
86801 86805 655
86798 86797 374
86798 86799 800
86798 86815 741
86794 86776 6205
86794 86793 1014
87047 86793 813
87047 86875 650
87040 87039 1621
87040 87041 1356
87040 87048 1032
87044 87043 1198
87044 87045 519
87044 87048 1589
86816 86817 3516
86816 86818 1106
86816 87043 264
87046 86818 1000
87046 87021 778
86776 86775 3166
86776 86794 6205
86776 86865 3123
91407 91406 721
91408 91406 418
91408 91409 246
91408 91819 1155
91729 91406 1405
81776 81772 1455
81776 81775 423
81776 81987 847
81988 81772 770
81988 81987 1336
81988 81991 905
81988 81992 1373
81991 81988 905
81991 81990 778
81991 81996 1543
81997 81990 1360
81997 81998 1013
81997 82007 1551
85771 85770 3121
85771 85842 1685
85841 85839 5811
85841 85842 1528
85843 85842 1004
85843 85844 871
85843 85848 994
91959 86280 641
91949 91948 869
91950 91948 324
91950 91951 865
91950 91952 220
91950 91956 636
91957 91948 670
85755 85753 1068
85755 85756 2237
85755 85796 607
85847 85844 1015
85847 85848 953
85847 90792 221
83948 83944 939
83948 83946 687
83948 85378 1037
83948 85380 1015
85352 83944 536
85352 85353 728
85352 85354 863
85363 85362 1063
85367 85362 686
85367 85368 706
85367 85369 700
85756 85755 2237
85756 85757 607
85758 85757 1067
85758 85779 607
85778 85768 1359
85778 85779 559
85778 85783 458
85778 85784 1459
85783 85778 458
85783 85782 977
85783 85785 678
85791 85782 783
85791 85785 1049
85791 85790 651
79190 79189 1445
79190 79191 3419
79194 79193 855
79197 79182 4673
79197 79196 1614
79197 79213 1334
79207 79196 1225
79207 79208 2779
79207 79209 687
79205 79204 1625
79205 79206 3445
79205 79210 2893
79211 79210 1544
79683 79682 559
79683 79684 1208
79683 79694 1232
79685 79684 3312
79685 79686 3002
84824 79198 2825
84824 79686 2120
84824 85729 1116
79182 79183 2909
79182 79197 4673
79182 79219 1361
79221 79220 1505
79221 79222 1610
79221 79693 1334
84890 84889 634
84890 84891 823
84890 84892 718
79693 79217 1529
79693 79221 1334
79693 79692 678
79706 79705 209
79919 79918 2648
79919 79934 944
79934 79918 1906
79934 79919 944
79905 79904 379
79905 79906 365
79937 79935 1445
79937 79936 1703
79937 79936 1703
79911 79910 1678
79802 79801 502
79928 79927 1122
79928 79929 1529
79928 79931 3021
79932 79927 1332
79932 79933 1305
79932 79938 731
91635 79909 344
91635 91636 643
91635 91637 796
79929 79928 1529
79929 79930 1111
79929 79931 1765
80209 79906 990
80209 80208 617
80213 80212 1537
80204 79799 971
81365 81364 1152
91467 81364 1015
81057 81056 447
81754 81753 223
81754 81758 884
81754 86183 2029
81755 81753 543
81755 81756 567
81755 86185 464
91471 81753 739
85831 85832 473
85831 85833 545
85831 86185 478
80287 80286 786
80287 80288 390
80287 80289 3320
80290 80286 1763
80290 80291 757
80290 80292 4060
80293 80292 276
162249 162247 591
162249 162250 1229
162249 162251 675
162249 162253 1669
162252 162251 1056
162243 162244 7517
162243 162247 1565
162243 162253 684
162256 162255 1250
90168 90167 534
90168 90169 1989
90168 90175 1003
90783 90253 547
85191 85190 838
85191 85192 1550
85191 85194 790
85191 85216 848
85196 85190 650
85196 85197 1481
85196 85201 607
85202 85190 675
85202 85201 748
85202 85214 1344
85195 85192 873
85195 85194 1619
85195 90256 524
85195 90261 804
90784 85197 634
90784 90782 1945
90784 90785 752
90261 85195 804
90261 90231 1293
90261 90256 951
90260 90254 951
85215 85210 415
85215 85214 415
85194 85191 790
85194 85195 1619
85194 90519 1265
85194 91030 452
85238 85211 450
85238 85239 227
85238 85241 695
81047 81046 347
81047 83908 556
81048 81045 691
81048 81046 89
81048 85242 1357
85218 85214 874
85218 85217 1344
85218 85235 2138
85218 85243 761
85239 85214 2029
85239 85235 853
85239 85238 227
85239 85240 782
85242 81048 1357
85242 85235 769
85242 85243 2248
85242 85247 712
85294 85288 996
85294 85295 912
85294 91033 707
91034 91032 852
91287 91285 655
91287 91288 199
91287 91339 285
91289 91286 811
91289 91288 1057
91289 91332 774
85291 85288 778
85291 85292 445
85291 85304 761
85299 85292 761
85299 85296 667
85299 85304 445
85296 85297 796
85296 85299 667
85296 85323 592
85298 85297 814
85320 85319 551
85320 85321 790
85320 85349 987
85320 85379 1012
85330 85321 1018
85330 85329 679
85330 91926 2142
91925 85329 1637
81998 81996 1013
81998 81997 1013
81998 82125 1013
81998 90970 1739
90971 90970 130
82149 82150 419
82149 90966 699
90975 90966 1765
82126 82127 989
82126 82128 905
82126 82129 2546
82130 82129 645
82130 82131 1013
82130 82131 1013
82210 82209 1228
82210 82211 3129
82210 82212 475
82213 82212 680
82213 82214 2124
82213 83529 1819
82214 82213 2124
82214 83529 729
82214 90968 81
83533 83532 838
83533 83534 1032
83533 83535 1107
83552 83532 2496
83552 83551 1490
83552 83553 2019
83553 83532 1359
83553 83552 2019
83553 83554 1032
83544 83543 837
82208 82207 2851
82208 82209 478
82208 83562 699
83363 83362 4616
83364 83362 876
83325 83326 1541
83325 83327 2007
83384 83383 1303
83384 83385 1777
83384 91193 1400
83585 83383 668
83585 83584 709
83585 83586 2892
83326 83325 1541
83326 83336 3040
83326 83587 1511
83326 83619 2138
83586 83585 2892
83586 83587 1344
83586 83619 1191
83728 83452 788
83728 83729 404
83728 83730 1209
83459 83458 562
83731 83732 333
83731 83733 1069
83731 90758 1561
91220 91219 1337
83712 83710 1694
83712 83713 996
83712 83722 393
91757 83713 372
91757 83722 1055
91757 91013 1302
83721 83720 800
83721 83722 1325
83721 91013 1321
81965 80553 921
81965 81966 1186
81965 86689 951
81965 86771 2373
91906 91907 756
91906 91908 873
91906 91913 79
86308 86300 439
86308 91816 1458
86548 86549 356
81361 81359 560
81361 81362 1324
81361 86645 892
86712 86645 1345
86712 86711 844
86712 86713 713
86712 86742 1768
86617 86618 848
86617 86620 831
86617 86705 1506
86706 86618 1543
86706 86705 951
86706 86707 848
86706 86708 767
86620 86617 831
86620 86619 770
86620 86697 848
86698 86697 1781
86698 86699 698
86698 86702 1089
80553 80552 1627
80553 80554 1264
80553 81965 921
86713 86644 1449
86713 86712 713
86713 86721 713
86713 86743 1781
86744 86721 1781
86744 86743 713
86744 86745 925
86744 86750 1621
86751 86745 1621
86751 86750 925
86751 86752 951
86751 86764 1781
86717 86716 985
86717 86719 307
86765 86716 581
86765 86752 925
86765 86774 1781
86805 86716 1664
86805 86801 655
86805 86804 732
86805 86810 1635
86752 86746 1587
86752 86751 951
86752 86765 925
86752 86766 1781
86719 80552 662
86719 86717 307
86719 86771 749
86797 86798 374
86797 86810 748
86815 86798 741
86815 86813 698
86815 87010 337
86815 87012 1213
86875 86874 585
86875 87047 650
87039 87037 356
87039 87040 1621
87039 87049 1484
87041 87040 1356
87041 87042 821
87041 87043 509
87043 86816 264
87043 87041 509
87043 87044 1198
87045 87044 519
86817 86816 3516
86817 86824 1041
86817 87025 520
86817 87034 4107
87021 87022 1207
87021 87023 715
87021 87046 778
86865 86776 3123
86865 86864 3810
91409 91408 246
91409 91410 952
91409 91818 175
91819 91408 1155
81987 81776 847
81987 81988 1336
81987 81994 1007
81992 81988 1373
81992 81993 1078
81992 81996 611
81996 81991 1543
81996 81992 611
81996 81998 1013
85770 85769 356
85770 85771 3121
85770 85828 1752
85839 85827 1563
85839 85837 1768
85839 85841 5811
85844 85843 871
85844 85847 1015
91951 91950 865
91952 91950 220
91952 91953 836
91952 91954 427
91952 91955 688
91956 91950 636
90792 85847 221
83946 83947 550
83946 83948 687
83946 91928 545
85378 83948 1037
85378 85349 955
85378 85379 1034
85380 83948 1015
85380 85379 1019
85380 91927 330
85353 85352 728
85353 85355 885
85353 85703 1259
85353 91041 831
85354 85348 592
85354 85352 863
85354 85355 754
85368 85367 706
85369 85367 700
85768 85759 848
85768 85769 1232
85768 85778 1359
85784 85778 1459
85784 85787 1359
85784 85793 2480
85785 85783 678
85785 85786 748
85785 85791 1049
85790 85786 1038
85790 85788 663
85790 85791 651
79191 79190 3419
79191 79192 727
79213 79197 1334
79213 79214 2667
79213 79215 2383
79208 79204 1111
79208 79207 2779
79208 79212 1276
79209 79207 687
79204 79201 2589
79204 79205 1625
79204 79208 1111
79206 79202 1710
79206 79205 3445
79206 90895 832
79684 79216 559
79684 79683 1208
79684 79685 3312
79694 79683 1232
79198 79199 2731
79198 79200 1009
79198 84824 2825
85729 84824 1116
85729 85730 784
85729 90904 2041
79183 79182 2909
79183 79223 453
79220 79215 2026
79220 79221 1505
79220 79699 939
84891 84890 823
84892 84890 718
79217 79216 1962
79217 79218 3049
79217 79693 1529
79906 79905 365
79906 80209 990
79933 79932 1305
79938 79932 731
91636 91635 643
91637 91635 796
79930 79929 1111
81758 81754 884
81758 81757 515
81758 86184 1823
86183 81754 2029
86183 86184 545
81756 81755 567
81756 81757 733
81756 86186 1098
86185 81755 464
86185 85831 478
85832 81757 1642
85832 85831 473
80288 80287 390
80289 80287 3320
80291 80290 757
162247 162243 1565
162247 162245 601
162247 162248 1169
162247 162249 591
162250 162249 1229
162244 162243 7517
90175 90168 1003
85216 85191 848
85201 85196 607
85201 85202 748
85201 85217 675
85214 85202 1344
85214 85215 415
85214 85218 874
85214 85239 2029
90785 90784 752
91030 85194 452
85241 85238 695
83908 81047 556
83908 83907 796
83908 91031 930
83908 91282 782
81045 81044 365
81045 81048 691
81045 81060 542
85217 85201 675
85217 85218 1344
85217 85244 942
85217 85259 755
85243 85218 761
85243 85242 2248
85243 85244 796
85243 85246 793
85240 85239 782
85247 85242 712
85247 85246 2262
85247 85251 583
85288 85254 838
85288 85287 761
85288 85291 778
85288 85294 996
85295 85294 912
91285 91280 676
91285 91286 1017
91285 91287 655
91339 91287 285
91339 91340 670
91286 91281 672
91286 91285 1017
91286 91289 811
91286 91333 930
91332 91289 774
85304 85287 778
85304 85291 761
85304 85299 445
85323 85296 592
85319 85320 551
85319 85328 769
85319 85350 633
85349 85320 987
85349 85348 778
85349 85378 955
85379 85320 1012
85379 85378 1034
85379 85380 1019
91926 85330 2142
82125 81998 1013
82125 82113 1228
82125 82124 699
82125 90972 892
82150 82149 419
82150 83545 1812
82127 82126 989
82127 82132 2063
82127 82172 3877
82127 82173 1979
82128 82126 905
82131 82130 1013
82131 82130 1013
82131 82132 1686
82211 82210 3129
90968 82214 81
90968 90967 270
90968 90973 1204
83534 83533 1032
83535 83533 1107
83535 83536 1563
83535 83583 1709
83551 83550 951
83551 83552 1490
83551 83578 277
83554 83553 1032
82207 82206 2745
82207 82208 2851
83562 82208 699
83562 83548 3166
83562 83550 2677
83385 83384 1777
83385 83386 2998
91193 83384 1400
91193 83389 1555
91193 91195 1347
83584 83585 709
83584 83617 648
83336 83326 3040
83587 83326 1511
83587 83586 1344
83729 83728 404
83729 83734 13
83730 83728 1209
83732 83731 333
90758 83731 1561
83710 83709 1332
83710 83711 337
83710 83712 1694
83722 83709 2055
83722 83712 393
83722 83721 1325
83722 91757 1055
83720 83708 1416
83720 83721 800
91913 91906 79
91913 91923 315
81359 81360 1324
81359 81361 560
81359 86711 420
81362 81360 439
81362 81361 1324
81362 86708 738
81362 86726 986
86711 81359 420
86711 86712 844
86711 86735 1000
86711 86736 1268
86742 86712 1768
86742 86741 799
86742 86743 732
86742 86748 1599
86705 86617 1506
86705 86696 1056
86705 86704 1039
86705 86706 951
86708 81362 738
86708 86706 767
86697 86620 848
86697 86696 2270
86697 86698 1781
86699 86698 698
80552 80553 1627
80552 86719 662
86743 86713 1781
86743 86742 732
86743 86744 713
86743 86749 1587
86750 86744 1621
86750 86749 818
86750 86751 925
86750 86763 1750
86764 86751 1781
86764 86763 1032
86764 86766 951
86764 86770 1621
86774 86765 1781
86774 86766 925
86774 86804 441
86774 86808 1506
86804 86774 441
86804 86805 732
86804 86809 1515
86810 86797 748
86810 86805 1635
86810 86809 848
86810 87005 1077
86766 86752 1781
86766 86764 951
86766 86774 925
86766 86807 1587
86813 86814 1162
86813 86815 698
87010 86815 337
87010 87005 753
87012 86814 1089
87012 86815 1213
87012 87011 1145
87012 87013 1287
86874 86875 585
86874 87069 763
87037 87038 1089
87037 87039 356
87037 87065 713
87049 87039 1484
87049 87050 1056
87049 87068 2218
87042 87041 821
86824 86817 1041
86824 87014 415
86824 87027 637
87025 86817 520
87025 87026 2743
87025 87027 609
87025 87035 3848
87034 86817 4107
87034 87033 648
87034 87038 1624
87022 87021 1207
87023 87021 715
86864 86865 3810
86864 87120 4228
91410 91409 952
91818 91409 175
81994 81987 1007
81994 81995 661
81994 82116 761
81993 81744 1078
81993 81992 1078
81993 81995 1079
81993 82124 838
85769 85768 1232
85769 85770 356
85769 85792 1832
85828 85770 1752
85828 85792 1157
85828 85818 2463
85827 85817 2540
85827 85826 876
85827 85839 1563
85837 85836 2423
85837 85838 709
85837 85839 1768
91953 91952 836
91954 91952 427
91955 91952 688
83947 83946 550
91928 83946 545
91927 85380 330
85355 85353 885
85355 85354 754
85355 85356 586
85355 91042 1698
85703 85353 1259
91041 85353 831
85348 85349 778
85348 85351 540
85348 85354 592
85348 85356 762
85759 85760 1031
85759 85761 712
85759 85767 956
85759 85768 848
85787 85784 1359
85787 85786 984
85787 91802 268
85793 85784 2480
85793 85794 754
85793 85809 2480
85793 91801 2049
85786 85785 748
85786 85787 984
85786 85789 713
85786 85790 1038
85788 85746 723
85788 85789 1071
85788 85790 663
79192 79191 727
79214 79213 2667
79214 79216 1334
79215 79213 2383
79215 79218 976
79215 79220 2026
79212 79208 1276
79201 79200 1197
79201 79202 4045
79201 79204 2589
79202 79199 2025
79202 79201 4045
79202 79206 1710
90895 79206 832
79216 79214 1334
79216 79217 1962
79216 79684 559
79199 79198 2731
79199 79202 2025
79199 79203 1091
79200 79198 1009
79200 79201 1197
85730 85729 784
85730 85731 3481
90904 85729 2041
79223 79183 453
79699 79220 939
79218 79215 976
79218 79217 3049
81757 81756 733
81757 81758 515
81757 85832 1642
86184 81758 1823
86184 86183 545
86186 81756 1098
162245 162246 864
162245 162247 601
162248 162247 1169
83907 81044 550
83907 83908 796
83907 91284 745
91031 83908 930
91282 83908 782
91282 91281 778
91282 91283 650
91282 91335 1099
81044 81045 365
81044 83907 550
81060 81045 542
81060 81058 326
81060 85251 939
85244 81086 1954
85244 85217 942
85244 85243 796
85259 85217 755
85259 85258 252
85259 85260 382
85246 85243 793
85246 85245 723
85246 85247 2262
85251 81060 939
85251 85247 583
85251 85250 245
85254 85253 685
85254 85255 826
85254 85286 807
85254 85288 838
85287 85286 866
85287 85288 761
85287 85304 778
85287 85324 763
91280 91279 442
91280 91281 930
91280 91285 676
91340 81059 1778
91340 85255 761
91340 91339 670
91281 91280 930
91281 91282 778
91281 91286 672
91281 91334 1205
91333 91286 930
85328 85319 769
85328 85327 778
85328 85351 1843
85350 85319 633
82113 82114 943
82113 82115 614
82113 82125 1228
82113 82134 1327
82124 81993 838
82124 82115 1150
82124 82125 699
90972 82125 892
83545 82150 1812
83545 83546 651
82132 82127 2063
82132 82131 1686
82132 82140 875
82172 82127 3877
82172 82171 1816
82172 82215 1233
82173 82127 1979
82173 82174 462
82173 82201 1811
82173 82204 2884
90967 83546 314
90967 90968 270
90967 90974 975
90973 90968 1204
83536 83535 1563
83536 83537 608
83536 83537 608
83583 83535 1709
83583 83540 2603
83583 83577 1367
83550 83551 951
83550 83562 2677
83550 83569 1078
83578 83551 277
83578 83577 714
83578 83579 475
82206 82168 1214
82206 82205 1208
82206 82207 2745
82206 83547 838
83548 83547 2427
83548 83549 755
83548 83562 3166
83548 83571 1122
83386 83385 2998
83386 83387 1056
83386 83388 499
83389 83388 1764
83389 83390 673
83389 91193 1555
91195 91193 1347
83617 83391 943
83617 83584 648
83617 83618 2688
83734 83729 13
83734 83738 874
83709 83708 1527
83709 83710 1332
83709 83722 2055
83711 83710 337
83708 83703 1207
83708 83709 1527
83708 83720 1416
91923 91913 315
91923 91922 131
81360 81359 1324
81360 81362 439
81360 86736 470
86726 81362 986
86726 86704 465
86726 86725 829
86735 86711 1000
86735 86734 2732
86735 86741 793
86736 81360 470
86736 86711 1268
86736 86725 1043
86741 86729 561
86741 86735 793
86741 86740 2732
86741 86742 799
86748 86742 1599
86748 86747 796
86748 86749 713
86748 86762 1217
86696 86695 951
86696 86697 2270
86696 86705 1056
86704 86705 1039
86704 86726 465
86749 86743 1587
86749 86748 713
86749 86750 818
86749 86761 1781
86763 86750 1750
86763 86761 713
86763 86764 1032
86763 86768 1781
86770 86764 1621
86770 86769 478
86770 86807 846
86770 86937 1376
86808 86774 1506
86808 86807 951
86808 86809 848
86808 87003 1616
86809 86804 1515
86809 86808 848
86809 86810 848
86809 87004 1347
87005 86810 1077
87005 87004 892
87005 87010 753
87005 87011 1414
86807 86766 1587
86807 86770 846
86807 86808 951
86807 86947 1077
86814 86813 1162
86814 87012 1089
87011 87005 1414
87011 87009 892
87011 87012 1145
87011 87014 456
87013 87012 1287
87069 86874 763
87069 87052 1475
87069 87066 2462
87038 86974 2895
87038 87034 1624
87038 87037 1089
87038 87054 795
87065 86974 2494
87065 87037 713
87065 87067 1350
87050 87049 1056
87050 87051 2494
87068 87049 2218
87068 87051 1343
87068 87067 925
87014 86824 415
87014 87011 456
87014 87015 658
87027 86824 637
87027 87025 609
87027 87028 1287
87026 87025 2743
87026 87029 289
87026 87036 1124
87026 91111 351
87035 86983 1287
87035 87025 3848
87035 87031 167
87033 87030 1346
87033 87034 648
87033 87054 1605
87120 86864 4228
87120 87116 1024
81995 81993 1079
81995 81994 661
81995 82116 101
82116 81745 1013
82116 81994 761
82116 81995 101
81744 81742 1215
81744 81745 978
81744 81993 1078
81744 82115 753
85792 85769 1832
85792 85794 754
85792 85811 2480
85792 85828 1157
85818 85817 3030
85818 85819 698
85818 85828 2463
85817 85813 581
85817 85818 3030
85817 85827 2540
85826 85812 1433
85826 85824 893
85826 85827 876
85836 85835 1592
85836 85837 2423
85836 85840 944
85838 85837 709
85356 85347 836
85356 85348 762
85356 85355 586
85356 91043 1796
91042 85355 1698
85351 85328 1843
85351 85338 625
85351 85348 540
85760 85759 1031
85761 85759 712
85761 85762 1001
85761 85763 848
85761 85766 1031
85767 85759 956
91802 85787 268
85794 85792 754
85794 85793 754
85794 85795 2243
85794 85808 2480
85809 85793 2480
85809 85805 2480
85809 85808 754
91801 85793 2049
85789 85744 748
85789 85786 713
85789 85788 1071
85746 85744 1012
85746 85747 848
85746 85788 723
79203 79199 1091
85731 85730 3481
162246 162245 864
91284 83907 745
91284 91279 338
91283 91282 650
91335 91282 1099
81058 81059 1908
81058 81060 326
81058 85263 935
81086 81084 795
81086 81085 2416
81086 85244 1954
81086 85245 381
85258 81084 3166
85258 85259 252
85260 85259 382
85245 81086 381
85245 85246 723
85245 85248 403
85250 85249 905
85250 85251 245
85250 85261 2223
85253 85254 685
85253 85257 1146
85253 85289 797
85255 85254 826
85255 85256 1821
85255 91340 761
85286 85254 807
85286 85287 866
85286 85289 691
85286 85310 736
85324 85287 763
85324 85310 837
85324 85325 608
85324 85326 776
91279 81059 927
91279 91280 442
91279 91284 338
81059 81058 1908
81059 85256 761
81059 91279 927
81059 91340 1778
91334 91281 1205
85327 85326 765
85327 85328 778
85327 85338 1780
82114 81742 1301
82114 82113 943
82114 82136 277
82115 81744 753
82115 82113 614
82115 82124 1150
82134 82113 1327
82134 82135 3721
82134 82145 156
83546 83545 651
83546 90967 314
82140 82132 875
82140 82141 894
82140 82145 1993
82171 82170 1621
82171 82172 1816
82171 82205 238
82215 82172 1233
82215 82216 2287
82215 82218 1367
82174 82173 462
82174 82175 652
82174 82175 652
82201 82153 1531
82201 82173 1811
82201 82202 564
82204 82173 2884
90974 90967 975
83537 83536 608
83537 83536 608
83537 83538 796
83540 83538 1023
83540 83541 1290
83540 83583 2603
83577 83576 790
83577 83578 714
83577 83583 1367
83569 83550 1078
83569 83567 1284
83569 83570 790
83579 83578 475
82168 82167 3513
82168 82169 476
82168 82206 1214
82205 82171 238
82205 82206 1208
82205 82220 539
83547 82206 838
83547 83548 2427
83547 83573 1258
83549 83548 755
83571 83548 1122
83571 83568 1524
83571 83573 2628
83387 83386 1056
83388 83386 499
83388 83389 1764
83390 83389 673
83390 83391 508
83390 91194 1296
83391 83390 508
83391 83392 586
83391 83617 943
83618 83617 2688
83738 83734 874
83738 83752 746
83703 83702 2673
83703 83704 1704
83703 83708 1207
91922 91920 809
91922 91923 131
86725 86724 329
86725 86726 829
86725 86736 1043
86734 86724 755
86734 86735 2732
86734 86740 793
86729 86728 675
86729 86730 2728
86729 86741 561
86740 86730 793
86740 86734 793
86740 86741 2732
86747 81977 481
86747 86728 271
86747 86739 2694
86747 86748 796
86762 81977 1130
86762 86748 1217
86762 86760 491
86695 86696 951
86761 86749 1781
86761 86760 707
86761 86763 713
86761 86767 1781
86768 86763 1781
86768 86767 713
86768 86769 611
86769 86768 611
86769 86770 478
86769 86938 882
86937 86770 1376
86937 86934 1167
86937 86947 1035
87003 86808 1616
87003 86946 838
87003 87004 753
87003 87008 1414
87004 86809 1347
87004 87003 753
87004 87005 892
87004 87009 1414
86947 86807 1077
86947 86937 1035
86947 86946 812
87009 87004 1414
87009 87008 753
87009 87011 892
87009 87016 1145
87052 87051 893
87052 87053 755
87052 87069 1475
87066 86974 1262
87066 87067 1710
87066 87069 2462
86974 86975 3287
86974 86976 1280
86974 87038 2895
86974 87065 2494
86974 87066 1262
86974 87090 4067
87054 87033 1605
87054 87038 795
87054 87060 713
87067 87065 1350
87067 87066 1710
87067 87068 925
87051 87050 2494
87051 87052 893
87051 87068 1343
87015 87014 658
87028 87027 1287
87029 87026 289
87036 86983 2175
87036 87026 1124
87036 91107 611
91111 86959 486
91111 87026 351
86983 86982 919
86983 86984 831
86983 86985 1542
86983 87035 1287
86983 87036 2175
87031 86982 505
87031 87030 1516
87031 87035 167
87030 86981 1219
87030 87031 1516
87030 87032 688
87030 87033 1346
87030 87060 2621
87116 87117 559
87116 87120 1024
87116 87130 1506
81745 81744 978
81745 81746 912
81745 82116 1013
81745 90727 1645
81742 81743 608
81742 81744 1215
81742 82114 1301
85811 85792 2480
85811 85808 754
85811 85810 2480
85811 85819 661
85819 85811 661
85819 85818 698
85819 85829 668
85813 85812 885
85813 85817 581
85812 85813 885
85812 85814 607
85812 85821 713
85812 85826 1433
85824 85821 1186
85824 85825 667
85824 85826 893
85835 85836 1592
85840 85836 944
85347 85338 677
85347 85346 884
85347 85356 836
85347 91044 2740
91043 85356 1796
85338 85327 1780
85338 85339 889
85338 85347 677
85338 85351 625
85762 85761 1001
85763 85761 848
85763 85764 754
85763 85765 831
85766 85761 1031
85795 85794 2243
85808 85794 2480
85808 85804 2443
85808 85809 754
85808 85811 754
85805 85803 1086
85805 85809 2480
85744 85745 713
85744 85746 1012
85744 85789 748
85747 85745 1031
85747 85746 848
85747 91804 1122
85263 81058 935
85263 85256 1669
85263 85262 769
81084 81083 2490
81084 81086 795
81084 85258 3166
81085 81083 666
81085 81086 2416
81085 85252 748
81085 85265 2229
85248 85245 403
85248 85249 681
85248 85252 2582
85249 85248 681
85249 85250 905
85249 85264 2435
85261 85250 2223
85261 85262 748
85261 85264 748
85261 85267 2195
85257 85253 1146
85257 85256 761
85257 85262 1558
85257 85303 846
85289 85253 797
85289 85286 691
85289 85303 1111
85289 85311 761
85256 81059 761
85256 85255 1821
85256 85257 761
85256 85263 1669
85310 85286 736
85310 85309 794
85310 85311 667
85310 85324 837
85325 85324 608
85326 85309 805
85326 85324 776
85326 85327 765
85326 85339 1764
82136 82114 277
82136 82119 1157
82136 82137 419
82135 82068 879
82135 82134 3721
82135 82146 978
82145 82134 156
82145 82140 1993
82145 82141 1099
82141 82140 894
82141 82142 540
82141 82145 1099
82170 82169 1024
82170 82171 1621
82216 82215 2287
82216 82217 333
82216 82218 2823
82218 82215 1367
82218 82216 2823
82218 82219 2502
82175 82174 652
82175 82174 652
82175 82176 419
82153 82147 2761
82153 82151 1193
82153 82201 1531
82202 82163 478
82202 82201 564
83538 83537 796
83538 83539 593
83538 83540 1023
83541 83530 817
83541 83540 1290
83541 83576 3055
83576 83541 3055
83576 83574 1788
83576 83577 790
83567 83568 362
83567 83569 1284
83567 83575 2837
83570 83569 790
82167 82165 1078
82167 82168 3513
82167 83572 1146
82169 82168 476
82169 82170 1024
82220 82205 539
82220 82221 593
82220 82223 452
83573 83547 1258
83573 83571 2628
83573 83572 1350
83568 83567 362
83568 83571 1524
83568 83572 2938
91194 83390 1296
83392 83391 586
83392 83393 4847
83392 83615 823
83392 83616 1233
83752 83738 746
83752 83746 1061
83752 83753 1427
83752 91229 1648
83702 83700 4324
83702 83703 2673
83702 83783 1470
83704 83703 1704
83704 83705 995
83704 83719 1766
91920 91392 481
91920 91921 380
91920 91922 809
86724 86723 928
86724 86725 329
86724 86734 755
86728 85198 2682
86728 86729 675
86728 86747 271
86730 86729 2728
86730 86731 1045
86730 86740 793
81977 81976 754
81977 81978 2022
81977 86747 481
81977 86762 1130
86739 82013 355
86739 86738 872
86739 86747 2694
86760 86761 707
86760 86762 491
86760 86917 1098
86760 86920 1935
86767 86761 1781
86767 86768 713
86767 86920 748
86767 86934 1923
86938 86769 882
86934 86767 1923
86934 86933 812
86934 86937 1167
86946 86945 978
86946 86947 812
86946 87002 1347
86946 87003 838
87008 87002 929
87008 87003 1414
87008 87009 753
87008 87024 1350
87016 87009 1145
87053 87052 755
86975 86973 2373
86975 86974 3287
86976 86974 1280
86976 86977 2362
86976 87060 2319
87090 86973 4412
87090 86974 4067
87090 87092 5135
87060 86976 2319
87060 87030 2621
87060 87054 713
87060 87061 1091
91107 87036 611
91107 91108 2452
91107 91109 961
86959 86928 528
86959 91111 486
86982 86981 1102
86982 86983 919
86982 87031 505
86984 86983 831
86985 86983 1542
86985 86986 943
86985 87089 1234
86981 86980 1027
86981 86982 1102
86981 87030 1219
87032 87030 688
87117 87116 559
87117 87118 608
87117 87126 1301
87130 87116 1506
87130 87131 1665
87130 90811 508
81746 81745 912
81746 81747 917
81746 82117 1280
90727 81745 1645
81743 81742 608
81743 81747 978
81743 82121 755
85810 85807 984
85810 85811 2480
85810 85816 632
85829 85819 668
85814 85806 881
85814 85812 607
85814 85822 984
85821 85812 713
85821 85820 611
85821 85824 1186
85825 85824 667
85346 85339 694
85346 85347 884
91044 85347 2740
85339 85326 1764
85339 85336 778
85339 85338 889
85339 85346 694
85764 85763 754
85765 85763 831
85804 85802 1122
85804 85808 2443
85803 85705 984
85803 85805 1086
85745 85744 713
85745 85747 1031
85745 91803 885
91804 85747 1122
85262 85257 1558
85262 85261 748
85262 85263 769
85262 85269 805
81083 81084 2490
81083 81085 666
81083 85285 2203
85252 81085 748
85252 85248 2582
85252 85264 748
85252 85266 2240
85265 81085 2229
85265 85266 731
85265 85285 800
85265 85306 1407
85264 84946 2187
85264 85249 2435
85264 85252 748
85264 85261 748
85267 84948 25
85267 85261 2195
85267 85268 737
85303 85257 846
85303 85269 1444
85303 85289 1111
85303 85305 761
85311 85289 761
85311 85305 1075
85311 85310 667
85309 85308 876
85309 85310 794
85309 85326 805
85309 85336 1744
82119 82068 1565
82119 82136 1157
82137 82136 419
82068 82069 568
82068 82070 1410
82068 82119 1565
82068 82135 879
82146 82135 978
82146 82147 892
82146 82148 1013
82142 82141 540
82142 82143 893
82142 82143 893
82217 82216 333
82219 82218 2502
82176 82175 419
82176 82177 453
82176 82184 676
82147 82146 892
82147 82153 2761
82151 82152 369
82151 82153 1193
82163 82162 1426
82163 82164 892
82163 82202 478
83539 83538 593
83530 83531 167
83530 83541 817
83530 83589 2988
83574 83575 699
83574 83576 1788
83574 83590 1816
83575 83567 2837
83575 83574 699
83575 83625 520
82165 82166 810
82165 82167 1078
82165 82318 1013
83572 82167 1146
83572 83568 2938
83572 83573 1350
83572 83627 2063
82221 82220 593
82221 82222 1078
82221 82222 1078
82221 82223 675
82223 82220 452
82223 82221 675
82223 82222 1373
83393 83392 4847
83615 83392 823
83615 83614 1589
83616 83392 1233
83746 83745 941
83746 83747 1929
83746 83752 1061
83753 83752 1427
83753 83754 719
83753 83755 1383
91229 83752 1648
83700 83701 387
83700 83702 4324
83783 83702 1470
83783 83782 121
83705 83704 995
83705 83706 3188
83705 87262 1370
83719 83699 1376
83719 83704 1766
83719 87261 1898
91392 91393 147
91392 91920 481
91921 91920 380
86723 86722 1376
86723 86724 928
86723 86733 2057
85198 82014 20
85198 85199 248
85198 86728 2682
86731 85199 656
86731 86730 1045
86731 86732 1316
81976 81975 933
81976 81977 754
81976 86918 878
81978 81977 2022
81978 86916 1277
82013 82012 251
82013 82014 336
82013 86739 355
86738 86737 57
86738 86739 872
86738 86756 733
86917 86760 1098
86917 86916 1087
86917 86918 575
86917 86919 1174
86920 86760 1935
86920 86767 748
86920 86919 611
86920 86935 2533
86933 86932 1350
86933 86934 812
86933 86944 559
86945 86944 675
86945 86946 978
86945 87001 1487
87002 86946 1347
87002 87001 812
87002 87006 1762
87002 87008 929
87024 87008 1350
86973 86971 344
86973 86975 2373
86973 87090 4412
86977 86976 2362
86977 86978 911
87092 87090 5135
87092 87091 3233
87092 90806 1016
87061 86978 474
87061 86979 413
87061 87060 1091
91108 91107 2452
91109 91107 961
86928 86927 5077
86928 86929 1077
86928 86959 528
86986 86985 943
86986 86987 3295
87089 86985 1234
87089 87064 1561
86980 86979 7
86980 86981 1027
87118 87117 608
87118 87119 1301
87118 87127 1259
87118 87129 1032
87126 82382 2369
87126 87117 1301
87126 87127 680
87126 87131 1109
87131 82536 3949
87131 87126 1109
87131 87130 1665
87131 87137 1359
90811 87130 508
81747 81743 978
81747 81746 917
81747 82118 1487
81747 82122 882
82117 81746 1280
82117 82118 1013
82121 81743 755
82121 82070 1288
82121 82120 790
85807 85806 1086
85807 85810 984
85816 85810 632
85816 85815 885
85806 85711 740
85806 85807 1086
85806 85814 881
85822 85814 984
85822 85823 254
85820 85821 611
85336 85309 1744
85336 85335 244
85336 85339 778
85802 85711 1122
85802 85804 1122
85705 85704 3869
85705 85711 793
85705 85803 984
91803 85745 885
85269 85262 805
85269 85268 818
85269 85303 1444
85285 81083 2203
85285 85265 800
85285 85284 1343
85266 84927 1413
85266 84946 651
85266 85252 2240
85266 85265 731
85306 84913 1422
85306 84927 608
85306 85265 1407
85306 85284 879
84946 84947 1386
84946 84948 611
84946 85264 2187
84946 85266 651
84948 84946 611
84948 84947 1516
84948 85267 25
84948 85302 754
85268 85267 737
85268 85269 818
85268 85305 1373
85305 85268 1373
85305 85303 761
85305 85311 1075
85308 85307 774
85308 85309 876
85308 85334 857
82069 82068 568
82070 81983 979
82070 82068 1410
82070 82121 1288
82148 82099 680
82148 82146 1013
82143 82142 893
82143 82142 893
82143 82144 820
82177 82176 453
82177 82178 550
82177 82180 704
82184 82176 676
82184 82185 431
82184 82186 413
82152 82098 1171
82152 82151 369
82152 82155 3503
82162 82161 1115
82162 82163 1426
82164 82163 892
83531 83530 167
83531 83581 1398
83589 83530 2988
83589 83588 506
83589 83596 65
83590 83574 1816
83590 83591 2667
83590 83591 2667
83625 83575 520
83625 83601 1537
83625 83626 2908
82166 82165 810
82166 82203 4749
82166 82312 1348
82318 82165 1013
82318 82317 1771
82318 83628 1163
83627 83572 2063
83627 83626 1397
83627 83628 1359
82222 82221 1078
82222 82221 1078
82222 82223 1373
83614 83564 388
83614 83615 1589
83614 83654 480
83745 83744 508
83745 83746 941
83745 83756 1599
83747 83746 1929
83754 83753 719
83755 83753 1383
83755 83756 581
83755 83756 581
83701 83700 387
83782 83727 253
83782 83783 121
83706 83705 3188
83706 83707 702
83706 87261 3230
87262 83705 1370
87262 87261 490
87262 87263 1412
83699 83669 222
83699 83719 1376
87261 83706 3230
87261 83719 1898
87261 87262 490
91393 91392 147
91393 91919 331
91393 91924 288
86722 86723 1376
86722 86733 1635
86733 86722 1635
86733 86723 2057
82014 82013 336
82014 85198 20
85199 85198 248
85199 85200 396
85199 86731 656
86732 86731 1316
81975 81976 933
81975 86918 1036
86918 81975 1036
86918 81976 878
86918 86917 575
86916 81978 1277
86916 86755 664
86916 86917 1087
82012 82013 251
82012 86727 255
86737 86727 1227
86737 86738 57
86737 86758 1801
86756 86738 733
86756 86755 675
86756 86757 718
86919 86755 1471
86919 86917 1174
86919 86920 611
86919 86939 1100
86935 86920 2533
86935 86923 819
86935 86936 1594
86932 86929 950
86932 86933 1350
86932 86960 559
86944 86933 559
86944 86945 675
86944 86960 1350
87001 86945 1487
87001 86960 698
87001 87002 812
87001 87007 1893
87006 87002 1762
86971 86970 3428
86971 86972 1321
86971 86973 344
86978 86977 911
86978 86979 886
86978 87061 474
87091 87055 3134
87091 87092 3233
90806 87092 1016
90806 90807 984
90806 90808 6
86979 86978 886
86979 86980 7
86979 87061 413
86927 86922 15
86927 86928 5077
86927 86950 617
86929 86928 1077
86929 86930 753
86929 86932 950
86987 86986 3295
86987 86988 607
86987 87062 277
87064 87063 1176
87064 87089 1561
87119 87118 1301
87127 82380 2369
87127 87118 1259
87127 87126 680
87127 87128 956
87129 87118 1032
87129 87128 1301
87129 87157 790
82382 82380 680
82382 82383 1674
82382 87126 2369
82536 82383 1158
82536 82534 1952
82536 82537 1233
82536 87131 3949
87137 82537 3438
87137 87123 1123
87137 87131 1359
82118 81747 1487
82118 82117 1013
82122 81747 882
82120 82121 790
85815 85816 885
85711 85705 793
85711 85802 1122
85711 85806 740
85823 85822 254
85335 85336 244
85704 85705 3869
85284 85285 1343
85284 85306 879
84927 85266 1413
84927 85306 608
84913 85306 1422
84947 84946 1386
84947 84948 1516
85302 84948 754
85302 85307 705
85307 85302 705
85307 85308 774
85334 85308 857
81983 82070 979
82099 82098 2655
82099 82148 680
82144 82143 820
82178 82177 550
82178 82180 155
82180 82177 704
82180 82178 155
82185 82184 431
82186 82184 413
82098 82099 2655
82098 82152 1171
82155 82152 3503
82161 82162 1115
83581 83531 1398
83588 83589 506
83588 83591 1233
83596 83589 65
83591 83588 1233
83591 83590 2667
83591 83590 2667
83601 83625 1537
83626 83625 2908
83626 83627 1397
82203 82166 4749
82312 82166 1348
82312 82317 374
82317 82312 374
82317 82318 1771
83628 82318 1163
83628 83627 1359
83564 83614 388
83654 83614 480
83744 83745 508
83756 83745 1599
83756 83755 581
83756 83755 581
83727 83782 253
83707 83706 702
87263 87262 1412
83669 83699 222
91919 91393 331
91924 91393 288
85200 85199 396
85200 86727 562
86755 86756 675
86755 86916 664
86755 86919 1471
86727 82012 255
86727 85200 562
86727 86737 1227
86758 86737 1801
86757 86756 718
86939 86919 1100
86923 86922 3697
86923 86935 819
86936 86935 1594
86960 86932 559
86960 86944 1350
86960 87001 698
87007 87001 1893
86970 86971 3428
86972 86971 1321
87055 87091 3134
90807 90806 984
90808 90806 6
86922 86923 3697
86922 86927 15
86950 86927 617
86930 86929 753
86988 86987 607
87062 86987 277
87063 87064 1176
82380 82382 680
82380 87127 2369
87128 87127 956
87128 87129 1301
87157 87129 790
82383 82382 1674
82383 82536 1158
82534 82536 1952
82537 82536 1233
82537 87137 3438
87123 87137 1123
174
