2056
230718 230395 1095
230718 230717 1483
230396 230391 1011
230396 230397 556
230384 230382 905
230384 230399 1940
230401 230371 4310
230363 230362 1000
230363 230364 2556
232193 230364 845
232193 232194 1454
232206 232194 3050
232206 232207 1114
230402 230361 6416
230402 230403 893
232236 232207 2619
230593 230526 328
230598 230602 928
230598 230607 667
230704 230701 1011
230816 235366 68
230816 235367 404
230688 230689 511
230688 230690 1675
230787 230776 670
230787 230777 474
230690 230688 1675
230690 230703 1556
230798 230785 1762
230798 230786 1014
232208 232207 1114
232210 232211 1482
232210 232212 1111
232212 232210 1111
232212 232211 845
232222 232223 1774
232222 232224 905
232222 232255 838
232191 232190 928
232191 232213 3011
232191 232219 1013
232219 232191 1013
232219 232214 1222
232224 232222 905
232224 232225 1791
9017 9016 1017
9043 9044 1532
9043 9053 978
9055 9357 555
9055 9358 888
9053 9043 978
9053 9052 1217
9354 9052 2600
9031 9032 3108
9031 9039 1516
9378 9379 2454
9378 9407 2146
9386 9383 2805
9386 9388 698
9392 9394 467
9392 9397 2303
9406 9407 1479
9406 9409 1513
9462 9461 2622
9462 9902 3062
9903 9902 1563
9903 9904 2498
9461 9462 2622
9461 9464 731
9907 9908 1543
9907 9909 1471
34855 34856 1037
34855 35322 671
9909 9907 1471
9909 9910 1178
34036 12268 962
34036 34853 827
9952 9931 3606
9952 9953 1557
9952 9956 3028
9958 9959 2133
9958 9960 1435
9973 9950 1478
9973 9974 1569
9984 9979 1149
9984 9985 1880
9989 9991 1974
7289 7253 520
7289 10021 632
10018 10015 1325
10018 10028 2199
10015 9991 1264
10015 10018 1325
10015 10026 1250
7253 7289 520
7253 10019 172
7287 10034 6652
10049 10052 3450
10049 10059 744
10038 10037 978
10038 10040 1021
10052 10037 802
10052 10049 3450
10052 10055 346
10054 10037 3426
10054 10708 991
10054 10714 1503
10716 10714 679
10716 10719 1616
10721 10719 659
10721 10723 977
10721 10724 983
10730 10727 1709
10730 10729 495
10733 10735 902
10733 10736 774
10734 10727 654
10734 10737 842
10736 10733 774
10736 10735 1135
10812 10806 528
10860 10859 1678
10860 10870 993
10860 11001 1614
16944 7762 575
16944 34175 2235
10920 10914 3685
10920 11005 1809
10650 10649 173
10908 10646 690
10908 10648 507
11008 11005 801
11008 11021 1391
11026 11022 708
11026 11029 1554
10970 10966 777
10970 10971 1014
10972 10971 1957
10972 10983 809
10980 10979 1591
10980 13414 706
11069 10979 853
10986 10985 1103
10986 34106 759
11087 34824 1321
34200 10994 398
34200 34998 1935
35334 35333 1823
11098 11103 576
13408 13407 1272
13408 13410 1250
13416 11201 1450
13416 14223 1480
14247 14248 664
34109 14298 366
34109 34108 439
14235 14236 1400
14235 14244 864
14255 34110 755
14249 14241 1219
14249 14243 970
35109 35367 192
14243 14242 1564
14243 14249 970
8807 8806 1241
8807 13457 834
8807 13461 2792
14295 13472 490
14295 14302 3894
13391 13390 464
13470 13471 2783
13470 14304 689
13489 13488 737
13486 13143 1454
13486 13487 2949
13150 13141 1425
13150 13147 893
13537 13535 1160
13537 13539 2613
13548 13539 511
13548 13549 2209
13573 13574 1576
13573 13575 1532
13562 13552 1480
13562 13570 3292
13565 13554 2444
13558 13251 750
13558 13256 1723
14007 14011 1306
14007 14015 2614
14015 14007 2614
14015 14013 610
14017 14014 1516
14017 14061 1867
14017 14066 598
14067 14068 2280
14067 14109 941
14067 14113 884
14046 14047 1531
14046 14112 510
14126 14048 904
14126 14148 1608
14120 14119 737
14120 14123 2407
14120 14133 806
14134 14133 1675
14134 14136 1611
14097 14090 2413
14097 14136 1120
14103 14102 750
14103 14104 1160
14107 14104 1140
14107 14106 847
14183 14105 1145
14183 14106 2044
14183 14165 975
14165 14164 2821
14165 14168 1085
14165 14183 975
14192 14184 1209
14192 14189 1004
14192 14193 1553
14199 14193 1031
14039 14035 2016
14039 14036 2607
14040 14038 2184
14047 14046 1531
14047 14111 1299
14048 14050 1022
14048 14126 904
14025 14023 2362
14025 14024 2367
14026 14024 983
14035 14034 950
14035 14039 2016
14210 14211 238
24009 24008 4107
24009 24015 826
24014 23994 3488
248824 248823 672
248824 248825 688
248833 248837 2225
248833 248838 788
248838 248828 778
248838 248833 788
248851 248945 1495
248851 248947 796
132627 132617 1104
132627 132622 1655
132622 132621 2185
132622 132627 1655
132688 132687 1292
132734 132732 3116
132735 132736 558
132743 132742 1675
132754 132742 2196
132754 132755 1234
132805 132811 1188
132673 132672 629
132673 132675 818
132673 132729 1558
132748 132746 2311
132748 132755 927
132750 132675 2052
132750 132753 1188
132758 132753 1007
132758 132860 1500
132755 132747 2196
132755 132748 927
132755 132754 1234
132761 132865 1500
132761 132873 708
132763 132815 1026
132763 132873 1356
132807 132813 516
132766 132813 2085
132766 132814 826
132766 132815 1426
132861 132846 904
132861 132862 809
132861 132863 810
132817 132811 847
132817 132819 2688
248947 248405 796
248947 248851 796
248947 248946 1415
248405 248404 3178
248405 248947 796
248402 248399 580
248402 248404 649
248950 248952 704
248399 248398 840
248399 248402 580
248953 248970 1532
187017 187016 678
187017 187018 191
187013 187012 1150
187013 187014 1095
187185 187014 1486
187185 187186 519
134216 134214 612
134216 134225 2898
134216 134239 931
134238 134239 889
134238 134242 840
132888 132886 1880
134232 134250 344
134252 134251 1177
134252 134253 3708
134254 134253 737
134254 134255 2780
134254 134259 750
134321 134322 1115
134323 134322 951
134323 134326 746
134323 134332 708
134332 134323 708
134332 134327 883
134332 134334 950
134339 134334 1187
134339 134342 827
134341 134342 2577
134341 134384 354
134384 134341 354
134384 134385 403
134386 134388 713
134379 134383 2180
134380 134383 1033
134380 134388 1115
134380 134389 1458
134382 134490 672
134471 134470 1530
134471 134472 806
134473 134472 610
134473 134474 1140
134473 134484 1585
134484 134473 1585
134484 134485 1026
134487 134485 1639
134487 134549 139
134549 134487 139
134549 134550 947
134551 134550 1008
134564 134627 1161
134632 134631 1168
139583 139580 5929
139583 139581 804
136884 136885 893
136884 136922 840
136883 136886 931
136883 136889 1778
133542 133555 889
133542 133556 354
133542 133558 1022
133549 133565 688
133549 133568 708
133560 133558 1014
133560 133562 168
133562 133559 884
133562 133560 168
133562 133565 1142
136915 136917 848
136915 136918 1334
136916 136917 782
136916 136919 848
136918 136915 1334
136918 136920 756
136918 136923 2007
136922 136884 840
136922 136887 1004
136922 136923 756
133554 133569 840
133571 133572 1102
133571 136919 2016
133585 133573 1161
133585 133584 667
133585 133587 1680
133430 133432 847
133430 133433 2436
133435 133433 847
133435 133579 2678
133472 133579 983
133472 133592 2515
133481 133480 884
133481 133592 818
133481 133916 2376
133480 133481 884
133480 133756 2204
133764 133756 788
133764 133766 1322
133764 133767 3127
133792 133767 983
133954 133930 2651
133954 133957 927
133957 133954 927
133957 133955 1280
133957 133972 144
133975 133971 947
133975 133976 1797
133976 133975 1797
133976 133978 826
133976 133991 2005
133995 134019 1357
137148 137147 826
137148 137149 1352
137240 137150 1085
137240 137237 827
137240 137319 1220
137319 137240 1220
137319 137242 403
137322 137244 1223
137322 137248 1114
137329 137249 1429
137329 137250 1111
137329 137330 893
137333 137270 756
137333 137354 2000
137355 137354 765
137355 137358 1778
137360 137358 848
137360 137361 1667
137371 137361 869
137088 137084 435
137088 137086 672
137088 137621 688
137212 137208 1225
137212 137211 599
137212 137261 1009
137215 138018 848
137215 138022 782
137271 137267 1281
137271 137269 1565
137271 137274 1182
137272 137265 848
137272 137267 1445
137277 137274 1447
137277 137357 869
138060 138062 905
138065 138062 2066
138065 138067 836
138065 138264 827
138270 138269 11887
138270 138273 5056
138279 138281 927
138279 138286 2216
138815 138816 344
138815 138817 1336
138747 138761 3065
235646 235641 2362
235719 235718 2170
235750 235740 1612
235750 235749 311
235728 261448 233
231398 231396 350
230489 230485 2470
230488 230203 1135
230488 230486 3393
230519 230521 2541
230522 230524 549
230522 230525 2279
229963 229955 679
229963 229961 562
230549 230550 1114
231089 231065 3338
231089 231069 2689
231092 231084 960
231104 231106 1344
231125 231126 1029
231125 231127 2445
231157 231158 586
231157 231161 1000
231160 231153 1667
231160 231155 1761
231109 231127 1707
231109 231128 888
229960 229949 1678
229960 229961 2446
230444 230442 419
230444 230445 1004
229751 229743 749
229936 229819 3065
229936 229937 982
230470 230471 976
230097 233615 4617
230134 230133 556
230134 230141 2438
230137 230140 643
230137 230144 2439
230138 230140 1030
230138 230145 411
230095 230094 1328
231399 231396 2865
231399 231409 1098
231399 231427 1004
231357 231293 603
231357 231356 5128
231357 231358 605
231358 231346 4975
231358 231357 605
231358 231359 502
231361 231359 6291
231294 231293 1135
231428 231427 2469
232817 232816 361
232817 234469 66
235406 231355 98
235406 235408 1861
231333 231334 988
231323 231321 1477
234469 226802 1289
234469 232817 66
232944 232543 994
232944 232941 4686
232947 232940 1544
234631 231329 1099
234631 234622 972
232970 232971 2890
232970 232978 836
232543 232944 994
232543 234236 692
232945 234336 588
234298 234300 153
232978 232970 836
232978 232971 3378
230728 230726 1223
230753 230752 782
230709 230698 562
230709 230752 1955
230711 230385 3048
230711 230712 376
230717 230394 1011
230717 230718 1483
230395 230394 1466
230395 230398 365
230395 230718 1095
230391 230382 1524
230391 230393 1124
230391 230396 1011
230397 230396 556
230382 230383 617
230382 230384 905
230382 230391 1524
230399 230373 1425
230399 230378 1014
230399 230384 1940
230371 230359 2038
230371 230370 1504
230371 230401 4310
230362 230361 889
230362 230363 1000
230362 230403 6499
230364 230287 597
230364 230363 2556
230364 232192 1445
230364 232193 845
232194 232192 1012
232194 232193 1454
232194 232203 1004
232194 232206 3050
232207 232203 3036
232207 232206 1114
232207 232208 1114
232207 232236 2619
230361 230360 667
230361 230362 889
230361 230402 6416
230403 230362 6499
230403 230402 893
230526 230524 1528
230526 230593 328
230602 230595 1173
230602 230598 928
230602 230601 1537
230607 230598 667
230607 230779 452
230607 230795 335
230701 230694 433
230701 230704 1011
235366 230816 68
235367 230816 404
230689 230688 511
230776 230685 928
230776 230686 1454
230776 230787 670
230777 230686 1753
230777 230785 1005
230777 230787 474
230703 230690 1556
230785 230777 1005
230785 230783 1161
230785 230798 1762
230786 230783 1926
230786 230797 222
230786 230798 1014
232211 232210 1482
232211 232212 845
232223 232222 1774
232255 232222 838
232190 8840 452
232190 232189 2909
232190 232191 928
232213 232189 838
232213 232191 3011
232213 232202 1004
232214 232204 2672
232214 232216 1012
232214 232219 1222
232225 232224 1791
9016 9017 1017
9016 9018 1317
9016 9020 1552
9044 9043 1532
9044 34763 254
9357 9055 555
9358 9055 888
9358 9359 1207
9358 9361 477
9052 9039 1073
9052 9053 1217
9052 9354 2600
9032 9031 3108
9032 9033 1578
9032 19019 933
9039 9028 2588
9039 9031 1516
9039 9052 1073
9379 9378 2454
9407 9378 2146
9407 9406 1479
9407 9408 3050
9383 9359 873
9383 9386 2805
9383 9387 887
9388 9385 578
9388 9386 698
9394 9392 467
9394 9393 532
9397 9392 2303
9409 9406 1513
9409 9410 1902
9902 9462 3062
9902 9903 1563
9902 12025 3680
9904 9903 2498
9464 9461 731
9908 9907 1543
34856 34855 1037
35322 12743 641
35322 12743 641
35322 34855 671
9910 9909 1178
12268 9917 575
12268 34036 962
34853 34036 827
9931 9928 2541
9931 9932 1949
9931 9952 3606
9953 9952 1557
9953 9954 3816
9953 35324 644
9956 9952 3028
9956 9955 1358
9956 12691 1764
9959 9958 2133
9959 9960 1504
9959 9961 902
9960 9958 1435
9960 9959 1504
9960 34857 651
9950 9951 2832
9950 9973 1478
9974 9973 1569
9979 9978 2264
9979 9980 1989
9979 9984 1149
9985 9984 1880
9991 9989 1974
9991 10009 1204
9991 10015 1264
10021 7289 632
10028 10018 2199
10028 10027 2768
10028 10029 916
10026 10009 1017
10026 10015 1250
10026 10027 3431
10019 7253 172
10019 10029 2445
10034 7287 6652
10034 10030 686
10034 10035 323
10059 10049 744
10037 10038 978
10037 10052 802
10037 10054 3426
10040 10038 1021
10040 10039 906
10055 10052 346
10708 10039 1389
10708 10054 991
10708 10706 721
10708 10707 1540
10714 10054 1503
10714 10713 179
10714 10716 679
10719 10715 762
10719 10716 1616
10719 10718 1108
10719 10721 659
10723 10721 977
10724 10721 983
10727 8001 2896
10727 10720 1601
10727 10730 1709
10727 10734 654
10729 10730 495
10735 10733 902
10735 10736 1135
10735 10737 978
10737 10734 842
10737 10735 978
10737 11162 647
10806 7904 210
10806 10812 528
10859 10858 1464
10859 10860 1678
10859 10861 360
10870 10860 993
10870 10871 633
11001 10860 1614
7762 7761 763
7762 9206 1080
7762 16944 575
34175 16944 2235
34175 34956 460
34175 35246 761
10914 10913 1976
10914 10920 3685
10914 13413 1000
11005 10920 1809
11005 11003 1361
11005 11008 801
11005 11009 2181
10649 10650 173
10646 10635 645
10646 10648 328
10646 10908 690
10648 10646 328
10648 10651 1216
10648 10652 2219
10648 10908 507
11021 11008 1391
11021 11020 1492
11021 11022 651
11022 11021 651
11022 11026 708
11022 11030 869
11022 11031 795
11029 11026 1554
10966 10965 1319
10966 10970 777
10966 35335 876
10971 10969 567
10971 10970 1014
10971 10972 1957
10983 10972 809
10983 10982 1074
10983 10985 348
10979 10980 1591
10979 10985 709
10979 11069 853
13414 10980 706
10985 10979 709
10985 10983 348
10985 10986 1103
34106 10986 759
34824 11087 1321
10994 10993 84
10994 34200 398
10994 35044 545
34998 34200 1935
35333 35334 1823
11103 11098 576
11103 11102 1905
11103 31140 127
13407 13408 1272
13410 13406 276
13410 13408 1250
11201 11200 2885
11201 13416 1450
14223 13416 1480
14248 14247 664
14298 14297 1463
14298 34108 415
14298 34109 366
34108 14257 316
34108 14298 415
34108 34109 439
14236 14235 1400
14236 14239 2948
14236 35096 313
14244 14235 864
14244 14242 79
34110 14238 724
34110 14255 755
14241 14242 312
14241 14249 1219
35367 35109 192
14242 14241 312
14242 14243 1564
14242 14244 79
8806 8807 1241
8806 13464 1799
13457 8807 834
13457 13456 3301
13457 14237 1425
13461 8807 2792
13461 13460 771
13472 13462 2431
13472 14295 490
14302 14295 3894
13390 13391 464
13390 13449 2172
13390 13455 2102
13471 13470 2783
14304 13470 689
14304 14303 553
13488 13476 1608
13488 13485 1268
13488 13489 737
13143 13120 2397
13143 13125 2192
13143 13148 1576
13143 13486 1454
13487 13486 2949
13141 13138 2481
13141 13140 1357
13141 13150 1425
13147 13146 475
13147 13148 1014
13147 13150 893
13535 13223 1085
13535 13536 2415
13535 13537 1160
13539 13537 2613
13539 13547 889
13539 13548 511
13549 13548 2209
13574 13572 3832
13574 13573 1576
13574 13576 336
13575 13573 1532
13552 13551 2780
13552 13562 1480
13552 13569 3753
13570 13562 3292
13570 13571 2377
13570 13572 1454
13554 13545 3417
13554 13556 1671
13554 13565 2444
13251 13250 3350
13251 13556 696
13251 13558 750
13256 13254 1066
13256 13255 1744
13256 13558 1723
14011 14007 1306
14011 14010 1341
14011 14012 884
14013 13873 2056
14013 14012 2286
14013 14015 610
14014 13871 2808
14014 13873 1445
14014 14017 1516
14061 14017 1867
14061 14051 983
14061 14062 604
14066 14017 598
14066 14108 756
14068 14067 2280
14109 14067 941
14109 14108 2507
14109 14125 1902
14113 14067 884
14113 14069 403
14113 14116 536
14112 14046 510
14112 14111 2371
14112 34386 612
14148 14126 1608
14119 14117 279
14119 14120 737
14119 14121 2203
14123 14120 2407
14123 14121 629
14123 14127 238
14133 14095 788
14133 14120 806
14133 14132 676
14133 14134 1675
14136 14097 1120
14136 14134 1611
14136 14135 877
14090 14078 1945
14090 14092 1167
14090 14096 1066
14090 14097 2413
14102 14092 938
14102 14100 1299
14102 14103 750
14104 14100 737
14104 14101 847
14104 14103 1160
14104 14107 1140
14106 14101 1140
14106 14107 847
14106 14183 2044
14105 14089 1946
14105 14101 1906
14105 14183 1145
14164 14089 1220
14164 14161 788
14164 14165 2821
14168 14165 1085
14168 14166 806
14168 14176 836
14168 14184 1475
14184 14168 1475
14184 14177 788
14184 14192 1209
14189 14177 1813
14189 14191 796
14189 14192 1004
14189 14200 1140
14193 14192 1553
14193 14199 1031
14193 14200 950
14036 14033 1867
14036 14038 983
14036 14039 2607
14038 14036 983
14038 14040 2184
14038 14041 1466
14111 14041 414
14111 14047 1299
14111 14112 2371
14050 14048 1022
14023 14024 1593
14023 14025 2362
14023 14034 1205
14024 14023 1593
14024 14025 2367
14024 14026 983
14034 14023 1205
14034 14033 1322
14034 14035 950
14211 14210 238
14211 14212 2883
24008 23994 809
24008 24009 4107
24008 24023 951
24015 24009 826
23994 23995 7783
23994 24008 809
23994 24014 3488
248823 248819 1097
248823 248824 672
248825 248824 688
248825 248827 1978
248837 248400 1533
248837 248833 2225
248837 248944 596
248828 248829 930
248828 248838 778
248828 248943 1028
248945 248851 1495
248945 248943 139
248945 248946 782
132617 132618 3229
132617 132624 759
132617 132624 759
132617 132625 1007
132617 132627 1104
132621 132622 2185
132687 132688 1292
132732 132731 1238
132732 132734 3116
132736 132730 768
132736 132735 558
132742 132743 1675
132742 132747 1234
132742 132754 2196
132811 132805 1188
132811 132813 764
132811 132814 2299
132811 132817 847
132672 132671 788
132672 132673 629
132675 132670 516
132675 132673 818
132675 132676 2453
132675 132750 2052
132729 132673 1558
132729 132730 7348
132746 132731 672
132746 132748 2311
132753 132750 1188
132753 132758 1007
132753 132859 1257
132860 132758 1500
132860 132846 1612
132860 132859 697
132747 132731 681
132747 132742 1234
132747 132755 2196
132865 132761 1500
132865 132863 1592
132865 132864 947
132873 132761 708
132873 132763 1356
132873 132864 1854
132873 132874 1151
132815 132763 1026
132815 132766 1426
132815 132816 1026
132815 132874 1426
132813 132766 2085
132813 132807 516
132813 132811 764
132814 132766 826
132814 132811 2299
132814 132816 1483
132814 132819 1225
132846 132676 2322
132846 132843 2530
132846 132859 1715
132846 132860 1612
132846 132861 904
132862 132850 1208
132862 132861 809
132862 132869 336
132863 132861 810
132863 132865 1592
132863 132869 841
132863 132870 889
132819 132814 1225
132819 132817 2688
132819 132883 1293
248946 248400 1683
248946 248945 782
248946 248947 1415
248404 248400 511
248404 248402 649
248404 248405 3178
248952 248950 704
248398 248399 840
248970 248953 1532
187016 187015 1400
187016 187017 678
187016 187180 1038
187016 187183 802
187018 187012 760
187018 187017 191
187012 187013 1150
187012 187018 760
187014 187013 1095
187014 187015 401
187014 187185 1486
187186 187185 519
187186 187187 851
187186 187189 417
134214 134215 1026
134214 134216 612
134225 134216 2898
134225 134226 1421
134239 134216 931
134239 134238 889
134239 134240 2841
134239 134243 599
134242 134238 840
134242 134243 1007
134242 134250 939
132886 132872 806
132886 132885 1695
132886 132888 1880
134250 134232 344
134250 134242 939
134250 134246 3108
134250 134251 1266
134251 134247 3386
134251 134250 1266
134251 134252 1177
134253 134247 951
134253 134248 2457
134253 134252 3708
134253 134254 737
134255 134249 475
134255 134254 2780
134259 134254 750
134259 134260 649
134259 134261 1142
134259 134325 974
134322 134321 1115
134322 134323 951
134322 134325 788
134326 134261 788
134326 134323 746
134326 134325 1025
134326 134327 676
134327 134326 676
134327 134330 713
134327 134332 883
134327 134333 1026
134334 134332 950
134334 134333 847
134334 134339 1187
134342 134337 2440
134342 134339 827
134342 134341 2577
134342 134345 750
134385 134345 2576
134385 134384 403
134385 134387 877
134385 134388 1115
134388 134380 1115
134388 134385 1115
134388 134386 713
134388 134387 747
134383 134379 2180
134383 134380 1033
134383 134391 1612
134383 134400 1026
134389 134380 1458
134389 134387 951
134389 134390 1187
134389 134391 1258
134490 134382 672
134490 134400 827
134490 134494 557
134470 134471 1530
134470 134492 475
134470 134494 983
134472 134471 806
134472 134473 610
134472 134496 1120
134472 134498 1073
134474 134473 1140
134474 134485 1762
134474 134489 604
134474 134498 649
134485 134474 1762
134485 134484 1026
134485 134487 1639
134485 134488 872
134550 134488 1697
134550 134549 947
134550 134551 1008
134627 134564 1161
134627 134626 688
134631 134630 392
134631 134630 392
134631 134632 1168
139580 139581 5144
139580 139582 1959
139580 139583 5929
139581 139580 5144
139581 139583 804
136885 136884 893
136885 136886 1111
136885 136887 848
136886 136883 931
136886 136885 1111
136886 136976 764
136889 136883 1778
136889 136890 1556
136889 136891 1008
133555 133432 847
133555 133542 889
133555 133556 818
133555 133557 2515
133556 133542 354
133556 133555 818
133556 133559 1085
133556 133563 2436
133558 133542 1022
133558 133559 475
133558 133560 1014
133565 133549 688
133565 133561 924
133565 133562 1142
133565 133567 1738
133568 133549 708
133568 133569 1268
133568 133570 1142
133559 133556 1085
133559 133558 475
133559 133561 951
133559 133562 884
136917 136915 848
136917 136916 782
136917 136920 1225
136917 136921 848
136919 133571 2016
136919 136916 848
136919 136921 782
136919 136928 1033
136920 136917 1225
136920 136918 756
136920 136925 2000
136920 136926 1282
136920 136930 764
136923 136918 2007
136923 136922 756
136923 136924 1014
136923 136925 924
136887 136885 848
136887 136922 1004
136887 136924 840
136887 136976 893
133569 133554 840
133569 133568 1268
133569 133584 1428
133572 133571 1102
133572 133573 1102
133572 136928 1796
133573 133572 1102
133573 133574 1416
133573 133585 1161
133573 136931 1504
133584 133569 1428
133584 133570 889
133584 133585 667
133587 133583 983
133587 133585 1680
133587 133600 818
133587 133602 420
133432 133430 847
133432 133555 847
133432 133564 2515
133433 133430 2436
133433 133435 847
133433 133564 818
133433 133578 2755
133579 133435 2678
133579 133472 983
133579 133578 818
133579 133591 2515
133592 133472 2515
133592 133481 818
133592 133591 983
133592 133917 2204
133916 133481 2376
133916 133756 1055
133916 133917 649
133916 133929 1852
133756 133480 2204
133756 133764 788
133756 133916 1055
133766 133764 1322
133766 133929 1293
133766 133930 2102
133767 133764 3127
133767 133792 983
133767 133930 884
133767 133952 1026
133767 133953 1072
133930 132615 789
133930 133766 2102
133930 133767 884
133930 133954 2651
133955 132616 877
133955 133956 847
133955 133957 1280
133972 133957 144
133972 133969 741
133972 133971 1387
133971 133968 750
133971 133972 1387
133971 133975 947
133971 133978 1457
133978 133971 1457
133978 133974 826
133978 133976 826
133978 133979 1932
133991 133976 2005
133991 133979 708
133991 134019 551
134019 133991 551
134019 133995 1357
137147 137141 1088
137147 137146 1377
137147 137148 826
137147 137150 1161
137149 137148 1352
137150 137145 1258
137150 137147 1161
137150 137240 1085
137237 137235 604
137237 137239 276
137237 137240 827
137242 137239 806
137242 137244 1139
137242 137319 403
137244 137241 420
137244 137242 1139
137244 137245 452
137244 137322 1223
137248 137245 1223
137248 137250 781
137248 137322 1114
137249 137243 848
137249 137247 1446
137249 137252 893
137249 137329 1429
137250 137247 1385
137250 137248 781
137250 137329 1111
137330 137252 1429
137330 137329 893
137330 137331 778
137270 137268 1349
137270 137331 1004
137270 137333 756
137270 137353 2000
137354 137333 2000
137354 137353 756
137354 137355 765
137354 137356 1778
137358 137355 1778
137358 137356 765
137358 137359 1667
137358 137360 848
137361 137359 848
137361 137360 1667
137361 137371 869
137084 137085 577
137084 137088 435
137084 137621 610
137084 137625 666
137086 137083 452
137086 137087 311
137086 137088 672
137086 137189 2141
137086 137197 1696
137621 137084 610
137621 137088 688
137621 137620 931
137621 137626 1560
137621 137996 1115
137208 137206 1336
137208 137207 672
137208 137212 1225
137208 137255 1009
137211 137207 1334
137211 137210 765
137211 137212 599
137261 137212 1009
137261 137255 1225
137261 137262 848
138018 137215 848
138018 138013 931
138018 138019 1447
138022 137215 782
138022 138020 947
137267 137264 840
137267 137266 1334
137267 137271 1281
137267 137272 1445
137269 137266 1093
137269 137268 2113
137269 137271 1565
137269 137353 1261
137274 137271 1182
137274 137277 1447
137274 137353 1669
137274 137356 681
137265 137263 765
137265 137264 1334
137265 137272 848
137357 137277 869
137357 137356 1558
137357 137359 708
138062 138060 905
138062 138064 782
138062 138065 2066
138067 138064 1467
138067 138065 836
138067 138066 1854
138264 138065 827
138264 138069 2781
138269 138094 2081
138269 138270 11887
138269 138271 612
138273 138270 5056
138273 138274 2833
138281 138279 927
138281 138282 672
138281 138284 403
138286 138279 2216
138286 138287 682
138286 138288 2468
138816 138815 344
138816 138818 1447
138817 138815 1336
138817 138819 333
138761 138747 3065
138761 138762 1631
235641 235640 1363
235641 235643 996
235641 235646 2362
235718 235719 2170
235740 235739 664
235740 235750 1612
235749 235750 311
261448 235728 233
261448 261447 1223
231396 231395 672
231396 231398 350
231396 231399 2865
230485 230484 2361
230485 230486 1667
230485 230489 2470
230203 230204 788
230203 230487 1931
230203 230488 1135
230486 230181 2491
230486 230485 1667
230486 230487 2111
230486 230488 3393
230521 230511 547
230521 230519 2541
230521 235365 668
230524 230522 549
230524 230526 1528
230525 230522 2279
230525 230527 1084
229955 229951 2513
229955 229952 1094
229955 229963 679
229961 229960 2446
229961 229963 562
229961 229964 1172
230550 230549 1114
231065 231066 1351
231065 231075 2267
231065 231089 3338
231069 231070 2073
231069 231072 1710
231069 231089 2689
231084 231058 2859
231084 231083 2952
231084 231092 960
231106 231104 1344
231126 231125 1029
231126 231127 2439
231126 231133 1427
231127 231109 1707
231127 231125 2445
231127 231126 2439
231158 231157 586
231158 231159 1558
231158 234971 1489
231161 231157 1000
231153 231152 2604
231153 231160 1667
231153 231174 2411
231155 231156 672
231155 231159 679
231155 231160 1761
231128 231109 888
229949 229944 1111
229949 229950 433
229949 229960 1678
230442 230435 889
230442 230443 402
230442 230444 419
230445 230444 1004
230445 230446 1919
229743 229371 1083
229743 229373 782
229743 229742 905
229743 229751 749
229819 229818 1124
229819 229936 3065
229937 229936 982
230471 230470 976
233615 230097 4617
230133 230134 556
230141 230134 2438
230140 230137 643
230140 230138 1030
230144 230137 2439
230145 230138 411
230094 230095 1328
231409 231399 1098
231427 231399 1004
231427 231428 2469
231293 231294 1135
231293 231357 603
231356 231346 705
231356 231357 5128
231346 231356 705
231346 231358 4975
231359 231358 502
231359 231361 6291
232816 232817 361
231355 235406 98
235408 235406 1861
231334 231333 988
231321 231323 1477
226802 234469 1289
232941 232940 1343
232941 232944 4686
232940 232941 1343
232940 232947 1544
231329 234631 1099
234622 234631 972
232971 232970 2890
232971 232978 3378
234236 232543 692
234336 232945 588
234300 234298 153
230726 230728 1223
230752 230709 1955
230752 230753 782
230698 230709 562
230385 230711 3048
230712 230711 376
230394 230395 1466
230394 230717 1011
230398 230393 813
230398 230395 365
230393 230391 1124
230393 230398 813
230383 230382 617
230373 230399 1425
230378 230399 1014
230359 230360 1412
230359 230371 2038
230370 230371 1504
230287 230364 597
232192 230364 1445
232192 232194 1012
232203 232194 1004
232203 232207 3036
230360 230359 1412
230360 230361 667
230595 230602 1173
230601 230602 1537
230779 230607 452
230795 230607 335
230694 230701 433
230685 230776 928
230686 230776 1454
230686 230777 1753
230783 230785 1161
230783 230786 1926
230797 230786 222
8840 232190 452
232189 232190 2909
232189 232213 838
232202 232204 838
232202 232213 1004
232204 232202 838
232204 232214 2672
232216 232214 1012
9018 9016 1317
9018 9020 1852
9020 9016 1552
9020 9018 1852
34763 9044 254
9359 9358 1207
9359 9383 873
9361 9358 477
9033 9032 1578
19019 9032 933
9028 9039 2588
9408 9407 3050
9387 9383 887
9385 9388 578
9393 9394 532
9410 9409 1902
12025 9902 3680
12743 35322 641
12743 35322 641
9917 12268 575
9928 9931 2541
9932 9931 1949
9954 9953 3816
35324 9953 644
9955 9956 1358
12691 9956 1764
9961 9959 902
34857 9960 651
9951 9950 2832
9978 9979 2264
9978 9980 1428
9980 9978 1428
9980 9979 1989
10009 9991 1204
10009 10026 1017
10027 10026 3431
10027 10028 2768
10029 10019 2445
10029 10028 916
10029 10030 3784
10030 10029 3784
10030 10034 686
10035 10034 323
10039 10040 906
10039 10708 1389
10706 10708 721
10707 10708 1540
10713 10714 179
10713 10715 1691
10715 10713 1691
10715 10719 762
10718 10719 1108
10718 10720 4333
8001 10727 2896
10720 10718 4333
10720 10727 1601
11162 10737 647
7904 10806 210
10858 10859 1464
10861 10859 360
10871 10870 633
7761 7762 763
9206 7762 1080
34956 34175 460
35246 34175 761
10913 10914 1976
13413 10914 1000
11003 11005 1361
11009 11005 2181
10635 10646 645
10651 10648 1216
10652 10648 2219
11020 11021 1492
11030 11022 869
11031 11022 795
10965 10966 1319
35335 10966 876
10969 10971 567
10982 10983 1074
10993 10994 84
35044 10994 545
11102 11103 1905
31140 11103 127
13406 13410 276
11200 11201 2885
14297 14298 1463
14257 14238 980
14257 34108 316
14239 14236 2948
35096 14236 313
14238 14237 3388
14238 14257 980
14238 34110 724
13464 8806 1799
13464 13462 407
13456 13457 3301
14237 13457 1425
14237 14238 3388
13460 13461 771
13462 13464 407
13462 13472 2431
13449 13390 2172
13455 13390 2102
14303 14304 553
13476 13125 3290
13476 13488 1608
13485 13488 1268
13120 13143 2397
13125 13143 2192
13125 13476 3290
13148 13143 1576
13148 13147 1014
13138 13141 2481
13138 13146 2280
13140 13141 1357
13140 13223 1480
13146 13138 2280
13146 13147 475
13223 13140 1480
13223 13535 1085
13536 13535 2415
13547 13539 889
13572 13570 1454
13572 13574 3832
13576 13574 336
13551 13552 2780
13569 13552 3753
13571 13570 2377
13545 13554 3417
13556 13251 696
13556 13554 1671
13250 13251 3350
13254 13256 1066
13255 13256 1744
14010 14011 1341
14012 14011 884
14012 14013 2286
13873 14013 2056
13873 14014 1445
13871 14014 2808
14051 14061 983
14062 14061 604
14108 14066 756
14108 14109 2507
14125 14109 1902
14069 14113 403
14116 14113 536
34386 14112 612
14117 14119 279
14121 14119 2203
14121 14123 629
14127 14123 238
14095 14096 750
14095 14133 788
14095 14135 1560
14132 14133 676
14135 14095 1560
14135 14096 1408
14135 14136 877
14078 14090 1945
14092 14090 1167
14092 14102 938
14096 14090 1066
14096 14095 750
14096 14135 1408
14100 14102 1299
14100 14104 737
14101 14104 847
14101 14105 1906
14101 14106 1140
14089 14105 1946
14089 14164 1220
14161 14164 788
14166 14168 806
14176 14168 836
14176 14177 1543
14177 14176 1543
14177 14184 788
14177 14189 1813
14191 14189 796
14200 14189 1140
14200 14193 950
14033 14034 1322
14033 14036 1867
14041 14038 1466
14041 14111 414
14212 14211 2883
24023 24008 951
23995 23994 7783
248819 248823 1097
248827 248825 1978
248400 248404 511
248400 248837 1533
248400 248946 1683
248944 248837 596
248944 248943 386
248829 248828 930
248943 248828 1028
248943 248944 386
248943 248945 139
132618 132617 3229
132624 132617 759
132624 132617 759
132625 132617 1007
132731 132732 1238
132731 132746 672
132731 132747 681
132730 132729 7348
132730 132736 768
132671 132670 336
132671 132672 788
132670 132671 336
132670 132675 516
132676 132675 2453
132676 132843 3065
132676 132846 2322
132859 132753 1257
132859 132846 1715
132859 132860 697
132864 132865 947
132864 132873 1854
132874 132815 1426
132874 132873 1151
132816 132814 1483
132816 132815 1026
132843 132676 3065
132843 132846 2530
132850 132862 1208
132869 132862 336
132869 132863 841
132870 132863 889
132883 132819 1293
187015 187014 401
187015 187016 1400
187180 187016 1038
187183 187016 802
187187 187186 851
187189 187186 417
134215 134214 1026
134226 134225 1421
134240 134239 2841
134243 134239 599
134243 134242 1007
132872 132886 806
132885 132886 1695
134246 134247 1098
134246 134250 3108
134247 134246 1098
134247 134251 3386
134247 134253 951
134248 134249 1268
134248 134253 2457
134249 134248 1268
134249 134255 475
134260 134259 649
134261 134259 1142
134261 134326 788
134261 134330 827
134325 134259 974
134325 134322 788
134325 134326 1025
134330 134261 827
134330 134327 713
134333 134327 1026
134333 134334 847
134337 134342 2440
134345 134342 750
134345 134385 2576
134387 134385 877
134387 134388 747
134387 134389 951
134391 134383 1612
134391 134389 1258
134400 134383 1026
134400 134490 827
134390 134389 1187
134494 134470 983
134494 134490 557
134492 134470 475
134496 134472 1120
134498 134472 1073
134498 134474 649
134489 134474 604
134489 134488 1697
134488 134485 872
134488 134489 1697
134488 134550 1697
134626 134627 688
134630 134631 392
134630 134631 392
139582 139580 1959
136976 136886 764
136976 136887 893
136890 136889 1556
136891 136889 1008
133557 133555 2515
133557 133563 847
133557 133564 847
133563 133556 2436
133563 133557 847
133561 133559 951
133561 133565 924
133567 133565 1738
133570 133568 1142
133570 133584 889
136921 136917 848
136921 136919 782
136921 136930 1014
136928 133572 1796
136928 136919 1033
136928 136931 848
136925 136920 2000
136925 136923 924
136926 136920 1282
136930 136920 764
136930 136921 1014
136924 136887 840
136924 136923 1014
133574 133573 1416
133574 133600 884
136931 133573 1504
136931 136928 848
133583 133587 983
133600 133574 884
133600 133587 818
133602 133587 420
133564 133432 2515
133564 133433 818
133564 133557 847
133578 133433 2755
133578 133579 818
133591 133579 2515
133591 133592 983
133917 133592 2204
133917 133916 649
133929 132615 1102
133929 133766 1293
133929 133916 1852
133952 133767 1026
133952 133953 47
133953 133767 1072
133953 133952 47
132615 132616 476
132615 133929 1102
132615 133930 789
132616 132615 476
132616 133955 877
133956 133955 847
133956 133969 244
133969 133956 244
133969 133968 1791
133969 133972 741
133968 133969 1791
133968 133971 750
133968 133974 1161
133974 133968 1161
133974 133978 826
133979 133978 1932
133979 133991 708
137141 137147 1088
137146 137145 1085
137146 137147 1377
137145 137146 1085
137145 137150 1258
137235 137237 604
137239 137237 276
137239 137241 1556
137239 137242 806
137241 137239 1556
137241 137244 420
137245 137244 452
137245 137247 818
137245 137248 1223
137243 137249 848
137247 137245 818
137247 137249 1446
137247 137250 1385
137252 137249 893
137252 137330 1429
137331 137270 1004
137331 137330 778
137268 137269 2113
137268 137270 1349
137353 137269 1261
137353 137270 2000
137353 137274 1669
137353 137354 756
137356 137274 681
137356 137354 1778
137356 137357 1558
137356 137358 765
137359 137357 708
137359 137358 1667
137359 137361 848
137085 137084 577
137625 137084 666
137083 137086 452
137087 137086 311
137189 137086 2141
137197 137086 1696
137620 137621 931
137626 137621 1560
137996 137621 1115
137206 137208 1336
137207 137208 672
137207 137211 1334
137255 137208 1009
137255 137261 1225
137210 137211 765
137262 137261 848
137262 137263 756
138013 138018 931
138019 138018 1447
138019 138020 202
138020 138019 202
138020 138022 947
137264 137265 1334
137264 137267 840
137266 137267 1334
137266 137269 1093
137263 137262 756
137263 137265 765
138064 138062 782
138064 138066 1935
138064 138067 1467
138066 138064 1935
138066 138067 1854
138066 138069 877
138069 138066 877
138069 138264 2781
138094 138269 2081
138271 138269 612
138274 138273 2833
138282 138281 672
138284 138281 403
138287 138286 682
138288 138286 2468
138818 138816 1447
138819 138817 333
138762 138761 1631
235640 235641 1363
235643 235641 996
235739 235740 664
261447 261448 1223
231395 231396 672
230484 230181 445
230484 230485 2361
230204 230203 788
230487 230203 1931
230487 230486 2111
230181 230484 445
230181 230486 2491
230511 230521 547
235365 230521 668
230527 230525 1084
229951 229950 672
229951 229952 2335
229951 229955 2513
229952 229951 2335
229952 229955 1094
229964 229961 1172
231066 231065 1351
231075 231065 2267
231075 231070 1882
231070 231069 2073
231070 231075 1882
231072 231058 251
231072 231069 1710
231058 231072 251
231058 231084 2859
231083 231084 2952
231133 231126 1427
231159 231155 679
231159 231158 1558
234971 231158 1489
231152 231153 2604
231174 231153 2411
231156 231155 672
229944 229949 1111
229950 229949 433
229950 229951 672
230435 230442 889
230443 230442 402
230446 230445 1919
229371 229743 1083
229373 229743 782
229742 229743 905
229818 229819 1124
579
230718
230396
230384
230401
230363
232193
232206
230402
232236
230593
230598
230704
230816
230688
230787
230690
230798
232208
232210
232212
232222
232191
232219
232224
9017
9043
9055
9053
9354
9031
9378
9386
9392
9406
9462
9903
9461
9907
34855
9909
34036
9952
9958
9973
9984
9989
7289
10018
10015
7253
7287
10049
10038
10052
10054
10716
10721
10730
10733
10734
10736
10812
10860
16944
10920
10650
10908
11008
11026
10970
10972
10980
11069
10986
11087
34200
35334
11098
13408
13416
14247
34109
14235
14255
14249
35109
14243
8807
14295
13391
13470
13489
13486
13150
13537
13548
13573
13562
13565
13558
14007
14015
14017
14067
14046
14126
14120
14134
14097
14103
14107
14183
14165
14192
14199
14039
14040
14047
14048
14025
14026
14035
14210
24009
24014
248824
248833
248838
248851
132627
132622
132688
132734
132735
132743
132754
132805
132673
132748
132750
132758
132755
132761
132763
132807
132766
132861
132817
248947
248405
248402
248950
248399
248953
187017
187013
187185
134216
134238
132888
134232
134252
134254
134321
134323
134332
134339
134341
134384
134386
134379
134380
134382
134471
134473
134484
134487
134549
134551
134564
134632
139583
136884
136883
133542
133549
133560
133562
136915
136916
136918
136922
133554
133571
133585
133430
133435
133472
133481
133480
133764
133792
133954
133957
133975
133976
133995
137148
137240
137319
137322
137329
137333
137355
137360
137371
137088
137212
137215
137271
137272
137277
138060
138065
138270
138279
138815
138747
235646
235719
235750
235728
231398
230489
230488
230519
230522
229963
230549
231089
231092
231104
231125
231157
231160
231109
229960
230444
229751
229936
230470
230097
230134
230137
230138
230095
231399
231357
231358
231361
231294
231428
232817
235406
231333
231323
234469
232944
232947
234631
232970
232543
232945
234298
232978
230728
230753
230709
230711
230717
229819
229937
230133
230141
230140
230094
231427
231293
231356
231346
231359
232816
231355
231334
231321
226802
232941
232940
231329
234622
232971
234236
234336
230726
230752
230698
230385
230712
230394
230393
230383
230373
230378
230359
230370
230287
232192
232203
230360
230595
230601
230779
230694
230685
230686
230783
230797
8840
232189
232202
232204
232216
9018
9020
34763
9359
9361
9033
19019
9028
9385
9393
9410
12025
12743
9917
9928
9932
9954
35324
9955
9961
9978
9980
10009
10027
10030
10035
10039
10706
10713
10715
10718
8001
10720
7904
10861
7761
34956
10913
11003
10635
10651
10652
11020
11030
10965
10969
10982
10993
11102
31140
13406
11200
14239
35096
14237
13460
13462
13449
13455
13476
13485
13120
13125
13148
13138
13140
13146
13223
13536
13547
13572
13576
13551
13545
13556
13250
13254
13255
14010
14012
13873
13871
14051
14062
14108
14125
14069
14116
14117
14121
14095
14132
14078
14092
14096
14100
14101
14089
14161
14166
14176
14177
14191
14200
14033
14041
14212
23995
248819
248400
132624
132670
132864
132874
132816
132843
132850
132870
132883
187015
187180
187183
187187
187189
134215
134226
134240
134243
132872
132885
134246
134247
134248
134249
134260
134261
134330
134333
134337
134345
134387
134391
134400
134390
134494
134492
134496
134498
134489
134626
134630
139582
136976
136890
136891
133557
133563
133561
133567
133570
136921
136928
136925
136926
136930
136924
133574
136931
133583
133600
133602
133564
133578
133591
133917
133929
132615
132616
133969
133968
133974
133979
137141
137146
137145
137235
137241
137243
137252
137331
137268
137085
137625
137083
137087
137189
137197
137620
137626
137996
137206
137207
137255
137210
137262
138013
138019
138020
137264
137266
137263
138066
138069
138094
138271
138274
138282
138284
138287
138288
138818
