1472
18051 18049 238
18051 18058 598
18123 18124 1848
19095 35073 1583
19274 18128 1208
19274 19275 1532
19276 19277 418
19276 19285 1811
19284 19286 1055
19284 19286 1055
19319 19303 1532
19319 19320 1425
19303 19302 809
19303 19319 1532
20363 20389 1576
20363 20390 2643
20389 20363 1576
20389 34408 2108
20396 20398 1669
20475 20398 847
20475 20480 836
20480 20475 836
20480 20486 475
20482 20477 13
20497 20492 836
20497 20504 676
20467 20466 3552
20467 20470 697
20467 20471 475
20793 20521 1140
20793 20807 336
20515 20461 2751
20515 20464 836
20516 20462 2689
20516 20514 747
20668 20669 4306
20668 20808 836
20808 20668 836
20808 20807 1420
20812 20811 697
20812 20813 536
20821 20818 938
20821 20831 676
20846 20848 403
20850 20848 938
20830 20806 2216
20830 20829 889
20843 20806 889
20843 34125 1995
25687 20829 2145
25687 25691 975
25663 25578 2883
25663 25664 809
25664 25581 3085
25664 25663 809
25659 25656 2888
25659 25658 1028
25668 25658 3224
25668 25667 1223
25582 25574 2817
25582 25581 975
25582 25592 1085
25691 25586 2212
25691 25687 975
25695 25693 938
25695 25700 612
25695 25701 403
25596 25592 1140
25596 25701 1585
25610 25514 336
25610 25604 1115
25626 25604 2552
25626 25621 1254
25660 25621 3150
25660 25661 927
25667 25661 3084
25667 25668 1223
25608 25607 2905
25608 25636 836
25644 25636 2749
25631 25630 1744
25631 25635 697
25631 25636 975
25638 25635 2883
25638 25641 975
25641 25633 2950
25641 25638 975
25641 25649 610
25652 25650 2346
27452 25643 3357
27452 27453 836
27495 27453 2212
27454 27441 3018
27454 27443 1066
27454 27453 697
27457 27451 2682
27457 27456 649
27457 27458 884
27521 27523 1083
27521 27524 350
27458 27443 2550
27458 27457 884
27475 27474 1008
27475 27476 1672
27477 27476 737
27477 27484 2090
27542 27484 806
27542 27543 1344
27483 27468 1231
27519 27481 1438
27519 27525 889
27545 27544 1085
27553 27548 672
27553 27554 2299
27609 27607 1356
27609 27652 1026
27858 34150 4596
27705 27850 478
27706 27693 291
27706 27707 787
27714 27693 805
27714 27713 248
27862 27861 747
27865 27861 1073
27865 27894 1022
27624 27623 410
27681 27697 221
27611 27607 878
27611 27613 1055
27611 27652 1438
27657 27613 1026
27653 27652 1821
27653 27661 350
27653 27664 254
35456 27666 143
28078 28077 3016
28078 28080 1878
27031 27028 738
27031 27032 1640
27031 27033 2090
27563 27032 336
27035 27033 336
27234 27232 1283
27234 27240 2648
27254 27253 418
27254 27255 2902
27270 27223 757
27426 27425 2082
50686 50687 1345
50686 50695 3324
50667 50668 545
50667 50671 305
50667 50672 1656
51205 51204 823
51205 55420 330
51205 55735 830
51208 51204 2614
51208 51210 878
51208 51213 1299
50881 50835 1419
50837 50836 3168
50889 50895 837
50889 50899 1968
50918 50917 878
50918 50931 270
50917 50918 878
50917 50934 806
50940 50935 403
50940 50941 878
50942 50946 677
50972 50946 836
50949 50941 465
50949 56656 460
50950 50946 403
56654 51000 2616
50999 51000 241
51002 51113 6450
51720 51722 713
51720 51725 709
51721 51722 677
51721 51723 836
51711 51712 537
51711 51713 610
51734 51151 747
51734 51732 751
51735 51151 677
51735 51741 1379
51740 51741 747
51740 51765 1152
51152 51151 725
51713 51711 610
51713 51732 552
51736 51742 671
51736 51743 1162
51742 51736 671
51742 51744 952
51753 51744 747
51753 51754 1152
51754 51753 1152
51754 51774 139
51759 51775 1131
51759 51778 665
51758 51760 562
51761 51760 984
51288 51290 1066
51289 51306 238
51266 51206 11481
51267 51373 713
51267 51376 2655
51786 51726 3763
51797 51800 878
51801 51802 537
51801 51803 1004
51799 51800 747
51799 52041 738
52039 52041 1258
52039 52044 738
52044 52039 738
52044 52042 1120
52045 52042 807
52045 52047 747
52045 52051 677
52054 52051 1206
52054 52055 605
52057 52058 476
52059 52058 276
52059 52131 336
56812 56814 154
56812 56815 425
56646 56645 159
56646 56819 213
52135 52132 836
52144 52141 677
52144 52147 1120
52144 52148 952
52148 52144 952
52148 52160 558
186391 186387 2329
186391 186390 721
194822 194823 1042
194639 194824 270
194837 194848 1116
194837 194849 744
140550 140542 1617
140550 140551 734
140550 140784 2818
140784 140550 2818
140784 140785 806
140784 140791 1925
140791 140784 1925
140791 140792 738
140791 140817 165
140819 140820 460
140819 140821 1253
140817 140791 165
140817 140822 736
151873 140800 831
151873 140820 1984
151873 140822 237
186405 186390 867
186392 186385 1650
186392 186390 720
186392 186397 715
186406 186397 1562
186406 186407 745
186476 186407 1494
186476 186478 785
186476 186489 1387
186489 186476 1387
186489 186511 762
186510 186508 900
186510 186509 645
186510 186512 971
186523 186512 752
186513 186512 1485
186513 186514 957
186529 186531 1073
187065 186531 1906
186525 186514 2098
186525 186524 843
186525 186531 831
187063 186524 2269
187063 186755 819
187063 187080 1551
187092 186755 2219
187092 187090 917
187092 187107 1391
187106 187105 809
187148 187147 439
187150 187147 294
187150 187154 2591
51780 51778 769
51780 51784 1215
51785 51784 738
51785 51822 673
51769 51765 807
51769 51771 511
51770 51745 139
51770 51764 511
51776 51745 610
51776 51755 238
51767 51766 1483
51767 51818 1345
51807 51803 889
51807 51808 474
51841 51810 751
51841 51812 475
52074 51812 807
52085 52050 649
52087 52050 951
52087 52053 650
52053 52049 877
52053 52087 650
52147 52143 751
52147 52144 1120
52073 52069 677
52073 52143 1716
52063 52061 751
52063 52068 697
51309 51306 1281
51317 51308 2708
51317 51315 796
51315 51316 1289
51315 51317 796
51334 51325 336
51343 51322 1209
51336 51337 408
51336 51338 984
51341 51338 1210
51341 51446 747
51341 51457 751
51457 51341 751
51457 51460 511
51457 51462 511
51458 51459 645
51468 51467 747
51480 51467 1181
51480 51475 848
51482 51475 1227
51482 51483 610
51482 52395 1181
52395 51482 1181
52395 52401 373
52403 52401 807
52403 52404 927
52404 52396 630
52404 52403 927
52404 52421 2418
52428 52431 276
52428 52433 1375
52437 52433 790
52437 52439 766
52437 52869 1375
52439 52437 766
52439 52870 1467
52871 52870 683
52871 52875 1014
52881 52875 790
52881 52880 1375
52882 52880 871
52882 56465 1483
56467 56465 766
56467 56469 1483
56467 56470 871
56471 56470 1375
56471 56472 849
52894 52904 683
52894 56472 1467
52899 52903 933
52899 52904 1483
52902 52903 905
52902 56725 244
189768 189770 482
189768 190138 1064
189771 189770 810
189771 190135 2742
190134 189734 2676
190134 190135 703
189735 186245 2733
189735 189734 727
186226 186225 2759
186226 186245 681
186221 186225 719
186221 186260 3060
186237 186260 737
186237 186388 1087
186387 186388 789
186387 186391 2329
139699 139700 3690
139699 139701 3640
139706 139712 731
139714 139708 369
139702 139700 2723
139702 139704 80
139702 139707 1368
194803 194858 991
194857 194854 2485
194857 194858 796
194842 194823 379
194843 194844 2081
194843 194852 166
194843 194854 784
194859 194858 796
194859 194869 2327
194876 194891 1020
194875 194884 949
194875 194885 900
195002 194896 1012
194892 194888 238
194892 194891 902
194892 194895 1000
194892 198709 513
194895 194892 1000
194895 194896 1318
195018 195001 206
195018 195019 1230
195019 195018 1230
195019 195020 784
194975 194984 684
194975 194985 2029
194976 194985 872
194976 195053 625
195043 195044 869
195043 195053 996
195041 195042 1996
195041 195044 826
195024 195022 864
195024 195025 2292
195024 195042 833
195022 195020 2200
195022 195024 864
194984 194975 684
194984 194987 1456
194984 195144 810
194986 195144 219
194986 195148 809
195142 195147 815
195142 195148 2038
195143 195147 1714
195143 195157 359
195143 207283 454
208219 207283 772
208219 208218 334
208784 195131 245
208784 211127 906
209460 209723 627
205399 205914 805
205399 205953 756
205914 205399 805
205914 205956 464
195131 207826 766
195131 208784 245
195158 195150 1913
195158 195157 479
195158 206135 723
195164 195166 1913
195164 195167 684
195165 195150 774
195165 195166 755
195165 195171 1129
195215 195217 797
195215 195218 867
195215 195222 1805
195215 195225 845
195193 195167 1638
195193 195195 1889
195226 195607 852
195226 195610 148
195225 195215 845
195225 195223 2160
195225 195610 846
198333 198334 756
198333 198335 1576
198289 198295 2488
198289 198335 773
198294 198295 867
198294 198566 1917
198565 198566 846
198565 198567 2257
198564 195888 2229
198564 198563 755
198564 198567 846
195654 195656 675
195654 195657 707
195655 195656 1011
195655 195671 773
195671 195655 773
195671 195673 1120
195341 195342 1027
195341 195456 2823
195341 195457 2896
195341 195657 827
195341 195658 611
195342 195341 1027
195342 195629 1974
195628 195629 965
195609 195606 1192
195609 195607 845
195609 195611 440
195613 195611 623
195613 195614 363
195678 195692 1328
195678 195694 1350
195902 195900 256
195902 195903 508
195894 195688 1474
195894 195898 330
195894 195901 773
195894 195905 796
195900 195901 2025
195900 195902 256
195688 195893 1237
195688 195894 1474
198563 195886 2221
198563 198564 755
195885 195886 674
195885 195903 213
198423 198422 756
198424 198421 674
198424 198422 2043
198579 198421 2229
198579 198578 773
196937 196935 863
196937 198578 2260
195968 195967 2554
195968 195984 724
195970 195939 403
195970 195941 462
195970 195961 741
195941 195940 2368
195941 195970 462
195943 195942 2238
196935 195942 665
196935 196937 863
196935 198577 2227
196953 195984 1829
196953 196956 912
196962 196956 1625
196962 196959 880
196990 196959 238
196990 196991 943
196990 196992 466
196990 197010 570
194821 197020 556
194821 197084 779
194821 202121 387
197017 197012 1474
197017 197016 479
197020 194821 556
197020 197013 1036
197084 194821 779
197084 202127 1383
202129 202127 704
202128 197015 2221
202128 197086 915
202128 202134 590
202146 202134 2348
202146 202154 932
202153 202154 1935
202153 202159 799
202153 202363 1371
202363 202153 1371
202363 202364 706
202368 202160 1300
202368 202364 911
202368 202372 915
203137 203136 943
203137 203188 549
203172 203136 1962
203172 203171 822
203175 203189 607
203173 203169 843
203173 203171 1531
203184 203192 1531
203184 203206 718
203340 203206 2178
203340 203356 700
203345 203356 2064
203345 203380 827
203382 203380 1056
201679 201680 1558
201679 203399 1629
203388 203403 4773
203389 203383 1179
203389 203390 844
203411 203391 867
203411 203413 1870
202400 202398 2130
202400 202625 876
202642 202625 2019
202642 202639 876
202642 202682 2026
202681 202682 843
202681 202698 1959
202702 202698 1031
203109 203111 198
203125 203112 473
203125 203120 556
203165 203129 2484
203165 203166 791
203166 203130 2086
203166 203165 791
203166 203170 796
203169 203170 1725
203169 203173 843
202370 202369 860
202372 202368 915
202372 202369 1332
202157 202141 1592
202157 202156 783
202157 202162 1724
202167 197090 1047
202167 202165 1168
202167 202166 1145
202166 202165 1389
202166 202167 1145
202168 202164 1892
202168 202182 239
202179 202181 248
202390 202200 1108
202390 202391 548
202391 202390 548
202391 202395 856
202396 202395 420
202398 202201 2081
202398 202397 761
202398 202400 2130
202198 202181 662
202198 202197 337
215079 215076 589
205579 205368 1006
205579 205369 1541
205579 205580 683
205575 205581 2134
205580 205579 683
205580 205581 883
205580 205611 1770
205582 205581 752
205582 205583 898
205582 205613 1894
205583 205582 898
205583 205590 639
205583 205614 2002
205585 205584 1253
205585 205595 2240
205594 205596 2043
205594 205601 1638
206536 205681 476
205368 205332 1264
205368 205579 1006
205331 205332 707
205370 205332 1696
205380 205381 998
205381 205380 998
198311 198324 846
198334 198333 756
198324 198311 846
198324 198325 686
198325 198324 686
198416 198422 2339
206185 206191 787
206191 206185 787
206246 206266 773
206259 206267 1270
206266 206246 773
206267 206259 1270
206456 206261 779
206525 206519 710
206527 206846 733
206846 206527 733
206519 206525 710
206260 206261 779
206261 206260 779
206261 206456 779
181324 179528 924
179528 181324 924
213863 213864 774
179500 179492 1623
210044 210043 881
210048 210055 730
210055 210048 730
210259 210258 938
209999 210003 741
210043 210044 881
210003 209999 741
210258 210259 938
210274 210278 1478
210278 210274 1478
210278 210332 1624
210332 210278 1624
213952 213951 792
213950 213992 510
213951 213952 792
213992 213950 510
213858 213866 815
213866 213858 815
213996 213999 857
213999 213996 857
213864 213863 774
201510 201513 1179
201513 201510 1179
201649 201668 2053
201668 201649 2053
179393 179409 3166
179409 179393 3166
179492 179500 1623
31279 31256 756
31279 31280 1127
31280 31279 1127
31256 31279 756
32311 32312 604
32312 32311 604
33331 33333 796
33341 14532 1140
14532 33341 1140
14558 14559 2121
33333 33331 796
14559 14558 2121
15101 15110 1066
15110 15101 1066
15551 15553 1533
15553 15551 1533
15523 17667 2339
17667 15523 2339
18049 18051 238
18058 18051 598
18124 18123 1848
35073 19095 1583
18128 19274 1208
19275 19274 1532
19277 19276 418
19285 19276 1811
19286 19284 1055
19286 19284 1055
19320 19319 1425
19302 19303 809
20390 20363 2643
34408 20389 2108
20398 20396 1669
20398 20475 847
20486 20480 475
20477 20482 13
20492 20497 836
20504 20497 676
20466 20467 3552
20470 20467 697
20470 20521 2080
20471 20467 475
20521 20470 2080
20521 20793 1140
20807 20793 336
20807 20808 1420
20461 20462 697
20461 20515 2751
20464 20515 836
20462 20461 697
20462 20516 2689
20514 20516 747
20669 20668 4306
20811 20812 697
20813 20812 536
20813 20818 877
20818 20813 877
20818 20821 938
20831 20821 676
20848 20846 403
20848 20850 938
20806 20830 2216
20806 20843 889
20829 20830 889
20829 25586 1028
20829 25687 2145
34125 20843 1995
25578 25581 649
25578 25663 2883
25581 25578 649
25581 25582 975
25581 25664 3085
25656 25659 2888
25658 25659 1028
25658 25661 975
25658 25668 3224
25574 25582 2817
25592 25582 1085
25592 25596 1140
25586 20829 1028
25586 25691 2212
25693 25695 938
25700 25695 612
25701 25596 1585
25701 25695 403
25514 25610 336
25604 25610 1115
25604 25626 2552
25621 25626 1254
25621 25660 3150
25661 25658 975
25661 25660 927
25661 25667 3084
25607 25608 2905
25636 25608 836
25636 25631 975
25636 25644 2749
25630 25631 1744
25635 25631 697
25635 25633 1028
25635 25638 2883
25633 25635 1028
25633 25641 2950
25649 25641 610
25649 25650 610
25650 25649 610
25650 25652 2346
25643 27452 3357
27453 27452 836
27453 27454 697
27453 27495 2212
27441 27454 3018
27443 27451 697
27443 27454 1066
27443 27458 2550
27451 27443 697
27451 27457 2682
27456 27457 649
27523 27521 1083
27524 27521 350
27474 27475 1008
27476 27475 1672
27476 27477 737
27484 27477 2090
27484 27542 806
27543 27542 1344
27468 27483 1231
27481 27519 1438
27525 27519 889
27544 27545 1085
27548 27553 672
27554 27032 1484
27554 27553 2299
27607 27609 1356
27607 27611 878
27652 27609 1026
27652 27611 1438
27652 27653 1821
34150 27858 4596
27850 27705 478
27693 27706 291
27693 27714 805
27707 27706 787
27713 27714 248
27861 27862 747
27861 27865 1073
27894 27865 1022
27623 27624 410
27697 27681 221
27613 27611 1055
27613 27657 1026
27661 27653 350
27664 27653 254
27664 27666 1815
27666 27664 1815
27666 35456 143
28077 28078 3016
28080 28078 1878
27028 27031 738
27032 27031 1640
27032 27554 1484
27032 27563 336
27033 27031 2090
27033 27035 336
27232 27234 1283
27240 27234 2648
27253 27254 418
27255 27254 2902
27223 27270 757
27425 27426 2082
50687 50686 1345
50695 50686 3324
50668 50667 545
50671 50667 305
50672 50667 1656
51204 51205 823
51204 51206 747
51204 51208 2614
55420 51205 330
55735 51205 830
51210 51208 878
51213 51208 1299
50835 50881 1419
50836 50837 3168
50895 50889 837
50899 50889 1968
50931 50918 270
50934 50917 806
50934 50935 747
50935 50934 747
50935 50940 403
50941 50940 878
50941 50949 465
50946 50942 677
50946 50950 403
50946 50972 836
56656 50949 460
51000 50999 241
51000 56654 2616
51113 51002 6450
51722 51720 713
51722 51721 677
51725 51720 709
51725 51766 677
51723 51721 836
51723 51726 558
51712 51711 537
51151 51152 725
51151 51734 747
51151 51735 677
51732 51713 552
51732 51734 751
51741 51735 1379
51741 51740 747
51741 51743 728
51741 51764 1226
51765 51740 1152
51765 51764 713
51765 51769 807
51743 51736 1162
51743 51741 728
51743 51744 766
51743 51745 1199
51744 51742 952
51744 51743 766
51744 51753 747
51744 51755 1227
51774 51754 139
51774 51755 650
51774 51775 807
51775 51759 1131
51775 51774 807
51778 51759 665
51778 51780 769
51760 51758 562
51760 51761 984
51290 51288 1066
51306 51289 238
51306 51308 1120
51306 51309 1281
51206 51204 747
51206 51266 11481
51373 51267 713
51376 51267 2655
51726 51723 558
51726 51786 3763
51800 51797 878
51800 51799 747
51800 51802 1810
51802 51800 1810
51802 51801 537
51803 51801 1004
51803 51807 889
52041 51799 738
52041 52039 1258
52041 52042 751
52042 52041 751
52042 52044 1120
52042 52045 807
52047 52045 747
52051 52045 677
52051 52054 1206
52055 52054 605
52055 52058 1716
52058 52055 1716
52058 52057 476
52058 52059 276
52131 52059 336
52131 52132 354
56814 56645 132
56814 56812 154
56815 56812 425
56645 56646 159
56645 56814 132
56819 56646 213
52132 52131 354
52132 52135 836
52141 52143 1161
52141 52144 677
52160 52148 558
186390 186388 1978
186390 186391 721
186390 186392 720
186390 186405 867
194823 194822 1042
194823 194842 379
194824 194639 270
194848 194837 1116
194848 194849 867
194848 194852 867
194849 194837 744
194849 194848 867
140542 140550 1617
140542 140551 1370
140551 140542 1370
140551 140550 734
140551 140785 2772
140785 140551 2772
140785 140784 806
140785 140792 2006
140792 140785 2006
140792 140791 738
140792 140800 834
140792 140822 148
140820 140819 460
140820 151873 1984
140821 140819 1253
140822 140792 148
140822 140800 816
140822 140817 736
140822 151873 237
140800 140792 834
140800 140822 816
140800 151873 831
186385 186260 1447
186385 186388 825
186385 186392 1650
186397 186392 715
186397 186406 1562
186407 186406 745
186407 186476 1494
186478 186476 785
186478 186511 1355
186511 186478 1355
186511 186489 762
186511 186509 761
186508 186510 900
186508 186514 2384
186509 186510 645
186509 186511 761
186512 186510 971
186512 186513 1485
186512 186523 752
186514 186508 2384
186514 186513 957
186514 186525 2098
186531 186525 831
186531 186529 1073
186531 187065 1906
186524 186525 843
186524 187063 2269
186755 187063 819
186755 187092 2219
187080 187063 1551
187090 187092 917
187107 187092 1391
187107 187105 905
187105 187106 809
187105 187107 905
187147 187148 439
187147 187150 294
187154 187150 2591
51784 51780 1215
51784 51785 738
51822 51785 673
51771 51769 511
51745 51743 1199
51745 51770 139
51745 51776 610
51764 51741 1226
51764 51765 713
51764 51770 511
51755 51744 1227
51755 51774 650
51755 51776 238
51766 51725 677
51766 51767 1483
51818 51767 1345
51808 51807 474
51808 51810 738
51810 51808 738
51810 51841 751
51812 51841 475
51812 52074 807
52050 52049 697
52050 52085 649
52050 52087 951
52049 52050 697
52049 52053 877
52049 52061 1716
52143 52073 1716
52143 52141 1161
52143 52147 751
52069 52068 751
52069 52073 677
52061 52049 1716
52061 52063 751
52068 52063 697
52068 52069 751
51308 51306 1120
51308 51317 2708
51316 51315 1289
51325 51334 336
51325 51337 470
51322 51343 1209
51337 51325 470
51337 51336 408
51338 51336 984
51338 51341 1210
51446 51341 747
51446 51459 766
51460 51457 511
51462 51457 511
51459 51446 766
51459 51458 645
51467 51468 747
51467 51480 1181
51475 51480 848
51475 51482 1227
51483 51482 610
52401 52395 373
52401 52403 807
52396 52404 630
52421 52404 2418
52431 52428 276
52433 52428 1375
52433 52437 790
52869 52437 1375
52869 52870 871
52870 52439 1467
52870 52869 871
52870 52871 683
52875 52871 1014
52875 52881 790
52880 52881 1375
52880 52882 871
56465 52882 1483
56465 56467 766
56469 56467 1483
56470 56467 871
56470 56471 1375
56472 52894 1467
56472 56471 849
52904 52894 683
52904 52899 1483
52903 52899 933
52903 52902 905
56725 52902 244
189770 189768 482
189770 189771 810
189770 190138 960
190138 189768 1064
190138 189770 960
190135 189771 2742
190135 190134 703
189734 189735 727
189734 190134 2676
186245 186226 681
186245 189735 2733
186225 186221 719
186225 186226 2759
186260 186221 3060
186260 186237 737
186260 186385 1447
186388 186237 1087
186388 186385 825
186388 186387 789
186388 186390 1978
139700 139699 3690
139700 139702 2723
139700 139707 1865
139701 139699 3640
139701 139707 312
139701 139708 2081
139712 139706 731
139712 139708 1232
139708 139701 2081
139708 139712 1232
139708 139714 369
139704 139702 80
139707 139700 1865
139707 139701 312
139707 139702 1368
194858 194803 991
194858 194857 796
194858 194859 796
194854 194843 784
194854 194857 2485
194844 194843 2081
194852 194843 166
194852 194848 867
194869 194859 2327
194891 194876 1020
194891 194885 360
194891 194892 902
194884 194875 949
194885 194875 900
194885 194891 360
194896 194895 1318
194896 195001 1431
194896 195002 1012
194888 194892 238
198709 194892 513
195001 194896 1431
195001 195018 206
195020 195019 784
195020 195022 2200
195020 195025 862
194985 194975 2029
194985 194976 872
194985 194987 892
194985 195053 972
195053 194976 625
195053 194985 972
195053 195043 996
195044 195041 826
195044 195043 869
195042 195024 833
195042 195041 1996
195025 195020 862
195025 195024 2292
194987 194984 1456
194987 194985 892
195144 194984 810
195144 194986 219
195148 194986 809
195148 195142 2038
195147 195142 815
195147 195143 1714
195147 195150 735
195157 195143 359
195157 195158 479
207283 195143 454
207283 208219 772
208218 208219 334
211127 208784 906
209723 209460 627
205953 205399 756
205953 206135 354
205956 205914 464
205956 207826 776
207826 195131 766
207826 205956 776
195150 195147 735
195150 195158 1913
195150 195165 774
206135 195158 723
206135 205953 354
195166 195164 1913
195166 195165 755
195167 195164 684
195167 195193 1638
195171 195165 1129
195217 195215 797
195217 195218 445
195218 195215 867
195218 195217 445
195222 195215 1805
195222 195223 802
195195 195193 1889
195607 195226 852
195607 195609 845
195607 195610 857
195607 195611 901
195610 195225 846
195610 195226 148
195610 195607 857
195223 195222 802
195223 195225 2160
198335 198289 773
198335 198333 1576
198295 198289 2488
198295 198294 867
198566 198294 1917
198566 198565 846
198567 198564 846
198567 198565 2257
195888 195886 846
195888 198564 2229
195656 195654 675
195656 195655 1011
195656 195673 765
195657 195341 827
195657 195654 707
195673 195656 765
195673 195671 1120
195456 195341 2823
195456 195457 779
195457 195341 2896
195457 195456 779
195658 195341 611
195629 195342 1974
195629 195628 965
195606 195609 1192
195611 195607 901
195611 195609 440
195611 195613 623
195614 195613 363
195692 195678 1328
195692 195694 133
195694 195678 1350
195694 195692 133
195903 195885 213
195903 195902 508
195898 195893 1120
195898 195894 330
195898 195905 755
195901 195894 773
195901 195900 2025
195901 195905 329
195905 195894 796
195905 195898 755
195905 195901 329
195893 195688 1237
195893 195898 1120
195886 195885 674
195886 195888 846
195886 198563 2221
198422 198416 2339
198422 198423 756
198422 198424 2043
198421 198424 674
198421 198579 2229
198578 196937 2260
198578 198577 759
198578 198579 773
195967 195961 244
195967 195968 2554
195984 195968 724
195984 196953 1829
195939 195961 675
195939 195970 403
195961 195939 675
195961 195967 244
195961 195970 741
195940 195941 2368
195940 195942 936
195942 195940 936
195942 195943 2238
195942 196935 665
198577 196935 2227
198577 198578 759
196956 196953 912
196956 196962 1625
196959 196962 880
196959 196990 238
196991 196990 943
196992 196990 466
197010 196990 570
202121 194821 387
202121 197086 908
197012 197013 763
197012 197017 1474
197016 197017 479
197013 197012 763
197013 197020 1036
202127 197084 1383
202127 197086 759
202127 202129 704
197015 202128 2221
197086 202121 908
197086 202127 759
197086 202128 915
202134 202128 590
202134 202146 2348
202154 202146 932
202154 202153 1935
202159 202153 799
202159 202160 844
202159 202364 1511
202364 202159 1511
202364 202363 706
202364 202368 911
202160 202159 844
202160 202368 1300
203136 203137 943
203136 203172 1962
203188 203137 549
203188 203189 398
203171 203170 834
203171 203172 822
203171 203173 1531
203189 203175 607
203189 203188 398
203189 203192 1089
203192 203184 1531
203192 203189 1089
203206 203184 718
203206 203340 2178
203356 203340 700
203356 203345 2064
203380 203345 827
203380 203382 1056
201680 201679 1558
203399 201679 1629
203403 203388 4773
203383 203389 1179
203390 203389 844
203390 203391 1662
203391 203390 1662
203391 203411 867
203413 203411 1870
202625 202397 2105
202625 202400 876
202625 202642 2019
202639 202642 876
202682 202642 2026
202682 202681 843
202698 202681 1959
202698 202702 1031
203111 203109 198
203111 203112 1095
203112 203111 1095
203112 203120 608
203112 203125 473
203120 203112 608
203120 203125 556
203120 203129 395
203129 203120 395
203129 203130 775
203129 203165 2484
203130 203129 775
203130 203166 2086
203170 203166 796
203170 203169 1725
203170 203171 834
202369 202162 369
202369 202370 860
202369 202372 1332
202141 197090 844
202141 202157 1592
202156 202157 783
202162 202157 1724
202162 202369 369
197090 202141 844
197090 202167 1047
202165 202166 1389
202165 202167 1168
202164 202168 1892
202182 202168 239
202181 202179 248
202181 202198 662
202200 202201 1641
202200 202390 1108
202395 202201 853
202395 202391 856
202395 202396 420
202201 202200 1641
202201 202395 853
202201 202398 2081
202397 202398 761
202397 202625 2105
202197 202198 337
215076 215079 589
205369 205332 932
205369 205579 1541
205369 205611 736
205581 205575 2134
205581 205580 883
205581 205582 752
205611 205369 736
205611 205580 1770
205613 205582 1894
205613 205614 810
205590 205583 639
205614 205583 2002
205614 205613 810
205584 205585 1253
205595 205585 2240
205596 205594 2043
205601 205594 1638
205681 206536 476
205332 205331 707
205332 205368 1264
205332 205369 932
205332 205370 1696
919
18051
18123
19095
19274
19276
19284
19319
19303
20363
20389
20396
20475
20480
20482
20497
20467
20793
20515
20516
20668
20808
20812
20821
20846
20850
20830
20843
25687
25663
25664
25659
25668
25582
25691
25695
25596
25610
25626
25660
25667
25608
25644
25631
25638
25641
25652
27452
27495
27454
27457
27521
27458
27475
27477
27542
27483
27519
27545
27553
27609
27858
27705
27706
27714
27862
27865
27624
27681
27611
27657
27653
35456
28078
27031
27563
27035
27234
27254
27270
27426
50686
50667
51205
51208
50881
50837
50889
50918
50917
50940
50942
50972
50949
50950
56654
50999
51002
51720
51721
51711
51734
51735
51740
51152
51713
51736
51742
51753
51754
51759
51758
51761
51288
51289
51266
51267
51786
51797
51801
51799
52039
52044
52045
52054
52057
52059
56812
56646
52135
52144
52148
186391
194822
194639
194837
140550
140784
140791
140819
140817
151873
186405
186392
186406
186476
186489
186510
186523
186513
186529
187065
186525
187063
187092
187106
187148
187150
51780
51785
51769
51770
51776
51767
51807
51841
52074
52085
52087
52053
52147
52073
52063
51309
51317
51315
51334
51343
51336
51341
51457
51458
51468
51480
51482
52395
52403
52404
52428
52437
52439
52871
52881
52882
56467
56471
52894
52899
52902
189768
189771
190134
189735
186226
186221
186237
186387
139699
139706
139714
139702
194803
194857
194842
194843
194859
194876
194875
195002
194892
194895
195018
195019
194975
194976
195043
195041
195024
195022
194984
194986
195142
195143
208219
208784
209460
205399
205914
195131
195158
195164
195165
195215
195193
195226
195225
198333
198289
198294
198565
198564
195654
195655
195671
195341
195342
195628
195609
195613
195678
195902
195894
195900
195688
198563
195885
198423
198424
198579
196937
195968
195970
195941
195943
196935
196953
196962
196990
194821
197017
197020
197084
202129
202128
202146
202153
202363
202368
203137
203172
203175
203173
203184
203340
203345
203382
201679
203388
203389
203411
202400
202642
202681
202702
203109
203125
203165
203166
203169
202370
202372
202157
202167
202166
202168
202179
202390
202391
202396
202398
202198
215079
205579
205575
205580
205582
205583
205585
205594
206536
205368
205331
205366
205378
205370
205380
205381
205505
205507
205511
205562
198311
198312
198334
198324
198325
198329
198413
198416
205565
205566
206167
206146
206149
206153
206160
206166
206185
206191
206246
206248
206259
206266
206267
206456
206462
206476
206481
206525
206527
206846
206519
206260
206261
206540
206543
209171
209175
181080
181081
181105
181077
181409
181084
181331
179521
181324
179528
181726
181282
181446
184116
214086
176679
181465
181820
181775
183052
181591
182817
182938
213863
214020
214021
213845
179500
179501
210044
210048
210055
210259
209998
209999
210043
210045
209451
209466
209471
209977
209981
209984
209993
210003
210258
210274
210278
209966
210334
210332
209967
213952
214223
214712
213950
213957
213951
213992
213868
213975
213967
213974
213994
213858
213866
213996
213999
213864
201510
201513
201649
201668
179393
179409
179455
179492
192328
192330
193360
193558
193295
193301
194439
194442
193320
114745
114747
105845
105917
105970
106035
106037
106000
106111
106152
106156
105962
105982
105889
105886
109702
114798
105594
105595
115942
105590
105996
105992
106161
106126
106147
106166
192190
190953
192357
192499
192449
192496
193279
193550
193661
194002
29630
29631
30556
30631
30522
30686
30691
30658
30673
30598
21424
31030
30739
31039
29675
31043
29601
10836
30934
11134
11146
11161
30996
31003
30917
34570
30956
30964
30978
31381
31390
31406
31413
31232
31203
31279
31007
31280
31253
31256
31427
31099
31103
31275
30231
31460
31489
31492
31628
31632
31672
31639
31646
31679
31905
31848
31922
31927
32286
32306
32311
32312
33273
33278
33318
33331
33341
14532
14558
33333
14559
14563
14568
14570
14595
14599
14620
14643
14644
14653
14997
15055
15060
15070
15100
15101
15098
15110
15099
15212
15232
15265
15551
15553
17685
17687
19043
34516
17663
15523
17667
17688
17721
18044
18048
18049
18058
18124
18128
19275
19277
19286
19320
19302
20398
20477
20492
20504
20466
20470
20471
20521
20461
20464
20462
20514
20811
20813
20818
20848
20806
20829
34125
25578
25581
25656
25658
25574
25592
25586
25693
25514
25604
25621
25661
25607
25636
25630
25635
25633
25649
25650
25643
27453
27441
27443
27451
27456
27523
27474
27476
27484
27543
27468
27481
27525
27544
27548
27554
27607
34150
27850
27693
27707
27713
27861
27623
27613
27661
27664
27666
27028
27032
27033
27232
27240
27253
27255
27223
27425
50695
50668
50671
50672
51210
51213
50835
50836
50895
50931
50934
50941
56656
51000
51722
51725
51723
51732
51765
51775
51778
51290
51206
51373
51376
51726
51800
51802
51803
52041
52047
52051
52055
52131
56814
56645
52132
52141
194824
194848
194849
140542
140551
140785
140820
140800
186385
186397
186407
186478
186508
186509
186514
186524
186755
187090
187107
187105
187147
187154
51784
51766
51808
51810
51812
52050
52049
52143
52069
52061
52068
51308
51316
51325
51322
51338
51446
51467
51475
51483
52401
52396
52421
52433
52869
52870
52875
52880
56465
56469
56470
56472
52904
52903
56725
189770
190138
190135
189734
186245
186225
186260
139700
139701
139712
194858
194854
194852
194869
194884
194896
194888
198709
194985
195053
195044
195042
195025
194987
195144
195148
195147
207283
208218
211127
205953
205956
207826
195150
206135
195166
195167
195171
195217
195218
195222
195195
195607
195610
195223
198335
198295
198566
198567
195888
195657
195673
195456
195457
195658
195629
195606
195611
195614
195692
195694
195903
195898
195901
195905
195893
195886
198422
198421
198578
195967
195984
195939
195940
195942
198577
196956
196959
196991
197010
197012
197016
197013
197015
197086
202134
202154
202159
202160
203136
203188
203171
203189
203192
203206
203356
203380
203403
203383
203390
203391
203413
202625
202639
202682
202698
203111
203112
203129
203130
203170
202141
202156
202162
197090
202165
202164
202182
202200
202201
202397
202197
215076
205369
205581
205611
205613
205590
205614
205584
205595
205596
205601
205681
