756
156400 156401 667
156400 156464 344
156468 156466 421
156178 156176 796
156178 156559 1268
156558 156559 672
156558 156561 1449
156560 156561 418
156560 156592 2549
156497 156495 1196
156846 156844 1100
156846 156858 796
156849 156850 1357
156857 156858 3469
156857 156859 782
156592 156560 2549
156592 156598 1140
156665 156666 418
156665 156701 812
156658 156657 1258
156658 156701 808
156632 156625 3866
156632 156866 790
156874 156875 1994
156874 156885 747
156854 156853 1896
156854 156886 885
156625 156632 3866
156625 156865 766
156674 156675 688
156674 156952 1970
156634 156635 951
156634 156911 752
156700 156699 2150
156700 156945 951
156672 156981 1199
177488 177489 672
177474 177487 642
177485 177489 672
177485 177507 599
177490 177491 565
177508 177509 672
177508 177510 1183
177508 177513 505
177512 177507 1234
177476 177491 790
177476 177494 2118
177494 177476 2118
177494 177493 673
177386 177387 1268
177386 177516 1484
177497 177493 672
177497 177517 1852
177323 177324 1036
177323 177360 1555
177364 177363 1004
177364 177365 849
177286 177287 432
177374 185347 355
177315 177302 782
177315 177388 939
177388 177315 939
177388 177389 890
185341 185342 984
185341 185343 562
185345 185346 331
176732 176728 1810
176732 176733 2190
176732 176751 581
176736 176734 437
174909 174908 915
174909 174910 1702
175064 175065 2690
175064 176749 747
176842 176843 624
176842 176844 740
167493 167556 1521
165619 165618 344
165619 165870 202
165866 165868 885
165869 165867 610
165869 165870 581
165618 165619 344
165618 165884 1477
165622 165623 1055
165622 165883 1344
165569 165570 713
165569 165573 1420
165572 165573 713
165572 165575 1340
165576 165575 713
165576 165633 1340
165632 165633 847
165632 165651 1537
165625 165624 747
165625 165649 829
165625 165651 789
165555 164830 436
165555 165553 848
165555 165556 1340
167784 167695 2568
167784 167717 1344
167784 167785 872
167687 167683 985
167687 167684 2045
167509 167556 893
167577 167576 2299
167577 167664 552
165503 165504 344
165503 165505 739
165445 165444 1308
165445 165449 1157
165445 167443 276
165499 165476 1856
165499 165506 610
167439 167442 667
165496 165477 1065
165496 165495 436
165505 165495 752
165505 165503 739
167454 167442 1662
167454 167450 688
167454 167465 683
167465 167451 796
167465 167454 683
167465 167471 710
167468 167447 789
167468 167470 683
167468 167526 934
167538 167537 542
167538 167541 1210
165876 165877 1458
165876 165882 747
165881 165880 453
165881 165882 279
165907 165901 874
165907 165906 976
165907 165969 1355
165972 165901 808
165972 165971 808
165972 165976 1413
165971 165972 808
165971 165977 1081
165988 165986 390
165988 165989 344
165987 165986 406
165487 165447 808
165487 172496 837
165444 165445 1308
165444 167444 752
165447 165448 928
165447 165487 808
167459 165992 641
164833 164832 951
164833 164855 713
164833 164931 1261
164851 164852 837
164851 164855 985
213234 213230 938
213234 213235 443
212503 212508 2023
212503 213241 567
213239 213240 1017
213239 213241 674
212507 212508 1007
212507 212560 1951
212559 212558 769
212559 212560 1009
212559 212561 1844
212558 212559 769
212558 212577 1933
212575 212577 772
212575 212578 2700
212576 212578 826
212576 214279 480
164883 164630 169
164883 164882 1802
164883 164888 796
164957 164897 1891
164957 164953 631
164957 164958 552
164881 164882 893
164958 164896 1786
164958 164957 552
164606 164607 355
164606 172156 344
164852 164851 837
164852 164922 1226
164923 164922 789
164923 164926 1261
164927 164926 713
164927 164934 1420
164935 164934 818
164935 165669 1420
164946 164944 1420
164946 165669 818
164953 164952 672
164953 164957 631
165677 165676 688
165677 165683 791
164972 164973 1719
165676 164973 2877
165676 165677 688
165676 165685 710
164951 164952 1065
164951 164960 1447
164963 164960 2108
164963 164961 672
215020 214278 707
215020 215022 328
114248 114243 1165
114248 114256 1004
114255 114242 924
114255 114256 2995
114255 114260 1477
114261 114260 1248
114261 114262 1607
114259 114256 1021
114286 114287 1004
114286 114291 835
114289 114287 1555
113973 114007 2034
114014 113986 1670
114014 116226 661
113963 113964 1475
113963 113965 670
113963 113968 739
113986 113968 1421
113986 114014 1670
113987 113964 2025
113987 113988 939
114001 114000 187
114001 114126 761
114128 114147 1111
114128 114178 847
114178 114128 847
114178 114179 855
118827 118828 1897
118827 118829 1650
118841 118842 865
118841 118845 3338
119236 119228 874
119236 119235 1495
119236 119237 1865
119245 119244 2072
119245 119327 1969
119307 119308 900
119307 119318 2452
119327 119245 1969
119327 119326 1741
119229 119228 1321
119229 119230 2661
118580 118581 147
119061 119060 240
119011 119024 549
119011 119066 3429
119013 119014 1113
119013 119093 1225
119093 119013 1225
119093 119014 823
119093 119099 2002
119101 119100 556
119107 119106 687
119107 119138 2075
119138 119107 2075
119138 119109 712
119016 119015 674
119102 119096 936
119102 119106 887
119025 118981 1248
119028 119029 3343
102927 102928 2495
102204 102205 74
94396 94386 1166
94396 94392 680
94398 94399 399
94398 102951 820
102343 102910 4936
94411 94403 2870
94780 94781 7150
94780 94782 3020
94784 94785 981
92167 92166 6223
92167 92172 1764
108394 107247 2445
107247 108394 2445
108478 108513 1444
108513 108478 1444
92742 92753 1224
92753 92742 1224
114235 114236 1346
114236 114235 1346
110281 110285 826
110285 110281 826
112553 112550 847
112539 112547 2326
112550 112553 847
112547 112539 2326
104185 104174 737
104174 104185 737
39269 39288 252
39288 39269 252
37223 37216 1266
37208 37210 1530
37210 37208 1530
37216 37223 1266
38470 38465 782
38465 38462 1014
38465 38470 782
38462 38465 1014
40347 40348 836
40348 40347 836
40712 40710 1426
40710 40712 1426
40710 40716 2401
39009 40764 1392
40716 40710 2401
40764 39009 1392
41592 47660 2454
47812 47811 714
47664 47660 2511
47722 47731 849
47733 47731 849
47731 47722 849
47731 47733 849
47660 41592 2454
47660 47664 2511
47741 47742 871
47742 47741 871
47804 47805 2006
47811 47812 714
47805 47804 2006
130902 131169 1780
131169 130902 1780
131536 131537 752
131537 131536 752
131603 131607 1857
131607 125243 953
131607 131603 1857
125243 131607 953
132224 131721 358
132268 132291 1300
131721 132224 358
132291 132268 1300
54164 54204 1546
54204 54164 1546
54297 54290 808
54290 54297 808
150702 150703 485
150703 150702 485
140406 140414 395
140414 140406 395
140500 140502 2335
140502 140500 2335
140541 141969 2135
141969 140541 2135
139780 139783 238
143516 143518 875
142835 142831 726
142831 142835 726
143788 143787 827
143787 143788 827
143782 143770 803
143770 143782 803
143519 143520 164
143518 143516 875
143520 143519 164
142821 142820 868
142820 142821 868
142856 142854 993
142856 142869 239
142869 142856 239
144890 144891 496
144891 144890 496
142854 142856 993
143183 143186 2047
143186 143183 2047
139783 139780 238
144809 144815 785
144815 144809 785
144859 144879 1733
144879 144859 1733
204637 204638 773
204638 204637 773
207717 207723 968
207723 207717 968
145070 145062 841
145062 145070 841
145090 145091 844
145091 145090 844
145183 145219 810
145219 145183 810
145670 145726 830
145726 145670 830
145726 146668 1477
146668 145726 1477
209632 210848 1013
210848 209632 1013
167557 167556 688
152679 152797 1769
152797 152679 1769
168506 168501 985
168501 168506 985
167597 167605 848
167605 167597 848
167634 167647 1376
167647 167634 1376
167653 167654 374
167654 167653 374
178606 178653 6921
178653 178606 6921
180056 180058 2920
180058 180056 2920
179968 179969 1500
179969 179968 1500
180001 180030 1031
152851 152850 1505
152850 152851 1505
153213 153214 790
153214 153213 790
156097 156015 789
156015 156097 789
156159 156176 778
156176 156159 778
156176 156178 796
153351 153353 828
153353 153351 828
155897 155889 747
155889 155897 747
180026 180022 778
180030 180001 1031
180022 180026 778
178208 178209 1161
178209 178208 1161
178182 178181 1115
178181 178182 1115
174855 174873 836
174873 174855 836
177351 176604 1268
176604 177351 1268
156383 156384 1969
177347 177304 1531
177304 177347 1531
156384 156383 1969
156401 156400 667
156464 156400 344
156466 156468 421
156559 156178 1268
156559 156558 672
156561 156558 1449
156561 156560 418
156495 156497 1196
156844 156846 1100
156858 156846 796
156858 156857 3469
156850 156849 1357
156859 156857 782
156598 156592 1140
156666 156665 418
156701 156658 808
156701 156665 812
156657 156658 1258
156866 156632 790
156875 156874 1994
156875 156885 1747
156885 156874 747
156885 156875 1747
156885 156886 1067
156853 156854 1896
156886 156854 885
156886 156885 1067
156865 156625 766
156675 156674 688
156952 156674 1970
156635 156634 951
156911 156634 752
156699 156700 2150
156945 156700 951
156981 156672 1199
177489 177485 672
177489 177488 672
177487 177474 642
177507 177485 599
177507 177512 1234
177491 177476 790
177491 177490 565
177509 177508 672
177510 177508 1183
177513 177508 505
177493 177494 673
177493 177497 672
177387 177386 1268
177387 177516 667
177516 177386 1484
177516 177387 667
177516 177517 688
177517 177497 1852
177517 177516 688
177324 177323 1036
177360 177323 1555
177363 177364 1004
177365 177364 849
177287 177286 432
185347 177374 355
177302 177315 782
177302 177389 1428
177389 177302 1428
177389 177388 890
185342 185341 984
185343 185341 562
185346 185345 331
176728 176732 1810
176733 176732 2190
176733 176749 1022
176751 176732 581
176734 176736 437
174908 174909 915
174910 174909 1702
175065 175064 2690
176749 175064 747
176749 176733 1022
176843 176842 624
176844 176842 740
167556 167493 1521
167556 167509 893
167556 167557 688
165870 165619 202
165870 165869 581
165868 165866 885
165868 165867 374
165868 165880 374
165867 165868 374
165867 165869 610
165884 165618 1477
165623 165622 1055
165623 165624 848
165883 165622 1344
165570 165556 747
165570 165569 713
165573 165569 1420
165573 165572 713
165575 165572 1340
165575 165576 713
165633 165576 1340
165633 165632 847
165651 165625 789
165651 165632 1537
165624 165623 848
165624 165625 747
165649 165625 829
164830 165555 436
165553 165555 848
165556 165555 1340
165556 165570 747
167695 167784 2568
167717 167784 1344
167785 167784 872
167683 167684 1447
167683 167687 985
167684 167683 1447
167684 167687 2045
167576 167577 2299
167664 167577 552
165504 165503 344
165449 165445 1157
165449 165506 699
167443 165445 276
167443 167442 767
167443 167444 1293
165476 165477 1505
165476 165499 1856
165506 165449 699
165506 165499 610
167442 167439 667
167442 167443 767
167442 167454 1662
165477 165476 1505
165477 165496 1065
165495 165496 436
165495 165505 752
167450 167451 710
167450 167454 688
167451 167450 710
167451 167465 796
167471 167465 710
167471 167470 767
167447 167468 789
167470 167468 683
167470 167471 767
167526 167468 934
167537 167538 542
167541 167538 1210
165877 165876 1458
165882 165876 747
165882 165881 279
165880 165868 374
165880 165881 453
165901 165907 874
165901 165972 808
165906 165907 976
165969 165907 1355
165976 165972 1413
165976 165977 789
165977 165971 1081
165977 165976 789
165977 165989 558
165986 165987 406
165986 165988 390
165989 165977 558
165989 165988 344
172496 165487 837
167444 165444 752
167444 167443 1293
165448 165447 928
165992 167459 641
164832 164833 951
164855 164833 713
164855 164851 985
164855 164922 713
164931 164833 1261
213230 213234 938
213235 213234 443
212508 212503 2023
212508 212507 1007
213241 212503 567
213241 213239 674
213241 213240 894
213240 213239 1017
213240 213241 894
212560 212507 1951
212560 212559 1009
212561 212559 1844
212561 212577 901
212577 212558 1933
212577 212561 901
212577 212575 772
212578 212575 2700
212578 212576 826
212578 214279 750
214279 212576 480
214279 212578 750
214279 214278 209
164630 164883 169
164882 164881 893
164882 164883 1802
164888 164883 796
164897 164957 1891
164897 164960 674
164896 164958 1786
164607 164606 355
172156 164606 344
164922 164852 1226
164922 164855 713
164922 164923 789
164926 164923 1261
164926 164927 713
164934 164927 1420
164934 164935 818
165669 164935 1420
165669 164946 818
164944 164946 1420
164952 164951 1065
164952 164953 672
164952 164960 1447
165683 165677 791
165683 165685 713
164973 164972 1719
164973 165676 2877
165685 165676 710
165685 165683 713
164960 164897 674
164960 164951 1447
164960 164952 1447
164960 164963 2108
164961 164963 672
214278 214279 209
214278 215020 707
215022 215020 328
114243 114242 2995
114243 114248 1165
114256 114248 1004
114256 114255 2995
114256 114259 1021
114242 114243 2995
114242 114255 924
114260 114255 1477
114260 114261 1248
114262 114261 1607
114287 114286 1004
114287 114289 1555
114291 114286 835
114007 113973 2034
116226 114014 661
113964 113963 1475
113964 113987 2025
113965 113963 670
113968 113963 739
113968 113986 1421
113988 113987 939
114000 114001 187
114126 114001 761
114147 114128 1111
114179 114178 855
118828 118827 1897
118829 118827 1650
118842 118841 865
118842 118845 3117
118845 118841 3338
118845 118842 3117
119228 119229 1321
119228 119236 874
119235 119236 1495
119235 119244 1148
119237 119236 1865
119244 119235 1148
119244 119245 2072
119244 119326 735
119308 119307 900
119318 119307 2452
119318 119326 935
119326 119244 735
119326 119318 935
119326 119327 1741
119230 119229 2661
118581 118580 147
119060 119061 240
119024 119011 549
119066 119011 3429
119014 119013 1113
119014 119015 2202
119014 119093 823
119099 119093 2002
119099 119100 705
119100 119099 705
119100 119101 556
119106 119102 887
119106 119107 687
119109 119138 712
119015 119014 2202
119015 119016 674
119096 119102 936
118981 119025 1248
119029 119028 3343
102928 102927 2495
102205 102204 74
94386 94396 1166
94392 94396 680
94399 94398 399
102951 94398 820
102910 102343 4936
94403 94411 2870
94781 94780 7150
94782 94780 3020
94785 94784 981
92166 92167 6223
92172 92167 1764
952
156400
156468
156178
156558
156560
156497
156846
156849
156857
156592
156665
156658
156632
156874
156854
156625
156674
156634
156700
156672
177488
177474
177485
177490
177508
177512
177476
177494
177386
177497
177323
177364
177286
177374
177315
177388
185341
185345
176732
176736
174909
175064
176842
167493
165619
165866
165869
165618
165622
165569
165572
165576
165632
165625
165555
167784
167687
167509
167577
165503
165445
165499
167439
165496
165505
167454
167465
167468
167538
165876
165881
165907
165972
165971
165988
165987
165487
165444
165447
167459
164833
164851
213234
212503
213239
212507
212559
212558
212575
212576
164883
164957
164881
164958
164606
164852
164923
164927
164935
164946
164953
165677
164972
165676
164951
164963
215020
114248
114255
114261
114259
114286
114289
113973
114014
113963
113986
113987
114001
114128
114178
118827
118841
119236
119245
119307
119327
119229
118580
119061
119011
119013
119093
119101
119107
119138
119016
119102
119025
119028
102927
102204
94396
94398
102343
94411
94780
94784
92167
92179
92182
92187
92238
94446
94499
94506
92298
92464
92473
92505
92504
93149
93136
101878
107082
108123
108376
105599
108054
108193
108151
105676
108117
108162
108172
108175
107253
108394
108409
107247
108413
108432
108437
108478
108479
108513
108552
108620
92982
93092
93094
92860
92863
92989
93708
93709
93029
93032
93011
93025
93129
92547
92550
92738
92742
92753
92758
92765
92767
92585
92529
92562
92487
92486
92570
92661
92665
92609
92690
92693
93696
92706
191907
192685
191401
191998
191597
191755
192044
191563
191619
191655
191055
191051
191191
191318
192661
194252
119222
114085
114235
114236
114335
114353
114337
114276
114281
109239
109276
103278
109437
109395
109571
109574
109682
109569
109674
109650
109622
109691
109731
109982
110007
110141
110000
110122
103298
110192
111273
110194
111414
112475
110817
110261
110758
110281
110285
111398
111389
110252
104064
104114
104116
103989
103865
103964
103957
103959
105768
112861
112831
103949
103993
104013
104026
104024
112489
112544
112562
112553
112539
112550
112547
112756
112535
110911
110923
112480
112522
112518
112525
104185
104211
104255
104172
104241
104043
104069
104083
104002
104709
104714
104034
104174
104249
104260
39065
39107
39114
39119
39269
39288
37212
37237
37223
37115
37208
37217
37210
37216
38347
38360
38410
38432
38433
38435
38438
38454
38470
38560
38465
38462
38565
38567
40342
38587
40347
40348
40352
38595
40670
40669
40679
40681
45049
40703
40708
40712
40710
56329
39005
39006
39020
39009
40716
40764
38981
39026
41565
41579
41572
41592
47776
47784
47789
47812
47664
47668
47722
47733
47731
47660
47741
47742
47772
47804
47811
47805
47768
48094
48097
48065
48082
48111
48080
48089
47934
47965
48005
48008
48013
47978
48034
47996
48041
48035
48090
48170
48169
47414
47466
47470
47986
130531
47989
130761
130769
130767
130773
130792
46267
49579
131313
131312
131316
131317
130888
130904
130896
130909
130902
131169
131193
131196
131197
131464
131276
131208
131209
131524
131536
131537
131542
131545
131603
131607
125243
131625
131705
131708
131714
132224
132228
132250
132254
132268
131721
132291
54173
54122
54125
54160
54127
54135
54176
54179
54129
54164
54204
54208
54212
54271
54297
54299
54289
54290
54294
54303
54741
54743
54311
54301
150532
150702
150703
150720
150748
150750
140312
140307
140309
140406
150468
140412
140414
140484
140500
140502
140536
140541
141969
141972
143299
139780
143301
143414
143440
143435
143454
143456
143509
143506
143512
143516
143523
143524
142835
142837
142844
142829
142831
143788
143781
143787
143782
143770
143718
143721
143701
143714
143519
143518
143520
142821
142841
142883
142820
142860
142872
142877
142856
142869
144890
144891
142854
143183
143184
143186
143198
143201
143283
139783
139784
142865
144809
144815
144862
144863
144859
144879
204573
204579
204588
204637
204640
204641
204929
204928
204638
204820
204825
204942
204945
207717
207723
144884
144886
145070
145062
145074
145090
145091
145183
145219
145224
145231
145237
145241
145244
145632
145653
145657
145661
145668
145670
145726
146668
146679
146812
146875
146916
146914
146947
209544
214925
209414
209632
210848
167557
167573
167600
152662
152666
152679
152669
152676
152797
153592
153533
152072
152070
152624
152626
152649
162512
168506
167257
168501
167597
167605
167642
167634
167647
167653
167654
167656
167805
167766
168440
177691
178606
178629
178632
178637
178653
180056
180058
180132
179890
179881
179757
179946
179968
179974
179969
179998
180001
185278
152629
152836
152851
152850
152857
152785
152790
152787
152820
152748
152831
152745
152636
152769
152766
152770
152780
152845
153213
153214
153217
153232
153237
153242
156097
156098
156101
156015
156024
156031
156123
156120
156159
156176
156095
153308
153312
153315
153339
153351
153353
153385
153429
153434
153368
153481
154681
155846
155918
155850
155881
153504
153505
153510
155893
155867
155871
155865
155888
155897
155889
180019
180020
172978
172981
172989
180025
180027
180026
180030
180022
172985
173047
173023
178541
177755
178197
178208
178209
185517
173241
173250
173067
173070
172973
173125
178061
178073
178182
178181
178172
178175
178191
173258
174838
174855
174755
174878
174835
174873
185508
173464
174872
174946
176592
177334
177343
177560
177351
176604
177571
186085
177574
176575
176612
176613
156383
156381
156382
176617
177347
177304
156511
160191
156514
156531
160210
156535
156503
156384
156390
156401
156464
156466
156559
156561
156495
156844
156858
156850
156859
156598
156666
156701
156657
156866
156875
156853
156886
156865
156675
156952
156635
156911
156699
156945
156981
177491
177509
177493
177387
177517
177324
177360
177363
177365
177302
177389
176728
176733
176734
174908
176749
165870
165867
165884
165623
165883
165570
165573
165575
165633
165651
165624
164830
165553
165556
167695
167717
167785
167683
167684
167576
167664
165476
165506
167442
165477
165495
167450
167451
167471
167447
167470
167526
167537
167541
165882
165880
165901
165906
165969
165976
165989
167444
165992
164832
164855
164931
213230
213235
212508
213241
213240
212560
212561
212577
212578
164630
164882
164888
164897
164896
164607
172156
164922
164926
164934
165669
164944
165683
164973
165685
164961
114243
114242
114260
114287
114291
113965
113968
114000
114126
114147
114179
118829
118842
118845
119228
119235
119237
119308
119318
119230
118581
119060
119024
119066
119014
119099
119100
119109
119015
119096
118981
119029
102205
94386
94392
94399
102910
94403
92166
92172
