3668
99737 99738 1172
99737 100412 377
92273 92274 1721
92273 94530 870
93158 93161 1344
93163 93162 1124
93163 93171 2041
93842 93834 1347
93842 93843 452
93845 93843 1098
93845 93848 1943
93845 93864 3183
93848 93845 1943
93848 94089 681
94135 94134 950
94135 94140 3019
94136 94137 550
94136 94138 1066
94126 94119 1935
94126 94125 847
94144 101781 120
94148 94149 950
94148 94154 893
108424 108422 1651
108424 108450 924
108417 108422 1256
108189 108190 1460
108204 105916 3221
108204 108233 681
105818 105901 282
108110 108111 2229
108110 108237 1181
108237 108110 1181
108237 108288 2138
108235 108020 688
108235 108302 111
108233 108204 681
108233 108290 4151
108464 108460 764
108464 108463 2882
108069 108070 877
108450 108424 924
108450 108452 1466
108451 108452 1934
108451 108452 1934
108428 108466 1530
108458 108461 3160
108458 108462 938
108459 108460 1097
108459 108465 1264
108469 108291 3037
108469 108480 473
108465 108291 1014
108465 108459 1264
106117 106116 2314
106117 106118 610
106117 108558 707
108555 108554 847
108555 108558 2407
108554 108555 847
108554 108572 1031
108554 108587 840
108595 108587 4335
108597 108588 3338
108593 108589 2568
108593 108594 2612
108594 108576 1796
108594 108593 2612
108631 108603 1202
109290 109283 2873
109290 109291 1794
108638 109295 2920
109288 109287 839
109288 109296 1919
108633 108634 2042
108633 108655 809
93589 93587 1361
93612 102292 281
93612 102379 1177
93699 102289 5448
93728 93730 1031
93728 93808 1431
93729 93725 1694
93729 93733 1948
93794 93806 2277
93794 93819 562
93806 93794 2277
93806 93807 729
93806 93808 1741
93800 93801 893
93800 93802 1264
103143 103144 934
94530 92273 870
94530 94531 1994
92625 92623 810
92625 92628 1426
92628 92625 1426
92628 92634 839
92630 92631 854
92630 92632 2134
92678 92676 1204
92678 92680 1281
92678 92683 557
92640 92641 1220
92640 92645 1848
92657 92658 871
92657 92660 278
92659 93244 2676
103112 103113 2879
103112 103114 2082
191177 191171 1226
191177 193910 572
191178 191179 1194
191921 191990 871
191921 192106 1588
190952 190951 897
190952 190957 841
193913 193914 1172
192039 192002 5458
192039 194009 3689
191307 194084 704
191307 194165 789
191338 194198 1191
191988 191987 1739
191988 194194 1068
192600 194207 1452
192600 194209 3525
191685 191687 751
191685 191695 348
191685 192127 358
191637 191638 1943
191637 194075 357
193937 191331 458
193937 194302 541
191197 191183 6716
191197 191195 1220
191197 191198 2283
191315 194285 836
192627 192625 3147
192647 192644 874
192647 192648 626
192647 192649 5075
194070 194259 112
192674 190943 425
119369 119370 989
119369 119371 77
114143 114817 155
114340 114363 807
109330 109331 778
109330 109334 923
109344 109320 3250
109344 109334 764
109325 109309 556
109325 109326 2228
108642 108650 982
108642 109315 1565
109338 109339 1114
109338 109345 1114
108665 108661 3183
108665 109557 939
108665 109575 1532
116317 113793 1609
116317 116318 1084
109322 109320 518
109310 109309 2002
109310 109311 1004
109355 113803 367
109599 109597 2435
109599 109600 1741
109610 109597 556
109610 113661 764
113804 113803 432
113804 113805 1679
109635 108850 3364
109635 113811 1457
109722 109720 1245
109722 109720 1245
109722 109723 192
109723 109722 192
109723 109724 143
109744 106210 347
109744 109745 1002
106208 106207 2441
106208 106209 649
109754 106207 809
109754 109753 2667
109754 109760 473
109752 109746 2642
109752 109763 672
110021 109746 672
110021 110028 2585
109763 109752 672
109763 109762 6723
109765 109764 5834
109757 109756 673
109757 110035 2667
110036 110028 872
110036 110035 536
109768 109764 938
110157 110158 889
110157 110207 809
110109 110107 809
110109 110110 1950
110116 110019 809
110116 110107 2612
110116 110121 2751
110118 110207 889
110208 110165 403
110208 110207 1028
110208 110214 2612
110226 110214 872
110226 110229 2837
110232 110229 737
113826 113827 1276
113826 113832 395
110775 110777 238
110795 110794 2376
110795 110841 304
110796 110783 826
110841 110795 304
110841 110842 308
110848 110842 2119
110221 110039 403
110730 110622 1671
110730 110729 629
110730 110736 551
110734 110735 1950
110753 110752 536
110753 110754 3064
110753 110764 604
110742 110739 629
110742 110743 1966
110742 110748 198
103854 103844 806
103854 103856 367
103843 103842 599
112819 112820 947
112823 112824 1533
112823 112863 848
112825 112824 516
112825 113841 344
103914 103851 1274
103914 103915 1208
103914 113689 2557
103897 103898 2585
103897 103919 968
112492 112493 1009
106182 106181 329
110907 110904 713
110903 110893 4987
110903 110904 877
110787 110788 2311
110787 110805 788
103937 103936 1306
103937 104022 836
103926 103874 2087
103926 103928 2713
103926 103929 1160
103940 103891 983
103885 103886 884
103885 103891 1902
103885 104713 751
104713 103885 751
104713 103941 2477
39053 39052 475
39053 39054 2068
39053 39056 2718
39057 39056 1015
39057 39084 905
39061 39062 1261
39061 39086 1004
39062 39061 1261
39062 39120 782
39092 36902 599
39096 39080 672
39089 39083 1632
39089 39088 1293
39237 37195 1258
39237 39235 1009
39242 39241 939
39242 39250 1103
39250 39240 747
39250 39242 1103
37175 37145 1224
37179 37176 708
37179 37182 2126
37192 37191 1739
37192 39239 238
37198 39271 751
37198 39271 751
38789 39276 279
37092 37094 1224
37054 37050 1974
37054 37053 738
37059 37048 688
37059 37060 1637
37108 37060 2947
38174 38152 2091
38174 38177 1120
37025 37022 1074
37025 37024 1585
37025 37028 837
37049 37033 738
37049 37051 557
37069 37068 806
37069 37071 605
37024 37023 1146
37024 37025 1585
37065 37064 557
37067 37000 2253
37067 37077 1438
38186 38185 474
36998 36990 1120
36998 36996 1457
37150 37001 599
37154 37149 1182
37148 36995 932
37155 37144 1031
37155 37146 951
37002 36990 2854
38207 38202 168
38213 38368 1258
38377 38376 1022
38377 38378 650
38378 38377 650
38378 38384 418
38398 38400 672
38401 38402 1221
38405 38402 932
38484 38403 697
38484 38481 1387
38487 38483 1094
38487 38489 537
38488 38486 333
38488 38489 537
38488 38502 558
38504 38495 2614
38510 38340 951
38510 38522 1757
38531 38513 765
38531 38537 1111
38532 38513 1695
38537 38530 1178
38537 38531 1111
38528 38526 778
38540 38821 1344
38870 38826 827
38870 38871 1745
38872 38873 373
38874 38873 1578
38874 38875 848
38887 38876 870
38887 38906 1798
38887 38908 630
38908 38887 630
38908 38907 1768
38910 36004 2714
38910 36217 403
38910 38907 1034
38916 38569 1396
38916 38915 84
36216 36217 125
38984 38982 1074
38984 38986 1221
38994 38918 743
38994 38993 276
38939 38938 1248
38939 38942 2280
38939 38944 878
38918 38568 695
38918 38913 318
38918 38994 743
38946 38942 3153
38946 38943 751
38946 38954 2377
38957 38954 766
38957 49206 284
38942 38939 2280
38942 38940 807
38942 38946 3153
38959 38958 355
38808 38802 2794
38960 38953 276
41550 41534 403
41547 41542 2376
41547 41545 168
41547 41549 2139
41554 41542 828
47532 47596 560
47532 48814 1314
47596 47532 560
47596 47583 1483
47596 47587 1725
47596 47597 1483
47598 47597 790
47598 47600 1827
47606 47600 790
47606 47605 1398
47632 47631 953
47633 47627 752
47633 47631 1612
47641 47619 1800
47641 47636 713
47639 47619 1552
47639 47640 951
47643 47640 1432
48050 47902 789
48052 47902 1055
48052 47906 953
47904 47899 2192
47904 47913 744
47908 47903 2216
47907 47903 790
47907 47906 1979
47857 47853 333
47861 47860 952
47864 47858 879
47864 47858 879
47883 47882 1004
47913 47900 320
47913 47904 744
47871 47870 820
47869 47870 1117
47445 47444 755
47445 47446 685
47445 47936 519
47941 47446 738
47358 47357 880
47358 47860 1815
47358 50305 495
47938 47352 1509
47447 47442 807
47447 47448 928
47455 47454 879
47452 47451 1685
47452 47453 697
47457 47453 873
47457 47473 837
47473 47433 1816
47473 47457 837
130518 46230 1181
130518 130519 355
130516 47400 1837
130516 130511 1009
130521 130514 1343
46231 46230 214
47397 47395 476
47397 47398 1903
47397 47400 778
47399 47398 738
47391 47390 2756
47391 47426 837
47431 47426 1411
47431 47433 837
130508 130505 1276
130508 130515 976
130508 130602 885
130522 130515 2284
130699 130700 965
130699 130703 1534
130699 130705 1010
130705 130699 1010
130705 130707 1422
130710 130707 738
130538 130037 518
130538 130536 1000
130538 130539 511
130549 130547 1264
130549 130586 976
130549 130587 1484
130590 130546 885
130590 130591 940
130609 130606 2014
130609 130708 751
130736 130732 752
130736 130737 1957
130739 130737 673
130756 130753 1211
130756 130757 1336
130786 130757 766
130787 130758 927
130787 130789 1111
130789 130787 1111
130789 130856 916
130814 130813 1114
130814 130816 506
130820 130819 1241
130826 130825 1689
130868 130867 421
130813 130755 556
130813 130814 1114
130824 130803 2195
130824 130812 1000
130824 130825 889
130808 130807 1689
130808 130809 1161
130808 130832 951
130812 130809 2531
130812 130824 1000
132378 132377 742
130841 130836 673
130841 130842 2419
130851 130850 928
130851 130852 1255
130899 131152 537
131125 131124 238
131122 131112 874
131122 131121 1067
131132 131130 133
131144 131133 1683
131144 131135 2798
131145 131143 1381
131145 131146 1594
131146 131145 1594
131146 131147 1304
131260 131261 683
131266 131263 1673
131266 131265 337
131279 131269 843
131279 131281 1446
131285 131291 767
131285 131295 2790
131149 131141 2567
131149 131148 581
131149 131151 970
131257 131150 1183
131301 131295 791
131301 131305 674
131553 131305 553
131553 131555 954
131555 131553 954
131555 131557 1778
131560 121340 1102
131560 131557 279
121339 121340 558
131609 131610 1381
131609 131611 789
131616 131611 1658
131616 131617 747
131617 131613 1705
131617 131616 747
132149 131613 848
132149 132121 1735
132151 132147 1580
132151 132152 697
132160 132152 1616
132146 132118 2663
132146 132121 789
132146 132147 890
132159 132152 928
132159 132153 1631
132166 132154 1759
132183 132175 2217
132213 132214 837
132233 132214 1679
132233 132234 789
132234 132216 1612
132234 132233 789
132234 132235 837
132235 132217 1679
132235 132234 837
132239 132217 837
132239 132241 879
132239 132246 673
132246 132239 673
132246 132247 475
132248 132245 3093
132248 132247 1485
132244 132243 2035
132244 132280 874
132244 132281 1212
54144 54145 1067
54146 54145 552
53987 54145 789
53992 53993 1413
53992 53994 1121
53995 53994 1747
53995 53996 1023
54223 53996 2220
54223 54222 789
54043 54021 1438
54043 54090 1114
50640 50641 194
50640 50660 486
50640 54019 573
54106 56414 374
54106 56422 1687
54107 56422 650
54107 56435 1414
56437 56447 650
56437 56449 940
54092 54040 1212
54092 54093 1105
56450 56453 337
54035 54034 2292
54035 54040 747
54035 54085 1023
54102 54084 2221
54102 54105 337
54105 54101 475
54105 54102 337
56681 54256 505
56681 54265 721
54085 54031 2235
54085 54035 1023
54085 54084 751
54277 50689 562
54277 54278 2237
50823 50824 254
50823 50847 599
54222 54072 2235
54222 54223 789
54068 54066 1545
54068 54070 650
54068 54072 697
54077 54070 2221
54077 54076 747
54229 54076 2221
54229 54243 475
54247 54244 808
54247 54246 928
54252 54246 673
54252 54275 885
140334 140333 319
140334 150811 1427
140335 140336 854
140335 140337 1766
146967 150761 868
146967 150764 2304
146967 151980 705
150771 150761 308
150771 150772 795
150771 150790 266
150806 150790 845
150806 150807 1803
150806 150809 685
140337 140335 1766
140337 140347 837
140354 140347 2393
140354 140350 816
143548 143547 1647
143548 143558 756
143559 143394 188
143559 143558 2827
143547 143548 1647
143547 143549 614
143552 143568 420
143552 143574 855
143575 143574 751
143575 143578 2483
143575 143613 823
143613 143575 823
143613 143614 825
143832 143833 810
143832 143851 2241
143850 143852 1124
143850 143853 593
143637 146966 1083
139777 143645 770
139777 143651 2717
139777 143652 893
143630 143628 448
143630 143631 1195
143978 143980 2529
143978 143988 822
143979 143987 479
143975 143980 824
143975 143983 1101
143981 143822 894
143981 143982 790
143981 143983 749
143815 143821 1015
143822 143821 766
143822 143823 1493
143822 143981 894
143801 143807 2517
143808 143807 880
143808 143819 1117
143820 143819 873
143820 143821 820
143760 143762 1063
143804 143806 990
143804 143807 717
143805 143762 822
143805 143806 867
143805 143893 1512
143761 143762 766
143761 143838 1521
141155 141154 173
141155 141275 353
143747 141154 793
143828 141154 1487
143828 143829 851
143827 143830 791
143827 143833 2586
143829 143828 851
143829 143830 2365
143829 143836 899
142891 142903 858
142891 144004 1905
144003 144004 747
144003 144005 1233
142901 142902 771
142901 142903 2226
142895 142898 684
142895 142902 1592
142897 142898 1510
142897 142899 880
144935 142899 767
144935 144936 1535
144938 144936 737
144938 144939 918
144938 144943 1799
144927 144948 1872
144947 144948 788
144947 144949 1483
144939 144938 918
144939 144944 1762
144939 144949 693
144951 144948 827
144951 144954 839
144951 144955 1473
144952 144954 1637
144968 144998 2329
144997 144998 802
144997 145012 858
144990 144993 495
144990 144994 583
144999 144996 581
144999 145001 260
145002 145012 968
145002 145022 981
145002 145023 869
143034 143026 2840
143034 143035 802
143175 143035 2122
143037 143028 2122
143037 143035 778
143036 143028 1014
143036 143040 888
143039 143040 1318
143039 143208 828
143205 143206 1118
143223 143220 493
143223 143222 743
143223 143224 648
143225 143224 1789
143225 143233 407
143235 143233 952
143235 143236 2651
143239 143236 1084
143239 143327 2852
143355 143327 723
143355 143359 2601
143360 143359 900
143360 143375 1625
143375 143360 1625
143375 143374 867
143373 143371 876
143373 143372 1537
143373 143376 753
143389 143376 3173
143389 143392 696
143394 143392 385
143394 143559 188
144982 145016 312
144982 145017 209
145015 145017 770
145015 145019 2296
145191 145019 998
145191 145174 870
145191 145195 2369
145174 145191 870
145174 145194 2364
198793 198794 1486
198793 214461 533
212584 212585 2644
212584 212586 550
145246 145248 1934
145206 145208 290
145210 145208 388
145210 145211 1547
145249 145248 840
145249 145257 1750
145258 145259 698
145258 145262 1731
145256 145218 907
145256 145254 1582
145256 145260 858
146420 145218 1958
146420 146419 963
146420 146423 1002
146440 145262 1039
146440 146442 1049
146432 146421 1046
146432 146431 1676
146432 146434 716
146448 146431 493
146448 146452 788
146453 146452 935
146453 146456 2189
146456 146453 2189
146456 146455 1027
146456 146632 791
146618 146632 1050
146618 146635 1311
146635 146618 1311
146635 146634 1036
146635 146648 1309
146651 146648 858
146651 146654 911
146654 146651 911
146654 146653 856
146654 146691 1008
146692 146691 841
146692 146697 1499
146697 146692 1499
146697 146693 778
146697 146703 2369
146706 146703 813
146706 146712 2426
146713 146712 763
146830 146712 2323
146830 146880 750
146884 146880 2412
146884 146882 745
146888 146882 2449
146888 146887 892
146895 146887 1919
146895 146908 1001
146912 146909 775
146912 146910 543
146900 146897 2057
146900 146905 776
146900 146910 812
146910 146900 812
146910 146907 801
146910 146912 543
150159 150177 5911
212215 212246 461
213379 213321 580
153574 153575 238
153605 153606 409
153607 153606 1856
153607 153609 688
153607 153613 1023
153620 153621 564
153629 153621 279
153629 153630 581
153817 153631 1726
153567 153566 139
153567 153577 590
153557 153558 1801
153566 153558 562
153566 153567 139
153560 153559 1783
153560 153564 562
153564 153560 562
153564 153563 238
152076 152075 905
152076 152077 1635
168526 162502 337
168526 168527 951
162502 152075 1935
162502 168526 337
152080 152081 1821
152080 152082 238
152092 152078 817
152092 152090 2236
152079 152075 817
152079 152078 1500
168530 168528 683
168530 168531 581
168530 168537 927
167810 167814 2286
167810 168464 556
167814 167810 2286
167814 168469 688
178616 178619 3286
178616 178620 1867
178624 178625 662
178624 178658 2555
178656 178657 1602
178656 185558 1139
178851 178850 931
178851 185747 4720
178848 178849 333
178848 178850 537
180076 180073 673
180076 180078 2578
180075 178825 2004
180075 180074 1906
178825 178823 504
178825 180075 2004
179773 179769 915
179835 179834 2173
179835 179840 796
179835 179859 1223
179859 179835 1223
179859 179854 796
177714 178473 289
177714 179866 94
179933 179904 298
179933 179932 237
179954 179931 374
179954 179941 526
153260 153259 556
153864 153259 850
153864 153865 683
153864 153866 562
152884 152883 452
152884 153261 2118
152884 153271 906
153866 153257 677
153866 153864 562
153852 153853 1343
153852 153874 238
153867 153868 418
153632 153628 1812
153632 153631 848
153632 153634 610
153634 153632 610
153634 153633 1856
153634 153828 475
153828 153634 475
153828 153829 344
153840 153832 790
153840 153845 1813
153845 153840 1813
153845 153846 1074
153853 153852 1343
153853 153854 222
153855 153856 606
152881 152882 672
152881 172266 1017
153276 153275 253
153276 153285 1786
153283 153263 2248
153283 153284 683
153283 153285 842
153284 152882 2202
153284 153283 683
153275 153276 253
153275 153287 355
153281 153282 333
153281 153348 2193
153321 153336 1017
153321 153338 452
153282 153281 333
153282 153291 667
155959 155939 612
156166 156167 672
156204 156203 238
156204 156719 2215
156579 156578 1565
156727 156728 766
156718 156719 222
156718 156724 3386
153336 153321 1017
153336 153337 1394
153300 153291 2299
153300 153299 672
153300 153348 782
153358 153299 909
153359 153361 1114
153359 153452 2113
153359 154672 842
153452 153359 2113
153452 153468 1719
153452 154666 600
154661 154662 1786
154661 154665 958
154671 154670 1055
153400 153399 871
155877 155878 747
157001 157002 1664
157001 157016 355
157018 157016 1742
157018 157021 1065
157018 157027 475
154866 154856 1104
154866 157042 1200
157024 157025 621
157024 157031 1484
153396 153395 4125
154839 154841 1055
154859 154860 2466
155961 155953 2115
155961 155963 558
155963 155961 558
155963 155962 1620
157078 157072 713
157081 157080 2611
157081 157106 1009
157081 157114 1034
157002 157001 1664
157002 157008 1009
157006 157008 953
157006 172785 1100
157011 157010 828
157011 157074 871
157011 157088 1719
155927 155953 610
177703 177704 1048
177703 180009 257
172926 172928 1225
172926 172929 1176
172926 172947 4919
172919 172920 672
185286 180014 1015
185286 185287 1741
172922 172914 1114
172922 172921 2336
172922 172928 3033
180015 185285 452
178111 178113 6806
178115 178089 2688
178531 178530 782
178531 178532 1809
178555 178519 1155
178555 178558 695
178556 178557 796
178556 178566 840
173280 173279 877
173280 173283 1935
173282 173275 2577
173282 178593 336
178574 178572 418
172967 172966 1033
172967 178062 1466
178063 178062 1014
178018 178017 1384
178032 178017 2909
177985 177963 8232
177985 177986 2751
177988 177989 1433
177988 178028 556
178000 177998 9093
178000 178001 3949
178083 178081 2607
178083 178156 1225
178149 178150 983
178149 185531 562
178158 178140 796
178158 178157 1265
178157 178138 778
178157 178152 1684
178157 178158 1265
178159 178152 1375
178159 178155 435
173287 173286 1576
173287 173345 951
173307 173306 1553
173307 173308 870
173339 173340 969
174772 173340 960
174772 173341 644
173497 173502 1225
173459 173449 1055
173459 173495 788
173460 173448 3335
173460 173450 827
176746 176744 2219
176746 185682 2172
185501 185499 1223
185501 185782 3799
173475 173476 847
174933 173478 1558
174933 174931 475
174931 173508 1768
174931 174933 475
176708 176709 581
177601 177600 889
177601 177607 1221
177401 177400 1234
177605 177604 667
177609 177640 253
177596 177598 1483
177637 177598 1398
160158 160152 445
160158 160163 747
160153 160152 677
160153 160169 796
160162 160161 445
160162 160170 849
160154 160152 511
160208 160206 523
160208 172791 868
160244 160243 2643
160244 160248 1940
156520 156521 1211
156520 160277 556
160270 160269 782
160270 160271 2452
160248 160244 1940
160248 160256 589
160269 160268 672
160269 160270 782
156525 156526 630
160281 160282 517
160281 160289 1225
160334 160335 926
160283 160282 1959
160288 160285 3192
160288 160291 3116
160164 160163 933
160200 160175 373
156576 156577 766
156576 156781 2111
160377 160363 1307
160377 160378 893
160364 160363 562
160364 160365 337
160353 160354 445
160356 160357 1264
160356 160387 1576
160356 160411 683
160386 160428 1161
160425 160422 581
160425 160426 782
160422 160420 1516
160422 160425 581
160286 160285 672
160289 160281 1225
160289 160339 435
160576 160577 3118
160576 160584 713
160585 160579 2340
160585 160586 674
160414 160415 782
160414 160578 709
160577 160576 3118
160577 160578 1919
156899 156900 3019
156899 160382 2227
160376 160375 713
160376 160383 1140
160376 160388 2805
156897 156902 2623
156901 156900 667
156901 156902 683
156867 156902 1494
156781 156576 2111
156781 156748 810
156646 156645 1014
156722 156645 1520
156722 156723 2277
156722 156784 1000
156729 156728 752
156903 156900 893
156903 160391 1854
156963 156961 1000
156963 160392 1268
156961 156963 1000
156961 160460 850
160462 160464 688
160473 160469 790
160473 160475 2496
160476 160475 344
160476 160491 953
160487 160486 1004
160487 160500 951
156683 156684 2982
156683 160671 2562
160511 160512 1635
160670 160545 404
160670 160671 1234
160507 160506 600
160497 160500 581
160497 160548 1883
160503 160504 674
160503 160556 1701
160552 160551 374
160552 160553 1357
160552 160572 3610
156644 156645 556
156784 156722 1000
156784 156785 1950
156811 156787 713
156811 156809 1045
156812 156809 148
156800 156764 1101
156800 156802 1267
156800 156817 1558
156818 156817 766
156822 156823 710
156931 156930 1889
158135 156805 1449
158135 158089 1121
156979 156978 751
158332 156978 2215
158332 158333 1966
156928 156929 3003
156928 158324 1161
156974 156977 474
156670 160825 839
158352 158354 355
158352 158467 893
158469 158470 1658
160690 160689 688
160690 160718 452
160690 160730 2670
177326 177328 846
177326 177421 1248
177375 177376 926
177375 177417 893
177421 177326 1248
177421 177417 673
177421 177422 667
177414 177406 2459
177414 177520 1855
177419 177418 1539
177394 177602 796
177613 177612 1114
177613 177620 273
177402 177411 683
177615 177614 673
177615 177628 211
177399 177400 849
177399 177602 933
176697 176696 557
176697 176698 673
172170 166013 859
172170 172462 633
172460 165982 747
172460 172461 537
165659 165784 874
165861 165784 613
165646 165776 476
165662 165776 789
167793 167794 2291
167816 167794 767
167732 167730 683
167732 167733 1447
167773 167774 889
167722 167724 1101
167722 167737 253
167724 167722 1101
167724 167731 915
167748 167747 767
167748 167749 767
172186 172187 253
172186 172188 782
167822 167819 877
167822 167828 632
168433 168498 552
165407 165422 27
167708 167707 630
167934 167932 759
167934 167933 634
167938 167939 683
167938 167954 1375
167953 167952 713
167953 167954 850
167874 167875 767
167874 167880 1000
167932 167880 767
167932 167906 778
167932 167934 759
167854 167856 893
167854 167877 674
167875 167874 767
167875 167877 778
165982 165983 678
165982 172460 747
166015 166013 1087
166015 172458 673
166016 167843 558
165774 165775 355
165693 165694 631
161535 161537 3267
161535 161595 1310
161423 161422 1399
161423 164622 193
164638 164639 1426
164638 164687 710
164688 164687 818
164688 164689 759
169065 169059 2205
169065 169060 276
169068 169067 447
169068 172794 274
164890 164891 337
164890 169306 279
169308 169309 796
164616 164617 276
164672 164673 1433
164672 164683 610
164683 164672 610
164683 164682 1340
161434 161435 1324
161434 161436 600
165723 165722 418
165723 165780 906
165778 165777 355
165778 165782 1381
165787 165788 713
165796 165795 452
165712 165711 791
165712 165763 1664
165752 165754 838
165749 165750 4010
165749 165762 793
165750 165749 4010
165750 165755 1169
165750 165758 811
165735 165734 890
165735 165739 874
165735 165743 735
165738 165734 1699
165738 165754 890
165740 165739 948
165740 165742 1367
164974 169697 813
169380 169381 759
169380 169400 889
169382 169375 752
169367 169368 791
169367 169375 2036
169365 169310 927
169365 169368 674
169365 169369 2454
118849 118850 1031
118849 119055 602
119049 119044 1530
119049 119050 452
119046 119047 803
119046 119074 6746
119053 119050 1454
119053 119051 748
119112 119114 1731
119112 119115 678
119116 119115 796
119116 119465 74
119184 119183 561
119184 119185 3046
119183 119180 756
119183 119184 561
119183 119324 3059
119248 119250 1558
119167 119166 15050
119169 119170 3081
119169 119249 1712
119249 119169 1712
119249 119252 887
119206 119205 1404
119329 119331 503
119329 119339 1130
119201 119202 2855
118809 118810 1498
118809 119428 807
119429 118908 3236
118986 118983 712
118986 118985 1379
118985 118984 782
118985 118986 1379
118989 118973 705
118989 118988 1481
118996 118988 3166
118996 118995 353
118995 118994 687
118995 118996 353
118998 118994 1731
118998 118997 1084
118998 119074 1454
94660 102175 539
94364 94365 2226
103256 103255 2020
94835 94834 10058
94835 102079 2471
94355 94356 1565
94355 94357 847
94362 94665 1483
94518 92376 2632
94522 92375 1760
94522 92376 2244
92381 92384 356
92370 92369 925
92360 92362 755
94484 94641 627
94484 94650 3885
99738 99737 1172
100412 99737 377
100412 102707 5114
92274 92273 1721
92274 92276 970
93161 93158 1344
93161 93162 905
93161 93169 1340
93162 93161 905
93162 93163 1124
93162 93170 1547
93171 93163 2041
93834 93804 1259
93834 93836 778
93834 93842 1347
93843 93842 452
93843 93844 333
93843 93845 1098
93864 93845 3183
93864 93857 1447
93864 93865 796
94089 93848 681
94089 94092 1860
94134 94110 2113
94134 94132 1279
94134 94135 950
94140 94135 3019
94137 94136 550
94138 94121 201
94138 94125 275
94138 94136 1066
94119 94105 2358
94119 94123 847
94119 94126 1935
94125 94123 1935
94125 94126 847
94125 94138 275
101781 94144 120
94149 94148 950
94154 94148 893
94154 94155 1055
94154 94157 788
108422 108417 1256
108422 108423 667
108422 108424 1651
108190 108189 1460
105916 105910 1007
105916 105912 1622
105916 108204 3221
105901 105818 282
105901 105902 462
105901 105912 1683
108111 108105 737
108111 108110 2229
108111 108112 924
108288 108237 2138
108020 108019 252
108020 108235 688
108302 108019 562
108302 108235 111
108302 108301 681
108290 105910 938
108290 108233 4151
108290 108291 1306
108460 108459 1097
108460 108461 2320
108460 108464 764
108463 108461 1007
108463 108462 3222
108463 108464 2882
108463 113760 2018
108070 108069 877
108070 108071 1425
108452 108450 1466
108452 108451 1934
108452 108451 1934
108466 108428 1530
108466 108454 1850
108466 108462 279
108461 108458 3160
108461 108460 2320
108461 108463 1007
108462 108458 938
108462 108463 3222
108462 108466 279
108291 108290 1306
108291 108292 588
108291 108465 1014
108291 108469 3037
108480 108469 473
106116 106117 2314
106116 106123 1323
106118 106117 610
106118 106119 1696
106118 108560 1530
108558 106117 707
108558 108555 2407
108558 108559 1425
108558 108574 788
108572 108554 1031
108572 108573 1611
108572 108586 1809
108587 108554 840
108587 108588 1014
108587 108595 4335
108588 108587 1014
108588 108589 930
108588 108597 3338
108589 108588 930
108589 108590 1599
108589 108593 2568
108576 108577 2111
108576 108594 1796
108576 108634 1361
108603 108604 920
108603 108631 1202
108603 108635 497
109283 109282 1000
109283 109290 2873
109291 109290 1794
109295 108638 2920
109295 108655 1072
109295 109296 1181
109287 109286 950
109287 109288 839
109287 109294 3148
109296 109288 1919
109296 109295 1181
109296 109297 598
108634 108576 1361
108634 108633 2042
108634 108635 837
108634 108639 2347
108655 108633 809
108655 108652 556
108655 109295 1072
93587 93584 3729
93587 93588 4379
93587 93589 1361
102292 93612 281
102292 102293 1852
102379 93612 1177
102289 93699 5448
102289 93736 2620
102289 102290 306
93730 93728 1031
93730 93807 684
93808 93728 1431
93808 93806 1741
93808 93809 1796
93808 93810 1361
93725 93723 1031
93725 93729 1694
93725 93731 1014
93733 93729 1948
93733 93731 2049
93733 93815 940
93819 93794 562
93819 93810 982
93819 93820 1576
93819 93822 930
93807 93730 684
93807 93806 729
93807 101777 118
93801 93800 893
93801 93803 1175
93801 93821 580
93802 93800 1264
93802 93803 1000
93802 93804 1427
103144 103143 934
94531 94530 1994
92623 92624 717
92623 92625 810
92623 92626 2092
92634 92626 924
92634 92628 839
92634 92636 418
92631 92630 854
92631 92674 1405
92631 92676 809
92632 92624 2713
92632 92626 556
92632 92630 2134
92676 92631 809
92676 92675 889
92676 92678 1204
92680 92678 1281
92680 92684 884
92683 92677 788
92683 92678 557
92683 92684 1150
92641 92395 3854
92641 92640 1220
92645 92640 1848
92645 92643 1111
92645 92646 1178
92658 92657 871
92660 92657 278
93244 92659 2676
93244 93245 2439
93244 93246 926
103113 103112 2879
103114 103112 2082
191171 191172 589
191171 191177 1226
191171 191313 391
191171 194285 1526
193910 191177 572
193910 194282 910
191179 191178 1194
191179 194282 216
191179 194284 852
191990 191921 871
191990 191991 2143
191990 191992 1542
192106 191921 1588
190951 190952 897
190957 190952 841
193914 193913 1172
192002 191499 1840
192002 192039 5458
194009 192039 3689
194084 191307 704
194084 194085 318
194165 191307 789
194165 194166 822
194198 191308 1730
194198 191338 1191
194198 194200 729
191987 191988 1739
191987 191989 1491
191987 191991 275
194194 191988 1068
194207 191977 1456
194207 192600 1452
194207 194208 1008
194209 192600 3525
191687 191685 751
191687 192126 181
191695 191685 348
191695 191694 362
192127 191685 358
192127 191908 497
191638 191637 1943
191638 192089 938
194075 191637 357
194075 194076 406
194075 194077 287
191331 191174 776
191331 191332 217
191331 193937 458
191331 194302 354
194302 191181 822
194302 191331 354
194302 193937 541
191183 191184 1732
191183 191197 6716
191183 191199 5869
191195 191196 7966
191195 191197 1220
191195 192625 1342
191198 191062 5367
191198 191197 2283
194285 191171 1526
194285 191315 836
192625 191195 1342
192625 192610 8910
192625 192627 3147
192644 192642 610
192644 192647 874
192648 192645 2896
192648 192647 626
192649 192647 5075
192649 194260 3149
192649 194261 2105
194259 194070 112
190943 190942 209
190943 192674 425
190943 192676 156
119370 119369 989
119371 119369 77
114817 114143 155
114363 114340 807
109331 109321 2035
109331 109330 778
109331 109332 930
109334 109321 2672
109334 109330 923
109334 109344 764
109320 109321 836
109320 109322 518
109320 109344 3250
109309 109310 2002
109309 109313 1097
109309 109325 556
109326 109325 2228
108650 108642 982
108650 108649 1830
108650 109316 562
109315 108642 1565
109315 108649 1900
109315 109345 1124
109339 109305 1014
109339 109311 1111
109339 109338 1114
109345 108648 2042
109345 109315 1124
109345 109338 1114
108661 108662 634
108661 108663 847
108661 108664 1259
108661 108665 3183
109557 108665 939
109557 109558 607
109557 109580 1447
109575 108665 1532
109575 109576 540
109575 109581 938
113793 109539 612
113793 116317 1609
113793 116318 731
116318 113793 731
116318 116317 1084
109311 109304 1007
109311 109310 1004
109311 109339 1111
113803 109352 197
113803 109355 367
113803 113804 432
109597 109598 1259
109597 109599 2435
109597 109610 556
109600 109599 1741
109600 109601 905
109600 109602 676
113661 109610 764
113805 113804 1679
113805 113806 445
113805 113807 847
108850 108849 2224
108850 108866 3653
108850 109635 3364
113811 109635 1457
109720 106210 256
109720 109721 855
109720 109722 1245
109720 109722 1245
109724 109723 143
106210 106196 1606
106210 106209 536
106210 109720 256
106210 109744 347
109745 109744 1002
106207 106203 2667
106207 106208 2441
106207 109754 809
106209 106208 649
106209 106210 536
109753 106203 809
109753 109754 2667
109753 109755 750
109753 110037 2667
109760 109754 473
109746 109747 737
109746 109752 2642
109746 110021 672
109746 110030 1377
110028 110021 2585
110028 110029 673
110028 110036 872
109762 109763 6723
109762 109764 737
109762 110402 1558
109764 109762 737
109764 109765 5834
109764 109768 938
109756 109755 737
109756 109757 673
109756 110049 2667
110035 109757 2667
110035 110036 536
110035 110049 672
110158 110157 889
110207 110118 889
110207 110157 809
110207 110208 1028
110107 110016 809
110107 110108 1811
110107 110109 809
110107 110116 2612
110110 110109 1950
110019 110016 2612
110019 110018 809
110019 110116 809
110019 110120 2667
110121 110116 2751
110121 110120 737
110121 110165 473
110121 110205 279
110165 110121 473
110165 110208 403
110214 110208 2612
110214 110213 872
110214 110226 872
110214 110228 2890
110229 110226 2837
110229 110228 809
110229 110232 737
113827 113826 1276
113827 113828 597
113827 113829 198
113832 113826 395
113832 113833 418
113832 113834 537
110777 110775 238
110777 110778 826
110777 110783 1445
110794 110791 629
110794 110795 2376
110794 110807 2376
110794 110839 551
110783 110777 1445
110783 110784 1205
110783 110796 826
110842 110841 308
110842 110848 2119
110039 110038 557
110039 110040 2698
110039 110221 403
110622 110623 238
110622 110627 516
110622 110730 1671
110729 110627 1730
110729 110730 629
110736 110730 551
110736 110735 516
110736 110737 1932
110735 110734 1950
110735 110736 516
110735 110739 403
110752 110741 681
110752 110753 536
110752 110756 3223
110754 110753 3064
110754 110755 1279
110764 110753 604
110764 110763 2882
110764 110779 2368
110764 110781 737
110739 110735 403
110739 110740 2004
110739 110742 629
110743 110740 708
110743 110742 1966
110748 110742 198
103844 103845 475
103844 103854 806
103856 103847 243
103856 103854 367
103856 116321 485
103842 103835 551
103842 103843 599
103842 103845 473
112820 112819 947
112824 112823 1533
112824 112825 516
112824 112865 904
112863 112823 848
112863 112842 738
112863 112843 810
113841 112825 344
103851 103836 1268
103851 103849 713
103851 103914 1274
103915 103914 1208
113689 103914 2557
103898 103897 2585
103898 103899 747
103898 103918 947
103919 103897 968
103919 103920 1748
103919 103921 272
112493 112492 1009
112493 112844 452
106181 106182 329
106181 110853 924
110904 110903 877
110904 110907 713
110893 110894 3261
110893 110902 436
110893 110903 4987
110893 110917 392
110788 110771 2112
110788 110787 2311
110788 110798 1120
110805 110787 788
110805 110798 2355
110805 110806 1114
103936 103935 1066
103936 103937 1306
103936 104016 809
104022 103937 836
104022 104016 1167
104022 113692 1102
103874 103875 557
103874 103876 373
103874 103926 2087
103928 103882 1701
103928 103926 2713
103928 103930 475
103929 103926 1160
103929 103930 2142
103929 103931 2068
103891 103885 1902
103891 103890 202
103891 103940 983
103886 103885 884
103886 103887 1120
103941 103887 927
103941 103942 476
103941 104713 2477
39052 39040 629
39052 39053 475
39054 39053 2068
39056 39053 2718
39056 39057 1015
39056 39072 1393
39084 39057 905
39084 39072 2045
39084 39085 1004
39086 39061 1004
39086 39087 893
39086 39120 1280
39120 39062 782
39120 39086 1280
39120 39121 1111
36902 36899 1755
36902 39092 599
39080 39081 1731
39080 39082 1124
39080 39096 672
39083 39077 931
39083 39082 2279
39083 39089 1632
39088 39073 2699
39088 39085 373
39088 39089 1293
37195 37190 1345
37195 39237 1258
37195 39238 581
39235 37194 252
39235 39236 1124
39235 39237 1009
39241 39238 476
39241 39242 939
39241 39244 688
39240 39239 2633
39240 39250 747
39240 39272 847
37145 37142 848
37145 37173 610
37145 37174 452
37145 37175 1224
37176 37173 1198
37176 37177 1780
37176 37179 708
37182 37171 1234
37182 37178 517
37182 37179 2126
37182 37183 841
37191 37190 1345
37191 37192 1739
39239 37192 238
39239 39238 697
39239 39240 2633
39271 37198 751
39271 37198 751
39271 39272 1079
39276 38789 279
37094 37092 1224
37050 37051 1022
37050 37052 848
37050 37054 1974
37053 37048 476
37053 37052 1560
37053 37054 738
37048 37045 1281
37048 37053 476
37048 37059 688
37060 37059 1637
37060 37108 2947
38152 38151 418
38152 38174 2091
38177 38174 1120
38177 38180 452
37022 37020 336
37022 37021 1206
37022 37025 1074
37028 37017 418
37028 37025 837
37033 37030 276
37033 37049 738
37051 37049 557
37051 37050 1022
37068 37069 806
37071 37069 605
37023 36989 2927
37023 37021 474
37023 37024 1146
37064 36989 1073
37064 37000 557
37064 37065 557
37000 36990 1577
37000 37064 557
37000 37067 2253
37077 37067 1438
38185 38182 789
38185 38184 557
38185 38186 474
36990 36987 1353
36990 36998 1120
36990 37000 1577
36990 37002 2854
36996 36993 983
36996 36998 1457
36996 37001 2286
37001 36996 2286
37001 36997 712
37001 37150 599
37149 37147 476
37149 37154 1182
36995 36994 1963
36995 37147 1111
36995 37148 932
37144 37128 682
37144 37143 796
37144 37155 1031
37146 37126 2893
37146 37155 951
38202 38198 1577
38202 38201 2483
38202 38207 168
38368 38213 1258
38368 38221 1116
38368 38376 238
38376 38368 238
38376 38377 1022
38384 38374 984
38384 38378 418
38384 38386 1907
38400 38386 1225
38400 38398 672
38402 38401 1221
38402 38403 1533
38402 38405 932
38403 38402 1533
38403 38478 1888
38403 38484 697
38481 38479 558
38481 38482 435
38481 38483 1085
38481 38484 1387
38483 38481 1085
38483 38486 418
38483 38487 1094
38489 38487 537
38489 38488 537
38486 38483 418
38486 38488 333
38502 38488 558
38502 38491 474
38495 38496 2057
38495 38504 2614
38340 38338 354
38340 38510 951
38340 38514 905
38340 38515 1693
38522 38510 1757
38522 38515 222
38522 38525 373
38513 38512 932
38513 38530 1293
38513 38531 765
38513 38532 1695
38530 38513 1293
38530 38526 337
38530 38537 1178
38526 38511 951
38526 38527 421
38526 38528 778
38526 38530 337
38821 38540 1344
38821 38825 1293
38821 38865 2693
38826 38825 2685
38826 38830 927
38826 38869 2149
38826 38870 827
38871 38869 697
38871 38870 1745
38871 38873 418
38873 38871 418
38873 38872 373
38873 38874 1578
38875 38869 1852
38875 38874 848
38875 38876 951
38876 38840 2164
38876 38875 951
38876 38887 870
38876 38891 848
38906 38887 1798
38906 38895 905
38906 38899 2408
38906 38907 709
38907 38901 2511
38907 38906 709
38907 38908 1768
38907 38910 1034
36004 38901 828
36004 38910 2714
36217 36216 125
36217 38910 403
38569 38568 325
38569 38916 1396
38915 38916 84
38982 38984 1074
38986 38984 1221
38993 38994 276
38938 38939 1248
38944 38939 878
38944 38940 2241
38568 38569 325
38568 38918 695
38913 38918 318
38943 38940 3255
38943 38946 751
38954 38946 2377
38954 38957 766
49206 38957 284
38940 38942 807
38940 38943 3255
38940 38944 2241
38958 38953 344
38958 38959 355
38802 38808 2794
38953 38958 344
38953 38960 276
41534 41549 373
41534 41550 403
41542 41547 2376
41542 41554 828
41545 41547 168
41549 41534 373
41549 41547 2139
48814 47532 1314
47583 47596 1483
47587 47596 1725
47587 47597 766
47597 47587 766
47597 47596 1483
47597 47598 790
47600 47598 1827
47600 47606 790
47605 47606 1398
47631 47632 953
47631 47633 1612
47627 47633 752
47627 47636 1375
47619 47639 1552
47619 47641 1800
47636 47627 1375
47636 47641 713
47640 47639 951
47640 47643 1432
47902 48050 789
47902 48052 1055
47906 47907 1979
47906 48052 953
47899 47903 871
47899 47904 2192
47903 47899 871
47903 47907 790
47903 47908 2216
47853 47857 333
47860 47358 1815
47860 47861 952
47858 47864 879
47858 47864 879
47882 47883 1004
47900 47913 320
47870 47869 1117
47870 47871 820
47444 47445 755
47446 47442 1641
47446 47445 685
47446 47941 738
47936 47445 519
47357 47358 880
50305 47358 495
47352 47938 1509
47442 47446 1641
47442 47447 807
47448 47447 928
47448 47454 697
47454 47448 697
47454 47451 837
47454 47455 879
47451 47452 1685
47451 47454 837
47453 47452 697
47453 47457 873
47433 47431 837
47433 47473 1816
46230 46231 214
46230 130518 1181
130519 130518 355
47400 47397 778
47400 130516 1837
130511 130514 1346
130511 130516 1009
130514 130511 1346
130514 130515 789
130514 130521 1343
47395 47397 476
47398 47397 1903
47398 47399 738
47390 47391 2756
47426 47391 837
47426 47431 1411
130505 130508 1276
130515 130508 976
130515 130514 789
130515 130522 2284
130602 130508 885
130700 130699 965
130703 130699 1534
130703 130707 807
130707 130703 807
130707 130705 1422
130707 130710 738
130037 130538 518
130536 130538 1000
130539 130538 511
130539 130547 4214
130547 130539 4214
130547 130549 1264
130586 130549 976
130587 130549 1484
130546 130590 885
130591 130590 940
130606 130609 2014
130708 130609 751
130732 130736 752
130737 130736 1957
130737 130739 673
130753 130756 1211
130753 130757 1154
130757 130753 1154
