1104
213626 213627 1092
213626 213631 1558
213633 213639 1898
213600 213594 1456
213600 213602 897
213536 213507 212
213536 213537 1181
213568 213535 1112
213568 213571 755
213568 213577 605
213571 213568 755
213571 213581 556
213594 213585 1064
213594 213600 1456
213647 213355 1149
213647 213642 1155
213647 213659 911
213376 213377 2188
213376 213381 560
213378 213377 771
213349 213354 1302
213349 213640 553
213681 213675 675
213681 213685 1717
213681 214584 1080
213651 213650 1338
213651 213653 286
213652 213650 684
213652 213655 557
213654 213653 1098
213654 213657 856
213654 213676 1701
213663 213661 524
213367 213366 704
213367 213381 938
213665 213659 110
213665 213661 1408
213665 213667 563
162242 162231 1004
169660 162233 1686
169660 169658 601
169660 169661 445
170714 170715 928
170714 170780 739
170711 170721 851
170715 170714 928
170715 172592 678
170788 170721 713
170788 170778 601
170653 170628 688
170653 170658 553
170644 170645 713
170644 172587 791
170581 170582 791
170581 170610 951
170581 170612 631
170698 170718 279
170719 170720 518
170719 170722 713
170701 170702 1285
170727 170718 475
170727 170725 418
170817 170827 788
170811 170663 4704
94855 94856 1231
94855 94857 1602
94879 94876 1695
94879 94880 473
94890 94883 2138
94892 94936 3674
94898 94937 2182
94898 101905 475
94894 94881 4881
94933 94931 1825
94933 102178 672
102890 102891 306
95546 95545 2062
95543 95571 1375
95543 95572 3169
95572 95543 3169
95572 95573 1457
94709 94710 1528
94709 94715 2690
94976 94712 386
94976 102996 559
101802 101803 295
95034 95033 418
95049 95039 1167
95049 95047 418
95049 95048 442
95049 95050 2113
95105 95101 1558
95105 95106 1114
95110 95107 1336
95110 95113 1304
95183 95114 4178
95183 95187 1557
95197 95202 336
95197 95204 1336
95228 95230 334
95228 95231 562
95231 95224 2173
95231 95228 562
95233 95234 3720
95518 95530 2203
95518 95531 1901
95519 95516 507
95519 103121 855
95500 95501 403
95500 95502 3038
95504 95530 2832
95509 95510 1188
95509 95511 1553
95508 95507 197
94931 94932 1452
94931 94933 1825
41931 41930 4598
41931 49808 4780
41931 49811 806
50030 50031 279
50030 50040 938
50027 50026 750
50027 50035 872
50028 50025 551
50028 50029 947
102746 102738 1176
102746 102761 1688
97740 97741 1600
97740 97743 648
97490 97489 1500
97784 97785 290
93380 102226 508
93380 102227 1817
93381 93385 1611
93381 93386 1541
98797 93373 609
98797 98798 1270
93387 93383 2191
93387 93388 1600
102696 102697 1149
102696 102698 1869
93396 93388 562
93396 93397 604
93404 93354 2641
93404 93405 4584
93404 102692 4294
94626 94627 1640
94626 94628 2210
93420 93427 869
93420 93428 859
95427 95462 757
95427 102701 822
93425 93495 1928
93425 93497 443
93492 93494 1950
93499 93497 2574
93499 93498 975
49807 49806 3001
94086 101668 1032
94086 102034 1062
94700 94699 617
98551 94692 1017
98551 102009 1003
98589 98588 1362
93349 93350 9242
93349 93351 1596
93372 93373 1573
98155 98151 336
98155 98242 672
98155 98243 2557
98173 98127 2064
98198 98197 354
98198 98199 950
98202 98199 904
98202 98207 1493
98202 98217 938
98216 98217 1055
98216 98218 826
98221 98218 1630
98221 98283 1179
98283 98221 1179
98283 98284 983
98283 98285 950
98564 98563 475
98564 98566 806
98564 98567 975
98571 98573 1775
98571 98574 872
98572 98577 1680
98572 98578 1114
191111 191403 311
191111 191404 1054
191278 191279 2716
191278 191404 947
191075 191225 266
191212 191211 565
191212 191473 1506
191376 191080 289
191376 191476 790
50046 50016 4099
50053 50051 604
50086 50087 889
50086 50118 504
50120 50121 1577
50120 50122 1225
50120 50127 511
50101 50100 4307
50101 50102 2902
50105 50106 1810
50105 50107 872
109030 109031 473
109030 109035 1209
109030 109038 557
109037 109038 872
109090 109091 516
42133 42128 1526
42133 42130 2832
42133 42132 2688
42189 42134 847
42189 42190 1226
42111 42118 319
42111 42157 896
42131 42130 884
42131 42152 2011
42177 42156 2560
42177 42178 1420
35541 35528 255
35542 35546 3679
109190 109091 676
109190 109191 793
109191 50176 189
109191 109190 793
43946 43944 1152
43946 43945 1636
44138 44136 677
44138 44141 2104
44142 44299 2160
44142 44528 1810
44129 43945 827
40300 40301 1964
40300 40481 484
40300 40514 1847
44106 44102 1692
44106 44103 713
44112 44103 1777
44112 44111 1085
44109 44107 1143
44109 44114 983
44273 43950 1152
44273 44274 476
44290 44288 688
44289 44288 789
44289 44304 796
44308 44307 279
44308 44309 1854
44324 44314 511
44324 44316 1953
44324 44325 610
44557 44337 2880
44561 44364 789
44561 44560 2956
44359 44356 709
44359 44357 2951
44358 44357 1227
44358 44418 2666
44358 44424 1211
44424 44358 1211
44424 44443 1140
44445 44443 1852
44445 44447 1085
44460 44456 951
44640 44467 2409
44650 44468 2014
44650 44653 1631
44658 44657 1810
44658 44659 757
44678 44659 3526
44678 44680 537
44683 44690 1014
44692 44712 505
44692 44713 589
39570 39571 61
39570 39572 525
39572 39570 525
39572 39681 59
44050 44045 1015
44050 44063 1530
44051 44048 870
44051 44065 2171
44066 44065 2251
44033 44019 1189
44033 44031 4590
44040 44039 757
44040 44047 925
44045 44046 2035
44045 44050 1015
44180 44095 959
44180 46272 505
44096 44086 2241
44096 44094 1258
44096 44095 1438
35645 35648 738
44834 44713 2171
44834 44716 2204
44711 44697 552
44711 44714 1484
44719 44710 709
44709 44702 1555
44709 44721 1886
44722 44840 984
44722 44841 952
35820 44841 751
35820 44842 1227
44839 44841 1120
35821 35906 905
35821 44721 1716
35821 44846 1029
35906 35821 905
35906 35905 403
35910 35905 279
35910 35920 373
35920 35907 747
35920 35910 373
35920 35921 709
35921 35920 709
35921 35924 650
35922 35923 242
35922 35932 713
44810 44811 1614
44810 44818 788
44857 44831 1672
35947 44814 1064
44813 44812 1027
44813 44814 927
44862 41375 952
44862 44861 1530
46077 41375 1534
46077 44861 677
35916 35912 1534
35916 44854 552
35914 44852 222
35914 44854 747
49988 49989 130
44853 44792 1144
44853 44814 1221
44853 44852 1248
45944 45943 3407
45944 45964 1864
45944 46080 2782
45945 45940 2408
46080 45944 2782
46080 46090 1153
46080 46283 1412
46282 46294 511
46307 46298 673
46307 46308 667
46309 46308 421
46309 46311 1505
46312 46311 1227
46312 46317 738
46320 46317 517
46323 46318 276
46322 46318 2091
46322 46319 752
46359 46352 828
46359 46356 2306
46356 46355 630
46356 46359 2306
126157 126156 337
126158 126155 276
127092 132363 112
127098 127099 238
127433 127393 752
127433 127434 747
127436 127434 2231
45859 45856 1717
45859 45858 672
45861 45832 1694
45861 45856 782
45868 45866 1449
45868 45867 1004
45868 45871 933
45863 45864 552
126664 126663 3351
126664 126666 476
126738 126653 1145
126738 126659 905
125402 125400 7937
126686 126685 418
126776 45819 3207
126776 126758 837
126778 45831 235
126758 126757 276
126758 126776 837
126759 126755 590
45828 45820 1153
45828 45826 1848
45832 45830 1055
45832 45861 1694
126781 45864 1117
126781 126784 537
126784 126781 537
126784 126786 1685
126692 126691 2019
126692 126695 612
126693 126685 940
126693 126740 789
126696 126695 474
126696 126723 1206
126724 126723 1275
126717 126690 873
126717 126723 612
126768 126727 558
126728 126726 1086
126728 126727 1116
126734 126726 1142
126734 126733 1168
126737 126733 1887
126994 126741 30
126994 127003 1086
127012 127010 1054
45852 45839 2492
45852 46117 976
45852 46118 1255
46122 46116 1534
46122 46117 3490
46121 46120 940
45871 45868 933
45871 46120 3140
46025 46024 1228
46025 46056 2429
46025 46058 1664
46062 46063 3663
46062 46070 779
46063 46062 3663
46063 46074 1222
46151 46058 1064
46151 46129 1901
46076 46068 953
46076 46106 905
46108 50575 469
46108 50577 602
46110 46069 1614
46110 46328 976
46328 46110 976
46328 46333 713
46332 46105 337
46332 46333 885
46335 46333 1824
46335 46337 452
46354 46325 1891
46354 46355 1560
127430 127431 2302
127421 127420 810
127421 127422 1561
127421 127459 739
127456 127439 713
127456 127457 552
127471 127479 613
127471 127564 752
127492 127477 710
127492 127493 1831
127496 127493 879
127586 127493 1396
127595 127528 1150
127569 127561 315
127569 127565 2223
127569 127571 404
127569 127578 1114
127579 127578 452
127479 127471 613
127479 127477 829
127481 127477 1798
127481 127493 791
127568 127565 476
129178 129179 1124
129179 129178 1124
129179 129180 650
129180 129179 650
129431 129432 677
129432 129431 677
129432 129433 739
70188 70092 1156
70092 70188 1156
70051 70055 675
70055 70051 675
70077 70072 1696
70294 70299 581
70299 70294 581
70303 70304 279
70304 70303 279
70413 70418 556
70418 70413 556
70466 70470 986
70470 70466 986
70483 70484 848
70484 70483 848
70072 70077 1696
129433 129432 739
219444 219441 351
219441 219444 351
219441 219449 393
219449 219441 393
218791 218789 963
218791 218800 593
218800 218791 593
222233 222152 1678
222152 222233 1678
222127 222128 438
222128 222127 438
222199 222214 515
222214 222199 515
222243 219600 697
219600 222243 697
218789 218791 963
222054 222046 885
222046 222054 885
223324 222056 1893
222056 223324 1893
150948 151093 2586
151093 150948 2586
151093 151097 2478
149027 149026 1181
149026 149027 1181
149559 149556 727
149556 149559 727
151097 151093 2478
147297 147388 2327
147388 147297 2327
147911 147912 778
147912 147911 778
147918 147920 860
147927 147929 803
147920 147918 860
147929 147927 803
205150 205163 391
205163 205150 391
212812 212814 756
212814 212812 756
198766 198765 700
198765 198766 700
171457 171458 791
171458 171457 791
152126 154193 778
154193 152126 778
154186 154255 1686
154255 154186 1686
154488 154496 1606
154492 154493 253
154496 154488 1606
154493 154492 253
159568 159575 1018
159575 159568 1018
159578 159610 2027
159610 159578 2027
159640 159644 767
159644 159640 767
159672 159753 1186
159753 159672 1186
159989 159988 279
159988 159989 279
160020 159995 2407
159995 160020 2407
158776 160022 475
160022 158776 475
160032 160034 3445
160034 160032 3445
195220 213121 2398
213121 195220 2398
213128 213130 1465
213130 213128 1465
213456 213500 1017
213500 213456 1017
213537 213536 1181
213603 213602 1142
213627 213626 1092
213631 213626 1558
213639 213633 1898
213602 213585 1752
213602 213600 897
213602 213603 1142
213507 213536 212
213535 213568 1112
213577 213568 605
213577 213581 593
213581 213571 556
213581 213577 593
213585 213594 1064
213585 213602 1752
213355 213354 755
213355 213640 1388
213355 213647 1149
213642 213647 1155
213659 213647 911
213659 213665 110
213659 213667 526
213377 213376 2188
213377 213378 771
213381 213367 938
213381 213376 560
213381 213667 533
213354 213349 1302
213354 213355 755
213640 213349 553
213640 213355 1388
213675 213681 675
213685 213681 1717
214584 213681 1080
213650 213651 1338
213650 213652 684
213653 213651 286
213653 213654 1098
213655 213652 557
213657 213654 856
213676 213654 1701
213661 213663 524
213661 213665 1408
213366 213367 704
213667 213381 533
213667 213659 526
213667 213665 563
162231 162233 518
162231 162242 1004
162233 162231 518
162233 169660 1686
169658 169660 601
169661 169660 445
170780 170714 739
170721 170711 851
170721 170722 796
170721 170788 713
172592 170715 678
170778 170788 601
170628 170653 688
170658 170653 553
170645 170644 713
172587 170644 791
170582 170581 791
170610 170581 951
170612 170581 631
170718 170698 279
170718 170727 475
170720 170719 518
170722 170719 713
170722 170721 796
170702 170701 1285
170725 170727 418
170827 170817 788
170663 170811 4704
94856 94855 1231
94857 94855 1602
94876 94879 1695
94880 94879 473
94880 94881 275
94883 94890 2138
94936 94892 3674
94937 94898 2182
94937 102178 1367
101905 94898 475
94881 94880 275
94881 94894 4881
102178 94933 672
102178 94937 1367
102891 102890 306
95545 95546 2062
95571 95543 1375
95573 95572 1457
94710 94709 1528
94715 94709 2690
94712 94976 386
102996 94976 559
101803 101802 295
95033 95034 418
95039 95049 1167
95047 95048 87
95047 95049 418
95048 95047 87
95048 95049 442
95050 95049 2113
95101 95105 1558
95106 95105 1114
95107 95110 1336
95113 95110 1304
95114 95183 4178
95187 95183 1557
95202 95197 336
95204 95197 1336
95230 95228 334
95224 95231 2173
95234 95233 3720
95530 95504 2832
95530 95518 2203
95530 95531 475
95531 95518 1901
95531 95530 475
95516 95507 612
95516 95519 507
103121 95519 855
95501 95500 403
95502 95500 3038
95510 95509 1188
95511 95509 1553
95507 95508 197
95507 95516 612
94932 94931 1452
41930 41931 4598
49808 41931 4780
49808 49806 4443
49811 41931 806
50031 50030 279
50040 50030 938
50026 50027 750
50035 50027 872
50025 50028 551
50029 50028 947
102738 102746 1176
102761 102746 1688
97741 97740 1600
97743 97740 648
97489 97490 1500
97785 97784 290
102226 93380 508
102227 93380 1817
93385 93381 1611
93386 93381 1541
93373 93372 1573
93373 98797 609
98798 98797 1270
93383 93387 2191
93388 93387 1600
93388 93396 562
102697 102696 1149
102698 102696 1869
93397 93396 604
93354 93404 2641
93405 93404 4584
102692 93404 4294
94627 94626 1640
94628 94626 2210
93427 93420 869
93428 93420 859
95462 95427 757
102701 95427 822
93495 93425 1928
93495 93494 1197
93497 93425 443
93497 93498 2347
93497 93499 2574
93494 93492 1950
93494 93495 1197
93498 93497 2347
93498 93499 975
49806 49807 3001
49806 49808 4443
101668 94086 1032
102034 94086 1062
94699 94700 617
94692 98551 1017
102009 98551 1003
98588 98577 2283
98588 98589 1362
93350 93349 9242
93351 93349 1596
98151 98155 336
98242 98155 672
98243 98155 2557
98127 98173 2064
98197 98198 354
98199 98198 950
98199 98202 904
98207 98202 1493
98217 98202 938
98217 98216 1055
98218 98216 826
98218 98221 1630
98284 98283 983
98285 98283 950
98563 98564 475
98566 98564 806
98566 98578 696
98567 98564 975
98573 98571 1775
98574 98571 872
98577 98572 1680
98577 98588 2283
98578 98566 696
98578 98572 1114
191403 191111 311
191403 191404 1118
191404 191111 1054
191404 191278 947
191404 191403 1118
191279 191278 2716
191225 191075 266
191225 191211 746
191211 191212 565
191211 191225 746
191473 191212 1506
191080 191376 289
191476 191376 790
50016 50046 4099
50051 50053 604
50087 50086 889
50118 50086 504
50121 50120 1577
50122 50120 1225
50127 50100 1426
50127 50120 511
50100 50101 4307
50100 50127 1426
50102 50101 2902
50106 50105 1810
50107 50105 872
109031 109030 473
109035 109030 1209
109038 109030 557
109038 109037 872
109091 109090 516
109091 109190 676
42128 42133 1526
42130 42131 884
42130 42133 2832
42132 42133 2688
42132 42134 1336
42134 42132 1336
42134 42189 847
42190 42189 1226
42118 42111 319
42157 42111 896
42152 42131 2011
42156 42177 2560
42178 42177 1420
35528 35541 255
35546 35542 3679
50176 109191 189
43944 43946 1152
43945 43946 1636
43945 44129 827
44136 44138 677
44141 44138 2104
44299 44142 2160
44528 44142 1810
40301 40300 1964
40481 40300 484
40481 40514 1592
40514 40300 1847
40514 40481 1592
44102 44106 1692
44103 44106 713
44103 44112 1777
44111 44112 1085
44107 44109 1143
44114 44109 983
43950 44273 1152
44274 44273 476
44288 44289 789
44288 44290 688
44304 44289 796
44304 44307 2338
44307 44304 2338
44307 44308 279
44309 44308 1854
44314 44324 511
44316 44324 1953
44325 44324 610
44337 44557 2880
44364 44561 789
44560 44561 2956
44356 44357 2949
44356 44359 709
44357 44356 2949
44357 44358 1227
44357 44359 2951
44418 44358 2666
44443 44424 1140
44443 44445 1852
44447 44445 1085
44456 44460 951
44467 44640 2409
44468 44650 2014
44468 44653 1476
44653 44468 1476
44653 44650 1631
44657 44658 1810
44659 44658 757
44659 44678 3526
44680 44678 537
44690 44683 1014
44712 44692 505
44712 44697 1450
44713 44692 589
44713 44716 738
44713 44834 2171
39571 39570 61
39681 39572 59
44063 44050 1530
44048 44047 1530
44048 44051 870
44065 44051 2171
44065 44066 2251
44019 44033 1189
44031 44033 4590
44031 44039 476
44039 44031 476
44039 44040 757
44047 44040 925
44047 44048 1530
44046 44045 2035
44095 44096 1438
44095 44180 959
46272 44180 505
44086 44096 2241
44094 44096 1258
35648 35645 738
44716 44713 738
44716 44714 558
44716 44834 2204
44697 44710 1955
44697 44711 552
44697 44712 1450
44714 44711 1484
44714 44716 558
44710 44697 1955
44710 44719 709
44702 44709 1555
44721 35821 1716
44721 44709 1886
44721 44842 1534
44840 44722 984
44841 35820 751
44841 44722 952
44841 44839 1120
44841 44842 984
44842 35820 1227
44842 44721 1534
44842 44841 984
44846 35821 1029
35905 35906 403
35905 35910 279
35907 35912 537
35907 35920 747
35924 35921 650
35923 35912 161
35923 35922 242
35932 35922 713
44811 44810 1614
44818 44810 788
44831 44857 1672
44831 44861 1275
44814 35947 1064
44814 44813 927
44814 44853 1221
44812 44813 1027
41375 44862 952
41375 46077 1534
44861 44831 1275
44861 44862 1530
44861 46077 677
35912 35907 537
35912 35916 1534
35912 35923 161
44854 35914 747
44854 35916 552
44852 35914 222
44852 44853 1248
49989 49988 130
44792 44853 1144
45943 45940 1307
45943 45944 3407
45964 45944 1864
45940 45943 1307
45940 45945 2408
46090 46080 1153
46283 46080 1412
46294 46282 511
46298 46307 673
46308 46307 667
46308 46309 421
46311 46309 1505
46311 46312 1227
46317 46312 738
46317 46320 517
46318 46322 2091
46318 46323 276
46319 46322 752
46352 46355 2348
46352 46359 828
46355 46352 2348
46355 46354 1560
46355 46356 630
126156 126157 337
126155 126158 276
132363 127092 112
127099 127098 238
127393 127433 752
127434 127433 747
127434 127436 2231
45856 45830 1883
45856 45859 1717
45856 45861 782
45858 45859 672
45858 45866 436
45866 45858 436
45866 45868 1449
45867 45868 1004
45864 45863 552
45864 126781 1117
126663 126664 3351
126666 126664 476
126653 126659 1080
126653 126738 1145
126659 126653 1080
126659 126738 905
125400 125402 7937
126685 126686 418
126685 126691 1142
126685 126693 940
45819 126776 3207
45831 45820 217
45831 126778 235
126757 126755 2042
126757 126758 276
126755 126757 2042
126755 126759 590
45820 45828 1153
45820 45831 217
45826 45828 1848
45830 45832 1055
45830 45856 1883
126786 126784 1685
126691 126685 1142
126691 126692 2019
126695 126692 612
126695 126696 474
126740 126693 789
126723 126696 1206
126723 126717 612
126723 126724 1275
126690 126717 873
126727 126728 1116
126727 126768 558
126726 126728 1086
126726 126734 1142
126733 126734 1168
126733 126737 1887
126741 126994 30
127003 126994 1086
127010 127012 1054
45839 45852 2492
46117 45852 976
46117 46122 3490
46118 45852 1255
46118 46120 752
46116 46122 1534
46120 45871 3140
46120 46118 752
46120 46121 940
46024 46025 1228
46056 46025 2429
46058 46025 1664
46058 46151 1064
46070 46062 779
46074 46063 1222
46074 50575 310
46129 46151 1901
46068 46076 953
46106 46076 905
50575 46074 310
50575 46108 469
50577 46108 602
46069 46110 1614
46333 46328 713
46333 46332 885
46333 46335 1824
46105 46325 4658
46105 46332 337
46337 46335 452
46325 46105 4658
46325 46354 1891
127431 127430 2302
127420 127421 810
127422 127421 1561
127459 127421 739
127439 127456 713
127457 127456 552
127564 127471 752
127564 127565 1248
127477 127479 829
127477 127481 1798
127477 127492 710
127493 127481 791
127493 127492 1831
127493 127496 879
127493 127586 1396
127528 127595 1150
127561 127569 315
127561 127571 313
127565 127564 1248
127565 127568 476
127565 127569 2223
127571 127561 313
127571 127569 404
127578 127569 1114
127578 127579 452
904
213626
213633
213600
213536
213568
213571
213594
213647
213376
213378
213349
213681
213651
213652
213654
213663
213367
213665
162242
169660
170714
170711
170715
170788
170653
170644
170581
170698
170719
170701
170727
170817
170811
94855
94879
94890
94892
94898
94894
94933
102890
95546
95543
95572
94709
94976
101802
95034
95049
95105
95110
95183
95197
95228
95231
95233
95518
95519
95500
95504
95509
95508
94931
41931
50030
50027
50028
102746
97740
97490
97784
93380
93381
98797
93387
102696
93396
93404
94626
93420
95427
93425
93492
93499
49807
94086
94700
98551
98589
93349
93372
98155
98173
98198
98202
98216
98221
98283
98564
98571
98572
191111
191278
191075
191212
191376
50046
50053
50086
50120
50101
50105
109030
109037
109090
42133
42189
42111
42131
42177
35541
35542
109190
109191
43946
44138
44142
44129
40300
44106
44112
44109
44273
44290
44289
44308
44324
44557
44561
44359
44358
44424
44445
44460
44640
44650
44658
44678
44683
44692
39570
39572
44050
44051
44066
44033
44040
44045
44180
44096
35645
44834
44711
44719
44709
44722
35820
44839
35821
35906
35910
35920
35921
35922
44810
44857
35947
44813
44862
46077
35916
35914
49988
44853
45944
45945
46080
46282
46307
46309
46312
46320
46323
46322
46359
46356
126157
126158
127092
127098
127433
127436
45859
45861
45868
45863
126664
126738
125402
126686
126776
126778
126758
126759
45828
45832
126781
126784
126692
126693
126696
126724
126717
126768
126728
126734
126737
126994
127012
45852
46122
46121
45871
46025
46062
46063
46151
46076
46108
46110
46328
46332
46335
46354
127430
127421
127456
127471
127492
127496
127586
127595
127569
127572
127579
127593
127479
127481
127568
127556
127560
127601
129126
129129
129131
129143
129178
129179
129185
129187
129180
129267
129366
129367
129376
129401
129381
129431
129432
121233
121224
121238
121274
121157
121163
121165
121172
121175
121276
121556
121559
121564
70100
70161
70188
70087
70092
70105
70110
70159
69095
69812
70052
70051
70055
70063
70073
70077
69781
69799
69823
70285
70289
70294
70299
70302
70303
70304
70316
70315
70542
70546
70551
70388
70391
70413
70418
70438
70465
70466
70470
70483
70484
70539
70476
70532
70536
76618
69842
69843
121419
69317
69865
77481
69884
70069
70072
70066
129433
129443
129437
127551
129446
129477
129473
129476
129483
121143
121169
121195
218197
218204
218209
218202
219571
219224
219238
219082
219084
219467
219468
219443
219444
219541
219544
219441
219453
219449
219451
219487
219492
219526
219543
224111
219471
219489
218791
218800
218823
222233
222152
218822
218834
218922
222003
222114
222118
222127
222128
222187
222197
222182
222213
222198
222199
222214
215317
215323
215335
222162
222155
222183
222243
222244
219600
224071
219611
224095
219552
219622
218789
218808
218809
218812
221955
221952
221953
222049
222054
221969
221975
221984
222019
221985
222561
222046
223155
223154
223324
222056
223232
223215
223211
223228
223166
223209
150822
150948
151093
150915
150916
150919
149027
149183
149026
149191
149201
149262
149300
149303
149321
151691
149344
149349
149329
149332
149367
149403
149559
149556
149563
149575
149574
149621
151675
149580
149622
151097
150945
151085
151124
147264
147265
151136
151141
147270
151137
147293
147297
147388
147396
147470
147512
147530
147529
147559
147562
147680
147872
147879
147882
147884
147878
147891
147890
147911
147912
147918
147927
147920
147929
147932
147967
147977
147980
147986
148983
149007
149008
205136
205138
205150
205163
205164
205173
212703
196107
212796
212812
212814
212884
212800
150226
150234
150271
150281
150293
150300
198726
198764
198766
198775
198765
205065
205071
205073
205181
205062
170770
170765
171239
171281
171308
170781
171457
171455
162395
171458
171466
171534
171535
168993
152123
152126
154193
154196
154197
162399
162405
154159
154186
154255
154263
154282
154488
154492
154496
154493
154501
154510
154516
154560
155100
159560
159569
159568
159575
159578
159610
159613
159640
159644
159672
159753
159757
159823
159935
159936
159972
159981
159989
159952
159988
160093
160018
160020
159995
160027
158776
160022
160030
160032
160034
159007
159043
160048
159019
160059
161264
160086
161283
195220
213113
213106
213121
213128
213130
213497
213456
213500
213528
213529
213537
213603
213610
195199
213617
213631
213639
213602
213507
213535
213577
213581
213585
213642
213381
213640
213675
213650
213653
213655
213657
213661
162231
162233
169658
170721
170778
170628
170645
170582
170610
170718
170720
170722
170702
170725
170663
94856
94857
94876
94883
94936
94881
95545
95571
95573
94710
94712
101803
95033
95039
95047
95048
95050
95101
95106
95107
95113
95114
95202
95204
95230
95224
95234
95531
95516
95510
95511
95507
94932
41930
49808
49811
50031
50026
50025
102738
102761
97741
97743
97785
102226
93373
93383
93388
102698
93397
93354
93405
102692
93427
93428
93495
93494
93498
101668
94699
94692
98588
93350
93351
98151
98242
98243
98127
98199
98207
98217
98218
98284
98285
98566
98574
98577
98578
191403
191279
191211
191473
191080
191476
50016
50051
50118
50121
50122
50127
50100
50102
50107
109035
109038
109091
42128
42130
42132
42134
42190
42157
42152
42156
42178
35528
35546
50176
43944
43945
44136
44299
40481
40514
44102
44103
44111
44107
43950
44288
44304
44307
44314
44316
44325
44337
44364
44560
44356
44357
44418
44443
44447
44456
44467
44468
44653
44657
44659
44680
44690
44048
44019
44031
44039
44047
44095
46272
44086
44094
35648
44697
44714
44710
44702
44846
35905
35907
35932
44818
44831
44814
44812
41375
44861
44854
44852
44792
45943
45964
45940
46090
46283
46294
46298
46308
46311
46317
46318
46319
46352
126156
126155
127393
45856
45858
45866
45867
126663
126666
126653
126659
125400
45819
126757
126755
45820
45826
45830
126691
126695
126690
126727
126726
126733
126741
127003
127010
45839
46117
46118
46116
46024
46056
46058
46070
46074
46129
46068
50575
46069
46105
46325
127431
127420
127422
127459
127439
127457
127564
127477
127528
127561
127565
127571
