1808
23384 23383 604
23384 23385 1055
23387 23378 847
23387 23385 826
23368 23364 1612
23368 23388 610
23393 23380 869
23367 23362 750
23367 23364 610
23392 23389 475
23392 23443 354
23445 23444 708
23445 23447 2272
23449 23447 708
23449 23452 3288
23455 23453 475
23455 23457 826
23464 23468 1120
23464 23472 951
12271 12273 847
23466 12273 371
23466 23467 382
12274 12273 560
12274 12275 453
7724 7468 438
7724 7475 2309
7724 28469 2595
28370 28368 3872
28482 28483 325
23513 23514 435
23550 23549 2488
23547 23545 877
23547 23554 1724
23555 23563 927
23564 23563 612
23564 23565 1334
24171 24170 474
24171 24173 1585
24251 24173 474
24251 24240 1951
24175 24169 737
24175 24170 2003
24175 24209 1393
24241 24240 605
24241 24243 1299
14382 14384 835
14382 14385 591
23565 23559 1344
23565 23564 1334
23560 23503 865
23560 23559 750
23566 23517 818
24041 23516 4226
24041 23518 884
24041 24135 1085
24138 24135 1079
24138 24139 2090
24140 24139 872
24140 24149 2507
24155 24068 751
24155 24072 2180
24157 24072 605
24157 24073 1623
24157 24159 737
24158 24159 2057
24158 24166 737
24158 24167 877
24165 24167 3155
24165 24168 872
24165 24184 2090
23518 23517 4358
23518 24041 884
24293 24260 373
24293 24287 688
24287 24286 294
24287 24293 688
24287 24296 2481
24304 24296 1357
24302 24303 98
24302 24307 403
24302 24308 713
24375 24366 1031
24375 24376 676
24373 24377 1293
24373 24382 870
24376 24375 676
24376 24377 676
24376 24378 1140
24362 24359 1055
24309 24307 738
24309 24360 476
24309 24549 610
24358 24359 403
24358 24360 1873
24966 24382 1635
24383 24382 1085
24383 24386 1530
24383 24972 939
24970 24972 1742
24970 24976 757
24971 24982 672
24981 24985 1669
24984 24986 2126
25033 24989 2002
25038 25036 276
25038 25039 2126
25055 25231 139
25184 11875 2683
25184 25186 667
25184 25211 649
25236 25234 512
25238 25237 296
25238 35294 407
188112 188149 1340
188116 188149 797
188116 188157 2690
188176 188175 793
188176 188186 2758
188187 188186 781
187611 187613 804
187611 187669 1356
187671 187669 776
188117 188118 524
188117 188120 818
188117 188126 588
188121 188120 1439
188121 188125 884
188123 188118 285
188123 188126 993
188123 188150 1340
188148 188149 826
188148 188150 903
188148 188154 2721
187608 187609 752
187608 187623 2751
187613 187611 804
187613 187621 769
187613 187668 1519
187606 187610 805
188378 188377 826
188378 188390 752
188379 188377 1992
188379 188382 953
188396 188392 461
188396 188395 330
189312 189313 386
189312 190790 351
188389 188388 853
188389 188399 818
188389 188412 1331
188397 188399 1381
188397 188400 874
188401 188400 1314
188401 188405 844
190147 187289 310
190147 190146 1669
189313 189312 386
189313 190791 559
189313 190800 2330
188206 188186 3128
188206 188221 835
188342 188341 1045
188307 188221 1534
188307 188310 827
188307 188320 1560
188318 188320 753
188318 188344 1535
135247 135246 605
135247 135249 1494
135247 135251 551
135280 135253 951
135280 135281 873
135280 135282 1224
135264 135281 1140
135283 135281 1085
135283 135282 878
135283 135285 474
135284 135285 788
135293 135295 2103
135293 135343 1560
135267 188339 1222
135269 135276 747
135269 135277 1977
135294 135277 1031
135294 135297 2158
135296 135344 1353
135248 135246 1867
135243 135244 1394
135243 135245 599
135243 135301 697
135300 135214 1715
135300 135301 1715
135300 135302 1802
135209 135210 200
135205 135212 336
135410 135426 293
135211 135210 198
135427 135413 818
135427 135426 476
135427 135428 1456
135428 135427 1456
135428 135431 713
135428 135432 1577
135434 135432 939
135434 135487 354
135490 135488 476
135490 135491 1259
135487 135434 354
135487 135484 818
135487 135489 354
135488 135489 475
135488 135490 476
135480 135511 809
135480 135513 1386
135511 135480 809
135511 135491 747
135482 135513 688
135517 135514 789
135517 135523 1955
135517 136245 2366
136241 136257 980
136258 136245 983
136258 136254 2005
136258 136259 1180
136259 136258 1180
136259 136263 581
136259 136264 1468
136264 136259 1468
136264 136265 889
136311 136265 1073
136311 136314 667
136323 136314 925
136323 136324 556
136325 136324 951
136325 136326 2839
136569 136594 870
136569 136606 2044
136592 136593 435
136592 136594 2714
136565 136553 870
136565 136566 2714
136567 136566 789
136567 136579 2153
136580 136579 789
136580 136606 765
136580 136608 1919
136593 136588 252
136593 136592 435
136593 136595 788
136588 136590 848
136588 136593 252
136588 136595 688
136590 136588 848
136590 136596 2153
136372 136326 809
136372 136371 1951
136374 136371 806
136374 136376 1640
136378 136377 202
136380 136367 1417
136380 136368 2154
135646 136678 6001
135646 136705 1274
135646 136716 1478
136366 135645 2291
136366 136364 782
136366 136368 2093
136369 139588 2624
139553 139555 299
136404 136398 788
136404 136405 1026
136406 136405 927
136406 136550 1878
136551 136552 354
136551 136553 517
136553 136551 517
136553 136554 581
136553 136565 870
136601 136604 517
136601 136621 1031
136623 136621 1066
136623 136622 599
136623 136627 1254
136623 136628 252
139592 136626 164
139592 139594 76
138588 139639 1104
138592 138595 907
138592 139639 1282
138593 138594 1466
139744 139745 368
139744 139746 501
139744 139747 637
138586 138687 1140
199332 199329 666
199332 199333 2009
199336 199333 857
199336 199343 684
199336 199353 1237
199343 199336 684
199343 199345 845
199343 199355 1389
199345 199343 845
199345 199356 1685
199351 199350 642
199351 199699 766
199351 215010 258
199675 199700 2249
199675 199702 712
199699 199351 766
199699 199700 813
199699 215011 400
199678 199702 991
199712 199713 3534
199712 214970 1677
199712 214974 2119
199709 199764 993
199709 199767 260
199731 199732 579
199731 199736 906
199735 199732 933
199735 199743 779
199735 199764 1175
199740 199736 845
199740 199742 1847
199744 199742 778
199744 199757 1170
199759 199757 779
199759 199786 769
199759 199787 1782
199836 199753 915
199836 199838 1926
199836 199840 1017
199844 199787 793
199840 199836 1017
199840 199839 1938
199846 199839 1256
199846 199853 1418
199846 199858 1956
199843 199854 419
199819 199818 1006
199819 215028 476
199753 199836 915
199753 199837 1765
199835 199837 1034
199835 199847 1926
199817 199815 1550
199817 199820 575
199847 199822 1301
199847 199835 1926
199847 199848 1058
199815 199817 1550
199815 199818 774
135538 135539 425
139242 139240 445
139242 139251 505
139377 139378 418
139384 139347 139
139380 139378 629
139380 139381 418
139380 139385 878
139240 139241 551
139240 139242 445
139258 139251 111
139205 139204 243
200458 200459 297
139497 139498 238
139497 139502 1931
225243 225241 1569
225255 225252 1278
225255 225824 683
225250 225464 201
225203 225201 2178
225203 235439 2705
225209 225207 1719
225209 225210 1426
225225 225220 1221
225225 225226 2480
225122 225128 869
225132 225089 1341
225097 225096 3340
225097 225096 3340
225149 225144 1605
225149 225154 2347
225257 225826 171
225257 235248 123
225831 225828 2735
235127 235539 478
226017 225948 469
226017 226019 2078
235012 235007 570
235012 235014 477
226101 226095 1356
226103 226096 713
226032 226033 823
226032 226035 1344
226283 226284 1165
226035 226032 1344
226035 226034 2083
225174 225173 1218
225186 225182 546
225186 235543 1317
227695 227696 1280
227699 227698 959
227699 234920 945
225176 225173 1010
225284 225283 1196
227721 227722 1255
227716 227717 1960
227716 227733 1225
227733 227423 1761
227733 227716 1225
227750 227731 1669
227750 227751 786
227760 227761 1607
227760 227764 1375
228028 228026 373
227798 227766 514
234578 228072 1824
232411 227230 749
232411 234815 1196
233653 233654 151
233653 233655 79
234817 234818 120
228063 228062 1209
228063 228079 274
228070 228062 343
234856 228080 214
234856 228091 192
228083 228084 996
228083 228091 1444
228064 228022 1707
228064 228067 1113
228082 228079 518
228082 228091 1296
231598 231599 76
231598 231601 196
235113 235142 285
227433 227531 164
227684 227665 261
227675 227645 2451
227675 227673 782
227677 227676 402
227677 227678 888
227960 227958 586
227960 227962 672
227961 227957 611
235294 233993 761
234151 234359 7684
234163 234166 562
234155 226841 1999
234155 234152 2697
234159 234529 261
234159 234530 905
226854 226855 1635
226854 226951 1974
226854 234559 1801
226859 226861 3591
226956 226954 2119
226970 226994 502
226970 226995 2066
226991 226990 350
227068 226861 2688
227068 227115 2375
227132 227133 535
227132 227143 1193
227145 227154 1373
227145 227199 1686
227145 227202 1977
227194 227192 781
227194 235349 773
227118 227120 3987
227118 227652 977
227120 227118 3987
227120 227121 715
227018 227011 1375
227212 227213 1425
227216 227215 2728
227226 227227 2183
227226 227233 1029
227258 227188 823
227258 227259 1004
228254 228256 1734
233898 234077 561
233898 234219 634
227493 227489 344
227493 227519 1523
227523 227524 1055
227523 227525 1177
227526 227525 1336
227526 227527 870
228240 228231 2983
228240 228234 475
227644 227642 1556
234446 234447 437
234446 235234 233
228255 228256 3957
228255 228262 549
228259 227271 1591
228259 228258 452
227277 227278 6233
6796 6795 436
6834 6829 1080
6857 6833 435
6841 6840 3718
6858 6859 884
6858 6861 361
7652 7634 1041
7652 7653 1704
7665 7661 1593
7665 7667 1135
7700 7698 820
7700 7702 1356
7705 7704 13033
7705 7706 3288
7691 7686 1860
7691 7692 1081
7694 7688 3508
7694 7693 537
7740 7739 2987
7740 7741 597
226075 226071 1454
226075 226132 865
226079 226078 2042
226079 226081 1505
226052 226049 2435
226052 226053 1447
226097 225937 4621
226097 226098 1809
234457 234833 253
235042 235041 661
225770 225769 556
225773 225767 678
225799 225769 2696
225799 225798 667
225796 225792 1057
225796 225793 1234
225805 225806 1769
225805 225806 1769
225755 225754 4340
225755 226072 418
225755 226073 1234
226417 226418 1438
226417 226421 562
14537 14538 1022
14537 14562 651
8022 8023 612
8022 8024 287
34697 34695 62
34697 34699 1081
7871 7867 1031
7871 7870 2403
8216 7872 852
8275 8274 1835
8375 8376 504
8333 8329 1229
8333 8330 2154
8293 8291 1740
8293 8292 2181
8330 8327 871
8330 8333 2154
8773 8774 807
8779 8780 159
8779 8781 822
8459 8699 1343
8459 8712 401
34772 34771 3259
8499 8504 751
8499 8753 1448
10853 8717 92
10853 10857 2034
8721 8722 737
8721 8723 393
10857 10853 2034
10857 16679 1442
8503 8504 1338
8506 8504 781
8506 8758 1454
8772 8774 988
8781 8770 1288
8781 8779 822
8781 8782 849
9480 8782 3314
9480 9481 791
9493 9481 786
9489 9490 588
9489 9506 90
9502 9500 1079
9502 9501 1489
9502 9505 1637
9506 9488 693
9506 9489 90
9508 9505 1085
9508 9510 997
9539 9538 668
9539 33494 572
9447 9446 1176
9447 9511 1697
16336 9512 2604
16336 16340 953
35244 33493 164
16364 16363 1359
16364 16417 610
16404 16410 535
16419 34248 316
16424 16415 2025
16450 16451 816
16450 16452 1254
16450 16453 1303
16458 16448 792
16458 16457 835
16655 16648 2588
16655 16656 865
16756 16745 1025
16756 16758 1650
16756 16759 2133
16785 16758 746
16785 16787 1223
16788 16787 808
16767 16765 979
16767 34449 374
16776 16775 656
16776 16781 935
16790 16780 942
16790 16789 1010
9785 9782 834
11333 11328 882
11234 11229 1233
11234 11327 1026
11361 11360 3744
11361 11360 3744
11369 11443 333
11449 11448 1259
11449 11451 788
11506 11451 2940
11506 11507 778
11516 11507 1766
11516 11517 782
11305 11303 1234
11305 11306 434
11471 11469 1180
11471 11472 1225
11471 11473 847
11540 11539 778
11540 11547 1139
11291 11314 667
11291 22460 1683
11312 11313 380
11312 11314 2278
11567 11568 2262
11567 22548 588
11570 11568 847
11570 11571 610
11493 11492 336
11493 11494 778
11498 11494 1431
11498 11499 778
11539 11499 1934
11539 11540 778
11457 11447 1264
11457 11453 2299
11457 11472 924
11458 11456 924
11491 11489 681
11491 11492 672
11463 11456 1013
11463 11462 778
11510 11462 1850
11510 11509 889
11517 11509 1766
11517 11516 782
11587 11585 354
11590 11586 1004
11590 11601 1595
11590 11602 672
11610 11608 893
11610 11611 672
11610 11612 778
22591 22589 893
22591 22590 551
22591 22593 1344
22597 22594 782
22597 22598 847
22568 22565 756
22568 22566 688
22589 22538 667
22589 22591 893
22598 22597 847
22598 22605 1334
22646 22647 1222
11630 11614 672
22607 22602 672
22607 22609 1114
22608 22602 562
22608 22634 1114
22634 22603 598
22634 22608 1114
22634 22635 2371
22638 22635 681
22638 22640 782
22638 22641 1032
22641 22638 1032
22641 22656 203
22641 22657 275
23251 22946 279
23251 22950 475
23264 23038 8342
23264 23265 950
23267 23269 557
23267 23282 676
23281 23302 149
23305 23306 275
23307 11965 1142
23307 23308 492
11967 11965 950
23339 23324 750
23339 23337 2035
23339 23345 1457
23340 23337 750
23404 23317 869
23397 23317 688
23397 23341 475
23341 23313 1352
23341 23397 475
23326 23322 3537
23335 23327 2577
23335 23359 750
23383 23375 1220
23383 23384 604
23385 23375 708
23385 23384 1055
23385 23387 826
23378 23377 1850
23378 23380 747
23378 23387 847
23364 23365 1000
23364 23367 610
23364 23368 1612
23388 23366 1455
23388 23368 610
23388 23380 737
23380 23378 747
23380 23379 1576
23380 23388 737
23380 23393 869
23362 23360 336
23362 23367 750
23362 23369 511
23389 23374 1026
23389 23391 2305
23389 23392 475
23443 23392 354
23443 23440 2305
23443 23444 750
23444 23442 2203
23444 23443 750
23444 23445 708
23447 23442 826
23447 23445 2272
23447 23448 3152
23447 23449 708
23452 23448 676
23452 23449 3288
23452 23453 435
23452 23454 1695
23453 23452 435
23453 23455 475
23453 23456 1741
23457 23455 826
23457 23469 676
23457 23470 778
23468 23464 1120
23472 12284 629
23472 23464 951
23472 23473 373
23472 23476 1085
12273 12271 847
12273 12274 560
12273 23466 371
23467 23466 382
12275 12274 453
7468 7469 791
7468 7483 360
7468 7724 438
7475 7476 1453
7475 7724 2309
28469 7724 2595
28469 28456 818
28469 28470 1085
28368 28367 475
28368 28369 2340
28368 28370 3872
28483 28481 352
28483 28482 325
23514 23513 435
23514 23515 3454
23549 23545 3223
23549 23550 2488
23545 23544 201
23545 23547 877
23545 23549 3223
23554 23547 1724
23554 23558 975
23554 23563 604
23563 23554 604
23563 23555 927
23563 23559 1066
23563 23564 612
24170 24163 676
24170 24171 474
24170 24172 1623
24170 24175 2003
24173 24171 1585
24173 24172 336
24173 24239 1901
24173 24251 474
24240 24239 418
24240 24241 605
24240 24242 1438
24240 24251 1951
24169 24163 2090
24169 24167 809
24169 24168 3205
24169 24175 737
24209 24175 1393
24209 24208 1762
24243 24241 1299
24243 24247 276
24243 24249 2079
14384 14382 835
14384 14385 626
14384 14387 678
14385 14382 591
14385 14384 626
14385 14386 673
23559 23558 672
23559 23560 750
23559 23563 1066
23559 23565 1344
23503 23504 558
23503 23546 900
23503 23560 865
23517 23516 818
23517 23518 4358
23517 23566 818
23516 23517 818
23516 24039 1322
23516 24041 4226
24135 24041 1085
24135 24134 1140
24135 24137 1906
24135 24138 1079
24139 24137 809
24139 24138 2090
24139 24140 872
24139 24141 2507
24149 24068 750
24149 24140 2507
24149 24141 872
24068 24064 1140
24068 24149 750
24068 24154 694
24068 24155 751
24072 24069 889
24072 24071 1585
24072 24155 2180
24072 24157 605
24073 24071 737
24073 24075 1951
24073 24076 809
24073 24157 1623
24159 24076 1715
24159 24157 737
24159 24158 2057
24159 24162 939
24166 24158 737
24167 24158 877
24167 24162 2142
24167 24165 3155
24167 24169 809
24168 24165 872
24168 24169 3205
24168 24208 672
24168 24211 2090
24184 24165 2090
24260 24249 3933
24260 24249 3933
24260 24293 373
24286 24287 294
24286 24288 95
24286 24295 1986
24296 24287 2481
24296 24295 806
24296 24300 788
24296 24304 1357
24303 24300 653
24303 24302 98
24307 24302 403
24307 24309 738
24308 24302 713
24308 24545 747
24308 24546 354
24366 24365 1120
24366 24375 1031
24377 24373 1293
24377 24376 676
24377 24379 1268
24377 24380 1009
24382 24373 870
24382 24380 1742
24382 24383 1085
24382 24966 1635
24378 24367 1022
24378 24376 1140
24359 24358 403
24359 24362 1055
24359 24365 672
24360 24309 476
24360 24358 1873
24360 24589 336
24549 24309 610
24549 24546 738
24549 24548 788
24386 24380 939
24386 24383 1530
24386 24615 1293
24386 24973 1209
24972 24383 939
24972 24970 1742
24972 24973 1576
24972 24977 905
24976 24970 757
24976 24977 2044
24976 24982 870
24982 24971 672
24982 24976 870
24982 24978 2468
24982 24985 848
24985 24981 1669
24985 24982 848
24985 24986 1009
24985 24987 2890
24986 24984 2126
24986 24985 1009
24986 24988 2223
24986 24989 951
24989 24986 951
24989 24994 2358
24989 25033 2002
24989 25039 738
25036 25037 1004
25036 25038 276
25036 25040 672
25039 24989 738
25039 25038 2126
25039 25044 551
25231 25055 139
25231 25216 1458
25231 25217 1935
11875 11707 387
11875 24990 1180
11875 25184 2683
25186 25184 667
25211 25184 649
25234 25217 1268
25234 25236 512
25237 25238 296
35294 25238 407
188149 188112 1340
188149 188116 797
188149 188148 826
188157 188116 2690
188175 188176 793
188186 188176 2758
188186 188187 781
188186 188206 3128
187669 187611 1356
187669 187668 810
187669 187671 776
188118 188117 524
188118 188123 285
188120 188117 818
188120 188121 1439
188126 188117 588
188126 188123 993
188125 188121 884
188150 188123 1340
188150 188148 903
188154 188148 2721
187609 187608 752
187609 187610 2081
187623 187608 2751
187621 187613 769
187668 187613 1519
187668 187669 810
187610 187606 805
187610 187609 2081
188377 188378 826
188377 188379 1992
188390 188378 752
188390 188388 629
188382 188379 953
188382 188392 717
188392 188382 717
188392 188396 461
188395 188396 330
190790 189312 351
190790 190791 208
190790 190800 1950
188388 188389 853
188388 188390 629
188399 188389 818
188399 188397 1381
188412 188389 1331
188400 188397 874
188400 188401 1314
188405 188401 844
187289 190147 310
190146 190147 1669
190791 189313 559
190791 190790 208
190791 190800 1772
190800 189313 2330
190800 190790 1950
190800 190791 1772
188221 188206 835
188221 188307 1534
188341 188342 1045
188341 188344 876
188310 188307 827
188320 188307 1560
188320 188318 753
188344 188318 1535
188344 188341 876
135246 135244 1398
135246 135247 605
135246 135248 1867
135249 135244 827
135249 135245 1494
135249 135247 1494
135251 135247 551
135251 135253 1299
135253 135251 1299
135253 135280 951
135281 135264 1140
135281 135280 873
135281 135283 1085
135282 135280 1224
135282 135283 878
135282 135285 884
135285 135282 884
135285 135283 474
135285 135284 788
135295 135293 2103
135295 135344 475
135343 135293 1560
188339 135267 1222
135276 135269 747
135277 135269 1977
135277 135294 1031
135297 135294 2158
135297 135344 403
135344 135295 475
135344 135296 1353
135344 135297 403
135244 135243 1394
135244 135246 1398
135244 135249 827
135245 135243 599
135245 135249 1494
135301 135243 697
135301 135300 1715
135214 135212 1810
135214 135300 1715
135302 135300 1802
135210 135209 200
135210 135211 198
135212 135205 336
135212 135214 1810
135426 135410 293
135426 135427 476
135413 135427 818
135413 135431 1417
135431 135413 1417
135431 135428 713
135432 135428 1577
135432 135434 939
135432 135484 905
135491 135490 1259
135491 135511 747
135484 135432 905
135484 135487 818
135489 135487 354
135489 135488 475
135513 135480 1386
135513 135482 688
135513 135514 1530
135514 135513 1530
135514 135517 789
135523 135517 1955
136245 135517 2366
136245 136257 1263
136245 136258 983
136257 136241 980
136257 136245 1263
136254 136258 2005
136263 136259 581
136263 136265 1731
136265 136263 1731
136265 136264 889
136265 136311 1073
136265 136314 841
136314 136265 841
136314 136311 667
136314 136323 925
136324 136323 556
136324 136325 951
136326 136325 2839
136326 136372 809
136594 136569 870
136594 136592 2714
136606 136569 2044
136606 136580 765
136566 136565 2714
136566 136567 789
136579 136567 2153
136579 136580 789
136608 136580 1919
136595 136588 688
136595 136593 788
136595 136596 1724
136596 136590 2153
136596 136595 1724
136596 136604 612
136371 136372 1951
136371 136374 806
136376 136374 1640
136376 136377 1055
136377 136376 1055
136377 136378 202
136367 136380 1417
136368 136366 2093
136368 136380 2154
136678 135646 6001
136705 135646 1274
136716 135646 1478
135645 136366 2291
136364 136366 782
139588 136369 2624
139555 139553 299
136398 136404 788
136405 136404 1026
136405 136406 927
136550 136406 1878
136550 136552 983
136552 136550 983
136552 136551 354
136552 136554 474
136554 136552 474
136554 136553 581
136604 136596 612
136604 136601 517
136604 136621 1168
136621 136601 1031
136621 136604 1168
136621 136622 1000
136621 136623 1066
136622 136621 1000
136622 136623 599
136627 136623 1254
136628 136623 252
136628 139594 449
136626 139592 164
139594 136628 449
139594 139592 76
139639 138588 1104
139639 138592 1282
138595 138592 907
138594 138593 1466
139745 139744 368
139745 139747 752
139746 139744 501
139747 139744 637
139747 139745 752
138687 138586 1140
199329 199332 666
199333 199332 2009
199333 199336 857
199353 199336 1237
199353 199355 684
199355 199343 1389
199355 199353 684
199356 199345 1685
199350 199351 642
215010 199351 258
199700 199675 2249
199700 199699 813
199702 199675 712
199702 199678 991
215011 199699 400
199713 199712 3534
214970 199712 1677
214974 199712 2119
199764 199709 993
199764 199735 1175
199767 199709 260
199732 199731 579
199732 199735 933
199736 199731 906
199736 199740 845
199743 199735 779
199743 199742 802
199742 199740 1847
199742 199743 802
199742 199744 778
199757 199744 1170
199757 199759 779
199786 199759 769
199787 199759 1782
199787 199844 793
199838 199836 1926
199838 199837 945
199838 199839 1038
199839 199838 1038
199839 199840 1938
199839 199846 1256
199853 199846 1418
199853 199854 330
199858 199846 1956
199854 199843 419
199854 199853 330
199818 199815 774
199818 199819 1006
199818 199820 1304
215028 199819 476
199837 199753 1765
199837 199835 1034
199837 199838 945
199837 199848 2013
199820 199817 575
199820 199818 1304
199820 199822 711
199822 199820 711
199822 199847 1301
199848 199837 2013
199848 199847 1058
135539 135538 425
139251 139242 505
139251 139258 111
139378 139377 418
139378 139380 629
139347 139384 139
139381 139380 418
139385 139380 878
139241 139240 551
139204 139205 243
200459 200458 297
139498 139497 238
139502 139497 1931
225241 225226 2897
225241 225243 1569
225252 225255 1278
225824 225255 683
225464 225250 201
225201 225203 2178
235439 225203 2705
225207 225209 1719
225210 225209 1426
225220 225225 1221
225226 225225 2480
225226 225241 2897
225128 225122 869
225089 225132 1341
225096 225097 3340
225096 225097 3340
225144 225149 1605
225154 225149 2347
225826 225257 171
235248 225257 123
225828 225831 2735
235539 235127 478
225948 226017 469
226019 226017 2078
235007 235012 570
235014 235012 477
226095 226096 1372
226095 226096 1372
226095 226101 1356
226096 226095 1372
226096 226095 1372
226096 226103 713
226033 226032 823
226284 226283 1165
226034 226035 2083
225173 225174 1218
225173 225176 1010
225182 225186 546
235543 225186 1317
227696 227695 1280
227698 227699 959
227698 227717 3939
234920 227699 945
225283 225284 1196
227722 227721 1255
227717 227698 3939
227717 227716 1960
227423 227733 1761
227731 227750 1669
227751 227750 786
227761 227760 1607
227764 227760 1375
228026 228028 373
227766 227798 514
228072 234578 1824
227230 232411 749
234815 232411 1196
233654 233653 151
233655 233653 79
234818 234817 120
228062 228063 1209
228062 228070 343
228079 228063 274
228079 228082 518
228080 228091 324
228080 234856 214
228091 228080 324
228091 228082 1296
228091 228083 1444
228091 234856 192
228084 228083 996
228022 228064 1707
228067 228064 1113
231599 231598 76
231601 231598 196
235142 235113 285
227531 227433 164
227665 227684 261
227645 227675 2451
227673 227675 782
227676 227677 402
227678 227677 888
227958 227960 586
227962 227960 672
227957 227961 611
233993 235294 761
234359 234151 7684
234166 234163 562
226841 234155 1999
234152 234155 2697
234529 234159 261
234530 234159 905
226855 226854 1635
226951 226854 1974
234559 226854 1801
226861 226859 3591
226861 227068 2688
226954 226956 2119
226994 226970 502
226995 226970 2066
226990 226991 350
227115 227068 2375
227133 227132 535
227143 227132 1193
227154 227145 1373
227199 227145 1686
227202 227145 1977
227192 227194 781
235349 227194 773
227652 227118 977
227121 227120 715
227011 227018 1375
227213 227212 1425
227213 227215 1021
227213 227227 2618
227215 227213 1021
227215 227216 2728
227227 227213 2618
227227 227226 2183
227233 227226 1029
227188 227258 823
227259 227258 1004
228256 228254 1734
228256 228255 3957
234077 233898 561
234219 233898 634
227489 227493 344
227519 227493 1523
227524 227523 1055
227525 227523 1177
227525 227526 1336
227527 227526 870
228231 228240 2983
228234 228240 475
227642 227644 1556
234447 234446 437
235234 234446 233
228262 228255 549
227271 228259 1591
228258 228259 452
227278 227277 6233
6795 6796 436
6829 6833 3756
6829 6834 1080
6833 6829 3756
6833 6857 435
6840 6841 3718
6859 6858 884
6861 6858 361
7634 7652 1041
7653 7652 1704
7661 7665 1593
7667 7665 1135
7698 7700 820
7702 7700 1356
7704 7705 13033
7706 7705 3288
7706 7739 7632
7686 7688 1340
7686 7691 1860
7692 7691 1081
7688 7686 1340
7688 7694 3508
7693 7694 537
7739 7706 7632
7739 7740 2987
7741 7740 597
226071 226073 817
226071 226075 1454
226132 226075 865
226078 226079 2042
226081 226079 1505
226049 226052 2435
226049 226053 2791
226053 226049 2791
226053 226052 1447
225937 226097 4621
226098 226097 1809
234833 234457 253
235041 235042 661
225769 225770 556
225769 225799 2696
225767 225773 678
225798 225799 667
225792 225796 1057
225793 225796 1234
225806 225805 1769
225806 225805 1769
225754 225755 4340
226072 225755 418
226073 225755 1234
226073 226071 817
226418 226417 1438
226421 226417 562
14538 14537 1022
14562 14537 651
8023 8022 612
8024 8022 287
34695 34697 62
34699 34697 1081
7867 7871 1031
7870 7871 2403
7870 7872 2051
7872 7870 2051
7872 8216 852
8274 8275 1835
8376 8375 504
8329 8327 2576
8329 8333 1229
8291 8292 1233
8291 8293 1740
8292 8291 1233
8292 8293 2181
8327 8329 2576
8327 8330 871
8774 8772 988
8774 8773 807
8774 8780 887
8780 8774 887
8780 8779 159
8699 8459 1343
8712 8459 401
34771 34772 3259
8504 8499 751
8504 8503 1338
8504 8506 781
8753 8499 1448
8753 8723 1550
8717 10853 92
8722 8721 737
8723 8721 393
8723 8753 1550
16679 10857 1442
8758 8506 1454
8770 8781 1288
8782 8781 849
8782 9480 3314
9481 9480 791
9481 9488 1088
9481 9493 786
9490 9489 588
9500 9502 1079
9501 9488 496
9501 9502 1489
9505 9502 1637
9505 9508 1085
9488 9481 1088
9488 9501 496
9488 9506 693
9510 9446 234
9510 9508 997
9510 9512 1384
9538 9539 668
33494 9539 572
9446 9447 1176
9446 9510 234
9511 9447 1697
9512 9510 1384
9512 16336 2604
16340 16336 953
33493 35244 164
16363 16364 1359
16417 16364 610
16417 16415 580
16410 16404 535
34248 16419 316
16415 16417 580
16415 16424 2025
16451 16450 816
16452 16450 1254
16453 16450 1303
16448 16458 792
16457 16458 835
16648 16655 2588
16648 16656 2761
16656 16648 2761
16656 16655 865
16656 16745 904
16745 16656 904
16745 16756 1025
16758 16756 1650
16758 16759 1204
16758 16785 746
16759 16756 2133
16759 16758 1204
16759 16787 594
16787 16759 594
16787 16785 1223
16787 16788 808
16765 16767 979
34449 16767 374
16775 16776 656
16781 16776 935
16780 16790 942
16789 16790 1010
9782 9785 834
11328 11327 1959
11328 11333 882
11229 11234 1233
11327 11234 1026
11327 11328 1959
11360 11361 3744
11360 11361 3744
11443 11369 333
11448 11449 1259
11451 11449 788
11451 11506 2940
11507 11506 778
11507 11509 782
11507 11516 1766
11303 11305 1234
11306 11305 434
11306 11313 182
11469 11471 1180
11472 11457 924
11472 11471 1225
11472 11489 839
11473 11471 847
11473 11494 1175
11547 11540 1139
11314 11291 667
11314 11312 2278
22460 11291 1683
11313 11306 182
11313 11312 380
11568 11567 2262
11568 11570 847
22548 11567 588
11571 11570 610
11492 11491 672
11492 11493 336
11494 11473 1175
11494 11493 778
11494 11498 1431
11499 11498 778
11499 11539 1934
11447 11457 1264
11453 11456 1222
11453 11457 2299
11456 11453 1222
11456 11458 924
11456 11463 1013
11489 11472 839
11489 11491 681
11462 11463 778
11462 11510 1850
11509 11507 782
11509 11510 889
11509 11517 1766
11585 11586 667
11585 11587 354
11586 11585 667
11586 11590 1004
11601 11590 1595
11602 11590 672
11608 11610 893
11611 11610 672
11612 11610 778
11612 11614 818
22590 22538 1457
22590 22591 551
22593 22591 1344
22593 22594 1260
22594 22593 1260
22594 22597 782
22565 22568 756
22566 22568 688
22538 22589 667
22538 22590 1457
22605 22598 1334
22605 22647 681
22647 22605 681
22647 22646 1222
11614 11612 818
11614 11630 672
22602 22607 672
22602 22608 562
22609 22607 1114
22603 22634 598
22635 22634 2371
22635 22638 681
22640 22638 782
22656 22641 203
22657 22641 275
22946 23251 279
22950 23251 475
23038 23264 8342
23265 23264 950
23265 23269 629
23269 23265 629
23269 23267 557
23282 23267 676
23302 23281 149
23302 23308 2083
23306 23305 275
11965 11967 950
11965 23307 1142
23308 23302 2083
23308 23307 492
23324 23339 750
23337 23339 2035
23337 23340 750
23345 23339 1457
23317 23397 688
23317 23404 869
23313 23341 1352
23322 23326 3537
23327 23335 2577
23359 23335 750
23359 23375 877
23375 23359 877
23375 23383 1220
23375 23385 708
23377 23378 1850
23377 23379 556
23365 23364 1000
23365 23366 516
23366 23365 516
23366 23379 750
23366 23388 1455
23379 23366 750
23379 23377 556
23379 23380 1576
23360 23362 336
23369 23362 511
23374 23389 1026
23391 23389 2305
23391 23440 826
23440 23391 826
23440 23442 708
23440 23443 2305
23442 23440 708
23442 23444 2203
23442 23447 826
23448 23447 3152
23448 23452 676
23454 23452 1695
23454 23456 629
23456 23453 1741
23456 23454 629
23469 23457 676
23470 23457 778
12284 23472 629
23473 23472 373
23476 23472 1085
7469 7468 791
7483 7468 360
7476 7475 1453
28456 28469 818
28470 28469 1085
28367 28368 475
28369 28368 2340
28481 28483 352
23515 23514 3454
23515 23544 629
23544 23515 629
23544 23545 201
23544 23546 2598
23558 23546 737
23558 23554 975
23558 23559 672
24163 24162 872
24163 24169 2090
24163 24170 676
24172 24170 1623
24172 24173 336
24239 24173 1901
24239 24240 418
24242 24240 1438
24242 24247 354
24208 24168 672
24208 24209 1762
24247 24242 354
24247 24243 276
24249 24243 2079
24249 24260 3933
24249 24260 3933
14387 14384 678
14387 14386 631
14386 14385 673
14386 14387 631
23504 23503 558
23546 23503 900
23546 23544 2598
23546 23558 737
24039 23516 1322
24134 24135 1140
24137 24135 1906
24137 24139 809
24141 24139 2507
24141 24149 872
24064 24068 1140
24154 24068 694
24154 24069 1170
24069 24072 889
24069 24154 1170
24071 24072 1585
24071 24073 737
24075 24073 1951
24076 24073 809
24076 24159 1715
24162 24159 939
24162 24163 872
24162 24167 2142
24211 24168 2090
24288 24286 95
24295 24286 1986
24295 24296 806
24300 24296 788
24300 24303 653
24545 24308 747
24546 24308 354
24546 24549 738
24365 24359 672
24365 24366 1120
24365 24367 676
24379 24377 1268
24380 24377 1009
24380 24382 1742
24380 24386 939
24367 24365 676
24367 24378 1022
24589 24360 336
24548 24549 788
24615 24386 1293
24973 24386 1209
24973 24972 1576
24977 24972 905
24977 24976 2044
24977 24978 951
24978 24977 951
24978 24982 2468
24978 24987 1143
24978 24990 1768
24987 24978 1143
24987 24985 2890
24988 24986 2223
24988 24994 676
24994 24988 676
24994 24989 2358
25037 25036 1004
25040 25036 672
25044 25039 551
25216 25231 1458
25217 25231 1935
25217 25234 1268
11707 11875 387
24990 11875 1180
24990 24978 1768
803
23384
23387
23368
23393
23367
23392
23445
23449
23455
23464
12271
23466
12274
7724
28370
28482
23513
23550
23547
23555
23564
24171
24251
24175
24241
14382
23565
23560
23566
24041
24138
24140
24155
24157
24158
24165
23518
24293
24287
24304
24302
24375
24373
24376
24362
24309
24358
24966
24383
24970
24971
24981
24984
25033
25038
25055
25184
25236
25238
188112
188116
188176
188187
187611
187671
188117
188121
188123
188148
187608
187613
187606
188378
188379
188396
189312
188389
188397
188401
190147
189313
188206
188342
188307
188318
135247
135280
135264
135283
135284
135293
135267
135269
135294
135296
135248
135243
135300
135209
135205
135410
135211
135427
135428
135434
135490
135487
135488
135480
135511
135482
135517
136241
136258
136259
136264
136311
136323
136325
136569
136592
136565
136567
136580
136593
136588
136590
136372
136374
136378
136380
135646
136366
136369
139553
136404
136406
136551
136553
136601
136623
139592
138588
138592
138593
139744
138586
199332
199336
199343
199345
199351
199675
199699
199678
199712
199709
199731
199735
199740
199744
199759
199836
199844
199840
199846
199843
199819
199753
199835
199817
199847
199815
135538
139242
139377
139384
139380
139240
139258
139205
200458
139497
225243
225255
225250
225203
225209
225225
225122
225132
225097
225149
225257
225831
235127
226017
235012
226101
226103
226032
226283
226035
225174
225186
227695
227699
225176
225284
227721
227716
227733
227750
227760
228028
227798
234578
232411
233653
234817
228063
228070
234856
228083
228064
228082
231598
235113
227433
227684
227675
227677
227960
227961
235294
234151
234163
234155
234159
226854
226859
226956
226970
226991
227068
227132
227145
227194
227118
227120
227018
227212
227216
227226
227258
228254
233898
227493
227523
227526
228240
227644
234446
228255
228259
227277
6796
6834
6857
6841
6858
7652
7665
7700
7705
7691
7694
7740
226075
226079
226052
226097
234457
235042
225770
225773
225799
225796
225805
225755
226417
14537
8022
34697
7871
8216
8275
8375
8333
8293
8330
8773
8779
8459
34772
8499
10853
8721
10857
8503
8506
8772
8781
9480
9493
9489
9502
9506
9508
9539
9447
16336
35244
16364
16404
16419
16424
16450
16458
16655
16756
16785
16788
16767
16776
16790
9785
11333
11234
11361
11369
11449
11506
11516
11305
11471
11540
11291
11312
11567
11570
11493
11498
11539
11457
11458
11491
11463
11510
11517
11587
11590
11610
22591
22597
22568
22589
22598
22646
11630
22607
22608
22634
22638
22641
23251
23264
23267
23281
23305
23307
11967
23339
23340
23404
23397
23341
23326
23335
23383
11875
25186
25234
25237
35294
188149
188157
188175
188186
188120
188126
188125
188150
188154
187609
187623
187621
187668
187610
188377
188390
188382
188392
188395
188388
188399
188412
188400
188405
187289
190146
190800
188221
188341
188310
188320
188344
135249
135251
135253
135282
135295
135343
188339
135276
135277
135297
135344
135245
135301
135214
135302
135210
135212
135426
135413
135431
135432
135491
135484
135489
135514
135523
136245
136254
136263
136265
136314
136324
136326
136594
136606
136566
136579
136608
136595
136596
136371
136376
136377
136367
136368
136678
136705
136716
135645
136364
139588
139555
136398
136405
136550
136554
136604
136622
136627
136626
139639
138595
139745
139746
139747
199329
199333
199355
199350
199700
199702
199713
214970
199764
199767
199732
199736
199743
199742
199757
199786
199787
199838
199839
199858
199854
199818
199822
199848
135539
139378
139347
139381
139385
200459
139498
225241
225252
225824
225464
225201
225207
225210
225220
225226
225128
225089
225096
225144
225154
225826
235248
225828
225948
235007
225173
225182
227698
225283
227717
227423
227731
227751
227764
228026
227766
228072
227230
233655
228062
228080
228022
228067
231599
235142
227665
227645
227673
227678
227958
227957
233993
234166
226841
234152
234529
226855
226951
226861
226954
226994
226995
226990
227115
227154
227199
227202
227192
227011
227215
227188
227259
228256
227489
227519
227525
227527
228231
228234
227642
235234
227271
228258
227278
6795
6829
6833
6840
7634
7661
7667
7698
7704
7706
7686
7688
226071
226132
226078
226081
226049
226053
225937
234833
235041
225769
225767
225798
225792
225793
225806
225754
226072
226073
226421
14538
14562
34695
7867
7870
7872
8274
8376
8329
8291
8292
8327
8774
8780
8712
34771
8504
8753
8717
8723
16679
8758
8770
8782
9481
9500
9501
9505
9488
9446
9512
16340
33493
16363
16410
16415
16448
16457
16648
16745
16759
16765
16775
16781
16780
16789
9782
11328
11229
11327
11360
11448
11451
11507
11303
11306
11469
11473
11314
22460
11568
22548
11571
11492
11494
11499
11447
11453
11456
11489
11462
11509
11585
11586
11601
11602
11608
11611
11612
22590
22593
22594
22565
22566
22538
22605
22647
11614
22602
22603
22635
22640
22656
22946
22950
23038
23265
23269
23282
23302
11965
23308
23324
23337
23317
23313
23322
23327
23359
23377
23365
23360
23369
23374
23391
23440
23442
23448
23454
23469
23470
12284
7469
7483
7476
28456
28367
28369
28481
24163
24172
24239
24242
24208
24247
24249
14387
23504
23546
24039
24134
24137
24141
24064
24069
24071
24075
24076
24162
24288
24295
24300
24545
24365
24379
24380
24367
24589
24548
24615
24973
24977
24987
24988
24994
25040
25044
25216
25217
11707
24990
