1062
180958 180952 380
180949 180922 629
180949 180948 1533
180954 180953 341
179332 179336 435
179332 180926 932
180912 180911 1454
180912 180932 682
180926 179312 1160
180926 179332 932
181138 181137 418
181138 181243 2002
181151 181150 757
181151 181219 1221
181219 181151 1221
181219 181220 841
181211 181221 1221
181211 181228 673
181211 181231 778
181229 181228 1221
181237 181143 1225
181237 181228 766
181237 181239 757
181235 181482 139
181235 181489 932
181491 181492 1798
181491 181505 796
181491 181514 2150
181516 181515 511
181516 181523 168
181523 181516 168
181523 181543 709
181550 181543 1031
181550 181560 1379
181552 181551 951
181552 181560 782
181551 181552 951
181551 181579 878
181573 181574 344
181573 181582 932
184463 184461 279
184463 184467 421
184463 184472 2880
184453 184454 610
184453 184476 796
184453 184503 2531
184464 184462 688
184464 184476 1823
184457 184459 871
184454 184453 610
184454 184458 2562
184495 184459 1719
184495 184494 673
184489 184487 641
185642 185643 570
184309 184304 445
184309 184310 337
184467 184463 421
184467 184468 672
184304 184305 1631
184304 184309 445
184445 184446 1086
184378 184394 1032
184307 184306 673
184307 184368 474
184306 184305 1168
184306 184307 673
184370 184384 435
179588 179584 1773
179588 184374 818
184374 179588 818
184374 184373 688
184374 184448 952
184376 184375 951
184376 184528 871
184385 184384 2111
184385 184529 790
184375 184376 951
184375 184397 984
184351 163075 1956
184353 163077 1979
163076 163075 790
163076 163077 871
163079 163078 223
163079 163084 355
163084 163079 355
163084 163081 688
163093 163094 2772
184391 184390 517
184391 184395 253
163102 163099 1398
163115 163116 1376
163117 163107 1375
184390 163123 222
184390 184391 517
185673 184488 688
185673 185908 766
183102 183101 1064
183102 183108 1234
183106 183107 683
183119 183118 630
183130 183129 421
183130 183131 2028
184616 183129 238
184616 184613 650
184616 184618 3384
184613 184616 650
184613 184639 2450
184621 184622 790
184621 184639 2014
184625 184624 884
184625 184645 697
184635 173433 738
184635 184636 476
184644 184636 751
184644 184643 1284
173433 184634 279
173433 184635 738
184517 184506 3211
184517 184518 672
184631 184628 952
184631 184649 1396
184646 184518 2177
184646 184647 778
183089 183099 933
176682 185977 902
176682 185977 902
183059 183099 630
183110 183109 673
183110 183158 435
183036 183035 2507
183036 183170 1719
183154 183146 905
183154 183155 766
183170 183036 1719
183170 183176 610
183041 183042 1396
181498 181499 1206
181498 181500 2726
181498 181740 1034
182665 181761 751
182668 182669 1234
182674 182673 1891
182674 182757 879
181601 181604 3237
181601 185803 1424
182703 182704 2584
182703 182705 1158
182706 182704 1085
181609 181610 1198
181609 182661 1055
181690 181687 1210
181690 181721 537
181692 181685 2292
181692 182660 1560
181656 181654 1016
181656 181680 1848
181706 181657 1423
181699 181700 682
181699 181761 2057
182042 182040 856
182042 182700 574
182044 182045 976
182698 182696 2007
182708 182707 2053
182708 182711 951
182712 182711 884
182712 182721 1778
182722 182694 890
182722 182721 810
182722 182824 605
182826 182827 848
182826 182828 228
182826 182833 677
182826 182834 951
182824 182722 605
182824 182828 642
182824 182829 420
182838 182752 2550
182838 182837 452
182752 182753 511
182752 182838 2550
182752 182861 589
182753 182752 511
182753 182861 558
182868 182870 562
185734 185735 866
185734 185862 920
182796 182795 1037
182796 185936 545
182916 182795 581
182916 185935 893
182913 182914 618
182888 182864 1140
182888 182870 2713
182888 182889 682
182886 182884 354
183473 182883 667
183473 183474 1099
183519 183474 778
183519 183526 1814
183524 183523 574
183526 183519 1814
183526 183522 858
183549 183547 2478
183549 183550 233
183583 183584 148
183468 183467 1967
183468 183482 599
183465 183466 1055
183465 183593 953
183465 183594 2371
183594 183465 2371
183594 183593 2605
183482 183468 599
183482 183481 445
183482 183698 1034
183627 183628 1034
183627 183698 2679
183634 183633 782
183634 183718 2164
183719 183644 849
183719 183718 1454
183642 183643 1376
183642 183644 782
185234 185233 1448
185234 185235 581
183471 183470 475
183471 183483 1282
183547 183548 1152
183547 183549 2478
183647 183993 1780
183712 183713 1836
183714 183715 545
174049 172898 818
174049 174050 2916
174049 174064 1014
172899 172897 724
183278 183291 796
183309 183291 2130
183309 183310 688
183731 183730 1080
183731 183736 3620
183736 183731 3620
183736 183737 796
183728 183729 1324
183728 185863 505
183612 183611 605
183612 183747 2648
183614 183609 976
183614 183615 552
183801 178786 2223
183045 183046 4509
183045 183237 2172
183236 183237 1009
183236 183244 2045
183240 183241 1781
183240 183308 452
183302 183286 1935
183302 183303 2480
183302 183317 766
183286 183285 849
183286 183302 1935
163072 163068 435
162574 162874 818
162574 163070 1200
210412 210413 893
210412 210414 1225
210416 210418 822
210416 210478 1349
210387 210399 1095
210388 210401 804
210388 210402 1696
209244 209255 683
209427 209267 1204
209268 209267 1479
209268 209509 933
209511 209509 1474
209511 209517 944
209517 209510 1445
209517 209511 944
209517 209519 1296
209537 209532 624
209540 209532 774
209540 209541 846
209541 209540 846
209541 209598 2038
209541 209599 363
209599 209541 363
209599 209600 640
209621 209610 987
209621 209622 1296
209627 209622 715
209627 209630 2026
209631 209630 716
209631 210104 867
209631 210138 1764
210101 210103 755
210101 210104 2106
210102 210103 1164
210106 210108 579
210131 210109 548
210110 210109 1636
210110 210133 271
210136 210134 611
210136 210158 1069
210159 210158 686
210159 210187 908
210185 210192 237
210186 210187 1685
210186 210188 583
210190 210191 1237
210198 210209 1438
210211 210212 774
210211 210386 1190
210386 210211 1190
210386 210400 678
210480 210481 573
210483 210484 377
210483 210499 911
210498 210499 808
210498 210504 427
162684 162685 709
162684 162819 1055
162825 162819 828
162825 162826 1612
162829 162830 1009
162829 162867 202
162551 162552 818
162551 162875 818
162551 163104 1260
162873 162874 1388
162878 162877 1200
162867 162829 202
162867 162855 1695
162867 162872 810
162872 162867 810
162872 162895 873
162872 162896 1458
162894 162893 630
162894 162895 3493
196645 205334 862
210493 210485 797
210493 210486 1059
210493 210492 1741
210495 210492 796
210495 210505 434
210500 210486 346
210500 210499 769
179168 179169 2282
179168 179170 1878
179170 179168 1878
179170 179171 1545
179192 179194 279
179192 179207 1716
179207 179192 1716
179207 179208 2086
179347 179341 1302
179349 179209 925
179349 179341 1663
179127 179128 752
179127 179134 1085
179334 179335 765
179334 179340 160
179339 179307 556
179339 179311 403
179307 179311 848
179307 179339 556
115552 115551 5248
115552 115634 1679
115632 115633 2796
115551 115552 5248
115551 115636 4273
115561 115560 4067
115561 115562 1219
115561 116073 1083
115645 115650 1928
115892 115891 922
115915 115891 943
106456 106457 348
106456 106458 1005
106459 106460 475
106467 106465 746
106467 106468 2947
106467 106469 884
106839 106465 2677
106839 106840 950
106471 106469 603
106471 106472 1119
106284 106285 1031
106284 106356 515
106306 106307 650
106421 106304 344
106421 106419 433
106414 106415 282
32371 32367 6212
32346 30225 351
32346 32440 748
114767 114766 786
114769 114764 145
114777 114778 1134
114759 114755 2044
114759 114757 1028
114758 114673 867
114758 114757 2004
114725 114724 1647
114725 114726 4085
114756 114754 1906
114756 114755 275
190875 191665 4858
190875 194416 2025
191794 194110 7990
191795 194109 353
193099 193092 1774
193089 193083 1536
193091 193108 10635
193094 193092 2241
193094 193146 1865
191558 193136 1876
191558 193155 1202
193185 193184 417
193192 193990 447
193192 193991 379
193194 193189 1159
193194 193191 1466
193198 190971 2223
193990 193192 447
193990 193992 429
193229 190969 2121
193229 193228 237
193230 193249 449
192183 192182 430
192183 192594 1237
192203 192205 881
192203 192208 1268
192410 192411 743
192516 192514 2900
192516 192515 182
192170 192166 823
192170 192166 823
192155 192547 627
192155 192549 1178
35115 35116 520
35115 35153 1417
35136 35144 1003
35136 35161 1495
35158 35153 2606
31723 31714 1195
29585 30788 2974
30788 29585 2974
30799 30798 217
30798 30799 217
31714 31717 1385
31714 31723 1195
31717 31714 1385
33083 33145 783
33145 33083 783
33205 33211 1629
33211 33205 1629
33437 33440 1344
33440 33437 1344
33458 33459 2813
33459 33458 2813
17470 17479 2347
16999 17000 3220
16988 17061 1848
17061 16988 1848
17000 16999 3220
17094 17097 688
17097 17094 688
17118 17121 707
17121 17118 707
17160 17174 2086
17174 17160 2086
17479 17470 2347
17824 17830 3402
17830 17824 3402
17889 17870 1532
17891 17926 434
17926 17891 434
17870 17889 1532
18822 18829 475
18829 18822 475
25304 18980 1854
18980 25304 1854
25351 25352 905
25352 25351 905
25296 25349 1085
25349 25296 1085
25370 25374 1018
25374 25370 1018
26689 26682 2281
26682 26689 2281
26371 26365 1668
26322 26364 1344
26364 26322 1344
26365 26371 1668
26356 26357 1854
26357 26356 1854
26351 26350 1885
26350 26351 1885
53363 53364 697
53364 53363 697
141203 141220 390
141220 141203 390
141271 141259 1851
141259 141271 1851
141274 141277 292
141277 141274 292
140882 140883 1220
140883 140882 1220
140971 140969 1167
140969 140971 1167
186275 186276 705
186534 186543 820
186543 186534 820
186543 186545 784
186200 186660 735
186660 186200 735
186545 186543 784
186710 186714 278
186714 186710 278
186734 186777 780
186777 186734 780
186781 186782 746
186791 186782 1053
186806 186813 1081
186863 186860 809
186782 186781 746
186782 186791 1053
186860 186863 809
186813 186806 1081
140732 140731 762
140731 140732 762
189810 189811 1213
189810 189816 771
189811 189810 1213
186276 186275 705
189816 189810 771
189816 190209 1099
190209 189816 1099
195391 196137 304
196137 195391 304
195866 195867 748
195867 195866 748
195868 196026 774
196026 195868 774
202811 202817 2065
202817 202811 2065
203234 203249 1995
203249 203234 1995
203253 203290 2213
203290 203253 2213
195959 205786 808
205786 195959 808
202548 202552 843
202552 202548 843
196548 196549 781
196549 196548 781
196564 196570 1577
196570 196564 1577
205979 205992 1481
205992 205979 1481
206011 206659 1418
206659 206011 1418
206909 206920 805
206920 206909 805
206969 206971 728
206971 206969 728
206988 206989 797
206989 206988 797
209297 209330 709
209248 209335 1018
209330 209297 709
209335 209248 1018
180952 180953 1565
180952 180958 380
180922 180949 629
180948 180949 1533
180953 180952 1565
180953 180954 341
179336 179332 435
179336 179335 932
180911 180912 1454
180932 180912 682
179312 180926 1160
181137 181138 418
181243 181138 2002
181150 181151 757
181150 181220 1225
181220 181150 1225
181220 181219 841
181220 181221 421
181221 181211 1221
181221 181220 421
181228 181211 673
181228 181229 1221
181228 181237 766
181231 181211 778
181143 181237 1225
181239 181237 757
181482 181235 139
181489 181235 932
181492 181491 1798
181505 181491 796
181514 181491 2150
181514 181515 452
181515 181514 452
181515 181516 511
181543 181523 709
181543 181550 1031
181560 181550 1379
181560 181552 782
181579 181551 878
181574 181573 344
181582 181573 932
184461 184462 796
184461 184463 279
184472 184463 2880
184476 184453 796
184476 184464 1823
184503 184453 2531
184503 184458 713
184462 184461 796
184462 184464 688
184459 184457 871
184459 184495 1719
184458 184454 2562
184458 184503 713
184494 184495 673
184487 184488 1014
184487 184489 641
185643 185642 570
184310 184309 337
184468 184467 672
184305 184304 1631
184305 184306 1168
184446 184445 1086
184394 184378 1032
184368 184307 474
184384 184370 435
184384 184385 2111
179584 179588 1773
184373 184374 688
184448 184374 952
184528 184376 871
184528 184529 1873
184529 184385 790
184529 184528 1873
184397 184375 984
163075 163068 435
163075 163076 790
163075 184351 1956
163077 163076 871
163077 184353 1979
163078 163079 223
163081 163084 688
163094 163093 2772
184395 184391 253
163099 163102 1398
163099 163116 684
163116 163099 684
163116 163107 790
163116 163115 1376
163107 163116 790
163107 163117 1375
163123 184390 222
184488 184487 1014
184488 185673 688
185908 185673 766
183101 183102 1064
183108 183102 1234
183108 183107 1032
183107 183106 683
183107 183108 1032
183118 183119 630
183129 183130 421
183129 184616 238
183131 183130 2028
184618 184616 3384
184639 184613 2450
184639 184621 2014
184622 184621 790
184624 184625 884
184645 184625 697
184636 184635 476
184636 184644 751
184643 184644 1284
184634 173433 279
184506 184517 3211
184518 184517 672
184518 184646 2177
184628 184631 952
184649 184631 1396
184649 184647 1904
184647 184646 778
184647 184649 1904
183099 183059 630
183099 183089 933
185977 176682 902
185977 176682 902
183109 183110 673
183158 183110 435
183035 183036 2507
183146 183154 905
183155 183154 766
183176 183170 610
183042 183041 1396
181499 181498 1206
181500 181498 2726
181740 181498 1034
181761 181699 2057
181761 182665 751
182669 182668 1234
182673 182674 1891
182757 182674 879
181604 181601 3237
185803 181601 1424
182704 182703 2584
182704 182705 2736
182704 182706 1085
182705 182703 1158
182705 182704 2736
181610 181609 1198
182661 181609 1055
182661 182660 893
181687 181690 1210
181721 181690 537
181685 181692 2292
182660 181692 1560
182660 182661 893
181654 181656 1016
181680 181656 1848
181657 181706 1423
181700 181699 682
182040 182042 856
182700 182042 574
182045 182044 976
182696 182694 3449
182696 182698 2007
182696 182707 1120
182707 182696 1120
182707 182708 2053
182711 182708 951
182711 182712 884
182721 182712 1778
182721 182722 810
182694 182696 3449
182694 182722 890
182827 182826 848
182827 182829 330
182828 182824 642
182828 182826 228
182833 182826 677
182833 182834 818
182834 182826 951
182834 182833 818
182829 182824 420
182829 182827 330
182837 182838 452
182861 182752 589
182861 182753 558
182870 182868 562
182870 182888 2713
185735 185734 866
185862 185734 920
182795 182796 1037
182795 182916 581
185936 182796 545
185935 182916 893
182914 182913 618
182864 182888 1140
182889 182888 682
182884 182883 1010
182884 182886 354
182883 182884 1010
182883 183473 667
183474 183473 1099
183474 183519 778
183523 183522 849
183523 183524 574
183522 183523 849
183522 183526 858
183550 183549 233
183584 183583 148
183467 183466 924
183467 183468 1967
183467 183483 1379
183466 183465 1055
183466 183467 924
183593 183465 953
183593 183594 2605
183481 183482 445
183698 183482 1034
183698 183627 2679
183628 183627 1034
183633 183634 782
183718 183634 2164
183718 183719 1454
183644 183642 782
183644 183719 849
183643 183642 1376
183643 185235 1492
185233 185234 1448
185235 183643 1492
185235 185234 581
183470 183471 475
183483 183467 1379
183483 183471 1282
183548 183547 1152
183993 178786 2218
183993 183647 1780
183713 183712 1836
183715 183714 545
172898 172897 562
172898 174049 818
174050 174049 2916
174064 174049 1014
172897 172898 562
172897 172899 724
183291 183278 796
183291 183309 2130
183310 183309 688
183730 183729 1364
183730 183731 1080
183737 183736 796
183729 183728 1324
183729 183730 1364
185863 183728 505
183611 183612 605
183747 183612 2648
183609 183614 976
183615 183614 552
178786 183801 2223
178786 183993 2218
183046 183045 4509
183237 183045 2172
183237 183236 1009
183244 183236 2045
183241 183240 1781
183308 183240 452
183303 183302 2480
183317 183285 1919
183317 183302 766
183285 183286 849
183285 183317 1919
163068 163072 435
163068 163075 435
162874 162574 818
162874 162873 1388
162874 162875 709
163070 162574 1200
210413 210399 901
210413 210412 893
210414 210412 1225
210414 210418 706
210418 210414 706
210418 210416 822
210478 210416 1349
210478 210481 341
210399 210387 1095
210399 210402 679
210399 210413 901
210401 210388 804
210402 210388 1696
210402 210399 679
209255 209244 683
209267 209268 1479
209267 209427 1204
209509 209268 933
209509 209510 853
209509 209511 1474
209510 209509 853
209510 209517 1445
209519 209517 1296
209532 209537 624
209532 209540 774
209598 209541 2038
209600 209599 640
209610 209621 987
209622 209621 1296
209622 209627 715
209630 209627 2026
209630 209631 716
210104 209631 867
210104 210101 2106
210138 209631 1764
210103 210101 755
210103 210102 1164
210103 210108 566
210108 210103 566
210108 210106 579
210108 210109 508
210109 210108 508
210109 210110 1636
210109 210131 548
210133 210110 271
210133 210134 1661
210134 210133 1661
210134 210136 611
210158 210136 1069
210158 210159 686
210187 210159 908
210187 210186 1685
210192 210185 237
210192 210191 846
210188 210186 583
210191 210190 1237
210191 210192 846
210191 210209 1048
210209 210191 1048
210209 210198 1438
210209 210212 1099
210212 210209 1099
210212 210211 774
210212 210400 1277
210400 210212 1277
210400 210386 678
210481 210478 341
210481 210480 573
210481 210484 779
210484 210481 779
210484 210483 377
210484 210485 1163
210484 210486 833
210499 210483 911
210499 210498 808
210499 210500 769
210504 210498 427
162685 162684 709
162819 162684 1055
162819 162825 828
162826 162825 1612
162826 162830 630
162830 162826 630
162830 162829 1009
162552 162551 818
162875 162551 818
162875 162874 709
163104 162551 1260
162877 162878 1200
162877 162893 848
162855 162867 1695
162855 162896 752
162895 162872 873
162895 162894 3493
162896 162855 752
162896 162872 1458
162893 162877 848
162893 162894 630
205334 196645 862
210485 210484 1163
210485 210493 797
210486 210484 833
210486 210493 1059
210486 210500 346
210492 210493 1741
210492 210495 796
210505 210495 434
179169 179168 2282
179169 179194 202
179171 179170 1545
179194 179169 202
179194 179192 279
179208 179207 2086
179208 179209 1346
179341 179347 1302
179341 179349 1663
179209 179208 1346
179209 179349 925
179128 179127 752
179134 179127 1085
179335 179334 765
179335 179336 932
179340 179334 160
179311 179307 848
179311 179339 403
115634 115552 1679
115634 115636 839
115633 115632 2796
115636 115551 4273
115636 115634 839
115560 115561 4067
115562 115561 1219
116073 115561 1083
115650 115645 1928
115891 115892 922
115891 115915 943
106457 106456 348
106458 106456 1005
106460 106459 475
106460 106840 2043
106465 106467 746
106465 106839 2677
106468 106467 2947
106469 106467 884
106469 106471 603
106840 106460 2043
106840 106839 950
106472 106471 1119
106285 106284 1031
106356 106284 515
106307 106306 650
106304 106421 344
106419 106421 433
106415 106414 282
32367 32371 6212
30225 32346 351
32440 32346 748
114766 114767 786
114764 114769 145
114778 114777 1134
114755 114756 275
114755 114759 2044
114757 114758 2004
114757 114759 1028
114673 114758 867
114724 114725 1647
114726 114725 4085
114754 114756 1906
191665 190875 4858
194416 190875 2025
194110 191794 7990
194109 191795 353
193092 193094 2241
193092 193099 1774
193083 193089 1536
193108 193091 10635
193146 193094 1865
193136 191558 1876
193155 191558 1202
193184 193185 417
193991 193192 379
193189 193191 947
193189 193194 1159
193191 193189 947
193191 193194 1466
190971 193198 2223
193992 193990 429
190969 193228 2037
190969 193229 2121
193228 190969 2037
193228 193229 237
193249 193230 449
192182 192183 430
192594 192183 1237
192205 192203 881
192208 192203 1268
192208 192514 1178
192411 192410 743
192514 192208 1178
192514 192516 2900
192515 192516 182
192166 192170 823
192166 192170 823
192547 192155 627
192549 192155 1178
35116 35115 520
35153 35115 1417
35153 35158 2606
35144 35136 1003
35161 35136 1495
930
180958
180949
180954
179332
180912
180926
181138
181151
181219
181211
181229
181237
181235
181491
181516
181523
181550
181552
181551
181573
184463
184453
184464
184457
184454
184495
184489
185642
184309
184467
184304
184445
184378
184307
184306
184370
179588
184374
184376
184385
184375
184351
184353
163076
163079
163084
163093
184391
163102
163115
163117
184390
185673
183102
183106
183119
183130
184616
184613
184621
184625
184635
184644
173433
184517
184631
184646
183089
176682
183059
183110
183036
183154
183170
183041
181498
182665
182668
182674
181601
182703
182706
181609
181690
181692
181656
181706
181699
182042
182044
182698
182708
182712
182722
182826
182824
182838
182752
182753
182868
185734
182796
182916
182913
182888
182886
183473
183519
183524
183526
183549
183583
183468
183465
183594
183482
183627
183634
183719
183642
185234
183471
183547
183647
183712
183714
174049
172899
183278
183309
183731
183736
183728
183612
183614
183801
183045
183236
183240
183302
183286
163072
162574
210412
210416
210387
210388
209244
209427
209268
209511
209517
209537
209540
209541
209599
209621
209627
209631
210101
210102
210106
210131
210110
210136
210159
210185
210186
210190
210198
210211
210386
210480
210483
210498
162684
162825
162829
162551
162873
162878
162867
162872
162894
196645
210493
210495
210500
179168
179170
179192
179207
179347
179349
179127
179334
179339
179307
115552
115632
115551
115561
115645
115892
115915
106456
106459
106467
106839
106471
106284
106306
106421
106414
32371
32346
114767
114769
114777
114759
114758
114725
114756
190875
191794
191795
193099
193089
193091
193094
191558
193185
193192
193194
193198
193990
193229
193230
192183
192203
192410
192516
192170
192155
35115
35136
35158
29461
29498
29499
30332
30583
30481
30484
30625
35202
30846
30850
30851
30874
31723
31724
32658
30385
30407
30413
30423
34526
29585
32470
30788
30805
30799
30789
30798
30669
30812
29516
29518
31714
31717
31732
31734
31138
31745
31752
31164
7037
31779
31808
31819
31833
31838
31842
32840
32844
32883
32892
32897
32906
32954
32904
32991
33074
33135
33137
33140
33083
33145
14366
33200
33205
33211
33217
33437
33440
33443
33667
33458
33459
33648
33649
33662
33663
33669
16939
16962
16994
17467
17470
16984
16999
16988
17061
17000
17034
17073
17094
17086
17097
17117
17118
17121
17160
17174
17568
17586
17587
17031
17479
17480
17518
17709
17650
17652
17707
17284
17308
17728
17805
17806
17824
17828
17830
17924
17933
17886
17889
17891
17926
17902
17927
17908
17870
17899
18511
18173
18228
18276
18277
6518
18306
18308
18562
18749
18680
18798
18805
18823
18822
18829
18845
18848
25304
18980
18981
18990
18991
25351
25352
25296
25299
25303
25349
25343
25346
25370
25374
26726
26729
26908
26693
26699
26700
26689
26682
26691
26371
26302
26322
26368
26364
26239
26365
26392
26399
26391
26410
26429
26433
26434
26488
26510
26529
26336
26304
26305
26344
26335
26356
26357
26414
26339
26351
26350
26361
26378
26404
26405
26522
26523
27374
53344
56755
29422
29415
53241
53181
53187
53363
53367
53364
53389
54955
54975
54980
55559
55583
55635
55637
55639
53662
53668
53705
53736
141201
141203
141185
141188
141233
141220
141223
141252
195381
214440
214441
195367
195363
195364
195362
195365
141271
141259
141274
141277
141282
144185
144188
140873
140881
140882
140883
140897
140904
140953
140956
140971
140969
140974
141193
141195
186275
186291
186301
186534
186543
186200
186648
186660
186545
186554
186567
186679
186684
186700
186710
186714
186722
186726
186734
186777
186781
186791
186809
186806
186901
186863
186876
186782
186784
186860
186813
186884
140642
140646
140700
140704
140707
140753
140732
140580
140639
140666
140667
140673
140675
140731
55643
55668
55820
55876
55904
189810
189811
186276
189721
190249
189816
190224
190209
190215
195396
195391
196137
196138
196143
196160
196164
195866
195859
195871
195856
195873
196215
196216
195867
195868
196026
196031
196048
196058
202577
202800
202803
202811
202813
202817
203234
203249
203253
203290
203307
203478
203480
203529
203544
203549
203315
203324
203326
203329
205717
205726
195959
205786
214874
197169
202548
202552
202555
196046
196065
196047
196465
196469
214365
215121
215124
196536
196548
196549
196564
196570
197109
197138
197148
205979
205992
206006
206012
206011
206659
205770
205944
205793
205936
206662
206637
206726
206638
206644
206748
206750
206753
206901
206909
206920
206926
206969
206971
206977
206988
206984
206989
209270
209280
209291
209297
209299
209246
209248
209330
209332
209335
180196
180215
180240
180227
180242
180222
180884
180952
180922
180948
179336
180911
180932
179312
181137
181243
181150
181221
181228
181143
181239
181482
181489
181492
181505
181514
181543
181560
181579
181574
181582
184461
184472
184476
184503
184462
184459
184458
184494
184487
185643
184468
184305
184446
184394
184384
179584
184373
184448
184528
184529
184397
163077
163078
163081
163094
184395
163099
163116
163107
163123
184488
183101
183108
183107
183118
183129
184618
184639
184622
184624
184645
184636
184643
184506
184518
184628
184649
184647
183099
185977
183109
183158
183035
183146
183155
183176
181499
181740
181761
182669
182673
182757
181604
185803
181610
182661
181687
181685
182660
181654
181680
181657
181700
182040
182045
182696
182707
182711
182721
182694
182827
182833
182834
182829
182837
182861
182870
182795
182864
182884
182883
183474
183466
183593
183481
183698
183628
183633
183718
183644
185233
185235
183470
183483
183993
183713
183715
174050
174064
172897
183291
183310
183730
183737
183611
183747
183609
178786
183046
183237
183244
183241
183308
183303
183317
183285
163068
163070
210413
210414
210418
210478
210401
210402
209255
209267
209510
209519
209532
209600
209610
209622
209630
210104
210138
210103
210133
210134
210158
210187
210192
210188
210191
210209
210212
162685
162819
162826
162830
162552
162875
163104
162877
162855
162895
162896
162893
205334
210485
210492
210505
179169
179194
179208
179341
179209
179128
179134
179335
179340
179311
115634
115636
115560
115891
106460
106465
106469
106840
106285
106356
106304
106419
32367
30225
32440
114766
114764
114755
114757
114673
114724
114754
194110
193092
193083
193108
193146
193136
193155
193184
193189
193191
190971
190969
193228
193249
192182
192208
192411
192514
192166
192547
35153
35144
