822
112531 112532 1222
112531 112533 475
112759 112533 2616
112759 112635 1000
104190 104184 809
104214 104213 927
104214 104254 403
104222 104223 1145
104192 104179 939
104192 104193 1409
104193 104192 1409
104193 104194 1139
104028 104045 551
104028 104082 2480
103999 104000 672
103999 104708 688
104006 104007 129
104177 104175 1344
104177 104178 672
104177 104203 612
104247 104248 1935
104247 104261 1190
104247 104262 672
39128 39123 1778
39133 39109 1576
39133 39118 1818
39292 39287 420
39292 39294 688
39297 39296 1161
39297 39302 1780
39310 39302 847
37263 37225 421
37226 37224 782
37215 37117 1430
37215 37213 2900
37215 37220 3202
37231 37220 1468
37231 37234 1015
37231 38346 818
37234 37231 1015
37234 38348 1124
38359 38353 1161
37264 37224 1854
37264 37225 1700
38361 38353 788
38361 38355 373
38409 38412 599
38409 38423 1116
38409 38434 1004
38423 38409 1116
38423 38424 1000
38423 38449 556
38451 38450 418
38457 38455 2138
38457 38458 551
40230 40231 2823
40230 40234 1103
40250 40241 810
40250 40251 848
40258 40253 1094
40258 40264 796
38460 38455 1103
38460 40238 2126
40239 40227 421
40239 40241 1063
40251 40250 848
40251 40253 1225
38475 38471 1225
38475 38472 849
40243 38473 1004
40243 40246 805
38473 38459 1344
38473 38466 952
38473 40243 1004
38561 38472 1124
38561 38563 1000
40322 38566 2408
40322 38571 2170
40325 38571 751
40325 40335 1029
40335 40325 1029
40335 40343 927
40349 40350 505
40349 40356 1812
40365 40366 373
40403 40366 1544
40403 40405 873
40405 40368 1918
40405 40403 873
40406 40368 537
40406 40407 836
40721 40671 2197
36824 40728 131
40722 40671 789
40722 40723 1560
40682 40680 1110
40682 40700 2539
40682 40728 2080
40706 40700 870
40706 40707 1766
40733 50595 21
40709 40707 1009
40709 40714 2013
40715 40714 849
40715 40718 1637
40715 40754 756
40752 40754 1935
40752 40755 824
40759 40757 791
40759 40758 1867
40760 40719 838
40760 40757 2377
40719 40717 783
40719 40718 1035
40719 40754 2349
40719 40760 838
40719 40770 2414
56312 56326 948
56312 56327 848
56322 56325 738
56322 56326 928
56348 56328 474
56348 56349 1206
39021 39010 2802
39021 39014 337
39021 39022 1565
39027 39010 1254
39027 39011 2744
40765 39011 1083
40765 40766 2714
40767 40766 865
40767 40769 2748
40770 40719 2414
40770 40769 806
39025 39016 828
41578 41577 600
41581 41576 790
41581 41580 2180
41590 41580 647
41590 41587 305
41587 41574 1120
41587 41590 305
47671 41593 552
47671 47672 713
47674 47672 1032
47674 47684 452
47684 47662 878
47684 47674 452
47786 47782 890
47786 47787 778
47794 47787 926
47794 47791 1188
48443 47795 435
48443 48478 355
48478 47816 610
48478 48443 355
48481 48479 1238
48481 48482 435
48484 48482 517
48484 48483 452
48483 48482 537
48483 48484 452
48483 48485 1398
47667 47665 906
47667 47670 2511
47694 47697 2035
47695 47697 828
47695 47732 475
47666 47663 1009
47692 47691 549
47692 50563 202
47699 47697 871
47699 47736 2511
47699 47770 752
47770 47699 752
47770 47771 2243
47817 47813 790
47817 47815 1398
47818 47815 1499
47818 48479 1322
47819 47806 766
47820 47806 1768
47820 47807 790
47820 48095 2192
48096 48095 709
48096 48098 3590
48485 48479 834
48485 48483 1398
48098 48067 953
48098 48085 2216
48098 48096 3590
48104 48112 600
48104 48113 2560
48113 48087 985
48113 48091 2454
48113 48104 2560
48115 48091 1145
48120 48133 679
48120 48134 1602
48120 48136 869
48135 48136 736
48138 48134 898
48138 48136 1550
48221 48134 1405
48221 48222 653
48016 47971 1810
48158 48030 807
48158 48032 1484
48159 48032 807
48014 48012 807
48014 48015 789
48014 48026 789
48042 48010 3098
48042 48015 2422
48046 48038 879
48046 48043 1142
48116 48091 2406
48116 48092 968
48175 48171 241
48175 48176 483
48205 48204 747
48206 48204 1647
48206 48216 749
48222 48216 1414
48222 48221 653
48286 48287 1641
48286 48288 890
47469 47413 2486
47469 47471 837
47481 47471 2356
47481 47486 890
48244 130532 612
48246 47486 2232
48246 48247 1028
130770 130532 1747
130770 130765 1074
130779 130772 475
130779 130774 1182
130779 130791 673
48294 48290 2556
48294 48292 2714
48305 48306 2202
131324 131321 606
131324 131322 976
48301 48287 537
48301 48289 818
131323 131322 1145
131323 131328 2578
131328 131319 934
131328 131323 2578
131331 131319 2237
131331 131337 934
131331 131338 1124
130907 130905 1201
130907 131335 2007
131338 131331 1124
131338 131339 1017
130911 130906 667
130911 130912 688
131341 130912 796
131423 130910 751
131423 131424 2007
131424 131171 562
131424 131423 2007
131427 131426 710
131427 131428 421
131428 131198 2516
131428 131427 421
131442 131199 1028
131442 131201 1067
131443 131201 953
131443 131448 752
129941 129946 1501
129941 131451 466
129979 129980 1012
129979 131203 506
129947 129946 423
131531 131530 1161
131538 131535 1207
131538 131540 2499
131538 131541 2426
131538 131576 510
131582 131543 907
131582 131546 1768
131582 131583 1081
131583 131582 1081
131583 131586 475
131587 131586 477
131587 131588 631
131596 131598 747
131596 131600 1631
131600 131596 1631
131600 131599 818
131690 131704 600
131690 131709 477
131696 131724 1190
131724 131696 1190
131757 131734 433
132266 132285 2600
131734 131757 433
132285 132266 2600
132285 132294 1439
132294 132285 1439
54188 54187 837
54195 54688 2292
54187 54188 837
54688 54195 2292
51101 54720 2027
54720 51101 2027
150522 150530 1571
150530 150522 1571
140311 140399 819
140399 140311 819
140508 140521 2412
140521 140508 2412
141964 141966 2467
141966 141964 2467
141982 141987 1078
143258 143256 285
143494 143501 820
142715 142716 1600
142716 142715 1600
143766 143763 1516
143763 143766 1516
143697 143499 2138
143698 143706 310
143706 143698 310
143501 143494 820
143499 143697 2138
142822 142808 861
142812 142811 2609
142808 142822 861
142811 142812 2609
142806 142804 1053
142804 142806 1053
141987 141982 1078
143188 143192 2016
143192 143188 2016
143247 143252 918
143252 143247 918
143256 143258 285
144856 144869 1372
204576 204571 609
204571 204576 609
204618 204620 849
204620 204618 849
144869 144856 1372
144869 144874 479
144874 144869 479
145069 145079 805
145079 145069 805
145088 145089 801
145089 145088 801
145649 145663 744
145663 145649 744
145722 145725 427
145725 145722 427
145741 145734 1002
145734 145741 1002
145738 145745 607
145745 145738 607
215066 211310 365
152615 152625 807
152603 152671 1064
152671 152603 1064
152678 152599 747
152599 152678 747
153530 162518 2088
162518 153530 2088
152535 152534 476
152608 152607 558
152607 152608 558
152625 152615 807
168509 168510 951
168510 168509 951
167631 167632 1029
167632 167631 1029
167650 167663 1905
167663 167650 1905
180063 180062 2578
180062 180063 2578
180062 180065 2578
180065 180062 2578
179855 179849 122
179978 179989 1114
179989 179978 1114
179849 179855 122
152534 152535 476
152828 152775 766
152775 152828 766
152826 152827 505
152824 152752 796
152827 152826 505
152752 152824 796
153158 153224 677
153224 153158 677
156028 156026 837
156026 156028 837
156085 156086 789
156086 156085 789
153305 153304 948
153304 153305 948
153341 153342 796
153342 153341 796
155813 155814 951
153502 153513 1635
153513 153502 1635
155814 155813 951
176261 176256 818
156371 156372 1255
177307 177330 818
176256 176261 818
177330 177307 818
156505 156506 445
156372 156371 1255
156506 156505 445
156092 156553 1783
156553 156092 1783
156832 156831 1115
156831 156832 1115
156593 156622 1225
156622 156593 1225
156833 156835 1447
156835 156833 1447
177461 177462 1010
177462 177461 1010
177475 177496 1897
177496 177475 1897
177496 177498 667
177498 177496 667
167488 167490 778
167490 167488 778
167490 167491 782
167491 167490 782
167495 167504 1101
167504 167495 1101
165502 167435 1182
167435 165502 1182
165968 165481 697
165481 165968 697
165485 165483 810
165483 165485 810
211314 211315 912
211315 211314 912
211310 215066 365
212502 212500 897
212500 212502 897
213214 213216 929
213216 213214 929
164947 165675 475
165675 164947 475
114249 114258 1889
114258 114249 1889
114015 113995 865
113995 114015 865
114159 114153 782
114153 114159 782
119010 119012 2118
119012 119010 2118
119108 119137 1875
119137 119108 1875
92174 92176 3160
92189 92190 1517
92190 92189 1517
92176 92174 3160
92503 92453 3042
92453 92503 3042
92743 92744 1375
92744 92743 1375
191653 191834 709
191834 191653 709
114352 114338 1694
114338 114352 1694
104056 104066 2377
104063 104082 1483
104066 104056 2377
103975 103988 1778
103988 103975 1778
112541 112560 1813
112543 112549 750
112549 112543 750
112560 112541 1813
112636 112635 1225
112532 112531 1222
112533 112531 475
112533 112759 2616
112635 112636 1225
112635 112759 1000
104184 104190 809
104213 104214 927
104254 104214 403
104223 104222 1145
104179 104192 939
104194 104193 1139
104045 104028 551
104082 104028 2480
104082 104063 1483
104000 103999 672
104708 103999 688
104007 104006 129
104175 104177 1344
104178 104177 672
104203 104177 612
104248 104247 1935
104261 104247 1190
104262 104247 672
39123 39128 1778
39109 39133 1576
39118 39133 1818
39287 39292 420
39294 39292 688
39294 39296 581
39296 39294 581
39296 39297 1161
39296 39302 2282
39302 39296 2282
39302 39297 1780
39302 39310 847
37225 37263 421
37225 37264 1700
37224 37226 782
37224 37264 1854
37117 37215 1430
37213 37215 2900
37220 37215 3202
37220 37231 1468
38346 37231 818
38346 38348 1180
38348 37234 1124
38348 38346 1180
38353 38359 1161
38353 38361 788
38355 38361 373
38412 38409 599
38434 38409 1004
38424 38423 1000
38449 38423 556
38450 38451 418
38455 38457 2138
38455 38459 667
38455 38460 1103
38458 38457 551
38458 40238 629
40231 40230 2823
40231 40234 2224
40234 40230 1103
40234 40231 2224
40241 40239 1063
40241 40250 810
40253 40251 1225
40253 40258 1094
40264 40258 796
40238 38458 629
40238 38460 2126
40238 40227 1063
40227 40238 1063
40227 40239 421
38471 38475 1225
38472 38475 849
38472 38561 1124
40246 40243 805
38459 38455 667
38459 38473 1344
38466 38473 952
38563 38561 1000
38566 40322 2408
38571 40322 2170
38571 40325 751
40343 40335 927
40350 40349 505
40356 40349 1812
40366 40365 373
40366 40368 1299
40366 40403 1544
40368 40366 1299
40368 40405 1918
40368 40406 537
40407 40406 836
40671 40721 2197
40671 40722 789
40728 36824 131
40728 40682 2080
40723 40722 1560
40680 40682 1110
40700 40682 2539
40700 40706 870
40707 40706 1766
40707 40709 1009
50595 40733 21
40714 40709 2013
40714 40715 849
40718 40715 1637
40718 40717 668
40718 40719 1035
40754 40715 756
40754 40719 2349
40754 40752 1935
40754 40757 819
40755 40752 824
40755 40757 1910
40755 40758 892
40757 40754 819
40757 40755 1910
40757 40759 791
40757 40760 2377
40758 40755 892
40758 40759 1867
40717 40718 668
40717 40719 783
40717 40769 2422
56326 56312 948
56326 56322 928
56326 56328 677
56327 56312 848
56325 56322 738
56328 56326 677
56328 56348 474
56349 56348 1206
39010 39021 2802
39010 39027 1254
39014 39021 337
39022 39016 1206
39022 39021 1565
39011 39027 2744
39011 40765 1083
40766 40765 2714
40766 40767 865
40769 40717 2422
40769 40767 2748
40769 40770 806
39016 39022 1206
39016 39025 828
41577 41576 697
41577 41578 600
41576 41577 697
41576 41581 790
41580 41574 1483
41580 41581 2180
41580 41590 647
41574 41580 1483
41574 41587 1120
41574 41593 452
41593 41574 452
41593 47671 552
41593 47672 924
47672 41593 924
47672 47662 1085
47672 47671 713
47672 47674 1032
47662 47663 2614
47662 47672 1085
47662 47684 878
47782 47786 890
47787 47786 778
47787 47794 926
47791 47794 1188
47791 47795 1786
47795 47791 1786
47795 48443 435
47816 48478 610
47816 48479 1062
48479 47816 1062
48479 47818 1322
48479 48481 1238
48479 48485 834
48482 48481 435
48482 48483 537
48482 48484 517
47665 47663 2481
47665 47667 906
47670 47667 2511
47670 47732 828
47697 47694 2035
47697 47695 828
47697 47699 871
47732 47670 828
47732 47695 475
47663 47662 2614
47663 47665 2481
47663 47666 1009
47691 47692 549
50563 47692 202
47736 47699 2511
47736 47771 849
47771 47736 849
47771 47770 2243
47813 47817 790
47815 47817 1398
47815 47818 1499
47806 47819 766
47806 47820 1768
47807 47820 790
48095 47820 2192
48095 48096 709
48067 48098 953
48085 48098 2216
48085 48112 560
48112 48085 560
48112 48104 600
48087 48113 985
48091 48113 2454
48091 48115 1145
48091 48116 2406
48133 48120 679
48133 48204 848
48133 48216 1654
48134 48120 1602
48134 48138 898
48134 48216 707
48134 48221 1405
48136 48120 869
48136 48135 736
48136 48138 1550
47971 48016 1810
48030 48158 807
48032 48158 1484
48032 48159 807
48012 48014 807
48015 48014 789
48015 48042 2422
48026 48014 789
48010 48042 3098
48038 48046 879
48043 48046 1142
48092 48116 968
48171 48175 241
48176 48175 483
48204 48133 848
48204 48205 747
48204 48206 1647
48216 48133 1654
48216 48134 707
48216 48206 749
48216 48222 1414
48287 48286 1641
48287 48301 537
48288 48286 890
48288 48289 1865
47413 47469 2486
47471 47469 837
47471 47481 2356
47486 47481 890
47486 48246 2232
130532 48244 612
130532 130770 1747
48247 48246 1028
130765 130770 1074
130772 130779 475
130774 130779 1182
130791 130779 673
48290 48292 1086
48290 48294 2556
48292 48290 1086
48292 48294 2714
48306 48305 2202
131321 131322 452
131321 131324 606
131322 131321 452
131322 131323 1145
131322 131324 976
48289 48288 1865
48289 48301 818
131319 131328 934
131319 131331 2237
131337 131331 934
130905 130906 1161
130905 130907 1201
131335 130907 2007
131339 131338 1017
130906 130905 1161
130906 130911 667
130912 130911 688
130912 131341 796
130910 131423 751
131171 131424 562
131171 131426 951
131426 131171 951
131426 131427 710
131198 131199 337
131198 131428 2516
131199 131198 337
131199 131442 1028
131201 131442 1067
131201 131443 953
131201 131448 796
131448 131201 796
131448 131443 752
129946 129941 1501
129946 129947 423
131451 129941 466
129980 129979 1012
131203 129979 506
131530 131531 1161
131530 131535 678
131535 131530 678
131535 131538 1207
131540 131538 2499
131540 131541 436
131541 131538 2426
131541 131540 436
131541 131543 476
131541 131576 1968
131576 131538 510
131576 131541 1968
131576 131543 2044
131543 131541 476
131543 131576 2044
131543 131582 907
131546 131582 1768
131546 131586 1813
131586 131546 1813
131586 131583 475
131586 131587 477
131588 131587 631
131588 131598 951
131598 131588 951
131598 131596 747
131598 131599 1759
131599 131598 1759
131599 131600 818
131704 131690 600
131709 131690 477
956
112531
112759
104190
104214
104222
104192
104193
104028
103999
104006
104177
104247
39128
39133
39292
39297
39310
37263
37226
37215
37231
37234
38359
37264
38361
38409
38423
38451
38457
40230
40250
40258
38460
40239
40251
38475
40243
38473
38561
40322
40325
40335
40349
40365
40403
40405
40406
40721
36824
40722
40682
40706
40733
40709
40715
40752
40759
40760
40719
56312
56322
56348
39021
39027
40765
40767
40770
39025
41578
41581
41590
41587
47671
47674
47684
47786
47794
48443
48478
48481
48484
48483
47667
47694
47695
47666
47692
47699
47770
47817
47818
47819
47820
48096
48485
48098
48104
48113
48115
48120
48135
48138
48221
48016
48158
48159
48014
48042
48046
48116
48175
48205
48206
48222
48286
47469
47481
48244
48246
130770
130779
48294
48305
131324
48301
131323
131328
131331
130907
131338
130911
131341
131423
131424
131427
131428
131442
131443
129941
129979
129947
131531
131538
131582
131583
131587
131596
131600
131690
131695
131696
131724
131726
131757
131759
132262
132266
131734
132285
132294
54188
54195
54186
54187
51115
54688
54692
54139
54141
54180
54163
54197
54201
54205
54202
54695
54211
51101
54296
54720
54313
54308
150516
150522
150530
150540
150547
150511
150717
140397
140403
140422
140463
150747
150745
143908
140468
140311
140402
140419
140461
140399
140405
140409
140493
140497
140508
140521
140539
141964
141966
141982
143258
143273
143277
143433
143408
143410
143413
143424
143431
143477
143482
143508
143494
142715
142833
142716
143784
143766
143767
143709
143711
143763
143697
143698
143706
143501
143502
143499
142822
142812
142808
142811
142818
142858
142806
142855
142868
142804
141987
143188
143192
143247
143252
143256
142791
142790
142796
144807
144814
144856
204576
204578
204571
204584
204590
204629
204618
204633
204627
204631
204924
204620
204812
204815
204824
204833
204955
204898
204906
204910
144869
144874
145067
145069
145079
145088
145089
145144
145222
145234
145626
145629
145633
145645
145649
145663
145666
145717
145722
145725
145741
145734
145738
145745
145914
145918
145930
146819
146848
146857
146864
146919
146932
146944
214888
214889
214956
214966
214985
214849
214852
215062
211302
211301
211293
215066
215068
167410
167559
152615
152618
152663
152603
152671
152596
152678
152599
152586
153527
153530
162518
168516
152521
152535
152608
152607
152625
168509
162514
168510
167595
167594
167638
167631
167632
167650
167663
167803
168443
152527
152531
177687
185996
185965
179603
179598
179667
178627
178655
180063
180062
180065
180131
179855
179878
179850
179948
179978
179989
179849
179970
180003
152534
152828
152775
152826
152824
152827
152633
152779
152759
152752
152848
153158
153173
153224
153229
155909
156006
156011
156010
156028
156026
156085
156084
156086
155841
155904
153305
153304
153327
153341
153342
153345
153441
153386
153426
152289
155813
154002
155826
155833
155830
155852
153949
153478
153455
153502
153513
155861
155863
155842
155858
155840
155814
180035
185282
180031
172994
173019
173025
173011
173129
173139
173149
173152
173184
178212
177757
178206
178200
173235
173231
173244
173236
173247
173058
173007
173009
173082
173187
172975
178075
178183
178185
173269
174840
174831
174833
174883
174868
173461
174936
176261
176590
176598
176600
176601
176581
176577
156371
156376
176583
177307
176256
177330
156505
156517
156533
156501
156372
156386
156399
156476
156506
156469
156092
156553
156562
156832
156496
156831
156848
156593
156622
156659
156833
156835
156631
156855
156626
156633
156673
177461
177462
177505
177443
177466
177472
177486
177475
177496
177385
177498
177321
177292
177368
177314
185344
177309
176737
176753
175063
176846
167412
167488
167490
165621
165607
165855
165620
165567
165568
165631
165626
165564
167688
167690
167491
167495
167504
167555
165502
167435
165497
165500
165508
167438
167466
167469
167539
165871
165879
165874
165968
165897
165481
165485
165483
165486
165446
167460
164834
211311
211306
211314
211227
211315
211502
211310
212227
213233
212221
212226
212487
212501
212502
212500
212506
212569
213214
213216
212565
212567
212573
164684
164654
164901
164959
164604
164853
164924
164928
164906
164954
164947
164949
165675
164950
214277
114249
114257
114258
114288
114295
113972
114015
113995
114002
114156
114161
114159
114129
114153
114148
114177
118840
119238
119306
119242
118579
119062
119010
119012
119092
119108
119137
119017
119030
119027
102931
102926
102188
102198
102202
102945
94397
102342
94410
92174
92184
92189
92190
92176
92236
92250
92251
94497
94498
92297
92330
92462
92465
92503
92453
93150
93138
93155
93156
93198
93205
93168
101880
107083
108124
105598
108053
108150
105675
107952
108121
108157
108174
108173
108392
107245
108412
108435
108512
108551
93091
93002
93005
92859
92993
93021
93031
93009
93024
93084
92734
92743
92744
92754
92766
92796
92770
92587
92559
92566
92569
92490
92578
92579
92608
92692
92700
94333
191862
192691
192694
191764
191999
191756
190867
191548
191845
192086
191651
191653
191834
191603
192688
191050
191317
192662
194253
119221
114084
114228
114237
114115
114328
114352
114338
114271
114283
109238
103277
103279
107540
109393
109573
109657
109673
109642
109651
109621
109730
109981
110008
110126
110127
109998
110132
110137
110180
103300
103297
111274
111271
111304
105579
110816
110757
110813
111397
111388
111395
111400
104056
104063
104066
104117
104182
104269
103947
103951
103958
103978
105769
112829
103974
104012
104027
103975
103988
112488
112541
112543
112549
112552
112560
112755
112636
110909
110924
112509
112517
112524
112533
112635
104184
104213
104254
104179
104194
104045
104082
104000
104708
104007
104175
104248
104261
39123
39109
39118
39287
37225
37224
37117
37213
37220
38346
38348
38353
38355
38412
38434
38450
38455
40231
40234
40241
40253
40227
38471
38472
40246
38466
38563
38566
38571
40343
40350
40356
40366
40407
40671
40723
40680
40700
40707
40714
40718
40755
40717
56327
56328
39010
39014
39011
40766
40769
39016
41577
41576
41580
41574
47662
47782
47787
47791
47795
47816
47665
47670
47697
47732
47663
47736
47771
47813
47815
47806
47807
48095
48067
48085
48112
48087
48091
47971
48030
48032
48012
48015
48026
48010
48038
48043
48092
48171
48288
47413
47471
47486
130532
48247
130765
130772
130774
130791
48290
48292
48306
131321
131322
48289
131319
130905
130906
130912
130910
131171
131426
131198
131201
131448
129946
131451
131203
131530
131535
131540
131541
131543
131546
131586
131588
131599
131704
131709
