656
144773 144771 2244
144773 144772 761
144773 145315 188
144763 144730 2194
144763 144762 960
144774 144762 2300
144774 144770 879
144765 144722 602
144765 144766 1666
144766 144765 1666
144766 145098 808
145113 145102 750
145113 145114 1392
145113 145119 897
145119 145113 897
145119 145120 1343
145121 145116 641
145121 145120 771
145121 145481 785
145480 145481 1414
145483 145481 751
145482 145116 2045
145482 145499 533
145491 145502 264
145491 145516 1446
145517 145516 664
145517 145518 1474
145517 145520 880
145520 145517 880
145520 145521 1493
145574 145521 780
145574 145592 1423
145593 145592 850
145593 145595 809
145593 145596 1483
145595 145593 809
145595 145597 1429
145595 145606 776
145606 145595 776
145606 145609 1350
145765 145766 751
145765 145772 1414
145760 145761 1479
145760 145772 801
145759 145756 792
145759 145761 766
145759 145762 1382
145756 145757 1450
145756 145759 792
145755 145757 770
145755 145780 1421
145615 145780 840
145615 145781 1771
145608 145609 794
145608 145611 1812
145616 145611 867
145616 145622 1767
145616 145781 812
145766 145765 751
145766 145767 1322
145770 145767 797
145770 145777 1485
145818 145777 833
145818 145820 1355
145821 145820 729
145821 145850 1475
145826 145839 690
145826 145850 704
145826 145852 1773
145839 145826 690
145839 145861 1763
145862 145861 648
145862 145867 1805
145868 145867 677
145868 145876 1194
146050 145876 851
146050 146052 2522
146054 146052 795
146054 146055 824
146054 146056 1769
146055 146054 824
146055 146071 1719
146072 146071 824
146072 146102 2056
151473 146102 724
151473 151475 1941
151476 151475 786
142099 151491 792
142099 151492 596
151550 151553 813
151550 151731 1652
151580 151577 815
151580 151581 2073
151580 151731 788
151555 151553 1577
151555 151565 729
151564 148163 923
151564 151565 1831
151577 151580 815
151577 151582 1979
151579 151582 912
151579 151583 442
151535 151537 851
151535 151538 1519
151547 151538 819
151536 151558 1332
151536 151558 1332
151536 203814 888
151537 151535 851
151537 151558 791
151537 151559 1510
151557 203815 496
149313 149314 802
149313 149316 667
151496 151497 1433
151496 151583 1427
204454 203815 182
203833 203824 358
204429 204453 946
204516 204515 901
204516 204517 802
204517 204516 802
204517 204518 884
204517 204524 395
204523 204534 1505
204535 204536 807
204535 204537 1495
208576 208613 662
208616 208598 902
208616 208614 1576
208616 208617 773
208596 208606 840
208605 208601 774
208605 208606 1667
207868 207866 3443
207868 208558 255
208558 194685 564
208558 207868 255
208558 208634 3848
208563 208623 2236
214818 207852 203
208581 208620 708
208632 208620 387
208619 208615 955
208619 208620 1577
208599 208601 2078
208587 208586 1444
207797 207791 824
207797 207798 1501
207845 207798 880
207845 207884 1001
207845 207885 955
207848 207849 894
207848 207850 1385
207851 207852 665
214932 207865 158
208603 208609 346
208603 208663 363
208663 208603 363
208663 208629 1814
208664 208665 775
208664 208666 1902
208654 208659 583
208654 208662 3179
208658 208657 802
208658 208659 1113
208656 208657 785
208671 208657 1205
208671 208672 769
208706 208710 543
208711 208709 1021
208711 208710 710
208711 208724 778
208725 208724 1085
208725 208731 870
208730 208731 1310
208730 211107 275
211156 214548 789
211156 214549 714
211157 211172 2845
211157 214597 1578
180236 180260 1015
180236 180262 2248
180251 180250 667
176650 176651 562
176650 180269 682
180604 180269 1014
180604 180466 905
180604 185574 848
180413 180414 1114
180413 180466 336
166401 166398 889
166401 172468 758
166403 166452 1445
166494 166493 667
166494 172470 674
166502 166503 758
166502 166547 2335
166544 166545 778
166544 166573 1268
166577 166578 889
166577 166730 1200
166725 166705 893
166725 166730 818
166725 172661 1050
166705 166704 1161
166705 166725 893
167193 167192 790
167193 167222 1161
167208 167201 2797
167208 167207 828
167208 167222 790
167203 167202 452
167203 167204 871
167206 167207 582
167183 167195 1580
167186 167195 688
167190 167189 818
167264 167195 796
167189 167190 818
167192 167193 790
167084 167086 1993
166754 166758 766
166758 166754 766
166758 167002 1011
167002 166758 1011
167086 167084 1993
180387 180388 336
180388 180387 336
182319 182320 629
182320 182319 629
181922 181923 344
181923 181922 344
182216 182310 1268
182310 182216 1268
182336 182354 1814
182354 182336 1814
173641 173643 1132
152464 152465 344
152465 152464 344
173643 173641 1132
173860 173857 3525
173857 173860 3525
152041 155529 948
155529 152041 948
176127 176129 667
176129 176127 667
155616 155615 1837
155615 155616 1837
155572 155591 650
155609 155610 871
155591 155572 650
155610 155609 871
175908 175907 952
175976 175975 924
175975 175976 924
177105 177073 870
177073 177105 870
176938 176939 376
176951 176950 1004
176950 176951 1004
176939 176938 376
177173 177174 873
177158 177156 605
177174 177173 873
175907 175908 952
177156 177158 605
176754 176756 5191
176756 176754 5191
211365 211415 185
211415 211365 185
166451 166452 758
165310 165320 818
165320 165310 818
164707 164703 2860
164703 164707 2860
164716 164700 1336
164700 164716 1336
211445 211449 449
211449 211445 449
211452 211460 1143
211460 211452 1143
92211 92212 736
92212 92211 736
115722 115723 640
115723 115722 640
106960 106967 930
106967 106960 930
92948 102598 2879
102598 92948 2879
106725 106724 2100
106724 106725 2100
115966 115967 233
115967 115966 233
92723 92722 1504
92722 92723 1504
191789 192011 484
192011 191789 484
191713 191712 409
191712 191713 409
111339 111347 805
103337 103339 411
111475 111478 418
111478 111475 418
103339 103337 411
111477 111347 496
111347 111339 805
111347 111477 496
111596 111597 672
111577 111578 778
111597 111596 672
111578 111577 778
111592 111682 782
111682 111592 782
111726 111727 889
111727 111726 889
112149 112165 1375
111742 111740 756
111653 111652 750
111652 111653 750
111740 111742 756
112165 112149 1375
112668 112656 747
112632 112631 747
112656 112668 747
112631 112632 747
104308 104318 599
104318 104308 599
104320 104325 737
103324 112774 2195
112774 103324 2195
112713 112598 782
112598 112713 782
104325 104320 737
104325 104326 737
104326 104325 737
39197 39198 905
39198 39197 905
104816 104830 2458
104830 104816 2458
39446 39448 788
39448 39446 788
39500 39498 1302
39498 39500 1302
40497 40500 677
40500 40497 677
40521 40535 238
40535 40521 238
40828 40596 2357
40596 40828 2357
40938 40936 1114
40936 40938 1114
41634 41636 2069
41636 41634 2069
48404 48403 670
48529 48540 2454
48540 48529 2454
48552 48667 1104
48347 48343 511
48343 48347 511
48403 48404 670
48667 48552 1104
48676 48688 1408
48688 48676 1408
131397 131399 3104
131397 131400 476
131397 131641 1995
131399 131397 3104
131400 131397 476
131641 131397 1995
131677 131679 7006
131679 131677 7006
120738 120739 1508
120739 120738 1508
54360 54361 562
54361 54360 562
54446 54496 2291
54496 54446 2291
53921 53908 404
53908 53921 404
55149 55164 374
55164 55149 374
144481 142529 2398
144481 144489 2542
144489 144481 2542
144489 144526 2767
144526 144489 2767
144655 144669 778
151769 150660 361
150659 150660 262
150660 150659 262
150660 151769 361
150687 139903 1633
139903 150687 1633
139906 140186 458
140186 139906 458
140205 140206 2049
140206 140205 2049
141575 141874 2359
142529 144481 2398
141874 141575 2359
141877 141914 2325
141914 141877 2325
141931 141932 399
141932 141931 399
142575 142580 1367
142580 142575 1367
55465 55478 810
55478 55465 810
204537 204535 1495
204537 204536 1638
204697 204700 335
204700 204697 335
144669 144655 778
144723 144724 969
144759 144756 1545
144767 144772 800
144724 144723 969
144756 144759 1545
144771 144773 2244
144772 144767 800
144772 144773 761
145315 144773 188
144730 144722 774
144730 144763 2194
144762 144763 960
144762 144774 2300
144770 144774 879
144722 144730 774
144722 144765 602
145098 144766 808
145102 145113 750
145114 145113 1392
145114 145120 820
145120 145114 820
145120 145119 1343
145120 145121 771
145116 145121 641
145116 145482 2045
145481 145121 785
145481 145480 1414
145481 145483 751
145499 145482 533
145502 145491 264
145516 145491 1446
145516 145517 664
145518 145517 1474
145518 145521 801
145521 145518 801
145521 145520 1493
145521 145574 780
145592 145574 1423
145592 145593 850
145596 145593 1483
145596 145597 744
145597 145595 1429
145597 145596 744
145597 145609 757
145609 145597 757
145609 145606 1350
145609 145608 794
145772 145760 801
145772 145765 1414
145772 145767 747
145761 145759 766
145761 145760 1479
145762 145757 823
145762 145759 1382
145757 145755 770
145757 145756 1450
145757 145762 823
145780 145615 840
145780 145755 1421
145781 145615 1771
145781 145616 812
145611 145608 1812
145611 145616 867
145622 145616 1767
145767 145766 1322
145767 145770 797
145767 145772 747
145777 145770 1485
145777 145818 833
145820 145818 1355
145820 145821 729
145850 145821 1475
145850 145826 704
145852 145826 1773
145852 145861 729
145861 145839 1763
145861 145852 729
145861 145862 648
145867 145862 1805
145867 145868 677
145876 145868 1194
145876 146050 851
146052 146050 2522
146052 146054 795
146056 146054 1769
146056 146071 809
146071 146055 1719
146071 146056 809
146071 146072 824
146102 146072 2056
146102 151473 724
151475 151473 1941
151475 151476 786
151491 142099 792
151491 151492 977
151492 142099 596
151492 151491 977
151553 151550 813
151553 151555 1577
151731 151550 1652
151731 151580 788
151581 151580 2073
151581 151582 1028
151565 151555 729
151565 151564 1831
148163 149314 2038
148163 151564 923
151582 151577 1979
151582 151579 912
151582 151581 1028
151583 151496 1427
151583 151579 442
151538 151535 1519
151538 151547 819
151538 151559 815
151558 151536 1332
151558 151536 1332
151558 151537 791
203814 151536 888
151559 149314 1523
151559 151537 1510
151559 151538 815
203815 151557 496
203815 204454 182
149314 148163 2038
149314 149313 802
149314 151559 1523
149316 149313 667
151497 151496 1433
203824 203833 358
204453 204429 946
204515 204516 901
204515 204518 261
204518 204515 261
204518 204517 884
204524 204517 395
204534 204523 1505
204534 204536 938
204536 204534 938
204536 204535 807
204536 204537 1638
208613 208576 662
208613 208614 756
208613 208615 1007
208598 208616 902
208614 208613 756
208614 208616 1576
208617 208616 773
208606 208596 840
208606 208605 1667
208601 208599 2078
208601 208605 774
208601 208609 843
207866 207865 547
207866 207868 3443
194685 208558 564
208634 208558 3848
208623 208563 2236
207852 207851 665
207852 214818 203
208620 208581 708
208620 208619 1577
208620 208632 387
208615 208613 1007
208615 208619 955
208586 208587 1444
207791 207797 824
207798 207797 1501
207798 207845 880
207884 207845 1001
207884 207885 1337
207885 207845 955
207885 207850 710
207885 207884 1337
207849 207848 894
207850 207848 1385
207850 207885 710
207865 207866 547
207865 214932 158
208609 208601 843
208609 208603 346
208629 208663 1814
208629 208666 884
208665 208664 775
208666 208629 884
208666 208664 1902
208659 208654 583
208659 208658 1113
208662 208654 3179
208657 208656 785
208657 208658 802
208657 208671 1205
208672 208671 769
208710 208706 543
208710 208711 710
208709 208711 1021
208724 208711 778
208724 208725 1085
208731 208725 870
208731 208730 1310
211107 208730 275
214548 211156 789
214549 211156 714
211172 211157 2845
214597 211157 1578
180260 180236 1015
180262 180236 2248
180250 180251 667
176651 176650 562
180269 176650 682
180269 180604 1014
180466 180413 336
180466 180604 905
185574 180604 848
180414 180413 1114
166398 166401 889
172468 166401 758
166452 166403 1445
166452 166451 758
166452 166493 758
166493 166452 758
166493 166494 667
172470 166494 674
166503 166502 758
166547 166502 2335
166545 166544 778
166573 166544 1268
166578 166577 889
166730 166577 1200
166730 166725 818
172661 166725 1050
166704 166705 1161
167222 167193 1161
167222 167208 790
167201 167208 2797
167207 167206 582
167207 167208 828
167202 167203 452
167204 167203 871
167195 167183 1580
167195 167186 688
167195 167264 796
980
144773
144763
144774
144765
144766
145113
145119
145121
145480
145483
145482
145491
145517
145520
145574
145593
145595
145606
145765
145760
145759
145756
145755
145615
145608
145616
145766
145770
145818
145821
145826
145839
145862
145868
146050
146054
146055
146072
151473
151476
142099
151550
151580
151555
151564
151577
151579
151535
151547
151536
151537
151557
149313
151496
204454
203833
204429
204516
204517
204523
204535
208576
208616
208596
208605
207868
208558
208563
214818
208581
208632
208619
208599
208587
207797
207845
207848
207851
214932
208603
208663
208664
208654
208658
208656
208671
208706
208711
208725
208730
211156
211157
180236
180251
176650
180604
180413
166401
166403
166494
166502
166544
166577
166725
166705
167193
167208
167203
167206
167183
167186
167190
167264
167189
167192
167152
167171
167215
167084
166716
166754
166758
166761
167002
167034
167074
167086
167012
162544
152401
152404
162546
180499
180180
180387
180388
180396
180406
180178
180188
177719
186066
169972
169833
182316
182319
182318
182221
182320
179714
181922
181923
182122
182118
182142
182146
182191
182214
182216
182225
182310
182335
182336
182354
173585
173641
152318
152933
152311
152941
152330
152341
152326
152408
152464
152465
152478
152903
153004
152909
152928
185770
185779
174823
173573
173643
173675
173518
173519
173165
173846
173851
173860
173856
173857
152915
153009
153016
153022
153025
152041
155508
155527
155529
155483
176119
176127
176490
176469
176500
176487
176497
176001
176129
176008
176135
176006
176010
155679
152063
155616
155615
176465
155523
155571
155572
155609
155591
155610
175908
175976
175975
175983
177105
177117
177073
177020
177017
176938
176951
176950
176953
176939
177031
177036
177038
177034
177041
176087
177173
177158
177174
176089
175907
175978
176105
176081
176963
177156
176787
176791
176781
176780
176792
176876
176873
176891
176894
176877
173861
185749
174953
174977
175025
176664
176759
176633
176754
176712
176756
211348
211365
211415
211018
211323
211341
211342
166450
166451
165053
165072
165078
165094
167277
165310
165258
165320
165229
165312
165324
167289
167310
166466
166486
167282
166476
166482
166491
166472
165045
165047
165052
165059
165062
165066
164474
165121
164439
164447
164813
164815
165174
165177
164385
164387
161389
161396
164353
164707
164703
164559
164716
164700
164710
164718
164720
164561
161394
164529
164534
164578
164591
211445
211466
211449
211455
211530
211548
211553
212169
211547
212176
212191
212194
212198
212229
211452
211460
211454
211462
212457
212464
161405
161408
212510
212527
212250
212253
212439
114384
114653
114302
114198
114428
114582
114603
114019
119126
119152
119150
119404
119405
114915
114951
114899
114930
91999
92075
92122
92112
92211
92212
115398
115400
115419
115420
115722
115723
115753
115677
115810
92309
115729
92311
115730
105808
106736
107025
107048
107092
106969
106960
106967
107117
107389
107417
107440
107483
107443
116313
107528
113747
107519
107476
109709
92827
103136
92963
93033
93193
102817
92824
92831
102594
92872
92948
102598
106725
106724
106744
106757
106733
115970
115966
115967
115782
115984
115994
92723
92728
92722
115850
115990
191500
191505
191789
192011
190885
191713
191971
191712
191734
194225
194222
191483
191560
191784
191551
191938
191601
191879
191958
192665
192774
194014
192723
192811
114064
114404
194384
107565
109460
109781
113871
109799
109815
109854
105184
110998
110970
110972
111089
111101
111321
111337
111339
103337
111475
111478
103339
111476
111477
111347
111226
111480
111236
111239
111533
111535
111232
111519
105277
111564
111587
111596
111575
111577
111597
111578
111592
111682
111722
111726
111727
111732
112147
111766
112149
111742
111752
111653
111669
111672
111456
111658
111652
112580
112588
111700
111740
112602
112610
111768
112168
112165
112668
112632
112656
112631
112700
112701
112772
104306
104308
104318
104323
104320
103326
103324
112774
112713
112709
112598
112644
105729
112885
112887
112763
105723
104337
104509
104325
104326
104341
104296
104405
39227
39229
39585
39530
39564
39555
39531
39592
39221
104742
104757
113700
39193
39197
39198
39218
104749
104816
104835
104882
105022
105025
104865
104830
104424
104906
104877
104926
105001
105003
105009
104464
105005
105027
104669
39559
39345
39464
39463
39446
39466
39448
39391
39451
39416
39443
39414
39475
39484
39500
39498
39701
40439
39707
40460
40484
40489
40497
40500
40505
40519
40521
40526
40535
40538
40609
40527
40616
41129
40558
40390
40552
40618
40632
40828
40835
40837
40851
40854
40858
40953
40957
40921
40585
40592
40596
40622
40924
40926
40938
40945
40923
40944
40936
55225
55245
55248
55414
55460
55467
41634
41636
48391
41646
41645
48405
48404
48525
48529
48540
48552
48347
48370
48343
48403
48667
48676
48688
48710
48711
48776
48739
48742
48737
48716
49054
48898
48907
48906
48913
49052
48891
48897
48934
48935
48948
48950
48958
48870
48919
48974
49016
48996
48986
48995
48998
49024
50485
49029
49037
49177
49197
49468
49035
48317
48322
48327
48310
131381
131389
131387
131397
131399
131400
131641
131644
131649
131660
131677
131679
131820
131821
120738
120739
131901
54369
53779
54356
54360
54361
54420
54442
54446
54496
54379
54551
54575
54578
54582
52717
54535
54538
54540
54676
54682
54666
53868
56780
53921
53918
53908
53930
55149
55164
55168
55170
55211
144481
144489
144526
144540
142093
144676
144689
144655
139788
139795
143290
150607
146998
151769
150659
150660
150687
139903
139904
139906
140186
140205
140206
140258
140259
140271
141575
142496
142504
142532
142543
142529
141874
141877
141914
141931
141932
151667
142089
151756
142056
142057
142058
142072
142563
142575
142580
142581
142604
142611
142720
142498
142507
142726
142763
142730
142768
142765
55465
55478
56361
56380
56367
204537
204697
204700
204718
204519
204719
204795
204800
204840
207873
207874
207779
144669
144731
144701
144725
144723
144759
144767
145309
144724
144756
144771
144772
145315
144730
144762
144770
144722
145098
145102
145114
145116
145499
145502
145516
145518
145521
145592
145596
145597
145609
145772
145761
145762
145757
145780
145781
145611
145622
145767
145777
145820
145850
145852
145861
145867
145876
146052
146056
146071
146102
151475
151491
151492
151553
151731
151581
151565
148163
151583
151558
203814
151559
149314
151497
203824
204453
204515
204518
204534
208613
208598
208614
208617
208606
208601
207866
194685
208634
208623
208620
208615
207791
207798
207884
207849
207850
207865
208609
208629
208665
208666
208659
208662
208657
208672
208710
208709
208724
208731
211107
211172
180260
180262
180250
180269
180466
185574
180414
166398
166452
166493
166503
166547
166545
166578
166730
172661
166704
167222
167201
167207
167202
