618
152701 152705 1485
152701 152706 985
152704 152703 871
152704 152713 581
152650 152642 2623
152650 152709 630
152715 152755 610
152772 152755 710
152772 152778 782
152713 152704 581
152713 167099 1636
152736 152741 1380
152736 152743 374
172238 172239 330
172238 172240 407
172238 172241 442
152741 152736 1380
152741 152744 688
153153 153149 952
153153 153152 511
153161 153152 879
153161 153168 778
152997 153104 1378
153105 153104 401
152507 152506 344
152514 152518 796
155796 155793 2243
155796 155800 558
155800 155796 558
155800 155802 673
155985 155802 1816
155985 155993 873
155988 155987 789
155988 155995 1611
155996 155995 789
155996 156005 751
155996 156072 1947
156003 156001 752
156003 156066 2089
156005 155996 751
156005 156066 1142
155670 155669 683
156032 155983 751
156032 156033 2283
156032 156034 2404
155983 155984 2417
155983 156032 751
155981 155984 837
155981 156002 807
155749 155748 810
155749 155769 2086
155762 155764 928
155762 155765 810
155794 155791 1086
155794 155792 558
153163 153164 677
153163 153176 2412
153177 153176 605
153177 153179 1577
153185 153180 1734
153185 153186 2132
153185 153187 924
153322 153323 1028
153322 153325 4327
153424 153325 829
153424 153390 2034
153424 153391 1890
153392 153391 1380
153392 153393 3359
153392 153409 630
153200 153201 2924
153200 153439 1199
153472 153473 1429
153472 153485 1888
153472 172271 672
155810 155823 810
155810 155827 374
153475 153474 355
153475 155829 610
172073 172072 377
155750 155748 947
155750 155775 3356
155818 155817 2014
155821 155817 837
171515 171514 782
173039 173038 786
173516 173034 1447
173516 173327 672
173524 173527 111
173096 173092 1177
173096 173095 1955
173097 173091 782
173097 173541 1363
173100 173078 3334
173100 173105 373
173531 173528 778
173541 173045 782
173541 173097 1363
173541 173529 1696
173132 172996 1810
173132 173131 765
173148 173147 932
173133 173131 2139
173135 173106 1349
173135 173137 672
173693 173694 796
173195 173194 672
173702 173179 1000
173702 173707 588
173174 173175 2461
173203 173204 4209
173203 177760 2410
173219 173218 3163
173219 173222 1674
173221 173228 852
173222 173219 1674
173222 173223 3766
173050 173051 681
173050 173054 1086
173062 173063 3934
173062 173072 1344
173062 186049 1064
185991 185992 2111
173119 173118 1008
173119 173198 869
173198 173118 893
173198 173119 869
173116 173117 1208
173116 173118 1878
173116 177746 2138
177744 177745 2005
177744 177746 2765
173212 173215 2691
173212 173267 3420
174848 174846 924
174848 174884 605
174864 174865 514
174861 174859 504
174861 174918 1454
155503 155554 1865
155557 155561 849
153073 153072 818
153073 153074 738
155555 155554 697
153128 153076 673
155499 155500 373
153070 153071 818
153085 153086 562
155530 153071 3764
155532 153072 2148
156222 156224 926
156222 156270 1457
176187 176186 630
176187 176245 842
176258 176257 452
176258 176555 475
176549 176552 600
176564 176565 926
176564 176586 344
176560 176559 678
176560 176565 355
176193 176195 758
176193 176563 1094
176195 176193 758
176195 176545 1357
176544 176542 421
176544 176568 778
156262 156364 2863
156319 156366 667
176567 176568 2931
176567 176573 842
176157 176156 337
176157 176192 782
176185 176186 612
176185 176192 2031
155663 155664 2243
155663 155711 2113
155712 155711 766
155714 155708 672
156058 156053 2408
156058 156294 766
156293 155708 1636
156293 155716 782
156294 156052 1454
156294 156058 766
155563 155565 766
156344 156342 683
156344 156451 1032
156428 156449 688
156433 156438 2335
156433 156450 589
156270 156222 1457
156232 156283 1786
156234 156235 1010
156283 156232 1786
156235 156234 1010
156369 156366 1897
155560 155561 2886
177453 177455 452
177455 177453 452
177246 177245 1227
177260 177268 2248
177245 177246 1227
177268 177260 2248
176835 176839 2223
176839 176835 2223
167415 167414 678
167414 167415 678
165586 165591 1674
165591 165586 1674
165207 165206 1420
165206 165207 1420
167478 167481 1731
167481 167478 1731
167458 167456 683
167456 167458 683
164777 164779 984
164779 164777 984
208790 211130 1152
211130 208790 1152
211259 211261 649
211261 211259 649
212492 212493 278
212493 212492 278
212554 212543 2024
212543 212554 2024
164858 164912 344
164912 164858 344
114317 114326 735
114326 114317 735
114010 114012 2775
114012 114010 2775
118574 118514 1786
118514 118574 1786
119345 119143 1694
119143 119345 1694
92446 92447 981
92447 92446 981
107183 107184 1114
107184 107183 1114
107219 107218 333
107218 107219 333
108524 107536 2145
107536 108524 2145
93065 93074 4928
93074 93065 4928
192699 192683 5117
192683 192699 5117
109454 109453 1180
109453 109454 1180
105577 109614 1426
109614 105577 1426
109950 109951 975
109951 109950 975
111266 111269 836
111269 111266 836
111425 111424 1903
111424 111425 1903
104130 104263 1223
104263 104130 1223
112735 112514 713
112514 112735 713
112741 112538 818
112538 112741 818
104201 104200 2652
104200 104201 2652
39161 39162 782
39162 39161 782
104483 104495 1609
104495 104483 1609
40337 40339 1345
40339 40337 1345
40339 40341 1074
40341 40339 1074
56309 55185 1747
39031 40779 2814
40779 39031 2814
41595 41609 751
41609 41595 751
47679 47688 1458
48458 48444 991
48444 48458 991
48470 48474 897
48474 48470 897
48505 48506 222
48506 48505 222
47688 47679 1458
47693 47713 1607
47713 47693 1607
48436 48434 497
48434 48436 497
48516 48517 1217
48517 48516 1217
48109 48123 769
48123 48109 769
48189 48191 885
48210 48213 1717
48213 48210 1717
48191 48189 885
48269 48271 1366
48271 48269 1366
131453 131452 1531
131452 131453 1531
131534 131579 1304
131579 131534 1304
131591 131593 1395
131593 131591 1395
131730 131732 1953
131732 131730 1953
131764 131754 427
131846 132289 2650
131754 131764 427
132289 131846 2650
131859 131861 739
131861 131859 739
53982 54464 2292
54617 54620 1308
54620 54617 1308
54645 54632 2588
54632 54645 2588
54464 53982 2292
53959 54601 810
54601 53959 810
55185 56309 1747
150525 150535 1656
150535 150525 1656
150535 150538 329
150538 150535 329
150712 150740 1768
150740 150712 1768
140426 140424 770
140424 140426 770
141973 141977 2400
141977 141973 2400
141997 141998 1069
141998 141997 1069
143270 143272 352
143272 143270 352
143471 143484 1047
143484 143471 1047
142665 142666 1669
143488 143491 854
142666 142665 1669
143491 143488 854
142661 142660 874
142660 142661 874
143244 143245 399
143245 143244 399
144811 144801 1026
144801 144811 1026
204611 204612 1701
204612 204611 1701
144871 144873 1010
144873 144871 1010
145133 145138 841
145138 145133 841
145686 145687 804
145687 145686 804
145728 145729 390
145729 145728 390
145735 145736 951
145736 145735 951
208766 208765 1671
208765 208766 1671
167587 167571 890
167571 167587 890
162523 167275 600
152467 152469 713
152572 152570 1268
152570 152572 1268
167275 162523 600
168494 168496 232
168496 168494 232
166811 166810 1534
166810 166811 1534
152469 152467 713
152499 152490 2015
152490 152499 2015
180119 180121 3030
180121 180119 3030
180094 180095 796
180095 180094 796
179664 179669 513
179669 179664 513
180086 180092 1336
180092 180086 1336
180092 180098 1935
180098 180092 1935
180138 180136 1014
180136 180138 1014
182084 179888 1304
179888 182084 1304
152529 152518 581
152705 152701 1485
152705 152703 731
152706 152701 985
152703 152704 871
152703 152705 731
152642 152650 2623
152709 152650 630
152755 152715 610
152755 152772 710
152778 152772 782
167099 152713 1636
152743 152736 374
152743 152744 1283
172239 172238 330
172240 172238 407
172241 172238 442
152744 152741 688
152744 152743 1283
153149 153153 952
153149 153164 906
153152 153153 511
153152 153161 879
153168 153161 778
153104 152997 1378
153104 153105 401
152506 152507 344
152506 152518 1661
152518 152506 1661
152518 152514 796
152518 152529 581
155793 155792 1074
155793 155796 2243
155802 155800 673
155802 155985 1816
155993 155985 873
155987 155988 789
155995 155988 1611
155995 155996 789
156072 155996 1947
156001 156002 789
156001 156003 752
156066 156003 2089
156066 156005 1142
155669 155670 683
156033 155984 789
156033 156032 2283
156033 156034 697
156034 156032 2404
156034 156033 697
155984 155981 837
155984 155983 2417
155984 156033 789
156002 155981 807
156002 156001 789
155748 155749 810
155748 155750 947
155769 155749 2086
155764 155762 928
155765 155762 810
155765 155791 810
155791 155765 810
155791 155794 1086
155792 155793 1074
155792 155794 558
153164 153149 906
153164 153163 677
153176 153163 2412
153176 153177 605
153179 153177 1577
153179 153187 1380
153180 153185 1734
153186 153185 2132
153187 153179 1380
153187 153185 924
153323 153322 1028
153325 153322 4327
153325 153424 829
153390 153391 511
153390 153424 2034
153391 153390 511
153391 153392 1380
153391 153424 1890
153393 153392 3359
153409 153392 630
153409 153439 906
153201 153200 2924
153439 153200 1199
153439 153409 906
153439 153473 236
153473 153439 236
153473 153472 1429
153485 153472 1888
172271 153472 672
155823 155810 810
155827 155810 374
153474 153475 355
155829 153475 610
172072 172073 377
155775 155750 3356
155817 155818 2014
155817 155821 837
171514 171515 782
173038 173039 786
173038 173327 672
173034 173516 1447
173327 173038 672
173327 173516 672
173527 173524 111
173527 173528 931
173092 173096 1177
173095 173096 1955
173091 173097 782
173078 173100 3334
173105 173100 373
173105 173106 336
173528 173527 931
173528 173529 599
173528 173531 778
173045 173541 782
173529 173528 599
173529 173541 1696
172996 173132 1810
173131 173132 765
173131 173133 2139
173147 173148 932
173147 173694 445
173106 173105 336
173106 173135 1349
173137 173135 672
173694 173147 445
173694 173693 796
173194 173195 672
173179 173702 1000
173707 173702 588
173175 173174 2461
173204 173203 4209
177760 173203 2410
173218 173219 3163
173228 173221 852
173223 173222 3766
173051 173050 681
173054 173050 1086
173063 173062 3934
173072 173062 1344
186049 173062 1064
185992 185991 2111
173118 173116 1878
173118 173119 1008
173118 173198 893
173117 173116 1208
177746 173116 2138
177746 177744 2765
177745 177744 2005
173215 173212 2691
173267 173212 3420
174846 174848 924
174884 174848 605
174865 174864 514
174859 174861 504
174918 174861 1454
155554 155503 1865
155554 155555 697
155561 155557 849
155561 155560 2886
153072 153071 893
153072 153073 818
153072 155532 2148
153074 153073 738
153074 153076 605
153076 153074 605
153076 153128 673
155500 155499 373
153071 153070 818
153071 153072 893
153071 155530 3764
153086 153085 562
156224 156222 926
176186 176185 612
176186 176187 630
176245 176187 842
176245 176192 1669
176257 176258 452
176555 176258 475
176552 176549 600
176565 176560 355
176565 176564 926
176586 176564 344
176559 176560 678
176563 176193 1094
176563 176545 1758
176545 176195 1357
176545 176563 1758
176542 176544 421
176568 176544 778
176568 176567 2931
176568 176573 2215
156364 156262 2863
156366 156319 667
156366 156369 1897
176573 176567 842
176573 176568 2215
176156 176157 337
176192 176157 782
176192 176185 2031
176192 176245 1669
155664 155663 2243
155664 155711 674
155711 155663 2113
155711 155664 674
155711 155712 766
155708 155714 672
155708 156293 1636
156053 156052 889
156053 156058 2408
155716 156293 782
156052 156053 889
156052 156294 1454
155565 155563 766
156342 156344 683
156451 156344 1032
156449 156428 688
156449 156450 2368
156438 156433 2335
156450 156433 589
156450 156449 2368
967
152701
152704
152650
152715
152772
152713
152736
172238
152741
153153
153161
152997
153105
152507
152514
155796
155800
155985
155988
155996
156003
156005
155670
156032
155983
155981
155749
155762
155794
153163
153177
153185
153322
153424
153392
153200
153472
155810
153475
172073
155750
155818
155821
171515
173039
173516
173524
173096
173097
173100
173531
173541
173132
173148
173133
173135
173693
173195
173702
173174
173203
173219
173221
173222
173050
173062
185991
173119
173198
173116
177744
173212
174848
174864
174861
155503
155557
153073
155555
153128
155499
153070
153085
155530
155532
156222
176187
176258
176549
176564
176560
176193
176195
176544
156262
156319
176567
176157
176185
155663
155712
155714
156058
156293
156294
155563
156344
156428
156433
156358
156362
156430
156270
156229
156232
156234
156283
156235
156369
156405
156349
156421
156419
156409
156407
156043
156047
156549
156540
156552
156440
156547
156556
156605
156607
156615
156624
155544
155556
155560
177142
177453
177455
177458
177503
177501
177246
177250
177256
177434
177253
177260
177426
177245
177268
177270
177356
176236
176168
176240
176852
176851
176807
176741
176762
176835
176839
176798
176799
165431
167415
167340
167414
165433
165362
165376
167364
167394
172492
167350
167376
167400
165588
165586
165529
165587
165591
165596
165534
165543
165540
165207
165205
165206
165390
167433
167431
167478
167510
167481
167501
167499
165489
167436
167458
167456
167512
165201
165186
165395
165416
165417
165419
164777
164762
164789
164791
164779
164787
211296
211493
211499
208790
208791
211130
211238
211253
211259
211261
215152
211135
211151
211278
195313
211521
213038
212219
212277
212300
212478
212490
212279
212299
212491
212492
212493
212554
212543
164646
164598
164843
164858
164912
164914
164940
212546
114247
114315
114317
114326
113981
114010
114012
113990
114175
114208
119226
118836
119265
119277
119275
119292
119278
119261
119313
119263
119273
118570
118574
118514
119132
119345
119143
119146
119382
119033
119035
102922
102920
92039
92043
102194
94368
94370
94374
102935
102200
94419
92196
92242
92241
92253
94458
94493
97442
94451
115823
92305
92334
92335
92342
92344
92412
92444
92446
92327
92441
92430
92447
107074
107183
107184
107190
93081
93173
93182
93185
93194
94112
107068
107093
107186
107232
107223
107219
107238
107218
107244
108498
107429
108524
108487
109714
107536
109224
108229
109228
108231
109259
93065
92973
93018
92976
93074
93079
93051
92776
92793
92797
92605
92595
92601
92783
92841
194013
194051
194053
192013
191663
191677
191691
191708
192732
191519
191919
191950
191543
191423
191648
191865
191754
192699
192711
192683
194305
192716
192802
114078
114098
114184
114121
114183
109470
109269
109281
113899
109414
109546
109448
109530
109374
109378
109454
109453
109512
109387
105575
105577
109614
109971
109950
109951
109948
109993
109958
111245
110153
111249
111266
111269
111293
111307
111353
111492
111493
111602
111417
111375
111421
103403
111382
111425
103406
111424
112620
104130
104077
104080
104046
104109
104155
104263
105733
103953
103983
112849
112868
112764
112485
112622
112735
112514
112741
112538
112745
104126
104218
104219
104346
104206
104370
104227
104401
104403
104454
39516
104201
104033
104088
104089
39124
104200
39153
39161
39141
39162
39135
39147
104472
104476
104394
104589
104483
104495
104591
39354
39282
39139
39137
39303
39313
39316
37245
37250
37268
37233
37281
38406
38407
39351
37291
38422
40223
40224
40298
40254
40259
40248
40261
40313
40320
40337
40339
40341
40362
40383
40414
50564
40411
36878
40737
40740
40734
40735
40805
40792
56309
56318
39031
40776
40788
40779
41600
41589
41602
41595
41609
47679
48458
50374
50444
48444
48446
48470
48474
48505
48506
48512
47688
47703
47693
47713
47717
47718
48365
48436
48434
48500
47827
48110
48492
48510
48516
48517
48109
48123
48126
48139
48142
48164
48165
48189
48185
48210
48213
48218
48191
48194
48249
48201
48236
48254
48269
48271
131352
131355
131345
131350
131432
131436
131453
131452
131463
131534
131579
131581
131591
131593
131601
131691
131700
131702
131730
131732
131764
131784
131846
131754
132289
132297
131868
131859
131861
131871
53884
53892
53885
50737
50797
50822
53982
54565
54600
54608
54617
54620
54630
54645
54632
54464
54467
54698
54199
54216
54218
51100
54707
54709
54715
54726
53875
53890
53903
53959
54601
53961
53974
54624
55185
150520
150525
150535
150538
150539
150481
150514
150712
140376
143650
150740
143648
140371
140391
140395
140396
140439
140473
141888
141893
141949
140426
140470
140476
141889
140424
140506
140525
140527
140532
140535
141973
141977
141986
141997
141998
143250
143270
143272
143279
143417
143422
143471
143473
143484
142665
142706
143488
142666
143693
143487
143491
142661
142704
142711
142660
142677
142691
142692
142700
142807
142800
142683
142001
143240
143244
143245
142629
142630
142750
142752
142760
142787
142794
144804
144811
144801
144829
144825
204554
204561
204565
204569
204594
204597
204603
204602
204622
203849
204611
204612
204782
204785
204817
204836
204887
204890
204913
204958
204902
151621
144850
144871
144873
145083
145084
145133
145138
145151
145156
145158
145216
145535
145637
145643
145680
145681
145686
145687
145728
145729
145735
145736
145908
145921
145928
145953
145962
146861
146939
146941
197999
197790
211524
213438
215024
211245
211247
211266
214490
208766
208795
208765
167380
167566
167587
167571
152558
152562
152565
152593
152589
153521
162521
162523
152467
152523
152552
152572
152570
167275
168494
167261
168496
167384
167589
166801
168415
166804
166811
167639
166810
168418
168422
167800
168425
152469
152493
152499
152490
180119
180121
177683
180094
180105
179589
180095
179664
179669
180086
180092
180098
180138
180148
180155
180136
180158
179706
182084
179888
182101
182270
179843
179967
179980
152529
152706
152703
152642
152709
152755
152778
152743
152744
153149
153152
153168
152506
155793
155802
155993
155987
155995
156072
156001
156066
155669
156033
156034
155984
156002
155748
155769
155765
155791
155792
153164
153176
153179
153180
153187
153323
153325
153390
153391
153393
153201
153439
153473
155823
153474
155829
172072
155775
155817
171514
173038
173034
173327
173527
173092
173095
173091
173078
173045
173529
172996
173131
173147
173106
173194
173179
173204
177760
173218
173228
173051
173054
173063
173072
173117
177746
173215
173267
174846
174884
174865
174859
174918
155554
155561
153074
156224
176186
176245
176257
176555
176552
176565
176559
176563
176545
176542
156364
156366
176573
176156
155664
155708
156053
155716
156052
155565
156342
156451
156449
156438
156450
