484
109963 109962 1827
109963 109970 1362
109935 109934 249
109935 109941 1120
109944 109943 611
109944 109949 1723
109944 109992 1188
109926 109934 2551
109940 109947 1916
109940 109959 1608
111038 111044 562
111041 111042 764
111041 111045 1336
110147 109960 1344
110147 111045 516
109947 109940 1916
109947 109960 1445
111047 111046 1205
111047 111055 788
110982 110983 737
110982 110984 750
110984 110982 750
110984 110985 750
110984 110986 452
110987 110986 2215
110987 110988 1393
111053 110988 473
111053 111055 1344
111063 111055 809
111063 111062 946
111062 111054 418
111062 111063 946
111061 111059 279
111057 111049 1072
111057 111056 1144
111057 111059 1306
111079 111058 2368
111079 111244 557
110152 110150 2002
110152 110151 750
111243 110148 750
111243 111244 1282
111247 110151 279
111253 111250 1167
111277 111250 1282
111277 111265 611
111277 111281 836
111284 111281 1084
111288 111289 604
111288 111314 1543
111297 111298 3483
111297 111308 373
111310 111309 201
111352 111308 788
111352 111312 904
111363 111364 452
103365 111312 747
111490 111491 275
111510 111511 2186
111510 111517 782
111517 111510 782
111517 111601 1683
111610 111605 1260
111603 111419 847
111603 111604 905
111603 111605 893
111608 111607 378
111608 111624 408
111607 111606 1004
111607 111608 378
111612 111606 434
111604 111420 764
111604 111603 905
111453 103404 2419
111409 111403 847
111409 111408 1966
111410 111408 1544
111410 111426 951
111431 111426 884
111431 111430 1700
111436 103408 806
111436 103410 1730
111436 111403 984
111430 111427 847
111430 111431 1700
112482 112483 847
112482 112626 1139
112625 112626 536
112625 112629 872
104132 104131 201
104132 104151 418
104099 104098 884
104099 104111 1408
104105 104110 446
104094 104095 739
104151 104132 418
104151 104152 809
104163 104131 1254
104163 104154 418
104106 104107 713
104106 105731 1576
103979 103980 473
104103 103981 475
112828 112827 1437
112873 112866 1533
112873 112875 1352
112618 112619 1544
112628 112484 2613
112628 112619 889
112628 112630 1085
112739 112630 1273
112739 112740 788
112742 112743 1292
112752 112744 580
104356 104357 872
104356 104365 788
104124 104125 1533
104124 104345 1031
104204 104205 649
104348 104229 475
104399 104402 806
104399 112760 666
104449 104402 1762
104449 104451 737
104450 104451 2458
104450 113441 889
39301 39150 1345
39301 39501 893
39309 39308 673
39508 39177 1031
39508 39501 1093
39174 39173 765
39174 39177 1700
104233 104234 1240
104237 104097 2372
104724 104090 1681
104723 104087 1483
39063 39064 9227
104768 104767 2794
104768 104775 950
104770 104246 511
104770 104771 827
104776 104775 202
104776 104775 202
39164 39165 905
39165 39164 905
39148 39173 3156
104479 104478 750
104501 104491 1393
104478 104479 750
104491 104501 1393
37286 37288 1152
37288 37286 1152
55194 55193 1546
55194 56324 3180
56324 55194 3180
40780 40782 1188
40780 40784 2882
40782 40780 1188
40784 40780 2882
47708 47702 1188
48455 48437 459
47702 47704 1161
47702 47708 1188
47704 47702 1161
47716 48359 1086
48359 47716 1086
48437 48455 459
48495 48520 1064
48519 48565 924
48565 48519 924
48520 48495 1064
48125 48129 2318
48129 48125 2318
48197 48199 2447
48199 48197 2447
48266 48276 893
48276 48266 893
131359 131360 885
131360 131359 885
131468 131439 2036
131439 131468 2036
131467 131500 985
131500 131467 985
131739 131756 378
131756 131739 378
131768 131769 595
131769 131768 595
54545 53888 3340
53888 54545 3340
54455 54458 2363
54563 54572 2227
54572 54563 2227
54572 54609 789
54609 54572 789
54636 54647 1438
54458 54455 2363
54705 54713 879
54713 54705 879
54647 54636 1438
55193 55194 1546
150533 150536 1758
150536 150533 1758
140523 140509 856
140509 140523 856
141959 141978 2291
141978 141959 2291
143265 143264 237
142136 142137 699
142137 142136 699
142110 142644 3254
142644 142110 3254
142689 142682 791
142682 142681 960
142682 142689 791
142645 142598 1195
142681 142682 960
142004 143259 1511
143259 142004 1511
143264 143265 237
142597 142619 1167
142598 142645 1195
142619 142597 1167
144515 144549 1242
204466 204467 1934
204467 204466 1934
204774 204775 1811
204775 204774 1811
144549 144515 1242
145047 145058 645
145058 145047 645
145679 145683 851
145683 145679 851
145685 145697 482
145697 145685 482
145900 145856 832
145902 145898 719
145898 145896 751
145898 145902 719
145896 145898 751
145856 145900 832
145934 145935 1472
145935 145934 1472
145947 145948 1778
203846 203845 1045
203845 203846 1045
145948 145947 1778
197579 197641 747
197641 197579 747
167351 167353 889
167229 167228 1080
167249 167248 337
167248 167249 337
167616 166813 677
166813 167616 677
167228 167229 1080
152487 152488 1890
152488 152487 1890
182343 182303 724
182303 182343 724
152973 152972 201
152723 152722 5041
152722 152723 5041
152975 152977 1938
152977 152975 1938
152972 152973 201
173537 173542 688
173542 173537 688
155498 153087 797
153087 155498 797
176550 176551 562
176538 176194 435
176551 176550 562
176194 176538 435
176533 176566 418
176566 176533 418
176158 176184 1446
176184 176158 1446
156360 156361 2483
156361 156360 2483
156332 156329 889
156329 156332 889
156309 156310 674
156548 156601 337
156310 156309 674
156601 156548 337
177239 177241 336
177241 177239 336
176719 176715 1161
176715 176719 1161
167353 167351 889
167393 167392 1355
167392 167393 1355
165531 165597 906
165597 165531 906
165413 165412 672
165412 165413 672
211252 211154 1458
211254 211260 756
211260 211254 756
211154 211252 1458
211137 211136 1993
211136 211137 1993
211136 211148 228
211148 211136 228
211276 211277 885
211277 211276 885
212218 212220 1774
212220 212218 1774
212542 212545 1817
164860 164859 1121
164859 164860 1121
212545 212542 1817
114319 114318 475
114318 114319 475
114009 114008 2454
114008 114009 2454
94380 94379 1296
94379 94380 1296
107113 107112 475
107112 107113 475
107199 107208 1959
107208 107199 1959
93063 93044 2279
93044 93063 2279
191674 191684 1145
191684 191674 1145
191758 191846 838
191846 191758 838
109962 109963 1827
109970 109963 1362
109934 109926 2551
109934 109935 249
109941 109935 1120
109943 109944 611
109949 109944 1723
109992 109944 1188
109959 109940 1608
111044 111038 562
111044 111049 557
111042 111041 764
111045 110147 516
111045 111041 1336
109960 109947 1445
109960 110147 1344
111046 111047 1205
111046 111054 938
111055 111047 788
111055 111053 1344
111055 111063 809
110983 110982 737
110985 110984 750
110986 110984 452
110986 110987 2215
110988 110987 1393
110988 111053 473
111054 111046 938
111054 111062 418
111059 111057 1306
111059 111061 279
111049 111044 557
111049 111057 1072
111056 111057 1144
111056 111058 1361
111058 111056 1361
111058 111079 2368
111244 111079 557
111244 111243 1282
110150 110148 1420
110150 110152 2002
110151 110152 750
110151 111247 279
110148 110150 1420
110148 111243 750
111250 111253 1167
111250 111277 1282
111265 111277 611
111281 111277 836
111281 111284 1084
111281 111289 672
111289 111281 672
111289 111288 604
111314 111288 1543
111314 111312 750
111298 111297 3483
111308 111297 373
111308 111352 788
111309 111310 201
111312 103365 747
111312 111314 750
111312 111352 904
111364 111363 452
111491 111490 275
111511 111510 2186
111601 111517 1683
111605 111603 893
111605 111610 1260
111419 111420 893
111419 111603 847
111624 111608 408
111606 111420 1336
111606 111607 1004
111606 111612 434
111420 111419 893
111420 111604 764
111420 111606 1336
103404 111453 2419
111403 111409 847
111403 111436 984
111408 111409 1966
111408 111410 1544
111426 111410 951
111426 111427 1775
111426 111431 884
103408 111436 806
103410 111436 1730
111427 111426 1775
111427 111430 847
112483 112482 847
112483 112484 983
112626 112482 1139
112626 112625 536
112629 112625 872
104131 104132 201
104131 104163 1254
104098 104099 884
104111 104099 1408
104110 104105 446
104095 104094 739
104152 104151 809
104154 104163 418
104107 104106 713
105731 104106 1576
103980 103979 473
103981 104103 475
112827 112828 1437
112866 112873 1533
112875 112873 1352
112619 112618 1544
112619 112628 889
112484 112483 983
112484 112628 2613
112630 112628 1085
112630 112739 1273
112740 112739 788
112743 112742 1292
112743 112744 1336
112744 112743 1336
112744 112752 580
104357 104356 872
104365 104356 788
104125 104124 1533
104345 104124 1031
104205 104204 649
104229 104348 475
104402 104399 806
104402 104449 1762
112760 104399 666
104451 104449 737
104451 104450 2458
113441 104450 889
39150 39301 1345
39150 39501 1094
39501 39150 1094
39501 39301 893
39501 39508 1093
39308 39309 673
39177 39174 1700
39177 39508 1031
39173 39148 3156
39173 39174 765
104234 104233 1240
104097 104237 2372
104090 104087 403
104090 104724 1681
104087 104090 403
104087 104723 1483
39064 39063 9227
104767 104768 2794
104775 104768 950
104775 104776 202
104775 104776 202
104246 104770 511
104771 104770 827
981
109963
109935
109944
109926
109940
111038
111041
110147
109947
111047
110982
110984
110987
111053
111063
111062
111061
111057
111079
110152
111243
111247
111253
111277
111284
111288
111297
111310
111352
111363
103365
111490
111510
111517
111610
111603
111608
111607
111612
111604
111453
111409
111410
111431
111436
111430
112482
112625
104132
104099
104105
104094
104151
104163
104106
103979
104103
112828
112873
112618
112628
112739
112742
112752
104356
104124
104204
104348
104399
104449
104450
39301
39309
39508
39174
104233
104237
104724
104723
39063
104768
104770
104231
104776
104209
104279
104388
104788
104290
104781
50298
39164
39143
39165
39148
104373
104383
104846
104474
104479
104496
104501
104913
104599
104478
104489
104491
104499
39356
39283
39300
39311
37258
37273
37277
39366
37270
39393
37251
39347
37286
37283
37288
39403
50257
38419
40219
50412
40221
40273
40304
40307
40290
40294
40282
40266
40327
40376
40381
40418
40431
40435
40428
40744
40820
40741
40746
40806
40795
55194
56324
56357
40780
40782
40784
41607
41603
41612
47681
47708
48455
48457
50379
48463
48468
48475
48536
47702
47704
47706
47716
48359
50377
48437
48495
48501
48821
48560
48561
48519
48565
48520
48825
48125
48129
48131
48858
48181
48223
48193
48197
48199
49584
48266
48267
48276
48279
131358
131359
131360
131468
49586
131439
131454
131484
131457
131467
131500
131505
131513
131592
131683
131684
131737
131738
131739
131756
131768
131785
131845
131769
131849
131866
131867
131856
131855
54545
53888
50739
54454
54455
54563
54572
54609
54634
54636
54639
56331
54458
54476
54480
54703
54705
54713
54724
51148
51300
54647
53878
53881
53899
53943
53958
56731
53951
53964
53970
53973
55193
51905
52444
144547
150493
150533
150536
150483
150486
150696
150736
140287
140302
141817
150744
140394
140450
140459
140475
141884
141891
141904
140523
141941
141944
140509
140528
141945
141959
141978
141994
142005
143265
143268
143420
143464
143466
142120
142136
142658
142137
143483
142127
142655
142663
142110
142644
142651
142675
142689
142682
142084
142638
142645
142668
142681
142004
142007
143259
143264
142597
142598
142619
142620
142627
142747
142748
142759
142784
142792
144788
144797
144796
144803
144515
144818
204466
204467
204550
204566
204598
204599
203853
204774
204775
204786
204810
204830
204883
204886
204889
204878
204877
204900
204904
144549
144834
144843
144845
144851
145047
145058
145134
145148
145155
145525
145531
145536
145552
144131
145644
145679
145683
145685
145697
145700
145705
145900
145902
145898
145896
145903
145920
145889
145911
145923
145856
145934
145935
145944
145947
146090
203846
204546
203845
145948
145958
145959
145955
145963
151597
146093
146095
204444
204458
204448
204450
197579
197641
214401
208755
208761
214482
208705
208759
195834
208770
208775
211125
211159
211163
211185
211203
211160
211366
167351
167358
167362
167560
167582
167567
152559
152567
152573
152597
152577
152581
152591
162525
167267
152468
152553
152571
167229
167249
167248
167259
167580
167628
167629
166818
166821
167616
166799
166813
166739
167053
167060
167066
168416
167040
167228
167121
152443
152487
152454
152488
180117
177680
179650
179655
180115
179660
179662
180096
180144
180147
180165
180123
182069
179708
182086
179883
179887
179984
179873
179983
182343
182303
152390
152966
152973
152696
152702
152651
152652
152723
152717
152728
152722
152740
152975
152977
152964
152998
153106
152377
152972
152502
152693
152515
155795
155797
155968
155994
156004
155689
155982
155977
155979
155745
155759
155763
153413
153162
153183
153203
153410
153195
153197
153199
155808
153480
153484
153422
153421
155812
155811
173032
173033
173042
173525
173537
173098
173542
173134
173695
173136
173678
173698
173699
173692
173703
173704
173173
173202
173200
173206
173048
185990
173120
173199
173213
174756
174849
174862
174851
185768
155501
153129
155502
153131
155498
153067
153061
153087
153077
153084
155531
155533
155546
156223
176173
176259
176550
176548
176538
176551
176194
176196
176526
156264
156263
176533
176566
176158
176180
176184
155662
155713
156241
156059
156292
155562
156345
156360
156338
156359
156361
156268
156278
156231
156282
156285
156317
156323
156332
156348
156420
156410
156329
156048
156309
156539
156287
156353
156548
156356
156310
156604
156601
156623
155543
155559
155567
177149
177136
177141
177454
177153
177500
177239
177249
177255
177424
177252
177290
177248
177265
177267
177269
177271
177355
176244
176167
176241
176233
177241
176853
176859
176719
176742
174900
176763
176840
176715
176811
176797
165430
167341
165371
165382
165374
165378
167332
167353
167365
167393
167389
167392
167405
167298
167375
165178
165584
165527
165585
165531
165597
165535
165536
165157
165184
165204
165361
165391
167432
167508
167479
167500
165488
172696
167513
165192
165185
165413
165412
165418
164774
164763
164766
164793
164780
211370
211371
211492
211495
208763
208783
208781
208789
211129
211128
211252
211254
211260
211273
211154
211137
211150
211136
211148
211183
211276
211277
195350
199692
211489
211522
212218
212220
212294
212295
212297
212298
212475
212522
212523
212542
160142
164597
164860
164859
164913
161426
212545
212479
212488
114309
114319
114318
114327
113983
114009
114008
114211
114029
114032
119225
119267
119274
119283
119279
119281
119262
119268
118569
118515
119141
119144
119383
119034
114860
114862
102923
102933
91986
102919
102248
92041
92047
92049
102193
94369
94377
94380
94379
103229
94416
92202
92245
92247
94455
97404
94491
94466
115825
92306
92343
92411
92445
92321
92326
92437
92440
92442
92493
107073
107113
107112
93172
93183
93191
94117
107097
107199
107208
107209
107224
107240
107217
107258
108497
107430
108486
108529
107535
109222
109229
109246
109255
109487
92958
93063
92974
93015
93016
93044
93047
93072
93073
93053
92777
92794
101762
92599
92840
115795
115821
115845
191025
192894
194052
192014
191673
191674
191684
191964
191707
191748
192735
191849
194039
191758
191846
191542
191636
191642
191753
192708
192698
194306
192705
192801
114076
114109
114101
114103
114087
114182
109469
113905
109256
109268
113902
109429
103271
109514
109375
109379
109455
109803
109385
109962
109970
109934
109941
109943
109949
109959
111044
111042
111045
109960
111046
111059
111049
111056
111244
110150
110151
110148
111250
111265
111281
111289
111314
111308
111309
111312
111364
111491
111601
111605
111419
111606
111420
103404
111403
111408
111426
103408
103410
111427
112483
112626
112629
104131
104098
104111
104110
104095
104152
104154
105731
103980
103981
112827
112866
112875
112619
112484
112630
112740
112743
112744
104125
104345
104205
104229
104402
104451
39150
39308
39177
39173
104234
104097
104090
104087
39064
104767
104246
