2126
255096 255095 842
255096 255097 2296
255126 255068 2226
255126 255152 3715
255155 255153 1098
255155 262439 977
255139 255131 6555
255139 255137 1479
262350 255156 1255
262350 262351 1084
262332 262333 81
262332 262335 1081
257170 257168 876
257173 257167 946
257173 257190 1305
257173 263407 529
260547 257168 3491
260547 260545 675
257190 257173 1305
257190 257188 4096
257190 257211 858
257213 257221 1499
257232 257233 713
257232 257234 1609
257234 257232 1609
257234 263409 440
257241 257233 1004
257241 257235 511
257280 257281 1248
257280 257282 981
257210 257211 766
258780 258779 932
258780 258781 2357
258787 258788 2138
258744 258743 1759
258789 258788 1102
258789 258801 5262
263717 258805 3779
263351 258793 819
258818 258810 663
262660 258701 4219
262660 262661 2836
264194 262659 977
264194 264196 709
258741 258742 306
258741 264197 2809
262659 264194 977
262659 264195 943
257890 257891 788
257890 262691 564
257901 257900 2485
257906 257907 975
257906 264201 680
257902 257904 2087
258018 258017 2075
258018 258019 2432
258021 258020 751
258021 258022 943
258029 258005 4453
258029 258022 1386
258030 258009 2312
258052 258040 1908
258052 258054 1719
262067 262065 313
262062 262057 349
258013 258011 1908
258042 258035 210
258054 258040 1549
258054 258052 1719
258969 258971 2190
258969 258972 1128
258971 258969 2190
258971 258974 1076
258971 258999 1325
262771 262772 506
258130 239203 1741
258130 262764 2894
239196 239192 1787
239196 262778 385
240597 240598 1040
240597 264191 678
239159 239158 3256
239159 239168 976
239166 239161 2768
239166 239197 796
239201 239197 750
239201 239202 2540
239206 262773 183
239206 262773 183
243678 243675 1906
243678 244340 607
243785 243782 830
243785 243789 1478
244432 244431 801
244432 261926 806
244345 244340 1764
244374 244371 802
244374 244375 505
244433 243788 794
244433 243789 1572
244434 244431 738
243583 243584 4586
243586 243587 4598
243762 243761 1092
243762 243763 1505
243762 261923 1345
243692 243570 5646
243692 243694 2041
243800 243740 1066
244490 244494 308
244490 244495 1026
244494 244490 308
244494 263630 1622
244497 263630 993
245431 245430 7406
245464 245463 845
245464 245466 1136
247185 245466 698
247185 247188 243
247188 247185 243
247188 261876 1410
247194 261876 796
247189 245499 923
247189 247190 751
247189 247209 552
247211 247277 1156
247211 247278 2158
247211 247279 671
247209 247189 552
247209 247210 630
263802 247221 760
243950 243949 1549
243941 243938 5683
243941 264142 777
244212 244213 351
244212 244218 286
244218 244212 286
244218 244219 510
243971 243968 5331
243971 243981 235
243994 244309 1998
244385 244384 2097
244385 261422 2464
244386 244388 1280
244386 244389 1149
244383 244388 1297
244383 244398 2185
244331 244332 1766
244331 244397 2675
244392 244394 1409
244392 244395 3956
244193 244192 348
261659 261660 3247
261659 261661 885
244042 244040 650
244082 261954 258
247313 247296 915
247313 261801 925
239288 239289 1345
239288 247296 1844
247335 247322 1188
247335 247352 1058
247337 247322 2246
247337 247404 603
247410 247351 2572
247410 247411 749
247336 247334 474
247706 247434 649
247706 247705 336
247706 247707 847
247714 247710 1071
247718 247712 1972
247760 247759 275
247776 247777 515
247773 247774 21
258446 261640 1478
258455 258462 1117
258458 258459 1379
258454 258460 714
247900 247781 750
247779 247777 1071
262295 262294 784
262298 262294 187
258509 247923 2457
258509 258501 667
258570 258573 1350
258570 258574 278
258583 258581 628
258582 258581 1188
258582 258587 336
258587 258580 675
258587 258582 336
258589 258594 1176
258589 258595 1636
263584 263590 518
263585 263586 1010
263585 263587 373
260514 257164 1630
260514 257169 749
260545 257169 3524
260545 260547 675
256140 256138 552
256140 256141 1737
256131 256130 439
256131 256132 518
256131 256133 360
256133 256129 510
256133 256131 360
256133 256139 485
259394 259395 4433
259394 260205 2014
256602 256595 2063
256603 256610 2024
256596 256595 3563
256613 256614 2130
256613 256617 938
256615 256622 3666
256615 256624 564
262224 263408 1375
256642 256630 1118
256642 256647 1117
256648 256705 2419
261179 257158 1374
261179 257165 852
254914 254904 249
254914 256652 311
256656 256655 1029
255006 255004 2228
255006 262936 347
255075 255074 1090
255075 255077 1125
255080 255078 471
255080 255081 1809
254992 254991 5766
255004 254998 755
255004 255006 2228
255255 255214 939
255297 255294 242
255095 255066 2313
255095 255090 1121
255095 255096 842
255097 255096 2296
255097 255099 5185
255097 255100 2936
255068 255067 2561
255068 255126 2226
255068 255128 7174
255152 255126 3715
255153 255154 1523
255153 255155 1098
255153 255156 2875
262439 255155 977
255131 255130 1739
255131 255134 1372
255131 255139 6555
255137 255135 2162
255137 255136 1587
255137 255139 1479
255156 255153 2875
255156 255158 2237
255156 262350 1255
262351 262350 1084
262333 262332 81
262333 262427 992
262333 262428 1642
262335 262332 1081
257168 257167 2239
257168 257169 749
257168 257170 876
257168 260547 3491
257167 257166 808
257167 257168 2239
257167 257173 946
263407 257173 529
257188 257186 2319
257188 257189 1054
257188 257190 4096
257211 257190 858
257211 257210 766
257211 257222 1848
257221 257213 1499
257221 257219 835
257221 257233 2200
257233 257221 2200
257233 257232 713
257233 257241 1004
263409 257234 440
257235 257220 1849
257235 257236 884
257235 257241 511
257281 257280 1248
257282 257258 1134
257282 257280 981
257282 257285 3499
257282 257286 2034
258779 258698 2224
258779 258778 1051
258779 258780 932
258781 258780 2357
258781 258788 1217
258788 258781 1217
258788 258787 2138
258788 258789 1102
258743 258742 2135
258743 258744 1759
258801 258789 5262
258801 258802 537
258801 258810 1153
258805 255337 829
258805 258806 3978
258805 263717 3779
258793 258794 248
258793 258798 1361
258793 263351 819
258810 258801 1153
258810 258809 1283
258810 258818 663
258701 258684 2580
258701 262660 4219
258701 262663 4927
262661 262660 2836
262661 262662 1276
262661 263713 1196
264196 264194 709
258742 258741 306
258742 258743 2135
264197 258741 2809
264195 262659 943
257891 257890 788
257891 262679 390
257891 262681 2560
262691 257890 564
262691 262692 2837
262691 262694 1565
257900 257896 45
257900 257901 2485
257907 257906 975
257907 257908 426
257907 257912 1627
264201 257906 680
257904 257902 2087
257904 258015 1190
257904 258016 3222
258017 258016 1201
258017 258018 2075
258019 257970 1985
258019 258018 2432
258019 258020 313
258020 257972 1103
258020 258019 313
258020 258021 751
258022 258003 293
258022 258021 943
258022 258029 1386
258005 258003 3241
258005 258004 951
258005 258029 4453
258009 258008 361
258009 258010 799
258009 258030 2312
258040 258039 259
258040 258052 1908
258040 258054 1549
262065 262056 184
262065 262067 313
262057 262056 322
262057 262062 349
258011 258008 639
258011 258013 1908
258035 258014 1657
258035 258038 1166
258035 258042 210
258972 258969 1128
258972 258973 194
258972 258974 1981
258974 258971 1076
258974 258972 1981
258974 262095 518
258999 258971 1325
262772 262771 506
239203 239198 1648
239203 258130 1741
239203 262765 4005
262764 258130 2894
262764 258132 1229
262764 262769 712
239192 239193 4054
239192 239195 603
239192 239196 1787
262778 239196 385
262778 262779 747
262778 262780 672
240598 240597 1040
240598 240613 1060
264191 240597 678
239158 239157 1562
239158 239159 3256
239158 239162 1097
239168 239159 976
239168 239169 833
239168 239170 1997
239168 239171 4519
239161 239160 611
239161 239162 710
239161 239166 2768
239197 239153 5619
239197 239166 796
239197 239201 750
239202 239201 2540
262773 239206 183
262773 239206 183
243675 243676 1226
243675 243677 553
243675 243678 1906
244340 243678 607
244340 244339 2114
244340 244345 1764
243782 243783 441
243782 243784 1525
243782 243785 830
243789 243784 780
243789 243785 1478
243789 244431 1024
243789 244433 1572
244431 243789 1024
244431 244432 801
244431 244434 738
244431 244437 989
261926 244432 806
244371 244362 819
244371 244373 951
244371 244374 802
244371 261924 781
244375 244374 505
243788 243784 1579
243788 244433 794
243788 261928 339
243584 243581 3674
243584 243583 4586
243587 243585 3331
243587 243586 4598
243761 243669 1679
243761 243760 892
243761 243762 1092
243761 261821 1521
243763 243762 1505
261923 243762 1345
243570 243571 3845
243570 243692 5646
243694 243692 2041
243694 243693 812
243740 243736 10722
243740 243800 1066
243740 243801 3973
244495 244490 1026
263630 244494 1622
263630 244497 993
245430 245431 7406
245430 245433 212
245463 245454 783
245463 245464 845
245463 245465 1240
245466 245464 1136
245466 245465 832
245466 247185 698
245466 247187 1276
261876 247187 701
261876 247188 1410
261876 247194 796
261876 261574 418
245499 236484 903
245499 245497 470
245499 247189 923
247190 247189 751
247190 261574 180
247277 245543 311
247277 247211 1156
247277 247215 1728
247277 263368 681
247278 247211 2158
247278 247279 1925
247278 247280 1411
247279 247211 671
247279 247278 1925
247279 247282 3274
247279 247286 742
247210 247209 630
247221 247220 325
247221 263802 760
243949 243950 1549
243938 243928 2369
243938 243939 236
243938 243940 1510
243938 243941 5683
264142 243941 777
244213 244212 351
244213 263755 801
244219 244218 510
243968 243963 1700
243968 243969 1335
243968 243971 5331
243981 243971 235
243981 243980 704
244309 243994 1998
244384 244385 2097
244384 244387 2014
244384 244390 3246
261422 244385 2464
244388 244383 1297
244388 244386 1280
244388 244399 2148
244389 244386 1149
244389 244401 1572
244389 264164 2164
244398 244383 2185
244398 244394 1368
244332 244331 1766
244397 244331 2675
244397 244395 1011
244397 244613 2549
244394 244392 1409
244394 244398 1368
244394 244400 1864
244395 244392 3956
244395 244396 2064
244395 244397 1011
244192 244189 537
244192 244190 314
244192 244193 348
261660 261659 3247
261660 263748 259
261661 261659 885
244040 243916 2613
244040 244041 2340
244040 244042 650
261954 244082 258
261954 261955 438
247296 239288 1844
247296 247291 3133
247296 247313 915
247296 247314 333
261801 247313 925
239289 239288 1345
247322 247315 1220
247322 247335 1188
247322 247337 2246
247352 247335 1058
247352 247351 276
247404 247337 603
247351 247352 276
247351 247354 963
247351 247410 2572
247411 247357 4224
247411 247410 749
247411 247416 275
247334 247333 1030
247334 247336 474
247434 247432 649
247434 247433 201
247434 247706 649
247705 247433 713
247705 247706 336
247705 247708 818
247707 247706 847
247707 247708 402
247707 247710 1947
247710 247707 1947
247710 247709 536
247710 247712 1436
247710 247714 1071
247712 247710 1436
247712 247718 1972
247712 247719 418
247759 247757 251
247759 247760 275
247777 247776 515
247777 247778 1277
247777 247779 1071
247774 247773 21
247774 247781 649
261640 258446 1478
258462 258455 1117
258459 258458 1379
258460 258454 714
258460 258461 593
258460 258465 1469
247781 247774 649
247781 247778 434
247781 247899 752
247781 247900 750
262294 262295 784
262294 262296 1084
262294 262298 187
247923 247852 1610
247923 258509 2457
258501 258500 2858
258501 258509 667
258501 258511 2605
258573 258570 1350
258574 258570 278
258574 258578 1576
258574 258579 749
258581 258579 805
258581 258582 1188
258581 258583 628
258580 258578 946
258580 258579 1248
258580 258587 675
258594 258589 1176
258594 263582 365
258594 263583 396
258595 258589 1636
258595 261643 603
263590 263584 518
263590 263588 1264
263590 263592 577
263586 263585 1010
263586 263588 1095
263586 263589 367
263587 263585 373
257164 257165 611
257164 257166 835
257164 260514 1630
257169 257166 2003
257169 257168 749
257169 260514 749
257169 260545 3524
256138 256139 321
256138 256140 552
256141 256140 1737
256141 256144 2846
256141 256154 129
256141 256156 3292
256130 256129 157
256130 256129 157
256130 256131 439
256132 256131 518
256132 260199 373
256129 256130 157
256129 256130 157
256129 256133 510
256129 256135 426
256139 256133 485
256139 256138 321
259395 259394 4433
260205 259238 155
260205 259394 2014
256595 256596 3563
256595 256597 766
256595 256602 2063
256610 256603 2024
256610 256609 557
256614 256613 2130
256617 256613 938
256617 256616 403
256617 261794 2143
256622 256615 3666
256624 256615 564
256624 256623 1374
263408 262224 1375
256630 256631 1114
256630 256638 928
256630 256641 851
256630 256642 1118
256630 256646 580
256647 256642 1117
256647 256664 2476
256705 256648 2419
256705 256706 1611
256705 257189 4798
257158 257157 562
257158 257159 893
257158 261179 1374
257165 257164 611
257165 261179 852
254904 254905 370
254904 254914 249
256652 254914 311
256652 256702 327
256652 256709 346
256655 256656 1029
256655 256657 475
256655 257157 1013
262936 255006 347
255074 255075 1090
255077 255075 1125
255077 263448 137
255078 255079 1071
255078 255080 471
255081 255080 1809
255081 255082 1734
255081 255083 1386
254991 254966 5335
254991 254990 584
254991 254992 5766
254998 254993 7005
254998 255004 755
254998 255070 22752
255214 255215 888
255214 255255 939
255214 255256 5117
255294 255293 983
255294 255295 1402
255294 255296 1187
255294 255297 242
255066 255067 3634
255066 255070 4861
255066 255095 2313
255090 255070 3685
255090 255092 4966
255090 255095 1121
255099 255097 5185
255099 255101 213
255099 255104 1725
255100 255097 2936
255100 255104 2883
255100 255110 1133
255067 255066 3634
255067 255068 2561
255067 262354 809
255128 255068 7174
255128 255127 1926
255128 262334 7322
255154 255153 1523
255130 255127 638
255130 255131 1739
255130 255132 1908
255134 255131 1372
255135 255132 1826
255135 255136 3066
255135 255137 2162
255136 255135 3066
255136 255137 1587
255136 255138 4604
255158 255156 2237
262427 262333 992
262428 262333 1642
257166 257164 835
257166 257167 808
257166 257169 2003
257186 256714 1071
257186 257185 713
257186 257188 2319
257189 256705 4798
257189 256720 2248
257189 257188 1054
257222 257211 1848
257219 257217 1575
257219 257220 587
257219 257221 835
257220 257216 1846
257220 257219 587
257220 257235 1849
257236 257235 884
257236 257237 847
257236 257238 903
257258 257255 5662
257258 257282 1134
257285 257282 3499
257286 257282 2034
257286 261178 418
258698 258697 537
258698 258779 2224
258698 258845 1332
258698 258846 846
258778 258777 655
258778 258779 1051
258778 258784 2224
258802 258801 537
255337 255338 1117
255337 258804 3660
255337 258805 829
258806 258805 3978
258794 258793 248
258794 263427 488
258798 258793 1361
258798 258799 1174
258798 258800 825
258809 258796 2539
258809 258810 1283
258684 258685 1978
258684 258701 2580
258684 262022 6307
258684 262679 4444
262663 258701 4927
262662 262661 1276
262662 263713 331
263713 262661 1196
263713 262662 331
262679 257891 390
262679 258684 4444
262679 262680 1425
262681 257891 2560
262681 263810 1777
262692 262691 2837
262694 262691 1565
262694 262693 175
262694 264198 676
257896 252851 4124
257896 257900 45
257896 262686 1754
257908 257907 426
257912 257907 1627
258015 257904 1190
258015 257969 343
258016 257904 3222
258016 257970 1356
258016 258017 1201
257970 257966 1287
257970 257971 2429
257970 258016 1356
257970 258019 1985
257972 257973 1271
257972 257977 1623
257972 258020 1103
258003 257977 1171
258003 258005 3241
258003 258022 293
258004 258000 377
258004 258002 893
258004 258005 951
258004 258007 975
258008 258009 361
258008 258011 639
258008 258012 638
258010 258009 799
258010 258014 628
258039 258038 347
258039 258040 259
262056 258050 1756
262056 262057 322
262056 262065 184
258014 258010 628
258014 258033 2232
258014 258035 1657
258038 258035 1166
258038 258037 1364
258038 258039 347
258973 258972 194
262095 258974 518
239198 239194 1328
239198 239203 1648
239198 262774 278
262765 239203 4005
258132 258131 797
258132 258131 797
258132 262764 1229
262769 262764 712
239193 239192 4054
239193 262784 5166
239193 262785 1182
239195 239192 603
239195 239194 333
239195 262781 1241
262779 262778 747
262780 262778 672
240613 240598 1060
239157 239158 1562
239157 239163 402
239162 239158 1097
239162 239160 568
239162 239161 710
239169 239168 833
239170 239168 1997
239171 239168 4519
239171 243989 2170
239171 243996 1298
239171 243997 747
239160 239149 1120
239160 239161 611
239160 239162 568
239153 239151 1085
239153 239194 1413
239153 239197 5619
243676 243675 1226
243676 243677 1457
243677 243675 553
243677 243676 1457
243677 261925 364
244339 244336 3643
244339 244338 3693
244339 244340 2114
243783 243782 441
243784 243782 1525
243784 243788 1579
243784 243789 780
244437 244431 989
244362 244354 771
244362 244361 793
244362 244371 819
244362 244372 771
244373 244354 831
244373 244371 951
261924 244371 781
261928 243788 339
243581 243572 1385
243581 243573 368
243581 243582 455
243581 243584 3674
243585 243573 739
243585 243576 301
243585 243587 3331
243585 243589 348
243669 243670 919
243669 243761 1679
243760 243761 892
261821 243761 1521
243571 243565 2409
243571 243570 3845
243693 243687 71
243693 243694 812
243736 243735 587
243736 243737 1377
243736 243740 10722
243801 243740 3973
245433 245430 212
245433 245432 271
245454 245455 878
245454 245460 1191
245454 245463 783
245465 245460 838
245465 245463 1240
245465 245466 832
245465 245467 1286
247187 245466 1276
247187 245496 669
247187 261876 701
261574 247190 180
261574 261876 418
236484 236483 216
236484 245495 686
236484 245499 903
245497 245494 1146
245497 245498 376
245497 245499 470
245543 245540 3149
245543 247276 612
245543 247277 311
247215 245509 3267
247215 245509 3267
247215 247277 1728
263368 247277 681
247280 247276 2851
247280 247278 1411
247280 247281 511
247282 245566 4513
247282 247279 3274
247282 247281 744
247282 247283 779
247286 247279 742
247286 247285 1499
247286 247288 939
247220 247221 325
247220 247285 1336
243928 243929 493
243928 243938 2369
243939 243938 236
243940 243938 1510
263755 244213 801
243963 243962 1609
243963 243968 1700
243963 243970 1243
243969 243968 1335
243980 243972 138
243980 243975 1437
243980 243981 704
244387 244384 2014
244387 244406 1478
244387 261981 3094
244390 244384 3246
244390 244391 222
244399 244388 2148
244401 244389 1572
244401 244400 1825
264164 244389 2164
244613 244397 2549
244400 244394 1864
244400 244401 1825
244400 244402 2196
244396 244395 2064
244189 244188 706
244189 244191 1171
244189 244192 537
244190 244188 378
244190 244192 314
244190 261682 1491
263748 243943 985
263748 261660 259
243916 242917 1691
243916 243913 1529
243916 244040 2613
244041 244040 2340
244041 244043 779
244041 244046 1190
261955 261954 438
247291 247290 515
247291 247296 3133
247291 247297 1139
247314 247296 333
247314 247298 2941
247314 247319 649
247314 247333 1847
247315 247316 1726
247315 247319 452
247315 247322 1220
247354 247351 963
247354 247353 791
247357 247353 671
247357 247358 2034
247357 247411 4224
247416 247411 275
247333 247314 1847
247333 247334 1030
247432 247365 696
247432 247433 688
247432 247434 649
247433 247363 2846
247433 247432 688
247433 247434 201
247433 247705 713
247708 247571 2572
247708 247705 818
247708 247707 402
247708 247709 2003
247709 247572 2673
247709 247708 2003
247709 247710 536
247709 247711 1866
247719 247712 418
247719 247721 452
247719 247722 550
247757 247726 1691
247757 247758 1786
247757 247759 251
247778 247777 1277
247778 247781 434
258461 258460 593
258465 258460 1469
247899 247781 752
262296 262294 1084
247852 247851 2986
247852 247923 1610
247852 262292 1313
258500 258501 2858
258500 258502 818
258500 258511 1195
258511 258500 1195
258511 258501 2605
258511 258512 3186
258578 258574 1576
258578 258577 714
258578 258580 946
258578 258592 2822
258579 258574 749
258579 258580 1248
258579 258581 805
263582 258594 365
263583 258594 396
261643 258595 603
263588 263586 1095
263588 263590 1264
263588 263591 446
263592 263590 577
263589 263586 367
256144 256141 2846
256144 256143 601
256144 256147 1981
256154 256141 129
256154 256150 729
256154 256155 3099
256156 256141 3292
256156 256146 1244
256156 256158 2449
256156 256167 2565
260199 256132 373
260199 258683 278
256135 256129 426
256135 256134 825
259238 259237 144
259238 260203 641
259238 260205 155
256597 256595 766
256609 256608 2155
256609 256610 557
256616 256617 403
256616 256618 899
256616 256621 3316
261794 256617 2143
256623 256624 1374
256623 256625 2192
256623 256626 1316
256631 256630 1114
256638 256630 928
256638 256639 540
256638 256640 579
256641 256630 851
256646 256630 580
256664 256647 2476
256664 256663 2110
256664 256665 1494
256706 249083 628
256706 256705 1611
256706 256715 1249
256706 256716 1125
257157 256655 1013
257157 257158 562
257157 261181 262
257159 256659 587
257159 257158 893
257159 257160 83
254905 254904 370
254905 264120 498
256702 256652 327
256709 256652 346
256709 256710 1140
256657 256655 475
256657 256658 1055
256657 256659 983
263448 255077 137
255079 255078 1071
255082 255081 1734
255082 262480 123
255083 255081 1386
254966 254965 1394
254966 254991 5335
254990 254991 584
254990 254993 5644
254990 255035 5609
254993 254990 5644
254993 254998 7005
255070 254998 22752
255070 255066 4861
255070 255090 3685
255215 255207 1333
255215 255214 888
255256 255214 5117
255256 255284 740
255256 255292 782
255293 255282 1266
255293 255292 1432
255293 255294 983
255293 255299 1577
255295 255292 1024
255295 255294 1402
255296 255294 1187
255296 255303 144
255092 255090 4966
255092 255091 963
255101 255094 501
255101 255099 213
255101 255102 891
255104 255099 1725
255104 255100 2883
255104 255112 1325
255104 255113 1145
255110 255100 1133
255110 255111 490
262354 255059 1716
262354 255067 809
262354 262355 1069
255127 255128 1926
255127 255129 1475
255127 255130 638
262334 255128 7322
262334 262331 1051
255132 255130 1908
255132 255133 2018
255132 255135 1826
255138 236031 850
255138 255136 4604
256714 256703 1710
256714 257186 1071
256714 257187 1617
257185 256712 598
257185 257160 1151
257185 257186 713
256720 256716 1754
256720 256721 610
256720 257189 2248
257217 257214 610
257217 257218 868
257217 257219 1575
257216 257214 1437
257216 257220 1846
257237 257236 847
257237 257239 703
257237 257240 1926
257238 257236 903
257238 257243 557
257238 257244 604
257255 257250 950
257255 257258 5662
257255 257259 452
257255 257260 452
261178 257286 418
258697 258698 537
258845 258698 1332
258846 258698 846
258777 258696 886
258777 258778 655
258777 258783 1566
258784 258778 2224
258784 258785 899
258784 258786 1914
255338 255336 1193
255338 255337 1117
255338 264326 1387
258804 255337 3660
263427 258794 488
263427 263428 1095
263427 264314 414
258799 258798 1174
258800 258798 825
258796 258786 954
258796 258792 1542
258796 258809 2539
258685 258684 1978
258685 262664 451
258685 262665 2771
262022 258684 6307
262022 262023 1463
262022 262672 544
262680 262679 1425
263810 262681 1777
262693 257888 4472
262693 262694 175
262693 262695 2037
264198 262694 676
264198 264199 604
264198 264200 437
252851 252850 99
252851 257896 4124
262686 257896 1754
257969 257965 608
257969 258015 343
257966 257963 2422
257966 257970 1287
257966 257973 751
257971 257970 2429
257973 257966 751
257973 257972 1271
257977 257967 999
257977 257972 1623
257977 258002 2282
257977 258003 1171
258000 258001 324
258000 258004 377
258000 258006 3954
258002 257977 2282
258002 258004 893
258002 262083 357
258007 258004 975
258012 258008 638
258050 258037 820
258050 262056 1756
258033 258014 2232
258033 258034 348
258033 258037 428
258037 258033 428
258037 258038 1364
258037 258050 820
239194 239153 1413
239194 239195 333
239194 239198 1328
262774 239198 278
262774 262767 711
262774 262775 630
258131 258132 797
258131 258132 797
262784 239193 5166
262785 239193 1182
262781 239195 1241
239163 239140 143
239163 239157 402
239163 239164 621
243989 239171 2170
243989 243990 678
243989 243991 2247
243996 239171 1298
243996 243998 1144
243996 243998 1144
243997 239171 747
239149 239137 4178
239149 239148 1004
239149 239160 1120
239151 239145 1864
239151 239152 1314
239151 239153 1085
261925 243677 364
244336 244335 1610
244336 244338 1228
244336 244339 3643
244338 244336 1228
244338 244337 1620
244338 244339 3693
244354 244353 794
244354 244362 771
244354 244369 1030
244354 244373 831
244361 244353 903
244361 244360 745
244361 244362 793
244361 244363 646
244372 244362 771
243572 243524 706
243572 243581 1385
243573 243528 1477
243573 243581 368
243573 243585 739
243582 243562 7216
243582 243581 455
243576 243544 1609
243576 243579 485
243576 243585 301
243589 243585 348
243589 243588 597
243670 243669 919
243670 243671 823
243670 243672 2216
243565 243564 3993
243565 243569 308
243565 243571 2409
243687 243686 862
243687 243693 71
243687 261657 1475
243735 243709 1251
243735 243736 587
243737 243736 1377
245432 245318 338
245432 245433 271
245432 245435 886
245455 245454 878
245455 245457 1644
245455 261840 1114
245460 245454 1191
245460 245457 746
245460 245462 1320
245460 245465 838
245467 245462 844
245467 245465 1286
245467 245496 103
245496 245467 103
245496 245498 496
245496 247187 669
236483 236484 216
236483 236485 3314
236483 245485 619
245495 236484 686
245495 245483 841
245495 245494 1255
245494 245481 834
245494 245495 1255
245494 245497 1146
245498 245496 496
245498 245497 376
245540 241048 3263
245540 245491 2535
245540 245542 1294
245540 245543 3149
247276 245542 2367
247276 245543 612
247276 247280 2851
245509 245505 892
245509 247215 3267
245509 247215 3267
247281 245541 2436
247281 245554 2259
247281 247280 511
247281 247282 744
245566 245565 2000
245566 247282 4513
247283 247282 779
247283 247284 2034
247283 247287 2568
247283 247292 702
247285 247220 1336
247285 247286 1499
247288 247286 939
247288 247287 108
243929 243927 2524
243929 243928 493
243929 263749 371
243962 243960 1650
243962 243963 1609
243962 243966 3013
243970 243963 1243
243972 243973 3011
243972 243974 3073
243972 243980 138
243975 243876 3375
243975 243980 1437
243975 243986 2321
244406 244387 1478
244406 244405 770
244406 244418 2877
261981 244387 3094
261981 244418 1644
244391 244390 222
244391 261980 1073
244402 244400 2196
244188 244169 794
244188 244189 706
244188 244190 378
244191 244189 1171
244191 244195 9254
244191 244196 1329
261682 244190 1491
243943 243920 1204
243943 243944 2184
243943 263748 985
242917 242913 2056
242917 243916 1691
242917 244031 1298
243913 243912 1498
243913 243915 1362
243913 243916 1529
244043 244041 779
244046 244041 1190
247290 247289 550
247290 247291 515
247297 247291 1139
247297 247293 749
247297 247295 905
247297 247298 627
247298 247297 627
247298 247314 2941
247319 247314 649
247319 247315 452
247316 247295 2224
247316 247315 1726
247316 247317 687
247353 247354 791
247353 247357 671
247358 247357 2034
247358 247361 1334
247358 247365 847
247365 247358 847
247365 247364 1452
247365 247432 696
247363 247350 1830
247363 247433 2846
247363 247567 1077
247363 247571 1532
247571 247363 1532
247571 247568 1177
247571 247572 1830
247571 247708 2572
247572 247571 1830
247572 247578 353
247572 247709 2673
247711 247579 3388
247711 247709 1866
247711 247720 746
247721 247719 452
247721 247720 746
247721 247722 474
247722 247719 550
247722 247721 474
247722 247726 671
247726 247722 671
247726 247727 1447
247726 247757 1691
247758 247757 1786
247758 247761 1796
247851 247850 1239
247851 247852 2986
247851 247916 1093
262292 247852 1313
262292 247916 580
262292 247916 580
258502 258500 818
258502 258505 2458
258502 261196 1031
258512 258505 1030
258512 258511 3186
258512 258523 3449
258577 258575 2507
258577 258578 714
258592 258578 2822
258592 258593 1258
258592 258596 1375
263591 263588 446
256143 256144 601
256143 256145 2048
256143 256146 2537
256147 256144 1981
256147 256148 1777
256147 261201 1426
256150 256151 1272
256150 256152 5409
256150 256154 729
256155 256154 3099
256155 256157 989
256155 256158 1347
256146 256143 2537
256146 256156 1244
256146 256168 470
256158 256153 3336
256158 256155 1347
256158 256156 2449
256158 256159 4250
256167 256149 2935
256167 256156 2565
256167 256159 3093
256167 256176 3586
258683 258682 2502
258683 260199 278
256134 255464 5659
256134 256135 825
259237 259238 144
260203 259238 641
260203 260204 800
260203 261201 3071
256608 256607 2424
256608 256609 2155
256618 256616 899
256618 256619 2369
256618 256660 1054
256621 256616 3316
256621 256662 1339
256625 256623 2192
256625 256628 817
256625 256632 556
256625 256633 671
256626 256623 1316
256639 256638 540
256640 256638 579
256663 256662 1160
256663 256664 2110
256665 249083 1735
256665 256664 1494
256665 256666 3438
249083 249082 1215
249083 256665 1735
249083 256706 628
256715 256706 1249
256715 256717 581
256716 256706 1125
256716 256717 981
256716 256720 1754
261181 257157 262
256659 256657 983
256659 256658 763
256659 256712 1344
256659 257159 587
257160 257159 83
257160 257185 1151
257160 261778 1110
264120 254905 498
256710 256654 1225
256710 256703 889
256710 256709 1140
256710 256713 833
256658 256654 839
256658 256657 1055
256658 256659 763
256658 256713 1225
262480 255082 123
254965 254962 409
254965 254966 1394
255035 254964 1976
255035 254990 5609
255207 254976 3960
255207 255213 1170
255207 255215 1333
255284 255256 740
255284 255262 1617
255284 255283 1247
255292 255256 782
255292 255283 893
255292 255293 1432
255292 255295 1024
255282 255261 840
255282 255285 1510
255282 255293 1266
255299 255289 708
255299 255293 1577
255299 255300 1037
255299 255303 987
255303 255296 144
255303 255299 987
255303 255304 1525
255091 255092 963
255091 255093 882
255091 255094 1143
255094 255091 1143
255094 255093 784
255094 255101 501
255102 255101 891
255102 255118 519
255102 262933 195
255112 255104 1325
255112 255106 744
255113 238828 738
255113 255104 1145
255113 255114 157
255111 238828 1815
255111 255110 490
255111 255115 174
255059 255058 2591
255059 262354 1716
255059 262356 572
262355 262354 1069
255129 255127 1475
262331 262334 1051
255133 255132 2018
236031 235980 6367
236031 236032 5109
236031 255138 850
256703 256704 1430
256703 256710 889
256703 256714 1710
257187 256714 1617
256712 256659 1344
256712 256713 845
256712 257185 598
256721 256720 610
256721 256722 649
257214 257215 746
257214 257216 1437
257214 257217 610
257218 257217 868
257239 257183 2269
257239 257237 703
257239 257256 362
257240 257237 1926
257243 257238 557
257244 257238 604
257250 257247 1565
257250 257249 1510
257250 257255 950
257259 257254 550
257259 257255 452
257260 257255 452
257260 257261 473
257260 257327 3546
258696 258692 2248
258696 258695 3002
258696 258777 886
258783 258775 2603
258783 258777 1566
258783 261271 1374
258785 258784 899
258786 258784 1914
258786 258795 1874
258786 258796 954
255336 255305 1374
255336 255331 1653
255336 255338 1193
264326 255338 1387
263428 258791 656
263428 263427 1095
264314 263427 414
258792 258791 1825
258792 258796 1542
258792 258797 1368
262664 258685 451
262664 262668 1105
262664 262671 1953
262665 258685 2771
262023 262022 1463
262672 257889 1770
262672 262022 544
262672 262673 1355
257888 257871 669
257888 262693 4472
257888 262696 459
262695 262693 2037
264199 264198 604
264200 264198 437
252850 252851 99
252850 257895 101
252850 261148 2085
257965 257963 358
257965 257964 361
257965 257969 608
257963 257962 501
257963 257965 358
257963 257966 2422
257963 261156 2952
257967 257968 313
257967 257977 999
257967 257993 807
257967 261154 278
258001 258000 324
258001 262082 279
258006 257958 2523
258006 258000 3954
262083 257996 182
262083 258002 357
258034 258033 348
262767 239200 2097
262767 262774 711
262767 262776 580
262775 262774 630
239140 239138 1346
239140 239142 2215
239140 239163 143
239164 239163 621
239164 239165 1330
243990 243967 2569
243990 243989 678
243991 243989 2247
243998 243996 1144
243998 243996 1144
243998 262111 543
239137 239136 407
239137 239149 4178
239148 239147 5361
239148 239149 1004
239148 239156 2136
239145 239146 599
239145 239150 2386
239145 239151 1864
239152 239151 1314
239152 239154 350
239152 239155 451
244335 243663 732
244335 244215 2021
244335 244336 1610
244335 244337 837
244337 244335 837
244337 244338 1620
244337 244348 2590
244353 244351 776
244353 244352 931
244353 244354 794
244353 244361 903
244369 244354 1030
244360 244349 831
244360 244359 804
244360 244361 745
244363 244361 646
243524 243521 6092
243524 243522 3891
243524 243572 706
243528 243529 1152
243528 243544 704
243528 243573 1477
243562 243558 252
243562 243582 7216
243544 243528 704
243544 243545 1058
243544 243574 672
243544 243576 1609
243579 243574 1248
243579 243576 485
243579 243580 668
243588 243580 1157
243588 243589 597
243588 243645 488
243671 243670 823
243672 243670 2216
243672 264221 1586
243672 264222 480
243564 243563 701
243564 243565 3993
243569 243565 308
243569 243568 799
243686 243687 862
243686 243688 1171
243686 243696 1474
261657 243687 1475
243709 243708 912
243709 243734 1579
243709 243735 1251
245318 245317 962
245318 245317 962
245318 245432 338
245435 245432 886
245435 245436 797
245435 245438 1386
245457 245452 1942
245457 245455 1644
245457 245460 746
245457 245461 1390
261840 245453 743
261840 245455 1114
245462 245460 1320
245462 245461 794
245462 245467 844
236485 236483 3314
236485 245475 989
236485 245484 611
245485 236483 619
245485 245486 1954
245485 245500 335
245483 245480 1921
245483 245481 1227
245483 245495 841
245481 245477 1825
245481 245483 1227
245481 245494 834
241048 241049 1427
241048 241053 913
241048 245540 3263
245491 245488 2702
245491 245502 2121
245491 245537 650
245491 245540 2535
245542 245514 314
245542 245540 1294
245542 247276 2367
245505 245500 1333
245505 245507 189
245505 245509 892
245541 245513 5658
245541 247281 2436
245554 245548 1368
245554 245555 2179
245554 247281 2259
245565 245566 2000
245565 247300 1220
247284 247283 2034
247284 247299 2668
247287 247283 2568
247287 247288 108
247287 247289 472
247292 247283 702
247292 247293 825
243927 243878 431
243927 243925 1010
243927 243929 2524
263749 243929 371
263749 244022 814
263749 264220 987
243960 243865 589
243960 243958 699
243960 243961 907
243960 243962 1650
243966 243962 3013
243966 243965 696
243966 243967 2389
243973 243972 3011
243974 243876 1636
243974 243959 917
243974 243972 3073
243876 243875 1040
243876 243974 1636
243876 243975 3375
243986 243975 2321
244405 244403 1368
244405 244406 770
244405 244408 497
244418 244406 2877
244418 261981 1644
261980 244391 1073
244169 244138 1312
244169 244160 1109
244169 244172 442
244169 244188 794
244195 244191 9254
244195 244215 10951
244195 261967 1010
244196 244191 1329
244196 244197 544
243920 243943 1204
243944 243943 2184
242913 242917 2056
242913 243912 1563
244031 242917 1298
243912 242913 1563
243912 243913 1498
243915 243913 1362
247289 247287 472
247289 247290 550
247293 247292 825
247293 247297 749
247295 247297 905
247295 247316 2224
247317 247316 687
247361 247358 1334
247361 247364 924
247364 247350 1382
247364 247361 924
247364 247365 1452
247350 247363 1830
247350 247364 1382
247567 247363 1077
247567 247568 1356
247568 247567 1356
247568 247571 1177
247578 247572 353
247578 247579 1375
247579 247578 1375
247579 247711 3388
247720 247711 746
247720 247721 746
247727 247726 1447
247761 247758 1796
247850 247851 1239
247916 247851 1093
247916 262292 580
247916 262292 580
258505 258502 2458
258505 258512 1030
261196 258502 1031
258523 258512 3449
258575 258577 2507
258593 258592 1258
258596 258592 1375
256145 256143 2048
256145 256148 2232
256148 256145 2232
256148 256147 1777
256148 256149 2759
261201 256147 1426
261201 260203 3071
256151 256150 1272
256152 256150 5409
256152 256153 2885
256157 256155 989
256168 256146 470
256153 256152 2885
256153 256158 3336
256159 256158 4250
256159 256167 3093
256149 256148 2759
256149 256167 2935
256176 256167 3586
258682 258683 2502
255464 256134 5659
260204 260203 800
256607 256608 2424
256619 256618 2369
256660 256618 1054
256662 256621 1339
256662 256663 1160
256662 256666 2003
256628 256625 817
256632 256625 556
256633 256625 671
256666 256662 2003
256666 256665 3438
249082 249083 1215
256717 256715 581
256717 256716 981
261778 257160 1110
256654 256658 839
256654 256710 1225
256713 256658 1225
256713 256710 833
256713 256712 845
254962 254965 409
254964 255035 1976
254976 255207 3960
255213 255207 1170
255262 255284 1617
255283 255261 426
255283 255284 1247
255283 255292 893
255261 255282 840
255261 255283 426
255285 255282 1510
255285 255289 1060
255289 255285 1060
255289 255299 708
255300 255299 1037
255304 255303 1525
255093 255091 882
255093 255094 784
255118 255102 519
262933 255102 195
255106 255112 744
238828 255111 1815
238828 255113 738
255114 255113 157
255115 255111 174
255058 255059 2591
262356 255059 572
235980 236031 6367
235980 236032 2206
236032 235980 2206
236032 236031 5109
256704 256703 1430
256722 256721 649
257215 257214 746
257183 257239 2269
257183 257256 2183
257256 257183 2183
257256 257239 362
257247 257250 1565
257249 257250 1510
257254 257259 550
257261 257260 473
257327 257260 3546
258692 258695 1730
258692 258696 2248
258695 258692 1730
258695 258696 3002
258775 258783 2603
261271 258783 1374
258795 258786 1874
255305 255336 1374
255331 255336 1653
258791 258792 1825
258791 263428 656
258797 258792 1368
262668 262664 1105
262671 262664 1953
257889 262672 1770
262673 262672 1355
257871 257888 669
262696 257888 459
257895 252850 101
261148 252850 2085
257964 257965 361
257962 257963 501
261156 257963 2952
261156 257968 2931
257968 257967 313
257968 261156 2931
257993 257967 807
257993 257996 1114
261154 257967 278
262082 257996 509
262082 258001 279
257958 258006 2523
257996 257993 1114
257996 262082 509
257996 262083 182
239200 262767 2097
262776 262767 580
239138 239136 1073
239138 239140 1346
239142 239140 2215
239165 239164 1330
243967 243966 2389
243967 243990 2569
262111 243998 543
239136 239137 407
239136 239138 1073
239147 239148 5361
239156 239148 2136
239146 239145 599
239150 239145 2386
239154 239152 350
239155 239152 451
243663 244335 732
244215 244195 10951
244215 244335 2021
244348 244337 2590
244351 244349 139
244351 244353 776
244352 244353 931
244349 244351 139
244349 244360 831
244359 244360 804
243521 243522 4556
243521 243524 6092
243522 243521 4556
243522 243524 3891
243522 243558 5503
243529 243528 1152
243558 243522 5503
243558 243562 252
243558 243563 1073
243545 243544 1058
243574 243544 672
243574 243579 1248
243574 243580 1204
243580 243574 1204
243580 243579 668
243580 243588 1157
243645 243588 488
264221 243672 1586
264222 243672 480
243563 243558 1073
243563 243564 701
243568 243569 799
243688 243686 1171
243696 243686 1474
243708 243709 912
243734 243709 1579
245317 245318 962
245317 245318 962
245436 245435 797
245438 245435 1386
245452 245453 1137
245452 245457 1942
245461 245457 1390
245461 245462 794
245453 245452 1137
245453 261840 743
245475 236485 989
245484 236485 611
245486 245485 1954
245500 245485 335
245500 245505 1333
245480 245483 1921
245477 245481 1825
241049 241048 1427
241053 241048 913
241053 245514 3688
245488 245491 2702
245502 245491 2121
245537 245491 650
245514 241053 3688
245514 245542 314
245507 245505 189
245513 245541 5658
245548 245554 1368
245555 245554 2179
247300 245565 1220
247299 247284 2668
243878 243927 431
243925 243927 1010
244022 263749 814
264220 263749 987
243865 243958 568
243865 243960 589
243958 243865 568
243958 243959 597
243958 243960 699
243961 243960 907
243965 243966 696
243959 243958 597
243959 243974 917
243875 243876 1040
244403 244405 1368
244408 244405 497
244138 244169 1312
244160 244169 1109
244172 244169 442
261967 244195 1010
244197 244196 544
284
255096
255126
255155
255139
262350
262332
257170
257173
260547
257190
257213
257232
257234
257241
257280
257210
258780
258787
258744
258789
263717
263351
258818
262660
264194
258741
262659
257890
257901
257906
257902
258018
258021
258029
258030
258052
262067
262062
258013
258042
258054
258969
258971
262771
258130
239196
240597
239159
239166
239201
239206
243678
243785
244432
244345
244374
244433
244434
243583
243586
243762
243692
243800
244490
244494
244497
245431
245464
247185
247188
247194
247189
247211
247209
263802
243950
243941
244212
244218
