564
191559 191562 1885
191559 191566 2332
191854 191555 802
191854 194514 715
191785 191786 1308
191785 191904 1326
191552 191554 1952
191552 191853 1843
191840 191917 1947
191946 191948 1536
191946 194036 3486
191772 191771 2149
191772 191960 5126
191955 191771 1213
191955 192075 1008
192123 192122 1878
192666 193850 1106
192772 192739 2109
192772 192773 2450
192775 192773 201
192775 192776 1900
193851 193848 983
193851 194017 454
194020 194026 1503
194020 194058 1410
192721 192720 585
192721 192722 543
192728 192729 3235
192728 194249 712
192810 192812 748
192810 192814 1187
114065 114066 2072
114065 114067 6896
114405 114366 3244
114405 114723 1662
114405 114730 1159
194382 194380 288
194382 194383 362
107564 107563 2102
107564 109778 1709
109461 109462 1690
109461 109775 557
109769 107562 1066
109769 109770 201
109800 109801 1988
109800 109813 2212
109820 109792 162
109820 109819 1031
109814 109816 1279
109814 109893 511
109814 109930 1919
109814 109931 755
109894 109913 452
109853 109907 580
109853 113873 805
105183 103361 1134
105183 105185 672
110995 110996 610
110995 110997 769
110974 110975 418
110974 110976 750
110974 111007 1393
111088 111007 672
111088 111087 1393
111091 111092 557
111098 111085 1008
111098 111092 975
111098 111324 537
111327 111325 1223
111327 111326 737
111338 111334 809
111338 111335 1608
111338 111342 975
111341 103355 692
111341 111342 750
111341 111354 1480
103333 103332 678
103333 103336 1355
103333 111470 1230
111469 111470 788
111469 111474 580
111469 111483 1306
111474 111469 580
111474 111494 950
111481 111479 983
111481 111495 610
111481 111502 750
111358 103336 809
111358 103354 781
103356 103354 769
103357 103355 681
111479 111481 983
111479 111504 672
111479 111536 950
111229 111228 756
111520 111572 279
111565 111562 782
111566 111556 1273
111566 111569 764
111594 111563 420
111571 111572 336
111571 111573 222
111560 111561 1763
111560 111563 667
111567 111561 667
111567 111568 672
111576 103695 1427
111576 111568 778
111576 111579 782
111579 103696 1432
111579 111576 782
111579 111580 778
111580 103697 1516
111580 111579 778
111580 111681 782
111684 111683 588
111691 111686 930
111691 111707 778
111707 111689 924
111707 111691 778
111707 111708 778
111718 111708 1344
111718 111716 672
111716 111709 1196
111716 111717 889
111716 111718 672
111765 111717 2435
111765 111758 847
112150 111758 681
112150 112166 1398
111739 111711 667
111739 111715 708
111712 111711 826
111712 111714 1114
111712 111720 1222
111657 111656 950
111657 111666 1111
111666 111656 403
111666 111657 1111
111666 111665 1334
111636 111635 840
111636 111638 889
111636 111697 504
111667 111635 1891
111667 111641 840
111450 111449 869
111450 111452 713
111450 111455 713
111452 111450 713
111452 111451 2407
111654 111655 950
112589 112592 604
113582 112579 1135
113582 112592 1183
112590 112591 750
112590 112599 1014
111705 111704 681
111705 111710 344
111715 111713 1234
111715 111739 708
112599 112590 1014
112599 112600 756
112601 112600 1686
112166 112150 1398
104310 104309 708
104309 104310 708
39226 39223 1393
39223 39226 1393
104814 104831 2560
104834 104855 893
104881 104879 1397
104855 104834 893
104831 104814 2560
104904 104903 809
104879 104881 1397
104903 104904 809
104607 104998 1810
104998 104607 1810
39699 40454 1022
40454 39699 1022
40488 40491 252
40491 40488 252
40595 40593 2363
40593 40595 2363
40928 40929 789
40929 40928 789
40934 40937 2799
40937 40934 2799
48551 48670 984
48670 48551 984
48670 48674 552
48674 48670 552
48689 48709 848
48709 48689 848
48736 48735 1253
48735 48736 1253
48889 48890 511
48890 48889 511
48896 48931 773
48952 48961 1224
48931 48896 773
48961 48952 1224
48315 48319 752
48319 48315 752
54448 54494 2353
54494 54448 2353
54559 54576 3774
54576 54559 3774
54534 54679 1014
54679 54534 1014
55152 55171 279
55171 55152 279
55165 55169 890
55169 55165 890
55206 55212 1881
55212 55206 1881
144495 144490 2497
144495 144491 2393
144490 144495 2497
144490 144527 2836
144527 144490 2836
144678 144679 394
144679 144678 394
144690 144692 755
150604 143291 788
143291 150603 573
143291 150604 788
150603 143291 573
150621 150634 430
150634 150621 430
139908 140190 556
140190 139908 556
141864 141875 2400
144491 144495 2393
141875 141864 2400
141876 141913 2407
141913 141876 2407
142090 140044 926
140044 142090 926
142059 142060 486
142060 142059 486
142584 142585 1533
142585 142584 1533
142538 142542 1341
142542 142538 1341
204843 204848 1459
204848 204843 1459
207877 207781 1021
207781 207877 1021
144692 144690 755
144706 144708 905
144708 144706 905
144757 144761 734
144720 144719 293
144761 144757 734
144719 144720 293
145545 145546 771
145546 145545 771
145603 145598 795
145598 145603 795
145598 145610 740
145610 145598 740
145773 145774 792
145784 145783 801
145783 145784 801
145774 145773 792
145863 145864 744
145864 145863 744
146099 146101 770
146101 146099 770
151483 151490 735
151490 151483 735
151566 151563 2064
151560 151563 1536
203821 203823 683
151563 151560 1536
151563 151566 2064
203823 203821 683
208618 208621 1227
208621 208618 1227
207882 207883 972
207883 207882 972
207853 207891 237
207891 207853 237
208679 208680 710
208680 208679 710
208717 208726 800
208726 208717 800
167091 167104 1831
166751 166749 1185
166749 166751 1185
166749 166782 842
166782 166749 842
167038 167050 850
167050 167038 850
167104 167091 1831
180378 179704 751
179704 180378 751
181914 182115 2364
182115 181914 2364
182123 182144 782
182144 182123 782
182189 182199 2690
182199 182189 2690
152316 152361 397
152361 152316 397
152361 152360 559
152360 152361 559
152346 152347 764
152347 152346 764
173593 173594 418
173594 173593 418
153018 153039 1034
153039 153018 1034
176123 176131 782
176509 176514 1447
176514 176509 1447
176520 176522 2483
176522 176520 2483
176131 176123 782
176510 176143 842
176143 176510 842
155620 155618 683
155592 155600 1124
155600 155592 1124
155618 155620 683
176955 176971 796
177166 177213 765
177213 177166 765
177179 177181 789
177181 177179 789
177191 177170 238
176112 176114 2093
176114 176112 2093
176114 176204 952
176204 176114 952
177172 177171 810
176971 176955 796
177170 177191 238
177171 177172 810
174950 174951 2007
174951 174950 2007
167287 167320 810
167320 167287 810
165102 165100 562
165102 165133 688
165133 165102 688
165100 165102 562
164582 164581 436
164744 164743 1032
164743 164744 1032
164581 164582 436
211525 211526 660
211526 211525 660
211531 211532 556
211532 211531 556
211539 211549 278
211549 211539 278
211559 212175 727
212175 211559 727
212203 212204 679
212204 212203 679
114901 114937 2344
114937 114901 2344
107447 107452 930
107452 107447 930
107452 108506 785
107463 107465 1424
107465 107463 1424
108506 107452 785
92823 103133 1916
103133 92823 1916
191562 191559 1885
191566 191559 2332
191555 191854 802
194514 191854 715
191786 191785 1308
191904 191785 1326
191554 191552 1952
191853 191552 1843
191917 191840 1947
191948 191946 1536
194036 191946 3486
191771 191772 2149
191771 191955 1213
191960 191772 5126
192075 191955 1008
192122 192123 1878
193850 192666 1106
192739 192772 2109
192773 192772 2450
192773 192775 201
192776 192775 1900
193848 193851 983
194017 193851 454
194026 194020 1503
194058 194020 1410
192720 192721 585
192722 192721 543
192729 192728 3235
194249 192728 712
192812 192810 748
192814 192810 1187
114066 114065 2072
114067 114065 6896
114366 114405 3244
114723 114405 1662
114730 114405 1159
194380 194382 288
194383 194382 362
107563 107562 1224
107563 107564 2102
109778 107564 1709
109462 109461 1690
109775 109461 557
107562 107563 1224
107562 109769 1066
109770 109769 201
109801 109800 1988
109813 109800 2212
109792 109820 162
109819 109820 1031
109816 109814 1279
109893 109814 511
109930 109814 1919
109931 109814 755
109913 109894 452
109907 109853 580
113873 109853 805
103361 105183 1134
105185 105183 672
110996 110995 610
110997 110995 769
110975 110974 418
110976 110974 750
111007 110974 1393
111007 111088 672
111087 111088 1393
111087 111092 279
111092 111087 279
111092 111091 557
111092 111098 975
111085 111098 1008
111324 111098 537
111324 111325 788
111325 111324 788
111325 111327 1223
111326 111327 737
111326 111334 1028
111334 111326 1028
111334 111338 809
111335 111338 1608
111342 111338 975
111342 111341 750
103355 103354 583
103355 103357 681
103355 111341 692
111354 111341 1480
103332 103333 678
103336 103333 1355
103336 111358 809
111470 103333 1230
111470 111469 788
111483 111469 1306
111483 111494 1124
111494 111474 950
111494 111483 1124
111495 111481 610
111502 111481 750
103354 103355 583
103354 103356 769
103354 111358 781
111504 111479 672
111536 111479 950
111228 111229 756
111572 111520 279
111572 111571 336
111572 111573 361
111562 111561 778
111562 111563 1767
111562 111565 782
111556 111566 1273
111556 111569 713
111569 111556 713
111569 111566 764
111569 111573 574
111563 111560 667
111563 111562 1767
111563 111594 420
111573 111569 574
111573 111571 222
111573 111572 361
111561 111560 1763
111561 111562 778
111561 111567 667
111568 111567 672
111568 111576 778
103695 103696 672
103695 111576 1427
103696 103695 672
103696 103697 782
103696 111579 1432
103697 103696 782
103697 111580 1516
111681 111580 782
111681 111683 889
111683 111681 889
111683 111684 588
111683 111686 672
111686 111683 672
111686 111689 889
111686 111691 930
111689 111686 889
111689 111707 924
111708 111707 778
111708 111709 893
111708 111718 1344
111709 111708 893
111709 111714 580
111709 111716 1196
111717 111714 1348
111717 111716 889
111717 111765 2435
111758 111765 847
111758 112150 681
111711 111712 826
111711 111713 904
111711 111739 667
111714 111709 580
111714 111712 1114
111714 111717 1348
111720 111712 1222
111656 111657 950
111656 111666 403
111665 111641 452
111665 111666 1334
111635 111636 840
111635 111667 1891
111638 111636 889
111697 111636 504
111641 111665 452
111641 111667 840
111449 111450 869
111455 111450 713
111455 112579 445
111451 111452 2407
111655 111654 950
112592 112589 604
112592 112591 796
112592 113582 1183
112579 111455 445
112579 113582 1135
112591 112590 750
112591 112592 796
112591 112600 672
111704 111705 681
111710 111705 344
111710 111713 826
111713 111710 826
111713 111711 904
111713 111715 1234
112600 112591 672
112600 112599 756
112600 112601 1686
970
191559
191854
191785
191552
191840
191946
191772
191955
192123
192666
192772
192775
193851
194020
192721
192728
192810
114065
114405
194382
107564
109461
109769
109800
109820
109814
109894
109853
105183
110995
110974
111088
111091
111098
111327
111338
111341
103333
111469
111474
111481
111358
103356
103357
111479
111229
111520
111565
111566
111594
111571
111560
111567
111576
111579
111580
111684
111691
111707
111718
111716
111765
112150
111739
111712
111657
111666
111636
111667
111450
111452
111654
112589
113582
112590
111705
111715
112599
112601
112615
111760
111769
112166
112634
112633
112702
104310
104309
104321
104300
112597
112595
105726
105727
105728
112891
112750
105724
104338
104302
104297
104359
39212
39226
39584
39587
39529
39534
39547
39550
39557
39525
46102
39219
39223
104743
104794
113701
39190
39194
39199
104814
104834
104881
104938
104855
104864
104831
104904
104895
104879
104903
104925
105004
104607
104998
105000
105006
39558
39338
39346
39461
39462
39447
39456
39465
39438
39412
39415
39422
39437
39476
39483
39495
39699
40440
40454
39747
40459
40461
40488
40491
40496
40501
40539
40610
40614
40615
40480
40548
40386
40551
40595
40830
40833
40839
40852
40855
40860
40918
40915
40584
40591
40593
40925
40928
40929
40927
40916
40934
55226
55246
55250
55252
55417
55468
55426
41630
41638
48392
40937
41642
41648
48407
48523
48526
48539
48547
48551
48344
48369
48372
48338
48670
48674
48689
48709
48726
48738
48733
48740
48736
48715
48735
48889
48590
48905
48912
48890
48892
48896
48869
48933
48941
48947
48951
48952
48866
48931
48961
48962
48989
48985
49004
50484
49028
49030
49043
48315
48319
48326
131376
48311
131379
131382
131386
131638
131642
131643
131657
131803
131659
131751
131826
54362
54421
54424
54444
54448
54494
54531
54377
54559
54576
54587
54588
52718
54534
54745
54533
54539
54542
54679
54683
54664
53867
53869
56778
56779
53922
53919
55152
55171
55165
55169
55206
55212
144495
144490
144527
144541
144678
144679
144688
144690
150604
150614
143291
150603
150621
150634
150644
150656
151886
150689
139907
150690
139908
140190
140187
140208
140211
140430
140432
140442
141864
142505
142533
142544
144491
141875
141876
141913
141930
151754
142090
142091
142101
140044
142059
142060
142063
142071
142565
142566
142584
142585
142593
142605
142612
142732
142734
142509
142538
142542
142733
142766
142767
55476
55479
56360
56368
56365
204541
204717
204539
204714
204736
204797
204842
204843
204848
204851
207876
207877
207781
144692
144699
144702
144697
144706
144708
144726
144757
144720
144729
144761
144719
145052
145094
145097
145100
145112
145104
145122
145495
145500
145537
145538
145545
145546
145594
145603
145598
145610
145773
145775
145784
145783
145782
145787
145621
145788
145774
145779
145846
145851
145863
145864
145875
145879
146087
146099
146101
151474
151483
151490
151494
151554
151811
148164
151552
151566
151584
151560
203821
151563
151585
203823
203832
204441
204521
208618
208624
207867
194686
208645
208646
212989
208640
208637
208630
208621
207788
207792
207882
207883
207886
207853
207891
208610
208679
208667
208668
208680
208674
208708
208717
208726
208727
208732
211108
211171
211173
211174
180261
180471
180183
180263
180249
185562
180467
180469
180415
180449
166495
166510
166504
166554
166546
166559
166571
166579
166731
172660
166735
166702
167200
167236
167262
167223
167212
167091
166718
166726
166751
166749
166782
166762
167009
167027
167038
167050
167098
167113
172177
167104
152419
152423
152414
152410
152411
186058
180127
180384
180393
180378
180398
179702
179704
177720
180187
182346
173588
182311
179712
181916
181914
182115
182123
182099
182144
182183
182189
182199
182283
182308
152316
152361
152334
152950
152351
152360
152943
152313
152353
152367
152939
152947
152945
152320
152342
152338
152346
152344
152347
152324
152450
152473
152483
153091
153132
155705
155781
155725
153112
153140
173523
173593
173594
173581
173559
173687
185433
186087
173163
173167
173690
173854
173873
185444
152917
153012
153018
153039
153023
155490
153032
153034
153044
153020
153037
155509
155519
155549
155484
155495
176116
176123
176509
176506
176471
176495
176493
176503
176514
176513
176516
176520
176522
176131
176510
176138
176143
155671
155678
156248
156252
155635
155630
155620
155632
155538
155592
155600
155618
175973
177109
177116
177115
177146
177098
177145
177100
177016
177102
176995
185696
176957
176955
176968
177166
177029
177045
177044
177213
177009
177177
177179
177181
177190
177189
177191
176112
176077
176106
176203
176114
176204
176961
177172
176965
176971
177170
177171
175013
176849
176868
176783
173879
174950
174951
174981
174975
176631
176761
174964
174960
174957
176757
211361
211330
165082
165321
165263
165231
165269
165439
167287
167320
167307
167330
166543
166550
166552
167296
166538
166542
165084
165055
165057
165102
165133
165069
165100
165090
164477
165139
165119
165135
164453
164697
164451
164443
164446
164802
164837
165165
165340
165354
165381
165143
164582
164722
164731
164724
164735
164698
164727
164729
164744
164741
164743
164594
164581
161410
164583
164585
211389
211402
211525
211216
211388
211526
211531
211532
211539
211549
211551
211558
211559
211546
212175
212181
212183
212184
212203
212204
212242
211404
211405
212450
212459
212511
161403
161431
212517
212531
212257
212262
212446
114381
114323
114430
114200
114206
114569
114017
114021
114037
119124
119309
119321
118563
118564
119155
119342
119386
114913
114940
114911
114901
114937
114935
115030
115006
92018
92027
92069
92071
92123
94363
92206
92278
92279
115750
115808
115814
92310
92313
92314
105806
107030
107034
107086
107203
107177
107200
106962
106965
107119
107418
107447
107452
107438
107487
107463
107465
108506
107445
107530
107515
107478
109500
107475
92823
92906
103133
92960
92964
93035
92849
92807
115972
115965
115786
115848
115856
92748
92516
92729
115853
115864
191890
191513
191522
191525
191788
191533
190883
190896
190899
191699
191968
191698
194030
191730
191732
192755
191562
191555
191786
191904
191554
191853
191917
191948
191771
192122
192739
192773
193848
194017
194026
192720
192722
194249
192812
114067
114366
114723
114730
194380
107563
109462
109775
107562
109770
109801
109813
109792
109819
109816
109893
109930
109931
109913
109907
103361
105185
110976
111007
111087
111085
111324
111325
111326
111334
111335
111342
103355
111354
103332
103336
111470
111483
111494
111495
111502
103354
111504
111536
111572
111562
111556
111569
111561
111568
103695
103697
111681
111683
111686
111689
111708
111709
111717
111758
111714
111720
111656
111635
111638
111641
111449
111451
111655
112592
111704
111710
