1406
95632 95633 495
95649 95650 1031
95649 95656 1168
101708 101709 1000
101708 101710 840
101704 101705 1540
101704 101707 2112
101706 101710 1000
101706 101711 1224
49921 49826 1336
49921 49927 238
49921 49930 473
41948 41932 1849
41948 41953 279
41952 41956 1738
50446 50448 1211
50446 50449 665
49824 49823 373
49824 49831 1179
49893 49891 737
49893 49902 1022
49908 49905 938
49908 49907 1797
50010 50011 1884
50010 50012 747
97764 97758 2169
97764 97763 1301
97764 97766 1279
97774 97766 2225
97747 97658 983
97747 97754 1652
102756 97763 2473
94604 94605 1077
93529 93527 928
93529 93530 354
94334 94335 149
94334 94612 794
94616 94615 491
94616 94623 403
93533 93531 2607
93527 93529 928
93527 93537 1260
93528 93536 544
93528 93537 562
93560 93548 1336
93560 98904 3027
98942 93558 905
98942 98940 1768
93558 98942 905
93558 98943 2316
93558 98944 2329
102036 102702 2568
102036 102703 430
102036 102748 146
92745 92432 1595
92745 92727 1183
101754 92709 1331
101754 98927 259
98899 98896 1985
98899 98898 2466
98965 98950 4499
98965 98950 4499
98960 92433 1728
98975 98971 4622
98975 101683 145
101685 101683 336
101685 101689 1015
94534 94535 1038
98622 98625 847
98622 98626 1596
98624 98626 778
98624 98653 931
98652 98653 950
97801 97803 1955
97802 97824 1142
97802 97825 905
97833 97828 950
97833 97847 1114
97843 97844 1768
97843 97845 562
97842 97840 507
97842 102121 1529
98048 98049 1098
98043 98044 1481
98043 98051 2111
98058 98057 1457
98338 92169 74
97768 97767 4694
97768 97796 2556
97799 97797 869
98330 98327 1385
98330 98328 782
98591 98328 1961
98591 98593 1512
98591 98594 1022
98592 98593 796
191007 191084 1709
191007 191088 304
191007 191468 2230
41962 41953 6113
41962 41967 201
41970 41971 4846
41970 41973 3365
42010 42008 895
49973 42024 2877
49910 49909 580
49910 49913 420
49913 49905 676
49913 49910 420
50114 42024 1226
42040 42039 473
42044 42029 1901
42046 42045 818
42047 42048 1483
42047 42050 1481
46239 46238 2256
50149 48173 1000
50159 50164 1209
42105 42093 1410
42105 42107 452
42149 42145 2229
42149 42148 1140
42162 42113 3577
42162 42161 939
42167 42116 1605
43955 43675 3330
43955 43679 2251
43955 50439 1110
43957 43680 750
43957 43958 1258
43963 43962 6003
43963 43964 1577
43985 43986 178
43985 48100 907
43990 48101 436
43992 43994 1059
43992 43996 697
43992 43997 1746
44054 43997 1392
44054 50290 737
43923 43924 101
43923 50567 290
43924 43920 516
43924 43923 101
43901 43900 537
44197 44195 1056
44245 44233 1534
44245 44248 2139
44248 44245 2139
44248 44263 1768
44248 50310 238
44265 44260 2063
44344 44247 2367
43981 44181 342
43981 44181 342
44254 44255 1227
44254 44256 1283
44393 44378 848
44393 44392 2335
44399 44383 849
44438 44439 1890
44473 44470 3899
44477 44478 208
44477 44480 850
44483 44480 581
44483 44484 630
44504 44725 1955
43760 43750 1345
43760 43761 2737
43761 43749 1955
43761 43760 2737
44007 43763 688
44015 44012 3953
43742 43741 2447
43742 43749 1894
43775 42497 541
43910 43908 672
44734 44731 2341
44772 44761 751
44772 44773 2909
44772 44798 1533
44798 44767 2455
44798 44772 1533
45892 45611 5731
45892 45890 1467
45892 45893 1695
44732 44731 1181
44732 44736 1323
44736 44732 1323
44736 44733 552
44762 44756 873
44758 44757 905
44758 44766 1225
44758 44767 1533
50254 44766 861
45912 45911 355
45912 45914 1161
45920 45914 1282
45920 45919 1029
45920 45923 1104
45956 45926 984
45956 45955 1354
45957 45923 1161
45994 45993 1483
45994 46001 1394
46027 45925 558
46027 45991 936
126024 126023 2243
126024 126025 828
126084 126025 1505
126084 126085 436
126089 126087 683
126097 132500 203
126191 126189 850
126191 126192 1701
126191 126193 893
126207 126215 1454
126208 126210 688
126217 126210 1558
126217 126215 767
126216 126201 767
126216 126215 1897
126499 126201 2605
126499 126487 843
126499 126501 2688
45755 45751 953
45437 45436 673
125345 125346 1009
125345 125347 751
126633 125352 1104
126633 126632 1467
126632 126629 605
126632 126633 1467
126631 126629 1085
126631 126630 552
125248 125227 4822
125248 125237 355
125248 125271 537
45363 45362 1445
45363 125308 650
125314 125315 697
125314 125316 1153
125322 125320 933
125326 125325 952
125326 125364 885
125363 125369 1586
125363 125370 238
125373 125339 1009
125373 125344 3669
125375 125376 905
125375 125386 1228
125944 125915 9310
125353 125355 1607
125353 125356 552
125355 125353 1607
125355 125357 517
45761 45749 1080
45761 45760 1716
125406 125407 552
125406 125409 2392
125408 125409 630
125426 125424 879
125426 125444 238
125445 125444 1483
125429 125428 202
125429 125431 2701
125432 125425 879
125432 125444 1121
125431 125392 673
125431 125429 2701
126008 125999 2215
126008 126012 837
126013 126010 890
126013 126012 1477
126038 126031 976
126038 126039 673
126043 126039 518
126056 126058 928
126072 126058 474
126070 126035 558
126070 126068 238
126004 126003 906
126004 126006 1956
45675 45673 1547
45675 45764 1678
45673 45560 355
45673 45674 1228
45673 45675 1547
45682 45705 3068
45708 45712 1206
45713 45711 1161
45713 45712 1428
45718 45717 1064
45718 45984 1534
46005 45984 1932
46005 46007 789
45998 45982 474
45998 45986 650
46000 45996 1080
46002 46001 1865
126516 126466 1211
126516 126517 2118
126518 126517 683
126498 126482 1000
126498 126483 1304
126508 126483 1029
126524 126481 2015
126554 126552 678
126554 126583 710
126591 126584 2557
126598 127503 1013
119997 119996 2952
126562 126561 1234
126567 126566 169
126567 126568 3272
126570 126574 976
126580 126574 2338
126580 128916 1229
126580 128936 1346
128936 126580 1346
128936 127540 1030
128936 128937 710
127540 128936 1030
127540 128938 948
127540 128939 1030
128941 128942 511
128941 128944 891
128943 128940 891
128943 128946 1395
129094 129090 1300
129094 129095 650
129094 129096 747
126600 126587 1744
126600 126599 2421
129100 129102 650
129100 129103 511
129114 129116 337
129118 129109 1075
129118 129119 928
129200 129111 374
129200 129194 837
129204 129202 789
129204 129203 1546
129208 129198 1581
129208 129203 1206
129110 129103 590
129110 129109 874
129110 129111 778
127137 127138 1519
129042 129035 3763
129042 129198 2885
120939 129246 253
120939 129288 2217
121068 120994 1616
121068 121069 698
121039 121030 1691
121070 121069 672
121032 121030 1592
121032 121031 1032
121031 121032 1032
121031 121040 885
121043 121040 1858
121043 121045 1161
121043 121059 2258
121059 121043 2258
121059 121058 1226
121059 121089 1736
121090 121089 1346
120951 120952 1833
120951 120954 1161
120951 120994 1114
120993 120954 276
120993 120956 1161
121001 120998 1010
120983 120955 1030
120983 120984 1631
120974 120964 238
120974 120976 1212
120992 120984 698
120997 120984 880
120997 120998 928
121101 121100 337
121099 121089 1706
121099 121100 1448
121099 121109 202
121522 121521 1143
121534 121524 954
121534 121535 678
121541 121535 808
121541 121539 1309
121542 121539 808
121516 121515 674
121516 121527 2006
69104 69103 1488
69183 69177 684
69183 69181 1324
69183 69181 1324
73044 73039 214
73046 73039 279
73046 73051 7762
70176 70178 848
70194 70178 1066
70194 70193 1309
70181 70180 2013
70181 70183 747
70223 70221 885
70223 70224 733
70226 70224 390
70140 70141 2061
70140 70144 1140
70146 70144 1147
70146 70154 1357
73037 70154 1453
73037 73038 2000
69737 69735 771
69744 69742 873
69744 69756 562
69745 69733 562
69745 69734 1087
69672 69670 675
69669 69442 2279
69669 69680 1014
69674 69675 344
69674 69732 1114
69733 69732 852
69733 69745 562
69575 69573 739
69575 69574 374
69581 69580 892
69581 69584 1285
69581 69589 789
69599 69598 337
69589 69581 789
69589 69585 1277
69589 69590 1086
69603 69597 1828
69603 69602 889
69591 69587 1306
69591 69588 885
69591 69593 1213
72334 69587 1117
72334 72333 1030
72320 72315 1560
72320 72318 651
69593 69590 698
69593 69591 1213
72042 72040 818
72042 72044 2214
72042 72049 1720
72040 72039 1124
72040 72041 2075
72040 72042 818
72346 72347 782
72346 72520 556
72346 72521 356
72347 72346 782
72347 72514 1170
72505 72506 885
72513 72515 2655
72343 72342 611
72503 72342 519
72516 72515 679
70022 70025 753
70022 70026 2069
70023 70013 344
70023 70026 739
70028 70025 753
70028 70035 2171
70332 70338 747
70345 70339 631
70345 70346 796
70345 70347 1391
70349 70347 893
70349 70361 1391
70361 70349 1391
70361 70362 688
70361 70368 1369
70425 70368 562
70528 70523 811
70528 70529 2287
70665 70529 678
70644 70529 1207
70644 70643 808
70644 70645 1954
70648 70645 474
70648 70655 30
70648 70655 30
70648 70656 1467
70674 70676 956
70433 70428 1202
70429 70364 1350
70429 70370 445
70429 70598 796
70436 70598 1369
70436 70604 672
70450 70615 344
70450 70616 752
70451 70505 753
70451 70616 1207
70454 70505 1256
70454 70506 739
70507 70506 2135
70507 70509 808
70509 70507 808
70509 70521 678
70509 70522 2183
70523 70521 606
70523 70528 811
69318 69273 928
69318 69284 1565
69318 69319 924
69326 69284 631
69326 69327 422
69327 69326 422
69327 69332 1056
69330 69331 1956
69330 69338 591
69254 69252 2025
129281 129282 818
129290 129288 837
129292 129308 678
129307 129308 752
129313 120967 2003
129313 129311 891
120967 120966 766
120967 129313 2003
120967 129555 530
120971 120966 1147
120964 120960 1866
120964 120974 238
120968 120966 752
219142 219141 187
219142 219166 2081
219143 219156 671
219147 216520 1664
219147 219150 863
221197 216520 183
221197 216521 249
219155 219158 751
219252 219251 1741
219252 219253 751
224358 219250 416
224397 218189 2274
224397 224522 831
218210 224085 630
218251 218250 589
218256 218278 716
218256 220856 765
220840 220836 831
220840 220843 2830
218277 218266 343
218277 218276 1466
218277 219106 842
218278 216420 883
218278 218256 716
218278 219106 2405
218040 218041 683
218038 218032 754
218051 224246 8861
220283 220291 5026
220283 221096 704
220302 220301 471
220302 220303 644
220302 220314 709
221096 220283 704
221096 221095 515
221096 221807 508
220286 216527 458
220286 218336 3499
220286 220288 548
218057 220301 520
218164 218158 244
218164 218179 1743
218178 218179 677
218030 218041 1024
219274 219275 2233
219274 219278 954
219279 219320 1298
219279 219327 1326
219251 219249 1128
219251 219252 1741
224551 219259 384
224551 224552 553
219257 219242 1191
219257 219254 2018
224552 224551 553
224552 224553 885
215663 215664 3175
215663 219242 1134
215206 215207 606
222232 222231 213
215350 215972 2187
215814 215813 400
215262 215266 1033
215274 215272 950
215274 215275 275
215276 215275 776
215380 215381 714
215380 215439 1387
215376 215382 721
215376 215441 2230
215382 215376 721
215382 215439 879
215382 215442 1132
215438 215437 2014
215432 215431 592
215432 215437 1032
215432 215450 1331
215431 215432 592
215431 215450 1277
215448 215449 664
215430 215417 724
215416 215417 1350
215578 215577 3712
215296 215275 1137
215296 215295 928
215296 215301 2382
215298 215302 738
215303 215302 1424
215303 215399 620
215399 215303 620
215399 215496 1652
215570 215496 822
215570 215497 1348
215570 215571 746
215571 215497 1565
215571 215570 746
215572 215499 2541
215572 215574 836
215971 215972 725
222268 222269 534
222268 222270 751
222268 222272 1128
222275 224882 268
222324 222314 2132
222324 222326 978
222282 224119 2462
215235 215232 2568
215245 215244 685
215244 215245 685
223435 223434 570
223434 223435 570
223400 223389 5218
223389 223388 3430
223389 223400 5218
215232 215235 2568
223388 223389 3430
150905 150906 836
150906 150905 836
150961 150962 851
150962 150961 851
147221 147223 979
147223 147221 979
147356 147358 917
147358 147356 917
147487 147490 741
147490 147487 741
148993 149379 513
149379 148993 513
212897 212900 665
212900 212897 665
212948 212949 342
212949 212948 342
171532 171531 650
171531 171532 650
171545 171547 710
159123 159126 1802
171547 171545 710
159144 159143 954
159143 159144 954
159143 162383 710
162383 159143 710
159126 159123 1802
159200 159202 1147
159202 159200 1147
159216 159217 3002
159217 159216 3002
160101 160103 404
160103 160101 404
213437 198604 756
198604 213437 756
171352 171353 506
171353 171352 506
95651 95650 708
95633 95632 495
95650 95649 1031
95650 95651 708
95656 95649 1168
101709 101689 7501
101709 101708 1000
101710 101706 1000
101710 101708 840
101705 101704 1540
101707 101704 2112
101711 101706 1224
49826 49921 1336
49927 49921 238
49930 49921 473
41932 41948 1849
41953 41948 279
41953 41962 6113
41956 41952 1738
50448 50446 1211
50449 50446 665
49823 49824 373
49831 49824 1179
49891 49893 737
49902 49893 1022
49905 49908 938
49905 49913 676
49907 49908 1797
50011 50010 1884
50012 50010 747
97758 97764 2169
97763 97764 1301
97763 102756 2473
97766 97764 1279
97766 97774 2225
97658 97747 983
97754 97747 1652
94605 94604 1077
93530 93529 354
93530 93531 1098
94335 94334 149
94612 94334 794
94615 94616 491
94623 94616 403
93531 93530 1098
93531 93533 2607
93537 93527 1260
93537 93528 562
93536 93528 544
93548 93560 1336
98904 93560 3027
98940 98942 1768
98943 93558 2316
98944 93558 2329
102702 102036 2568
102703 102036 430
102748 102036 146
92432 92433 1081
92432 92745 1595
92727 92745 1183
92727 98927 462
92709 101754 1331
98927 92727 462
98927 101754 259
98896 98899 1985
98898 98899 2466
98950 98965 4499
98950 98965 4499
92433 92432 1081
92433 98960 1728
98971 98975 4622
101683 98975 145
101683 101685 336
101689 101685 1015
101689 101709 7501
94535 94534 1038
98625 98622 847
98626 98622 1596
98626 98624 778
98653 98624 931
98653 98652 950
97803 97801 1955
97824 97802 1142
97824 97828 1025
97825 97802 905
97828 97824 1025
97828 97833 950
97828 97847 713
97847 97828 713
97847 97833 1114
97844 97843 1768
97845 97843 562
97840 97842 507
102121 97842 1529
98049 98048 1098
98044 98043 1481
98051 98043 2111
98057 98058 1457
92169 98338 74
97767 97768 4694
97796 97768 2556
97796 97797 1375
97797 97796 1375
97797 97799 869
98327 98330 1385
98328 98330 782
98328 98591 1961
98593 98591 1512
98593 98592 796
98594 98591 1022
191084 191007 1709
191088 191007 304
191468 191007 2230
41967 41962 201
41971 41970 4846
41973 41970 3365
42008 42010 895
42024 49973 2877
42024 50114 1226
49909 49910 580
42039 42040 473
42029 42044 1901
42045 42046 818
42048 42047 1483
42050 42047 1481
46238 46239 2256
48173 50149 1000
50164 50159 1209
42093 42105 1410
42107 42105 452
42107 42161 3804
42145 42149 2229
42148 42149 1140
42113 42161 3613
42113 42162 3577
42161 42107 3804
42161 42113 3613
42161 42162 939
42116 42167 1605
43675 43955 3330
43679 43680 2205
43679 43955 2251
50439 43955 1110
43680 43679 2205
43680 43957 750
43958 43957 1258
43962 43963 6003
43964 43963 1577
43986 43985 178
43986 43994 726
48100 43985 907
48100 48101 2088
48101 43990 436
48101 48100 2088
43994 43986 726
43994 43992 1059
43996 43992 697
43997 43992 1746
43997 44054 1392
50290 44054 737
50567 43923 290
43920 43924 516
43900 43901 537
44195 44197 1056
44233 44245 1534
44263 44248 1768
50310 44248 238
44260 44265 2063
44247 44344 2367
44181 43981 342
44181 43981 342
44255 44254 1227
44256 44254 1283
44256 44392 4144
44378 44393 848
44392 44256 4144
44392 44393 2335
44383 44399 849
44439 44438 1890
44470 44473 3899
44470 44478 724
44478 44470 724
44478 44477 208
44480 44477 850
44480 44483 581
44484 44483 630
44725 44504 1955
43750 43749 2644
43750 43760 1345
43749 43742 1894
43749 43750 2644
43749 43761 1955
43763 44007 688
44012 44015 3953
43741 43742 2447
42497 43775 541
43908 43910 672
44731 44732 1181
44731 44734 2341
44761 44772 751
44773 44772 2909
44767 44758 1533
44767 44766 924
44767 44798 2455
45611 45892 5731
45890 45892 1467
45893 45892 1695
44733 44736 552
44756 44757 403
44756 44762 873
44757 44756 403
44757 44758 905
44766 44758 1225
44766 44767 924
44766 50254 861
45911 45912 355
45914 45912 1161
45914 45920 1282
45919 45920 1029
45923 45920 1104
45923 45955 202
45923 45957 1161
45926 45956 984
45955 45923 202
45955 45956 1354
45993 45991 210
45993 45994 1483
46001 45994 1394
46001 45996 1422
46001 46002 1865
45925 46027 558
45991 45993 210
45991 46027 936
126023 126024 2243
126025 126024 828
126025 126084 1505
126085 126084 436
126087 126089 683
132500 126097 203
126189 126191 850
126192 126191 1701
126193 126191 893
126215 126207 1454
126215 126216 1897
126215 126217 767
126210 126208 688
126210 126217 1558
126201 126216 767
126201 126499 2605
126487 126499 843
126501 126499 2688
45751 45755 953
45436 45437 673
125346 125345 1009
125347 125345 751
125347 125352 1282
125352 125347 1282
125352 125356 605
125352 126633 1104
126629 126631 1085
126629 126632 605
126630 125357 436
126630 126631 552
125227 125248 4822
125237 125248 355
125271 125248 537
45362 45363 1445
125308 45363 650
125315 125314 697
125315 125320 1683
125316 125314 1153
125320 125315 1683
125320 125322 933
125325 125326 952
125364 125326 885
125364 125369 1074
125369 125339 1624
125369 125363 1586
125369 125364 1074
125370 125363 238
125339 125369 1624
125339 125373 1009
125344 125373 3669
125376 125375 905
125386 125375 1228
125915 125944 9310
125356 125352 605
125356 125353 552
125356 125357 1669
125357 125355 517
125357 125356 1669
125357 126630 436
45749 45761 1080
45760 45761 1716
45760 45764 2887
125407 125406 552
125409 125406 2392
125409 125408 630
125424 125425 1357
125424 125426 879
125444 125426 238
125444 125432 1121
125444 125445 1483
125428 125429 202
125425 125424 1357
125425 125432 879
125392 125431 673
125999 126008 2215
126012 126008 837
126012 126013 1477
126010 126013 890
126031 126038 976
126039 126038 673
126039 126043 518
126058 126056 928
126058 126072 474
126035 126070 558
126068 126070 238
126003 126004 906
126006 126004 1956
45764 45675 1678
45764 45760 2887
45560 45673 355
45674 45673 1228
45705 45682 3068
45712 45708 1206
45712 45713 1428
45711 45713 1161
45711 45717 848
45717 45711 848
45717 45718 1064
45984 45718 1534
45984 46005 1932
46007 45986 373
46007 46005 789
45982 45998 474
45986 45998 650
45986 46007 373
45996 46000 1080
45996 46001 1422
126466 126481 3762
126466 126516 1211
126517 126516 2118
126517 126518 683
126482 126483 1261
126482 126498 1000
126483 126482 1261
126483 126498 1304
126483 126508 1029
126481 126466 3762
126481 126524 2015
126552 126554 678
126583 126554 710
126583 126584 879
126584 126583 879
126584 126591 2557
127503 126598 1013
119996 119997 2952
126561 126562 1234
126566 126567 169
126568 126567 3272
126568 126574 1210
126574 126568 1210
126574 126570 976
126574 126580 2338
128916 126580 1229
128937 128936 710
128937 128938 1396
128938 127540 948
128938 128937 1396
128939 127540 1030
128939 128940 610
128942 128941 511
128944 128941 891
128940 128939 610
128940 128943 891
128946 128943 1395
129090 129094 1300
129095 129094 650
129096 129094 747
129096 129102 452
126587 126600 1744
126599 126600 2421
129102 129096 452
129102 129100 650
129103 129100 511
129103 129110 590
129103 129111 976
129116 129114 337
129109 129110 874
129109 129118 1075
129119 129118 928
129111 129103 976
129111 129110 778
129111 129200 374
129194 129200 837
129194 129202 1977
129202 129194 1977
129202 129203 1770
129202 129204 789
129203 129202 1770
129203 129204 1546
129203 129208 1206
129198 129042 2885
129198 129208 1581
127138 127137 1519
129035 129042 3763
129246 120939 253
129288 120939 2217
129288 129290 837
120994 120951 1114
120994 121068 1616
121069 121068 698
121069 121070 672
121030 121032 1592
121030 121039 1691
121040 121031 885
121040 121043 1858
121045 121043 1161
121045 121058 1982
121058 121045 1982
121058 121059 1226
121089 121059 1736
121089 121090 1346
121089 121099 1706
120952 120951 1833
120954 120951 1161
120954 120993 276
120956 120955 1982
120956 120984 951
120956 120993 1161
120956 120998 678
120998 120956 678
120998 120997 928
120998 121001 1010
120955 120956 1982
120955 120983 1030
120984 120956 951
120984 120983 1631
120984 120992 698
120984 120997 880
120976 120974 1212
121100 121099 1448
121100 121101 337
121109 121099 202
121521 121522 1143
121521 121524 1284
121524 121521 1284
121524 121534 954
121535 121534 678
121535 121541 808
121539 121541 1309
121539 121542 808
121515 121516 674
121527 121516 2006
69103 69104 1488
69177 69183 684
69181 69183 1324
69181 69183 1324
73039 73038 1561
73039 73044 214
73039 73046 279
73051 73046 7762
70178 70176 848
70178 70193 713
70178 70194 1066
70193 70178 713
70193 70194 1309
70180 70181 2013
70183 70181 747
70221 70223 885
70224 70223 733
70224 70226 390
70141 70140 2061
70144 70140 1140
70144 70146 1147
70154 70146 1357
70154 73037 1453
73038 73037 2000
73038 73039 1561
69735 69734 562
69735 69737 771
69742 69744 873
69756 69744 562
69734 69735 562
69734 69745 1087
69670 69672 675
69442 69669 2279
69680 69669 1014
69675 69674 344
69732 69674 1114
69732 69733 852
69573 69574 768
69573 69575 739
69574 69573 768
69574 69575 374
69580 69581 892
69580 69598 2102
69584 69581 1285
69584 69585 929
69598 69580 2102
69598 69597 905
69598 69599 337
69585 69584 929
69585 69588 789
69585 69589 1277
69590 69588 1106
69590 69589 1086
69590 69593 698
69597 69598 905
69597 69603 1828
69602 69603 889
69587 69591 1306
69587 72334 1117
69588 69585 789
69588 69590 1106
69588 69591 885
72333 72318 809
72333 72334 1030
72315 72320 1560
72318 72320 651
72318 72333 809
72044 72042 2214
72049 72042 1720
72039 72040 1124
72041 72040 2075
72520 72346 556
72520 72521 558
72521 72346 356
72521 72520 558
72514 72347 1170
72506 72505 885
72515 72513 2655
72515 72516 679
72342 72343 611
72342 72503 519
70025 70022 753
70025 70028 753
70026 70022 2069
70026 70023 739
70013 70023 344
70035 70028 2171
70338 70332 747
70338 70339 1262
70339 70338 1262
70339 70345 631
70346 70345 796
70347 70345 1391
70347 70349 893
70347 70362 1271
70362 70347 1271
70362 70361 688
70368 70361 1369
70368 70425 562
70529 70528 2287
70529 70644 1207
70529 70665 678
70643 70644 808
70645 70644 1954
70645 70648 474
70655 70648 30
70655 70648 30
70656 70648 1467
70676 70674 956
70428 70370 452
70428 70433 1202
70364 70429 1350
70370 70428 452
70370 70429 445
70598 70429 796
70598 70436 1369
70604 70436 672
70604 70615 1309
70615 70450 344
70615 70604 1309
70616 70450 752
70616 70451 1207
70505 70451 753
70505 70454 1256
70506 70454 739
70506 70507 2135
70506 70522 739
70521 70509 678
70521 70523 606
70522 70506 739
70522 70509 2183
69273 69318 928
69284 69318 1565
69284 69326 631
69319 69318 924
69332 69327 1056
69332 69331 684
69331 69330 1956
69331 69332 684
69338 69330 591
69252 69254 2025
129282 129281 818
129308 129292 678
129308 129307 752
129311 129313 891
120966 120967 766
120966 120968 752
120966 120971 1147
129555 120967 530
120960 120964 1866
219141 219142 187
219141 219156 1091
219166 219142 2081
219156 219141 1091
219156 219143 671
216520 216521 147
216520 219147 1664
216520 221197 183
219150 219147 863
216521 216520 147
216521 221197 249
219158 219155 751
219158 219253 1734
219253 219158 1734
219253 219252 751
219253 219254 805
219253 219259 1307
219250 219249 89
219250 224358 416
218189 224397 2274
224522 224085 929
224522 224397 831
224085 218210 630
224085 224522 929
218250 218251 589
220856 218256 765
220856 220843 867
220836 220840 831
220843 220840 2830
220843 220856 867
218266 218277 343
218276 218277 1466
219106 218277 842
219106 218278 2405
216420 218278 883
218041 218030 1024
218041 218040 683
218032 218038 754
224246 218051 8861
224246 220288 691
220291 216527 2448
220291 220283 5026
220301 218057 520
220301 220302 471
220303 220302 644
220314 220302 709
221095 221096 515
221807 221096 508
216527 220286 458
216527 220291 2448
218336 220286 3499
220288 220286 548
220288 224246 691
218158 218164 244
218179 218164 1743
218179 218178 677
219275 219274 2233
219278 219274 954
219320 219279 1298
219327 219279 1326
219249 219250 89
219249 219251 1128
219259 219253 1307
219259 224551 384
219242 215663 1134
219242 219257 1191
219254 219253 805
219254 219257 2018
224553 224552 885
215664 215663 3175
215207 215206 606
222231 222232 213
215972 215350 2187
215972 215813 316
215972 215971 725
215813 215814 400
215813 215972 316
215266 215262 1033
215272 215274 950
215275 215274 275
215275 215276 776
215275 215296 1137
215381 215380 714
215439 215380 1387
215439 215382 879
215441 215376 2230
215441 215437 732
215441 215442 1283
215442 215382 1132
215442 215441 1283
215437 215432 1032
215437 215438 2014
215437 215441 732
215450 215431 1277
215450 215432 1331
215449 215448 664
215417 215416 1350
215417 215430 724
215577 215578 3712
215295 215296 928
215301 215296 2382
215301 215302 752
215302 215298 738
215302 215301 752
215302 215303 1424
215496 215399 1652
215496 215570 822
215497 215570 1348
215497 215571 1565
215499 215572 2541
215574 215572 836
222269 222268 534
222270 222268 751
222272 222268 1128
224882 222275 268
222314 222324 2132
222326 222324 978
224119 222282 2462
889
95632
95649
101708
101704
101706
49921
41948
41952
50446
49824
49893
49908
50010
97764
97774
97747
102756
94604
93529
94334
94616
93533
93527
93528
93560
98942
93558
102036
92745
101754
98899
98965
98960
98975
101685
94534
98622
98624
98652
97801
97802
97833
97843
97842
98048
98043
98058
98338
97768
97799
98330
98591
98592
191007
41962
41970
42010
49973
49910
49913
50114
42040
42044
42046
42047
46239
50149
50159
42105
42149
42162
42167
43955
43957
43963
43985
43990
43992
44054
43923
43924
43901
44197
44245
44248
44265
44344
43981
44254
44393
44399
44438
44473
44477
44483
44504
43760
43761
44007
44015
43742
43775
43910
44734
44772
44798
45892
44732
44736
44762
44758
50254
45912
45920
45956
45957
45994
46027
126024
126084
126089
126097
126191
126207
126208
126217
126216
126499
45755
45437
125345
126633
126632
126631
125248
45363
125314
125322
125326
125363
125373
125375
125944
125353
125355
45761
125406
125408
125426
125445
125429
125432
125431
126008
126013
126038
126043
126056
126072
126070
126004
45675
45673
45682
45708
45713
45718
46005
45998
46000
46002
126516
126518
126498
126508
126524
126554
126591
126598
119997
126562
126567
126570
126580
128936
127540
128941
128943
129094
126600
129100
129114
129118
129200
129204
129208
129110
127137
129042
120939
121068
121039
121070
121032
121031
121043
121059
121090
120951
120993
121001
120983
120974
120992
120997
121101
121099
121522
121534
121541
121542
121516
69104
69183
73044
73046
70176
70194
70181
70223
70226
70140
70146
73037
69737
69744
69745
69672
69669
69674
69733
69575
69581
69599
69589
69603
69591
72334
72320
69593
72042
72040
72346
72347
72505
72513
72343
72503
72516
70022
70023
70028
70332
70345
70349
70361
70425
70528
70665
70644
70648
70674
70433
70429
70436
70450
70451
70454
70507
70509
70523
69318
69326
69327
69330
69254
129281
129290
129292
129307
129313
120967
120971
120964
120968
219142
219143
219147
221197
219155
219252
224358
224397
218210
218251
218256
220840
218277
218278
218040
218038
218051
220283
220302
221096
220286
218057
218164
218178
218030
219274
219279
219251
224551
219257
224552
215663
215206
222232
215350
215814
215262
215274
215276
215380
215376
215382
215438
215432
215431
215448
215430
215416
215578
215296
215298
215303
215399
215570
215571
215572
215971
222268
222275
222324
222282
219832
215661
215235
215245
215246
215244
215256
223296
223343
223345
223435
223434
223441
223400
223389
223337
223339
215232
215280
223175
223182
223268
223388
150925
150905
150411
150415
150416
150867
150426
150872
149381
149386
149388
149394
149771
149772
150893
150904
150906
150911
150961
140372
147133
147219
147214
150962
147141
147235
147255
147221
147223
147257
147289
147323
147333
147337
147338
147340
147353
147464
147356
147358
147361
147487
147490
147492
147503
141454
148012
148039
148068
148069
148076
148993
149379
149380
205112
212888
212897
212900
212936
212945
212948
212949
212943
150340
150356
198729
214653
198679
198683
205098
205114
171330
171328
171338
171488
171494
171484
171532
171531
171545
159123
171547
162375
171556
159113
159144
159143
162383
162379
154228
159173
159126
159200
159139
159202
159211
159216
159217
159355
159366
159387
159403
159380
159418
159431
159438
159583
159592
159585
159595
159605
159654
159664
159723
159772
159798
172647
158739
158748
160101
160103
161103
213054
213052
213059
213410
213412
213429
213437
198604
213488
170905
170909
171346
171352
171333
171353
170843
170845
170859
170913
95736
95566
95594
97679
95607
97856
94739
95188
95255
95342
95340
95670
95651
95626
95655
102545
95650
101709
101710
101707
49826
49930
41932
41953
49823
49831
49891
49902
49905
49907
97758
97763
97766
97658
93530
94612
94615
93531
93537
93548
98904
98940
98943
98944
102703
92432
92727
92709
98896
98898
98950
92433
98971
101683
98625
98626
98653
97803
97824
97825
97847
97840
102121
98051
98057
92169
97767
97797
98327
98328
98594
191084
191088
191468
41967
41971
41973
42008
42024
49909
42039
42029
42045
42048
46238
48173
42093
42107
42145
42148
42113
42116
43675
43679
43680
43958
43962
43964
48100
48101
43994
43996
43997
50567
43920
43900
44195
44233
44263
44260
44247
44181
44256
44378
44392
44383
44470
44478
44480
44725
43750
43749
43763
44012
43741
42497
43908
44731
44761
45611
45890
45893
44733
44756
44757
45911
45914
45919
45926
45955
45993
45925
45991
126023
126025
126085
126087
132500
126189
126193
126215
126201
126487
45751
45436
125346
125347
125352
126629
126630
125227
125237
125271
45362
125315
125320
125325
125364
125339
125344
125376
125386
125915
45749
45760
125424
125428
125425
125392
125999
126012
126010
126031
126039
126058
126035
126068
126003
126006
45764
45560
45674
45705
45712
45711
45717
45984
45982
45986
45996
126466
126481
126552
126583
126584
127503
119996
126561
126566
126568
128916
128937
128938
128940
128946
129090
129095
126587
126599
129103
129109
129194
129203
129198
127138
129035
129246
129288
120994
121069
121030
121040
121045
121058
121089
120952
120954
120955
120976
121100
121521
121524
121535
121539
121515
69103
69177
69181
73051
70180
70183
70221
70224
70144
70154
69735
69742
69734
69670
69442
69680
69732
69573
69574
69580
69584
69585
69597
69602
69587
69588
72333
72315
72318
72044
72049
72039
72041
72520
72514
72515
70025
70026
70013
70035
70338
70339
70346
70347
70362
70368
70529
70643
70645
70655
70656
70676
70428
70364
70370
70598
70604
70615
70616
70505
70506
70521
70522
69273
69284
69332
69331
69338
69252
129308
129311
129555
120960
219166
219156
216520
219150
216521
219158
218189
224522
224085
220856
220836
220843
218266
218276
219106
216420
218041
218032
220301
220303
221095
221807
216527
218336
220288
218158
218179
219275
219278
219320
219327
219242
219254
215664
215272
215381
215439
215437
215450
215417
215577
215295
215301
215496
215497
215499
215574
222270
222314
222326
224119
