3450
114170 114151 2568
114170 114169 1879
114170 114171 1113
118835 118487 2062
118835 118833 678
118837 118838 2094
118486 118484 799
118486 118487 514
118486 119266 1147
119266 118486 1147
119266 119272 888
119311 119258 1147
119311 119312 243
119259 119258 695
119264 119240 2238
119299 119298 874
119299 119304 201
119298 119299 874
119298 119435 473
118571 118572 3794
118571 118572 3794
118573 118572 785
118575 118576 333
118575 119064 596
119134 119135 950
119134 119158 1059
119158 119134 1059
119158 119159 412
119142 119162 1900
119142 119344 866
119390 119391 1547
119390 119392 3024
119032 119019 2821
119157 119135 3558
119460 119458 1026
119460 119461 1635
102924 102925 522
92040 92045 1824
92040 92048 2549
92042 92048 452
102195 102196 1554
94367 94366 3728
94421 94372 201
94421 102203 2637
94375 102937 1665
94375 102938 3130
102948 91979 1147
102948 102949 2291
94418 94420 2002
92193 92178 1339
92193 92192 3582
92234 92233 5355
92234 92248 672
92239 92178 475
92239 92240 937
92269 94441 1429
92269 94450 4318
94492 94500 1469
94492 94504 5170
94494 94495 791
94450 92269 4318
94450 94448 1980
94453 94447 2789
94453 94454 2000
92301 92302 1246
92301 92303 2344
92304 92303 473
92304 92307 2959
94500 94492 1469
94500 94557 537
92339 92336 238
92340 103189 61
92340 103190 1851
92345 92349 5966
92345 92352 556
92346 92458 2890
92346 92458 2890
92413 92414 604
92413 92416 1722
92413 92416 1722
92423 92420 2700
92423 92425 5572
92448 92449 1437
92448 92454 1866
92449 92448 1437
92449 92450 275
107075 107076 2299
107075 107195 1097
107188 107187 373
107188 107234 1144
93087 93086 923
93087 93088 445
93090 93088 2434
93090 93089 2185
93090 93176 1000
93179 93178 1347
93179 93180 1398
93181 93180 1375
93181 93184 252
93148 93147 1234
93148 93153 599
93195 93203 924
93207 93204 4685
93207 94091 6113
107067 107066 1669
107067 108127 133
107067 108127 133
107094 107095 2796
107094 108191 375
108126 108125 511
108126 108147 946
107185 107187 2360
107185 107235 1022
107233 107193 2026
107233 108119 847
107239 107237 420
107239 108154 1014
107221 107222 737
107237 107239 420
107237 107256 3304
107242 107256 1000
107243 108397 516
107460 107459 750
107460 107461 2228
107427 107425 2742
107427 107428 2345
107537 107425 1161
108526 108525 2392
108526 108530 950
108448 108442 930
108448 108449 1891
108517 108516 2810
108517 108538 1013
108521 108519 1253
108521 108522 1553
108528 108527 763
109711 109712 2202
109711 109713 1711
108525 108526 2392
108525 108534 688
108532 108531 1234
108532 108533 1635
108230 109230 557
108531 108520 3284
108531 108532 1234
109233 109234 2561
109233 109266 420
93068 93069 1675
93068 93071 1013
92996 101887 881
92996 101888 930
92998 92997 2102
92998 101889 2513
92987 92986 275
92987 92988 3377
92988 92987 3377
92988 93020 333
93019 92999 3591
93019 93022 649
93075 93076 680
93075 93077 1686
93049 93050 796
93049 93052 407
92761 92747 2002
92761 92760 1343
92775 92747 1253
92775 92771 511
92795 92799 905
92795 103132 595
92799 92795 905
92799 92800 1592
92592 92589 1100
92592 92591 1120
92592 92606 536
92597 92583 1360
92597 92604 1409
92574 92573 473
92574 92575 835
92594 92583 2687
92594 92596 808
92670 92668 2170
92670 92681 1124
92843 94346 749
92843 101740 547
194046 194047 605
194049 194048 130
194049 194149 185
194054 194047 803
192012 192096 1285
192012 192132 465
192015 192131 282
192015 194150 71
191656 191657 277
191656 191661 734
191664 191660 407
191675 191676 586
191675 191982 1531
191704 191705 1580
192731 192733 1388
192731 192734 931
191848 191762 8146
191848 194472 1918
192093 192095 1373
191951 191847 1774
194142 194143 388
191424 192074 769
191424 192080 74
191424 193833 277
191630 191631 1506
191630 191639 1374
191649 191647 684
191652 191647 1236
191652 191751 398
191864 191906 544
191621 191611 3902
191621 191622 1877
191768 191625 504
191768 193980 71
192710 192709 311
192710 194511 402
192709 192710 311
192709 192719 2950
192659 191065 4409
192659 191319 2948
192697 192668 838
192697 194304 433
192671 192667 3388
192671 194310 556
192713 192714 1425
192713 192715 2303
119218 119219 2839
114080 114081 2642
114080 114082 580
114097 114099 669
114097 114234 1556
114230 114232 687
114230 114233 785
114231 114226 1298
114231 114238 274
114120 114118 1093
114120 114252 817
114122 114123 695
114122 114254 1748
114124 114123 785
114124 114268 1252
114268 114124 1252
114268 114265 602
109471 109472 237
109471 109472 237
109473 109472 502
109473 109474 910
109263 109264 2672
109270 109271 930
109270 109280 1114
108921 109376 2938
113900 113904 473
109413 109280 2238
109413 109435 1474
109413 109773 2017
109415 109403 1796
109415 109416 1196
109402 103276 360
109449 109434 336
109449 109527 1273
109520 109521 610
109520 109531 2278
113662 113663 167
109362 109363 893
109362 109366 333
109433 109363 3024
109433 109434 1248
109377 109366 562
109377 109404 3338
109450 109404 1061
109450 109451 628
109452 109426 354
109452 109451 787
109425 109422 516
109425 109426 847
109420 109421 764
109420 109422 2035
109389 109390 1360
109389 109655 3114
109389 109670 1139
109689 109640 893
109689 109670 1234
109964 109965 3115
109964 109966 3014
109613 109612 306
109615 109637 580
109972 109690 1900
109972 109977 747
110128 110124 889
110128 110144 1500
109968 109967 785
109968 110124 1254
103283 103282 634
110089 109995 3383
110089 110094 201
109994 109995 676
109956 109955 1454
109956 109957 475
110154 109952 950
110154 110155 580
111252 111251 1306
111252 111258 464
111252 111264 649
111251 111252 1306
111251 111263 805
111268 111267 938
111268 111296 2419
111311 111296 696
111295 111294 737
111295 111296 557
111295 111306 611
111415 111386 938
111416 111374 840
111416 111418 649
111374 111385 452
111374 111416 840
111376 111377 950
103405 105582 3882
111381 111380 279
111383 111384 418
111383 111402 3323
111405 111406 832
111423 111377 713
111423 111422 737
104129 104128 1254
104129 104268 1223
104078 104079 3099
104078 104085 788
104074 104050 1073
104074 104075 697
104047 104048 1352
104108 104075 889
104108 104076 1481
104157 104158 1008
104157 104159 809
104157 104189 902
104267 104266 672
104267 113696 750
104268 104129 1223
104268 104264 1208
103954 103965 4131
103955 103982 275
103971 103972 1639
103971 103977 947
103984 103985 713
103984 103986 672
112848 112846 1965
112848 112876 403
112790 112791 435
112790 112792 377
112869 112871 938
112869 112874 796
112568 112554 2430
112568 112569 747
112568 112571 889
112762 112569 1576
112762 112761 222
112486 112487 2955
112499 112500 818
112499 112512 826
112504 112474 2286
112624 112512 1085
112623 112512 764
112623 112516 818
112515 112505 2398
112515 112510 818
112516 112513 826
112516 112623 818
112510 112506 2358
112510 112511 788
112510 112515 818
112537 112511 1142
112537 112529 1301
112529 112530 688
112529 112537 1301
112748 112749 1004
104127 104128 1475
104127 104276 1098
104243 104216 604
104243 104242 809
104243 104274 809
104216 104215 2447
104216 104243 604
104220 104221 1028
104390 104391 1115
104225 104226 3089
104393 104392 672
104393 104396 1756
104393 104400 1446
104404 104400 403
104467 104468 1762
104467 104486 809
104467 113611 473
104202 104195 975
104202 104196 1222
104030 104029 1671
104030 104031 959
104730 103998 475
104061 104008 610
39127 39129 2111
104198 104197 1446
104198 104199 1744
39126 39151 1254
39155 39151 2961
39155 39156 344
39131 39130 1796
39134 39129 1014
39134 39136 435
104392 104393 672
104392 104469 1501
104470 104471 473
104470 104477 354
104477 104470 354
104477 104488 1672
104485 113608 1773
104592 113606 1115
39372 39373 2827
39295 39293 925
39304 39298 923
39304 39312 1613
37240 37241 806
37240 37242 2453
37240 37243 747
37247 37249 738
37265 37242 709
37265 37266 2790
37266 37265 2790
37266 37267 373
37230 37227 2016
37230 37229 1015
37230 37232 889
37235 37232 3061
37235 38357 747
37236 37227 3198
37236 37228 1022
37236 37267 238
37284 37285 475
37284 38413 709
38408 38362 2568
38413 37284 709
38413 38416 279
38418 38415 1454
38418 38420 951
38415 38414 932
38415 38418 1454
38415 38421 905
38425 38421 1447
50397 50396 1316
38427 38428 1307
40237 40233 1120
40237 40270 1079
40255 40252 537
40255 40256 562
40256 40255 562
40256 40257 276
40242 40240 1114
40247 38562 1518
40247 40244 3250
40247 40315 1140
40317 40318 321
40317 40319 1323
40330 40323 1812
40333 40324 1533
40333 40334 810
40336 40324 1009
40336 40346 2648
40336 40359 873
40361 40359 336
40361 40360 697
40358 40357 336
40398 40364 3364
40398 40399 751
40395 40396 1066
40395 40397 537
40404 40401 890
40404 40402 738
40404 40409 1812
40410 40408 2252
40410 40409 947
40423 40424 558
40423 40425 1640
40727 36825 2183
40727 40725 537
40729 36825 1027
40732 40731 905
40732 40736 2481
40750 40736 709
40750 40751 1768
40750 40753 828
40803 40804 17
40790 40762 1473
40790 40789 1120
40790 40791 923
56311 56308 1147
56311 56310 928
56311 56319 837
56650 56321 755
56341 56320 404
56341 56350 1086
39029 39023 1038
39029 39028 2851
39029 39032 2614
40775 39028 1116
40775 40768 2721
40774 40768 829
40774 40771 2634
40787 40804 259
50386 40804 652
39032 39029 2614
39032 39030 1064
39032 41597 796
41585 41582 751
41585 41597 817
41584 41582 649
41584 41586 312
41584 41588 390
41598 41588 689
41598 41591 1911
41594 41591 751
41594 47673 1560
47675 47673 600
47675 47677 1695
50373 50372 816
50373 50375 857
48439 47788 2005
48442 48441 683
48442 48447 589
48442 48450 2536
48447 48442 589
48447 48451 202
50549 48449 372
50549 50550 566
50549 50551 497
48452 48451 871
48452 48471 359
48472 48471 688
48472 50451 464
48472 50452 615
48504 48502 546
48503 48486 885
48503 48507 808
48509 48507 630
47678 47677 630
47678 47687 747
47689 47687 810
47690 47669 1530
47690 47685 828
47690 47686 1055
47698 47696 790
47698 47714 891
48498 48497 166
47825 47823 1315
47825 47824 906
47825 47828 790
47826 47821 630
47826 47824 2388
47826 48099 2348
48105 48099 1064
47828 47825 790
47828 48490 1293
48489 48487 1758
48489 48507 1375
48103 48102 911
48103 48107 1293
48107 48103 1293
48107 48122 355
48117 48114 953
48117 48118 2407
48117 48132 906
48127 48132 622
48140 48132 1503
48140 48137 850
48143 48137 1428
48143 48141 784
48161 48029 573
48163 48160 799
48163 48166 1577
48182 48166 605
48188 48025 789
48188 48047 2485
48184 48119 2374
48184 48177 1040
48212 50223 1099
48208 48207 1694
48208 48209 679
48220 48209 1529
48220 48219 730
48253 48251 3431
48253 48285 2916
48245 48242 1883
48245 48243 738
48245 48248 537
48250 131308 1182
48251 48253 3431
48251 48285 1856
48203 48237 610
48203 48296 1457
48203 48297 1374
48203 48298 2456
48237 48203 610
48237 48295 2245
48256 131325 612
48258 48260 2439
48264 48263 452
48264 50523 1155
48302 48263 1248
48302 48300 2306
131330 131327 934
131330 131334 2568
131353 131334 843
131333 131329 2248
131333 131332 934
131340 131332 3233
131340 131336 985
131344 130913 1226
131344 131342 1300
131351 131347 1825
131351 131425 3815
131430 131429 1017
131430 131437 2005
131440 131445 829
131440 131447 1560
131447 131440 1560
131447 131444 879
131447 131446 1065
131447 131449 951
131459 131449 1118
131459 131460 333
131461 129942 1553
131461 131460 818
131461 131462 905
131466 131462 2287
131466 131465 713
131533 131465 1892
131533 131532 1121
131533 131580 1304
131580 131533 1304
131580 131578 1968
131584 131578 1381
131584 131585 2586
131584 131595 953
131594 131595 1121
131597 131595 2641
131597 131602 782
131597 131687 355
131687 131597 355
131687 131688 445
131687 131689 1075
131693 131689 808
131693 131699 2321
131728 131699 518
131728 131727 337
131729 131725 879
131729 131727 2650
131762 131736 438
131762 131758 973
131762 131763 518
131766 131767 1436
131781 131782 1457
131781 131787 810
131781 131789 856
131790 131789 818
131790 131848 1903
131848 131790 1903
131848 132286 808
131848 132288 2650
131736 131725 2584
131736 131735 954
131736 131762 438
132288 131848 2650
132288 132287 808
132288 132295 511
132296 132290 1546
131869 132303 592
131872 131874 2740
131872 132303 146
131874 131872 2740
131874 132536 3278
53983 54461 650
53983 54462 2436
53979 50818 789
53979 53980 1081
50817 50818 473
50817 53977 274
50843 50820 1670
50843 50933 2079
54599 54598 890
54599 54604 612
54606 54604 1074
54612 54615 337
54613 54604 612
54613 54614 673
54619 54616 751
54631 54616 1074
54631 54628 810
56314 56313 2181
56314 56315 1086
54462 53983 2436
54462 54465 789
54466 54465 2284
54466 54691 789
54700 54691 2284
54700 54699 747
54184 54142 2423
54184 54183 1300
54184 54185 1439
54206 54183 2292
54206 54207 1206
54215 54200 747
54693 54200 2423
54693 54694 1345
54214 54207 2353
54214 54219 789
50944 50943 7665
54711 54712 650
54221 54220 474
54221 54312 789
54221 54712 1229
54717 54718 818
56377 52731 8133
56378 52731 374
54566 53901 1163
54596 54598 1699
54602 54603 751
54602 54621 1883
54603 54598 697
54603 54602 751
54603 54623 2019
54622 54627 1483
56305 54627 837
56305 56304 1029
56305 56307 673
56304 56305 1029
56304 56308 612
150519 150517 801
150519 150523 1653
150526 150523 776
150526 150534 1682
150534 150526 1682
150534 150531 741
150534 150543 711
150544 150543 205
150544 150545 1674
150548 150545 868
150548 150699 1572
150479 150480 2548
150479 150510 816
150509 150510 1709
150509 150515 788
150509 150517 1370
150704 150699 1350
150704 150705 1562
150704 150713 300
150714 150711 851
150714 150715 1782
140380 140377 780
140380 140379 1872
140380 140404 2263
140381 140404 801
140381 140421 2354
140296 140297 257
140296 140298 770
140297 140296 257
140297 150753 768
150715 140298 1119
150715 150714 1782
150715 150723 746
143859 151816 575
140423 140421 706
140423 140465 2314
140464 140465 791
140472 140465 2395
140472 140471 765
140478 140471 2369
140478 140477 847
141890 140477 2435
140416 140401 2371
140416 140415 867
140416 140418 771
140428 140418 2391
140428 140427 755
140467 140427 2316
140467 140469 766
140479 140469 2294
140479 140477 801
140415 140400 2289
140415 140416 867
140415 140417 704
140425 140417 2354
140425 140494 1116
140498 140494 2435
140498 140496 348
140498 140510 698
140511 140510 1486
140516 140513 273
140516 140517 771
140517 140515 782
140517 140516 771
140531 140515 2458
140531 140522 805
140540 140522 2319
140540 140538 505
140540 141962 2344
141963 141962 808
141963 141976 2356
141976 141963 2356
141976 141967 772
141984 141967 502
141984 141985 957
141985 141980 661
141985 141984 957
143251 143255 295
143251 143271 996
143271 143251 996
143271 143257 779
143278 143275 563
143280 143276 1289
143280 143281 1399
143405 143406 2280
143405 143407 933
143415 143412 808
143415 143416 2236
143418 143416 906
143418 143426 1812
143432 143426 717
143432 143475 500
143478 143476 984
143478 143480 712
143478 143481 2803
143479 143480 1510
143479 143485 1027
143485 143479 1027
143485 143493 1586
142707 142708 1631
142707 142713 2524
142712 142713 1560
142712 142826 1832
143694 143490 61
142708 142707 1631
142708 142714 2503
142708 143765 1087
143707 143708 920
143707 143765 2465
143695 143696 1117
143695 143705 840
143495 143497 1214
143495 143498 619
143492 151668 781
142703 142678 924
142703 142709 2436
142710 142709 863
142710 142824 1909
142678 142695 2454
142678 142703 924
142694 142695 826
142694 142702 1939
142693 142698 607
142696 142697 474
142696 142698 832
142697 142696 474
142697 142699 879
142701 142699 547
142701 142702 790
142701 142810 2341
142809 142810 865
142809 142817 2337
142805 142802 1227
142805 142803 1337
142805 142814 2300
142816 142814 790
142816 142817 880
142816 142857 2230
142686 142801 641
142802 142801 1505
142802 142805 1227
142631 142684 2396
143190 141990 1710
143190 143189 612
143190 143243 1926
143243 143190 1926
143243 143242 1144
143243 143246 771
143243 143248 348
143246 143243 771
143246 143253 1308
142632 142684 954
142632 142754 2411
142753 142754 1038
142753 142762 2337
142761 142762 951
142761 142789 2281
142788 142789 904
142788 142799 2377
142795 142799 1026
142795 144806 2338
144805 144806 1155
144805 144813 2308
144812 144813 934
144812 144855 2629
144854 144830 938
144854 144855 1026
144854 144867 1419
144830 144854 938
144830 144866 1391
214415 203852 6951
204556 204555 463
204556 204575 833
204564 204555 939
204564 204583 1935
204585 204583 1026
204585 204587 1794
204586 204587 683
204586 204628 1810
204596 204606 684
204604 204615 774
204604 204617 1920
204607 204606 1590
204607 204609 845
204607 204615 1935
204605 204617 774
204605 204625 1917
204624 204625 845
204624 204626 1917
204623 204626 704
204623 204628 1009
204623 204630 1917
204608 204606 867
204608 204609 1697
204609 204607 845
204609 204608 1697
204609 204616 1917
204619 204616 774
204619 204621 1805
204784 204621 797
204784 204813 2025
204816 204813 692
204816 204818 1917
204819 204818 864
204819 204831 1790
204819 204832 522
204838 204951 255
204838 204952 1810
204953 204952 756
204953 204956 1796
204957 204956 846
204960 204962 433
204908 204907 882
144852 144866 420
144852 144870 992
144870 144852 992
144870 144867 397
144870 144872 991
144876 144872 1045
144876 144875 1233
144876 145060 1266
145060 144876 1266
145060 145065 348
145060 145066 439
145064 145078 816
145064 145081 1572
145085 145086 1873
145087 145086 740
145087 145136 2839
145137 145136 846
145137 145145 840
145137 145146 1682
145139 145142 757
145139 145145 1479
145141 145140 478
145141 145142 1312
145154 145142 830
145154 145160 475
145533 145161 841
145147 145145 1703
145147 145146 744
145147 145223 1730
145217 145223 1425
145624 145625 825
145624 145627 1589
145624 145628 795
145639 145628 837
145639 145640 1626
145641 145640 797
145641 145646 1740
145648 145646 783
145648 145650 1713
145707 145665 519
145708 145667 1023
145708 145716 513
145719 145718 798
145719 145720 783
145719 145723 2468
145720 145719 783
145720 145732 2237
145720 145733 805
145730 145731 704
145730 145733 1544
145731 145730 704
145731 145737 941
145739 145737 783
145739 145740 2007
145909 145740 809
145909 145916 1882
145912 145916 805
145912 145925 1872
145926 145925 761
145926 145931 1596
145952 145931 767
145952 146847 2738
146858 146853 197
146860 146859 1387
146860 146863 737
146851 146822 7436
146851 146933 1051
146938 146936 791
146938 146936 791
151622 151624 745
146940 151623 686
214402 214403 2818
214402 214955 847
211321 214483 1294
215058 215059 1053
213439 214848 7549
213464 215063 659
214870 214871 4793
211243 211231 761
211243 211244 395
211250 211249 639
211251 211299 220
211251 211300 685
211269 211270 793
211269 211271 845
211265 211258 900
211268 211271 1674
211268 211272 797
215064 215065 348
215064 215070 431
172639 167558 3385
152560 152561 1019
152560 172235 1071
152560 172236 316
152613 152612 1004
152613 152614 421
152613 152616 1558
152563 152564 1426
152563 152619 1275
152616 152613 1558
152616 152617 505
152616 152619 475
152564 152563 1426
152564 152598 1396
152564 152602 1121
152564 152664 1854
152598 152564 1396
152598 152602 1201
152594 152595 1255
152594 152601 1261
152588 152587 976
152588 153526 3684
153520 153526 713
162520 153531 1055
162520 162519 2088
162522 162519 1161
152496 152492 747
152496 152497 1661
152522 152497 688
152522 152520 1661
152522 152605 818
152556 152604 747
152556 152605 1615
152604 152556 747
152604 152606 1499
152604 152610 1336
152610 152604 1336
152610 152609 871
152610 152612 889
168514 168515 374
168513 168508 1118
168513 168512 337
167254 167255 672
167254 168511 790
168512 168511 581
168512 168513 337
167383 166807 810
167383 167603 1903
167592 167593 2644
167592 167603 739
167562 167563 1534
167562 167593 890
166805 166806 1276
166807 166806 418
166807 167383 810
166807 167630 1763
167641 167636 474
167641 167640 890
167640 166806 752
167640 167641 890
167659 167649 848
167659 167661 2088
167661 167659 2088
167661 167662 885
167801 167802 1357
167801 168446 1905
168423 168424 752
168423 168448 558
152492 152495 1774
152492 152496 747
152494 152495 610
152494 152500 2049
152500 152494 2049
152500 152501 672
152500 152524 683
152505 152525 222
180111 180107 872
177684 177685 1141
177684 185998 3434
185999 186000 2298
185999 186001 982
180102 180101 333
180108 180106 1028
179590 179591 2884
179590 179592 276
179600 179599 2396
179600 179648 3936
180103 180100 2603
180103 185317 924
179665 179601 139
179665 179666 551
179670 178626 1762
179670 180044 605
180087 180088 1362
180087 180089 765
180087 180091 2458
180091 180087 2458
180091 180090 765
180091 180097 2138
180097 180091 2138
180097 180093 904
180139 180140 713
180156 180140 1967
180142 180141 1967
180142 180143 610
180160 180143 1966
180160 180191 667
179863 182087 1567
179861 179856 751
179876 179877 308
179842 179841 2559
179842 179979 252
179844 179845 1904
179844 179845 1904
179966 179965 445
179966 182294 3617
182293 182294 580
152528 152525 1552
152528 152530 747
152533 152530 928
152533 152532 2170
152708 152707 1153
152712 152711 924
152641 152639 355
152641 152773 421
152643 152640 1827
152643 152825 953
152632 152631 476
152632 152638 644
152763 152760 3156
152754 152753 790
152754 152825 1483
152757 152758 3343
152757 153212 1200
153212 152757 1200
153212 172068 581
153150 153151 940
153150 153159 1484
153151 153150 940
153151 153160 837
153169 153160 1890
153169 153225 924
153169 172069 1200
155801 155805 1810
155910 155805 697
155910 155911 928
155992 155911 2928
155992 155991 738
155989 155990 751
155989 156025 3424
155999 155998 1733
155997 155998 751
155997 156027 2014
156074 156075 789
156074 156076 1546
156069 156067 871
156069 156070 667
156071 156070 713
156071 156075 404
155668 155667 1454
155668 155722 1502
156040 156045 782
156046 156045 751
156039 156037 1009
156039 156042 789
156042 156039 789
156042 156068 1611
155773 155772 1209
155773 155774 1641
155767 155771 1308
155790 155771 752
155790 155807 810
155803 155804 890
155803 155807 1780
155803 155907 810
155804 155803 890
155804 155806 650
153170 153171 848
153170 153175 436
153189 153190 2435
153171 153170 848
153171 153172 552
153329 153306 985
153329 153328 848
153324 153326 818
153324 153343 630
153324 153443 1695
153389 153388 1534
153389 153388 1534
153411 153412 871
153411 153425 1145
153435 152288 3165
172071 172270 836
155822 155815 837
155822 155834 605
155824 155825 474
155824 155831 948
155835 153948 344
155835 155834 1624
153476 153477 1283
153500 153454 475
153500 153501 1293
153516 153501 871
153516 153515 818
155828 153515 355
155828 155862 581
155844 155832 374
155844 155843 2311
172268 172269 205
155772 155771 1115
155772 155773 1209
155772 155837 1546
155819 155820 2350
155819 155837 889
155816 155815 890
172995 185275 381
172995 185276 1523
173017 173016 222
173017 173018 1344
173515 173016 778
173515 173046 1612
173028 173026 333
173028 173029 562
173094 173093 905
173094 180034 1176
173101 173102 138
173101 185407 1014
173044 173014 580
173090 173013 1182
173090 173099 256
173002 173001 765
173002 173003 1230
173002 173104 687
173077 173076 599
173077 173107 782
173046 173015 782
173046 173515 1612
172997 173012 1675
172997 173141 252
172999 173000 516
173111 173112 333
173111 173113 373
173145 173144 676
173145 173146 333
173109 173108 672
173109 173138 1433
173142 173143 1481
173142 173144 951
173143 173142 1481
173143 173153 672
173177 173178 435
173177 185424 1336
173180 173181 556
173180 173182 2103
173220 178211 6505
177759 177758 2132
177759 178198 7775
177761 177762 3311
177761 177764 557
173224 186012 678
173230 173229 1282
173230 173233 2555
173055 173056 1052
173055 173057 359
173064 173008 723
173064 173065 1618
173075 173073 2652
173075 173088 2418
173073 173074 1433
173073 173075 2652
173089 173083 562
173089 173189 2066
172977 172976 238
177747 178184 373
177747 178189 788
173227 173226 4704
173268 174761 1695
174759 174760 1481
174759 174761 2452
174845 174843 878
174845 174887 556
174885 174886 551
174885 174890 403
174888 174887 789
174888 174889 581
174866 174832 1483
174866 174867 765
174857 174856 2875
174857 174858 1070
174916 174915 2002
174916 185789 475
174917 174915 2093
174917 185787 373
156280 156281 355
176254 176253 452
176263 176262 3223
176263 176588 279
176553 176594 1655
176589 176587 709
176589 176594 747
176557 176556 672
176557 176595 1827
176557 176597 849
176558 176556 337
176558 176561 1811
176561 176558 1811
176561 176579 558
176574 176569 672
176574 176578 2324
156367 156368 537
156367 156370 683
176572 156368 452
176572 176571 842
176155 176171 905
176155 176250 2482
176252 176251 2759
176252 176255 672
155665 155666 3233
155665 155710 674
155707 155709 683
155707 155719 581
156051 156057 758
155719 155707 581
155719 155718 2605
156343 156346 418
156343 156518 3517
156486 156485 796
156486 156518 688
156452 156453 871
156452 156489 3202
156488 156487 1949
156488 156499 688
156455 156454 796
156455 156458 2131
156442 156441 782
156442 156459 951
156456 156453 1699
156456 156457 893
156456 156460 796
156458 156455 2131
156458 156457 782
156436 156446 751
156226 156227 589
156374 156373 683
156388 156373 2561
156388 156387 2368
156413 156387 796
156413 156415 2536
156347 156346 1357
156347 156484 683
156448 156447 2201
156448 156472 818
156448 156473 1779
156426 156447 674
156422 156447 796
156422 156472 2284
156418 156415 562
156418 156427 1336
156427 156418 1336
156427 156470 600
155717 155718 1144
156050 156045 1467
156038 156037 747
156082 156083 672
156082 156543 1234
156543 156082 1234
156543 156544 337
156081 156079 558
156081 156083 1667
156090 156091 782
156090 156093 1184
156090 156571 1604
156565 156564 1698
156565 156570 452
156563 156564 924
156827 156446 2692
156827 156826 889
156825 156826 672
156825 156829 1853
156617 156618 667
156617 156618 667
156828 156498 1782
156828 156830 452
156569 156564 1483
156569 156570 790
156590 156591 672
156590 156611 1145
156590 156611 1145
156609 156610 1234
156609 156620 1140
156620 156609 1140
156620 156660 1029
156613 156612 1032
156613 156661 1719
156629 156630 2418
156629 156661 677
172800 156627 11300
177429 177432 2623
177429 177442 926
177442 177429 926
177442 177432 2578
177452 177449 984
177452 177456 1153
177460 177457 778
177431 177432 782
177437 177470 599
177447 177444 2965
177447 177446 585
177464 177463 905
177464 177467 1267
177277 177479 3300
177463 177464 905
177463 177471 2813
177478 177477 630
177478 177482 1004
177481 177480 1282
177481 177483 562
177483 177481 562
177483 177514 1540
177515 177384 205
177515 185511 2858
177294 177293 738
177294 177300 1307
177299 177300 552
177299 177313 816
176170 176171 796
176249 177301 951
176249 177311 1387
176248 176171 2402
176248 176250 924
176248 177301 2207
176838 176837 2248
176838 176841 1700
176804 176748 2007
176804 176803 1181
176806 176739 983
176806 176809 1099
176739 176743 598
176739 176748 1498
176739 176806 983
176769 176770 403
176827 176829 672
176836 176837 612
176822 176830 1963
176831 176830 667
165424 165425 984
165424 167420 2446
167421 167422 333
165387 165388 1825
165387 165427 1768
167402 167401 2153
167402 167404 790
167402 172770 1149
167397 167413 1773
167397 167472 1375
167408 167403 1185
167408 167404 1485
165592 165614 1781
165610 165609 678
165610 165629 1357
165615 165614 650
165615 165629 606
165603 165599 818
165603 165613 1340
165548 165565 713
165548 165566 1420
165551 165566 847
165551 165630 1304
165600 165627 1420
165600 165630 818
165599 165603 818
165599 165616 1261
165617 165616 688
165617 165627 688
165562 165563 747
165562 165565 985
165388 165387 1825
165388 165443 2889
165493 165492 1825
167429 165492 1580
167426 165494 1857
167426 167424 778
167419 167420 355
167423 167424 758
167423 167425 889
167476 167475 333
165491 165490 238
167527 167689 2401
167528 167529 1101
167485 167484 778
167485 167502 778
167485 167503 1521
167497 167503 404
167497 167505 279
167668 167669 276
165453 165501 610
165510 165501 1010
165510 165513 337
165511 165512 758
165511 167440 782
167440 165498 2107
167440 165511 782
167440 167437 667
167464 167437 2286
167464 167467 796
167464 167519 1951
167514 167515 556
167514 167519 1304
167514 167522 2126
167516 167517 1825
167516 167521 511
165612 165608 697
165200 165199 222
165200 172456 356
165393 165392 650
165393 165875 238
165393 165908 1081
165397 165898 818
165392 165393 650
165392 165470 552
165469 165472 2151
165462 165463 276
165462 165471 2423
165467 165465 789
165467 165471 558
165467 165484 1960
165468 165466 678
165468 172451 837
164850 164844 253
164854 164835 328
211288 211279 791
211288 211289 659
211295 211292 278
211295 211298 504
211298 211295 504
211298 211312 1717
211494 211312 826
211518 211313 1099
211518 211519 898
208797 208799 805
208800 208799 1671
211237 211232 1759
211237 211239 761
211241 211239 129
211241 211242 573
211262 211263 1176
211279 211263 839
211279 211288 791
211223 211224 797
211226 211224 1722
211226 211232 639
204679 209434 126
204679 213301 275
211508 211316 1022
211508 211520 1208
215026 215025 395
213212 212284 11206
213212 213223 1225
213221 213224 1188
213221 213227 2275
213222 213227 362
213222 213228 757
212223 212216 337
212223 212225 745
212481 212484 1227
212481 212485 2118
212483 212499 1932
212498 212499 774
212498 212504 1932
212496 212504 659
212496 212505 2027
212217 212216 1442
212217 212281 369
212281 212217 369
212281 212238 376
212283 212280 2542
164936 164941 337
164941 164936 337
114169 114170 1879
114151 114170 2568
114171 114170 1113
118487 118486 514
118487 118835 2062
118833 118835 678
118838 118837 2094
118484 118486 799
119272 119266 888
119258 119259 695
119258 119311 1147
119312 119311 243
119240 119264 2238
119304 119299 201
119435 119298 473
118572 118571 3794
118572 118571 3794
118572 118573 785
118576 118575 333
119064 118575 596
119135 119134 950
119135 119157 3558
119159 119158 412
119159 119344 823
119162 119142 1900
119344 119142 866
119344 119159 823
119391 119390 1547
119392 119390 3024
119019 119032 2821
119458 119460 1026
119461 119460 1635
102925 102924 522
92045 92040 1824
92048 92040 2549
92048 92042 452
102196 102195 1554
94366 94367 3728
94372 94421 201
102203 94421 2637
102937 94375 1665
102938 94375 3130
91979 102948 1147
102949 102948 2291
94420 94418 2002
92178 92193 1339
92178 92239 475
92192 92193 3582
92233 92234 5355
92248 92234 672
92240 92239 937
94441 92269 1429
94504 94492 5170
94495 94494 791
94448 94450 1980
94447 94453 2789
94454 94453 2000
92302 92301 1246
92303 92301 2344
92303 92304 473
92307 92304 2959
94557 94500 537
92336 92339 238
103189 92340 61
103190 92340 1851
92349 92345 5966
92352 92345 556
92352 92458 1196
92458 92346 2890
92458 92346 2890
92458 92352 1196
92414 92413 604
92416 92413 1722
92416 92413 1722
92420 92423 2700
92420 92425 4642
92425 92420 4642
92425 92423 5572
92454 92448 1866
92450 92449 275
107076 107075 2299
107195 107075 1097
107187 107185 2360
107187 107188 373
107234 107188 1144
107234 107235 1256
93086 93087 923
93088 93087 445
93088 93089 1004
93088 93090 2434
93089 93088 1004
93089 93090 2185
93176 93090 1000
93178 93147 788
93178 93179 1347
93180 93179 1398
93180 93181 1375
93184 93181 252
93147 93148 1234
93147 93178 788
93153 93148 599
93203 93195 924
93203 93204 2878
93204 93203 2878
93204 93207 4685
94091 93207 6113
107066 107067 1669
108127 107067 133
108127 107067 133
107095 107094 2796
108191 107094 375
108125 108126 511
108125 108147 1188
108147 108125 1188
108147 108126 946
107235 107185 1022
107235 107234 1256
107193 107233 2026
108119 107233 847
108154 107239 1014
107222 107221 737
107256 107237 3304
107256 107242 1000
108397 107243 516
107459 107460 750
107461 107460 2228
107425 107427 2742
107425 107537 1161
107428 107427 2345
108530 108526 950
108530 108527 1031
108530 108534 2282
108442 108448 930
108449 108448 1891
108516 108517 2810
108538 108517 1013
108519 108520 434
108519 108521 1253
108522 108521 1553
108527 108528 763
108527 108530 1031
108527 108533 2908
109712 109711 2202
109713 109711 1711
108534 108525 688
108534 108530 2282
108534 108533 1445
108533 108527 2908
108533 108532 1635
108533 108534 1445
109230 108230 557
108520 108519 434
108520 108531 3284
109234 109233 2561
109266 109233 420
93069 93068 1675
93071 93068 1013
93071 93076 3236
93071 93076 3236
101887 92996 881
101888 92996 930
92997 92998 2102
101889 92998 2513
92986 92987 275
93020 92988 333
92999 93019 3591
93022 93019 649
93076 93071 3236
93076 93071 3236
93076 93075 680
93077 93075 1686
93050 93049 796
93052 93049 407
92747 92761 2002
92747 92775 1253
92760 92761 1343
92771 92775 511
103132 92795 595
92800 92799 1592
92589 92583 1166
92589 92592 1100
92591 92592 1120
92606 92592 536
92583 92589 1166
92583 92594 2687
92583 92597 1360
92604 92597 1409
92573 92574 473
92575 92574 835
92596 92594 808
92668 92670 2170
92681 92670 1124
94346 92843 749
101740 92843 547
194047 194046 605
194047 194054 803
194048 194049 130
194149 194049 185
192096 192012 1285
192132 192012 465
192131 192015 282
194150 192015 71
191657 191656 277
191657 191906 245
191661 191656 734
191661 191660 482
191660 191661 482
191660 191664 407
191676 191675 586
191982 191675 1531
191982 191705 2299
191705 191704 1580
191705 191982 2299
192733 192731 1388
192734 192731 931
191762 191848 8146
191762 194143 496
194472 191848 1918
192095 192093 1373
191847 191951 1774
194143 191762 496
194143 194142 388
192074 191424 769
192080 191424 74
193833 191424 277
191631 191630 1506
191639 191630 1374
191639 191647 1224
191647 191639 1224
191647 191649 684
191647 191652 1236
191751 191652 398
191906 191657 245
191906 191864 544
191611 191621 3902
191622 191621 1877
191622 191625 1318
191625 191622 1318
191625 191768 504
193980 191768 71
194511 192710 402
192719 192709 2950
191065 192659 4409
191319 192659 2948
192668 192697 838
194304 192697 433
192667 192671 3388
194310 192671 556
192714 192713 1425
192715 192713 2303
119219 119218 2839
114081 114080 2642
114082 114080 580
114082 114099 1006
114099 114082 1006
114099 114097 669
114234 114097 1556
114234 114232 674
114232 114230 687
114232 114234 674
114233 114230 785
114226 114231 1298
114238 114231 274
114118 114120 1093
114252 114120 817
114123 114122 695
114123 114124 785
114254 114122 1748
114265 114268 602
109472 109471 237
109472 109471 237
109472 109473 502
109474 109473 910
109264 109263 2672
109264 109271 1097
109271 109264 1097
109271 109270 930
109280 109270 1114
109280 109413 2238
109376 108921 2938
109376 109435 1989
113904 113900 473
109435 109376 1989
109435 109413 1474
109773 109413 2017
109403 109404 1796
109403 109415 1796
109416 109415 1196
103276 109402 360
109434 109433 1248
109434 109449 336
109527 109449 1273
109521 109520 610
109531 109520 2278
113663 113662 167
109363 109362 893
109363 109433 3024
109366 109362 333
109366 109377 562
109404 109377 3338
109404 109403 1796
109404 109450 1061
109451 109450 628
109451 109452 787
109426 109425 847
109426 109452 354
109422 109420 2035
109422 109425 516
109421 109420 764
109390 109389 1360
109655 109389 3114
109670 109389 1139
109670 109689 1234
109640 109689 893
109965 109964 3115
109965 109966 110
109966 109964 3014
109966 109965 110
109612 109613 306
109637 109615 580
109690 109972 1900
109977 109972 747
110124 109968 1254
110124 110128 889
110144 110128 1500
109967 109968 785
103282 103283 634
109995 109994 676
109995 110089 3383
110094 110089 201
109955 109956 1454
109957 109956 475
109952 110154 950
109952 111258 1486
110155 110154 580
111258 109952 1486
111258 111252 464
111264 111252 649
111264 111263 1022
111263 111251 805
111263 111264 1022
111263 111267 2584
111267 111263 2584
111267 111268 938
111267 111294 3000
111296 111268 2419
111296 111295 557
111296 111311 696
111294 111267 3000
111294 111295 737
111306 111295 611
111386 111385 688
111386 111415 938
111418 111416 649
111385 111374 452
111385 111386 688
111377 111376 950
111377 111423 713
105582 103405 3882
111380 111381 279
111380 111422 1102
111384 111383 418
111402 111383 3323
111406 111405 832
111422 111380 1102
111422 111423 737
104128 104127 1475
104128 104129 1254
104128 104264 947
104079 104078 3099
104085 104078 788
104050 104074 1073
104075 104074 697
104075 104076 1741
104075 104108 889
104048 104047 1352
104048 104076 809
104076 104048 809
104076 104075 1741
104076 104108 1481
104158 104157 1008
104158 104159 1234
104159 104157 809
104159 104158 1234
104189 104157 902
104266 104267 672
113696 104267 750
104264 104128 947
104264 104268 1208
104264 104276 827
103965 103954 4131
103982 103955 275
103972 103971 1639
103977 103971 947
103985 103984 713
103986 103984 672
112846 112848 1965
112876 112848 403
112791 112790 435
112792 112790 377
112871 112869 938
112874 112869 796
112554 112568 2430
112569 112568 747
112569 112762 1576
112571 112568 889
112761 112762 222
112487 112486 2955
112500 112499 818
112500 112505 747
112500 112513 764
112512 112499 826
112512 112513 610
112512 112623 764
112512 112624 1085
112474 112504 2286
112505 112500 747
112505 112506 688
112505 112515 2398
112513 112500 764
112513 112512 610
112513 112516 826
112506 112505 688
112506 112510 2358
112511 112510 788
112511 112537 1142
112530 112529 688
112530 112749 2078
112749 112530 2078
112749 112748 1004
104276 104127 1098
104276 104264 827
104242 104243 809
104274 104243 809
104215 104197 3535
104215 104216 2447
104221 104220 1028
104391 104390 1115
104226 104225 3089
104396 104393 1756
104400 104393 1446
104400 104404 403
104400 104468 336
104468 104400 336
104468 104467 1762
104468 104469 403
104486 104467 809
104486 104471 1672
104486 104488 806
113611 104467 473
104195 104196 737
104195 104202 975
104196 104195 737
104196 104202 1222
104029 104030 1671
104031 104030 959
103998 104730 475
104008 104061 610
39129 39127 2111
39129 39134 1014
104197 104198 1446
104197 104215 3535
104199 104198 1744
39151 39126 1254
39151 39155 2961
39156 39155 344
39130 39131 1796
39136 39134 435
104469 104392 1501
104469 104468 403
104469 104471 336
104471 104469 336
104471 104470 473
104471 104486 1672
104488 104477 1672
104488 104486 806
113608 104485 1773
113606 104592 1115
39373 39372 2827
39293 39295 925
39298 39304 923
39312 39304 1613
37241 37240 806
37242 37240 2453
37242 37265 709
37243 37240 747
37249 37247 738
37267 37236 238
37267 37266 373
37227 37230 2016
37227 37236 3198
37229 37230 1015
37232 37230 889
37232 37235 3061
38357 37235 747
37228 37236 1022
37285 37284 475
38362 38408 2568
38416 38413 279
38420 38418 951
38414 38415 932
38421 38415 905
38421 38425 1447
50396 50397 1316
38428 38427 1307
40233 40237 1120
40270 40237 1079
40252 40255 537
40252 40257 276
40257 40252 276
40257 40256 276
40240 40242 1114
38562 40247 1518
40244 40247 3250
40315 40247 1140
40318 40317 321
40319 40317 1323
40323 40324 1281
40323 40330 1812
40324 40323 1281
40324 40333 1533
40324 40336 1009
40334 40333 810
40346 40336 2648
40359 40336 873
40359 40361 336
40360 40361 697
40357 40358 336
40364 40398 3364
40399 40398 751
40399 40402 873
40396 40395 1066
40397 40395 537
40401 40404 890
40402 40399 873
40402 40404 738
40409 40404 1812
40409 40410 947
40408 40410 2252
40424 40423 558
40425 40423 1640
36825 40727 2183
36825 40729 1027
40725 40727 537
40731 40732 905
40736 40732 2481
40736 40750 709
40751 40750 1768
40753 40750 828
40804 40787 259
40804 40803 17
40804 50386 652
40762 40790 1473
40789 40790 1120
40791 40790 923
56308 56304 612
56308 56307 976
56308 56311 1147
56310 56307 1210
56310 56311 928
56319 56311 837
56321 56320 1139
56321 56650 755
56320 56321 1139
56320 56341 404
56350 56341 1086
39023 39029 1038
39023 39030 2649
39028 39029 2851
39028 40775 1116
40768 40774 829
40768 40775 2721
40771 40774 2634
39030 39023 2649
39030 39032 1064
41597 39032 796
41597 41585 817
41582 41584 649
41582 41585 751
41586 41584 312
41588 41584 390
41588 41598 689
41591 41594 751
41591 41598 1911
47673 41594 1560
47673 47675 600
47677 47675 1695
47677 47678 630
50372 50373 816
50375 50373 857
47788 48439 2005
47788 48441 537
48441 47788 537
48441 48442 683
48450 48442 2536
48451 48447 202
48451 48452 871
48449 50549 372
50550 50549 566
50551 50549 497
48471 48452 359
48471 48472 688
50451 48472 464
50451 48502 455
50452 48472 615
48502 48486 924
48502 48504 546
48502 50451 455
