596
166735 166729 905
166735 166734 790
166735 166744 796
166702 166703 992
166702 166729 436
167200 167235 2216
167236 167235 1812
167236 167239 683
167262 162532 2245
167262 167263 1085
167223 162532 1188
167223 162533 985
167212 167108 1580
167212 167220 752
167212 167221 1594
167091 167090 610
167091 167104 1831
166718 166703 1291
166726 166727 337
166726 166768 791
166726 172498 1336
166751 166749 1185
166751 166764 782
166749 166751 1185
166749 166782 842
166749 166783 778
166782 166749 842
166782 166787 782
166782 166796 590
166762 166793 778
167009 166793 1950
167009 167008 796
167027 167028 452
167038 167020 850
167038 167050 850
167050 167038 850
167050 167049 2118
167098 167097 1004
167098 172664 558
167113 167105 474
167113 167107 893
172177 172662 933
167104 167091 1831
167104 167107 475
152419 152417 452
152419 162542 953
152423 152416 1339
152423 152422 445
152414 152413 1182
152414 152416 747
152410 152444 905
152411 152413 667
152411 152444 1694
186058 186059 49
180127 180129 893
180127 180383 789
180384 180392 801
180393 180379 889
180393 180399 931
180378 179704 751
180378 180362 2170
180378 180375 788
180398 180375 1675
180398 180399 765
179702 179676 4111
179702 179681 2257
179704 179705 1167
179704 180378 751
177720 180166 511
180187 180181 796
180187 180431 870
182346 182347 667
182346 182348 1411
173588 173589 1497
173588 173597 475
173588 173598 276
182311 182333 1658
179712 179711 975
181916 181917 682
181916 182109 1008
181914 181917 1685
181914 181918 344
181914 182115 2364
182115 181914 2364
182115 182112 556
182123 182125 757
182123 182144 782
182099 182094 1363
182099 182098 247
182144 182094 884
182144 182123 782
182144 182141 672
182183 182181 629
182183 182184 1031
182189 182180 1268
182189 182199 2690
182199 182189 2690
182199 182198 1336
182199 182284 502
182283 182278 1558
182283 182288 931
182308 182306 645
182308 185846 198
152316 152315 779
152316 152361 397
152361 152316 397
152361 152360 559
152361 152365 712
152334 152335 285
152950 152949 941
152351 152352 684
152351 152366 393
152360 152361 559
152360 152366 694
152943 153006 241
152313 152314 1173
152353 152352 1250
152367 152314 363
152367 152365 723
152367 152368 524
152939 152938 444
152947 152946 571
152947 152978 630
152945 152946 485
152945 152948 505
152320 152321 3181
152320 152734 7433
152342 152345 654
152342 152373 5351
152338 152337 1154
152338 152339 85
152338 152358 324
152346 152347 764
152346 152362 562
152344 152345 566
152347 152345 1830
152347 152346 764
152347 152363 548
152324 152323 848
152450 152444 2370
152450 152451 688
152450 152474 2370
152473 152474 924
152473 152484 2678
152483 152484 924
153091 153092 631
153132 153133 782
153132 153141 1616
155705 155704 2381
155705 155783 2883
155781 155777 2033
155781 155782 905
155725 153133 2298
155725 155726 885
153112 153394 563
153140 153138 1580
153140 153142 5224
173523 173522 3489
173523 185274 746
173593 173592 1433
173593 173594 418
173594 173593 418
173594 173595 595
173581 173578 893
173581 173582 420
173581 185332 435
173559 173550 7143
173559 173560 845
173687 173682 3122
185433 185434 1773
185433 185435 336
186087 186088 1910
186087 186089 2743
173163 173162 2906
173163 173217 1925
173167 173168 2217
173167 173169 1955
173690 185437 609
173854 173216 3696
173854 185446 1654
173873 173874 2359
173873 174763 3758
185444 185443 3071
153018 153039 1034
153039 153018 1034
176123 176131 782
176509 176514 1447
176514 176509 1447
176520 176522 2483
176522 176520 2483
176131 176123 782
176510 176143 842
176143 176510 842
155620 155618 683
155592 155600 1124
155600 155592 1124
155618 155620 683
176955 176971 796
177166 177213 765
177213 177166 765
177179 177181 789
177181 177179 789
177191 177170 238
176112 176114 2093
176114 176112 2093
176114 176204 952
176204 176114 952
177172 177171 810
176971 176955 796
177170 177191 238
177171 177172 810
174950 174951 2007
174951 174950 2007
167287 167320 810
167320 167287 810
165102 165100 562
165102 165133 688
165133 165102 688
165100 165102 562
164582 164581 436
164744 164743 1032
164743 164744 1032
164581 164582 436
211525 211526 660
211526 211525 660
211531 211532 556
211532 211531 556
211539 211549 278
211549 211539 278
211559 212175 727
212175 211559 727
212203 212204 679
212204 212203 679
114901 114937 2344
114937 114901 2344
107447 107452 930
107452 107447 930
107452 108506 785
107463 107465 1424
107465 107463 1424
108506 107452 785
92823 103133 1916
103133 92823 1916
107563 107562 1224
107562 107563 1224
111324 111325 788
111325 111324 788
111326 111334 1028
111334 111326 1028
103355 103354 583
111483 111494 1124
111494 111483 1124
103354 103355 583
111562 111561 778
111556 111569 713
111569 111556 713
111561 111562 778
111681 111683 889
111683 111681 889
111683 111686 672
111686 111683 672
111686 111689 889
111689 111686 889
111708 111709 893
111709 111708 893
111709 111714 580
111717 111714 1348
111714 111709 580
111714 111717 1348
104146 104118 551
104118 104146 551
39210 39225 2458
39225 39210 2458
39195 39196 1700
39196 39195 1700
104812 104832 2737
104833 104832 354
104854 104853 848
104853 104854 848
104832 104812 2737
104832 104833 354
104905 104918 737
104918 104905 737
104995 104996 1623
104996 104995 1623
39478 39480 168
39480 39478 168
40594 40588 2336
40588 40594 2336
40814 40914 2835
40914 40814 2835
55240 55249 752
55249 55240 752
55251 55419 1813
55419 55251 1813
41639 41640 849
41640 41639 849
41640 41644 673
41644 41640 673
48367 48368 713
48368 48367 713
48677 48678 296
48678 48677 296
48728 48732 222
48732 48728 222
48589 48588 984
48588 48589 984
48848 48868 951
48871 48872 848
48872 48871 848
48877 48879 418
48879 48877 418
48868 48848 951
131476 131639 1505
131639 131476 1505
54447 54515 2291
54515 54447 2291
54515 54529 2291
54558 54560 3804
54560 54558 3804
54583 54589 418
54589 54583 418
54667 54668 1950
54529 54515 2291
54668 54667 1950
53915 53936 1560
53936 53915 1560
144496 144492 2416
144496 144507 2491
144507 144496 2491
144507 144544 2960
144544 144507 2960
144691 144698 793
150615 150618 1698
150496 150497 505
150497 150496 505
150618 150615 1698
150640 150642 1483
150642 150640 1483
139910 140188 613
140188 139910 613
140191 140195 1955
140195 140191 1955
141863 141866 2358
144492 144496 2416
141866 141863 2358
141882 141909 2393
141909 141882 2393
142097 140043 1642
140043 142097 1642
142582 142586 1715
142586 142582 1715
142537 142540 1973
142540 142537 1973
204852 204853 773
204853 204852 773
144698 144691 793
144727 144728 776
144728 144727 776
145107 145115 803
145115 145107 803
145492 145493 446
145493 145492 446
145547 145548 867
145548 145547 867
145604 145617 699
145617 145604 699
145617 145618 786
145618 145617 786
145776 145778 815
145786 145785 805
145785 145786 805
145778 145776 815
145869 145870 779
145870 145869 779
146103 146104 718
146104 146103 718
150369 151562 2010
151562 150369 2010
151567 151569 730
151567 151569 730
151569 151567 730
151569 151567 730
208635 208636 773
208636 208635 773
208748 208749 237
208749 208748 237
180182 180181 344
180182 180455 1281
180455 180182 1281
166744 166735 796
166729 166702 436
166729 166735 905
166734 166735 790
166703 166702 992
166703 166718 1291
167235 167200 2216
167235 167220 1154
167235 167236 1812
167239 167236 683
162532 167223 1188
162532 167262 2245
167263 167262 1085
162533 167223 985
167108 167212 1580
167220 167212 752
167220 167235 1154
167221 167212 1594
167090 167091 610
166727 166726 337
166768 166726 791
172498 166726 1336
166764 166751 782
166764 166783 1268
166783 166749 778
166783 166764 1268
166783 166787 927
166787 166782 782
166787 166783 927
166796 166782 590
166793 166762 778
166793 167009 1950
167008 167009 796
167028 167027 452
167020 167038 850
167049 167050 2118
167097 167098 1004
172664 167098 558
172664 172662 200
167105 167107 697
167105 167113 474
167107 167104 475
167107 167105 697
167107 167113 893
172662 172177 933
172662 172664 200
152417 152419 452
162542 152419 953
152416 152414 747
152416 152423 1339
152422 152423 445
152413 152411 667
152413 152414 1182
152444 152410 905
152444 152411 1694
152444 152450 2370
186059 186058 49
180129 180127 893
180383 180127 789
180392 180384 801
180379 180393 889
180399 180393 931
180399 180398 765
180362 180378 2170
180375 180378 788
180375 180398 1675
179676 179702 4111
179681 179702 2257
179705 179704 1167
180166 177720 511
180181 180182 344
180181 180187 796
180431 180187 870
182347 173598 1779
182347 182346 667
182348 182346 1411
173589 173588 1497
173597 173588 475
173597 173598 537
173598 173588 276
173598 173597 537
173598 182347 1779
182333 182311 1658
179711 179712 975
181917 181914 1685
181917 181916 682
181917 181918 1779
182109 181916 1008
181918 181914 344
181918 181917 1779
182112 182115 556
182112 182125 682
182125 182112 682
182125 182123 757
182125 182141 778
182094 182099 1363
182094 182144 884
182098 182099 247
182141 182125 778
182141 182144 672
182181 182180 682
182181 182183 629
182184 182183 1031
182180 182181 682
182180 182189 1268
182198 182199 1336
182284 182199 502
182284 182278 512
182278 182283 1558
182278 182284 512
182288 182283 931
182306 182308 645
185846 182308 198
152315 152314 644
152315 152316 779
152315 152365 342
152365 152315 342
152365 152361 712
152365 152366 570
152365 152367 723
152335 152334 285
152949 152948 358
152949 152950 941
152352 152351 684
152352 152353 1250
152352 152368 423
152366 152351 393
152366 152360 694
152366 152365 570
152366 152368 624
153006 152943 241
152314 152313 1173
152314 152315 644
152314 152367 363
152368 152352 423
152368 152366 624
152368 152367 524
152938 152939 444
152938 152978 1862
152946 152945 485
152946 152947 571
152978 152938 1862
152978 152947 630
152948 152945 505
152948 152949 358
152321 152320 3181
152734 152320 7433
152345 152342 654
152345 152344 566
152345 152347 1830
152373 152342 5351
152337 152338 1154
152339 152338 85
152358 152338 324
152362 152346 562
152362 152363 724
152363 152347 548
152363 152362 724
152323 152324 848
152451 152450 688
152474 152450 2370
152474 152473 924
152484 152473 2678
152484 152483 924
153092 153091 631
153133 153132 782
153133 155725 2298
153141 153132 1616
155704 155705 2381
155783 155705 2883
155783 155782 276
155777 155781 2033
155782 155781 905
155782 155783 276
155726 155725 885
153394 153112 563
153138 153140 1580
153142 153140 5224
173522 173523 3489
185274 173523 746
173592 173593 1433
173595 173594 595
173578 173581 893
173582 173581 420
185332 173581 435
173550 173559 7143
173560 173559 845
173682 173687 3122
185434 185433 1773
185435 185433 336
186088 186087 1910
186089 186087 2743
173162 173163 2906
173162 173216 3330
173217 173163 1925
173217 173216 2203
173168 173167 2217
173169 173167 1955
185437 173690 609
173216 173162 3330
173216 173217 2203
173216 173854 3696
185446 173854 1654
173874 173873 2359
174763 173873 3758
185443 185444 3071
966
166735
166702
167200
167236
167262
167223
167212
167091
166718
166726
166751
166749
166782
166762
167009
167027
167038
167050
167098
167113
172177
167104
152419
152423
152414
152410
152411
186058
180127
180384
180393
180378
180398
179702
179704
177720
180187
182346
173588
182311
179712
181916
181914
182115
182123
182099
182144
182183
182189
182199
182283
182308
152316
152361
152334
152950
152351
152360
152943
152313
152353
152367
152939
152947
152945
152320
152342
152338
152346
152344
152347
152324
152450
152473
152483
153091
153132
155705
155781
155725
153112
153140
173523
173593
173594
173581
173559
173687
185433
186087
173163
173167
173690
173854
173873
185444
152917
153012
153018
153039
153023
155490
153032
153034
153044
153020
153037
155509
155519
155549
155484
155495
176116
176123
176509
176506
176471
176495
176493
176503
176514
176513
176516
176520
176522
176131
176510
176138
176143
155671
155678
156248
156252
155635
155630
155620
155632
155538
155592
155600
155618
175973
177109
177116
177115
177146
177098
177145
177100
177016
177102
176995
185696
176957
176955
176968
177166
177029
177045
177044
177213
177009
177177
177179
177181
177190
177189
177191
176112
176077
176106
176203
176114
176204
176961
177172
176965
176971
177170
177171
175013
176849
176868
176783
173879
174950
174951
174981
174975
176631
176761
174964
174960
174957
176757
211361
165082
165321
165263
165231
165269
165439
167287
167320
167307
167330
166543
166550
166552
167296
166542
165084
165055
165057
165102
165133
165069
165100
165090
164477
165139
165119
165135
164453
164697
164451
164443
164446
164802
164837
165165
165340
165354
165381
165143
164582
164722
164731
164724
164735
164698
164727
164729
164744
164741
164743
164594
164581
161410
164583
164585
211389
211402
211525
211216
211388
211526
211531
211532
211539
211549
211551
211558
211559
211546
212175
212181
212183
212184
212203
212204
212242
211404
211405
212450
212459
212511
161403
161431
212517
212531
212257
212262
212446
114381
114323
114430
114200
114206
114569
114017
114021
114037
119124
119309
119321
118563
118564
119155
119342
119386
114913
114940
114911
114901
114937
114935
115030
115006
92018
92027
92069
92071
92123
94363
92206
92278
92279
115750
115808
115814
92310
92313
92314
105806
107030
107034
107086
107203
107177
107200
106962
106965
107119
107418
107447
107452
107438
107487
107463
107465
108506
107445
107530
107515
107478
109500
107475
92823
92906
103133
92960
92964
93035
92849
92807
115972
115965
115786
115848
115856
92748
92516
92729
115853
115864
191890
191513
191522
191525
191788
191533
190883
190896
190899
191699
191968
191698
194030
191730
191732
192755
191562
191555
191786
191904
191554
191853
191917
191948
191771
192122
192739
192773
193848
194017
194026
192720
192722
194249
192812
114067
114366
114723
114730
194380
107563
109462
109775
107562
109770
109801
109813
109792
109819
109816
109893
109930
109931
109913
109907
103361
105185
110976
111007
111087
111085
111324
111325
111326
111334
111335
111342
103355
111354
103332
103336
111470
111483
111494
111495
111502
103354
111504
111536
111572
111562
111556
111569
111561
111568
103695
103697
111681
111683
111686
111689
111708
111709
111717
111714
111720
111656
111635
111638
111641
111449
111451
111655
112592
111704
111710
112617
111761
111780
104298
112576
104146
104118
112883
112751
104351
104360
104362
104406
39210
39225
39532
39527
39514
39549
39554
39524
46130
39215
104740
104284
104791
39157
39195
39196
104812
104833
104854
104378
104853
104832
104894
104905
104918
104934
104466
104995
104996
104999
39342
39344
39337
39343
39336
39334
39324
39388
39380
39419
39425
39433
39478
39480
39496
40441
40456
40457
40464
40465
40492
40604
40468
40479
40559
40545
40375
40550
50410
40594
40829
40832
40838
40847
40849
40859
40911
40912
40579
40588
40814
40818
40914
55233
55244
55240
55249
55251
55419
55418
55428
41627
41639
41641
41640
40935
41644
48408
48521
48524
48530
48549
48553
48342
48346
48367
48368
48378
41633
48669
48677
48678
48708
48728
48732
48734
48589
48714
48888
48588
48904
48911
48887
48847
48848
48863
48871
48872
48877
48879
48882
48953
48956
48843
48868
48987
48984
49002
49003
49025
50483
49026
49031
48314
48320
48321
131374
48309
48395
131377
131380
131383
131476
131639
131481
131648
131653
131654
131658
131752
131830
131838
131839
131827
54363
56642
54414
54425
54426
54447
54515
54532
54365
54558
54560
54583
54589
54667
52719
53777
54529
54528
54730
54684
54668
53865
53866
53915
53916
53773
56777
53940
55151
53933
53936
55172
55228
55207
144496
144507
144542
144544
144681
144680
144686
144691
150615
150496
150497
150618
150640
150642
151910
150727
150729
150728
139909
139910
140188
140191
140195
140431
140441
141863
142535
142545
144492
141866
141882
141909
141929
141934
151752
142097
142098
142095
142092
140043
142062
142061
142073
142582
142586
142594
142613
142614
142721
142735
142537
142540
142541
142553
142769
142770
142776
55475
56359
56372
56373
56364
204696
204711
204530
204707
204708
204713
204715
204716
204731
204794
204799
204844
204845
204852
204853
204854
144698
144700
144696
144704
144707
144709
144710
144727
144714
144718
144728
144721
145050
145051
145093
145096
145103
145107
145115
145492
145493
145496
145501
145540
145541
145547
145548
145600
145604
145617
145618
145776
145794
145786
145785
145790
145789
145623
145880
145778
145798
145847
145853
145869
145870
145878
146084
146098
146103
146104
151482
151489
151551
151586
151730
148407
151930
151384
150369
151562
151498
151589
151567
151569
203834
204438
204455
214420
204528
208625
208626
207897
208647
208643
212990
208641
208688
208631
207887
208635
208669
208681
208636
205176
208675
208676
208707
208718
208733
208737
208741
211110
208748
211167
208749
211337
180454
180470
180182
180455
185566
180468
180416
180457
180448
166509
166505
166556
166560
166570
166580
166564
166732
172659
166744
166729
166703
167239
162532
167263
162533
167108
167220
167221
167090
166727
166768
172498
166764
166783
166787
166793
167008
167028
167020
167049
167097
167105
172662
152417
162542
152416
152422
152413
152444
180129
180392
180379
180399
180362
180375
179676
179681
179705
180166
180431
182347
173589
173597
182333
182109
181918
182112
182094
182098
182141
182181
182180
182198
182284
182278
182288
182306
152335
152949
153006
152938
152946
152978
152948
152321
152734
152345
152373
152337
152358
152362
152363
152323
152451
152474
152484
153092
153133
155704
155783
155777
155782
155726
153394
153138
153142
173522
185274
173592
173595
173578
173550
173682
185435
173162
173169
185446
173874
185443
