1344
148131 148123 980
212789 212790 991
212789 212851 510
212917 212924 1017
212928 212924 1391
212928 212926 766
197453 197454 641
212933 214668 373
212960 212959 253
212982 212976 1003
212982 212983 1119
212982 214670 1465
212993 194958 1158
212993 212988 690
212987 212984 526
194958 194957 2622
194958 212993 1158
194958 212994 643
198647 198643 831
198647 198644 3495
198648 198643 275
198651 198646 3486
171424 171426 759
171424 171430 1225
171578 171577 562
171578 171582 422
171576 171577 767
162365 162353 1116
159271 159270 1081
159271 159277 1206
159271 159283 928
159278 159277 1382
159278 159280 650
159270 159271 1081
159270 159285 418
159179 159180 2006
159179 159185 675
159266 159276 107
159167 159166 1349
159167 159170 938
159167 159313 1004
159319 172822 1317
159323 159322 829
159323 159324 1114
159452 159453 951
159452 159455 753
159462 159453 1183
159462 159463 713
159467 159468 789
159482 159483 611
159626 159627 872
159626 159690 796
159633 159621 404
159633 159632 253
159621 159622 3030
159621 159633 404
159790 159791 1308
213391 213390 327
214577 213386 241
213030 213032 660
213030 213036 1546
212979 212978 2246
212979 213023 622
212979 213024 386
213033 213014 522
213013 213010 839
213013 213015 1100
213016 213015 881
171376 171377 667
171376 171392 2952
171391 171392 667
170953 170954 796
170953 171378 4086
171377 171376 667
171377 171378 778
171377 171394 2876
171393 171392 934
171393 171395 445
171404 171405 1891
171404 171414 684
171404 171415 1111
171413 171414 1225
171413 171426 759
170885 170884 2586
170885 170886 688
171040 170886 747
171040 172207 1066
170851 170852 1146
170851 170853 611
170958 170963 688
97872 97870 2126
97874 97900 562
97893 97894 476
97893 97897 2987
97902 97897 355
97902 97901 2724
97902 97903 904
97894 97893 476
97894 97895 81
95257 95258 672
95257 95259 475
95243 95242 103
95243 95259 1362
95242 95243 103
95242 95256 559
95245 95286 2160
95299 95300 429
95299 95302 2337
95387 95386 373
95387 95392 1078
95393 95392 418
95393 95438 238
95399 95400 283
95399 95405 676
95386 95387 373
95386 95391 1102
95390 95391 344
95439 95392 531
95372 102533 1601
95365 95394 458
95370 95371 713
95370 95394 1069
95371 95370 713
95371 95401 1274
95373 95402 1352
95373 95450 1483
95397 95394 547
95397 95400 554
97957 97958 2540
97956 97962 840
97913 97908 788
97913 97914 2790
97913 97916 951
49845 49846 2376
49945 49947 1176
49954 49947 2040
41944 41942 2447
49847 49849 2117
98862 98783 1170
98882 98785 2255
98873 98874 877
98873 98880 1062
98840 98837 747
98840 98844 475
98843 98842 1205
98843 98872 344
93371 93367 475
93371 93370 931
98836 98834 931
98836 98837 2955
100163 100130 975
100163 100168 884
98675 98676 1675
98675 98677 1197
98697 98677 2113
98697 98698 1115
98808 98792 1349
98808 98810 516
98808 98811 1014
98713 98714 2111
98718 98714 756
98718 98722 1786
98718 98788 672
98787 98788 2118
98787 98789 756
98698 98697 1115
98698 98699 1906
98703 98699 931
98703 98705 1796
98708 98705 708
98708 98716 840
98708 98719 3454
98712 98714 764
98712 98716 1786
97729 97884 1280
98024 97886 1549
98024 97890 1066
97887 97889 1268
97887 97891 313
98027 97892 354
98030 98032 344
97850 97849 612
97850 97867 289
97905 102536 590
98356 98357 3085
97342 97958 2283
97350 97977 848
97350 98066 1114
97973 97971 1014
97973 97974 797
98070 98068 333
98070 98074 1433
98082 98080 681
98082 98083 1675
98082 98090 667
98092 98093 840
98092 98096 238
98343 98350 435
98343 98351 452
98360 98361 191
98663 98664 1248
98663 98665 1695
98393 98392 1764
98393 98396 562
98401 98402 2642
98401 98416 4610
98674 98676 1209
49863 49849 2397
49863 49864 1493
49866 49864 927
49866 49865 3288
49866 49876 1675
49865 49848 1008
49865 49864 3523
49865 49866 3288
42445 42450 1533
43490 42450 3197
43490 43491 1208
43490 43500 1917
43485 43510 747
43485 43513 884
43485 43518 1280
43508 42065 889
42357 42337 354
42357 42358 403
42362 42363 2340
42362 42364 2241
42364 42362 2241
42364 42372 2459
42373 42372 4762
42373 42433 1454
42436 42433 2229
42436 42435 1635
42068 42067 806
42066 42064 3242
42066 43620 1140
43619 43517 1301
43619 43629 222
43622 43636 1040
43622 43637 2147
43638 43637 1022
43638 43672 1027
43665 43664 827
43681 43652 869
43681 43664 3497
43681 43682 1675
43855 43856 878
43807 43800 336
41954 38657 7600
41954 43834 1063
43839 43841 1534
43839 43842 1812
43841 43839 1534
43841 43844 1812
42572 42563 738
44244 44246 745
44244 44251 693
43251 43232 1592
43251 43234 1210
43252 43253 1615
44213 44212 1143
44213 44216 373
37038 44192 2907
42207 42206 806
42207 43264 3782
44212 44213 1143
44212 44214 373
43425 43424 435
43425 43426 2408
43439 43437 1796
43439 43437 1796
43460 43462 1426
43460 43463 1438
43461 43465 2578
43461 43469 948
43476 43478 2085
45228 45229 3996
45228 45268 27156
45228 45269 3898
43659 43660 581
43703 43648 1932
43690 43661 904
43704 43592 1378
43596 43589 551
43596 43592 2477
43584 43562 789
43584 43585 1592
43584 43588 3343
43593 43585 738
43593 43600 418
43595 43589 713
43595 43597 878
43578 43568 2012
43578 43569 605
43600 43593 418
43600 43599 806
43612 43605 373
43613 43615 276
43613 43730 1755
43735 43734 2353
43817 43816 809
43817 43818 1438
43819 43813 2417
43819 43818 1394
43813 43809 2885
43813 43812 2002
43813 43819 2417
44495 44494 940
45460 45457 810
45460 45459 890
45460 45564 3156
45475 45473 421
45475 45575 276
45581 45578 1064
45581 45582 873
45582 45580 1447
45582 45581 873
45582 45594 2896
45597 45619 927
45617 45618 667
45610 45613 452
45630 45635 511
45623 45601 1947
45623 45603 837
45625 45620 752
45625 45622 403
45620 45619 1115
45620 45625 752
44505 44493 1306
44505 44494 4010
125928 125924 1276
125928 125935 2833
125928 125939 1675
125939 125928 1675
125939 125930 752
125937 125935 276
125937 125936 1023
125643 125639 807
125965 125644 1009
125967 125649 2409
125986 126225 1300
126099 126098 927
126099 126100 796
126102 126109 600
126102 126111 2138
126112 126128 794
132495 126128 539
126130 126127 672
126437 126434 590
126435 126432 725
126435 126436 2189
126442 126439 674
45273 45274 1345
45273 45276 1206
45277 45276 2349
45277 45282 1345
45404 45274 2220
45404 45405 1345
45405 45379 1115
45405 45403 2220
45405 45404 1345
45379 45377 2220
45379 45386 1115
45379 45405 1115
45386 45379 1115
45386 45385 1080
45386 45407 789
45284 45282 2148
45284 45504 612
45734 45504 1611
45745 45508 697
45745 45746 879
45384 45381 906
45384 45393 2748
45384 45407 1624
45394 45393 1410
45398 45397 355
45398 45399 796
45429 45402 436
45429 45402 436
125167 125165 612
125171 125175 796
125171 132560 29
125145 125144 3694
125145 125146 5519
125147 125142 84
125147 125148 1161
125178 125197 374
125196 125210 1300
125196 125211 1225
125196 125230 2089
125152 45146 2508
125152 125154 1594
125153 125154 879
125158 125162 1258
125269 125270 985
125245 125231 1400
125260 125232 1283
125299 125253 418
125299 125300 2761
45346 45347 952
45312 45311 1505
45315 45306 747
45315 45330 2621
45342 45330 1222
45344 45349 1268
125909 125908 612
125909 125910 710
45488 45493 558
45541 45494 928
45543 45494 1855
45543 45554 837
45543 45556 2156
45556 45543 2156
45556 45555 1085
45280 45278 2349
45280 45283 1534
45280 45502 1546
45496 45495 1210
45496 45498 697
45503 45502 673
45503 45505 612
45747 45508 279
45747 45746 1234
45537 45534 418
45537 45535 1258
45540 45539 1556
45540 45664 537
45654 45650 476
45654 45663 3571
45689 45603 1114
45689 45660 1008
126274 126272 674
126274 126439 893
126270 126271 2180
126287 126288 1046
126287 126299 2032
126299 126287 2032
126299 126296 518
126397 126309 1147
126395 126391 1147
126395 126398 928
126395 126399 613
126398 126395 928
126398 126396 1075
126388 126386 1118
126388 126387 1364
126388 126393 1534
126393 126388 1534
126393 126392 940
126393 126399 697
126387 126385 940
126387 126388 1364
126362 126361 144
126408 126360 1147
126402 126350 1025
126355 128592 843
126355 128597 782
126351 126350 1212
126367 126353 1075
126367 128753 789
126368 128754 2284
126368 128756 1748
128756 126368 1748
128756 128758 1161
128794 128795 743
128807 128802 418
128807 128809 1085
128828 128829 818
128827 128816 872
128827 128830 1234
128885 128883 2560
128885 128888 1578
128885 128991 872
128994 123560 698
129020 129019 477
129020 129021 672
128898 129051 1561
120653 120655 1451
120653 120660 848
120653 120665 1368
129057 120671 500
128933 128986 808
128933 128999 1868
128935 128934 1347
128935 129022 1447
128960 129022 684
129002 128995 2157
129002 128999 1067
129003 128995 673
129003 129004 2020
129008 129009 452
129008 129025 2879
132520 129025 520
129215 129044 4843
129215 129216 1222
129225 129224 667
129225 129226 672
129229 129216 1848
129070 129067 1390
129070 129069 893
120766 120757 739
120766 120764 1116
120768 120764 698
120768 120765 1764
120832 120758 3763
120832 120831 1285
120848 120851 1085
120834 120830 2223
120834 120833 591
120812 120797 684
120812 120816 606
120858 120816 2196
120858 120816 2196
120815 120814 872
120815 120817 893
120817 120815 893
120817 120821 924
120824 120821 2674
120824 120825 796
120867 120825 2302
120867 120881 1014
120917 120881 2112
68636 68561 12625
68636 68634 2303
120923 120921 782
120923 120922 2653
120926 120924 684
120931 121506 279
121501 121504 1010
120927 68635 1285
120927 120924 2451
120927 120925 791
120901 120881 905
120901 120890 2302
120901 120903 688
120919 120903 2404
120919 120920 1004
121499 120920 969
121503 121508 1011
68722 68714 1797
68722 68725 2132
68726 68727 3247
68736 68727 606
68732 68733 671
68742 68734 1082
68742 68752 1950
68755 68752 1142
68755 68756 2043
68755 68757 1148
68757 68755 1148
68757 68760 1814
68757 69134 1010
69135 69134 2143
69135 69137 941
69150 69137 848
69150 69152 1383
69131 69132 1429
69131 69168 1493
69151 69132 1344
69151 69152 612
69151 69154 1242
69200 69198 1415
69200 69205 1121
69211 69176 1334
69211 69198 1485
69215 69206 716
69215 69209 2022
69217 69209 808
69217 69219 1933
69217 69220 599
69221 69222 683
69221 69223 354
69174 69169 495
69174 77483 1372
69176 69192 1558
69176 69211 1334
72624 72623 374
69634 69631 672
69654 69655 754
78767 78483 1038
78767 78772 1120
69382 69378 1011
69382 69419 837
69420 69383 2198
69480 69477 1111
69480 69479 601
69540 69477 1203
69540 69541 778
69540 76614 760
69425 69418 1014
69425 69423 2557
69425 69426 844
69434 69418 1565
69447 69440 14
76615 76614 760
69485 69484 344
69485 69486 556
69549 69483 1608
69549 69544 452
69545 69544 768
69545 69546 1000
69489 69078 2795
69507 69482 475
69495 69493 374
69494 69493 562
69498 76613 325
69486 69481 1778
69486 69485 556
71628 71623 1539
71628 71627 1004
71628 71630 140
71812 71795 1023
71814 71815 2311
71544 71630 896
71865 71866 2425
72530 72535 676
72535 72530 676
69691 69655 150
219346 219310 1730
219303 219298 746
219298 219303 746
219310 219346 1730
215622 215771 1945
215771 215622 1945
215889 215913 756
215803 215802 1392
215802 215803 1392
215913 215889 756
215937 215952 833
215952 215937 833
219849 219863 638
219863 219849 638
215516 215514 463
215514 215516 463
147100 147102 914
147197 151952 1429
151952 147197 1429
147102 147100 914
147204 147207 598
147207 147204 598
148119 148122 1251
148122 148119 1251
148122 148123 2118
148123 148122 2118
148123 148131 980
212790 212789 991
212851 212789 510
212924 212917 1017
212924 212928 1391
212926 197454 590
212926 212928 766
197454 197453 641
197454 212926 590
214668 212933 373
212959 212960 253
212959 212983 387
212976 212982 1003
212983 212959 387
212983 212982 1119
212983 212984 572
214670 212982 1465
212988 212993 690
212988 212994 1229
212984 212978 3284
212984 212983 572
212984 212987 526
194957 194958 2622
212994 194958 643
212994 212988 1229
198643 198647 831
198643 198648 275
198644 198647 3495
198646 198651 3486
171426 171413 759
171426 171424 759
171430 171424 1225
171430 171582 601
171577 171576 767
171577 171578 562
171582 171430 601
171582 171578 422
162353 162365 1116
159277 159271 1206
159277 159278 1382
159283 159271 928
159280 159278 650
159285 159270 418
159180 159179 2006
159180 159185 1889
159185 159179 675
159185 159180 1889
159276 159170 178
159276 159266 107
159166 159167 1349
159170 159167 938
159170 159276 178
159313 159167 1004
172822 159319 1317
159322 159323 829
159324 159323 1114
159324 159453 1785
159453 159324 1785
159453 159452 951
159453 159462 1183
159455 159452 753
159463 159462 713
159468 159467 789
159468 159483 2602
159483 159468 2602
159483 159482 611
159627 159626 872
159690 159626 796
159690 159632 202
159632 159633 253
159632 159690 202
159622 159621 3030
159791 159790 1308
213390 213386 698
213390 213391 327
213386 213390 698
213386 214577 241
213032 213030 660
213036 213030 1546
212978 212979 2246
212978 212984 3284
213023 212979 622
213023 213014 1426
213024 212979 386
213014 213010 2229
213014 213023 1426
213014 213033 522
213010 213013 839
213010 213014 2229
213015 213013 1100
213015 213016 881
171392 171376 2952
171392 171391 667
171392 171393 934
171392 171394 893
170954 170953 796
171378 170953 4086
171378 171377 778
171394 171377 2876
171394 171392 893
171395 171393 445
171395 171405 851
171405 171395 851
171405 171404 1891
171414 171404 684
171414 171413 1225
171415 171404 1111
170884 170885 2586
170886 170885 688
170886 171040 747
172207 171040 1066
170852 170851 1146
170853 170851 611
170963 170958 688
97870 97872 2126
97900 97874 562
97897 97893 2987
97897 97902 355
97901 97889 509
97901 97902 2724
97903 97902 904
97895 97894 81
95258 95257 672
95259 95243 1362
95259 95257 475
95256 95242 559
95286 95245 2160
95300 95299 429
95302 95299 2337
95392 95387 1078
95392 95391 238
95392 95393 418
95392 95439 531
95438 95393 238
95400 95397 554
95400 95399 283
95405 95399 676
95391 95386 1102
95391 95390 344
95391 95392 238
102533 95372 1601
95394 95365 458
95394 95370 1069
95394 95397 547
95394 95401 572
95401 95371 1274
95401 95394 572
95401 95402 847
95402 95373 1352
95402 95401 847
95450 95373 1483
97958 97342 2283
97958 97957 2540
97962 97956 840
97908 97913 788
97914 97913 2790
97916 97913 951
49846 49845 2376
49846 49848 1901
49947 49848 1437
49947 49945 1176
49947 49954 2040
41942 41944 2447
49849 49847 2117
49849 49863 2397
98783 98862 1170
98785 98882 2255
98874 98873 877
98880 98873 1062
98837 98834 3476
98837 98836 2955
98837 98840 747
98844 98840 475
98844 98842 551
98842 98843 1205
98842 98844 551
98872 98843 344
93367 93371 475
93370 93371 931
93370 98834 1344
98834 93370 1344
98834 98836 931
98834 98837 3476
100130 100163 975
100168 100163 884
98676 98674 1209
98676 98675 1675
98677 98675 1197
98677 98697 2113
98677 98699 924
98792 98789 925
98792 98808 1349
98810 98808 516
98811 98808 1014
98714 98712 764
98714 98713 2111
98714 98718 756
98722 98718 1786
98788 98718 672
98788 98787 2118
98789 98787 756
98789 98792 925
98699 98677 924
98699 98698 1906
98699 98703 931
98705 98703 1796
98705 98708 708
98716 98708 840
98716 98712 1786
98719 98708 3454
97884 97729 1280
97886 98024 1549
97890 97891 2400
97890 97892 1377
97890 98024 1066
97889 97887 1268
97889 97901 509
97891 97887 313
97891 97890 2400
97892 97890 1377
97892 98027 354
98032 97867 2246
98032 98030 344
97849 97850 612
97867 97850 289
97867 98032 2246
102536 97905 590
98357 98356 3085
97977 97350 848
98066 97350 1114
97971 97973 1014
97974 97973 797
98068 98070 333
98074 98070 1433
98080 98082 681
98083 98082 1675
98090 98082 667
98090 98093 708
98093 98090 708
98093 98092 840
98096 98092 238
98350 98343 435
98351 98343 452
98361 98360 191
98664 98663 1248
98665 98663 1695
98392 98393 1764
98392 98396 1770
98396 98392 1770
98396 98393 562
98402 98401 2642
98416 98401 4610
49864 49863 1493
49864 49865 3523
49864 49866 927
49876 49866 1675
49848 49846 1901
49848 49865 1008
49848 49947 1437
42450 42445 1533
42450 43490 3197
43491 43490 1208
43500 43490 1917
43510 43485 747
43513 43485 884
43518 43485 1280
42065 42064 1160
42065 43508 889
42337 42357 354
42358 42357 403
42358 42363 354
42363 42358 354
42363 42362 2340
42372 42364 2459
42372 42373 4762
42433 42373 1454
42433 42436 2229
42435 42436 1635
42067 42064 1066
42067 42068 806
42064 42065 1160
42064 42066 3242
42064 42067 1066
43620 42066 1140
43517 43619 1301
43629 43619 222
43636 43622 1040
43637 43622 2147
43637 43638 1022
43672 43638 1027
43664 43665 827
43664 43681 3497
43652 43681 869
43682 43681 1675
43856 43855 878
43800 43807 336
43800 43809 3927
38657 41954 7600
43834 41954 1063
43842 43839 1812
43842 43844 1534
43844 43841 1812
43844 43842 1534
42563 42572 738
44246 44244 745
44251 44244 693
43232 43251 1592
43234 43251 1210
43253 43252 1615
44216 44213 373
44192 37038 2907
42206 42207 806
43264 42207 3782
44214 44212 373
43424 43425 435
43426 43425 2408
43437 43439 1796
43437 43439 1796
43462 43460 1426
43462 43465 738
43463 43460 1438
43465 43461 2578
43465 43462 738
43469 43461 948
43478 43476 2085
45229 45228 3996
45268 45228 27156
45269 45228 3898
43660 43659 581
43660 43661 2282
43648 43703 1932
43661 43660 2282
43661 43690 904
43592 43596 2477
43592 43704 1378
43589 43588 1008
43589 43595 713
43589 43596 551
43562 43584 789
43585 43584 1592
43585 43593 738
43588 43584 3343
43588 43589 1008
43597 43595 878
43568 43578 2012
43569 43578 605
43599 43600 806
43605 43612 373
43615 43613 276
43730 43613 1755
43734 43735 2353
43816 43817 809
43818 43812 1140
43818 43817 1438
43818 43819 1394
43809 43800 3927
43809 43813 2885
43812 43813 2002
43812 43818 1140
44494 44495 940
44494 44505 4010
45457 45460 810
45459 45460 890
45564 45460 3156
45473 45475 421
45575 45475 276
45575 45578 630
45578 45575 630
45578 45581 1064
45580 45582 1447
45594 45582 2896
45619 45597 927
45619 45620 1115
45618 45617 667
45613 45610 452
45635 45630 511
45601 45623 1947
45603 45623 837
45603 45689 1114
45622 45625 403
44493 44505 1306
125924 125928 1276
125935 125928 2833
125935 125937 276
125930 125939 752
125936 125937 1023
125639 125643 807
125644 125965 1009
125649 125967 2409
126225 125986 1300
126098 126099 927
126100 126099 796
126109 126102 600
126111 126102 2138
126128 126112 794
126128 126127 111
126128 132495 539
126127 126128 111
126127 126130 672
126434 126437 590
126432 126435 725
126436 126435 2189
126439 126274 893
126439 126442 674
45274 45273 1345
45274 45403 1345
45274 45404 2220
45276 45273 1206
45276 45277 2349
45282 45277 1345
45282 45283 1345
45282 45284 2148
45403 45274 1345
45403 45377 1115
45403 45405 2220
45377 45379 2220
45377 45403 1115
45385 45386 1080
45407 45384 1624
45407 45386 789
45504 45284 612
45504 45734 1611
45508 45745 697
45508 45747 279
45746 45745 879
45746 45747 1234
45381 45384 906
45393 45384 2748
45393 45394 1410
45397 45398 355
45399 45398 796
45399 45402 1268
45402 45399 1268
45402 45429 436
45402 45429 436
125165 125167 612
125175 125171 796
132560 125171 29
125144 125142 673
125144 125145 3694
125146 125145 5519
125142 125144 673
125142 125147 84
125148 125147 1161
125197 125178 374
125210 125196 1300
125211 125196 1225
125211 125253 5995
125230 125196 2089
125230 125231 253
45146 125152 2508
125154 125152 1594
125154 125153 879
125162 125158 1258
125270 125269 985
125231 125230 253
125231 125232 1140
125231 125245 1400
125232 125231 1140
125232 125260 1283
125253 125211 5995
125253 125299 418
125300 125299 2761
45347 45346 952
45347 45349 1396
45311 45312 1505
45306 45315 747
45330 45315 2621
45330 45342 1222
45349 45344 1268
45349 45347 1396
125908 125909 612
125910 125909 710
45493 45488 558
45494 45541 928
45494 45543 1855
45554 45543 837
45554 45555 1879
45555 45554 1879
45555 45556 1085
45555 45664 1357
45278 45280 2349
45278 45495 1346
45283 45280 1534
45283 45282 1345
45502 45280 1546
45502 45503 673
45495 45278 1346
45495 45496 1210
45498 45496 697
45505 45503 612
45534 45537 418
45534 45539 452
45535 45537 1258
45539 45534 452
45539 45540 1556
45664 45540 537
45664 45555 1357
45650 45654 476
45663 45654 3571
45660 45689 1008
126272 126274 674
126271 126270 2180
126288 126287 1046
126288 126296 2171
126296 126288 2171
126296 126299 518
126309 126396 697
126309 126397 1147
126391 126395 1147
126391 126396 837
126399 126393 697
126399 126395 613
126396 126309 697
126396 126391 837
126396 126398 1075
126386 126385 890
126386 126388 1118
126392 126393 940
126385 126360 3539
126385 126386 890
126385 126387 940
126361 126362 144
126360 126385 3539
126360 126408 1147
126350 126351 1212
126350 126402 1025
128592 126355 843
128597 126355 782
126353 126367 1075
128753 126367 789
128753 128754 739
128754 126368 2284
128754 128753 739
128758 128756 1161
128795 128794 743
128802 128807 418
128809 128807 1085
128829 128828 818
128816 128827 872
128830 128827 1234
128883 128885 2560
128888 128885 1578
128991 123560 1687
128991 128885 872
123560 128991 1687
123560 128994 698
129019 129020 477
129021 129020 672
129051 128898 1561
120655 120653 1451
120660 120653 848
120665 120653 1368
120671 129057 500
128986 128933 808
128999 128933 1868
128999 129002 1067
128934 128935 1347
129022 128935 1447
129022 128960 684
128995 129002 2157
128995 129003 673
129004 129003 2020
129009 129008 452
129025 129008 2879
129025 132520 520
129044 129215 4843
129216 129215 1222
129216 129229 1848
129224 129225 667
129226 129225 672
129067 129070 1390
129069 129070 893
120757 120766 739
120764 120766 1116
120764 120768 698
120765 120768 1764
120758 120832 3763
120831 120832 1285
120851 120848 1085
120830 120834 2223
120833 120834 591
120797 120812 684
120816 120812 606
120816 120858 2196
120816 120858 2196
120814 120815 872
120821 120817 924
120821 120824 2674
120825 120824 796
120825 120867 2302
120881 120867 1014
120881 120901 905
120881 120917 2112
68561 68636 12625
68634 68636 2303
120921 120923 782
120922 120923 2653
120924 120926 684
120924 120927 2451
121506 120931 279
121504 121501 1010
68635 120927 1285
120925 120927 791
120890 120901 2302
120903 120901 688
120903 120919 2404
120920 120919 1004
120920 121499 969
121508 121503 1011
68714 68722 1797
68725 68722 2132
68727 68726 3247
68727 68736 606
68733 68732 671
68734 68742 1082
68752 68742 1950
68752 68755 1142
68756 68755 2043
68756 68760 1082
68760 68756 1082
68760 68757 1814
69134 68757 1010
69134 69135 2143
69137 69135 941
69137 69150 848
69152 69150 1383
69152 69151 612
69132 69131 1429
69132 69151 1344
69132 69169 1514
69168 69131 1493
69154 69151 1242
69198 69200 1415
69198 69211 1485
69205 69200 1121
69205 69206 553
69206 69205 553
69206 69215 716
69209 69215 2022
69209 69217 808
69219 69217 1933
69220 69217 599
69222 69221 683
69223 69221 354
69169 69132 1514
69169 69174 495
77483 69174 1372
69192 69176 1558
72623 72624 374
69631 69634 672
69655 69654 754
69655 69691 150
69655 78483 488
78483 69655 488
78483 78767 1038
78772 78767 1120
69378 69382 1011
69378 69383 1778
69419 69382 837
69383 69378 1778
69383 69420 2198
69477 69480 1111
69477 69540 1203
69479 69480 601
69541 69540 778
69541 69544 778
76614 69540 760
76614 76615 760
69418 69425 1014
69418 69434 1565
69423 69425 2557
69426 69425 844
69440 69447 14
69484 69483 796
69484 69485 344
69483 69484 796
69483 69549 1608
69544 69541 778
69544 69545 768
69544 69549 452
69546 69545 1000
69078 69489 2795
69482 69481 688
69482 69507 475
69493 69494 562
69493 69495 374
76613 69498 325
69481 69482 688
69481 69486 1778
71623 71628 1539
71623 71630 1422
71627 71628 1004
71630 71544 896
71630 71623 1422
71630 71628 140
71795 71812 1023
71815 71814 2311
71866 71865 2425
903
148131
212789
212917
212928
197453
212933
212960
212982
212993
212987
194958
198647
198648
198651
171424
171578
171576
162365
159271
159278
159270
159179
159266
159167
159319
159323
159452
159462
159467
159482
159626
159633
159621
159790
213391
214577
213030
212979
213033
213013
213016
171376
171391
170953
171377
171393
171404
171413
170885
171040
170851
170958
97872
97874
97893
97902
97894
95257
95243
95242
95245
95299
95387
95393
95399
95386
95390
95439
95372
95365
95370
95371
95373
95397
97957
97956
97913
49845
49945
49954
41944
49847
98862
98882
98873
98840
98843
93371
98836
100163
98675
98697
98808
98713
98718
98787
98698
98703
98708
98712
97729
98024
97887
98027
98030
97850
97905
98356
97342
97350
97973
98070
98082
98092
98343
98360
98663
98393
98401
98674
49863
49866
49865
42445
43490
43485
43508
42357
42362
42364
42373
42436
42068
42066
43619
43622
43638
43665
43681
43855
43807
41954
43839
43841
42572
44244
43251
43252
44213
37038
42207
44212
43425
43439
43460
43461
43476
45228
43659
43703
43690
43704
43596
43584
43593
43595
43578
43600
43612
43613
43735
43817
43819
43813
44495
45460
45475
45581
45582
45597
45617
45610
45630
45623
45625
45620
44505
125928
125939
125937
125643
125965
125967
125986
126099
126102
126112
132495
126130
126437
126435
126442
45273
45277
45404
45405
45379
45386
45284
45734
45745
45384
45394
45398
45429
125167
125171
125145
125147
125178
125196
125152
125153
125158
125269
125245
125260
125299
45346
45312
45315
45342
45344
125909
45488
45541
45543
45556
45280
45496
45503
45747
45537
45540
45654
45689
126274
126270
126287
126299
126397
126395
126398
126388
126393
126387
126362
126408
126402
126355
126351
126367
126368
128756
128794
128807
128828
128827
128885
128994
129020
128898
120653
129057
128933
128935
128960
129002
129003
129008
132520
129215
129225
129229
129070
120766
120768
120832
120848
120834
120812
120858
120815
120817
120824
120867
120917
68636
120923
120926
120931
121501
120927
120901
120919
121499
121503
68722
68726
68736
68732
68742
68755
68757
69135
69150
69131
69151
69200
69211
69215
69217
69221
69174
69176
72624
69634
69654
78767
69382
69420
69480
69540
69425
69434
69447
76615
69485
69549
69545
69489
69507
69495
69494
69498
69486
71628
71812
71814
71544
71865
72072
72076
71862
71832
78586
69075
69084
69074
69089
71823
71847
72132
72372
72331
72382
72439
72528
72530
72535
72584
69259
69262
69696
69691
69694
69621
69626
220786
220813
220823
216024
220803
220864
220868
215838
221137
219189
221176
220332
220580
220595
219111
220327
220361
220373
220388
220675
218407
220376
220036
220255
220267
220429
220430
220244
220030
220237
220231
220879
220328
215684
218191
219346
217996
219689
219372
219692
224933
219662
219672
219673
219364
219369
219348
219198
221128
221158
221198
221205
221141
221188
219218
219301
219303
219298
219310
216401
224370
216386
216396
216393
216397
216000
215667
224163
215599
215545
224703
215648
215649
215655
215782
215817
215549
215617
215622
215771
215889
215892
215803
215802
215884
215885
215913
215914
215935
215937
215952
215956
217305
215454
215540
215543
222420
216092
216094
222431
224800
222370
222413
222407
216009
216010
216107
222429
219856
222346
219644
224124
219849
219873
219884
219863
219868
222351
215516
215487
215514
223731
223733
223525
223523
223514
223488
223495
223454
215501
223377
223483
223478
224467
149843
151836
149846
150439
147100
147121
147126
147197
151952
151956
151989
147008
150471
147022
147084
150444
150451
147103
147102
150449
147204
147207
151987
151848
147997
148001
148119
148122
148123
212924
212926
214668
212976
212983
214670
212988
212984
212994
198643
198644
198646
171426
171430
171577
171582
162353
159277
159283
159280
159285
159180
159185
159276
159166
159313
159322
159324
159453
159463
159468
159483
159627
159690
159632
213390
213386
213032
212978
213023
213024
213010
213015
170954
171378
171394
171395
171405
171414
170884
170886
170853
170963
97870
97900
97901
97903
97895
95258
95286
95300
95302
95438
95400
95405
95391
95401
95402
95450
97962
97908
97914
97916
41942
49849
98783
98785
98874
98880
98842
98872
93367
93370
100130
100168
98676
98677
98792
98811
98714
98722
98788
98789
98699
98705
98716
98719
97886
97891
97892
97849
102536
98357
97977
98066
97971
97974
98068
98080
98090
98093
98096
98350
98351
98361
98665
98392
98396
98402
98416
42450
43491
43510
43513
43518
42065
42337
42358
42363
42372
42435
42067
43517
43629
43636
43637
43672
43664
43652
43800
38657
43834
43842
43844
42563
43232
43234
43253
42206
43264
43424
43426
43437
43462
43465
43469
45229
45268
45269
43660
43648
43661
43592
43562
43585
43588
43568
43569
43599
43605
43615
43730
43734
43816
43809
43812
44494
45457
45459
45564
45473
45575
45578
45580
45594
45619
45601
45603
45622
44493
125924
125935
125930
125936
125639
125644
125649
126225
126109
126111
126128
126434
126432
126439
45276
45282
45377
45385
45504
45508
45381
45393
45397
45399
125165
125144
125142
125148
125197
125211
45146
125154
125162
125232
125253
45347
45311
45306
45330
45349
125908
125910
45493
45494
45554
45278
45283
45495
45498
45505
45534
45535
45539
45650
45663
45660
126272
126288
126296
126309
126391
126399
126386
126392
126385
126361
126360
126350
128592
128597
126353
128753
128754
128758
128795
128802
128809
128816
128830
128883
128888
128991
123560
129019
129051
120655
120660
120665
120671
128986
128999
128934
129022
128995
129004
129025
129044
129216
129224
129067
129069
120757
120764
120765
120758
120831
120830
120833
120797
120814
120821
120825
120881
68561
68634
120921
120922
120924
121504
68635
120925
120890
120903
120920
68714
68725
68727
68733
68734
68752
68756
68760
69134
69137
69152
69132
69154
69198
69205
69206
69209
69219
69220
69222
69223
69169
72623
69631
78483
78772
69378
69383
69477
69479
69541
69418
69423
69426
69440
69484
69483
69544
69078
69482
69493
69481
71623
71627
71630
71795
71815
71866
