688
156844 156843 1447
156844 156845 517
156858 156893 782
156850 156851 347
156850 156860 796
156850 156863 673
156859 156860 667
156859 156893 3469
156598 156599 906
156598 156664 505
156666 156667 1579
156666 156707 751
156701 156708 372
156657 156656 1206
156657 156709 758
156866 156864 848
156866 156873 1121
156866 156957 1604
156875 156876 238
156853 156852 1114
156853 156879 1182
156886 156878 2208
156865 156864 3121
156865 156953 1388
156675 156676 1293
156675 156987 2422
156952 156951 713
156952 156988 1307
156635 156636 984
156635 156636 984
156911 156907 1719
156911 156917 2299
156699 156698 976
156699 156937 940
156945 156937 1116
156945 156971 355
156981 158415 1440
177491 177495 782
177509 177495 1781
177509 177511 778
177493 177492 783
177493 177518 1856
177387 177367 667
177517 177518 782
177324 177317 464
177324 177325 2224
177360 177361 562
177360 177362 1603
177363 177362 673
177365 177366 893
177365 177367 850
177389 177383 2391
177389 185340 3229
176728 176727 517
176728 176729 1063
176733 176722 847
176733 176749 1022
176734 176735 851
174908 174907 1472
176749 176733 1022
176749 176750 1103
165870 165886 879
165867 165888 1382
165884 165890 1546
165623 165624 848
165623 165924 1182
165883 165892 1414
165570 165556 747
165570 165574 1420
165573 165574 713
165573 165577 1340
165575 165577 713
165575 165634 1420
165633 165634 688
165633 165642 1261
165651 165642 890
165651 165657 1261
165624 165623 848
165624 165650 1065
164830 164829 890
165553 164829 710
165553 165520 848
165553 165554 1459
165556 165554 924
165556 165570 747
165556 165578 1537
167695 167694 1747
167695 167763 1124
167717 167700 72
167717 167718 674
167717 172502 2376
167785 167788 237
167683 167682 872
167683 167684 1447
167684 167666 713
167684 167683 1447
167576 167575 1161
167576 167626 2097
167664 167665 1919
167664 167671 600
165476 165477 1505
165476 165478 747
165506 165507 1582
167442 167445 796
165477 165476 1505
165477 165480 828
165495 165454 1641
167450 167445 1636
167450 167449 796
167450 167451 710
167451 167450 710
167451 167452 767
167471 167452 672
167471 167470 767
167447 167446 238
167447 167453 436
167470 167453 688
167470 167471 767
167526 167524 630
167526 167853 1258
167537 167535 815
167537 172891 850
167541 167542 879
167541 167870 713
165882 165899 1458
165880 165889 1459
165901 165900 1023
165901 165979 1154
165906 165905 476
165906 165974 736
165969 165970 202
165969 165975 976
165976 165978 650
165989 165998 606
167444 165993 456
165992 165990 339
164832 164831 751
164832 165519 1261
164855 164922 713
164855 164929 1145
164931 164929 650
164931 165519 951
164931 165552 1340
213230 213229 469
213230 213237 538
213235 213229 665
213235 213236 866
212508 213251 164
213241 213240 894
213241 213242 766
213240 213241 894
213240 213245 961
212560 212562 1007
212560 212563 1935
212561 212563 1007
212561 212577 901
212561 212580 2609
212577 212561 901
212577 212579 2700
212578 212579 791
164630 164631 1053
164882 164887 672
164888 164887 1744
164888 164895 782
164897 164898 159
164896 164887 791
164896 164898 277
164607 164608 1293
164607 172438 276
172156 172157 924
172156 172158 940
164922 164855 713
164922 164930 1105
164926 164930 713
164926 164933 1420
164934 164933 713
164934 165668 1459
165669 165668 713
165669 165678 1459
164944 164945 476
164944 165678 713
165683 165681 1616
165683 165685 713
164973 164968 951
165685 165683 713
165685 165701 829
165685 165703 688
164961 164962 1438
164961 164965 782
114243 114242 2995
114243 114244 974
114242 114240 1205
114242 114243 2995
114260 114240 787
114287 114290 945
114291 114290 870
114291 114294 787
113965 113966 686
113965 113967 375
113968 113967 877
114000 113996 1805
114000 114127 937
114126 114125 1014
114126 114134 2094
114147 114095 1222
114147 114165 1004
114179 114165 590
114179 114180 974
118829 119285 3117
118829 119286 549
118842 118843 700
118842 118845 3117
118845 118643 402
118845 118842 3117
119228 119232 111
119235 119234 883
119237 119233 1670
119237 119253 596
119237 119301 2274
119308 119317 2042
119318 119319 649
119230 119216 1872
119230 119231 1275
118581 118582 395
118581 119111 251
119060 119058 1128
119024 119023 1205
119024 119085 1137
119024 119090 782
119066 119067 641
119066 119084 1875
119014 119015 2202
119014 119095 2237
119099 119095 433
119099 119098 1898
119099 119100 705
119100 119099 705
119100 119104 2101
119109 119103 847
119015 119014 2202
119096 119098 748
93134 93135 373
93135 93134 373
108398 107248 2790
107248 108398 2790
108475 108476 836
108476 108475 836
108623 108622 1032
108622 108623 1032
92979 92981 1780
92981 92979 1780
93093 93095 1124
93095 93093 1124
93111 93115 3495
93115 93111 3495
93099 93027 1905
93027 93099 1905
92485 92481 1224
92481 92485 1224
92698 92705 1457
92705 92698 1457
114093 114095 3008
114166 114095 844
114164 114163 664
114163 114164 664
114163 114165 139
114277 114284 474
114284 114277 474
109400 109396 802
109396 109400 802
104025 104023 201
104023 104025 201
104070 104086 1008
104086 104070 1008
39257 39258 2879
39258 39257 2879
38187 38191 1411
38191 38187 1411
38431 38436 673
38436 38431 673
38453 38456 1004
38468 38467 796
38467 38468 796
38456 38453 1004
38589 40344 418
40344 38589 418
40351 40355 1258
40355 40351 1258
40697 40711 2424
40711 40697 2424
41567 41570 2613
41570 41567 2613
41573 47659 2481
47726 47734 796
47735 47734 865
47734 47726 796
47734 47735 865
47659 41573 2481
47739 47744 773
47744 47739 773
48093 48062 1901
48062 48093 1901
48037 48039 879
48039 48037 879
48154 48155 1025
48155 48154 1025
47483 47485 1546
47485 47483 1546
130731 130735 1124
130735 130731 1124
131604 131608 1892
131608 131604 1892
131621 131626 948
131626 131621 948
132219 132218 371
132265 132273 1439
132218 132219 371
132273 132265 1439
54306 54305 928
54315 54305 279
54305 54306 928
54305 54315 279
140413 140410 302
140410 140413 302
140499 140504 2334
140504 140499 2334
143308 139782 240
143526 143522 987
142839 142832 898
142832 142839 898
143794 143793 658
143793 143794 658
143719 143715 1082
143715 143719 1082
143522 143526 987
143728 143521 604
143521 143728 604
142864 142863 2572
142863 142864 2572
139782 143308 240
144810 144816 621
144816 144810 621
144919 144864 981
144861 144880 1605
144864 144919 981
144880 144861 1605
144880 144881 669
144881 144880 669
204642 204643 845
204643 204642 845
145071 145072 812
145072 145071 812
145654 145655 1682
145655 145654 1682
167574 167575 713
167599 167598 951
152656 152665 951
152665 152656 951
152667 152668 848
152680 152681 650
152668 152667 848
152668 152675 697
152675 152668 697
152681 152680 650
153551 153554 1284
153554 153551 1284
168520 168519 202
168519 168520 202
167598 167599 951
167607 167606 1032
167606 167607 1032
168462 167770 1704
167770 168462 1704
180052 180054 2900
180054 180052 2900
179963 179991 893
179991 179963 893
152855 152856 421
152856 152855 421
152792 152791 871
152791 152792 871
152768 152767 1268
152767 152768 1268
153222 153220 758
153220 153222 758
153218 153235 600
153235 153218 600
156099 156100 789
156100 156099 789
156584 156573 782
156573 156584 782
155848 155849 2152
155849 155848 2152
173069 173071 931
173071 173069 931
173123 173126 504
173126 173123 504
178070 178069 252
178069 178070 252
177341 177561 667
177561 177341 667
177572 177573 373
177573 177572 373
160211 156538 766
156538 160211 766
156597 156599 630
156843 156844 1447
156845 156844 517
156893 156858 782
156893 156859 3469
156851 156850 347
156851 156852 400
156860 156850 796
156860 156859 667
156863 156850 673
156599 156597 630
156599 156598 906
156664 156598 505
156664 156667 436
156667 156664 436
156667 156666 1579
156707 156666 751
156708 156701 372
156656 156657 1206
156709 156657 758
156864 156865 3121
156864 156866 848
156873 156866 1121
156957 156866 1604
156876 156875 238
156876 156878 562
156852 156851 400
156852 156853 1114
156852 156879 1855
156879 156852 1855
156879 156853 1182
156879 156878 778
156878 156876 562
156878 156879 778
156878 156886 2208
156953 156865 1388
156953 156951 906
156676 156675 1293
156676 156987 1604
156987 156675 2422
156987 156676 1604
156951 156952 713
156951 156953 906
156988 156952 1307
156636 156635 984
156636 156635 984
156907 156911 1719
156917 156911 2299
156698 156699 976
156937 156699 940
156937 156945 1116
156971 156945 355
158415 156981 1440
177495 177491 782
177495 177492 782
177495 177509 1781
177511 177492 1698
177511 177509 778
177511 177518 893
177492 177493 783
177492 177495 782
177492 177511 1698
177518 177493 1856
177518 177511 893
177518 177517 782
177367 177365 850
177367 177387 667
177317 177324 464
177325 177324 2224
177361 177360 562
177362 177360 1603
177362 177363 673
177366 177365 893
177383 177389 2391
185340 177389 3229
176727 176728 517
176729 176728 1063
176722 174907 3153
176722 176733 847
176735 176734 851
174907 174908 1472
174907 176722 3153
176750 176749 1103
165886 165870 879
165888 165867 1382
165890 165884 1546
165890 165892 751
165924 165623 1182
165892 165883 1414
165892 165890 751
165574 165570 1420
165574 165573 713
165574 165578 818
165577 165573 1340
165577 165575 713
165634 165575 1420
165634 165633 688
165642 165633 1261
165642 165651 890
165657 165651 1261
165650 165624 1065
164829 164830 890
164829 164831 837
164829 165553 710
165520 164831 906
165520 165519 688
165520 165553 848
165554 165553 1459
165554 165556 924
165578 165556 1537
165578 165574 818
167694 167695 1747
167763 167695 1124
167700 167717 72
167718 167717 674
172502 167717 2376
167788 167785 237
167682 167683 872
167666 167665 796
167666 167684 713
167575 167574 713
167575 167576 1161
167626 167576 2097
167665 167664 1919
167665 167666 796
167671 167664 600
165478 165476 747
165478 165507 309
165507 165478 309
165507 165506 1582
167445 167442 796
167445 167450 1636
165480 165477 828
165454 165495 1641
167449 167450 796
167452 167451 767
167452 167453 683
167452 167471 672
167446 167447 238
167446 167853 906
167453 167447 436
167453 167452 683
167453 167470 688
167524 167526 630
167853 167446 906
167853 167526 1258
167535 167537 815
167535 167870 934
172891 167537 850
167542 167541 879
167870 167535 934
167870 167541 713
165899 165882 1458
165889 165880 1459
165900 165901 1023
165979 165901 1154
165979 165978 606
165905 165906 476
165974 165906 736
165974 165975 619
165970 165969 202
165975 165969 976
165975 165974 619
165978 165976 650
165978 165979 606
165998 165989 606
165993 167444 456
165990 165992 339
164831 164829 837
164831 164832 751
164831 165520 906
165519 164832 1261
165519 164931 951
165519 165520 688
164929 164855 1145
164929 164930 848
164929 164931 650
165552 164931 1340
213229 213230 469
213229 213235 665
213229 213236 674
213237 213230 538
213236 213229 674
213236 213235 866
213251 212508 164
213242 213241 766
213245 213240 961
212562 212560 1007
212563 212560 1935
212563 212561 1007
212580 212561 2609
212580 212579 914
212579 212577 2700
212579 212578 791
212579 212580 914
164631 164630 1053
164887 164882 672
164887 164888 1744
164887 164896 791
164895 164888 782
164898 164896 277
164898 164897 159
164608 164607 1293
172438 164607 276
172157 172156 924
172158 172156 940
164930 164922 1105
164930 164926 713
164930 164929 848
164933 164926 1420
164933 164934 713
165668 164934 1459
165668 165669 713
165678 164944 713
165678 165669 1459
164945 164944 476
165681 165683 1616
164968 164973 951
165701 165685 829
165703 165685 688
164962 164961 1438
164965 164961 782
114244 114243 974
114240 114242 1205
114240 114260 787
114290 114287 945
114290 114291 870
114290 114294 1093
114294 114290 1093
114294 114291 787
113966 113965 686
113967 113965 375
113967 113968 877
113996 114000 1805
114127 114000 937
114127 114125 753
114125 114126 1014
114125 114127 753
114134 114126 2094
114095 114093 3008
114095 114147 1222
114095 114166 844
114165 114147 1004
114165 114163 139
114165 114179 590
114180 114179 974
119285 118829 3117
119286 118829 549
118843 118842 700
118643 118845 402
119232 119228 111
119234 119233 695
119234 119235 883
119234 119319 2874
119233 119234 695
119233 119237 1670
119253 119237 596
119301 119237 2274
119317 119308 2042
119319 119234 2874
119319 119318 649
119216 119230 1872
119231 119230 1275
118582 118581 395
119111 118581 251
119111 119058 1185
119058 119060 1128
119058 119111 1185
119023 119024 1205
119085 119024 1137
119090 119024 782
119067 119066 641
119084 119066 1875
119095 119014 2237
119095 119099 433
119098 119096 748
119098 119099 1898
119098 119104 844
119104 119098 844
119104 119100 2101
119104 119103 926
119103 119104 926
119103 119109 847
952
156844
156858
156850
156859
156598
156666
156701
156657
156866
156875
156853
156886
156865
156675
156952
156635
156911
156699
156945
156981
177491
177509
177493
177387
177517
177324
177360
177363
177365
177389
176728
176733
176734
174908
176749
165870
165867
165884
165623
165883
165570
165573
165575
165633
165651
165624
164830
165553
165556
167695
167717
167785
167683
167684
167576
167664
165476
165506
167442
165477
165495
167450
167451
167471
167447
167470
167526
167537
167541
165882
165880
165901
165906
165969
165976
165989
167444
165992
164832
164855
164931
213230
213235
212508
213241
213240
212560
212561
212577
212578
164630
164882
164888
164897
164896
164607
172156
164922
164926
164934
165669
164944
165683
164973
165685
164961
114243
114242
114260
114287
114291
113965
113968
114000
114126
114147
114179
118829
118842
118845
119228
119235
119237
119308
119318
119230
118581
119060
119024
119066
119014
119099
119100
119109
119015
119096
118981
119029
102205
94386
94392
94399
102910
94403
92166
92172
92162
92180
92186
94433
94436
94509
94514
94489
94507
92295
92466
92469
92472
92510
92553
92506
92508
93134
93135
93137
94088
107080
108116
108160
108171
109564
94152
105611
105609
107259
108201
108205
108158
107250
108176
108398
107472
108414
107248
107467
108430
108434
108438
108405
108475
108476
108542
108623
108618
108622
92979
92981
93093
93095
93101
92857
92862
93707
93710
93026
93111
93115
93787
93099
93027
93104
93130
92543
92546
92740
92741
92757
92759
92768
92544
92581
92586
92530
92557
94344
92560
92485
92481
92489
92492
92662
92663
92610
92782
92689
92691
92697
92698
92705
192684
192693
191400
191835
194401
191564
191844
191620
191624
191832
191056
191057
192637
191192
194288
192652
192663
192672
119223
114063
114093
114166
114164
114163
114334
114347
114277
114280
114282
114284
109240
109275
109277
109400
109438
109446
109396
109572
109440
109681
109675
109348
109649
109623
109729
109733
110006
110140
110002
110104
110159
110175
110190
110196
110193
112476
112478
110818
110258
110260
110759
110808
110275
110282
110290
111371
110223
110253
103863
103867
103966
103956
103960
103968
112851
112832
103950
103994
104035
104025
104023
112498
112557
112559
112563
112540
112757
112527
112566
110912
110919
110922
110835
112471
112521
112519
104294
104256
104042
104070
104067
104086
104003
104020
104710
104716
104715
104250
104259
39106
39108
39257
39258
39267
39289
37211
37202
37238
37105
37109
37116
37089
37090
38187
37207
38191
38363
38366
38429
38431
38436
38452
38453
38468
38550
38467
38456
38461
38552
38559
38555
38570
38586
38589
40344
40351
40355
38594
38881
40668
40660
40678
40677
40699
50317
40704
40697
39003
39007
39004
39015
40711
40763
38980
41575
41562
41567
41570
41573
47774
47778
47785
47792
47656
47658
47720
47726
47735
47734
47659
47739
47744
47773
47800
47810
47802
47766
47769
48093
48062
48063
48066
48084
48079
48086
47931
47932
48017
47919
47964
47967
48003
48011
48006
48009
47962
47976
48033
47993
48037
48039
48044
48088
48154
48155
47412
47464
47465
47467
47483
47485
47988
130530
47990
130727
130762
130768
130731
130735
130781
130784
131307
46266
130879
131310
131315
131314
130887
130903
130894
130901
131166
131170
131185
131195
131210
131278
131517
131205
131523
131528
131564
131567
131604
131608
125242
131621
131626
131706
131712
132219
132225
132229
132255
132265
132218
132273
54133
54137
54153
54131
54169
54161
54167
54285
54276
54241
54288
54306
54740
54744
54315
54305
150551
140300
140319
140413
140480
140410
140481
140486
140499
140504
141968
139781
143303
143308
143442
143441
143436
143455
143461
143585
143511
143589
143526
143525
143602
142838
142839
142845
142842
142832
143956
143794
143783
143793
143789
143776
143719
143724
143771
143703
143704
143715
143726
143522
143728
143521
142843
142879
142864
142863
142873
142878
144893
144892
144895
142866
143178
143193
143200
143282
143285
139782
139786
144810
144816
144916
144919
144861
144864
144880
144881
204574
204582
204642
204644
204930
204935
204927
204643
204822
204939
204944
204947
207716
214413
144885
144887
145071
145072
145077
145179
145221
145230
145238
145240
145242
145631
145654
145655
146607
146608
146623
146670
146672
146680
146873
146877
146844
146915
146924
209545
209653
209415
167574
167599
152656
152665
152667
152680
152668
152675
152681
152795
153551
153594
153532
153554
152069
153525
162508
152648
162511
168520
168504
168519
168449
167598
167607
167606
167643
167618
167610
167658
167704
168462
167767
167770
177692
178607
178633
178639
178648
180052
180054
179780
179758
179950
179963
179992
179991
180005
172252
152852
152854
152855
152856
152858
152786
152792
152803
152789
152791
152817
152821
152746
152835
172258
152768
172250
152767
152771
152783
152838
153222
153216
153220
153218
153235
153236
153239
153309
156099
156102
156109
156100
156104
156117
156119
156162
156160
156584
156573
153311
153340
153355
153445
153383
153431
153367
153488
154855
153407
155848
155917
155919
155849
155884
153508
153506
153512
153519
155894
154852
155870
155892
155896
155885
176626
185281
172979
172990
172982
186153
179996
180023
180000
172988
173021
178540
181842
177751
177753
178195
185518
173240
173238
173254
178550
173069
173071
172972
173123
173126
178060
178070
178069
178173
178169
178179
178192
173257
173270
174771
174881
185506
173465
173468
174948
177341
177344
177345
177561
177562
177352
176605
177570
177572
177573
176614
176610
156380
176615
176618
177303
156512
160198
156515
160215
160217
160211
160220
156504
156538
156398
156403
156463
156467
156481
156596
156597
156494
156847
156843
156893
156860
156863
156599
156664
156667
156707
156656
156864
156873
156957
156876
156953
156676
156987
156951
156988
156636
156907
156917
156698
156937
158415
177317
177362
177383
176727
176729
176722
174907
165886
165890
165924
165892
165574
165577
165634
165642
165657
165650
165520
165554
165578
167694
167763
167700
167718
172502
167788
167682
167666
167575
167626
167665
167671
165478
167445
165480
165454
167449
167446
167524
167535
167542
167870
165900
165979
165978
165998
165993
165990
165519
164929
165552
213229
213237
213236
213251
213242
213245
212562
212563
212580
212579
164631
164895
164898
172438
164930
164933
165668
165678
164945
165681
164968
165701
164962
164965
114240
114294
113966
113967
113996
114127
114125
114095
114165
119286
118843
118643
119232
119233
119253
119301
119317
119319
119216
118582
119058
119023
119085
119090
119084
119095
119104
119103
