514
102206 94414 3108
102206 102207 1238
94412 94382 7137
94412 94415 4870
94414 102206 3108
94414 102212 1806
92259 92260 628
92259 92263 1065
92281 92283 770
92264 92256 2838
92264 92262 4306
92267 92268 3170
92267 92271 1693
92282 94476 611
92282 94477 696
94462 94461 1391
94462 94463 710
115804 115805 3297
115804 115806 871
115816 115829 876
115818 92500 201
115818 115828 729
92398 92399 746
92398 92400 707
92404 92403 2475
92407 92408 1583
92407 92409 1792
92408 92407 1583
92408 92409 1166
92317 92319 1809
92317 92320 1006
92325 92499 252
92325 92500 3260
105804 105803 1139
105804 116052 924
107032 107033 1444
107032 107063 2266
107064 107061 923
107090 107089 950
107090 107182 1205
93206 93190 2603
107057 107058 12672
107059 107058 16494
107088 107089 1077
107088 107104 2920
107105 107098 1191
107105 107104 826
107212 107205 1700
107212 107213 2277
107126 107127 1542
107121 107122 1465
107121 107214 5354
107420 107214 1077
107454 108492 1031
107435 107433 2706
107435 107455 1124
107421 107422 1061
107421 107503 1161
107500 107501 1004
107500 107522 2041
107517 107541 1014
107517 109481 2434
109495 109496 1800
109495 109498 4017
92897 92898 1375
92972 92954 718
92972 92971 3347
92972 102769 5599
93038 93040 1139
93039 93045 611
93046 93045 1077
93046 93054 808
92953 92954 1113
92789 92788 3101
92806 101988 1193
92792 92791 515
116009 105763 1360
116009 116010 1493
115789 115790 5194
115789 115791 1120
115838 115839 2535
115841 115832 884
115841 115844 825
115832 115833 746
115832 115841 884
115832 115860 675
191787 191540 2444
191018 190861 1930
191018 191019 363
190891 192004 1289
190891 194162 252
190892 192004 380
190892 194160 620
191681 191658 3314
191681 191682 433
191658 191659 845
191658 191681 3314
192133 192076 1754
191717 191703 183
191728 192740 3182
191747 191491 522
192746 192747 379
191892 191540 5958
191892 192007 1202
194144 194146 616
194144 194147 1087
191569 191570 622
191569 191894 478
191916 191851 1352
191842 191857 2775
191918 191867 380
191937 191869 1049
191937 194029 1189
191770 191634 2403
193842 193843 341
192738 192769 86
192738 194064 470
194016 194022 427
194016 194025 2158
192769 192738 86
192769 192756 1697
192757 192756 1853
194023 191041 71
194023 191042 110
194063 191041 737
194063 194074 1056
190966 194251 1783
192707 192702 4466
192724 192725 646
192724 192726 487
194250 192725 1562
192807 192806 1676
114072 114073 747
114072 114108 946
114091 114089 1896
114091 114092 1291
114108 114072 946
114108 114105 1004
114406 114407 649
114368 114369 445
114368 114370 502
114719 114373 514
114729 114374 510
114729 114376 840
109465 109466 220
109465 113907 327
109480 109372 7065
113898 113896 479
113898 113896 479
109418 109419 3038
109418 109432 610
109517 109513 1344
109900 109925 1025
109925 109900 1025
109925 109923 847
109923 109925 847
105187 111021 893
111022 111021 662
111021 105187 893
111021 111022 662
111027 111033 611
111033 111027 611
111316 111329 750
111329 111316 750
111257 111331 1008
111331 111257 1008
103349 103348 704
103348 103349 704
103348 111356 948
111356 103348 948
111524 111522 222
111522 111524 222
104313 104167 927
104167 104313 927
39209 39206 887
39206 39209 887
39509 39512 3010
39512 39509 3010
39202 39201 924
39179 39180 1114
39180 39179 1114
39201 39202 924
104807 104808 536
104808 104807 536
104900 104910 737
104910 104900 737
104856 104860 750
104605 104606 836
104606 104605 836
104860 104856 750
39325 39333 2186
39333 39325 2186
39408 39426 738
39426 39408 738
40448 40471 2138
40471 40448 2138
40566 40437 3411
40437 40566 3411
55190 55181 3830
55236 56340 1759
56340 55236 1759
41622 41624 476
41624 41622 476
48555 48557 684
48358 48363 984
48363 48358 984
41629 41632 2341
41632 41629 2341
48557 48555 684
48703 48706 928
48706 48703 928
48880 48881 2482
48881 48880 2482
131506 131493 848
131493 131496 747
131493 131506 848
131497 131496 747
131511 131510 951
131496 131493 747
131496 131497 747
131510 131511 951
131831 131832 429
131832 131831 429
54517 54519 2353
54592 54640 1811
54519 54517 2353
54640 54592 1811
53942 53949 3358
53949 53942 3358
55181 55190 3830
144505 144494 2428
144505 144509 2476
144509 144505 2476
150494 150492 628
150492 150494 628
150641 150643 370
150643 150641 370
150694 150706 1345
150645 150706 982
150706 150645 982
150706 150694 1345
140275 140280 705
140280 140275 705
140448 141872 2521
144494 144505 2428
141872 140448 2521
141911 141912 810
141912 141911 810
141938 141936 894
141936 141938 894
142641 142636 866
142636 142635 885
142636 142641 866
142635 142636 885
142079 142589 2083
142589 142079 2083
144782 144789 657
142773 142778 1084
142778 142773 1084
144789 144782 657
204860 204861 802
204861 204860 802
204861 204870 765
204870 204861 765
144563 144562 278
144715 145035 750
144562 144563 278
145035 144715 750
145128 145126 564
145126 145128 564
145556 145601 722
145601 145556 722
145688 145689 732
145689 145688 732
145689 145692 827
145692 145689 827
145799 145800 765
145803 145793 734
145793 145803 734
145800 145799 765
203842 203841 594
203841 203842 594
208695 208694 1141
204849 204850 1823
204850 204849 1823
208715 208714 776
208694 208695 1141
208714 208715 776
211165 211164 164
211164 211165 164
211177 211332 1094
211332 211177 1094
211356 211357 1406
167327 167356 1485
167356 167327 1485
167547 167549 1200
167549 167547 1200
166781 166797 758
166797 166781 758
172485 167057 893
167057 172485 893
180371 180370 737
180365 180364 672
180370 180371 737
180364 180365 672
180359 179654 2280
179654 180359 2280
182188 182196 1496
182196 182188 1496
152958 152959 575
152959 152958 575
153134 153136 1104
155702 155786 3372
155965 155970 751
155692 155972 667
155970 155965 751
155972 155692 667
155786 155702 3372
153136 153134 1104
176188 176189 758
176189 176188 758
155643 155644 758
155644 155643 758
177237 177223 1009
177223 177237 1009
177204 177203 873
177203 177204 873
177212 177211 2047
177211 177212 2047
176816 176818 1578
176818 176816 1578
165276 165275 2007
165275 165276 2007
167386 167322 818
167322 167386 818
165162 165170 752
165170 165162 752
164820 164825 924
164825 164820 924
164755 164754 672
164754 164755 672
211378 211384 612
211384 211378 612
211215 211218 753
211218 211215 753
212207 212211 623
212211 212207 623
211357 211356 1406
114188 114196 835
114196 114188 835
114944 114854 2418
114854 114944 2418
102207 102206 1238
94382 94412 7137
94415 94412 4870
102212 94414 1806
92260 92259 628
92263 92259 1065
92263 92262 672
92283 92281 770
92256 92264 2838
92262 92263 672
92262 92264 4306
92268 92267 3170
92271 92267 1693
94476 92282 611
94476 94477 846
94477 92282 696
94477 94476 846
94461 94462 1391
94463 94462 710
115805 115804 3297
115806 115804 871
115829 115816 876
92500 92325 3260
92500 115818 201
115828 115818 729
92399 92398 746
92400 92398 707
92403 92404 2475
92409 92407 1792
92409 92408 1166
92319 92317 1809
92320 92317 1006
92499 92325 252
105803 105804 1139
116052 105804 924
107033 107032 1444
107063 107032 2266
107061 107064 923
107061 107182 2927
107089 107088 1077
107089 107090 950
107182 107061 2927
107182 107090 1205
93190 93206 2603
107058 107057 12672
107058 107059 16494
107104 107088 2920
107104 107105 826
107098 107105 1191
107205 107212 1700
107213 107212 2277
107127 107126 1542
107122 107121 1465
107214 107121 5354
107214 107420 1077
108492 107454 1031
107433 107435 2706
107455 107435 1124
107422 107421 1061
107503 107421 1161
107501 107500 1004
107522 107500 2041
107541 107517 1014
109481 107517 2434
109496 109495 1800
109496 109498 2580
109498 109495 4017
109498 109496 2580
92898 92897 1375
92954 92953 1113
92954 92972 718
92971 92972 3347
102769 92972 5599
93040 93038 1139
93045 93039 611
93045 93046 1077
93054 93046 808
92788 92789 3101
101988 92806 1193
92791 92792 515
105763 116009 1360
116010 116009 1493
115790 115789 5194
115791 115789 1120
115839 115838 2535
115844 115841 825
115844 115860 818
115833 115832 746
115833 115860 1031
115860 115832 675
115860 115833 1031
115860 115844 818
191540 191787 2444
191540 191892 5958
190861 191018 1930
191019 191018 363
192004 190891 1289
192004 190892 380
194162 190891 252
194160 190892 620
191682 191681 433
191659 191658 845
192076 192133 1754
191703 191491 1346
191703 191717 183
192740 191728 3182
191491 191703 1346
191491 191747 522
192747 192746 379
192007 191892 1202
194146 194144 616
194147 194144 1087
191570 191569 622
191570 191894 954
191894 191569 478
191894 191570 954
191851 191916 1352
191857 191842 2775
191867 191918 380
191869 191937 1049
194029 191937 1189
191634 191770 2403
193843 193842 341
194064 192738 470
194022 194016 427
194025 194016 2158
192756 192757 1853
192756 192769 1697
191041 191042 51
191041 194023 71
191041 194063 737
191042 191041 51
191042 194023 110
194074 194063 1056
194251 190966 1783
192702 192707 4466
192725 192724 646
192725 194250 1562
192726 192724 487
192806 192807 1676
114073 114072 747
114089 114091 1896
114092 114091 1291
114105 114108 1004
114407 114406 649
114369 114368 445
114370 114368 502
114370 114373 1934
114373 114370 1934
114373 114374 1477
114373 114719 514
114374 114373 1477
114374 114729 510
114376 114729 840
109466 109465 220
113907 109465 327
109372 109480 7065
113896 113898 479
113896 113898 479
109419 109418 3038
109432 109418 610
109513 109517 1344
971
102206
94412
94414
92259
92281
92264
92267
92282
94462
115804
115816
115818
92398
92404
92407
92408
92317
92325
105804
107032
107064
107090
93206
107057
107059
107088
107105
107212
107126
107121
107420
107454
107435
107421
107500
107517
109495
92897
92972
93038
93039
93046
92953
92789
92806
92792
116009
115789
115838
115841
115832
191787
191018
190891
190892
191681
191658
192133
191717
191728
191747
192746
191892
194144
191569
191916
191842
191918
191937
191770
193842
192738
194016
192769
192757
194023
194063
190966
192707
192724
194250
192807
114072
114091
114108
114406
114368
114719
114729
109465
109480
113898
109418
109517
109793
109824
113958
109812
109895
109900
109925
109908
109923
111024
111030
110146
105187
111022
109911
109890
109891
111004
111021
111027
111033
110979
111071
111082
111073
111075
111077
111316
111329
111257
111331
111283
111291
103349
111292
111359
111501
111497
103348
111356
111524
111522
111528
111513
111633
111632
111631
111688
111643
111628
111619
111630
111437
111439
111447
111648
110834
111664
104135
104137
104147
104148
104120
105736
112880
112736
104142
104313
104167
104342
104352
104366
39209
39206
39507
39519
39509
39512
39546
39518
39189
39202
104238
104733
104734
104779
104282
104287
39179
39169
39180
39201
104807
104845
104849
104376
104380
104808
104898
104900
104910
104856
104605
104606
104602
104860
39279
39323
39325
39331
39333
39360
39410
39361
39367
39398
39408
39423
39426
39431
39493
40450
40452
40470
40602
40448
40471
40278
40477
40599
40311
40293
40373
40566
40437
40569
50408
40589
40822
40841
40845
40850
40904
40906
40575
40571
40811
40813
55190
55237
55236
56340
55423
41618
41622
41624
40815
48379
48382
48456
48465
48532
49624
48546
48555
48355
48358
48363
48374
41629
41632
48352
48557
48579
48701
48707
48703
48718
48830
48570
48572
48583
48706
48833
48838
48854
48856
48857
48874
48880
48881
48841
48230
48990
48991
49010
49013
48282
131364
131365
49590
48389
131368
131384
131475
131473
131506
131493
131497
131511
131496
131510
131516
131747
131773
131831
131832
131840
131852
54366
54413
54403
54452
54457
54469
54472
54517
54550
54553
54556
54570
54586
54592
52950
56338
56339
54686
54519
54522
54526
54722
54729
54640
53893
56639
53941
53942
53949
53963
52853
55180
55181
144505
144509
150494
150502
150492
150505
150641
150643
150694
150645
150706
140290
150734
140274
146928
140275
140280
140367
140382
140434
140435
140444
140447
140448
142547
144494
141872
141881
141911
141912
141928
141938
141887
141895
141897
141936
141901
141951
141953
151750
142086
142112
142116
142126
142106
142641
142636
142082
142104
142635
143267
142066
142067
142075
142079
142589
142592
142616
142623
142737
142738
142739
142742
142743
144499
142550
144503
144782
142773
142778
142779
144784
144789
144793
56354
56355
204522
204529
204544
196122
204772
204732
204791
204798
204808
204860
204859
204861
204868
204870
144554
144559
144716
144563
144715
144562
144567
145035
145040
145039
145044
145055
145109
145128
145126
145127
145497
145527
145539
145550
145553
145556
145601
145675
145688
145689
145692
145799
145802
145803
145793
145883
145884
145695
145888
145800
145848
145858
145871
145874
146082
146088
146105
146107
151481
149092
151658
151573
151572
146114
146116
203842
204461
203841
214419
215023
208649
214862
214651
208695
204849
204850
214213
205282
208747
208715
208693
208694
208714
208721
208736
208771
208742
208743
211115
211118
211138
211175
211165
211164
211177
211332
211333
211356
180418
180429
180451
166583
166585
167327
167356
166566
167547
167549
167346
167554
167368
166742
152580
162529
167237
167245
152542
152546
152544
167111
167128
167123
167244
167240
167258
172178
166781
166788
166797
166736
166784
166774
167039
167025
172485
167057
167064
167083
167095
152425
152429
152433
162537
152436
178863
180083
180371
180365
180370
180364
180359
179671
179654
180151
180163
173563
182332
182340
182073
182075
182107
182114
182091
182093
182100
182105
182188
182196
182194
182275
182276
182289
182285
152355
152952
152954
152956
152958
152934
152983
152994
153000
152481
152700
152731
152720
152388
152372
152988
153148
152356
152959
152961
152385
152380
152448
152486
153093
153134
155737
155702
155778
155965
155692
155789
155970
155972
155786
155753
155756
153096
153098
153366
153136
153206
153145
172876
153193
172879
153210
153417
173534
173535
175127
173544
173546
173554
173681
173158
173208
173210
183024
173171
185423
174762
174830
185439
185704
186068
152920
153109
153047
153111
153088
153080
153058
155479
155473
176126
176146
156238
156245
156253
156255
176175
176188
176189
156259
176534
176530
176151
176153
155659
156064
155647
152907
155682
155686
156295
156335
156274
156315
156303
156326
156328
156055
156307
156312
155643
155676
155688
155646
155644
155540
155597
155601
155604
177119
177138
177144
177051
177058
177237
177221
177223
177132
177129
177204
177203
177208
177195
177206
177212
177211
176221
176223
176231
176144
176212
176216
176225
176960
177199
177229
175016
176825
176856
176862
173876
174938
175002
175008
174892
174895
176766
176816
176818
165096
165348
165351
165339
165366
165281
165276
165275
165434
167338
167291
167321
167386
167300
167322
165110
165116
165172
165106
165108
165162
165146
165159
164806
164827
164849
165526
165181
165154
165336
165333
165356
165235
165386
165191
165403
165401
165410
165170
164808
164819
164820
164783
164825
164755
164668
164761
164752
164758
164749
164754
211378
211384
211392
211484
211510
211132
211186
211190
214690
211189
211214
211215
211218
211381
211478
211481
211515
211536
211542
211565
198906
211572
211576
211578
212207
212211
212212
212245
212268
212274
211357
212468
212473
212524
160144
160146
164587
164510
172436
212538
212540
212259
212265
212448
212469
114332
114311
113851
114223
114431
114425
113970
114194
114188
114196
114026
119209
119295
118559
119147
119384
119393
114944
115027
114854
92005
92004
92016
92021
92032
92066
92054
92115
92119
102207
94382
94415
102212
92263
92283
92256
92262
92271
94476
94477
94461
94463
115828
92400
92403
92409
92319
92320
92499
105803
107033
107063
107061
107089
107182
93190
107058
107104
107098
107205
107214
108492
107433
107455
107422
107503
107501
107522
107541
109481
109496
109498
92898
92954
92971
102769
93040
93054
92788
101988
92791
105763
115791
115844
115833
115860
191540
190861
191019
192004
194162
191682
191659
192076
191703
192740
191491
191570
191894
191851
191857
191867
191869
194029
191634
194025
192756
191041
194251
192702
192725
192726
192806
114073
114089
114105
114370
114374
114376
109466
113907
109372
113896
109419
109432
109513
