2160
246334 246326 1234
246334 246327 3065
246334 246330 1768
246327 246324 750
246327 246334 3065
246327 246361 1809
246362 246360 983
246362 246361 680
246330 246329 750
246330 246333 1947
246330 246334 1768
246333 246330 1947
246333 246331 434
246333 251405 782
251421 251408 473
251421 251422 604
251425 251426 611
246359 246357 809
246359 246360 835
246359 246369 1022
246479 246474 1077
246479 246480 835
246484 246481 871
246484 246536 1160
252563 252537 676
252563 252564 1234
252567 252566 2512
252570 252571 1008
246932 246546 4091
246932 246933 475
246933 246932 475
246933 246935 905
252473 252472 1097
252473 252477 1344
251802 251797 2063
251802 251803 2283
252530 251909 787
252530 252531 696
252711 252706 2752
252711 252714 1248
252720 252715 1375
252720 252719 847
253970 252725 3625
238481 238480 2924
238481 253971 1611
253966 253968 1222
253966 253969 1097
253967 253950 1768
253967 253974 1932
253934 253935 1504
253934 253949 511
253935 253934 1504
253935 253950 1061
254144 254143 1207
254144 254145 858
254096 254098 611
254099 254098 903
254158 254149 1225
254158 254155 2688
254162 254167 1114
254162 254168 1445
254169 254167 1972
254169 254170 511
254057 254054 950
254057 254056 713
254057 254175 1809
254182 254069 551
254182 254177 747
254182 254183 788
254183 254182 788
254183 254184 373
254157 254155 1114
254157 254167 1273
254152 254031 1611
254152 254056 788
254152 254154 1897
254772 254771 672
254772 254773 836
254776 254614 927
254788 254779 238
254788 256013 982
255998 255997 1398
255998 256000 750
256001 256000 2564
256001 256104 1671
254600 254599 884
254600 254611 1007
254612 254613 747
254612 254771 1282
254598 254546 1610
254598 254601 938
254599 254600 884
254599 254606 974
254599 254616 1974
254186 254184 473
254186 254191 1948
254357 254353 750
254357 254355 1031
254509 254191 473
254509 254355 1625
254336 254334 1139
254336 254363 511
254336 254390 7916
254533 254534 1340
254533 254535 1124
254545 254535 937
254545 254542 889
254545 254546 628
255995 255993 1715
255995 256006 1225
255986 255994 1408
255986 255997 373
255992 255994 1253
255993 255994 1298
255993 255995 1715
255993 255996 1300
263106 237903 423
263106 263731 1222
237896 237886 5266
237896 237954 812
237902 237903 3983
237902 262180 853
237898 237897 1377
237949 237947 4254
237952 237953 678
237956 237942 1325
237956 237950 1133
236710 236709 2814
236710 237937 2915
236670 263647 2101
236678 236652 7085
236678 237300 2794
236709 236710 2814
236709 236711 1149
237278 262188 2699
237207 237208 4826
237207 237260 291
237264 237263 1274
237273 237266 2697
237457 237459 256
237457 237459 256
237457 263161 11485
262144 262152 3372
262144 263149 2575
237479 237478 5035
237628 237544 6648
237634 261714 568
237660 261483 420
237665 237657 516
237665 237671 593
237799 237803 1700
237799 237804 2460
263159 263161 2764
263159 263162 817
239268 239262 1002
239268 239263 895
239268 239270 845
239274 239275 287
239277 239270 1456
239277 239281 1578
239320 239307 798
239320 250476 2680
239321 239322 1100
239321 239327 2238
239306 239305 3320
239306 239314 2028
239306 239318 1430
239462 239461 318
239473 262141 671
239410 261277 3409
237726 237721 976
237730 237725 642
237730 237729 730
237735 237733 1184
237735 237736 589
237734 237731 791
237734 239457 717
237727 237721 980
237703 237702 544
237703 237705 7345
237706 237716 977
237719 237716 1536
237719 237721 860
237710 237709 917
237710 237748 2625
237758 237756 924
237758 237757 809
237766 237759 1249
237766 237816 324
237748 237710 2625
237748 237762 1522
261138 261139 391
237657 237649 2885
237657 237665 516
237657 237675 108
239380 239379 923
239383 239384 3458
239373 239374 2502
239708 239709 1121
239712 239709 2211
239712 239714 1119
239713 239711 1028
239714 239711 2212
239714 239712 1119
239838 239884 679
239883 239884 419
239883 239886 335
239893 262722 10144
239908 239913 238
239908 247690 1278
239913 239908 238
239913 239914 1483
240000 240003 1872
240007 239992 875
240007 240003 796
240007 240010 957
240013 240009 640
240013 261869 1009
240035 240036 1222
240035 240037 928
240223 240224 1890
240223 240238 663
241071 264102 89
241031 241032 2612
241034 241035 914
263770 263771 1226
240217 240222 1318
240085 240076 2190
240599 240547 3691
240594 240589 1223
240594 240593 771
240604 240603 287
240627 240628 379
240627 240629 2693
241014 241015 1759
241014 241026 1292
241011 241015 480
245113 262304 8932
245113 262305 2959
241177 263071 985
241177 263072 541
241228 241227 1546
241228 241234 818
241228 241236 515
241230 241204 496
241209 241208 818
241198 241199 244
241198 241206 402
243778 241211 174
241231 241187 1220
241231 241234 1430
241234 241228 818
241234 241231 1430
241234 263507 411
241217 241215 419
241217 241218 452
241694 241693 604
241694 241696 1694
241694 241697 2203
241699 241701 1207
241700 241696 473
241700 241703 267
236298 236299 2452
236298 242116 746
240271 240270 881
242115 242116 344
242115 242117 1299
242117 242115 1299
242117 242146 2605
242117 242147 763
242102 242101 2633
242126 261279 3509
241414 241415 3167
242158 242159 1866
242158 242160 611
242160 242158 611
242160 242167 1530
242168 242167 787
242168 242171 1672
242173 242171 1356
242173 242174 548
241994 241283 707
241994 242330 1972
241050 241042 409
241050 241051 556
242340 242339 4857
242340 242344 746
242330 241994 1972
242330 242350 835
242331 242332 290
242331 242388 808
242409 242410 1833
242409 242417 1139
242296 242297 1747
242296 242321 825
242309 242315 1060
242312 262240 878
242200 263785 109
261280 242198 113
250173 250168 1424
250173 250174 2920
250178 250177 1635
250178 250179 1336
242294 242295 1462
242294 262252 2306
245986 242316 1618
245986 245987 577
242424 242417 1342
242438 242421 3616
242438 242426 983
242456 242449 2548
242456 242458 825
246197 246206 1248
246197 246207 1140
246198 246195 746
246198 246207 782
246195 246198 746
246195 246202 868
246226 246225 628
246346 246275 707
246346 246344 787
246346 246347 1234
246348 246275 1611
246348 246349 2043
246348 246350 868
246344 246342 562
246344 246346 787
246299 246290 3450
246301 246298 884
246301 246302 604
246349 246348 2043
246349 246354 1395
246349 246356 805
246278 246279 787
246278 246280 1139
246279 246278 787
246279 246281 1139
246464 246465 1101
246464 246478 737
246465 246461 649
246465 246464 1101
246474 246478 1014
246474 246479 1077
251417 251407 418
251417 251415 2472
251417 261599 1737
246326 246323 1248
246326 246324 2043
246326 246328 1395
246326 246334 1234
246324 246322 805
246324 246325 1631
246324 246326 2043
246324 246327 750
246361 246325 868
246361 246327 1809
246361 246358 1120
246361 246362 680
246360 246358 628
246360 246359 835
246360 246362 983
246329 246321 238
246329 246330 750
246329 246331 2035
246331 246329 2035
246331 246333 434
246331 251404 354
251405 246333 782
251405 251406 884
251405 251408 950
251408 251405 950
251408 251407 1114
251408 251421 473
251422 251421 604
251422 251426 434
251426 251422 434
251426 251425 611
246357 246356 750
246357 246358 1120
246357 246359 809
246357 246364 2789
246369 246359 1022
246369 246370 475
246369 246372 475
246480 246478 336
246480 246479 835
246480 246481 2015
246480 246482 2276
246481 246480 2015
246481 246483 1253
246481 246484 871
246536 246483 1006
246536 246484 1160
246536 246529 3153
252537 252534 1532
252537 252536 1466
252537 252563 676
252564 252536 750
252564 252563 1234
252566 252567 2512
252566 252568 2042
252566 252576 1161
252571 252570 1008
252571 252572 750
252571 252572 750
246546 246541 328
246546 246932 4091
246935 246933 905
252472 251809 628
252472 252473 1097
252472 252475 1000
252477 252473 1344
252477 252476 516
252477 252478 1778
251797 251787 1547
251797 251795 1533
251797 251802 2063
251803 246551 666
251803 251802 2283
251909 251905 9196
251909 252530 787
252531 252530 696
252531 252535 1196
252531 252538 344
252706 252704 737
252706 252711 2752
252714 252709 1351
252714 252711 1248
252714 252715 713
252715 252714 713
252715 252716 604
252715 252720 1375
252719 252698 7128
252719 252710 826
252719 252720 847
252719 252721 1139
252725 252726 1091
252725 252727 1014
252725 253970 3625
238480 238481 2924
238480 252741 4347
253971 238481 1611
253971 253972 889
253971 253973 475
253968 253966 1222
253968 253972 1663
253968 253974 2401
253969 253966 1097
253950 253935 1061
253950 253949 2248
253950 253967 1768
253974 253967 1932
253974 253968 2401
253974 253975 737
253949 253934 511
253949 253950 2248
254143 254020 598
254143 254144 1207
254145 254144 858
254145 261608 163
254098 254096 611
254098 254099 903
254149 254147 649
254149 254153 403
254149 254158 1225
254155 254154 1180
254155 254157 1114
254155 254158 2688
254167 254157 1273
254167 254162 1114
254167 254169 1972
254168 254162 1445
254170 254169 511
254054 254052 1085
254054 254055 1004
254054 254057 950
254056 254055 1225
254056 254057 713
254056 254152 788
254175 254057 1809
254175 254059 473
254175 254177 778
254069 254068 1114
254069 254070 676
254069 254182 551
254177 254059 557
254177 254175 778
254177 254182 747
254184 254183 373
254184 254185 473
254184 254186 473
254031 254026 516
254031 254055 1014
254031 254151 2242
254031 254152 1611
254154 254152 1897
254154 254153 1780
254154 254155 1180
254771 254612 1282
254771 254772 672
254773 254772 836
254614 254615 657
254614 254776 927
254614 254778 884
254779 254778 2501
254779 254787 475
254779 254788 238
256013 254788 982
256013 256017 1424
256013 256018 750
255997 255986 373
255997 255998 1398
255997 255999 2136
256000 255998 750
256000 256001 2564
256104 256001 1671
254611 254600 1007
254611 254613 2141
254611 254621 1024
254613 254611 2141
254613 254612 747
254613 254615 420
254546 254545 628
254546 254598 1610
254546 254602 551
254546 254605 1952
254601 254598 938
254601 254602 1027
254601 254606 749
254606 254599 974
254606 254601 749
254606 254607 551
254616 254599 1974
254616 254620 713
254616 254621 788
254191 254186 1948
254191 254187 511
254191 254509 473
254353 254352 238
254353 254357 750
254355 254356 551
254355 254357 1031
254355 254509 1625
254334 254333 924
254334 254335 905
254334 254336 1139
254363 254336 511
254363 254341 1935
254390 253215 418
254390 254336 7916
254534 254533 1340
254534 254537 974
254534 254539 557
254535 254533 1124
254535 254539 598
254535 254545 937
254542 254540 672
254542 254540 672
254542 254545 889
254542 254547 2079
256006 255995 1225
256006 255996 1671
256006 256010 1376
255994 255986 1408
255994 255992 1253
255994 255993 1298
255994 256002 1483
255996 255993 1300
255996 256002 2044
255996 256006 1671
255996 256007 1351
237903 237902 3983
237903 237904 2170
237903 263106 423
263731 263106 1222
237886 237884 2301
237886 237887 1454
237886 237895 924
237886 237896 5266
237954 237896 812
237954 237948 588
262180 237902 853
237897 237887 1430
237897 237889 1829
237897 237898 1377
237947 237894 1013
237947 237949 4254
237953 237941 307
237953 237952 678
237942 237934 1810
237942 237940 1445
237942 237956 1325
237950 237951 2045
237950 237956 1133
237950 237957 1080
237937 236710 2915
237937 237935 26
237937 237936 56
263647 236668 3243
263647 236670 2101
236652 236649 4761
236652 236656 2282
236652 236658 1638
236652 236678 7085
237300 236678 2794
237300 236679 1682
236711 236709 1149
262188 237278 2699
262188 262186 381
237208 237206 6307
237208 237207 4826
237208 263191 1229
237260 237207 291
237260 237262 622
237263 237264 1274
237263 237265 3786
237266 237265 2941
237266 237268 6249
237266 237271 10757
237266 237273 2697
237459 237457 256
237459 237457 256
237459 237461 3676
263161 237457 11485
263161 263159 2764
263161 263163 580
262152 262144 3372
263149 237462 1013
263149 262144 2575
263149 263150 1105
237478 237477 4468
237478 237479 5035
237544 237523 6115
237544 237539 1770
237544 237546 2892
237544 237628 6648
261714 237634 568
261714 261715 2987
261714 261716 770
261483 237660 420
261483 263416 2398
237671 237654 817
237671 237665 593
237671 237672 985
237803 237799 1700
237803 237804 1323
237803 261117 1377
237804 237799 2460
237804 237803 1323
263162 263159 817
263162 263164 600
263162 263165 557
239262 239261 904
239262 239264 831
239262 239267 926
239262 239268 1002
239263 239251 1001
239263 239261 1192
239263 239268 895
239263 239275 985
239270 239267 837
239270 239268 845
239270 239277 1456
239270 239278 1682
239275 239263 985
239275 239274 287
239281 239277 1578
239281 239283 1469
239281 239292 1229
239281 239322 2007
239307 239305 941
239307 239320 798
239307 263422 2684
250476 239320 2680
239322 239281 2007
239322 239294 1297
239322 239321 1100
239322 239325 1520
239327 239321 2238
239305 239260 382
239305 239306 3320
239305 239307 941
239314 239306 2028
239314 239313 1035
239314 239315 1862
239318 239306 1430
239318 239315 1283
239318 239319 904
239461 239459 650
239461 239462 318
239461 239465 4807
262141 239473 671
261277 239410 3409
237721 237718 1573
237721 237719 860
237721 237722 1048
237721 237726 976
237721 237727 980
237725 237722 694
237725 237723 1260
237725 237730 642
237729 237715 595
237729 237730 730
237729 237731 1688
237733 237731 1190
237733 237735 1184
237736 237735 589
237731 237729 1688
237731 237733 1190
237731 237734 791
239457 237714 997
239457 237734 717
239457 239458 2459
239457 239465 622
237702 237694 1683
237702 237703 544
237705 237626 1109
237705 237703 7345
237705 237711 2625
237705 237713 997
237716 237706 977
237716 237718 766
237716 237719 1536
237709 237708 495
237709 237710 917
237709 237742 1548
237756 237746 765
237756 237751 995
237756 237758 924
237756 237762 1149
237757 237754 254
237757 237758 809
237757 237759 1030
237759 237757 1030
237759 237765 1133
237759 237766 1249
237816 237765 759
237816 237766 324
237762 237748 1522
237762 237750 539
237762 237756 1149
261139 261138 391
261139 261140 42
237649 237648 2662
237649 237652 335
237649 237656 713
237649 237657 2885
237675 237657 108
237675 237674 393
239379 239380 923
239379 239856 256
239384 239383 3458
239384 261276 2709
239374 239373 2502
239374 239375 1625
239709 239708 1121
239709 239711 1086
239709 239712 2211
239711 239709 1086
239711 239713 1028
239711 239714 2212
239884 239838 679
239884 239883 419
239884 239885 333
239886 239883 335
262722 239893 10144
247690 239908 1278
239914 239913 1483
239914 239997 433
239914 239998 1021
240003 239990 786
240003 240000 1872
240003 240007 796
239992 239990 580
239992 239993 786
239992 240007 875
240010 239994 1269
240010 240007 957
240010 240009 559
240009 240010 559
240009 240011 1305
240009 240013 640
261869 240013 1009
240036 240034 556
240036 240035 1222
240036 240038 871
240036 263714 1807
240037 240035 928
240037 240075 889
240037 240076 762
240224 240223 1890
240238 240223 663
264102 241071 89
264102 264101 52
241032 241031 2612
241035 241034 914
263771 263770 1226
263771 263772 465
240222 240217 1318
240076 240037 762
240076 240085 2190
240547 240545 691
240547 240599 3691
240589 240538 602
240589 240592 593
240589 240594 1223
240593 240594 771
240603 240582 275
240603 240604 287
240628 240627 379
240629 240627 2693
240629 240631 1095
240629 240632 1425
241015 241011 480
241015 241014 1759
241026 241014 1292
241026 241027 537
241026 241028 676
262304 245113 8932
262305 245113 2959
263071 241177 985
263071 263769 856
263072 241177 541
241227 241187 680
241227 241204 580
241227 241228 1546
241236 241228 515
241204 241205 434
241204 241227 580
241204 241230 496
241208 241207 763
241208 241209 818
241208 241211 939
241199 240972 222
241199 241198 244
241206 240981 353
241206 241198 402
241206 241207 924
241211 241208 939
241211 243778 174
241187 241188 839
241187 241227 680
241187 241231 1220
263507 241234 411
241215 241213 275
241215 241216 1031
241215 241217 419
241218 241217 452
241693 241690 2169
241693 241692 1220
241693 241694 604
241696 241694 1694
241696 241700 473
241697 241690 675
241697 241694 2203
241701 241699 1207
241701 242101 307
241703 241700 267
241703 241702 3163
236299 236298 2452
236299 240270 204
236299 242118 922
242116 236298 746
242116 242115 344
242116 242122 1031
242116 242122 1031
240270 236299 204
240270 240271 881
240270 240275 579
242146 242117 2605
242147 242117 763
242101 241701 307
242101 241755 5056
242101 242102 2633
261279 242126 3509
261279 242191 4635
241415 241414 3167
242159 242149 1905
242159 242158 1866
242167 242160 1530
242167 242168 787
242167 242181 2233
242171 242168 1672
242171 242172 525
242171 242173 1356
242174 242173 548
242174 242175 575
242174 242176 812
241283 241240 2291
241283 241994 707
241042 241043 513
241042 241045 541
241042 241050 409
241051 241050 556
241051 241056 1009
241051 241062 262
242339 242340 4857
242339 250181 420
242339 250186 7342
242344 242340 746
242344 242343 3772
242344 242365 611
242350 242330 835
242332 242331 290
242332 242333 3000
242388 242331 808
242388 242389 1424
242388 242391 1882
242410 242409 1833
242417 242409 1139
242417 242411 949
242417 242424 1342
242297 242296 1747
242321 242296 825
242321 242430 1234
242321 242434 835
242315 242309 1060
242315 242316 1575
242315 261824 603
262240 242312 878
263785 242200 109
263785 263784 389
242198 242197 3618
242198 261280 113
250168 249580 2126
250168 250169 782
250168 250173 1424
250174 250173 2920
250174 250175 847
250174 250176 2110
250177 250176 475
250177 250178 1635
250177 250194 333
250179 250178 1336
250179 250195 1671
242295 242294 1462
262252 242294 2306
262252 262253 219
242316 242315 1575
242316 245986 1618
242316 246190 1255
245987 245986 577
242421 242387 648
242421 242411 610
242421 242438 3616
242426 242422 1607
242426 242438 983
242426 242445 1014
242449 242448 749
242449 242451 1022
242449 242452 1024
242449 242456 2548
242458 242456 825
242458 242462 354
246206 246197 1248
246207 246197 1140
246207 246198 782
246207 246208 2920
246202 246195 868
246202 246203 2731
246202 246204 904
246225 246215 598
246225 246226 628
246275 246276 1809
246275 246346 707
246275 246348 1611
246275 246363 749
246347 246346 1234
246350 246348 868
246350 246356 2320
246350 246363 1466
246350 246364 680
246342 246343 489
246342 246344 562
246290 246288 610
246290 246291 3186
246290 246299 3450
246298 246297 750
246298 246301 884
246298 246303 905
246298 246310 2502
246302 246301 604
246302 246303 1532
246302 246304 805
246354 246304 1437
246354 246349 1395
246354 246355 805
246356 246349 805
246356 246350 2320
246356 246355 1395
246356 246357 750
246280 246278 1139
246280 246281 787
246280 246363 1483
246281 246279 1139
246281 246280 787
246281 246366 1375
246281 246367 868
246478 246464 737
246478 246474 1014
246478 246480 336
246461 246462 1006
246461 246465 649
251407 251406 750
251407 251408 1114
251407 251417 418
251415 251412 830
251415 251416 847
251415 251417 2472
261599 251411 298
261599 251414 554
261599 251417 1737
246323 246303 1454
246323 246318 2320
246323 246322 1160
246323 246326 1248
246328 246318 876
246328 246321 1160
246328 246326 1395
246322 246303 876
246322 246304 1493
246322 246323 1160
246322 246324 805
246325 246304 826
246325 246324 1631
246325 246355 1298
246325 246361 868
246358 246355 749
246358 246357 1120
246358 246360 628
246358 246361 1120
246321 246320 876
246321 246328 1160
246321 246329 238
251404 246331 354
251404 251401 1810
251404 251403 275
251406 251402 1384
251406 251405 884
251406 251407 750
246364 246350 680
246364 246357 2789
246364 246365 628
246364 246366 1483
246370 246369 475
246372 246369 475
246482 246480 2276
246482 261569 1391
246483 246481 1253
246483 246526 2975
246483 246536 1006
246529 246526 1144
246529 246534 1759
246529 246536 3153
252534 252535 610
252534 252536 1196
252534 252537 1532
252536 252534 1196
252536 252537 1466
252536 252542 1608
252536 252564 750
252568 252543 1818
252568 252543 1818
252568 252566 2042
252576 252566 1161
252576 252569 1097
252576 252577 452
252572 252571 750
252572 252571 750
252572 252575 473
246541 246540 373
246541 246543 3897
246541 246546 328
251809 251806 982
251809 251832 2747
251809 252472 628
252475 251833 1797
252475 252472 1000
252475 252476 763
252476 251834 1848
252476 252475 763
252476 252477 516
252478 251834 1013
252478 252477 1778
252478 252490 1558
251787 251783 580
251787 251794 667
251787 251797 1547
251795 251785 927
251795 251796 750
251795 251797 1533
251795 251798 275
246551 246552 848
246551 251799 550
246551 251803 666
251905 251904 1897
251905 251909 9196
252535 252531 1196
252535 252534 610
252535 252542 688
252538 252531 344
252538 252539 418
252538 252540 1066
252704 252680 2356
252704 252705 517
252704 252706 737
252709 252707 982
252709 252710 1901
252709 252714 1351
252716 252715 604
252698 252683 1483
252698 252687 1256
252698 252699 1780
252698 252719 7128
252710 252700 672
252710 252709 1901
252710 252719 826
252721 252719 1139
252721 252722 2479
252721 252723 2668
252726 252725 1091
252727 252725 1014
252727 252728 2875
252727 252745 5035
252741 238480 4347
252741 252740 333
252741 252742 516
253972 253968 1663
253972 253971 889
253972 253975 1013
253973 253971 475
253975 253972 1013
253975 253974 737
253975 253976 1084
254020 254018 946
254020 254018 946
254020 254143 598
261608 254145 163
254147 254030 1499
254147 254146 713
254147 254149 649
254153 254149 403
254153 254151 1072
254153 254154 1780
254052 254027 1901
254052 254051 1303
254052 254054 1085
254052 254058 884
254055 254031 1014
254055 254054 1004
254055 254056 1225
254059 254058 610
254059 254067 1500
254059 254175 473
254059 254177 557
254068 254067 983
254068 254069 1114
254068 254071 713
254070 254069 676
254185 254072 1279
254185 254184 473
254185 254187 1356
254026 254025 950
254026 254029 1556
254026 254031 516
254151 254031 2242
254151 254150 354
254151 254153 1072
254615 254613 420
254615 254614 657
254778 254614 884
254778 254621 1159
254778 254779 2501
254787 254779 475
254787 254782 747
254787 256014 1652
256017 256013 1424
256018 256013 750
256018 256019 373
256018 256045 3115
255999 255997 2136
255999 256004 3517
255999 256005 728
254621 254611 1024
254621 254616 788
254621 254622 1409
254621 254778 1159
254602 254546 551
254602 254601 1027
254602 254603 877
254605 254546 1952
254605 254604 345
254607 254606 551
254607 254617 1301
254607 254618 788
254620 254616 713
254620 254618 903
254620 254623 475
254187 254185 1356
254187 254191 511
254187 254508 1253
254352 254347 4701
254352 254353 238
254352 254354 893
254356 254355 551
254333 254310 373
254333 254312 1826
254333 254334 924
254335 254334 905
254335 254337 1025
254341 254340 1114
254341 254363 1935
254341 254364 222
254341 255264 209
253215 253209 3423
253215 253210 2307
253215 254390 418
254537 254520 809
254537 254534 974
254537 254538 551
254539 254534 557
254539 254535 598
254539 254538 695
254540 254521 475
254540 254538 750
254540 254542 672
254540 254542 672
254547 254542 2079
254547 254608 1007
254547 254628 473
256010 256006 1376
256010 256007 1809
256010 257439 649
256010 257442 1042
256002 255994 1483
256002 255996 2044
256002 256003 1361
256007 255996 1351
256007 256003 2458
256007 256010 1809
256007 256011 1541
237904 237903 2170
237884 237886 2301
237887 237886 1454
237887 237888 2070
237887 237897 1430
237895 237886 924
237948 237894 550
237948 237954 588
237889 237888 1320
237889 237897 1829
237894 237893 1236
237894 237946 731
237894 237947 1013
237894 237948 550
237941 237938 2886
237941 237940 1859
237941 237953 307
237934 237931 2940
237934 237933 1195
237934 237942 1810
237940 237938 1946
237940 237941 1859
237940 237942 1445
237951 237950 2045
237951 243388 2342
237951 243389 1493
237957 237950 1080
237935 237936 38
237935 237937 26
237935 237938 2243
237936 237931 1243
237936 237935 38
237936 237937 56
236668 236656 3963
236668 236671 334
236668 263647 3243
236649 236648 993
236649 236652 4761
236649 236655 8369
236649 254899 2393
236656 236648 5052
236656 236652 2282
236656 236668 3963
236658 236652 1638
236658 236657 3924
236658 243365 3305
236658 254900 191
236679 236657 958
236679 237300 1682
236679 238633 1411
262186 262185 5855
262186 262188 381
237206 237196 1290
237206 237208 6307
263191 237208 1229
237262 237259 1697
237262 237260 622
237265 237263 3786
237265 237266 2941
237268 237266 6249
237268 237267 2754
237271 237253 1457
237271 237266 10757
237271 263173 3702
237461 237459 3676
237461 237460 6229
237461 237465 3498
263163 263161 580
237462 237458 1019
237462 263149 1013
237462 263151 1437
263150 263149 1105
237477 237437 1904
237477 237478 4468
237523 237499 2158
237523 237544 6115
237539 237527 1563
237539 237540 1745
237539 237544 1770
237546 237544 2892
237546 237545 3509
261715 261714 2987
261715 261716 2597
261715 261717 1371
261716 261714 770
261716 261715 2597
261716 264030 2030
263416 261483 2398
237654 237655 678
237654 237669 1139
237654 237671 817
237672 237671 985
261117 237803 1377
263164 263162 600
263165 263162 557
239261 239235 951
239261 239262 904
239261 239263 1192
239264 239221 2128
239264 239262 831
239264 239265 932
239267 239262 926
239267 239265 966
239267 239269 1096
239267 239270 837
239251 239235 1286
239251 239248 1284
239251 239263 1001
239278 239270 1682
239278 239283 140
239278 239284 1232
239283 239278 140
239283 239281 1469
239292 239281 1229
239292 239286 919
239292 239293 543
239292 239294 2158
263422 239307 2684
239294 239292 2158
239294 239322 1297
239294 239323 1866
239294 239326 1125
239325 239322 1520
239325 239326 1311
239325 239328 346
239260 239256 788
239260 239258 1235
239260 239305 382
239313 239304 1086
239313 239311 1213
239313 239314 1035
239315 239314 1862
239315 239318 1283
239315 239459 1344
239319 239318 904
239319 239459 978
239319 239460 2252
239459 239315 1344
239459 239319 978
239459 239461 650
239465 239457 622
239465 239461 4807
239465 239466 771
237718 237716 766
237718 237720 980
237718 237721 1573
237722 237720 1100
237722 237721 1048
237722 237725 694
237723 237715 808
237723 237720 686
237723 237725 1260
237723 237728 1181
237715 237713 555
237715 237723 808
237715 237729 595
237714 237711 882
237714 237713 3133
237714 239456 2385
237714 239457 997
239458 239456 590
239458 239457 2459
237694 237695 389
237694 237697 657
237694 237702 1683
237626 237609 1992
237626 237625 864
237626 237705 1109
237626 237712 2236
237711 237705 2625
237711 237712 1061
237711 237714 882
237711 239312 2227
237713 237705 997
237713 237714 3133
237713 237715 555
237708 237709 495
237742 237326 1426
237742 237709 1548
237742 237740 1335
237742 237743 938
237746 237330 97
237746 237747 141
237746 237750 1006
237746 237756 765
237751 237744 694
237751 237747 1199
237751 237752 1537
237751 237754 946
237751 237756 995
237754 237751 946
237754 237753 1287
237754 237757 254
237765 237759 1133
237765 237816 759
237750 237326 900
237750 237746 1006
237750 237762 539
261140 261139 42
237648 237545 801
237648 237649 2662
237652 237645 1209
237652 237649 335
237652 261702 437
237656 237649 713
237656 237658 4266
237656 237673 2810
237674 237673 250
237674 237675 393
237674 237678 963
239856 239379 256
239856 239857 493
239856 262148 2095
261276 239384 2709
261276 239953 156
239375 239374 1625
239885 239884 333
239997 239914 433
239998 239914 1021
239990 239991 786
239990 239992 580
239990 239999 1504
239990 240003 786
239993 239992 786
239994 239995 580
239994 239996 418
239994 240010 1269
240011 240009 1305
240034 240033 1071
240034 240036 556
240034 240524 665
240038 240036 871
240038 240078 353
263714 240032 465
263714 240036 1807
240075 240037 889
240075 240077 1532
240075 240078 893
264101 261212 163
264101 264102 52
263772 263771 465
240545 240539 1760
240545 240540 729
240545 240546 903
240545 240547 691
240538 240537 1095
240538 240585 433
240538 240589 602
240592 240589 593
240592 241676 297
240592 241679 929
240582 240077 1848
240582 240603 275
240631 240629 1095
240631 240630 949
240631 240637 3352
240632 240629 1425
241027 241026 537
241027 241039 2762
241028 241026 676
263769 246295 1633
263769 263071 856
263769 264104 2658
241205 241188 362
241205 241204 434
241207 240984 472
241207 241206 924
241207 241208 763
240972 240962 1671
240972 240973 313
240972 241199 222
240981 240977 1174
240981 240982 688
240981 241206 353
241188 241187 839
241188 241205 362
241213 241212 353
241213 241214 782
241213 241215 275
241216 241215 1031
241690 241688 1773
241690 241691 787
241690 241693 2169
241690 241697 675
241692 241693 1220
241702 241703 3163
241702 241722 3810
242118 236299 922
242118 242119 434
242118 242121 1675
242122 242116 1031
242122 242116 1031
242122 242123 1780
240275 240270 579
241755 241754 1257
241755 242101 5056
242191 242190 2126
242191 261279 4635
242149 242148 1280
242149 242159 1905
242149 242181 673
242181 242149 673
242181 242167 2233
242181 242172 805
242181 242180 825
242172 242171 525
242172 242181 805
242172 242184 803
242175 242174 575
242176 242174 812
242176 242179 593
242176 242185 841
241240 241241 222
241240 241283 2291
241240 241663 456
241043 241036 994
241043 241042 513
241043 241046 545
241045 241042 541
241056 241051 1009
241056 241133 698
241062 241051 262
241062 241063 273
241062 241129 332
250181 242339 420
250181 242343 445
250181 250182 452
250186 242339 7342
250186 250195 1178
250186 250220 2317
242343 242344 3772
242343 242366 3244
242343 250181 445
242365 242344 611
242365 242364 737
242365 242366 475
242333 242332 3000
242333 242403 805
242333 242466 1809
242389 242388 1424
242391 242388 1882
242391 242390 628
242391 242392 1992
242411 242383 2016
242411 242417 949
242411 242421 610
242430 242321 1234
242430 242431 905
242430 246190 1526
242434 242321 835
261824 242315 603
261824 242431 156
261824 242432 365
263784 263779 493
263784 263785 389
242197 242198 3618
249580 249581 2814
249580 250168 2126
249580 250175 252
250169 250168 782
250175 249580 252
250175 249582 1556
250175 250174 847
250176 249582 580
250176 250174 2110
250176 250177 475
250176 250189 684
250194 250177 333
250194 250191 893
250194 250197 681
250195 250179 1671
250195 250186 1178
250195 250199 598
262253 262252 219
246190 242316 1255
246190 242430 1526
242387 242384 1027
242387 242421 648
242387 242422 2151
242422 242387 2151
242422 242398 750
242422 242426 1607
242445 242425 1480
242445 242426 1014
242445 242446 808
242448 242407 278
242448 242447 418
242448 242449 749
242451 242449 1022
242451 242453 511
242452 242449 1024
242452 242459 445
242452 242460 1013
242462 242458 354
242462 242463 1292
242462 246209 1013
246208 246207 2920
246208 246210 1180
246208 246213 2224
246208 246215 755
246203 246202 2731
246203 246204 2735
246203 246215 1483
246204 246202 904
246204 246203 2735
246204 246205 893
246204 246216 353
246215 246203 1483
246215 246208 755
246215 246225 598
246276 246275 1809
246363 246275 749
246363 246280 1483
246363 246350 1466
246343 246342 489
246288 246289 675
246288 246290 610
246288 246292 1007
246291 246290 3186
246297 246292 680
246297 246298 750
246303 246298 905
246303 246302 1532
246303 246317 3496
246303 246322 876
246303 246323 1454
246310 246298 2502
246310 246309 787
246310 246311 2985
246304 246302 805
246304 246322 1493
246304 246325 826
246304 246354 1437
246355 246325 1298
246355 246354 805
246355 246356 1395
246355 246358 749
246366 246281 1375
246366 246364 1483
246366 246368 707
246367 246281 868
246367 246368 1425
246462 246461 1006
251412 250465 780
251412 251415 830
251416 251415 847
251411 250466 1411
251411 261599 298
251414 251413 1126
251414 261599 554
246318 246317 675
246318 246320 1160
246318 246323 2320
246318 246328 876
246320 246318 1160
246320 246319 1671
246320 246321 876
251401 246315 905
251401 251402 667
251401 251404 1810
251403 251404 275
251402 251400 755
251402 251401 667
251402 251406 1384
246365 246364 628
246365 246368 1504
246365 246373 1161
261569 246482 1391
246526 246483 2975
246526 246524 871
246526 246528 2927
246526 246529 1144
246534 246529 1759
246534 246533 694
252542 252535 688
252542 252536 1608
252542 252539 1032
252543 252541 336
252543 252568 1818
252543 252568 1818
252569 252544 3040
252569 252546 3024
252569 252576 1097
252577 252576 452
252577 252578 713
252577 252582 1968
252575 252572 473
246540 246539 746
246540 246541 373
246540 246542 3274
246543 246541 3897
246543 246550 1062
246543 246552 2202
251806 251804 750
251806 251808 2510
251806 251809 982
251832 251809 2747
251832 251829 1830
251832 251833 982
251833 251832 982
251833 251834 950
251833 251835 1897
251833 252475 1797
251834 251833 950
251834 252476 1848
251834 252478 1013
251834 252490 1905
252490 251834 1905
252490 252478 1558
252490 252491 1357
251783 251781 2444
251783 251786 407
251783 251787 580
251794 251787 667
251794 251789 1097
251794 251804 1013
251785 251775 1141
251785 251795 927
251796 251795 750
251798 251795 275
246552 246543 2202
246552 246551 848
251799 246551 550
251799 251800 740
251799 251801 801
251904 251905 1897
251904 251911 879
251904 251912 1834
252539 252538 418
252539 252540 649
252539 252542 1032
252540 252538 1066
252540 252539 649
252540 252541 1022
252680 252676 1954
252680 252681 1022
252680 252704 2356
252705 252704 517
252707 252681 2688
252707 252708 1248
252707 252709 982
252683 252679 1161
252683 252684 2111
252683 252698 1483
252683 252700 4974
252687 252678 1248
252687 252686 788
252687 252698 1256
252699 252698 1780
252700 252683 4974
252700 252708 1072
252700 252710 672
252722 252721 2479
252723 252721 2668
252723 252728 696
252728 252723 696
252728 252727 2875
252745 252727 5035
252740 252741 333
252740 252742 551
252742 252740 551
252742 252741 516
253976 253975 1084
254018 254020 946
254018 254020 946
254030 254147 1499
254030 254150 905
254146 254147 713
254027 254025 1558
254027 254052 1901
254051 254052 1303
254058 254052 884
254058 254059 610
254067 254059 1500
254067 254068 983
254071 254068 713
254071 254072 950
254072 254071 950
254072 254185 1279
254025 254026 950
254025 254027 1558
254029 254026 1556
254029 254150 982
254150 254029 982
254150 254030 905
254150 254151 354
254782 254622 1225
254782 254787 747
256014 254787 1652
256014 256019 373
256019 256014 373
256019 256018 373
256045 256018 3115
256004 255999 3517
256005 255999 728
256005 256003 1344
254622 254621 1409
254622 254782 1225
254603 254602 877
254604 254605 345
254604 254608 884
254617 254607 1301
254618 254607 788
254618 254620 903
254623 254620 475
254508 254187 1253
254347 254352 4701
254354 254352 893
254310 254333 373
254312 254333 1826
254337 254335 1025
254340 254341 1114
254364 254341 222
254364 255264 243
255264 254341 209
255264 254364 243
253209 253215 3423
253210 253215 2307
254520 254521 1257
254520 254537 809
254538 254537 551
254538 254539 695
254538 254540 750
254521 254520 1257
254521 254540 475
254608 254547 1007
254608 254604 884
254628 254547 473
257439 256010 649
257442 256010 1042
256003 256002 1361
256003 256005 1344
256003 256007 2458
256011 256007 1541
237888 237887 2070
237888 237889 1320
237893 237894 1236
237946 237894 731
237938 237935 2243
237938 237940 1946
237938 237941 2886
237931 237934 2940
237931 237936 1243
237933 237934 1195
237933 243388 1636
243388 237933 1636
243388 237951 2342
243389 237951 1493
236671 236668 334
236648 236649 993
236648 236656 5052
236655 236649 8369
254899 236649 2393
236657 236658 3924
236657 236679 958
243365 236658 3305
254900 236658 191
238633 236679 1411
262185 262186 5855
237196 237206 1290
237259 237262 1697
237267 237268 2754
237253 237271 1457
263173 237271 3702
237460 237461 6229
237465 237461 3498
237458 237462 1019
263151 237462 1437
237437 237477 1904
237499 237523 2158
237527 237539 1563
237540 237539 1745
237545 237546 3509
237545 237648 801
261717 261715 1371
264030 261716 2030
237655 237654 678
237669 237654 1139
239235 239251 1286
239235 239261 951
239221 239264 2128
239265 239264 932
239265 239267 966
239269 239267 1096
239248 239251 1284
239284 239278 1232
239284 239286 781
239286 239284 781
239286 239292 919
239293 239292 543
239323 239294 1866
239326 239294 1125
239326 239325 1311
239328 239325 346
239256 239260 788
239258 239260 1235
239304 239313 1086
239311 239313 1213
239460 239319 2252
239466 239465 771
237720 237718 980
237720 237722 1100
237720 237723 686
237728 237723 1181
239456 237714 2385
239456 239312 853
239456 239458 590
237695 237694 389
237697 237694 657
237609 237626 1992
237625 237626 864
237712 237626 2236
237712 237711 1061
239312 237711 2227
239312 239456 853
237326 237330 1363
237326 237742 1426
237326 237743 1137
237326 237750 900
237740 237742 1335
237743 237326 1137
237743 237742 938
237330 237326 1363
237330 237746 97
237330 237747 169
237747 237330 169
237747 237744 889
237747 237746 141
237747 237751 1199
237744 237747 889
237744 237751 694
237752 237751 1537
237753 237754 1287
237645 237652 1209
261702 237652 437
237658 237656 4266
237673 237656 2810
237673 237674 250
237678 237674 963
239857 239856 493
262148 239856 2095
239953 261276 156
239991 239990 786
239999 239990 1504
239995 239994 580
239996 239994 418
240033 240034 1071
240524 240034 665
240078 240038 353
240078 240075 893
240078 240077 804
240032 263714 465
240077 240075 1532
240077 240078 804
240077 240582 1848
261212 264101 163
240539 240537 1124
240539 240545 1760
240540 240545 729
240546 240545 903
240537 240538 1095
240537 240539 1124
240537 241679 251
240585 240538 433
241676 240592 297
241679 240537 251
241679 240592 929
240630 240631 949
240637 240631 3352
241039 241027 2762
246295 263769 1633
264104 263769 2658
240984 240982 291
240984 241207 472
240962 240972 1671
240962 240977 672
240973 240972 313
240977 240962 672
240977 240981 1174
240982 240981 688
240982 240984 291
241212 241213 353
241214 241213 782
241688 241690 1773
241691 241690 787
241722 241702 3810
242119 242118 434
242121 242118 1675
242123 242122 1780
241754 241755 1257
242190 242191 2126
242148 242149 1280
242180 242181 825
242184 242172 803
242179 242176 593
242185 242176 841
241241 241240 222
241663 241240 456
241036 241043 994
241046 241043 545
241133 241056 698
241063 241062 273
241129 241062 332
250182 250181 452
250220 250186 2317
242366 242343 3244
242366 242365 475
242364 242365 737
242403 242333 805
242403 242392 3223
242466 242333 1809
242390 242391 628
242392 242391 1992
242392 242403 3223
242383 242384 876
242383 242411 2016
242431 242430 905
242431 261824 156
242432 261824 365
263779 263784 493
249581 249580 2814
249582 250175 1556
249582 250176 580
250189 250176 684
250191 250194 893
250197 250194 681
250199 250195 598
242384 242383 876
242384 242387 1027
242398 242422 750
242398 242425 672
242425 242398 672
242425 242445 1480
242446 242445 808
242446 242447 3831
242407 242448 278
242447 242446 3831
242447 242448 418
242453 242451 511
242459 242452 445
242460 242452 1013
242463 242462 1292
246209 242462 1013
246209 246210 755
246210 246208 1180
246210 246209 755
246213 246208 2224
246205 246204 893
246216 246204 353
246289 246288 675
246292 246288 1007
246292 246297 680
246317 246303 3496
246317 246311 1343
246317 246318 675
246309 246310 787
246311 246310 2985
246311 246317 1343
246368 246365 1504
246368 246366 707
246368 246367 1425
250465 250466 1344
250465 251412 780
250466 250465 1344
250466 251411 1411
251413 251414 1126
246319 246320 1671
246315 251401 905
251400 251402 755
246373 246365 1161
246524 246526 871
246528 246526 2927
246528 246533 787
246533 246528 787
246533 246534 694
252541 252540 1022
252541 252543 336
252541 252544 847
252544 252541 847
252544 252546 688
252544 252569 3040
252546 252544 688
252546 252569 3024
252578 252577 713
252582 252577 1968
246539 246540 746
246542 246540 3274
246550 246543 1062
251804 251794 1013
251804 251806 750
251808 251806 2510
251829 251832 1830
251835 251833 1897
251835 252491 1953
252491 251835 1953
252491 252490 1357
251781 251783 2444
251786 251783 407
251789 251794 1097
251775 251785 1141
251800 251799 740
251801 251799 801
251911 251904 879
251912 251904 1834
252676 252680 1954
252681 252680 1022
252681 252684 1161
252681 252707 2688
252708 252684 2558
252708 252700 1072
252708 252707 1248
252679 252678 2003
252679 252683 1161
252684 252681 1161
252684 252683 2111
252684 252708 2558
252678 252679 2003
252678 252687 1248
252686 252687 788
