3510
211444 211443 1245
211444 212111 395
212192 212189 1021
212192 212195 1907
212192 212196 1753
198867 212105 354
198867 212106 38
198867 215014 783
211475 211461 1575
211475 211473 836
211475 211476 548
211473 211458 1650
211473 211472 1768
211473 211475 836
212365 212456 328
212365 212460 477
212365 212463 765
212366 161407 1281
212366 212432 380
212366 212514 347
212237 212235 1016
212237 212236 955
212435 212247 892
212435 212436 1562
212437 212438 1200
212437 212443 1350
212423 212424 1772
212422 212424 329
212422 212431 359
212431 161388 1187
212431 212422 359
114637 114638 923
114637 114656 1075
114645 114650 472
114645 114656 335
114387 114386 735
116164 114305 1225
114585 114590 671
114589 114574 671
114589 114590 1498
114589 114598 1848
114599 114598 837
114043 114039 502
116257 116258 1398
116257 116259 2315
119153 119117 3190
119349 119350 251
119349 119351 1114
119415 119414 1113
119423 119414 1544
119423 119422 1139
119421 119412 1872
119421 119418 672
119421 119422 687
119424 119419 845
119424 119425 1695
114844 114845 1444
91977 114897 2960
114918 114903 4018
114918 114917 660
114903 114902 1915
114903 114918 4018
114931 114938 3265
114927 114928 1273
114927 115026 1248
115023 115024 1390
115023 115036 744
115029 92076 990
92109 92108 137
92109 102180 999
92135 92134 4356
92135 92137 5890
92203 92285 884
92203 92286 533
115338 115403 2099
115401 115402 6845
115330 115331 261
115330 115336 1997
115431 115430 2126
115433 115434 474
115395 115393 649
115395 115396 2278
115429 115424 1597
115429 115427 2063
115429 115459 1590
115436 115427 587
115713 115712 1442
115713 115714 666
115670 115671 1055
115670 115672 550
115670 115674 713
115690 115688 1598
115690 115734 7025
115726 115736 4859
115443 115441 4418
115443 115442 2810
105812 105810 5207
105812 116299 1572
107026 106760 1347
107026 106920 796
107026 107027 639
106979 116297 308
107043 107053 1395
107043 107060 2590
106956 106957 1096
106956 107049 1343
107134 107133 988
107134 107152 838
107369 107384 1024
107370 107385 434
107373 107291 598
107293 107292 1114
107131 107115 336
107131 107230 539
107231 107228 1084
107231 107228 1084
107381 107227 1000
107287 107288 2229
107287 107387 516
109506 107163 1648
107489 107485 4286
107489 107488 4465
107489 107524 1577
107506 107320 1772
107506 107507 1264
107332 107330 904
107332 107331 1431
109503 109502 755
92814 92815 949
92814 92816 1537
92908 92965 238
102820 102819 6723
92838 92836 4216
92838 92868 2334
92904 92943 373
92904 92944 1383
106711 92951 419
106711 106739 1557
106740 106738 778
106740 113732 2101
106922 106742 419
106920 106759 1263
106920 107026 796
105815 105816 8045
115987 115778 905
115987 115779 1195
115989 115986 867
115989 116003 1780
116003 115983 746
116003 115989 1780
116008 116006 852
115999 115996 796
115999 116001 1577
92755 92726 1493
115996 115998 3949
115996 115999 796
191914 191539 2651
191511 191507 942
191511 191791 1550
191792 190881 501
191736 191714 1693
192760 192763 1276
191936 191059 680
191940 191782 372
191940 194035 1210
191838 191875 911
191838 194473 1214
191774 191956 1332
192779 192778 2051
192782 192780 3171
192782 192783 9639
192981 192995 2187
192981 192995 2187
193120 192994 5387
193120 194134 806
192982 192991 937
192982 193957 1003
192984 193957 691
192984 193958 511
193132 193134 423
194067 193928 161
194067 194069 705
109457 109458 4903
109782 109783 556
109782 109788 3525
109789 109790 3446
109855 109856 969
109862 109863 598
109869 109870 452
109869 109883 950
109883 109869 950
109883 109884 434
107770 107768 114
107770 110994 2714
110992 110993 1449
110948 110949 1482
110948 110991 746
109841 109842 893
109841 110953 930
110967 110965 696
110967 110968 557
111097 111096 1834
111097 111166 491
111095 111096 836
111095 111100 2031
111173 111100 836
111173 111174 1361
111192 111174 672
111192 111323 1584
110965 110966 889
110965 110967 696
111319 111318 336
111319 111323 672
111458 111346 1618
111458 111461 750
111460 111459 975
111460 111467 168
103343 103341 580
103343 111348 1166
111465 111464 805
111465 111466 511
103342 103341 1066
103342 103359 667
103342 103360 2310
111466 111459 696
111466 111465 511
111467 111460 168
111467 111468 672
111221 111222 1264
111221 111225 1055
111223 111224 2276
111233 111224 475
111233 111234 2224
111902 111544 2103
112033 111553 1973
111554 111551 336
111554 111553 930
112036 111551 551
111552 105274 2018
111552 111551 1004
111548 111549 2354
111548 111588 782
111550 105275 628
111591 111583 893
111591 111588 1599
111583 111584 782
111583 111586 1515
111583 111591 893
112066 112065 1008
112071 112070 1187
112085 111721 3109
111723 111692 2186
111723 111721 672
111723 111728 782
112141 111728 3199
112141 112142 905
112142 111729 3031
112142 112141 905
112142 112143 688
112156 112144 1528
112156 112157 1426
112167 112159 681
112167 112213 1576
112229 112213 764
111757 111755 1447
111757 111756 840
111757 111774 672
111767 111749 840
111767 111756 1445
111774 111757 672
111774 111776 1336
111733 111676 475
111733 111735 1445
111677 111674 516
111677 111678 354
111677 112578 475
111678 111675 1085
111678 111677 354
112585 112586 1014
112648 112586 672
112648 112603 1786
111737 111736 1334
111737 111738 672
111737 111744 756
111749 111744 1447
111749 111767 840
112611 112604 557
111773 111771 1447
112174 112170 1445
112174 112179 252
112179 112174 252
112179 112185 516
112184 112185 279
112190 112161 1592
112190 112187 877
112190 112194 1014
112194 112160 1565
112194 112190 1014
112194 112214 672
112188 112187 1268
112188 112189 1279
112607 112606 336
112719 112717 696
112719 112730 2010
112696 112695 475
112704 112705 275
112704 112717 1944
112214 112194 672
112214 112213 1466
112730 112719 2010
112730 112721 697
112734 112721 2010
112734 112771 750
112734 113007 2614
113005 113006 279
113333 112893 1796
113333 113332 782
113332 113333 782
113332 113334 1631
113332 113338 1004
113338 113332 1004
113338 113339 252
113338 113341 1955
105717 104305 950
105717 105721 1467
105719 105718 1062
105719 113343 818
113343 105719 818
113343 113341 354
104315 104305 2173
104315 104316 1031
104328 104316 1467
104328 104329 905
112783 112771 2010
112783 112782 1114
112783 113007 1032
112787 112786 452
112787 112788 452
103331 103329 836
112788 103328 1344
112788 112787 452
113009 113006 672
103321 103322 1447
103321 112769 872
112718 112715 1273
112718 112716 557
112718 112723 2016
112720 112712 612
112789 112766 9500
112789 112796 4334
112789 112798 1848
112775 112795 1293
112780 112779 452
112780 112889 1827
112811 112812 796
112811 113845 2284
103313 103314 1014
104506 104507 2148
104506 104513 905
104523 104513 2011
104331 104329 951
104331 104333 344
104505 104336 951
104505 104507 796
104510 104511 222
104510 104513 950
104518 104511 580
104438 104437 1686
104438 104439 889
104562 104441 536
104562 104563 1029
104563 104562 1029
104563 104564 885
104433 104431 612
104433 104564 605
104429 104430 696
104429 104565 1810
39597 39230 1576
39597 39598 836
39602 39598 1697
39602 39600 1093
39802 39801 649
39575 39573 2561
39575 39617 1353
39606 39573 884
39539 39536 1613
39539 39538 650
39611 39538 2834
39611 39623 650
39623 39593 238
39623 39611 650
50253 39617 685
39804 39603 927
39804 39801 1028
39806 39801 1209
39603 39593 1254
39603 39594 878
39603 39804 927
39779 39230 3762
39779 39777 1257
39779 39783 2458
39782 39791 336
104759 104758 4309
39434 39214 84
104754 104746 1220
104754 104753 708
104820 104819 551
104820 113705 847
104821 104839 1198
104821 104871 245
104821 113615 516
104825 104826 536
104939 104928 806
104939 104942 947
104941 104916 1283
104941 104946 750
104944 104945 824
104944 104955 612
104953 104952 836
104953 104954 536
105050 104952 2553
105055 113879 94
105063 105047 473
105063 105048 1811
105063 105059 1283
104419 104420 417
104419 104421 872
105040 105014 551
105040 105018 1191
105059 105060 1475
105059 105063 1283
104774 113924 120
104460 104461 1734
105020 105019 1085
105020 105039 1502
105041 104461 939
105041 105042 1501
105018 105019 819
105018 105040 1191
39576 39561 336
39576 39577 1533
39639 39577 551
39639 39638 836
39619 39617 650
39653 39644 799
39653 39654 525
39664 39640 677
39641 39468 1777
39641 39643 713
39642 39469 2579
39642 39474 747
39471 39472 4361
39646 39474 650
39646 39647 1152
39452 39389 677
39452 39441 2556
39452 39454 2248
39488 39485 1458
39488 39489 3030
39685 39680 336
39693 39684 3019
39693 39694 650
39693 39695 1342
39749 39746 1221
39749 39751 1692
40506 39753 2690
40506 40486 709
40508 40490 1161
40508 40509 1375
40509 40490 984
40509 40508 1375
40515 40513 1779
41014 50262 713
40541 40534 1079
40541 40542 788
41028 40532 558
41028 40533 452
41133 41132 870
41133 41134 2496
41133 41135 751
41137 41135 1483
41142 41141 476
41139 41134 476
41139 41141 336
40556 40555 1829
40580 40553 2955
40634 40633 756
40634 40636 1024
40862 40641 2401
40862 40861 750
40862 40863 2070
40865 40863 630
40865 40867 2357
40873 40867 1019
40873 40882 2586
40886 40885 905
40886 50406 1802
40885 40884 2377
40885 40886 905
40899 40889 1281
40899 50581 994
40889 40887 1121
40889 40898 2192
40889 40899 1281
40960 40898 1483
40960 40956 905
40960 40965 688
40965 40960 688
40965 40961 1258
40995 40980 403
40995 40983 1067
40995 40997 337
40996 40997 351
40996 50394 889
40624 40623 705
40624 40639 2718
40641 40639 768
40641 40862 2401
40982 40978 717
40982 40983 788
40982 40987 694
40988 40987 454
40951 40939 766
40951 40947 2406
40978 40947 818
40978 40979 1941
40978 40982 717
40952 40950 1124
40952 41659 1375
41659 40943 927
41659 40952 1375
41660 41656 842
41660 41663 1222
41663 41658 926
41663 41660 1222
55204 55205 697
55204 55215 1211
55220 55219 885
55220 55386 1141
55387 55386 1275
55387 55392 1586
55394 55392 1009
55394 55396 1168
55413 55416 976
55441 55440 2094
55441 55442 751
55445 55442 2630
55445 55446 810
55436 55437 474
55456 55446 1422
55456 55462 890
48394 48387 2763
41655 40942 1124
41655 41654 758
41655 41658 849
48591 41654 1467
48420 48411 677
48420 48421 610
48420 48428 610
48421 48416 1763
48421 48419 873
48421 48420 610
48427 48426 951
48427 48428 984
48429 48416 553
48429 48602 1729
48654 48541 1695
48662 48657 650
48662 48663 1104
48663 48662 1104
48663 48665 296
48666 48665 1288
48666 48672 861
48402 48396 2966
48402 48412 1827
48402 50387 712
48602 48429 1729
48602 50389 320
48686 48673 467
48686 48685 624
48686 48690 995
48692 48750 75
48748 48749 1396
48748 48751 681
48697 48695 650
48697 48696 1098
48697 48751 1390
48765 48752 1380
48765 48763 1293
48763 48725 1306
48763 48765 1293
48763 48766 1108
48771 48766 573
48779 48778 404
48779 48781 1115
48779 48784 738
48784 48779 738
48784 48782 1067
48786 48782 612
48786 49122 890
49085 48783 558
49085 49082 355
49085 49086 948
49087 49086 2048
49122 48785 605
49122 48786 890
48921 48900 1228
48921 48922 697
48915 48900 885
48915 48914 1426
48915 48918 476
49060 49050 1061
49060 49051 1952
49056 49049 909
49056 49051 877
49056 49055 572
49067 49051 336
49076 49055 337
49080 49086 650
48922 48902 1028
48922 48921 697
48922 48924 890
48944 48943 276
48944 48945 928
48944 48946 1556
48965 48940 337
48946 48944 1556
48946 48959 697
48946 48973 2166
48973 48946 2166
48973 48976 747
49109 48976 1579
49109 48977 885
49109 49113 2531
49017 49018 2031
49017 49019 720
49019 49017 720
49019 49018 1949
49015 49000 405
49015 49014 194
49015 50318 121
49179 49040 8275
49180 49039 771
49180 49181 570
49191 49198 2342
49603 49594 355
49603 49606 829
49606 49603 829
49606 49610 238
49606 49610 238
49601 49602 6136
49592 49033 417
49604 49599 277
49604 49605 276
49605 49604 276
49605 49608 977
48329 48328 355
48332 48331 222
131401 131402 1000
131401 131403 683
131395 131393 1081
131395 131394 1255
131414 131416 475
131414 131419 445
131662 131661 1161
131663 131422 1531
131663 131646 1355
131663 131669 581
131669 131650 2815
131669 131663 581
131669 131671 3353
131822 129987 1258
131894 131896 3027
131894 131897 4564
120536 120537 1265
120536 120542 2094
49704 49706 1550
49705 49706 3527
49705 49709 2350
131887 131888 2752
131887 131890 1630
131896 131890 2205
131896 131894 3027
131896 131898 4616
131884 131888 1747
54339 54338 404
54339 54357 1023
54342 54348 789
54342 54350 713
54342 54353 2106
54333 54388 222
54384 54383 172
54384 54387 426
54344 54345 2554
54344 54346 511
54430 54409 837
54430 54428 1009
54430 54438 1679
54440 54438 928
54440 54493 2363
54485 54493 650
54485 54509 552
54513 54512 1716
54660 54661 1065
54393 54373 2783
54393 54380 1067
54393 54399 3850
54398 54399 1055
54398 54580 238
54580 54398 238
54580 54581 890
56729 52912 176
56802 52913 689
56802 54499 865
54499 56647 285
54499 56802 865
54537 52662 3485
54537 52740 3407
54537 54677 2702
54670 54661 927
54671 54673 600
54652 54581 2532
54658 54657 1547
54658 54659 606
49685 49687 1763
49685 49689 1273
53855 53860 2686
56649 53774 3139
56649 56768 2821
53794 53857 879
53859 53857 2081
53859 53906 1614
53861 53863 1611
53862 53912 1153
53905 53924 279
55145 55147 374
55146 55167 279
55159 55162 374
55159 55163 2755
55160 55161 3424
55199 55201 1343
55200 55201 650
55200 55205 1888
144478 142526 2479
144478 144479 906
144478 144486 2486
144486 144478 2486
144486 144487 830
144486 144523 2743
144523 144486 2743
144523 144524 818
144523 144533 2252
144531 144533 974
144536 144537 764
144673 144537 1944
144673 144674 818
144623 144625 822
144623 144674 2051
144622 144624 755
144622 144625 2087
144650 144624 2069
144650 144651 778
144652 144651 2024
144652 144666 862
144665 144666 1956
144665 144667 753
145279 139775 75
145279 139775 75
145287 145286 107
145287 145286 107
139892 139893 805
139892 139894 1710
139898 139894 798
150682 139893 1673
150682 150395 1617
150682 150683 870
150611 150610 582
150611 150612 377
150626 150613 1508
150626 150628 781
151767 150605 823
150635 150628 1085
150635 150637 897
150588 151840 448
145284 150647 197
145284 150653 682
145285 150650 868
145285 150652 1211
145285 150685 1605
150395 150396 50
150395 150682 1617
150683 139899 1725
150683 150682 870
150683 150685 694
140184 139894 1715
140184 140192 232
140193 140202 656
140193 140204 2089
140209 140204 681
140209 140248 980
140249 140252 225
140253 140252 858
140253 140255 827
140253 140266 1860
140265 140266 778
140265 140268 2244
140269 140268 812
140269 141579 1600
141577 141579 711
141577 141592 776
141588 141592 204
141588 141594 2352
142323 142327 779
142323 142492 2443
142491 142492 851
142491 142502 2383
142501 142502 869
142501 142530 2371
142515 142519 2533
142515 142530 719
142518 142519 834
142518 142527 2522
142526 142527 801
142526 144478 2479
142325 142326 860
141594 141588 2352
141594 141595 859
141906 141595 2383
141906 141905 868
141922 141907 426
141922 141924 686
141924 141907 597
141924 141922 686
141924 141925 829
141924 141926 837
142011 141926 531
142011 142017 2444
142021 142019 320
142021 142028 1242
142028 142021 1242
142028 142031 257
142029 142042 221
142041 142043 1043
142041 142051 1929
142050 142054 1096
142561 142054 949
142561 142562 2393
142567 142562 984
142567 142573 767
142573 142567 767
142573 142576 954
142573 142577 2295
142574 142577 1124
142574 142603 2341
142600 142603 993
142600 142608 2340
142607 142608 918
142607 142718 2376
142319 142326 823
142319 142331 644
142494 142333 1485
142494 142500 767
142717 142508 773
142717 142718 845
142717 142723 2295
55462 55456 890
55462 55458 1422
55462 55463 751
56104 55463 1346
56104 56105 751
56107 56105 1483
56107 56108 751
56108 54994 1422
56108 56107 751
56108 56120 1275
55471 55470 6298
55471 56135 615
55473 55472 445
204512 204513 1748
204663 204513 868
204663 204664 1702
204672 195577 1248
204672 204664 773
204720 204704 1169
204720 204723 824
204737 204727 1150
204737 204760 774
204737 214521 822
204739 214521 145
204734 204733 2295
204766 204768 255
207735 207736 4822
204867 204865 3401
204867 214480 1529
207719 214566 556
207734 207871 1658
144671 144668 847
144671 144670 1981
144743 144670 805
144743 144734 2069
144667 139774 1249
144667 144665 753
144667 144668 1963
144744 144734 836
144744 144737 2087
144738 144736 1952
144738 144737 826
144750 144742 1926
144750 144752 815
145306 144752 2083
145306 145307 154
144739 144736 793
144739 144741 2051
144739 144742 649
145318 145317 323
145318 145319 316
145318 145321 1053
145322 144780 1321
145325 144776 2257
145325 144780 745
144777 144764 2399
144777 144776 776
144777 144781 955
145118 144781 72
145118 145117 104
145478 145117 1666
145478 145479 826
145486 145485 805
145486 145488 1429
145488 145486 1429
145488 145489 493
145488 145490 458
145506 145508 353
145506 145509 2161
145507 145514 2241
145508 145490 604
145508 145506 353
145515 145514 744
145515 145519 1430
145572 145519 858
145572 145573 744
145572 145575 1471
145573 145572 744
145573 145576 780
145573 145577 1468
145576 145573 780
145576 145578 1510
145407 145427 777
145407 145751 1791
145750 145751 751
145750 145752 1238
145749 145748 774
145749 145752 851
145749 145758 1440
145748 145749 774
145748 145753 1382
145589 145753 806
145589 145754 1468
145591 145614 1451
145591 145754 777
145587 145578 819
145587 145607 1361
145612 145607 830
145612 145613 1385
145612 145614 773
145427 145407 777
145427 145763 1738
145764 145763 767
145764 145769 1454
145768 145769 797
145768 145771 1393
145810 145771 779
145810 145819 1511
145822 145819 672
145822 145823 726
145822 145824 1382
145823 145822 726
145823 145825 1324
145838 145825 680
145838 145840 1475
145843 145840 668
145843 145865 1733
145866 145865 795
145866 146045 1734
146046 146045 735
146046 146048 809
146046 146051 735
146048 146046 809
146048 146053 523
146068 146053 786
146068 146069 2543
146070 146069 777
146070 146073 1794
146081 146073 775
146081 151454 1899
151456 151454 816
151456 151477 1939
151544 151546 1724
151544 151549 3133
151545 151575 1793
151545 151576 815
151488 151575 726
151488 151578 1865
151529 151531 1895
151529 151533 818
151530 151533 536
151530 151534 931
151543 151548 2439
151486 142100 1915
151486 151477 743
203808 203816 434
204511 204501 402
204511 204514 1181
203810 203811 1576
203812 203811 755
203812 203819 893
203826 203819 885
203826 203831 1702
203830 203829 544
203830 203836 1612
203830 204409 751
203835 203831 261
203835 203837 3236
204413 204411 611
204415 204412 1044
204415 204417 1805
204428 204430 344
204485 204486 356
204485 204487 1323
204494 204487 598
204494 204493 724
204494 204495 1179
204493 204494 724
204493 204496 1306
204501 204506 706
204501 204511 402
208583 208584 936
208583 208585 449
208571 208543 662
208571 208573 1237
208571 208611 1982
208543 208571 662
208543 208572 2105
208544 208572 768
208544 208595 846
208540 208593 575
208540 208594 1026
208560 208557 785
208560 208561 724
208560 208562 2672
208575 208580 614
208578 208579 915
208578 208580 1510
208179 208178 802
208179 208181 1934
208178 208179 802
208178 208588 1882
208584 208583 936
208584 208588 758
208584 208589 444
207800 207846 625
207801 207736 2316
207801 207843 429
207801 207844 856
207847 207846 104
207847 207869 1646
208553 208556 346
207870 207869 617
207870 214930 1915
208190 208181 692
208190 208600 1747
208602 208600 867
208602 208604 2844
208602 208653 1055
208650 208651 487
208410 208655 790
208420 208655 1389
208420 208670 679
208470 208471 786
208475 208471 1935
208475 208476 760
208476 208475 760
208476 208494 834
208476 208495 1595
208498 208495 764
208728 208723 1756
208728 208729 649
210729 211155 2749
210729 214543 2329
210729 214579 609
210759 210760 808
210759 210763 1638
210759 214579 1068
210763 210759 1638
210763 210764 679
210763 210774 2419
210774 210763 2419
210774 210775 659
210774 210777 611
210999 210777 683
180634 180635 1055
180634 180672 905
180673 180675 789
180674 180675 709
180674 180677 1357
180674 180680 682
180238 180237 2962
180238 180239 1000
180259 180237 667
185572 185722 896
176649 180271 63
176653 176652 599
176653 180412 782
180641 180411 1955
166518 166402 1101
166526 166508 2668
166526 166525 842
166525 166523 2557
166525 166526 842
166533 166522 1449
166575 166576 889
166575 166706 1200
166575 166723 1004
166723 166575 1004
166723 166707 1179
166648 166649 421
166672 166671 842
166672 166746 1483
166721 166720 3140
166721 166722 404
166676 166677 483
166671 166672 842
166671 166678 1014
166699 166712 590
166711 166712 2007
166711 166720 842
166701 166709 445
166701 166710 505
166708 166707 505
167199 167194 1717
167199 167198 1124
167210 167205 1546
167210 167209 1901
167178 167177 818
167178 167185 1419
167180 167181 505
167180 167185 1248
167176 167165 581
167176 167184 796
167176 167187 1774
167177 167178 818
167177 167182 1856
167177 167191 1398
167166 167151 1182
167166 167165 475
167173 167174 562
167173 172174 926
167093 167211 374
167092 167085 1161
167092 172667 906
166682 166681 250
166714 166715 650
167004 166756 2866
167004 167003 782
167004 172478 871
167070 167037 630
167070 167072 1769
172666 167087 965
172668 172667 1098
167036 167035 333
167036 167037 850
167146 167145 2321
167146 167156 871
167157 167156 1085
152399 152397 2178
152399 152402 1268
162548 152402 2838
162548 162547 924
180680 180674 682
180680 180681 1719
180682 180681 420
180410 180411 757
180493 186057 328
180169 180168 734
180169 180172 1180
180169 180386 796
180390 180389 924
180390 180401 1151
180394 180389 3043
180394 180395 782
180401 180390 1151
180401 185967 225
180176 180170 778
180176 180177 2694
179695 179696 6550
180407 180500 1167
180422 180409 2294
180422 180442 1336
180482 178647 3240
178646 178647 351
178646 186064 270
170625 170263 1000
170625 170621 435
185269 173600 1550
173601 173604 782
173601 173609 751
169508 169507 1576
169508 169840 682
181988 181989 1055
181988 182238 3303
182242 182238 1120
182242 182241 511
182242 182317 336
182211 182210 2192
182211 182222 1417
181919 179715 562
181919 181920 990
181919 181924 841
181926 181924 452
181926 181930 1198
181928 181930 222
182121 182120 445
182121 182137 1779
182137 182121 1779
182137 182129 445
182137 182143 1304
182137 182150 562
182150 182137 562
182150 182149 354
182157 182149 452
182157 182203 1739
182203 182148 452
182203 182157 1739
182201 182145 1248
182201 182200 1386
182201 182202 470
182218 182200 688
182218 182217 951
182218 182219 1293
182210 182211 2192
182210 182220 1417
182219 182218 1293
182219 182220 1293
182219 182223 951
181993 181992 517
182239 182238 1293
182239 182240 1739
182352 182334 2822
182352 182353 796
173610 173608 889
173610 173609 841
173612 173640 254
152189 152213 435
152257 152258 362
152257 152309 1502
152303 152304 4536
152303 152310 300
152260 152261 2542
152260 152329 951
152328 152327 1085
152328 152331 1614
152398 152397 1111
152398 152405 2838
152405 152398 2838
152405 152407 1085
152405 152462 2532
152463 152332 2724
152463 152462 1055
152463 152476 581
152886 152889 790
152888 152889 1014
152888 152904 517
176434 176439 1094
176436 152904 581
176436 176441 1016
176440 176439 667
176440 176441 893
176440 176444 1282
176438 176439 778
176438 176446 1352
152307 152304 870
152897 152896 2013
152216 152215 5391
152893 152895 1089
152911 152910 2283
152927 152925 2345
152891 152890 337
152891 152892 651
185774 185772 2811
185774 185790 2656
185777 185776 709
185777 185941 3038
173866 173865 4837
173866 173867 4531
173564 173565 1619
173564 173718 3343
173571 173572 3094
173571 173644 2241
173565 173517 10228
173565 173564 1619
173689 173688 1089
173840 173841 1258
173840 173848 2468
173843 173842 1085
173843 173845 1258
173844 173852 8616
173844 173858 4434
173844 173883 2110
173884 173883 3159
176446 176438 1352
176446 176445 782
152905 152890 851
152905 152902 1179
152905 176443 333
152913 152914 796
152913 153007 1469
153008 153007 905
153008 153015 683
176455 176456 818
176455 176456 818
176455 176460 2369
175333 175332 1848
176464 155487 1719
176464 175332 871
153029 153030 276
153027 153026 1987
176460 175306 796
176460 176455 2369
176460 185486 2340
152044 152042 1327
152044 172798 1090
155517 155514 673
155517 155526 1641
155511 155504 873
155511 155514 2058
155505 155504 2587
155505 155506 355
155506 155489 605
155506 155505 355
175331 155489 1398
175331 175332 709
175951 175952 828
175951 175953 796
175997 175996 202
175997 176005 2237
176480 176481 893
176483 176481 673
175992 175990 1448
175992 176489 2988
176467 176468 782
176467 176488 3300
175943 175955 238
175943 176004 1178
176003 176002 1100
176003 176007 2335
175995 175993 2341
175995 175994 2229
175993 175994 849
175993 175995 2341
175487 176481 421
155685 172799 5329
152062 152061 1010
186094 176466 2026
152039 152040 1111
152039 155525 751
155574 155525 2283
155574 155575 893
152055 152054 782
152055 155608 2035
155606 155570 1282
155606 155607 1016
155606 155611 1114
152054 152055 782
152054 155612 766
152068 152067 1055
152068 155612 2241
175910 175909 751
175910 175980 1873
175981 175980 871
175985 175984 1225
175985 175986 581
175818 175813 667
175818 175817 1010
175845 175817 782
175845 175834 1100
175831 175832 1436
175831 175834 778
175828 175829 889
176973 177104 2002
177103 177106 571
177001 177022 673
177004 177019 629
177006 177018 664
176935 176937 673
176935 176947 1467
176941 176940 122
176948 176947 682
176948 177032 682
176948 177035 1344
177023 177024 2365
177023 177033 952
177024 177023 2365
177024 177039 926
175851 175836 849
175851 175852 672
175851 175888 673
175884 175852 757
176083 176082 884
176083 176086 677
176083 176103 952
176093 176086 1188
176103 176083 952
176103 176097 751
176103 176104 1221
176097 176098 517
176097 176103 751
176097 177175 818
176085 176086 709
176067 176075 1032
176067 176082 3980
176067 176088 1209
175895 175906 1124
176075 176067 1032
176075 176080 373
176932 176933 765
176932 176934 452
176932 176945 344
177160 177159 952
177160 185339 3002
175810 175813 893
175810 185474 682
175812 175813 926
175812 175817 672
175823 175817 1094
175823 175834 672
175836 175829 672
175836 175851 849
176931 176946 782
176942 176943 476
176668 176667 796
176668 176786 757
176790 176789 667
176796 176779 673
176796 176854 878
176875 176854 202
176875 176874 677
176886 176885 893
176881 176884 3112
176881 176895 505
176883 176878 1334
176883 176885 1114
176900 176899 939
176900 177081 810
173864 173863 3377
173864 173865 11353
173864 176646 3028
174978 174979 105
174978 174980 71
174992 174989 1421
174992 185230 1483
174989 174992 1421
174989 185817 2126
176641 176642 884
175021 175022 517
175021 175023 924
175021 175029 276
175032 176663 434
176636 176635 1402
176636 176755 8386
210778 210776 1004
210778 210777 1168
195861 195860 285
195861 211352 815
211414 211358 750
199595 211419 238
211418 211416 822
211418 211419 2004
211002 211000 779
211002 211003 1157
211003 211001 767
211003 211002 1157
211003 211008 927
211008 211003 927
211008 211318 2350
211008 211319 110
211324 211322 286
211345 195860 1306
211345 211343 426
211345 211346 507
166448 166449 683
166446 166447 927
166446 166449 1447
166428 166404 766
166428 166429 672
166428 166447 1445
165040 165043 355
165042 165038 1366
165042 165071 581
165077 165076 552
165302 167278 606
165239 165238 581
165239 165261 710
165256 165257 1419
165256 165259 796
165248 165249 465
165248 165259 1419
165238 165239 581
165238 165311 790
165298 165323 650
165316 165317 789
165316 165323 630
165314 165313 374
165326 165325 511
165326 165328 1812
165327 165328 562
165329 167290 276
166462 166461 782
166462 166465 778
166462 166487 1172
166463 166467 674
166463 167279 1556
166458 166480 674
166460 166461 667
166460 166489 337
166479 166478 950
166470 166469 546
165021 165046 506
165021 172655 1881
165015 165037 1449
165039 165038 1095
165039 165044 556
165022 165029 475
165022 165033 1389
165024 165035 1185
165024 165036 556
165034 165033 581
165034 165035 672
165029 165022 475
165029 165032 1348
165031 165032 562
165064 165063 818
165064 165065 276
163062 172690 221
164472 164473 506
172687 172688 1081
164376 164437 751
164436 164437 673
164436 164438 2272
164450 164814 672
164433 164430 1091
164433 164432 541
164460 164461 940
164460 164462 874
165166 165168 790
164381 164355 1542
164381 164363 499
164360 164359 1032
164365 164359 828
164365 164380 1632
164362 164357 1293
164384 164357 2510
164384 164388 2646
164429 164428 1211
164429 164431 612
164425 164428 2171
164434 164417 610
164434 164435 630
164414 164415 850
164414 164464 1000
161384 161383 874
161384 161387 1002
161380 161383 818
161380 161386 2452
161382 161386 688
161382 161397 767
161397 161382 767
161397 161398 684
161400 161398 1357
161400 161401 595
164352 164351 600
164352 164699 2129
164342 164346 662
164342 164351 1067
164344 164346 520
164536 164535 344
164536 164539 1936
164558 164539 789
164574 164575 808
164574 164706 1140
164575 164574 808
164575 164705 1357
164704 164702 1471
164704 164705 790
164708 164564 672
164708 164701 667
164552 164553 759
164552 164711 790
164552 164719 688
164714 164713 80
164563 164562 688
164563 164564 710
161392 161393 238
161392 161401 1189
164531 164528 1537
164531 164541 1689
164541 164528 511
164541 164531 1689
164550 164549 872
164579 164549 1121
164579 164577 1028
164537 164535 374
164537 164538 2210
211446 211420 1712
211446 211421 990
211446 211447 976
211465 211447 2147
211465 211467 875
212095 211469 827
212095 212108 143
212113 212105 320
211443 211444 1245
211443 211456 653
212111 211444 395
212111 211554 989
212111 211555 1094
212111 212170 765
212189 212170 2024
212189 212190 753
212189 212192 1021
212195 212192 1907
212195 212196 1759
212195 212197 990
212195 212201 973
212196 212192 1753
212196 212195 1759
212196 212232 766
212105 198867 354
212105 212104 1029
212105 212112 897
212105 212113 320
212106 198867 38
212106 211476 1055
215014 198867 783
211461 211458 892
211461 211459 2096
211461 211471 417
211461 211475 1575
211476 211474 719
211476 211475 548
211476 212104 345
211476 212106 1055
211458 211457 1928
211458 211461 892
211458 211472 706
211458 211473 1650
211472 211458 706
211472 211463 255
211472 211473 1768
212456 212365 328
212456 212444 1350
212456 212445 744
212460 212365 477
212460 212461 608
212460 212462 781
212460 212463 544
212463 212365 765
212463 212460 544
212463 212466 1259
161407 161406 3271
161407 212366 1281
212432 212366 380
212432 212424 609
212514 212366 347
212235 212237 1016
212236 212232 674
212236 212237 955
212247 212435 892
212436 212435 1562
212436 212438 752
212438 212436 752
212438 212437 1200
212438 212443 745
212443 212437 1350
212443 212438 745
212443 212444 164
212424 212422 329
212424 212423 1772
212424 212432 609
161388 161387 330
161388 212431 1187
114638 114637 923
114656 114637 1075
114656 114645 335
114650 114645 472
114386 114387 735
114305 116164 1225
114590 114585 671
114590 114589 1498
114574 114589 671
114598 114589 1848
114598 114599 837
114039 114043 502
116258 116257 1398
116259 116257 2315
119117 119153 3190
119350 119349 251
119351 119349 1114
119414 119415 1113
119414 119423 1544
119422 119421 687
119422 119423 1139
119412 119421 1872
119418 119419 679
119418 119421 672
119419 119418 679
119419 119424 845
119425 119424 1695
114845 114844 1444
114897 91977 2960
114917 114918 660
114902 114903 1915
114938 114931 3265
114928 114927 1273
115026 114927 1248
115026 115024 733
115026 115036 1327
115024 115023 1390
115024 115026 733
115036 115023 744
115036 115026 1327
92076 115029 990
92108 92109 137
102180 92109 999
92134 92135 4356
92137 92135 5890
92285 92203 884
92286 92203 533
115403 115338 2099
115402 115396 4276
115402 115401 6845
115331 115330 261
115336 115330 1997
115430 115431 2126
115430 115434 772
115434 115430 772
115434 115433 474
115393 115395 649
115396 115395 2278
115396 115402 4276
115424 115429 1597
115427 115429 2063
115427 115436 587
115459 115429 1590
115712 115713 1442
115714 115713 666
115671 115670 1055
115672 115670 550
115674 115670 713
115688 115690 1598
115734 115690 7025
115736 115726 4859
115441 115443 4418
115442 115443 2810
105810 105812 5207
116299 105812 1572
106760 106759 782
106760 107026 1347
107027 107026 639
116297 106979 308
107053 107043 1395
107060 107043 2590
106957 106956 1096
107049 106956 1343
107133 107134 988
107152 107134 838
107384 107369 1024
107384 107385 1111
107385 107370 434
107385 107384 1111
107291 107292 1558
107291 107373 598
107292 107291 1558
107292 107293 1114
107115 107131 336
107230 107131 539
107228 107227 1166
107228 107231 1084
107228 107231 1084
107227 107228 1166
107227 107381 1000
107288 107287 2229
107387 107287 516
107163 109506 1648
107485 107489 4286
107488 107489 4465
107524 107489 1577
107320 107506 1772
107507 107506 1264
107330 107331 1653
107330 107332 904
107331 107330 1653
107331 107332 1431
109502 109503 755
92815 92814 949
92816 92814 1537
92965 92908 238
102819 102820 6723
92836 92838 4216
92868 92838 2334
92943 92904 373
92944 92904 1383
92951 106711 419
106739 106711 1557
106739 106738 1426
106738 106739 1426
106738 106740 778
113732 106740 2101
106742 106922 419
106759 106760 782
106759 106920 1263
105816 105815 8045
115778 115779 1498
115778 115987 905
115779 115778 1498
115779 115987 1195
115986 115983 2700
115986 115989 867
115983 115986 2700
115983 116003 746
116006 116008 852
116001 115999 1577
92726 92755 1493
115998 115996 3949
191539 191914 2651
191507 191511 942
191791 191511 1550
190881 191792 501
191714 191736 1693
192763 192760 1276
191059 191936 680
191782 191940 372
194035 191940 1210
191875 191838 911
194473 191838 1214
191956 191774 1332
192778 192779 2051
192780 192782 3171
192783 192782 9639
192995 192981 2187
192995 192981 2187
192995 192994 863
192994 192995 863
192994 193120 5387
194134 193120 806
192991 192982 937
193957 192982 1003
193957 192984 691
193958 192984 511
193134 193132 423
193928 194067 161
194069 194067 705
109458 109457 4903
109783 109782 556
109788 109782 3525
109790 109789 3446
109856 109855 969
109863 109862 598
109870 109869 452
109884 109883 434
107768 107770 114
110994 107770 2714
110993 110992 1449
110949 110948 1482
110991 110948 746
109842 109841 893
110953 109841 930
110968 110967 557
110968 111166 181
111096 111095 836
111096 111097 1834
111166 110968 181
111166 111097 491
111100 111095 2031
111100 111173 836
111174 111173 1361
111174 111192 672
111323 111192 1584
111323 111319 672
110966 110965 889
111318 111319 336
111318 111346 557
111346 111318 557
111346 111458 1618
111461 111458 750
111461 111459 536
111459 111460 975
111459 111461 536
111459 111466 696
103341 103342 1066
103341 103343 580
111348 103343 1166
111464 111465 805
103359 103342 667
103360 103342 2310
111468 111467 672
111222 111221 1264
111225 111221 1055
111225 111224 923
111224 111223 2276
111224 111225 923
111224 111233 475
111234 111233 2224
111234 111544 1264
111544 111234 1264
111544 111902 2103
111553 105274 1084
111553 111554 930
111553 112033 1973
111551 111552 1004
111551 111554 336
111551 112036 551
105274 105275 877
105274 111552 2018
105274 111553 1084
111549 111548 2354
111588 111548 782
111588 111586 889
111588 111591 1599
105275 105274 877
105275 111550 628
111584 111583 782
111586 111583 1515
111586 111588 889
112065 112066 1008
112070 112071 1187
111721 111723 672
111721 112085 3109
111692 111723 2186
111728 111723 782
111728 111729 889
111728 112141 3199
111729 111728 889
111729 112142 3031
112143 112142 688
112143 112144 905
112144 112143 905
112144 112156 1528
112157 112156 1426
112159 112160 1592
112159 112167 681
112213 112160 764
112213 112167 1576
112213 112214 1466
112213 112229 764
111755 111757 1447
111755 111776 847
111756 111744 756
111756 111757 840
111756 111767 1445
111776 111755 847
111776 111774 1336
111676 111675 504
111676 111733 475
111735 111733 1445
111674 111677 516
111674 112578 344
112578 111674 344
112578 111677 475
111675 111676 504
111675 111678 1085
112586 112585 1014
112586 112648 672
112603 112604 975
112603 112648 1786
111736 111737 1334
111738 111737 672
111744 111737 756
111744 111749 1447
111744 111756 756
112604 112603 975
112604 112611 557
111771 111773 1447
112170 112174 1445
112185 112179 516
112185 112184 279
112185 112189 1222
112161 112160 847
112161 112190 1592
112187 112188 1268
112187 112190 877
112160 112159 1592
112160 112161 847
112160 112194 1565
112160 112213 764
112189 112185 1222
112189 112188 1279
112606 112607 336
112717 112704 1944
112717 112716 836
112717 112719 696
112717 112721 2010
112695 112696 475
112705 112704 275
112721 112717 2010
112721 112730 697
112721 112734 2010
112771 112734 750
112771 112783 2010
113007 112734 2614
113007 112783 1032
113007 113006 354
113006 113005 279
113006 113007 354
113006 113009 672
112893 112889 222
112893 113333 1796
113334 112889 610
113334 113332 1631
113339 113338 252
113341 113338 1955
113341 113343 354
104305 104315 2173
104305 105717 950
105721 105717 1467
105718 105719 1062
104316 104315 1031
104316 104328 1467
104329 104328 905
104329 104331 951
112782 112783 1114
112786 112787 452
103329 103328 737
103329 103331 836
103328 103329 737
103328 112788 1344
103322 103321 1447
103322 112769 1167
112769 103321 872
112769 103322 1167
112715 112718 1273
112716 112717 836
112716 112718 557
112723 112718 2016
112712 112720 612
112766 112789 9500
112796 112789 4334
112796 112795 3167
112798 112789 1848
112795 112775 1293
112795 112796 3167
112779 112780 452
112889 112780 1827
112889 112893 222
112889 113334 610
112812 112811 796
113845 112811 2284
103314 103313 1014
104507 104505 796
104507 104506 2148
104513 104506 905
104513 104510 950
104513 104523 2011
104333 104331 344
104333 104336 747
104336 104333 747
104336 104505 951
104511 104510 222
104511 104518 580
104437 104438 1686
104439 104438 889
104439 104441 672
104441 104439 672
104441 104562 536
104564 104433 605
104564 104563 885
104431 104433 612
104430 104429 696
104430 104565 1557
104565 104429 1810
104565 104430 1557
39230 39597 1576
39230 39779 3762
39598 39597 836
39598 39602 1697
39600 39602 1093
39801 39802 649
39801 39804 1028
39801 39806 1209
39573 39575 2561
39573 39606 884
39617 39575 1353
39617 39619 650
39617 50253 685
39536 39539 1613
39538 39539 650
39538 39611 2834
39593 39603 1254
39593 39623 238
39594 39603 878
39777 39779 1257
39783 39779 2458
39791 39782 336
104758 104759 4309
39214 39434 84
104746 104754 1220
104753 104754 708
104819 104820 551
104819 104826 1669
113705 104820 847
104839 104821 1198
104871 104821 245
113615 104821 516
104826 104819 1669
104826 104825 536
104928 104939 806
104942 104939 947
104916 104941 1283
104946 104941 750
104946 104945 736
104946 104955 1695
104945 104944 824
104945 104946 736
104955 104944 612
104955 104946 1695
104952 104953 836
104952 105050 2553
104954 104953 536
113879 105055 94
105047 104420 120
105047 105063 473
105048 105063 1811
104420 104419 417
104420 105047 120
104421 104419 872
105014 105040 551
105060 105059 1475
113924 104774 120
104461 104460 1734
104461 105041 939
105019 105018 819
105019 105020 1085
105039 105020 1502
105039 105042 1141
105042 105039 1141
105042 105041 1501
39561 39576 336
39577 39576 1533
39577 39639 551
39638 39639 836
39638 39644 610
39644 39638 610
39644 39653 799
39654 39653 525
39640 39643 697
39640 39664 677
39468 39469 511
39468 39641 1777
39643 39640 697
39643 39641 713
39469 39468 511
39469 39642 2579
39474 39642 747
39474 39646 650
39472 39471 4361
39647 39646 1152
39389 39452 677
39441 39452 2556
39454 39452 2248
39485 39488 1458
39489 39488 3030
39680 39684 2299
39680 39685 336
39684 39680 2299
39684 39693 3019
39694 39693 650
39695 39693 1342
39746 39749 1221
39751 39749 1692
39753 40506 2690
40486 40506 709
40490 40508 1161
40490 40509 984
40513 40515 1779
50262 41014 713
40534 40541 1079
40542 40541 788
40532 41028 558
40533 41028 452
41132 41133 870
41134 41133 2496
41134 41139 476
41135 41133 751
41135 41137 1483
41135 41141 2605
41141 41135 2605
41141 41139 336
41141 41142 476
40555 40556 1829
40553 40580 2955
40633 40634 756
40636 40634 1024
40861 40639 2412
40861 40862 750
40863 40862 2070
40863 40865 630
40867 40865 2357
40867 40873 1019
40882 40873 2586
50406 40886 1802
40884 40885 2377
40884 40887 572
50581 40899 994
40887 40884 572
40887 40889 1121
