1004
184686 184652 475
184686 184692 1678
184654 184652 474
184516 184514 713
184516 184521 926
184520 184510 924
184651 184652 976
184651 184700 747
184656 184655 627
184702 184655 2380
184702 184700 3299
184702 184703 610
184590 184510 1535
184590 184589 222
185728 185729 1026
183120 183159 238
183032 183033 1636
183032 183337 1535
183178 183175 556
183178 183342 1387
183144 183142 581
183144 183168 2612
183173 183167 796
183149 183150 796
183149 183346 2069
183344 183346 796
183175 183178 556
183175 183364 818
181730 181728 757
181730 181731 344
181736 181735 435
181736 181737 333
181746 181747 1357
181710 181711 947
181713 181714 1697
181756 181757 2929
180851 180868 397
180853 180846 1099
180853 181671 1014
180847 180846 1719
180847 180848 3708
180847 181602 3659
180858 180857 2149
180858 180863 610
181612 181613 905
181677 181676 801
181677 181720 547
181681 181688 562
181620 181619 769
181620 181621 3454
181683 181614 1375
181683 181619 772
182657 181613 1140
181648 181634 976
181648 181647 2459
181648 181689 789
181672 181674 796
181672 181689 1034
181678 181676 222
181694 181695 884
181694 181719 1449
181659 181660 932
181659 181666 1454
181697 181696 672
181705 181702 1790
181705 181703 1377
181702 181703 951
181702 181705 1790
181707 181708 438
181707 181716 1906
182047 182067 653
182060 180865 1257
182060 180867 389
182057 182055 589
182057 182058 1302
182693 182054 841
185804 182066 2147
182053 182054 1225
182840 182052 1085
182845 182052 218
182845 182832 1001
182843 182830 452
182843 182855 1224
182849 182850 1227
182849 182854 1447
182849 182879 751
182846 182847 4679
182880 182881 276
183490 183489 925
183490 183670 1447
183669 183667 841
183669 183670 765
183678 183667 1796
183678 183680 2005
183680 183668 3812
183680 183678 2005
183682 183681 4008
183682 183691 757
183630 183691 1114
183699 183693 1293
183699 183701 1633
183701 183699 1633
183701 183700 517
166507 158653 202
166507 172892 1111
174031 174032 3482
174031 174033 1686
174041 174048 6024
174027 174026 1559
174027 174030 677
177225 177226 785
177225 177228 433
182578 182577 629
182578 182579 537
182577 182576 697
182577 182578 629
184000 183995 1004
184000 184021 1771
184020 184019 3289
184020 184021 2440
184013 184014 2126
174047 174046 2838
174047 174048 761
174047 174096 6477
174066 174067 367
174066 174072 2525
174073 174072 487
174073 174074 3701
174062 174060 2107
174062 185231 1780
185229 184044 5059
174039 174046 1519
183283 183282 884
183283 183296 1267
183283 183314 1781
183294 183293 765
183312 183313 435
183312 183754 873
183752 183754 344
183743 183753 2028
183739 183774 2044
183775 183774 932
183775 183777 452
183793 183794 1114
183795 183794 1016
183795 185865 562
183792 183791 354
183792 183800 842
183789 183790 2113
183789 183998 673
183048 183049 1117
183048 183050 796
183033 183032 1636
183033 183331 1682
183306 183345 796
183330 183331 1083
183330 183334 562
183330 183345 1933
183318 183321 611
183318 183324 1016
183318 185627 259
183377 183345 1498
183377 183400 796
183377 185626 276
183325 183321 391
183325 183323 952
183325 185623 589
183327 183316 796
183327 183323 1810
183327 183757 766
183282 183283 884
183282 183313 870
183282 183316 1234
210421 210426 817
210421 210427 2447
210422 210427 733
210422 210436 1322
210425 210430 853
210408 210406 624
209516 209513 766
209516 209531 973
209531 209516 973
209531 209523 608
209533 209525 1384
209533 209534 568
209603 209604 817
209603 209606 1274
209613 209606 750
209613 209652 1974
209623 209651 1845
209623 209652 743
209657 209651 867
209657 209660 1636
210139 210145 608
210142 210143 755
210142 210144 1684
210151 210146 1332
210151 210152 649
210143 210142 755
210143 210155 369
210143 210156 1922
210161 210155 1300
210161 210162 810
210221 210222 2059
210219 210162 2032
210219 210220 697
210219 210222 779
210223 210195 611
210223 210224 1979
210195 210223 611
210195 210239 270
210214 210215 1010
162687 162688 790
162687 162816 1055
162815 162816 790
162815 162817 1505
162821 162817 709
162821 162846 1357
162848 162846 1631
162851 162844 1967
162851 162847 850
162879 162880 475
162879 163251 2274
162880 162879 475
162880 162881 3223
162889 162888 683
162889 162911 1206
162900 162911 752
162853 162844 828
162853 162854 1221
162853 162857 752
162903 162904 79
162903 162908 84
162908 162903 84
162908 162904 31
162862 162859 630
162905 162904 207
162905 162917 2273
162857 162853 752
162857 162858 1221
162857 162861 906
162902 162906 475
196008 161346 704
198808 196814 1138
210431 210429 707
210431 210430 867
210491 210429 1593
210491 210490 804
210491 210494 1609
210496 210494 707
178700 179104 152
178700 179108 788
179202 179178 697
179202 179201 2155
179177 179178 976
179200 179130 751
179200 179201 1262
179176 179179 452
179130 179131 3558
179130 179200 751
179132 179131 581
179258 179259 796
179258 179302 709
179324 179325 589
179324 179325 589
115373 115375 1729
115373 115496 901
116076 116075 4440
116076 116077 1109
115546 115547 1411
116075 115545 1351
116075 116076 4440
113859 115880 3770
106290 106291 2153
106290 106300 1146
106403 106404 7863
106403 106405 3976
32378 106793 490
32347 32348 2727
32347 32391 718
35007 106408 818
32384 32383 630
32441 29475 527
29472 29473 93
114751 114752 980
114737 114735 2919
114737 116205 603
194113 194114 502
193137 193112 670
193137 193138 796
193140 193141 944
193140 193151 64
193087 193085 143
193087 193086 174
193119 192909 926
193119 193124 817
193149 193144 891
193121 193130 307
193121 193131 562
193142 193141 2345
193159 193163 436
193166 193169 201
193179 193178 106
193208 193207 452
193208 193209 201
190964 190963 777
190968 192124 545
193237 193238 1542
193237 193239 670
193241 193242 803
193251 193259 482
193251 193260 469
192177 192178 1979
192206 192456 1260
192206 192457 1592
192151 192145 377
192151 192150 762
192262 192387 865
192262 192475 632
192152 192143 2572
35132 35130 1218
35132 35130 1218
35149 35146 360
29493 29468 951
29493 29494 1069
29494 29469 1182
29494 29493 1069
30833 30823 426
30829 30830 825
30837 30836 1527
30837 30839 935
30854 32588 1430
30854 32589 3821
32587 32598 1516
32587 32601 1391
31721 31720 221
31721 35198 1216
31765 31738 492
31765 31767 440
31769 31768 2344
31769 31771 1586
32669 32670 1052
32697 32698 370
29521 29489 1261
29521 29506 1471
29521 29541 1248
29523 29525 1055
29523 29532 4620
30380 30377 3222
30380 30379 2267
30382 29551 1134
30382 30381 2726
30386 30387 1458
30386 30388 1343
30396 30397 2318
30414 30410 855
30414 30415 2222
30772 30757 1896
30772 30759 1335
30781 30783 465
30802 32547 4646
32500 8337 877
32500 32469 3351
32502 32513 4794
32502 32521 1944
32513 32502 4794
32513 32514 3518
32555 32556 1530
30803 30814 2133
30803 30815 1570
34831 30816 1014
34831 34832 1494
34209 30816 1666
34209 34211 860
34210 34965 713
30558 30557 417
30558 30560 350
30825 30826 1420
35008 29473 2353
29482 29480 792
29482 29481 2029
29519 29506 1048
29519 29520 1233
29519 29525 772
31738 31737 1821
31738 31765 492
31749 31750 2631
31749 31762 2108
31615 31616 2018
31763 31750 3200
31774 31773 895
31774 31776 651
31790 31616 623
31790 31795 662
31828 35022 421
31828 35023 2448
32885 32859 1407
32885 32887 1813
32901 32890 823
32901 34743 1601
32920 32913 1419
32920 32923 604
32980 32981 1863
32981 32980 1863
33121 33119 1877
33121 33122 826
33119 33121 1877
33122 33121 826
33629 33630 876
33630 33629 876
17070 17071 713
17071 17070 713
17161 17166 788
17166 17161 788
17305 17306 1055
17306 17305 1055
17794 17797 707
17797 17794 707
17812 17813 2689
17813 17812 2689
17758 17764 2063
17764 17758 2063
17864 17875 869
17875 17864 869
18189 18188 344
18188 18189 344
18304 18313 1691
18313 18304 1691
18975 18964 2542
18964 18975 2542
25291 25292 826
25292 25291 826
26425 26423 1409
29166 29167 1073
29167 29166 1073
26423 26425 1409
53238 53242 1275
53242 53238 1275
54992 55561 709
55561 54992 709
55569 55580 1211
55580 55569 1211
141225 141263 1581
141205 140988 1340
195421 195388 677
195388 195421 677
141263 141225 1581
140919 140924 648
140924 140919 648
140979 140985 1725
140985 140979 1725
140985 140989 896
140988 140989 501
140988 141205 1340
140989 140985 896
140989 140988 501
189717 190266 739
189715 189713 790
189713 189715 790
189709 189708 822
189708 189709 822
186568 186559 704
186559 186568 704
186560 186564 295
186564 186560 295
186716 186720 254
186720 186716 254
141009 140760 755
140756 140759 785
140760 141009 755
140759 140756 785
140759 140758 844
140741 140744 642
140744 140741 642
140758 140759 844
55863 55907 1436
55907 55863 1436
189820 189821 972
189820 189858 699
189821 189820 972
190266 189717 739
190266 190263 790
190263 190266 790
190263 190279 661
190279 190263 661
189858 189820 699
189858 189864 1286
189864 189858 1286
196227 194692 446
194692 196227 446
202574 202575 680
202575 202574 680
202759 202770 1163
202770 202759 1163
205798 207122 810
207122 205798 810
196478 196480 2646
196480 196478 2646
205989 205987 1175
205995 206015 759
206015 205995 759
205987 205989 1175
205952 205795 594
205795 205952 594
206756 206755 901
206755 206756 901
206913 206934 385
206934 206913 385
209300 209301 908
209301 209300 908
209350 209513 839
180889 180887 682
179036 179292 2824
179292 179036 2824
180232 180231 1786
180870 180231 765
180870 180887 849
180887 180870 849
180887 180889 682
180231 180232 1786
180231 180870 765
181209 181210 927
181210 181209 927
181537 181555 747
181555 181537 747
181568 181583 849
181583 181568 849
181643 181644 1903
181644 181643 1903
181660 181659 932
181647 181648 2459
184568 184521 1693
184573 184514 952
163127 163129 790
163129 163127 790
163129 163131 709
184541 184545 674
184545 184541 674
184560 184559 517
184559 184560 517
163131 163129 709
163131 163134 709
163134 163131 709
163085 163086 796
163086 163085 796
183166 183167 758
184652 184651 976
184652 184654 474
184652 184686 475
184692 184686 1678
184514 184516 713
184514 184573 952
184521 184516 926
184521 184568 1693
184510 184520 924
184510 184590 1535
184700 184651 747
184700 184702 3299
184655 184589 605
184655 184656 627
184655 184702 2380
184703 184702 610
184589 184590 222
184589 184655 605
185729 185728 1026
183159 183120 238
183337 183032 1535
183342 183178 1387
183142 183144 581
183168 183144 2612
183168 183167 253
183167 183166 758
183167 183168 253
183167 183173 796
183150 183149 796
183346 183149 2069
183346 183344 796
183364 183175 818
181728 181730 757
181731 181730 344
181735 181736 435
181735 181747 2087
181737 181736 333
181747 181735 2087
181747 181746 1357
181711 181710 947
181714 181713 1697
181757 181756 2929
180868 180851 397
180868 180857 1063
180846 180847 1719
180846 180853 1099
181671 180853 1014
180848 180847 3708
180848 181602 1031
181602 180847 3659
181602 180848 1031
180857 180858 2149
180857 180868 1063
180863 180858 610
181613 181612 905
181613 181614 870
181613 182657 1140
181676 181677 801
181676 181678 222
181676 181719 1026
181720 181677 547
181688 181681 562
181619 181620 769
181619 181683 772
181621 181620 3454
181621 181634 688
181614 181613 870
181614 181683 1375
181634 181621 688
181634 181648 976
181689 181648 789
181689 181672 1034
181674 181672 796
181695 181694 884
181695 181719 1524
181719 181676 1026
181719 181694 1449
181719 181695 1524
181666 181659 1454
181696 181697 672
181696 181708 2254
181703 181702 951
181703 181705 1377
181708 181696 2254
181708 181707 438
181716 181707 1906
182067 182047 653
182067 182066 2170
180865 182060 1257
180867 182060 389
182055 182054 1675
182055 182057 589
182058 182057 1302
182054 182053 1225
182054 182055 1675
182054 182693 841
182066 182067 2170
182066 185804 2147
182052 182840 1085
182052 182845 218
182832 182830 1456
182832 182845 1001
182830 182832 1456
182830 182843 452
182855 182843 1224
182850 182849 1227
182854 182849 1447
182854 182879 1258
182879 182849 751
182879 182854 1258
182847 182846 4679
182881 182880 276
183489 183490 925
183670 183490 1447
183670 183669 765
183667 183668 932
183667 183669 841
183667 183678 1796
183668 183667 932
183668 183680 3812
183668 183681 757
183681 183668 757
183681 183682 4008
183691 183630 1114
183691 183682 757
183693 183699 1293
183700 183701 517
158653 166507 202
158653 174026 1554
172892 166507 1111
174032 174031 3482
174033 174031 1686
174048 174041 6024
174048 174047 761
174026 158653 1554
174026 174027 1559
174030 174027 677
177226 177225 785
177228 177225 433
182579 182578 537
182576 182577 697
183995 184000 1004
184021 184000 1771
184021 184019 1210
184021 184020 2440
184019 184020 3289
184019 184021 1210
184014 184013 2126
174046 174039 1519
174046 174047 2838
174096 174047 6477
174096 174074 581
174067 174066 367
174072 174066 2525
174072 174073 487
174074 174073 3701
174074 174096 581
174060 174062 2107
185231 174062 1780
184044 185229 5059
183296 183283 1267
183314 183283 1781
183293 183294 765
183313 183282 870
183313 183312 435
183754 183312 873
183754 183752 344
183753 183743 2028
183753 183774 1034
183774 183739 2044
183774 183753 1034
183774 183775 932
183777 183775 452
183794 183793 1114
183794 183795 1016
183794 183800 765
185865 183795 562
183791 183790 517
183791 183792 354
183800 183792 842
183800 183794 765
183790 183789 2113
183790 183791 517
183998 183789 673
183049 183048 1117
183050 183048 796
183331 183033 1682
183331 183330 1083
183345 183306 796
183345 183330 1933
183345 183377 1498
183334 183330 562
183321 183318 611
183321 183325 391
183324 183318 1016
183324 183323 1124
185627 183318 259
183400 183377 796
185626 183377 276
183323 183324 1124
183323 183325 952
183323 183327 1810
185623 183325 589
183316 183282 1234
183316 183327 796
183757 183327 766
210426 210421 817
210426 210429 900
210426 210430 606
210427 210421 2447
210427 210422 733
210436 210422 1322
210430 210425 853
210430 210426 606
210430 210431 867
210406 210408 624
209513 209350 839
209513 209516 766
209513 209523 1457
209523 209513 1457
209523 209525 786
209523 209531 608
209525 209523 786
209525 209533 1384
209534 209533 568
209604 209603 817
209606 209603 1274
209606 209613 750
209652 209613 1974
209652 209623 743
209651 209623 1845
209651 209657 867
209660 209657 1636
209660 210145 278
210145 209660 278
210145 210139 608
210145 210146 1047
210144 210142 1684
210144 210152 692
210144 210156 752
210146 210145 1047
210146 210151 1332
210152 210144 692
210152 210151 649
210155 210143 369
210155 210161 1300
210156 210143 1922
210156 210144 752
210162 210161 810
210162 210219 2032
210222 210219 779
210222 210221 2059
210222 210224 796
210220 210219 697
210224 210222 796
210224 210223 1979
210239 210195 270
210215 210214 1010
162688 162687 790
162816 162687 1055
162816 162815 790
162817 162815 1505
162817 162821 709
162846 162821 1357
162846 162847 238
162846 162848 1631
162844 162851 1967
162844 162853 828
162847 162846 238
162847 162851 850
163251 162879 2274
162881 162880 3223
162888 162889 683
162911 162889 1206
162911 162900 752
162854 162853 1221
162904 162903 79
162904 162905 207
162904 162908 31
162859 162862 630
162859 162917 404
162917 162859 404
162917 162905 2273
162858 162857 1221
162861 162857 906
162906 162902 475
161346 196008 704
196814 198808 1138
210429 210426 900
210429 210431 707
210429 210491 1593
210490 210491 804
210494 210491 1609
210494 210496 707
179104 178700 152
179108 178700 788
179178 179177 976
179178 179179 1684
179178 179202 697
179201 179179 1140
179201 179200 1262
179201 179202 2155
179179 179176 452
179179 179178 1684
179179 179201 1140
179131 179130 3558
179131 179132 581
179259 179258 796
179302 179258 709
179325 179324 589
179325 179324 589
115375 115373 1729
115496 115373 901
116077 116076 1109
115547 115546 1411
115545 116075 1351
115880 113859 3770
106291 106290 2153
106300 106290 1146
106404 106403 7863
106405 106403 3976
106793 32378 490
32348 32347 2727
32391 32347 718
106408 35007 818
32383 32384 630
29475 32441 527
29473 29472 93
29473 35008 2353
114752 114751 980
114735 114737 2919
116205 114737 603
194114 194113 502
193112 193137 670
193138 193137 796
193141 193140 944
193141 193142 2345
193151 193140 64
193085 193086 87
193085 193087 143
193086 193085 87
193086 193087 174
192909 193119 926
193124 193119 817
193144 193149 891
193130 193121 307
193131 193121 562
193163 193159 436
193169 193166 201
193178 193179 106
193207 193208 452
193209 193208 201
190963 190964 777
192124 190968 545
193238 193237 1542
193239 193237 670
193242 193241 803
193259 193251 482
193260 193251 469
192178 192177 1979
192456 192206 1260
192457 192206 1592
192145 192151 377
192150 192151 762
192387 192262 865
192475 192262 632
192143 192152 2572
35130 35132 1218
35130 35132 1218
35146 35149 360
29468 29469 1853
29468 29493 951
29469 29468 1853
29469 29494 1182
30823 30833 426
30830 30829 825
30836 30837 1527
30836 30839 1882
30839 30836 1882
30839 30837 935
32588 30854 1430
32589 30854 3821
32598 32587 1516
32601 32587 1391
31720 31721 221
35198 31721 1216
31767 31765 440
31767 31768 1536
31768 31767 1536
31768 31769 2344
31771 31769 1586
32670 32669 1052
32698 32697 370
29489 29521 1261
29506 29519 1048
29506 29521 1471
29541 29521 1248
29525 29519 772
29525 29523 1055
29532 29523 4620
30377 30379 1815
30377 30380 3222
30379 30377 1815
30379 30380 2267
30379 30381 1078
29551 30382 1134
30381 30379 1078
30381 30382 2726
30387 30386 1458
30388 30386 1343
30397 30396 2318
30410 30414 855
30415 30414 2222
30757 30772 1896
30759 30772 1335
30783 30781 465
32547 30802 4646
8337 32500 877
32469 32500 3351
32521 32502 1944
32521 32514 1611
32514 32513 3518
32514 32521 1611
32556 32555 1530
30814 30803 2133
30815 30803 1570
30815 30816 3183
30816 30815 3183
30816 34209 1666
30816 34831 1014
34832 34831 1494
34211 34209 860
34965 34210 713
30557 30558 417
30560 30558 350
30826 30825 1420
29480 29482 792
29481 29482 2029
29520 29519 1233
31737 31738 1821
31750 31749 2631
31750 31763 3200
31750 31773 211
31762 31749 2108
31616 31615 2018
31616 31790 623
31773 31750 211
31773 31774 895
31776 31774 651
31795 31790 662
35022 31828 421
35023 31828 2448
32859 32885 1407
32887 32885 1813
32890 32901 823
34743 32901 1601
32913 32920 1419
32923 32920 604
910
184686
184654
184516
184520
184651
184656
184702
184590
185728
183120
183032
183178
183144
183173
183149
183344
183175
181730
181736
181746
181710
181713
181756
180851
180853
180847
180858
181612
181677
181681
181620
181683
182657
181648
181672
181678
181694
181659
181697
181705
181702
181707
182047
182060
182057
182693
185804
182053
182840
182845
182843
182849
182846
182880
183490
183669
183678
183680
183682
183630
183699
183701
166507
174031
174041
174027
177225
182578
182577
184000
184020
184013
174047
174066
174073
174062
185229
174039
183283
183294
183312
183752
183743
183739
183775
183793
183795
183792
183789
183048
183033
183306
183330
183318
183377
183325
183327
183282
210421
210422
210425
210408
209516
209531
209533
209603
209613
209623
209657
210139
210142
210151
210143
210161
210221
210219
210223
210195
210214
162687
162815
162821
162848
162851
162879
162880
162889
162900
162853
162903
162908
162862
162905
162857
162902
196008
198808
210431
210491
210496
178700
179202
179177
179200
179176
179130
179132
179258
179324
115373
116076
115546
116075
113859
106290
106403
32378
32347
35007
32384
32441
29472
114751
114737
194113
193137
193140
193087
193119
193149
193121
193142
193159
193166
193179
193208
190964
190968
193237
193241
193251
192177
192206
192151
192262
192152
35132
35149
29493
29494
30833
30829
30837
30854
32587
31721
31765
31769
32669
32697
29521
29523
30380
30382
30386
30396
30414
30772
30781
30802
32500
32502
32513
32555
30803
34831
34209
34210
30558
30825
35008
29482
29519
31738
31749
31615
31763
31774
31790
31828
32885
32901
32920
32930
32976
32980
32981
32995
33002
32996
33121
33119
33122
33127
33148
33152
32917
33202
33216
33222
33244
33249
33247
33629
33630
33633
33641
33542
33644
33554
33652
33673
34852
33671
16974
16980
17070
17071
17065
17100
17105
17161
17169
17166
17172
17186
17189
17305
17306
17748
17752
17793
17794
17992
17985
17797
17799
17812
17813
17226
17289
17285
17287
17300
17311
17313
17737
17758
17764
17784
17760
17780
17782
17788
17878
17882
17919
17864
17875
17881
17866
17868
18285
18158
18205
18206
18189
18198
17458
18188
18213
18271
18280
18194
18231
18292
18514
18302
18304
18297
18313
18261
18532
18566
18574
18545
18568
18569
18573
18743
18795
18811
18663
18677
18799
18706
18708
18801
18711
18827
18975
18966
18968
18964
25254
25286
25288
25257
25291
18955
25292
25341
25379
25376
25413
26676
26684
26721
26687
26724
26278
26293
26668
26298
26669
26297
26230
26232
26242
26286
26425
26505
26506
26509
26333
29110
29124
29121
29166
29167
29171
26307
29176
26423
26514
27316
27368
27365
27366
29400
29401
29419
53353
53359
29424
53171
53230
53238
53242
53169
53175
53152
53154
53356
53391
53654
54958
54959
54960
54982
54992
55561
55568
55569
55580
55590
55647
53656
49756
53740
53741
53746
141225
141208
141228
141230
141237
141205
195400
195401
195374
195375
195417
195418
195421
195388
195404
141263
141269
141279
140583
140612
140616
140905
140910
140919
140924
140959
140963
140979
140985
140988
140989
189717
189715
189711
189713
189709
186552
189708
186568
186586
186662
186559
186560
186564
186682
186696
186699
186702
186716
186720
186725
186732
189903
186849
186851
186866
186859
186842
186843
186846
189905
140597
140690
140696
140697
140719
140727
141009
140756
140760
140759
140577
140595
140681
144190
140685
140741
140744
140758
55670
55829
55834
55836
55855
55863
55907
56608
189820
189821
190266
190263
190222
190265
190279
189858
189864
195411
196145
214881
196227
194692
196224
195881
196239
195882
196051
196053
202557
202574
202575
202578
202757
202759
202770
202773
202805
202825
202831
203236
203240
203251
203318
203484
203486
214395
203553
203554
205721
203276
203279
205734
205742
205799
205800
205784
205798
207122
197150
197159
196041
196054
196043
196442
196265
196444
196478
214616
196480
196533
196546
196565
196590
196593
197145
205989
205991
205995
206015
206020
206021
206664
205987
205950
205965
205952
205795
206756
206681
214937
206735
206737
206776
206755
206906
206913
206934
206950
206959
206999
207007
207009
207026
207024
206998
206997
209283
209285
209277
209300
209301
209306
209339
209341
209350
209354
209342
209352
178974
179038
180889
179036
179292
180232
180870
180887
180905
180231
180879
180897
180880
180906
180917
180898
181123
181205
181209
181210
181470
181471
181225
177531
181493
181513
181537
181555
181568
181583
181572
181643
181644
181660
181641
181646
181647
184568
184573
184550
184572
184574
184553
163127
163129
184541
184545
184542
184560
184559
163136
184539
163131
163134
163085
163086
163111
183121
183166
183162
184667
184664
184668
184673
184682
184679
184662
184692
184514
184510
184700
184655
184703
184589
183337
183342
183142
183168
183150
183346
183364
181728
181735
181737
181747
181714
180868
180846
180848
181602
180857
180863
181619
181621
181614
181634
181689
181666
181696
181703
181716
180865
180867
182055
182066
182052
182832
182830
182855
182850
182854
182879
182881
183489
183670
183668
183681
183691
183693
183700
158653
172892
174032
174033
174048
174030
177228
182579
182576
183995
184019
184014
174096
174067
174072
174074
174060
184044
183313
183754
183753
183777
183791
183800
183790
183998
183331
183345
183334
183324
183400
183323
183316
183757
210426
210427
210436
210406
209513
209523
209525
209604
209606
209652
209651
209660
210144
210146
210152
210155
210156
210162
210222
210220
210224
210239
210215
162688
162816
162817
162844
162847
163251
162881
162888
162911
162904
162859
162917
162861
162906
161346
196814
210429
210490
210494
179104
179108
179131
179302
115375
115547
115545
115880
106300
106405
106793
32391
106408
32383
29475
114735
194114
193112
193141
193151
193085
193086
192909
193124
193144
193130
193131
193163
193169
193178
193207
193209
193239
192456
192457
192150
192387
192475
35130
35146
29468
29469
30823
30836
30839
32589
32598
32601
31720
35198
31767
31768
31771
32670
32698
29489
29506
29541
29532
30377
29551
30381
30388
30410
30757
30759
30783
32547
8337
32469
32521
32556
30815
34211
29480
29481
31616
31773
31776
31795
32859
32887
32890
32913
32923
