4134
221004 218420 899
221004 221005 977
220064 220063 349
220068 220069 425
224720 224719 2015
220094 220084 610
220094 220099 2833
220095 220109 1993
220095 220110 597
217415 217414 304
217415 220111 847
217415 220113 3056
220109 220095 1993
220109 220099 1312
220109 220115 2195
220114 220113 795
220114 220116 538
220104 220105 336
220104 220106 1681
220410 220111 866
220410 224946 454
220412 220112 379
220412 220420 2094
220420 220126 868
220420 220412 2094
220420 220423 1722
224693 220482 1459
224693 224698 1627
224694 220423 804
224694 224695 542
220462 220464 735
220468 220469 745
220468 220508 899
220468 220511 2084
220460 224543 1353
220460 224699 123
221630 221677 790
221630 221705 2358
221704 221649 767
221704 221708 585
221674 221620 704
221674 221676 248
221674 221677 2212
215835 215836 409
215835 221663 311
221612 221635 786
221612 221644 2120
221645 221644 755
221645 221650 1915
221649 221650 760
221649 221704 767
221649 221706 1404
219909 219910 285
219914 219913 137
219916 219921 648
219940 219942 1709
219940 219944 831
219939 219919 1686
219939 219943 744
219939 219944 1174
219919 219913 821
219919 219939 1686
219790 219785 1057
219790 219791 556
221372 221373 321
221635 221612 786
221635 221636 2201
221637 221636 795
221637 221646 3393
224615 221642 421
224615 221642 421
221380 221381 421
221380 221424 802
221426 221424 1565
221426 221428 687
221429 221445 588
221429 221446 796
221446 221429 796
221446 221452 691
221446 224333 1571
221450 221451 815
221450 221457 850
221450 221639 2251
221451 221450 815
221451 221638 2180
221640 221638 873
221640 221651 649
220959 220960 840
220959 220962 1006
220959 220966 1530
221267 221259 1192
221267 221264 799
221267 221268 2094
224582 221257 777
224582 221259 1032
221257 224582 777
221257 224583 1138
221220 221298 696
221220 221300 1448
221265 221264 765
221271 221264 1079
221271 221272 3226
221271 221296 813
221300 221220 1448
221300 221244 698
221224 221242 807
221224 221244 222
221224 221245 2358
221250 221243 2450
221250 221359 759
221250 221362 817
221359 221250 759
221359 221363 2087
221359 221368 719
221361 221368 1234
221361 224350 476
224350 221361 476
224350 221373 2561
224350 224351 985
221242 221224 807
221242 221243 314
216657 216662 466
216657 216666 1204
216665 216666 269
216667 216661 1050
216667 216669 844
216658 216642 938
216658 216659 1882
216661 216667 1050
216661 216668 649
216674 216677 731
216674 216684 2035
216676 216675 362
216676 224871 593
216681 216684 816
216681 216698 1590
224185 224182 571
224185 224183 1260
224180 224182 874
216497 216582 2300
216497 216594 1737
216498 216594 750
216498 216595 1195
216503 216595 1056
216503 216789 229
216686 216789 788
216686 216799 173
216690 216691 516
216698 216681 1590
216698 216704 331
216698 224189 750
216702 216691 736
216702 216703 1671
216702 216706 1072
216062 216073 1440
216063 216066 761
216063 216073 867
216063 216079 1606
216066 216063 761
216066 216070 801
216066 216072 1742
216068 216067 745
216068 216070 1310
215746 215752 590
215738 215737 799
215738 215749 802
215760 215757 941
215760 217178 858
217192 217189 589
215755 215754 565
215755 215756 329
215669 215821 710
215669 224183 877
215821 215669 710
215821 224186 1512
217180 217167 846
217180 217182 201
217188 217183 1034
217188 217189 843
217212 217211 711
217212 217244 1443
217251 217250 798
217251 224878 1388
217245 217244 335
217245 217247 705
217250 217251 798
217250 217252 1273
216722 216721 800
216722 216723 1854
216731 216732 2574
215573 215401 387
217255 224147 606
215402 215401 1300
224782 224783 316
217267 217266 1104
217267 217447 1177
217269 217271 1090
217269 217451 1984
217375 217271 2338
217375 217377 633
217265 217262 746
217265 217266 713
217265 217441 1853
215185 217328 120
217320 217321 332
217708 217709 965
217708 217710 431
217710 217708 431
217710 217711 417
217324 216725 321
217324 224505 237
224456 217321 214
224456 224457 823
217754 217756 826
217754 217757 1715
217757 217754 1715
217757 217758 883
217757 217762 1315
217762 217757 1315
217762 217778 633
217762 217780 800
217779 217780 1238
217426 217424 996
217426 217425 451
217426 217427 192
217427 217426 192
217427 217842 190
217376 217377 764
217381 217377 443
217492 217491 934
217492 217493 762
217492 217496 1312
217493 217492 762
217493 217497 1338
217493 217500 1197
215403 215404 929
215403 217511 776
217506 217558 259
217551 217550 705
217551 217552 248
217501 217500 527
217501 217502 859
217502 217501 859
217502 217508 863
217502 217520 1718
217507 217509 193
217432 217775 504
217432 217776 1879
217433 217776 1032
217436 217424 2300
217862 217844 2585
217862 217863 690
217868 217863 1619
217868 217869 793
217555 217556 2243
217541 217534 1038
217544 217545 812
217544 217574 767
217652 224157 15
217660 217659 143
217669 217648 681
217669 217670 525
217670 217669 525
217670 217671 471
217846 217939 850
217919 217926 458
217919 217928 1102
217923 217941 775
217923 217942 750
217937 217938 808
217937 224965 679
224141 224142 1078
224141 224213 1385
224211 224194 784
224211 224230 1629
223580 224202 3046
224203 222589 1360
224203 222590 2846
224205 224208 899
223698 223697 578
223702 223830 531
223702 223832 2377
223827 223696 1008
223827 223824 1342
223713 223714 1305
223871 223870 865
223871 223873 714
223872 223721 931
223872 223873 1706
223651 223675 1351
223651 223678 678
216213 216212 788
216213 216217 2587
216216 216218 760
216221 216218 1327
216221 216220 1232
216221 216227 756
216220 216221 1232
216220 216233 753
216190 216255 706
216222 216225 355
216222 216255 574
216177 216178 818
216183 216178 1223
216183 216186 866
216184 216102 1138
216184 216178 1341
216184 216275 770
216274 216102 830
216274 222544 1267
216199 216197 814
216199 216280 1179
216199 216297 813
216203 216301 885
216203 216324 1375
216201 216257 817
216201 216266 676
216265 216266 894
216265 216268 996
216268 216265 996
216268 216269 1114
216268 216270 1361
216257 216201 817
216257 216259 786
216257 216267 1692
216258 216259 938
216258 216260 761
216078 216058 928
216078 216075 1203
216056 216074 739
216058 216074 1156
216058 216077 361
216058 216078 928
219917 219918 2147
219929 219918 879
222462 222465 1060
222462 222472 377
222463 222472 1034
222463 222481 636
222481 222463 636
222481 222474 1046
222481 222493 194
222484 222485 459
223646 223650 384
223646 223675 584
223650 223646 384
223650 223694 2483
222605 222606 111
223667 223669 1071
223667 223671 813
223670 223671 1243
223618 223620 1398
223748 223769 1930
223614 223750 873
223614 223751 1136
223615 223751 1186
223615 223753 652
223794 223795 634
223794 223797 865
223794 223798 1358
223797 223794 865
223797 223800 1386
223619 223623 417
223763 223764 640
223763 223767 2009
223753 223615 652
223753 223756 1684
223757 223767 857
223771 223770 305
223771 223772 209
139814 139813 3331
224207 224208 997
217672 217671 162
147826 147827 256
147829 147827 94
147829 147828 391
147839 147828 1988
147839 147840 782
147831 147830 722
147831 147832 1963
147831 147842 765
147840 147830 2044
147840 147839 782
147856 151923 260
147835 147761 744
147835 147834 774
147835 147836 776
147843 147834 1936
147843 147842 755
147845 147836 1991
147845 147846 765
147848 147842 1988
147852 147846 1963
147852 148086 830
148086 147852 830
148086 148083 1991
148087 148084 1423
148087 148085 248
198697 198698 141
214658 198699 306
171620 171618 631
171620 171696 2544
171628 171629 259
171628 172881 664
172223 172224 443
152168 152167 688
152168 152169 355
162346 162344 782
162346 162347 1390
162347 159559 650
162347 162346 1390
159557 152165 1485
159557 159558 796
159557 172121 452
159709 159707 829
159709 159717 1293
159716 159717 753
159716 159718 2917
159515 159505 1768
159515 159547 710
159544 159543 951
159544 159555 2168
159547 159515 710
159547 159555 789
170977 170978 337
171656 171655 518
171663 170980 1760
171663 171664 818
95298 95928 909
95298 95935 4179
95320 95318 3729
95320 95322 3154
95923 95919 2162
95923 95924 490
96325 96036 478
96328 96326 2032
96328 96327 1756
96023 96021 562
96025 92035 3548
96030 96031 1008
96030 96032 884
95447 95448 275
95447 95634 4312
95644 95643 1334
95644 95645 516
102556 102557 1123
102556 102558 1476
102554 102555 203
95688 95687 1663
95688 95705 504
96418 96420 455
96418 96421 2029
96421 96418 2029
96421 96429 344
96433 93144 947
96433 96434 2714
96435 96444 2798
96445 96449 782
96452 96450 475
96452 98982 756
98984 98982 765
98984 98991 1357
98992 98991 751
98992 99015 1426
99017 99015 951
99017 99021 1395
99021 99016 751
99021 99017 1395
99434 99428 182
100082 100079 2753
100082 100083 4873
42250 42214 1533
42254 42255 1697
42254 42256 1008
99349 99355 1933
99361 99362 441
99106 99117 934
99106 99125 1426
99105 99107 67
99144 92013 90
101828 101829 2702
99146 99143 344
99148 99152 1768
99162 99153 2868
99163 99164 1576
99163 99165 1115
99347 99355 1884
99348 99355 983
99110 99107 1380
99110 99129 1906
99110 99132 2028
42403 42402 1565
42403 42404 2417
42408 42410 1610
42420 42410 1438
42420 42422 1393
42427 42424 983
42427 42428 581
42471 42472 1224
42471 42473 4950
42595 42593 676
42595 42597 2787
42603 42600 1180
42603 42604 1205
42607 42601 1338
42538 42540 682
42541 42540 1168
42541 42602 1209
50428 50498 573
50358 50359 301
50423 47646 2234
50423 50426 641
46274 46275 37
47646 50423 2234
47646 50424 654
42284 42272 279
42286 42288 901
42286 45942 1243
42232 42231 1281
42232 42234 612
42258 42257 878
42258 42260 1028
42276 42275 1697
42281 42277 1307
42281 42282 1562
42850 42849 682
42850 42854 796
42850 43098 581
43104 43101 848
43104 43103 1293
42322 42315 1829
42322 42323 1004
42835 42836 789
42835 42838 1947
42847 42838 782
42847 42848 581
42847 42849 709
42310 42307 1063
42310 42315 1447
42318 42319 2971
42318 42320 222
42330 42331 2232
42330 42549 474
42331 42330 2232
42331 42547 610
43100 43099 336
43100 43101 1234
43106 43101 2212
43107 43105 849
43107 43115 2678
43121 43114 1141
43121 43120 849
43133 42947 1594
43133 42948 373
43178 43171 354
43178 43179 1086
43209 43041 532
43209 43182 336
43216 42399 751
43216 43220 598
43212 43210 1153
43212 43213 397
43315 43210 2690
43315 43325 558
43048 43043 1114
43048 43047 693
43048 43051 932
43055 43047 3177
43055 43052 682
43051 43048 932
43051 43288 709
43290 43288 354
43290 43291 984
43344 43345 2446
43339 43340 2818
43339 43341 848
43316 43297 1103
43298 43297 3034
43298 43299 1100
43451 43450 1157
43451 50527 207
43351 43349 2782
43351 43370 1224
43352 43350 2459
43352 43353 1994
43353 43348 1685
43353 43352 1994
43355 43348 1768
43355 43356 952
40503 43084 1867
40503 43086 409
43356 43355 952
43356 43357 650
43095 43089 1086
43095 43096 1530
43097 43093 403
44973 44968 2788
44973 44972 1161
44965 45190 762
44976 44968 1837
44971 44969 2766
44971 44982 1014
44990 44989 2645
45026 45025 3282
45026 45030 1221
45035 45029 906
45035 45031 1055
45234 45243 1494
45234 45264 4299
45032 45028 336
45020 45019 1798
45031 45028 1853
45031 45035 1055
45022 45015 1258
45022 45017 948
45042 45021 1141
45015 45010 1516
45015 45018 2568
45015 45022 1258
45108 45102 848
45108 45112 1074
125466 125463 837
125472 125465 828
125472 125473 984
125517 125473 2422
125517 125518 885
125530 125522 1433
125541 125531 1147
125766 125765 2454
125766 125768 1140
125796 125797 1284
125796 125798 905
125802 125798 1855
125802 125803 924
45063 41928 605
45063 41928 605
125099 128739 62
125125 125128 3165
123076 123074 1432
123098 123101 677
123104 123105 683
123104 123106 1124
123120 123117 893
123120 123119 782
123090 123009 2161
123702 123653 1781
123703 123704 3618
123703 123705 1768
123112 123111 1153
123112 123119 1153
123113 123108 1032
123119 123112 1153
123119 123120 782
123119 132444 848
126230 126298 1185
123253 122421 874
123025 123028 1116
123254 122421 253
123254 123255 7375
123254 123256 5223
123305 123306 2671
123305 123306 2671
45129 45128 47
45078 45077 238
45086 45087 873
45086 45088 752
45088 45086 752
45088 45089 889
45091 45089 600
45091 45096 1768
45083 45079 1283
45083 45082 1140
45083 45100 2403
45100 45083 2403
45100 45098 889
45112 45108 1074
45112 45109 511
45126 45127 683
45126 45133 778
45135 45133 953
45135 48323 181
125547 132437 517
125811 125807 1010
125811 125810 1950
125808 125800 2697
125808 125803 951
125810 125805 1285
125810 125811 1950
125873 125870 789
125873 125872 2015
125782 125783 1561
125782 125806 976
125782 125833 810
125836 125835 1747
125836 125838 2312
125836 125862 874
125862 125836 874
125862 125840 2198
125872 125869 976
125872 125873 2015
125749 125742 752
125749 125751 3539
125842 125826 874
125842 125845 1447
132307 125867 789
132307 132476 665
125737 125717 1347
125737 125739 558
125718 125714 1212
125718 125719 2450
125720 125719 1276
125720 125722 1420
128366 125721 890
128366 128365 2837
128367 124992 506
128367 124997 1395
128371 128370 1308
128377 128373 353
128377 128378 899
128393 128392 1030
128393 128425 739
128429 128425 1484
128429 128430 1612
128429 128432 808
128423 128432 986
128423 128433 1546
128422 128433 890
128422 128547 1730
128532 128547 796
128532 128553 1212
128547 128422 1730
128547 128436 814
128547 128532 796
128572 128571 837
128572 128573 2028
128573 128572 2028
128573 128611 811
128694 128653 880
128694 128695 1624
128698 128697 606
128698 128699 477
128701 128700 1534
128701 128710 941
128715 128710 2043
128732 128731 508
128690 120428 4848
128690 128689 674
120435 120433 1218
120460 120459 761
120460 127268 950
128708 128703 924
128708 128706 885
128708 128717 874
128717 128708 874
128717 128716 928
128720 128718 673
128703 128669 1036
128703 128708 924
128839 128713 2145
128839 128722 844
120534 120530 506
120539 120538 984
120496 120477 606
120496 132414 1076
120567 120494 1487
67659 67651 748
67659 67660 1456
67659 67661 1265
120575 120606 977
120610 120606 2341
120619 120620 556
120619 120622 1334
120642 120622 1625
120642 120643 2438
120630 120629 404
120630 120631 1222
120631 120630 1222
120631 120633 238
120462 120461 474
120643 120622 2816
120643 120642 2438
67670 67667 925
67670 67672 1229
67674 68020 2281
67674 68437 180
67682 67676 1466
67682 78480 740
68111 68110 1246
68111 68452 796
68437 67674 180
68437 68438 587
67679 67655 1447
67679 67675 1775
68452 68111 796
68452 68442 931
68452 68455 2557
68456 68455 759
67680 67655 518
67680 67698 562
67694 120641 1368
67697 67701 374
67697 67704 678
67701 67697 374
67701 67702 553
66313 66314 554
68464 68465 851
68464 68466 355
68101 68099 935
68521 68102 874
68060 68059 2322
68060 68098 3436
68060 68103 1617
68090 68089 337
68090 68091 650
68116 68091 1909
68116 68119 562
68119 68116 562
68119 68120 452
68281 68280 1804
68265 68262 2038
68265 68264 893
68265 68266 611
68274 68264 1619
68274 68273 672
68276 68266 752
68276 68289 1486
68276 68290 747
68290 68276 747
68290 68291 538
68295 68294 419
68318 68320 1822
68318 68324 699
68319 68326 1466
68319 68327 908
68282 68279 445
68462 68461 2894
68462 68478 276
68472 68471 2556
68472 68475 518
68478 68462 276
68478 68471 1097
68587 68586 811
68587 68588 1030
68588 68587 1030
68588 68589 558
68590 68589 948
68590 68596 837
56839 56841 690
68683 68596 752
68831 56841 912
68831 68596 1076
68835 56841 702
68835 68894 891
68895 68889 1588
68897 68898 880
68897 68901 279
68894 68835 891
68894 68889 613
68902 68901 606
68902 68903 337
68903 68900 789
68903 68902 337
68907 68923 613
68907 68924 1983
72619 72617 581
72896 72890 1376
72903 72905 1484
72903 72909 830
72891 72890 873
72891 72905 711
72891 72906 1849
72909 72903 830
72909 72907 1357
72910 72907 437
73085 73098 891
71372 71371 760
71372 71373 674
71372 71375 1056
71372 71378 383
71372 71402 7762
71389 71383 852
71389 71433 1742
71389 71439 830
71413 71411 672
71413 71415 848
71440 71433 830
71440 71438 1810
71440 71439 1742
71445 71438 987
71445 71459 3311
71464 71439 830
71476 71477 602
71411 71412 404
71411 71413 672
71661 71512 763
71661 77890 3476
71665 71670 792
71668 71670 1531
71668 71673 830
71494 71453 2359
71599 71598 1000
71599 71785 844
71787 71788 672
71787 71793 4118
71590 71601 782
71586 71587 711
71591 71585 848
71591 71592 111
76872 76871 1295
76872 78481 802
68403 68872 3781
68874 68873 1641
68880 68883 1958
68418 68395 404
71542 71541 1889
71542 71548 768
71574 71548 713
71574 71575 419
71718 71717 337
71718 71719 279
71724 71744 1827
71747 71746 667
71873 71905 1004
71878 71905 685
71878 71910 602
71882 71894 632
71961 71965 830
71964 71965 452
71964 71977 1286
71977 71964 1286
71977 71978 796
71977 72062 2020
72060 72061 1088
72060 72062 818
71921 71910 1474
71921 71922 796
71921 71923 1698
71923 71921 1698
71923 71924 713
71923 71929 1911
71980 71982 553
71981 71983 333
71981 71984 445
72085 72086 360
72085 72088 1032
72191 72017 2134
72191 72088 817
72204 72205 2668
72206 72193 792
72206 72209 111
72206 72210 3461
72206 72212 356
72225 72251 1778
72164 72166 688
72164 72172 1524
72154 72166 1872
72148 72149 676
72148 72150 581
68942 68943 622
68946 68935 1578
68946 68948 679
68954 68995 1625
68954 68997 908
68994 68995 954
68935 68936 786
68935 68946 1578
68938 68932 512
69010 69005 1424
69006 69005 1247
69009 68884 208
69009 77795 1155
69009 77796 1520
68997 68881 553
68997 68954 908
68997 68999 419
72172 72164 1524
72172 72168 782
72402 72168 852
72402 72404 672
72409 72408 1152
72410 72411 792
72410 72422 679
72410 72423 1902
72422 72410 679
72422 72424 908
72422 72425 2036
72426 72427 344
72428 72427 711
72428 72467 581
72468 72433 1505
72468 72467 711
72473 72433 754
72473 72475 754
72473 72661 1636
72475 72473 754
72475 72694 1636
72490 72496 1780
72491 72496 768
72491 72700 796
72699 72698 1336
72699 72700 936
72556 72807 672
72556 72808 1310
72575 72581 1384
72582 72581 611
72582 72608 1263
72607 72608 611
72607 72617 1461
224804 224952 1233
224805 224806 274
220750 220862 598
220754 220772 3720
220754 221035 427
220755 220768 1960
220755 224862 1294
221016 221017 372
221016 221037 3963
218420 218421 951
218420 221004 899
221006 221007 307
220916 220945 696
220928 220931 1326
220928 220945 1843
220928 220946 517
220768 220755 1960
220768 220771 854
224287 224761 16
220766 220769 1009
220927 220931 208
220927 220933 691
220469 220468 745
220469 220512 2176
220471 220553 1156
220471 224700 1587
221029 221028 3339
221048 221049 2219
221048 224529 568
221048 224655 1080
220556 220523 2094
220556 220557 905
220556 220558 1666
221005 221004 977
221005 221018 1840
221005 221027 1207
220063 220064 349
220069 220068 425
220069 220071 340
220069 220073 859
224719 224720 2015
220084 220082 997
220084 220085 2796
220084 220094 610
220099 220085 628
220099 220094 2833
220099 220101 2530
220099 220109 1312
220110 220095 597
217414 217415 304
220111 217415 847
220111 220106 539
220111 220112 1070
220111 220410 866
220113 217415 3056
220113 220114 795
220113 220421 151
220115 220109 2195
220115 220196 497
220115 221148 679
220116 220114 538
220116 220185 1543
220116 220196 394
220105 220104 336
220106 220104 1681
220106 220107 375
220106 220111 539
224946 220410 454
220112 220111 1070
220112 220126 2238
220112 220412 379
220112 224672 26
220126 220112 2238
220126 220420 868
220126 220421 762
220423 220420 1722
220423 224691 312
220423 224694 804
220482 220475 1641
220482 220483 701
220482 220484 1530
220482 224693 1459
224698 224693 1627
224698 224769 423
224695 224694 542
220464 220462 735
220464 220508 950
220464 224699 983
220508 220464 950
220508 220468 899
220508 220499 1050
220508 220509 804
220511 220468 2084
220511 220510 814
220511 220512 792
220511 220513 776
224543 220460 1353
224543 220484 666
224543 224542 467
224699 220460 123
224699 220464 983
224699 220499 990
221677 221630 790
221677 221674 2212
221677 221675 716
221677 221707 2201
221705 221630 2358
221705 221707 801
221705 221708 790
221708 221704 585
221708 221705 790
221708 221709 845
221620 221621 1960
221620 221672 815
221620 221674 704
221620 221675 2132
221676 221674 248
215836 215835 409
221663 215835 311
221663 221664 747
221663 221665 148
221644 221612 2120
221644 221636 802
221644 221645 755
221644 221647 2015
221650 221645 1915
221650 221647 804
221650 221649 760
221650 221710 1467
221706 221649 1404
221706 221709 771
221706 221710 738
221706 221715 2416
219910 219909 285
219913 219914 137
219913 219919 821
219913 219920 696
219913 219921 1039
219921 219913 1039
219921 219916 648
219921 219922 724
219942 219940 1709
219942 219947 766
219942 224622 483
219944 219939 1174
219944 219940 831
219944 219945 796
219944 219947 1800
219943 219920 1205
219943 219939 744
219943 219945 1192
219943 219946 278
219785 219784 238
219785 219787 287
219785 219790 1057
219791 219788 1146
219791 219790 556
219791 219792 1614
219791 219952 440
221373 219897 373
221373 221372 321
221373 224350 2561
221636 221635 2201
221636 221637 795
221636 221644 802
221636 221648 1904
221646 221637 3393
221646 221656 714
221646 221658 535
221646 221788 2881
221642 221641 637
221642 224615 421
221642 224615 421
221381 221380 421
221424 221380 802
221424 221419 871
221424 221426 1565
221428 221421 279
221428 221426 687
221428 224332 1336
221445 221429 588
221452 221423 1337
221452 221446 691
221452 221453 745
224333 221446 1571
224333 224332 20
221457 221450 850
221457 221453 925
221457 221455 1866
221457 221458 893
221639 221450 2251
221639 221638 844
221639 221737 802
221639 221745 2010
221638 221451 2180
221638 221639 844
221638 221640 873
221638 221643 1824
221651 221640 649
221651 221641 737
221651 221652 1056
220960 220955 647
220960 220959 840
220960 220961 1531
220962 220959 1006
220962 220967 1518
220962 220968 863
220966 220959 1530
220966 220967 1235
220966 220969 765
221259 221260 891
221259 221261 1248
221259 221267 1192
221259 224582 1032
221264 221265 765
221264 221267 799
221264 221271 1079
221268 221267 2094
224583 221257 1138
224583 221262 1064
221298 221220 696
221298 221225 859
221298 221295 788
221272 221271 3226
221272 221299 783
221272 221302 825
221296 221271 813
221296 221295 279
221296 221299 3150
221244 221224 222
221244 221226 300
221244 221300 698
221245 221224 2358
221245 221306 491
221245 221307 885
221243 221242 314
221243 221246 805
221243 221250 2450
221362 221250 817
221362 221251 918
221362 221364 1074
221363 221359 2087
221363 221364 776
221363 221369 731
221368 221359 719
221368 221361 1234
221368 221369 2334
221368 224351 612
224351 221368 612
224351 221378 2121
224351 224350 985
224351 224352 914
216662 216651 1057
216662 216653 654
216662 216657 466
216662 216663 779
216666 216657 1204
216666 216663 540
216666 216665 269
216669 216667 844
216669 216713 1061
216669 216714 514
216642 216643 1406
216642 216644 1721
216642 216658 938
216659 216658 1882
216668 216661 649
216668 216670 176
216677 216674 731
216677 216675 1803
216677 216678 798
216677 216682 1948
216684 216674 2035
216684 216681 816
216684 216682 696
216684 224189 1783
216675 216643 749
216675 216676 362
216675 216677 1803
224871 216676 593
224182 224180 874
224182 224185 571
224183 215669 877
224183 224185 1260
224183 224186 1490
216582 216497 2300
216582 216580 1064
216582 216583 2663
216594 216497 1737
216594 216498 750
216594 216583 2803
216594 216596 1018
216595 216498 1195
216595 216503 1056
216595 216596 737
216595 216788 568
216789 216503 229
216789 216686 788
216789 216790 273
216799 216686 173
216799 216801 254
216691 216690 516
216691 216700 749
216691 216701 1782
216691 216702 736
216704 216698 331
216704 216705 410
224189 216684 1783
224189 216698 750
224189 216747 801
224189 224190 482
216703 216701 756
216703 216702 1671
216703 216757 528
216703 216820 2040
216706 216702 1072
216706 216707 1464
216706 224188 479
216073 216062 1440
216073 216063 867
216073 216074 705
216073 216076 1357
216079 216063 1606
216079 216072 801
216079 216076 833
216070 216066 801
216070 216068 1310
216070 216071 1898
216072 216066 1742
216072 216071 814
216072 216079 801
216067 216068 745
216067 216069 2294
216067 216538 958
215752 215746 590
215752 215751 1903
215752 215753 1900
215737 215738 799
215749 215738 802
215749 215754 527
215757 215756 1002
215757 215760 941
215757 217177 857
215757 217182 733
217178 215760 858
217178 217183 698
217178 217187 390
217189 217188 843
217189 217192 589
215754 215749 527
215754 215755 565
215756 215751 867
215756 215755 329
215756 215757 1002
224186 215821 1512
224186 224183 1490
224186 224706 265
217167 217165 3352
217167 217177 860
217167 217180 846
217167 217181 913
217182 215757 733
217182 217180 201
217182 217183 512
217183 217178 698
217183 217182 512
217183 217188 1034
217211 217207 435
217211 217210 471
217211 217212 711
217244 217212 1443
217244 217243 686
217244 217245 335
224878 217251 1388
224878 217262 1560
224878 224879 1152
217247 215594 1195
217247 217239 1402
217247 217245 705
217247 217248 913
217252 217250 1273
216721 216719 2038
216721 216720 861
216721 216722 800
216723 216719 1009
216723 216722 1854
216723 216732 522
216723 224477 643
216732 216723 522
216732 216731 2574
216732 216733 590
215401 215402 1300
215401 215573 387
215401 224147 498
224147 215401 498
224147 217255 606
224147 224151 762
224783 224782 316
217266 217265 713
217266 217267 1104
217266 217443 1127
217447 217267 1177
217447 217443 1091
217447 217448 745
217271 217269 1090
217271 217375 2338
217271 217491 574
217451 217269 1984
217451 217450 825
217377 217375 633
217377 217376 764
217377 217381 443
217377 217491 2168
217262 217261 456
217262 217265 746
217262 224878 1560
217441 215370 1401
217441 217265 1853
217441 223030 363
217328 215185 120
217321 217320 332
217321 224456 214
217321 224457 764
217709 217708 965
217711 217690 1175
217711 217710 417
217711 217715 1083
216725 216724 1078
216725 217324 321
216725 217683 393
216725 217684 785
224505 217324 237
224457 217321 764
224457 224456 823
217756 217728 716
217756 217754 826
217756 217758 1167
217758 217756 1167
217758 217757 883
217758 217763 1050
217778 217762 633
217780 217762 800
217780 217779 1238
217780 224948 195
217424 217425 697
217424 217426 996
217424 217436 2300
217425 217424 697
217425 217426 451
217425 217842 779
217425 217844 1362
217842 217425 779
217842 217427 190
217842 217784 1486
217491 217271 574
217491 217377 2168
217491 217458 1499
217491 217492 934
217496 217492 1312
217496 217497 755
217496 217498 455
217497 217493 1338
217497 217496 755
217497 217499 395
217497 217517 517
217500 217493 1197
217500 217501 527
217500 217519 1292
215404 215403 929
215404 215503 456
215404 217558 665
215404 217569 554
217511 215403 776
217511 217510 450
217511 217512 680
217558 215404 665
217558 217506 259
217558 217559 329
217550 217549 724
217550 217551 705
217552 216007 604
217552 217551 248
217552 217553 950
217508 217264 655
217508 217502 863
217508 217509 1121
217520 217502 1718
217520 217519 894
217520 217527 597
217509 217507 193
217509 217508 1121
217509 217510 684
217775 217432 504
217776 217432 1879
217776 217433 1032
217844 217425 1362
217844 217785 1633
217844 217849 911
217844 217862 2585
217863 217849 2058
217863 217862 690
217863 217868 1619
217863 217872 825
217869 217868 793
217869 217878 669
217869 217924 342
217556 217555 2243
217534 217516 693
217534 217532 993
217534 217541 1038
217545 217533 272
217545 217544 812
217545 220850 527
217574 217544 767
224157 217652 15
224157 217658 801
224157 224842 42
217659 217647 761
217659 217648 2039
217659 217660 143
217648 217646 877
217648 217659 2039
217648 217669 681
217648 217674 2304
217671 217670 471
217671 217672 162
217939 217846 850
217939 217940 861
217926 217919 458
217926 217924 370
217926 217927 1462
217928 217919 1102
217928 217935 261
217941 217923 775
217942 217923 750
217942 217943 759
217942 217944 729
217938 217937 808
217938 222595 48
224965 217937 679
224142 224141 1078
224213 224141 1385
224213 224146 1017
224213 224217 1862
224194 224193 939
224194 224211 784
224194 224212 807
224230 224144 3375
224230 224211 1629
224230 224229 610
224202 222568 622
224202 222571 688
224202 223580 3046
222589 222590 2387
222589 224203 1360
222590 222569 1331
222590 222589 2387
222590 224203 2846
224208 224205 899
224208 224207 997
223697 223678 1075
223697 223682 410
223697 223698 578
223697 223703 1078
223830 223702 531
223830 223831 569
223830 223859 278
223832 223702 2377
223832 223828 314
223832 223833 727
223696 223681 1418
223696 223693 1190
223696 223695 786
223696 223827 1008
223824 223693 736
223824 223826 350
223824 223827 1342
223824 223828 1421
223714 223713 1305
223714 223863 664
223714 224856 741
223870 223863 531
223870 223871 865
223873 223871 714
223873 223872 1706
223873 223878 920
223873 223879 1009
223721 223722 328
223721 223872 931
223675 223646 584
223675 223651 1351
223675 223676 620
223678 223651 678
223678 223676 1098
223678 223697 1075
216212 216213 788
216212 216214 2525
216212 216239 763
216217 216213 2587
216217 216214 805
216217 216243 738
216217 216244 2015
216218 216216 760
216218 216221 1327
216218 216242 735
216227 216221 756
216227 216230 237
216227 216247 560
216233 216220 753
216233 216231 283
216233 216234 549
216255 216190 706
216255 216222 574
216255 216256 2345
216225 216222 355
216225 216226 2316
216225 216234 739
216178 216177 818
216178 216183 1223
216178 216184 1341
216178 216185 803
216186 216183 866
216186 216185 1196
216186 216197 802
216102 216103 841
216102 216184 1138
216102 216274 830
216275 216103 1170
216275 216184 770
216275 216185 1207
216275 216276 742
222544 216274 1267
222544 216286 3080
222544 222536 782
222544 222537 1072
216197 216186 802
216197 216198 1282
216197 216199 814
216280 216198 818
216280 216199 1179
216280 216279 1334
216280 216296 827
216297 216199 813
216297 216296 1142
216297 216301 906
216301 216203 885
216301 216297 906
216301 216298 1280
216301 216302 797
216324 216203 1375
216324 216270 1390
216324 216328 909
216266 216201 676
216266 216265 894
216266 216269 1021
216269 216266 1021
216269 216267 751
216269 216268 1114
216270 216268 1361
216270 216324 1390
216270 216329 910
216259 216257 786
216259 216258 938
216259 216261 847
216259 216262 1722
216267 216257 1692
216267 216262 980
216267 216269 751
216260 216258 761
216260 216261 902
216075 216074 1206
216075 216076 749
216075 216078 1203
216074 216056 739
216074 216058 1156
216074 216073 705
216074 216075 1206
216077 216058 361
219918 219917 2147
219918 219929 879
219918 219931 1594
222465 222462 1060
222465 222464 1155
222465 222466 157
222472 222462 377
222472 222463 1034
222472 222466 1047
222472 222474 673
222474 222472 673
222474 222473 1085
222474 222481 1046
222474 224338 133
222493 222481 194
222493 222486 276
222485 222484 459
222485 222486 1078
222485 222487 183
223694 223650 2483
223694 223679 484
223694 223689 278
222606 222605 111
222606 224121 616
222606 224447 577
223669 223667 1071
223671 223667 813
223671 223670 1243
223671 223674 606
223620 223618 1398
223620 223683 702
223620 223699 663
223769 223748 1930
223769 223758 1789
223769 223778 1615
223769 223795 877
223750 223614 873
223751 223614 1136
223751 223615 1186
223751 223756 883
223795 223769 877
223795 223794 634
223795 223796 1571
223798 223794 1358
223798 223796 745
223798 223800 914
223798 223801 1194
223800 223797 1386
223800 223798 914
223800 223802 1138
223800 223803 367
223623 223619 417
223623 223691 875
223623 223764 1702
223764 223623 1702
223764 223763 640
223764 223765 833
223764 223783 2414
223767 223757 857
223767 223763 2009
223767 223768 474
223756 223751 883
223756 223753 1684
223756 223758 473
223770 223758 221
223770 223771 305
223770 224360 588
223772 223771 209
223772 223773 497
223772 223776 1199
139813 139812 5346
139813 139814 3331
147827 147745 1919
147827 147826 256
147827 147829 94
147828 147822 1963
147828 147829 391
147828 147830 792
147828 147839 1988
147830 147825 1904
147830 147828 792
147830 147831 722
147830 147840 2044
147832 147756 903
147832 147825 752
147832 147831 1963
147832 147833 747
147842 147831 765
147842 147833 1959
147842 147843 755
147842 147848 1988
151923 147856 260
147761 147754 874
147761 147759 1058
147761 147835 744
147834 147754 1187
147834 147833 721
147834 147835 774
147834 147843 1936
147836 147764 644
147836 147835 776
147836 147845 1991
147836 148080 443
147846 147845 765
147846 147852 1963
147846 148081 1348
147846 148083 772
148083 147846 772
148083 148082 686
148083 148084 906
148083 148086 1991
148084 147766 799
148084 148083 906
148084 148087 1423
148085 147766 1271
148085 148087 248
148085 148088 284
198698 198697 141
198699 198700 38
198699 214658 306
171618 171619 493
171618 171620 631
171618 171702 2408
171696 171620 2544
171696 171693 4776
171696 171702 606
171629 171628 259
171629 171630 797
171629 172642 949
172881 171628 664
172224 172223 443
152167 152165 1467
152167 152168 688
152167 159559 791
152169 152168 355
162344 162343 688
162344 162345 753
162344 162346 782
159559 152167 791
159559 159558 1535
159559 162347 650
152165 152166 684
152165 152167 1467
152165 159557 1485
159558 159557 796
159558 159559 1535
159558 162343 506
172121 159557 452
159707 159706 1376
159707 159708 355
159707 159709 829
159717 159704 436
159717 159709 1293
159717 159716 753
159717 159718 3043
159718 159716 2917
159718 159717 3043
159718 172122 611
159505 159506 1919
159505 159515 1768
159505 159553 506
159543 159542 1742
159543 159544 951
159543 159552 1183
159555 159544 2168
159555 159547 789
159555 159556 650
170978 170977 337
170978 170979 698
170978 170980 538
171655 171386 3426
171655 171656 518
171655 171664 601
170980 170978 538
170980 170981 169
170980 171663 1760
171664 171042 2236
171664 171655 601
171664 171663 818
171664 171675 713
95928 95298 909
95928 95936 1845
95935 95298 4179
95935 95466 3581
95935 96010 2162
95318 95282 1226
95318 95319 612
95318 95320 3729
95318 95321 2287
95322 95320 3154
95322 95325 2477
95322 95328 2437
95919 95917 1347
95919 95918 527
95919 95923 2162
95924 95920 2329
95924 95923 490
95924 95925 1480
96036 96035 2431
96036 96038 1894
96036 96325 478
96326 96039 2086
96326 96328 2032
96327 96328 1756
96327 96332 1438
96327 96333 750
96021 96018 2778
96021 96020 1145
96021 96022 473
96021 96023 562
92035 92034 1643
92035 96022 975
92035 96025 3548
92035 96041 2764
96031 96030 1008
96032 96030 884
96032 96035 420
96032 96037 1268
95448 95447 275
95634 95447 4312
95634 95635 799
95634 95641 1206
95643 95641 452
95643 95644 1334
95645 95644 516
102557 102556 1123
102558 102556 1476
102555 102554 203
95687 95688 1663
95705 95688 504
96420 96415 823
96420 96418 455
96420 96422 1345
96429 96421 344
93144 93145 490
93144 96432 2138
93144 96433 947
96434 96432 848
96434 96433 2714
96434 96442 2496
96434 96444 672
96444 96434 672
96444 96435 2798
96444 96446 1635
96444 96449 765
96449 96444 765
96449 96445 782
96449 96450 756
96449 96451 1796
96450 96449 756
96450 96452 475
96450 96453 672
98982 96452 756
98982 98984 765
98982 98985 818
98991 98984 1357
98991 98992 751
98991 98993 751
98991 98999 1533
99015 98992 1426
99015 98999 536
99015 99016 1393
99015 99017 951
99016 99015 1393
99016 99018 806
99016 99021 751
99428 99429 292
99428 99434 182
99428 99435 131
100079 100080 1345
100079 100081 1755
100079 100082 2753
100083 100082 4873
100083 100086 3604
42214 42215 9974
42214 42234 4131
42214 42249 751
42214 42250 1533
42255 42249 1394
42255 42254 1697
42256 42254 1008
42256 42259 1894
42256 42274 697
99355 99347 1884
99355 99348 983
99355 99349 1933
99362 99361 441
99362 99363 20
99117 99106 934
99117 99115 1226
99117 102366 1024
99125 99106 1426
99125 99118 672
99125 102366 769
99107 99105 67
99107 99110 1380
92013 92012 455
92013 99135 238
92013 99144 90
101829 101828 2702
99143 99135 713
99143 99146 344
99152 99148 1768
99153 99154 1627
99153 99156 2872
99153 99162 2868
99153 99172 5171
99164 99163 1576
99164 99167 782
99164 99368 4348
99165 99163 1115
99165 99166 688
99165 99169 1223
99129 99110 1906
99129 99127 475
99132 92012 258
99132 99110 2028
42402 42394 1009
42402 42403 1565
42402 42411 1627
42402 42412 2451
42404 42403 2417
42404 42411 975
42404 42413 202
42404 42423 557
42410 42408 1610
42410 42420 1438
42410 42423 557
42410 42424 1079
42422 42420 1393
42424 42410 1079
42424 42414 1344
42424 42427 983
42428 42427 581
42472 42471 1224
42472 42474 697
42472 42475 2598
42473 42471 4950
42473 42527 2353
42473 42529 2309
42593 42592 612
42593 42595 676
42597 42595 2787
42597 42598 1141
42600 42540 2046
42600 42601 386
42600 42603 1180
42604 42603 1205
42601 42600 386
42601 42607 1338
42540 42538 682
42540 42541 1168
42540 42600 2046
42602 42541 1209
50498 50428 573
50359 50358 301
50426 50423 641
46275 46274 37
50424 47646 654
42272 42273 2725
42272 42283 551
42272 42284 279
42272 42294 1188
42288 42286 901
42288 42289 643
42288 42522 2196
45942 42286 1243
42231 42230 751
42231 42232 1281
42234 42214 4131
42234 42232 612
42257 42249 827
42257 42258 878
42257 42259 1085
42260 42258 1028
42260 42274 1640
42275 42274 751
42275 42276 1697
42275 42277 751
42277 42275 751
42277 42281 1307
42277 42282 1090
42277 42283 279
42282 42277 1090
42282 42281 1562
42282 42293 414
42849 42847 709
42849 42850 682
42849 42851 581
42854 42838 1305
42854 42843 1353
42854 42850 796
43098 42850 581
43101 43100 1234
43101 43104 848
43101 43106 2212
43103 42845 1055
43103 43104 1293
43103 43105 1267
42315 42310 1447
42315 42314 505
42315 42322 1829
42323 42322 1004
42323 42325 2614
42323 42326 889
42836 42835 789
42838 42835 1947
42838 42847 782
42838 42854 1305
42848 42847 581
42307 42308 2084
42307 42309 1872
42307 42310 1063
42319 42318 2971
42320 42318 222
42549 42330 474
42547 42331 610
43099 43100 336
43105 43103 1267
43105 43107 849
43105 43115 2347
43115 43105 2347
43115 43107 2678
43115 43116 688
43114 42880 1897
43114 43120 782
43114 43121 1141
43120 42882 1143
43120 42948 2798
43120 43114 782
43120 43121 849
42947 42945 2755
42947 42946 1935
42947 43133 1594
42948 42883 1435
42948 43120 2798
42948 43133 373
43171 42946 1034
43171 43178 354
43179 43178 1086
43179 43182 3712
43041 43042 288
43041 43209 532
43182 43179 3712
43182 43181 1482
43182 43209 336
42399 42398 1200
42399 43074 2645
42399 43216 751
43220 43216 598
43220 44261 1336
43210 43193 1227
43210 43211 1120
43210 43212 1153
43210 43315 2690
43213 43212 397
43213 43726 654
43325 43315 558
43043 43044 4170
43043 43048 1114
43043 43049 1614
43047 43046 1379
43047 43048 693
43047 43055 3177
43052 43032 2095
43052 43054 1014
43052 43055 682
43288 43049 1225
43288 43051 709
43288 43290 354
43291 43290 984
43291 43293 889
43291 43299 796
43345 43072 556
43345 43344 2446
43345 43350 1144
43340 43339 2818
43340 43366 1284
43340 43368 2226
43341 43339 848
43341 43342 1074
43341 43368 3125
43297 43296 1206
43297 43298 3034
43297 43316 1103
43299 43289 452
43299 43291 796
43299 43298 1100
43450 43451 1157
43450 43458 1719
43450 43470 467
50527 43451 207
50527 50526 506
43349 43350 677
43349 43351 2782
43349 43366 1879
43370 43351 1224
43350 43345 1144
43350 43349 677
43350 43352 2459
43348 43346 2000
43348 43353 1685
43348 43355 1768
43084 40503 1867
43084 43078 2316
43084 43347 2358
43086 40503 409
43086 43073 1446
43357 43356 650
43089 43081 2081
43089 43095 1086
43089 44972 1055
43096 43095 1530
43093 43088 605
43093 43094 511
43093 43097 403
44968 44967 537
44968 44969 2005
44968 44973 2788
44968 44976 1837
44972 43089 1055
44972 44964 677
44972 44973 1161
45190 44965 762
44969 44968 2005
44969 44970 1344
44969 44971 2766
44982 44971 1014
44982 44979 1179
44982 44983 1161
44989 44980 1811
44989 44983 688
44989 44990 2645
45025 45003 1502
45025 45026 3282
45025 45027 1086
45030 45026 1221
45030 45027 2865
45030 45029 2358
45029 45027 1615
45029 45030 2358
45029 45035 906
45243 45234 1494
45264 45234 4299
45028 37484 1264
45028 45031 1853
45028 45032 336
45019 45002 1831
45019 45018 1419
45019 45020 1798
45017 45010 1796
45017 45016 952
45017 45021 2014
45017 45022 948
45021 45017 2014
45021 45042 1141
45021 45102 984
45010 45009 1675
45010 45015 1516
45010 45017 1796
45018 45008 1494
45018 45009 1685
45018 45015 2568
45018 45019 1419
45102 45021 984
45102 45101 2648
45102 45108 848
125463 125459 751
125463 125464 337
125463 125465 1477
125463 125466 837
125465 125461 697
