4228
45732 45409 1275
45732 45412 3764
45732 45731 2259
45744 45731 747
45415 45416 940
45418 45414 1064
45418 45417 1716
45425 45401 1919
45425 45424 906
45425 45426 1009
45420 45417 552
125185 125183 2184
125174 125172 1669
125174 125179 552
125174 125181 222
125225 125189 337
125225 125191 511
125221 125219 1182
125221 125220 1594
125233 125220 1704
125233 125238 404
125238 125233 404
125238 125240 828
125239 125240 1577
125239 125241 948
125249 125250 238
125262 125290 713
125262 125291 1484
125280 125282 253
125281 125287 404
125281 125295 355
125289 125294 752
125289 125295 1206
45320 45345 1248
45319 45317 1140
45319 45345 2034
125285 125283 684
125288 125284 1284
125288 125303 2556
125327 125303 1011
125327 125330 2223
125330 125327 2223
125330 125331 344
125332 125306 3233
125332 125331 3328
125332 125911 2630
125332 125912 1919
125948 125946 3059
125948 125947 848
125950 125947 279
45544 45513 3200
45544 45547 1115
45544 45552 1120
45553 45552 2484
45553 45665 1027
45671 45665 1458
45671 45669 3478
45671 45672 253
45672 45671 253
45672 45676 476
45512 45510 5169
45512 45547 537
45512 45548 374
45546 45545 2081
45546 45748 1225
45548 45500 890
45548 45512 374
45655 45653 1260
45655 45666 789
45655 45691 5666
45669 45668 1275
45669 45671 3478
45692 45691 3233
126450 126449 333
126446 126445 2153
126460 126441 477
126460 126459 698
126460 126462 2170
126462 126460 2170
126462 126461 683
126462 126468 3030
126470 126476 613
126475 126532 976
126480 126542 1029
126480 126546 1686
126535 126527 1283
126535 126531 1116
126535 126544 890
126545 126543 1225
126545 126544 1283
126536 126407 1813
126536 126530 1411
126536 126531 1206
126539 126538 344
126405 126403 1478
126405 126418 1764
126419 126418 1612
126558 126538 452
126415 126411 739
126415 126414 927
126416 126365 3067
126416 126417 1344
126423 126417 751
126423 126424 874
126424 126423 874
126424 126425 650
126430 126427 1270
126430 128808 3934
128906 128907 2051
128906 128908 924
128906 128919 1341
128919 128906 1341
128919 128920 1067
128922 128920 747
128922 128923 739
129078 129080 808
128952 128957 885
128976 128977 1000
128976 132372 813
129012 128993 2110
129012 129014 606
129016 129015 474
129017 129018 1376
128962 128959 1345
128962 129026 1055
129028 129024 893
129028 129026 601
129104 128953 49
129222 129219 818
129222 129220 1096
129237 129221 767
129237 129238 672
129234 129232 872
129234 129233 1004
129235 129233 1012
129235 129239 782
129551 129550 506
120771 120769 872
120771 120770 1111
120944 120770 851
120772 120769 1140
120772 120836 2262
121019 120844 796
121024 120852 954
121024 121022 2138
121022 120844 851
121022 121024 2138
120855 120854 782
120860 120849 337
120869 120863 752
120874 120873 1285
120874 120879 1701
120879 120864 1368
120879 120865 905
120879 120874 1701
120880 120865 1803
120880 120883 893
121054 121049 674
121054 121056 1212
121056 121050 837
121056 121054 1212
121056 121057 1749
121063 121057 698
120933 120930 672
120935 68640 452
121494 121490 1688
121494 121491 698
121494 121493 650
68641 68639 1880
68641 68724 533
68642 68639 1958
69118 68739 3668
69118 69117 1262
69119 69116 518
69121 68739 1143
69121 69120 848
69121 69123 1076
69123 69121 1076
69123 69122 951
69123 69124 892
69129 69124 3020
69193 69191 708
69196 69195 5150
69170 69172 1121
69170 69173 924
69188 69190 400
72591 72583 4983
73054 72592 1067
73054 72621 4451
73054 73055 955
70205 70212 494
70215 70217 782
70215 70227 672
70215 70569 1519
70227 70215 672
70227 70576 1435
70577 70576 778
70577 70579 1271
70582 70579 556
70582 70583 1089
69561 69562 338
69431 69427 796
69660 69427 1787
69660 69662 672
69647 69639 924
69647 69659 1314
69647 69662 688
69681 69648 497
69681 78769 621
69439 69421 1182
69439 69438 2007
69439 69542 1357
69553 69550 845
69558 69542 1336
69558 69552 929
69510 69509 698
69510 69513 873
69510 69523 1011
69503 69497 1539
69503 69504 1011
69518 69514 789
69518 69519 477
69524 69525 739
69522 69521 238
69523 69510 1011
69523 69525 317
69500 69501 679
69500 69504 1011
69505 69504 789
72305 69501 747
71796 71633 245
71796 71837 238
71845 71819 1448
71845 71855 5333
71846 71856 815
72123 72121 830
72123 72122 747
72022 71843 1213
72022 72021 2237
69035 69036 745
69091 69086 279
72037 69501 631
71837 71633 39
71837 71796 238
71853 71852 753
72329 72327 242
72348 72352 476
72434 72352 1207
72434 72437 949
72358 72353 1124
72358 72354 1617
72362 72363 2054
72362 72365 1202
72526 72533 4275
72526 72583 2265
70017 70032 950
70033 70032 1029
70033 70043 1215
70044 70213 2192
70030 70031 1812
70030 70204 851
70199 70204 789
70218 70213 601
70218 70567 955
70567 70218 955
70567 70568 782
70567 70572 1182
70571 70572 782
70611 70612 436
70611 70613 848
70629 70613 1309
70628 70613 688
70628 70630 782
70636 70630 2136
70636 70637 782
70653 70677 782
70574 70572 1452
70574 70589 556
70589 70573 1435
70589 70574 556
70589 70590 667
70591 70590 1187
70591 70592 818
70603 70592 1342
70603 70609 893
69255 69256 1182
69255 69269 1000
69279 69268 782
69279 69281 518
69699 69711 193
69283 69268 1103
69283 69288 893
69288 69263 1887
69288 69283 893
69288 69627 782
69650 69627 1786
69651 66312 586
69651 69630 1703
219182 219194 685
219213 219214 719
219213 219215 644
219188 219187 912
219176 219177 244
220777 220781 1998
220777 220782 640
220781 220777 1998
220781 220797 721
220778 219608 1198
220778 220628 900
220787 219608 959
220787 220791 738
224321 218035 934
224321 224320 1018
218228 218227 1753
218228 218230 1251
218227 218228 1753
218227 224319 733
218246 218247 215
218246 220838 2382
218246 220848 1613
220847 220838 416
220900 224318 1095
218261 220844 2117
218263 220851 2278
218263 220860 792
221127 220860 3924
221127 221131 761
219122 219131 791
219122 219132 978
219129 219132 1234
221133 219131 2449
221133 221131 2384
221133 221134 902
218167 218169 223
220307 220308 424
220307 220320 669
220319 220323 2582
220319 220324 725
220319 220573 2947
220589 220321 1412
220589 224556 25
224555 215993 179
224555 224500 812
224555 224556 1197
220323 219078 823
220323 220252 3186
220323 220319 2582
224442 224009 681
224442 224820 1043
224758 220326 2117
224758 224759 362
217719 220348 1241
217719 223933 241
217719 224254 1621
220340 223984 351
224253 220350 32
220741 224251 5233
220250 218147 3695
220250 220275 2054
220272 220270 1106
220272 220278 966
220227 220226 4510
220227 220229 530
220279 220270 2108
215269 215268 584
215269 219353 514
220292 220399 219
220292 220909 567
218027 218028 8701
220027 220028 7263
220027 220225 1775
218065 224498 550
218172 218169 1209
218172 218173 850
218174 218177 352
216423 216422 584
216423 216422 584
224775 220592 252
224775 224557 1140
219271 219270 1841
219271 219284 880
219289 219284 1714
219289 219311 843
219290 219323 768
219290 219325 1005
219290 219345 2645
219323 219290 768
219323 219330 2599
219338 219340 2634
219338 219341 609
219666 219343 826
219666 219667 1802
219665 219664 775
219665 219667 729
219664 217987 459
219664 219665 775
221766 217986 677
221766 219661 335
224348 217986 439
219339 219361 504
219339 219362 262
219331 219360 186
219331 219361 476
219170 219168 2967
219170 219169 917
219170 219215 686
219206 219214 567
219206 219216 1664
219210 219211 3781
221174 219221 1974
221174 221175 2090
221206 221178 1846
219212 219222 1552
219293 219294 938
219293 219295 1502
219208 219220 837
219208 219222 1569
219291 224355 1635
224354 219296 197
224354 224355 858
219270 219271 1841
219270 224355 822
215986 215990 879
215985 215987 629
215985 215990 877
215984 215987 1443
216382 215598 776
216382 216398 1191
216382 224175 287
216389 216379 871
216389 216390 458
215459 215597 1758
215459 215998 1013
215598 215597 809
215598 216381 149
215598 216382 776
215460 215451 386
215460 215461 623
215508 215586 454
215510 215509 3639
215510 215606 767
215609 215606 1612
215609 215610 687
215631 215629 385
215647 215640 986
215647 215652 463
215615 215610 941
215618 215608 1669
215618 215610 750
215618 215621 755
215635 215625 254
215635 215636 1326
215636 215626 681
215636 215635 1326
215636 215881 7001
215775 215776 1182
215775 215777 865
215775 215800 4709
215890 215881 442
215890 215893 1665
215890 224164 452
215638 215630 365
215638 222265 293
215509 215510 3639
215509 215511 820
219854 224120 1601
222347 222340 1667
222347 224821 404
222362 222363 1030
222362 222364 761
222404 222364 1538
222411 222414 1387
222411 222415 932
222366 222360 816
222366 222364 737
222366 222367 1374
222409 222368 22
222409 222414 1657
222332 222333 1094
222332 222334 425
222335 216088 278
222335 222333 1027
222335 222425 638
222424 222415 2055
222424 222425 728
222340 222342 848
222340 222347 1667
222340 224866 1529
219646 219647 487
219646 219648 1229
219646 224129 1164
224129 219646 1164
224129 224132 777
219818 219841 679
219818 219872 1493
219842 219841 1071
219857 219848 349
219857 219861 1230
219860 219847 870
219860 219861 810
219860 219866 1524
219847 219860 870
219847 219865 1514
215472 215473 1605
223455 223449 504
215478 215477 677
215478 215484 2511
223461 215477 1921
223461 223469 717
223467 223469 1941
223467 223470 737
223465 223463 870
223465 223468 1066
215483 215473 790
215483 215485 1104
223418 223420 2862
223418 223421 784
223419 223450 988
223448 223449 1608
223448 223450 957
215468 215474 840
215476 215475 1194
215476 215485 742
215494 224133 560
215494 224138 1777
223349 223350 719
223349 223351 1150
223353 223354 1098
223353 223363 1214
223360 223363 1251
223360 223375 2628
223362 223361 257
223362 223361 257
223356 223351 944
223356 223357 752
223371 223370 1805
223371 223374 816
223411 223475 2095
223472 223415 787
223472 223475 582
223374 223371 816
223374 223373 1769
223415 223472 787
223415 223473 727
149774 149785 3087
149840 149836 324
149840 149841 548
149836 148040 754
149836 149840 324
149837 148040 2285
149837 149838 841
150433 150435 539
150433 150436 786
147127 147122 886
147127 147152 437
151953 151954 686
147154 147155 2151
147154 147156 3494
147161 147175 1739
147161 147178 937
147161 147179 3279
147163 147162 2121
147163 151958 773
147175 147161 1739
147175 147177 947
147176 147177 1536
147176 147248 284
147079 147020 1052
147079 150473 2347
147083 147020 2446
147083 147081 782
150474 150452 792
150474 150473 755
150476 150452 2341
150476 150467 827
151193 150467 2410
147091 147081 2359
147091 147094 184
147094 147085 637
147094 147091 184
147097 147096 1743
147097 147118 725
147145 147119 968
147145 147122 1709
150466 150464 2400
150466 150467 804
150463 150461 2237
150463 150464 873
150438 150435 1670
150438 150450 816
147248 147176 284
147248 147181 1551
147208 147180 5610
147208 147205 490
147311 147317 802
147318 147317 849
142910 142989 2447
148004 148000 1133
148004 148003 1131
148004 148005 2576
148057 148005 920
148057 148125 2111
148129 148125 909
148129 148130 2302
148130 148129 2302
148130 148132 946
212787 212788 584
212787 212853 879
212855 212852 773
212855 212853 1937
212855 212865 2289
212866 212865 775
212909 212860 846
212909 212910 348
212909 212911 765
212915 212911 680
212915 212919 857
212920 212919 1449
212920 212923 846
212927 212923 2221
212927 212929 864
212930 212929 2338
212930 212934 748
212934 212930 748
212934 212931 2448
212934 212956 555
212958 212956 1269
212958 212971 424
212958 212986 1381
212969 212970 404
212969 212971 629
212972 194602 600
212972 212973 2789
214644 214646 845
198666 198649 579
198666 198650 722
198666 198671 628
198667 198650 1201
198673 198671 771
198673 198675 837
171429 171425 1675
171565 171575 2134
171565 171579 1004
171526 171527 1447
171526 171527 1447
159273 159272 885
159273 159274 337
162369 162368 667
162369 171641 954
162368 159272 684
162368 162367 1161
162368 162369 667
171555 162366 562
159165 159274 789
159194 159189 889
159194 159195 238
159189 159188 767
159189 159194 889
159191 159224 850
159177 159178 778
159265 159264 1181
159265 159268 374
159268 159265 374
159268 159275 1459
159268 159318 747
159392 159318 1065
159392 159390 818
159392 159393 1582
159390 159392 818
159390 159451 1183
159450 159333 710
159450 159451 713
159450 159454 848
159456 159454 1146
159456 159457 581
159460 159457 2996
159460 159461 1014
159460 159478 2698
159478 159460 2698
159478 159479 688
159486 159479 1538
159486 159487 818
159486 159499 553
159624 159625 739
159624 159686 1124
159684 159685 3560
159684 159686 710
159777 159778 434
159777 159792 3169
159793 159792 796
213393 213392 666
213393 213394 2170
213397 213392 1229
213397 213395 766
213397 213399 1230
213402 213399 748
213422 213398 773
213422 213399 774
198668 214575 256
198668 214659 1469
198670 213409 8
198670 213419 276
198670 213421 1541
213027 213026 522
213027 213029 905
213042 213026 384
213042 213418 1522
213042 213419 462
213019 213017 766
213019 213018 2229
213019 213395 755
213021 213017 2130
213021 213020 773
213398 213395 2113
213398 213422 773
213425 213426 1509
213425 214575 319
171372 171373 924
171372 171375 3138
171366 171370 2954
171366 171374 778
171365 171370 905
171365 171371 934
170943 170944 1146
170943 170952 581
170943 171373 851
171371 171365 934
171371 171390 1558
171417 171418 778
171417 171427 843
170892 170893 818
170892 172208 1709
170897 170896 713
170897 170914 1308
170914 170897 1308
170914 170917 581
171036 171035 924
171036 172594 907
170849 170850 688
170849 171035 1892
170941 170944 767
170941 170947 713
97875 97873 5836
97863 97864 1713
97863 97866 953
97687 97697 536
97691 97701 4058
97698 97697 139
97698 97699 1280
95268 95260 877
95268 95261 3247
95263 95261 750
95246 95244 2979
95246 95287 1299
95262 95261 847
95382 95378 336
95382 95384 975
95383 95384 418
95383 95398 201
95378 95382 336
95378 95385 336
95378 95389 1455
95388 95389 238
95434 95389 951
95434 95435 373
95434 95436 847
95355 95368 403
95355 95442 708
95359 95356 452
95359 95363 872
95359 95367 373
95366 95368 1007
95366 95369 927
95357 95356 713
95357 95358 418
95361 95364 279
95395 95396 139
95395 95398 676
97915 97910 660
97919 97920 336
97919 97921 403
97919 97922 840
97919 97926 279
97920 97919 336
97920 97921 588
97920 97923 924
95715 95713 782
95715 95720 676
100377 100376 3761
49941 49943 951
49941 49944 2229
49942 49944 2334
49942 49948 610
49942 49949 1684
41982 41985 750
41982 41987 1612
41990 42000 1306
49842 49844 201
49838 49839 737
49838 49843 3030
49855 49854 452
49858 49857 452
102053 102054 3286
102053 102055 1047
98911 98909 1280
98911 98910 1483
98878 98863 1288
98878 98885 475
98878 98886 750
98879 98864 2149
98913 98917 686
98909 98875 2506
98909 98911 1280
98915 98916 2483
98928 98888 1196
98928 98934 1627
98846 98838 2376
98846 98839 869
98847 98839 1830
98847 98845 840
98838 98835 1352
98838 98846 2376
98955 98968 4376
98967 98968 404
101845 98935 530
100162 98933 5762
100162 100164 1409
100162 100171 1601
98603 98604 1713
98603 98618 905
98659 98662 3614
98659 98715 889
98709 98701 629
98709 98710 1780
98709 98711 840
98661 98662 950
97730 97728 806
97730 97731 2226
98023 97885 452
97839 97817 904
97814 102120 1063
97898 97888 1353
97898 97899 1071
98029 98028 688
98029 98034 2642
98034 98029 2642
98034 98033 908
98037 97904 1770
98037 98038 1631
97857 98353 495
97868 98354 53
98065 97341 2633
98065 98071 2949
98073 98067 2104
98073 98108 2515
98071 98065 2949
98071 98072 2826
98071 98091 1827
98071 102559 1567
98111 98342 848
98348 98349 238
98359 98355 435
97700 97697 2593
97706 97699 3065
97702 97701 1428
98332 98333 1344
98395 98398 588
98395 98400 610
98602 98605 435
98602 98671 2458
98604 98603 1713
98604 98605 796
194421 194422 911
194421 194423 836
49869 49867 2014
49874 49872 336
49874 49875 3360
49960 49957 2161
49960 49958 2141
49963 49961 2752
49963 49966 354
43480 43482 3698
43480 43486 1345
43481 43483 782
43481 43484 672
41992 41991 3035
41992 42354 1152
42432 42430 2803
42432 42437 2040
42432 42441 2154
42058 42060 3022
42082 42083 1556
42085 42069 1344
42085 42083 1724
43623 43621 1322
43623 43624 2884
43632 43624 1426
43632 43634 2347
43670 43634 893
43684 43683 877
43684 43686 1257
43684 43692 697
43694 43687 279
43694 43700 3361
43874 43872 1258
43882 43860 1534
43810 43808 2640
43810 43823 3508
43837 43823 673
43837 43838 2967
43843 43840 517
43843 43865 2053
43843 43866 4445
43863 43871 2643
42661 42662 1540
42674 42675 1212
42674 43256 1418
44222 44218 1210
44222 44220 2142
44220 44219 1180
44220 44222 2142
44227 44217 1778
44227 44230 836
44227 50332 2187
36953 36952 2161
36953 44199 1533
44204 44203 751
44204 44206 677
44204 44207 976
44206 44204 677
44206 44215 697
44221 44218 336
43467 43427 252
43467 43459 1345
43477 43475 475
43706 43705 2674
43706 43743 605
43715 43707 1828
43724 43725 202
43701 43702 1863
43701 43751 1612
43752 43753 1140
43752 43755 1224
43970 43700 1120
43708 43598 344
43594 43586 1008
43594 43601 2092
43614 43611 557
43893 43738 1266
43820 43808 5500
43820 43814 445
44508 44509 951
44508 45604 2556
44512 44511 751
44518 44510 2048
44518 44519 279
45568 45565 2412
45604 44508 2556
45604 44509 3246
45570 45565 1182
45570 45573 3154
45595 45593 1419
45595 45596 600
45608 45614 745
45608 45932 712
45627 45606 552
45627 45628 1994
45638 45626 884
45638 45636 605
45903 50337 461
44507 44506 475
50334 50337 85
50334 50338 1473
125943 125942 1140
125943 125969 953
125953 125938 1780
125956 125938 890
125956 125940 1121
125964 125962 436
125971 125966 1743
125971 125974 766
125971 125985 8927
125978 125975 3850
126103 126101 850
126103 126104 1906
126118 126104 710
126118 132342 1169
126126 126133 667
126137 126133 667
126137 126138 688
126137 132496 560
126131 126132 1225
126131 126452 683
126138 126132 710
126138 126137 688
126453 126438 850
126453 126444 558
126453 126452 2481
126456 126444 1284
126456 126457 418
126458 126448 3334
126458 126457 452
126493 126449 3666
126493 126495 452
45409 45275 2416
45409 45410 1255
45409 45411 976
45409 45732 1275
45412 45406 837
45412 45408 355
45412 45732 3764
45731 45730 2752
45731 45732 2259
45731 45743 1255
45731 45744 747
45416 45415 940
45414 45395 1260
45414 45413 2830
45414 45418 1064
45414 45424 2280
45417 45418 1716
45417 45420 552
45417 45421 404
45401 45400 630
45401 45425 1919
45401 45428 337
45424 45396 1074
45424 45414 2280
45424 45425 906
45426 45425 1009
45426 45430 1258
45426 50503 2479
125183 125170 751
125183 125184 537
125183 125185 2184
125183 125186 139
125172 125168 1873
125172 125169 1293
125172 125174 1669
125179 125173 404
125179 125174 552
125181 125174 222
125181 125180 418
125181 125182 1950
125189 125188 1641
125189 125225 337
125191 125190 1438
125191 125192 1206
125191 125225 511
125219 125156 1028
125219 125157 1769
125219 125192 984
125219 125221 1182
125220 125157 1080
125220 125221 1594
125220 125233 1704
125240 125159 885
125240 125238 828
125240 125239 1577
125241 125239 948
125250 125244 474
125250 125249 238
125290 125261 222
125290 125262 713
125291 125262 1484
125291 125293 1813
125291 125296 202
125282 125280 253
125282 125283 1308
125282 125284 476
125282 125287 2042
125287 125281 404
125287 125282 2042
125295 125281 355
125295 125289 1206
125294 125289 752
125294 125296 374
125294 125301 890
45345 45319 2034
45345 45320 1248
45345 45343 238
45317 45313 1436
45317 45316 778
45317 45318 2453
45317 45319 1140
125283 125282 1308
125283 125284 1293
125283 125285 684
125283 125286 672
125284 125282 476
125284 125283 1293
125284 125288 1284
125303 125288 2556
125303 125298 1264
125303 125306 2445
125303 125327 1011
125331 125306 933
125331 125330 344
125331 125332 3328
125306 125303 2445
125306 125305 1095
125306 125331 933
125306 125332 3233
125911 125332 2630
125912 125332 1919
125912 125913 2284
125946 125945 404
125946 125947 3105
125946 125948 3059
125947 125946 3105
125947 125948 848
125947 125950 279
45513 45489 2148
45513 45490 697
45513 45511 1115
45513 45544 3200
45547 45511 3200
45547 45512 537
45547 45544 1115
45552 45542 610
45552 45544 1120
45552 45553 2484
45665 45553 1027
45665 45641 584
45665 45668 2783
45665 45671 1458
45676 45672 476
45510 45497 1363
45510 45509 1029
45510 45512 5169
45545 45500 238
45545 45514 1255
45545 45546 2081
45748 45514 1380
45748 45546 1225
45500 45497 5302
45500 45545 238
45500 45548 890
45653 45538 710
45653 45651 928
45653 45655 1260
45666 45655 789
45666 45667 1429
45666 45668 418
45691 45655 5666
45691 45690 344
45691 45692 3233
45668 45665 2783
45668 45666 418
45668 45669 1275
126449 126448 562
126449 126450 333
126449 126493 3666
126449 132499 529
126445 126443 1000
126445 126446 2153
126441 126440 2183
126441 126460 477
126459 126275 522
126459 126297 706
126459 126460 698
126459 126461 2151
126461 126300 767
126461 126459 2151
126461 126462 683
126461 126467 2347
126468 126462 3030
126468 126476 418
126468 126528 739
126476 126468 418
126476 126470 613
126476 126532 1225
126532 126475 976
126532 126476 1225
126532 126533 928
126542 126480 1029
126542 126534 1255
126542 126543 1748
126546 126480 1686
126546 126543 1255
126546 126581 673
126527 126401 890
126527 126526 1347
126527 126529 1161
126527 126535 1283
126531 126401 1347
126531 126535 1116
126531 126536 1206
126544 126534 374
126544 126535 890
126544 126545 1283
126543 126542 1748
126543 126545 1225
126543 126546 1255
126407 126406 1587
126407 126536 1813
126407 126538 1505
126530 126400 276
126530 126401 1255
126530 126536 1411
126538 126407 1505
126538 126539 344
126538 126558 452
126403 126389 811
126403 126404 1674
126403 126405 1478
126418 126404 1547
126418 126405 1764
126418 126411 1764
126418 126419 1612
126411 126409 1748
126411 126414 558
126411 126415 739
126411 126418 1764
126414 126363 2035
126414 126411 558
126414 126415 927
126365 126354 1102
126365 126364 678
126365 126366 948
126365 126416 3067
126417 126413 1116
126417 126416 1344
126417 126423 751
126425 126424 650
126425 126426 2511
126425 126427 3058
126427 126425 3058
126427 126430 1270
126427 128796 934
128808 126430 3934
128808 128811 2707
128808 128812 2371
128907 128906 2051
128908 128906 924
128908 128909 2168
128908 128910 1014
128908 128920 1662
128920 128908 1662
128920 128919 1067
128920 128922 747
128923 128910 1227
128923 128922 739
129080 129078 808
128957 128952 885
128957 128968 953
128957 128969 1411
128977 128976 1000
128977 128978 684
128977 128979 1189
132372 128976 813
132372 132371 602
128993 128889 1612
128993 129012 2110
128993 129014 2042
129014 128993 2042
129014 129012 606
129014 129013 1848
129015 128897 1308
129015 129016 474
129018 120654 747
129018 129017 1376
129018 129053 1940
129018 129056 1421
128959 128932 874
128959 128961 751
128959 128962 1345
129026 128962 1055
129026 129023 1147
129026 129028 601
129024 129007 4875
129024 129028 893
129024 129029 518
128953 128954 1803
128953 129104 49
129219 129217 1081
129219 129218 872
129219 129222 818
129220 129218 556
129220 129221 889
129220 129222 1096
129221 129220 889
129221 129230 667
129221 129237 767
129238 129230 851
129238 129237 672
129238 129239 713
129232 129228 1111
129232 129234 872
129232 129550 778
129232 132412 865
129233 129231 562
129233 129234 1004
129233 129235 1012
129239 129231 1036
129239 129235 782
129239 129238 713
129550 129232 778
129550 129548 436
129550 129551 506
120769 120767 905
120769 120771 872
120769 120772 1140
120770 120767 675
120770 120771 1111
120770 120944 851
120836 120772 2262
120836 120838 581
120836 120839 851
120844 120841 711
120844 120852 2044
120844 121019 796
120844 121022 851
120852 120843 684
120852 120844 2044
120852 120847 796
120852 121024 954
120854 120847 562
120854 120850 684
120854 120855 782
120854 120856 1309
120849 120835 1248
120849 120859 601
120849 120860 337
120863 120862 373
120863 120869 752
120863 120873 753
120873 120863 753
120873 120864 1719
120873 120874 1285
120864 120818 844
120864 120873 1719
120864 120879 1368
120865 120822 2052
120865 120866 1004
120865 120879 905
120865 120880 1803
120883 120866 1786
120883 120880 893
120883 121047 452
121049 121048 752
121049 121050 1347
121049 121054 674
121050 121049 1347
121050 121056 837
121050 121488 752
121050 121496 1814
121057 121056 1749
121057 121063 698
121057 121496 789
120930 68638 2234
120930 120928 2118
120930 120929 759
120930 120933 672
68640 68639 1733
68640 120935 452
121490 120916 477
121490 121489 1067
121490 121494 1688
121491 121489 1760
121491 121494 698
121491 121495 891
121493 121492 2021
121493 121494 650
121493 121500 891
121493 121507 1684
68639 68640 1733
68639 68641 1880
68639 68642 1958
68724 68641 533
68724 68723 414
68739 68737 1106
68739 68740 1121
68739 69118 3668
68739 69121 1143
69117 68737 3573
69117 69116 404
69117 69118 1262
69116 68728 631
69116 69117 404
69116 69119 518
69120 68740 1184
69120 68754 1030
69120 69121 848
69120 69122 1148
69122 69120 1148
69122 69123 951
69122 69133 836
69122 69136 880
69124 69123 892
69124 69129 3020
69124 69130 593
69124 69136 990
69191 69190 230
69191 69193 708
69195 69196 5150
69195 69212 2116
69195 69216 1826
69172 69170 1121
69172 72138 86
69173 69170 924
69173 69175 1003
69173 69189 1037
69190 69188 400
69190 69189 1451
69190 69191 230
72583 72526 2265
72583 72591 4983
72592 72593 823
72592 73054 1067
72621 72622 1030
72621 73054 4451
72621 73057 2062
73055 73054 955
73055 73056 3330
70212 70205 494
70217 70213 1111
70217 70215 782
70217 70568 1435
70569 70215 1519
70569 70568 778
70569 70575 1271
70569 70576 667
70576 70227 1435
70576 70569 667
70576 70577 778
70576 70581 1351
70579 70577 1271
70579 70581 893
70579 70582 556
70579 70594 1355
70583 70582 1089
70583 70595 267
70583 70596 1335
69562 69561 338
69427 69428 782
69427 69429 356
69427 69431 796
69427 69660 1787
69662 69647 688
69662 69660 672
69662 69661 1146
69639 69638 2122
69639 69645 782
69639 69647 924
69639 69648 2322
69659 69647 1314
69659 69658 570
69659 69661 658
69648 69639 2322
69648 69646 796
69648 69681 497
78769 69681 621
78769 78768 2005
78769 78770 226
69421 69384 2496
69421 69437 1818
69421 69439 1182
69421 69539 2039
69438 69435 667
69438 69439 2007
69542 69439 1357
69542 69543 844
69542 69558 1336
69550 69487 1098
69550 69551 1889
69550 69553 845
69552 69547 844
69552 69557 889
69552 69558 929
69509 69508 238
69509 69510 698
69513 69510 873
69513 69511 84
69513 69514 747
69497 69496 2696
69497 69499 591
69497 69503 1539
69504 69500 1011
69504 69503 1011
69504 69505 789
69514 69513 747
69514 69517 477
69514 69518 789
69519 69518 477
69525 69523 317
69525 69524 739
69521 69488 713
69521 69508 1887
69521 69522 238
69501 69500 679
69501 72037 631
69501 72305 747
69501 77803 691
71633 71629 3331
71633 71792 1574
71633 71796 245
71633 71837 39
71819 71813 398
71819 71820 1459
71819 71845 1448
71855 71543 811
71855 71845 5333
71856 71846 815
71856 72050 417
72121 72074 1213
72121 72123 830
72122 72075 1696
72122 72123 747
71843 71842 1786
71843 71860 1284
71843 72022 1213
72021 71838 1120
72021 72022 2237
69036 69035 745
69036 78587 1241
69086 69085 2623
69086 69088 844
69086 69090 792
69086 69091 279
71852 71827 1336
71852 71853 753
71852 71860 1147
72327 72326 1891
72327 72328 711
72327 72329 242
72352 72332 679
72352 72348 476
72352 72434 1207
72437 72434 949
72437 72438 337
72353 72354 1203
72353 72357 1014
72353 72358 1124
72354 72353 1203
72354 72355 1086
72354 72358 1617
72363 72362 2054
72365 72362 1202
72365 72364 1170
72365 78119 1502
72533 72526 4275
72533 72529 796
72533 72534 1861
70032 70017 950
70032 70033 1029
70032 70034 1121
70043 70033 1215
70043 70042 658
70213 70042 935
70213 70044 2192
70213 70217 1111
70213 70218 601
70031 70030 1812
70204 70030 851
70204 70034 1067
70204 70042 1473
70204 70199 789
70568 70217 1435
70568 70567 782
70568 70569 778
70568 70573 1266
70572 70567 1182
70572 70571 782
70572 70573 778
70572 70574 1452
70612 70609 873
70612 70611 436
70613 70611 848
70613 70614 436
70613 70628 688
70613 70629 1309
70630 70628 782
70630 70631 848
70630 70636 2136
70637 70631 1887
70637 70636 782
70637 70638 778
70677 70641 873
70677 70653 782
70677 70678 4154
70573 70568 1266
70573 70572 778
70573 70575 667
70573 70589 1435
70590 70575 1435
70590 70589 667
70590 70591 1187
70590 70593 782
70592 70591 818
70592 70593 1523
70592 70597 782
70592 70603 1342
70609 70597 1309
70609 70603 893
70609 70610 672
70609 70612 873
69256 69255 1182
69269 69255 1000
69268 69267 768
69268 69279 782
69268 69283 1103
69281 69279 518
69711 69699 193
69263 69258 1184
69263 69267 782
69263 69288 1887
69263 69622 796
69627 69288 782
69627 69622 1970
69627 69630 782
69627 69650 1786
66312 66311 322
66312 69651 586
66312 69653 240
66312 69692 342
69630 69624 2136
69630 69627 782
69630 69629 556
69630 69651 1703
219194 219182 685
219194 219195 818
219194 219214 2073
219214 219194 2073
219214 219206 567
219214 219213 719
219215 219170 686
219215 219213 644
219187 219188 912
219187 219195 1058
219187 224869 522
219177 219168 493
219177 219176 244
220782 220777 640
220782 220783 580
220797 220781 721
220797 220794 742
220797 220796 1136
219608 219607 1556
219608 220778 1198
219608 220784 951
219608 220787 959
220628 220629 1447
220628 220778 900
220628 220785 697
220791 218185 830
220791 220787 738
220791 220807 1910
218035 218036 363
218035 218036 363
218035 224321 934
224320 220848 611
224320 224321 1018
224320 224322 1632
218230 218228 1251
218230 218229 562
218230 218238 681
224319 218227 733
224319 218229 157
224319 224398 949
218247 218246 215
220838 218246 2382
220838 220845 750
220838 220847 416
220848 218246 1613
220848 220842 747
220848 224320 611
224318 220846 1085
224318 220900 1095
224318 224523 756
220844 218261 2117
220844 220805 2445
220844 220846 928
220844 220859 422
220851 218263 2278
220851 220808 2405
220851 220852 775
220851 220859 262
220860 218263 792
220860 220852 2273
220860 220861 745
220860 221127 3924
221131 220861 4373
221131 221127 761
221131 221132 805
221131 221133 2384
219131 219122 791
219131 219127 882
219131 219192 887
219131 221133 2449
219132 219122 978
219132 219129 1234
219132 224411 202
221134 219192 2505
221134 221133 902
221134 221136 720
218169 218167 223
218169 218168 879
218169 218172 1209
220308 220307 424
220308 224563 724
220320 220307 669
220320 220321 873
220320 220573 2410
220324 219078 2565
220324 220295 799
220324 220319 725
220324 220598 2718
220573 220319 2947
220573 220320 2410
220573 220574 2431
220573 220598 769
220321 220320 873
220321 220589 1412
220321 220593 823
220321 224565 995
224556 215994 48
224556 220589 25
224556 224555 1197
215993 215994 1287
215993 220594 645
215993 224555 179
224500 224498 840
224500 224499 801
224500 224555 812
219078 219077 341
219078 220253 3340
219078 220323 823
219078 220324 2565
220252 220253 903
220252 220323 3186
224009 220910 862
224009 224008 1111
224009 224442 681
224820 224008 768
224820 224442 1043
224820 224819 328
220326 220325 1406
220326 224758 2117
220326 224810 1876
224759 224758 362
220348 217719 1241
220348 220347 1195
220348 223933 1271
223933 217719 241
223933 220348 1271
223933 223938 362
224254 217719 1621
224254 220350 29
223984 220340 351
220350 220349 5429
220350 224253 32
220350 224254 29
224251 218406 1099
224251 220741 5233
224251 224264 1782
224251 224265 2633
218147 218148 256
218147 220250 3695
218147 220256 441
220275 220250 2054
220275 220274 877
220275 220276 1396
220275 220277 1750
220270 220246 4763
220270 220272 1106
220270 220279 2108
220278 220272 966
220226 220029 219
220226 220227 4510
220226 220228 1465
220229 220227 530
220229 220230 2736
220229 220232 503
220229 224580 894
215268 215269 584
215268 215398 1389
215268 219639 496
219353 215269 514
219353 219560 241
219353 219639 585
220399 220292 219
220399 220400 413
220399 220730 1024
220909 220292 567
220909 220910 1167
220909 224008 842
218028 218027 8701
220028 220027 7263
220225 220027 1775
220225 220029 916
220225 220232 4650
224498 218065 550
224498 218177 749
224498 224500 840
218173 218172 850
218177 218174 352
218177 218176 596
218177 224498 749
216422 216423 584
216422 216423 584
216422 224575 387
220592 220591 787
220592 224775 252
224557 218190 1043
224557 220594 2141
224557 224775 1140
219284 219271 880
219284 219289 1714
219284 219306 1122
219284 219307 858
219311 219289 843
219311 219307 1736
219311 219344 844
219325 219290 1005
219345 219290 2645
219345 219330 828
219345 219344 740
219330 219323 2599
219330 219345 828
219340 217997 2234
219340 219338 2634
219340 219362 784
219340 219366 2296
219341 219338 609
219341 219342 665
219341 219342 665
219343 219342 821
219343 219666 826
219343 219669 822
219343 219671 605
219667 219665 729
219667 219666 1802
219667 219670 955
217987 217986 372
217987 219661 789
217987 219664 459
217986 217987 372
217986 221766 677
217986 224348 439
219661 217987 789
219661 219660 755
219661 221766 335
219361 219331 476
219361 219339 504
219361 219362 416
219362 219339 262
219362 219340 784
219362 219361 416
219362 219363 2581
219360 219331 186
219360 219349 848
219168 219169 2864
219168 219170 2967
219168 219177 493
219169 219168 2864
219169 219170 917
219216 219195 1715
219216 219197 1187
219216 219206 1664
219211 219210 3781
219211 221130 2911
219211 221138 482
219211 221175 310
219221 219219 1616
219221 221174 1974
219221 221199 2558
221175 219211 310
221175 221174 2090
221175 221181 1080
221175 221182 824
221178 221138 2069
221178 221177 476
221178 221206 1846
219222 219208 1569
219222 219212 1552
219222 219223 1225
219222 219300 930
219294 219293 938
219294 219297 1556
219294 219299 792
219295 219293 1502
219295 219296 745
219295 219297 945
219295 219309 1939
219220 219208 837
219220 219219 82
219220 219223 2239
224355 219270 822
224355 219291 1635
224355 224354 858
219296 219295 745
219296 224354 197
215990 215985 877
215990 215986 879
215987 215984 1443
215987 215985 629
216398 216382 1191
216398 216399 568
216398 216400 1100
224175 216382 287
224175 216383 234
216379 216378 1443
216379 216387 1040
216379 216389 871
216379 216392 2364
216390 216004 2016
216390 216389 458
216390 216391 1128
215597 215459 1758
215597 215598 809
215998 215459 1013
216381 215598 149
216381 224526 43
215451 215452 529
215451 215460 386
215461 215460 623
215461 215595 1046
215461 215603 1571
215586 215508 454
215606 215510 767
215606 215512 1308
215606 215607 726
215606 215609 1612
215610 215607 1652
215610 215609 687
215610 215615 941
215610 215618 750
215629 215630 436
215629 215631 385
215640 215639 750
215640 215646 1299
215640 215647 986
215652 215647 463
215652 215656 950
215652 215781 4275
215608 215550 1325
215608 215607 718
215608 215618 1669
215608 215619 734
215621 215618 755
215621 215619 1595
215621 215624 742
215621 215625 1473
215625 215621 1473
215625 215626 796
215625 215635 254
215626 215624 1581
215626 215625 796
215626 215636 681
215881 215636 7001
215881 215888 789
215881 215890 442
215881 215891 890
215776 215775 1182
215776 215780 1628
215777 215775 865
215777 215778 1326
215800 215775 4709
215800 215801 1161
215800 224164 1191
215893 215890 1665
215893 215894 494
215893 215936 654
215893 215951 3084
224164 215800 1191
224164 215801 195
224164 215890 452
224164 215936 1732
215630 215629 436
215630 215637 1631
215630 215638 365
222265 215638 293
215511 215509 820
215511 215512 2431
215511 215541 727
224120 219854 1601
224821 222347 404
222363 222362 1030
222364 222362 761
222364 222365 1175
222364 222366 737
222364 222404 1538
222414 222406 685
222414 222409 1657
222414 222411 1387
222415 222411 932
222415 222424 2055
222415 222427 953
222415 222428 1035
222360 222361 323
222360 222366 816
222360 222367 1211
222367 222360 1211
222367 222366 1374
222367 222371 576
222368 222369 96
222368 222405 1048
222368 222406 1616
222368 222409 22
222333 222332 1094
222333 222335 1027
222334 222332 425
216088 216008 927
216088 216108 1405
216088 222335 278
222425 222335 638
222425 222424 728
222425 222426 1647
222342 218471 1712
222342 222340 848
222342 222343 955
224866 222340 1529
219647 219646 487
219647 224029 1930
219648 219646 1229
224132 224129 777
219841 219818 679
219841 219842 1071
219841 219843 559
219841 219844 1502
219872 219818 1493
219872 219844 663
219872 219875 1534
219848 219843 844
219848 219857 349
219848 224509 887
219861 219857 1230
219861 219860 810
219861 219862 792
219861 219867 1538
219866 219860 1524
219866 219865 815
219866 219867 830
219866 222345 1259
219865 219847 1514
219865 219859 165
219865 219866 815
215473 215472 1605
215473 215475 183
215473 215483 790
223449 223448 1608
223449 223453 681
223449 223455 504
215477 215478 677
215477 215479 1345
215477 223461 1921
215484 215478 2511
215484 215485 768
215484 215486 677
223469 215480 1796
223469 223461 717
223469 223467 1941
223469 223732 805
223470 223467 737
223470 223468 405
223470 223471 794
223463 223462 725
223463 223464 703
223463 223465 870
223468 218841 804
223468 223465 1066
223468 223470 405
215485 215476 742
215485 215483 1104
215485 215484 768
223420 223418 2862
223420 223450 926
223420 223452 1609
223420 223487 830
223421 223418 784
223421 223486 912
223421 223487 2723
223450 223419 988
223450 223420 926
223450 223448 957
223450 223451 1493
215474 215468 840
215474 215475 659
215475 215473 183
215475 215474 659
215475 215476 1194
224133 215494 560
224133 215500 1472
224133 219533 606
224138 215494 1777
223350 223349 719
223351 223349 1150
223351 223355 767
223351 223356 944
223351 223358 1814
223354 223353 1098
223354 223358 402
223354 223365 1697
223363 223353 1214
223363 223360 1251
223363 223364 568
223375 223360 2628
223375 223364 1950
223375 223376 3448
223375 224472 137
223361 223362 257
223361 223362 257
223361 223367 377
223357 223356 752
223370 223367 824
223370 223371 1805
223370 223373 809
223475 223411 2095
223475 223472 582
223475 223476 692
223373 223370 809
223373 223372 734
223373 223374 1769
223473 223415 727
223473 223474 2070
223473 223477 768
149785 149774 3087
149785 149784 346
149841 148041 260
149841 149840 548
149841 149842 2493
148040 148041 244
148040 149836 754
148040 149837 2285
148040 151796 379
149838 149837 841
149838 149839 1725
149838 149845 455
150435 150433 539
150435 150437 1098
150435 150438 1670
150436 150433 786
147122 147116 881
147122 147125 1825
147122 147127 886
147122 147145 1709
147152 147127 437
147152 147128 1398
151954 147155 1866
151954 151953 686
151954 151955 3262
147155 147154 2151
147155 147196 1482
147155 151954 1866
147156 147154 3494
147156 151957 3849
147156 151958 2075
147178 147161 937
147178 147177 1724
147178 147180 1184
147179 147161 3279
147179 147162 861
147179 147202 457
147162 147163 2121
147162 147179 861
147162 147199 270
151958 147156 2075
151958 147163 773
147177 147175 947
147177 147176 1536
147177 147178 1724
147177 147181 684
147020 147019 2347
147020 147021 804
147020 147079 1052
147020 147083 2446
150473 147019 1052
150473 147079 2347
150473 150472 2394
150473 150474 755
147081 147021 2400
147081 147082 817
147081 147083 782
147081 147091 2359
150452 150446 2353
150452 150465 813
150452 150474 792
150452 150476 2341
150467 150465 2394
150467 150466 804
150467 150476 827
150467 151193 2410
147085 147082 2359
147085 147094 637
147085 147096 241
147096 147085 241
147096 147087 499
147096 147097 1743
147118 147097 725
147118 147117 1535
147118 147119 822
147119 147115 1382
147119 147118 822
147119 147120 731
147119 147145 968
150464 150462 2278
150464 150463 873
150464 150465 764
150464 150466 2400
150461 150450 348
150461 150462 927
150461 150463 2237
150450 150438 816
150450 150440 793
150450 150461 348
147181 147177 684
147181 147180 1788
147181 147248 1551
147180 147178 1184
147180 147181 1788
147180 147208 5610
147205 147203 1741
147205 147208 490
147205 147209 1144
147317 147311 802
147317 147318 849
142989 142910 2447
142989 151849 167
148000 147999 1022
148000 148002 2538
148000 148004 1133
148003 148004 1131
148005 148002 867
148005 148004 2576
148005 148057 920
148005 148120 2356
148125 148057 2111
148125 148120 931
148125 148128 1869
148125 148129 909
148132 148128 388
148132 148130 946
148132 148131 842
212788 212787 584
212853 212787 879
212853 212854 1517
212853 212855 1937
212852 212789 677
212852 212855 773
212852 212862 2291
212865 212855 2289
212865 212862 790
212865 212866 775
