3634
143296 143294 869
143296 143357 2831
143361 143357 998
143361 143366 2601
143367 143370 254
143367 143388 1002
144918 144920 713
144918 144921 2287
144962 144921 826
144962 144970 2307
144981 144970 896
144981 144974 1021
144981 144987 976
144973 144971 721
144973 144972 917
144973 144978 1133
144974 144981 1021
144974 144984 271
144974 144986 315
144966 144972 272
144971 144972 573
144971 144973 721
204933 204787 1949
204933 204936 755
204936 204933 755
204936 204937 1935
204940 204937 797
204950 204965 28526
204921 214524 494
207725 207726 2557
207725 207727 547
144977 144979 724
145165 144979 686
145165 145166 766
145165 145167 1904
145166 145165 766
145166 145168 1898
145166 145169 891
145169 145166 891
145169 145171 1850
145180 145171 770
145180 145184 1682
145185 145184 854
145185 145188 795
145185 145189 1676
145187 145188 1658
145227 145188 855
145227 145229 1670
145232 145229 834
145232 145250 1738
145251 145250 887
145251 145264 1794
145263 145264 741
145267 145270 854
145267 145272 1704
145273 145272 1361
146443 146441 1245
146443 146445 1023
146443 146446 1572
146605 146612 912
146605 146613 822
146606 146613 853
146606 146616 2295
146616 146606 2295
146616 146617 818
146616 146620 724
146674 146621 818
146674 146689 1339
146625 146673 830
146625 146676 2204
146675 146676 805
146675 146690 793
146675 146696 2478
146673 146625 830
146673 146677 2176
146683 146677 864
146683 146684 2515
146685 146686 2438
146687 146684 807
146687 146686 839
146687 146820 648
146815 146686 790
146817 146820 2322
146817 146821 814
146868 146846 882
146869 146846 2408
146869 146867 778
146869 146871 585
146827 146823 2407
146827 146825 924
146827 146839 723
146832 146825 2275
146832 146833 818
146845 146843 724
146845 146846 879
146845 146867 2444
146889 146833 2653
146889 146890 847
146892 146890 2445
146892 146891 856
146918 148965 3384
146921 146920 17
146926 151628 355
150132 146920 2029
150132 150131 11268
209842 211083 416
211396 211713 1150
210732 210950 557
210012 210013 1870
172262 172263 436
152793 152800 600
152798 152801 1226
152688 152800 984
152808 152801 1234
152808 152806 683
152808 153792 782
153792 152808 782
153792 153809 951
172675 172673 403
172675 172674 217
172675 172676 738
153544 153543 890
153544 153545 1055
153556 153537 1935
153556 153596 1705
153556 153599 562
153595 153596 951
153603 153602 276
153603 172672 1577
153535 153536 790
153535 153549 1447
153550 153549 355
153523 153542 828
153540 153539 1867
153540 153546 905
153548 153547 2318
153548 162506 848
153536 153535 790
153536 153542 1398
162507 162504 1812
162507 168524 475
152659 152660 952
168523 168507 1779
168523 168524 506
168505 162498 2600
168505 168500 789
168507 162500 1105
168507 168523 1779
168451 168452 222
168451 168500 1935
167621 167644 796
167612 167750 1055
167702 167806 782
167702 167807 2194
167797 167798 672
167797 167806 2485
167807 167702 2194
167807 167808 1111
167807 168468 843
178612 178613 2171
178612 178621 2901
178612 178846 2087
178642 178643 474
178642 178644 1115
178642 178856 3267
178856 178642 3267
178856 178857 1466
178860 178861 765
178842 178843 600
180046 180040 765
180046 180047 2126
180046 180049 2700
180049 180046 2700
180049 180050 504
173040 173041 1335
173040 177669 5683
179777 179775 452
179777 179857 2146
179867 179945 226
179869 179870 697
179869 179893 945
179942 179944 672
179942 181781 707
179952 179934 743
179952 179959 214
179959 179952 214
179959 179960 228
179955 179956 518
179955 179964 1796
152871 152873 1919
152871 152878 276
152868 152869 933
152868 152878 3240
152872 152876 238
152861 153823 828
152861 153824 3760
153842 153826 404
153842 153843 337
152804 152800 985
152804 152805 1336
152811 152805 766
152811 152814 758
152811 152815 1334
152814 152811 758
152814 152816 1334
152823 152816 710
152823 153811 688
153822 153820 600
153822 153823 2334
152844 152843 766
152844 152869 1344
172254 172255 677
172254 172256 344
172246 172242 924
172246 172247 630
152843 152844 766
152843 152870 1558
153248 152870 850
153248 153250 674
153223 153238 758
153223 153262 1445
153249 153251 1667
153249 153262 850
153250 153248 674
153250 153251 674
153238 153223 758
153238 153244 674
153238 153272 1556
153245 153278 1114
153244 153238 674
153244 153277 1447
153244 153278 842
156107 156105 605
156107 156114 697
156022 156020 650
156022 156105 1029
156016 156017 276
156016 156125 1560
156125 156016 1560
156125 156169 605
156170 156171 1004
156170 156184 333
156171 156170 1004
156171 156172 1012
156174 156164 1014
156174 156180 517
156181 156180 1011
156582 156581 683
156582 156716 344
153332 153334 2347
153332 153350 842
153332 153356 672
153364 153362 887
153374 153375 893
153374 153376 927
153374 153447 933
153370 153371 3297
153370 154832 818
153370 154836 2350
153403 153402 1343
153403 153404 511
153487 153497 905
153487 154847 953
154845 154846 1300
153490 153496 890
153491 153492 464
153491 153493 553
154842 154843 2749
154842 157020 276
154872 154864 2515
154863 154864 1484
154863 157003 552
153408 154837 1602
154868 154867 2237
154868 154871 475
154870 154869 766
155915 155914 1193
155915 155933 2652
155923 155580 890
155923 155933 751
155923 155957 738
155577 155578 1910
155577 155585 797
155912 155914 2423
155912 155934 890
155912 156134 810
156115 156112 696
156115 172313 337
156113 156112 1747
156113 156114 810
156113 172310 1837
155584 155585 1121
153437 153436 340
153462 153460 1716
153462 153470 2515
153464 153465 600
155937 155936 511
155937 157013 612
154850 153465 1694
154850 154853 848
155873 155880 2454
155900 155880 953
155903 155902 630
155903 157004 581
155902 155903 630
155902 156999 630
155582 155581 1117
155582 155929 924
155931 155928 1225
179964 179955 1796
179964 179972 1541
179964 179973 562
180021 185280 1613
172945 172944 827
172945 172946 688
172945 172955 676
172275 172276 672
172930 172927 2561
172930 172931 1433
172930 172955 1517
172537 172509 1248
172537 185283 2092
178123 178122 3452
185764 178522 3165
178429 178430 336
178429 178534 15756
178521 177699 1573
178521 178522 3292
177748 177749 1182
178537 178538 452
173292 173293 612
173292 178579 788
173079 173080 3235
186148 173080 325
186148 186149 458
172970 172969 925
172970 177740 1454
177741 177740 764
178022 178020 4605
178022 178023 1428
178162 178164 2210
178162 178165 893
178163 178164 580
178163 178170 344
178109 178085 1344
178109 185528 681
178166 178029 333
178166 178165 238
178145 177749 2254
178145 178146 1120
173255 173289 557
173273 173274 2479
173273 185417 1276
173342 173264 798
174775 173337 1210
174775 174774 1121
173499 173498 905
173499 173500 516
174919 173498 2353
174924 174923 3140
174924 174927 1142
173492 173493 3346
185503 185502 4757
185503 185684 5322
173470 173471 536
173470 173472 1671
174926 174925 1022
174940 174941 2261
174940 174942 474
176683 176684 1530
176683 176693 5087
176692 176691 536
176692 176703 1312
177565 177576 758
177568 177575 758
177584 177583 254
177580 177578 454
177580 177594 436
177589 177594 1852
156392 156393 926
177593 160157 671
177593 177592 581
156396 156397 1897
156396 160149 589
160148 160147 238
177335 177336 1467
177335 177390 673
160213 160205 667
160204 160203 782
160204 160205 517
160209 160202 1667
160197 160202 683
156507 156523 2284
156529 156528 758
156529 160278 778
160259 160257 1124
160259 160278 2529
160228 160223 222
160258 160257 1032
160258 160266 889
160190 160189 758
160190 160193 2002
156482 156483 1604
156482 160193 889
156478 156479 1225
156478 160203 1932
156589 156575 837
156589 156705 1742
160224 160222 3217
160224 160370 445
156838 156839 445
156838 160367 1064
160368 160367 1778
160368 160369 505
160222 160223 452
160222 160224 3217
160350 160351 1796
160350 160384 674
160374 160338 758
160374 160373 452
156841 156840 842
156841 156895 2889
156894 156882 1307
156894 156895 906
156882 156883 428
156882 156894 1307
156706 156705 885
156650 156649 543
156702 156704 789
156702 156715 1734
156714 156711 927
156714 156713 3386
156714 156790 1114
156653 156654 337
156653 156655 1702
156870 156869 2780
156870 156871 436
156954 156869 688
156960 156959 3153
156678 156679 1255
156678 156995 476
156993 156994 133
156964 156965 605
156968 156970 905
156968 160471 871
156991 160480 1032
156991 160490 552
156990 156997 920
156996 156680 3328
156996 160496 906
160494 160495 374
160494 160499 2129
156638 156639 850
156910 156639 1116
156888 156887 590
156888 156891 1000
156905 156642 2229
156905 156891 590
156913 156815 2002
156913 156819 674
156913 156914 1565
156915 156912 1225
156948 156924 258
156887 156888 590
156887 156889 1004
156887 156912 842
156943 156942 927
156943 156946 1352
156943 156950 924
156696 156694 511
156696 156972 3098
156975 156972 751
156938 156939 537
156982 156984 1118
158413 156671 953
158429 158428 3875
177319 177320 673
177319 177329 889
177319 177358 2200
177379 177371 683
177379 177380 1435
177379 177412 831
177415 177373 1016
177415 177416 948
177415 185755 418
177381 177380 849
177381 177397 3019
177390 177335 673
177390 177391 2118
176689 176687 1513
176689 176690 2354
176721 176690 1445
176721 176700 2810
176738 176687 1375
176723 176699 1724
174904 174903 1585
174904 174905 262
176701 176699 2025
176701 176702 1247
165895 165894 683
165896 165893 2084
165896 165909 697
165896 165915 1881
165935 165894 951
165929 165928 808
165929 165930 808
165930 165929 808
165930 165934 279
165636 165637 837
165636 165638 789
165636 165647 1813
165637 165636 837
165637 165648 1695
165658 165666 630
165664 165666 696
165664 165864 1883
165652 165653 2150
165652 165926 940
165865 165653 674
165865 165864 810
165655 165928 2015
165557 165559 818
165557 165579 1340
165580 165579 713
165580 165639 1616
165638 165636 789
165638 165639 789
165638 165645 1775
167692 167691 2909
167692 167760 2797
167760 167691 552
167760 167692 2797
167753 167672 3034
167753 167752 1161
167755 167756 238
167755 167757 253
167789 167790 782
167789 167798 782
167789 167812 953
167698 167697 333
167698 167734 2370
167735 167734 672
167735 172691 355
167696 167697 683
167817 167818 2447
167817 167823 310
167787 167827 1210
167678 167677 713
167624 167752 2696
167672 167673 1612
167672 167753 3034
167674 167673 871
167674 167680 1956
167680 167674 1956
167680 167677 828
165474 165475 645
165458 165457 1873
165458 165459 276
167836 167838 837
167833 167834 1035
167833 167837 688
167833 167838 1718
167533 167532 848
167533 167873 2868
167931 167876 1867
167544 167545 1009
167544 167876 2026
167930 167876 778
165903 165904 697
165903 165913 739
165910 165909 789
165910 165912 1949
165910 165921 1813
165919 165920 610
165984 165920 436
165984 165980 673
166003 166001 747
166003 166008 337
166005 166006 920
165996 165995 337
165996 165999 747
167462 167463 238
167462 172504 683
165995 165996 337
165995 166012 355
167834 167833 1035
167834 167835 713
165559 165557 818
165559 165581 1340
165671 165670 818
165671 165687 1340
165686 165581 885
165686 165687 713
165686 165688 1145
161522 161521 2560
161522 161523 477
161522 161548 872
161572 161543 1363
161572 161574 272
161572 161577 237
213250 213252 312
213257 213260 838
213258 213260 1227
213403 213404 592
213403 214585 227
214283 214285 369
214585 213403 227
214585 214287 326
212706 161425 443
164634 164635 333
164634 164636 276
164867 164868 2315
164874 164875 674
164884 164885 581
164884 164899 2718
164899 164884 2718
164899 164900 578
164675 164676 818
164675 164677 477
165670 165671 818
165670 165672 1340
165673 165672 713
165673 165695 2050
165699 165698 562
165699 165708 1450
165700 165698 1936
165700 165706 818
165700 165707 518
165679 165714 202
165728 165714 1450
165728 165746 281
165728 165747 890
165732 165729 404
165732 165733 139
164970 164971 581
164970 165730 1447
165729 165730 673
165729 165732 404
164977 164976 782
164977 164978 2734
114299 114298 950
114299 114300 626
114137 114138 186
113959 113961 2200
114145 113961 649
114145 114146 626
119288 119289 268
119288 119290 289
118641 118640 920
118641 119078 2062
118846 118847 201
118639 118638 1913
118639 119070 1629
119189 119188 1405
119189 119246 2777
119192 119193 510
119255 119254 1069
119332 119254 1774
119332 119335 335
119315 119334 752
119337 119199 352
119337 119334 2771
119215 119193 693
119215 119214 408
119071 119070 3152
119071 119475 669
119088 119082 2731
119081 119080 672
119081 119082 597
119069 118638 1084
119069 119068 586
119080 118638 2084
119080 119081 672
118967 118808 936
118967 119002 874
118967 119006 230
119001 119000 687
119001 119002 344
119007 119000 1379
119007 119008 712
91988 91989 1599
94384 94348 3235
94384 94385 796
94394 94409 1013
94425 94426 5102
94404 94361 4128
94388 94389 1437
92150 92147 1188
92150 92151 949
92225 92226 4341
92225 92227 2217
92355 92377 5066
92355 92378 1499
92356 92357 1253
92356 92358 1007
94568 94570 1351
94568 94571 2204
94490 94487 5856
94490 95902 5573
98115 100417 3243
98115 100614 1354
94540 94541 288
92514 92527 749
92514 92528 2063
92521 92522 1111
92521 92523 929
93119 93120 1031
93119 93157 2527
93141 93157 445
93164 93165 806
93164 94087 2863
93797 93793 1124
93840 93841 672
93840 93847 923
94141 94139 950
94141 94150 2129
94146 94143 788
94145 94143 1425
94145 94153 681
108051 108052 556
105625 105664 1907
108132 108420 818
108195 108196 1196
108195 108418 1348
108136 108137 640
108136 108138 991
108187 108186 791
108187 108188 1279
108197 108183 972
108197 108196 1274
105791 105790 572
105791 105801 504
105791 105817 2087
108225 108109 2605
108225 108238 3262
108234 105817 2209
108234 108240 4790
108227 105790 803
108227 108232 2278
108048 105664 1491
108048 108049 5077
108098 108099 667
108098 108104 2731
107469 108145 755
108140 108138 3113
108142 108143 532
108416 108415 1629
108416 108425 2279
108426 108425 930
108426 108427 2451
108456 108427 982
108456 108457 2510
108456 108470 903
108471 108472 3470
108471 108473 420
108470 108456 903
108470 108468 2747
108470 108472 826
108545 108484 2340
108545 108556 1091
108557 108553 847
108557 108556 2002
108546 108548 1340
108546 108598 1656
108599 108600 2557
108599 108628 905
108613 108612 1234
108613 108614 1124
108612 108611 750
108612 108613 1234
108627 108637 1000
108627 109289 1981
108630 108629 664
108630 108632 707
93602 93603 3969
93611 93604 3804
93611 93613 3918
93718 93700 2445
93718 93727 1444
93790 93789 905
93790 93791 782
93790 93799 3197
93716 93717 420
93716 93789 1097
93792 93789 2110
93792 93793 1259
93114 93121 2227
93127 93124 1224
93127 93126 823
93124 93125 1114
93124 93126 905
93124 93127 1224
93125 93123 1361
93125 93124 1114
92523 92521 929
92523 92524 1669
92523 92526 1805
92537 92526 1734
92537 101891 885
103141 103142 594
94527 94528 276
92629 92627 1027
92679 92633 503
92648 92647 839
92648 92649 1225
92652 92653 2665
92652 92654 4445
92711 92713 1361
92711 92716 1209
92716 92711 1209
92716 101790 789
191357 191322 3959
191993 191920 1677
191976 190956 1223
191976 191609 1882
194398 192038 139
191837 191306 9086
191837 191856 247
191856 191837 247
191856 191855 122
191613 191614 472
191613 191765 1975
191666 191668 1016
191860 191686 417
191831 190865 739
191831 191668 2009
191187 191188 901
191187 191325 3472
192629 192626 2354
192634 192631 1413
192634 194505 583
191186 191314 671
192631 192630 677
192631 192634 1413
191052 191053 1393
191052 192639 537
192639 191052 537
192639 192650 1220
192654 192660 2120
190939 190940 726
190939 190941 1463
194255 192675 2725
119356 119372 508
113962 113961 782
113962 114054 651
114054 113962 651
114054 114142 113
114056 114057 1248
114056 114058 708
114111 114112 1006
114111 114339 807
114342 114341 472
114342 114360 610
114350 114349 604
114301 114296 452
108605 108606 1031
108608 108606 1225
108608 108609 839
109272 109405 1220
109340 109329 3458
109340 109361 238
109318 108610 3700
109328 109327 333
109328 109329 1013
109406 109407 1348
109524 109522 1931
109524 109693 509
109660 109661 1091
108643 108641 1565
108643 108666 1622
108643 113792 1035
109337 109323 3343
109337 109324 3546
109356 109354 344
109356 109357 756
109359 109357 1259
109359 109678 1000
109351 109609 252
109595 109644 1004
109645 109644 2099
109629 109630 927
109629 109631 1352
109739 109633 473
109739 109634 4518
109726 109725 1005
109726 109743 279
109740 109741 1223
109740 109761 1558
109740 109766 696
109759 109758 2584
109759 109761 809
109741 109740 1223
109741 109767 1901
110075 110076 685
110075 110077 484
110097 110098 313
110097 110099 805
110138 110139 250
110100 110076 469
110100 110077 672
110014 110156 809
110113 110114 4647
110113 110117 737
110119 110156 1028
110172 110231 889
110225 110156 1028
110225 110212 737
110225 110227 2559
110240 110231 872
110240 110241 2944
110161 110164 750
110186 110189 809
110242 110241 809
110244 110235 2079
110244 110241 806
110244 111367 747
110824 110837 340
110822 110797 255
110822 113869 1041
110864 110863 796
110829 110845 4875
110862 110865 222
110224 110222 420
110732 110733 809
110732 110761 982
110760 110761 713
110746 110747 743
110750 110749 516
110780 110776 1445
110272 110276 1179
110277 110276 516
110277 110280 238
111367 110236 1876
111367 110244 747
110237 110236 806
110237 110238 836
110239 110238 672
110256 110257 289
103861 103857 522
103855 103846 516
103859 103860 373
112857 112859 1085
112801 112800 975
112801 112802 588
112804 112805 349
112815 112814 1544
112815 112816 672
112815 112826 1022
103906 103907 1585
103906 103908 1886
103991 103902 284
103991 103907 557
103992 103903 1223
103992 103904 1565
103894 103895 612
103894 103905 947
112495 112494 877
112495 112545 2141
112546 112545 889
112546 112800 1426
110850 110851 1062
110850 110908 788
110846 110845 1278
110860 110786 434
110828 110837 2004
104021 113690 796
103932 103933 1854
103932 103934 2086
103939 103934 354
103939 103938 747
104706 104703 1828
104706 104707 2040
104711 104712 951
104711 104722 1797
104722 104711 1797
104722 113614 373
39058 39055 1724
39058 39059 1565
39098 39094 2561
39098 39097 354
39090 39091 2005
39090 39091 2005
39094 39095 827
39094 39098 2561
39233 39231 2628
39233 39252 537
39253 39252 806
39246 39243 673
39246 39248 924
39249 39248 965
39251 39247 1627
39251 39262 511
39251 39266 1337
39266 39251 1337
39266 39263 751
37181 37180 2479
37181 37196 511
37204 39275 1471
37099 37095 139
37100 37093 403
37107 37106 421
37114 38175 1901
37070 37029 1152
37070 37073 1111
37070 37083 1345
37085 37083 435
37073 37070 1111
37073 37091 1015
37081 37074 551
37081 37083 848
37063 37062 2579
37063 37066 1161
37063 37074 1220
37078 37066 878
37205 37079 1140
38176 38175 1885
38176 38190 939
38183 38178 1258
38183 38193 202
38190 38176 939
38190 38178 1951
37151 36999 1658
37151 37153 1357
37151 37160 1742
37157 37156 1198
37160 37151 1742
37160 37152 983
38208 38209 557
38208 38210 279
38212 38210 925
38212 38367 1116
38367 38212 1116
38367 38369 1114
38370 38369 757
38370 38372 2340
38370 38373 1262
38371 38387 452
38394 38395 1116
38394 38397 765
38389 38387 421
38392 38385 589
38392 38399 1016
38404 38399 1351
38404 38439 1558
38441 38439 1016
38441 38445 1124
38445 38441 1124
38445 38542 1000
38543 38485 333
38543 38503 1482
38549 38542 258
38549 50395 1877
38492 38493 747
38492 38498 2087
38500 38499 1438
38500 38501 810
38493 38492 747
38493 38494 4093
38505 38503 111
38501 38500 810
38501 38534 558
38535 38533 1815
38572 38499 1073
38578 38538 849
38578 38539 1022
38866 38867 697
38866 38868 1412
38882 38885 951
38883 38886 2005
38883 40651 558
38868 38866 1412
38868 38884 279
40655 40649 354
40652 38888 976
40652 40651 818
40654 38888 1210
40654 38909 1533
40662 40684 1343
40686 40684 789
40686 40687 1768
40687 38917 2554
40687 40685 869
40687 40686 1768
40692 38917 717
40692 39000 2452
38987 38985 276
38987 38996 645
38989 38988 1064
38997 38995 2635
38997 38996 842
39000 38995 994
39000 40692 2452
38961 38947 682
38961 38962 2322
38961 38964 475
38948 38945 630
38948 38964 2511
38962 38961 2322
38962 38966 601
38972 38968 552
38971 38807 276
38971 38969 1426
38971 41551 344
41553 41551 807
41553 41555 2510
38970 38968 610
38970 38969 435
38970 38974 630
38974 38970 630
38974 38977 890
41555 41548 870
41555 41553 2510
41555 41556 2170
41568 41556 905
47533 47531 828
47533 47652 2051
47602 47599 709
47602 47601 1467
47607 47601 709
47607 47609 1873
47650 47531 2614
47724 47609 871
47724 47634 2111
47728 47634 790
47728 47745 1979
47746 47637 724
47746 47745 1162
47751 47642 600
47751 47752 2104
47756 47752 879
48049 47752 2005
48049 48048 1032
48054 48051 871
48054 48059 2111
48061 48059 871
47922 47917 828
47922 47925 4667
47927 47909 2192
47926 47909 953
47926 47910 2063
48053 47910 1064
48053 48051 2192
48053 48059 766
48068 48059 2192
47868 47865 1774
47868 47867 713
47868 47873 904
47914 47887 323
47914 47917 281
47873 47866 1419
47873 47868 904
47873 47872 844
47939 47863 853
47939 47937 820
47946 47943 1624
47944 47943 807
47944 47949 1255
47863 47862 378
47863 47939 853
47863 49850 343
47949 47449 879
47949 47944 1255
47949 47951 837
47952 47951 940
47952 47954 789
47954 47456 1009
47954 47952 789
47958 47981 374
47979 47477 1597
47979 47478 948
47982 47478 2376
130523 46198 1460
130523 130520 650
130526 130517 537
46199 46198 164
47402 46254 418
47402 47401 710
47402 47403 1811
47407 47403 517
47407 47404 928
47459 47404 1477
47459 47458 698
47461 47458 1758
47461 47472 789
47476 47472 2820
47476 47478 837
130718 130715 279
130706 130701 1615
130706 130714 747
130706 130716 976
130720 130722 940
130608 130589 1335
130712 130711 683
130747 130738 807
130747 130748 1673
130750 130748 953
130750 130752 337
130775 130776 953
130775 130778 2000
130790 130857 202
130821 130818 1941
130822 130823 1689
130822 130862 562
130858 130815 333
130858 130863 934
130865 130863 683
130870 130869 766
130870 130872 893
130871 130827 2335
130871 130845 1880
130871 130889 782
130889 130871 782
130889 130891 1938
130893 125177 421
130845 130828 1445
130845 130846 1113
130845 130871 1880
130847 130843 874
130847 130848 2552
130854 130853 202
130854 130855 789
131128 131126 928
131154 131126 1630
131154 131153 837
131127 131123 2143
131127 131131 1269
131158 131160 1353
131172 131173 374
131172 131174 678
131176 131175 673
131180 131179 537
131191 131259 678
131274 126187 443
131274 131267 710
126187 126188 402
126187 131274 443
131282 131283 1334
131282 131284 1258
131188 131187 169
131188 131189 1576
131526 131284 2455
131286 131284 2223
131286 131298 222
131549 131547 2203
131302 131300 1012
131302 131547 778
131302 131548 667
131551 131556 337
131551 131558 848
131552 131561 337
131573 131574 796
131614 131574 1781
131614 131615 928
131614 131623 1892
131623 131614 1892
131623 131632 713
131631 131632 1657
131716 131633 1505
131716 131717 747
131636 131634 1857
131636 131635 713
131722 132158 1735
131722 132204 1160
132157 131634 751
132157 132150 1705
132157 132158 848
131717 131635 1557
131717 131716 747
132163 132162 650
132163 132164 739
132210 132182 4411
132211 132212 279
132204 131722 1160
132204 132161 1616
132209 132212 1679
132209 132215 885
132209 132222 1616
132222 132209 1616
132222 132223 837
132230 132223 1010
132230 132232 874
132232 132230 874
132232 132231 1212
132232 132252 808
132252 132232 808
132252 132236 1412
132252 132257 837
132256 132237 751
132256 132238 1882
132257 132237 1478
132257 132252 837
132259 132240 3159
132259 132261 1735
132261 132259 1735
132261 132271 581
132276 132275 1395
54147 54143 810
54147 54149 650
54149 54147 650
54149 54148 238
54156 53986 2019
54156 54155 1116
54159 54155 2353
54159 54157 1022
54159 54166 807
54166 54159 807
54166 54233 1023
54234 54233 1485
54234 54235 1161
54097 54096 455
54097 56800 212
54097 56801 2359
54108 54098 650
54108 54109 1759
54110 54099 374
54118 54109 747
54118 54121 1616
54112 54091 337
54112 54099 422
54114 54113 1283
54114 54117 879
54115 54088 418
54115 54091 511
54266 54121 697
54266 54272 1616
54268 54269 782
54268 54273 934
54235 54224 1485
54235 54227 697
54235 54234 1161
54226 54073 2292
54226 54225 789
54226 54227 789
54242 54225 2293
54242 54251 1162
140330 140329 1928
140330 151772 843
140369 140332 298
140369 140338 315
140369 146968 5447
140340 140341 872
140345 140339 837
140345 140341 1825
140487 140339 2388
140487 140353 859
140490 140353 2406
140490 140488 763
143449 143450 1856
143369 143536 962
143530 143532 864
143530 143536 2446
143531 140294 1028
143531 143532 2728
143391 143388 197
143391 143395 869
143391 143538 2207
140295 140294 98
140295 143450 531
143534 143533 739
143534 143541 2380
143542 143541 860
143542 143545 1829
143550 143545 770
143550 143553 1761
143594 143553 931
143594 143612 609
143596 151887 1515
143600 143608 1042
143600 151808 1212
143605 143610 1273
143605 143826 892
143609 143611 1176
143609 143639 2603
143634 143608 866
143634 143618 1276
143634 143635 908
143636 139776 1084
143636 143638 758
143636 143639 827
142852 143968 1963
143967 143968 840
143965 143976 837
143965 143977 465
143971 143974 1248
143971 143976 810
143972 143816 804
143972 143973 2515
143972 143974 806
143811 143814 1213
143816 143814 786
143816 143817 2583
143816 143972 804
143778 143798 974
143800 143798 880
143800 143802 1283
143812 143802 787
143812 143814 878
143812 143818 2570
143753 143754 383
143756 143755 859
143756 143799 896
143756 143803 2534
143797 143798 730
143797 143799 1376
143750 143751 1432
143750 143754 633
143751 143750 1432
143751 143755 714
143751 143758 2604
143757 143743 802
143757 143758 933
143757 143759 934
143741 143745 899
143741 143825 1633
143744 143738 384
143744 143745 1519
143826 143605 892
143826 143825 876
143826 143831 1608
143738 143744 384
143738 143746 234
143742 143743 1706
142888 142890 807
142888 144002 2034
143969 143968 859
143969 144002 747
142887 142889 753
142887 142890 2185
142885 142889 1593
142885 142893 749
142892 142893 1489
142892 142894 807
144902 144907 916
144902 144934 1748
144905 144908 2625
144905 144922 366
144907 144902 916
144907 144908 751
144907 144937 1818
144922 144905 366
144922 144925 749
144926 144925 1423
144926 144931 806
144926 144932 965
144929 144930 913
144929 144967 2389
144933 144953 893
144933 144967 801
144933 144991 2280
144920 144918 713
144920 144930 2321
143176 143174 727
143176 143177 846
143181 143177 630
143181 143202 810
143203 143038 2905
143203 143202 912
143203 143204 790
143226 143207 973
143226 143230 2279
143232 143237 2708
143238 143237 769
143238 143293 2716
143294 143293 909
143294 143296 869
143294 143356 2850
143357 143296 2831
143357 143356 873
143357 143361 998
143357 143365 2586
143366 143361 2601
143366 143365 978
143366 143370 755
143370 143366 755
143370 143367 254
143370 143386 999
143370 143387 1032
143388 143367 1002
143388 143387 303
143388 143390 888
143388 143391 197
144921 144918 2287
144921 144930 841
144921 144962 826
144921 144969 2300
144970 144962 2307
144970 144969 775
144970 144981 896
144970 144983 1592
144987 144981 976
144987 144983 1017
144987 144986 1278
144987 144989 1296
144972 144966 272
144972 144971 573
144972 144973 917
144978 144973 1133
144978 144979 297
144978 144980 498
144984 144974 271
144984 144980 824
144984 144985 517
144984 144986 356
144986 144974 315
144986 144984 356
144986 144987 1278
144986 144988 2061
204787 204788 428
204787 204933 1949
204787 204937 776
204937 204787 776
204937 204936 1935
204937 204940 797
204965 204950 28526
204965 212594 785
204965 212595 50
214524 204921 494
207726 207725 2557
207727 207725 547
207727 212581 2575
207727 212582 506
144979 144977 724
144979 144978 297
144979 144980 458
144979 145165 686
145167 145165 1904
145167 145168 523
145167 145172 244
145167 145173 477
145168 145166 1898
145168 145167 523
145168 145171 827
145168 145175 1160
145171 145168 827
145171 145169 1850
145171 145176 1648
145171 145180 770
145184 145176 762
145184 145180 1682
145184 145185 854
145184 145186 1634
145188 145185 795
145188 145187 1658
145188 145190 1655
145188 145227 855
145189 145185 1676
145189 145186 792
145189 145190 872
145189 145207 1821
145229 145190 741
145229 145227 1670
145229 145232 834
145229 145247 1705
145250 145232 1738
145250 145247 809
145250 145251 887
145250 145252 1941
145264 145251 1794
145264 145252 906
145264 145263 741
145264 145268 1776
145270 145267 854
145270 145268 642
145270 145271 2037
145272 145267 1704
145272 145271 883
145272 145273 1361
146441 145261 1235
146441 146443 1245
146445 146436 1072
146445 146443 1023
146445 146444 837
146445 146449 1678
146446 146443 1572
146446 146449 1036
146446 146611 768
146612 146605 912
146612 146611 406
146612 146613 405
146612 146614 801
146613 146605 822
146613 146606 853
146613 146612 405
146613 146617 2202
146617 146613 2202
146617 146615 816
146617 146616 818
146617 146619 778
146620 146616 724
146620 146619 892
146620 146621 1338
146621 146620 1338
146621 146633 819
146621 146652 1350
146621 146674 818
146689 146652 804
146689 146674 1339
146689 146690 858
146676 146625 2204
146676 146675 805
146676 146677 854
146676 146695 2463
146690 146675 793
146690 146688 753
146690 146689 858
146690 146694 1037
146696 146675 2478
146696 146695 817
146696 146698 764
146696 146707 2317
146677 146673 2176
146677 146676 854
146677 146682 2464
146677 146683 864
146684 146682 867
146684 146683 2515
146684 146687 807
146684 146823 2321
146686 146685 2438
146686 146687 839
146686 146815 790
146820 146687 648
146820 146817 2322
146820 146824 805
146821 146817 814
146821 146824 2387
146821 146834 803
146846 146845 879
146846 146868 882
146846 146869 2408
146867 146845 2444
146867 146866 787
146867 146869 778
146871 146869 585
146823 146684 2321
146823 146708 896
146823 146826 810
146823 146827 2407
146825 146708 2382
146825 146827 924
146825 146829 866
146825 146832 2275
146839 146827 723
146839 146835 753
146839 146838 2455
146839 146841 777
146833 146829 2218
146833 146831 791
146833 146832 818
146833 146889 2653
146843 146841 842
146843 146845 724
146843 146866 2424
146890 146831 2386
146890 146883 827
146890 146889 847
146890 146892 2445
146891 146883 2394
146891 146892 856
146891 146894 790
148965 146918 3384
148965 146920 792
146920 146911 1089
146920 146913 1245
146920 146921 17
146920 148965 792
146920 150132 2029
151628 146926 355
150131 150132 11268
150131 150158 796
211083 209842 416
211083 210950 2318
211713 211396 1150
211713 212107 795
210950 210732 557
210950 211083 2318
210013 210012 1870
210013 210573 2665
172263 172262 436
152800 152688 984
152800 152793 600
152800 152801 893
152800 152804 985
152801 152798 1226
152801 152800 893
152801 152805 933
152801 152808 1234
152806 152807 436
152806 152808 683
152806 153810 782
153809 153792 951
153809 153804 1534
153809 172674 413
172673 153806 1091
172673 172675 403
172674 153809 413
172674 172675 217
172676 172675 738
153543 153542 169
153543 153544 890
153543 153549 276
153545 153537 355
153545 153544 1055
153537 153538 924
153537 153545 355
153537 153556 1935
153596 153556 1705
153596 153595 951
153596 153598 984
153596 153602 1856
153599 153556 562
153599 153597 374
153599 153600 1284
153602 153596 1856
153602 153603 276
153602 153604 951
172672 153603 1577
172672 153818 443
153549 153535 1447
153549 153543 276
153549 153550 355
153542 153523 828
153542 153536 1398
153542 153543 169
153539 153538 1783
153539 153540 1867
153539 153555 893
153546 153540 905
153546 153547 667
153546 153555 1783
153547 153546 667
153547 153548 2318
153547 153568 344
162506 153548 848
162506 153561 2506
162506 162505 697
162504 162503 778
162504 162505 404
162504 162507 1812
168524 162501 2005
168524 162507 475
168524 168523 506
152660 152659 952
162498 152091 3270
162498 162497 818
162498 162499 713
162498 168505 2600
168500 162497 2797
168500 168451 1935
168500 168505 789
162500 162499 752
162500 162501 418
162500 168507 1105
168452 168451 222
168452 168529 238
167644 167621 796
167750 167612 1055
167750 167751 871
167750 167752 796
167806 167702 782
167806 167797 2485
167806 167808 2318
167806 167809 688
167798 167789 782
167798 167797 672
167798 167799 518
167798 167809 2402
167808 167806 2318
167808 167807 1111
167808 167813 1234
167808 168466 843
168468 167807 843
178613 178612 2171
178613 178614 889
178613 178615 1475
178621 178612 2901
178621 178615 1744
178621 178622 1306
178621 178846 3911
178846 178612 2087
178846 178621 3911
178846 178845 2252
178846 178845 2252
178643 178642 474
178644 178642 1115
178644 178645 452
178644 178852 475
178857 178856 1466
178861 178860 765
178861 178862 765
178843 178842 600
178843 178844 2426
178843 178845 597
180040 180041 599
180040 180043 1897
180040 180046 765
180040 180051 2688
180047 180046 2126
180050 175071 2503
180050 180049 504
180050 180051 354
173041 173040 1335
177669 173040 5683
177669 177668 416
177669 177668 416
179775 179774 924
179775 179776 1880
179775 179777 452
179857 179777 2146
179857 179858 951
179857 179893 153
179945 179867 226
179945 179944 291
179945 186184 313
179870 179869 697
179893 179857 153
179893 179869 945
179893 186147 333
179944 177715 373
179944 179942 672
179944 179945 291
181781 179942 707
179934 179935 652
179934 179952 743
179960 179959 228
179956 179935 1019
179956 179953 1889
179956 179955 518
152873 152871 1919
152873 152874 1222
152873 152885 850
152878 152868 3240
152878 152871 276
152878 152879 752
152869 152844 1344
152869 152868 933
152869 152870 683
152869 152879 3714
152876 152872 238
152876 152877 210
152876 153851 337
153823 152861 828
153823 153812 612
153823 153822 2334
153824 152861 3760
153824 153825 337
153824 153826 476
153826 153824 476
153826 153827 2460
153826 153842 404
153843 153841 2460
153843 153842 337
153843 153844 739
152805 152801 933
152805 152804 1336
152805 152807 1334
152805 152811 766
152815 152807 766
152815 152811 1334
152815 152816 758
152816 152814 1334
152816 152815 758
152816 152823 710
153811 152823 688
153811 153810 2382
153811 153819 796
153820 153819 222
153820 153821 452
153820 153822 600
172255 172254 677
172256 172254 344
172242 172243 610
172242 172244 710
172242 172246 924
172247 172246 630
152870 152843 1558
152870 152869 683
152870 152880 782
152870 153248 850
153262 153223 1445
153262 153249 850
153262 153272 766
153262 153273 2000
153251 153249 1667
153251 153250 674
153251 153252 994
153251 153273 871
153272 153238 1556
153272 153262 766
153272 153274 1114
153272 153277 766
153278 153244 842
153278 153245 1114
153278 153280 1336
153278 153320 674
153277 153244 1447
153277 153272 766
153277 153279 1114
153277 153280 683
156105 156022 1029
156105 156106 1308
156105 156107 605
156114 156020 1683
156114 156107 697
156114 156113 810
156114 172309 1074
156020 156021 940
156020 156022 650
156020 156112 751
156020 156114 1683
156017 156016 276
156017 156018 1153
156017 156132 673
156169 156125 605
156184 156170 333
156172 156171 1012
156164 156165 672
156164 156174 1014
156164 156175 2454
156164 156716 2132
156180 156174 517
156180 156181 1011
156180 156182 1675
156581 156580 1206
156581 156582 683
156581 156725 697
156716 156164 2132
156716 156582 344
156716 156717 796
153334 153332 2347
153334 153335 747
153334 153346 600
153350 153332 842
153350 153346 2223
153350 153347 600
153356 153332 672
153356 153357 273
153356 153362 590
153362 153356 590
153362 153360 1669
153362 153364 887
153375 153374 893
153376 153374 927
153376 153377 796
153376 153378 766
153376 172267 1111
153447 153360 927
153447 153374 933
153447 153448 1114
153447 153469 562
153371 153370 3297
153371 153372 650
153371 153373 1225
154832 153370 818
154832 154833 518
154832 154834 782
154836 153370 2350
154836 154673 677
153402 153401 1734
153402 153403 1343
153402 154834 238
153404 153403 511
153497 153487 905
153497 153496 924
153497 155879 2672
154847 153487 953
154847 154846 848
154847 154848 879
154846 154845 1300
154846 154847 848
153496 153458 1664
153496 153490 890
153496 153497 924
153492 153491 464
153493 153491 553
153493 153494 139
153493 154838 873
154843 154842 2749
154843 154849 581
154843 157017 1055
157020 154842 276
157020 154865 2668
157020 157019 355
154864 154863 1484
154864 154865 953
154864 154872 2515
157003 154863 552
154837 153408 1602
154837 154709 1432
154867 154840 1686
154867 154868 2237
154871 154868 475
154871 154873 1664
154869 154861 790
154869 154870 766
155914 155912 2423
155914 155915 1193
155914 155934 2323
155933 155915 2652
155933 155923 751
155933 155934 697
155933 155958 1143
155580 155578 837
155580 155581 1284
155580 155923 890
155580 155955 677
155957 155923 738
155578 155577 1910
155578 155579 558
155578 155580 837
155585 155577 797
155585 155584 1121
155585 155586 906
155934 155912 890
155934 155914 2323
155934 155933 697
155934 156133 673
156134 155912 810
156134 156018 2636
156112 156020 751
156112 156113 1747
156112 156115 696
156112 172314 873
172313 156115 337
172310 156113 1837
153436 153437 340
153460 153459 796
153460 153461 674
153460 153462 1716
153470 153459 552
153470 153462 2515
153470 153471 1028
153470 153494 476
153465 153464 600
153465 153466 713
153465 154850 1694
155936 155935 837
155936 155937 511
155936 157079 807
157013 155937 612
157013 157014 1144
157013 157077 713
154853 154850 848
154853 154854 1796
154853 154854 1796
155880 155873 2454
155880 155876 1398
155880 155900 953
157004 155903 581
157004 157005 1742
157004 157015 630
156999 155876 1065
156999 155902 630
156999 157000 818
156999 157009 848
155581 155580 1284
155581 155582 1117
155581 155932 516
155929 155582 924
155929 155928 672
155929 155930 1580
155928 155926 697
155928 155929 672
155928 155931 1225
179972 179964 1541
179972 179973 1750
179972 185283 1055
179973 179964 562
179973 179972 1750
179973 180011 1932
185280 180021 1613
172944 172945 827
172946 172925 2340
172946 172945 688
172955 172930 1517
172955 172945 676
172276 172275 672
172276 172463 1232
172276 172983 1780
172927 172918 1344
172927 172925 1946
172927 172930 2561
172931 172930 1433
172931 172983 1033
172509 172463 426
172509 172537 1248
185283 172537 2092
185283 179972 1055
178122 178123 3452
178522 178521 3292
178522 185764 3165
178430 178429 336
178534 178429 15756
177699 178521 1573
177749 177748 1182
177749 178145 2254
178538 178537 452
173293 173292 612
178579 173292 788
173080 173079 3235
173080 186148 325
186149 186148 458
172969 172970 925
177740 172970 1454
177740 177741 764
178020 178022 4605
178023 178022 1428
178164 178162 2210
178164 178163 580
178165 178162 893
178165 178166 238
178170 178163 344
178085 178109 1344
185528 178109 681
178029 178166 333
178146 178145 1120
173289 173255 557
173274 173273 2479
185417 173273 1276
173264 173342 798
173337 174775 1210
174774 174775 1121
173498 173499 905
173498 174919 2353
173500 173499 516
174923 174924 3140
174927 174924 1142
173493 173492 3346
185502 185503 4757
185684 185503 5322
173471 173470 536
173472 173470 1671
174925 174926 1022
174941 174940 2261
174942 174940 474
176684 176683 1530
176693 176683 5087
176691 176690 4008
176691 176692 536
176691 176700 1697
176703 176692 1312
177576 177565 758
177575 177568 758
177583 177584 254
177578 177580 454
177594 177580 436
177594 177589 1852
177594 177592 924
156393 156392 926
156393 156397 672
160157 177593 671
177592 177593 581
177592 177594 924
156397 156393 672
156397 156396 1897
160149 156396 589
160149 160147 1263
160147 160148 238
160147 160149 1263
177336 177335 1467
160205 160204 517
160205 160213 667
160203 156478 1932
160203 160202 2105
160203 160204 782
160202 160197 683
160202 160203 2105
160202 160209 1667
156523 156507 2284
156528 156529 758
160278 156529 778
160278 160259 2529
160257 160258 1032
160257 160259 1124
160223 160222 452
160223 160228 222
160266 160258 889
160189 160190 758
160193 156482 889
160193 160190 2002
156483 156479 849
156483 156482 1604
156479 156478 1225
156479 156483 849
156575 156589 837
156575 156704 1774
156575 156715 928
156705 156589 1742
156705 156704 751
156705 156706 885
160370 160224 445
156839 156838 445
156839 156840 683
160367 156838 1064
160367 160368 1778
160369 160368 505
160351 160350 1796
160384 160350 674
160338 160374 758
160373 160374 452
156840 156839 683
156840 156841 842
156895 156841 2889
