3454
211562 211565 1259
211563 198906 1259
211563 211565 797
211568 198906 631
211568 211569 990
211571 211565 901
211571 211572 1400
211573 211572 883
211573 211575 238
211573 211576 751
212185 211576 1963
212206 211576 751
212206 211578 1163
212206 212207 834
212208 212207 2462
212208 212209 683
212209 212208 683
212209 212211 2601
212209 212212 433
212244 212245 278
212244 212255 848
212267 212268 786
212267 212273 1259
212273 212267 1259
212273 212274 981
211362 211357 657
211394 211357 2325
211394 211392 779
212453 212447 781
212453 212468 261
212472 212468 1817
212472 212473 791
212519 212473 1731
212519 212524 781
161432 161433 1892
160145 160144 1161
160145 160146 1657
160145 164587 782
164660 164510 556
164660 164663 2565
161429 164510 739
172431 172430 581
172431 172434 1293
172431 172436 791
212534 212524 1683
212534 212538 883
212534 212540 749
212536 212535 342
212536 212538 828
212535 212536 342
212535 212537 1263
212255 212244 848
212255 212259 1200
212256 212259 791
212256 212265 1340
212263 212265 745
212263 212448 2082
212447 212448 938
212447 212453 781
212447 212469 816
114378 114379 2901
114320 114321 695
114320 116268 1004
114331 114332 835
114331 116267 621
114333 114332 803
114333 116265 1161
114312 114311 417
114312 114313 950
114321 114320 695
114321 116269 874
113852 113851 201
114222 114223 670
114220 114219 472
114220 114431 626
114215 114425 787
114424 114425 2740
113971 113970 887
114192 114193 1010
114192 114194 1031
114190 114188 1004
114190 114196 353
114025 114026 1070
119120 119121 1176
119120 119122 2016
119197 119209 14361
119296 119295 5863
118561 118559 2365
118561 118607 2461
118566 118567 2175
118566 119149 1406
119148 119147 1021
119385 119384 9398
119381 119393 8987
114941 114942 2474
114941 114943 8678
115009 114944 1694
115009 115027 402
114855 114854 2749
115020 116235 893
92007 92005 1393
92007 92006 1223
92008 92006 2554
92008 92010 251
92010 92004 1296
92010 92008 251
92014 92015 1673
92014 92016 418
92020 92021 1722
92020 102221 583
92029 92032 2779
92056 92055 1144
92056 92066 536
92056 92067 1027
92064 92054 473
92064 92070 2861
92057 92058 452
92057 92060 2959
92061 92115 1491
92061 102190 821
92073 92115 4126
92073 92119 1760
102206 94414 3108
102206 102207 1238
94412 94382 7137
94412 94415 4870
94414 102206 3108
94414 102212 1806
92259 92260 628
92259 92263 1065
92281 92283 770
92264 92256 2838
92264 92262 4306
92267 92268 3170
92267 92271 1693
92282 94476 611
92282 94477 696
94462 94461 1391
94462 94463 710
115804 115805 3297
115804 115806 871
115816 115829 876
115818 92500 201
115818 115828 729
92398 92399 746
92398 92400 707
92404 92403 2475
92407 92408 1583
92407 92409 1792
92408 92407 1583
92408 92409 1166
92317 92319 1809
92317 92320 1006
92325 92499 252
92325 92500 3260
105804 105803 1139
105804 116052 924
107032 107033 1444
107032 107063 2266
107064 107061 923
107090 107089 950
107090 107182 1205
93206 93190 2603
107057 107058 12672
107059 107058 16494
107088 107089 1077
107088 107104 2920
107105 107098 1191
107105 107104 826
107212 107205 1700
107212 107213 2277
107126 107127 1542
107121 107122 1465
107121 107214 5354
107420 107214 1077
107454 108492 1031
107435 107433 2706
107435 107455 1124
107421 107422 1061
107421 107503 1161
107500 107501 1004
107500 107522 2041
107517 107541 1014
107517 109481 2434
109495 109496 1800
109495 109498 4017
92897 92898 1375
92972 92954 718
92972 92971 3347
92972 102769 5599
93038 93040 1139
93039 93045 611
93046 93045 1077
93046 93054 808
92953 92954 1113
92789 92788 3101
92806 101988 1193
92792 92791 515
116009 105763 1360
116009 116010 1493
115789 115790 5194
115789 115791 1120
115838 115839 2535
115841 115832 884
115841 115844 825
115832 115833 746
115832 115841 884
115832 115860 675
191787 191540 2444
191018 190861 1930
191018 191019 363
190891 192004 1289
190891 194162 252
190892 192004 380
190892 194160 620
191681 191658 3314
191681 191682 433
191658 191659 845
191658 191681 3314
192133 192076 1754
191717 191703 183
191728 192740 3182
191747 191491 522
192746 192747 379
191892 191540 5958
191892 192007 1202
194144 194146 616
194144 194147 1087
191569 191570 622
191569 191894 478
191916 191851 1352
191842 191857 2775
191918 191867 380
191937 191869 1049
191937 194029 1189
191770 191634 2403
193842 193843 341
192738 192769 86
192738 194064 470
194016 194022 427
194016 194025 2158
192769 192738 86
192769 192756 1697
192757 192756 1853
194023 191041 71
194023 191042 110
194063 191041 737
194063 194074 1056
190966 194251 1783
192707 192702 4466
192724 192725 646
192724 192726 487
194250 192725 1562
192807 192806 1676
114072 114073 747
114072 114108 946
114091 114089 1896
114091 114092 1291
114108 114072 946
114108 114105 1004
114406 114407 649
114368 114369 445
114368 114370 502
114719 114373 514
114729 114374 510
114729 114376 840
109465 109466 220
109465 113907 327
109480 109372 7065
113898 113896 479
113898 113896 479
109418 109419 3038
109418 109432 610
109517 109513 1344
109517 109804 628
109793 109826 1334
109824 109897 7589
109824 109974 1223
113958 109381 2505
109812 113881 762
109895 109896 2666
109895 109897 927
109895 109902 2783
109900 109901 1306
109900 109925 1025
109925 109900 1025
109925 109923 847
109925 109928 1686
109908 109909 672
109908 109916 1610
109923 109925 847
109923 109937 1686
111024 111023 516
111024 111031 1786
111030 111029 1675
111030 111031 672
110146 109937 681
110146 109946 1686
110146 111036 487
105187 105188 452
105187 111021 893
111022 111021 662
111022 111025 9
111022 111026 791
109911 109909 1196
109911 109915 1234
109890 109889 905
109890 113673 550
109891 109889 365
109891 110999 1569
111004 111005 927
111021 105187 893
111021 111022 662
111021 111023 1114
111027 111023 1723
111027 111033 611
111033 111027 611
111033 111035 336
110979 110980 697
110979 111068 1408
111071 111068 737
111071 111070 1282
111082 111072 201
111073 111065 750
111073 111072 1084
111075 111067 1608
111077 111076 877
111316 111076 473
111316 111241 1408
111316 111329 750
111329 111255 1344
111329 111316 750
111257 111255 750
111257 111256 1084
111257 111331 1008
111331 111257 1008
111331 111282 1208
111283 111276 2079
111283 111282 750
111283 111286 672
111291 111286 1425
103349 103348 704
103349 103353 1843
111292 103353 480
111292 111285 1028
111359 111357 1351
111359 111484 336
111501 111484 696
111501 111486 201
111497 111500 275
103348 103349 704
103348 103351 1618
103348 111356 948
111356 103348 948
111356 111355 1028
111524 111488 1480
111524 111522 222
111522 111523 562
111522 111524 222
111528 111526 756
111513 111512 1669
111513 111514 782
111633 111514 840
111632 111515 756
111631 111629 847
111688 111645 756
111643 111644 688
111628 111620 905
111628 111623 1014
111619 111620 983
111619 111622 354
111630 111615 1851
111630 111629 1111
111630 111645 847
111437 111443 336
111437 111659 818
111439 111433 1730
111439 111435 826
111447 111433 826
111447 111448 950
111648 111647 847
110834 110833 1306
110834 110838 6602
110834 112575 2644
111664 111663 4967
104135 104134 1979
104135 104150 1411
104137 104138 869
104137 104139 4426
104147 104091 409
104148 104091 2718
104120 104121 708
104120 105730 782
105736 105735 629
112880 112879 1225
112736 112643 782
112736 112737 279
104142 104143 2682
104313 104167 927
104313 104314 1475
104167 104168 1395
104167 104169 1544
104167 104313 927
104342 104343 418
104352 104353 697
104352 104358 1744
104366 104367 2458
104366 104411 1576
104366 104417 806
39209 39206 887
39209 39207 89
39206 39205 551
39206 39209 887
39507 39506 1613
39507 39515 333
39519 39504 435
39509 39510 452
39509 39512 3010
39512 39509 3010
39512 39540 252
39546 50530 328
39518 39184 818
39189 39184 1350
39189 39188 782
39202 39185 2532
39202 39201 924
104238 104236 1161
104238 104239 1145
104238 104741 202
104733 104239 1188
104733 104725 1067
104733 104732 1023
104734 104736 1577
104779 104741 1073
104779 104772 2645
104779 104778 557
104282 104281 2503
104282 104796 809
104287 104288 1501
104287 104784 1481
39179 39159 276
39179 39180 1114
39169 39167 1225
39169 39172 1304
39169 39176 1014
39180 39167 2711
39180 39179 1114
39201 39176 4132
39201 39202 924
104807 104805 336
104807 104808 536
104845 104844 893
104849 104844 1685
104376 104375 3957
104376 104397 2104
104380 104381 333
104380 104848 1879
104808 104807 536
104808 104809 2787
104898 104481 1894
104900 104901 2290
104900 104910 737
104910 104900 737
104910 104909 511
104856 104857 1074
104856 104860 750
104605 104604 788
104605 104606 836
104606 104601 336
104606 104605 836
104602 104498 435
104602 104601 1672
104602 104859 2229
104860 104856 750
104860 104859 612
39279 39280 1530
39279 39369 1395
39323 39369 612
39323 39435 612
39325 39321 475
39325 39333 2186
39331 39332 6865
39333 39325 2186
39333 39326 747
39360 37262 557
39360 39363 947
39410 39409 202
39410 39411 605
39361 37262 139
39361 39359 810
39367 39359 2627
39367 39368 672
39367 39381 537
39398 39397 738
39398 39399 2003
39398 39400 806
39408 39406 677
39408 39426 738
39408 39427 2041
39423 39400 673
39423 39406 2041
39423 39424 511
39426 39408 738
39426 39428 139
39426 39429 1812
39431 40229 1592
39493 39492 435
39493 39494 709
40450 40445 927
40450 40451 1008
40452 40446 796
40452 40447 849
40470 40517 353
40602 40601 1085
40448 40447 1014
40448 40471 2138
40471 40448 2138
40471 40472 599
40278 40279 2901
40278 40310 276
40477 40478 677
40599 40600 652
40599 40601 807
40311 40305 1211
40311 40310 1022
40293 40292 782
40293 40369 421
40293 40385 1262
40373 40370 1948
40373 40371 1951
40373 40387 673
40566 40422 470
40566 40437 3411
40437 40421 277
40437 40566 3411
40437 40567 1161
40569 40567 358
40569 40568 63
50408 40573 237
50408 40747 2641
50408 50411 967
40589 40587 822
40822 40747 2402
40841 40844 1735
40845 40843 1929
40845 40844 874
40850 40802 4686
40850 40843 900
40904 40905 859
40906 40905 727
40575 40574 1897
40575 40576 1595
40571 40572 665
40571 40587 2334
40811 40809 4103
40811 40810 1085
40811 40905 4135
40813 40809 709
55190 55181 3830
55190 55189 747
55237 55234 752
55236 55235 810
55236 56340 1759
56340 55196 789
56340 55236 1759
55423 55424 796
41618 40786 1669
41618 41616 709
41618 41628 709
41622 41620 403
41622 41621 435
41622 41624 476
41624 41622 476
41624 41623 848
41624 41626 1080
40815 40809 2747
40815 41637 807
48379 48376 1798
48382 48376 752
48456 48381 1227
48456 48461 747
48465 48462 1104
48532 48476 525
49624 48417 94
48546 48418 684
48546 48545 1065
48555 48557 684
48555 48558 1064
48355 48349 1457
48355 48356 452
48358 48356 1457
48358 48363 984
48363 48350 1457
48363 48358 984
48363 48362 924
48374 48364 752
48374 48376 828
48374 48377 481
41629 41626 605
41629 41632 2341
41632 41629 2341
41632 48337 1027
41632 48348 1357
48352 48348 751
48557 48545 1033
48557 48555 684
48557 48578 774
48579 48578 1339
48579 48581 984
48701 48582 1902
48707 50574 239
48703 48582 716
48703 48706 928
48718 48713 1182
48718 48730 818
48830 48829 2347
48830 48835 713
48570 48568 985
48570 48569 1907
48570 48577 610
48572 48566 807
48583 48576 1085
48583 48577 1064
48706 48703 928
48706 48713 988
48833 48571 885
48833 48834 1213
48833 48835 1032
48838 48837 837
48838 48839 2508
48854 48850 873
48856 48850 1656
48856 48853 848
48857 48853 1303
48857 48862 848
48874 48862 1584
48874 48875 719
48880 48875 463
48880 48881 2482
48881 48875 2386
48881 48880 2482
48841 48836 421
48230 48196 2604
48230 48226 1710
48230 48231 937
48990 48241 1062
48991 48988 1168
49010 49007 305
49013 49005 897
49013 49583 4385
48282 48281 2761
131364 126175 736
131364 131356 2578
131365 131356 1028
131365 131363 2379
49590 49589 2283
48389 49581 713
131368 131363 1081
131368 131371 2615
131384 131371 1182
131384 131471 2646
131475 131471 1105
131473 131472 1065
131473 131477 984
131506 131477 1933
131506 131493 848
131493 131492 2089
131493 131496 747
131493 131506 848
131497 131494 1933
131497 131495 848
131497 131496 747
131511 131495 2443
131511 131510 951
131496 131491 2089
131496 131493 747
131496 131497 747
131510 131498 2609
131510 131511 951
131510 131514 688
131516 131514 3209
131516 131682 818
131747 131744 2073
131747 131770 1112
131773 131749 856
131773 131774 811
131831 131775 410
131831 131776 373
131831 131832 429
131832 131831 429
131832 131836 855
131840 131844 1859
131852 131853 337
54366 53783 2006
54413 54415 355
54403 54041 1068
54403 54404 1734
54452 54450 650
54452 54453 1484
54457 54453 885
54457 54468 1545
54469 54468 1000
54469 54471 476
54472 54471 940
54472 54473 697
54472 54516 1817
54517 54516 476
54517 54518 374
54517 54519 2353
54550 54546 1258
54550 54554 418
54553 54554 650
54556 54554 650
54556 54555 890
54556 54561 1116
54570 54561 2557
54570 54571 984
54586 54585 1284
54586 54591 2412
54592 54591 940
54592 54640 1811
52950 52949 6477
56338 56334 374
56338 56337 612
56339 52748 10417
54686 54650 650
54519 54517 2353
54519 54525 789
54522 54479 2292
54522 54521 837
54526 54523 341
54526 56770 450
54722 54721 1636
54729 52588 1837
54640 54592 1811
54640 54641 1010
53893 53882 558
53893 53894 3429
56639 56640 860
53941 53946 940
53942 53946 1447
53942 53949 3358
53949 53942 3358
53949 53962 418
53963 55176 333
53963 55177 697
52853 52793 418
55180 55174 789
55180 55182 2420
55181 55182 697
55181 55190 3830
144505 144494 2428
144505 144506 840
144505 144509 2476
144509 144505 2476
144509 144510 847
150494 150492 628
150494 150500 762
150502 150506 814
150502 150508 1618
150492 150487 1737
150492 150490 790
150492 150494 628
150505 150508 763
150505 150620 1693
150641 150620 620
150641 150643 370
150643 150641 370
150643 150692 286
150694 150693 1561
150694 150697 706
150694 150706 1345
150645 146929 1101
150645 150706 982
150706 150645 982
150706 150694 1345
150706 150708 672
140290 140276 1787
150734 140279 1209
150734 150735 902
140274 140276 839
140274 140277 752
146928 146929 204
146928 150731 13
140275 140277 758
140275 140280 705
140280 140275 705
140280 140282 811
140367 140383 381
140382 140387 408
140434 140388 918
140434 151978 2173
140435 140443 745
140444 140443 1255
140447 140445 750
140447 140449 2182
140448 140449 709
140448 141872 2521
142547 144498 2482
144494 144498 776
144494 144505 2428
141872 140448 2521
141872 141871 908
141881 141871 2293
141881 141880 826
141881 141910 865
141911 141910 1121
141911 141912 810
141912 141911 810
141912 141916 1300
141928 141935 745
141938 141935 2157
141938 141936 894
141887 141870 2248
141887 141873 776
141887 141886 721
141895 141886 2486
141895 141894 852
141897 141873 2441
141897 141898 822
141936 141898 2161
141936 141938 894
141901 141894 2264
141901 141902 721
141951 141942 264
141951 141946 734
141953 141952 734
141953 141955 1809
151750 141995 808
142086 142085 4977
142086 142087 793
142112 142087 1870
142112 142113 919
142112 142115 1569
142116 142115 226
142116 142117 384
142116 142134 971
142126 142125 945
142126 142131 743
142106 142107 311
142106 142642 3287
142641 142636 866
142641 142642 794
142641 142649 2868
142636 142635 885
142636 142641 866
142636 142648 2909
142082 142077 2450
142082 142083 857
142104 142083 1058
142104 142634 2148
142635 142634 805
142635 142636 885
142635 142647 2929
143267 142085 498
143267 143260 441
142066 142068 939
142067 142076 1010
142075 142076 1036
142075 142078 2340
142079 142078 1020
142079 142589 2083
142589 142079 2083
142589 142590 1073
142589 142595 2264
142592 142595 899
142592 142617 2430
142616 142617 991
142616 142625 2281
142623 142625 1031
142623 142744 2395
142737 142744 917
142737 142755 1076
142738 142741 657
142738 142755 944
142739 142741 824
142742 142741 677
142742 142756 1072
142742 142757 2321
142743 142757 1009
142743 142774 2319
144499 142552 818
144499 144498 883
144499 144511 2539
142550 142552 1244
144503 144500 978
144503 144504 897
144782 144504 1328
144782 144789 657
142773 142774 883
142773 142778 1084
142773 142781 2352
142778 142773 1084
142778 142780 2305
142779 142780 1011
142779 144785 2330
144784 144785 843
144789 144516 1282
144789 144782 657
144789 144790 733
144793 144794 512
56354 56353 5264
56355 52949 477
204522 204525 140
204522 204527 1558
204529 204527 930
204544 204532 1423
204544 204545 1400
196122 204560 681
204772 204773 664
204732 204778 438
204791 204781 845
204791 204792 386
204798 204805 779
204798 204807 1917
204808 204807 779
204808 204858 1917
204860 204861 802
204860 204862 1808
204859 204858 774
204859 204862 779
204859 204881 1805
204861 204860 802
204861 204863 1953
204861 204870 765
204868 204871 1824
204868 204873 701
204870 204861 765
204870 204871 867
204870 204874 1718
144554 144510 3035
144554 144555 780
144559 144555 2017
144559 144566 851
144716 144566 1827
144563 144551 894
144563 144562 278
144563 144565 860
144715 144839 696
144715 144841 1358
144715 145035 750
144562 144551 814
144562 144561 729
144562 144563 278
144567 144561 2021
144567 144566 810
145035 144715 750
145035 145036 1343
145040 145036 917
145039 144848 1028
145039 145038 2267
145044 144848 2357
145044 145045 662
145055 145045 2287
145055 145056 979
145109 145056 365
145109 145105 406
145109 145111 1673
145128 145124 472
145128 145126 564
145126 145128 564
145126 145129 946
145127 145129 802
145127 145131 1281
145497 145131 841
145527 145524 734
145527 145528 1385
145539 145528 813
145539 145542 1454
145550 145542 632
145553 139771 1704
145553 145555 235
145556 139771 705
145556 145601 722
145556 145671 1766
145601 145556 722
145601 145672 1759
145675 145672 776
145675 145676 1644
145688 145676 819
145688 145689 732
145688 145690 1809
145689 145688 732
145689 145691 1723
145689 145692 827
145692 145689 827
145692 145694 1932
145799 145800 765
145799 145805 1752
145802 145804 1737
145802 145805 813
145803 145793 734
145803 145804 717
145803 145894 1669
145793 145803 734
145793 145893 1605
145883 145885 865
145883 145893 852
145884 145885 827
145884 145890 2415
145695 145703 704
145695 145887 2413
145888 145887 786
145888 145890 833
145888 145892 1725
145800 145799 765
145800 145806 1796
145848 145806 805
145848 145854 1673
145858 145854 755
145858 145860 678
145871 145860 775
145871 145872 2560
145874 145872 865
145874 145946 1597
146082 145946 816
146082 146086 2012
146088 146086 832
146088 146092 1867
146105 146092 736
146105 146108 1671
146107 146108 775
146107 151480 1742
151481 151480 802
149092 151593 1452
149092 151593 1452
149092 195352 1158
151658 151659 805
151573 151659 1950
151573 151941 204
151572 151574 2549
151572 151574 2549
151572 203843 1062
146114 146111 400
146114 151625 5524
146116 146106 1810
146116 146109 726
146116 146113 3196
203842 203841 594
203842 203843 1931
203842 215001 1510
204461 204459 796
204461 204462 2060
203841 203840 1627
203841 203842 594
214419 204446 1353
215023 214948 1498
208649 214412 125
214862 214946 1192
214862 214948 860
214651 213039 794
208695 208694 1141
208695 208699 1347
208695 208700 1101
204849 204850 1823
204849 214478 337
204850 204849 1823
204850 208701 1123
204850 214478 2016
214213 213743 966
205282 208750 870
208747 208716 789
208747 208751 1486
208747 208753 797
208715 208714 776
208715 208716 2144
208693 208750 208
208694 208695 1141
208694 208697 548
208714 208715 776
208714 208719 2040
208721 208719 751
208721 208769 2004
208736 208744 751
208736 208772 2144
208771 195327 1384
208771 208769 1080
208771 208772 647
208742 208744 1861
208743 208744 800
208743 211112 2204
211115 208787 1260
211115 211112 892
211118 211117 1176
211118 211120 624
211138 208787 759
211138 211141 683
211138 211142 892
211175 211170 683
211175 211204 91
211165 211164 164
211165 211170 2123
211164 211165 164
211164 211168 555
211177 211202 658
211177 211332 1094
211332 211177 1094
211332 211368 337
211333 211355 278
211333 211375 612
211356 211355 594
211356 211357 1406
180418 180419 238
180418 180420 1177
180429 180420 1205
180451 180452 1550
166583 167355 948
166585 167355 1348
167327 167328 697
167327 167356 1485
167356 167327 1485
167356 167355 751
166566 166567 2224
167547 167385 905
167547 167549 1200
167549 167547 1200
167549 172490 1357
167346 167374 238
167554 167553 250
167554 172820 236
167368 167369 905
167368 167579 1533
166742 167579 672
152580 152548 2875
152580 152579 2243
162529 162528 1398
167237 167247 610
167237 171043 343
167245 162528 404
167245 167246 2994
152542 152541 1339
152542 152543 1375
152542 152545 1032
152546 152545 2132
152544 152536 1055
152544 152543 1536
167111 167225 959
167128 167114 927
167128 167225 2605
167123 167125 1734
167123 167234 796
167244 167246 985
167244 167269 627
167240 167230 2920
167240 167234 766
167258 167251 672
167258 172530 933
172178 172179 848
172178 172489 436
166781 166777 556
166781 166797 758
166788 166772 1003
166788 166808 2468
166788 166815 758
166797 166781 758
166797 166803 2572
166797 166808 766
166736 166737 1976
166736 166779 356
166784 166773 222
166774 166770 782
166774 166775 421
166774 172484 758
167039 166791 778
167025 167024 590
167025 167044 344
172485 167057 893
172485 172486 1179
167057 167045 1688
167057 167058 893
167057 172485 893
167064 167062 782
167064 167103 2477
167064 168412 1935
167083 167082 1074
167083 167119 4373
167095 167114 1432
152425 152430 688
152425 152437 1775
152429 152427 752
152429 152431 871
152433 152432 818
152433 162538 1339
162537 162538 924
152436 152437 782
152436 152452 2532
178863 178864 273
180083 178865 536
180083 180084 1559
180083 180372 697
180371 180370 737
180371 180372 1085
180365 180364 672
180365 180366 1955
180365 180368 889
180370 180368 975
180370 180371 737
180364 180365 672
180364 180367 2170
180359 179654 2280
180359 180360 331
179671 179672 1257
179671 179683 1481
179654 179653 234
179654 179680 7422
179654 180359 2280
180151 179658 1145
180151 180152 1115
180163 180161 1612
173563 185273 1010
182332 182297 818
182332 182341 2479
182340 182341 893
182073 182071 418
182073 182083 848
182075 179710 839
182075 182076 1283
182107 182083 556
182107 182106 848
182114 182106 373
182091 182090 1334
182091 182092 84
182093 182079 747
182093 182090 435
182100 182078 1011
182105 182092 556
182105 182106 588
182188 182176 796
182188 182196 1496
182196 182188 1496
182196 182195 688
182194 182193 373
182194 182195 1820
182275 182274 1888
182276 182281 1140
182276 182290 1225
182276 182296 639
182289 182290 841
182285 182286 782
182285 182298 2353
182285 182299 1115
152355 152354 357
152952 152935 220
152952 152981 344
152954 152955 304
152954 152981 1945
152954 152982 1626
152956 152955 897
152956 152969 98
152958 152959 575
152958 152968 798
152958 152969 1455
152934 152935 200
152983 152955 1351
152983 152982 544
152983 152992 2700
152994 152995 2684
152994 152995 2684
153000 152996 4240
152481 152480 612
152481 152699 4934
152700 152699 4484
152731 152725 2801
152731 152730 4683
152720 152719 1547
152388 152387 728
152388 172832 337
152372 152376 1413
152372 152989 1263
152988 152987 3496
152988 153147 566
153148 153147 1955
152356 152354 758
152959 152354 472
152959 152958 575
152959 152960 406
152961 152382 126
152961 152960 769
152385 152379 838
152380 152379 1301
152380 152381 666
152448 152447 452
152448 152510 1200
152486 152509 818
153093 153094 4566
153134 153136 1104
153134 155738 940
155737 155733 2033
155737 155741 782
155737 155754 933
155702 155700 683
155702 155786 3372
155778 155779 837
155778 155964 2081
155965 155964 789
155965 155967 2283
155965 155970 751
155692 155691 842
155692 155693 1701
155692 155972 667
155789 155693 1436
155789 155697 667
155970 155965 751
155970 155971 2283
155970 155973 885
155972 155692 667
155972 155973 336
155972 155976 505
155786 155699 1121
155786 155702 3372
155753 155752 187
155753 155754 427
155756 155757 2956
155756 155761 747
153096 153095 602
153098 153097 534
153366 153144 2778
153136 153134 1104
153136 155728 1036
153206 153207 1826
153206 155730 790
153145 153144 672
153145 153182 1044
153145 153191 605
172876 172877 942
172876 172880 1042
153193 153192 1364
153193 153419 537
153193 153482 1505
172879 172878 1097
172879 172880 1042
153210 153208 818
153210 153415 1275
153417 153415 2028
153417 153418 713
173534 186092 1134
173535 173513 1904
173535 173514 1848
175127 175129 678
173544 173539 1098
173544 173545 782
173546 173155 818
173546 173676 2794
173554 173555 951
173554 173556 2162
173681 173680 708
173681 173710 1446
173158 173159 6881
173158 173160 2845
173208 173207 2478
173210 173211 1178
173210 185742 3155
183024 183025 2871
183024 183029 1933
173171 173114 3349
173171 173190 483
185423 173710 2063
185423 186048 1782
174762 174770 5052
174830 174828 2402
185439 185440 1031
185439 185707 1683
185704 185703 1279
185704 185705 3187
186068 186069 643
152920 152921 3467
152920 153113 1879
153109 153110 697
153109 153116 807
153047 153124 1074
153111 153110 837
153111 153123 677
153088 172306 517
153080 153081 537
153080 153082 976
153058 153059 688
153058 153079 751
155479 155478 474
155473 155475 738
176126 176145 2009
176146 176145 1055
156238 156239 556
156245 156243 1184
156245 156256 1688
156253 156254 337
156253 156256 713
156255 156254 333
176175 176174 1095
176175 176541 777
176188 176189 758
176188 176539 933
176189 176188 758
176189 176532 905
156259 156258 373
176534 176535 505
176530 176529 600
176530 176535 1730
176151 176161 506
176153 176179 600
155659 155660 3103
155659 156062 435
156064 172789 240
155647 155654 435
152907 152906 4363
152907 152924 600
155682 155687 2171
155686 155673 789
155686 155687 2306
156295 156341 517
156335 156333 2715
156335 156337 2715
156274 156275 2586
156274 156276 1470
156274 156316 1017
156315 156314 905
156303 156298 738
156303 156412 2791
156326 156314 953
156326 156331 842
156328 156331 1631
156055 156054 1650
156055 172787 514
156307 156308 951
156307 156351 683
156312 156567 984
155643 155644 758
155643 155674 667
155676 155674 2063
155676 155675 818
155688 155675 1035
155688 155687 778
155646 155655 1634
155644 155643 758
155644 155656 3471
155540 155541 752
155540 155589 4125
155597 155602 3495
155601 155602 842
155601 155603 630
155604 155603 1919
177119 177150 677
177138 177135 1086
177144 177140 667
177051 177060 667
177058 177057 778
177058 177238 688
177058 177243 849
177237 177223 1009
177237 177238 939
177221 177222 341
177221 177235 338
177223 177222 549
177223 177237 1009
177132 177133 1004
177129 177130 889
177129 177133 1855
177204 176224 612
177204 177203 873
177204 177281 2010
177203 177204 873
177203 177210 1956
177208 177210 673
177208 177298 1146
177195 177196 766
177195 177197 1447
177206 177196 673
177206 177263 2237
177206 177264 766
177212 177211 2047
177212 177273 672
177211 177212 2047
177211 177297 751
176221 176227 1224
176223 176224 1009
176223 177278 1224
176231 176227 2418
176231 176235 1146
176231 177278 751
176144 176145 222
176144 176162 348
176212 176164 556
176212 176217 984
176216 176217 905
176225 176226 1055
176225 176228 709
176960 177233 1366
177199 177200 893
177199 177233 1372
177229 177234 336
175016 176858 1454
175016 186131 749
176825 176826 562
176825 176858 238
176856 176857 672
176862 176861 445
173876 173877 556
173876 174912 893
174938 174912 2853
174938 174934 649
175002 175003 2118
175008 175004 2514
174892 174891 925
174892 174893 3851
174895 174896 403
174895 174897 836
176766 176765 1258
176766 176826 1033
176816 176717 1161
176816 176817 589
176816 176818 1578
176818 176813 612
176818 176816 1578
165096 165104 953
165348 165428 436
165351 165345 552
165351 165350 581
165339 165332 2335
165339 165365 928
165366 165364 1293
165366 165367 2016
165281 165279 1009
165281 165367 848
165276 165275 2007
165276 165277 1381
165275 165276 2007
165275 165346 710
165434 167336 739
167338 167334 186
167338 167337 1891
167291 167292 421
167321 167367 279
167386 167322 818
167386 167387 790
167300 167299 337
167300 167301 710
167322 167323 1897
167322 167386 818
165110 165109 581
165116 165109 871
165172 172083 511
165106 165105 2987
165106 165161 558
165108 165109 818
165162 165161 688
165162 165170 752
165146 165171 511
165159 165171 1429
164806 164807 953
164827 164826 872
164849 164826 511
164849 165525 790
165526 165525 688
165181 165180 1578
165181 165533 2088
165154 165155 610
165154 165182 872
165336 165337 1017
165333 165332 1114
165333 165379 674
165356 165357 1004
165356 165359 1948
165235 165343 355
165386 165385 337
165386 165450 474
165386 165456 216
165191 165189 1248
165191 165414 934
165403 165402 809
165403 165404 511
165401 165400 850
165401 165409 1344
165410 165409 758
165170 165162 752
165170 165171 2654
164808 164807 1036
164808 164807 1036
164819 164818 747
164819 164826 1055
164820 164818 2457
164820 164825 924
164783 164784 678
164825 164820 924
164825 164824 747
164825 164845 2382
164755 164754 672
164755 164839 872
164755 164863 344
164668 164669 287
164761 164760 818
164761 164768 1775
164761 164770 713
164752 164750 710
164752 164753 672
164758 164757 1743
164758 164760 713
164749 164750 872
164749 164786 344
164754 164755 672
164754 164796 953
211378 211212 796
211378 211377 1401
211378 211384 612
211384 211378 612
211384 211379 1357
211392 211391 434
211392 211394 779
211484 211485 1358
211510 211500 2197
211132 208779 6178
211186 211146 1677
211186 211147 548
211190 211192 1304
211190 214688 312
214690 214687 1970
214690 214689 1040
214690 215032 638
211189 211181 3652
211189 211196 852
211189 211210 1477
211214 211207 706
211214 211217 779
211215 211217 578
211215 211218 753
211218 211215 753
211218 211219 697
211381 211219 709
211381 211283 828
211478 211283 792
211478 211479 1399
211481 211479 796
211481 211482 861
211481 211485 710
211515 211512 596
211565 211562 1259
211565 211563 797
211565 211571 901
198906 211563 1259
198906 211568 631
211569 211568 990
211572 211571 1400
211572 211573 883
211575 211573 238
211576 211573 751
211576 212185 1963
211576 212206 751
211578 212206 1163
212207 212206 834
212207 212208 2462
212207 212211 623
212211 212207 623
212211 212209 2601
212212 212209 433
212245 212244 278
212268 212267 786
212274 212273 981
211357 211356 1406
211357 211362 657
211357 211394 2325
212468 212453 261
212468 212472 1817
212473 212472 791
212473 212519 1731
212524 212519 781
212524 212534 1683
161433 161432 1892
161433 164510 1065
160144 160145 1161
160146 160145 1657
164587 160145 782
164510 161429 739
164510 161433 1065
164510 164660 556
164663 164660 2565
172430 172431 581
172434 172431 1293
172436 172431 791
212538 212534 883
212538 212536 828
212540 212534 749
212537 212535 1263
212259 212255 1200
212259 212256 791
212265 212256 1340
212265 212263 745
212448 212263 2082
212448 212447 938
212469 212447 816
114379 114378 2901
116268 114320 1004
114332 114331 835
114332 114333 803
116267 114331 621
116265 114333 1161
114311 114312 417
114313 114312 950
116269 114321 874
113851 113852 201
114223 114219 610
114223 114222 670
114219 114220 472
114219 114223 610
114219 114431 927
114431 114219 927
114431 114220 626
114425 114215 787
114425 114424 2740
113970 113971 887
114193 114192 1010
114193 114194 1165
114194 114192 1031
114194 114193 1165
114188 114190 1004
114188 114196 835
114196 114188 835
114196 114190 353
114026 114025 1070
119121 119120 1176
119122 119120 2016
119209 119197 14361
119295 119296 5863
118559 118561 2365
118607 118561 2461
118567 118566 2175
118567 119149 1183
119149 118566 1406
119149 118567 1183
119149 119147 1574
119147 119148 1021
119147 119149 1574
119384 119385 9398
119393 119381 8987
114942 114941 2474
114943 114941 8678
114943 114944 2002
114943 115027 937
114944 114854 2418
114944 114943 2002
114944 115009 1694
115027 114943 937
115027 115009 402
114854 114855 2749
114854 114944 2418
116235 115020 893
92005 92006 1964
92005 92007 1393
92006 92005 1964
92006 92007 1223
92006 92008 2554
92004 92010 1296
92015 92014 1673
92016 92014 418
92021 92020 1722
102221 92020 583
92032 92029 2779
92055 92056 1144
92066 92056 536
92067 92056 1027
92054 92064 473
92070 92064 2861
92058 92057 452
92060 92057 2959
92115 92061 1491
92115 92073 4126
102190 92061 821
92119 92073 1760
102207 102206 1238
94382 94412 7137
94415 94412 4870
102212 94414 1806
92260 92259 628
92263 92259 1065
92263 92262 672
92283 92281 770
92256 92264 2838
92262 92263 672
92262 92264 4306
92268 92267 3170
92271 92267 1693
94476 92282 611
94476 94477 846
94477 92282 696
94477 94476 846
94461 94462 1391
94463 94462 710
115805 115804 3297
115806 115804 871
115829 115816 876
92500 92325 3260
92500 115818 201
115828 115818 729
92399 92398 746
92400 92398 707
92403 92404 2475
92409 92407 1792
92409 92408 1166
92319 92317 1809
92320 92317 1006
92499 92325 252
105803 105804 1139
116052 105804 924
107033 107032 1444
107063 107032 2266
107061 107064 923
107061 107182 2927
107089 107088 1077
107089 107090 950
107182 107061 2927
107182 107090 1205
93190 93206 2603
107058 107057 12672
107058 107059 16494
107104 107088 2920
107104 107105 826
107098 107105 1191
107205 107212 1700
107213 107212 2277
107127 107126 1542
107122 107121 1465
107214 107121 5354
107214 107420 1077
108492 107454 1031
107433 107435 2706
107455 107435 1124
107422 107421 1061
107503 107421 1161
107501 107500 1004
107522 107500 2041
107541 107517 1014
109481 107517 2434
109496 109495 1800
109496 109498 2580
109498 109495 4017
109498 109496 2580
92898 92897 1375
92954 92953 1113
92954 92972 718
92971 92972 3347
102769 92972 5599
93040 93038 1139
93045 93039 611
93045 93046 1077
93054 93046 808
92788 92789 3101
101988 92806 1193
92791 92792 515
105763 116009 1360
116010 116009 1493
115790 115789 5194
115791 115789 1120
115839 115838 2535
115844 115841 825
115844 115860 818
115833 115832 746
115833 115860 1031
115860 115832 675
115860 115833 1031
115860 115844 818
191540 191787 2444
191540 191892 5958
190861 191018 1930
191019 191018 363
192004 190891 1289
192004 190892 380
194162 190891 252
194160 190892 620
191682 191681 433
191659 191658 845
192076 192133 1754
191703 191491 1346
191703 191717 183
192740 191728 3182
191491 191703 1346
191491 191747 522
192747 192746 379
192007 191892 1202
194146 194144 616
194147 194144 1087
191570 191569 622
191570 191894 954
191894 191569 478
191894 191570 954
191851 191916 1352
191857 191842 2775
191867 191918 380
191869 191937 1049
194029 191937 1189
191634 191770 2403
193843 193842 341
194064 192738 470
194022 194016 427
194025 194016 2158
192756 192757 1853
192756 192769 1697
191041 191042 51
191041 194023 71
191041 194063 737
191042 191041 51
191042 194023 110
194074 194063 1056
194251 190966 1783
192702 192707 4466
192725 192724 646
192725 194250 1562
192726 192724 487
192806 192807 1676
114073 114072 747
114089 114091 1896
114092 114091 1291
114105 114108 1004
114407 114406 649
114369 114368 445
114370 114368 502
114370 114373 1934
114373 114370 1934
114373 114374 1477
114373 114719 514
114374 114373 1477
114374 114729 510
114376 114729 840
109466 109465 220
113907 109465 327
109372 109480 7065
113896 113898 479
113896 113898 479
109419 109418 3038
109432 109418 610
109513 109517 1344
109804 109517 628
109826 109793 1334
109897 109824 7589
109897 109895 927
109897 109902 2110
109974 109824 1223
109381 113958 2505
113881 109812 762
109896 109895 2666
109902 109895 2783
109902 109897 2110
109902 109901 445
109901 109900 1306
109901 109902 445
109928 109925 1686
109928 109937 847
109909 109908 672
109909 109911 1196
109916 109908 1610
109937 109923 1686
109937 109928 847
109937 110146 681
111023 111021 1114
111023 111024 516
111023 111027 1723
111031 111024 1786
111031 111030 672
111029 111030 1675
111029 111036 194
109946 110146 1686
111036 110146 487
111036 111029 194
105188 105187 452
111025 111022 9
111026 111022 791
109915 109911 1234
109889 109890 905
109889 109891 365
113673 109890 550
110999 109891 1569
111005 111004 927
111035 111033 336
110980 110979 697
111068 110979 1408
111068 111071 737
111070 111071 1282
111070 111072 649
111072 111070 649
111072 111073 1084
111072 111082 201
111065 111073 750
111067 111075 1608
111076 111077 877
111076 111316 473
111241 111255 809
111241 111316 1408
111255 111241 809
111255 111257 750
111255 111329 1344
111256 111257 1084
111256 111282 750
111282 111256 750
111282 111283 750
111282 111331 1208
111276 111283 2079
111286 111283 672
111286 111285 452
111286 111291 1425
103353 103349 1843
103353 111292 480
111285 111286 452
111285 111292 1028
111357 111355 2250
111357 111359 1351
111484 111359 336
111484 111501 696
111486 111501 201
111500 111497 275
103351 103348 1618
111355 111356 1028
111355 111357 2250
111488 111523 1196
111488 111524 1480
111523 111488 1196
111523 111522 562
111526 111528 756
111512 111513 1669
111514 111513 782
111514 111515 782
111514 111633 840
111515 111514 782
111515 111629 672
111515 111632 756
111629 111515 672
111629 111630 1111
111629 111631 847
111645 111630 847
111645 111688 756
111644 111643 688
111644 111647 1336
111620 111619 983
111620 111628 905
111623 111628 1014
111622 111615 1114
111622 111619 354
111615 111622 1114
111615 111630 1851
111443 111437 336
111659 111437 818
111433 111439 1730
111433 111447 826
111435 111439 826
111448 111447 950
111647 111644 1336
111647 111648 847
110833 110834 1306
110838 110834 6602
112575 110834 2644
111663 111664 4967
104134 104135 1979
104150 104135 1411
104138 104137 869
104139 104137 4426
104139 104169 475
104091 104147 409
104091 104148 2718
104121 104120 708
105730 104120 782
105735 105736 629
112879 112880 1225
112643 112736 782
112737 112736 279
104143 104142 2682
104143 104314 750
104314 104143 750
104314 104169 836
104314 104313 1475
104168 104167 1395
104169 104139 475
104169 104167 1544
104169 104314 836
104343 104342 418
104343 104358 336
104353 104352 697
104358 104343 336
104358 104352 1744
104367 104366 2458
104411 104366 1576
104417 104366 806
39207 39209 89
39205 39206 551
39506 39507 1613
39515 39507 333
39504 39519 435
39510 39509 452
39540 39512 252
50530 39546 328
39184 39189 1350
39184 39518 818
39188 39189 782
39185 39202 2532
104236 104238 1161
104239 104238 1145
104239 104733 1188
104741 104238 202
104741 104779 1073
104725 104733 1067
104732 104733 1023
104736 104734 1577
104772 104779 2645
104778 104779 557
104778 104784 1880
104281 104282 2503
104796 104282 809
104288 104287 1501
104288 104784 2104
104784 104287 1481
104784 104288 2104
104784 104778 1880
39159 39179 276
39167 39169 1225
39167 39180 2711
39172 39169 1304
39176 39169 1014
39176 39201 4132
104805 104807 336
104844 104845 893
104844 104849 1685
104375 104376 3957
104397 104376 2104
104381 104380 333
104848 104380 1879
104809 104808 2787
104481 104898 1894
104901 104900 2290
104909 104910 511
104857 104856 1074
104604 104605 788
104601 104602 1672
104601 104606 336
104498 104602 435
104859 104602 2229
104859 104860 612
39280 39279 1530
39369 39279 1395
39369 39323 612
39435 39323 612
39321 39325 475
39332 39331 6865
39326 39333 747
37262 39360 557
37262 39361 139
39363 39360 947
39409 39397 1482
39409 39410 202
39411 39410 605
39359 39361 810
39359 39367 2627
39368 39367 672
39381 39367 537
39397 39398 738
39397 39409 1482
39399 39398 2003
39400 39398 806
39400 39423 673
39406 39408 677
39406 39423 2041
39427 39408 2041
39427 39429 709
39424 39423 511
39428 39426 139
39429 39426 1812
39429 39427 709
40229 39431 1592
39492 39493 435
39494 39493 709
40445 40450 927
40451 40450 1008
40446 40452 796
40447 40448 1014
40447 40452 849
40517 40470 353
40601 40599 807
40601 40602 1085
40472 40471 599
40279 40278 2901
40310 40278 276
40310 40311 1022
40478 40477 677
40600 40599 652
40305 40311 1211
40292 40293 782
40369 40293 421
40385 40293 1262
40370 40373 1948
40371 40373 1951
40387 40373 673
40422 40421 2890
40422 40566 470
40421 40422 2890
40421 40437 277
40567 40437 1161
40567 40569 358
40568 40569 63
40573 40572 2166
40573 40587 614
40573 50408 237
40747 40822 2402
40747 50408 2641
50411 50408 967
40587 40571 2334
40587 40573 614
40587 40589 822
40844 40841 1735
40844 40845 874
40843 40845 1929
40843 40850 900
40802 40810 3327
40802 40850 4686
40802 40905 811
40905 40802 811
40905 40811 4135
40905 40904 859
40905 40906 727
40574 40572 861
40574 40575 1897
40576 40575 1595
40572 40571 665
40572 40573 2166
40572 40574 861
40809 40811 4103
