624
145687 145720 1647
145687 145730 769
145728 145729 390
145728 145730 461
145729 145728 390
145729 145731 752
145735 145731 937
145735 145736 951
145735 145739 411
145736 145735 951
145736 145739 843
145736 145909 2030
145908 145909 751
145908 145912 1826
145921 145912 801
145921 145926 1868
145928 145926 760
145928 145952 1622
145953 145952 783
145962 146858 638
145962 146858 638
146861 146860 1385
146939 146851 2954
146939 146938 1270
146939 151622 451
146941 146940 614
197999 214402 1511
197790 211321 1320
211524 211320 324
211524 215058 543
213438 213439 1323
213438 213464 1020
215024 213464 1430
215024 214870 8957
211245 211243 690
211245 211250 1894
211247 211251 2601
211247 211267 2099
211247 211269 1937
211266 211250 1277
211266 211265 285
211266 211267 1253
211266 211268 1072
214490 214489 1118
214490 214489 1118
214490 215064 5868
208766 208765 1671
208766 215018 533
208795 208796 816
208765 208766 1671
208765 215017 385
167380 172772 445
167566 172639 585
167587 167571 890
167587 167590 673
167571 167572 1014
167571 167587 890
152558 152560 1073
152558 152613 1604
152562 152563 1188
152562 152616 436
152565 152564 1012
152565 152598 1268
152593 152594 672
152593 152598 333
152589 152588 697
152589 153520 3484
153521 153520 848
162521 162520 1121
162521 162522 1891
162523 162522 1055
162523 167275 600
152467 152469 713
152467 152471 790
152467 152496 1615
152523 152496 818
152523 152522 1615
152523 152556 818
152552 152555 985
152552 152556 1615
152572 152570 1268
152572 152604 1145
152570 152572 1268
152570 152610 710
167275 162523 600
167275 168514 885
168494 168496 232
168494 168513 818
168494 168514 1773
167261 167254 796
167261 168512 758
168496 168494 232
168496 168512 792
167384 167383 673
167384 167592 1952
167589 167562 2423
167589 167590 807
167589 167592 606
166801 166802 1029
166801 167383 1726
168415 168419 1028
166804 166805 848
166804 166807 1534
166811 166810 1534
166811 167641 1704
167639 166805 885
167639 167640 1081
166810 166811 1534
166810 167659 511
168418 168421 924
168422 167661 984
168422 168421 1228
167800 167801 1023
167800 168447 1888
168425 168423 1154
168425 168426 747
152469 152467 713
152469 152470 710
152469 152492 1536
152493 152492 782
152493 152494 1552
152499 152490 2015
152499 152500 848
152499 152505 906
152490 152494 951
152490 152499 2015
180119 180110 1028
180119 180121 3030
180121 180111 975
180121 180119 3030
177683 177684 1756
177683 185999 1403
180094 180095 796
180094 180102 983
180105 180102 452
180105 180108 789
179589 179590 2162
179589 179600 1906
180095 180094 796
180095 180103 796
179664 179665 2165
179664 179669 513
179669 179664 513
179669 179670 279
180086 180087 1306
180086 180092 1336
180092 180086 1336
180092 180091 682
180092 180098 1935
180098 180092 1935
180098 180097 827
180138 180136 1014
180138 180139 649
180148 180139 1967
180148 180156 713
180155 180156 562
180155 180157 740
180136 180137 452
180136 180138 1014
180158 180142 2084
180158 180160 688
179706 179863 4496
182084 179862 747
182084 179888 1304
179888 179861 1466
179888 182084 1304
182101 182102 475
182270 179876 603
182270 182271 516
179843 179842 1248
179843 179844 491
179967 179966 1000
179967 179988 238
179980 179988 688
179980 182293 3737
152529 152528 474
152706 152533 452
152706 152708 848
152703 152712 89
152642 152641 1576
152642 152643 710
152709 152632 552
152709 152763 697
152755 152754 713
152755 152756 752
152778 152643 1357
152778 152754 906
152743 152744 1283
152743 152757 672
152744 152743 1283
152744 153212 667
153149 153150 1206
153149 153164 906
153152 153151 837
153168 153151 1380
153168 153169 778
152506 152505 562
155793 155792 1074
155793 155801 1023
155802 155801 1293
155993 155910 2615
155993 155992 738
155987 155989 837
155987 155999 1624
155995 155997 1880
155995 156000 418
156072 155997 697
156072 156074 477
156001 156002 789
156001 156069 2034
155669 156036 1388
156033 155984 789
156033 156034 697
156034 156033 697
155984 156033 789
156002 156001 789
155765 155791 810
155791 155765 810
155792 155793 1074
153164 153149 906
153179 153187 1380
153187 153179 1380
153390 153391 511
153391 153390 511
153439 153473 236
153473 153439 236
173038 173327 672
173327 173038 672
176563 176545 1758
176545 176563 1758
156053 156052 889
156052 156053 889
156449 156450 2368
156450 156449 2368
156431 156432 450
156437 156439 1719
156432 156431 450
156036 155669 1388
156439 156437 1719
177428 177448 2668
177448 177428 2668
177433 177439 475
177439 177433 475
176237 176239 2380
176239 176237 2380
176805 176800 1010
176800 176805 1010
165423 167416 928
167416 165423 928
165595 165544 848
165544 165595 848
165460 165461 837
165461 165460 837
164847 164846 1055
164846 164847 1055
211490 211491 522
211491 211490 522
208792 208798 831
208798 208792 831
208798 208796 1784
211131 211222 867
211236 211235 286
211222 211131 867
211235 211236 286
211509 215027 606
215027 211509 606
118486 119266 1147
119266 118486 1147
119299 119298 874
119298 119299 874
119134 119158 1059
119158 119134 1059
92269 94450 4318
94492 94500 1469
94450 92269 4318
94500 94492 1469
92448 92449 1437
92449 92448 1437
107239 107237 420
107237 107239 420
108526 108525 2392
108525 108526 2392
108532 108531 1234
108531 108532 1234
92987 92988 3377
92988 92987 3377
92795 92799 905
92799 92795 905
192710 192709 311
192709 192710 311
114124 114268 1252
114268 114124 1252
111252 111251 1306
111251 111252 1306
111416 111374 840
111374 111416 840
104129 104268 1223
104268 104129 1223
112623 112516 818
112515 112510 818
112516 112623 818
112510 112515 818
112537 112529 1301
112529 112537 1301
104243 104216 604
104216 104243 604
104393 104392 672
104392 104393 672
104470 104477 354
104477 104470 354
37265 37266 2790
37266 37265 2790
37284 38413 709
38413 37284 709
38418 38415 1454
38415 38418 1454
40255 40256 562
40256 40255 562
39029 39032 2614
39032 39029 2614
48442 48447 589
48447 48442 589
47825 47828 790
47828 47825 790
48103 48107 1293
48107 48103 1293
48253 48251 3431
48251 48253 3431
48203 48237 610
48237 48203 610
131440 131447 1560
131447 131440 1560
131533 131580 1304
131580 131533 1304
131597 131687 355
131687 131597 355
131762 131736 438
131790 131848 1903
131848 131790 1903
131848 132288 2650
131736 131762 438
132288 131848 2650
131872 131874 2740
131874 131872 2740
53983 54462 2436
54462 53983 2436
54602 54603 751
54603 54602 751
56305 56304 1029
56304 56305 1029
150526 150534 1682
150534 150526 1682
150714 150715 1782
140296 140297 257
140297 140296 257
150715 150714 1782
140416 140415 867
140415 140416 867
140516 140517 771
140517 140516 771
141963 141976 2356
141976 141963 2356
141984 141985 957
141985 141984 957
143251 143271 996
143271 143251 996
143479 143485 1027
143485 143479 1027
142707 142708 1631
142708 142707 1631
142703 142678 924
142678 142703 924
142696 142697 474
142697 142696 474
142805 142802 1227
142802 142805 1227
143190 143243 1926
143243 143190 1926
143243 143246 771
143246 143243 771
144854 144830 938
144830 144854 938
204607 204609 845
204608 204609 1697
204609 204607 845
204609 204608 1697
144852 144870 992
144870 144852 992
144876 145060 1266
145060 144876 1266
145719 145720 783
145720 145687 1647
145720 145719 783
145730 145687 769
145730 145728 461
145730 145731 704
145731 145729 752
145731 145730 704
145731 145735 937
145739 145735 411
145739 145736 843
145909 145736 2030
145909 145908 751
145912 145908 1826
145912 145921 801
145926 145921 1868
145926 145928 760
145952 145928 1622
145952 145953 783
146858 145962 638
146858 145962 638
146860 146861 1385
146851 146939 2954
146938 146939 1270
151622 146939 451
146940 146941 614
214402 197999 1511
211321 197790 1320
211321 211320 624
211320 211321 624
211320 211524 324
211320 215058 481
215058 211320 481
215058 211524 543
213439 213438 1323
213464 213438 1020
213464 215024 1430
214870 214489 3683
214870 214489 3683
214870 215024 8957
211243 211245 690
211250 211245 1894
211250 211266 1277
211251 211247 2601
211267 211247 2099
211267 211266 1253
211267 211269 883
211269 211247 1937
211269 211267 883
211265 211266 285
211268 211266 1072
214489 214490 1118
214489 214490 1118
214489 214870 3683
214489 214870 3683
215064 214490 5868
215018 208766 533
208796 208795 816
208796 208798 1784
215017 208765 385
172772 167380 445
172639 167566 585
167590 167572 1534
167590 167587 673
167590 167589 807
167572 167562 1114
167572 167571 1014
167572 167590 1534
152560 152558 1073
152613 152558 1604
152613 152616 1558
152563 152562 1188
152563 152564 1426
152616 152562 436
152616 152613 1558
152564 152563 1426
152564 152565 1012
152564 152598 1396
152598 152564 1396
152598 152565 1268
152598 152593 333
152594 152593 672
152588 152589 697
153520 152589 3484
153520 153521 848
162520 162521 1121
162522 162521 1891
162522 162523 1055
152471 152467 790
152496 152467 1615
152496 152492 747
152496 152523 818
152522 152523 1615
152556 152523 818
152556 152552 1615
152556 152604 747
152555 152552 985
152604 152556 747
152604 152572 1145
152604 152610 1336
152610 152570 710
152610 152604 1336
168514 167275 885
168514 168494 1773
168513 168494 818
168513 168512 337
167254 167261 796
168512 167261 758
168512 168496 792
168512 168513 337
167383 166801 1726
167383 166807 810
167383 167384 673
167592 167384 1952
167592 167589 606
167562 167572 1114
167562 167589 2423
166802 166801 1029
168419 168415 1028
166805 166804 848
166805 167639 885
166807 166804 1534
166807 167383 810
167641 166811 1704
167641 167640 890
167640 167639 1081
167640 167641 890
167659 166810 511
167659 167661 2088
168421 168418 924
168421 168422 1228
167661 167659 2088
167661 168422 984
167801 167800 1023
168447 167800 1888
168423 168425 1154
168426 168425 747
152470 152469 710
152492 152469 1536
152492 152493 782
152492 152496 747
152494 152490 951
152494 152493 1552
152494 152500 2049
152500 152494 2049
152500 152499 848
152505 152499 906
152505 152506 562
180110 180108 827
180110 180111 3085
180110 180119 1028
180111 180110 3085
180111 180121 975
177684 177683 1756
185999 177683 1403
180102 180094 983
180102 180105 452
180108 180105 789
180108 180110 827
179590 179589 2162
179600 179589 1906
180103 180095 796
179665 179664 2165
179670 179669 279
180087 180086 1306
180087 180091 2458
180091 180087 2458
180091 180092 682
180091 180097 2138
180097 180091 2138
180097 180098 827
180139 180138 649
180139 180148 1967
180156 180148 713
180156 180155 562
180156 180157 475
180157 180142 279
180157 180155 740
180157 180156 475
180137 180136 452
180142 180157 279
180142 180158 2084
180160 180158 688
179863 179706 4496
179863 179862 209
179862 179861 1745
179862 179863 209
179862 182084 747
179861 179862 1745
179861 179888 1466
182102 182101 475
179876 182270 603
182271 182270 516
179842 179843 1248
179844 179843 491
179966 179967 1000
179988 179967 238
179988 179980 688
179988 182293 3741
182293 179980 3737
182293 179988 3741
152528 152529 474
152533 152706 452
152708 152706 848
152712 152703 89
152641 152642 1576
152643 152642 710
152643 152778 1357
152632 152709 552
152763 152709 697
152754 152755 713
152754 152778 906
152756 152755 752
152757 152743 672
152757 153212 1200
153212 152744 667
153212 152757 1200
153150 153149 1206
153150 153151 940
153151 153150 940
153151 153152 837
153151 153168 1380
153169 153168 778
155801 155793 1023
155801 155802 1293
155910 155993 2615
155992 155993 738
155989 155987 837
155999 155987 1624
155997 155995 1880
155997 156072 697
156000 155995 418
156074 156072 477
156069 156001 2034
975
145687
145728
145729
145735
145736
145908
145921
145928
145953
145962
146861
146939
146941
197999
197790
211524
213438
215024
211245
211247
211266
214490
208766
208795
208765
167380
167566
167587
167571
152558
152562
152565
152593
152589
153521
162521
162523
152467
152523
152552
152572
152570
167275
168494
167261
168496
167384
167589
166801
168415
166804
166811
167639
166810
168418
168422
167800
168425
152469
152493
152499
152490
180119
180121
177683
180094
180105
179589
180095
179664
179669
180086
180092
180098
180138
180148
180155
180136
180158
179706
182084
179888
182101
182270
179843
179967
179980
152529
152706
152703
152642
152709
152755
152778
152743
152744
153149
153152
153168
152506
155793
155802
155993
155987
155995
156072
156001
156066
155669
156033
156034
155984
156002
155748
155769
155765
155791
155792
153164
153176
153179
153180
153187
153323
153325
153390
153391
153393
153201
153439
153473
155823
153474
155829
172072
155775
155817
171514
173038
173034
173327
173527
173092
173095
173091
173078
173045
173529
172996
173131
173147
173106
173194
173179
173204
177760
173218
173228
173051
173054
173063
173072
173117
177746
173215
173267
174846
174884
174865
174859
174918
155561
153074
156224
176186
176245
176257
176555
176552
176565
176559
176563
176545
176542
156364
156366
176573
176156
155664
155708
156053
155716
156052
155565
156342
156451
156449
156438
156450
156431
156437
156429
156432
156228
156404
156406
156350
156425
156424
156408
156423
156036
156044
156049
156065
156545
156541
156555
156439
156546
156616
156557
156568
156606
156619
156614
156628
177428
177448
177451
177459
177254
177433
177435
177438
177439
177436
177425
177276
177275
177484
176237
177295
176169
176239
176247
176832
176805
176740
176771
176828
176821
176800
165423
167416
167417
165363
167409
167399
167396
165589
165594
165593
165595
165602
165542
165547
165544
165598
165549
165209
165208
165389
167430
167428
167427
167477
167518
167482
167486
167498
167506
165452
165509
167457
167455
167511
165202
165203
165394
165396
165421
165460
165461
164788
164847
164846
211294
211490
211491
211517
208792
208793
208798
211131
211236
211240
211255
211275
215151
211222
211225
211235
211280
195312
211509
215027
213220
214611
212301
212482
212486
212278
212282
212302
212494
212551
212555
212547
164647
164870
164600
164842
164857
164915
164938
164939
212549
114245
114314
116178
113979
113976
113989
113991
114168
114170
118835
118837
118486
119266
119311
119259
119264
119299
119298
118571
118573
118575
119134
119158
119142
119390
119032
119157
119460
102924
92040
92042
102195
94367
94421
94375
102948
94418
92193
92234
92239
92269
94492
94494
94450
94453
92301
92304
94500
92339
92340
92345
92346
92413
92423
92448
92449
107075
107188
93087
93090
93179
93181
93148
93195
93207
107067
107094
108126
107185
107233
107239
107221
107237
107242
107243
107460
107427
107537
108526
108448
108517
108521
108528
109711
108525
108532
108230
108531
109233
93068
92996
92998
92987
92988
93019
93075
93049
92761
92775
92795
92799
92592
92597
92574
92594
92670
92843
194046
194049
194054
192012
192015
191656
191664
191675
191704
192731
191848
192093
191951
194142
191424
191630
191649
191652
191864
191621
191768
192710
192709
192659
192697
192671
192713
119218
114080
114097
114230
114231
114120
114122
114124
114268
109471
109473
109263
109270
108921
113900
109413
109415
109402
109449
109520
113662
109362
109433
109377
109450
109452
109425
109420
109389
109689
109964
109613
109615
109972
110128
109968
103283
110089
109994
109956
110154
111252
111251
111268
111311
111295
111415
111416
111374
111376
103405
111381
111383
111405
111423
104129
104078
104074
104047
104108
104157
104267
104268
103954
103955
103971
103984
112848
112790
112869
112568
112762
112486
112499
112504
112624
112623
112515
112516
112510
112537
112529
112748
104127
104243
104216
104220
104390
104225
104393
104404
104467
104202
104030
104730
104061
39127
104198
39126
39155
39131
39134
104392
104470
104477
104485
104592
39372
39295
39304
37240
37247
37265
37266
37230
37235
37236
37284
38408
38413
38418
38415
38425
50397
38427
40237
40255
40256
40242
40247
40317
40330
40333
40336
40361
40358
40398
40395
40404
40410
40423
40727
40729
40732
40750
40803
40790
56311
56650
56341
39029
40775
40774
40787
50386
39032
41585
41584
41598
41594
47675
50373
48439
48442
48447
50549
48452
48472
48504
48503
48509
47678
47689
47690
47698
48498
47825
47826
48105
47828
48489
48103
48107
48117
48127
48140
48143
48161
48163
48182
48188
48184
48212
48208
48220
48253
48245
48250
48251
48203
48237
48256
48258
48264
48302
131330
131353
131333
131340
131344
131351
131430
131440
131447
131459
131461
131466
131533
131580
131584
131594
131597
131687
131693
131728
131729
131762
131766
131781
131790
131848
131736
132288
132296
131869
131872
131874
53983
53979
50817
50843
54599
54606
54612
54613
54619
54631
56314
54462
54466
54700
54184
54206
54215
54693
54214
50944
54711
54221
54717
56377
56378
54566
54596
54602
54603
54622
56305
56304
150519
150526
150534
150544
150548
150479
150509
150704
150714
140380
140381
140296
140297
150715
143859
140423
140464
140472
140478
141890
140416
140428
140467
140479
140415
140425
140498
140511
140516
140517
140531
140540
141963
141976
141984
141985
143251
143271
143278
143280
143405
143415
143418
143432
143478
143479
143485
142707
142712
143694
142708
143707
143695
143495
143492
142703
142710
142678
142694
142693
142696
142697
142701
142809
142805
142816
142686
142802
142631
143190
143243
143246
142632
142753
142761
142788
142795
144805
144812
144854
144830
214415
204556
204564
204585
204586
204596
204604
204607
204605
204624
204623
204608
204609
204619
204784
204816
204819
204838
204953
204957
204960
204908
144852
144870
144876
145060
145064
145085
145087
145137
145139
145141
145154
145533
145147
145217
145624
145639
145641
145648
145707
145708
145719
145720
145730
145731
145739
145909
145912
145926
145952
146858
146860
146851
146938
151622
146940
214402
211321
215058
213439
213464
214870
211243
211250
211251
211269
211265
211268
215064
208796
172639
152560
152613
152563
152616
152564
152598
152594
152588
153520
162520
162522
152496
152522
152556
152604
152610
168514
168513
167254
168512
167383
167592
167562
166805
166807
167641
167640
167659
167661
167801
168423
152492
152494
152500
152505
180111
177684
185999
180102
180108
179590
179600
180103
179665
179670
180087
180091
180097
180139
180156
180142
180160
179863
179861
179876
179842
179844
179966
182293
152528
152533
152708
152712
152641
152643
152632
152763
152754
152757
153212
153150
153151
153169
155801
155910
155992
155989
155999
155997
156074
156069
