4756
137571 137558 789
137571 137573 708
137571 137574 2840
137573 137571 708
137573 137580 1148
137582 137581 1665
137637 137641 1592
137637 137642 1631
137638 137639 751
137638 137645 111
137608 137614 751
137608 137640 2459
137639 137638 751
137639 137640 872
137639 137647 1730
137614 137608 751
137614 137651 2503
137652 137651 737
137652 137655 1867
137656 137655 806
137656 138039 2377
138040 138043 202
138040 138126 1593
138051 138126 827
138051 138133 437
138194 138192 420
138199 138193 737
138195 138193 947
138195 138210 279
138212 138205 1224
138212 138210 889
138214 138205 809
138214 138208 1224
138214 138215 1008
138215 138209 1224
138215 138214 1008
138215 138227 1009
138234 138227 750
138234 138235 1421
138237 138235 1116
138237 138385 950
138190 138132 1632
138430 138431 806
138430 138441 782
138431 138429 796
138431 138430 806
138431 138432 1686
138431 138875 789
138428 138429 1124
138428 138871 708
138448 138450 827
138448 138451 2092
138420 138443 751
138420 138449 878
138420 138453 1438
138439 138440 983
138439 138442 951
138437 138441 751
138449 138420 878
138449 138450 1299
138402 138452 3329
138402 138643 3353
138644 138643 581
138644 138651 2378
138620 138619 708
138620 138622 796
138620 138623 435
138348 138833 751
138348 138834 1867
138352 138871 542
138352 138872 592
138838 138835 877
138873 138871 1612
138873 138877 836
138873 138886 2273
138874 138834 301
138874 138872 389
138886 138873 2273
138886 138879 765
138886 138887 1565
138897 138887 673
138897 138900 1336
138895 138898 517
138895 138902 1686
138898 138895 517
138898 138901 1669
139568 138937 1145
138833 138348 751
138833 138835 1867
138856 138851 2451
138856 138866 682
138856 138962 1558
138896 138959 238
138896 138960 697
138960 138896 697
138960 138961 2679
138962 138856 1558
138962 138963 751
138850 138851 2557
138850 138857 672
138851 138850 2557
138851 138856 2451
138851 138859 673
138774 138772 370
138774 138773 320
139405 139406 904
230060 230058 679
230062 230059 862
230062 230067 1344
230072 230073 1139
230074 230067 1679
230074 230076 2344
230163 230160 762
230163 230164 1454
230163 230171 1796
230172 230171 670
230172 230173 1719
230294 230295 2005
230296 230297 556
230296 230310 3314
230293 230291 1011
230308 230309 1873
230308 230310 1111
235419 235420 307
229823 229824 205
229823 234828 969
229839 229837 3240
229839 229840 3357
229868 229866 950
229868 229871 502
229866 229840 586
229866 229867 1559
229866 229868 950
229879 229880 1000
229879 229882 1879
229669 229660 921
229882 229668 1675
229882 229879 1879
229882 229883 670
230944 229667 2520
230944 229667 2520
230944 229667 2520
229639 229598 721
229639 230962 696
230959 230957 948
230959 230968 946
231008 231003 3496
231008 231007 1496
229733 229848 782
229824 229823 205
229824 229843 224
229391 229377 837
230099 229392 1674
229376 229377 1014
229376 229392 322
229376 230118 140
228973 228964 8460
228973 229022 2303
228973 234836 1341
229270 229269 3794
229270 229296 785
229319 229273 3446
229319 229312 1256
229318 229233 3593
229318 229317 502
229340 229341 402
229340 229342 580
229345 229346 562
229345 229347 670
229343 229344 1375
229343 229351 1014
229350 229353 1529
229394 229395 787
229394 229396 1358
229389 229377 1004
229389 229390 614
229277 229276 1547
229277 229278 1728
229289 229290 1020
229682 229680 1436
229682 229683 1014
229684 229683 1218
229684 229701 167
229684 229702 1084
229724 229830 2694
229724 229841 2303
229725 229841 670
229844 234422 251
230098 229392 782
230098 230100 782
229996 229992 417
235416 229999 298
230000 229999 574
230000 230001 2264
230021 228729 2644
230022 228730 2111
230022 230024 111
231244 231268 843
231230 231228 580
231218 226743 2493
231218 231217 782
231218 234521 2531
231220 231210 837
231217 231218 782
231217 231221 610
231208 231207 1177
231208 231212 2028
231216 231214 1567
231200 231201 553
231200 231224 1504
226716 226703 3779
226716 226724 1113
226706 226604 2605
226706 234677 1795
226745 226707 2947
226736 226734 4014
226736 226741 6581
226738 230992 705
231005 230997 1688
231005 231003 3461
231005 231006 8285
226759 226760 381
226759 226762 879
226761 226764 643
226761 226768 514
226761 235370 617
230262 230238 754
230262 230263 1224
230240 230241 1344
230240 230258 626
230268 230259 1857
230268 230266 905
232132 232130 597
232132 232133 1466
230261 230259 3029
230261 232129 3005
232129 230255 928
232129 230261 3005
232157 234619 838
232183 234619 107
8835 8858 817
8835 8907 701
230317 230306 1262
230317 230315 1889
230324 230323 477
8124 8949 920
8938 8958 461
8938 8959 672
8950 8948 1787
8950 8952 1506
8958 8938 461
8958 8957 3376
8944 8959 259
8988 8987 760
8988 35054 381
8986 35441 281
8987 8964 1495
8987 8988 760
8995 8964 833
8995 8996 353
9223 16545 541
9228 9226 263
9228 34343 829
9226 9123 646
9226 9228 263
9305 9303 319
9305 9304 2864
9307 9308 1603
9307 9324 2962
9324 9307 2962
9324 9325 1628
9340 9341 994
9340 9342 1713
9415 9416 2106
9415 9419 2078
9422 9420 4348
9622 9460 811
9622 34488 1198
9631 9630 2150
9631 9657 684
9662 9675 1097
9662 9677 1551
34037 9657 1553
34037 34685 1061
34037 35273 472
9675 9662 1097
9675 9676 1269
9675 34684 1426
9693 9692 2705
9693 9694 2629
10071 10076 1212
10078 10076 975
10078 10080 1597
10238 10237 1021
10238 35232 333
10233 10237 553
10233 10243 299
10235 10236 248
10257 10258 3693
10257 10266 776
10270 10272 294
10270 10273 942
10262 34475 790
10274 10251 303
10278 10281 1426
10313 10312 150
10315 10316 986
10321 10322 1211
10321 10333 245
10216 10214 1701
10216 34670 551
10219 10220 1194
10217 10206 880
10217 10207 1126
10411 10410 1045
10416 10417 1676
10416 34173 1925
10443 10442 1515
10447 10438 973
10447 10448 1829
10604 10603 888
10604 34174 1245
10598 10596 780
10598 10597 1071
10603 10451 730
10603 10604 888
10603 10605 1330
10608 10605 833
10608 10653 1521
10655 10653 557
10543 10490 1433
10543 10530 832
10543 10542 1326
10544 10545 672
10544 10605 1568
10544 10653 921
10656 10538 302
10592 10421 1686
10592 10597 1269
10597 10592 1269
10597 10595 787
10597 10598 1071
10692 10691 2656
10692 34463 1268
10702 10690 2735
10702 10703 1742
13263 10953 2815
13263 13265 788
13269 13268 876
13269 13271 1393
13272 13262 610
13272 13271 1208
13272 13274 946
13290 13278 2880
13290 13284 788
12784 12783 475
12785 12780 809
12758 12755 2411
12758 12760 696
12758 12775 836
13329 12778 536
8207 8208 763
13350 13352 696
13346 13334 836
13346 13343 696
13346 13344 1944
13348 13343 2077
13348 13376 696
13377 13376 2210
13377 13386 418
13377 13387 403
13334 13333 1809
13334 13346 836
13334 13352 473
12771 12766 403
12771 12768 667
12771 12772 1072
12772 12771 1072
12772 12781 1114
12923 12921 2435
12923 13042 1234
12923 13043 893
13048 12797 557
13048 13049 1409
13048 13098 275
13071 13066 420
13071 13072 1000
12942 12941 3443
13152 12995 420
13154 13153 840
13154 13155 580
13155 13154 580
13155 13156 238
13160 13159 1279
13163 12998 344
13163 13162 279
12927 12915 2186
12927 12926 889
12927 12937 778
13066 12939 1014
13066 13071 420
13180 13025 1008
13180 13181 672
13186 13181 201
13694 13684 604
13694 13821 275
13695 13696 445
13693 13692 806
13718 13717 201
13725 13714 1576
13725 13724 201
13789 13790 551
13782 13781 331
13782 13783 1932
13785 13783 1280
13787 13772 1114
13787 13800 1273
13810 13798 1437
13810 13799 1622
13800 13787 1273
13800 13801 927
13777 13776 1945
13777 13805 877
13777 13806 2141
13799 13773 2413
13799 13810 1622
13808 13805 872
13808 13948 2225
13950 13948 1007
13950 13952 1631
13971 13958 433
13971 13972 638
13978 23813 2040
23927 24447 1124
23855 23813 880
23866 23862 872
23866 23869 418
23912 23917 336
23912 23919 1352
23921 23872 2319
23876 23875 737
23948 23949 336
23951 23949 809
23951 23959 580
23959 23951 580
23959 23958 806
25061 24900 605
25061 24901 473
25061 25062 373
25066 23905 373
25066 25065 983
25066 25075 904
25068 25067 373
187635 187637 3166
187635 187678 1368
187676 187675 1102
187676 187730 384
187676 187766 240
187676 190789 489
190789 187676 489
190789 190807 2144
23892 23884 1810
23892 23890 747
23895 23880 222
23895 23883 403
23904 23890 1274
23904 23902 747
23898 23897 551
23905 23902 2882
23905 23903 2006
23905 25066 373
25076 25075 435
187241 187240 1713
187245 187225 1213
187245 189475 1177
189475 187245 1177
189475 189473 2003
189475 189501 840
189485 189465 1070
189485 189488 1498
189573 189487 1064
189574 189487 1178
189574 189496 924
189574 189578 863
189578 189574 863
189578 189583 429
189582 189583 899
189489 189490 472
189470 189469 1853
189486 189469 954
189486 189487 930
189486 189494 352
189505 189507 759
189506 187226 1322
189506 189503 1339
187226 187225 916
187226 187227 790
187226 189501 940
187226 189506 1322
189508 189507 1762
189508 189509 563
189509 189474 417
189509 189508 563
187227 187226 790
187227 187228 944
189511 189510 823
189511 189513 868
189511 189521 2347
189519 189521 769
187890 187892 1059
187890 187969 349
187890 187971 1686
187902 189528 755
189530 189525 822
189530 189529 1269
134673 134652 403
134673 134676 536
134673 134677 877
134677 134673 877
134677 134676 1182
134677 134678 511
134677 134681 1529
134677 134682 1079
134677 134692 1597
134638 134639 536
134647 134642 252
134647 134644 238
134647 134648 252
134651 134648 836
134651 134652 354
134685 134690 1811
134688 134690 789
134688 134691 751
134698 134691 751
134904 134901 1033
134904 134906 884
134909 134907 836
134909 134910 948
134946 134949 688
134881 134701 1533
134881 134905 1962
134901 134904 1033
134901 134905 344
134969 134970 874
134969 139635 559
134974 134970 1107
134974 134975 1026
134975 134974 1026
134975 134988 847
134975 135686 2093
135682 135684 2255
135685 135684 688
135685 135686 1124
135685 135702 789
135683 135684 796
134948 134952 1357
134968 134960 137
135739 135756 223
135755 135749 217
135750 135749 2305
135750 135751 1062
135754 135751 1357
135754 135925 788
135754 135926 676
135923 135925 1152
135704 135697 1755
135704 135702 697
135704 135709 475
135713 135712 747
135766 135767 435
135768 135721 1730
135924 135925 697
135924 135928 605
135929 135931 111
134536 135930 1438
134536 135944 737
135944 134536 737
135944 135945 1993
135946 135937 649
135946 135949 1055
135949 135946 1055
135949 135952 847
135956 135914 612
135956 135954 336
135914 135913 821
135914 135956 612
135962 135913 1009
135962 135955 1079
135962 135971 1120
135985 135971 676
135985 135987 1066
135990 135987 939
135990 135993 788
135990 135994 1079
135991 135994 975
135991 136000 1079
136000 135991 1079
136000 136001 1167
136000 136043 939
136045 136043 1115
136047 136046 1008
136047 136049 884
136047 136050 336
136059 136050 1160
136059 136060 872
136059 136061 649
136061 136059 649
136061 136063 872
136062 136063 511
136062 136070 872
136071 136070 672
136071 136072 1022
136075 136072 1409
136075 136172 927
136746 136172 1647
136750 136174 1125
136750 136749 878
136750 136755 323
136752 136756 434
137449 137450 1360
136878 137551 688
136878 137553 789
137443 137548 691
137549 137551 659
137554 137557 155
137558 137557 2063
137558 137565 765
137558 137567 2731
137558 137571 789
137574 137567 765
137574 137571 2840
137574 137578 1592
137574 137579 708
137580 137573 1148
137580 137579 1693
137580 139652 453
137581 137579 789
137581 137582 1665
137581 137641 983
137581 137643 796
137641 137581 983
137641 137637 1592
137641 137642 435
137642 137637 1631
137642 137641 435
137642 137645 629
137645 137638 111
137645 137642 629
137645 137646 924
137640 137608 2459
137640 137639 872
137640 137651 827
137640 137657 1867
137647 137639 1730
137647 137648 904
137647 137658 2642
137647 137660 751
137651 137614 2503
137651 137640 827
137651 137652 737
137651 137659 1730
137655 137652 1867
137655 137656 806
137655 137659 751
137655 138038 2377
138039 137656 2377
138039 138038 806
138039 138042 1593
138039 138043 673
138043 138039 673
138043 138040 202
138126 138040 1593
138126 138051 827
138126 138107 708
138126 138127 344
138133 138051 437
138133 138132 496
138192 138137 682
138192 138193 750
138192 138194 420
138193 138138 612
138193 138192 750
138193 138195 947
138193 138199 737
138210 138195 279
138210 138211 653
138210 138212 889
138205 138204 737
138205 138207 1307
138205 138212 1224
138205 138214 809
138208 138182 1307
138208 138207 738
138208 138209 1009
138208 138214 1224
138209 138208 1009
138209 138215 1224
138209 138242 1307
138209 138244 1085
138227 138215 1009
138227 138234 750
138227 138244 1307
138235 138234 1421
138235 138237 1116
138235 138256 1022
138235 138258 796
138385 138237 950
138385 138258 1267
138385 138386 2340
138132 138133 496
138132 138134 1124
138132 138190 1632
138441 138430 782
138441 138437 751
138441 138442 905
138429 138428 1124
138429 138431 796
138429 138877 1363
138429 139653 283
138432 138431 1686
138432 138442 806
138432 138876 904
138432 138880 1031
138875 138431 789
138875 138876 1592
138875 138877 536
138871 138352 542
138871 138428 708
138871 138873 1612
138450 138448 827
138450 138449 1299
138450 138451 1932
138450 138453 904
138451 138448 2092
138451 138450 1932
138451 138452 202
138443 138420 751
138443 138440 951
138443 138454 1533
138453 138420 1438
138453 138450 904
138453 138454 708
138453 138455 2678
138440 138439 983
138440 138443 951
138440 138444 1594
138440 138445 751
138442 138432 806
138442 138439 951
138442 138441 905
138442 138445 1031
138452 138402 3329
138452 138451 202
138452 138455 1033
138643 138402 3353
138643 138644 581
138643 138651 2337
138651 138643 2337
138651 138644 2378
138651 138652 556
138651 138657 806
138619 138615 3310
138619 138620 708
138622 138620 796
138622 138625 796
138623 138620 435
138623 138642 89
138834 138348 1867
138834 138835 751
138834 138872 350
138834 138874 301
138872 138352 592
138872 138834 350
138872 138874 389
138835 138833 1867
138835 138834 751
138835 138838 877
138877 138429 1363
138877 138873 836
138877 138875 536
138877 138879 1663
138879 138876 751
138879 138877 1663
138879 138885 1576
138879 138886 765
138887 138885 682
138887 138886 1565
138887 138888 1336
138887 138897 673
138900 138888 673
138900 138897 1336
138900 138935 1780
138902 138895 1686
138902 138908 84
138902 138909 3356
138901 138898 1669
138901 138903 782
138901 138908 599
138937 138936 2255
138937 139568 1145
138866 138856 682
138866 138859 2561
138866 138964 893
138866 138971 682
138959 138896 238
138959 138966 1344
138959 138967 2086
138961 138960 2679
138961 138963 1031
138961 138973 782
138963 138961 1031
138963 138962 751
138963 138964 889
138963 138965 870
138857 138850 672
138857 138858 713
138859 138851 673
138859 138858 2340
138859 138861 848
138859 138866 2561
138772 138773 309
138772 138774 370
138772 138790 2236
138773 138767 596
138773 138772 309
138773 138774 320
139406 139405 904
139406 139409 321
230058 230055 1178
230058 230059 2638
230058 230060 679
230059 230058 2638
230059 230062 862
230059 230064 1044
230067 230062 1344
230067 230068 1114
230067 230074 1679
230073 230072 1139
230076 230074 2344
230076 230081 3260
230160 230157 948
230160 230161 1394
230160 230163 762
230160 230165 2016
230164 230161 803
230164 230163 1454
230164 234974 1686
230171 230163 1796
230171 230165 762
230171 230172 670
230171 230173 1686
230173 230166 845
230173 230171 1686
230173 230172 1719
230173 230291 1344
230295 230294 2005
230297 230296 556
230297 230298 2552
230297 230299 580
230310 230296 3314
230310 230308 1111
230310 230312 1111
230291 230173 1344
230291 230289 838
230291 230293 1011
230309 230308 1873
235420 235419 307
234828 229823 969
229837 229835 556
229837 229838 596
229837 229839 3240
229840 229654 2778
229840 229838 596
229840 229839 3357
229840 229866 586
229871 229868 502
229867 229866 1559
229880 229878 84
229880 229879 1000
229880 229883 921
229660 229658 2511
229660 229659 782
229660 229668 1004
229660 229669 921
229668 229660 1004
229668 229875 837
229668 229882 1675
229883 229880 921
229883 229882 670
229667 229666 596
229667 230944 2520
229667 230944 2520
229667 230944 2520
229598 229599 511
229598 229639 721
229598 230943 575
230962 229639 696
230962 230963 1148
230962 230965 610
230957 230958 621
230957 230959 948
230957 230965 1989
230957 230968 38
230968 230957 38
230968 230959 946
230968 230965 1992
231003 231000 1339
231003 231005 3461
231003 231007 2002
231003 231008 3496
231007 231002 920
231007 231003 2002
231007 231008 1496
229848 229733 782
229843 229824 224
229843 229830 2039
229843 229865 1972
229377 229376 1014
229377 229389 1004
229377 229391 837
229392 229376 322
229392 230098 782
229392 230099 1674
230118 229376 140
228964 228960 2102
228964 228973 8460
229022 228973 2303
229022 229023 6703
229022 229250 940
234836 228973 1341
234836 235168 391
229269 229255 4321
229269 229270 3794
229269 229271 1205
229296 229270 785
229273 229268 1523
229273 229272 1539
229273 229319 3446
229312 229268 3240
229312 229311 1275
229312 229319 1256
229233 229227 1891
229233 229231 2009
229233 229318 3593
229317 229316 586
229317 229318 502
229341 229340 402
229342 229340 580
229346 229345 562
229347 229345 670
229344 229343 1375
229351 229343 1014
229351 229352 1481
229351 229353 1428
229353 229350 1529
229353 229351 1428
229353 229352 1188
229395 229394 787
229396 229394 1358
229390 229389 614
229390 234377 909
229276 229274 1629
229276 229277 1547
229276 229288 868
229278 229277 1728
229278 235198 717
229290 229284 1107
229290 229289 1020
229290 229670 1743
229290 235558 747
229680 229502 3591
229680 229679 901
229680 229682 1436
229683 229682 1014
229683 229684 1218
229683 229694 1827
229701 229684 167
229701 229703 921
229702 229684 1084
229702 229698 1119
229702 229699 2148
229830 229724 2694
229830 229841 753
229830 229843 2039
229841 229724 2303
229841 229725 670
229841 229830 753
234422 229844 251
230100 230089 1490
230100 230098 782
229992 228763 948
229992 229996 417
229992 230003 672
229999 229998 660
229999 230000 574
229999 235416 298
230001 230000 2264
228729 228728 1007
228729 230021 2644
228730 228731 2010
228730 230022 2111
228730 230034 619
230024 230022 111
230024 230023 62
230024 230029 254
231268 231244 843
231228 231224 824
231228 231230 580
231228 231231 1552
226743 226742 855
226743 231205 4422
226743 231218 2493
226743 234521 1523
234521 226743 1523
234521 231218 2531
231210 226742 152
231210 231206 1234
231210 231220 837
231221 231202 556
231221 231217 610
231221 231222 874
231207 231204 2278
231207 231206 1222
231207 231208 1177
231212 231204 1058
231212 231208 2028
231212 231214 1298
231214 231211 796
231214 231212 1298
231214 231216 1567
231201 231200 553
231201 231202 1426
231201 232103 476
231224 231200 1504
231224 231202 549
231224 231228 824
226703 226704 1436
226703 226710 3337
226703 226716 3779
226703 234708 708
226724 226716 1113
226724 226725 2668
226724 226726 2746
226604 226586 4998
226604 226706 2605
234677 226706 1795
234677 234678 911
226707 226708 1404
226707 226745 2947
226707 226750 13233
226734 226723 1336
226734 226735 2881
226734 226736 4014
226741 226731 1605
226741 226736 6581
226741 226751 1381
230992 226738 705
230992 230990 947
230997 230996 1445
230997 230998 1028
230997 231005 1688
231006 231005 8285
231006 234459 3353
226760 226759 381
226762 226759 879
226764 226761 643
226764 226763 968
226764 232047 1370
226768 226761 514
235370 226761 617
230238 230239 842
230238 230262 754
230238 235217 1190
230263 230262 1224
230263 235217 552
230241 230240 1344
230258 230237 1537
230258 230240 626
230258 230260 978
230258 234497 1178
230259 230257 1014
230259 230261 3029
230259 230268 1857
230266 230267 355
230266 230268 905
230266 230269 353
232130 230255 1675
232130 232127 928
232130 232132 597
232133 232132 1466
230255 230249 5729
230255 232123 1099
230255 232129 928
230255 232130 1675
234619 232157 838
234619 232183 107
8858 8835 817
8858 8856 737
8907 8835 701
8907 8908 102
8907 8910 691
230306 230305 1524
230306 230307 1234
230306 230317 1262
230315 230312 1000
230315 230316 1502
230315 230317 1889
230323 230305 650
230323 230324 477
230323 234960 1701
8949 8124 920
8949 8947 826
8949 35067 432
8959 8938 672
8959 8944 259
8959 8960 3467
8948 8889 882
8948 8901 1083
8948 8947 1179
8948 8950 1787
8952 8950 1506
8952 8951 2001
8952 8954 2037
8957 8954 740
8957 8958 3376
8957 8961 203
35054 8988 381
35441 8986 281
8964 8960 593
8964 8987 1495
8964 8995 833
8996 8995 353
16545 9223 541
34343 9228 829
9123 9124 896
9123 9125 494
9123 9226 646
9303 9297 629
9303 9305 319
9304 9305 2864
9304 9310 1881
9304 9326 2397
9308 9307 1603
9325 9324 1628
9325 9326 2157
9325 9330 838
9341 9340 994
9342 9339 2418
9342 9340 1713
9342 9343 1035
9342 9418 1320
9416 9415 2106
9419 9415 2078
9419 9420 1542
9420 9419 1542
9420 9421 1116
9420 9422 4348
9460 9456 1775
9460 9621 922
9460 9622 811
34488 9622 1198
9630 9624 799
9630 9631 2150
9657 9631 684
9657 9656 453
9657 34037 1553
9677 9662 1551
34685 34037 1061
35273 34037 472
9676 9675 1269
9676 9678 1556
9676 9682 1584
9676 34682 1084
34684 9675 1426
9692 9693 2705
9692 9698 877
9692 9699 597
9694 9693 2629
9694 9699 471
9694 10077 800
10076 10071 1212
10076 10078 975
10076 10079 1373
10080 10078 1597
10080 10079 979
10080 10084 620
10237 10233 553
10237 10238 1021
10237 10244 2989
10237 10245 793
35232 10238 333
10243 10233 299
10243 10246 590
10236 10235 248
10258 10257 3693
10258 34039 339
10258 34041 191
10266 10257 776
10266 10265 620
10266 10267 895
10266 34038 2520
10272 9402 255
10272 10270 294
10273 10270 942
34475 10260 520
34475 10262 790
34475 34474 645
10251 9427 856
10251 10274 303
10251 34474 1507
10281 10278 1426
10312 10313 150
10316 10315 986
10322 10321 1211
10333 10321 245
10333 10332 1610
10214 10211 981
10214 10212 593
10214 10216 1701
34670 10216 551
10220 10219 1194
10206 10203 353
10206 10217 880
10207 10208 2246
10207 10212 634
10207 10217 1126
10410 10205 797
10410 10375 2130
10410 10411 1045
10417 10416 1676
10417 10420 3921
10417 10421 1300
34173 9835 857
34173 10416 1925
34173 34567 1292
10442 10443 1515
10438 10439 1361
10438 10444 781
10438 10445 1919
10438 10447 973
10448 10447 1829
10448 10449 247
10448 10451 538
34174 10604 1245
10596 10441 731
10596 10595 972
10596 10598 780
10451 10448 538
10451 10452 1347
10451 10603 730
10605 10452 691
10605 10544 1568
10605 10603 1330
10605 10608 833
10653 10544 921
10653 10608 1521
10653 10655 557
10490 10482 2888
10490 10537 244
10490 10543 1433
10530 10529 1128
10530 10533 627
10530 10543 832
10542 10540 1854
10542 10543 1326
10542 10546 1166
10545 10452 1358
10545 10544 672
10538 10539 1424
10538 10656 302
10538 10657 667
10421 10417 1300
10421 10590 2691
10421 10592 1686
10595 10590 243
10595 10596 972
10595 10597 787
10691 10692 2656
10691 10698 528
10691 10699 1409
34463 10692 1268
10690 10689 1742
10690 10702 2735
10690 12652 1395
10690 12654 3769
10703 10702 1742
10703 10953 2015
10703 10953 2015
10953 10703 2015
10953 10703 2015
10953 13263 2815
13265 13263 788
13265 13266 871
13265 13268 889
13268 13264 811
13268 13265 889
13268 13267 649
13268 13269 876
13271 13269 1393
13271 13272 1208
13271 34235 658
13262 12658 3324
13262 13258 1014
13262 13272 610
13274 13272 946
13278 13277 809
13278 13280 737
13278 13287 1160
13278 13290 2880
13284 13280 3150
13284 13290 788
13284 13294 788
13284 13296 2746
12783 12780 2182
12783 12781 354
12783 12784 475
12780 12760 1139
12780 12783 2182
12780 12785 809
12755 12674 1004
12755 12757 796
12755 12758 2411
12760 12757 2077
12760 12758 696
12760 12780 1139
12775 12756 1608
12775 12758 836
12775 12776 836
12775 12778 1474
12778 12775 1474
12778 12779 750
12778 13329 536
8208 8207 763
8208 13332 1021
8208 13333 418
13352 13334 473
13352 13350 696
13343 13342 2077
13343 13345 696
13343 13346 696
13343 13348 2077
13344 13330 344
13344 13333 747
13344 13346 1944
13376 13345 2077
13376 13348 696
13376 13377 2210
13386 13377 418
13387 13377 403
13333 8208 418
13333 13334 1809
13333 13344 747
12766 12762 517
12766 12762 517
12766 12771 403
12768 12759 889
12768 12769 1222
12768 12770 403
12768 12771 667
12781 12769 354
12781 12772 1114
12781 12783 354
12921 12902 2689
12921 12919 1114
12921 12922 1004
12921 12923 2435
13042 12919 2186
13042 12920 893
13042 12923 1234
13042 13047 1934
13043 12922 2437
13043 12923 893
13043 13045 1091
12797 12798 3000
12797 13048 557
13049 13048 1409
13098 13048 275
13072 13071 1000
13072 13074 1014
13072 13075 504
12941 12895 4128
12941 12940 1357
12941 12942 3443
12995 12981 3107
12995 13151 562
12995 13152 420
13153 12983 3109
13153 13154 840
13156 13155 238
13156 13158 1003
13156 13159 562
13159 12998 1292
13159 13156 562
13159 13160 1279
12998 12996 1260
12998 13159 1292
12998 13163 344
13162 12999 905
13162 13163 279
13162 13164 1528
13162 13165 2363
12915 12913 893
12915 12927 2186
12915 12931 336
12926 12913 2270
12926 12922 2340
12926 12927 889
12937 12927 778
12937 12934 1114
12937 12939 2335
12939 12937 2335
12939 12943 420
12939 13066 1014
13025 13026 2542
13025 13040 1161
13025 13180 1008
13181 13040 1032
13181 13180 672
13181 13186 201
13181 13187 2840
13684 13682 1542
13684 13694 604
13821 13694 275
13696 13695 445
13692 13676 1014
13692 13679 872
13692 13691 796
13692 13693 806
13717 13691 750
13717 13712 3826
13717 13718 201
13714 13709 536
13714 13725 1576
13714 13728 2882
13724 13712 536
13724 13725 201
13790 13789 551
13781 13780 541
13781 13782 331
13781 35396 767
13783 13771 3569
13783 13779 1072
13783 13782 1932
13783 13785 1280
13772 13771 1225
13772 13787 1114
13772 13797 511
13798 13797 1446
13798 13810 1437
13801 13800 927
13776 13773 2458
13776 13775 1225
13776 13777 1945
13805 13777 877
13805 13807 2279
13805 13808 872
13806 13777 2141
13806 13778 982
13806 13807 872
13806 13931 2240
13773 13770 1410
13773 13776 2458
13773 13797 1635
13773 13799 2413
13948 13807 737
13948 13808 2225
13948 13950 1007
13948 13951 2141
13952 13950 1631
13952 13954 557
13952 13958 4243
13958 13952 4243
13958 13957 2091
13958 13971 433
13972 13957 2458
13972 13971 638
13972 13973 1008
23813 13978 2040
23813 23852 1115
23813 23855 880
23813 34596 524
24447 23927 1124
23862 23860 737
23862 23865 418
23862 23866 872
23862 23867 279
23869 23866 418
23869 23868 1254
23917 23912 336
23919 23912 1352
23919 35043 731
23872 23870 872
23872 23875 201
23872 23921 2319
23875 23871 788
23875 23872 201
23875 23876 737
23949 23948 336
23949 23951 809
23958 23959 806
24900 24896 1475
24900 25061 605
24901 23903 475
24901 24899 2086
24901 25061 473
24901 25065 983
25062 24897 373
25062 25061 373
25065 24901 983
25065 25066 983
25075 25066 904
25075 25076 435
25067 25068 373
25067 25070 475
187637 187635 3166
187637 187638 2860
187637 190787 1374
187637 190788 386
187678 187635 1368
187678 187677 423
187678 190801 822
187678 190802 1207
187675 187676 1102
187675 187677 2436
187675 187732 722
187730 187676 384
187730 187731 1431
187730 187766 280
187730 190758 357
187766 187676 240
187766 187718 333
187766 187730 280
187766 187767 2507
190807 187194 4171
190807 187767 194
190807 190789 2144
23884 23883 279
23884 23889 884
23884 23892 1810
23890 23889 1814
23890 23892 747
23890 23893 747
23890 23904 1274
23880 23879 782
23880 23882 435
23880 23895 222
23880 23897 588
23883 23882 344
23883 23884 279
23883 23895 403
23902 23893 1274
23902 23904 747
23902 23905 2882
23897 23880 588
23897 23898 551
23903 23887 1209
23903 23893 3294
23903 23905 2006
23903 24901 475
187240 187207 4326
187240 187235 923
187240 187241 1713
187225 187226 916
187225 187245 1213
187225 189501 640
189473 189474 2900
189473 189475 2003
189473 189502 725
189501 187225 640
189501 187226 940
189501 189475 840
189501 189503 1370
189465 189466 486
189465 189467 1214
189465 189485 1070
189488 189467 1034
189488 189469 871
189488 189485 1498
189488 189487 791
189487 189486 930
189487 189488 791
189487 189573 1064
189487 189574 1178
189496 189490 759
189496 189495 245
189496 189497 360
189496 189574 924
189583 189490 462
189583 189578 429
189583 189582 899
189490 189489 472
189490 189496 759
189490 189583 462
189469 189468 1077
189469 189470 1853
189469 189486 954
189469 189488 871
189494 189486 352
189494 189495 490
189507 189502 569
189507 189505 759
189507 189508 1762
189503 189501 1370
189503 189502 542
189503 189506 1339
189474 189473 2900
189474 189509 417
187228 187227 944
187228 187229 1481
187228 189513 1115
189510 189511 823
189510 189512 993
189510 189525 2364
189513 187228 1115
189513 187229 1488
189513 189511 868
189521 189511 2347
189521 189519 769
189521 189525 833
187892 187890 1059
187892 187893 909
187892 187893 909
187892 190831 1975
187969 134639 974
187969 187890 349
187971 187890 1686
187971 187970 502
187971 190490 3963
187971 190831 451
189528 187834 1112
189528 187902 755
189528 189461 404
189525 189510 2364
189525 189521 833
189525 189524 1003
189525 189530 822
189529 189526 662
189529 189527 2065
189529 189530 1269
134652 134651 354
134652 134673 403
134676 134648 757
134676 134649 475
134676 134673 536
134676 134677 1182
134678 134653 420
134678 134677 511
134678 134679 373
134678 134680 682
134681 134677 1529
134681 134692 238
134681 134693 1182
134681 134695 562
134682 134677 1079
134682 134680 504
134682 134695 551
134682 134778 511
134692 134677 1597
134692 134681 238
134692 134693 1098
134692 134694 202
134639 134638 536
134639 187969 974
134642 134635 276
134642 134647 252
134644 134641 276
134644 134643 238
134644 134645 202
134644 134647 238
134648 134645 373
134648 134647 252
134648 134651 836
134648 134676 757
134690 134685 1811
134690 134688 789
134691 134688 751
134691 134696 1115
134691 134698 751
134906 134890 1417
134906 134904 884
134906 134907 827
134907 134882 927
134907 134906 827
134907 134909 836
134910 134909 948
134910 134913 560
134910 134949 1695
134910 134954 676
134949 134910 1695
134949 134946 688
134949 134952 877
134701 134700 489
134701 134702 975
134701 134876 354
134701 134881 1533
134905 134881 1962
134905 134890 1299
134905 134901 344
134970 134969 874
134970 134974 1107
134970 134985 926
134970 134987 914
134970 134988 1142
139635 134969 559
139635 134978 611
134988 134970 1142
134988 134975 847
134988 134989 782
134988 135687 682
135686 134975 2093
135686 135685 1124
135686 135697 581
135684 135682 2255
135684 135683 796
135684 135685 688
135684 135703 765
135702 135685 789
135702 135704 697
134952 134948 1357
134952 134949 877
134952 134954 1671
134952 134959 737
134960 134959 699
134960 134968 137
134960 138472 947
135756 135739 223
135756 135758 212
135749 135750 2305
135749 135755 217
135749 135758 847
135749 135761 983
135751 135750 1062
135751 135754 1357
135751 135934 516
135751 135938 475
135925 135754 788
135925 135923 1152
135925 135924 697
135925 135927 676
135926 135754 676
135926 135927 788
135926 135933 676
135926 135934 1205
135697 135686 581
135697 135689 841
135697 135695 672
135697 135704 1755
135709 135704 475
135709 135712 588
135709 135718 713
135712 135709 588
135712 135713 747
135712 135719 983
135712 135721 1143
135767 135766 435
135721 135712 1143
135721 135720 1085
135721 135768 1730
135721 135774 276
135928 135924 605
135928 135927 649
135928 135930 751
135928 135931 697
135931 135928 697
135931 135929 111
135931 135930 924
135930 134536 1438
135930 135928 751
135930 135931 924
135930 135932 788
135930 135945 924
135945 135930 924
135945 135937 344
135945 135944 1993
135937 135932 939
135937 135936 788
135937 135945 344
135937 135946 649
135952 135708 536
135952 135949 847
135952 135954 688
135954 135918 336
135954 135952 688
135954 135956 336
135913 135914 821
135913 135917 1140
135913 135962 1009
135955 135917 993
135955 135962 1079
135955 135969 676
135955 135970 1022
135971 135962 1120
135971 135970 1140
135971 135973 1831
135971 135985 676
135987 135978 747
135987 135985 1066
135987 135990 939
135993 135978 872
135993 135990 788
135993 135995 927
135993 135996 1008
135994 135990 1079
135994 135991 975
135994 135996 836
135994 136001 1008
136001 135994 1008
136001 136000 1167
136001 136002 788
136043 136000 939
136043 136045 1115
136043 136046 222
136046 136004 1623
136046 136043 222
136046 136047 1008
136049 136044 836
136049 136047 884
136049 136051 796
136050 136047 336
136050 136059 1160
136050 136064 806
136050 136065 1505
136060 136059 872
136060 136063 649
136060 136064 1066
136060 136066 872
136063 136060 649
136063 136061 872
136063 136062 511
136063 136069 872
136070 136062 872
136070 136069 511
136070 136071 672
136072 136066 676
136072 136071 1022
136072 136074 983
136072 136075 1409
136172 136074 1274
136172 136075 927
136172 136171 1438
136172 136746 1647
136174 136171 1364
136174 136173 804
136174 136750 1125
136749 136748 418
136749 136750 878
136755 136750 323
136755 136754 465
136756 136752 434
136756 136768 751
137450 137449 1360
137450 137451 1022
137450 137454 1022
137450 137457 1031
137450 137459 1681
137551 136878 688
137551 137549 659
137551 137552 688
137553 136878 789
137553 137557 1268
137553 137560 1014
137548 137443 691
137548 137446 1333
137557 137553 1268
137557 137554 155
137557 137558 2063
137565 137558 765
137565 137560 276
137565 137566 2750
137567 137558 2731
137567 137566 682
137567 137574 765
137567 137577 1635
137578 137574 1592
137578 137577 599
137578 137583 789
137578 137685 818
137579 137574 708
137579 137580 1693
137579 137581 789
137579 137583 1612
139652 137580 453
137643 137581 796
137643 137644 796
137643 137646 2093
137646 137643 2093
137646 137645 924
137646 137648 649
137657 137640 1867
137657 137659 806
137657 137660 139
137648 137644 2320
137648 137646 649
137648 137647 904
137648 137650 764
137658 137647 2642
137658 137649 951
137658 137748 599
137660 137647 751
137660 137657 139
137660 137661 2459
137659 137651 1730
137659 137655 751
137659 137657 806
137659 137662 2477
138038 137655 2377
138038 137662 806
138038 138039 806
138038 138100 1299
138042 138039 1593
138042 138100 682
138042 138107 202
138107 138042 202
138107 138124 445
138107 138126 708
138127 138126 344
138127 138128 1483
138137 138134 599
138137 138138 1167
138137 138192 682
138138 138136 809
138138 138137 1167
138138 138193 612
138211 138148 768
138211 138210 653
138211 139651 550
138204 138148 202
138204 138150 809
138204 138205 737
138207 138181 1307
138207 138205 1307
138207 138206 809
138207 138208 738
138182 138181 738
138182 138208 1307
138182 138240 474
138242 138209 1307
138242 138240 537
138242 138243 1085
138244 138209 1085
138244 138227 1307
138244 138245 279
138256 138235 1022
138256 138257 939
138258 138235 796
138258 138257 672
138258 138385 1267
138386 138385 2340
138386 138387 1880
138386 138388 778
138134 138132 1124
138134 138135 435
138134 138137 599
139653 138429 283
138876 138432 904
138876 138875 1592
138876 138879 751
138876 138881 1248
138880 138432 1031
138880 138881 848
138880 138882 222
138454 138443 1533
138454 138444 827
138454 138453 708
138454 138456 1022
138455 138452 1033
138455 138453 2678
138455 138459 708
138444 138440 1594
138444 138446 605
138444 138454 827
138444 138457 884
138445 138440 751
138445 138442 1031
138445 138446 1530
138445 138882 708
138652 138651 556
138657 138462 672
138657 138651 806
138657 138658 373
138615 138614 682
138615 138619 3310
138625 138622 796
138625 138624 688
138642 138623 89
138642 138641 3221
138885 138879 1576
138885 138881 673
138885 138887 682
138888 138884 1015
138888 138887 1336
138888 138900 673
138888 138917 1955
138935 138900 1780
138935 138917 276
138935 138940 1686
138908 138901 599
138908 138902 84
138908 138903 1022
138909 138902 3356
138909 138970 1004
138909 138977 1434
138903 138901 782
138903 138904 222
138903 138908 1022
138936 138937 2255
138936 138941 927
138936 138945 2643
138964 138360 2582
138964 138866 893
138964 138963 889
138971 138359 1124
138971 138866 682
138971 138867 511
138966 138959 1344
138966 138968 556
138966 138969 2128
138967 138959 2086
138967 138969 1161
138967 138973 1093
138973 138961 782
138973 138967 1093
138973 138972 765
138973 138974 1014
138965 138360 1771
138965 138963 870
138965 138972 1466
138858 138857 713
138858 138859 2340
138858 138860 765
138861 138859 848
138861 138860 2557
138861 138863 757
138861 138867 1891
138790 138772 2236
138790 138791 1627
138790 138792 1627
138767 138765 532
138767 138766 482
138767 138773 596
139409 139406 321
139409 139408 557
139409 139413 567
230055 230056 563
230055 230057 3572
230055 230058 1178
230064 230057 1172
230064 230059 1044
230064 230066 2118
230068 230066 870
230068 230067 1114
230068 230075 4112
230081 230075 1111
230081 230076 3260
230081 230077 1193
230081 230083 5266
230157 230085 845
230157 230159 1375
230157 230160 948
230157 235277 2162
230161 230160 1394
230161 230162 1306
230161 230164 803
230165 230160 2016
230165 230166 1675
230165 230171 762
234974 230164 1686
230166 230165 1675
230166 230173 845
230166 230289 1234
230298 230297 2552
230299 230297 580
230299 230300 452
230299 230312 3149
230312 230299 3149
230312 230310 1111
230312 230315 1000
230312 234237 448
230289 230166 1234
230289 230227 762
230289 230290 2140
230289 230291 838
229835 229827 3005
229835 229833 1427
229835 229837 556
229838 229837 596
229838 229840 596
229654 229653 4799
229654 229840 2778
229878 229877 921
229878 229880 84
229658 229656 924
229658 229660 2511
229658 229661 1113
229659 229656 2346
229659 229660 782
229659 234703 858
229875 229661 1094
229875 229668 837
229875 229876 889
229666 229657 502
229666 229664 1004
229666 229667 596
229599 229598 511
230943 229598 575
230943 230942 353
230943 230947 3470
230963 230962 1148
230965 230917 6121
230965 230957 1989
230965 230962 610
230965 230968 1992
230958 230957 621
231000 231001 753
231000 231002 2062
231000 231003 1339
231002 231000 2062
231002 231004 1416
231002 231007 920
229865 229843 1972
228960 228958 1829
228960 228964 2102
229023 229022 6703
229250 229022 940
229250 229249 2066
229250 234417 936
235168 229035 670
235168 234836 391
229255 229256 937
229255 229257 1423
229255 229269 4321
229271 229253 872
229271 229269 1205
229271 229272 833
229268 229265 1177
229268 229273 1523
229268 229312 3240
229272 229264 1365
229272 229271 833
229272 229273 1539
229311 229265 2900
229311 229308 353
229311 229312 1275
229227 229225 2188
229227 229233 1891
229227 229316 1454
229231 229226 611
229231 229232 696
229231 229233 2009
229316 229227 1454
229316 229309 1088
229316 229317 586
229352 229351 1481
229352 229353 1188
234377 229390 909
229274 229063 1823
229274 229275 2263
229274 229276 1629
229288 229276 868
229288 229286 1476
229288 235403 1804
235198 229278 717
229284 229285 1111
229284 229290 1107
229670 229290 1743
229670 229671 1000
229670 229678 1088
235558 229290 747
229502 229498 844
229502 229503 2331
229502 229680 3591
229679 229498 3371
229679 229678 1789
229679 229680 901
229679 229681 4398
229694 229683 1827
229694 229695 475
229694 229698 1678
229703 229701 921
229703 229704 1594
229703 229709 1895
229698 229694 1678
229698 229697 475
229698 229702 1119
229699 229697 921
229699 229702 2148
229699 229705 753
230089 230087 1000
230089 230091 1373
230089 230100 1490
228763 228683 2733
228763 229990 796
228763 229992 948
228763 229993 1114
230003 229992 672
230003 234980 386
229998 229993 1685
229998 229999 660
228728 228722 875
228728 228723 1021
228728 228729 1007
228731 228730 2010
230034 228730 619
230034 230036 68
230023 230024 62
230023 230025 672
230029 230024 254
230029 230030 1667
231231 231228 1552
226742 226743 855
226742 228905 316
226742 231210 152
231205 226743 4422
231205 231204 1776
231205 234343 410
231206 231207 1222
231206 231209 1510
231206 231210 1234
231202 231201 1426
231202 231203 482
231202 231221 556
231202 231224 549
231222 231221 874
231204 231205 1776
231204 231207 2278
231204 231212 1058
231211 226438 1318
231211 231213 1675
231211 231214 796
231211 231300 514
232103 231201 476
232103 231203 1341
232103 232104 611
226704 226703 1436
226710 226703 3337
226710 226711 893
226710 226712 1020
234708 226702 1403
234708 226703 708
234708 234709 1885
226725 226718 2345
226725 226723 3223
226725 226724 2668
226726 226724 2746
226726 226730 1686
226726 226732 1218
226586 226542 2005
226586 226585 1205
226586 226604 4998
