812
169525 169526 477
169525 169527 562
169534 169535 497
169965 169966 1143
169958 169956 276
169958 169959 562
169908 169909 810
169908 169922 475
170083 170084 1293
169986 169976 782
169986 169985 1248
169863 169864 590
169863 169865 6314
169905 170087 2012
169905 170090 713
170081 170082 880
170081 170087 951
169023 169022 1364
169023 169024 948
169046 169022 739
169215 169217 811
169215 169238 1411
169230 169238 698
169201 169200 337
169257 169259 613
169456 169455 1212
169456 169458 2134
169460 169459 279
169460 169464 538
169464 169460 538
169464 169466 1067
169473 169466 1258
169473 169471 1032
169473 169514 907
169474 169475 717
169474 172807 268
169240 169200 558
169240 169238 977
118533 118534 3018
118533 118798 1521
94990 94991 434
94990 94992 1248
94990 102603 1276
95012 95013 931
95014 95013 2824
95014 95137 2417
95018 95024 3322
97396 97395 201
102896 102897 1168
94277 94252 200
94277 101870 730
94279 94280 1813
94279 94292 696
108748 108749 2056
108748 108964 4237
108913 108901 1483
108913 108925 1795
108769 108990 344
101796 101797 577
101796 101801 716
94038 94164 1528
95815 95816 122
95815 101809 272
102432 102433 221
94305 94324 834
94305 94326 681
94231 94232 1008
94231 94247 722
94199 94200 1279
94199 94201 672
101783 101784 789
95811 95812 445
95811 95812 445
94180 94178 1801
94180 102411 3005
94183 101877 884
101786 101787 474
97453 97419 3039
97453 97455 1376
97457 97460 1342
97457 97461 737
97451 97452 3866
97451 97459 1868
102514 103169 2083
102515 103148 2041
97635 97637 1205
97635 97638 752
93290 93242 4052
93290 93289 784
93290 93291 1322
94638 94639 546
94645 94643 394
95577 95576 428
95934 102272 340
101691 101690 2324
101691 102485 325
101844 101843 77
93344 93345 1354
93344 93650 823
93649 93650 1344
93649 93651 420
93657 93656 3965
93657 94068 2259
93667 93671 959
93667 93672 912
93237 93238 1718
93239 93241 1220
93239 93243 518
98528 98527 312
98528 98547 2832
102687 102689 2020
102687 102690 663
102688 98498 1261
102688 102689 339
98492 98490 1317
98492 98493 3696
98498 98493 877
98498 98502 487
98498 102688 1261
191137 191138 2464
191137 191152 2328
194317 194316 1459
191407 191414 2567
191407 192087 171
191209 191208 1284
191235 191387 1733
191235 191405 851
191237 191236 6213
191237 193952 2164
191393 191394 1656
191236 191237 6213
191236 191282 428
118685 118687 836
118685 118705 109
118519 118645 889
118520 118521 967
118520 119500 211
118520 119500 211
118523 118645 4887
118692 118646 1766
118692 119462 1004
118696 118648 580
118696 118697 1700
118697 118696 1700
118697 119473 352
118553 118556 2026
108934 108935 5334
108764 108763 2790
108976 108967 5405
109025 109009 1181
109025 109026 1273
109025 109027 1878
109082 109074 3015
106347 106346 1161
106347 110487 685
110493 110494 604
109187 109188 2237
109187 109212 676
109199 35490 449
109199 109200 2020
109106 109105 604
109106 109107 826
109163 109107 2305
109163 109162 750
110552 110553 950
110552 110558 279
110554 109197 2175
110554 113816 961
110558 110552 279
110558 110560 947
110498 110565 1730
110559 110560 1533
110559 110565 1078
36087 36085 252
36095 36076 516
36095 50400 1005
36139 36140 1984
36139 36147 4058
36150 36133 2356
36150 36151 1268
36083 36081 1530
36160 36151 2188
36167 36168 672
36167 36169 672
36182 36148 1344
36182 36189 2093
36308 50236 688
36309 36300 905
36309 36310 605
36092 36102 672
36092 36103 893
36021 36013 2557
36021 36028 747
36021 36031 847
105829 105830 354
105829 110572 951
110570 110562 1151
110570 110569 1120
110570 110571 1357
110567 110565 1102
110567 110568 610
110568 110567 610
110568 110569 884
105797 105798 244
105797 105799 203
113597 113598 325
113597 113667 450
106346 106347 1161
106346 110492 950
36350 36328 747
36350 36349 551
36356 36357 645
36356 36358 878
35707 35703 627
35707 50343 1349
36453 35702 1050
35711 44583 2832
35711 44617 605
35712 44583 354
44585 44573 2666
44585 44619 1188
35725 35723 2829
35725 35726 3871
35727 35723 3349
35727 35761 1418
37319 37320 976
37319 37321 905
37320 37319 976
37320 37322 1205
37326 50244 824
37336 37337 1351
37336 37338 778
37366 37365 697
37366 37369 951
37343 37342 1633
37343 37373 222
37347 37341 1099
37374 37373 2047
37374 37380 537
37380 37374 537
37380 37375 751
37453 37451 1168
37457 37455 697
37457 37456 927
37459 37455 1354
37459 37471 713
37471 37459 713
37471 37472 1467
37473 37472 537
37481 37478 1669
37481 37491 751
37491 37481 751
37491 37493 927
36389 36388 403
36391 36384 708
36391 36385 2694
36240 36237 1357
36240 36384 2005
36408 36241 279
36408 36409 1283
36411 36278 889
36411 36418 1475
36418 36282 1505
36418 36411 1475
36418 36420 1274
36423 36420 2004
36423 36426 1885
35677 35675 2270
35677 36387 1066
36401 50240 872
36434 36454 420
36434 36457 1919
37492 37493 336
37496 37486 1210
37496 37490 836
37765 37764 878
37765 37771 418
37770 37768 677
37770 37781 3578
37772 37766 1357
37772 37771 1483
37766 37761 1578
37766 37768 2226
37766 37772 1357
46658 46656 709
46658 46661 790
46658 46739 1612
46660 46661 2714
37748 37747 2133
37790 37769 1375
37790 37781 984
37730 35886 984
37730 37734 612
37730 37738 605
37750 37739 511
37750 37751 1544
37739 37738 1614
37739 37743 1115
37739 37750 511
37755 37741 2143
37755 37744 1655
37794 37781 1227
37879 37846 373
37884 37878 1141
37884 37887 2058
37884 37888 2241
37824 37820 747
37904 37888 1858
37923 35537 3032
37910 35537 552
37917 37912 1045
37914 37912 1421
37914 37915 610
37922 37915 2598
41432 41425 3633
41432 41428 1085
41432 41445 581
41459 46628 78
41444 37874 2483
41444 41428 984
41461 46629 253
46629 41461 253
46656 46658 709
46924 46921 605
46934 46921 1534
46919 46802 1577
46921 46924 605
46921 46934 1534
47056 47047 1011
46486 46510 2311
47047 47056 1011
46802 46919 1577
127848 127236 2557
127260 127258 1055
127236 127232 1161
127236 127848 2557
127232 127236 1161
127258 127260 1055
126908 126912 747
126912 126908 747
126918 126891 889
126891 126918 889
126894 127845 885
127845 126894 885
46440 46441 807
46441 46440 807
46490 46494 873
46494 46490 873
46510 46486 2311
127681 127666 1700
127666 127681 1700
127670 127669 2709
127669 127670 2709
127974 127970 790
127970 127974 790
127982 127972 511
127972 127982 511
128241 128242 751
127816 127817 1483
128245 128244 355
127817 127816 1483
128242 128241 751
128244 128245 355
129572 129574 1368
129574 129572 1368
129586 129588 782
129588 129586 782
129661 129662 829
129662 129661 829
129885 130401 1010
130401 129885 1010
130401 130402 238
130402 130401 238
218398 218399 1024
218399 218398 1024
224058 218606 804
218606 224058 804
216252 217882 1753
217882 216252 1753
217998 222791 720
222791 217998 720
219191 222818 735
222818 219191 735
222937 222934 891
222934 222937 891
222913 222930 744
222930 222913 744
223032 223027 1737
223027 223032 1737
150839 151001 2259
151001 150839 2259
149495 149498 329
149498 149495 329
149491 149603 705
149603 149491 705
149592 149547 966
149527 149520 255
149520 149527 255
149547 149592 966
151255 150404 512
150404 151255 512
147408 147421 468
147421 147408 468
147596 147609 2247
147609 147596 2247
148261 148262 849
148262 148261 849
148918 148919 1907
148919 148918 1907
148921 148925 867
148925 148921 867
149074 149075 876
149075 149074 876
149695 149698 822
149698 149695 822
149705 149706 1098
149706 149705 1098
149706 150183 896
150183 149706 896
149801 143932 351
143932 149801 351
149685 149676 759
149676 149685 759
149788 149796 805
149796 149788 805
152122 162463 630
162463 152122 630
168375 168377 1183
168375 168745 1952
168377 168375 1183
168745 168375 1952
168775 168774 1201
168774 168775 1201
154024 154023 790
154023 154024 790
154075 154091 829
154091 154075 829
157526 157527 418
157593 157597 850
157597 157593 850
157527 157526 418
155036 155035 905
155035 155036 905
155210 155077 1553
155077 155210 1553
155385 155388 474
155388 155385 474
157748 157749 333
157749 157748 333
178253 178265 1031
178265 178253 1031
178282 178283 1556
178283 178282 1556
178498 178500 778
178500 178498 778
159065 158987 672
158987 159065 672
158621 158626 889
158626 158621 889
161481 161483 782
161483 161481 782
161484 161508 1124
161508 161484 1124
161856 161862 817
161862 161856 817
161994 161997 1165
162002 162009 2183
161997 161994 1165
161997 162000 1631
162000 161997 1631
162009 162002 2183
169605 169595 1354
169595 169605 1354
169217 169215 811
170445 170456 907
170456 170445 907
170535 170542 984
170542 170535 984
169475 169474 717
169526 169525 477
169527 169525 562
169535 169534 497
169966 169965 1143
169956 169958 276
169959 169958 562
169909 169908 810
169922 169908 475
169922 170084 880
170084 169922 880
170084 170083 1293
169976 169986 782
169985 169986 1248
169864 169863 590
169865 169863 6314
170087 169905 2012
170087 170081 951
170090 169905 713
170082 170081 880
169022 169023 1364
169022 169046 739
169024 169023 948
169238 169215 1411
169238 169230 698
169238 169240 977
169200 169201 337
169200 169240 558
169259 169257 613
169259 169455 1624
169455 169259 1624
169455 169456 1212
169458 169456 2134
169458 169459 874
169459 169458 874
169459 169460 279
169466 169464 1067
169466 169473 1258
169471 169473 1032
169514 169473 907
172807 169474 268
118534 118533 3018
118798 118533 1521
94991 94990 434
94992 94990 1248
102603 94990 1276
95013 95012 931
95013 95014 2824
95137 95014 2417
95024 95018 3322
97395 97396 201
102897 102896 1168
94252 94277 200
101870 94277 730
94280 94279 1813
94292 94279 696
108749 108748 2056
108964 108748 4237
108901 108913 1483
108925 108913 1795
108990 108769 344
101797 101796 577
101801 101796 716
101801 101809 650
94164 94038 1528
95816 95815 122
101809 95815 272
101809 101801 650
102433 102432 221
94324 94305 834
94326 94305 681
94232 94231 1008
94247 94231 722
94200 94199 1279
94201 94199 672
101784 101783 789
95812 95811 445
95812 95811 445
94178 94180 1801
102411 94180 3005
101877 94183 884
101787 101786 474
97419 97453 3039
97455 97453 1376
97460 97457 1342
97461 97457 737
97452 97451 3866
97459 97451 1868
103169 102514 2083
103148 102515 2041
97637 97635 1205
97638 97635 752
93242 93243 434
93242 93290 4052
93289 93290 784
93291 93290 1322
94639 94638 546
94643 94645 394
95576 95577 428
102272 95934 340
101690 93345 2616
101690 101691 2324
102485 101691 325
101843 101844 77
93345 93344 1354
93345 101690 2616
93650 93344 823
93650 93649 1344
93651 93649 420
93656 93657 3965
94068 93657 2259
93671 93667 959
93671 93672 48
93671 93672 48
93672 93667 912
93672 93671 48
93672 93671 48
93238 93237 1718
93241 93239 1220
93243 93239 518
93243 93242 434
98527 98528 312
98547 98528 2832
102689 102687 2020
102689 102688 339
102690 102687 663
98490 98492 1317
98493 98492 3696
98493 98498 877
98502 98498 487
191138 191137 2464
191152 191137 2328
194316 194317 1459
191414 191407 2567
192087 191407 171
191208 191209 1284
191387 191235 1733
191405 191235 851
193952 191237 2164
191394 191393 1656
191282 191236 428
118687 118685 836
118705 118685 109
118645 118519 889
118645 118523 4887
118521 118520 967
119500 118520 211
119500 118520 211
118646 118648 473
118646 118692 1766
119462 118692 1004
118648 118646 473
118648 118696 580
119473 118697 352
118556 118553 2026
108935 108934 5334
108763 108764 2790
108967 108976 5405
109009 109025 1181
109026 109025 1273
109027 109025 1878
109074 109082 3015
110487 106347 685
110494 110493 604
109188 109187 2237
109212 109187 676
35490 109199 449
109200 109199 2020
109105 109106 604
109107 109106 826
109107 109163 2305
109162 109163 750
110553 110552 950
109197 110554 2175
113816 110554 961
110560 110558 947
110560 110559 1533
110565 110498 1730
110565 110559 1078
110565 110567 1102
36085 36087 252
36076 36095 516
50400 36095 1005
36140 36139 1984
36147 36139 4058
36133 36150 2356
36151 36150 1268
36151 36160 2188
36081 36083 1530
36168 36167 672
36169 36167 672
36148 36182 1344
36189 36182 2093
50236 36308 688
36300 36309 905
36310 36309 605
36102 36092 672
36103 36092 893
36013 36021 2557
36028 36021 747
36031 36021 847
105830 105829 354
110572 105829 951
110572 110571 649
110562 110570 1151
110569 110568 884
110569 110570 1120
110571 110570 1357
110571 110572 649
105798 105797 244
105799 105797 203
113598 113597 325
113667 113597 450
110492 106346 950
36328 36350 747
36349 36350 551
36357 36356 645
36358 36356 878
35703 35707 627
50343 35707 1349
35702 36453 1050
44583 35711 2832
44583 35712 354
44617 35711 605
44573 44585 2666
44619 44585 1188
35723 35725 2829
35723 35727 3349
35726 35725 3871
35761 35727 1418
37321 37319 905
37321 37322 1631
37321 50244 785
37322 37320 1205
37322 37321 1631
50244 37321 785
50244 37326 824
37337 37336 1351
37338 37336 778
37338 37341 344
37365 37366 697
37369 37366 951
37342 37341 667
37342 37343 1633
37373 37343 222
37373 37374 2047
37341 37338 344
37341 37342 667
37341 37347 1099
37375 37380 751
37451 37453 1168
37455 37457 697
37455 37459 1354
37456 37457 927
37472 37471 1467
37472 37473 537
37472 37478 1206
37478 37472 1206
37478 37481 1669
37493 37491 927
37493 37492 336
36388 36385 435
36388 36389 403
36384 36240 2005
36384 36391 708
36385 36388 435
36385 36391 2694
36237 36240 1357
36237 36241 2816
36241 36237 2816
36241 36408 279
36409 36408 1283
36278 36411 889
36282 36418 1505
36420 36418 1274
36420 36423 2004
36426 36423 1885
35675 35677 2270
36387 35677 1066
50240 36401 872
36454 36434 420
36457 36434 1919
37486 37496 1210
37490 37496 836
37764 37765 878
37771 37761 1534
37771 37765 418
37771 37772 1483
37768 37766 2226
37768 37770 677
37781 37769 878
37781 37770 3578
37781 37790 984
37781 37794 1227
37761 37766 1578
37761 37771 1534
46661 46658 790
46661 46660 2714
46739 46658 1612
37747 37748 2133
37747 37769 751
37769 37747 751
37769 37781 878
37769 37790 1375
35886 37730 984
37734 37730 612
37738 37730 605
37738 37739 1614
37751 37750 1544
37743 37739 1115
37743 37744 751
37741 37755 2143
37744 37743 751
37744 37755 1655
37846 37879 373
37878 37884 1141
37887 37884 2058
37888 37884 2241
37888 37904 1858
37820 37824 747
35537 37910 552
35537 37923 3032
37912 37914 1421
37912 37917 1045
37915 37874 818
37915 37914 610
37915 37922 2598
41425 41432 3633
41428 41432 1085
41428 41444 984
41445 41432 581
46628 41459 78
37874 37915 818
37874 41444 2483
929
169525
169534
169965
169958
169908
170083
169986
169863
169905
170081
169023
169046
169215
169230
169201
169257
169456
169460
169464
169473
169474
169240
118533
94990
95012
95014
95018
97396
102896
94277
94279
108748
108913
108769
101796
94038
95815
102432
94305
94231
94199
101783
95811
94180
94183
101786
97453
97457
97451
102514
102515
97635
93290
94638
94645
95577
95934
101691
101844
93344
93649
93657
93667
93237
93239
98528
102687
102688
98492
98498
191137
194317
191407
191209
191235
191237
191393
191236
118685
118519
118520
118523
118692
118696
118697
118553
108934
108764
108976
109025
109082
106347
110493
109187
109199
109106
109163
110552
110554
110558
110498
110559
36087
36095
36139
36150
36083
36160
36167
36182
36308
36309
36092
36021
105829
110570
110567
110568
105797
113597
106346
36350
36356
35707
36453
35711
35712
44585
35725
35727
37319
37320
37326
37336
37366
37343
37347
37374
37380
37453
37457
37459
37471
37473
37481
37491
36389
36391
36240
36408
36411
36418
36423
35677
36401
36434
37492
37496
37765
37770
37772
37766
46658
46660
37748
37790
37730
37750
37739
37755
37794
37879
37884
37824
37904
37923
37910
37917
37914
37922
41432
41459
41444
41461
46629
36949
46639
46644
46656
46813
46750
46757
46879
46880
46888
46792
46911
46913
46924
46934
46919
46921
47056
47053
46486
47047
47103
46802
47104
127848
127260
127266
127236
127232
127258
127202
127243
127270
127302
127327
126908
126912
126901
126866
126918
126891
126894
46217
46212
46229
127844
127845
46437
46433
46440
46441
46490
46494
46498
44820
46510
46445
46227
46262
127681
127990
127997
127666
127670
127984
127669
127692
127693
127708
127712
127720
128155
127974
127970
127973
127982
128004
127972
128164
128241
130358
130361
130371
130391
131949
127816
128245
127817
127824
127836
128251
128242
128244
127838
129391
129572
129574
129586
129588
129640
129645
129661
129662
129665
129862
129865
130317
130322
130355
121451
121389
121437
70257
70264
70250
129816
129820
129831
129825
129828
129885
129836
130401
130402
121341
121442
129912
130460
218967
218977
218988
218974
218121
218048
218080
218106
218108
218110
218111
218112
218101
218093
218105
218398
218399
218297
218308
218995
219029
220285
224935
218564
218659
218576
218362
218413
218389
218429
218438
218636
218619
224058
218606
224486
224050
216252
217985
217882
217998
222747
222748
224004
222754
222766
222779
222789
222791
222786
219191
224749
222797
222806
222808
224002
222820
222864
222818
222761
222880
222937
218687
222876
222932
222934
222913
222930
222949
222916
222917
223032
223027
223014
223019
150835
150839
151001
151017
151021
151648
149119
149135
149141
149147
149151
149434
149438
149495
149498
149652
149651
149664
149490
149491
149603
149602
149593
149592
149527
149520
149535
149547
148816
148819
149661
149660
149655
141796
146520
151027
151066
151155
151159
151253
151255
150404
150405
151296
143151
143146
151297
147408
147421
147426
147593
147594
147596
147609
147611
147696
147708
147712
147715
148237
148240
148250
148261
148259
148262
148295
148918
148919
148921
148930
148932
148925
148936
148935
149048
149053
149074
149075
149079
149115
212685
149981
149984
149990
150016
150019
150074
150087
150052
150057
150062
150093
148844
149695
149698
149705
149706
150183
150185
140078
149798
149801
143932
149209
149734
149740
149685
149687
149691
149676
149736
149788
149756
149758
149762
149765
149791
149792
149732
149796
149725
149727
149728
149731
151660
214934
205934
205964
213686
214857
215048
198836
198834
198830
198814
205853
194607
205005
205003
205025
152122
162463
162460
168705
168713
168715
168855
168858
168375
168377
168393
168745
168760
168777
168775
168774
168811
168907
168802
168909
168847
168838
168850
168568
168848
168845
153993
154024
154023
154054
154075
154091
154099
154319
154322
154108
154361
154391
154389
157526
157575
157573
157593
157597
158189
157525
157534
157523
157527
157536
157584
157590
154408
154410
154963
154956
154951
154952
155017
155036
155035
155043
155069
155222
157817
157829
157769
157853
157838
155210
155219
155077
155081
155134
155135
155139
155324
155331
155346
155348
157790
157834
157886
157900
155433
155385
155388
155391
159849
157695
155395
155434
155438
157729
155459
157752
157949
157757
157946
157759
157748
157774
157738
157749
178242
178253
178255
178265
177923
178134
178267
178435
178217
178269
178282
178283
178313
178307
178498
178500
178511
178503
178419
186188
158203
158291
157932
158631
158634
157968
158685
158797
158963
159065
158972
159029
158987
159081
159083
159087
159101
158614
158192
158231
158302
158608
158621
158626
161137
161144
172755
168323
168341
168344
168355
168367
161481
161483
161484
161488
161458
161508
161856
161862
161851
161855
161994
213268
162011
162002
161997
162000
162163
162184
162009
162105
162112
162187
159968
162220
172555
169580
161817
169601
169604
169605
169595
169174
169245
169217
169192
169267
169269
169262
169290
170497
168325
170500
168335
168342
168349
170515
170532
170062
170445
170456
170459
170469
170535
170481
170487
170542
170049
170043
170046
169528
169550
169867
169873
169475
169477
169527
169966
169956
169909
169922
169976
169985
169865
170087
170090
170082
169024
169238
169200
169259
169455
169458
169459
169466
169471
169514
172807
118534
95013
95137
95024
97395
94252
94280
94292
108749
108901
108990
101797
101801
94164
95816
101809
94324
94326
94247
94201
101784
94178
102411
101787
97419
97455
97461
97452
103148
97637
97638
93289
93291
94639
94643
95576
102272
101690
101843
93345
93656
94068
93671
93238
93241
98527
98490
98493
98502
191138
194316
191414
191208
191387
191282
118687
118705
119500
118646
118648
108935
108763
108967
109009
109026
109027
109074
110494
109188
109212
35490
109200
109107
109162
110553
109197
110560
110565
36085
36076
36147
36133
36151
36081
36148
36189
36300
36310
36013
36028
36031
110572
110562
110569
110571
36328
36349
35703
50343
35702
44583
44617
44573
44619
35723
35761
37322
37337
37338
37342
37373
37375
37451
37455
37456
37472
37478
37493
36388
36384
36385
36237
36241
36278
36282
36420
36426
35675
36387
36454
37486
37490
37764
37768
37761
46661
46739
37747
37769
35886
37734
37738
37743
37741
37744
37846
37878
37887
37888
37820
35537
37912
37915
41425
41428
41445
46628
37874
