1220
106454 106455 5444
106454 106782 275
106475 106473 804
106475 106782 1055
106281 106282 475
106281 106283 845
106776 106283 562
106781 106411 2881
106781 106780 328
106411 106412 1111
106411 106781 2881
106359 106283 1194
106432 106433 3545
106432 106434 1504
106437 106438 793
32365 32369 1889
32365 32370 5025
32366 32369 2834
32366 32377 17657
106096 106097 1225
106096 106100 1791
114774 114773 523
114774 114775 344
114774 114782 2117
114779 114761 1461
114779 114782 224
114761 114760 2099
114761 114762 500
114761 114779 1461
114771 114770 237
191628 190876 465
191628 191723 6765
191720 191721 409
191797 191793 1618
194096 193100 4412
193095 193090 2057
193095 194108 2723
193257 193256 84
193115 193116 2106
193161 191557 972
191722 191723 8602
191722 192896 1092
193271 192896 2126
193271 193275 1393
193193 193186 926
193217 193195 1064
193217 193219 670
193217 193224 869
193199 193196 752
193199 193201 1556
193203 193201 549
193203 193204 1087
193221 193204 1593
193221 193223 1021
193220 193219 610
193220 193226 602
192424 192423 2549
192165 192162 1416
192165 192468 656
192176 192175 769
192176 192468 1102
192175 192176 769
192175 192431 947
194494 194495 16
194494 194497 566
192409 192204 1965
192409 192517 1636
192414 192187 5474
192186 192171 338
192186 192550 783
192422 192154 1487
35155 35135 2103
35155 35156 833
35061 35063 2690
30320 29495 1013
30324 29500 945
30336 30335 953
30361 23172 1367
30575 30579 658
30568 30581 1222
30568 30584 2760
30478 30479 1875
30478 30480 996
30589 30590 1500
30589 30628 663
30426 30427 522
30426 30428 595
30365 30362 1275
30365 30428 1535
30363 30362 1777
30859 30849 1040
30859 30864 1538
30877 31707 1334
30877 31719 3853
30416 30402 1520
30416 30417 755
32477 30532 1100
32477 35403 936
30536 30537 2662
30536 30785 934
30786 30791 1361
30786 30792 5439
30786 30793 812
30667 30668 3366
30667 30807 634
30797 30796 736
30797 30808 2335
30810 30809 155
30810 30811 503
30353 30366 1978
30333 30330 849
30333 30338 767
30333 30339 271
30344 30338 384
30344 30342 591
31703 31702 770
31706 31707 610
31706 31713 855
31711 31713 507
31711 31715 1281
31712 31715 1363
31712 31716 5033
31148 31158 905
31148 31160 1441
31741 31139 909
31742 31139 862
31742 31160 964
31742 31744 917
31084 31085 900
31158 31148 905
31158 31161 807
31158 31162 1432
31159 31161 1116
31159 31165 1068
31780 31184 917
31780 31781 183
31803 31802 787
31803 34921 1740
31804 31802 934
31804 31805 3136
31807 31805 836
31807 31821 1370
31807 31822 384
31822 31807 384
31822 31825 4236
31821 31807 1370
31821 31820 1788
31835 31820 503
31835 31834 1451
31839 31836 1348
31839 31843 1089
31839 31850 559
31854 31850 1833
31854 32842 975
31854 32845 1557
31861 34711 1767
32847 32845 750
32847 32848 604
32848 32846 975
32848 32847 604
32848 32893 1027
32893 32848 1027
32893 32891 808
32898 32896 418
32963 32952 1617
32993 32975 252
33141 33073 1465
33141 33136 1291
33163 33082 1792
33163 33146 761
33169 33170 6383
33198 33196 1761
33198 33199 2624
33204 33199 1322
33204 33206 3492
33207 33206 1257
33420 33421 1085
33424 33421 2641
33428 33426 3085
33428 33430 905
33453 33431 1072
33453 33444 4127
33489 35408 1078
33489 35409 357
16953 16954 1409
16953 16955 713
33456 33455 1611
33456 33457 1264
33456 33460 1268
33471 33455 1494
33471 33470 778
33460 33456 1268
33460 33478 1728
33479 33478 892
33659 33478 487
33659 33647 1584
33659 33660 6066
16957 16955 1335
16957 16958 1978
16958 16956 1407
16958 16957 1978
16965 16968 2690
16970 16968 628
16970 17009 1007
17009 16970 1007
17009 17011 1007
17010 17011 2063
17010 17012 787
17019 17020 903
17019 17022 868
17019 17024 2690
17018 17020 2858
17018 17021 2501
9177 9176 2298
9177 17021 1085
16987 16985 2009
16987 16989 938
17003 17035 872
17003 17036 889
17076 17074 750
17076 17077 876
17036 17003 889
17036 17046 3216
17048 17046 818
17090 17091 737
17090 17092 697
17090 17096 1007
17136 17099 1576
17136 17137 688
17119 17099 1205
17119 17116 1576
17119 17151 1014
17157 17153 750
17157 17158 983
17176 17158 2457
17176 17159 2249
17182 17181 1150
17182 17183 1576
17564 17183 713
17564 17184 1495
17570 17566 1454
17570 17572 707
17571 17572 2085
17580 17572 788
17580 17582 434
17582 17580 434
17582 17585 713
17583 17584 475
17503 17487 903
17503 17502 238
17045 17041 354
17045 17046 1248
17042 17032 847
17042 17038 818
17044 17027 750
17044 17039 434
17473 17026 2035
17473 17027 950
17475 17026 1221
17475 17474 982
17474 17469 950
17474 17475 982
17474 17483 1736
17482 17486 511
17482 17487 1532
17702 17708 847
17704 17651 1689
17704 17705 796
17704 17708 1415
17700 17699 1495
17725 17307 707
17725 17309 1032
17725 17727 201
17826 17810 1901
17826 17825 788
17835 17811 628
17835 17837 275
17836 17810 707
17836 17811 1111
17829 17825 2347
17829 17832 708
17829 17854 1827
17854 17829 1827
17854 17834 708
17934 17923 982
17943 17936 373
17931 17890 2606
17931 17932 511
17932 17929 475
17932 17931 511
17910 17909 847
17910 17959 74
18724 18558 2868
18724 18725 950
18726 18725 1303
18726 18727 713
18727 18726 713
18727 18728 2126
18727 18729 950
18740 18729 2280
18740 18741 452
17958 17959 598
17958 17960 1064
34252 17894 762
18523 18512 982
18278 18229 3926
18530 18307 4040
18552 18561 562
18557 18559 3336
18768 18751 2299
18770 18751 847
18807 18802 3179
18807 18833 688
18833 18807 688
18833 18835 826
18837 18824 764
18837 18835 2035
18837 18842 1220
18843 18830 1223
18843 18842 1085
18843 18846 688
18849 18846 1098
18849 18850 3696
25319 18985 1810
25319 25306 872
25319 25311 1768
19001 18850 2063
19001 18995 826
18985 18984 737
18985 18992 3342
18985 25319 1810
18993 18992 826
18993 18994 1493
18995 18994 681
18995 19000 1979
18995 19001 826
25314 25313 667
25355 25353 1611
25355 25357 750
25383 25362 629
25363 25358 904
25308 25300 1378
25308 25307 905
25353 25300 905
25353 25354 354
25353 25355 1611
25310 25305 1114
25310 25307 904
25310 25313 588
25311 25305 764
25311 25306 2118
25311 25313 1031
25311 25319 1768
25361 25358 2085
25360 25348 951
25360 25359 1955
25367 25369 2661
25407 34419 736
25419 25371 1588
25419 34419 1588
25410 34147 875
26735 26728 1715
26735 26738 809
26736 26737 872
26736 26818 927
26819 26818 1354
26913 26909 809
26913 26911 927
26913 26928 889
26921 26749 750
26918 26745 672
26918 26749 1576
26746 26743 557
26746 26744 557
26911 26745 1863
26911 26910 809
26911 26913 927
26731 26730 1672
26731 26750 537
26732 26730 1145
26732 26743 1533
26748 26743 747
26711 26696 806
26711 26702 1307
26711 26708 975
26713 26702 1009
26713 26715 2876
26709 26704 2145
26709 26708 1115
26706 26690 2407
26706 26705 2011
26374 26366 1066
26374 26370 1757
27042 26372 872
27042 26715 1724
26715 26703 1009
26715 26713 2876
26715 27042 1724
26375 26367 751
26375 26369 475
26394 26367 1274
26394 26397 202
26366 26363 4091
26366 26369 1168
26366 26374 1066
26396 26393 1066
26396 26395 1009
26400 26393 1409
26400 26403 1345
26412 26408 1342
26397 26394 202
26397 26395 1026
26430 26359 1610
26430 26432 836
26484 26432 1610
26484 26483 976
26490 26483 2012
26490 26487 884
26491 26487 2079
26491 26492 983
26526 26492 2281
26526 26527 983
26343 26342 738
26345 26303 2928
26345 26341 1140
26345 26348 1610
26345 26349 2796
26353 26346 809
26353 26352 2378
26353 26355 873
26411 26407 873
26411 26408 2850
26532 26530 806
26532 26531 2087
27185 26531 673
27378 26525 474
27380 27379 1161
27418 20499 2628
27418 27422 1042
27418 27423 707
52754 52755 1177
52754 52770 232
52754 53345 835
52770 52754 232
52770 53374 924
53383 52755 680
53383 53381 752
27405 17202 252
27405 17202 252
29434 29432 4753
29434 29432 4753
29434 29433 2718
53370 52924 3087
53370 53373 476
53372 53365 747
53372 53368 1202
52757 53390 2031
52761 52760 796
55544 55550 807
55549 55550 1769
54863 54844 373
54865 54866 807
54865 54972 747
54865 54973 1579
54872 54973 747
55575 55576 2703
55575 55579 2306
55633 55579 1120
55633 55634 738
55638 55654 418
55638 55655 537
55551 55550 807
55551 55661 828
55655 55638 537
55655 55659 752
53664 53663 2151
53664 53666 6039
53664 53667 3675
53673 53667 2177
53700 53703 2450
53704 53703 1502
53733 53735 605
141173 141172 803
141173 141175 1991
141176 141175 715
141176 141178 2852
141181 141183 826
141181 141187 2746
141186 141178 848
141186 141187 741
141186 141222 1147
141182 141183 2122
141182 141184 809
195266 195267 394
195269 195268 762
195269 195274 1545
195274 195269 1545
195274 195356 1842
214434 214438 623
214434 214439 1473
214435 214436 1634
214435 214437 475
195359 195360 559
195359 195361 346
141272 141273 1257
141272 141280 1558
141272 141281 1640
141272 144184 272
144180 141273 1297
144180 151760 840
144180 151946 730
144184 141272 272
144184 141281 1626
144184 144183 285
144187 144183 1263
144187 144189 1200
144187 146855 908
140867 140872 880
140879 140869 792
140879 140874 718
140879 140880 1965
140868 140869 1171
140889 140869 796
140889 140894 1931
140895 140894 785
140895 140898 2039
140899 140898 885
140899 140936 475
140936 140898 813
140936 140899 475
140936 140937 1950
140940 140937 767
140940 140955 1446
140947 140951 2862
140947 141174 828
141172 141173 803
141172 141174 2118
140964 140955 908
140952 140951 214
141191 140951 617
186708 186711 238
186711 186708 238
186769 186772 752
186772 186769 752
186780 186789 803
186789 186780 803
186881 186892 794
186892 186881 794
186893 186895 532
186893 186912 1823
186895 186893 532
186912 186893 1823
140670 140658 927
140658 140670 927
55661 55551 828
55661 55659 1594
55664 55659 752
55671 55667 747
55667 55671 747
189808 189815 855
189722 190246 139
190195 189815 528
189815 189808 855
189815 190195 528
190202 190207 606
190246 189722 139
190207 190202 606
190213 190214 701
190214 190213 701
195271 195267 457
195271 195272 991
195272 195268 466
195272 195271 991
195392 196127 106
195764 195771 556
196127 195392 106
195771 195764 556
195824 195850 988
195850 195824 988
195999 196000 1370
196000 195999 1370
202807 203228 2056
203228 202807 2056
203231 203250 2057
203250 203231 2057
203285 203289 2213
203289 203285 2213
203528 203540 946
203540 203528 946
196560 197108 1032
197108 196560 1032
205766 205768 1009
205768 205766 1009
206654 206655 988
206655 206654 988
206752 206834 1095
206834 206752 1095
206899 209198 1834
209198 206899 1834
206898 206980 1009
206980 206898 1009
179331 179333 2213
181233 181232 849
181232 181233 849
181547 181548 667
181548 181547 667
184451 184452 562
184452 184451 562
184465 184466 790
184466 184465 790
184362 184361 828
184367 179587 1798
179587 184367 1798
184361 184362 828
183132 184611 279
184611 183132 279
182898 182964 2546
182964 182898 2546
183464 183595 2920
183595 183464 2920
183231 183230 765
183297 183287 1935
183287 183297 1935
183230 183231 765
162569 162558 818
163071 162573 435
162573 163071 435
210398 210397 2007
210397 210398 2007
209239 209250 1065
209250 209239 1065
209433 209518 928
209518 209433 928
210182 210197 1115
210197 210182 1115
210204 210207 1115
210207 210204 1115
162558 162569 818
162871 162869 556
162869 162871 556
179191 179206 2618
179206 179191 2618
179351 179350 810
179350 179351 810
179333 179331 2213
179338 179406 201
179406 179338 201
106455 106454 5444
106782 106454 275
106782 106475 1055
106473 106475 804
106282 106281 475
106283 106281 845
106283 106359 1194
106283 106776 562
106780 106781 328
106412 106411 1111
106433 106432 3545
106434 106432 1504
106438 106437 793
32369 32365 1889
32369 32366 2834
32370 32365 5025
32377 32366 17657
106097 106096 1225
106100 106096 1791
114773 114774 523
114775 114774 344
114782 114774 2117
114782 114779 224
114760 114761 2099
114760 114770 597
114762 114761 500
114770 114760 597
114770 114771 237
190876 191628 465
191723 191628 6765
191723 191722 8602
191721 191720 409
191793 191797 1618
193100 194096 4412
193090 193095 2057
194108 193095 2723
193256 193257 84
193116 193115 2106
191557 193161 972
192896 191722 1092
192896 193271 2126
193275 193271 1393
193186 193193 926
193195 193217 1064
193219 193217 670
193219 193220 610
193224 193217 869
193196 193199 752
193201 193199 1556
193201 193203 549
193204 193203 1087
193204 193221 1593
193223 193221 1021
193226 193220 602
192423 192154 1026
192423 192424 2549
192162 192165 1416
192468 192165 656
192468 192176 1102
192431 192175 947
194495 194494 16
194497 194494 566
192204 192409 1965
192517 192409 1636
192187 192414 5474
192171 192186 338
192550 192186 783
192154 192422 1487
192154 192423 1026
35135 35155 2103
35156 35155 833
35063 35061 2690
29495 30320 1013
29500 30324 945
30335 30336 953
23172 30361 1367
30579 30575 658
30581 30568 1222
30584 30568 2760
30479 30478 1875
30480 30478 996
30590 30589 1500
30628 30589 663
30427 30426 522
30428 30362 1435
30428 30365 1535
30428 30426 595
30362 30363 1777
30362 30365 1275
30362 30428 1435
30849 30859 1040
30864 30859 1538
31707 30877 1334
31707 31706 610
31719 30877 3853
30402 30416 1520
30417 30416 755
30532 32477 1100
35403 32477 936
30537 30536 2662
30785 30536 934
30791 30786 1361
30792 30786 5439
30793 30786 812
30668 30667 3366
30807 30667 634
30796 30797 736
30808 30797 2335
30809 30810 155
30811 30810 503
30366 30353 1978
30330 30333 849
30338 30333 767
30338 30342 490
30338 30344 384
30339 30333 271
30342 30338 490
30342 30344 591
31702 31703 770
31713 31706 855
31713 31711 507
31715 31711 1281
31715 31712 1363
31716 31712 5033
31160 31148 1441
31160 31162 903
31160 31742 964
31139 31741 909
31139 31742 862
31744 31162 1013
31744 31742 917
31085 31084 900
31161 31158 807
31161 31159 1116
31162 31158 1432
31162 31160 903
31162 31744 1013
31165 31159 1068
31165 31184 924
31184 31165 924
31184 31780 917
31781 31780 183
31802 31803 787
31802 31804 934
34921 31803 1740
31805 31804 3136
31805 31807 836
31825 31822 4236
31820 31821 1788
31820 31835 503
31834 31835 1451
31834 31836 455
31836 31834 455
31836 31839 1348
31843 31839 1089
31850 31839 559
31850 31854 1833
32842 31854 975
32845 31854 1557
32845 32847 750
34711 31861 1767
32846 32848 975
32846 32891 871
32891 32846 871
32891 32893 808
32896 32898 418
32952 32963 1617
32975 32993 252
33073 33141 1465
33136 33141 1291
33082 33163 1792
33146 33163 761
33170 33169 6383
33196 33198 1761
33199 33198 2624
33199 33204 1322
33206 33204 3492
33206 33207 1257
33421 33420 1085
33421 33424 2641
33421 33426 1453
33426 33421 1453
33426 33428 3085
33430 33428 905
33431 33453 1072
33444 33453 4127
35408 33489 1078
35409 33489 357
16954 16953 1409
16955 16953 713
16955 16956 2453
16955 16957 1335
33455 33456 1611
33455 33471 1494
33457 33456 1264
33470 33471 778
33478 33460 1728
33478 33479 892
33478 33659 487
33647 33659 1584
33660 33659 6066
16956 16955 2453
16956 16958 1407
16968 16965 2690
16968 16970 628
17011 17009 1007
17011 17010 2063
17012 17010 787
17012 17022 982
17020 17018 2858
17020 17019 903
17022 17012 982
17022 17019 868
17024 17019 2690
17024 17026 982
17024 17027 1932
17021 9177 1085
17021 17018 2501
17021 17469 2813
9176 9177 2298
16985 16987 2009
16989 16987 938
17035 17003 872
17074 17076 750
17077 17076 876
17046 17036 3216
17046 17045 1248
17046 17048 818
17091 17090 737
17092 17090 697
17096 17090 1007
17099 17119 1205
17099 17136 1576
17137 17136 688
17116 17119 1576
17151 17119 1014
17151 17153 598
17153 17151 598
17153 17157 750
17158 17157 983
17158 17159 788
17158 17176 2457
17159 17158 788
17159 17176 2249
17181 17182 1150
17181 17183 1608
17183 17181 1608
17183 17182 1576
17183 17564 713
17184 17564 1495
17566 17570 1454
17572 17570 707
17572 17571 2085
17572 17580 788
17585 17582 713
17584 17583 475
17487 17482 1532
17487 17503 903
17502 17503 238
17041 17045 354
17032 17042 847
17038 17039 950
17038 17042 818
17027 17024 1932
17027 17044 750
17027 17473 950
17039 17038 950
17039 17044 434
17026 17024 982
17026 17473 2035
17026 17475 1221
17469 17021 2813
17469 17474 950
17483 17474 1736
17483 17486 672
17486 17482 511
17486 17483 672
17708 17702 847
17708 17704 1415
17651 17704 1689
17705 17704 796
17699 17700 1495
17307 17725 707
17309 17725 1032
17727 17725 201
17810 17826 1901
17810 17836 707
17825 17826 788
17825 17829 2347
17811 17835 628
17811 17836 1111
17837 17835 275
17832 17829 708
17832 17834 1398
17834 17832 1398
17834 17854 708
17923 17934 982
17936 17943 373
17890 17931 2606
17929 17932 475
17909 17910 847
17959 17910 74
17959 17958 598
18558 18559 475
18558 18724 2868
18725 18724 950
18725 18726 1303
18728 18727 2126
18728 18729 2268
18729 18727 950
18729 18728 2268
18729 18740 2280
18741 18740 452
17960 17958 1064
17894 34252 762
18512 18523 982
18229 18278 3926
18307 18530 4040
18561 18552 562
18559 18557 3336
18559 18558 475
18751 18768 2299
18751 18770 847
18802 18807 3179
18835 18833 826
18835 18837 2035
18824 18837 764
18824 18842 1031
18842 18824 1031
18842 18837 1220
18842 18843 1085
18830 18843 1223
18846 18843 688
18846 18849 1098
18850 18849 3696
18850 19000 708
18850 19001 2063
25306 18984 1762
25306 25311 2118
25306 25319 872
18984 18985 737
18984 25306 1762
18992 18985 3342
18992 18993 826
18994 18993 1493
18994 18995 681
19000 18850 708
19000 18995 1979
25313 25310 588
25313 25311 1031
25313 25314 667
25357 25355 750
25362 25383 629
25358 25359 708
25358 25361 2085
25358 25363 904
25300 25308 1378
25300 25353 905
25307 25308 905
25307 25310 904
25354 25353 354
25305 25310 1114
25305 25311 764
25348 25360 951
25359 25358 708
25359 25360 1955
25369 25367 2661
25369 25371 1752
34419 25371 760
34419 25407 736
34419 25419 1588
25371 25369 1752
25371 25419 1588
25371 34419 760
34147 25410 875
26728 26735 1715
26738 26735 809
26738 26737 1993
26737 26736 872
26737 26738 1993
26737 26910 676
26818 26736 927
26818 26819 1354
26909 26910 927
26909 26913 809
26928 26913 889
26749 26744 751
26749 26918 1576
26749 26921 750
26745 26744 1762
26745 26911 1863
26745 26918 672
26743 26732 1533
26743 26746 557
26743 26748 747
26744 26745 1762
26744 26746 557
26744 26749 751
26910 26737 676
26910 26909 927
26910 26911 809
26730 26731 1672
26730 26732 1145
26750 26731 537
26696 26711 806
26702 26711 1307
26702 26713 1009
26708 26709 1115
26708 26711 975
26704 26705 927
26704 26709 2145
26690 26705 1205
26690 26706 2407
26705 26690 1205
26705 26704 927
26705 26706 2011
26370 26372 976
26370 26374 1757
26372 26370 976
26372 26703 1762
26372 27042 872
26703 26372 1762
26703 26715 1009
26367 26375 751
26367 26394 1274
26369 26366 1168
26369 26375 475
26363 26366 4091
26393 26396 1066
26393 26400 1409
26395 26396 1009
26395 26397 1026
26403 26400 1345
26408 26411 2850
26408 26412 1342
26359 26348 2012
26359 26430 1610
26432 26430 836
26432 26484 1610
26483 26484 976
26483 26490 2012
26487 26490 884
26487 26491 2079
26492 26491 983
26492 26526 2281
26527 26526 983
26342 26343 738
26303 26345 2928
26341 26345 1140
26348 26345 1610
26348 26359 2012
26349 26345 2796
26346 26353 809
26352 26353 2378
26355 26353 873
26407 26411 873
26530 26532 806
26531 26532 2087
26531 27185 673
26525 27378 474
27379 27380 1161
20499 27418 2628
27422 27418 1042
27423 27418 707
52755 52754 1177
52755 53381 248
52755 53383 680
53345 52754 835
53374 52770 924
53381 52755 248
53381 53383 752
17202 27405 252
17202 27405 252
29432 29433 2035
29432 29434 4753
29432 29434 4753
29433 29432 2035
29433 29434 2718
52924 53370 3087
53373 53370 476
53365 53372 747
53368 53372 1202
53390 52757 2031
52760 52761 796
52760 53663 2153
55550 55544 807
55550 55549 1769
55550 55551 807
54844 54863 373
54866 54865 807
54972 54865 747
54973 54865 1579
54973 54872 747
55576 55575 2703
55579 55575 2306
55579 55633 1120
55634 55633 738
55654 55638 418
55659 55655 752
55659 55661 1594
55659 55664 752
53663 52760 2153
53663 53664 2151
53666 53664 6039
53667 53664 3675
53667 53673 2177
53703 53700 2450
53703 53704 1502
53735 53733 605
141175 141173 1991
141175 141174 822
141175 141176 715
141178 141176 2852
141178 141186 848
141183 141181 826
141183 141182 2122
141187 141181 2746
141187 141186 741
141222 141186 1147
141184 141182 809
195267 195266 394
195267 195268 1029
195267 195271 457
195268 195267 1029
195268 195269 762
195268 195272 466
195356 195274 1842
214438 214434 623
214439 214434 1473
214439 214436 1031
214436 214435 1634
214436 214439 1031
214437 214435 475
195360 195359 559
195361 195359 346
141273 141272 1257
141273 144180 1297
141280 141272 1558
141280 141281 314
141281 141272 1640
141281 141280 314
141281 144184 1626
151760 144180 840
151946 144180 730
144183 144184 285
144183 144187 1263
144189 144187 1200
146855 144187 908
140872 140867 880
140872 140874 531
140869 140868 1171
140869 140879 792
140869 140889 796
140874 140872 531
140874 140879 718
140880 140879 1965
140894 140889 1931
140894 140895 785
140898 140895 2039
140898 140899 885
140898 140936 813
140937 140936 1950
140937 140940 767
140937 140955 1268
140955 140937 1268
140955 140940 1446
140955 140964 908
140951 140947 2862
140951 140952 214
140951 141191 617
141174 140947 828
141174 141172 2118
141174 141175 822
916
106454
106475
106281
106776
106781
106411
106359
106432
106437
32365
32366
106096
114774
114779
114761
114771
191628
191720
191797
194096
193095
193257
193115
193161
191722
193271
193193
193217
193199
193203
193221
193220
192424
192165
192176
192175
194494
192409
192414
192186
192422
35155
35061
30320
30324
30336
30361
30575
30568
30478
30589
30426
30365
30363
30859
30877
30416
32477
30536
30786
30667
30797
30810
30353
30333
30344
31703
31706
31711
31712
31148
31741
31742
31084
31158
31159
31780
31803
31804
31807
31822
31821
31835
31839
31854
31861
32847
32848
32893
32898
32963
32993
33141
33163
33169
33198
33204
33207
33420
33424
33428
33453
33489
16953
33456
33471
33460
33479
33659
16957
16958
16965
16970
17009
17010
17019
17018
9177
16987
17003
17076
17036
17048
17090
17136
17119
17157
17176
17182
17564
17570
17571
17580
17582
17583
17503
17045
17042
17044
17473
17475
17474
17482
17702
17704
17700
17725
17826
17835
17836
17829
17854
17934
17943
17931
17932
17910
18724
18726
18727
18740
17958
34252
18523
18278
18530
18552
18557
18768
18770
18807
18833
18837
18843
18849
25319
19001
18985
18993
18995
25314
25355
25383
25363
25308
25353
25310
25311
25361
25360
25367
25407
25419
25410
26735
26736
26819
26913
26921
26918
26746
26911
26731
26732
26748
26711
26713
26709
26706
26374
27042
26715
26375
26394
26366
26396
26400
26412
26397
26430
26484
26490
26491
26526
26343
26345
26353
26411
26532
27185
27378
27380
27418
52754
52770
53383
27405
29434
53370
53372
52757
52761
55544
55549
54863
54865
54872
55575
55633
55638
55551
55655
53664
53673
53700
53704
53733
141173
141176
141181
141186
141182
195266
195269
195274
214434
214435
195359
141272
144180
144184
144187
140867
140879
140868
140889
140895
140899
140936
140940
140947
141172
140964
140952
140966
140970
141191
186273
186296
186541
186646
186547
186674
186677
186689
186708
186711
186764
186766
186769
186772
186780
186789
186802
186804
186820
186825
186921
186881
186903
186892
186893
186895
186912
186913
186900
186916
186915
140644
140656
140699
140703
140641
140664
140669
140670
140658
140659
55661
55664
55671
55667
55802
55819
55825
55871
55874
55883
189776
189808
189778
186278
189722
190195
189815
190202
190242
190246
190207
190213
190214
190229
195271
195272
195301
195382
195392
195764
196127
195770
195771
195824
195829
195846
195850
195847
195854
195837
195996
195999
196000
196102
202797
202806
202807
203228
203231
203250
203285
203289
203309
203526
203528
203540
203314
203328
203444
203471
203551
205708
205709
205715
205773
205774
202536
202538
202553
202568
202752
202723
196066
196471
196473
196527
196529
196556
196558
196560
197108
197114
197134
205978
206004
206003
206008
206632
205760
205766
205768
205929
205940
214360
205772
206631
206643
206654
206655
206752
206834
206916
206918
206968
206979
206899
209198
198873
209235
209242
206898
206980
180194
180219
177701
180955
180960
179331
180913
181139
181152
181217
181212
181230
181236
181233
181232
181490
181522
181547
181549
181548
181554
184287
184296
184441
184455
184451
184452
184456
184496
184300
184465
184444
184466
184362
184308
184367
179585
179587
184369
184377
184291
184293
184364
184146
184332
184352
184355
163096
184348
184361
184387
184388
184392
163101
185672
183103
183104
183137
183132
184611
184614
184626
173432
184632
183090
176681
183060
183058
183037
183153
183039
183141
181501
185700
181723
182666
182675
181600
182686
181608
181691
181651
181653
181698
182043
182690
182699
182710
182717
182823
182839
182751
182745
185736
182798
182915
182899
182958
182898
182964
183504
183508
183525
183551
183463
183464
183595
183626
183635
183641
183636
183581
183648
183716
183726
183727
183231
183264
183277
183732
183734
183613
183650
183043
183233
183239
183297
183287
183257
183258
183281
183230
162567
162569
162570
163071
184147
162573
210373
210377
210476
210398
210415
210208
210397
209239
209250
209257
209264
209428
209433
209518
209538
209593
209608
209626
209629
210100
210105
210119
210135
210137
210184
210178
210182
210197
210204
210207
210482
162683
162824
162828
162556
162558
162871
162866
162869
196644
210501
179160
179180
179174
179189
179191
179206
179213
179351
179346
179350
179362
179308
179344
179333
179338
179406
115549
115550
115643
115893
106455
106782
106473
106283
106780
106412
106434
32369
32370
32377
106097
106100
114773
114775
114782
114760
114762
114770
190876
191721
191793
193100
193090
193256
191557
192896
193186
193195
193219
193196
193201
193223
192423
192162
192468
192431
194497
192204
192517
192187
192171
192154
35135
35156
35063
29495
29500
30335
23172
30581
30479
30480
30628
30849
30864
31707
31719
30402
30417
30532
30791
30792
30793
30796
30809
30330
30339
30342
31713
31715
31716
31160
31139
31744
31161
31162
31165
31184
31781
31802
34921
31805
31820
31834
31836
31843
32842
32845
32846
32896
32952
32975
33073
33136
33082
33146
33196
33199
33206
33421
33431
33444
16954
33457
33470
33647
33660
16956
16968
17011
17012
17020
17022
17024
17021
9176
16985
16989
17035
17074
17092
17099
17116
17151
17153
17159
17181
17184
17566
17585
17487
17041
17032
17038
17039
17026
17469
17483
17486
17708
17651
17705
17307
17309
17727
17810
17825
17811
17832
17834
17923
17936
17890
17929
17909
18729
17960
17894
18512
18229
18307
18561
18751
18802
18835
18824
18830
18846
25306
18984
18992
18994
19000
25357
25362
25358
25300
25307
25354
25305
25348
25359
25369
34147
26728
26738
26818
26909
26745
26743
26744
26910
26730
26696
26702
26708
26704
26690
26370
26372
26703
26367
26369
26363
26393
26395
26403
26408
26359
26432
26483
26487
26492
26527
26342
26303
26341
26348
26349
26346
26352
26355
26407
26530
26531
26525
27379
20499
53345
53381
17202
29432
29433
52924
53373
53365
53368
53390
54844
54972
54973
55576
55579
55634
55654
55659
53663
53666
53703
53735
141178
141183
141187
141222
141184
195356
214438
214439
214436
195360
195361
141273
141280
141281
144183
144189
146855
140872
140869
140874
140880
140894
140898
140937
140955
140951
141174
