892
161436 161415 3036
161436 164613 713
165722 165721 791
165780 165721 475
165780 165777 631
165777 165720 581
165777 165780 631
165788 165793 924
165795 165710 276
165795 165825 238
165795 165832 2901
165711 165709 684
165711 165759 2171
165762 165761 237
165755 165757 673
165758 165757 1147
165758 165764 202
165739 165741 474
165739 165745 2042
165743 165744 1919
165743 165756 770
165742 165741 523
165742 169697 80
169697 165742 80
169697 169696 909
169381 169378 759
169381 169402 1445
169400 169399 562
169400 169401 337
169375 169373 953
169368 169373 2216
169310 169311 610
169369 169370 631
169369 169374 253
118850 118851 1355
118850 119054 807
119055 119043 1347
119055 119054 201
119044 118953 418
119044 119043 982
119047 119048 1605
119047 119077 1900
119074 119075 1931
119051 119052 1098
119465 119464 597
119180 119181 3865
119180 119182 1344
119324 119251 842
119324 119323 833
119166 119165 6156
119170 119171 155
119170 119177 1530
119252 119251 1338
119252 119323 1495
119205 119204 1217
119339 119338 147
119339 119340 757
119202 119203 1219
119202 119340 2074
118908 118907 3328
118908 118909 6144
118983 118972 687
118983 118984 1192
118984 118976 672
118984 118983 1192
118973 118877 5392
118973 118972 796
118973 118975 678
118988 118987 1292
118994 118993 1031
118997 118991 1574
118997 118993 1098
94834 94832 4777
94834 94836 1674
102079 102074 21
102079 102528 2960
94357 94354 475
94357 94358 1827
94665 94663 805
94665 94667 475
94665 94673 1007
92375 92379 1633
92384 92383 119
92384 92617 3861
92369 92366 2038
92362 92363 1000
92362 92364 847
92362 92366 934
94641 94485 300
94641 94647 967
102707 102708 440
102707 102709 1200
92276 92277 1063
93804 93835 778
93836 93835 1259
93836 93844 1431
93836 93851 667
93844 93836 1431
93844 93846 782
93857 93846 713
93857 93856 1175
93865 93858 1097
93865 93868 1375
94092 94093 1675
94092 94102 1224
94110 94107 787
94110 94111 3376
94110 94113 707
94132 94130 434
94132 94131 345
94121 94122 3152
94105 94106 2826
94105 94118 1114
94123 94124 445
94155 94156 1479
94155 94158 590
105910 105911 792
105912 105913 434
105902 108304 100
108105 108106 809
108105 108114 1611
108112 108113 3335
108112 108114 1344
108019 108021 445
108019 108311 252
108301 108300 931
108301 108312 672
113760 113761 580
113760 113762 452
108071 108072 737
108071 108078 1110
108071 113649 707
108454 108453 238
108454 108455 852
108454 113758 2707
106123 105911 2890
106119 108694 1031
108560 108696 3793
108559 108697 475
108574 108573 336
108574 108575 1324
108573 108574 336
108573 108596 275
108586 108585 168
108586 108596 516
108590 108591 672
108590 108592 1686
108577 108578 3352
108577 108640 1264
109282 109284 1097
109282 109313 333
109286 109285 1768
109286 109292 2126
109294 109293 434
109294 109303 924
109297 109298 956
109297 109303 2317
108639 108640 840
108639 108654 2561
108652 108651 3871
108652 109299 1114
108652 109302 3449
93584 93580 1155
93584 93585 905
93736 93735 1276
102290 102291 2219
93809 93812 1419
93809 93813 344
93810 93811 3140
93723 93721 1139
93723 93722 511
93731 93732 1004
93815 93812 508
93815 93814 1246
93822 93821 556
93822 93824 1007
93822 93825 2933
93803 93823 562
93803 93835 1444
93821 93822 556
93821 93823 1091
92624 92622 1094
92684 92685 610
92677 92685 1072
92395 92396 5182
92395 94576 223
92643 92621 222
92643 92644 1444
93245 94578 1793
93245 94591 3168
93246 93247 3286
191172 191341 104
191313 191430 769
191313 194300 171
194282 194283 727
191991 193983 1971
194085 191304 2841
191308 191124 443
191308 194199 1266
191977 191978 2327
191977 191979 4337
191908 191690 3814
194076 192090 1304
191174 191173 1260
191332 191326 2427
191332 194301 1016
191181 191180 1901
191181 194303 589
191184 191421 1844
191199 191064 4189
191196 191422 1537
191062 191063 808
191062 191182 2353
192610 191202 2095
192610 192619 1582
192642 192641 1203
192642 192643 1950
192645 192643 1100
192645 192646 87
194260 192656 667
194260 194281 487
190942 192676 274
190942 192677 1371
192676 190942 274
192676 192679 1980
109313 109282 333
109313 109312 1669
109305 109304 1000
109305 109306 2291
108648 108647 252
108662 108659 657
108662 116316 938
109558 109540 110
109576 108871 3324
109576 109577 606
109581 108658 3125
109581 109582 747
109539 109540 1251
109304 109293 1900
109304 109305 1000
109352 109353 661
108849 108851 3946
108849 109668 2690
108866 108865 1500
108866 109636 4168
106196 106197 1414
106196 109717 1471
106203 106202 2612
106203 106204 968
109755 110048 2504
110037 106202 750
110037 110048 604
110037 110052 750
109747 109748 1362
109747 110413 737
109747 110596 557
110029 110031 1680
110029 110051 827
110402 110027 889
110402 110398 750
110049 110048 889
110049 110050 750
110016 109987 809
110016 110017 1723
110018 109987 2612
110018 110020 809
110018 110198 2667
110120 110198 809
110120 110206 611
110213 110216 672
110213 110230 2806
110228 110230 806
113829 113830 126
113829 113831 666
110791 110790 629
110791 110792 2376
110807 110792 629
110807 110843 434
110839 110840 713
110839 110843 2305
110784 110781 806
110784 110785 2476
110784 110790 551
110038 110182 1334
110040 110041 1306
110040 110613 604
110623 110624 1120
110623 110737 750
110627 110615 275
110737 110623 750
110737 110738 1085
110741 110738 708
110755 110616 1754
110755 110626 1142
110763 110765 354
110763 110782 629
110781 110782 2678
110781 110784 806
103847 103848 713
116321 116322 1341
103835 103834 2638
112865 112838 672
112865 113842 556
112842 112840 473
103836 103837 610
103836 103841 1773
103849 103848 373
103849 103850 318
103899 103900 788
103918 103909 672
103918 103911 764
103918 103997 2223
103921 104017 800
112844 112845 420
110853 110875 1066
110894 110713 2376
110894 110916 3247
110902 110901 2385
110902 116194 2913
110771 110770 847
110771 110774 904
110798 110770 1982
110798 110804 847
110806 110800 1851
110806 110804 2028
103935 103931 1120
103935 104017 713
104016 104017 1362
103875 103879 1301
103875 103927 511
103876 50241 2180
103876 103890 1481
103882 103883 1593
103882 103884 827
103931 103935 1120
103890 103876 1481
37142 37143 884
36989 36987 1967
36987 36989 1967
37143 37142 884
38386 38478 373
38478 38386 373
38478 38479 1221
38479 38478 1221
38830 38840 2017
38840 38830 2017
38891 38895 848
38895 38891 848
38899 38901 751
38901 38899 751
38983 38903 355
38903 38983 355
38930 38925 2341
38941 38925 3358
38925 38930 2341
38925 38941 3358
38799 38801 1085
38801 38799 1085
47590 47591 709
47591 47590 709
47617 47618 562
47618 47617 562
47894 47901 1140
47901 47894 1140
47443 47435 674
47348 47349 1608
47349 47348 1608
47435 47443 674
130838 130840 789
130840 130838 789
131137 131139 1116
131139 131137 1116
131256 131258 1849
131264 131268 631
131258 131256 1849
131268 131264 631
131289 131290 2568
131290 131289 2568
131296 131304 1367
131142 131215 1592
131215 131142 1592
131304 131296 1367
53990 53988 885
54044 54022 1770
56413 56415 1602
54018 54022 1180
54022 54018 1180
54022 54044 1770
56415 56413 1602
56431 56432 590
56432 56431 590
54254 54255 606
54255 54254 606
54258 54264 752
54264 54258 752
53988 53990 885
54071 54074 238
54074 54071 238
54081 54228 2284
54228 54081 2284
150805 150803 816
140346 140348 1863
150803 150805 816
140348 140346 1863
143616 143615 960
143616 143626 741
143615 143616 960
143626 143616 741
143991 143990 1227
143990 143991 1227
144945 144946 907
144946 144945 907
144992 144995 750
144995 144992 750
144995 145000 758
145000 144995 758
143024 143025 1785
143025 143024 1785
143043 143044 410
143044 143043 410
146451 146454 2260
146454 146451 2260
146649 146650 969
146650 146649 969
153584 153583 1783
153583 153584 1783
153578 153569 905
153569 153570 782
153569 153578 905
153570 153569 782
152074 152073 581
152073 152074 581
180069 180079 100
180079 180069 100
179607 179606 672
179606 179607 672
179838 179837 1258
179837 179838 1258
153267 153269 889
153269 153267 889
153256 153872 1477
153873 153857 1343
153872 153256 1477
153857 153873 1343
153289 153290 337
153290 153289 337
156206 156205 934
156205 156206 934
156720 156730 3125
156730 156720 3125
153297 153295 782
153295 153297 782
172915 172916 2319
172916 172915 2319
178087 178086 7161
173277 173276 608
173276 173277 608
177962 177964 354
177964 177962 354
178086 178087 7161
178082 178141 2020
178141 178082 2020
160242 160272 667
160272 160242 667
160265 160336 778
160336 160265 778
160381 160380 445
160380 160381 445
160467 160468 333
160468 160467 333
160478 160479 782
160479 160478 782
160493 160501 1949
160501 160493 1949
156685 160544 3122
160544 156685 3122
160549 160550 562
160558 160559 1248
160550 160549 562
160559 160558 1248
160716 160717 1813
160717 160716 1813
167935 167905 683
167905 167935 683
161580 161594 795
161594 161580 795
161421 164621 2111
164621 161421 2111
169305 169311 1308
164670 164674 552
164674 164670 552
161415 161436 3036
164613 161436 713
165721 165720 600
165721 165722 791
165721 165780 475
165720 165721 600
165720 165777 581
165793 165788 924
165710 165709 590
165710 165795 276
165825 165795 238
165832 165795 2901
165709 165710 590
165709 165711 684
165759 165711 2171
165761 165762 237
165761 165764 3870
165757 165755 673
165757 165756 1087
165757 165758 1147
165764 165758 202
165764 165761 3870
165741 165739 474
165741 165742 523
165745 165739 2042
165745 165744 927
165744 165743 1919
165744 165745 927
165756 165743 770
165756 165757 1087
169696 169697 909
169378 169373 422
169378 169381 759
169402 169381 1445
169402 169399 675
169399 169400 562
169399 169402 675
169401 169400 337
169373 169368 2216
169373 169374 404
169373 169375 953
169373 169378 422
169311 169305 1308
169311 169310 610
169370 169369 631
169374 169369 253
169374 169373 404
118851 118850 1355
119054 118850 807
119054 119055 201
119043 119044 982
119043 119055 1347
118953 119044 418
119048 119047 1605
119077 119047 1900
119075 119074 1931
119052 119051 1098
119464 119465 597
119181 119180 3865
119182 119180 1344
119251 119252 1338
119251 119324 842
119323 119177 869
119323 119252 1495
119323 119324 833
119165 119166 6156
119171 119170 155
119177 119170 1530
119177 119323 869
119204 119203 1269
119204 119205 1217
119204 119338 2573
119338 119204 2573
119338 119339 147
119340 119202 2074
119340 119203 2363
119340 119339 757
119203 119202 1219
119203 119204 1269
119203 119340 2363
118907 118908 3328
118909 118908 6144
118972 118973 796
118972 118983 687
118976 118975 924
118976 118984 672
118877 118973 5392
118975 118973 678
118975 118976 924
118987 118988 1292
118987 118993 2927
118993 118987 2927
118993 118991 905
118993 118994 1031
118993 118997 1098
118991 118993 905
118991 118997 1574
94832 94834 4777
94836 94834 1674
102074 102079 21
102528 102079 2960
94354 94357 475
94358 94357 1827
94358 94663 1253
94663 94358 1253
94663 94665 805
94667 94665 475
94673 94665 1007
92379 92375 1633
92383 92384 119
92617 92384 3861
92366 92362 934
92366 92369 2038
92363 92362 1000
92364 92362 847
94485 94641 300
94647 94641 967
102708 102707 440
102709 102707 1200
92277 92276 1063
93835 93803 1444
93835 93804 778
93835 93836 1259
93851 93836 667
93851 93846 1511
93846 93844 782
93846 93851 1511
93846 93857 713
93856 93857 1175
93856 93858 2358
93858 93856 2358
93858 93865 1097
93868 93865 1375
94093 94092 1675
94102 94092 1224
94107 94110 787
94111 94110 3376
94113 94110 707
94130 94131 403
94130 94132 434
94131 94130 403
94131 94132 345
94122 94121 3152
94106 94105 2826
94118 94105 1114
94124 94123 445
94156 94155 1479
94158 94155 590
105911 105910 792
105911 106123 2890
105913 105912 434
108304 105902 100
108106 108105 809
108114 108105 1611
108114 108112 1344
108113 108112 3335
108021 108019 445
108311 108019 252
108311 108312 420
108300 108301 931
108312 108301 672
108312 108311 420
113761 113760 580
113762 113760 452
108072 108071 737
108078 108071 1110
113649 108071 707
108453 108454 238
108455 108454 852
108455 113758 2341
113758 108454 2707
113758 108455 2341
108694 106119 1031
108694 108696 3057
108696 108560 3793
108696 108694 3057
108697 108559 475
108575 108574 1324
108596 108573 275
108596 108586 516
108585 108586 168
108591 108590 672
108592 108590 1686
108578 108577 3352
108640 108577 1264
108640 108639 840
109284 109282 1097
109284 109285 1180
109285 109284 1180
109285 109286 1768
109292 109286 2126
109292 109293 1336
109293 109292 1336
109293 109294 434
109293 109304 1900
109303 109294 924
109303 109297 2317
109303 109306 418
109298 109297 956
108654 108639 2561
108651 108652 3871
108651 109302 1062
109299 108652 1114
109302 108651 1062
109302 108652 3449
93580 93584 1155
93585 93584 905
93735 93736 1276
102291 102290 2219
93812 93809 1419
93812 93815 508
93813 93809 344
93813 93811 1007
93813 93814 1124
93811 93810 3140
93811 93813 1007
93721 93723 1139
93722 93723 511
93732 93731 1004
93814 93813 1124
93814 93815 1246
93824 93822 1007
93824 93823 562
93825 93822 2933
93823 93803 562
93823 93821 1091
93823 93824 562
92622 92624 1094
92685 92677 1072
92685 92684 610
92396 92395 5182
94576 92395 223
94576 94578 2195
92621 92643 222
92644 92643 1444
94578 93245 1793
94578 94576 2195
94578 94591 2648
94591 93245 3168
94591 94578 2648
93247 93246 3286
191341 191172 104
191430 191313 769
194300 191313 171
194283 194282 727
193983 191991 1971
191304 194085 2841
191124 191308 443
194199 191308 1266
191978 191977 2327
191979 191977 4337
191690 191908 3814
192090 194076 1304
191173 191174 1260
191326 191332 2427
194301 191332 1016
191180 191181 1901
191180 191182 1432
194303 191181 589
191421 191184 1844
191064 191063 967
191064 191199 4189
191422 191196 1537
191063 191062 808
191063 191064 967
191182 191062 2353
191182 191180 1432
191202 192610 2095
192619 192610 1582
192641 192642 1203
192643 192642 1950
192643 192645 1100
192646 192645 87
192656 194260 667
194281 194260 487
192677 190942 1371
192679 192676 1980
109312 109313 1669
109306 108647 1014
109306 109303 418
109306 109305 2291
108647 108648 252
108647 109306 1014
108659 108658 879
108659 108662 657
116316 108662 938
109540 109539 1251
109540 109558 110
108871 109576 3324
109577 109576 606
108658 108659 879
108658 109581 3125
109582 109581 747
109353 109352 661
108851 108849 3946
109668 108849 2690
108865 108866 1500
109636 108866 4168
106197 106196 1414
109717 106196 1471
106202 106203 2612
106202 110037 750
106204 106203 968
110048 109755 2504
110048 110037 604
110048 110049 889
110052 110037 750
110052 110050 1481
109748 109747 1362
110413 109747 737
110596 109747 557
110031 110029 1680
110051 110029 827
110051 110050 2415
110027 110402 889
110398 110402 750
110050 110049 750
110050 110051 2415
110050 110052 1481
109987 110016 809
109987 110018 2612
110017 110016 1723
110020 110018 809
110198 110018 2667
110198 110120 809
110206 110120 611
110206 110216 2056
110216 110206 2056
110216 110213 672
110230 110213 2806
110230 110228 806
113830 113829 126
113831 113829 666
110790 110784 551
110790 110791 629
110792 110791 2376
110792 110807 629
110843 110807 434
110843 110839 2305
110840 110839 713
110785 110782 708
110785 110784 2476
110182 110038 1334
110041 110040 1306
110613 110040 604
110624 110623 1120
110624 110738 826
110615 110627 275
110738 110624 826
110738 110737 1085
110738 110741 708
110616 110626 1293
110616 110755 1754
110626 110616 1293
110626 110755 1142
110765 110763 354
110782 110763 629
110782 110781 2678
110782 110785 708
103848 103847 713
103848 103849 373
116322 116321 1341
103834 103835 2638
112838 112840 751
112838 112865 672
113842 112865 556
112840 112838 751
112840 112842 473
103837 103836 610
103841 103836 1773
103850 103849 318
103900 103899 788
103900 103997 629
103909 103911 418
103909 103918 672
103911 103909 418
103911 103918 764
103997 103900 629
103997 103918 2223
104017 103921 800
104017 103935 713
104017 104016 1362
112845 112844 420
110875 110853 1066
110713 110894 2376
110916 110894 3247
110901 110902 2385
116194 110902 2913
110770 110771 847
110770 110798 1982
110774 110771 904
110804 110798 847
110804 110806 2028
110800 110806 1851
103879 103875 1301
103879 103883 2665
103927 103875 511
50241 103876 2180
103883 103879 2665
103883 103882 1593
103884 103882 827
922
161436
165722
165780
165777
165788
165795
165711
165762
165755
165758
165739
165743
165742
169697
169381
169400
169375
169368
169310
169369
118850
119055
119044
119047
119074
119051
119465
119180
119324
119166
119170
119252
119205
119339
119202
118908
118983
118984
118973
118988
118994
118997
94834
102079
94357
94665
92375
92384
92369
92362
94641
102707
92276
93804
93836
93844
93857
93865
94092
94110
94132
94121
94105
94123
94155
105910
105912
105902
108105
108112
108019
108301
113760
108071
108454
106123
106119
108560
108559
108574
108573
108586
108590
108577
109282
109286
109294
109297
108639
108652
93584
93736
102290
93809
93810
93723
93731
93815
93822
93803
93821
92624
92684
92677
92395
92643
93245
93246
191172
191313
194282
191991
194085
191308
191977
191908
194076
191174
191332
191181
191184
191199
191196
191062
192610
192642
192645
194260
190942
192676
109313
109305
108648
108662
109558
109576
109581
109539
109304
109352
108849
108866
106196
106203
109755
110037
109747
110029
110402
110049
110016
110018
110120
110213
110228
113829
110791
110807
110839
110784
110038
110040
110623
110627
110737
110741
110755
110763
110781
103847
116321
103835
112865
112842
103836
103849
103899
103918
103921
112844
110853
110894
110902
110771
110798
110806
103935
104016
103875
103876
103882
103930
103931
103890
103887
39040
39072
39121
36899
39073
37190
37194
39272
37142
37173
37177
37171
37183
37045
38151
38180
37020
37021
37017
37030
36989
38182
36987
36994
37128
37143
37126
38198
38201
38221
38374
38386
38478
38479
38482
38491
38338
38514
38515
38512
38527
38825
38830
38840
38891
38895
38899
38901
38935
38983
38903
38905
38930
38936
38904
38941
38951
38925
38785
38796
38799
38801
41539
41546
47581
47584
47590
47591
47604
47624
47625
47617
47618
47629
47621
47894
47897
47901
47876
47356
47879
47911
47912
47443
47348
47349
47434
47435
47439
47441
47432
47428
130500
47377
47378
47396
130507
130603
130605
130709
130034
130033
130533
130039
130548
130571
130588
130593
130542
130583
130585
130640
130643
130733
130754
130799
130801
130811
130695
130806
130830
130834
130838
131110
130840
131116
132580
131120
131134
131009
131137
131139
131256
131262
131264
131258
131268
131280
131289
131290
131296
131071
131142
131215
131304
131559
131562
132119
132110
132155
132174
132176
132177
129577
132196
53990
54044
56413
54020
54017
54018
54022
56415
56431
56432
56448
54030
54089
54033
54032
54086
54254
54255
54258
54264
54023
50688
54279
53988
54050
54071
54074
54081
54228
54232
54259
54262
150805
140346
150757
150763
151977
150803
150781
150791
150792
140355
150814
150808
140348
140352
143560
143569
143576
143577
143616
143615
143834
143854
143855
143641
143646
143653
143692
143626
143989
143991
143990
143906
143986
144043
143809
143840
143894
143845
141821
140452
143837
142904
144008
142905
142900
144940
144945
144950
144956
144946
144992
144959
145013
145014
144995
145000
145021
145024
145027
145030
143024
143025
143043
143044
143209
143215
143234
143323
143326
143358
143347
143348
143377
143380
143393
145018
145193
145212
198893
212598
212588
145215
146369
146451
146425
146437
146454
146628
145278
146649
146650
146655
146700
146702
146711
146789
146881
146886
146896
146811
146899
146903
150178
212271
213238
153576
153584
153583
153578
153569
153562
153570
152074
152073
152085
162494
153640
152083
172702
168532
168538
167795
180069
180072
180077
180079
179607
179770
179606
179787
179838
179837
179853
179865
179817
179905
179930
153254
153267
153269
153256
153873
153872
153611
153627
153831
153847
153857
153288
153289
153264
153290
153292
155938
156202
156206
156205
156214
156720
156730
153297
153295
154667
153467
154659
154663
154674
152293
154632
153398
154857
157043
157029
157032
154682
154946
157050
155952
157073
157092
157103
157116
157112
180007
172948
180013
172915
172916
185288
178087
178117
178090
178528
178544
178124
178565
173277
173321
173284
173276
173329
172965
177738
177962
177964
177965
177990
178051
178027
177999
178086
178002
178082
178141
178139
173317
173262
173265
173445
173482
173302
173447
185498
173479
177638
177646
177597
160168
160174
160166
160171
160234
160242
160261
160272
160331
160265
160336
160340
160358
160389
160396
160412
160432
160427
160429
160419
160583
160587
160580
160416
160448
160381
160361
160380
160390
160393
160459
160463
160467
160468
160470
160478
160479
160493
160501
160528
156685
160544
160505
160549
160558
160546
156689
160550
160559
160554
160571
160573
156788
156808
156763
156765
157438
156806
156750
157433
158136
158169
158323
158367
158368
160826
158355
158468
160712
160713
160687
160731
160716
160717
160719
177407
177654
177519
185926
177619
177409
177629
165785
167725
167746
167728
167820
167829
168208
168213
167706
168192
167935
167940
167948
167950
167962
167878
167905
167857
167861
167842
165724
161538
161580
161594
161596
161421
164621
164623
164641
164690
164693
161529
169058
164873
169296
164892
169305
164618
164670
164674
164678
161415
164613
165720
165793
165825
165832
165709
165759
165761
165764
165741
165745
165744
165756
169696
169378
169402
169399
169401
169311
169370
169374
118851
119054
119043
118953
119048
119075
119464
119165
119171
119177
118907
118909
118972
118877
118975
118987
118991
94832
94836
102074
94354
94663
94667
94673
92383
92617
92364
94485
94647
102708
93835
93851
93856
93858
93868
94102
94107
94113
94130
94131
94106
94118
94156
94158
105913
108106
108021
108300
108312
108072
108078
108453
113758
108694
108696
108697
108575
108596
108585
108578
108640
109284
109285
109292
109298
108654
108651
109299
109302
93580
93585
93735
93811
93721
93722
93732
93814
93824
93825
93823
92622
92685
92396
94576
92621
93247
191341
191430
191304
191124
191978
191690
192090
191326
191180
191064
191422
191063
191202
192619
192641
192646
192656
192679
109312
108647
108659
109540
108871
109577
108658
109582
108851
109668
108865
106197
109717
106202
106204
110052
109748
110413
110596
110031
110051
110027
110398
110050
109987
110020
110198
110216
110230
110790
110792
110843
110785
110182
110041
110613
110624
110615
110738
110616
110626
110782
116322
103834
112838
112840
103837
103841
103900
103909
103911
110875
110713
110916
110901
116194
110770
110774
110804
110800
103879
50241
103883
103884
