1678
135288 135337 747
135288 135339 2414
135336 135312 873
135336 135337 1353
135340 135339 747
135340 135348 788
135340 135359 2579
135348 135340 788
135348 135349 2505
135350 135349 650
135350 135352 905
135350 135361 738
135352 135350 905
135352 136648 605
136637 136641 336
136637 136642 1885
136640 136644 1008
136643 136644 884
136643 136649 751
136647 136648 336
136647 136649 373
136647 136653 1613
135310 135311 2133
135217 135417 2769
135319 135318 818
135319 135417 924
135319 135529 1534
135306 135322 713
135306 135323 1259
135318 135319 818
135318 135321 796
135318 135531 1534
135321 135318 796
135321 135323 848
135321 135532 1417
135219 135220 2328
135219 135408 1881
135215 135417 713
135215 135418 1612
135215 135419 688
135411 135408 889
135409 135408 1534
135409 135415 747
135409 135416 1654
135416 135409 1654
135416 135423 713
135416 135437 1337
135436 135437 713
135436 135485 1103
135512 135495 336
135512 135497 796
135515 135497 870
135515 135507 1398
135485 135436 1103
135485 135441 697
135485 135494 1180
135494 135485 1180
135494 135496 435
135494 135505 1016
135495 135496 558
135495 135512 336
135521 135519 1161
135524 135519 789
135524 135527 1636
135524 135528 629
135525 135528 1161
135525 136249 789
136248 136249 905
136251 136249 870
136251 136252 1161
136255 136252 983
136255 136266 344
136262 136266 1885
136262 136267 1268
136262 136268 1745
136262 136269 806
132632 136269 320
136270 136269 1140
136270 136313 1004
136348 136347 806
136348 136349 139
136350 136346 1809
136350 136349 951
136313 136268 202
136313 136270 1004
136610 136612 1827
136611 136612 789
136611 136617 2028
136614 136617 789
136614 136618 2063
136574 136572 848
136574 136575 2044
136576 136575 765
136576 136582 1906
136578 136582 952
136578 136584 1919
136585 136584 848
136585 136615 2057
136616 136615 824
136616 136618 870
136352 136346 1055
136352 136353 543
136355 136339 635
136362 136344 276
136362 136361 474
136359 135638 1209
136359 136358 1033
136660 136653 1281
136662 136661 1027
136658 136655 2908
136658 136674 788
136676 136674 878
136676 136675 878
136682 136683 1613
136682 136698 878
136685 136669 788
136685 136686 2379
136688 136683 697
136688 136686 848
136688 136709 1489
136668 136667 557
136700 136698 1008
136700 136701 605
136704 136718 996
136720 136718 751
136720 136723 1210
136722 136723 697
135640 135629 827
135640 135639 1248
135641 135628 202
135641 136715 336
135643 135637 789
135643 135638 1085
136408 136409 610
136408 136410 435
136410 136408 435
136410 136409 475
136410 136413 751
136412 136415 788
136630 136612 765
136630 136631 2063
136630 136632 848
136634 136632 789
136634 136635 2044
136859 136635 682
136859 136861 2138
136859 136862 997
136862 136859 997
136862 136864 2512
136862 139662 1751
136863 136865 2481
136863 138684 1829
199299 199297 876
199299 215006 587
199346 199319 1440
199346 199320 911
199347 199348 489
194730 199322 8144
199768 199774 1059
199974 199973 2494
199773 199777 659
199773 199778 2190
199790 199778 791
199790 199792 1691
199791 199792 785
199791 199863 2269
199862 199863 774
199862 199879 1094
199851 199852 591
199851 199893 1026
199895 199893 1010
199895 199897 2190
199856 199855 731
199856 199857 690
199901 199903 1889
199924 199926 1365
199925 213886 350
199824 199823 576
199831 199830 467
199831 199907 439
199893 199851 1026
199893 199895 1010
199893 199909 2352
199894 199907 791
199894 199909 665
199894 199910 2360
139382 139390 225
139382 139399 738
139391 139392 279
139391 139394 470
139393 139394 231
139393 139519 1353
194826 200577 2803
195963 200504 1232
200589 214834 483
139482 139484 468
139482 139500 472
139501 139504 1417
139501 139505 924
225238 235047 3137
225238 235049 1830
225459 225458 1700
225082 225070 1087
225082 225087 1404
234262 234263 1073
225211 225199 2791
225211 225212 2690
225217 225221 585
225217 225223 950
225231 225230 2277
225231 235048 2115
234773 234774 1165
234773 234775 3853
225083 225084 834
225083 225086 768
225100 225098 1947
225100 234930 2172
225113 225114 4401
225822 235029 2150
225822 235030 174
235241 235329 345
235247 235025 195
225916 225915 1497
225916 225917 678
225946 225947 1245
225946 225950 1342
235005 231613 1255
235005 235004 1863
235008 225978 2374
235008 235009 1375
235015 235017 1479
235015 235018 1771
225169 225177 1222
225169 225179 1010
225161 225091 1542
225161 225164 782
225183 227367 705
225183 227385 3009
225180 225177 343
225180 225181 927
227702 227399 2262
227702 227700 1447
234474 227421 1697
234474 234476 963
227421 227419 4397
227421 234474 1697
227422 227419 1510
234323 227436 1035
234323 235435 1641
227739 227738 1761
227739 227738 1761
227742 227740 2687
227742 227745 1786
227742 227747 2125
227747 227742 2125
227747 234811 2038
228033 234576 186
227891 227888 511
227891 227892 1827
227867 227866 1549
227867 227887 787
227867 227889 1553
227654 227655 198
227654 227656 177
227662 227663 2710
227662 227666 1758
227666 227662 1758
227666 227663 1143
235233 234409 1117
235233 234410 1787
227919 227917 712
227919 227918 1058
227955 227954 333
227878 227910 2715
227878 227954 866
227898 227896 1315
227970 227971 749
227970 227975 1276
233955 233953 796
233955 233964 473
233955 234367 1877
234090 234089 1606
234167 234196 1442
234167 234202 1260
234191 234192 2642
226822 226811 2779
226822 234133 5150
226842 226843 1796
226842 226845 844
234134 234133 1375
234154 234144 808
234154 235374 333
234149 234156 327
234149 234157 292
226856 226852 1001
226856 235606 1982
234560 234562 1450
235228 235229 1289
235228 235544 1329
235228 235545 1293
235602 235600 255
235602 235606 2065
235603 235604 760
235603 235605 715
227041 226846 586
227041 227042 1457
227045 227044 837
227045 227046 1425
227045 227047 837
227064 227066 893
227064 227067 5135
226957 226958 480
226957 226959 1076
226988 226989 1897
234649 234648 982
227000 235313 672
227006 235156 291
226975 226974 5962
227146 227147 950
227153 227151 1143
227156 227152 1923
227156 227172 597
227236 227234 1254
227236 227237 818
227238 227239 2198
227238 227241 3292
227014 227005 1055
227014 227013 2021
227014 235156 1729
235155 235157 870
235155 235157 870
228242 235464 1787
228242 235465 847
227264 227265 740
227264 227266 3371
227013 227014 2021
227013 227015 1004
227013 227487 2021
227485 227481 2700
227485 227482 1336
227485 227503 1938
227487 227013 2021
227487 227481 1114
227487 227490 1004
227492 227503 1111
227534 227535 344
227534 227536 2429
227636 227637 2952
227641 227633 525
227628 227536 582
227628 227630 679
227266 227264 3371
227266 227270 341
6719 6717 1783
6721 6720 2674
6721 6720 2674
6721 234224 2574
6723 6725 2635
6723 6732 2631
6797 6794 185
6797 6798 1567
6835 6817 2890
6835 6831 455
7620 7222 1493
7620 7618 318
7625 7626 1566
7625 7627 294
7662 7663 390
7683 7684 4077
7683 7685 3007
9684 9685 848
9684 20799 269
7784 7194 3328
7784 7786 555
7852 7899 3524
7852 7900 1605
7835 7746 670
7835 7836 1333
34719 34717 721
7676 7674 1215
7676 7681 1244
7682 34196 613
226068 226064 610
226068 226069 514
226077 225857 1938
226077 229336 1251
226077 229339 548
225900 225898 5612
225900 235034 855
226050 226045 980
226050 234453 864
234757 234760 1008
234757 235333 716
225932 225933 2448
225932 225939 351
225757 225753 596
225759 225756 705
225759 225760 2224
225760 225758 1137
225760 225759 2224
225763 225749 1280
225786 225785 850
225788 225789 1447
225788 225789 1447
225778 225745 1252
225778 225781 924
225784 225742 2483
225784 234325 795
225731 225720 373
225731 225732 924
225661 225659 1409
225661 225666 1460
225666 225661 1460
225666 225752 3329
225666 225753 1259
225665 225660 562
226060 226057 1337
226060 226061 232
226057 226056 1217
226057 226060 1337
226415 226413 712
226415 226416 1027
15910 14593 887
15910 15912 451
14976 14806 76
14976 15566 263
7866 7863 907
7866 7868 620
8229 8219 1696
8229 8232 3335
8266 8267 556
8266 8269 1184
8283 8281 951
8283 8284 776
8287 8288 1821
8272 8273 2238
8272 8304 746
8304 8272 746
8304 8301 1994
8332 8331 540
8700 8704 922
8700 8705 1344
8713 8705 865
8353 8350 297
8760 11186 900
8728 8729 1640
8728 8730 651
8765 8730 247
8765 8767 613
8766 8769 1086
8766 8796 1144
8783 8784 789
8799 8784 1563
8799 8798 1357
8799 8800 952
8801 8800 1234
8801 8805 1925
8803 8784 1142
8803 9483 1085
9483 8803 1085
9483 9484 491
9504 8805 1043
9504 16329 1055
16360 16362 1377
16371 16367 761
16371 16369 624
16372 16369 438
16372 16412 1461
16414 16412 1102
16414 16416 2285
16416 16414 2285
16416 16434 1081
16416 16436 1131
16437 16394 2297
16446 16442 594
16447 16627 1394
16435 16433 1069
16435 16434 1302
16435 16436 789
16449 16436 1492
16642 16641 1140
16642 16645 805
16647 16650 413
16647 16651 492
16651 16647 492
16651 16650 718
16651 16652 833
16654 16652 3209
16664 16658 3404
16664 16683 833
16664 16768 4227
16680 16638 696
16680 16658 1030
16686 16684 450
16686 16687 525
16686 16690 467
16687 16685 542
16687 16686 525
16690 16686 467
16690 16689 717
16693 16689 1362
16693 16732 750
16771 16769 658
16772 16769 981
16772 16770 756
16783 16732 753
16783 16840 771
16783 16841 445
9779 34485 977
9784 11221 487
9784 22334 1197
9784 22340 1768
11226 11225 911
11226 22335 884
9030 9029 251
11288 11286 905
11288 11289 1847
11302 11286 1851
11302 11300 1004
11304 22457 588
22459 22455 145
22461 22456 756
22461 22457 1336
22483 22482 336
11301 11299 252
11440 11439 434
11455 34224 378
11584 22495 1850
22561 22559 1124
22497 22495 1558
22497 22496 1445
22497 22526 782
22553 22554 672
22553 22555 889
11607 22559 672
22562 22559 1004
22567 22570 445
22578 22576 1398
22578 22577 750
22578 22579 747
22580 22576 434
22580 22581 1398
22534 22532 672
22534 22533 1234
22539 22533 672
22539 22557 252
22560 22557 681
22560 22558 1114
22515 22513 1931
22515 22532 782
22586 22583 1877
22613 22588 681
22613 22614 672
22612 22280 930
22612 22287 1671
22612 22588 2007
22612 22616 1786
22623 22624 950
22623 22625 688
22627 22625 1032
22627 22633 712
14323 22660 2530
22658 22659 708
22933 22887 1022
22933 22929 1851
22933 22930 747
22944 22937 475
22944 22947 434
22949 22947 1025
22949 22966 3086
22964 22956 950
22964 22962 1639
22964 22968 403
22930 22876 1900
22930 22931 950
22930 22933 747
22932 22931 2450
22932 22942 983
22943 22942 2925
22943 23250 688
23033 22987 536
23039 23036 697
23040 23049 344
23040 23050 551
23053 23054 1454
23053 23273 2132
23055 23050 649
23055 23057 1102
23271 23270 983
23271 23272 2302
23303 23289 884
23315 11977 3551
23315 23310 796
23312 23314 452
23276 23275 2631
23276 23279 950
23288 23272 1078
23052 23050 403
23054 23053 1454
23054 23274 2035
23320 23274 1025
23044 23035 2127
23044 23037 796
23044 23043 747
23047 23043 2402
23047 23046 610
23077 23062 2146
23077 23355 950
23070 23066 1085
23070 23069 1528
23070 23071 1483
23084 23083 1102
23084 23085 1085
23086 23085 1025
23086 23358 1906
23363 23236 1395
23363 23373 788
23373 23363 788
23373 23428 1220
23433 23430 750
23433 23450 1322
23436 23435 1113
23436 23438 1560
23459 23438 951
23477 12269 708
23477 12286 2004
12281 12270 666
12281 12270 666
23479 23480 1576
23479 28474 983
28473 28465 950
28473 28471 409
28473 28474 750
35312 35314 461
35312 35315 297
24758 24759 240
24758 33454 352
7440 7452 367
7440 7467 239
7637 7638 140
7637 7643 248
23519 23481 789
28463 7642 713
28463 23481 1727
28463 28462 636
28360 28351 2403
28360 28359 924
28362 28361 826
28362 28364 1160
28358 28356 877
28364 28357 806
28364 28362 1160
28442 28400 344
28442 28443 869
28445 28444 1577
28445 28446 1827
28451 28448 1577
28451 28452 2110
24237 24096 975
24097 24088 673
24097 24091 279
24097 24105 418
24105 24088 536
24105 24097 418
24105 24107 373
24107 24105 373
24107 24106 612
24110 24106 1280
24110 24245 1008
24245 24108 975
24245 24110 1008
24245 24248 1810
24035 24029 737
24035 24036 1906
24035 24037 1008
24037 24035 1008
24037 24043 1483
24037 24045 1140
24045 24037 1140
24045 24046 1028
24047 24046 1280
24031 24032 1481
24031 24033 975
24031 24051 788
24061 24062 1008
24049 24050 1341
24049 24058 557
24060 24055 1066
24060 24058 1681
24055 24053 847
24055 24056 1810
24055 24060 1066
28772 24053 1066
28772 28770 3420
28772 28771 884
24094 24090 605
24094 24096 1885
24094 28771 2682
23497 23498 560
24278 24276 672
24281 24282 994
24281 24536 373
24283 24280 788
24299 24126 1556
24538 24536 583
24596 24595 605
24551 24544 836
24551 24590 2240
24551 24592 605
24590 24551 2240
24590 24594 738
24611 24595 1026
24611 24598 818
11179 11180 584
11179 25185 222
25172 25170 373
25043 25213 1257
25220 25219 862
11210 11209 450
11210 14380 650
11210 14381 1030
11657 11656 298
11657 11820 366
11209 11180 625
11209 11210 450
24804 24805 2065
24804 25230 3004
25228 25223 612
25228 25229 713
35250 25226 135
35250 35251 1209
35252 35251 1469
188128 188132 843
188128 188137 1390
188136 188137 851
188136 188144 621
188145 188144 882
188145 188159 2631
188161 188159 817
188161 188162 2834
188163 188162 827
188163 188214 1583
188133 188132 1421
188133 188139 765
188213 188212 1559
188213 188214 753
188212 188213 1559
188212 188223 1526
188229 188223 813
188229 188230 908
188229 188312 1518
187624 187625 1535
187624 187628 891
187624 187630 2786
187626 187630 794
187626 187634 1951
187631 187634 776
187625 187624 1535
187625 187629 764
188420 188479 729
188420 188494 2744
188479 188420 729
188479 188478 818
188479 188483 2804
188445 188444 859
188445 188480 1290
188478 188479 818
188478 188480 762
188478 188482 2764
188440 188437 793
188440 188444 1399
188438 188430 827
188438 188437 2384
188421 188494 843
188421 188499 2680
188500 188499 910
188407 188385 827
188407 188409 1378
188410 188409 821
188417 188409 2690
188417 188545 3161
188417 188560 1365
188554 188561 2397
188554 190623 1665
188554 190624 818
188554 190626 1768
190624 188554 818
190624 190623 1336
190624 190716 463
190716 190624 463
190716 190634 780
190716 190634 780
188374 188363 810
188374 188385 1403
188363 188374 810
188363 188376 1404
188373 188376 754
188373 188539 1355
188372 188535 937
188538 188539 831
188538 188545 2721
188519 188520 794
188535 188372 937
188520 188519 794
188529 188533 763
188533 187629 879
188533 188529 763
188230 188229 908
135337 135288 747
135337 135336 1353
135339 135288 2414
135339 135340 747
135312 135336 873
135359 135340 2579
135359 135349 836
135349 135348 2505
135349 135350 650
135349 135359 836
135361 135350 738
135361 136648 818
136648 135352 605
136648 135361 818
136648 136647 336
136648 136655 1482
136641 136637 336
136642 136637 1885
136644 136640 1008
136644 136643 884
136649 136643 751
136649 136647 373
136653 136647 1613
136653 136655 373
136653 136660 1281
135311 135310 2133
135417 135215 713
135417 135217 2769
135417 135319 924
135529 135319 1534
135529 135531 818
135322 135306 713
135323 135306 1259
135323 135321 848
135531 135318 1534
135531 135529 818
135531 135532 713
135532 135321 1417
135532 135531 713
135220 135219 2328
135220 135415 1085
135408 135219 1881
135408 135409 1534
135408 135411 889
135418 135215 1612
135419 135215 688
135415 135220 1085
135415 135409 747
135415 135423 1731
135423 135415 1731
135423 135416 713
135437 135416 1337
135437 135436 713
135437 135441 905
135497 135496 436
135497 135512 796
135497 135515 870
135507 135515 1398
135441 135437 905
135441 135485 697
135496 135494 435
135496 135495 558
135496 135497 436
135505 135494 1016
135519 135521 1161
135519 135524 789
135527 135524 1636
135528 135524 629
135528 135525 1161
136249 135525 789
136249 136248 905
136249 136251 870
136252 136251 1161
136252 136255 983
136266 136255 344
136266 136262 1885
136267 136262 1268
136268 136262 1745
136268 136313 202
136269 132632 320
136269 136262 806
136269 136270 1140
136347 136348 806
136349 136348 139
136349 136350 951
136346 136350 1809
136346 136352 1055
136612 136610 1827
136612 136611 789
136612 136630 765
136617 136611 2028
136617 136614 789
136618 136614 2063
136618 136616 870
136572 136415 848
136572 136574 848
136575 136574 2044
136575 136576 765
136582 136576 1906
136582 136578 952
136584 136578 1919
136584 136585 848
136615 136585 2057
136615 136616 824
136353 136352 543
136339 136344 924
136339 136355 635
136344 136339 924
136344 136361 452
136344 136362 276
136361 136344 452
136361 136362 474
135638 135643 1085
135638 136359 1209
136358 136359 1033
136661 136662 1027
136655 136648 1482
136655 136653 373
136655 136658 2908
136674 136658 788
136674 136676 878
136675 136676 878
136683 136682 1613
136683 136688 697
136698 136682 878
136698 136700 1008
136669 136667 476
136669 136685 788
136686 136685 2379
136686 136688 848
136709 136688 1489
136667 136668 557
136667 136669 476
136701 136700 605
136718 136704 996
136718 136720 751
136723 136720 1210
136723 136722 697
135629 135640 827
135639 135637 924
135639 135640 1248
135628 135641 202
135628 136715 344
136715 135628 344
136715 135641 336
135637 135639 924
135637 135643 789
136409 136408 610
136409 136410 475
136413 136410 751
136413 136415 1079
136415 136412 788
136415 136413 1079
136415 136572 848
136631 136630 2063
136632 136630 848
136632 136634 789
136635 136634 2044
136635 136859 682
136861 136859 2138
136861 136864 2212
136864 136861 2212
136864 136862 2512
136864 136865 3065
139662 136862 1751
136865 136863 2481
136865 136864 3065
138684 136863 1829
199297 199299 876
215006 199299 587
199319 199346 1440
199320 199346 911
199348 199347 489
199322 194730 8144
199774 199768 1059
199973 199974 2494
199777 199773 659
199778 199773 2190
199778 199790 791
199792 199790 1691
199792 199791 785
199863 199791 2269
199863 199862 774
199879 199862 1094
199852 199851 591
199897 199895 2190
199897 199909 899
199855 199856 731
199857 199856 690
199903 199901 1889
199926 199924 1365
213886 199925 350
199823 199824 576
199830 199831 467
199907 199831 439
199907 199894 791
199909 199893 2352
199909 199894 665
199909 199897 899
199910 199894 2360
139390 139382 225
139399 139382 738
139392 139391 279
139394 139391 470
139394 139393 231
139519 139393 1353
200577 194826 2803
200504 195963 1232
214834 200589 483
139484 139482 468
139500 139482 472
139504 139501 1417
139505 139501 924
235047 225238 3137
235049 225238 1830
225458 225459 1700
225070 225082 1087
225087 225082 1404
234263 234262 1073
225199 225211 2791
225212 225211 2690
225221 225217 585
225223 225217 950
225230 225231 2277
235048 225231 2115
234774 234773 1165
234775 234773 3853
225084 225083 834
225086 225083 768
225098 225100 1947
234930 225100 2172
225114 225113 4401
235029 225822 2150
235030 225822 174
235329 235241 345
235025 235247 195
225915 225916 1497
225917 225916 678
225917 235018 2784
225947 225946 1245
225950 225946 1342
231613 235005 1255
235004 225978 2426
235004 235005 1863
225978 235004 2426
225978 235008 2374
235009 235008 1375
235017 235015 1479
235018 225917 2784
235018 235015 1771
225177 225169 1222
225177 225180 343
225179 225169 1010
225091 225161 1542
225164 225161 782
227367 225183 705
227385 225183 3009
225181 225180 927
227399 227702 2262
227700 227702 1447
234476 234474 963
227419 227421 4397
227419 227422 1510
227436 234323 1035
235435 234323 1641
227738 227739 1761
227738 227739 1761
227738 227740 1576
227740 227738 1576
227740 227742 2687
227745 227742 1786
234811 227747 2038
234576 228033 186
227888 227889 1341
227888 227891 511
227892 227891 1827
227892 227896 475
227866 227867 1549
227887 227867 787
227889 227867 1553
227889 227888 1341
227655 227654 198
227656 227654 177
227663 227662 2710
227663 227666 1143
234409 234410 1009
234409 235233 1117
234410 234409 1009
234410 235233 1787
227917 227919 712
227918 227919 1058
227954 227878 866
227954 227955 333
227910 227878 2715
227896 227892 475
227896 227898 1315
227971 227970 749
227971 227975 1356
227975 227970 1276
227975 227971 1356
233953 233955 796
233964 233955 473
234367 233955 1877
234089 234090 1606
234196 234167 1442
234202 234167 1260
234192 226846 3357
234192 234191 2642
226811 226822 2779
234133 226822 5150
234133 234134 1375
226843 226842 1796
226845 226842 844
234144 234154 808
235374 234154 333
234156 234149 327
234157 234149 292
226852 226856 1001
235606 226856 1982
235606 235602 2065
234562 234560 1450
235229 235228 1289
235544 235228 1329
235545 235228 1293
235600 235602 255
235604 235603 760
235605 235603 715
226846 227041 586
226846 234192 3357
227042 227041 1457
227042 227044 1445
227044 227042 1445
227044 227045 837
227046 227045 1425
227047 227045 837
227066 227064 893
227067 227064 5135
226958 226957 480
226959 226957 1076
226989 226988 1897
234648 234649 982
235313 227000 672
235156 227006 291
235156 227014 1729
226974 226975 5962
227147 227146 950
227151 227152 1076
227151 227153 1143
227152 227151 1076
227152 227156 1923
227172 227156 597
227234 227236 1254
227237 227236 818
227239 227238 2198
227241 227238 3292
227005 227014 1055
227005 227015 1772
235157 235155 870
235157 235155 870
235464 228242 1787
235465 228242 847
227265 227264 740
227015 227005 1772
227015 227013 1004
227015 227481 2012
227481 227015 2012
227481 227485 2700
227481 227487 1114
227482 227485 1336
227503 227485 1938
227503 227492 1111
227490 227487 1004
227535 227534 344
227536 227534 2429
227536 227628 582
227637 227636 2952
227633 227630 1011
227633 227641 525
227630 227628 679
227630 227633 1011
227270 227266 341
6717 6719 1783
6720 6721 2674
6720 6721 2674
234224 6721 2574
6725 6723 2635
6732 6723 2631
6794 6797 185
6798 6797 1567
6817 6835 2890
6831 6835 455
7222 7620 1493
7618 7620 318
7626 7625 1566
7627 7625 294
7663 7662 390
7684 7683 4077
7685 7683 3007
9685 9684 848
20799 9684 269
7194 7784 3328
7786 7784 555
7899 7852 3524
7899 7900 3842
7900 7852 1605
7900 7899 3842
7746 7835 670
7836 7835 1333
34717 34719 721
7674 7676 1215
7681 7676 1244
34196 7682 613
226064 226068 610
226069 226068 514
225857 226045 1098
225857 226077 1938
229336 226077 1251
229339 226077 548
225898 225900 5612
235034 225900 855
226045 225857 1098
226045 226050 980
234453 226050 864
234760 234757 1008
235333 234757 716
225933 225932 2448
225939 225932 351
225753 225666 1259
225753 225756 796
225753 225757 596
225756 225753 796
225756 225758 2170
225756 225759 705
225758 225756 2170
225758 225760 1137
225749 225763 1280
225749 225785 2551
225785 225749 2551
225785 225786 850
225789 225788 1447
225789 225788 1447
225745 225778 1252
225781 225778 924
225742 225784 2483
234325 225784 795
225720 225731 373
225732 225731 924
225659 225660 2668
225659 225661 1409
225752 225666 3329
225660 225659 2668
225660 225665 562
226061 226060 232
226056 226057 1217
226413 226415 712
226416 226415 1027
14593 15910 887
15912 15910 451
14806 14976 76
15566 14976 263
7863 7866 907
7868 7866 620
8219 8229 1696
8232 8229 3335
8267 8266 556
8269 8266 1184
8281 8283 951
8284 8283 776
8288 8287 1821
8273 8272 2238
8301 8304 1994
8331 8332 540
8704 8700 922
8705 8700 1344
8705 8713 865
8350 8353 297
11186 8760 900
8729 8728 1640
8730 8728 651
8730 8765 247
8767 8765 613
8767 8769 1497
8769 8766 1086
8769 8767 1497
8796 8766 1144
8784 8783 789
8784 8799 1563
8784 8803 1142
8798 8799 1357
8800 8799 952
8800 8801 1234
8805 8801 1925
8805 9504 1043
9484 9483 491
16329 9504 1055
16362 16360 1377
16367 16369 788
16367 16371 761
16369 16367 788
16369 16371 624
16369 16372 438
16412 16372 1461
16412 16414 1102
16434 16416 1081
16434 16435 1302
16436 16416 1131
16436 16435 789
16436 16449 1492
16394 16437 2297
16442 16433 643
16442 16446 594
16627 16447 1394
16433 16435 1069
16433 16442 643
16641 16642 1140
16645 16642 805
16650 16647 413
16650 16651 718
16652 16638 354
16652 16651 833
16652 16654 3209
16658 16664 3404
16658 16680 1030
16683 16664 833
16683 16769 742
16683 16770 923
16768 16664 4227
16638 16652 354
16638 16680 696
16684 16686 450
16685 16687 542
16685 16770 297
16689 16690 717
16689 16693 1362
16732 16693 750
16732 16783 753
16769 16683 742
16769 16771 658
16769 16772 981
16770 16683 923
16770 16685 297
16770 16772 756
16840 16783 771
16841 16783 445
34485 9779 977
11221 9784 487
22334 9784 1197
22334 22335 1696
22340 9784 1768
11225 11226 911
22335 11226 884
22335 22334 1696
9029 9030 251
11286 11288 905
11286 11302 1851
11289 11288 1847
11300 11299 905
11300 11302 1004
22457 11304 588
22457 22461 1336
22455 22456 1013
22455 22459 145
22456 22455 1013
22456 22461 756
22482 22483 336
11299 11300 905
11299 11301 252
11439 11440 434
34224 11455 378
22495 11584 1850
22495 22497 1558
22559 11607 672
22559 22558 756
22559 22561 1124
22559 22562 1004
22496 22497 1445
22526 22497 782
22554 22553 672
22555 22553 889
22555 22557 2229
22570 22567 445
22576 22578 1398
22576 22580 434
22577 22578 750
22579 22578 747
22581 22580 1398
22532 22515 782
22532 22534 672
22533 22534 1234
22533 22539 672
22557 22539 252
22557 22555 2229
22557 22560 681
22558 22559 756
22558 22560 1114
22513 22515 1931
22583 22586 1877
22588 22612 2007
22588 22613 681
22614 22613 672
22280 22612 930
22287 22612 1671
22287 22616 750
22616 22287 750
22616 22612 1786
22624 22623 950
22625 22623 688
22625 22627 1032
22633 22627 712
22660 14323 2530
22659 22658 708
22887 22933 1022
22929 22876 847
22929 22933 1851
22937 22944 475
22947 22944 434
22947 22949 1025
22966 22949 3086
22956 22964 950
22962 22964 1639
22968 22964 403
22876 22929 847
22876 22930 1900
22931 22930 950
22931 22932 2450
22942 22932 983
22942 22943 2925
23250 22943 688
22987 23033 536
23036 23035 788
23036 23037 1851
23036 23039 697
23049 23040 344
23050 23040 551
23050 23052 403
23050 23055 649
23273 23053 2132
23273 23274 1025
23273 23275 1322
23057 23055 1102
23270 23271 983
23272 23271 2302
23272 23288 1078
23289 23303 884
11977 23315 3551
23310 23314 238
23310 23315 796
23314 23310 238
23314 23312 452
23275 23273 1322
23275 23276 2631
23279 23276 950
23274 23054 2035
23274 23273 1025
23274 23320 1025
23035 23036 788
23035 23044 2127
23037 23036 1851
23037 23044 796
23043 23044 747
23043 23047 2402
23046 23047 610
23046 23062 473
23062 23046 473
23062 23077 2146
23355 23077 950
23355 23358 1025
23066 23070 1085
23066 23083 708
23069 23070 1528
23071 23070 1483
23083 23066 708
23083 23084 1102
23085 23084 1085
23085 23086 1025
23358 23086 1906
23358 23355 1025
23236 23363 1395
23428 23373 1220
23430 23433 750
23450 23433 1322
23435 23436 1113
23438 23436 1560
23438 23459 951
12269 12270 267
12269 12286 2016
12269 23477 708
12286 12269 2016
12286 23477 2004
12270 12269 267
12270 12281 666
12270 12281 666
23480 23479 1576
28474 23479 983
28474 28473 750
28465 28473 950
28471 28473 409
35314 35312 461
35315 35312 297
24759 24758 240
33454 24758 352
7452 7440 367
7467 7440 239
7638 7637 140
7643 7637 248
23481 23519 789
23481 28463 1727
7642 28463 713
28462 28463 636
28351 28360 2403
28359 28360 924
28361 28357 1022
28361 28362 826
28356 28357 2272
28356 28358 877
28357 28356 2272
28357 28361 1022
28357 28364 806
28400 28442 344
28400 28444 475
28443 28442 869
28444 28400 475
28444 28445 1577
28446 28445 1827
28448 28451 1577
28452 28451 2110
24096 24091 809
24096 24094 1885
24096 24237 975
24088 24097 673
24088 24105 536
24091 24090 1945
24091 24096 809
24091 24097 279
24106 24107 612
24106 24108 1877
24106 24110 1280
24108 24106 1877
24108 24245 975
24248 24245 1810
24029 24035 737
24036 24035 1906
24043 24037 1483
24046 24045 1028
24046 24047 1280
24032 24031 1481
24033 24031 975
24051 24031 788
24051 24050 1166
24062 24061 1008
24050 24049 1341
24050 24051 1166
24058 24049 557
24058 24056 1167
24058 24060 1681
24053 24055 847
24053 28772 1066
24056 24055 1810
24056 24058 1167
28770 28772 3420
28771 24094 2682
28771 28772 884
24090 24091 1945
24090 24094 605
23498 23497 560
23498 24276 1818
24276 23498 1818
24276 24278 672
24282 24280 616
24282 24281 994
24536 24281 373
24536 24538 583
24280 24282 616
24280 24283 788
24126 24299 1556
24595 24596 605
24595 24611 1026
24544 24551 836
24592 24551 605
24592 24594 2183
24594 24590 738
24594 24592 2183
24598 24611 818
11180 11179 584
11180 11209 625
25185 11179 222
25170 25172 373
25213 25043 1257
25219 25220 862
25219 25226 738
14380 11210 650
14381 11210 1030
11656 11657 298
11820 11657 366
24805 24804 2065
25230 24804 3004
25223 25228 612
25229 25228 713
25226 25219 738
25226 35250 135
35251 35250 1209
35251 35252 1469
188132 188128 843
188132 188133 1421
188137 188128 1390
188137 188136 851
188144 188136 621
188144 188145 882
188159 188145 2631
188159 188161 817
188162 188161 2834
188162 188163 827
188214 188163 1583
188214 188213 753
188139 188133 765
188223 188212 1526
188223 188229 813
188312 188229 1518
187628 187624 891
187628 187629 1380
187630 187624 2786
187630 187626 794
187634 187626 1951
187634 187631 776
187629 187625 764
187629 187628 1380
187629 188533 879
188494 188420 2744
188494 188421 843
188494 188483 802
188483 188479 2804
188483 188482 822
188483 188494 802
188444 188440 1399
188444 188445 859
188480 188445 1290
188480 188478 762
188482 188478 2764
188482 188483 822
188437 188438 2384
188437 188440 793
188430 188438 827
188499 188421 2680
188499 188500 910
188385 188374 1403
188385 188376 809
188385 188407 827
188409 188407 1378
188409 188410 821
188409 188417 2690
188545 188417 3161
188545 188538 2721
188560 188417 1365
188560 188561 1347
188561 188554 2397
188561 188560 1347
190623 188554 1665
190623 190624 1336
190623 190626 1138
190623 190634 1025
190626 188554 1768
190626 190623 1138
190634 190623 1025
190634 190716 780
190634 190716 780
188376 188363 1404
188376 188373 754
188376 188385 809
188539 188373 1355
188539 188538 831
862
135288
135336
135340
135348
135350
135352
136637
136640
136643
136647
135310
135217
135319
135306
135318
135321
135219
135215
135411
135409
135416
135436
135512
135515
135485
135494
135495
135521
135524
135525
136248
136251
136255
136262
132632
136270
136348
136350
136313
136610
136611
136614
136574
136576
136578
136585
136616
136352
136355
136362
136359
136660
136662
136658
136676
136682
136685
136688
136668
136700
136704
136720
136722
135640
135641
135643
136408
136410
136412
136630
136634
136859
136862
136863
199299
199346
199347
194730
199768
199974
199773
199790
199791
199862
199851
199895
199856
199901
199924
199925
199824
199831
199893
199894
139382
139391
139393
194826
195963
200589
139482
139501
225238
225459
225082
234262
225211
225217
225231
234773
225083
225100
225113
225822
235241
235247
225916
225946
235005
235008
235015
225169
225161
225183
225180
227702
234474
227421
227422
234323
227739
227742
227747
228033
227891
227867
227654
227662
227666
235233
227919
227955
227878
227898
227970
233955
234090
234167
234191
226822
226842
234134
234154
234149
226856
234560
235228
235602
235603
227041
227045
227064
226957
226988
234649
227000
227006
226975
227146
227153
227156
227236
227238
227014
235155
228242
227264
227013
227485
227487
227492
227534
227636
227641
227628
227266
6719
6721
6723
6797
6835
7620
7625
7662
7683
9684
7784
7852
7835
34719
7676
7682
226068
226077
225900
226050
234757
225932
225757
225759
225760
225763
225786
225788
225778
225784
225731
225661
225666
225665
226060
226057
226415
15910
14976
7866
8229
8266
8283
8287
8272
8304
8332
8700
8713
8353
8760
8728
8765
8766
8783
8799
8801
8803
9483
9504
16360
16371
16372
16414
16416
16437
16446
16447
16435
16449
16642
16647
16651
16654
16664
16680
16686
16687
16690
16693
16771
16772
16783
9779
9784
11226
9030
11288
11302
11304
22459
22461
22483
11301
11440
11455
11584
22561
22497
22553
11607
22562
22567
22578
22580
22534
22539
22560
22515
22586
22613
22612
22623
22627
14323
22658
22933
22944
22949
22964
22930
22932
22943
23033
23039
23040
23053
23055
23271
23303
23315
23312
23276
23288
23052
23054
23320
23044
23047
23077
23070
23084
23086
23363
23373
23433
23436
23459
23477
12281
23479
28473
35312
24758
7440
7637
23519
28463
28360
28362
28358
28364
28442
28445
28451
24237
24097
24105
24107
24110
24245
24035
24037
24045
24047
24031
24061
24049
24060
24055
28772
24094
23497
24278
24281
24283
24299
24538
24596
24551
24590
24611
11179
25172
25043
25220
11210
11657
11209
24804
25228
35250
35252
188128
188136
188145
188161
188163
188133
188213
188212
188229
187624
187626
187631
187625
188420
188479
188445
188478
188440
188438
188421
188500
188407
188410
188417
188554
190624
190716
188374
188363
188373
188372
188538
188519
188535
188520
188529
188533
186836
187269
188345
188353
190781
188230
188323
188326
135337
135339
135312
135359
135349
135361
136641
136642
136644
136649
136653
135311
135417
135529
135322
135323
135531
135532
135220
135418
135419
135423
135437
135497
135507
135441
135505
135519
135527
135528
136249
136252
136266
136267
136268
136347
136349
136346
136612
136617
136618
136572
136575
136582
136584
136353
136339
136344
136361
135638
136358
136661
136655
136674
136675
136683
136698
136669
136686
136709
136667
136701
136718
136723
135629
135639
135628
136715
135637
136409
136413
136415
136631
136632
136635
136861
136865
199297
199319
199320
199322
199774
199973
199777
199778
199792
199863
199879
199897
199903
199926
213886
199830
199907
199909
199910
139390
139399
139392
139394
200577
200504
214834
235047
225458
225070
225087
234263
225199
225221
225230
234775
225084
225086
225098
235029
235030
235329
235025
225915
225917
225947
225950
231613
235004
225978
235018
225177
225091
225164
227385
227399
227700
227419
227436
227740
227745
234576
227888
227866
227887
227889
227655
227656
227663
234410
227917
227918
227954
227910
227896
227975
233953
233964
234367
234089
234196
234192
226811
234133
226843
234144
235374
234156
234157
226852
235606
235229
235600
226846
227042
227044
227046
227047
227066
227067
226958
234648
235313
226974
227151
227152
227234
227239
227241
227005
235157
227265
227015
227481
227482
227503
227535
227637
227633
227630
227270
6717
6720
6725
6732
6794
6798
6817
6831
7222
7618
7626
7627
7685
20799
7194
7786
7899
7900
7746
7836
34717
7674
226064
225857
229336
225898
235034
226045
234760
225933
225939
225749
225785
225745
225781
225742
225720
225732
225659
225752
225660
226061
226056
226413
14593
14806
7863
8219
8232
8269
8281
8273
8301
8331
8705
8350
8730
8767
8769
8796
8798
8800
8805
16329
16367
16412
16434
16394
16442
16627
16433
16641
16650
16658
16683
16638
16684
16685
16689
16732
16840
11221
22334
11225
22335
9029
11286
11289
11300
22457
22455
22456
22482
11299
11439
22495
22496
22526
22555
22576
22577
22581
22532
22533
22558
22513
22583
22588
22280
22287
22616
22625
22633
22660
22887
22929
22937
22947
22966
22956
22962
22876
22931
22942
23250
22987
23049
23270
23272
23289
11977
23310
23314
23275
23279
23035
23037
23043
23046
23062
23355
23066
23069
23071
23083
23085
23236
23430
23435
23438
28474
28465
28471
35314
24759
7452
7638
23481
7642
28351
28359
28356
28357
28400
28444
28446
28448
28452
24088
24106
24108
24248
24029
24036
24043
24046
24032
24033
24051
24050
24053
24056
28770
28771
24090
23498
24276
24536
24280
24126
24595
24544
24592
24594
24598
25185
25170
25219
25230
25223
25226
188132
188137
188144
188159
188162
188214
188139
188223
188312
187628
187630
187634
188494
188483
188444
188480
188482
188437
188430
188499
188385
188409
188545
188560
188561
190623
190626
190634
188376
188539
