1816
229632 229631 844
229632 229634 1114
229632 230919 1260
225982 225981 1342
225982 225983 746
225982 225984 883
228945 228941 393
228962 228963 680
228962 228972 1322
228935 225272 781
228966 228983 1114
228966 229005 433
229028 229019 1780
229028 229026 1344
229056 229055 1111
229210 229156 514
229208 229155 679
229208 235202 919
229209 229181 2093
229209 229215 610
229215 229209 610
229215 229213 921
235323 235387 461
235323 235389 2602
229237 234545 1408
229242 229241 240
229242 234605 261
234598 235386 233
234607 234611 289
234607 235357 1334
229070 229066 1088
229070 229489 2037
229610 229611 1324
229527 229526 653
229527 229529 596
229530 234991 512
229366 229367 915
229366 229369 867
234383 234384 363
234383 234967 390
228611 228609 1544
228611 228610 1014
228611 228613 2298
228630 228614 1029
228650 228649 1178
228650 228654 672
228651 228646 333
228699 228700 222
228699 228702 2053
228690 228682 1615
228690 228691 3856
229976 229974 1998
229975 228201 796
229975 229982 706
229980 229981 2224
229980 229981 2224
228702 228699 2053
228702 235189 2285
235414 235415 259
234745 228598 4728
234746 234842 106
228592 228566 718
228592 228590 2782
228641 228638 893
228641 228643 1511
228644 228660 720
228644 228663 2339
228579 228377 2326
228717 228707 2560
228717 228718 1277
228737 228745 1076
228737 235380 1236
228738 228741 1322
228738 235379 647
227077 227078 795
227077 227080 1983
228756 228757 2333
228756 228765 672
228777 228791 1350
228739 228741 597
228739 228742 1342
235377 235378 712
230042 230043 2676
234341 234342 738
226773 226774 127
226773 226777 2027
226688 226673 2020
226688 226690 1114
226315 226314 2224
226315 226316 1574
226223 226221 602
226223 226488 1217
226488 226223 1217
226488 226487 2002
226488 226493 865
226528 226527 847
226528 226536 2610
226537 226536 1005
226537 226539 472
226537 226540 1341
226561 226538 2129
226561 226562 865
226572 226571 1109
226540 226537 1341
226540 226562 735
226605 226632 602
226573 226571 782
226573 226597 1672
226620 226597 452
226620 226621 695
226622 226621 749
226622 226623 562
226627 226626 1357
226627 226635 865
226636 226635 585
226636 226639 1016
226692 226690 672
226692 226719 2353
226720 226719 1004
226720 226722 974
226687 226686 3201
229586 229576 2012
229588 229583 1010
229588 230886 1343
234404 234984 446
226779 226775 148
226779 235450 2124
228874 228839 3360
228874 230229 1441
228878 228877 161
228886 228888 747
228887 228888 478
228887 230250 1653
228897 228898 749
228904 228901 452
228904 228906 2392
228882 228863 2358
228882 228894 875
228896 35049 2388
228896 228895 1014
8824 8813 1501
8824 8823 549
8827 8815 1075
8818 8815 1231
8818 8816 1036
8182 8180 1059
8182 8206 794
8878 8204 802
8878 16167 1240
9057 8396 848
9058 8403 1075
9058 9059 1046
9058 34758 1012
9060 9066 561
8906 8905 2832
8906 21408 1126
9108 34355 552
9068 9064 743
9068 9071 759
9070 9065 397
9070 9090 807
9092 9087 656
9092 9090 1755
9130 9131 592
9130 9134 1581
9137 9136 948
9137 9136 948
9142 9146 1700
9142 9147 1268
9196 9186 1192
9196 9197 1383
9200 9192 1878
9200 9201 447
9201 9200 447
9201 9202 1294
9315 9202 1576
9315 35225 476
9315 35226 774
9431 9435 1112
9431 34595 916
9432 9564 4488
9432 9584 2918
9435 9431 1112
9435 34341 1332
9637 9636 1126
9637 9638 1229
9702 9701 1550
9702 9703 1171
10094 10097 617
10094 10098 1619
10096 10098 1503
10096 10111 956
10110 10252 3202
10118 10113 252
10156 10151 1847
10156 10155 708
10156 10170 793
10163 10158 466
10170 10156 793
10170 10169 859
10162 10161 1304
10162 10363 1033
10144 10141 2384
10144 10143 1823
10186 10182 884
10186 10187 1354
10146 10142 2360
10146 10145 1888
10165 10166 733
10167 10153 730
10167 10168 1387
10167 10171 995
10173 10171 845
10365 9825 875
10365 9827 2064
10365 10369 999
10369 10365 999
10369 10368 2645
10369 10370 692
10364 9825 983
10364 10363 1832
9833 9811 1796
10391 10390 507
10391 10394 730
10400 10401 747
10400 10406 1841
10408 10406 746
10395 10392 691
10395 10394 1772
10395 10402 732
10396 10392 1325
10396 10454 1613
10456 10402 1442
10456 10472 1230
10456 10475 782
9873 9872 629
9873 10386 259
9874 9877 333
10389 10390 1385
10389 10392 679
10465 9877 1385
10465 10464 2402
10475 10456 782
10475 34798 513
10488 10483 2400
10488 10531 495
10551 10512 1858
10551 10550 900
10556 10554 397
10567 10564 274
10570 10565 399
10571 10573 2790
10571 10577 1336
10571 10578 755
10572 10573 598
10572 12378 420
10572 12379 3122
34796 34797 820
10580 10578 763
10580 10582 1558
10580 10583 2783
10586 10583 755
10586 12392 1780
10586 12393 763
12393 10586 763
12393 12555 1796
12393 12557 561
12552 12554 1336
12553 12560 1336
12553 12575 655
12634 12635 441
12634 12637 1559
12637 12585 1176
12637 12634 1559
12640 12595 1499
12640 12645 667
12631 12618 923
12631 12630 1611
12700 12619 826
12700 12712 2002
12709 12708 755
12709 12721 2113
12705 12702 889
12705 12703 1343
12705 12708 672
12721 12709 2113
12721 12710 755
12721 12735 2002
12749 12735 847
12749 34786 2143
12494 12491 1427
12494 12498 782
12494 12535 2018
12495 12491 445
12832 12828 336
12832 12831 452
12832 12833 796
12837 12833 160
12535 12494 2018
12535 12534 889
12545 12547 782
12549 12547 1511
12549 12730 778
12741 12733 1334
12741 12744 1110
12870 11847 788
12870 12858 562
12876 12869 504
12877 11855 1944
11856 11836 2186
11856 11855 667
11856 11858 782
11858 11837 2278
11858 11856 782
11858 11859 782
11908 11906 2141
11908 11907 1901
11911 11910 778
11911 11910 778
11924 11923 1398
11924 12957 1181
12946 12948 1861
12970 12958 1861
12970 12964 781
12970 12971 588
12975 12971 764
13177 13178 2137
13177 13179 2560
12856 12857 667
12856 12858 1279
13178 13177 2137
13178 13179 1078
12972 12966 930
12972 12971 2228
11931 11930 893
11931 11932 2529
11931 11933 667
12966 11930 2791
12966 12965 672
12966 12972 930
11933 11931 667
11933 12116 2292
11933 12119 445
13622 13620 452
13624 13620 713
13625 12124 1694
13625 12125 3334
13637 13643 1593
13645 13643 1672
13650 13646 2549
13650 13653 1445
13650 13663 2090
13663 13650 2090
13663 13654 938
12258 12257 403
12258 12260 2071
12262 12259 201
12302 12299 279
12308 12306 3120
12308 12309 2413
13916 13919 473
13924 13923 403
13924 13925 473
12265 12261 1209
12265 12266 674
13920 12309 947
13920 13921 895
23663 13946 577
23663 23664 842
12309 12308 2413
12309 13920 947
12309 13925 279
23668 23665 849
23676 23669 1179
23676 23677 2542
23676 23678 2810
23749 23751 1124
34380 34381 507
34380 34382 374
23738 23678 1209
23738 23746 1741
23728 23724 681
23763 23745 688
23744 23740 1483
24819 24813 806
24819 24827 747
24810 24809 2565
24810 24813 947
24817 23730 473
24830 24827 872
24830 24829 649
24836 24829 1344
24836 24888 581
24854 24853 1411
24888 24833 418
24888 24836 581
24851 24852 2217
24851 24857 697
24851 24914 1209
24924 24922 893
24924 24931 276
24931 24922 847
24931 24924 276
25095 25118 1322
25095 25123 1022
25123 25095 1022
25123 25124 893
25101 25107 1304
25103 25107 688
25103 25118 435
25105 25106 2216
25105 25119 1433
187686 187685 762
187686 188002 1272
188003 188002 852
188003 188004 819
188003 188013 2753
188005 188004 1551
188005 188009 731
190679 190590 117
190679 190819 156
190679 190850 640
190819 190679 156
190819 190851 599
187681 187682 1508
187681 187701 410
187702 187701 221
187702 187735 363
187699 187698 451
187699 187704 605
187704 187699 605
187704 187706 2279
187733 187734 905
187733 187739 1602
187737 187736 737
187737 187738 778
187737 187756 2687
187739 187733 1602
187739 187738 417
187739 187747 882
187692 187696 737
187692 187708 1649
187710 187708 680
187710 187919 1550
187906 187798 778
187906 187908 2564
187909 187908 776
187909 187910 1497
187909 187916 244
187910 187909 1497
187910 187918 639
187920 187918 1246
187920 187919 806
187920 187933 487
187920 187934 1460
187697 187696 1698
187697 187698 830
187211 187210 839
187211 187723 1543
187788 187798 998
187796 187798 866
187796 187799 1863
187797 187723 833
187797 187799 867
187797 187816 1039
187795 187209 758
187795 187802 1291
187803 187802 839
187214 187209 779
187786 187822 2249
23774 23775 284
187257 187826 1310
187823 187824 1431
187823 187826 1160
187832 187831 730
187842 187831 987
187842 187841 802
187845 187841 1211
187845 187843 787
187854 187843 1315
187854 187852 863
187854 189603 648
189600 189603 842
189605 187853 1469
189602 187852 694
189602 189604 548
187811 187810 791
187859 187810 1242
187859 187866 781
187867 187866 1390
187867 187869 934
187867 187876 1372
187875 187876 801
187877 187869 1436
187877 187876 859
187877 187878 877
190783 188236 352
188001 187998 610
188001 188000 1163
187760 187748 1544
187760 187758 818
187760 187761 903
187957 187955 801
187990 187991 745
187990 188232 786
188234 187989 3944
188234 190327 211
190327 187977 885
190327 188234 211
187828 187826 882
187828 187829 625
187839 187840 900
187839 187844 1176
187850 187844 938
187850 187853 1306
189598 187853 787
134740 134743 682
134740 134745 2949
134738 134758 1530
134738 134760 904
134742 134741 906
134742 134744 476
134739 134760 2142
134739 134789 1115
134788 134790 747
134788 134800 904
134799 134800 1248
134707 134706 421
134714 134712 1759
134993 134804 1533
134993 134996 443
134198 134197 1966
134198 134802 738
134198 134805 279
134804 134806 2305
134804 134993 1533
134804 135000 483
135010 135008 1395
135010 135009 751
135010 135021 878
135014 135018 747
135014 135021 1220
135014 135025 904
135009 134995 612
135009 135010 751
135064 135066 1004
135018 135014 747
135018 135019 1426
135020 135019 818
135065 135066 599
135065 135067 2679
135077 135066 673
135077 135080 1786
135799 135800 672
135799 135806 818
135806 135799 818
135806 135807 475
135810 135807 1426
135812 135801 1322
135812 135807 551
135792 135878 1098
135792 135879 373
135878 135792 1098
135878 135876 279
135827 135834 202
135835 135834 983
135835 135836 983
135873 135836 1220
135886 135885 1208
135886 135889 1481
136084 136083 1073
136084 136087 1028
136084 136088 2147
136096 136088 1167
136096 136101 605
136081 135889 975
136081 136083 1008
136082 136083 649
136154 136153 605
136154 136155 884
136154 136156 336
136156 136154 336
136156 136157 847
136156 136163 1073
136163 136156 1073
136163 136158 738
136166 136131 827
136166 136136 2068
136166 136178 827
136178 136166 827
136178 136188 751
136178 136189 1967
136188 136178 751
136188 136190 1932
136188 136191 827
136191 136188 827
136191 136196 1967
136191 136204 1102
136209 136207 1427
136787 136763 378
136204 136191 1102
136204 136197 1993
136204 136207 276
136800 136799 1008
136800 136801 848
136800 139551 1186
137487 137488 1454
136804 136801 1266
136804 137485 344
136804 137491 1869
137500 137503 333
137500 137507 841
137482 137483 2224
137482 137508 1556
137482 137675 841
137507 137500 841
137507 137508 757
137507 137509 562
137483 137482 2224
137483 137671 445
137680 137679 789
137680 137681 1426
137688 137681 751
137688 137693 2623
137688 137694 827
137691 137694 778
137691 137695 836
138103 139615 1071
139617 138110 1452
139617 139618 936
138114 138112 848
138114 138159 1565
138159 138114 1565
138159 138156 848
138159 138161 2700
138161 138159 2700
138161 138167 682
137782 137772 252
137782 137783 1501
138165 137781 2628
138165 138163 782
138165 138167 1015
138168 137783 1305
138168 137901 782
138188 137901 2609
138188 138479 796
138511 138479 2561
138469 138464 1456
138469 138479 796
138469 138481 222
139036 139042 2643
139043 139042 738
139043 139044 806
139043 139057 1715
139041 139050 1008
139041 139051 2550
139044 139043 806
139044 139051 806
139044 139058 2365
138483 138481 2516
138519 138516 291
138519 138522 198
138490 138474 2644
138490 138489 222
138523 138489 2561
138523 138521 688
138477 137912 2609
138477 138478 782
138492 138478 2665
138492 138493 796
138529 138493 2562
138529 138549 796
138547 138549 2644
138547 138558 905
138631 138633 778
138631 138636 1009
138650 138649 2755
138667 138666 1226
138667 138674 5943
138669 139065 2949
138669 139068 2888
138682 138683 12556
139014 139020 1188
139016 139015 751
139016 139017 2271
139016 139020 827
139019 139020 751
139019 139022 2087
139019 139034 354
139034 139019 354
139034 139679 430
139080 139076 806
139080 139090 2365
139015 139016 751
139015 139089 2411
139081 139089 751
139081 139091 2459
139078 139090 476
139078 139091 605
139078 139097 2365
139076 139080 806
139076 139082 2365
139050 139041 1008
139050 139052 884
139055 139052 1274
139055 139056 927
139083 139056 836
139083 139060 1209
139083 139084 2365
139086 139082 806
139086 139084 806
139086 139094 2365
139446 133992 685
139446 139462 891
133992 133993 956
133992 139446 685
133992 139447 59
139430 139432 1565
139443 139432 2125
139443 139444 238
139448 139447 670
139448 139449 847
228744 228742 2882
228744 230043 908
228746 228745 1809
228746 228749 513
228823 228825 298
228823 230216 708
230221 228840 1679
230221 228871 521
229540 229539 275
229540 229604 948
229604 229540 948
229604 229605 1471
229619 229618 1225
229623 229620 275
230919 229632 1260
230919 230920 1148
229631 229591 1139
229631 229632 844
229634 229591 679
229634 229632 1114
225981 225335 1728
225981 225982 1342
225983 225980 3671
225983 225982 746
225983 225986 2225
225984 225982 883
225984 225990 509
228941 228942 1296
228941 228943 604
228941 228945 393
228963 228962 680
228972 228962 1322
225272 225273 417
225272 228935 781
225272 235208 1784
228983 228966 1114
228983 228981 4896
228983 229004 1590
229005 228966 433
229005 229006 587
229005 229007 353
229019 229012 1124
229019 229020 1423
229019 229028 1780
229026 229024 556
229026 229027 782
229026 229028 1344
229055 229052 893
229055 229056 1111
229055 229058 367
229156 229154 2021
229156 229157 3343
229156 229210 514
229155 229120 2010
229155 229154 2044
229155 229208 679
235202 229208 919
229181 229169 1441
229181 229182 835
229181 229209 2093
229213 229182 928
229213 229214 1256
229213 229215 921
235387 235323 461
235387 235386 496
235387 235397 750
235389 235323 2602
235389 235390 339
235389 235391 378
234545 229237 1408
234545 229367 628
234545 234546 929
229241 229242 240
229241 229243 596
229241 229995 301
234605 229242 261
234605 235178 457
235386 233622 112
235386 234598 233
235386 235387 496
235386 235388 1040
234611 234596 478
234611 234607 289
234611 234613 670
235357 226648 342
235357 234607 1334
235357 235359 407
229066 229057 927
229066 229068 1248
229066 229070 1088
229489 229069 1222
229489 229070 2037
229489 229490 2339
229611 229610 1324
229526 229524 870
229526 229527 653
229526 234990 1832
229529 229527 596
229529 234994 1780
229529 235170 320
234991 229530 512
234991 234992 749
234991 234994 675
229367 229366 915
229367 234545 628
229369 229366 867
229369 235180 836
229369 235361 265
229369 235362 248
234384 234383 363
234384 235180 723
234384 235181 246
234967 234383 390
228609 228541 947
228609 228544 2321
228609 228607 2248
228609 228611 1544
228610 228608 1576
228610 228611 1014
228610 228614 586
228613 228544 1625
228613 228611 2298
228613 228634 712
228613 228637 1029
228614 228610 586
228614 228620 1558
228614 228630 1029
228649 228646 1004
228649 228647 782
228649 228650 1178
228654 228647 1172
228654 228650 672
228654 228656 778
228654 228700 1005
228646 228637 1678
228646 228649 1004
228646 228651 333
228700 228654 1005
228700 228699 222
228700 228701 782
228682 228670 2625
228682 228680 924
228682 228690 1615
228682 228694 1006
228691 228689 1069
228691 228690 3856
229974 228692 1834
229974 229973 2201
229974 229976 1998
228201 228202 617
228201 229973 1778
228201 229975 796
229982 229975 706
229981 229205 1796
229981 229980 2224
229981 229980 2224
235189 228702 2285
235415 235414 259
228598 228596 2664
228598 228711 812
228598 234745 4728
234842 234746 106
228566 228565 1419
228566 228592 718
228590 228555 679
228590 228591 1891
228590 228592 2782
228638 228563 1292
228638 228639 1094
228638 228641 893
228643 228641 1511
228643 228645 905
228643 228657 586
228660 228644 720
228660 228658 967
228660 235192 3002
228663 228644 2339
228377 228375 4634
228377 228579 2326
228707 228708 845
228707 228716 2688
228707 228717 2560
228718 228716 473
228718 228717 1277
228718 234750 2160
228745 228737 1076
228745 228746 1809
235380 228737 1236
235380 235381 324
235380 235382 304
228741 228738 1322
228741 228739 597
235379 228738 647
227078 227077 795
227078 228778 1078
227078 228779 1626
227080 227077 1983
228757 228704 1535
228757 228756 2333
228757 232707 2127
228765 228756 672
228765 228761 2346
228765 228766 3470
228791 228777 1350
228791 228792 580
228742 228739 1342
228742 228743 445
228742 228744 2882
235378 235377 712
230043 228744 908
230043 230042 2676
230043 234742 1403
234342 234341 738
226774 226773 127
226774 226775 557
226774 235449 1032
226777 226773 2027
226673 226671 596
226673 226674 6358
226673 226688 2020
226690 226688 1114
226690 226691 1028
226690 226692 672
226314 226304 3147
226314 226315 2224
226316 226315 1574
226221 226219 796
226221 226222 602
226221 226223 602
226487 226218 1919
226487 226488 2002
226493 226488 865
226493 226499 1187
226493 226504 1787
226527 226519 1109
226527 226526 847
226527 226528 847
226536 226528 2610
226536 226537 1005
226536 226538 1021
226536 226562 1391
226539 226537 472
226538 226536 1021
226538 226561 2129
226562 226536 1391
226562 226540 735
226562 226561 865
226571 226572 1109
226571 226573 782
226632 226605 602
226597 226573 1672
226597 226620 452
226621 226620 695
226621 226622 749
226621 226623 418
226623 226621 418
226623 226622 562
226623 226626 920
226626 226623 920
226626 226627 1357
226635 226627 865
226635 226636 585
226639 226636 1016
226719 226692 2353
226719 226720 1004
226722 226720 974
226686 226671 2480
226686 226687 3201
229576 229586 2012
229583 229588 1010
230886 229588 1343
234984 234404 446
226775 226774 557
226775 226779 148
235450 226779 2124
228839 228874 3360
230229 228874 1441
228877 228878 161
228888 228886 747
228888 228887 478
230250 228887 1653
228898 228897 749
228901 228904 452
228906 228904 2392
228863 228882 2358
228894 228882 875
228894 228895 344
35049 228896 2388
228895 228894 344
228895 228896 1014
8813 8824 1501
8823 8824 549
8815 8818 1231
8815 8827 1075
8816 8818 1036
8180 8182 1059
8206 8182 794
8204 8878 802
16167 8878 1240
8396 9057 848
8403 9058 1075
9059 9058 1046
34758 9058 1012
9066 8905 1359
9066 9060 561
8905 8906 2832
8905 9064 2365
8905 9066 1359
21408 8906 1126
34355 9108 552
9064 8905 2365
9064 9068 743
9071 9068 759
9065 9070 397
9090 9070 807
9090 9092 1755
9087 9092 656
9131 9130 592
9134 9130 1581
9134 9136 685
9136 9134 685
9136 9137 948
9136 9137 948
9146 9142 1700
9146 9147 1259
9147 9142 1268
9147 9146 1259
9186 9196 1192
9197 9196 1383
9192 9200 1878
9202 9201 1294
9202 9315 1576
35225 9315 476
35226 9315 774
34595 9431 916
9564 9432 4488
9584 9432 2918
34341 9435 1332
9636 9637 1126
9638 9637 1229
9701 9702 1550
9703 9702 1171
10097 10094 617
10098 10094 1619
10098 10096 1503
10111 10096 956
10111 10113 1836
10252 10110 3202
10113 10111 1836
10113 10118 252
10151 10153 846
10151 10156 1847
10155 10156 708
10155 10158 1922
10158 10155 1922
10158 10161 660
10158 10163 466
10169 10153 987
10169 10170 859
10169 10171 730
10161 10158 660
10161 10162 1304
10363 10162 1033
10363 10364 1832
10141 10144 2384
10141 10145 964
10143 10144 1823
10182 10186 884
10187 10186 1354
10142 10146 2360
10142 10166 732
10145 10141 964
10145 10146 1888
10166 10142 732
10166 10165 733
10153 10151 846
10153 10167 730
10153 10169 987
10168 10167 1387
10171 10167 995
10171 10169 730
10171 10173 845
9825 10364 983
9825 10365 875
9827 10365 2064
10368 10369 2645
10370 10369 692
9811 9833 1796
10390 10389 1385
10390 10391 507
10390 10392 1311
10394 10391 730
10394 10395 1772
10394 10401 782
10401 10394 782
10401 10400 747
10401 10402 1662
10406 10400 1841
10406 10402 730
10406 10408 746
10406 34798 955
10392 10389 679
10392 10390 1311
10392 10395 691
10392 10396 1325
10402 10395 732
10402 10401 1662
10402 10406 730
10402 10456 1442
10454 10396 1613
10472 10456 1230
9872 9873 629
10386 9873 259
9877 9874 333
9877 10465 1385
10464 10465 2402
34798 10406 955
34798 10475 513
10483 10488 2400
10531 10488 495
10512 10551 1858
10550 10551 900
10554 10556 397
10564 10565 1998
10564 10567 274
10565 10564 1998
10565 10570 399
10573 10571 2790
10573 10572 598
10577 10571 1336
10578 10571 755
10578 10580 763
12378 10572 420
12379 10572 3122
34797 34796 820
10582 10580 1558
10583 10580 2783
10583 10586 755
12392 10586 1780
12555 12393 1796
12557 12393 561
12557 12554 301
12554 12552 1336
12554 12557 301
12560 12553 1336
12575 12553 655
12635 12634 441
12585 12637 1176
12595 12640 1499
12645 12640 667
12618 12631 923
12630 12631 1611
12619 12700 826
12712 12700 2002
12708 12705 672
12708 12709 755
12708 12710 2113
12702 12705 889
12703 12705 1343
12710 12708 2113
12710 12721 755
12735 12721 2002
12735 12749 847
34786 12749 2143
12491 12494 1427
12491 12495 445
12498 12494 782
12498 12534 1944
12828 12832 336
12831 12832 452
12833 12832 796
12833 12837 160
12534 12498 1944
12534 12535 889
12547 12545 782
12547 12549 1511
12730 12549 778
12730 12733 1097
12733 12730 1097
12733 12741 1334
12744 12741 1110
11847 12870 788
12858 12856 1279
12858 12870 562
12869 12876 504
11855 11856 667
11855 12877 1944
11836 11837 889
11836 11856 2186
11837 11836 889
11837 11858 2278
11859 11858 782
11859 11907 1432
11859 11910 580
11906 11907 354
11906 11908 2141
11907 11859 1432
11907 11906 354
11907 11908 1901
11910 11859 580
11910 11911 778
11910 11911 778
11923 11924 1398
11923 12958 1893
12957 11924 1181
12948 12946 1861
12958 11923 1893
12958 12970 1861
12964 12965 889
12964 12970 781
12971 12970 588
12971 12972 2228
12971 12975 764
13179 13177 2560
13179 13178 1078
12857 12856 667
11930 11931 893
11930 12966 2791
11932 11931 2529
12965 12964 889
12965 12966 672
12116 11933 2292
12119 11933 445
13620 13622 452
13620 13624 713
12124 12125 3536
12124 13625 1694
12125 12124 3536
12125 13625 3334
13643 13637 1593
13643 13645 1672
13646 13650 2549
13653 13650 1445
13653 13654 1066
13654 13653 1066
13654 13663 938
12257 12258 403
12260 12258 2071
12260 12259 733
12259 12260 733
12259 12261 1532
12259 12262 201
12299 12302 279
12306 12308 3120
13919 13916 473
13919 13923 604
13923 13919 604
13923 13924 403
13925 12309 279
13925 13924 473
12261 12259 1532
12261 12265 1209
12266 12265 674
13921 13920 895
13946 23663 577
23664 23663 842
23664 23665 1612
23665 23664 1612
23665 23668 849
23669 23676 1179
23677 23676 2542
23677 23678 737
23678 23676 2810
23678 23677 737
23678 23738 1209
23751 23749 1124
34381 34380 507
34382 34380 374
23746 23738 1741
23746 23740 1848
23724 23728 681
23745 23740 7036
23745 23763 688
23740 23744 1483
23740 23745 7036
23740 23746 1848
24813 24810 947
24813 24819 806
24827 24819 747
24827 24830 872
24809 24810 2565
23730 24817 473
24829 24830 649
24829 24836 1344
24853 24852 747
24853 24854 1411
24833 24888 418
24852 24851 2217
24852 24853 747
24857 24851 697
24914 24851 1209
24914 24922 3420
24922 24914 3420
24922 24924 893
24922 24931 847
25118 25095 1322
25118 25103 435
25124 25123 893
25107 25101 1304
25107 25103 688
25106 25105 2216
25119 25105 1433
187685 187686 762
188002 187686 1272
188002 188003 852
188004 188003 819
188004 188005 1551
188013 188003 2753
188009 188005 731
190590 190679 117
190850 190679 640
190850 190851 157
190851 190819 599
190851 190850 157
187682 187681 1508
187701 187681 410
187701 187702 221
187735 187702 363
187735 187734 599
187698 187697 830
187698 187699 451
187706 187704 2279
187706 187736 1382
187734 187733 905
187734 187735 599
187734 187747 2590
187736 187706 1382
187736 187737 737
187738 187737 778
187738 187739 417
187738 187747 778
187756 187737 2687
187747 187734 2590
187747 187738 778
187747 187739 882
187696 187692 737
187696 187697 1698
187708 187692 1649
187708 187710 680
187919 187710 1550
187919 187920 806
187798 187788 998
187798 187796 866
187798 187906 778
187908 187906 2564
187908 187909 776
187908 187916 815
187916 187908 815
187916 187909 244
187918 187910 639
187918 187920 1246
187933 187920 487
187933 187934 1472
187934 187920 1460
187934 187933 1472
187210 187211 839
187723 187211 1543
187723 187797 833
187799 187796 1863
187799 187797 867
187816 187797 1039
187209 187214 779
187209 187795 758
187802 187795 1291
187802 187803 839
187802 187810 987
187822 187786 2249
187822 187824 692
187822 187826 1369
23775 23774 284
187826 187257 1310
187826 187822 1369
187826 187823 1160
187826 187828 882
187824 187822 692
187824 187823 1431
187831 187832 730
187831 187842 987
187841 187840 660
187841 187842 802
187841 187845 1211
187843 187840 1184
187843 187844 835
187843 187845 787
187843 187854 1315
187852 187844 1363
187852 187853 925
187852 187854 863
187852 189602 694
189603 187854 648
189603 189600 842
187853 187850 1306
187853 187852 925
187853 189598 787
187853 189605 1469
189604 189602 548
187810 187802 987
187810 187811 791
187810 187859 1242
187866 187859 781
187866 187867 1390
187869 187867 934
187869 187877 1436
187876 187867 1372
187876 187875 801
187876 187877 859
187878 187877 877
188236 190783 352
187998 188001 610
188000 188001 1163
187748 187760 1544
187758 187760 818
187761 187760 903
187761 187991 822
187955 187957 801
187991 187761 822
187991 187990 745
188232 187990 786
187989 188234 3944
187977 190327 885
187829 187828 625
187829 187840 1196
187840 187829 1196
187840 187839 900
187840 187841 660
187840 187843 1184
187844 187839 1176
187844 187843 835
187844 187850 938
187844 187852 1363
134743 134740 682
134743 134741 824
134743 134745 3051
134745 134740 2949
134745 134743 3051
134758 134738 1530
134758 134744 904
134760 134738 904
134760 134739 2142
134741 134742 906
134741 134743 824
134744 134742 476
134744 134758 904
134789 134739 1115
134789 134790 750
134790 134788 747
134790 134789 750
134800 134788 904
134800 134799 1248
134800 134802 511
134706 134707 421
134712 134714 1759
134996 134993 443
134996 134995 777
134197 134198 1966
134802 134198 738
134802 134800 511
134805 134198 279
134805 134806 1283
134806 134804 2305
134806 134805 1283
135000 134804 483
135008 135010 1395
135021 135010 878
135021 135014 1220
135025 135014 904
134995 134996 777
134995 135009 612
135066 135064 1004
135066 135065 599
135066 135077 673
135019 135018 1426
135019 135020 818
135067 135065 2679
135080 135077 1786
135800 135799 672
135800 135801 789
135807 135806 475
135807 135810 1426
135807 135812 551
135801 135800 789
135801 135812 1322
135879 135792 373
135876 135878 279
135834 135827 202
135834 135835 983
135836 135835 983
135836 135873 1220
135885 135886 1208
135889 135886 1481
135889 136081 975
136083 136081 1008
136083 136082 649
136083 136084 1073
136087 136084 1028
136088 136084 2147
136088 136096 1167
136101 136096 605
136153 136154 605
136155 136154 884
136155 136157 403
136157 136155 403
136157 136156 847
136157 136158 676
136158 136157 676
136158 136163 738
136131 136166 827
136136 136166 2068
136136 136189 789
136189 136136 789
136189 136178 1967
136189 136190 827
136190 136188 1932
136190 136189 827
136190 136196 751
136196 136190 751
136196 136191 1967
136196 136197 827
136207 136204 276
136207 136209 1427
136763 136787 378
136197 136196 827
136197 136204 1993
136799 136800 1008
136801 136800 848
136801 136804 1266
139551 136800 1186
137488 137487 1454
137485 136804 344
137491 136804 1869
137503 137500 333
137508 137482 1556
137508 137507 757
137675 137482 841
137509 137507 562
137671 137483 445
137679 137680 789
137681 137680 1426
137681 137688 751
137693 137688 2623
137694 137688 827
137694 137691 778
137694 137695 517
137695 137691 836
137695 137694 517
139615 138103 1071
138110 139617 1452
139618 139617 936
138112 138114 848
138156 138159 848
138167 138161 682
138167 138165 1015
137772 137781 1234
137772 137782 252
137783 137782 1501
137783 137901 1417
137783 138168 1305
137781 137772 1234
137781 138165 2628
138163 138165 782
137901 137783 1417
137901 138168 782
137901 138188 2609
137901 138464 1828
138479 138188 796
138479 138464 1198
138479 138469 796
138479 138511 2561
138464 137901 1828
138464 138469 1456
138464 138479 1198
138481 138469 222
138481 138483 2516
139042 139036 2643
139042 139043 738
139057 139043 1715
139051 139041 2550
139051 139044 806
139051 139060 1008
139058 139044 2365
138516 138519 291
138522 138519 198
138522 138521 390
138474 138490 2644
138489 138490 222
138489 138523 2561
138521 138522 390
138521 138523 688
137912 138477 2609
138478 138477 782
138478 138492 2665
138493 138492 796
138493 138529 2562
138549 138529 796
138549 138547 2644
138558 138547 905
138633 138631 778
138636 138631 1009
138649 138650 2755
138666 138667 1226
138674 138667 5943
138674 139068 276
139065 138669 2949
139068 138669 2888
139068 138674 276
138683 138682 12556
139020 139014 1188
139020 139016 827
139020 139019 751
139017 139016 2271
139017 139089 738
139022 139019 2087
139679 139034 430
139090 139078 476
139090 139080 2365
139090 139082 806
139089 139015 2411
139089 139017 738
139089 139081 751
139091 139078 605
139091 139081 2459
139097 139078 2365
139082 139076 2365
139082 139086 806
139082 139090 806
139052 139050 884
139052 139055 1274
139056 139055 927
139056 139083 836
139060 139051 1008
139060 139083 1209
139084 139083 2365
139084 139086 806
139094 139086 2365
139462 139446 891
133993 133992 956
139447 133992 59
139447 139448 670
139432 139430 1565
139432 139443 2125
139444 139443 238
139444 139449 1691
139449 139444 1691
139449 139448 847
228749 228746 513
228825 228823 298
230216 228823 708
228840 230221 1679
228871 230221 521
229539 229540 275
229605 229604 1471
229618 229619 1225
229618 229620 844
229620 229618 844
229620 229623 275
230920 230919 1148
229591 229631 1139
229591 229634 679
225335 225981 1728
225980 225983 3671
225986 225983 2225
225990 225984 509
228942 228941 1296
228943 228941 604
225273 225272 417
235208 225272 1784
228981 228983 4896
229004 228983 1590
229006 229005 587
229007 229005 353
229012 229019 1124
229020 229019 1423
229020 229024 1334
229024 229020 1334
229024 229026 556
229027 229026 782
229052 229055 893
229058 229055 367
229058 229057 1390
229154 229155 2044
229154 229156 2021
229157 229156 3343
229120 229155 2010
229169 229181 1441
229182 229181 835
229182 229213 928
229214 229213 1256
235397 235387 750
235390 235389 339
235391 235389 378
234546 234545 929
229243 229241 596
229243 235178 691
229995 229241 301
235178 229243 691
235178 234605 457
233622 235386 112
235388 235386 1040
234596 234611 478
234613 234611 670
226648 235357 342
235359 235357 407
229057 229058 1390
229057 229066 927
229068 229066 1248
229068 229069 1674
229069 229068 1674
229069 229489 1222
229490 229489 2339
229524 229526 870
234990 229526 1832
234994 229529 1780
234994 234991 675
235170 229529 320
234992 234991 749
235180 229369 836
235180 234384 723
235361 229369 265
235362 229369 248
235181 234384 246
228541 228609 947
228544 228609 2321
228544 228613 1625
228607 228608 754
228607 228609 2248
228608 228607 754
228608 228610 1576
228608 228620 754
228634 228613 712
228637 228613 1029
228637 228646 1678
228620 228608 754
228620 228614 1558
228647 228649 782
228647 228654 1172
228656 228654 778
228656 228701 1089
228701 228656 1089
228701 228700 782
228670 228682 2625
228680 228682 924
228694 228682 1006
228689 228691 1069
228692 229973 752
228692 229974 1834
229973 228201 1778
229973 228692 752
229973 229974 2201
228202 228201 617
229205 229981 1796
228596 228598 2664
228711 228598 812
228565 228566 1419
228555 228590 679
228591 228590 1891
228563 228638 1292
228639 228638 1094
228639 228645 335
228645 228639 335
228645 228643 905
228657 228643 586
228657 228658 1094
228658 228657 1094
228658 228660 967
235192 228660 3002
228375 228377 4634
228708 228707 845
228716 228707 2688
228716 228718 473
234750 228718 2160
235381 235380 324
235382 235380 304
228778 227078 1078
228779 227078 1626
228704 228757 1535
232707 228757 2127
228761 228765 2346
228766 228765 3470
228792 228791 580
228743 228742 445
234742 230043 1403
235449 226774 1032
226671 226673 596
226671 226686 2480
226674 226673 6358
226691 226690 1028
226304 226314 3147
226219 226221 796
226222 226221 602
226218 226487 1919
226499 226493 1187
226504 226493 1787
226519 226527 1109
226526 226527 847
781
229632
225982
228945
228962
228935
228966
229028
229056
229210
229208
229209
229215
235323
229237
229242
234598
234607
229070
229610
229527
229530
229366
234383
228611
228630
228650
228651
228699
228690
229976
229975
229980
228702
235414
234745
234746
228592
228641
228644
228579
228717
228737
228738
227077
228756
228777
228739
235377
230042
234341
226773
226688
226315
226223
226488
226528
226537
226561
226572
226540
226605
226573
226620
226622
226627
226636
226692
226720
226687
229586
229588
234404
226779
228874
228878
228886
228887
228897
228904
228882
228896
8824
8827
8818
8182
8878
9057
9058
9060
8906
9108
9068
9070
9092
9130
9137
9142
9196
9200
9201
9315
9431
9432
9435
9637
9702
10094
10096
10110
10118
10156
10163
10170
10162
10144
10186
10146
10165
10167
10173
10365
10369
10364
9833
10391
10400
10408
10395
10396
10456
9873
9874
10389
10465
10475
10488
10551
10556
10567
10570
10571
10572
34796
10580
10586
12393
12552
12553
12634
12637
12640
12631
12700
12709
12705
12721
12749
12494
12495
12832
12837
12535
12545
12549
12741
12870
12876
12877
11856
11858
11908
11911
11924
12946
12970
12975
13177
12856
13178
12972
11931
12966
11933
13622
13624
13625
13637
13645
13650
13663
12258
12262
12302
12308
13916
13924
12265
13920
23663
12309
23668
23676
23749
34380
23738
23728
23763
23744
24819
24810
24817
24830
24836
24854
24888
24851
24924
24931
25095
25123
25101
25103
25105
187686
188003
188005
190679
190819
187681
187702
187699
187704
187733
187737
187739
187692
187710
187906
187909
187910
187920
187697
187211
187788
187796
187797
187795
187803
187214
187786
23774
187257
187823
187832
187842
187845
187854
189600
189605
189602
187811
187859
187867
187875
187877
190783
188001
187760
187957
187990
188234
190327
187828
187839
187850
189598
134740
134738
134742
134739
134788
134799
134707
134714
134993
134198
134804
135010
135014
135009
135064
135018
135020
135065
135077
135799
135806
135810
135812
135792
135878
135827
135835
135873
135886
136084
136096
136081
136082
136154
136156
136163
136166
136178
136188
136191
136209
136787
136204
136800
137487
136804
137500
137482
137507
137483
137680
137688
137691
138103
139617
138114
138159
138161
137782
138165
138168
138188
138511
138469
139036
139043
139041
139044
138483
138519
138490
138523
138477
138492
138529
138547
138631
138650
138667
138669
138682
139014
139016
139019
139034
139080
139015
139081
139078
139076
139050
139055
139083
139086
139446
133992
139430
139443
139448
228744
228746
228823
230221
229540
229604
229619
229623
230919
229631
226527
226538
226571
226597
226623
226626
226635
226639
226686
229576
229583
230886
234984
226775
228839
230229
228877
228901
228863
228894
35049
228895
8813
8815
8816
8180
8206
8204
8396
8403
9059
34758
9066
9064
9065
9090
9087
9131
9134
9146
9147
9186
9192
9202
9564
9584
9701
9703
10098
10111
10113
10151
10155
10161
10363
10141
10143
10182
10187
10142
10145
10153
10168
9825
9827
10368
9811
10454
9872
10386
9877
10464
10483
10512
10550
10554
10564
10565
10573
10578
12378
12379
10583
12557
12554
12560
12575
12585
12595
12645
12618
12630
12619
12708
12702
12703
12710
12735
12491
12498
12828
12831
12833
12534
12547
12730
12733
11847
12869
11855
11836
11837
11859
11906
12958
12964
11930
11932
12965
12116
13620
12124
12125
13643
13646
13653
13654
12257
12260
12299
12306
12261
12266
13921
13946
23669
23677
34382
23724
23740
24813
24827
24809
23730
24829
24853
24833
24852
24857
24922
25118
25124
25107
25119
187685
188002
188004
188013
188009
190590
190850
190851
187682
187701
187735
187698
187706
187736
187738
187756
187747
187696
187708
187919
187798
187908
187916
187918
187933
187934
187210
187723
187799
187816
187209
187802
187822
187831
187841
187810
187866
187869
187878
188236
187998
188000
187748
187758
187761
187955
187991
188232
187989
187977
187829
134743
134745
134758
134760
134741
134744
134789
134790
134706
134712
134996
134197
134802
134805
134806
135000
135008
135021
135025
134995
135066
135019
135067
135080
135800
135801
135879
135876
135834
135836
135885
135889
136083
136087
136088
136101
136153
136155
136158
136131
136136
136189
136190
136196
136207
136763
136197
136799
136801
139551
137485
137491
137503
137508
137675
137671
137679
137681
137693
137694
137695
139615
138110
139618
138112
138156
138167
137772
137781
138163
138481
139042
139051
139058
138516
138474
138489
138521
137912
138478
138493
138549
138558
138633
138666
138674
139065
139068
138683
139020
139017
139022
139090
139089
139091
139097
139082
139052
139056
139060
139084
139094
139432
139444
139449
228749
228825
230216
228840
228871
229539
229618
229620
229591
225335
225980
225986
225990
228942
225273
235208
228981
229006
229007
229012
229020
229024
229052
229154
229157
229120
229169
229182
229214
235391
234546
229243
229995
233622
235388
234596
226648
229057
229068
229069
229490
229524
234990
234994
235180
228541
228544
228607
228608
228634
228637
228620
228647
228656
228701
228670
228680
228689
228692
229205
228596
228711
228565
228555
228563
228639
228645
228658
228375
228716
228778
228779
228704
228761
228766
228792
226671
226674
226304
226219
226222
226218
226499
226504
226519
226526
