4854
138376 138375 752
138309 138333 765
138309 138334 1891
138310 138332 581
138803 139570 420
138324 138328 893
138324 138338 1274
138325 138338 667
138328 138324 893
138328 138339 925
138824 138840 3335
138825 138332 1093
138825 138826 778
138831 138826 1009
138831 138828 1810
138846 138848 931
138846 138891 1114
138842 138843 536
138842 138844 420
138757 138758 294
138757 138759 340
138778 138779 338
138778 138789 3356
138780 138783 420
138780 138787 695
230092 230071 2046
230092 230093 2186
230185 230174 597
230185 230186 1083
230186 230185 1083
230186 230187 796
230186 230188 762
230189 230188 893
230189 230208 344
230494 230507 2819
230498 230214 706
230498 230499 1675
230627 230628 1419
230627 230667 349
230640 230635 535
230640 230674 2191
231039 229902 679
231039 231059 1225
229872 229893 353
229872 229900 1758
229889 229888 1004
229889 229890 753
229892 229891 1427
229892 231041 1004
231051 231050 1338
231047 230956 1088
231047 231076 947
231049 231046 1565
231049 231050 111
230977 230974 1761
230977 230976 452
231076 231047 947
231076 231077 1675
230976 230973 452
230976 230977 452
230984 230980 562
231031 235272 805
231018 231017 792
231018 231020 1572
231020 231018 1572
231020 231035 2714
229864 229862 390
229864 229897 1172
229897 229864 1172
229897 229898 201
229946 229899 1297
229946 229913 1148
229948 229953 586
229948 229954 927
229956 229913 2191
229956 229957 514
229782 229781 1897
229782 229784 1094
229782 229786 1111
229796 229800 1670
229796 229802 1172
229796 235179 1822
229790 229781 1178
229790 229788 1780
229791 229737 1375
229791 229788 705
229858 229850 2244
229858 229857 1142
229916 229795 670
229916 229850 1114
229814 229815 837
229814 229930 580
229931 229932 786
229768 229405 433
229768 229777 1678
229770 230115 1029
230120 230116 2169
229252 229251 1967
229327 229324 1929
229327 229355 1004
229357 229326 1005
229357 229334 2458
229334 229331 706
229334 229357 2458
229380 229383 672
229398 229397 1005
229398 229401 1483
229400 229405 2338
229400 229767 1606
229775 229776 514
229775 229777 1336
229291 229261 1647
229291 229292 1184
229688 229714 905
229688 229716 237
229691 229717 472
229691 229718 756
229721 229379 3545
229721 229753 452
229746 229689 1470
229746 229747 1910
229756 229759 587
229756 229783 1187
229780 229779 2206
229780 229783 1447
229809 229798 1252
230107 230104 1297
230107 230105 1541
230117 230103 452
230117 230116 1005
230014 230007 706
231248 231247 1662
231254 231249 1138
234889 234890 913
234889 234892 2219
231239 231237 761
231239 231241 2223
231239 231273 1567
231306 231242 580
231273 231239 1567
231273 231240 612
231305 231301 2304
231303 231301 784
231303 234676 2023
231313 235254 2377
226754 226752 111
226754 226767 847
226756 226755 1028
229122 231633 549
230329 230328 1014
230329 230328 1014
230277 230275 139
230276 230274 168
230273 230274 6437
230273 232139 128
232149 232147 275
232163 232146 1095
232163 232162 1576
232148 232143 670
232148 232144 1675
232148 232154 1576
232155 232154 670
232155 232159 893
232159 232155 893
232159 232160 335
232176 232161 1006
232176 232181 2643
230337 230336 1276
230337 230340 562
230337 230343 1357
230343 230337 1357
230343 230344 1445
230648 230340 1011
230648 230647 1334
230651 230344 168
230651 230652 1445
8916 8919 942
8916 8934 459
8932 8939 540
8932 35055 1171
8933 8943 698
8933 8945 734
8966 8945 2131
8966 8967 735
8999 8982 849
8999 8990 2452
9001 8992 741
9001 9002 787
9004 9002 786
9004 9005 2563
9009 9005 693
9014 9015 960
9014 9231 1061
9234 9225 2872
9234 9231 1196
9235 8777 2525
9235 9236 1002
9236 9229 2526
9236 9235 1002
9241 9242 1824
9254 9248 975
9254 9253 159
9254 34775 1232
9279 9259 2487
9279 9280 1086
9284 9280 1192
9284 9285 1484
9287 9286 894
9287 9288 2069
9467 9465 883
9467 9468 2918
10067 10072 945
10067 10073 358
9935 9934 1860
34689 9688 2289
34689 9925 1928
34681 34680 556
34681 34691 910
10223 10107 288
10226 10229 1386
10226 10230 897
10287 10282 311
10289 10285 694
10289 10286 2417
10326 10285 2272
10326 10325 1045
10331 10325 1728
10331 10329 1637
10339 10329 755
10339 10337 831
10339 10340 2653
10338 10337 2658
10338 10340 724
10342 10340 2436
10624 10335 2144
13055 13054 1362
13055 13060 946
13059 13060 1513
13059 13107 2258
10905 10906 1260
10626 10625 812
10626 10627 1486
10902 10904 544
10902 10906 727
10610 10609 2652
10610 10620 1808
10613 10611 1809
10613 10662 2158
10662 10613 2158
10662 10664 295
10618 10641 797
10618 10642 1927
10620 10610 1808
10620 10616 835
10620 10619 1757
10641 10618 797
10641 10619 1919
10641 10640 1880
10686 10696 403
10688 10928 660
10929 10928 1022
10929 10941 1648
10929 10945 720
10945 10929 720
10945 10940 1654
10945 10946 552
10946 10942 1459
10946 10945 552
10946 10948 1585
10955 10957 1088
10955 10958 1491
10987 10988 1540
10987 10992 2782
10990 10989 1864
10990 13310 345
10999 11000 635
10999 11090 1225
13310 10990 345
13310 13300 696
13301 10951 1072
13301 13300 557
13301 13303 610
13309 13307 1499
13309 13317 1900
13425 13417 601
8210 8211 1566
8212 8276 1161
8212 8381 1321
13338 13337 5896
13338 13359 1625
13394 13354 938
13394 13395 604
13388 13383 1007
13388 13385 950
34780 34781 890
12801 12816 1671
12817 12816 946
12811 12796 4294
12811 12819 1004
12811 13365 3015
13364 13365 611
13368 13367 1120
13368 13370 1671
13371 13361 1850
13371 13370 475
13063 13056 930
13063 13086 1357
13063 13104 2481
13084 13082 1220
13084 13083 1032
13090 13078 1014
13090 13094 4449
13082 13062 1268
13082 13080 1072
13082 13084 1220
13086 13062 847
13086 13063 1357
12795 12793 1225
12795 12800 1007
12800 12795 1007
12800 12816 737
13168 13094 536
13169 13171 2138
13169 13172 1415
13208 13207 344
13208 13211 708
13207 13172 1101
13207 13173 1007
13207 13208 344
13171 13169 2138
13171 13184 3201
13185 13184 1007
13185 13189 511
13202 13198 475
13201 13198 2077
13822 13820 1945
13822 13824 3119
13828 13824 2402
13721 13720 279
13721 13723 2113
13721 13820 2407
13831 13830 475
13831 13838 222
13836 13838 872
13734 13732 1416
13734 34931 330
13794 13793 2005
13794 13876 610
13879 13796 2480
13885 13893 254
13897 13892 2342
13895 13815 475
13895 13892 816
13900 13817 2243
13900 13898 2216
13900 13903 2280
13975 13974 1880
13975 13984 721
13993 23815 3572
13995 14172 598
13991 14172 562
13991 14173 536
14173 13991 536
14173 14195 612
23977 23971 1344
24020 23976 1254
24025 23975 1393
23830 23826 806
23830 23831 1901
23830 23833 2368
23834 23831 869
23834 23992 418
23833 23821 750
23833 23830 2368
23833 23916 649
23910 23909 1398
23910 23914 453
23940 23928 1254
23944 23943 1306
23993 23992 946
23993 35042 1072
14312 14313 321
14312 14314 531
14313 14312 321
14313 14315 533
25146 25089 354
34160 187205 4334
23955 23907 610
23955 23954 238
23908 23907 354
25141 25081 588
25141 25140 485
25140 25079 649
25140 25141 485
25142 14368 222
25142 25079 1209
23973 23972 750
23973 23976 1639
187255 187197 8374
187255 187198 10240
189481 189482 402
189481 189579 336
189587 189585 712
189500 189499 1135
189500 189555 1236
189549 189545 1714
189549 189548 1146
189549 189555 1250
189550 189514 1738
189550 189545 1169
189522 189514 1205
189522 189520 2023
189522 189553 1212
189554 189553 1698
189554 189564 483
189564 189554 483
189564 189565 853
189499 189500 1135
189499 189556 377
189569 189534 703
189569 189565 1843
189569 190184 1150
134655 134656 202
134664 134668 2205
134664 134845 1475
134666 134665 566
134660 139608 619
134844 134845 516
134850 134852 1066
134850 134853 904
134842 134858 551
134857 134860 1719
134862 134853 2875
134862 134860 708
134864 134853 697
134864 134866 2841
134864 134867 983
132946 132947 674
132946 134922 301
134869 134896 713
134921 134922 1955
134921 134923 420
134934 134923 2410
134867 134864 983
134867 134872 2081
134867 134895 1635
134867 134896 1226
135658 135663 373
135658 135664 1026
135666 135664 1438
135666 135678 517
135675 135676 1612
135675 135677 951
135677 135675 951
135677 135680 1741
134943 134939 1205
134943 134944 806
134940 134924 1254
134936 134924 806
134936 134938 1873
134936 134939 872
134511 135747 649
135742 135741 354
135742 135746 631
135742 135747 806
135731 135732 276
135746 135742 631
135746 135744 1064
135681 135680 676
135681 135706 2590
135681 135733 827
135730 135733 1979
135730 135743 1697
134510 134515 212
134519 134518 557
134519 134520 877
134528 134530 1344
134528 134533 551
134529 134520 1336
134529 134530 1341
134578 134576 806
134578 134577 610
134577 134574 877
134577 134578 610
134577 134579 1395
134581 134579 877
134581 136005 1344
136006 136005 475
136006 136007 1120
136009 136007 672
136009 136008 927
136014 136017 951
136014 136018 2348
136018 135961 827
136018 136014 2348
136018 136019 1322
136023 136021 336
136022 136021 672
136022 136037 939
136022 136040 1274
136032 136040 847
136053 136040 1676
136053 136057 1172
136744 136743 10343
137432 137431 735
137013 136992 336
137013 137014 254
136992 137003 1007
136992 137013 336
136992 137014 250
136996 136999 848
136996 137003 1888
136998 136999 2672
136998 137000 672
136958 137034 1897
136997 137000 672
136997 137001 889
137040 137038 840
137040 137039 1362
137040 137041 2557
137040 137042 681
137040 137051 1167
136973 136974 778
136973 136975 504
136972 136974 1306
136972 137051 1362
136972 137052 2000
136972 137054 756
137051 136972 1362
137051 137040 1167
137051 137042 1004
137038 137034 924
137038 137039 1004
137038 137040 840
136975 136973 504
136975 136974 927
136975 137097 336
137097 136975 336
137097 137055 1897
137100 137102 2113
137100 137103 877
137101 137102 840
137103 137100 877
137103 137110 708
137103 137111 1669
137110 137103 708
137110 137112 1445
137114 137112 826
137114 137116 2224
137126 137116 840
137126 137216 1889
137216 137126 1889
137216 137166 764
137015 137014 1917
137026 137003 778
137026 137005 756
137026 137014 841
137028 137005 2113
137007 137005 764
137007 137006 2449
137043 137008 504
137043 137036 667
137043 137045 848
137047 137045 2782
137047 137050 924
137062 137049 1530
137062 137061 588
137062 137063 252
137063 137053 2778
137063 137062 252
137433 137434 1375
137526 137531 1222
137529 137434 756
137529 137437 1000
137529 137531 925
137525 137527 2335
137525 137528 848
137528 137525 848
137528 137536 2224
137537 137536 765
137537 137542 1167
137545 137546 869
137545 137555 1902
137545 137572 1466
137546 137545 869
137546 137575 2153
137546 137606 336
137601 137605 1111
137601 137610 672
137057 137055 1889
137057 137056 840
137058 137053 756
137058 137056 2446
137098 137055 924
137098 137152 840
137163 137155 672
137163 137161 2002
137163 137164 840
137167 137164 2557
137168 137166 2002
137155 137154 2002
137155 137163 672
137152 137098 840
137152 137154 756
137599 137604 694
137609 137611 806
137609 137630 2598
137631 137630 737
137631 137653 2598
138033 137653 877
138033 138036 1671
138037 138036 751
138037 138045 2713
138046 138045 877
138046 138053 1768
138075 138077 222
138218 138216 697
138217 138093 788
138217 138216 1411
138203 138201 1887
138203 138202 1046
138230 138226 504
138230 138232 1000
138230 138233 848
138083 138082 1167
138083 138196 737
138091 138082 809
138093 138197 1411
138093 138217 788
138233 138230 848
138233 138238 336
138358 138239 976
138409 138410 778
138409 138425 1597
138424 138422 757
138424 138425 778
138343 138339 2126
138343 138421 765
138411 138410 588
138411 138412 1161
138384 138399 806
138384 138417 1956
138384 138419 889
138412 138411 1161
138412 138413 738
138375 138376 752
138375 138395 983
138375 138404 1234
138333 138309 765
138333 138331 1031
138333 138335 238
138334 138309 1891
138334 138335 1730
138334 138340 1066
138334 138345 373
138332 138310 581
138332 138331 905
138332 138825 1093
139570 138803 420
138338 138324 1274
138338 138325 667
138338 138339 1675
138338 138340 418
138339 138328 925
138339 138338 1675
138339 138342 682
138339 138343 2126
138840 138824 3335
138840 138839 418
138840 138890 682
138840 139567 1636
138826 138331 1266
138826 138825 778
138826 138831 1009
138828 138827 1554
138828 138829 806
138828 138831 1810
138828 138832 2480
138848 138844 2561
138848 138846 931
138848 138853 841
138848 138891 1421
138848 138893 947
138891 138846 1114
138891 138848 1421
138891 138890 778
138843 138842 536
138843 138844 333
138843 138852 1145
138844 138842 420
138844 138843 333
138844 138847 765
138844 138848 2561
138758 138757 294
138759 138757 340
138779 138778 338
138779 138783 345
138779 138785 268
138789 138777 483
138789 138778 3356
138783 138779 345
138783 138780 420
138783 138784 605
138783 138785 275
138787 138780 695
138787 138782 7612
138787 138786 1001
230071 230015 1725
230071 230092 2046
230071 230148 1281
230093 230092 2186
230093 235587 1825
230093 235588 225
230093 235589 306
230174 230169 1591
230174 230185 597
230187 230186 796
230187 230190 796
230187 230193 754
230188 230186 762
230188 230189 893
230188 230193 687
230188 230209 762
230208 230189 344
230507 230494 2819
230214 230212 1774
230214 230498 706
230499 230314 1119
230499 230498 1675
230499 230631 889
230628 230627 1419
230628 230671 203
230628 230781 850
230667 230627 349
230635 230636 1675
230635 230640 535
230635 230671 2915
230674 230640 2191
229902 229900 2095
229902 229904 1931
229902 231039 679
231059 231039 1225
231059 231060 1004
231059 231061 1511
229893 229855 1004
229893 229870 418
229893 229872 353
229900 229872 1758
229900 229901 889
229900 229902 2095
229888 229886 433
229888 229889 1004
229888 229891 1427
229890 229889 753
229891 229885 1809
229891 229888 1427
229891 229892 1427
231041 229892 1004
231050 231045 472
231050 231049 111
231050 231051 1338
230956 230955 1111
230956 231046 1000
230956 231047 1088
231046 230956 1000
231046 231048 502
231046 231049 1565
230974 230952 1172
230974 230975 1031
230974 230977 1761
231077 231076 1675
230973 230951 2922
230973 230972 687
230973 230976 452
230980 230971 2422
230980 230984 562
230980 230985 753
235272 231031 805
231017 231013 1688
231017 231015 1447
231017 231018 792
231035 231020 2714
231035 234356 683
229862 229861 371
229862 229864 390
229898 229896 2823
229898 229897 201
229898 229899 837
229899 229898 837
229899 229909 670
229899 229946 1297
229913 229912 1700
229913 229946 1148
229913 229956 2191
229953 229948 586
229954 229948 927
229957 229956 514
229781 229779 672
229781 229782 1897
229781 229790 1178
229784 229782 1094
229784 229783 1011
229784 229785 1336
229786 229782 1111
229800 229796 1670
229800 229798 1575
229800 229801 433
229802 229773 1872
229802 229796 1172
229802 229803 562
235179 229796 1822
229788 229729 1004
229788 229790 1780
229788 229791 705
229737 229735 2016
229737 229791 1375
229737 229795 1261
229850 229846 1780
229850 229858 2244
229850 229916 1114
229857 229852 1205
229857 229858 1142
229795 229737 1261
229795 229915 2224
229795 229916 670
229815 229814 837
229930 229814 580
229932 229931 786
229405 229400 2338
229405 229403 2022
229405 229768 433
229777 229768 1678
229777 229775 1336
229777 229778 502
230115 229770 1029
230115 230112 3005
230115 230114 754
230116 230112 1786
230116 230117 1005
230116 230120 2169
229251 229252 1967
229251 229259 91
229251 234419 3566
229251 234977 544
229324 229323 893
229324 229326 1111
229324 229327 1929
229355 229325 837
229355 229327 1004
229355 229356 893
229326 229324 1111
229326 229330 251
229326 229357 1005
229331 229329 753
229331 229332 1375
229331 229334 706
229383 229349 2077
229383 229380 672
229397 229381 2263
229397 229387 2370
229397 229398 1005
229401 229398 1483
229401 229402 1862
229401 229403 333
229767 229400 1606
229776 229775 514
229261 229262 1026
229261 229280 2887
229261 229291 1647
229292 229291 1184
229292 235133 43
229714 229688 905
229714 229700 2679
229714 229715 3365
229716 229688 237
229716 229717 344
229716 229719 1923
229717 229378 435
229717 229691 472
229717 229716 344
229718 229691 756
229718 235402 1136
229718 235402 1136
229379 229378 1048
229379 229720 1297
229379 229721 3545
229753 229721 452
229689 229690 1656
229689 229746 1470
229689 235402 847
229747 229746 1910
229759 229756 587
229783 229756 1187
229783 229780 1447
229783 229784 1011
229779 229722 1669
229779 229780 2206
229779 229781 672
229798 229797 1948
229798 229800 1575
229798 229809 1252
230104 230102 1700
230104 230105 1556
230104 230107 1297
230105 230104 1556
230105 230106 1069
230105 230107 1541
230103 230102 2586
230103 230113 1357
230103 230117 452
230007 230005 874
230007 230006 2151
230007 230013 1208
230007 230014 706
231247 231248 1662
231247 231249 748
231247 231250 746
231249 231247 748
231249 231253 373
231249 231254 1138
234890 234519 144
234890 234889 913
234890 234891 161
234892 234889 2219
231237 231238 325
231237 231239 761
231237 231240 1292
231241 231227 1260
231241 231239 2223
231241 231242 1422
231242 231235 4008
231242 231241 1422
231242 231306 580
231240 231229 474
231240 231237 1292
231240 231273 612
231240 234519 1072
231301 230906 529
231301 231302 2211
231301 231303 784
231301 231305 2304
234676 231303 2023
235254 231313 2377
235254 235255 1913
226752 226729 9290
226752 226754 111
226767 226746 11636
226767 226754 847
226755 226744 3503
226755 226756 1028
226755 226758 793
231633 229122 549
230328 230327 1344
230328 230329 1014
230328 230329 1014
230275 230274 373
230275 230277 139
230274 230265 928
230274 230273 6437
230274 230275 373
230274 230276 168
232139 230273 128
232139 232152 233
232147 232144 503
232147 232146 1111
232147 232149 275
232146 232145 1576
232146 232147 1111
232146 232163 1095
232162 232145 1095
232162 232163 1576
232143 232136 867
232143 232142 1591
232143 232148 670
232143 232153 1906
232144 232141 503
232144 232147 503
232144 232148 1675
232154 232148 1576
232154 232153 749
232154 232155 670
232160 232158 1030
232160 232159 335
232160 232161 1669
232161 232160 1669
232161 232176 1006
232161 232186 1000
232181 34762 373
232181 232176 2643
232181 232180 1423
230336 230332 921
230336 230337 1276
230336 230338 2557
230336 230340 1219
230340 230336 1219
230340 230337 562
230340 230648 1011
230344 230338 1653
230344 230343 1445
230344 230651 168
230647 230341 419
230647 230633 597
230647 230648 1334
230652 230651 1445
8919 8916 942
8919 8925 736
8919 34759 723
8934 8916 459
8934 8925 929
8934 8936 721
8939 8932 540
8939 8936 278
35055 8932 1171
8943 8933 698
8943 8940 439
8945 8933 734
8945 8966 2131
8945 8970 684
8967 8966 735
8967 8968 844
8967 8978 2445
8982 8981 968
8982 8998 1176
8982 8999 849
8990 8989 782
8990 8991 3385
8990 8992 786
8990 8999 2452
8992 8990 786
8992 8993 3333
8992 9001 741
9002 9001 787
9002 9003 2572
9002 9004 786
9005 9003 788
9005 9004 2563
9005 9009 693
9015 9014 960
9231 9011 1680
9231 9014 1061
9231 9234 1196
9225 8777 1086
9225 9224 1243
9225 9234 2872
8777 8778 798
8777 9225 1086
8777 9235 2525
9229 9227 348
9229 9230 2147
9229 9236 2526
9242 9230 295
9242 9241 1824
9242 9250 672
9248 9249 1551
9248 9254 975
9248 9255 1257
9253 9249 986
9253 9254 159
34775 9254 1232
34775 34803 2710
34775 34808 47
9259 9255 1049
9259 9258 1555
9259 9277 1044
9259 9279 2487
9280 9277 1183
9280 9279 1086
9280 9284 1192
9285 9278 2149
9285 9284 1484
9285 9331 923
9286 9287 894
9288 9287 2069
9288 9335 983
9288 9337 1332
9465 9448 3804
9465 9466 2330
9465 9467 883
9465 11991 3131
9468 9467 2918
9468 9687 843
9468 9690 369
10072 9691 694
10072 10067 945
10072 10074 1067
10073 10067 358
9934 9933 1290
9934 9935 1860
9688 9689 643
9688 9695 289
9688 34689 2289
9925 9924 1204
9925 18962 566
9925 34689 1928
34680 34681 556
34680 35231 850
34691 34681 910
10107 10105 167
10107 10223 288
10107 35231 1324
10229 10226 1386
10230 10226 897
10230 10231 194
10230 10234 934
10282 10271 2216
10282 10277 425
10282 10279 552
10282 10287 311
10285 10286 2655
10285 10289 694
10285 10323 685
10285 10326 2272
10286 10285 2655
10286 10289 2417
10325 10323 2958
10325 10326 1045
10325 10330 684
10325 10331 1728
10329 10327 586
10329 10331 1637
10329 10339 755
10337 10328 852
10337 10338 2658
10337 10339 831
10340 10338 724
10340 10339 2653
10340 10342 2436
10335 10221 1345
10335 10414 3370
10335 10624 2144
13054 13055 1362
13060 13055 946
13060 13059 1513
13060 34222 359
13107 13059 2258
13107 13106 1208
13107 34221 894
10906 10902 727
10906 10905 1260
10625 10594 2924
10625 10626 812
10625 34799 1366
10627 10626 1486
10904 10902 544
10609 10602 592
10609 10610 2652
10611 10607 680
10611 10613 1809
10664 10659 1279
10664 10661 2666
10664 10662 295
10642 10618 1927
10642 10639 503
10642 10640 951
10616 10601 2053
10616 10615 1919
10616 10620 835
10619 10615 767
10619 10620 1757
10619 10638 1327
10619 10641 1919
10640 10638 1718
10640 10641 1880
10640 10642 951
10696 10686 403
10696 10695 444
10696 10697 880
10928 10688 660
10928 10697 1584
10928 10929 1022
10941 10929 1648
10941 10940 869
10941 10952 278
10940 10941 869
10940 10942 603
10940 10945 1654
10942 10940 603
10942 10943 493
10942 10946 1459
10948 10946 1585
10948 10949 1337
10948 10957 843
10957 10948 843
10957 10955 1088
10957 10956 1386
10957 10958 1053
10958 10955 1491
10958 10957 1053
10958 10988 936
10988 10958 936
10988 10963 1337
10988 10987 1540
10992 10987 2782
10989 10990 1864
10989 13300 1853
11000 10999 635
11090 10999 1225
13300 10989 1853
13300 13301 557
13300 13310 696
10951 10944 7186
10951 13299 1266
10951 13301 1072
13303 13301 610
13303 13302 1167
13303 13305 737
13307 13306 1575
13307 13309 1499
13317 13309 1900
13317 13324 1305
13317 24754 2183
13417 13418 1610
13417 13425 601
13417 13426 1022
8211 8210 1566
8276 8212 1161
8381 8212 1321
13337 12788 2044
13337 13336 344
13337 13338 5896
13359 13338 1625
13359 13357 2278
13359 13367 750
13354 13349 1794
13354 13382 536
13354 13394 938
13395 13385 676
13395 13394 604
13383 13380 737
13383 13388 1007
13383 13389 611
13385 13379 1340
13385 13388 950
13385 13395 676
34781 34780 890
34781 35122 657
12816 12800 737
12816 12801 1671
12816 12817 946
12816 13126 810
12796 12792 1344
12796 12807 373
12796 12810 993
12796 12811 4294
12819 12811 1004
12819 12813 2282
12819 12814 1248
13365 12811 3015
13365 13364 611
13367 13359 750
13367 13360 1066
13367 13368 1120
13367 13369 2334
13370 13356 1008
13370 13368 1671
13370 13371 475
13361 12814 2666
13361 13366 449
13361 13371 1850
13056 13050 2322
13056 13057 847
13056 13062 1344
13056 13063 930
13104 13050 681
13104 13063 2481
13104 13105 344
13083 13076 1483
13083 13081 1050
13083 13084 1032
13078 13076 1303
13078 13090 1014
13078 13092 3826
13094 13090 4449
13094 13092 1340
13094 13166 3323
13094 13168 536
13062 13056 1344
13062 13058 1014
13062 13082 1268
13062 13086 847
13080 13058 688
13080 13067 676
13080 13081 654
13080 13082 1072
12793 12791 556
12793 12795 1225
13172 13169 1415
13172 13173 201
13172 13207 1101
13211 13208 708
13173 13172 201
13173 13207 1007
13184 13171 3201
13184 13183 667
13184 13185 1007
13189 13183 676
13189 13185 511
13189 13190 418
13198 13190 1883
13198 13200 1292
13198 13201 2077
13198 13202 475
13820 13721 2407
13820 13819 3567
13820 13822 1945
13824 13822 3119
13824 13825 950
13824 13828 2402
13720 13699 354
13720 13721 279
13723 13721 2113
13723 13727 2779
13723 13830 475
13830 13723 475
13830 13729 2851
13830 13831 475
13838 13731 2747
13838 13831 222
13838 13836 872
13732 13731 452
13732 13733 983
13732 13734 1416
34931 13734 330
13793 13733 713
13793 13792 1220
13793 13794 2005
13876 13794 610
13876 13795 2126
13876 14215 850
13796 13788 2480
13796 13795 1008
13796 13879 2480
13893 13885 254
13893 13892 1392
13893 34376 688
13892 13893 1392
13892 13895 816
13892 13897 2342
13815 13811 1671
13815 13813 3626
13815 13895 475
13817 13804 4088
13817 13900 2243
13817 13962 1967
13817 13970 401
13898 13811 872
13898 13899 788
13898 13900 2216
13903 13900 2280
13903 13974 1950
13974 13903 1950
13974 13970 1211
13974 13975 1880
13984 13975 721
23815 13993 3572
23815 23814 475
23815 23816 1062
14172 13991 562
14172 13995 598
14195 14173 612
23971 23943 806
23971 23963 1585
23971 23975 672
23971 23977 1344
23976 23973 1639
23976 23975 877
23976 24020 1254
23975 23971 672
23975 23972 1393
23975 23976 877
23975 24025 1393
23826 23821 2458
23826 23825 336
23826 23830 806
23831 23824 1033
23831 23830 1901
23831 23834 869
23992 23834 418
23992 23993 946
23821 23818 737
23821 23826 2458
23821 23833 750
23821 23911 927
23916 23833 649
23909 23910 1398
23909 23938 268
23914 23910 453
23914 23913 1073
23914 23920 1672
23928 23924 536
23928 23929 1393
23928 23930 1007
23928 23940 1254
23943 23930 737
23943 23944 1306
23943 23960 1533
23943 23971 806
35042 23993 1072
14314 14312 531
14314 14315 261
14314 14319 16085
14315 14313 533
14315 14314 261
14315 14322 5312
25089 25069 1336
25089 25144 510
25089 25145 818
25089 25146 354
187205 34160 4334
187205 187204 1320
23907 23906 1188
23907 23908 354
23907 23955 610
23954 23953 238
23954 23955 238
25081 14245 1692
25081 25078 788
25081 25141 588
25079 14246 544
25079 25140 649
25079 25142 1209
14368 14246 1260
14368 25142 222
14368 25144 279
23972 23963 750
23972 23973 750
23972 23974 1545
23972 23975 1393
187197 187196 5024
187197 187198 2088
187197 187255 8374
187198 187197 2088
187198 187199 1800
187198 187243 1904
187198 187255 10240
187198 189477 1150
189482 189481 402
189482 189483 767
189482 189576 1207
189482 189579 191
189579 189481 336
189579 189482 191
189579 189580 1245
189579 189585 1795
189585 189579 1795
189585 189584 1227
189585 189587 712
189555 189492 1039
189555 189500 1236
189555 189549 1250
189555 189558 685
189545 189515 1748
189545 189544 1178
189545 189549 1714
189545 189550 1169
189548 189492 1218
189548 189544 1738
189548 189547 990
189548 189549 1146
189514 189515 1195
189514 189516 2097
189514 189522 1205
189514 189550 1738
189520 187904 1284
189520 189516 1179
189520 189522 2023
189553 187904 2083
189553 189522 1212
189553 189554 1698
189565 189564 853
189565 189566 836
189565 189569 1843
189556 189499 377
189556 189557 744
189556 189558 1234
189534 189533 761
189534 189535 1094
189534 189566 1765
189534 189569 703
190184 189569 1150
134656 134655 202
134656 134657 2621
134656 134661 1483
134656 139641 2733
134668 134664 2205
134668 134667 582
134845 134664 1475
134845 134844 516
134845 134846 6769
134665 134666 566
134665 134667 354
134665 134669 435
134665 134671 3942
139608 134660 619
134852 134850 1066
134852 134851 1344
134852 134851 1344
134853 134849 939
134853 134850 904
134853 134862 2875
134853 134864 697
134858 134842 551
134858 134851 511
134858 134860 139
134860 134857 1719
134860 134858 139
134860 134862 708
134866 134687 672
134866 134864 2841
134866 134871 1357
134866 134872 869
132947 132946 674
132947 134896 932
132947 134902 1769
134922 132946 301
134922 134921 1955
134922 134925 975
134896 132947 932
134896 134867 1226
134896 134869 713
134896 134898 1395
134923 134921 420
134923 134924 788
134923 134925 2459
134923 134934 2410
134872 134866 869
134872 134867 2081
134872 134874 1362
134895 134867 1635
134895 134897 222
134895 134898 951
135663 135658 373
135663 135661 889
135664 132844 474
135664 135658 1026
135664 135666 1438
135664 135669 279
135678 135666 517
135678 135676 433
135676 132845 1631
135676 135675 1612
135676 135678 433
135676 135680 904
135680 135676 904
135680 135677 1741
135680 135679 2279
135680 135681 676
134939 134936 872
134939 134943 1205
134939 134966 1466
134939 134971 809
134944 134943 806
134944 135659 1223
134944 135660 927
134944 135661 649
134924 134923 788
134924 134936 806
134924 134937 2271
134924 134940 1254
134938 134936 1873
134938 134937 1386
134938 134951 818
134938 134966 1033
135747 134511 649
135747 135742 806
135747 135745 1493
135747 135752 205
135741 135742 354
135732 135731 276
135744 135736 2240
135744 135743 708
135744 135745 708
135744 135746 1064
135706 135679 947
135706 135681 2590
135706 135707 1124
135733 135681 827
135733 135730 1979
135733 135734 951
135743 135730 1697
135743 135744 708
134515 134510 212
134515 134513 747
134515 134516 1280
134515 134518 713
134518 134515 713
134518 134519 557
134518 134523 1341
134520 134200 206
134520 134519 877
134520 134529 1336
134530 134199 1254
134530 134528 1344
134530 134529 1341
134530 134531 1280
134533 134528 551
134533 134534 452
134533 134535 737
134576 134575 403
134576 134578 806
134574 134538 1344
134574 134573 473
134574 134577 877
134579 134538 1008
134579 134577 1395
134579 134580 1306
134579 134581 877
136005 134580 1008
136005 134581 1344
136005 135948 1115
136005 136006 475
136007 135948 676
136007 135951 1066
136007 136006 1120
136007 136009 672
136008 135951 676
136008 136009 927
136008 136017 202
136017 135961 1768
136017 136008 202
136017 136014 951
136017 136016 983
135961 135957 708
135961 135963 1932
135961 136017 1768
135961 136018 827
136019 135989 676
136019 136018 1322
136019 136021 504
136021 136019 504
136021 136022 672
136021 136023 336
136037 135988 1974
136037 135989 1073
136037 136022 939
136037 136038 737
136040 136022 1274
136040 136032 847
136040 136041 950
136040 136053 1676
136057 136053 1172
136057 136054 185
136743 136742 738
136743 136744 10343
136743 136767 592
137431 137432 735
137431 137440 1012
137014 136992 250
137014 137013 254
137014 137015 1917
137014 137026 841
137003 136992 1007
137003 136996 1888
137003 137004 1008
137003 137026 778
136999 136996 848
136999 136998 2672
136999 137002 756
136999 137004 1114
137000 136997 672
137000 136998 672
137000 137001 672
137000 137002 2668
137034 136958 1897
137034 137001 84
137034 137035 452
137034 137038 924
137001 136997 889
137001 137000 672
137001 137034 84
137001 137035 475
137039 137037 279
137039 137038 1004
137039 137040 1362
137039 137044 556
137041 137040 2557
137041 137044 1306
137041 137045 840
137041 137048 764
137041 137049 1532
137041 137050 2778
137042 137040 681
137042 137048 2556
137042 137051 1004
137042 137052 1008
136974 136972 1306
136974 136973 778
136974 136975 927
136974 137054 1004
137052 136972 2000
137052 137042 1008
137052 137053 2451
137052 137056 672
137054 136972 756
137054 136974 1004
137054 137055 764
137054 137056 2002
137055 137054 764
137055 137057 1889
137055 137097 1897
137055 137098 924
137102 137100 2113
137102 137101 840
137102 137111 756
137111 137102 756
137111 137103 1669
137111 137112 756
137112 137110 1445
137112 137111 756
137112 137114 826
137116 137114 2224
137116 137126 840
137116 137162 672
137116 137166 2002
137166 137116 2002
137166 137164 848
137166 137168 2002
137166 137216 764
137005 137004 1444
137005 137007 764
137005 137026 756
137005 137028 2113
137006 137002 238
137006 137004 1283
137006 137007 2449
137006 137008 336
137008 137002 336
137008 137006 336
137008 137036 836
137008 137043 504
137036 137008 836
137036 137035 1558
137036 137037 1028
137036 137043 667
137045 137041 840
137045 137043 848
137045 137044 1000
137045 137047 2782
137050 137041 2778
137050 137047 924
137050 137061 756
137049 137041 1532
137049 137048 1221
137049 137061 1447
137049 137062 1530
137061 137049 1447
137061 137050 756
137061 137062 588
137053 137048 848
137053 137052 2451
137053 137058 756
137053 137063 2778
137434 137433 1375
137434 137436 452
137434 137529 756
137531 136876 1669
137531 137526 1222
137531 137527 672
137531 137529 925
137437 136876 1073
137437 137436 872
137437 137529 1000
137437 137530 1558
137527 137525 2335
137527 137531 672
137527 137532 1891
137527 137536 841
137536 137527 841
137536 137528 2224
137536 137537 765
137536 137542 1000
137542 137532 1283
137542 137536 1000
137542 137537 1167
137555 137545 1902
137555 137556 57
137555 137559 354
137572 137545 1466
137572 137570 1079
137572 137575 1102
137572 137576 1014
137575 137546 2153
137575 137572 1102
137575 137635 452
137575 137636 676
137606 137546 336
137606 137605 676
137606 137634 2736
137605 137601 1111
137605 137606 676
137605 137607 84
137610 137601 672
137610 137604 778
137610 137613 672
137056 137052 672
137056 137054 2002
137056 137057 840
137056 137058 2446
137161 137154 672
137161 137162 848
137161 137163 2002
137164 137162 1891
137164 137163 840
137164 137166 848
137164 137167 2557
137154 137152 756
137154 137155 2002
137154 137161 672
137604 137599 694
137604 137610 778
137604 137611 1299
137611 137604 1299
137611 137609 806
137611 137613 676
137611 137615 2459
137630 137609 2598
137630 137615 827
137630 137631 737
137630 137654 2459
137653 137631 2598
137653 137654 751
137653 138033 877
137653 138034 1730
138036 138033 1671
138036 138034 1008
138036 138037 751
138036 138041 2814
138045 138037 2713
138045 138041 806
138045 138046 877
138045 138052 1715
138053 138046 1768
138053 138052 751
138053 138077 939
138077 138053 939
138077 138075 222
138077 138078 336
138216 138197 788
138216 138201 947
138216 138217 1411
138216 138218 697
138201 138198 1258
138201 138200 536
138201 138203 1887
138201 138216 947
138202 138200 1894
138202 138203 1046
138202 138213 836
138202 138226 1085
138226 138202 1085
138226 138225 750
138226 138230 504
138232 138228 336
138232 138230 1000
138232 138236 202
138082 138079 672
138082 138083 1167
138082 138091 809
138196 138081 612
138196 138083 737
138196 138191 1362
138196 138197 836
138197 138093 1411
138197 138196 836
138197 138216 788
138238 138233 336
138238 138236 697
138238 138239 1167
138239 138238 1167
138239 138358 976
138239 138361 1206
138410 138409 778
138410 138411 588
138410 138414 308
138425 138409 1597
138425 138424 778
138425 138433 511
138425 138435 673
138422 138421 1669
138422 138424 757
138422 138427 757
138421 138343 765
138421 138344 782
138421 138422 1669
138421 138426 765
138399 138378 336
138399 138384 806
138399 138398 202
138399 138401 2648
138417 138384 1956
138417 138413 697
138417 138418 788
138417 138434 1683
138419 138384 889
138419 138418 1814
138419 138447 697
138413 138412 738
138413 138414 439
138413 138415 516
138413 138417 697
138395 138375 983
138395 138396 1357
138395 138397 827
138404 138375 1234
138404 138405 4738
138404 138621 3579
138331 138332 905
138331 138333 1031
138331 138826 1266
138335 138333 238
138335 138334 1730
138335 138336 252
138340 138334 1066
138340 138338 418
138340 138341 2273
138340 138345 939
138345 138334 373
138345 138340 939
138345 138346 2407
138345 138347 827
138342 138339 682
138342 138341 588
138342 138344 1114
138839 138837 2668
138839 138840 418
138839 138878 1341
138839 138889 1891
138890 138840 682
138890 138891 778
138890 138892 517
138890 138899 828
139567 138840 1636
139567 139569 1275
138827 138336 751
138827 138828 1554
138827 138829 1395
138829 138337 827
138829 138827 1395
138829 138828 806
138829 138830 2407
138832 138828 2480
138832 138830 676
138832 138837 1768
138853 138847 2446
138853 138848 841
138853 138855 765
138853 138893 688
138893 138848 947
138893 138853 688
138893 138894 1576
138893 138958 878
138852 138843 1145
138852 138847 1225
138852 138849 1073
138847 138844 765
138847 138852 1225
138847 138853 2446
138847 138854 841
138785 138779 268
138785 138783 275
138785 138784 405
138777 138775 554
138777 138776 352
138777 138789 483
138784 138783 605
138784 138785 405
138784 138786 452
138782 138781 534
138782 138787 7612
138786 138784 452
138786 138787 1001
138786 138788 7063
230015 230012 1923
230015 230061 1276
230015 230070 2007
230015 230071 1725
230148 230071 1281
230148 235585 1705
230148 235586 343
235587 230093 1825
235588 230093 225
235589 230093 306
230169 230167 845
230169 230170 1786
230169 230174 1591
230190 230187 796
230190 230191 4370
230190 230192 2896
230190 230195 871
230193 230187 754
230193 230188 687
230193 230194 667
230193 230210 754
230209 230188 762
230209 230210 796
230209 230211 1345
230212 230194 670
230212 230210 672
230212 230213 1889
230212 230214 1774
230314 230313 2750
230314 230499 1119
230631 230499 889
230671 230628 203
230671 230635 2915
230671 235418 151
230781 230628 850
230636 230635 1675
229904 229902 1931
229904 229903 1380
229904 229907 1454
231060 229911 1225
231060 231059 1004
231060 231062 586
231061 231059 1511
229855 229854 2188
229855 229893 1004
229855 229894 418
229870 229869 1454
229870 229869 1454
229870 229893 418
229901 229894 1772
229901 229900 889
229901 229903 667
229886 229881 679
229886 229887 475
229886 229888 433
229885 229884 610
229885 229891 1809
229885 231036 1036
231045 231043 1218
231045 231050 472
230955 230954 275
230955 230956 1111
230955 230975 1582
231048 230950 1177
231048 231046 502
230952 230948 837
230952 230951 344
230952 230953 1124
230952 230974 1172
230975 230953 1260
230975 230955 1582
230975 230974 1031
230951 230952 344
230951 230972 2992
230951 230973 2922
230972 230951 2992
230972 230964 1004
230972 230973 687
230972 230979 1506
230971 230964 1192
230971 230966 1139
230971 230980 2422
230985 230980 753
230985 231026 2555
230985 231026 2555
231013 231011 1605
231013 231014 2191
231013 231017 1688
231015 231009 889
231015 231016 705
231015 231017 1447
234356 231035 683
229861 229862 371
229896 229853 2021
229896 229898 2823
229896 229905 1260
229909 229899 670
229909 229906 1225
229909 229912 1339
229912 229908 667
229912 229909 1339
229912 229913 1700
229785 229784 1336
229801 229800 433
229773 229774 901
229773 229797 778
229773 229802 1872
229803 229802 562
229729 229720 2285
229729 229788 1004
229729 229789 875
229735 229730 2013
229735 229734 1447
229735 229737 2016
229846 229845 778
229846 229847 714
229846 229850 1780
229852 229849 837
229852 229851 889
229852 229857 1205
229915 229795 2224
229403 229401 333
229403 229404 712
229403 229405 2022
229778 229777 502
230112 230113 837
230112 230115 3005
230112 230116 1786
230114 229404 1014
230114 230109 580
230114 230111 864
230114 230115 754
229259 229251 91
234419 229251 3566
234419 229258 1243
234977 229251 544
234977 229262 393
234977 234978 1501
229323 229321 2007
229323 229324 893
229323 229325 1088
229325 229323 1088
229325 229354 1114
229325 229355 837
229356 229297 1219
229356 229355 893
229330 229320 753
229330 229326 251
229329 229328 2375
229329 229331 753
229329 229333 950
229332 229331 1375
229349 229348 778
229349 229383 2077
229349 234473 569
229381 229382 936
229381 229385 1425
229381 229397 2263
229387 229388 921
229387 229393 445
229387 229397 2370
229402 229393 903
229402 229401 1862
229402 235399 530
229262 229261 1026
229262 234977 393
229280 229261 2887
229280 229279 893
229280 229281 2854
235133 229292 43
229700 229685 344
229700 229714 2679
229715 229714 3365
229715 229723 1124
229715 229726 1322
229715 229727 1276
229719 229716 1923
229719 229726 1094
229378 229379 1048
229378 229717 435
229378 231450 956
235402 229689 847
235402 229718 1136
235402 229718 1136
229720 229379 1297
229720 229722 2138
229720 229729 2285
229690 229689 1656
229722 229720 2138
229722 229755 1938
229722 229779 1669
229797 229773 778
229797 229798 1948
229797 229799 786
230102 230101 2007
230102 230103 2586
230102 230104 1700
230106 230105 1069
230113 230103 1357
230113 230110 1669
230113 230112 837
230005 230004 1070
230005 230007 874
230006 230002 2519
230006 230007 2151
230013 230007 1208
230013 230012 1134
231250 231246 1632
231250 231247 746
231250 231251 627
231253 231249 373
234519 231240 1072
234519 234518 869
234519 234890 144
234891 234890 161
231238 231232 301
231238 231237 325
231238 235438 373
231227 231219 1344
231227 231223 1058
231227 231236 222
231227 231241 1260
231235 230906 563
231235 231215 2113
231235 231233 669
231235 231242 4008
231229 231225 874
231229 231232 1248
231229 231240 474
230906 230907 4131
230906 231235 563
230906 231301 529
231302 231301 2211
235255 235254 1913
226729 226728 5415
226729 226752 9290
226746 226705 1860
226746 226747 3796
226746 226767 11636
226744 226737 10729
226744 226755 3503
226744 235566 1215
226758 226755 793
226758 226757 644
230327 230326 2468
230327 230328 1344
230327 230335 1763
230265 230264 1556
230265 230270 353
230265 230274 928
232152 232139 233
232145 230271 1194
232145 232146 1576
232145 232162 1095
232136 232134 670
232136 232143 867
232136 232151 1234
232142 232131 928
232142 232141 353
232142 232143 1591
232153 232143 1906
232153 232154 749
232153 232156 344
232141 230271 2480
232141 232142 353
232141 232144 503
232158 232156 445
232158 232160 1030
232158 232182 445
232186 232161 1000
