1210
49752 49779 1483
49761 49762 355
53681 53683 168
53726 53725 7242
54763 54789 904
141312 141313 834
141312 141326 704
141326 141312 704
141326 141315 902
195348 144272 1207
195348 195343 1443
195348 195349 1218
144259 144216 474
144259 144260 192
144259 144260 192
195469 195478 1539
195469 195479 815
195470 195349 856
195470 195354 1358
195470 195478 745
195349 195348 1218
195349 195353 1393
195349 195470 856
195519 195520 827
195532 195534 1538
195539 195534 1628
195539 196296 584
196290 196289 807
196290 196298 895
196290 196299 1517
196192 196189 2074
196192 196195 803
196192 196206 1367
195455 196189 423
195453 195526 785
195453 196191 937
195454 196189 684
195454 196191 1119
195454 196193 1277
195450 196189 899
196198 196199 2628
196202 196205 915
196202 196270 476
196200 196207 932
196200 196213 845
196206 196192 1367
196206 196207 278
196206 196210 639
141334 141315 748
141334 141327 866
141330 141328 602
141330 141331 2246
141331 141330 2246
141331 141381 1260
141331 141382 787
141395 141381 1679
141395 141397 879
141399 141401 1470
141399 144193 1488
141400 144193 728
141031 141034 826
141031 141040 1332
141039 141040 885
141039 141118 1888
141114 141118 772
141114 141126 1379
141130 141131 849
141130 141310 1434
141309 141310 774
141309 141313 1467
141126 141114 1379
141126 141131 1413
141126 141132 776
189896 189895 147
189896 189928 1808
189928 189844 167
189928 189896 1808
190294 189843 624
189931 189930 426
189931 189934 648
190329 189934 276
190334 190332 892
190334 190336 861
190334 190339 385
190339 190334 385
190339 190336 753
190339 190341 1164
190341 190339 1164
190341 190340 746
190343 190340 663
190343 190342 812
186602 186603 569
186604 186603 621
186604 186606 586
186604 189695 780
189698 189697 818
189700 190373 1588
190372 190364 832
139807 140029 693
139807 140039 790
139807 140040 713
140025 139803 621
140025 140027 829
140025 140029 957
140069 140040 883
140069 140072 1697
140071 140072 769
140071 140073 219
190411 190405 558
190411 190415 506
190413 187267 675
190413 187267 675
190413 190409 622
190413 190410 382
190431 190405 1461
190407 190408 538
190407 190409 2366
190407 190416 479
190408 190407 538
190408 190410 1559
190690 190416 570
139916 139912 254
139916 139924 248
139928 139927 674
139928 139961 1615
139928 139962 261
139929 139960 1350
139929 139962 642
139929 151893 788
190420 190421 997
190420 190454 779
190427 188330 278
190427 190426 319
190462 190454 870
190462 190463 582
190463 190456 917
190463 190462 582
190465 190456 351
190465 190460 442
190256 190289 2453
186605 186603 1159
186605 186606 998
189693 189694 240
189693 190405 1646
141034 141031 826
141034 141041 1395
141038 141041 1217
141038 141077 1074
141077 141038 1074
141077 141041 602
141077 141078 343
141079 141141 385
141079 141144 431
141143 141144 738
141143 141160 1888
141089 141092 345
141094 141092 451
141094 141096 204
141095 141096 1536
141095 141147 809
141095 141167 1880
141161 141160 790
141161 141165 1434
141161 141167 810
141697 141698 840
141070 141069 2125
141070 141728 1887
141070 142139 815
141702 141698 816
141702 141703 941
141705 141703 426
141705 141711 213
141705 141714 1145
141706 141712 851
141706 141729 377
141728 141070 1887
141728 141730 829
141069 141070 2125
141069 141071 867
141069 141086 2163
141082 141086 816
55630 55627 2034
55630 55628 1168
55690 55689 1323
55705 55849 1352
55705 56038 1352
55705 56039 782
55849 55705 1352
55849 56042 782
56148 56144 766
56148 56150 849
56150 56148 849
56150 56152 1564
56166 56168 781
56170 56168 1366
56170 56174 782
56170 56175 1449
56228 56175 893
56612 56614 742
56612 56793 2972
56786 56787 1600
56792 56794 366
189874 189828 862
189874 189881 754
189874 189883 677
189884 189883 704
189884 189891 848
189891 189884 848
189891 189895 620
189828 189829 753
189828 189874 862
196660 196656 1772
196660 196657 898
196662 196656 788
196662 196663 1207
196659 196657 1049
196663 196650 777
196663 196662 1207
197212 197227 827
197230 197227 683
197245 197243 870
197245 197246 2420
197245 197253 683
202593 202592 368
202593 202594 1722
202608 202594 684
202608 202609 2552
202618 202615 863
202618 202619 1917
202618 202762 755
202761 202763 791
202761 202768 755
202762 202618 755
202762 202763 684
202762 202764 2011
202767 202768 1119
202767 202779 846
202785 202781 766
202785 202786 1010
202786 202782 774
202786 202785 1010
202786 202790 2556
204154 204157 796
204154 204174 2256
204158 204174 673
204158 204182 731
204158 204199 3274
203925 203922 710
203925 203928 1927
204149 203928 641
204149 204181 2725
204182 204158 731
204182 204186 213
203914 203866 277
203914 203915 1637
203917 203918 822
203917 203920 1956
203920 203917 1956
203920 203922 526
203920 203923 790
203921 203922 1183
204157 204154 796
204157 204175 1899
204172 204178 1257
204176 204178 759
204179 204201 1211
204226 204178 797
204226 204227 990
204244 204231 326
204232 204231 3201
204232 204235 751
204232 204270 1662
204273 204270 796
204273 204276 2164
207066 207068 2137
207066 207069 867
207067 204276 623
207067 207068 1036
207067 207072 284
203652 203653 835
203652 207069 1654
202792 202790 927
203574 202784 352
203574 202790 410
203536 203535 2060
203472 203257 765
203472 203568 1732
203642 203643 781
203642 203889 593
207095 207094 7
207109 207108 476
207109 207110 1661
207111 207112 962
207111 207113 692
207056 207059 823
207056 207108 1192
207064 207110 624
207064 207130 469
206036 207319 1043
207317 207318 1010
207317 207319 767
207298 207303 630
207298 207323 751
207314 207321 796
207314 207324 1038
207323 207298 751
207323 207324 709
207320 207313 879
207320 207321 1301
207313 207318 336
207313 207320 879
207296 207303 591
203960 203961 309
207301 207302 873
196283 196284 288
196492 196285 883
196286 196285 796
196286 196494 922
196495 196494 883
196495 196499 781
196513 196499 1535
196506 196499 1023
196506 196501 947
196506 196509 922
196518 196509 1534
196518 196522 791
196523 196520 1484
196523 196522 639
196523 196524 1032
196586 196587 822
196595 196587 834
196595 196596 1540
196598 196596 675
196598 196601 747
196598 196654 1339
196601 196598 747
196601 196657 1336
206050 206042 1936
206050 206051 1274
206050 206053 1857
206052 206053 1175
198917 198916 724
198917 206039 363
198917 207380 1168
206037 207123 2028
206037 207319 867
206037 207380 434
206039 198917 363
206039 206040 1163
206039 206042 969
206042 206039 969
206042 206043 1234
206042 206050 1936
206695 206053 1651
206695 214370 694
206695 214371 1312
214369 206709 751
214369 214370 810
206709 206710 2201
206709 214369 751
206711 206710 815
206711 206723 2923
206724 206774 207
206791 206794 752
206775 206774 1515
206775 207927 975
206775 208003 354
206943 206948 708
206946 206947 797
207011 206947 3433
207011 207012 382
207014 206965 1012
207014 207015 1016
207015 207014 1016
207015 208291 691
207021 207031 893
207021 207034 745
207021 208291 2040
207031 207021 893
207031 207033 962
207032 207033 622
209317 209323 1430
209317 209324 419
209361 209359 1166
209361 209362 2394
209364 209362 709
209364 209388 1128
209389 209388 773
209389 209391 1468
209389 209396 711
209392 209381 382
209392 209395 1162
209381 209392 382
209381 209393 704
178833 178834 1033
178833 178949 688
178841 178840 1768
178841 178963 1985
178962 178963 2861
178962 178967 2087
178976 178936 1865
178976 178977 354
178982 178981 893
178982 179000 1876
179005 178987 1617
178986 178985 1116
178986 178987 1004
178986 179008 905
179009 179008 1015
179009 179025 1357
179025 179009 1357
179025 179029 1116
179026 179027 599
179026 179275 1796
179280 179277 709
179276 179277 1565
179276 179278 682
173430 173429 889
173430 174007 624
180327 180328 2322
180327 180329 1719
180348 180347 1821
180348 180351 796
180711 180354 252
180353 180328 1115
180353 180354 1985
180700 180710 1663
180700 180753 2855
180751 180753 818
163152 163160 709
163152 163161 568
172652 163585 523
163158 163160 1530
163326 163120 953
163326 163327 1111
163326 163585 842
163121 163120 2452
163121 163181 2716
163121 172658 389
163181 163121 2716
163181 163182 435
163120 163121 2452
163120 163326 953
163120 163328 359
163149 163148 111
163192 163193 713
163197 163198 688
184606 163196 1483
163190 163193 790
184732 172648 2590
163166 163167 818
163166 163175 683
163176 163175 924
163176 163177 1225
183428 183436 552
183434 183435 905
183434 183437 790
183432 183430 709
183432 184845 403
184841 184840 3763
184838 184840 589
184838 184844 4782
184812 184849 2377
184771 184770 435
184771 184778 552
184777 184778 713
184784 184778 1064
184784 184785 818
184921 184785 1064
184921 184920 1064
184921 184922 848
184854 184849 476
184854 184886 2139
184887 184886 630
184887 184890 752
184887 184893 2306
184836 184891 849
184836 184896 688
184890 184887 752
184890 184891 848
184825 184826 796
184825 184896 1552
184827 184826 1853
184827 184934 985
184827 184935 818
184920 184921 1064
184920 184926 905
184920 184930 1035
184934 184827 985
184934 184930 796
184741 184743 738
184741 184750 2139
184758 184750 709
184758 184759 1581
184758 184760 709
184760 184758 709
184760 184761 1678
184760 184763 790
184738 166187 1445
184738 184744 337
184743 184741 738
184743 184745 1768
184764 184762 818
184770 184769 905
184770 184771 435
183401 183439 1454
183438 183429 435
183438 183440 337
183429 183436 1935
183429 183438 435
180729 180730 1146
180729 180731 682
180817 180730 6396
180817 180818 667
180826 177526 553
180826 180827 751
182019 182068 3158
182019 186016 2986
185806 182035 385
182509 182510 452
182509 182877 889
182509 183461 765
182894 182876 610
182894 182895 1550
182586 182587 452
182586 182588 562
182588 182586 562
182588 182589 1560
182591 182592 1652
182592 182591 1652
183658 185237 2272
185237 183658 2272
174134 174135 1467
174135 174134 1467
183845 183846 782
183846 183845 782
209557 209559 830
209559 209557 830
209570 209581 1044
209581 209570 1044
211609 211610 828
211663 211665 1288
211665 211663 1288
211610 211609 828
211660 211697 602
211697 211660 602
211656 211666 657
211666 211656 657
210470 210475 1605
163270 163316 796
163003 163284 984
163316 163270 796
163286 163304 818
163284 163003 984
163304 163286 818
210475 210470 1605
211911 211912 860
211912 211911 860
179066 179076 1221
179148 179162 738
179162 179148 738
179076 179066 1221
179267 179278 2153
179279 179278 765
179234 179243 796
179243 179234 796
115381 115385 1124
115385 115381 1124
32354 32356 320
32356 32354 320
192243 192244 2833
192244 192243 2833
34100 29588 1159
29588 34100 1159
33057 33056 592
33056 33057 592
107986 107988 1393
107988 107986 1393
107996 107998 846
107998 107996 846
33496 33498 924
33496 33498 924
33498 33496 924
33498 33496 924
33757 33761 788
33761 33757 788
18337 18335 950
18335 18337 950
18650 18691 475
18691 18650 475
18634 18638 1467
18638 18634 1467
26616 26632 468
26632 26616 468
26144 26146 809
26146 26144 809
26543 26544 536
26544 26543 536
26544 26549 2367
26549 26544 2367
26573 26572 975
26263 26262 1363
26572 26573 975
26262 26263 1363
27285 29328 1034
29328 27285 1034
27322 27325 789
27325 27322 789
27329 27341 276
27357 27346 952
27341 27329 276
27346 27357 952
29105 29100 2175
29100 29105 2175
52936 53127 1395
53108 53110 1115
53110 53108 1115
53193 53032 1221
53032 53193 1221
53034 53036 1021
53036 53034 1021
53055 53064 1221
53064 53055 1221
53078 53079 873
53079 53078 873
53127 52936 1395
54801 54883 906
54883 54801 906
55598 55625 1029
55625 55598 1029
55625 55624 1029
55624 55625 1029
55628 55630 1168
49731 49733 924
49733 49731 924
49779 49752 1483
49762 49761 355
53683 53681 168
53725 53726 7242
54789 54763 904
141313 141309 1467
141313 141312 834
141313 141315 477
141315 141313 477
141315 141326 902
141315 141327 329
141315 141334 748
144272 195348 1207
195343 195348 1443
144216 144259 474
144260 144259 192
144260 144259 192
195478 195469 1539
195478 195470 745
195479 195469 815
195354 195353 756
195354 195470 1358
195353 195349 1393
195353 195354 756
195520 195519 827
195534 195532 1538
195534 195539 1628
196296 195539 584
196296 196298 683
196289 196290 807
196298 196290 895
196298 196296 683
196299 196290 1517
196189 195450 899
196189 195454 684
196189 195455 423
196189 196192 2074
196195 196192 803
196195 196193 755
195526 195453 785
196191 195453 937
196191 195454 1119
196193 195454 1277
196193 196195 755
196199 196198 2628
196199 196205 864
196199 196213 329
196205 196199 864
196205 196202 915
196270 196202 476
196207 196200 932
196207 196206 278
196207 196210 663
196213 196199 329
196213 196200 845
196210 196206 639
196210 196207 663
141327 141315 329
141327 141328 453
141327 141334 866
141328 141327 453
141328 141330 602
141381 141331 1260
141381 141395 1679
141382 141331 787
141397 141395 879
141397 141401 337
141401 141397 337
141401 141399 1470
144193 141399 1488
144193 141400 728
141040 141031 1332
141040 141039 885
141118 141039 1888
141118 141114 772
141118 141132 1416
141131 141126 1413
141131 141130 849
141310 141130 1434
141310 141309 774
141132 141118 1416
141132 141126 776
189895 189891 620
189895 189896 147
189844 189843 772
189844 189928 167
189843 189844 772
189843 190294 624
189930 189931 426
189930 190332 377
189934 189931 648
189934 190329 276
190332 189930 377
190332 190334 892
190336 190334 861
190336 190339 753
190336 190340 1073
190340 190336 1073
190340 190341 746
190340 190343 663
190342 190343 812
186603 186602 569
186603 186604 621
186603 186605 1159
186606 186604 586
186606 186605 998
186606 189695 883
189695 186604 780
189695 186606 883
189695 189694 1279
189697 189698 818
190373 189700 1588
190373 190364 861
190364 190372 832
190364 190373 861
140029 139807 693
140029 140025 957
140029 140027 330
140039 139807 790
140040 139807 713
140040 140069 883
139803 140025 621
140027 140025 829
140027 140029 330
140072 140069 1697
140072 140071 769
140073 140071 219
190405 189693 1646
190405 190411 558
190405 190415 537
190405 190431 1461
190415 190405 537
190415 190411 506
187267 190409 246
187267 190413 675
187267 190413 675
190409 187267 246
190409 190407 2366
190409 190410 634
190409 190413 622
190410 190408 1559
190410 190409 634
190410 190413 382
190416 190407 479
190416 190690 570
139912 139916 254
139924 139916 248
139927 139928 674
139961 139928 1615
139962 139928 261
139962 139929 642
139960 139929 1350
151893 139929 788
190421 190420 997
190454 190420 779
190454 190456 610
190454 190462 870
188330 190426 241
188330 190427 278
190426 188330 241
190426 190427 319
190456 190454 610
190456 190463 917
190456 190465 351
190460 190465 442
190289 190256 2453
189694 189693 240
189694 189695 1279
141041 141034 1395
141041 141038 1217
141041 141077 602
141078 141077 343
141141 141079 385
141144 141079 431
141144 141143 738
141160 141143 1888
141160 141161 790
141092 141086 947
141092 141089 345
141092 141094 451
141096 141094 204
141096 141095 1536
141147 141095 809
141167 141095 1880
141167 141161 810
141165 141161 1434
141698 141697 840
141698 141702 816
141698 141703 556
142139 141070 815
142139 141071 2014
142139 141730 1899
141703 141698 556
141703 141702 941
141703 141705 426
141711 141705 213
141711 141712 787
141714 141705 1145
141712 141706 851
141712 141711 787
141712 141729 723
141729 141706 377
141729 141712 723
141729 141730 2065
141730 141728 829
141730 141729 2065
141730 142139 1899
141071 141069 867
141071 142139 2014
141086 141069 2163
141086 141082 816
141086 141092 947
55627 55630 2034
55689 55690 1323
56038 55705 1352
56039 55705 782
56039 56042 1352
56042 55849 782
56042 56039 1352
56042 56144 683
56144 56042 683
56144 56148 766
56152 56150 1564
56152 56168 589
56168 56152 589
56168 56166 781
56168 56170 1366
56174 56170 782
56175 56170 1449
56175 56228 893
56614 56612 742
56793 56612 2972
56793 56794 517
56787 56786 1600
56794 56792 366
56794 56793 517
189881 189829 862
189881 189874 754
189883 189874 677
189883 189884 704
189829 189828 753
189829 189881 862
196656 196660 1772
196656 196662 788
196657 196601 1336
196657 196654 838
196657 196659 1049
196657 196660 898
196650 196663 777
197227 197212 827
197227 197230 683
197243 197245 870
197246 197245 2420
197253 197245 683
202592 202593 368
202594 202593 1722
202594 202608 684
202609 202608 2552
202615 202618 863
202619 202618 1917
202619 202764 656
202763 202761 791
202763 202762 684
202768 202761 755
202768 202767 1119
202764 202619 656
202764 202762 2011
202779 202767 846
202779 202781 747
202781 202779 747
202781 202782 1120
202781 202785 766
202782 202781 1120
202782 202784 2803
202782 202786 774
202790 202786 2556
202790 202792 927
202790 203574 410
204174 204154 2256
204174 204158 673
204174 204175 882
204199 204158 3274
203922 203920 526
203922 203921 1183
203922 203925 710
203928 203925 1927
203928 204149 641
204181 204149 2725
204181 204186 547
204186 204181 547
204186 204182 213
203866 203914 277
203915 203914 1637
203915 203918 779
203918 203915 779
203918 203917 822
203923 203920 790
204175 204157 1899
204175 204174 882
204175 204201 927
204178 204172 1257
204178 204176 759
204178 204226 797
204201 204175 927
204201 204179 1211
204227 204226 990
204231 204232 3201
204231 204244 326
204235 204232 751
204270 204232 1662
204270 204273 796
204276 204273 2164
204276 207067 623
207068 207066 2137
207068 207067 1036
207069 203652 1654
207069 207066 867
207072 207067 284
203653 203652 835
202784 202782 2803
202784 203574 352
203535 203536 2060
203257 203472 765
203568 203472 1732
203643 203642 781
203889 203642 593
207094 207095 7
207108 207056 1192
207108 207109 476
207110 207064 624
207110 207109 1661
207112 207111 962
207113 207111 692
207059 207056 823
207130 207064 469
207319 206036 1043
207319 206037 867
207319 207317 767
207318 207313 336
207318 207317 1010
207303 207296 591
207303 207298 630
207321 207314 796
207321 207320 1301
207324 207314 1038
207324 207323 709
203961 203960 309
207302 207301 873
196284 196283 288
196284 196285 456
196285 196284 456
196285 196286 796
196285 196492 883
196494 196286 922
196494 196495 883
196499 196495 781
196499 196506 1023
196499 196513 1535
196501 196506 947
196509 196506 922
196509 196518 1534
196522 196518 791
196522 196523 639
196520 196523 1484
196524 196523 1032
196587 196586 822
196587 196595 834
196596 196595 1540
196596 196598 675
196654 196598 1339
196654 196657 838
206051 206043 2012
206051 206050 1274
206053 206050 1857
206053 206052 1175
206053 206695 1651
198916 198917 724
207380 198917 1168
207380 206037 434
207380 206040 346
207123 206037 2028
206040 206039 1163
206040 206043 871
206040 207380 346
206043 206040 871
206043 206042 1234
206043 206051 2012
214370 206695 694
214370 214369 810
214371 206695 1312
214371 206710 1583
206710 206709 2201
206710 206711 815
206710 214371 1583
206723 206711 2923
206723 206774 752
206774 206723 752
206774 206724 207
206774 206775 1515
206794 206791 752
207927 206775 975
208003 206775 354
206948 206943 708
206948 206947 2136
206947 206946 797
206947 206948 2136
206947 207011 3433
207012 207011 382
206965 207014 1012
208291 207015 691
208291 207021 2040
207034 207021 745
207033 207031 962
207033 207032 622
209323 209317 1430
209324 209317 419
209359 209361 1166
209362 209361 2394
209362 209364 709
209388 209364 1128
209388 209389 773
209391 209389 1468
209396 209389 711
209396 209395 187
209395 209392 1162
209395 209396 187
209393 209381 704
178834 178833 1033
178949 178833 688
178840 178841 1768
178963 178841 1985
178963 178962 2861
178967 178962 2087
178936 178976 1865
178977 178976 354
178981 178982 893
178981 178987 344
179000 178982 1876
178987 178981 344
178987 178986 1004
178987 179005 1617
178985 178986 1116
179008 178986 905
179008 179009 1015
179008 179029 1454
179029 179008 1454
179029 179025 1116
179027 179026 599
179275 179026 1796
179275 179277 252
179277 179275 252
179277 179276 1565
179277 179280 709
179278 179267 2153
179278 179276 682
179278 179279 765
173429 173430 889
174007 173430 624
180328 180327 2322
180328 180347 2645
180328 180353 1115
180329 180327 1719
180347 180328 2645
180347 180348 1821
180347 180354 889
180351 180348 796
180354 180347 889
180354 180353 1985
180354 180711 252
180710 180700 1663
180753 180700 2855
180753 180751 818
163160 163152 709
163160 163158 1530
163160 163167 766
163161 163152 568
163585 163326 842
163585 172652 523
163327 163326 1111
172658 163121 389
163182 163181 435
163328 163120 359
163148 163149 111
163193 163190 790
163193 163192 713
163193 163198 709
163198 163193 709
163198 163197 688
163196 184606 1483
172648 184732 2590
163167 163160 766
163167 163166 818
163175 163166 683
163175 163176 924
163177 163176 1225
183436 183428 552
183436 183429 1935
183436 183437 1686
183435 183434 905
183437 183434 790
183437 183436 1686
183430 183432 709
184845 183432 403
184845 184840 355
184840 184838 589
184840 184841 3763
184840 184845 355
184844 184838 4782
184849 184812 2377
184849 184854 476
184778 184771 552
184778 184777 713
184778 184784 1064
184785 184784 818
184785 184921 1064
184922 184921 848
184922 184926 552
184886 184854 2139
184886 184887 630
184893 184887 2306
184891 184836 849
184891 184890 848
184896 184825 1552
184896 184836 688
184826 184825 796
184826 184827 1853
184935 184827 818
184935 184930 1065
184926 184920 905
184926 184922 552
184930 184920 1035
184930 184934 796
184930 184935 1065
184750 184741 2139
184750 184745 766
184750 184758 709
184759 184758 1581
184761 184760 1678
184763 184760 790
184763 184762 452
166187 184738 1445
184744 184738 337
184744 184745 828
184745 184743 1768
184745 184744 828
184745 184750 766
184762 184763 452
184762 184764 818
184762 184769 1035
184769 184762 1035
184769 184770 905
183439 183401 1454
183439 183440 517
183440 183438 337
183440 183439 517
180730 180729 1146
180730 180817 6396
180731 180729 682
180818 180817 667
180818 180827 2340
177526 180826 553
180827 180818 2340
180827 180826 751
182068 182019 3158
186016 182019 2986
182035 185806 385
182510 182509 452
182877 182509 889
182877 182876 765
183461 182509 765
182876 182877 765
182876 182894 610
182895 182894 1550
182587 182586 452
182589 182588 1560
959
49752
49761
53681
53726
54763
141312
141326
195348
144259
195469
195470
195349
195519
195532
195539
196290
196192
195455
195453
195454
195450
196198
196202
196200
196206
141334
141330
141331
141395
141399
141400
141031
141039
141114
141130
141309
141126
189896
189928
190294
189931
190329
190334
190339
190341
190343
186602
186604
189698
189700
190372
139807
140025
140069
140071
190411
190413
190431
190407
190408
190690
139916
139928
139929
190420
190427
190462
190463
190465
190256
186605
189693
141034
141038
141077
141079
141143
141089
141094
141095
141161
141697
141070
141702
141705
141706
141728
141069
141082
55630
55690
55705
55849
56148
56150
56166
56170
56228
56612
56786
56792
189874
189884
189891
189828
196660
196662
196659
196663
197212
197230
197245
202593
202608
202618
202761
202762
202767
202785
202786
204154
204158
203925
204149
204182
203914
203917
203920
203921
204157
204172
204176
204179
204226
204244
204232
204273
207066
207067
203652
202792
203574
203536
203472
203642
207095
207109
207111
207056
207064
206036
207317
207298
207314
207323
207320
207313
207296
203960
207301
196283
196492
196286
196495
196513
196506
196518
196523
196586
196595
196598
196601
206050
206052
198917
206037
206039
206042
206695
214369
206709
206711
206724
206791
206775
206943
206946
207011
207014
207015
207021
207031
207032
209317
209361
209364
209389
209392
209381
178833
178841
178962
178976
178982
179005
178986
179009
179025
179026
179280
179276
173430
180327
180348
180711
180353
180700
180751
163152
172652
163158
163326
163121
163181
163120
163149
163192
163197
184606
163190
184732
163166
163176
183428
183434
183432
184841
184838
184812
184771
184777
184784
184921
184854
184887
184836
184890
184825
184827
184920
184934
184741
184758
184760
184738
184743
184764
184770
183401
183438
183429
180729
180817
180826
182019
185806
182509
182894
182586
182588
182591
182592
182613
182650
183654
183658
173981
185237
173992
174002
174003
174005
182568
182615
184032
174134
172913
172910
184045
174131
184105
174135
173989
173936
174328
174341
174364
174393
174380
174558
175093
174396
174081
174086
174118
174172
174213
174175
183806
183825
183817
183827
184031
183866
183871
183815
183814
183845
183846
183441
183867
183886
183862
183447
209557
209559
209570
209581
209642
209645
210873
210885
210891
211588
211593
211604
211609
211654
211663
211665
211610
211660
211696
211697
211656
211666
211672
211826
210470
210468
162668
162674
162694
162655
163321
163331
163333
163273
163270
163003
163316
163317
163366
163286
163284
163298
163293
163304
161339
162731
162730
162721
210522
210534
210475
211846
211886
211898
163927
199711
214259
211911
211912
211925
210518
179102
179122
179066
179069
179083
179148
179162
179092
179139
179152
179076
179136
179251
179267
179279
179226
179234
179243
179249
115381
115385
114538
114695
114697
115522
115276
115533
114815
115075
115295
115565
115563
115573
115578
106325
106331
106373
32353
32354
32356
32359
32405
32406
32400
106584
106508
106552
106533
106562
106564
192999
191858
191803
191813
192881
192902
192945
192950
192932
192938
192961
192914
192930
192946
193061
193282
193057
192189
192578
192466
192260
192287
192532
192534
191493
192383
192243
192244
192192
192199
192391
32701
32707
32584
32687
32690
32694
32696
32750
32765
32784
32785
32789
29536
32429
29557
29573
32451
32452
32459
34100
29588
32464
32498
32546
32636
32597
32777
32790
32824
33057
33056
33066
107872
107881
107887
105670
107918
108013
103382
107986
107988
107996
107998
33496
111834
108043
111973
33498
33503
33518
33546
33583
33584
33586
33703
33705
33750
33754
33757
33761
33769
17215
17218
33841
17223
17267
17243
17324
17332
33917
33905
33922
33970
17206
17376
17382
17435
33997
18337
34004
18335
33978
18343
18348
33986
18407
18438
18621
18622
18626
18640
18629
18650
18691
18692
18698
18465
18484
18487
18450
18924
103492
103551
103556
103559
103561
103603
103602
18634
18638
18647
26616
26632
25278
26141
26144
26146
26543
26544
26549
26560
26562
26186
26565
26573
21886
26263
26580
26581
26644
26572
26578
26191
26198
26208
26211
26247
26214
26248
26262
29193
105537
105522
103688
40212
29014
29015
29161
29162
29164
27283
29202
27285
27301
29328
29302
27322
27323
29326
27325
27329
27357
27336
27341
27346
29361
29373
27402
27289
29105
29100
29365
52938
52936
53107
53114
53108
52959
53110
53191
53193
53032
53034
53036
53051
53055
53064
53059
53316
53327
53062
53258
53078
53079
53085
53105
52923
53092
53127
53341
54875
54801
54883
54887
54901
54920
54923
54933
54938
55016
55028
55598
55625
55624
55628
53560
49735
49731
49733
49742
49779
49762
53683
53725
54789
141313
144272
195343
144216
144260
195478
195479
195354
195353
195520
195534
196296
196289
196298
196299
196195
195526
196191
196193
196205
196270
196213
196210
141327
141328
141381
141382
141397
141401
144193
141040
141118
141131
141310
141132
189895
189844
189843
189930
189934
190332
190336
190342
189695
189697
190373
190364
140029
140039
140040
139803
140027
140072
140073
190405
190415
187267
190409
139912
139924
139927
139961
139962
139960
190421
190454
188330
190426
190456
190460
190289
189694
141041
141078
141141
141144
141160
141096
141147
141167
141165
142139
141703
141711
141714
141729
141730
141071
141086
55627
55689
56038
56039
56042
56144
56152
56168
56174
56175
56614
56787
56794
189881
189883
189829
196656
196650
197227
197243
197246
197253
202592
202594
202609
202615
202619
202763
202768
202764
202779
202782
204174
204199
203922
203928
204181
204186
203866
203915
203918
203923
204175
204178
204201
204227
204231
204235
204270
204276
207068
207069
207072
202784
203535
203257
203568
203643
203889
207108
207110
207112
207113
207059
207130
207319
207318
207303
207321
207324
203961
207302
196494
196499
196501
196509
196522
196520
196524
196587
196596
196654
206051
206053
207123
206040
206043
214371
206710
206723
206794
207927
208003
206948
206947
206965
208291
207034
207033
209323
209324
209359
209362
209388
209391
209396
209395
209393
178834
178840
178963
178936
178977
178981
179000
178985
179008
179029
179027
179275
179278
173429
180328
180329
180351
180710
180753
163160
163161
163585
163327
172658
163328
163148
163198
163196
172648
163167
163175
183436
183435
183437
183430
184845
184844
184849
184778
184785
184922
184886
184893
184891
184896
184826
184935
184926
184930
184750
184759
184761
184763
166187
184744
184745
184769
183439
183440
180730
180731
180818
177526
180827
182068
186016
182035
182510
182877
183461
182876
