602
104155 104157 1306
104155 104267 809
104263 104268 809
105733 105734 889
103953 103954 1226
103953 103955 557
103983 103971 1362
103983 103984 1894
112849 112848 750
112849 112850 1028
112868 112790 2320
112868 112869 1663
112764 112568 2279
112764 112762 1336
112485 112486 672
112485 112499 1425
112485 112504 2477
112485 112624 946
112622 112623 713
112622 112624 737
112735 112514 713
112735 112623 750
112514 112515 818
112514 112516 708
112514 112735 713
112741 112515 982
112741 112538 818
112538 112510 982
112538 112537 713
112538 112741 818
112745 112529 1336
112745 112748 475
104126 104127 201
104126 104243 3058
104218 104216 1639
104218 104217 1768
104219 104220 672
104346 104224 818
104206 104390 1917
104370 104390 713
104227 104225 676
104227 104228 2040
104401 104393 1697
104403 104404 737
104454 104404 1762
104454 104467 737
104454 113612 418
39516 50252 556
104201 104200 2652
104201 104202 788
104033 104030 650
104088 104730 279
104089 104061 373
39124 39127 1686
104200 104198 1205
104200 104201 2652
39153 39126 3392
39153 39155 950
39161 39125 1447
39161 39162 782
39141 39142 818
39162 39142 1864
39162 39161 782
39135 39131 889
39135 39134 336
39135 39138 475
39147 39138 878
104472 104392 672
104472 104470 1481
104476 104477 473
104476 104485 546
104394 104392 1894
104394 104395 750
104589 104592 1208
104483 104485 126
104483 104495 1609
104495 104483 1609
104495 113607 1254
104591 104592 781
39354 39355 2604
39354 39372 279
39282 50250 2262
39139 39138 796
39137 39134 3878
39303 39295 420
39313 39314 757
39313 39315 688
39316 39304 1560
39316 39317 682
37245 37240 947
37245 37247 650
37250 37247 1334
37250 37265 421
37268 37266 757
37233 37230 3366
37233 37235 1268
37233 37236 2002
37281 37284 589
38406 37235 589
38407 38408 333
39351 39352 2242
39351 39372 605
37291 38413 677
37291 38418 1140
38422 38415 1417
38422 38425 672
40223 38425 1187
40223 50397 2604
40224 38427 1672
40298 40299 445
40254 40237 788
40254 40255 1293
40259 40256 905
40259 40281 1906
40248 40242 3461
40248 40247 1016
40261 40262 1029
40313 40314 99
40320 40317 1259
40320 40330 566
40337 40333 279
40337 40339 1345
40339 40336 1779
40339 40337 1345
40339 40341 1074
40341 40339 1074
40341 40361 1812
40362 40358 2614
40362 40361 873
40362 40398 1008
40383 40394 976
40383 40395 810
40414 40404 873
40414 40410 1902
50564 50566 259
40411 40410 873
40411 40423 336
36878 36877 137
40737 40727 354
40737 40739 1695
40740 40743 1120
40734 36877 576
40734 40729 677
40734 40732 2226
40735 40732 827
40735 40749 552
40735 40750 2408
40805 40803 231
40792 40790 511
56309 55185 1747
56309 56311 837
56309 56650 873
56318 56341 279
39031 39029 1034
39031 40775 2705
39031 40779 2814
40776 40774 2721
40776 40775 730
40788 40787 2507
40788 50386 2478
40779 39031 2814
40779 39032 828
40779 41604 923
41600 41585 677
41600 41604 747
41589 41584 677
41589 41585 697
41589 41598 330
41602 41594 1895
41602 41598 752
41595 41594 828
41595 41609 751
41595 47675 1438
41609 41595 751
41609 47676 1438
47679 47676 677
47679 47688 1458
48458 48444 991
48458 50373 358
50374 50373 285
50444 50445 586
48444 48439 828
48444 48442 1979
48444 48458 991
48446 48447 951
48446 50549 323
48470 48452 709
48470 48472 403
48470 48474 897
48474 48470 897
48474 50370 510
48505 48504 406
48505 48506 222
48506 48504 417
48506 48505 222
47688 47679 1458
47693 47713 1607
47713 47693 1607
48436 48434 497
48434 48436 497
48434 48439 2006
48516 48517 1217
48517 48516 1217
48109 48123 769
48123 48109 769
48189 48191 885
48210 48213 1717
48213 48210 1717
48191 48189 885
48269 48271 1366
48271 48269 1366
131453 131452 1531
131452 131453 1531
131534 131579 1304
131579 131534 1304
131591 131593 1395
131593 131591 1395
131730 131732 1953
131732 131730 1953
131764 131754 427
131846 132289 2650
131754 131764 427
132289 131846 2650
131859 131861 739
131861 131859 739
53982 54464 2292
54617 54620 1308
54620 54617 1308
54645 54632 2588
54632 54645 2588
54464 53982 2292
53959 54601 810
54601 53959 810
55185 56309 1747
150525 150535 1656
150535 150525 1656
150535 150538 329
150538 150535 329
150712 150740 1768
150740 150712 1768
140426 140424 770
140424 140426 770
141973 141977 2400
141977 141973 2400
141997 141998 1069
141998 141997 1069
143270 143272 352
143272 143270 352
143471 143484 1047
143484 143471 1047
142665 142666 1669
143488 143491 854
142666 142665 1669
143491 143488 854
142661 142660 874
142660 142661 874
143244 143245 399
143245 143244 399
144811 144801 1026
144801 144811 1026
204611 204612 1701
204612 204611 1701
144871 144873 1010
144873 144871 1010
145133 145138 841
145138 145133 841
145686 145687 804
145687 145686 804
145728 145729 390
145729 145728 390
145735 145736 951
145736 145735 951
208766 208765 1671
208765 208766 1671
167587 167571 890
167571 167587 890
162523 167275 600
152467 152469 713
152572 152570 1268
152570 152572 1268
167275 162523 600
168494 168496 232
168496 168494 232
166811 166810 1534
166810 166811 1534
152469 152467 713
152499 152490 2015
152490 152499 2015
180119 180121 3030
180121 180119 3030
180094 180095 796
180095 180094 796
179664 179669 513
179669 179664 513
180086 180092 1336
180092 180086 1336
180092 180098 1935
180098 180092 1935
180138 180136 1014
180136 180138 1014
182084 179888 1304
179888 182084 1304
152743 152744 1283
152744 152743 1283
153149 153164 906
155793 155792 1074
156001 156002 789
155669 156036 1388
156033 155984 789
156033 156034 697
156034 156033 697
155984 156033 789
156002 156001 789
155765 155791 810
155791 155765 810
155792 155793 1074
153164 153149 906
153179 153187 1380
153187 153179 1380
153390 153391 511
153391 153390 511
153439 153473 236
153473 153439 236
173038 173327 672
173327 173038 672
176563 176545 1758
176545 176563 1758
156053 156052 889
156052 156053 889
156449 156450 2368
156450 156449 2368
156431 156432 450
156437 156439 1719
156432 156431 450
156036 155669 1388
156439 156437 1719
177428 177448 2668
177448 177428 2668
177433 177439 475
177439 177433 475
176237 176239 2380
176239 176237 2380
176805 176800 1010
176800 176805 1010
165423 167416 928
167416 165423 928
165595 165544 848
165544 165595 848
165460 165461 837
165461 165460 837
164847 164846 1055
164846 164847 1055
211490 211491 522
211491 211490 522
208792 208798 831
208798 208792 831
211131 211222 867
211236 211235 286
211222 211131 867
211235 211236 286
211509 215027 606
215027 211509 606
118486 119266 1147
119266 118486 1147
119299 119298 874
119298 119299 874
119134 119158 1059
119158 119134 1059
92269 94450 4318
94492 94500 1469
94450 92269 4318
94500 94492 1469
92448 92449 1437
92449 92448 1437
107239 107237 420
107237 107239 420
108526 108525 2392
108525 108526 2392
108532 108531 1234
108531 108532 1234
92987 92988 3377
92988 92987 3377
92795 92799 905
92799 92795 905
192710 192709 311
192709 192710 311
114124 114268 1252
114268 114124 1252
111252 111251 1306
111251 111252 1306
111416 111374 840
111374 111416 840
104129 104268 1223
104157 104155 1306
104267 104155 809
104268 104129 1223
104268 104263 809
105734 105733 889
103954 103953 1226
103955 103953 557
103971 103983 1362
103984 103983 1894
112848 112849 750
112850 112849 1028
112790 112868 2320
112869 112868 1663
112568 112764 2279
112762 112764 1336
112486 112485 672
112499 112485 1425
112504 112485 2477
112624 112485 946
112624 112622 737
112623 112516 818
112623 112622 713
112623 112735 750
112515 112510 818
112515 112514 818
112515 112741 982
112516 112514 708
112516 112623 818
112510 112515 818
112510 112538 982
112537 112529 1301
112537 112538 713
112529 112537 1301
112529 112745 1336
112748 112745 475
104127 104126 201
104243 104126 3058
104243 104216 604
104216 104217 418
104216 104218 1639
104216 104243 604
104217 104216 418
104217 104218 1768
104220 104219 672
104220 104224 1073
104224 104220 1073
104224 104225 336
104224 104346 818
104390 104206 1917
104390 104370 713
104225 104224 336
104225 104227 676
104228 104227 2040
104393 104392 672
104393 104401 1697
104404 104403 737
104404 104454 1762
104467 104454 737
113612 104454 418
50252 39516 556
104202 104201 788
104030 104033 650
104730 104088 279
104061 104089 373
39127 39124 1686
104198 104200 1205
39126 39125 951
39126 39153 3392
39155 39153 950
39125 39126 951
39125 39142 847
39125 39161 1447
39142 39125 847
39142 39141 818
39142 39162 1864
39131 39135 889
39134 39135 336
39134 39137 3878
39138 39135 475
39138 39139 796
39138 39147 878
104392 104393 672
104392 104394 1894
104392 104472 672
104470 104472 1481
104470 104477 354
104477 104470 354
104477 104476 473
104485 104476 546
104485 104483 126
104395 104394 750
104592 104589 1208
104592 104591 781
113607 104495 1254
39355 39354 2604
39372 39351 605
39372 39354 279
50250 39282 2262
39295 39303 420
39314 39313 757
39315 39313 688
39304 39316 1560
39317 39316 682
37240 37245 947
37247 37245 650
37247 37250 1334
37265 37250 421
37265 37266 2790
37266 37265 2790
37266 37268 757
37230 37233 3366
37235 37233 1268
37235 38406 589
37236 37233 2002
37284 37281 589
37284 38413 709
38408 38407 333
39352 39351 2242
38413 37284 709
38413 37291 677
38418 37291 1140
38418 38415 1454
38415 38418 1454
38415 38422 1417
38425 38422 672
38425 40223 1187
50397 40223 2604
38427 40224 1672
40299 40298 445
40237 40254 788
40255 40254 1293
40255 40256 562
40256 40255 562
40256 40259 905
40281 40259 1906
40242 40248 3461
40247 40248 1016
40262 40261 1029
40314 40313 99
40317 40320 1259
40330 40320 566
40333 40337 279
40336 40339 1779
40361 40341 1812
40361 40362 873
40358 40362 2614
40398 40362 1008
40398 40394 2280
40394 40383 976
40394 40398 2280
40395 40383 810
40404 40414 873
40410 40411 873
40410 40414 1902
50566 50564 259
40423 40411 336
36877 36878 137
36877 40734 576
40727 40737 354
40739 40737 1695
40743 40740 1120
40729 40734 677
40732 40734 2226
40732 40735 827
40749 40735 552
40750 40735 2408
40803 40805 231
40790 40792 511
56311 56309 837
56650 56309 873
56341 56318 279
39029 39031 1034
39029 39032 2614
40775 39031 2705
40775 40776 730
40774 40776 2721
40787 40788 2507
50386 40788 2478
39032 39029 2614
39032 40779 828
41604 40779 923
41604 41600 747
41585 41589 697
41585 41600 677
41584 41589 677
41598 41589 330
41598 41602 752
41594 41595 828
41594 41602 1895
47675 41595 1438
47675 47676 751
47676 41609 1438
47676 47675 751
47676 47679 677
50373 48458 358
50373 50374 285
50445 50444 586
48439 48434 2006
48439 48444 828
48442 48444 1979
48442 48447 589
48447 48442 589
48447 48446 951
50549 48446 323
48452 48470 709
48472 48470 403
50370 48474 510
48504 48505 406
48504 48506 417
969
104155
104263
105733
103953
103983
112849
112868
112764
112485
112622
112735
112514
112741
112538
112745
104126
104218
104219
104346
104206
104370
104227
104401
104403
104454
39516
104201
104033
104088
104089
39124
104200
39153
39161
39141
39162
39135
39147
104472
104476
104394
104589
104483
104495
104591
39354
39282
39139
39137
39303
39313
39316
37245
37250
37268
37233
37281
38406
38407
39351
37291
38422
40223
40224
40298
40254
40259
40248
40261
40313
40320
40337
40339
40341
40362
40383
40414
50564
40411
36878
40737
40740
40734
40735
40805
40792
56309
56318
39031
40776
40788
40779
41600
41589
41602
41595
41609
47679
48458
50374
50444
48444
48446
48470
48474
48505
48506
48512
47688
47703
47693
47713
47717
47718
48365
48436
48434
48500
47827
48110
48492
48510
48516
48517
48109
48123
48126
48139
48142
48164
48165
48189
48185
48210
48213
48218
48191
48194
48249
48201
48236
48254
48269
48271
131352
131355
131345
131350
131432
131436
131453
131452
131463
131534
131579
131581
131591
131593
131601
131691
131700
131702
131730
131732
131764
131784
131846
131754
132289
132297
131868
131859
131861
131871
53884
53892
53885
50737
50797
50822
53982
54565
54600
54608
54617
54620
54630
54645
54632
54464
54467
54698
54199
54216
54218
51100
54707
54709
54715
54726
53875
53890
53903
53959
54601
53961
53974
54624
55185
150520
150525
150535
150538
150539
150481
150514
150712
140376
143650
150740
143648
140371
140391
140395
140396
140439
140473
141888
141893
141949
140426
140470
140476
141889
140424
140506
140525
140527
140532
140535
141973
141977
141986
141997
141998
143250
143270
143272
143279
143417
143422
143471
143473
143484
142665
142706
143488
142666
143693
143487
143491
142661
142704
142711
142660
142677
142691
142692
142700
142807
142800
142683
142001
143240
143244
143245
142629
142630
142750
142752
142760
142787
142794
144804
144811
144801
144829
144825
204554
204561
204565
204569
204594
204597
204603
204602
204622
203849
204611
204612
204782
204785
204817
204836
204887
204890
204913
204958
204902
151621
144850
144871
144873
145083
145084
145133
145138
145151
145156
145158
145216
145535
145637
145643
145680
145681
145686
145687
145728
145729
145735
145736
145908
145921
145928
145953
145962
146861
146939
146941
197999
197790
211524
213438
215024
211245
211247
211266
214490
208766
208795
208765
167380
167566
167587
167571
152558
152562
152565
152593
152589
153521
162521
162523
152467
152523
152552
152572
152570
167275
168494
167261
168496
167384
167589
166801
168415
166804
166811
167639
166810
168418
168422
167800
168425
152469
152493
152499
152490
180119
180121
177683
180094
180105
179589
180095
179664
179669
180086
180092
180098
180138
180148
180155
180136
180158
179706
182084
179888
182101
182270
179843
179967
179980
152529
152706
152703
152642
152709
152755
152778
152743
152744
153149
153152
153168
152506
155793
155802
155993
155987
155995
156072
156001
156066
155669
156033
156034
155984
156002
155748
155769
155765
155791
155792
153164
153176
153179
153180
153187
153323
153325
153390
153391
153393
153201
153439
153473
155823
153474
155829
172072
155775
155817
171514
173038
173034
173327
173527
173092
173095
173091
173078
173045
173529
172996
173131
173147
173106
173194
173179
173204
177760
173218
173228
173051
173054
173063
173072
173117
177746
173215
173267
174846
174884
174865
174859
174918
155561
153074
156224
176186
176245
176257
176555
176552
176565
176559
176563
176545
176542
156364
156366
176573
176156
155664
155708
156053
155716
156052
155565
156342
156451
156449
156438
156450
156431
156437
156429
156432
156228
156404
156406
156350
156425
156424
156408
156423
156036
156044
156049
156065
156545
156541
156555
156439
156546
156616
156557
156568
156606
156619
156614
156628
177428
177448
177451
177459
177254
177433
177435
177438
177439
177436
177425
177276
177275
177484
176237
177295
176169
176239
176247
176832
176805
176740
176771
176828
176821
176800
165423
167416
167417
165363
167409
167399
167396
165589
165594
165593
165595
165602
165542
165547
165544
165598
165549
165209
165208
165389
167430
167428
167427
167477
167518
167482
167486
167498
167506
165452
165509
167457
167455
167511
165202
165203
165394
165396
165421
165460
165461
164788
164847
164846
211294
211490
211491
211517
208792
208793
208798
211131
211236
211240
211255
211275
215151
211222
211225
211235
211280
195312
211509
215027
213220
214611
212301
212482
212486
212278
212282
212302
212494
212551
212555
212547
164647
164870
164600
164842
164857
164915
164938
164939
212549
114245
114314
116178
113979
113976
113989
113991
114168
114170
118835
118837
118486
119266
119311
119259
119264
119299
119298
118571
118573
118575
119134
119158
119142
119390
119032
119157
119460
102924
92040
92042
102195
94367
94421
94375
102948
94418
92193
92234
92239
92269
94492
94494
94450
94453
92301
92304
94500
92339
92340
92345
92346
92413
92423
92448
92449
107075
107188
93087
93090
93179
93181
93148
93195
93207
107067
107094
108126
107185
107233
107239
107221
107237
107242
107243
107460
107427
107537
108526
108448
108517
108521
108528
109711
108525
108532
108230
108531
109233
93068
92996
92998
92987
92988
93019
93075
93049
92761
92775
92795
92799
92592
92597
92574
92594
92670
92843
194046
194049
194054
192012
192015
191656
191664
191675
191704
192731
191848
192093
191951
194142
191424
191630
191649
191652
191864
191621
191768
192710
192709
192659
192697
192671
192713
119218
114080
114097
114230
114231
114120
114122
114124
114268
109471
109473
109263
109270
108921
113900
109413
109415
109402
109449
109520
113662
109362
109433
109377
109450
109452
109425
109420
109389
109689
109964
109613
109615
109972
110128
109968
103283
110089
109994
109956
110154
111252
111251
111268
111311
111295
111415
111416
111374
111376
103405
111381
111383
111405
111423
104129
104078
104074
104047
104108
104157
104267
104268
103954
103955
103971
103984
112848
112790
112869
112568
112762
112486
112499
112504
112624
112623
112515
112516
112510
112537
112529
112748
104127
104243
104216
104220
104390
104225
104393
104404
104467
104202
104030
104730
104061
39127
104198
39126
39155
39131
39134
104392
104470
104477
104485
104592
39372
39295
39304
37240
37247
37265
37266
37230
37235
37236
37284
38408
38413
38418
38415
38425
50397
38427
40237
40255
40256
40242
40247
40317
40330
40333
40336
40361
40358
40398
40395
40404
40410
40423
40727
40729
40732
40750
40803
40790
56311
56650
56341
39029
40775
40774
40787
50386
39032
41585
41584
41598
41594
47675
47676
50373
48439
48442
48447
50549
48452
48472
48504
