766
162513 162512 941
162513 168506 2618
167256 167257 884
167256 168501 276
167596 167597 985
167604 167605 279
167601 167600 782
167601 167602 337
167645 167642 476
167645 167646 647
167633 167634 953
167633 167652 562
167651 167647 1907
167651 167653 581
167655 167654 1743
167655 167656 1594
167804 167805 885
167804 168463 953
168442 167766 1796
168442 168440 1035
177690 177691 5783
177690 178606 2543
177689 177688 740
178628 178629 6208
178628 178631 5384
178636 178632 6739
178636 178637 1887
178654 178653 1877
178654 179596 2586
179593 179594 747
179593 179595 1220
180059 180056 765
180059 180060 3360
180059 180061 2909
180061 180058 682
180061 180059 2909
180061 180080 2347
180130 180132 1134
179889 179890 1126
179889 181767 537
179880 179881 498
179860 179757 1145
179947 179946 672
179975 179968 463
179975 179974 580
179977 179969 452
179977 179990 1085
179990 179977 1085
179990 179998 1009
180002 180001 672
180002 185278 1852
152630 152629 475
152630 172245 552
152830 152829 924
152830 152836 1268
152830 152851 1140
152849 152788 850
152849 152850 871
152849 152857 3227
152776 152777 818
152776 152785 2049
152776 152790 688
152788 152787 674
152788 152820 3116
152788 152849 850
152829 152830 924
152829 152837 1436
152749 152748 1004
152749 152750 796
152833 152748 1225
152833 152831 672
152832 152745 1268
152832 152831 581
152634 152635 436
152634 152636 688
152764 152765 1188
152764 152769 253
152765 152764 1188
152765 152766 210
152761 152770 850
152761 152784 1387
152777 152776 818
152777 152780 1326
152750 152749 796
152750 152751 782
152846 152845 683
152846 153213 1111
153215 153214 1786
153215 153217 674
153215 172067 2126
153181 153232 605
153230 153231 683
153230 153232 928
153228 153226 766
153228 153307 1000
153241 153237 1101
153241 153242 688
153241 153307 1035
155908 155905 279
155908 156094 873
156008 156007 697
156008 156097 1678
156096 156097 837
156096 156098 837
156096 156101 1816
156007 156008 697
156007 156015 1614
156014 156015 697
156014 156024 1813
156009 156024 697
156009 156031 1948
156029 156030 474
156029 156158 474
156124 156087 751
156124 156123 1285
156087 156120 1141
156087 156124 751
156163 156159 2361
156089 156179 404
156177 156176 2025
155905 155908 279
155905 156095 928
153227 153226 590
153227 153232 928
153227 153303 1014
153303 153227 1014
153303 153308 758
153313 153312 436
153330 153312 889
153330 153331 796
153331 153315 842
153331 153330 796
153331 153339 2005
153344 153339 710
153344 153351 2170
153352 153353 747
153384 153353 2719
153384 153385 2955
153428 153429 828
153428 153434 1167
153438 153368 445
153438 153481 985
153438 154681 1919
155847 155846 688
155847 155855 1683
155847 155918 2442
154003 155857 751
155851 155850 1029
155851 155881 1067
155853 155854 1264
155853 155856 837
153499 153504 2511
153503 153504 476
153503 153505 1116
153511 153510 537
155860 155859 890
155860 155893 1168
155874 155867 552
155874 155871 688
155864 155865 828
155864 155867 1398
155882 155881 751
155882 155888 1586
155859 155860 890
155859 155897 2058
155887 155888 612
155887 155889 2476
180018 180019 420
180018 180020 827
172980 172978 2499
172980 172981 1493
172980 172989 287
180028 180025 840
180028 180027 1222
180029 180026 1685
180029 180030 238
180032 180022 925
180032 180027 778
172993 172985 747
172993 173047 304
173024 173023 588
173024 185409 1234
173085 173086 556
173185 173186 1468
178539 178541 2643
177756 177755 877
177756 178197 580
178205 178204 2675
178205 186166 247
178207 178208 750
178210 178209 2284
178210 178568 984
178201 178197 5107
178201 178202 2607
178203 178204 750
178203 178208 1055
173234 185517 1560
173243 173241 879
173243 185416 1970
173249 173250 4475
173249 185519 5228
173059 173060 100
173059 173060 100
173005 173006 1336
173005 185413 504
173066 173067 1336
173066 173070 542
172974 172973 764
172974 173125 2279
178057 173125 869
178057 178061 1405
178057 178073 1182
178074 178073 931
178074 178182 1592
178188 178181 562
178188 178186 1014
178174 178172 3781
178174 178175 1114
178190 178191 577
178190 178194 788
178186 178187 1115
178186 178188 1014
173259 173258 3073
174839 174838 848
174839 174855 1014
174754 174755 3495
174880 174878 354
174834 174835 1937
174874 174873 708
174876 174875 1592
174876 174877 1482
174869 174870 562
174869 174871 562
174875 174871 1062
174875 174876 1592
173462 185508 404
173463 173464 2182
173463 174872 3981
174935 174946 4184
176591 176592 610
176591 177334 1181
177332 177331 818
177332 177333 1032
177332 177343 683
176593 176592 1426
176593 177560 253
177564 177351 381
176603 176604 683
176599 177571 951
176599 186085 1117
176608 176609 1022
176608 177574 4033
176582 176575 667
176582 176612 842
176609 176608 1022
176609 176613 758
176576 176575 782
176576 176607 672
156377 156378 759
156377 156383 672
156378 156377 759
156378 156381 1556
176607 156382 558
176607 176576 672
176607 176617 842
177331 177332 818
177331 177347 1782
177305 177304 2464
156510 156511 842
156510 160191 2451
156516 156514 971
156516 156534 2548
156534 156516 2548
156534 156531 905
156534 160214 452
156532 156531 667
156532 160210 782
156536 156535 796
156502 156503 499
156385 156384 766
156416 156390 1365
156416 156417 445
156389 156381 1891
156389 156390 1299
156519 160191 1484
156178 156176 796
156178 156179 1616
156560 156592 2549
156592 156560 2549
156632 156625 3866
156625 156632 3866
177476 177494 2118
177494 177476 2118
177315 177388 939
177388 177315 939
165619 165618 344
165618 165619 344
165503 165505 739
165445 165444 1308
165505 165503 739
167454 167465 683
167465 167454 683
165972 165971 808
165971 165972 808
165487 165447 808
165444 165445 1308
165447 165487 808
164851 164852 837
212559 212558 769
212558 212559 769
164957 164953 631
164957 164958 552
164958 164957 552
164852 164851 837
164953 164957 631
165677 165676 688
165676 165677 688
114014 113986 1670
113986 114014 1670
114128 114178 847
114178 114128 847
119245 119327 1969
119327 119245 1969
119013 119093 1225
119093 119013 1225
119107 119138 2075
119138 119107 2075
108394 107247 2445
107247 108394 2445
108478 108513 1444
108513 108478 1444
92742 92753 1224
92753 92742 1224
114235 114236 1346
114236 114235 1346
110281 110285 826
110285 110281 826
112553 112550 847
112539 112547 2326
112550 112553 847
112547 112539 2326
104185 104174 737
104174 104185 737
39269 39288 252
39288 39269 252
37223 37216 1266
37208 37210 1530
37210 37208 1530
37216 37223 1266
38470 38465 782
38465 38462 1014
38465 38470 782
38462 38465 1014
40347 40348 836
40348 40347 836
40712 40710 1426
40710 40712 1426
40710 40716 2401
39009 40764 1392
40716 40710 2401
40764 39009 1392
41592 47660 2454
47812 47811 714
47664 47660 2511
47722 47731 849
47733 47731 849
47731 47722 849
47731 47733 849
47660 41592 2454
47660 47664 2511
47741 47742 871
47742 47741 871
47804 47805 2006
47811 47812 714
47805 47804 2006
130902 131169 1780
131169 130902 1780
131536 131537 752
131537 131536 752
131603 131607 1857
131607 125243 953
131607 131603 1857
125243 131607 953
132224 131721 358
132268 132291 1300
131721 132224 358
132291 132268 1300
54164 54204 1546
54204 54164 1546
54297 54290 808
54290 54297 808
150702 150703 485
150703 150702 485
140406 140414 395
140414 140406 395
140500 140502 2335
140502 140500 2335
140541 141969 2135
141969 140541 2135
139780 139783 238
143516 143518 875
142835 142831 726
142831 142835 726
143788 143787 827
143787 143788 827
143782 143770 803
143770 143782 803
143519 143520 164
143518 143516 875
143520 143519 164
142821 142820 868
142820 142821 868
142856 142854 993
142856 142869 239
142869 142856 239
144890 144891 496
144891 144890 496
142854 142856 993
143183 143186 2047
143186 143183 2047
139783 139780 238
144809 144815 785
144815 144809 785
144859 144879 1733
144879 144859 1733
204637 204638 773
204638 204637 773
207717 207723 968
207723 207717 968
145070 145062 841
145062 145070 841
145090 145091 844
145091 145090 844
145183 145219 810
145219 145183 810
145670 145726 830
145726 145670 830
145726 146668 1477
146668 145726 1477
209632 210848 1013
210848 209632 1013
167600 167601 782
152679 152797 1769
152797 152679 1769
152621 152629 807
162512 162513 941
168506 162513 2618
168506 168501 985
167257 167256 884
168501 167256 276
168501 168506 985
167597 167596 985
167597 167605 848
167605 167597 848
167605 167604 279
167602 167601 337
167642 167645 476
167646 167645 647
167634 167633 953
167634 167647 1376
167652 167633 562
167647 167634 1376
167647 167651 1907
167653 167651 581
167653 167654 374
167654 167653 374
167654 167655 1743
167656 167655 1594
167805 167804 885
168463 167804 953
167766 168442 1796
168440 168442 1035
177691 177690 5783
178606 177690 2543
178606 178653 6921
177688 177689 740
178629 178628 6208
178629 178631 1715
178631 178628 5384
178631 178629 1715
178632 178636 6739
178637 178636 1887
178653 178606 6921
178653 178654 1877
179596 178654 2586
179594 179593 747
179595 179593 1220
180056 180058 2920
180056 180059 765
180060 180059 3360
180058 180056 2920
180058 180061 682
180080 180061 2347
180132 180130 1134
179890 179889 1126
181767 179889 537
179881 179880 498
179757 179860 1145
179946 179947 672
179968 179969 1500
179968 179975 463
179974 179975 580
179969 179968 1500
179969 179977 452
179998 179990 1009
180001 180002 672
180001 180030 1031
185278 180002 1852
152629 152621 807
152629 152630 475
172245 152630 552
152836 152830 1268
152836 152837 893
152851 152830 1140
152851 152850 1505
152850 152849 871
152850 152851 1505
152857 152849 3227
152785 152776 2049
152790 152776 688
152787 152788 674
152820 152788 3116
152837 152829 1436
152837 152836 893
152748 152749 1004
152748 152833 1225
152831 152832 581
152831 152833 672
152745 152832 1268
152635 152634 436
152636 152634 688
152769 152764 253
152766 152765 210
152770 152761 850
152784 152761 1387
152780 152777 1326
152751 152750 782
152845 152846 683
153213 152846 1111
153213 153214 790
153214 153213 790
153214 153215 1786
153217 153215 674
172067 153215 2126
153232 153181 605
153232 153227 928
153232 153230 928
153231 153230 683
153226 153227 590
153226 153228 766
153226 153308 1000
153307 153228 1000
153307 153241 1035
153307 153308 766
153237 153241 1101
153242 153241 688
156094 155908 873
156094 156095 558
156094 156098 738
156097 156008 1678
156097 156015 789
156097 156096 837
156098 156094 738
156098 156096 837
156101 156096 1816
156015 156007 1614
156015 156014 697
156015 156097 789
156024 156009 697
156024 156014 1813
156031 156009 1948
156031 156030 279
156030 156029 474
156030 156031 279
156030 156123 1010
156158 156029 474
156123 156030 1010
156123 156124 1285
156120 156087 1141
156159 156163 2361
156159 156176 778
156179 156089 404
156179 156178 1616
156176 156159 778
156176 156177 2025
156176 156178 796
156095 155905 928
156095 156094 558
153308 153226 1000
153308 153303 758
153308 153307 766
153312 153313 436
153312 153330 889
153315 153331 842
153339 153331 2005
153339 153344 710
153351 153344 2170
153351 153353 828
153353 153351 828
153353 153352 747
153353 153384 2719
153385 153384 2955
153429 153428 828
153434 153428 1167
153368 153438 445
153481 153438 985
154681 153438 1919
155846 155847 688
155855 155847 1683
155855 155854 906
155855 155857 1545
155918 155847 2442
155857 154003 751
155857 155855 1545
155857 155856 650
155850 155851 1029
155881 155851 1067
155881 155882 751
155854 155853 1264
155854 155855 906
155854 155856 1010
155856 155853 837
155856 155854 1010
155856 155857 650
153504 153499 2511
153504 153503 476
153505 153503 1116
153510 153511 537
155893 155860 1168
155867 155864 1398
155867 155874 552
155871 155874 688
155865 155864 828
155888 155882 1586
155888 155887 612
155897 155859 2058
155897 155889 747
155889 155887 2476
155889 155897 747
180019 180018 420
180020 180018 827
172978 172980 2499
172981 172980 1493
172989 172980 287
180025 180028 840
180027 180028 1222
180027 180032 778
180026 180022 778
180026 180029 1685
180030 180001 1031
180030 180029 238
180022 180026 778
180022 180032 925
172985 172993 747
173047 172993 304
173023 173024 588
185409 173024 1234
173086 173085 556
173186 173185 1468
178541 178539 2643
177755 177756 877
178197 177756 580
178197 178201 5107
178204 178203 750
178204 178205 2675
186166 178205 247
178208 178203 1055
178208 178207 750
178208 178209 1161
178209 178208 1161
178209 178210 2284
178568 178210 984
178202 178201 2607
185517 173234 1560
173241 173243 879
185416 173243 1970
173250 173249 4475
185519 173249 5228
173060 173059 100
173060 173059 100
173006 173005 1336
185413 173005 504
173067 173066 1336
173070 173066 542
172973 172974 764
173125 172974 2279
173125 178057 869
178061 178057 1405
178073 178057 1182
178073 178074 931
178182 178074 1592
178182 178181 1115
178181 178182 1115
178181 178188 562
178172 178174 3781
178175 178174 1114
178191 178190 577
178191 178194 481
178194 178190 788
178194 178191 481
178187 178186 1115
173258 173259 3073
174838 174839 848
174855 174839 1014
174855 174873 836
174755 174754 3495
174878 174877 435
174878 174880 354
174835 174834 1937
174873 174855 836
174873 174874 708
174877 174876 1482
174877 174878 435
174870 174869 562
174871 174869 562
174871 174872 1179
174871 174875 1062
185508 173462 404
173464 173463 2182
174872 173463 3981
174872 174871 1179
174946 174935 4184
176592 176591 610
176592 176593 1426
177334 176591 1181
177334 177333 952
177333 177332 1032
177333 177334 952
177343 177332 683
177560 176593 253
177351 176604 1268
177351 177564 381
176604 176603 683
176604 177351 1268
177571 176599 951
186085 176599 1117
177574 176608 4033
176575 176576 782
176575 176582 667
176612 176582 842
176613 176609 758
156383 156377 672
156383 156384 1969
156381 156378 1556
156381 156389 1891
156382 176607 558
176617 176607 842
177347 177304 1531
177347 177331 1782
177304 177305 2464
177304 177347 1531
156511 156510 842
160191 156510 2451
160191 156519 1484
156514 156516 971
156531 156532 667
156531 156534 905
160214 156534 452
160210 156532 782
156535 156536 796
156503 156502 499
156384 156383 1969
156384 156385 766
156390 156389 1299
156390 156416 1365
156417 156416 445
951
162513
167256
167596
167604
167601
167645
167633
167651
167655
167804
168442
177690
177689
178628
178636
178654
179593
180059
180061
180130
179889
179880
179860
179947
179975
179977
179990
180002
152630
152830
152849
152776
152788
152829
152749
152833
152832
152634
152764
152765
152761
152777
152750
152846
153215
153181
153230
153228
153241
155908
156008
156096
156007
156014
156009
156029
156124
156087
156163
156089
156177
155905
153227
153303
153313
153330
153331
153344
153352
153384
153428
153438
155847
154003
155851
155853
153499
153503
153511
155860
155874
155864
155882
155859
155887
180018
172980
180028
180029
180032
172993
173024
173085
173185
178539
177756
178205
178207
178210
178201
178203
173234
173243
173249
173059
173005
173066
172974
178057
178074
178188
178174
178190
178186
173259
174839
174754
174880
174834
174874
174876
174869
174875
173462
173463
174935
176591
177332
176593
177564
176603
176599
176608
176582
176609
176576
156377
156378
176607
177331
177305
156510
156516
156534
156532
156536
156502
156385
156416
156389
156400
156519
156468
156178
156558
156560
156497
156846
156849
156857
156592
156665
156658
156632
156874
156854
156625
156674
156634
156700
156672
177488
177474
177485
177490
177508
177512
177476
177494
177386
177497
177323
177364
177286
177374
177315
177388
185341
185345
176732
176736
174909
175064
176842
167493
165619
165866
165869
165618
165622
165569
165572
165576
165632
165625
165555
167784
167687
167509
167577
165503
165445
165499
167439
165496
165505
167454
167465
167468
167538
165876
165881
165907
165972
165971
165988
165987
165487
165444
165447
167459
164833
164851
213234
212503
213239
212507
212559
212558
212575
212576
164883
164957
164881
164958
164606
164852
164923
164927
164935
164946
164953
165677
164972
165676
164951
164963
215020
114248
114255
114261
114259
114286
114289
113973
114014
113963
113986
113987
114001
114128
114178
118827
118841
119236
119245
119307
119327
119229
118580
119061
119011
119013
119093
119101
119107
119138
119016
119102
119025
119028
102927
102204
94396
94398
102343
94411
94780
94784
92167
92179
92182
92187
92238
94446
94499
94506
92298
92464
92473
92505
92504
93149
93136
101878
107082
108123
108376
105599
108054
108193
108151
105676
108117
108162
108172
108175
107253
108394
108409
107247
108413
108432
108437
108478
108479
108513
108552
108620
92982
93092
93094
92860
92863
92989
93708
93709
93029
93032
93011
93025
93129
92547
92550
92738
92742
92753
92758
92765
92767
92585
92529
92562
92487
92486
92570
92661
92665
92609
92690
92693
93696
92706
191907
192685
191401
191998
191597
191755
192044
191563
191619
191655
191055
191051
191191
191318
192661
194252
119222
114085
114235
114236
114335
114353
114337
114276
114281
109239
109276
103278
109437
109395
109571
109574
109682
109569
109674
109650
109622
109691
109731
109982
110007
110141
110000
110122
103298
110192
111273
110194
111414
112475
110817
110261
110758
110281
110285
111398
111389
110252
104064
104114
104116
103989
103865
103964
103957
103959
105768
112861
112831
103949
103993
104013
104026
104024
112489
112544
112562
112553
112539
112550
112547
112756
112535
110911
110923
112480
112522
112518
112525
104185
104211
104255
104172
104241
104043
104069
104083
104002
104709
104714
104034
104174
104249
104260
39065
39107
39114
39119
39269
39288
37212
37237
37223
37115
37208
37217
37210
37216
38347
38360
38410
38432
38433
38435
38438
38454
38470
38560
38465
38462
38565
38567
40342
38587
40347
40348
40352
38595
40670
40669
40679
40681
45049
40703
40708
40712
40710
56329
39005
39006
39020
39009
40716
40764
38981
39026
41565
41579
41572
41592
47776
47784
47789
47812
47664
47668
47722
47733
47731
47660
47741
47742
47772
47804
47811
47805
47768
48094
48097
48065
48082
48111
48080
48089
47934
47965
48005
48008
48013
47978
48034
47996
48041
48035
48090
48170
48169
47414
47466
47470
47986
130531
47989
130761
130769
130767
130773
130792
46267
49579
131313
131312
131316
131317
130888
130904
130896
130909
130902
131169
131193
131196
131197
131464
131276
131208
131209
131524
131536
131537
131542
131545
131603
131607
125243
131625
131705
131708
131714
132224
132228
132250
132254
132268
131721
132291
54173
54122
54125
54160
54127
54135
54176
54179
54129
54164
54204
54208
54212
54271
54297
54299
54289
54290
54294
54303
54741
54743
54311
54301
150532
150702
150703
150720
150748
150750
140312
140307
140309
140406
150468
140412
140414
140484
140500
140502
140536
140541
141969
141972
143299
139780
143301
143414
143440
143435
143454
143456
143509
143506
143512
143516
143523
143524
142835
142837
142844
142829
142831
143788
143781
143787
143782
143770
143718
143721
143701
143714
143519
143518
143520
142821
142841
142883
142820
142860
142872
142877
142856
142869
144890
144891
142854
143183
143184
143186
143198
143201
143283
139783
139784
142865
144809
144815
144862
144863
144859
144879
204573
204579
204588
204637
204640
204641
204929
204928
204638
204820
204825
204942
204945
207717
207723
144884
144886
145070
145062
145074
145090
145091
145183
145219
145224
145231
145237
145241
145244
145632
145653
145657
145661
145668
145670
145726
146668
146679
146812
146875
146916
146914
146947
209544
214925
209414
209632
210848
167557
167573
167600
152662
152666
152679
152669
152676
152797
153592
153533
152072
152070
152621
152624
152626
152649
162512
168506
167257
168501
167597
167605
167642
167634
167647
167653
167654
167656
167805
167766
168440
177691
178606
178629
178632
178637
178653
180056
180058
180132
179890
179881
179757
179946
179968
179974
179969
179998
180001
185278
152629
152836
152851
152850
152857
152785
152790
152787
152820
152748
152831
152745
152636
152769
152766
152770
152780
152845
153213
153214
153217
153232
153237
153242
156097
156098
156101
156015
156024
156031
156123
156120
156159
156176
156095
153308
153312
153315
153339
153351
153353
153385
153429
153434
153368
153481
154681
155846
155918
155850
155881
153504
153505
153510
155893
155867
155871
155865
155888
155897
155889
180019
180020
172978
172981
172989
180025
180027
180026
180030
180022
172985
173047
173023
178541
177755
178197
178208
178209
185517
173241
173250
173067
173070
172973
173125
178061
178073
178182
178181
178172
178175
178191
173258
174838
174855
174755
174878
174835
174873
185508
173464
174872
174946
176592
177334
177343
177560
177351
176604
177571
186085
177574
176575
176612
176613
156383
156381
156382
176617
177347
177304
156511
160191
156514
156531
160210
156535
156503
156384
156390
