828
211709 211711 709
211709 211747 2045
211746 211740 2503
211746 211747 1073
211712 211724 990
211722 211723 817
211722 211724 2018
211725 211721 1934
211725 211723 2028
211725 211861 797
211721 211725 1934
211721 211860 751
211838 211840 833
211848 211840 2056
163598 163599 2668
163598 163604 766
163598 172397 1222
163376 163377 1201
163376 163486 796
163487 163486 934
163487 163488 672
163489 163488 758
163489 163504 1336
163489 163506 674
163595 163600 1004
163595 163615 1225
163725 163729 850
163725 172408 672
163506 163489 674
163506 163505 1447
163506 172407 276
163599 163598 2668
163599 163600 2557
163599 163602 758
163600 163595 1004
163600 163599 2557
163600 163603 758
162991 162941 610
162991 162992 1028
162991 163009 713
163006 162941 2331
163006 163008 650
163010 163009 2286
163398 163008 2331
163398 163399 605
163368 163391 436
163424 163427 344
163422 163423 1388
163422 163425 796
163422 163427 1883
161333 161332 168
161333 162760 2700
162758 162759 2481
162758 162760 600
162756 162748 2248
162756 162759 600
162746 162747 253
162746 162748 600
162715 162716 344
211854 211840 779
211854 211856 2147
211854 211857 834
211857 211854 834
211857 211869 2079
211870 211869 901
211870 211873 867
211870 211874 2027
211873 211870 867
211873 211875 2130
211873 211876 766
211876 211873 766
211876 211881 2035
163915 163914 394
163915 163931 2942
163932 163931 782
163913 163907 1060
163913 163912 171
163913 172621 102
163940 163939 1976
163940 163969 953
163967 163938 1719
163967 163969 790
163979 163992 476
163976 163975 2026
163986 163983 782
163986 163988 2110
163987 163970 1067
163987 163988 890
163985 163953 2063
163985 163984 139
163952 163953 686
214458 214527 408
214263 214266 883
211993 211992 834
211993 211995 1943
211996 211956 706
211996 211995 883
212009 212017 2368
212009 212030 670
212016 211977 538
212016 212017 797
212016 212018 2180
212008 212012 700
212008 212013 727
212011 212013 2045
212011 214266 197
211882 211881 833
211882 211883 1765
211918 211883 710
211918 211946 2181
211948 211946 797
211948 211951 1875
211992 211951 750
211992 211952 2027
211992 211993 834
178727 178726 581
179042 179054 2200
179094 179095 1299
114527 114705 1267
114623 114624 667
114623 114704 1511
114625 114624 2196
114625 114710 1058
114712 114711 983
114712 116153 3481
114518 114516 670
114518 114519 1334
114521 114512 1940
114521 114548 983
114546 114548 1696
114546 114549 1004
114549 114546 1004
114549 114550 1511
114552 114550 687
114552 114556 950
114554 114555 785
114554 114562 706
114554 115464 1457
114556 114552 950
114556 114555 1267
114561 114562 847
114688 114689 1113
115260 116263 466
115279 115280 158
115279 115281 70
116208 115282 779
116208 116209 511
115479 115478 1313
115479 115480 1948
115531 115532 889
115531 116145 1759
115500 115501 796
115500 115532 1059
114967 114966 14638
114967 114968 9448
115004 114994 2596
115104 115103 3016
115104 115148 3223
115237 115235 671
115237 115253 883
116167 116168 1220
116167 116169 1201
116165 116166 2545
116165 116237 3535
115089 115090 515
115089 115091 2321
115097 115098 580
115103 115104 3016
115103 115148 1254
115178 115179 238
115296 115297 556
115296 115594 2934
115298 115297 3358
115298 115762 556
115595 115594 974
115589 115590 3454
115589 115605 835
115610 115611 557
115610 115612 926
115613 115614 913
106393 106394 1012
106387 106388 950
106387 106527 671
106398 106529 2359
106532 106528 2981
106545 106526 3648
106545 106546 1419
106801 106797 805
106801 106806 1027
106805 106806 2288
106830 106831 745
106830 106832 383
107000 106998 3385
107000 107393 2025
106836 106835 1164
106836 106837 1184
106667 106666 1022
106667 106672 1031
106671 106677 1234
106671 106689 429
106603 106601 1114
106605 106511 299
106605 113626 757
106611 106601 671
106611 106612 1447
106627 106628 556
106632 106631 981
106632 106633 1114
106390 106389 344
106390 106391 1112
106537 106392 434
106549 106548 1112
106566 106548 672
106574 106575 680
106596 106578 1493
106494 106493 562
106494 106495 1334
106494 106514 434
106501 106265 2749
106501 106502 736
116068 116067 1925
113891 113884 349
113891 113893 218
113882 113883 218
113882 113884 645
192998 193067 1274
193013 194005 511
191069 194061 504
193077 193076 1076
193077 194007 671
192541 192050 889
191898 192023 908
191740 191741 510
191740 191746 442
193889 193888 402
193889 193890 668
191818 191819 866
191824 191643 468
192871 192870 667
193887 193888 60
192898 192899 1357
192898 192900 1292
193042 193855 2735
193048 193855 719
192530 192527 158
192530 192529 1214
192531 192049 806
192531 192529 998
192049 192050 892
192049 192531 806
192214 192476 894
192214 192477 762
192215 193919 1016
32751 32753 4352
107335 107334 5247
107335 107349 475
107568 107334 923
107568 107570 1091
107550 107549 278
107550 107551 418
104446 104442 3817
104446 107544 208
107570 107568 1091
107570 107574 556
107573 104444 473
107573 107572 3624
32621 32611 1151
32654 6622 652
32654 32800 824
32799 32800 2010
32799 32803 295
32471 32461 1569
32471 32811 679
32809 32810 1323
32735 32736 1803
32735 32816 1853
32755 32756 954
32755 32760 936
107793 107749 2201
107793 107791 889
107795 107794 1444
107795 107796 452
107794 107795 1444
107794 107803 5400
107868 107901 289
107961 107962 707
107961 107965 252
105823 105825 1113
105823 107943 1014
107943 105823 1014
107943 107927 1221
107943 107947 1114
107962 107947 1007
107962 107961 707
107962 107963 889
107826 107827 750
107826 107919 1767
107830 107829 1862
107830 107831 1178
107920 107861 1635
107920 107919 805
107971 107964 1776
111831 111825 1259
111831 111854 1780
107981 107950 1124
107981 111799 667
111820 111819 252
111825 111824 2002
111825 111831 1259
111871 111872 1532
33715 33722 580
33722 33715 580
33796 33811 1504
33811 33796 1504
33891 33892 2397
33892 33891 2397
113458 113455 1114
113455 113458 1114
103463 103462 1105
103462 103463 1105
26108 26116 1801
26116 26108 1801
105493 105494 975
105494 105493 975
29245 29247 202
29247 29245 202
29271 29270 890
29281 29282 2218
29282 29281 2218
29270 29269 650
29270 29271 890
29269 29270 650
29340 29334 610
29334 29340 610
29066 29044 1396
29044 29043 1074
29044 29066 1396
52998 52999 1281
52999 52998 1281
53005 53008 2341
53008 53005 2341
53484 53486 1365
53486 53484 1365
29043 29044 1074
54783 54781 1614
55264 54953 673
54953 55264 673
54954 55010 276
55010 54954 276
55347 55350 789
55350 55347 789
53462 53470 1600
53470 53462 1600
53464 53465 778
53465 53464 778
53529 53535 1117
53535 53529 1117
53535 53590 849
53590 53535 849
49552 49550 667
49550 49552 667
49302 49305 709
49305 49302 709
54781 54783 1614
144219 144218 746
144218 144219 746
144365 144364 816
144364 144365 816
189912 189940 830
189940 189912 830
189954 189952 458
189952 189954 458
189959 189955 618
140062 140064 305
140064 140062 305
189955 189959 618
190093 190086 285
190086 190093 285
190096 190095 442
190095 190096 442
142194 142158 1090
141374 141373 881
141373 141374 881
141375 141370 797
141370 141375 797
142163 142158 1101
141679 141683 128
141683 141679 128
141767 141765 715
141768 141745 846
141745 141768 846
141745 142148 884
141765 141767 715
142148 141745 884
142158 142163 1101
142158 142194 1090
56047 56055 1436
56055 56047 1436
56262 56252 1520
56252 56262 1520
196401 196398 947
197213 197214 1534
197214 197213 1534
197223 197259 1219
197259 197223 1219
197259 197262 787
197262 197259 787
204190 204282 469
204282 204190 469
204309 204317 255
204317 204309 255
204359 204361 901
204361 204359 901
204361 204365 710
204368 204369 802
204365 204361 710
204369 204368 802
207180 207181 848
207181 207180 848
207192 207193 834
207136 207150 220
207187 207194 163
207193 207192 834
207194 207187 163
204051 203937 801
203903 203904 3170
203904 203903 3170
203937 204051 801
207397 207393 751
207393 207397 751
207150 207136 220
196398 196401 947
208215 208216 478
208216 208215 478
208212 208227 1230
208227 208212 1230
208319 208308 946
208308 208319 946
210552 210554 549
210554 210552 549
210554 210555 2107
210555 210554 2107
210613 210619 805
210620 210619 685
210631 210641 927
210619 210613 805
210619 210620 685
163238 163237 758
163238 163635 842
163237 163238 758
163635 163238 842
184865 184900 713
184900 184865 713
184995 184996 355
184996 184995 355
183974 183973 778
183973 183974 778
184078 184082 713
184082 184078 713
184082 184098 712
184098 184082 712
173932 174334 549
174334 173932 549
175051 175054 437
175054 175051 437
174476 174475 682
174629 174717 1435
174717 174629 1435
174475 174476 682
174227 174248 758
174248 174227 758
183837 183953 355
183953 183837 355
184974 184983 2530
183979 183978 849
184983 184974 2530
183966 183972 355
183972 183966 355
183978 183979 849
210641 210631 927
210641 210642 775
210642 210641 775
210798 210799 417
210799 210798 417
210819 210821 902
210821 210819 902
210927 210937 641
210937 210927 641
211855 211840 2051
211855 211856 833
211855 211860 2028
211711 211709 709
211747 211709 2045
211747 211746 1073
211740 211746 2503
211724 211712 990
211724 211722 2018
211723 211722 817
211723 211725 2028
211861 211725 797
211861 211860 1796
211860 211721 751
211860 211855 2028
211860 211861 1796
211840 211838 833
211840 211848 2056
211840 211854 779
211840 211855 2051
163604 163598 766
163604 163602 2557
172397 163598 1222
163377 163376 1201
163486 163376 796
163486 163487 934
163488 163487 672
163488 163489 758
163504 163489 1336
163504 163505 683
163615 163595 1225
163615 163603 1889
163729 163725 850
172408 163725 672
163505 163504 683
163505 163506 1447
172407 163506 276
163602 163599 758
163602 163603 2557
163602 163604 2557
163603 163600 758
163603 163602 2557
163603 163615 1889
162941 162991 610
162941 163006 2331
162992 162991 1028
163009 162991 713
163009 163010 2286
163008 163006 650
163008 163398 2331
163399 163398 605
163391 163368 436
163427 163422 1883
163427 163424 344
163423 163422 1388
163425 163422 796
161332 161333 168
162760 161333 2700
162760 162758 600
162759 162756 600
162759 162758 2481
162748 162746 600
162748 162756 2248
162747 162746 253
162716 162715 344
211856 211854 2147
211856 211855 833
211856 211869 710
211869 211856 710
211869 211857 2079
211869 211870 901
211874 211870 2027
211874 211875 901
211875 211873 2130
211875 211874 901
211875 211881 710
211881 211875 710
211881 211876 2035
211881 211882 833
163914 163912 405
163914 163915 394
163931 163915 2942
163931 163932 782
163907 163913 1060
163912 163913 171
163912 163914 405
172621 163913 102
163939 163938 790
163939 163940 1976
163939 163969 1719
163969 163939 1719
163969 163940 953
163969 163967 790
163938 163939 790
163938 163967 1719
163992 163979 476
163975 163970 1307
163975 163976 2026
163983 163984 445
163983 163986 782
163988 163986 2110
163988 163987 890
163970 163975 1307
163970 163987 1067
163953 163952 686
163953 163985 2063
163984 163983 445
163984 163985 139
214527 214458 408
214266 212011 197
214266 214263 883
211995 211993 1943
211995 211996 883
211956 211996 706
212017 212009 2368
212017 212016 797
212030 212009 670
211977 212016 538
212018 212016 2180
212012 212008 700
212013 212008 727
212013 212011 2045
211883 211882 1765
211883 211918 710
211946 211918 2181
211946 211948 797
211951 211948 1875
211951 211992 750
211952 211992 2027
178726 178727 581
179054 179042 2200
179095 179094 1299
114705 114527 1267
114624 114623 667
114624 114625 2196
114704 114623 1511
114710 114625 1058
114710 114711 950
114711 114710 950
114711 114712 983
116153 114712 3481
114516 114518 670
114519 114518 1334
114512 114521 1940
114548 114521 983
114548 114546 1696
114548 114550 344
114550 114548 344
114550 114549 1511
114550 114552 687
114555 114554 785
114555 114556 1267
114562 114554 706
114562 114561 847
115464 114554 1457
114689 114688 1113
116263 115260 466
116263 115281 706
115280 115279 158
115281 115279 70
115281 116263 706
115282 116208 779
116209 116208 511
115478 115479 1313
115480 115479 1948
115532 115500 1059
115532 115531 889
116145 115531 1759
115501 115500 796
114966 114967 14638
114968 114967 9448
114994 115004 2596
115148 115103 1254
115148 115104 3223
115235 115237 671
115253 115237 883
116168 116167 1220
116169 116167 1201
116166 116165 2545
116237 116165 3535
115090 115089 515
115091 115089 2321
115098 115097 580
115179 115178 238
115297 115296 556
115297 115298 3358
115594 115296 2934
115594 115595 974
115762 115298 556
115590 115589 3454
115605 115589 835
115611 115610 557
115612 115610 926
115614 115613 913
106394 106393 1012
106388 106387 950
106388 106389 950
106527 106387 671
106527 106528 515
106527 106529 1055
106529 106398 2359
106529 106527 1055
106528 106526 1114
106528 106527 515
106528 106532 2981
106526 106528 1114
106526 106545 3648
106546 106545 1419
106546 106578 788
106797 106801 805
106806 106801 1027
106806 106805 2288
106831 106830 745
106832 106830 383
106998 107000 3385
107393 107000 2025
106835 106836 1164
106837 106836 1184
106666 106667 1022
106672 106667 1031
106677 106671 1234
106689 106671 429
106601 106603 1114
106601 106611 671
106511 106605 299
113626 106605 757
106612 106611 1447
106628 106627 556
106628 106631 1674
106631 106628 1674
106631 106632 981
106633 106632 1114
106389 106388 950
106389 106390 344
106391 106390 1112
106391 106392 452
106392 106391 452
106392 106537 434
106548 106549 1112
106548 106566 672
106575 106574 680
106575 106578 754
106578 106546 788
106578 106575 754
106578 106596 1493
106493 106494 562
106495 106494 1334
106514 106494 434
106265 106501 2749
106502 106501 736
116067 116068 1925
113884 113882 645
113884 113891 349
113893 113891 218
113883 113882 218
193067 192998 1274
194005 193013 511
194061 191069 504
193076 193077 1076
194007 193077 671
192050 192049 892
192050 192541 889
192023 191898 908
191741 191740 510
191746 191740 442
193888 193887 60
193888 193889 402
193890 193889 668
191819 191818 866
191643 191824 468
192870 192871 667
192899 192898 1357
192900 192898 1292
193855 193042 2735
193855 193048 719
192527 192530 158
192529 192530 1214
192529 192531 998
192476 192214 894
192477 192214 762
193919 192215 1016
32753 32751 4352
107334 107335 5247
107334 107568 923
107349 107335 475
107549 107550 278
107551 107550 418
104442 104446 3817
107544 104446 208
107574 107570 556
107574 107572 1445
104444 107573 473
107572 107573 3624
107572 107574 1445
32611 32621 1151
6622 32654 652
32800 32654 824
32800 32799 2010
32803 32799 295
32461 32471 1569
32811 32471 679
32810 32809 1323
32810 32816 889
32736 32735 1803
32816 32735 1853
32816 32810 889
32756 32755 954
32760 32755 936
107749 107793 2201
107791 107793 889
107796 107795 452
107803 107794 5400
107901 107829 227
107901 107868 289
107965 107961 252
105825 105823 1113
105825 107927 1114
107927 105825 1114
107927 107943 1221
107947 107943 1114
107947 107962 1007
107963 107962 889
107963 107964 680
107827 107826 750
107919 107826 1767
107919 107920 805
107829 107830 1862
107829 107901 227
107831 107830 1178
107861 107920 1635
107964 107963 680
107964 107971 1776
111854 111824 1278
111854 111831 1780
107950 107981 1124
111799 107981 667
111819 111820 252
111824 111825 2002
111824 111854 1278
111872 111871 1532
942
211709
211746
211712
211722
211725
211721
211838
211848
163598
163376
163487
163489
163595
163725
163506
163599
163600
162991
163006
163010
163398
163368
163424
163422
161333
162758
162756
162746
162715
211854
211857
211870
211873
211876
163915
163932
163913
163940
163967
163979
163976
163986
163987
163985
163952
214458
214263
211993
211996
212009
212016
212008
212011
211882
211918
211948
211992
178727
179042
179094
114527
114623
114625
114712
114518
114521
114546
114549
114552
114554
114556
114561
114688
115260
115279
116208
115479
115531
115500
114967
115004
115104
115237
116167
116165
115089
115097
115103
115178
115296
115298
115595
115589
115610
115613
106393
106387
106398
106532
106545
106801
106805
106830
107000
106836
106667
106671
106603
106605
106611
106627
106632
106390
106537
106549
106566
106574
106596
106494
106501
116068
113891
113882
192998
193013
191069
193077
192541
191898
191740
193889
191818
191824
192871
193887
192898
193042
193048
192530
192531
192049
192214
192215
32751
107335
107568
107550
104446
107570
107573
32621
32654
32799
32471
32809
32735
32755
107793
107795
107794
107868
107961
105823
107943
107962
107826
107830
107920
107971
111831
107981
111820
111825
111871
111847
111875
33564
111889
111975
33597
33687
33711
33715
33721
33722
33724
33789
33780
33797
33796
33800
33811
33844
33851
17252
17264
33876
33891
33894
113198
113215
113453
33899
17351
33869
33896
33892
17355
18351
18359
18183
113320
113462
113136
113460
113456
113458
113477
113455
113476
18369
18370
103438
18367
18372
18472
103445
103447
103502
103459
103720
103721
103454
103456
103563
103463
103462
103540
103593
103639
25260
25262
26113
26108
26116
26121
26139
26166
26172
26168
11214
26159
26164
40102
40140
40142
40191
105282
105181
105234
105265
105508
105514
103690
105484
105488
105557
105520
105493
105498
105494
40143
40144
40177
41307
40189
41312
29225
29240
29245
29247
29271
29251
29281
29282
29322
29270
29269
29339
29090
29340
29334
29355
29067
29066
34985
29044
52944
52998
52999
53005
53011
52974
53008
52979
52984
52986
52989
53293
53299
53319
53433
53484
53329
53486
53491
53575
29045
29043
29049
53573
54783
54803
54813
54825
55254
55264
54953
54954
55009
55010
55324
55344
55347
55350
55923
55939
53462
53476
53470
53464
53465
53494
53456
53544
53556
53498
53514
53529
53535
53590
49520
49546
49548
49552
49550
49319
49284
49275
49293
49302
49305
49308
49310
46277
49716
46279
49561
49567
49573
49788
49791
53689
53715
53719
53720
53767
53728
53751
54777
54781
144237
144238
144243
144278
144219
144218
144315
144314
144321
144324
144365
144416
144258
144288
144364
144285
144325
144330
195502
195550
195554
195565
196332
196349
214465
196325
196326
196383
196317
196369
196375
141416
141419
189912
189940
189954
189952
189959
140060
140062
140064
141455
141456
189955
190019
190024
190031
139823
144923
139818
139940
139948
139946
139949
139957
139993
140014
140017
140019
140100
190089
190093
190086
190096
190095
190112
190447
190045
190321
189666
189999
190075
189995
190538
190670
190474
142194
142196
142208
142212
142336
142342
141374
141373
141375
141370
141410
141414
142161
142163
141654
141679
141683
151608
141767
141768
141745
141762
141765
141756
141758
141763
142148
142150
142158
55946
56029
56045
56047
56055
56156
56163
56205
56233
56229
56262
56243
56247
56252
54487
189919
196401
197213
197214
197223
197259
197262
203959
203966
204190
204282
204301
204289
204304
204309
204317
204359
204361
204368
204370
204365
204375
204369
207170
207180
207181
207192
207138
207139
207216
207141
207135
207136
207188
207187
207193
207194
196915
196921
196917
145965
204051
204055
204071
203894
203903
203904
203937
203657
203660
203667
203874
203880
203879
207357
207425
207397
207393
207396
207361
207364
207360
207371
207370
207150
207151
207157
207337
207341
207343
196366
196380
196397
196398
207909
207937
214714
207932
207940
207945
208010
208038
208051
208215
208250
208253
208213
208216
208212
208227
208237
208246
208300
208302
208319
208308
208310
208314
214750
210552
210554
210555
210558
210561
210611
210604
210613
210620
210631
210619
178681
178682
178906
178913
178891
178930
178880
178883
177550
180334
177538
163238
163214
163230
163219
163237
163210
163639
163635
184868
184865
184900
184884
184897
184901
184903
184995
184996
185074
166196
166256
166280
166259
166302
184949
166208
166209
166203
166225
180762
180548
180807
180537
181913
181964
182415
182428
182439
182505
182494
182626
162173
162745
173776
173769
173789
182608
182627
174209
176287
174206
174143
174168
183974
184055
183973
184066
183991
184078
184082
184098
184103
184111
185169
185211
173932
174334
175051
175054
175067
173907
173914
174476
174481
174490
174488
175078
175104
183326
174618
174609
174508
174511
174627
174598
174629
174715
174717
174600
174602
175206
174604
175179
174810
175059
175124
175138
175429
175430
175141
175131
175144
175701
175552
186097
175158
175556
175165
175554
174306
174430
174417
174404
174475
174401
174200
174261
174227
174229
174248
174232
174308
183837
183953
183957
184064
183921
183964
184974
183979
184983
183966
183972
183978
184963
184970
210641
210642
210798
210799
210801
210819
210821
210879
210897
210901
210927
210937
211621
211625
211642
211855
211736
211711
211747
211740
211724
211723
211861
211860
163604
163377
163486
163488
163504
163615
163729
163505
163602
163603
162941
163008
163399
163391
163427
163425
161332
162760
162759
162748
162716
211856
211869
211874
211875
211881
163914
163931
163907
163912
163938
163992
163975
163983
163988
163970
163953
163984
214527
214266
211995
211956
212017
212030
211977
212018
212013
211883
211946
211951
211952
178726
179054
114705
114624
114704
114710
114711
114516
114519
114512
114555
114562
115464
114689
116263
115280
115282
115478
115532
115501
114966
114968
114994
115148
115235
115253
116237
115091
115179
115297
115590
115605
115614
106394
106388
106526
106546
106797
106806
106832
106998
107393
106835
106666
106672
106677
106689
106601
106511
106612
106628
106631
106633
106389
106548
106575
106493
106495
106265
106502
116067
113884
113883
194061
193076
192050
192023
191741
191819
191643
192870
192900
193855
192527
192529
192477
32753
107334
107549
104442
107544
107574
104444
107572
32611
6622
32800
32461
32811
32810
32816
107749
107791
107796
107803
107901
105825
107927
107947
107963
107827
107919
107829
107861
111854
107950
111799
111819
111824
111872
