1946
88136 88512 60
88136 88536 854
88137 88138 475
88137 88829 344
88137 88832 831
88538 88537 613
73439 73435 476
61080 73428 1293
61080 73435 1158
61046 73443 351
73427 73423 1580
73368 73369 2064
73368 73370 4993
73402 73403 2028
73402 73404 769
73413 73404 237
73413 78958 590
73403 73370 988
73403 73402 2028
73403 73442 2153
58096 57996 1381
58096 58098 618
76707 73284 709
76707 76706 1135
73725 73719 1014
73725 73724 405
75466 75512 846
75466 75517 2372
75476 75477 1004
75476 75478 1426
75499 75485 1394
75499 75500 2069
75503 75500 1105
75503 75515 680
75503 75520 1832
75497 75512 846
73730 73729 3725
73736 73731 2465
73736 73847 2580
73736 73848 2577
73736 73850 672
75510 75511 3530
75510 75544 7241
75496 75495 1426
75496 75500 1611
75504 75511 3773
75504 75534 2115
75505 75537 717
75505 76717 551
75505 76721 372
170269 170268 506
170269 170282 1669
170282 170269 1669
170282 170281 506
170282 170283 2445
170284 170283 506
170284 170285 333
172045 172051 518
172050 172051 2949
172050 172052 553
95887 95888 1227
96679 96681 605
96679 96693 1501
96720 96693 1800
96677 95888 1438
96743 96744 2866
96751 102494 843
96757 96755 1115
96757 96858 947
96885 96886 511
96859 96858 2401
96859 96874 2700
96904 96905 1017
96904 96908 133
97012 97005 7380
97132 97129 1610
97134 97246 1365
97248 97247 2063
97248 97249 612
97251 97249 403
97253 97254 1664
97269 97270 927
97269 97274 1640
97269 97277 2085
97276 97270 1502
97276 97274 984
97278 97270 836
97278 97287 2197
102606 101819 528
102606 102610 2366
102607 102608 2750
102607 102609 1425
102610 102606 2366
102610 102624 157
102614 102615 421
102614 102615 421
97332 97331 810
97332 99661 5209
99659 97331 890
97348 97349 474
99925 100936 452
96492 96491 270
100943 96491 1446
100943 100956 1014
100943 100957 2014
100727 102363 878
102124 100936 997
102125 100949 2279
100968 100957 452
100968 100970 2253
100969 99775 2965
100969 100971 1716
100969 100985 2484
99760 99761 552
99760 99763 848
99766 99764 1919
99766 99767 1418
99766 99773 673
99773 99766 673
99773 99774 1947
99775 99782 2094
99775 99913 1029
99775 100969 2965
99743 99744 1454
99778 99779 2369
99778 99905 1631
99910 99905 276
99911 99920 403
101095 101093 279
101098 101099 677
99954 100048 1284
100050 100052 600
100050 100058 873
101067 99922 2837
101067 101093 1363
101101 101090 1345
101100 101099 1882
101100 101177 1181
101178 101177 2380
101178 101183 403
100703 100704 3795
100703 100753 7988
100703 100773 11161
94702 94703 1129
100760 100761 1124
100760 100779 712
100864 100865 1307
100863 100865 1810
100863 100866 1353
100866 100863 1353
100866 100867 1234
100885 100886 1029
101003 100952 2366
101079 101002 1161
101079 101006 2224
101118 101006 344
101120 101121 1141
101078 101002 517
101106 101105 3500
101108 103000 2044
101108 103001 1434
101111 101092 1260
100650 102835 239
100651 100652 1142
100651 100653 1796
100651 100762 3667
100779 100760 712
100779 100780 3058
100794 100780 506
102093 102092 471
102093 102094 912
102261 102264 1334
102261 102266 476
102263 102262 667
100815 100812 3052
100815 100814 1014
100815 100820 1265
100666 100665 1565
100816 100665 3053
100816 100812 1140
100816 102988 2459
117596 117597 1168
116399 116398 3413
116399 118383 2188
117650 117651 80
117650 117652 1698
116406 116394 4279
116439 116441 1814
116439 116445 1770
116440 116446 3996
116467 116468 2036
116481 116479 1624
116481 116482 2801
116487 116482 2297
116487 116488 1569
116543 116540 1246
116543 118390 536
117786 116478 3086
117786 117787 1334
116644 116634 2622
116644 116648 808
116648 116644 808
116648 116645 1587
116832 116842 1155
116832 116846 1081
116842 116832 1155
116842 116850 811
117923 117924 1902
117923 118034 2005
124154 124165 1189
124166 124165 1950
124166 124171 818
116874 116883 941
116874 116885 1010
116875 116885 1308
116895 116885 1030
116895 116896 1396
116895 116899 1143
116898 116899 1439
116898 116948 874
116948 116898 874
116948 116950 1814
116952 116951 966
116945 116956 1395
116945 116957 1277
116957 116945 1277
116957 116951 1838
116957 116959 941
116969 119694 1155
119684 119690 1067
119684 119692 1277
124161 124159 611
124161 124162 1010
124169 124163 1055
124169 124172 1183
119692 119684 1277
119692 119691 1116
119692 119693 1211
119801 119808 1423
119801 124173 1478
119801 124204 2807
119803 119693 3807
119803 119804 1075
119803 119806 2372
124174 124173 2143
124174 124391 829
124205 119808 2753
124209 119808 753
119807 119804 2234
119807 119806 1423
119843 119811 1815
119843 119845 752
119844 119845 2823
119855 119848 1680
119855 119856 3802
119858 119860 538
119949 119862 1821
119950 119862 874
119859 119856 1102
119859 119870 2118
119861 119860 1780
119870 119859 2118
119870 119869 1036
120024 119942 851
120024 120023 1004
120027 120031 928
120025 120021 475
120025 120022 954
120021 120020 796
120021 120025 475
120057 120030 2469
120045 120044 2247
120045 120050 1183
120045 120051 951
120078 120052 2052
120078 120077 1221
120091 60039 847
119873 119869 4044
119873 119875 1102
119873 119916 1454
120018 119916 2052
120018 120019 1124
120018 120029 2385
120029 120018 2385
120029 120030 1140
60036 60029 2323
60036 60033 791
60037 60033 2111
60037 60035 739
60041 60028 2922
60041 60040 905
76531 60043 954
60354 60360 226
60420 60432 551
60420 78295 644
60108 59959 322
60108 59960 1042
60099 60093 337
60099 60095 355
60132 60130 1143
60132 60131 612
60140 60130 2092
60140 60139 611
60076 60063 1582
60076 60077 924
60068 60067 1426
60068 60070 678
60077 60067 711
60077 60076 924
60128 60070 818
60128 60125 2058
60128 60129 848
60370 60136 695
60302 60235 1929
60302 60307 1415
60311 60321 1685
60266 59780 2043
60266 60267 1621
59773 59675 7391
59785 62663 1783
59785 62664 6677
61057 61138 1791
61057 61144 1035
61057 61203 525
59767 59766 6811
62666 62664 703
62666 62665 1760
62891 62684 679
62891 62899 852
62902 62686 3616
62902 62903 1293
77853 62571 338
77853 77855 621
77858 77850 885
77858 78172 627
62906 62901 3415
62906 62903 713
62983 76561 298
60450 62994 564
62985 62988 569
63298 63300 486
63303 63295 2297
63303 63299 1088
63232 63222 1204
63232 63226 688
63223 63219 845
63223 63224 1615
63223 63250 667
63250 63223 667
63250 63242 1441
63250 63251 782
63226 63211 1221
63226 63232 688
63225 63089 1643
63225 63207 881
63228 63211 2634
63090 63084 538
63090 63087 2118
63098 63095 674
63097 63096 1486
63295 63293 1030
63295 63303 2297
63092 63084 1424
63092 63293 2710
63254 63193 676
63254 63248 1114
64045 64047 3675
64049 64050 1686
64072 64079 476
64077 64080 769
64077 64081 936
64081 64077 936
64081 64082 672
64083 64082 936
64083 64085 782
64083 64092 936
63249 63247 476
63252 63246 1436
63252 63251 782
64131 64130 338
64143 64144 4015
64143 64146 2262
64152 64127 1358
77461 77462 691
77461 77462 691
64381 64394 1870
64381 64395 984
64381 64400 1780
64377 64383 1159
64389 64390 1909
64389 64391 10853
77151 64392 571
63911 63910 1193
63911 63912 1159
63917 63910 1114
63917 63916 838
63915 63908 675
63915 63916 607
63918 63908 2201
63918 63908 2201
63936 63927 2480
63937 63995 3030
63937 63996 1505
58000 58138 782
58000 63950 689
63997 63996 2118
63997 63999 475
64008 64014 1686
64008 64015 475
65025 65024 740
65031 65012 848
65031 65024 1265
65084 65035 679
65084 65036 1114
65084 65087 1084
65075 65018 1186
65075 65073 955
65075 65074 748
65073 65072 1162
65073 65075 955
65073 65078 754
64997 64989 9593
64997 64996 111
65040 65039 2047
65045 65046 2153
65045 65050 1357
59501 59502 307
59501 59669 320
59501 65165 456
65109 63748 592
65117 65322 1012
65104 65318 956
65104 65323 2217
63747 63748 1543
63747 63774 847
65113 65114 1564
65113 65115 602
65350 65351 2714
58146 58145 1809
58146 64394 1805
64146 64143 2262
64146 64144 1860
64270 64144 1579
73231 73195 1637
73231 73238 901
73232 64836 284
73232 73238 1423
73366 73369 4196
75146 79082 554
58118 58119 301
58118 58120 1821
75142 75147 712
76022 76016 1949
76022 76027 1414
76083 76084 2244
76083 76085 522
76285 76283 624
76285 76287 507
76289 76295 469
76289 76302 2477
77595 76576 2160
77595 77614 3126
87370 87380 292
87370 87394 967
87410 87411 614
87410 87413 337
87305 87304 1190
87305 87333 2920
87406 87331 753
87406 87407 1215
87272 87273 1349
87408 87320 1359
75190 75189 806
75190 75215 351
75218 75217 688
75218 78588 709
75237 75236 812
75237 75260 2773
75237 75271 650
75214 75189 626
75214 75209 1189
75236 75235 613
75236 75237 812
75236 75259 2773
75241 75244 752
75241 75272 2635
75242 75244 1686
75242 75278 661
75271 75237 650
75271 75272 740
75271 75273 2910
87222 87221 932
87222 87223 913
87221 87220 406
87221 87222 932
91116 91115 1170
87235 87233 753
87235 87234 310
87237 87238 779
87664 87665 1976
87661 87660 812
87661 87662 1589
87661 88029 1911
88031 88030 947
87671 87672 4230
87671 87673 779
87674 87673 870
87674 87675 789
88495 88494 1132
88495 88506 853
88500 88501 1080
88500 88508 401
88500 88515 664
88508 88500 401
88508 88507 876
88508 88522 602
88011 88010 1689
88131 88138 1279
87302 87303 288
87302 87972 899
87317 87318 2113
87317 87334 2323
87317 87993 943
87996 87995 698
87996 87998 956
87998 87996 956
87998 87997 852
88118 88513 1034
88124 88125 488
88124 91528 1827
88512 88136 60
88512 88511 1489
88536 88136 854
88536 88535 1039
88536 88539 1576
88138 88131 1279
88138 88137 475
88829 88096 1114
88829 88137 344
88832 88137 831
88832 88830 1077
88537 88538 613
88537 88833 1662
73435 61080 1158
73435 73426 423
73435 73439 476
73435 73469 556
73428 61080 1293
73428 73429 1162
73428 73469 1420
73443 61046 351
73443 73425 1146
73423 73422 688
73423 73424 2890
73423 73425 611
73423 73427 1580
73369 73366 4196
73369 73368 2064
73370 61118 2029
73370 73368 4993
73370 73403 988
73370 73652 3312
73404 73402 769
73404 73405 781
73404 73413 237
78958 73413 590
73442 61117 168
73442 73403 2153
57996 57997 1000
57996 57998 1227
57996 58096 1381
58098 58096 618
73284 73283 796
73284 73285 1295
73284 76707 709
76706 73285 678
76706 76707 1135
76706 77237 3022
76706 77238 2941
73719 73718 790
73719 73721 607
73719 73725 1014
73724 73721 951
73724 73722 2019
73724 73725 405
75512 75466 846
75512 75497 846
75512 75513 1140
75517 75466 2372
75517 75526 1674
75517 75527 876
75477 75476 1004
75478 75476 1426
75478 75479 500
75478 75480 636
75485 75484 925
75485 75495 140
75485 75499 1394
75500 75496 1611
75500 75499 2069
75500 75503 1105
75515 75503 680
75515 75514 1439
75515 75516 810
75515 77249 757
75520 75503 1832
75520 75523 1454
75520 75524 4190
73729 73707 4402
73729 73730 3725
73729 73731 3730
73731 73729 3730
73731 73734 437
73731 73736 2465
73847 73736 2580
73847 73848 18
73847 73849 1493
73847 73852 2263
73848 63942 1496
73848 73736 2577
73848 73847 18
73850 73736 672
73850 73857 2096
73850 73861 1225
75511 75504 3773
75511 75510 3530
75544 57904 6055
75544 75510 7241
75544 75542 562
75544 75627 9844
75495 75483 437
75495 75485 140
75495 75496 1426
75534 75504 2115
75534 75523 1592
75534 75524 2057
75534 75535 8712
75537 75505 717
76717 75505 551
76717 76710 1025
76717 76718 369
76721 75505 372
170268 170267 556
170268 170269 506
170268 170276 422
170268 170281 1669
170281 170268 1669
170281 170277 422
170281 170279 2445
170281 170282 506
170283 170279 506
170283 170282 2445
170283 170284 506
170285 170284 333
172051 172045 518
172051 172050 2949
172052 159852 518
172052 172050 553
172052 172053 3058
95888 95887 1227
95888 96673 1029
95888 96676 1427
95888 96677 1438
96681 96676 612
96681 96679 605
96681 96682 788
96693 96679 1501
96693 96720 1800
96693 96737 612
96744 96738 619
96744 96743 2866
102494 96751 843
96755 96756 1283
96755 96757 1115
96755 96758 1770
96858 96757 947
96858 96764 2614
96858 96859 2401
96886 96885 511
96874 96859 2700
96874 96875 1004
96874 96876 1063
96905 96903 1725
96905 96904 1017
96908 96904 133
96908 101816 743
96908 101817 154
97005 97003 1559
97005 97012 7380
97129 97130 927
97129 97131 276
97129 97132 1610
97246 97134 1365
97246 97242 849
97246 97247 1456
97247 97246 1456
97247 97248 2063
97249 97248 612
97249 97250 650
97249 97251 403
97254 97253 1664
97270 97269 927
97270 97276 1502
97270 97277 1640
97270 97278 836
97274 97269 1640
97274 97275 344
97274 97276 984
97277 97269 2085
97277 97270 1640
97277 97287 1124
97287 97277 1124
97287 97278 2197
101819 97312 920
101819 101820 381
101819 102606 528
102608 102607 2750
102608 102624 143
102608 102624 143
102609 102607 1425
102624 102608 143
102624 102608 143
102624 102610 157
102615 102614 421
102615 102614 421
102615 102616 225
97331 97332 810
97331 99659 890
99661 97312 1155
99661 97332 5209
99661 102176 1189
97349 97314 3936
97349 97348 474
100936 99925 452
100936 102124 997
96491 96489 839
96491 96492 270
96491 100943 1446
100956 100943 1014
100956 100958 474
100956 100960 871
100957 100943 2014
100957 100962 796
100957 100968 452
102363 97352 628
102363 100727 878
100949 100948 1485
100949 102125 2279
100949 102126 1004
100970 100964 1855
100970 100968 2253
100970 100971 1546
100971 100969 1716
100971 100970 1546
100971 100975 4611
100971 100986 2349
100985 100969 2484
100985 100986 1673
100985 100989 1422
100985 100993 2956
99761 99760 552
99761 102466 445
99763 99760 848
99763 102466 849
99764 99765 928
99764 99766 1919
99764 99767 1763
99767 99764 1763
99767 99766 1418
99767 99779 709
99774 99773 1947
99774 99781 952
99774 99782 1067
99782 99774 1067
99782 99775 2094
99782 99780 1620
99913 99775 1029
99913 99908 4937
99913 100988 139
99744 99743 1454
99779 99767 709
99779 99778 2369
99779 99780 2754
99905 99778 1631
99905 99780 1836
99905 99908 1248
99905 99910 276
99920 99911 403
99920 99912 475
101093 101067 1363
101093 101094 948
101093 101095 279
101099 101098 677
101099 101100 1882
100048 99954 1284
100048 100052 1544
100048 101172 202
100052 100048 1544
100052 100050 600
100052 100051 688
100058 100050 873
100058 100053 1141
99922 99912 2981
99922 101067 2837
101090 101089 605
101090 101091 884
101090 101101 1345
101177 101100 1181
101177 101176 1004
101177 101178 2380
101183 101178 403
100704 100703 3795
100704 102355 3643
100753 100703 7988
100753 100752 662
100773 100703 11161
100773 102365 3551
94703 94702 1129
94703 98146 987
94703 100795 2760
100761 100760 1124
100865 100863 1810
100865 100864 1307
100865 100867 1261
100867 100865 1261
100867 100866 1234
100886 100885 1029
100952 100950 4392
100952 100953 4826
100952 101003 2366
101002 101001 4304
101002 101078 517
101002 101079 1161
101006 101007 1339
101006 101079 2224
101006 101118 344
101121 101120 1141
101105 101092 1660
101105 101104 849
101105 101106 3500
103000 101108 2044
103001 101108 1434
101092 101091 3090
101092 101105 1660
101092 101111 1260
102835 100648 583
102835 100650 239
100652 100651 1142
100653 100651 1796
100653 100660 1269
100653 100661 2393
100762 100651 3667
100762 100763 890
100762 100764 1145
100780 100779 3058
100780 100794 506
100780 100795 1376
102092 102089 1616
102092 102093 471
102092 102094 1007
102094 101849 61
102094 102092 1007
102094 102093 912
102264 102091 378
102264 102261 1334
102266 102261 476
102266 102265 582
102266 102983 1246
102262 102263 667
100812 100664 2900
100812 100809 818
100812 100815 3052
100812 100816 1140
100814 100809 2671
100814 100815 1014
100820 100815 1265
100665 100664 1004
100665 100666 1565
100665 100816 3053
102988 100816 2459
117597 117596 1168
116398 116399 3413
116398 116400 3871
118383 116399 2188
117651 117650 80
117652 117650 1698
116394 116395 519
116394 116406 4279
116394 116432 1321
116441 116431 2966
116441 116439 1814
116441 116442 3272
116445 116439 1770
116446 116440 3996
116446 116476 2553
116446 116477 1023
116468 116467 2036
116468 117778 3272
116468 117781 1522
116479 116478 1856
116479 116481 1624
116479 116482 2063
116482 116479 2063
116482 116481 2801
116482 116487 2297
116488 116487 1569
116488 116540 2770
116540 116485 606
116540 116488 2770
116540 116543 1246
118390 116543 536
118390 116544 733
118390 118391 1278
116478 116479 1856
116478 116480 2477
116478 117786 3086
117787 117786 1334
116634 116613 2016
116634 116637 1838
116634 116638 1414
116634 116644 2622
116645 116638 928
116645 116646 1211
116645 116648 1587
116846 116672 875
116846 116832 1081
116846 116847 811
116850 116842 811
116850 116851 1212
117924 117923 1902
118034 117923 2005
124165 124154 1189
124165 124163 1189
124165 124166 1950
124171 124166 818
124171 124170 1010
124171 124204 1093
116883 116851 1826
116883 116874 941
116883 116884 1032
116885 116874 1010
116885 116875 1308
116885 116884 1546
116885 116895 1030
116896 116887 436
116896 116895 1396
116896 116899 1696
116899 116895 1143
116899 116896 1696
116899 116898 1439
116899 116900 949
116950 116948 1814
116950 116953 1748
116950 116954 404
116951 116952 966
116951 116954 977
116951 116957 1838
116951 116958 739
116956 116945 1395
116959 116957 941
116959 119695 1010
119694 116969 1155
119694 119689 419
119694 119699 2182
119694 119702 1283
119690 119684 1067
119690 119689 752
119690 119691 1211
124159 124160 1344
124159 124161 611
124159 124173 279
124162 124161 1010
124163 124164 1081
124163 124165 1189
124163 124169 1055
124172 124169 1183
119691 119690 1211
119691 119692 1116
119691 119702 977
119691 119720 1212
119693 119692 1211
119693 119720 977
119693 119803 3807
119693 119805 436
119808 119801 1423
119808 119806 2043
119808 124205 2753
119808 124209 753
124173 119801 1478
124173 124159 279
124173 124174 2143
124204 119801 2807
124204 124171 1093
119804 119803 1075
119804 119805 3656
119804 119807 2234
119804 119809 606
119806 119803 2372
119806 119807 1423
119806 119808 2043
124391 124174 829
119811 119810 538
119811 119812 740
119811 119813 1953
119811 119843 1815
119845 119812 1680
119845 119843 752
119845 119844 2823
119845 119847 752
119848 119847 474
119848 119849 3011
119848 119855 1680
119856 119849 1534
119856 119855 3802
119856 119859 1102
119856 119869 2237
119860 119858 538
119860 119861 1780
119860 119862 337
119862 119860 337
119862 119949 1821
119862 119950 874
119869 119856 2237
119869 119867 1421
119869 119870 1036
119869 119873 4044
119942 119922 1308
119942 119938 1270
119942 120024 851
119942 120032 1742
120023 119923 1097
120023 120022 2568
120023 120024 1004
120031 120027 928
120022 119918 1186
120022 120023 2568
120022 120025 954
120020 119917 2037
120020 120019 344
120020 120021 796
120030 120019 2469
120030 120029 1140
120030 120057 2469
120044 120043 1181
120044 120045 2247
120050 120039 1227
120050 120040 905
120050 120045 1183
120051 120041 2445
120051 120045 951
120051 120052 984
120052 120042 2487
120052 120051 984
120052 120078 2052
120077 120078 1221
60039 60040 452
60039 120091 847
119875 119868 848
119875 119873 1102
119875 119905 1637
119916 119873 1454
119916 119903 2569
119916 119917 1357
119916 120018 2052
120019 120018 1124
120019 120020 344
120019 120030 2469
60029 59971 3136
60029 60028 1014
60029 60036 2323
60029 60043 916
60033 60031 711
60033 60032 1505
60033 60036 791
60033 60037 2111
60035 59998 190
60035 60031 2349
60035 60037 739
60028 59969 3275
60028 60027 782
60028 60029 1014
60028 60041 2922
60040 60026 1938
60040 60039 452
60040 60041 905
60043 60029 916
60043 76531 954
60360 60354 226
60432 60420 551
60432 60424 243
60432 60433 893
60432 60455 919
78295 60420 644
59959 59956 2488
59959 60104 606
59959 60108 322
59960 59958 1884
59960 60108 1042
59960 76958 734
60093 60086 1933
60093 60099 337
60093 60131 2028
60095 60094 1439
60095 60097 739
60095 60099 355
60130 60127 951
60130 60132 1143
60130 60140 2092
60131 60093 2028
60131 60132 612
60131 77551 1623
60139 60127 2013
60139 60136 333
60139 60140 611
60063 60062 713
60063 60064 581
60063 60076 1582
60067 60066 824
60067 60068 1426
60067 60077 711
60070 60068 678
60070 60069 650
60070 60128 818
60125 60124 848
60125 60126 818
60125 60128 2058
60129 60126 2135
60129 60128 848
60129 60136 611
60136 60129 611
60136 60139 333
60136 60370 695
60235 60233 1158
60235 60301 316
60235 60302 1929
60307 60302 1415
60321 60311 1685
59780 59781 1514
59780 60264 889
59780 60266 2043
60267 60266 1621
60267 77697 855
59675 59218 10061
59675 59673 2443
59675 59676 3036
59675 59773 7391
62663 59785 1783
62664 59785 6677
62664 62637 3454
62664 62666 703
61138 61057 1791
61144 61057 1035
61203 61057 525
59766 59664 3339
59766 59767 6811
62665 62637 3496
62665 62666 1760
62665 62680 1156
62684 62682 908
62684 62683 1170
62684 62891 679
62899 62891 852
62899 62900 1068
62899 62900 1068
62686 62672 2789
62686 62687 1221
62686 62902 3616
62903 62902 1293
62903 62906 713
62571 62570 530
62571 62573 997
62571 77853 338
77855 77853 621
77850 62692 1022
77850 77851 1040
77850 77858 885
78172 77858 627
62901 62685 2863
62901 62687 747
62901 62906 3415
76561 62983 298
62994 60450 564
62994 62995 642
62994 63028 2332
62988 62985 569
62988 62986 764
63300 63298 486
63300 63299 1563
63299 63293 2235
63299 63300 1563
63299 63303 1088
63222 63213 712
63222 63221 688
63222 63232 1204
63222 77064 773
63219 63218 676
63219 63220 905
63219 63223 845
63224 63216 863
63224 63223 1615
63242 63218 782
63242 63243 344
63242 63250 1441
63251 63244 1356
63251 63250 782
63251 63252 782
63251 63270 602
63211 63208 838
63211 63226 1221
63211 63228 2634
63089 63088 1301
63089 63204 740
63089 63225 1643
63207 63204 1536
63207 63206 674
63207 63225 881
63084 63068 1618
63084 63090 538
63084 63092 1424
63087 63086 3761
63087 63090 2118
63087 63095 650
63095 63087 650
63095 63096 279
63095 63098 674
63096 63088 3033
63096 63095 279
63096 63097 1486
63293 60723 1170
63293 63092 2710
63293 63295 1030
63293 63299 2235
63193 63182 1111
63193 63191 769
63193 63194 210
63193 63254 676
63248 63182 591
63248 63247 1121
63248 63254 1114
64047 64045 3675
64047 64050 1537
64047 64052 405
64050 64047 1537
64050 64049 1686
64079 64055 1124
64079 64072 476
64080 64077 769
64080 64082 852
64082 64080 852
64082 64081 672
64082 64083 936
64085 64083 782
64085 64084 1441
64085 64093 778
64085 64094 1104
64092 64083 936
63247 63246 452
63247 63248 1121
63247 63249 476
63246 63244 667
63246 63247 452
63246 63252 1436
64130 64129 558
64130 64131 338
64144 64143 4015
64144 64146 1860
64144 64270 1579
64127 64121 740
64127 64152 1358
77462 58145 199
77462 77461 691
77462 77461 691
64394 58146 1805
64394 58173 468
64394 64381 1870
64395 64381 984
64395 64396 951
64400 64381 1780
64400 64401 3494
64383 64377 1159
64383 64399 1428
64390 64389 1909
64391 64389 10853
64392 64393 1702
64392 66514 1909
64392 77151 571
63910 63911 1193
63910 63916 613
63910 63917 1114
63912 63911 1159
63912 63913 184
63912 63914 1046
63916 63910 613
63916 63915 607
63916 63917 838
63908 63909 374
63908 63915 675
63908 63918 2201
63908 63918 2201
63927 63926 111
63927 63936 2480
63995 63925 405
63995 63937 3030
63995 63999 1393
63996 63937 1505
63996 63997 2118
63996 63998 405
58138 58000 782
63950 58000 689
63950 63949 672
63999 63995 1393
63999 63997 475
63999 64014 419
64014 63999 419
64014 64008 1686
64014 77134 1687
64015 64008 475
64015 64016 1347
65024 65021 478
65024 65025 740
65024 65031 1265
65012 65009 1227
65012 65018 607
65012 65030 1157
65012 65031 848
65035 65033 679
65035 65036 929
65035 65084 679
65036 65034 651
65036 65035 929
65036 65084 1114
65087 65084 1084
65018 65012 607
65018 65019 748
65018 65075 1186
65074 65019 1186
65074 65071 238
65074 65075 748
65072 65071 875
65072 65073 1162
65072 65077 812
65072 78148 296
65078 65073 754
65078 65077 1397
65078 65080 651
65078 65083 447
64989 62463 8584
64989 64990 2068
64989 64997 9593
64996 64994 202
64996 64997 111
65039 62516 4292
65039 65040 2047
65039 65041 1633
65039 65043 1919
65046 65045 2153
65050 65045 1357
65050 65051 3076
65050 65052 909
65050 78121 1537
59502 59501 307
59669 59501 320
65165 59501 456
65165 59899 85
65165 65166 262
63748 63747 1543
63748 65109 592
63748 65110 688
63748 65119 3328
65322 65117 1012
65322 65324 675
65322 65325 332
65318 65104 956
65318 65319 1122
65318 65323 1906
65323 65104 2217
65323 65318 1906
65323 65324 581
63774 63747 847
65114 65113 1564
65114 65118 1862
65114 65327 2895
65115 65113 602
65115 65116 1695
65115 65116 1695
65351 65350 2714
65351 65367 1622
65351 65369 1641
58145 58146 1809
58145 58151 231
58145 77462 199
73195 73231 1637
73238 73231 901
73238 73232 1423
64836 73232 284
79082 75146 554
58119 58118 301
58120 58118 1821
75147 75142 712
76016 76022 1949
76027 76022 1414
76084 76083 2244
76085 76083 522
76283 76285 624
76287 76285 507
76295 76289 469
76302 76289 2477
76576 77595 2160
77614 77595 3126
87380 87370 292
87394 87370 967
87411 87410 614
87413 87410 337
87304 87303 2561
87304 87303 2561
87304 87305 1190
87333 87305 2920
87333 87334 2269
87333 87972 2709
87331 87406 753
87407 87406 1215
87273 87272 1349
87320 87408 1359
75189 75190 806
75189 75214 626
75215 75190 351
75217 75218 688
78588 75218 709
75260 75237 2773
75260 75259 812
75260 75273 613
75209 75214 1189
75209 75235 405
75235 75209 405
75235 75236 613
75259 75236 2773
75259 75260 812
75244 75241 752
75244 75242 1686
75272 75241 2635
75272 75271 740
75278 75242 661
75273 75260 613
75273 75271 2910
87223 87222 913
87220 87221 406
87220 87238 1323
91115 91116 1170
87233 87234 844
87233 87235 753
87234 87233 844
87234 87235 310
87238 87220 1323
87238 87237 779
87665 87664 1976
87660 87661 812
87662 87661 1589
88029 87661 1911
88029 88030 955
88030 88029 955
88030 88031 947
87672 87671 4230
87673 87671 779
87673 87674 870
87675 87674 789
88494 88495 1132
88506 88495 853
88506 88507 782
88501 88500 1080
88515 88500 664
88507 88506 782
88507 88508 876
88507 88522 672
88522 88507 672
88522 88508 602
88010 88011 1689
87303 87302 288
87303 87304 2561
87303 87304 2561
87972 87302 899
87972 87333 2709
87972 87334 1046
87318 87317 2113
87334 87317 2323
87334 87333 2269
87334 87972 1046
87993 87317 943
87995 87996 698
87995 87997 1320
87997 87995 1320
87997 87998 852
88513 88118 1034
88513 88511 818
88125 88124 488
91528 88124 1827
88511 88512 1489
88511 88513 818
88535 88536 1039
88539 88536 1576
88096 88829 1114
88830 88832 1077
88833 88537 1662
73426 73425 3262
73426 73435 423
73469 73428 1420
73469 73435 556
73429 73428 1162
73425 73423 611
73425 73426 3262
73425 73443 1146
73422 73423 688
73424 73423 2890
61118 61117 871
61118 73370 2029
73652 73370 3312
73405 73404 781
61117 61118 871
61117 73442 168
57997 57996 1000
57997 57998 227
57998 57996 1227
57998 57997 227
73283 73284 796
73285 73284 1295
73285 76706 678
77237 76706 3022
77237 77238 720
77238 76706 2941
77238 77237 720
73718 73719 790
73721 73719 607
73721 73724 951
73722 73724 2019
75513 75512 1140
75513 75516 1439
75526 75517 1674
75526 75527 905
75527 75517 876
75527 75526 905
75479 75478 500
75480 75478 636
75484 75485 925
75514 75515 1439
75516 75513 1439
75516 75515 810
77249 75515 757
75523 75520 1454
75523 75534 1592
75524 75520 4190
75524 75534 2057
73707 73729 4402
73734 73731 437
73849 73847 1493
73852 73847 2263
63942 73848 1496
73857 73850 2096
73861 73850 1225
57904 75544 6055
75542 75544 562
75627 75535 1127
75627 75544 9844
75483 75495 437
75535 75534 8712
75535 75627 1127
76710 76717 1025
76718 76717 369
170267 170268 556
170276 170268 422
170276 170277 1669
170277 170276 1669
170277 170281 422
170279 170281 2445
170279 170283 506
159852 172052 518
172053 172052 3058
96673 95888 1029
96676 95888 1427
96676 96681 612
96682 96681 788
96737 96693 612
96738 96744 619
96756 96755 1283
96758 96755 1770
96764 96858 2614
96875 96874 1004
96876 96874 1063
96903 96905 1725
101816 96908 743
101817 96908 154
97003 97005 1559
97130 97129 927
97131 97129 276
97242 97246 849
97250 97249 650
97275 97274 344
97312 97314 1965
97312 99661 1155
97312 101819 920
101820 101819 381
102616 102615 225
102176 99661 1189
97314 97312 1965
97314 97349 3936
96489 96491 839
100958 100956 474
100960 100956 871
100962 100957 796
100962 100964 562
97352 102363 628
100948 100949 1485
100948 100950 4094
100948 100953 2048
102126 100949 1004
100964 100962 562
100964 100970 1855
100975 100971 4611
100986 100971 2349
100986 100985 1673
100989 100985 1422
100989 100988 1667
100993 100985 2956
102466 99761 445
102466 99763 849
99765 99764 928
99781 99774 952
99780 99779 2754
99780 99782 1620
99780 99905 1836
99908 99905 1248
99908 99912 1343
99908 99913 4937
100988 99913 139
100988 100989 1667
99912 99908 1343
99912 99920 475
99912 99922 2981
101094 101093 948
101172 100048 202
101172 101176 871
100051 100052 688
100051 100053 475
100053 100051 475
100053 100058 1141
100053 101176 600
101089 101090 605
101091 101090 884
101091 101092 3090
101176 100053 600
101176 101172 871
101176 101177 1004
102355 100704 3643
100752 100753 662
102365 100773 3551
98146 94703 987
100795 94703 2760
100795 100780 1376
100950 100948 4094
100950 100952 4392
100953 100948 2048
100953 100952 4826
101001 101002 4304
101007 101006 1339
101104 101105 849
100648 102835 583
100660 100653 1269
100661 100653 2393
100763 100762 890
100764 100762 1145
102089 102091 1239
102089 102092 1616
101849 102094 61
102091 102089 1239
102091 102264 378
102265 102266 582
102983 102266 1246
100664 100665 1004
100664 100812 2900
100809 100812 818
100809 100814 2671
116400 116398 3871
116395 116394 519
116432 116394 1321
116432 116431 514
116431 116432 514
116431 116441 2966
116442 116441 3272
116476 116446 2553
116477 116446 1023
117778 116468 3272
117781 116468 1522
116485 116480 2212
116485 116540 606
116544 118390 733
118391 118390 1278
116480 116478 2477
116480 116485 2212
116613 116634 2016
116637 116634 1838
116638 116634 1414
116638 116645 928
116646 116645 1211
116672 116846 875
116847 116846 811
116851 116850 1212
116851 116883 1826
124170 124171 1010
116884 116883 1032
116884 116885 1546
116884 116887 1485
116887 116884 1485
116887 116896 436
116900 116899 949
116900 116953 1226
116953 116900 1226
116953 116950 1748
116954 116950 404
116954 116951 977
116958 116951 739
119695 116959 1010
119695 119699 279
119689 119690 752
119689 119694 419
119699 119694 2182
119699 119695 279
119702 119691 977
119702 119694 1283
124160 124159 1344
124164 124163 1081
119720 119691 1212
119720 119693 977
119805 119693 436
119805 119804 3656
119809 119804 606
119809 119810 337
119810 119809 337
119810 119811 538
119812 119811 740
119812 119845 1680
119813 119811 1953
119847 119845 752
119847 119848 474
119849 119848 3011
119849 119856 1534
119867 119868 2933
119867 119869 1421
119922 119923 518
119922 119942 1308
119938 119942 1270
120032 119942 1742
119923 119922 518
119923 120023 1097
119918 119917 1357
119918 120022 1186
119917 119916 1357
119917 119918 1357
119917 120020 2037
120043 120040 1795
120043 120044 1181
120039 120041 1056
120039 120050 1227
120040 120043 1795
120040 120050 905
120041 120039 1056
120041 120042 848
120041 120051 2445
120042 120041 848
120042 120052 2487
119868 119867 2933
119868 119875 848
119905 119875 1637
119905 119903 1484
119903 119905 1484
119903 119916 2569
59971 59969 1161
59971 60029 3136
60031 60033 711
60031 60035 2349
60032 60033 1505
59998 60035 190
59969 59971 1161
59969 60028 3275
60027 60026 935
60027 60028 782
60026 60027 935
60026 60040 1938
60424 60432 243
60433 60432 893
60455 60432 919
59956 59958 1166
59956 59959 2488
60104 59959 606
59958 59956 1166
59958 59960 1884
76958 59960 734
60086 60093 1933
60094 60095 1439
60097 60095 739
60127 60126 848
60127 60130 951
60127 60139 2013
77551 60131 1623
60062 60063 713
60064 60063 581
60064 60066 151
60066 60064 151
60066 60067 824
60066 60069 935
60069 60066 935
60069 60070 650
60124 60125 848
60126 60125 818
60126 60127 848
60126 60129 2135
60233 60235 1158
60301 60235 316
59781 59780 1514
60264 59780 889
77697 60267 855
59218 59675 10061
59673 59675 2443
59676 59675 3036
62637 62664 3454
62637 62665 3496
59664 59766 3339
62680 62665 1156
62682 62683 1698
62682 62684 908
62683 62682 1698
62683 62684 1170
62683 62900 1342
62900 62683 1342
62900 62899 1068
62900 62899 1068
62672 62686 2789
62687 62686 1221
62687 62901 747
62570 62571 530
62573 62571 997
62692 77850 1022
77851 77850 1040
62685 62901 2863
62995 62994 642
63028 62994 2332
62986 62988 764
63213 63222 712
63221 63222 688
77064 63222 773
63218 63219 676
63218 63242 782
63220 63219 905
63216 63224 863
63243 63242 344
63243 63244 452
63244 63243 452
63244 63246 667
63244 63251 1356
63270 63251 602
63208 63206 650
63208 63211 838
63088 63086 607
63088 63089 1301
63088 63096 3033
63204 63089 740
63204 63207 1536
63206 63207 674
63206 63208 650
63068 63084 1618
63086 63087 3761
63086 63088 607
60723 63293 1170
63182 63193 1111
63182 63248 591
63191 63193 769
63194 63193 210
64052 64047 405
64055 64079 1124
64084 64085 1441
64093 64085 778
64094 64085 1104
64129 64130 558
64121 64127 740
58173 64394 468
64396 64395 951
64401 64400 3494
64399 64383 1428
64399 66514 1314
64393 64392 1702
66514 64392 1909
66514 64399 1314
63913 63912 184
63914 63912 1046
63909 63908 374
63926 63927 111
63925 63995 405
63998 63996 405
63949 63950 672
77134 64014 1687
77134 64016 1115
64016 64015 1347
64016 77134 1115
65021 65024 478
65009 65012 1227
65030 65012 1157
65033 65034 1257
65033 65035 679
65034 65033 1257
65034 65036 651
65019 65018 748
65019 65074 1186
65071 65072 875
65071 65074 238
65077 65072 812
65077 65078 1397
78148 65072 296
65080 65078 651
65083 65078 447
62463 64989 8584
64990 64989 2068
64994 64996 202
62516 65039 4292
65041 65039 1633
65043 65039 1919
65051 65050 3076
65052 65050 909
78121 65050 1537
59899 65165 85
65166 65165 262
65110 63748 688
65119 63748 3328
65119 65118 1366
65324 65322 675
65324 65323 581
65325 65116 602
65325 65322 332
65319 65318 1122
65118 65114 1862
65118 65119 1366
65118 65327 1624
65327 65114 2895
65327 65118 1624
65116 65115 1695
65116 65115 1695
65116 65325 602
65367 65351 1622
65369 65351 1641
58151 58145 231
574
88136
88137
88538
73439
61080
61046
73427
73368
73402
73413
73403
58096
76707
73725
75466
75476
75499
75503
75497
73730
73736
75510
75496
75504
75505
170269
170282
170284
172045
172050
95887
96679
96720
96677
96743
96751
96757
96885
96859
96904
97012
97132
97134
97248
97251
97253
97269
97276
97278
102606
102607
102610
102614
97332
99659
97348
99925
96492
100943
100727
102124
102125
100968
100969
99760
99766
99773
99775
99743
99778
99910
99911
101095
101098
99954
100050
101067
101101
101100
101178
100703
94702
100760
100864
100863
100866
100885
101003
101079
101118
101120
101078
101106
101108
101111
100650
100651
100779
100794
102093
102261
102263
100815
100666
100816
117596
116399
117650
116406
116439
116440
116467
116481
116487
116543
117786
116644
116648
116832
116842
117923
124154
124166
116874
116875
116895
116898
116948
116952
116945
116957
116969
119684
124161
124169
119692
119801
119803
124174
124205
124209
119807
119843
119844
119855
119858
119949
119950
119859
119861
119870
120024
120027
120025
120021
120057
120045
120078
120091
119873
120018
120029
60036
60037
60041
76531
60354
60420
60108
60099
60132
60140
60076
60068
60077
60128
60370
60302
60311
60266
59773
59785
61057
59767
62666
62891
62902
77853
77858
62906
62983
60450
62985
63298
63303
63232
63223
63250
63226
63225
63228
63090
63098
63097
63295
63092
63254
64045
64049
64072
64077
64081
64083
63249
63252
64131
64143
64152
77461
64381
64377
64389
77151
63911
63917
63915
63918
63936
63937
58000
63997
64008
65025
65031
65084
65075
65073
64997
65040
65045
59501
65109
65117
65104
63747
65113
65350
58146
64146
64270
73231
73232
73366
75146
58118
75142
76022
76083
76285
76289
77595
87370
87410
87305
87406
87272
87408
75190
75218
75237
75214
75236
75241
75242
75271
87222
87221
91116
87235
87237
87664
87661
88031
87671
87674
88495
88500
88508
88011
88131
87302
87317
87996
87998
88118
88124
73195
73238
64836
75147
76016
76027
76085
76283
76295
76302
76576
77614
87380
87394
87411
87413
87331
87407
87273
87320
75189
75215
75217
75209
75235
75259
75244
75272
75278
75273
87220
87233
87238
87665
87660
88029
88030
87672
87675
88494
88506
88501
88515
88507
88522
88010
87318
87993
87995
87997
88513
88125
88535
88096
88830
88833
73426
73422
73424
73652
57997
57998
73283
73285
77237
77238
73718
73721
73722
75513
75526
75527
75480
75484
75516
75523
75524
73707
73734
73849
73852
63942
73857
73861
57904
75542
75483
75535
76710
76718
170276
170277
170279
159852
96673
96676
96682
96737
96738
96764
96875
96876
96903
101816
101817
97003
97130
97131
97242
97312
101820
96489
100958
100960
100962
97352
100964
100975
100986
100989
100993
100988
99912
101091
102355
100752
102365
98146
100795
100950
100953
101001
101104
100648
100661
100764
102089
101849
102265
100664
100809
116400
116395
116432
116431
116442
117778
117781
116485
116544
116480
116613
116637
116638
116672
116851
116887
116900
116953
116954
116958
119695
119689
119699
119702
119720
119805
119810
119812
119813
119847
119849
119867
119922
119938
120032
119923
119918
119917
120043
120039
120040
120042
119868
119905
119903
59971
60031
60032
59998
59969
60027
60026
60424
60433
59956
60104
59958
76958
60086
60097
60062
60064
60069
60124
60233
59781
60264
77697
59218
59673
59676
62637
59664
62680
62682
62672
62687
62570
62573
62692
77851
62685
62995
62986
63213
63221
63218
63216
63243
63208
63204
63206
63068
63086
60723
63182
63191
64052
64055
64093
64129
64121
58173
64396
64401
64399
64393
63926
63925
63949
77134
64016
65021
65009
65033
65034
65071
65077
62463
64994
62516
65041
65043
65051
65052
78121
59899
65166
65110
65119
65324
65325
65319
65327
65367
65369
58151
