1724
227818 227815 1401
227818 234814 1988
227818 234823 2793
228911 228912 910
228911 228915 2042
228933 234803 2408
234579 228916 596
228974 228928 1075
228974 228976 949
228980 228987 1927
228980 228988 3145
234859 228926 1692
234859 234861 642
229002 229000 4171
229002 229037 1075
229038 229045 1114
229114 229094 1159
229143 229136 934
229143 234326 634
229108 229103 608
229108 229109 135
229109 229103 618
229109 229106 475
229109 229108 135
229164 228159 1829
229164 234514 810
229245 228171 1296
229245 228179 558
229162 228119 556
229162 228160 452
229170 229165 837
229188 229190 452
234528 234592 399
234528 234594 343
234564 234565 139
234564 234566 365
229128 235177 430
229477 229476 1772
229477 235293 1406
229480 229476 1343
229480 229483 1004
229485 229488 167
228517 227952 433
228522 228520 1380
228522 228524 905
228529 228527 344
228524 228521 1358
228524 228522 905
228524 228525 234
228535 228527 1844
228535 228534 687
228525 228490 2373
228525 228524 234
228547 228548 557
228150 228143 812
228150 228146 670
228150 228158 2007
228151 228146 1139
228151 228147 1762
228617 228618 679
228616 228618 556
228616 228621 201
228622 228621 335
228624 228194 1055
228624 228625 671
228628 228627 1211
228625 228624 671
228625 228664 1447
228666 228665 1897
228666 228672 762
228673 228672 514
228190 228189 2237
228190 228208 586
228684 228188 4505
228684 228671 744
229199 229190 1234
229199 229260 1125
229204 229207 419
229192 228209 787
229192 228211 475
228774 228802 1454
228435 228445 2028
228435 228446 2612
228775 228776 1178
228550 228551 1343
228552 228553 1446
228578 228515 353
228250 228228 402
228313 228311 2355
228313 228312 1014
235433 228324 1110
235433 235434 1709
228320 228323 1167
228341 228340 455
228341 228347 460
228343 228342 433
235432 228336 329
228502 228344 1678
228567 228576 515
228357 228356 945
228357 228382 1891
228373 228364 1629
228373 228367 2198
228568 228569 1004
228568 228573 1790
228815 228818 2900
228815 228819 1497
228845 228846 3232
228845 228847 1694
228771 234734 414
228771 235384 779
228453 228446 3297
228453 228451 1559
228455 228456 3902
228455 228457 3907
228479 228478 3478
228479 228780 928
228480 228478 1765
228789 228788 2169
34189 34188 458
228796 228797 2615
226661 226659 201
226661 226662 2933
226666 226665 1555
226666 226667 1388
226288 226246 1509
226288 226289 672
226292 226293 352
226292 226294 749
226302 226295 535
226303 226297 1338
226303 226310 889
226204 226166 1267
226204 226203 549
226207 226166 1021
226496 226619 1182
234586 226209 959
234586 234588 2134
234588 234586 2134
234588 234590 741
226180 226181 2560
226180 226195 1033
226190 226178 1269
226190 226189 1410
226507 226479 585
226507 226508 602
226481 226479 433
226481 226482 1114
226523 226483 475
226558 226560 787
226558 226566 2349
226564 226563 1014
226569 226559 1531
226569 226567 669
226567 226566 1592
226567 226569 669
226567 226612 1787
226613 226612 746
226326 226325 1393
226326 226328 628
229553 229543 217
229553 229544 1558
234358 226340 635
234436 234437 1528
234436 235135 1464
235135 234436 1464
235135 235137 785
229563 229559 1510
229563 229564 562
229568 229561 596
229568 229569 669
229570 229571 2237
229570 229571 2237
228869 228847 1095
228869 228872 1919
228798 228799 1723
228852 228890 1031
228852 228891 948
6889 34254 799
6889 34254 799
6892 228797 1454
6894 6688 2307
6894 7984 1833
6894 7986 940
7986 6894 940
7986 34945 821
7987 7989 299
7987 7990 533
7992 7991 1596
7992 7993 1758
8086 8088 2802
8086 8094 1604
8085 8087 1526
8085 8088 1580
8087 8085 1526
8087 8104 467
8101 8100 547
8101 8109 3092
8113 8170 1174
35053 34944 1731
35053 34944 1731
8128 8132 430
8128 8137 1023
8184 8845 923
8847 8845 1128
8847 8850 499
8192 16068 751
8194 16069 177
8167 8165 1055
8168 8156 1051
8168 16068 1091
8149 8144 610
8149 35066 1766
8364 8152 406
8364 8365 858
8364 35420 1172
8406 8405 154
8408 8410 3917
8419 8430 624
8428 8424 1143
8428 8426 777
8428 8429 348
9076 9083 879
9076 9084 832
9084 8440 1417
9084 9076 832
8443 8441 734
8443 8473 2732
8443 8474 551
9153 8477 946
9153 8481 1247
9153 9154 799
9216 9217 2089
9216 9218 697
9216 9220 507
9591 9581 1974
9591 9599 1575
9591 16469 895
9608 9594 793
9608 9600 1730
16883 16884 1965
16883 16885 1166
9615 16885 2195
9615 16886 1128
9646 9643 2945
9646 21633 1519
9714 9713 2392
9714 34990 513
9704 9705 727
6884 6885 1418
6884 35249 687
9754 9752 896
9754 9755 1997
10123 9741 459
10123 9743 714
9807 9730 292
9807 9806 610
9813 9730 781
16928 16811 955
16928 16929 2369
16931 16813 1548
16931 16820 830
9801 9727 2110
9801 9800 1301
9840 9777 381
9840 9838 495
9844 9845 1721
9844 9854 458
9894 9882 730
9894 9895 1663
9895 9884 732
9895 9894 1663
9895 9898 1460
34756 34754 527
11392 11397 671
11392 11404 256
11392 11405 755
11393 12318 743
11393 22294 3681
10501 10518 2612
12331 10518 744
12331 35150 3666
12337 12334 681
12337 12342 118
12344 12343 2193
12383 12343 671
12383 12397 930
12404 12419 778
12402 12397 893
12402 12403 2796
12395 12421 737
12566 12567 445
12573 12605 445
12623 12621 671
12623 12624 889
12609 12602 598
12609 12607 556
12612 12611 403
12612 12613 1848
12434 12426 778
12434 12430 1004
12604 12426 1610
12604 12603 667
12431 12417 693
12431 12433 2482
12433 12431 2482
12433 12432 755
12433 12514 1565
12510 12505 1558
12510 12509 923
12515 12505 930
12515 12514 1344
12478 12475 1014
12478 12477 1669
12485 12475 672
12485 12484 672
12479 12480 1174
12479 12508 445
11550 11545 1850
11550 11549 893
11550 11551 782
11561 11549 1679
11561 12468 1444
11563 11551 1850
11563 11801 1919
12471 12469 289
12488 12484 314
11804 11801 672
11804 11805 1139
11802 11781 2018
11802 11801 782
11802 11803 1336
12508 12459 672
12508 12479 445
12509 12502 1667
12509 12507 787
12509 12510 923
11798 11796 445
11798 11797 354
11810 11795 756
11793 11753 2361
11793 11792 1004
11808 11803 445
11808 11807 504
11808 11981 592
11840 11839 889
11763 11762 420
11824 11823 778
11821 11822 1447
11821 11823 756
11877 11878 818
11877 11905 1348
11902 11890 1032
11897 11891 1809
11897 11898 1528
11900 11894 2499
11900 11899 562
12028 11894 782
12028 11946 2662
12028 12029 713
12029 11947 2932
12029 12028 713
12029 12030 796
12042 12030 2499
12042 12043 688
12042 12046 764
12046 12042 764
12046 12047 562
12098 12099 1222
12098 12108 1114
12108 12051 869
12108 12098 1114
12111 12061 157
12131 12078 346
12140 12133 201
12141 12087 1851
12141 12144 950
12144 12141 950
12144 12142 1025
12154 12216 1114
12154 12227 657
12226 12227 679
12221 12220 610
12221 12223 927
12222 12220 2436
12222 12225 847
12222 12237 1653
12239 12223 2634
12215 12187 877
12215 12242 788
12193 12017 1600
12193 12194 238
12193 12196 511
12195 12194 1151
12195 12202 950
12195 12213 4662
12196 12192 279
12196 12193 511
12294 12295 1105
12312 23523 4730
23526 23527 1653
23526 23534 1055
23526 23535 2346
23656 23543 1917
23656 23655 938
23657 23543 1073
23657 23602 884
12288 12290 610
12288 34163 688
23684 23682 3029
23684 23683 3582
23696 23694 1481
23696 23697 2028
23741 23697 1179
23741 23714 1293
12291 12290 675
12291 34814 1051
23699 23690 1007
23699 23691 1022
23706 23702 511
23706 23703 750
23706 23705 1848
14389 24837 336
24799 24196 1609
24194 24193 1543
24783 24195 179
24783 24197 750
24782 23709 536
24796 24798 750
24796 24811 788
24842 24840 809
24842 24849 1344
24860 24843 3360
24860 24861 1085
24862 24845 2217
24862 24864 672
24870 24865 511
24870 24871 1411
24872 24871 788
24872 24917 1810
24919 24917 836
25000 24917 1612
25000 24999 788
25156 25155 1008
25156 25157 1831
25109 25108 619
25132 25110 511
25132 25129 751
25137 25139 2171
25137 25154 2586
25138 25139 765
25138 25160 1062
188017 188025 1069
188023 188025 932
188023 188032 1358
188032 188023 1358
188032 188030 1290
188032 188031 827
188063 188030 777
188069 186658 823
188069 188088 709
187178 187590 2091
188022 187590 778
187591 187589 2010
187591 187590 1709
187591 188025 825
187597 187590 817
187597 187596 908
187597 188026 2695
187265 187165 826
187265 187264 2768
187592 187264 769
187592 187595 612
187592 187596 822
187166 187165 347
190485 187169 467
190485 190486 988
190485 190844 245
190844 190485 245
190844 190808 1070
188253 187981 955
188253 188248 746
188253 188254 604
188254 188251 866
188254 188253 604
188250 188249 828
188250 188251 2539
188267 188268 874
188267 188269 803
188282 188276 1315
188282 188278 1209
188287 135146 1485
187984 187983 777
187984 188241 972
188243 188241 809
188243 188265 2701
188266 188265 745
188266 188268 2703
188261 188264 2721
188262 188264 778
188262 188269 2734
188088 186655 794
188088 188069 709
188088 188089 1355
188090 188089 851
188090 188094 2737
188084 188085 826
188084 188094 747
188084 188270 2701
188085 188084 826
188085 188264 769
188085 188271 2736
187981 187982 794
187981 188253 955
135117 134770 827
135117 135120 1205
135116 135115 1127
135118 135119 1543
135118 135120 581
135118 135131 1223
134766 134770 1395
135122 135126 532
135122 139559 206
134812 134811 1623
134831 134834 878
134831 135173 1695
135135 134811 1887
135135 135134 1188
135135 135173 1008
134830 134832 927
134830 134835 1458
134830 134837 1180
135032 135033 827
134832 134830 927
134832 134833 1226
135038 135033 1663
135038 135039 476
135035 135037 836
135088 135060 2204
135059 135056 373
135059 135060 676
135040 135037 904
135040 135044 1762
135040 135053 403
135054 135045 827
135054 135049 1932
135054 135056 827
135061 135060 789
135061 135063 2305
135061 135091 827
135092 135091 2035
135092 135093 751
135096 135094 789
135096 135105 1967
135096 135106 751
135104 135108 251
135849 135108 2780
135849 135848 1022
135849 135851 1063
135093 135092 751
135093 135094 2035
135824 135848 1901
135850 135848 951
135850 135851 1085
135850 135853 1143
135915 135910 1009
135915 135916 1565
136110 136118 2085
135908 135909 1344
135908 135911 1099
135910 135911 1004
135910 135915 1009
136104 136116 1120
136104 136118 904
136104 136123 1161
136115 136116 1293
135853 135850 1143
135853 135852 1160
135866 135869 1120
135867 135855 779
135894 135869 1063
135894 135872 747
135904 135896 906
135904 135901 1073
136117 136116 1560
136122 136116 650
136122 136124 1918
136121 136119 2536
136121 136418 673
136121 136420 1891
136124 136122 1918
136124 136123 252
136421 136420 932
136421 136426 2000
136441 136426 757
136441 136428 1438
136441 136439 1533
136441 136444 1009
136437 136439 1299
136437 136445 2347
136437 136446 2171
136439 136437 1299
136439 136441 1533
136439 136444 1225
136490 136446 403
136490 136491 1919
136493 136457 373
136493 136472 676
136493 136507 538
136501 136502 667
136495 136494 827
136495 136496 1560
136495 136497 951
136495 136498 3167
136497 136495 951
136497 136815 2824
136816 132592 417
136816 136815 673
136816 136822 2824
132593 132592 348
132593 132594 2258
132593 136818 848
136817 136818 3042
132596 132595 2348
132596 132598 905
132596 136818 789
136808 132598 2731
136826 132598 682
136826 137786 475
137786 136826 475
137786 137787 2096
137498 137499 765
137498 137790 2028
137785 137790 827
137785 137791 1014
137789 137788 503
137492 137493 1357
137492 137499 2810
137513 137499 789
137513 137516 1810
137517 137519 1357
137517 137710 951
137518 137516 827
137518 137519 827
137518 137802 1810
137710 137517 951
137710 137712 759
137710 137713 1276
137712 137710 759
137712 137718 1129
137715 137716 333
137715 137717 2347
137715 137727 757
137735 137738 782
137751 137755 276
137752 137755 884
137752 137756 1955
137762 137738 904
137762 137767 364
137767 137762 364
137767 137768 1063
137756 137752 1955
137756 137755 1114
137900 137896 1534
137900 137897 1696
137898 137883 2727
137898 137897 905
137885 137883 818
137885 137886 818
137886 137884 1015
137886 137885 818
137887 137853 1305
137887 137884 2348
137891 137824 4901
137916 137869 1518
137918 137870 765
137918 137919 2371
137920 137919 765
132841 137926 2430
132841 137931 1000
132841 137970 2503
137930 137931 2279
138500 138501 782
138508 138501 2700
138508 138509 672
138554 138509 2628
138554 138555 688
138562 138555 2562
138562 138563 1686
138563 138556 2479
138563 138562 1686
138563 138604 2262
138608 138604 342
138608 138607 415
138681 139561 336
139130 139129 677
139130 139133 878
139130 139174 1663
139196 139198 847
139197 139199 581
139197 139200 1063
139133 139130 878
139133 139175 1831
139133 139198 1180
139134 139137 905
139134 139150 1220
139136 139137 2204
139136 139141 905
139152 139154 671
139152 139638 800
139109 139111 751
139109 139154 827
139109 139161 1932
139111 139109 751
139111 139115 1932
139129 139115 878
139129 139130 677
139129 139171 1636
199619 199618 1336
199619 199624 1695
199676 199681 483
199623 199622 1128
199623 199630 969
199623 199637 724
139222 139221 336
139222 139224 1398
139224 139222 1398
139224 139270 369
139272 139268 629
139272 139564 882
139272 139685 480
139274 139268 1085
139274 139278 354
139307 139202 1372
139307 139309 951
139309 139305 870
139309 139307 951
139309 139311 1798
139330 139311 841
139330 139334 1530
139330 139336 932
139355 139357 202
139281 139278 599
139281 139280 841
139291 139280 2645
139291 139358 973
139452 139451 1417
139452 139453 713
139460 139453 1887
139460 139461 796
139460 139473 2366
139472 132962 886
139472 136871 273
132959 136872 112
139471 136872 827
139466 139465 772
228818 228815 2900
228818 228826 1856
229521 229512 3443
229521 229516 1558
229520 229516 1255
229520 229518 1445
229595 229594 1225
229595 229596 1004
229572 229571 3241
229572 229573 311
229574 229571 1939
229574 229597 904
225325 225326 345
225325 225327 1004
225331 225329 722
225339 225337 1686
225345 225346 387
225345 225348 353
225345 225963 2200
225349 225347 452
225353 225959 1038
226225 226226 2733
226227 226246 3724
226227 234349 555
226228 226234 590
226009 226016 3205
226010 226012 1010
226010 226013 1558
226011 226014 3042
226011 226029 1379
225354 225304 2770
227736 226001 1557
227736 235284 4741
227777 227776 866
228907 228909 1591
228907 228910 3280
227815 227778 4813
227815 227795 1343
227815 227818 1401
234814 227818 1988
234814 234813 989
234814 234824 1841
234823 227818 2793
228912 228909 2662
228912 228911 910
228912 235455 1019
228915 228911 2042
228915 228916 1694
228915 228917 2057
234803 228933 2408
234803 228938 1037
228916 228915 1694
228916 228919 1427
228916 234579 596
228928 228925 837
228928 228974 1075
228976 228974 949
228976 234315 1861
228987 228980 1927
228988 228980 3145
228926 234859 1692
234861 234859 642
229000 229002 4171
229037 229002 1075
229045 229038 1114
229094 229114 1159
229136 229143 934
234326 229143 634
229103 229108 608
229103 229109 618
229106 229109 475
228159 228160 1753
228159 229164 1829
234514 229164 810
228171 229245 1296
228179 229245 558
228119 229162 556
228160 228159 1753
228160 229162 452
229165 229170 837
229190 229188 452
229190 229199 1234
234592 234528 399
234594 234528 343
234565 234564 139
234566 234564 365
235177 229128 430
229476 229477 1772
229476 229480 1343
235293 229477 1406
229483 229480 1004
229488 229485 167
229488 229512 669
227952 228517 433
228520 228522 1380
228527 228529 344
228527 228535 1844
228521 228490 1904
228521 228524 1358
228534 228535 687
228490 228521 1904
228490 228525 2373
228548 228547 557
228143 228146 507
228143 228150 812
228146 228143 507
228146 228150 670
228146 228151 1139
228158 228150 2007
228147 228151 1762
228618 228616 556
228618 228617 679
228621 228616 201
228621 228622 335
228194 228624 1055
228194 228664 251
228627 228628 1211
228664 228194 251
228664 228625 1447
228665 228666 1897
228672 228666 762
228672 228671 1786
228672 228673 514
228189 228188 344
228189 228190 2237
228208 228190 586
228188 228189 344
228188 228684 4505
228671 228672 1786
228671 228684 744
229260 229199 1125
229207 229204 419
228209 228211 335
228209 229192 787
228211 228209 335
228211 229192 475
228802 228774 1454
228445 228435 2028
228446 228435 2612
228446 228453 3297
228776 228775 1178
228551 228550 1343
228553 228552 1446
228515 228578 353
228228 228250 402
228311 228313 2355
228312 228313 1014
228324 228336 4076
228324 235433 1110
235434 235433 1709
228323 228320 1167
228340 228341 455
228347 228341 460
228342 228336 412
228342 228343 433
228336 228324 4076
228336 228342 412
228336 235432 329
228344 228502 1678
228576 228567 515
228356 228357 945
228382 228357 1891
228364 228373 1629
228367 228373 2198
228569 228568 1004
228573 228568 1790
228819 228815 1497
228819 228826 2016
228846 228845 3232
228846 228872 2356
228847 228845 1694
228847 228869 1095
234734 228771 414
235384 228771 779
228451 228453 1559
228456 228455 3902
228456 228457 1271
228457 228455 3907
228457 228456 1271
228457 228780 417
228478 228479 3478
228478 228480 1765
228780 228457 417
228780 228479 928
228788 228789 2169
34188 34189 458
228797 6892 1454
228797 228796 2615
226659 226661 201
226662 226661 2933
226662 226665 1225
226665 226662 1225
226665 226666 1555
226665 226667 2242
226667 226665 2242
226667 226666 1388
226246 226227 3724
226246 226288 1509
226289 226288 672
226289 226293 1004
226293 226289 1004
226293 226292 352
226294 226292 749
226294 226295 344
226295 226294 344
226295 226297 475
226295 226302 535
226297 226295 475
226297 226303 1338
226310 226303 889
226166 226204 1267
226166 226207 1021
226203 226204 549
226619 226496 1182
226209 234586 959
234590 234588 741
226181 226180 2560
226195 226180 1033
226178 226190 1269
226189 226190 1410
226479 226481 433
226479 226507 585
226508 226507 602
226482 226481 1114
226483 226523 475
226560 226558 787
226560 226559 1869
226566 226558 2349
226566 226559 761
226566 226567 1592
226563 226559 1997
226563 226564 1014
226559 226560 1869
226559 226563 1997
226559 226566 761
226559 226569 1531
226612 226567 1787
226612 226613 746
226325 226326 1393
226328 226326 628
229543 229553 217
229544 229553 1558
226340 234358 635
234437 234436 1528
235137 235135 785
229559 229563 1510
229564 229563 562
229561 229568 596
229569 229568 669
229571 229570 2237
229571 229570 2237
229571 229572 3241
229571 229574 1939
228872 228846 2356
228872 228869 1919
228799 228798 1723
228890 228852 1031
228891 228852 948
34254 6889 799
34254 6889 799
6688 6894 2307
7984 6894 1833
34945 7986 821
7989 7987 299
7990 7987 533
7991 7992 1596
7993 7992 1758
8088 8085 1580
8088 8086 2802
8094 8086 1604
8094 8100 1730
8094 8109 4007
8104 8087 467
8100 8094 1730
8100 8101 547
8109 8094 4007
8109 8101 3092
8170 8113 1174
34944 35053 1731
34944 35053 1731
8132 8128 430
8132 8137 1182
8137 8128 1023
8137 8132 1182
8845 8184 923
8845 8847 1128
8850 8847 499
16068 8168 1091
16068 8192 751
16068 16069 476
16069 8194 177
16069 16068 476
8165 8156 723
8165 8167 1055
8156 8165 723
8156 8168 1051
8144 8149 610
35066 8149 1766
8152 8364 406
8365 8364 858
35420 8364 1172
8405 8406 154
8410 8408 3917
8430 8419 624
8430 8426 119
8424 8428 1143
8426 8428 777
8426 8430 119
8429 8428 348
9083 9076 879
8440 9084 1417
8441 8443 734
8473 8443 2732
8474 8443 551
8477 9153 946
8481 9153 1247
9154 9153 799
9217 9216 2089
9218 9216 697
9220 9216 507
9581 9591 1974
9599 9591 1575
9599 9600 1129
16469 9591 895
9594 9608 793
9600 9599 1129
9600 9608 1730
16884 16883 1965
16885 9615 2195
16885 16883 1166
16885 16886 2209
16886 9615 1128
16886 16885 2209
9643 9646 2945
21633 9646 1519
9713 9714 2392
34990 9714 513
9705 9704 727
9705 9741 1127
6885 6884 1418
35249 6884 687
9752 9754 896
9755 9754 1997
9741 9705 1127
9741 10123 459
9743 10123 714
9730 9806 487
9730 9807 292
9730 9813 781
9806 9730 487
9806 9807 610
16811 16813 721
16811 16928 955
16929 16928 2369
16813 16811 721
16813 16931 1548
16820 16931 830
9727 9801 2110
9800 9801 1301
9777 9840 381
9838 9840 495
9845 9844 1721
9854 9844 458
9882 9884 1620
9882 9894 730
9884 9882 1620
9884 9895 732
9898 9895 1460
34754 34756 527
11397 11392 671
11404 11392 256
11405 11392 755
12318 11393 743
22294 11393 3681
10518 10501 2612
10518 12331 744
35150 12331 3666
12334 12337 681
12342 12337 118
12343 12344 2193
12343 12383 671
12397 12383 930
12397 12402 893
12419 12404 778
12419 12421 1494
12403 12402 2796
12421 12395 737
12421 12419 1494
12567 12566 445
12605 12573 445
12605 12607 1114
12621 12623 671
12624 12623 889
12602 12603 475
12602 12609 598
12607 12605 1114
12607 12609 556
12611 12612 403
12613 12612 1848
12426 12434 778
12426 12604 1610
12430 12434 1004
12603 12602 475
12603 12604 667
12417 12431 693
12417 12432 2468
12432 12417 2468
12432 12433 755
12514 12433 1565
12514 12515 1344
12505 12502 1013
12505 12510 1558
12505 12515 930
12475 12478 1014
12475 12485 672
12477 12478 1669
12477 12480 850
12484 12469 1766
12484 12485 672
12484 12488 314
12480 12477 850
12480 12479 1174
11545 11550 1850
11549 11550 893
11549 11561 1679
11551 11550 782
11551 11563 1850
12468 11561 1444
11801 11563 1919
11801 11802 782
11801 11804 672
12469 12471 289
12469 12484 1766
11805 11804 1139
11781 11802 2018
11803 11802 1336
11803 11808 445
12459 12507 536
12459 12508 672
12502 12505 1013
12502 12509 1667
12507 12459 536
12507 12509 787
11796 11795 672
11796 11798 445
11797 11798 354
11795 11796 672
11795 11810 756
11753 11793 2361
11792 11793 1004
11807 11808 504
11981 11808 592
11839 11840 889
11762 11763 420
11823 11821 756
11823 11824 778
11822 11821 1447
11878 11877 818
11905 11877 1348
11890 11891 840
11890 11902 1032
11891 11890 840
11891 11897 1809
11898 11897 1528
11898 11899 452
11894 11900 2499
11894 12028 782
11899 11898 452
11899 11900 562
11946 12028 2662
11947 12029 2932
12030 12029 796
12030 12042 2499
12043 12042 688
12043 12047 708
12047 12043 708
12047 12046 562
12099 12098 1222
12051 12108 869
12061 12111 157
12078 12131 346
12133 12087 847
12133 12140 201
12087 12133 847
12087 12141 1851
12142 12144 1025
12216 12154 1114
12216 12227 1455
12227 12154 657
12227 12216 1455
12227 12226 679
12220 12221 610
12220 12222 2436
12223 12221 927
12223 12239 2634
12225 12222 847
12237 12222 1653
12187 12215 877
12242 12215 788
12017 12193 1600
12194 12193 238
12194 12195 1151
12202 12195 950
12213 12195 4662
12192 12196 279
12295 12294 1105
23523 12312 4730
23527 23526 1653
23534 23526 1055
23535 23526 2346
23535 23655 809
23543 23656 1917
23543 23657 1073
23655 23535 809
23655 23656 938
23602 23657 884
12290 12288 610
12290 12291 675
34163 12288 688
23682 23684 3029
23683 23684 3582
23694 23691 2280
23694 23696 1481
23697 23696 2028
23697 23741 1179
23714 23741 1293
34814 12291 1051
23690 23699 1007
23691 23694 2280
23691 23699 1022
23702 23705 1533
23702 23706 511
23703 23706 750
23703 23709 1724
23705 23702 1533
23705 23706 1848
24837 14389 336
24196 24197 373
24196 24799 1609
24193 24194 1543
24195 24783 179
24197 24196 373
24197 24783 750
23709 23703 1724
23709 24782 536
24798 24796 750
24811 24796 788
24840 24842 809
24849 24842 1344
24843 24845 750
24843 24860 3360
24861 24860 1085
24845 24843 750
24845 24862 2217
24864 24862 672
24864 24865 562
24865 24864 562
24865 24870 511
24871 24870 1411
24871 24872 788
24917 24872 1810
24917 24919 836
24917 25000 1612
24999 25000 788
25155 25156 1008
25157 25156 1831
25108 25109 619
25110 25132 511
25129 25132 751
25139 25137 2171
25139 25138 765
25154 25137 2586
25160 25138 1062
188025 187591 825
188025 188017 1069
188025 188023 932
188025 188031 1640
188030 188032 1290
188030 188063 777
188031 187589 769
188031 188025 1640
188031 188032 827
186658 186655 592
186658 188069 823
187590 187178 2091
187590 187591 1709
187590 187597 817
187590 188022 778
187589 187591 2010
187589 188031 769
187596 187592 822
187596 187597 908
188026 187597 2695
187165 187166 347
187165 187265 826
187264 187265 2768
187264 187592 769
187595 187592 612
187169 190485 467
190486 190485 988
190486 190808 139
190808 190486 139
190808 190844 1070
188248 187982 932
188248 188251 249
188248 188253 746
188251 188248 249
188251 188250 2539
188251 188254 866
188249 188250 828
188268 188266 2703
188268 188267 874
188269 188262 2734
188269 188267 803
188276 188282 1315
188278 188282 1209
135146 188287 1485
187983 187982 778
187983 187984 777
188241 187984 972
188241 188243 809
188265 188243 2701
188265 188266 745
188264 188085 769
188264 188261 2721
188264 188262 778
186655 186658 592
186655 188088 794
188089 188088 1355
188089 188090 851
188094 188084 747
188094 188090 2737
188270 188084 2701
188270 188271 761
188271 188085 2736
188271 188270 761
187982 187981 794
187982 187983 778
187982 188248 932
134770 134766 1395
134770 135117 827
134770 135131 983
135120 135117 1205
135120 135118 581
135115 135116 1127
135115 135119 1853
135115 135126 673
135119 135115 1853
135119 135118 1543
135131 134770 983
135131 135118 1223
135126 135115 673
135126 135122 532
139559 135122 206
134811 134812 1623
134811 135135 1887
134834 134831 878
134834 134835 1322
135173 134831 1695
135173 135135 1008
135134 135135 1188
134835 134830 1458
134835 134834 1322
134837 134830 1180
134837 134833 836
135033 135032 827
135033 135037 951
135033 135038 1663
134833 134832 1226
134833 134837 836
134833 135039 1066
135039 134833 1066
135039 135037 1672
135039 135038 476
135039 135044 951
135037 135033 951
135037 135035 836
135037 135039 1672
135037 135040 904
135060 135059 676
135060 135061 789
135060 135088 2204
135056 135054 827
135056 135059 373
135044 135039 951
135044 135040 1762
135044 135045 751
135053 135040 403
135053 135045 1695
135045 135044 751
135045 135053 1695
135045 135054 827
135049 135054 1932
135063 135061 2305
135091 135061 827
135091 135092 2035
135091 135094 751
135094 135091 751
135094 135093 2035
135094 135096 789
135105 135096 1967
135106 135096 751
135108 135104 251
135108 135849 2780
135848 135824 1901
135848 135849 1022
135848 135850 951
135851 135849 1063
135851 135850 1085
135851 135852 983
135916 135911 848
135916 135915 1565
135916 136118 848
136118 135916 848
136118 136104 904
136118 136110 2085
136118 136119 1161
135909 135908 1344
135911 135908 1099
135911 135910 1004
135911 135916 848
136116 136104 1120
136116 136115 1293
136116 136117 1560
136116 136122 650
136123 136104 1161
136123 136119 904
136123 136124 252
135852 135851 983
135852 135853 1160
135852 135855 1497
135869 135866 1120
135869 135894 1063
135855 135852 1497
135855 135867 779
135872 135894 747
135872 135896 395
135896 135872 395
135896 135904 906
135901 135904 1073
136119 136118 1161
136119 136121 2536
136119 136123 904
136418 136121 673
136420 136121 1891
136420 136421 932
136426 136421 2000
136426 136428 1222
136426 136441 757
136428 136426 1222
136428 136441 1438
136444 136439 1225
136444 136441 1009
136444 136445 841
136445 136437 2347
136445 136444 841
136445 136446 1482
136446 136437 2171
136446 136445 1482
136446 136490 403
136491 136490 1919
136457 136493 373
136472 136493 676
136507 136493 538
136502 136501 667
136494 136495 827
136496 136495 1560
136498 136495 3167
136498 136815 848
136815 136497 2824
136815 136498 848
136815 136816 673
132592 132593 348
132592 136816 417
136822 136816 2824
132594 132593 2258
136818 132593 848
136818 132596 789
136818 136817 3042
132595 132596 2348
132598 132596 905
132598 136808 2731
132598 136826 682
137787 137786 2096
137499 137492 2810
137499 137498 765
137499 137513 789
137790 137498 2028
137790 137785 827
137791 137785 1014
137788 137789 503
137493 137492 1357
137516 137513 1810
137516 137518 827
137519 137517 1357
137519 137518 827
137519 137713 959
137802 137518 1810
137713 137519 959
137713 137710 1276
137713 137718 733
137718 137712 1129
137718 137713 733
137718 137717 708
137716 137715 333
137717 137715 2347
137717 137718 708
137727 137715 757
137738 137735 782
137738 137762 904
137755 137751 276
137755 137752 884
137755 137756 1114
137768 137767 1063
137896 137900 1534
137897 137898 905
137897 137900 1696
137883 137885 818
137883 137898 2727
137884 137886 1015
137884 137887 2348
137853 137887 1305
137824 137891 4901
137869 137870 1700
137869 137916 1518
137870 137869 1700
137870 137918 765
137919 137918 2371
137919 137920 765
137926 132841 2430
137931 132841 1000
137931 137930 2279
137970 132841 2503
138501 138500 782
138501 138508 2700
138509 138508 672
138509 138554 2628
138555 138554 688
138555 138556 1700
138555 138562 2562
138556 138555 1700
138556 138563 2479
138604 138563 2262
138604 138607 418
138604 138608 342
138607 138604 418
138607 138608 415
139561 138681 336
139174 139130 1663
139174 139171 751
139174 139175 983
139198 139133 1180
139198 139196 847
139198 139199 827
139199 139197 581
139199 139198 827
139199 139200 870
139200 139197 1063
139200 139199 870
139200 139202 1122
139175 139133 1831
139175 139174 983
139137 139134 905
139137 139136 2204
139150 139134 1220
139141 139136 905
139154 139109 827
139154 139152 671
139638 139152 800
139161 139109 1932
139161 139115 751
139115 139111 1932
139115 139129 878
139115 139161 751
139171 139129 1636
139171 139174 751
199618 199619 1336
199624 199619 1695
199681 199676 483
199622 199623 1128
199630 199623 969
199637 199623 724
139221 139222 336
139270 139224 369
139270 139685 302
139268 139272 629
139268 139274 1085
139564 139272 882
139685 139270 302
139685 139272 480
139278 139274 354
139278 139281 599
139202 139200 1122
139202 139305 1907
139202 139307 1372
139305 139202 1907
139305 139309 870
139311 139309 1798
139311 139330 841
139334 139330 1530
139336 139330 932
139357 139355 202
139280 139281 841
139280 139291 2645
139358 139291 973
139451 139452 1417
139453 139452 713
139453 139460 1887
139461 139460 796
139473 139460 2366
132962 139472 886
136871 136872 202
136871 139472 273
136872 132959 112
136872 136871 202
136872 139471 827
139465 139466 772
228826 228818 1856
228826 228819 2016
229512 229488 669
229512 229521 3443
229516 229520 1255
229516 229521 1558
229518 229520 1445
229594 229595 1225
229596 229595 1004
229573 229572 311
229597 229574 904
225326 225325 345
225327 225325 1004
225329 225331 722
225337 225339 1686
225346 225345 387
225348 225345 353
225348 225347 429
225963 225345 2200
225347 225348 429
225347 225349 452
225959 225353 1038
226226 226225 2733
234349 226227 555
226234 226228 590
226016 226009 3205
226016 226014 1000
226012 226010 1010
226013 226010 1558
226014 226011 3042
226014 226016 1000
226029 226011 1379
225304 225354 2770
226001 227736 1557
235284 227736 4741
227776 227777 866
227776 227778 1556
228909 228907 1591
228909 228912 2662
228910 228907 3280
227778 227776 1556
227778 227815 4813
227795 227815 1343
234813 234814 989
234824 234814 1841
235455 228912 1019
228917 228915 2057
228938 234803 1037
228919 228916 1427
228925 228928 837
234315 228976 1861
859
227818
228911
228933
234579
228974
228980
234859
229002
229038
229114
229143
229108
229109
229164
229245
229162
229170
229188
234528
234564
229128
229477
229480
229485
228517
228522
228529
228524
228535
228525
228547
228150
228151
228617
228616
228622
228624
228628
228625
228666
228673
228190
228684
229199
229204
229192
228774
228435
228775
228550
228552
228578
228250
228313
235433
228320
228341
228343
235432
228502
228567
228357
228373
228568
228815
228845
228771
228453
228455
228479
228480
228789
34189
228796
226661
226666
226288
226292
226302
226303
226204
226207
226496
234586
234588
226180
226190
226507
226481
226523
226558
226564
226569
226567
226613
226326
229553
234358
234436
235135
229563
229568
229570
228869
228798
228852
6889
6892
6894
7986
7987
7992
8086
8085
8087
8101
8113
35053
8128
8184
8847
8192
8194
8167
8168
8149
8364
8406
8408
8419
8428
9076
9084
8443
9153
9216
9591
9608
16883
9615
9646
9714
9704
6884
9754
10123
9807
9813
16928
16931
9801
9840
9844
9894
9895
34756
11392
11393
10501
12331
12337
12344
12383
12404
12402
12395
12566
12573
12623
12609
12612
12434
12604
12431
12433
12510
12515
12478
12485
12479
11550
11561
11563
12471
12488
11804
11802
12508
12509
11798
11810
11793
11808
11840
11763
11824
11821
11877
11902
11897
11900
12028
12029
12042
12046
12098
12108
12111
12131
12140
12141
12144
12154
12226
12221
12222
12239
12215
12193
12195
12196
12294
12312
23526
23656
23657
12288
23684
23696
23741
12291
23699
23706
14389
24799
24194
24783
24782
24796
24842
24860
24862
24870
24872
24919
25000
25156
25109
25132
25137
25138
188017
188023
188032
188063
188069
187178
188022
187591
187597
187265
187592
187166
190485
190844
188253
188254
188250
188267
188282
188287
187984
188243
188266
188261
188262
188088
188090
188084
188085
187981
135117
135116
135118
134766
135122
134812
134831
135135
134830
135032
134832
135038
135035
135088
135059
135040
135054
135061
135092
135096
135104
135849
135093
135824
135850
135915
136110
135908
135910
136104
136115
135853
135866
135867
135894
135904
136117
136122
136121
136124
136421
136441
136437
136439
136490
136493
136501
136495
136497
136816
132593
136817
132596
136808
136826
137786
137498
137785
137789
137492
137513
137517
137518
137710
137712
137715
137735
137751
137752
137762
137767
137756
137900
137898
137885
137886
137887
137891
137916
137918
137920
132841
137930
138500
138508
138554
138562
138563
138608
138681
139130
139196
139197
139133
139134
139136
139152
139109
139111
139129
199619
199676
199623
139222
139224
139272
139274
139307
139309
139330
139355
139281
139291
139452
139460
139472
132959
139471
139466
228818
229521
229520
229595
229572
229574
225325
225331
225339
225345
225349
225353
226225
226227
226228
226009
226010
226011
225354
227736
227777
228907
227815
234814
228976
228987
228988
228926
229000
229045
229094
229136
229103
229106
228159
228171
228179
228119
228160
229165
234592
234565
229476
229483
229488
227952
228520
228527
228521
228534
228490
228143
228146
228158
228147
228194
228664
228665
228189
228188
228671
229260
228209
228211
228445
228446
228515
228228
228311
228312
228324
228323
228336
228344
228576
228356
228382
228364
228367
228569
228819
228846
228847
234734
228451
228456
228478
228780
228788
34188
226659
226662
226667
226246
226289
226293
226295
226297
226310
226166
226203
226209
226181
226195
226178
226189
226479
226483
226566
226325
229543
229544
226340
229559
229564
229561
228872
228890
34254
6688
7984
7991
8088
8104
8100
8109
34944
8132
8137
8845
8850
16068
8165
8156
8144
8152
8365
8405
8410
8424
8426
8429
8440
8441
8474
8477
8481
9154
9218
9581
9599
16469
9594
16884
16886
9643
9713
9705
35249
9752
9755
9741
9743
9730
9806
16811
16929
16813
16820
9727
9800
9777
9838
9845
9854
9882
9884
9898
34754
11397
11404
11405
12318
10518
12334
12342
12343
12397
12419
12403
12421
12567
12605
12621
12624
12602
12607
12611
12613
12426
12430
12603
12417
12432
12514
12505
12475
12477
11545
11549
11551
12468
11801
12469
11781
12459
12502
12507
11797
11795
11753
11792
11807
11762
11823
11878
11890
11891
11898
11894
11899
11946
11947
12030
12043
12047
12051
12061
12078
12133
12087
12142
12216
12220
12223
12225
12187
12017
12194
12202
12192
23523
23534
23535
23543
23655
23602
12290
34163
23682
23683
23694
23697
23714
23690
23691
23702
23703
24837
24196
24193
24195
24197
23709
24840
24843
24845
24864
24865
24871
24917
24999
25155
25157
25110
25129
25139
25160
188030
186658
187590
187589
187596
188026
187165
187264
187595
187169
190486
190808
188248
188251
188249
188268
188269
188276
188278
135146
187983
188241
188265
188264
186655
188089
188094
188270
188271
135115
135119
135131
134811
134834
135173
135134
134835
134837
135060
135056
135044
135045
135049
135063
135091
135094
135105
135106
135108
135848
135851
135916
135909
135911
135852
135869
135855
135872
135901
136119
136418
136420
136426
136428
136444
136445
136491
136457
136472
136507
136502
136496
136498
136815
136822
132594
136818
132595
132598
137787
137499
137790
137791
137788
137516
137519
137802
137713
137718
137717
137727
137738
137768
137896
137897
137883
137884
137853
137824
137869
137870
137919
137926
137931
137970
138501
138509
138556
138604
138607
139174
139198
139199
139200
139175
139137
139150
139141
139154
139161
139115
139171
199618
199624
199681
199622
199630
199637
139221
139268
139278
139305
139311
139334
139336
139357
139280
139358
139453
139461
132962
136871
228826
229512
229516
229518
229594
225326
225327
225329
225337
225346
225348
225963
225347
226226
226234
226013
226029
225304
226001
227776
228909
228910
227778
227795
235455
228938
228919
228925
234315
