564
167548 167547 1004
167548 167549 1343
167347 167346 357
167347 167547 842
167347 167554 306
167348 167349 452
167348 167368 1101
166743 166742 1449
166743 167368 688
166745 166733 482
166745 166742 889
166745 166753 710
166728 166733 1110
162530 152580 2129
162530 162529 924
167238 162529 752
167238 167237 630
167238 167245 1438
152547 152542 2097
152547 152546 1375
162531 152546 790
162531 152580 1293
162534 152544 452
167109 167112 1028
167109 167214 789
167110 167111 1460
167110 167128 807
167124 167123 276
167219 167244 1375
167241 167240 871
167241 167244 850
167241 167258 672
167214 167109 789
167214 172178 677
166752 166753 196
166767 166766 1564
166780 166781 77
166789 166788 842
166789 166797 2590
166741 166736 845
166765 166766 688
166765 166785 1179
166785 166765 1179
166785 166784 672
166785 166786 933
166786 166774 778
166786 166785 933
166786 167010 1095
167010 166786 1095
167010 167039 778
167026 167025 452
167026 167039 1941
167030 167021 556
167030 167031 1179
167021 167030 556
167021 167032 1185
167022 167023 1264
167022 172485 782
167051 167052 1336
167051 167057 1011
167063 167064 1630
167063 167083 790
167094 167095 850
152418 152421 1161
152418 152425 790
152418 152429 2666
152434 152433 818
152434 162537 1307
162535 162536 688
162535 162537 796
152415 152435 445
152415 152446 2286
152426 152425 688
152426 152436 1891
152445 152446 562
180128 178863 601
180128 180083 947
180128 180371 672
180377 180365 1254
180377 180370 877
180377 180376 827
180376 180364 1501
180376 180377 827
180361 180359 697
180373 180364 750
180373 180374 2230
179674 179673 2578
179674 179675 4590
179677 179678 4337
179677 179679 2967
179673 179671 4573
179673 179674 2578
179679 179654 1612
179679 179677 2967
180164 180151 1362
180164 180163 475
180167 180179 6212
182322 182321 972
182322 182321 972
173561 173562 1881
173561 173563 1085
185272 182321 2755
182331 182332 2353
182331 182339 2893
182338 182339 1556
182338 182340 2814
182074 182073 788
182074 182075 931
182074 182107 1261
182108 182107 344
182113 182114 536
182111 182104 445
182111 182114 1517
182095 182091 682
182095 182104 445
182096 182093 904
182097 182100 312
182104 182095 445
182104 182105 757
182104 182111 445
182179 182188 924
182179 182197 1496
182197 182179 1496
182197 182196 924
182272 182194 924
182272 182196 1363
182272 182275 590
182277 182276 1015
182277 182289 1114
182287 182285 1350
182287 182330 1504
182307 182309 1539
182307 182329 435
152336 152355 570
152953 152952 2774
152953 152954 994
152957 152956 1146
152957 152958 1173
152951 152934 920
152951 152980 376
152993 152983 1840
152993 152994 1173
152993 153000 1373
153001 153002 1353
153001 153003 262
152937 152936 485
152980 152936 859
152980 152951 376
152322 152691 906
152692 152481 1115
152692 152691 924
152692 152700 1161
152714 152700 906
152714 152731 1715
152726 152720 298
152733 152720 1298
152733 152732 339
152733 153157 898
152369 152370 427
152369 152388 1258
152371 152372 2458
152371 152732 2812
152371 152988 908
152371 153148 2098
152359 152355 1813
152357 152356 2336
152364 152356 481
152364 152959 828
152364 152961 445
152370 152369 427
152370 152385 548
152384 152380 813
152384 152385 1331
152449 152446 2317
152449 152448 2403
152475 152448 713
152475 152486 2644
152485 152486 688
153108 153093 2763
173599 173562 403
155536 155547 948
155547 155536 948
155595 155598 738
155598 155595 738
177124 177123 1454
177123 177124 1454
177059 177218 765
177215 177214 765
177218 177059 765
176208 176210 1034
176210 176208 1034
177214 177215 765
176814 176819 354
176819 176814 354
165267 165266 1774
165266 165267 1774
167317 167313 683
167313 167317 683
164800 164801 818
164801 164800 818
164801 164809 1531
164809 164801 1531
164821 164822 1426
164822 164821 1426
164756 164748 713
164748 164756 713
211386 211393 511
211393 211386 511
211408 211401 833
211401 211408 833
211506 211513 670
211513 211506 670
211513 211514 751
211514 211513 751
212208 212209 683
212209 212208 683
212244 212255 848
212267 212273 1259
212273 212267 1259
212453 212447 781
212536 212535 342
212535 212536 342
212255 212244 848
212447 212453 781
114320 114321 695
114321 114320 695
92008 92010 251
92010 92008 251
102206 94414 3108
94414 102206 3108
92407 92408 1583
92408 92407 1583
115841 115832 884
115832 115841 884
191681 191658 3314
191658 191681 3314
192738 192769 86
192769 192738 86
114072 114108 946
114108 114072 946
109900 109925 1025
109925 109900 1025
109925 109923 847
109923 109925 847
105187 111021 893
111022 111021 662
111021 105187 893
111021 111022 662
111027 111033 611
111033 111027 611
111316 111329 750
111329 111316 750
111257 111331 1008
111331 111257 1008
103349 103348 704
103348 103349 704
103348 111356 948
111356 103348 948
111524 111522 222
111522 111524 222
104313 104167 927
104167 104313 927
39209 39206 887
39206 39209 887
39509 39512 3010
39512 39509 3010
39202 39201 924
39179 39180 1114
39180 39179 1114
39201 39202 924
104807 104808 536
104808 104807 536
104900 104910 737
104910 104900 737
104856 104860 750
104605 104606 836
104606 104605 836
104860 104856 750
39325 39333 2186
39333 39325 2186
39408 39426 738
39426 39408 738
40448 40471 2138
40471 40448 2138
40566 40437 3411
40437 40566 3411
55190 55181 3830
55236 56340 1759
56340 55236 1759
41622 41624 476
41624 41622 476
48555 48557 684
48358 48363 984
48363 48358 984
41629 41632 2341
41632 41629 2341
48557 48555 684
48703 48706 928
48706 48703 928
48880 48881 2482
48881 48880 2482
131506 131493 848
131493 131496 747
131493 131506 848
131497 131496 747
131511 131510 951
131496 131493 747
131496 131497 747
131510 131511 951
131831 131832 429
131832 131831 429
54517 54519 2353
54592 54640 1811
54519 54517 2353
54640 54592 1811
53942 53949 3358
53949 53942 3358
55181 55190 3830
144505 144494 2428
144505 144509 2476
144509 144505 2476
150494 150492 628
150492 150494 628
150641 150643 370
150643 150641 370
150694 150706 1345
150645 150706 982
150706 150645 982
150706 150694 1345
140275 140280 705
140280 140275 705
140448 141872 2521
144494 144505 2428
141872 140448 2521
141911 141912 810
141912 141911 810
141938 141936 894
141936 141938 894
142641 142636 866
142636 142635 885
142636 142641 866
142635 142636 885
142079 142589 2083
142589 142079 2083
144782 144789 657
142773 142778 1084
142778 142773 1084
144789 144782 657
204860 204861 802
204861 204860 802
204861 204870 765
204870 204861 765
144563 144562 278
144715 145035 750
144562 144563 278
145035 144715 750
145128 145126 564
145126 145128 564
145556 145601 722
145601 145556 722
145688 145689 732
145689 145688 732
145689 145692 827
145692 145689 827
145799 145800 765
145803 145793 734
145793 145803 734
145800 145799 765
203842 203841 594
203841 203842 594
208695 208694 1141
204849 204850 1823
204850 204849 1823
208715 208714 776
208694 208695 1141
208714 208715 776
211165 211164 164
211164 211165 164
211177 211332 1094
211332 211177 1094
167327 167356 1485
167356 167327 1485
167547 167347 842
167547 167548 1004
167547 167549 1200
167549 167547 1200
167549 167548 1343
167346 167347 357
167554 167347 306
167349 167348 452
167368 166743 688
167368 167348 1101
166742 166743 1449
166742 166745 889
166733 166728 1110
166733 166745 482
166753 166745 710
166753 166752 196
152580 162530 2129
152580 162531 1293
162529 162530 924
162529 167238 752
167237 167238 630
167245 167238 1438
152542 152547 2097
152546 152547 1375
152546 162531 790
152544 162534 452
167112 167109 1028
167111 167110 1460
167128 167110 807
167123 167124 276
167244 167219 1375
167244 167241 850
167240 167241 871
167258 167241 672
172178 167214 677
166766 166765 688
166766 166767 1564
166766 166784 1264
166781 166780 77
166781 166797 758
166788 166789 842
166797 166781 758
166797 166789 2590
166736 166741 845
166784 166766 1264
166784 166785 672
166774 166786 778
167039 167010 778
167039 167026 1941
167025 167026 452
167031 167030 1179
167032 167021 1185
167023 167022 1264
172485 167022 782
172485 167057 893
167052 167051 1336
167057 167051 1011
167057 172485 893
167064 167063 1630
167083 167063 790
167095 167094 850
152421 152418 1161
152425 152418 790
152425 152426 688
152429 152418 2666
152433 152434 818
162537 152434 1307
162537 162535 796
162536 162535 688
152435 152415 445
152435 152436 344
152446 152415 2286
152446 152445 562
152446 152449 2317
152436 152426 1891
152436 152435 344
178863 180128 601
180083 180128 947
180371 180128 672
180371 180370 737
180365 180364 672
180365 180377 1254
180370 180371 737
180370 180377 877
180364 180365 672
180364 180373 750
180364 180376 1501
180359 179654 2280
180359 180361 697
180374 180373 2230
179675 179674 4590
179678 179677 4337
179671 179673 4573
179654 179679 1612
179654 180359 2280
180151 180164 1362
180163 180164 475
180179 180167 6212
182321 182322 972
182321 182322 972
182321 185272 2755
173562 173561 1881
173562 173563 2231
173562 173599 403
173563 173561 1085
173563 173562 2231
182332 182331 2353
182339 182331 2893
182339 182338 1556
182339 182340 1544
182340 182338 2814
182340 182339 1544
182073 182074 788
182075 182074 931
182107 182074 1261
182107 182108 344
182114 182111 1517
182114 182113 536
182091 182095 682
182093 182096 904
182100 182097 312
182105 182104 757
182188 182179 924
182188 182196 1496
182196 182188 1496
182196 182197 924
182196 182272 1363
182194 182272 924
182275 182272 590
182276 182277 1015
182289 182277 1114
182285 182287 1350
182330 182287 1504
182309 182307 1539
182329 182307 435
152355 152336 570
152355 152359 1813
152952 152953 2774
152954 152953 994
152956 152957 1146
152958 152957 1173
152958 152959 575
152934 152936 313
152934 152951 920
152983 152993 1840
152994 152993 1173
153000 152993 1373
153002 153001 1353
153003 153001 262
152936 152934 313
152936 152937 485
152936 152980 859
152691 152322 906
152691 152692 924
152481 152692 1115
152700 152692 1161
152700 152714 906
152731 152714 1715
152720 152726 298
152720 152733 1298
152732 152371 2812
152732 152733 339
152732 153148 736
153157 152733 898
152388 152369 1258
152372 152371 2458
152988 152371 908
153148 152371 2098
153148 152732 736
152356 152357 2336
152356 152364 481
152959 152364 828
152959 152958 575
152961 152364 445
152385 152370 548
152385 152384 1331
152380 152384 813
152448 152449 2403
152448 152475 713
152486 152475 2644
152486 152485 688
153093 153108 2763
971
167548
167347
167348
166743
166745
166728
162530
167238
152547
162531
162534
167109
167110
167124
167219
167241
167214
166752
166767
166780
166789
166741
166765
166785
166786
167010
167026
167030
167021
167022
167051
167063
167094
152418
152434
162535
152415
152426
152445
180128
180377
180376
180361
180373
179674
179677
179673
179679
180164
180167
182322
173561
185272
182331
182338
182074
182108
182113
182111
182095
182096
182097
182104
182179
182197
182272
182277
182287
182307
152336
152953
152957
152951
152993
153001
152937
152980
152322
152692
152714
152726
152733
152369
152371
152359
152357
152364
152370
152384
152449
152475
152485
153108
153135
155727
155703
155784
155776
155788
155969
155787
155751
153365
153137
153143
153205
153211
173536
175128
173599
173596
173576
173579
173533
173547
173552
173683
173684
173161
173209
173170
173197
185448
173875
185441
185706
152919
153046
153049
153090
153041
153056
155520
155535
155481
155536
155547
176121
176147
176474
156244
176501
176176
176190
176525
176531
176141
176149
176152
176154
155657
155648
155650
155681
156296
156290
156321
156302
156325
156063
156297
156306
155641
155683
155622
155645
155539
155594
155595
155598
155605
155626
176110
177124
177120
177123
177107
177049
177048
177059
177215
177218
177015
177126
177128
177052
177185
177202
177193
177205
177209
176220
176108
176128
176213
176208
176214
176210
176959
177198
176967
177214
177224
175015
176867
175017
176863
174949
175001
175009
174894
174972
176767
176814
176819
165095
165349
165233
165273
165267
165266
165271
165274
165436
165441
167293
167304
167318
167324
167326
166558
167317
167313
167314
165111
165115
165097
165141
165137
165107
165117
165151
165147
164800
164801
164805
164848
164838
165152
157784
165334
165163
165352
165198
165380
165144
164809
164817
164821
164782
164822
164756
164667
164759
164748
211385
211386
211393
211408
211401
195337
211506
211187
211188
211213
211380
211382
211483
211513
211514
211529
211541
211544
211562
211563
211568
211571
211573
212185
212206
212208
212209
212244
212267
212273
211362
211394
212453
212472
212519
161432
160145
164660
161429
172431
212534
212536
212535
212255
212256
212263
212447
114378
114320
114331
114333
114312
114321
113852
114222
114220
114215
114424
113971
114192
114190
114025
119120
119197
119296
118561
118566
119148
119385
119381
114941
115009
114855
115020
92007
92008
92010
92014
92020
92029
92056
92064
92057
92061
92073
102206
94412
94414
92259
92281
92264
92267
92282
94462
115804
115816
115818
92398
92404
92407
92408
92317
92325
105804
107032
107064
107090
93206
107057
107059
107088
107105
107212
107126
107121
107420
107454
107435
107421
107500
107517
109495
92897
92972
93038
93039
93046
92953
92789
92806
92792
116009
115789
115838
115841
115832
191787
191018
190891
190892
191681
191658
192133
191717
191728
191747
192746
191892
194144
191569
191916
191842
191918
191937
191770
193842
192738
194016
192769
192757
194023
194063
190966
192707
192724
194250
192807
114072
114091
114108
114406
114368
114719
114729
109465
109480
113898
109418
109517
109793
109824
113958
109812
109895
109900
109925
109908
109923
111024
111030
110146
105187
111022
109911
109890
109891
111004
111021
111027
111033
110979
111071
111082
111073
111075
111077
111316
111329
111257
111331
111283
111291
103349
111292
111359
111501
111497
103348
111356
111524
111522
111528
111513
111633
111632
111631
111688
111643
111628
111619
111630
111437
111439
111447
111648
110834
111664
104135
104137
104147
104148
104120
105736
112880
112736
104142
104313
104167
104342
104352
104366
39209
39206
39507
39519
39509
39512
39546
39518
39189
39202
104238
104733
104734
104779
104282
104287
39179
39169
39180
39201
104807
104845
104849
104376
104380
104808
104898
104900
104910
104856
104605
104606
104602
104860
39279
39323
39325
39331
39333
39360
39410
39361
39367
39398
39408
39423
39426
39431
39493
40450
40452
40470
40602
40448
40471
40278
40477
40599
40311
40293
40373
40566
40437
40569
50408
40589
40822
40841
40845
40850
40904
40906
40575
40571
40811
40813
55190
55237
55236
56340
55423
41618
41622
41624
40815
48379
48382
48456
48465
48532
49624
48546
48555
48355
48358
48363
48374
41629
41632
48352
48557
48579
48701
48707
48703
48718
48830
48570
48572
48583
48706
48833
48838
48854
48856
48857
48874
48880
48881
48841
48230
48990
48991
49010
49013
48282
131364
131365
49590
48389
131368
131384
131475
131473
131506
131493
131497
131511
131496
131510
131516
131747
131773
131831
131832
131840
131852
54366
54413
54403
54452
54457
54469
54472
54517
54550
54553
54556
54570
54586
54592
52950
56338
56339
54686
54519
54522
54526
54722
54729
54640
53893
56639
53941
53942
53949
53963
52853
55180
55181
144505
144509
150494
150502
150492
150505
150641
150643
150694
150645
150706
140290
150734
140274
146928
140275
140280
140367
140382
140434
140435
140444
140447
140448
142547
144494
141872
141881
141911
141912
141928
141938
141887
141895
141897
141936
141901
141951
141953
151750
142086
142112
142116
142126
142106
142641
142636
142082
142104
142635
143267
142066
142067
142075
142079
142589
142592
142616
142623
142737
142738
142739
142742
142743
144499
142550
144503
144782
142773
142778
142779
144784
144789
144793
56354
56355
204522
204529
204544
196122
204772
204732
204791
204798
204808
204860
204859
204861
204868
204870
144554
144559
144716
144563
144715
144562
144567
145035
145040
145039
145044
145055
145109
145128
145126
145127
145497
145527
145539
145550
145553
145556
145601
145675
145688
145689
145692
145799
145802
145803
145793
145883
145884
145695
145888
145800
145848
145858
145871
145874
146082
146088
146105
146107
151481
149092
151658
151573
151572
146114
146116
203842
204461
203841
214419
215023
208649
214862
214651
208695
204849
204850
214213
205282
208747
208715
208693
208694
208714
208721
208736
208771
208742
208743
211115
211118
211138
211175
211165
211164
211177
211332
211333
211356
180418
180429
180451
167316
166583
166585
167327
167356
166566
167547
167549
167346
167554
167368
166742
152580
162529
167237
167245
152542
152546
152544
167111
167128
167123
167244
167240
167258
172178
166781
166788
166797
166736
166784
166774
167039
167025
172485
167057
167064
167083
167095
152425
152429
152433
162537
152436
178863
180083
180371
180365
180370
180364
180359
179671
179654
180151
180163
173563
182332
182340
182073
182075
182107
182114
182091
182093
182100
182105
182188
182196
182194
182275
182276
182289
182285
152355
152952
152954
152956
152958
152934
152983
152994
153000
152481
152700
152731
152720
152388
152372
152988
153148
152356
152959
152961
152385
152380
152448
152486
153093
