636
52663 52717 5569
52741 54535 3483
52741 54687 279
54541 54538 1411
54541 54540 1381
54541 54676 1580
54674 54682 552
54662 54666 874
54662 54672 337
54665 54582 279
54665 54666 2412
49708 49712 1995
49708 49713 1484
53910 53868 948
53775 56781 1820
53775 56782 1420
53776 53779 1686
53776 56780 1081
53907 53921 610
53917 53918 837
53923 53908 418
53923 53925 1147
53932 53930 713
53932 53931 3090
53932 55149 1343
55150 55164 418
55150 55168 418
55166 55168 139
55166 55170 3185
55209 55170 697
55209 55211 1906
55210 55222 558
55210 55225 1080
144480 142528 2479
144480 144481 831
144480 144488 2481
144488 144480 2481
144488 144489 787
144488 144525 2839
144525 144488 2839
144525 144526 774
144525 144540 2194
144539 144540 828
144539 144677 2048
144538 144677 607
144675 142093 1962
144675 144676 734
144626 144676 1985
144626 144689 807
144627 144655 727
144627 144689 2098
144653 144654 775
144653 144655 2018
139787 139788 768
139787 139795 1443
139787 143290 706
139787 150609 698
150609 139787 698
150609 143290 117
150609 150608 304
150625 139795 624
150606 150607 176
150606 150608 369
150639 150627 770
146999 146998 850
146999 147000 508
146999 150627 1614
146999 151769 872
147000 146999 508
147000 150659 369
147000 150660 389
150651 150687 483
139900 139903 978
139900 139904 1790
139901 139904 1019
139901 139906 1531
139905 140186 420
140194 140205 707
140203 140206 892
140203 140210 982
140250 140251 274
140254 140251 843
140254 140258 868
140254 140259 1820
140257 140259 778
140257 140271 2309
140270 140271 827
140270 141575 2366
141578 141575 817
141578 141586 195
141593 141586 711
142495 142496 888
142495 142504 2350
142503 142504 740
142503 142532 2440
142531 142532 945
142531 142543 2540
142525 142529 2560
142525 142543 822
142528 142529 789
142528 144480 2479
141587 141586 2361
141587 141874 884
141878 141874 2366
141878 141877 769
141878 141908 2333
141908 141878 2333
141908 141914 793
141927 141914 1184
141927 141931 1211
142016 141932 349
142016 142018 492
142018 142016 492
142018 151667 1682
142022 142089 1107
142022 151756 2758
142044 142052 1160
142044 142056 2159
142052 142044 1160
142052 142057 1017
142052 142058 1935
142053 142072 963
142055 142072 980
142055 142563 797
142564 142575 963
142564 142578 1223
142578 142564 1223
142578 142580 1010
142578 142581 2286
142579 142581 915
142579 142604 2354
142609 142604 971
142609 142611 2319
142610 142611 984
142610 142720 2317
142719 142720 937
142719 142728 565
142727 142728 862
142727 142729 1754
142329 142497 641
142499 142498 750
142499 142507 2268
142724 142725 575
142724 142726 751
142539 142507 1414
142539 142726 857
142539 142763 570
142729 142727 1754
142729 142730 696
142729 142768 628
142764 142765 1736
55459 55464 1284
55459 55465 837
55466 55465 1422
55466 56106 810
56106 55466 810
56106 55478 1422
55469 56361 1641
56369 56380 1255
56369 56381 3863
56370 56367 1438
204695 204537 615
204695 204697 467
204703 195576 213
204703 204700 532
195576 195583 662
195576 204703 213
204706 204705 453
204706 204718 707
204725 204728 767
204726 204718 998
204520 204519 1421
204520 204719 1056
204839 204795 846
204839 204800 2054
204839 204840 641
207715 207714 290
207872 207873 756
207872 207874 804
207875 207779 411
207875 207873 810
144654 144653 775
144654 144669 2084
144733 144669 768
144733 144731 1995
144732 144701 1952
144732 144731 882
144735 144701 768
144735 144725 2018
144740 144723 2201
144740 144725 830
144753 144759 2054
144753 144767 790
144758 144759 818
144754 144767 2002
144754 145310 624
144754 145311 1008
145308 145309 471
144755 144724 2302
144755 144756 733
144773 144771 2244
144773 144772 761
144778 144771 764
144765 144766 1666
144766 144765 1666
145113 145119 897
145119 145113 897
145517 145520 880
145520 145517 880
145593 145595 809
145595 145593 809
145595 145606 776
145606 145595 776
145765 145766 751
145759 145756 792
145756 145759 792
145766 145765 751
145826 145839 690
145839 145826 690
146054 146055 824
146055 146054 824
151580 151577 815
151577 151580 815
151535 151537 851
151537 151535 851
204540 204537 1293
204516 204517 802
204517 204516 802
204535 204537 1495
207868 208558 255
208558 207868 255
208603 208663 363
208663 208603 363
166725 166705 893
166705 166725 893
167193 167192 790
167190 167189 818
167189 167190 818
167192 167193 790
167084 167086 1993
166754 166758 766
166758 166754 766
166758 167002 1011
167002 166758 1011
167086 167084 1993
180387 180388 336
180388 180387 336
182319 182320 629
182320 182319 629
181922 181923 344
181923 181922 344
182216 182310 1268
182310 182216 1268
182336 182354 1814
182354 182336 1814
173641 173643 1132
152464 152465 344
152465 152464 344
173643 173641 1132
173860 173857 3525
173857 173860 3525
152041 155529 948
155529 152041 948
176127 176129 667
176129 176127 667
155616 155615 1837
155615 155616 1837
155572 155591 650
155609 155610 871
155591 155572 650
155610 155609 871
175908 175907 952
175976 175975 924
175975 175976 924
177105 177073 870
177073 177105 870
176938 176939 376
176951 176950 1004
176950 176951 1004
176939 176938 376
177173 177174 873
177158 177156 605
177174 177173 873
175907 175908 952
177156 177158 605
176754 176756 5191
176756 176754 5191
211365 211415 185
211415 211365 185
165310 165320 818
165320 165310 818
164707 164703 2860
164703 164707 2860
164716 164700 1336
164700 164716 1336
211445 211449 449
211449 211445 449
211452 211460 1143
211460 211452 1143
92211 92212 736
92212 92211 736
115722 115723 640
115723 115722 640
106960 106967 930
106967 106960 930
92948 102598 2879
102598 92948 2879
106725 106724 2100
106724 106725 2100
115966 115967 233
115967 115966 233
92723 92722 1504
92722 92723 1504
191789 192011 484
192011 191789 484
191713 191712 409
191712 191713 409
111339 111347 805
103337 103339 411
111475 111478 418
111478 111475 418
103339 103337 411
111477 111347 496
111347 111339 805
111347 111477 496
111596 111597 672
111577 111578 778
111597 111596 672
111578 111577 778
111592 111682 782
111682 111592 782
111726 111727 889
111727 111726 889
112149 112165 1375
111742 111740 756
111653 111652 750
111652 111653 750
111740 111742 756
112165 112149 1375
112668 112656 747
112632 112631 747
112656 112668 747
112631 112632 747
104308 104318 599
104318 104308 599
104320 104325 737
103324 112774 2195
112774 103324 2195
112713 112598 782
112598 112713 782
104325 104320 737
104325 104326 737
104326 104325 737
39197 39198 905
39198 39197 905
104816 104830 2458
104830 104816 2458
39446 39448 788
39448 39446 788
39500 39498 1302
39498 39500 1302
40497 40500 677
40500 40497 677
40521 40535 238
40535 40521 238
40828 40596 2357
40596 40828 2357
40938 40936 1114
40936 40938 1114
55225 55210 1080
41634 41636 2069
41636 41634 2069
48404 48403 670
48529 48540 2454
48540 48529 2454
48552 48667 1104
48347 48343 511
48343 48347 511
48403 48404 670
48667 48552 1104
48676 48688 1408
48688 48676 1408
131397 131399 3104
131397 131400 476
131397 131641 1995
131399 131397 3104
131400 131397 476
131641 131397 1995
131677 131679 7006
131679 131677 7006
120738 120739 1508
120739 120738 1508
53779 53776 1686
54360 54361 562
54361 54360 562
54446 54496 2291
54496 54446 2291
54582 54665 279
52717 52663 5569
54535 52741 3483
54687 52741 279
54538 54541 1411
54540 54541 1381
54676 54541 1580
54682 54674 552
54666 54662 874
54666 54665 2412
54672 54662 337
49712 49708 1995
49713 49708 1484
53868 53910 948
56781 53775 1820
56782 53775 1420
56780 53776 1081
53921 53907 610
53921 53908 404
53918 53917 837
53908 53921 404
53908 53923 418
53925 53923 1147
53925 53930 3357
53925 53931 612
53930 53925 3357
53930 53932 713
53931 53925 612
53931 53932 3090
55149 53932 1343
55149 55164 374
55164 55149 374
55164 55150 418
55168 55150 418
55168 55166 139
55170 55166 3185
55170 55209 697
55211 55209 1906
55211 55222 612
55222 55210 558
55222 55211 612
144481 142529 2398
144481 144480 831
144481 144489 2542
144489 144481 2542
144489 144488 787
144489 144526 2767
144526 144489 2767
144526 144525 774
144540 144525 2194
144540 144539 828
144677 142093 288
144677 144538 607
144677 144539 2048
142093 144675 1962
142093 144677 288
144676 144626 1985
144676 144675 734
144689 144626 807
144689 144627 2098
144655 144627 727
144655 144653 2018
144655 144669 778
139788 139787 768
139795 139787 1443
139795 150625 624
139795 150627 1744
143290 139787 706
143290 150608 323
143290 150609 117
150608 143290 323
150608 150606 369
150608 150607 404
150608 150609 304
150607 150606 176
150607 150608 404
150627 139795 1744
150627 146999 1614
150627 150639 770
146998 146999 850
151769 146999 872
151769 150660 361
150659 147000 369
150659 150660 262
150660 147000 389
150660 150659 262
150660 151769 361
150687 139903 1633
150687 150651 483
139903 139900 978
139903 150687 1633
139904 139900 1790
139904 139901 1019
139906 139901 1531
139906 140186 458
140186 139905 420
140186 139906 458
140205 140194 707
140205 140206 2049
140206 140203 892
140206 140205 2049
140210 140203 982
140251 140250 274
140251 140254 843
140258 140254 868
140259 140254 1820
140259 140257 778
140271 140257 2309
140271 140270 827
141575 140270 2366
141575 141578 817
141575 141874 2359
141586 141578 195
141586 141587 2361
141586 141593 711
142496 142495 888
142496 142497 313
142504 142495 2350
142504 142503 740
142532 142503 2440
142532 142531 945
142543 142525 822
142543 142531 2540
142529 142525 2560
142529 142528 789
142529 144481 2398
141874 141575 2359
141874 141587 884
141874 141878 2366
141877 141878 769
141877 141914 2325
141914 141877 2325
141914 141908 793
141914 141927 1184
141931 141927 1211
141931 141932 399
141932 141931 399
141932 142016 349
151667 142018 1682
142089 142022 1107
151756 142022 2758
142056 142044 2159
142057 142052 1017
142058 142052 1935
142072 142053 963
142072 142055 980
142563 142055 797
142575 142564 963
142575 142580 1367
142580 142575 1367
142580 142578 1010
142581 142578 2286
142581 142579 915
142604 142579 2354
142604 142609 971
142611 142609 2319
142611 142610 984
142720 142610 2317
142720 142719 937
142728 142719 565
142728 142727 862
142728 142730 1772
142497 142329 641
142497 142496 313
142497 142498 1830
142498 142497 1830
142498 142499 750
142507 142499 2268
142507 142539 1414
142725 142724 575
142726 142539 857
142726 142724 751
142763 142539 570
142730 142728 1772
142730 142729 696
142768 142729 628
142765 142764 1736
55464 55459 1284
55465 55459 837
55465 55466 1422
55465 55478 810
55478 55465 810
55478 56106 1422
56361 55469 1641
56380 56369 1255
56381 56369 3863
56367 56370 1438
204537 204535 1495
204537 204540 1293
204537 204695 615
204697 204695 467
204697 204700 335
204700 204697 335
204700 204703 532
195583 195576 662
195583 204705 1236
204705 195583 1236
204705 204706 453
204718 204706 707
204718 204726 998
204728 204725 767
204519 204520 1421
204719 204520 1056
204795 204839 846
204800 204839 2054
204840 204839 641
207714 207715 290
207873 207872 756
207873 207875 810
207874 207872 804
207779 207875 411
144669 144654 2084
144669 144655 778
144669 144733 768
144731 144732 882
144731 144733 1995
144701 144732 1952
144701 144735 768
144725 144735 2018
144725 144740 830
144723 144724 969
144723 144740 2201
144759 144753 2054
144759 144756 1545
144759 144758 818
144767 144753 790
144767 144754 2002
144767 144772 800
145310 144754 624
145311 144754 1008
145309 145308 471
144724 144723 969
144724 144755 2302
144756 144755 733
144756 144759 1545
144771 144773 2244
144771 144778 764
144772 144767 800
144772 144773 761
974
52663
52741
54541
54674
54662
54665
49708
53910
53775
53776
53907
53917
53923
53932
55150
55166
55209
55210
144480
144488
144525
144539
144538
144675
144626
144627
144653
139787
150609
150625
150606
150639
146999
147000
150651
139900
139901
139905
140194
140203
140250
140254
140257
140270
141578
141593
142495
142503
142531
142525
142528
141587
141878
141908
141927
142016
142018
142022
142044
142052
142053
142055
142564
142578
142579
142609
142610
142719
142727
142329
142499
142724
142539
142729
142764
55459
55466
56106
55469
56369
56370
204695
204703
195576
204706
204725
204726
204520
204839
207715
207872
207875
144654
144733
144732
144735
144740
144753
144758
144754
145308
144755
144773
144778
144763
144774
144765
144766
145113
145119
145121
145480
145483
145482
145491
145517
145520
145574
145593
145595
145606
145765
145760
145759
145756
145755
145615
145608
145616
145766
145770
145818
145821
145826
145839
145862
145868
146050
146054
146055
146072
151473
151476
142099
151550
151580
151555
151564
151577
151579
151535
151547
151536
151537
151557
149313
151496
204454
204540
203833
204429
204516
204517
204523
204535
208576
208616
208596
208605
207868
208558
208563
214818
208581
208632
208619
208599
208587
207797
207845
207848
207851
214932
208603
208663
208664
208654
208658
208656
208671
208706
208711
208725
208730
211156
211157
180236
180251
176650
180604
180413
166401
166403
166494
166502
166544
166577
166725
166705
167193
167208
167203
167206
167183
167186
167190
167264
167189
167192
167152
167171
167215
167084
166716
166754
166758
166761
167002
167034
167074
167086
167012
162544
152401
152404
162546
180499
180180
180387
180388
180396
180406
180178
180188
177719
186066
169972
169833
182316
182319
182318
182221
182320
179714
181922
181923
182122
182118
182142
182146
182191
182214
182216
182225
182310
182335
182336
182354
173585
173641
152318
152933
152311
152941
152330
152341
152326
152408
152464
152465
152478
152903
153004
152909
152928
185770
185779
174823
173573
173643
173675
173518
173519
173165
173846
173851
173860
173856
173857
152915
153009
153016
153022
153025
152041
155508
155527
155529
155483
176119
176127
176490
176469
176500
176487
176497
176001
176129
176008
176135
176006
176010
155679
152063
155616
155615
176465
155523
155571
155572
155609
155591
155610
175908
175976
175975
175983
177105
177117
177073
177020
177017
176938
176951
176950
176953
176939
177031
177036
177038
177034
177041
176087
177173
177158
177174
176089
175907
175978
176105
176081
176963
177156
176787
176791
176781
176780
176792
176876
176873
176891
176894
176877
173861
185749
174953
174977
175025
176664
176759
176633
176754
176712
176756
211348
211365
211415
211018
211323
211341
211342
166450
166451
165053
165072
165078
165094
167277
165310
165258
165320
165229
165312
165324
167289
167310
166466
166486
167282
166476
166482
166491
166472
165045
165047
165052
165059
165062
165066
164474
165121
164439
164447
164813
164815
165174
165177
164385
164387
161389
161396
164353
164707
164703
164559
164716
164700
164710
164718
164720
164561
161394
164529
164534
164578
164591
211445
211466
211449
211455
211530
211548
211553
212169
211547
212176
212191
212194
212198
212229
211452
211460
211454
211462
212457
212464
161405
161408
212510
212527
212250
212253
212439
114384
114653
114302
114198
114428
114582
114603
114019
119126
119152
119150
119404
119405
114915
114951
114899
114930
91999
92075
92122
92112
92211
92212
115398
115400
115419
115420
115722
115723
115753
115677
115810
92309
115729
92311
115730
105808
106736
107025
107048
107092
106969
106960
106967
107117
107389
107417
107440
107483
107443
116313
107528
113747
107519
107476
109709
92827
103136
92963
93033
93193
102817
92824
92831
102594
92872
92948
102598
106725
106724
106744
106757
106733
115970
115966
115967
115782
115984
115994
92723
92728
92722
115850
115990
191500
191505
191789
192011
190885
191713
191971
191712
191734
194225
194222
191483
191560
191784
191551
191938
191601
191879
191958
192665
192774
194014
192723
192811
114064
114404
194384
107565
109460
109781
113871
109799
109815
109854
105184
110998
110970
110972
111089
111101
111321
111337
111339
103337
111475
111478
103339
111476
111477
111347
111226
111480
111236
111239
111533
111535
111232
111519
105277
111564
111587
111596
111575
111577
111597
111578
111592
111682
111722
111726
111727
111732
112147
111766
112149
111742
111752
111653
111669
111672
111456
111658
111652
112580
112588
111700
111740
112602
112610
111768
112168
112165
112668
112632
112656
112631
112700
112701
112772
104306
104308
104318
104323
104320
103326
103324
112774
112713
112709
112598
112644
105729
112885
112887
112763
105723
104337
104509
104325
104326
104341
104296
104405
39227
39229
39585
39530
39564
39555
39531
39592
39221
104742
104757
113700
39193
39197
39198
39218
104749
104816
104835
104882
105022
105025
104865
104830
104424
104906
104877
104926
105001
105003
105009
104464
105005
105027
104669
39559
39345
39464
39463
39446
39466
39448
39391
39451
39416
39443
39414
39475
39484
39500
39498
39701
40439
39707
40460
40484
40489
40497
40500
40505
40519
40521
40526
40535
40538
40609
40527
40616
41129
40558
40390
40552
40618
40632
40828
40835
40837
40851
40854
40858
40953
40957
40921
40585
40592
40596
40622
40924
40926
40938
40945
40923
40944
40936
55225
55245
55248
55414
55460
55467
41634
41636
48391
41646
41645
48405
48404
48525
48529
48540
48552
48347
48370
48343
48403
48667
48676
48688
48710
48711
48776
48739
48742
48737
48716
49054
48898
48907
48906
48913
49052
48891
48897
48934
48935
48948
48950
48958
48870
48919
48974
49016
48996
48986
48995
48998
49024
50485
49029
49037
49177
49197
49468
49035
48317
48322
48327
48310
131381
131389
131387
131397
131399
131400
131641
131644
131649
131660
131677
131679
131820
131821
120738
120739
131901
54369
53779
54356
54360
54361
54420
54442
54446
54496
54379
54551
54575
54578
54582
52717
54535
54538
54540
54676
54682
54666
53868
56780
53921
53918
53908
53930
55149
55164
55168
55170
55211
144481
144489
144526
144540
142093
144676
144689
144655
139788
139795
143290
150607
146998
151769
150659
150660
150687
139903
139904
139906
140186
140205
140206
140258
140259
140271
141575
142496
142504
142532
142543
142529
141874
141877
141914
141931
141932
151667
142089
151756
142056
142057
142058
142072
142563
142575
142580
142581
142604
142611
142720
142498
142507
142726
142763
142730
142768
142765
55465
55478
56361
56380
56367
204537
204697
204700
204718
204519
204719
204795
204800
204840
207873
207874
207779
144669
144731
144701
144725
144723
144759
144767
145309
144724
144756
144771
144772
