4398
79284 79285 4489
79284 79445 1934
79284 87190 4315
87189 87190 593
87189 87558 5604
87592 87593 1208
87592 87594 4086
80441 79444 2625
80441 80442 891
80444 80445 812
87841 87839 2136
87841 87842 889
89283 87842 1948
89283 87846 672
87839 87840 1186
87839 87841 2136
87815 87816 1088
87815 87817 675
87825 83472 1667
87825 87792 804
87825 87817 1756
87827 83473 311
91703 91704 686
91703 91705 195
89715 89716 1455
91159 87850 1107
89723 89720 889
89723 89722 423
91160 87850 1096
89243 89244 885
89774 89775 2287
89306 89307 878
89417 89418 853
89417 89442 574
89417 89446 1293
89443 89441 1109
89443 89771 1622
89381 89388 169
89386 89389 1157
89386 89440 688
89386 89444 1189
89412 89413 1122
89412 89418 3676
89448 89444 818
89622 89619 3567
89556 89557 2694
87597 87598 963
89019 89020 369
89019 89021 240
91374 89023 236
91375 91742 656
91375 91743 56
89034 89032 2126
89586 91599 2828
80591 90142 2242
80481 80482 2236
80481 80483 1729
80484 80485 4758
80484 80536 1857
90152 90153 1990
80496 80477 3650
80496 80497 3702
80530 80557 13731
80540 80541 1551
80540 80542 1555
80612 80613 4662
80612 80634 1011
80633 80631 290
80633 91464 3443
81146 81147 203
81146 81177 1637
81140 81139 2161
81140 81183 2264
81163 81162 3464
81163 81180 5121
80720 80721 1391
81214 80713 1023
81214 81269 2060
81268 81278 203
80858 80881 10133
80877 80878 1222
80877 80881 4004
82769 82786 1913
82784 82785 1041
82784 82786 656
82834 90985 2561
82768 81292 4593
82768 82800 2759
82799 82798 1627
82799 82829 3292
82797 82798 512
82797 82813 892
82862 82873 2720
82840 82837 1935
82871 82823 1627
82871 82872 576
81333 81334 1427
82878 82879 2598
82882 82880 429
82882 82883 1445
82908 82904 4001
82908 82909 906
82896 82899 4480
82896 82914 475
82901 82900 3251
82901 82915 3209
82899 82896 4480
82899 82910 1232
82912 82913 687
82912 82978 1565
82937 82939 1017
82937 90986 593
82939 82937 1017
82939 90629 556
90752 90753 818
90752 90754 1109
82970 82971 3113
82928 82940 1024
82941 82940 3058
82941 82973 1114
81543 81542 452
81543 83008 3603
81730 81727 1525
81730 81731 941
82976 82975 2586
81727 81729 2795
81727 81730 1525
83004 83003 1171
83004 83005 886
81414 81398 677
81414 81478 854
81414 86178 5159
91199 91198 714
90683 90684 2091
90683 90954 680
81558 81542 2036
81558 81559 374
81635 81689 438
84704 84705 653
84704 91825 720
84705 84704 653
84705 91826 686
91827 91828 1027
81406 81404 1506
81406 86167 680
81403 81395 2117
81403 81404 1467
81383 81387 2646
81383 81394 1269
81386 81387 1123
81386 81393 2410
86128 81393 1213
86156 86154 3404
86156 86155 2445
86169 86168 1084
86169 90949 886
81394 81383 1269
81394 81392 1764
83497 83498 1703
83497 83499 1569
83510 83508 922
83512 83513 1621
83512 83514 2961
83517 89700 582
85521 85522 592
85521 91037 2224
85516 85517 879
85516 85518 628
85669 85670 1086
85669 85679 611
85669 85680 730
85592 85591 1004
85592 85591 1004
85592 90559 1750
85665 85664 1953
90558 85660 1317
90558 90559 551
90460 90459 1461
90467 90468 452
90467 90500 770
90482 90481 1114
90555 90554 801
90555 90571 2764
90567 90568 603
90567 90569 1509
90505 90511 1678
90498 90493 1106
90498 90499 1014
90498 90882 1004
86129 86130 3089
86129 90605 1995
89620 89619 4833
89620 89625 1967
89702 89701 955
89979 89980 707
89979 91937 650
89983 80141 549
89983 89984 816
90037 90036 2122
90037 90044 2363
91141 91140 179
91141 91142 197
89641 89642 310
89641 89643 202
66493 66497 1040
66493 66498 713
66020 78024 725
66021 66023 554
66021 66024 512
66023 66021 554
66023 66022 886
66500 66498 641
66500 66501 1387
66647 66648 1106
66647 66653 1213
66647 66654 1336
66658 66713 222
66658 66738 1608
66659 66681 686
66659 66738 796
66679 66680 1809
66679 66681 688
66686 66680 713
66686 66694 794
58065 78792 907
58065 78949 500
56919 56920 790
79021 79022 411
79021 79023 1982
56907 56903 1109
78402 78401 1291
78402 78403 1566
78405 78399 925
78405 78400 1469
78411 78414 2954
78413 78422 1625
78413 78423 1567
78415 78414 3140
78415 78420 875
77492 79008 466
79241 79242 790
79241 79243 1309
79254 90894 78
79253 79754 621
79264 79263 1223
80426 80427 1081
80426 80428 419
79298 79297 4981
79298 84852 1370
79300 79301 1913
79300 84709 4342
83972 79103 71
83972 83971 1180
83970 91769 202
90528 91250 171
91247 91246 744
91247 91262 1215
91262 91247 1215
91262 91480 1810
79319 79303 3288
79319 79320 3722
57284 57283 1315
57284 57293 933
57293 57283 949
57293 57284 933
57313 57283 1451
57313 57314 983
57364 57365 480
57364 57378 738
57479 57404 375
57479 77376 279
170129 170130 626
170129 170153 1545
170153 170129 1545
170153 172847 268
170372 170402 2603
58303 58301 955
58303 58304 924
58311 78534 1952
78536 78388 529
78536 78534 1879
58036 58037 477
58036 78388 427
58309 58037 2183
58309 58329 631
76890 76891 2943
58888 58886 344
58885 58886 1857
58885 58887 672
58885 58895 1037
58894 58895 796
58894 58898 2019
58897 58898 796
58897 58925 2605
58925 58897 2605
58925 58948 905
58925 58960 711
58930 58939 608
58930 58940 1258
58943 58944 1004
59350 58944 1187
59350 59351 344
59353 59351 1355
59353 59354 1550
58187 58189 2101
58187 77531 2202
77530 58190 623
77530 58201 881
58281 58279 631
58281 58280 1882
58282 58273 844
58282 58279 2016
58276 58275 581
58276 58320 830
58321 58320 796
58321 58322 873
58626 58627 558
58435 77515 665
58439 77515 852
58439 77516 866
58887 58885 672
58887 58896 1119
117207 117203 2565
117207 117205 169
117211 117185 3211
117211 117220 698
117220 117211 698
117220 117221 650
117242 117226 955
117242 117244 279
117245 117253 838
117245 117268 1615
117270 117268 674
61108 61104 789
61108 61109 1560
61108 61158 1708
61159 61160 881
61159 61161 942
61161 61159 942
61161 61162 838
61172 61162 1615
61174 61164 1214
61174 61165 1357
61176 61177 1086
61176 61178 2643
61178 61176 2643
61178 61703 1185
61761 56875 1156
61779 61762 607
61779 61777 476
61769 61765 881
61769 61772 754
61710 61706 752
61710 61711 1010
61710 61765 1487
61783 61780 477
61549 61550 238
61549 61556 261
61575 61564 202
61556 61549 261
61556 77827 752
61558 61559 238
61570 61569 1922
61570 61581 3316
61570 61582 1349
61571 61568 277
61571 61569 512
61568 61567 796
61568 61571 277
61574 61573 1162
61546 61545 2750
61546 61547 936
61546 61680 830
61691 61686 951
61708 61705 172
61706 61687 1579
61706 61710 752
61634 61632 929
61633 61629 752
61633 61632 1953
61638 61629 1960
61638 61662 752
63646 63654 475
62011 62007 468
61983 61991 777
61966 61963 1891
61966 61967 676
61968 61963 853
61965 61653 1286
61965 61964 1441
61935 61934 3756
61935 61936 1067
61935 61945 581
61945 61932 984
61945 61935 581
61946 61932 955
61946 61967 889
61944 61936 565
61944 77536 1127
61960 61954 1696
61960 61962 769
61958 61956 1083
61958 61962 3288
61650 61604 607
61644 61642 752
61644 61643 1549
61644 61665 1318
61612 61607 740
61612 61611 1413
61653 61607 1887
61653 61615 698
61653 61965 1286
61645 61630 1751
61645 61631 752
61645 61642 885
61662 61631 1887
61662 61638 752
61378 61373 475
57247 57245 782
57247 57254 162
57247 57255 1015
57232 57233 452
57232 57235 1287
57234 57249 434
57234 57251 1134
77966 58011 739
57737 57734 633
57737 57738 3744
57739 57738 1213
57739 67683 2127
57584 57583 562
57584 57591 605
57749 76503 1064
57793 57597 860
57793 57794 1000
57793 57797 972
57797 57788 768
57797 57793 972
57841 57781 705
57841 57844 137
57843 57738 5806
57843 57844 2606
57985 57950 4569
57508 57495 287
57508 57516 1025
57524 57527 407
76492 57530 296
76492 78317 303
57535 57541 664
57535 57542 716
57509 57505 568
57509 57511 587
57515 57507 745
57515 57536 1365
57545 57529 832
57545 57546 723
57547 57553 803
58005 58004 105
58005 78308 1018
58006 58003 41
58002 58003 114
78308 58005 1018
78308 78760 188
78960 78962 758
78960 78963 873
76802 57735 4703
76802 67717 949
78035 78034 5874
73094 77989 2484
78653 77989 18
78653 78654 917
65899 65897 736
65899 65902 1076
65899 65917 910
65981 65913 963
65981 65982 2066
65992 65993 953
65992 65994 759
66001 78028 882
65971 65972 633
65973 65974 562
65975 65974 1587
65975 65976 1047
66042 57310 477
66042 65976 1357
66042 66043 1374
78025 78029 246
66045 66046 939
66045 66048 802
66046 66045 939
66046 66050 1045
66053 66051 500
66053 66054 1068
66058 66054 698
66058 66057 1012
66056 78026 756
66057 66058 1012
66057 66059 1068
66007 66009 1162
66007 66009 1162
66012 66009 854
65839 65840 14
65839 65840 14
66644 66645 546
90885 89489 464
90885 91183 7946
79285 79284 4489
79285 79382 3931
79445 79284 1934
79445 79383 2580
87190 79284 4315
87190 87189 593
87558 79443 1056
87558 87189 5604
87593 87592 1208
87594 87592 4086
79444 79443 2558
79444 80441 2625
80442 80441 891
80442 84898 271
80445 80444 812
80445 80446 737
80445 87590 814
87842 87841 889
87842 87843 1700
87842 87844 672
87842 89283 1948
87846 87821 238
87846 87844 1948
87846 89283 672
87840 87839 1186
87816 87815 1088
87817 87791 812
87817 87815 675
87817 87818 875
87817 87825 1756
83472 83471 864
83472 83473 676
83472 87825 1667
87792 83471 1739
87792 87791 1762
87792 87793 752
87792 87825 804
83473 83470 1508
83473 83472 676
83473 83953 1602
83473 87827 311
91704 91703 686
91705 91703 195
89716 89715 1455
89716 89717 1149
89716 91155 556
87850 87851 3397
87850 87852 3340
87850 91159 1107
87850 91160 1096
89720 89718 423
89720 89721 1357
89720 89723 889
89720 91158 1522
89722 89718 889
89722 89723 423
89722 91161 338
89244 89243 885
89775 89774 2287
89775 89776 761
89307 89306 878
89418 89412 3676
89418 89417 853
89418 89419 602
89442 89417 574
89442 89441 1212
89442 89769 1304
89446 89417 1293
89446 89445 1980
89446 89768 1274
89441 89442 1212
89441 89443 1109
89441 89770 440
89771 89443 1622
89771 89770 812
89771 89772 686
89388 89381 169
89388 89389 1952
89388 89422 1308
89389 89386 1157
89389 89388 1952
89389 89429 452
89440 89386 688
89440 89420 1312
89440 89427 672
89444 89386 1189
89444 89419 476
89444 89448 818
89413 89412 1122
89413 89414 4066
89413 89445 796
89413 89766 1974
89619 89620 4833
89619 89621 2411
89619 89622 3567
89557 89556 2694
89557 89558 965
89557 89559 1914
87598 87597 963
87598 87599 719
87598 87600 1378
89020 89019 369
89021 89019 240
89021 89022 513
89021 89022 513
89023 89022 456
89023 89024 5874
89023 91374 236
91742 91375 656
91743 91375 56
89032 89031 935
89032 89033 1142
89032 89034 2126
91599 89586 2828
90142 80591 2242
80482 80481 2236
80483 80481 1729
80485 80484 4758
80485 80486 1962
80485 80490 4788
80536 80484 1857
90153 90152 1990
90153 90154 2555
90153 90155 897
80477 80476 2350
80477 80496 3650
80497 80496 3702
80557 80530 13731
80557 80558 976
80557 80565 2501
80541 80540 1551
80542 80540 1555
80542 80543 3605
80542 80550 1780
80613 80612 4662
80613 81093 4761
80634 80612 1011
80634 80635 1027
80634 80636 848
80631 80630 2864
80631 80632 1396
80631 80633 290
91464 80633 3443
81147 81098 1186
81147 81146 203
81147 81148 1908
81177 81146 1637
81139 81138 4524
81139 81140 2161
81139 81188 2007
81183 81140 2264
81183 81184 748
81183 81185 1019
81183 81186 513
81162 81163 3464
81162 81192 238
81180 81163 5121
80721 80720 1391
80713 80712 1191
80713 81214 1023
81269 81214 2060
81278 81268 203
81278 81271 277
80881 80858 10133
80881 80877 4004
80881 81292 1976
80878 80877 1222
80878 80879 1346
80878 80880 562
82786 82769 1913
82786 82784 656
82786 82789 773
82785 82784 1041
90985 82834 2561
81292 80881 1976
81292 81293 3827
81292 82768 4593
82800 81288 1009
82800 81293 794
82800 82768 2759
82798 82797 512
82798 82799 1627
82798 82830 2480
82829 81288 1435
82829 82799 3292
82829 82825 3156
82829 82830 1310
82813 82797 892
82813 82812 1733
82813 82814 838
82873 82837 1290
82873 82862 2720
82873 90984 1158
82837 82816 1916
82837 82840 1935
82837 82873 1290
82823 82822 1324
82823 82871 1627
82872 82871 576
81334 81333 1427
82879 82878 2598
82879 82880 4187
82879 82903 5977
82879 82918 3951
82880 82879 4187
82880 82882 429
82880 82904 1371
82883 82882 1445
82883 82884 1324
82883 82887 1349
82904 82880 1371
82904 82905 1796
82904 82908 4001
82909 82908 906
82914 82896 475
82914 82915 1207
82914 82916 838
82900 82901 3251
82900 82902 614
82900 82991 338
82915 82901 3209
82915 82910 5431
82915 82914 1207
82915 82946 1374
82910 82899 1232
82910 82911 1234
82910 82915 5431
82913 82911 1122
82913 82912 687
82913 82981 4988
82978 82912 1565
82978 82979 3148
82978 82980 2379
90986 82937 593
90629 82939 556
90753 90752 818
90754 90752 1109
82971 82940 1467
82971 82970 3113
82971 82972 1110
82940 82928 1024
82940 82941 3058
82940 82971 1467
82973 82941 1114
82973 82972 1968
82973 82974 1114
81542 81543 452
81542 81558 2036
81542 81690 1947
83008 81543 3603
83008 81717 1163
83008 83012 2580
81731 81730 941
81731 81732 2016
81731 81735 2966
82975 82976 2586
82975 83003 6213
81729 81727 2795
83003 82975 6213
83003 83004 1171
83003 83040 1122
83005 83004 886
83005 83006 2343
83005 90747 1159
81398 81397 3979
81398 81414 677
81478 81414 854
81478 81479 848
81478 81489 4623
86178 81414 5159
86178 86188 9701
91198 81634 7317
91198 91199 714
91198 91817 709
90684 90683 2091
90954 81523 478
90954 90683 680
90954 91203 2416
81559 81558 374
81689 81635 438
81689 81690 1330
81689 81718 1396
91825 84704 720
91826 84705 686
91828 91827 1027
81404 81403 1467
81404 81405 1277
81404 81406 1506
81404 90611 1592
86167 81406 680
86167 86154 2224
86167 86168 603
81395 81396 1231
81395 81397 1334
81395 81403 2117
81395 90682 3277
81387 81383 2646
81387 81386 1123
81387 81392 1934
81393 81386 2410
81393 81392 1145
81393 86128 1213
86154 86155 2580
86154 86156 3404
86154 86167 2224
86155 86154 2580
86155 86156 2445
86155 90589 688
86168 86167 603
86168 86169 1084
86168 87142 3076
90949 86169 886
81392 81387 1934
81392 81393 1145
81392 81394 1764
83498 83497 1703
83499 83497 1569
83499 83500 596
83499 83501 779
83499 83506 880
83508 83506 1064
83508 83509 665
83508 83510 922
83513 83512 1621
83514 83512 2961
89700 83517 582
89700 89699 1219
89700 89701 1586
85522 85521 592
85522 85523 3836
85522 85584 1439
91037 85521 2224
91037 85679 1906
91037 91038 1539
85517 85516 879
85518 85516 628
85670 85664 408
85670 85669 1086
85679 85669 611
85679 91037 1906
85680 85669 730
85680 85694 3621
85591 85592 1004
85591 85592 1004
85591 90560 943
90559 85592 1750
90559 90558 551
85664 85658 949
85664 85665 1953
85664 85670 408
85660 85659 1506
85660 90558 1317
90459 90043 13
90459 90460 1461
90468 90467 452
90468 90469 2644
90468 90492 1336
90500 90467 770
90481 90482 1114
90481 90486 1495
90481 90553 2472
90554 85527 1142
90554 90553 235
90554 90555 801
90571 90555 2764
90568 90567 603
90569 90567 1509
90511 90505 1678
90493 90494 2825
90493 90494 2825
90493 90498 1106
90493 90881 1014
90499 90498 1014
90882 90498 1004
90882 90883 672
90882 90884 508
86130 86129 3089
90605 86123 2634
90605 86129 1995
90605 90585 893
89625 89620 1967
89625 89624 1929
89625 90006 3763
89701 89700 1586
89701 89702 955
89980 89979 707
91937 89979 650
91937 91938 234
91937 91939 266
80141 80140 2363
80141 80142 617
80141 89983 549
89984 89983 816
90036 90023 588
90036 90037 2122
90036 90046 761
90044 90037 2363
90044 90043 2954
90044 90045 1940
91140 91138 50
91140 91141 179
91140 91864 213
91142 91141 197
89642 89641 310
89643 89641 202
89643 89644 126
89643 91880 307
66497 66493 1040
66498 66493 713
66498 66499 1205
66498 66500 641
78024 66020 725
66024 66021 512
66024 66032 950
66022 66023 886
66501 66500 1387
66648 66647 1106
66648 66649 1487
66653 66647 1213
66653 66699 876
66653 66701 562
66654 66647 1336
66654 66701 931
66654 66713 603
66713 66654 603
66713 66658 222
66713 66715 562
66738 66658 1608
66738 66659 796
66738 66717 1032
66681 66659 686
66681 66679 688
66680 66679 1809
66680 66686 713
66694 66686 794
78792 58065 907
78792 79018 1241
78792 79020 442
78792 79029 830
78949 58065 500
56920 56919 790
56920 56921 2810
56920 56922 4619
79022 79021 411
79022 79024 633
79022 79026 448
79023 79021 1982
79023 79029 656
79023 79029 656
56903 56902 11316
56903 56907 1109
56903 65836 79
78401 78399 739
78401 78402 1291
78401 78403 675
78403 78401 675
78403 78402 1566
78403 78404 1074
78399 78400 890
78399 78401 739
78399 78405 925
78400 78399 890
78400 78405 1469
78400 78406 1130
78414 78411 2954
78414 78415 3140
78414 78417 606
78422 78413 1625
78423 78413 1567
78420 78415 875
78420 78418 2086
78420 78421 669
79008 77492 466
79008 79017 430
79008 79018 722
79008 79027 1322
79242 79241 790
79243 79241 1309
79243 79244 848
79243 79245 1864
79243 79256 476
90894 79254 78
79754 79253 621
79754 79606 1942
79754 79753 2199
79263 79264 1223
79263 79265 656
79263 80428 395
80427 80426 1081
80428 79263 395
80428 79347 4976
80428 80426 419
79297 79298 4981
79297 79301 2218
79297 90616 445
84852 79298 1370
84852 84853 1408
84852 84855 3074
79301 79297 2218
79301 79300 1913
79301 84709 2831
84709 79300 4342
84709 79301 2831
84709 90617 361
84709 90618 3816
79103 83972 71
83971 80127 363
83971 80429 63
83971 83972 1180
91769 83970 202
91769 91350 650
91769 91770 591
91250 90528 171
91250 91251 526
91250 91256 668
91246 89490 1083
91246 91247 744
91246 91489 1552
91480 91262 1810
91480 91481 1234
91480 91487 439
79303 79304 3071
79303 79306 771
79303 79319 3288
79320 79319 3722
79320 79321 1208
57283 57271 812
57283 57284 1315
57283 57293 949
57283 57313 1451
57314 57313 983
57365 57364 480
57365 57404 383
57365 57421 777
57378 57364 738
57404 57365 383
57404 57479 375
57404 57585 874
77376 57479 279
170130 170129 626
170130 170131 694
170130 170134 2579
172847 170145 842
172847 170146 838
172847 170153 268
170402 170372 2603
170402 170401 2208
58301 58302 951
58301 58303 955
58304 58303 924
78534 58311 1952
78534 78535 863
78534 78536 1879
78388 58036 427
78388 58297 1280
78388 78536 529
58037 58036 477
58037 58298 601
58037 58309 2183
58329 58309 631
76891 76890 2943
58886 58885 1857
58886 58888 344
58895 58885 1037
58895 58894 796
58895 58896 688
58895 58899 2019
58898 58894 2019
58898 58897 796
58898 58899 796
58898 58948 2569
58948 58898 2569
58948 58925 905
58948 58949 611
58960 58925 711
58939 58930 608
58940 58930 1258
58940 58941 2229
58944 58943 1004
58944 58946 1780
58944 59350 1187
59351 59350 344
59351 59352 1408
59351 59353 1355
59354 59352 902
59354 59353 1550
58189 58187 2101
58189 58188 333
77531 58187 2202
77531 77532 1474
58190 77530 623
58201 58202 642
58201 77530 881
58279 58270 851
58279 58278 1686
58279 58281 631
58279 58282 2016
58280 58253 667
58280 58278 753
58280 58281 1882
58280 58284 711
58273 58270 1906
58273 58282 844
58275 58276 581
58275 58294 667
58320 58276 830
58320 58299 1234
58320 58300 873
58320 58321 796
58322 58300 796
58322 58321 873
58627 58626 558
77515 58435 665
77515 58439 852
77515 77517 865
77515 77518 753
77516 58439 866
77516 77517 831
77516 77519 168
58896 58887 1119
58896 58895 688
58896 58900 2100
58896 58901 581
117203 117180 3123
117203 117202 809
117203 117207 2565
117205 117204 754
117205 117206 1301
117205 117207 169
117185 117184 812
117185 117186 405
117185 117211 3211
117185 117216 538
117221 117220 650
117221 117225 776
117221 117226 1686
117226 117221 1686
117226 117223 977
117226 117242 955
117244 117242 279
117244 117251 752
117244 117253 1951
117253 117244 1951
117253 117245 838
117253 117252 752
117253 117269 1480
117268 117245 1615
117268 117269 812
117268 117270 674
61104 61102 713
61104 61105 1487
61104 61108 789
61104 61110 1762
61109 61108 1560
61158 61108 1708
61158 61110 885
61158 61160 713
61158 61683 1634
61160 61158 713
61160 61159 881
61160 61162 607
61160 61163 712
61162 61160 607
61162 61161 838
61162 61164 558
61162 61172 1615
61164 61162 558
61164 61163 202
61164 61174 1214
61165 61163 1083
61165 61174 1357
61165 61177 942
61165 61683 789
61177 61165 942
61177 61176 1086
61177 61697 748
61177 61703 1784
61703 61177 1784
61703 61178 1185
61703 61698 1185
61703 61760 809
56875 56858 891
56875 56874 564
56875 61760 1144
56875 61761 1156
61762 56874 447
61762 61777 356
61762 61779 607
61777 61762 356
61777 61764 2652
61777 61778 140
61777 61779 476
61765 61710 1487
61765 61769 881
61772 61769 754
61772 61780 1358
61711 61710 1010
61780 61772 1358
61780 61778 475
61780 61783 477
61550 61549 238
61550 61564 2372
61564 61550 2372
61564 61573 202
61564 61575 202
77827 61556 752
61559 61558 238
61569 61563 3742
61569 61570 1922
61569 61571 512
61581 61570 3316
61581 61619 1783
61582 61570 1349
61567 61566 437
61567 61568 796
61567 61573 581
61573 61564 202
61573 61567 581
61573 61574 1162
61545 61543 277
61545 61544 423
61545 61546 2750
61547 61542 2853
61547 61546 936
61547 61552 507
61680 61546 830
61680 61678 2409
61680 61686 254
61686 61680 254
61686 61684 754
61686 61691 951
61705 61687 568
61705 61708 172
61687 61684 2742
61687 61700 679
61687 61705 568
61687 61706 1579
61632 61627 789
61632 61633 1953
61632 61634 929
61629 61627 1821
61629 61631 838
61629 61633 752
61629 61638 1960
63654 63646 475
62007 61502 3329
62007 62011 468
61991 61983 777
61963 61940 769
61963 61964 893
61963 61966 1891
61963 61968 853
61967 61938 1004
61967 61946 889
61967 61966 676
61964 61613 1353
61964 61615 238
61964 61963 893
61964 61965 1441
61934 61438 279
61934 61930 559
61934 61935 3756
61936 61453 2492
61936 61465 5603
61936 61935 1067
61936 61944 565
61932 61929 3285
61932 61945 984
61932 61946 955
77536 61944 1127
61954 61465 3930
61954 61960 1696
61962 61953 754
61962 61958 3288
61962 61960 769
61956 61953 3301
61956 61955 602
61956 61958 1083
61604 61602 1413
61604 61650 607
61642 61640 1887
61642 61644 752
61642 61645 885
61643 61641 337
61643 61644 1549
61665 61644 1318
61607 61605 1885
61607 61612 740
61607 61614 698
61607 61653 1887
61611 61603 740
61611 61612 1413
61615 61614 1887
61615 61653 698
61615 61964 238
61630 61628 838
61630 61640 698
61630 61645 1751
61631 61628 1816
61631 61629 838
61631 61645 752
61631 61662 1887
61373 61368 1565
61373 61375 698
61373 61376 1414
61373 61378 475
57245 57246 675
57245 57247 782
57245 57264 1040
57254 57247 162
57254 57253 182
57254 78463 554
57255 57247 1015
57255 57256 1351
57255 57257 84
57233 57232 452
57235 57232 1287
57235 57249 452
57235 57253 1952
57249 57234 434
57249 57235 452
57249 78312 347
57251 57234 1134
57251 57250 1238
57251 77459 1732
58011 58010 248
58011 77966 739
58011 78307 616
57734 57735 8557
57734 57737 633
57734 57740 2081
57738 57737 3744
57738 57739 1213
57738 57843 5806
57738 76508 289
67683 57739 2127
67683 67686 4648
67683 67712 1855
57583 57582 453
57583 57582 453
57583 57584 562
57583 57747 1312
57591 57584 605
76503 57749 1064
76503 57768 762
57597 57595 669
57597 57790 676
57597 57791 539
57597 57793 860
57794 57793 1000
57794 57798 399
57794 57799 922
57788 57789 919
57788 57795 554
57788 57797 768
57788 57816 1098
57781 57778 495
57781 57780 476
57781 57841 705
57844 57841 137
57844 57843 2606
57844 57852 552
57950 57951 1744
57950 57985 4569
57950 57986 5076
57495 56857 1284
57495 57506 820
57495 57508 287
57516 57507 796
57516 57508 1025
57516 57517 498
57527 57517 409
57527 57524 407
57527 77406 762
57530 57529 454
57530 76492 296
78317 76492 303
57541 57535 664
57542 57535 716
57542 57543 535
57542 57557 435
57505 57503 643
57505 57506 520
57505 57509 568
57511 57509 587
57507 57506 558
57507 57515 745
57507 57516 796
57536 57515 1365
57536 57517 723
57529 57530 454
57529 57537 1063
57529 57545 832
57546 57545 723
57546 57548 317
57546 57551 356
57553 57547 803
57553 57549 400
57553 57554 318
58004 58005 105
58003 58002 114
58003 58006 41
58003 76511 504
78760 78308 188
78962 78960 758
78962 78966 786
78962 78967 935
78963 78960 873
78963 78964 1323
78963 78965 647
57735 57734 8557
57735 76802 4703
67717 67718 569
67717 67734 3687
67717 76802 949
67717 78702 1784
78034 57241 1284
78034 78035 5874
77989 73094 2484
77989 78653 18
78654 78653 917
78654 78655 595
78654 78656 417
65897 65896 298
65897 65898 1020
65897 65899 736
65902 65899 1076
65917 65899 910
65913 65911 797
65913 65914 483
65913 65981 963
65982 65981 2066
65982 65983 826
65982 65984 1173
65993 65992 953
65994 65984 779
65994 65992 759
65994 65995 638
78028 66001 882
65972 57289 951
65972 65971 633
65972 65974 1587
65974 65972 1587
65974 65973 562
65974 65975 1587
65974 77991 999
65976 57299 458
65976 65975 1047
65976 66042 1357
65976 77991 1545
57310 57299 1398
57310 57309 898
57310 66042 477
57310 66068 1363
66043 66042 1374
66043 66059 4919
66043 66068 666
66043 78029 722
78029 66043 722
78029 78025 246
78029 78026 4705
66048 66045 802
66048 66047 604
66048 66050 780
66050 66046 1045
66050 66048 780
66050 66051 1023
66051 66049 618
66051 66050 1023
66051 66053 500
66051 66064 685
66054 66053 1068
66054 66058 698
66054 66064 748
78026 66056 756
78026 66059 682
78026 78029 4705
66059 66043 4919
66059 66057 1068
66059 66060 1044
66059 78026 682
66009 66007 1162
66009 66007 1162
66009 66012 854
65840 65839 14
65840 65839 14
65840 65848 427
66645 66644 546
89489 89490 335
89489 90885 464
91183 79353 2164
91183 90885 7946
91183 91352 737
91183 91352 737
79382 79285 3931
79382 79349 4908
79382 79368 3748
79383 79384 9674
79383 79445 2580
79443 79444 2558
79443 87558 1056
84898 80442 271
84898 80449 2715
84898 91346 261
80446 80445 737
80446 80447 842
87590 80445 814
87590 87591 1432
87843 87842 1700
87844 87842 672
87844 87845 1442
87844 87846 1948
87821 87820 1902
87821 87846 238
87791 87790 752
87791 87792 1762
87791 87817 812
87791 87819 1425
87818 87817 875
83471 83470 1369
83471 83472 864
83471 87792 1739
83471 87823 782
87793 84881 948
87793 87790 1762
87793 87792 752
83470 83471 1369
83470 83473 1508
83470 83952 835
83470 87824 1586
83953 83473 1602
83953 83952 534
89717 89716 1149
91155 89716 556
87851 87850 3397
87851 91731 387
87852 87850 3340
87852 87853 4663
89718 89719 1334
89718 89720 423
89718 89722 889
89718 91162 423
89721 89719 677
89721 89720 1357
89721 91157 1015
91158 89720 1522
91161 89722 338
89776 89775 761
89776 89777 1797
89419 89418 602
89419 89420 512
89419 89444 476
89769 89442 1304
89445 89413 796
89445 89446 1980
89445 89767 2269
89768 89446 1274
89770 89441 440
89770 89771 812
89770 89788 1117
89772 89771 686
89422 89388 1308
89422 89421 2095
89422 89423 1230
89429 89389 452
89420 89419 512
89420 89421 688
89420 89440 1312
89427 89421 1230
89427 89428 520
89427 89440 672
89414 89404 1935
89414 89413 4066
89414 89791 2095
89766 89413 1974
89766 89765 1205
89766 89767 562
89621 89619 2411
89558 89557 965
89558 89559 2331
89559 89557 1914
89559 89558 2331
87599 87598 719
87600 87598 1378
89022 89021 513
89022 89021 513
89022 89023 456
89024 89023 5874
89024 89025 1952
89024 91370 581
89031 89030 1925
89031 89032 935
89031 91740 644
89033 89032 1142
80486 80485 1962
80486 80487 559
80486 80489 1980
80490 80485 4788
80490 80491 1899
80490 80492 1252
90154 90153 2555
90155 90153 897
80476 80448 1684
80476 80448 1684
80476 80477 2350
80558 80557 976
80558 80559 2909
80558 80563 2644
80565 80533 848
80565 80557 2501
80543 80542 3605
80543 80544 675
80543 80549 1898
80550 80542 1780
81093 80613 4761
81093 81080 2455
81093 81094 2218
80635 80634 1027
80636 80634 848
80630 80528 5871
80630 80631 2864
80630 91465 3813
80632 80631 1396
81098 81081 3057
81098 81099 1467
81098 81147 1186
81148 81147 1908
81148 81149 1960
81148 81151 2231
81138 81137 424
81138 81139 4524
81138 81190 374
81188 81139 2007
81188 81186 1191
81188 81189 419
81184 81183 748
81185 81183 1019
81186 81183 513
81186 81187 2096
81186 81188 1191
81192 81162 238
81192 81191 6145
81192 81200 7999
80712 80713 1191
80712 81137 687
81271 81270 2507
81271 81278 277
80879 80878 1346
80880 80878 562
82789 82786 773
82789 82790 1396
82789 82791 1484
81293 81292 3827
81293 82800 794
81288 81289 3156
81288 82800 1009
81288 82829 1435
82830 82798 2480
82830 82812 1267
82830 82827 3123
82830 82829 1310
82825 81289 1435
82825 82826 1151
82825 82827 1387
82825 82829 3156
82812 82809 3191
82812 82813 1733
82812 82830 1267
82814 82813 838
82814 82815 929
82814 82839 1110
90984 82873 1158
82816 82815 556
82816 82817 1496
82816 82837 1916
82822 82821 1260
82822 82823 1324
82822 82831 2798
82903 82879 5977
82903 82902 990
82918 82879 3951
82884 82883 1324
82884 82885 2027
82884 82886 1288
82887 82883 1349
82905 82904 1796
82905 82906 1445
82905 82907 2490
82916 82914 838
82902 82900 614
82902 82903 990
82902 82991 713
82991 82900 338
82991 82902 713
82991 82990 1288
82946 82911 6247
82946 82915 1374
82946 82992 990
82911 82910 1234
82911 82913 1122
82911 82946 6247
82981 82913 4988
82981 82982 1260
82981 82993 1070
82979 82978 3148
82979 82980 2634
82979 82982 1664
82980 82978 2379
82980 82979 2634
82980 83001 2280
82972 82971 1110
82972 82973 1968
82972 82974 1783
82974 82972 1783
82974 82973 1114
81690 81542 1947
81690 81689 1330
81690 83009 969
81717 81716 2518
81717 81718 1324
81717 83008 1163
83012 83008 2580
83012 83011 428
81732 81731 2016
81732 81733 452
81732 81734 771
81735 81731 2966
81735 82964 1387
83040 83003 1122
83040 83039 1141
83040 83112 2326
83006 83005 2343
83006 83007 688
83006 90746 1192
90747 83005 1159
90747 83084 1768
90747 90748 1524
81397 81395 1334
81397 81398 3979
81397 81405 589
81479 81478 848
81479 81480 4043
81479 81571 608
81489 81478 4623
81489 81488 950
81489 81490 1947
86188 86136 512
86188 86178 9701
86188 86249 6465
86188 86271 931
81634 81624 3485
81634 81633 392
81634 91198 7317
91817 81640 323
91817 91198 709
81523 81522 2265
81523 90695 614
81523 90954 478
91203 90954 2416
91203 91204 794
91203 91207 611
81718 81689 1396
81718 81709 2271
81718 81717 1324
81405 81397 589
81405 81404 1277
90611 81404 1592
90611 90610 2301
90611 91511 1459
81396 81395 1231
90682 81395 3277
90589 86155 688
87142 86168 3076
83500 83499 596
83501 83499 779
83501 83502 1188
83501 83503 1333
83506 83499 880
83506 83507 450
83506 83508 1064
83509 83508 665
89699 89696 1938
89699 89697 1734
89699 89700 1219
85523 81063 3227
85523 85522 3836
85523 85584 3556
85584 85522 1439
85584 85523 3556
85584 85682 762
91038 91037 1539
91038 91039 1149
91038 91040 667
85694 85630 1665
85694 85680 3621
85694 85693 1509
90560 85591 943
85658 85657 2694
85658 85659 1427
85658 85664 949
85659 85639 581
85659 85658 1427
85659 85660 1506
90043 90042 1681
90043 90044 2954
90043 90459 13
90469 90468 2644
90469 90470 762
90469 90489 2002
90492 90468 1336
90492 90489 2807
90492 90494 1399
90486 90481 1495
90486 90485 1565
90486 90487 1696
90553 90481 2472
90553 90552 1126
90553 90554 235
85527 85526 1161
85527 90554 1142
90494 90492 1399
90494 90493 2825
90494 90493 2825
90881 90493 1014
90883 90882 672
90884 90882 508
86123 86122 1637
86123 86124 4117
86123 90605 2634
90585 86177 3474
90585 90588 2518
90585 90605 893
89624 89623 808
89624 89625 1929
89624 91588 3365
90006 89625 3763
90006 90007 1744
90006 90008 606
91938 91937 234
91939 91937 266
80140 80141 2363
80140 80151 582
80140 89985 3096
80142 80141 617
80142 80143 568
80142 80143 568
80142 90020 554
90023 89943 1309
90023 90024 310
90023 90036 588
90046 90036 761
90046 90045 853
90045 90044 1940
90045 90046 853
91138 89679 199
91138 91139 196
91138 91140 50
91864 91140 213
89644 89643 126
89644 89645 274
89644 89646 61
91880 89643 307
66499 66498 1205
66032 66024 950
66649 66648 1487
66649 66698 2145
66649 66699 741
66699 66649 741
66699 66653 876
66699 66700 884
66699 66701 762
66701 66653 562
66701 66654 931
66701 66699 762
66701 66711 782
66715 66711 1528
66715 66713 562
66715 66716 445
66715 66717 1960
66717 66715 1960
66717 66738 1032
66717 66739 556
79018 78792 1241
79018 79008 722
79018 79019 424
79018 79024 2005
79020 78792 442
79029 78792 830
79029 79023 656
79029 79023 656
56921 56920 2810
56922 56920 4619
56922 56926 13067
56922 56929 778
79024 79018 2005
79024 79022 633
79024 79025 594
79026 79022 448
56902 56903 11316
65836 56903 79
65836 57437 2233
65836 65979 4353
78404 78403 1074
78404 78406 1467
78404 78407 1109
78406 78400 1130
78406 78404 1467
78406 78407 1126
78417 78414 606
78417 78416 555
78417 78418 1274
78418 78417 1274
78418 78419 1091
78418 78420 2086
78421 78420 669
79017 79008 430
79027 79008 1322
79027 79025 224
79027 79028 362
79244 79243 848
79245 79243 1864
79245 79246 790
79245 79247 374
79256 79235 748
79256 79243 476
79606 79601 589
79606 79605 2303
79606 79754 1942
79753 79260 1529
79753 79752 1667
79753 79754 2199
79265 79263 656
79347 79345 2438
79347 79348 333
79347 80428 4976
90616 79297 445
84853 84852 1408
84853 84854 1962
84855 84852 3074
84855 84856 646
90617 84709 361
90618 84709 3816
80127 80128 540
80127 80129 397
80127 83971 363
80429 83971 63
91350 91348 1356
91350 91349 735
91350 91769 650
91770 91769 591
91251 91250 526
91251 91252 468
91251 91252 468
91256 91250 668
91256 91257 110
91256 91257 110
89490 89489 335
89490 89491 685
89490 91246 1083
91489 91246 1552
91489 91490 831
91489 91491 898
91481 91480 1234
91481 91482 2374
91481 91483 240
91487 91270 143
91487 91480 439
91487 91488 482
79304 79303 3071
79304 79305 1337
79304 79318 1481
79306 79303 771
79306 79305 2627
79306 91772 2846
79321 79317 1259
79321 79320 1208
57271 57272 209
57271 57282 904
57271 57283 812
57421 57365 777
57585 57404 874
170131 170130 694
170131 170132 1296
170131 170159 956
170134 170130 2579
170134 170133 1890
170134 170135 1019
170134 170146 616
170145 162286 6170
170145 170146 167
170145 172847 842
170146 170134 616
170146 170145 167
170146 172847 838
170401 170402 2208
170401 170415 2533
58302 58301 951
78535 58295 13
78535 78534 863
58297 58293 1262
58297 58296 796
58297 78388 1280
58298 58037 601
58298 58299 830
58298 58300 1357
58899 58895 2019
58899 58898 796
58899 58900 713
58949 58948 611
58949 58950 672
58941 58940 2229
58941 58946 1066
58946 58941 1066
58946 58944 1780
58946 59352 1114
59352 58946 1114
59352 59351 1408
59352 59354 902
58188 58185 445
58188 58189 333
77532 77531 1474
58202 58201 642
58202 77533 308
58270 58268 1669
58270 58271 684
58270 58273 1906
58270 58279 851
58278 58256 782
58278 58268 684
58278 58279 1686
58278 58280 753
58253 58251 2358
58253 58256 791
58253 58259 711
58253 58280 667
58284 58259 667
58284 58262 873
58284 58280 711
58294 58262 631
58294 58275 667
58294 58293 778
58294 58299 907
58299 58294 907
58299 58298 830
58299 58320 1234
58300 58298 1357
58300 58320 873
58300 58322 796
77517 77515 865
77517 77516 831
77517 77520 476
77517 77521 764
77518 77515 753
77519 77516 168
58900 58896 2100
58900 58899 713
58900 58947 452
58900 58951 2014
58901 58896 581
58901 58947 2053
117180 117179 875
117180 117182 977
117180 117203 3123
117202 117179 3037
117202 117201 674
117202 117203 809
117202 117204 2373
117204 117200 679
117204 117202 2373
117204 117205 754
117206 117205 1301
117184 117182 809
117184 117185 812
117184 117190 558
117184 117191 740
117186 117185 405
117216 117185 538
117216 117191 789
117216 117217 337
117225 117217 1285
117225 117221 776
117223 117224 1011
117223 117226 977
117223 117248 1068
117251 117244 752
117251 117249 698
117251 117252 1951
117252 117250 752
117252 117251 1951
117252 117253 752
117252 117256 1286
117269 117253 1480
117269 117268 812
61102 61103 1432
61102 61104 713
61102 61543 374
61102 61544 674
61105 61104 1487
61110 61104 1762
61110 61158 885
61110 61679 344
61110 61681 419
61110 61682 955
61683 61158 1634
61683 61165 789
61683 61685 512
61683 61696 809
61163 61160 712
61163 61164 202
61163 61165 1083
61697 61177 748
61697 61696 202
61697 61698 1011
61698 61697 1011
61698 61701 1030
61698 61703 1185
61698 61704 1031
61760 56875 1144
61760 61703 809
61760 61704 1346
56858 56859 859
56858 56874 1220
56858 56875 891
56874 56858 1220
56874 56875 564
56874 61762 447
61764 61763 769
61764 61777 2652
61778 61777 140
61778 61780 475
61563 61553 706
61563 61553 706
61563 61562 999
61563 61562 999
61563 61569 3742
61563 117551 1799
61619 61581 1783
61619 61617 942
61619 61618 891
61566 61565 674
61566 61565 674
61566 61567 437
61543 61102 374
61543 61542 685
61543 61545 277
61544 61102 674
61544 61545 423
61544 61678 423
61542 61537 111
61542 61543 685
61542 61547 2853
61552 61541 507
61552 61547 507
61678 61544 423
61678 61679 769
61678 61680 2409
61684 61681 1934
61684 61686 754
61684 61687 2742
61684 61699 830
61700 61687 679
61700 61699 2646
61700 61702 875
61627 61628 698
61627 61629 1821
61627 61632 789
61502 61503 3031
61502 61504 541
61502 61506 779
61502 62007 3329
61940 61938 1004
61940 61939 437
61940 61963 769
61938 61937 2816
61938 61940 1004
61938 61967 1004
61613 61601 1105
61613 61610 1124
61613 61939 672
61613 61964 1353
61438 61430 1486
61438 61449 1623
61438 61934 279
61930 61436 1414
61930 61929 812
61930 61934 559
61453 61449 1860
61453 61452 1486
61453 61936 2492
61465 61463 1012
61465 61468 2286
61465 61936 5603
61465 61954 3930
61929 61434 1549
61929 61930 812
61929 61932 3285
61929 61933 929
61953 61951 520
61953 61956 3301
61953 61962 754
61955 61951 3252
61955 61956 602
61602 61603 1309
61602 61604 1413
61602 61641 2480
61640 61630 698
61640 61641 752
61640 61642 1887
61641 61602 2480
61641 61640 752
61641 61643 337
61605 61603 790
61605 61606 752
61605 61607 1885
61614 61607 698
61614 61610 374
61614 61615 1887
61603 61602 1309
61603 61605 790
61603 61611 740
61628 61627 698
61628 61630 838
61628 61631 1816
61368 61366 1012
61368 61373 1565
61368 61376 1144
61375 60656 752
61375 61373 698
61376 61368 1144
61376 61373 1414
61376 61377 262
57246 57245 675
57246 76693 136
57264 57245 1040
57264 57262 1575
57264 57265 331
57264 77969 668
57253 57235 1952
57253 57254 182
78463 57254 554
57256 57255 1351
57257 57255 84
57257 57263 1986
57257 57265 329
78312 57249 347
57250 57251 1238
57250 57267 1163
57250 58018 1260
57250 58019 1158
77459 57251 1732
58010 58011 248
58010 58012 19196
78307 58011 616
57740 57734 2081
57740 57743 4516
76508 57738 289
76508 76509 2208
67686 67683 4648
67686 67685 1419
67686 67687 781
67712 67683 1855
57582 57581 325
57582 57583 453
57582 57583 453
57582 57586 587
57747 57583 1312
57747 57746 551
57747 57748 684
57768 57767 463
57768 57777 109
57768 76503 762
57595 57594 921
57595 57596 1424
57595 57597 669
57790 57597 676
57791 57597 539
57798 57596 190
57798 57792 228
57798 57794 399
57799 57794 922
57799 57803 1214
57789 57788 919
57795 57757 380
57795 57788 554
57795 57796 977
57795 57814 583
57816 57788 1098
57816 76504 577
57778 57764 1204
57778 57773 647
57778 57781 495
57780 57766 842
57780 57781 476
57780 57782 641
57852 57844 552
57852 57849 602
57852 57855 298
57951 57950 1744
57951 78318 475
57951 78795 2817
57986 57950 5076
57986 78311 1352
57986 79016 3743
56857 56856 1279
56857 57494 944
56857 57495 1284
57506 57495 820
57506 57505 520
57506 57507 558
57517 57516 498
57517 57527 409
57517 57536 723
77406 57527 762
57543 57542 535
57543 57550 666
57557 57542 435
57557 57552 419
57557 57558 747
57503 56856 556
57503 57504 534
57503 57505 643
57537 57529 1063
57537 57538 539
57537 57539 585
57548 57546 317
57551 57546 356
57549 57550 476
57549 57552 184
57549 57553 400
57554 57553 318
76511 58003 504
78966 78962 786
78967 78962 935
78967 78968 888
78967 78968 888
78964 78963 1323
78965 78963 647
67718 67717 569
67718 78690 580
67734 67717 3687
67734 67918 808
67734 78315 588
78702 67717 1784
78702 78705 1246
78702 78706 1211
57241 57242 2392
57241 78034 1284
78655 78654 595
78656 78654 417
65896 65893 1099
65896 65897 298
65896 65900 412
65898 65897 1020
65911 65908 788
65911 65912 562
65911 65913 797
65911 65915 621
65914 65913 483
65983 65982 826
65984 65982 1173
65984 65994 779
65984 65998 323
65995 65994 638
57289 57287 1590
57289 57291 688
57289 65972 951
57289 77991 1557
77991 57289 1557
77991 57298 599
77991 65974 999
77991 65976 1545
57299 57298 1520
57299 57307 999
57299 57310 1398
57299 65976 458
57309 57307 1464
57309 57310 898
57309 57312 794
57309 78030 1448
66068 57310 1363
66068 66043 666
66068 78030 881
66047 66048 604
66047 66049 1442
66047 66061 1485
66049 66047 1442
66049 66051 618
66049 66063 833
66049 66066 612
66064 66051 685
66064 66054 748
66064 66066 803
66060 66059 1044
66060 66069 1294
65848 65840 427
65848 76587 861
79353 79352 8842
79353 79354 5530
79353 91183 2164
91352 91183 737
91352 91183 737
91352 91351 1435
91352 91359 351
79349 79350 3966
79349 79382 4908
79368 79369 4236
79368 79370 2264
