522
116079 116078 1735
116108 116100 1891
116101 116100 350
116101 116102 395
116093 116091 763
192030 192031 326
191515 191514 2542
191515 191913 521
194103 194102 822
191526 191530 1560
191526 191531 1185
191901 191510 720
192761 192758 330
192761 192762 1662
192060 192061 489
192060 192064 823
192063 192064 668
192063 194024 2778
191781 191941 3465
191781 191945 244
191777 191776 338
191777 191961 2661
192846 192847 1530
192786 192784 893
192786 192787 585
192798 192799 610
192972 192973 950
192972 192974 1669
192976 192978 1160
192976 192988 3677
190987 192992 632
190987 193122 646
192987 192985 278
193530 190985 577
107614 107623 2145
109829 109830 5010
109858 109859 713
109876 109859 826
109876 109865 905
109876 109878 1160
109880 109878 868
109880 109888 475
109882 109872 839
109882 109887 1322
109843 109844 625
107773 107772 3195
107773 110957 1719
109837 109838 1220
109837 109839 556
111175 111176 475
111175 111177 1178
111162 111163 1453
111162 111204 787
111176 111164 222
111176 111175 475
111202 111203 707
111179 111170 238
111179 111185 238
111185 111179 238
111185 113823 1007
111182 111168 847
111182 111186 1144
111120 111111 509
111110 111111 768
111154 111003 1256
111154 111163 713
110961 110959 688
110961 110962 1225
110961 111003 747
111122 110959 1178
111190 111186 1160
111190 111191 1679
111190 111194 672
111195 111194 1008
111195 111215 475
111216 103345 473
111216 111220 950
111208 111207 252
111904 111901 1196
111904 111916 889
111923 111924 750
111923 112044 737
112044 111923 737
112044 111952 373
112044 112039 1834
111952 111953 696
111952 112044 373
112045 112040 884
112045 112048 938
112047 112041 336
112057 112053 1175
112060 112054 840
112055 111589 1777
112074 112056 1008
112074 112075 782
112083 112075 1599
112083 112084 796
112079 112078 778
112079 112080 778
112084 112078 1511
112084 112083 796
112107 112080 1181
112107 112110 796
112109 112076 764
112109 112110 782
112109 112112 688
112115 112113 764
112117 112118 764
112117 112151 1357
112155 112208 840
112155 112215 1234
112216 112215 847
112216 112217 1483
112313 112311 847
112313 112317 2016
112316 112317 847
112316 112357 1447
112314 112315 598
112288 112289 1686
112351 112289 840
112351 112354 2153
112351 112357 840
112290 112289 925
112290 112349 1786
112232 112219 764
112232 112233 1466
112232 112349 847
112219 112227 1576
112219 112232 764
112224 112217 764
112224 112225 1466
112224 112227 869
112309 112315 536
112311 112312 452
112311 112313 847
112311 112326 2028
112326 112311 2028
112326 112317 764
112326 112363 1248
112371 112363 840
112366 112361 764
112366 112363 1004
112368 112364 764
112642 112638 66
112638 112642 66
112244 112245 336
112245 112244 336
112364 112368 764
113344 113345 708
113345 113344 708
113359 113358 848
113358 113359 848
113362 113375 1983
113375 113362 1983
113375 113382 2011
113382 113375 2011
113020 113021 924
113025 112933 1877
113021 113020 924
112933 113025 1877
104531 104535 336
104535 104531 336
104579 104515 1770
104515 104579 1770
104621 104583 672
104583 104621 672
104868 104891 333
104891 104868 333
104961 105057 1146
105057 104961 1146
105066 105067 1345
105067 105066 1345
104677 104676 805
104676 104677 805
105077 105093 1001
105093 105077 1001
39663 39715 511
39715 39663 511
39669 39671 1132
39671 39669 1132
39687 39692 827
39692 39687 827
39743 39741 1458
39741 39743 1458
41015 41018 2453
41018 41015 2453
41148 41151 344
41151 41148 344
40870 40869 2189
40648 40869 1619
40869 40648 1619
40869 40870 2189
41671 41669 1010
41669 41671 1010
48598 48597 1248
55292 55295 1035
55295 55292 1035
55388 55389 1890
55389 55388 1890
55403 55404 952
55404 55403 952
55404 55409 873
55409 55404 873
55453 55454 418
55454 55453 418
48593 48596 475
48596 48593 475
48597 48598 1248
48610 48629 828
48629 48610 828
48629 48680 1535
48680 48629 1535
48680 48684 688
48684 48680 688
48775 48796 517
48796 48775 517
49128 49145 2561
49145 49128 2561
49089 49072 747
49072 49089 747
49172 49173 1148
49173 49172 1148
49596 49612 668
49612 49596 668
55113 55118 474
55118 55113 474
144475 142522 2419
144475 144483 2515
144483 144475 2515
144483 144518 2785
144518 144483 2785
144663 145274 172
144663 145274 172
145274 144663 172
145274 144663 172
196777 196794 1112
196794 196777 1112
139888 139889 1528
139889 139888 1528
150595 150590 834
150590 150595 834
142281 142282 738
142522 144475 2419
142282 142281 738
142282 142284 466
141636 141639 565
141639 141636 565
142034 142036 327
142036 142034 327
142284 142282 466
207767 207784 924
207772 207775 755
207775 207772 755
196778 196776 1869
196776 196778 1869
145510 145558 750
145558 145510 750
145558 145565 805
145565 145558 805
145399 145386 744
145386 145399 744
145392 145415 853
145415 145392 853
145453 145811 600
145811 145453 600
146017 146018 765
146018 146017 765
151511 151512 834
151512 151511 834
204492 204505 549
204505 204492 549
203722 203776 841
203776 203722 841
203781 203784 839
203784 203781 839
204426 204434 907
204434 204426 907
204480 204479 1055
204479 204480 1055
208094 208109 867
208109 208094 867
207784 207767 924
207784 207833 805
207833 207784 805
207833 207834 751
207834 207833 751
207860 208547 1185
208547 207860 1185
207856 207858 864
207858 207856 864
180640 180646 1984
166893 166891 766
166904 166905 1293
166905 166904 1293
161235 167000 2232
167000 161235 2232
166883 166917 2454
166917 166883 2454
180646 180640 1984
180490 180488 1919
180488 180490 1919
182254 182252 1560
182167 182168 629
182168 182167 629
182131 182139 452
182139 182131 452
182252 182254 1560
166891 166893 766
166938 166941 517
166941 166938 517
176451 176457 2340
176457 176451 2340
155522 175375 976
175375 155522 976
175375 175372 276
175372 175375 276
175946 175959 253
175959 175946 253
175879 175878 672
175878 175879 672
176066 176065 1498
176065 176066 1498
175891 175890 562
175890 175891 562
176054 176055 336
176055 176054 336
176047 176048 788
176048 176047 788
175036 175038 3205
175047 175049 1108
175049 175047 1108
175038 175036 3205
210942 210943 1516
210943 210942 1516
212067 212081 213
212081 212067 213
163762 163759 600
163759 163762 600
163902 163901 842
165285 165245 885
165286 165282 1000
165282 165286 1000
165245 165285 885
163901 163902 842
166389 166406 421
166406 166389 421
165009 165006 796
165006 165009 796
161349 161354 713
161349 161373 2210
161354 161349 713
161373 161349 2210
164525 161370 818
161370 164525 818
212069 212084 1628
212084 212069 1628
212761 212167 371
212167 212761 371
212368 212419 853
212419 212368 853
114848 114849 969
114849 114848 969
106933 106855 905
106855 106933 905
107376 107374 788
107379 107380 696
107374 107376 788
107380 107379 696
92900 92941 2257
92941 92900 2257
106751 106750 929
106750 106751 929
116078 116079 1735
116100 116091 275
116100 116101 350
116100 116108 1891
116102 116101 395
116091 116093 763
116091 116100 275
192031 191514 325
192031 192030 326
191514 191515 2542
191514 192031 325
191913 191515 521
194102 194103 822
191530 191526 1560
191531 191526 1185
191510 191901 720
192758 192761 330
192762 192761 1662
192061 192060 489
192064 192060 823
192064 192063 668
194024 192063 2778
191941 191781 3465
191945 191781 244
191776 191777 338
191961 191777 2661
192847 192846 1530
192784 192786 893
192787 192786 585
192799 192798 610
192973 192972 950
192974 192972 1669
192978 192976 1160
192988 192976 3677
192992 190987 632
193122 190987 646
192985 192987 278
190985 193530 577
107623 107614 2145
109830 109829 5010
109859 109858 713
109859 109876 826
109865 109876 905
109865 109878 764
109878 109865 764
109878 109876 1160
109878 109880 868
109888 109880 475
109888 109887 1013
109872 109882 839
109887 109882 1322
109887 109888 1013
109844 109843 625
107772 107773 3195
110957 107773 1719
109838 109837 1220
109839 109837 556
111177 111175 1178
111163 111154 713
111163 111162 1453
111163 111164 511
111204 111162 787
111164 111163 511
111164 111176 222
111203 111202 707
111170 111179 238
113823 111185 1007
111168 111182 847
111186 111182 1144
111186 111190 1160
111111 111110 768
111111 111120 509
111003 110961 747
111003 111154 1256
110959 110961 688
110959 111122 1178
110962 110961 1225
111191 111190 1679
111194 111190 672
111194 111195 1008
111215 111195 475
103345 111216 473
111220 111216 950
111207 111208 252
111901 111904 1196
111916 111904 889
111916 111924 872
111924 111916 872
111924 111923 750
112039 112040 889
112039 112044 1834
111953 111952 696
112040 112039 889
112040 112041 872
112040 112045 884
112048 112045 938
112041 112040 872
112041 112047 336
112053 112057 1175
112054 112060 840
111589 112055 1777
112056 112074 1008
112075 112074 782
112075 112078 893
112075 112083 1599
112078 112075 893
112078 112079 778
112078 112084 1511
112080 112079 778
112080 112107 1181
112110 112107 796
112110 112109 782
112076 112109 764
112112 112109 688
112112 112113 1357
112113 112112 1357
112113 112115 764
112118 112117 764
112151 112117 1357
112151 112208 354
112208 112151 354
112208 112155 840
112215 112155 1234
112215 112216 847
112217 112216 1483
112217 112224 764
112317 112313 2016
112317 112316 847
112317 112326 764
112357 112316 1447
112357 112351 840
112315 112309 536
112315 112314 598
112289 112288 1686
112289 112290 925
112289 112351 840
112354 112351 2153
112349 112232 847
112349 112290 1786
112233 112227 756
112233 112232 1466
112227 112219 1576
112227 112224 869
112227 112233 756
112225 112224 1466
112312 112311 452
112363 112326 1248
112363 112366 1004
112363 112371 840
112361 112366 764
976
116079
116108
116101
116093
192030
191515
194103
191526
191901
192761
192060
192063
191781
191777
192846
192786
192798
192972
192976
190987
192987
193530
107614
109829
109858
109876
109880
109882
109843
107773
109837
111175
111162
111176
111202
111179
111185
111182
111120
111110
111154
110961
111122
111190
111195
111216
111208
111904
111923
112044
111952
112045
112047
112057
112060
112055
112074
112083
112079
112084
112107
112109
112115
112117
112155
112216
112313
112316
112314
112288
112351
112290
112232
112219
112224
112309
112311
112326
112371
112366
112372
112368
111791
111792
112582
112650
112652
112173
112177
112897
112240
112200
112198
112199
112642
112660
112691
112725
112638
112243
112252
112260
112272
112244
112251
112245
112375
112365
112364
112687
112939
112942
112961
112968
113058
113344
113345
113353
113359
113358
113362
113375
113382
113389
113398
113417
113020
113025
113021
113023
113016
103307
113029
113045
113074
113060
103317
112809
113048
103309
112933
104531
104535
104544
113409
113410
104521
104528
104642
104639
104665
104545
104547
104549
104540
104579
104515
104577
104596
104621
104572
104580
104583
104568
39808
39815
39613
39633
39821
39784
39788
39796
39812
104745
104764
104803
104868
104891
104965
104963
104967
104961
105057
105061
105051
105066
105096
105065
105067
104663
104677
104676
104457
105072
105073
105077
105093
39581
39652
39658
39711
39663
39673
39715
39629
39631
39669
39676
39671
39687
39692
39743
39759
39741
39954
41002
41003
41015
41018
41010
41030
41033
41041
41043
41052
41058
41148
41151
41160
40628
41159
41161
41168
40870
40878
41334
40901
40971
41344
41352
41370
41372
40643
40648
40869
41671
40994
41669
48598
55128
55130
55292
55295
55388
55389
55403
55404
55409
55432
55453
55454
48593
48596
48597
48608
48610
48629
48680
48599
48605
48684
48746
48793
48775
48795
48796
48813
48812
48816
49139
49128
49145
49091
49062
49065
49079
49089
49097
49136
49072
49146
48928
49105
49115
48234
49172
49173
49195
49196
49596
49612
49620
131407
131667
131674
131807
131814
120605
131875
49650
49659
129925
131798
121426
54331
54386
54330
54434
54482
54502
54394
54505
54508
49668
53848
53799
53802
53834
53846
55141
55063
55061
55113
55118
144475
144483
144518
144521
144529
144607
144610
144616
144645
144648
144660
144663
145274
196720
196736
196741
196777
196794
139888
139889
150594
150595
150631
150590
151726
151947
139886
139887
140161
140181
140196
140245
140247
141569
141571
141582
142281
142313
142320
142477
142484
142487
142513
142522
142282
141636
141639
141646
141921
142015
142034
142036
142035
142048
142555
142557
142287
142569
142284
56101
56125
204670
204683
204690
204763
207767
207782
207772
207775
207774
207712
207721
207728
196778
145291
145293
145299
145302
145298
196746
196753
196756
196776
145333
145334
145510
145558
145565
145397
145399
145394
145384
145580
145386
145569
145581
145392
145415
145419
145429
145453
145811
145816
145831
145841
146017
146018
146023
146057
146063
146066
151511
151451
151462
151464
151508
151509
151512
151466
151467
151510
151452
151521
151524
151407
204492
204505
204509
204661
204665
203722
203776
203781
203784
203802
204405
204419
204423
204426
204434
204480
204479
208113
208114
208511
208529
208530
208536
208550
208094
208109
208110
208116
207784
207833
207834
207838
207860
208546
208547
208523
207856
207858
208170
208174
208193
208407
208417
208458
208460
208466
208482
208490
208492
208487
210702
210712
210727
210723
210738
210751
210749
210747
210766
180658
180631
180664
180277
180281
180283
180285
180295
180266
180609
180640
180662
180661
166893
166904
166905
185191
185198
166387
166390
166415
166513
166497
166521
166530
166686
166675
166657
166628
166639
166689
166687
161235
161237
167000
167073
166661
166747
166996
167017
166882
166883
166917
166962
167136
167148
167154
180760
180646
180670
180490
180572
180569
180404
179687
180465
180434
180480
180476
180488
182323
182386
182254
173605
182163
181984
182167
182168
179718
181927
181935
181943
182131
182139
182154
182159
182172
181975
182363
182252
182373
173618
173622
173625
166900
185179
166946
166891
166938
166941
166907
152243
166971
166963
152255
152391
166973
152250
166366
166955
176411
161239
176424
176420
176427
161240
152284
152219
152282
173952
174779
174780
176627
173633
173665
173721
185983
173728
173833
172924
173816
173888
173630
173891
173925
176431
176450
176451
174682
175310
175311
176457
152024
155522
152028
175375
175364
175372
175386
175378
175477
175962
175949
175963
175495
175946
175959
175490
152058
152036
152051
175913
175444
175848
175853
175861
175874
175879
175878
175899
175897
177094
176976
176989
176987
176982
176994
176014
176031
176016
176066
176065
175891
175890
176054
176055
176047
176048
176062
175816
175822
175841
175825
175806
175802
175794
176040
175717
175727
175771
175780
175036
176671
176903
177062
175658
177067
177079
177082
176924
177078
177090
174796
174827
175606
175046
175047
175049
175038
210942
210943
210745
210960
210965
210998
211013
211413
211429
211430
211438
212053
212054
212058
208014
211024
211033
212067
212081
163567
163564
163574
165026
163762
163828
166438
166441
166445
163759
165075
165223
163902
165285
165286
165282
165245
165242
165251
165290
163899
163901
163830
163890
166453
166372
166389
166406
166425
163445
164292
164004
165008
165009
163577
165006
163053
164006
163066
172684
164379
164440
164458
164259
164320
164330
164334
164332
164367
164257
164389
164411
164421
164418
164469
164253
212415
161349
161354
161375
212429
164244
164348
164520
164547
164568
161373
164525
161367
161370
212069
212084
212098
212101
212231
212110
212360
212761
212167
212367
212368
212419
212421
114398
114411
114641
114389
115195
114354
114433
114409
114588
114413
114005
115213
119407
114848
114849
114923
114933
114925
115021
92097
92142
92160
115339
115327
115437
115457
115683
115345
115743
115414
115692
115725
105813
115766
106933
106855
106975
106982
107042
107045
107376
107357
107365
107359
107129
107379
107374
107380
107285
107314
107322
109519
92809
92878
102830
102832
92900
92941
92942
106157
106709
106916
106751
106913
106750
106213
116004
116020
116049
116028
116082
116078
116091
191514
191913
191530
191531
191510
192758
192762
192061
192064
191941
191776
191961
192847
192784
192787
192974
192978
192988
192985
190985
107623
109830
109859
109865
109888
109872
109887
107772
109839
111177
111164
111170
111168
111186
111111
111003
110959
110962
111191
111194
103345
111207
111901
111916
111924
112039
112040
112041
112053
112054
111589
112056
112075
112078
112080
112110
112076
112112
112113
112118
112151
112208
112215
112217
112317
112357
112289
112354
112349
112233
112227
112225
112363
112361
