1736
75618 75619 1158
75659 75660 1980
62392 62393 482
62392 62393 482
75691 75698 789
75691 76053 1311
76052 76668 811
75672 75669 1073
75672 75679 1068
62705 62706 743
75695 75696 937
75695 75697 1461
76046 76047 1183
76046 76048 1586
170239 170218 1667
170239 170238 556
170239 170246 422
170213 170209 506
170218 170209 2335
170218 170215 422
170218 170239 1667
159868 159869 452
159868 159875 6076
159874 159875 222
159874 172612 115
159873 159869 591
159873 172618 782
95914 95906 1555
96925 96928 2118
96933 102619 1054
96934 96935 1820
96934 96935 1820
96939 96944 279
96979 100675 2428
100676 100675 2878
100671 100610 2969
100672 100673 3504
100672 100692 360
102146 102147 286
102146 102148 1452
100715 100714 687
100738 100739 2773
116726 116728 713
118425 118426 1708
118425 118427 2270
116751 116747 6519
118417 118418 1856
58648 58345 2755
58648 58650 1169
58648 58651 1148
116571 116573 1161
116571 116574 3497
116531 116515 1632
116531 116800 553
116531 116819 1904
116821 116818 1078
116458 116457 905
116458 116459 954
116458 116490 791
116492 116459 611
116552 116524 4918
116552 116553 2116
116576 116574 1680
116576 116577 1308
116584 116586 1680
116584 116598 1121
116585 116586 2060
116595 116592 949
116595 116602 140
116603 116602 1030
116603 116699 1116
116686 116699 2957
116686 116708 2708
116708 116686 2708
116708 116702 3523
116708 116704 3173
119537 119538 1211
119537 119541 1252
119537 119542 2218
119531 119524 2621
119531 119532 2174
119531 119533 698
119542 119537 2218
119542 119540 2021
119629 119634 1897
119629 119645 1226
119633 119631 1010
119633 119634 1587
119630 119647 1727
119630 119737 811
119739 119741 837
119739 119748 1748
120131 120127 928
120131 120132 889
120134 120130 1884
120136 59476 1233
120136 120133 684
59786 59476 2052
59786 59476 2052
59786 59478 445
59789 59478 2110
59789 59790 1111
59789 59791 2197
59791 59789 2197
59791 59809 893
119750 119751 1503
119752 119751 1748
119752 119759 2787
119760 119759 1277
119760 119761 2617
119760 119785 1075
119788 119785 3106
119788 119789 1344
119796 119789 2224
59568 59567 2700
59568 59571 809
59568 59859 1467
59874 59873 606
59874 59875 885
59874 59877 404
59862 59859 1047
59862 77562 1235
77562 59861 636
77562 59862 1235
59880 59586 955
59880 59724 2093
59880 59898 1764
59885 59724 873
59885 60176 1309
60177 59732 752
60177 60176 811
60177 60179 808
60182 60183 650
60182 60184 1890
60193 60184 698
59830 59813 490
59830 59831 796
59840 59833 1155
59840 59835 581
59202 59200 7938
59202 59605 1561
59618 59596 1263
59618 59619 452
59736 59715 553
59736 59751 2173
59751 59736 2173
59751 60190 182
60204 60190 768
60204 60213 735
60247 60200 684
60247 77639 841
77655 60248 677
77655 77656 672
59686 59685 344
59683 77575 496
59683 77583 1208
59716 59714 651
59716 59715 1500
59716 77679 365
79039 79040 1876
60196 60184 1815
60199 59717 980
60199 60185 3460
60199 60230 1611
60227 77673 840
60238 60239 747
60238 60243 1582
60239 60238 747
60239 60241 726
60245 60312 1383
60246 60305 1432
77664 77665 720
77664 77668 1205
77656 77646 699
77656 77655 672
77647 60230 1228
58540 58537 445
58540 58539 3644
58628 58521 5746
58628 58629 2512
76896 59092 788
59076 59075 3033
59076 59092 3141
60614 60612 7063
60614 60612 7063
60686 60685 2228
60812 60854 2209
60812 60910 1935
69881 77498 995
76902 60922 516
76902 76904 1975
77496 77497 1951
60966 60967 4254
60966 60969 6714
59175 59174 2558
59175 59191 538
59194 59190 778
59194 59191 404
59194 59195 519
59195 59190 837
59195 59192 631
59195 59194 519
59230 59193 1827
59230 59211 844
62546 61005 1861
62546 62547 782
62553 62551 1019
62553 62554 951
62554 62553 951
62554 62555 811
62566 62567 1457
62566 62568 1007
62569 62601 2703
60979 60968 1506
60979 60978 2814
60983 60980 1303
60983 77754 1481
60970 60968 1324
60970 76910 1131
59631 59632 1365
59631 59633 698
59633 59631 698
59633 59649 949
76934 76923 5740
76934 76939 1857
61002 61008 182
61045 61009 2460
61045 61044 4532
61045 61050 4755
61052 61051 4856
61052 61053 1248
61114 61113 976
61114 61113 976
61114 61115 1278
61020 61019 1315
61020 61022 753
61022 61006 1761
61022 61020 753
62586 62588 2035
56869 56870 1601
56869 61029 2114
60611 60613 844
60611 61010 1012
62593 62601 2880
78429 78430 770
78429 78431 2446
78447 62741 513
62845 62778 852
62848 62842 1185
62769 62767 1440
78763 78764 366
62775 62776 757
62853 62850 685
62853 62852 2700
62850 62847 852
62850 62849 2824
62850 62853 685
62872 62847 1701
62872 62865 1011
62880 62870 1020
62871 62869 754
62871 62870 1495
62871 76968 1359
63710 62869 951
63710 63707 830
63710 63711 2307
63729 63720 2103
63729 63728 818
63732 63731 1136
63732 76977 445
63753 63741 2103
63753 63751 554
63805 64109 679
63766 63765 312
65507 65511 796
65525 65526 1032
65522 65529 984
65512 64444 748
65512 65514 1522
66070 65514 782
66070 66072 782
64444 64868 1874
64444 65512 748
64866 64867 809
64866 64868 667
64865 64867 478
64865 64869 519
64872 64871 1068
64872 64875 812
64872 64884 1979
64883 64884 679
64883 78505 669
64884 64872 1979
64884 64883 679
64884 64885 675
64888 64885 1227
64888 64889 752
64888 64890 337
64917 64918 698
64917 64933 1287
64935 59818 559
64935 64936 1215
64935 64937 978
64936 64935 1215
64936 64950 875
63872 63871 613
63872 63888 2257
63885 63882 1366
63885 63886 1227
62239 62235 672
62239 62238 796
62241 62238 1117
62241 63896 337
62233 62231 1287
62233 63890 973
63888 62230 812
63888 63872 2257
62226 62225 2619
62226 62234 935
62226 62236 678
62238 62234 632
62238 62239 796
62238 62241 1117
63745 63743 909
63745 63765 2413
63756 63655 5181
63756 78603 1604
63652 63651 4261
63652 63665 556
63843 63844 241
63847 63838 3773
62440 62439 475
62401 62402 2828
62453 62458 270
62488 62489 613
62488 62490 3091
62488 62499 2088
62498 62497 1303
62498 77445 814
62405 59402 1685
62405 62414 548
62381 62382 970
62381 62387 1372
60366 60365 1932
65215 65217 2206
65216 65222 3445
62262 62261 3947
62262 76870 918
57051 57052 2235
77428 57054 939
77428 77430 487
57064 57053 680
57064 57062 1686
57064 57065 555
78064 57096 2659
78064 78066 2180
78067 78077 959
57025 57019 7098
57028 57033 1086
56991 56990 988
56991 56992 6086
57016 57017 405
78454 57012 6012
65866 65863 2316
65866 65867 753
65875 65887 3960
65862 65861 3207
65862 68359 2060
78212 78214 3009
78212 78558 1549
78560 78558 1345
65303 78140 635
65305 65304 2877
65305 74846 183
78844 65310 890
78565 74847 1145
78565 78566 976
78566 74846 1161
78566 78565 976
78211 68359 1303
78211 78214 1999
65276 65277 562
65276 65279 2137
65240 65241 1724
65240 65242 977
65251 65250 257
65221 65226 2119
65261 65264 1774
65261 65266 2481
65256 65250 1122
65256 65281 686
65284 65283 1144
65270 65271 466
77431 77432 441
65401 65402 713
65401 65403 1455
65394 65410 2446
65394 65411 1702
65437 65449 491
65156 65169 1487
65156 65170 932
65287 65279 831
65287 65288 2316
65404 65402 2078
65404 65405 782
65433 65434 2572
66138 66126 478
66138 66139 1454
65567 65434 4327
65567 65559 3975
65531 65530 1124
65531 65550 677
65531 65551 1094
78246 78251 883
78246 78352 722
56905 87360 1004
76326 76325 1397
76326 76331 539
76329 76331 1715
76329 78567 856
76303 76304 603
69148 69149 2520
69148 76341 1560
76708 76729 1068
76708 78927 1268
76708 78928 1241
76318 76324 1279
76320 76323 1394
76320 76324 3616
77921 77922 1051
77921 77923 852
77921 77924 1112
87338 87339 1780
87338 87428 1620
87347 87346 1031
87347 87430 559
87426 87346 1162
87426 87427 1205
88652 88651 1353
88652 88664 512
88660 84886 753
88660 88659 740
88660 88664 740
88651 88652 1353
88651 88666 769
88651 88669 658
88658 88657 889
88658 88666 1004
88658 88677 3642
88659 88660 740
88659 88662 925
88632 88636 885
88632 88654 554
88653 88655 885
88653 88657 254
87689 87690 752
87689 87692 909
87743 87696 1538
87743 87751 476
84930 73144 3136
84930 84931 1439
87740 87739 437
87740 87741 2889
88724 88731 460
88672 88671 1058
88672 88730 1661
88730 88672 1661
88730 88733 679
88730 88736 713
88732 88731 1162
88590 88591 1359
88330 88257 890
88330 88331 592
88263 88253 957
88263 88259 782
87350 87351 889
87350 87352 931
87475 87476 452
87474 88215 790
88191 88209 467
88743 88744 998
88743 88764 1020
88737 88739 2290
88737 88782 875
88737 89175 2493
88739 88709 876
88739 88737 2290
88739 88783 3491
88741 88744 1144
88751 88750 1626
88751 91758 812
88755 84226 796
88755 84310 3037
88791 88793 322
88606 88607 1523
88606 88879 1561
88887 88880 333
88887 91759 712
88336 88337 3123
88336 88391 713
88401 88399 2566
88401 88406 3563
88340 88262 793
88340 88338 1268
88386 88387 943
88403 88404 770
88403 91431 445
88908 88422 1480
88908 91432 838
83878 83863 463
83880 83879 2192
83880 91133 765
88981 84306 1923
88981 88980 1339
88881 88882 254
88881 89000 3043
88993 88994 1347
88993 89000 603
88886 89479 592
88979 88978 238
88979 88980 1438
88903 88904 2270
88903 88935 1643
88941 88942 2809
88941 88942 2809
88947 88948 2381
88947 88957 5234
88947 91559 810
89568 90051 1487
90054 90055 1320
90054 90066 1345
90054 90096 8750
64955 64953 202
73637 76651 692
73639 73560 1122
73639 73634 951
73642 76650 635
73642 78634 549
73562 73559 337
73562 76650 373
74840 74836 978
74840 74955 1265
73576 73530 796
73546 73530 1288
73546 73545 1766
66274 66267 1215
66557 66553 1021
66557 66558 1565
66393 66391 1561
66393 66392 1117
73575 73530 752
73575 77233 1180
66566 66448 2225
66566 66564 2280
66570 66571 713
66597 66590 452
66597 66598 1014
66598 66594 603
66598 66597 1014
66595 66593 790
66595 66594 810
73604 66583 2492
73604 73605 812
73756 73753 1358
73756 73757 2016
73763 73764 2340
73765 73762 1467
73765 73764 1040
73765 73766 846
73766 73765 846
73766 73768 1344
73818 73817 344
73818 73820 222
73819 73768 770
73819 73821 770
73819 73826 1248
73788 73793 1039
73815 73794 1185
73815 73816 905
73792 73793 672
75352 75351 889
75709 75711 1012
75709 75712 1947
75710 75354 762
75710 75712 889
75343 75351 2119
75354 75380 762
75354 75710 762
75408 75409 1037
75353 75351 1022
75353 75378 889
75392 75396 1696
75424 75397 905
75428 75432 603
77353 75431 555
77353 75431 555
75413 75414 893
75547 75548 1278
75547 75549 807
75548 75547 1278
75548 75553 356
75569 75570 1040
75571 75572 333
75571 75575 1675
75571 75605 2454
73808 73793 1358
73808 73809 796
73808 73814 1949
73832 73823 1289
73832 73831 581
73832 73833 893
73840 73833 1289
73840 73839 2544
73839 73838 2848
73839 73840 2544
73842 73838 1752
73842 73887 905
73887 73842 905
73887 73888 2561
73892 73888 675
73892 74007 337
74015 74013 2008
73974 73972 412
73974 73975 796
74008 74007 874
73977 73967 1645
73977 73978 556
75708 78102 4434
75723 75724 943
74018 56953 3518
75705 76653 880
75705 76759 1470
75706 75728 409
75706 75729 286
75552 75553 1140
77326 78574 582
75412 75411 809
75412 75566 905
75566 75412 905
75566 75572 925
75610 75606 677
75619 75618 1158
75619 75620 672
75660 75659 1980
75660 75843 520
75660 75846 1334
75660 75847 1696
62393 62392 482
62393 62392 482
75698 75691 789
75698 75699 1175
76053 75691 1311
76668 76052 811
76668 76669 1932
75669 75668 810
75669 75671 188
75669 75672 1073
75679 75672 1068
75679 75677 580
75679 75681 2108
62706 62705 743
75696 75695 937
75697 61184 586
75697 63822 1039
75697 75695 1461
76047 76046 1183
76047 76049 1346
76047 76050 298
76048 76046 1586
170238 170239 556
170246 170215 1667
170246 170236 506
170246 170239 422
170246 170247 333
170209 170210 506
170209 170211 556
170209 170213 506
170209 170218 2335
170215 170210 2334
170215 170216 506
170215 170218 422
170215 170246 1667
159869 159868 452
159869 159873 591
159869 172613 667
159875 159868 6076
159875 159874 222
172612 159874 115
172612 172804 183
172612 172845 2364
172612 172846 270
172618 159873 782
172618 172619 759
95906 95913 3060
95906 95914 1555
96928 96925 2118
96928 96927 168
102619 96933 1054
96935 96934 1820
96935 96934 1820
96944 96939 279
100675 96979 2428
100675 100676 2878
100675 102160 1447
100610 100611 1454
100610 100669 630
100610 100671 2969
100673 100672 3504
100673 102149 1991
100692 100672 360
100692 102153 2596
100692 102154 2189
102147 102146 286
102148 102146 1452
100714 100715 687
100714 100716 238
100714 101846 1855
100739 100738 2773
100739 100743 789
116728 116726 713
116728 116729 276
118426 118425 1708
118427 118425 2270
116747 116732 202
116747 116751 6519
118418 118417 1856
58345 58343 2295
58345 58346 1625
58345 58347 1285
58345 58648 2755
58650 58347 2623
58650 58648 1169
58650 58652 1207
58650 58655 2487
58651 58648 1148
116573 58676 7287
116573 116571 1161
116573 116575 3699
116574 116571 3497
116574 116575 1169
116574 116576 1680
116515 116513 674
116515 116516 789
116515 116531 1632
116515 116534 753
116800 116513 1439
116800 116531 553
116800 116799 808
116800 116818 2696
116819 116531 1904
116818 116800 2696
116818 116804 538
116818 116821 1078
116818 118396 1009
116457 116456 1119
116457 116458 905
116457 116489 791
116459 116458 954
116459 116492 611
116490 116458 791
116524 116525 1285
116524 116526 2790
116524 116552 4918
116553 116552 2116
116577 116576 1308
116586 116584 1680
116586 116585 2060
116586 116592 1277
116598 116584 1121
116598 116599 1028
116598 116602 3160
116592 116586 1277
116592 116593 1949
116592 116595 949
116602 116595 140
116602 116598 3160
116602 116603 1030
116699 116603 1116
116699 116686 2957
116699 116702 1148
116702 116699 1148
116702 116704 1256
116702 116708 3523
116704 116702 1256
116704 116705 631
116704 116707 436
116704 116708 3173
119538 119537 1211
119541 119537 1252
119541 119539 633
119541 128733 1757
119524 119522 1075
119524 119525 885
119524 119531 2621
119532 119531 2174
119532 119534 1011
119532 119536 2085
119532 119543 752
119533 119531 698
119533 119534 2352
119533 119539 1143
119540 119534 1011
119540 119539 2222
119540 119542 2021
119634 119629 1897
119634 119632 880
119634 119633 1587
119634 119639 1503
119645 119629 1226
119645 119639 1953
119645 119647 1030
119645 119649 1148
119631 119603 874
119631 119632 1423
119631 119633 1010
119647 119630 1727
119647 119645 1030
119647 119648 921
119737 119630 811
119737 119747 808
119737 119753 949
119741 119739 837
119741 119740 808
119741 119747 1148
119748 119739 1748
119748 119751 538
119748 119756 2174
120127 120123 675
120127 120129 1004
120127 120130 909
120127 120131 928
120132 120129 851
120132 120131 889
120132 120133 276
120130 119787 95
120130 120127 909
120130 120134 1884
59476 59470 1187
59476 59470 1187
59476 59477 1334
59476 59478 2028
59476 59786 2052
59476 59786 2052
59476 120136 1233
120133 120132 276
120133 120136 684
59478 59476 2028
59478 59786 445
59478 59787 1114
59478 59789 2110
59790 59787 2026
59790 59789 1111
59790 59795 1114
59790 59809 2281
59809 59790 2281
59809 59791 893
59809 59810 1225
59809 59811 1366
119751 119748 538
119751 119750 1503
119751 119752 1748
119759 119752 2787
119759 119756 1821
119759 119758 2617
119759 119760 1277
119761 119758 1277
119761 119760 2617
119761 119762 1075
119761 119763 3767
119785 119760 1075
119785 119762 2617
119785 119786 1085
119785 119788 3106
119789 119786 2695
119789 119788 1344
119789 119796 2224
59567 59509 1248
59567 59568 2700
59567 59851 1857
59571 59568 809
59571 59570 799
59571 59573 1763
59859 59568 1467
59859 59573 711
59859 59861 2016
59859 59862 1047
59873 59874 606
59875 59858 1240
59875 59866 650
59875 59874 885
59875 59876 1213
59877 59874 404
59861 59859 2016
59861 77562 636
59861 77564 887
59586 59587 1061
59586 59721 1996
59586 59880 955
59586 59882 838
59724 59721 791
59724 59730 1300
59724 59880 2093
59724 59885 873
59898 59880 1764
60176 59729 817
60176 59885 1309
60176 60177 811
59732 59729 869
59732 59731 792
59732 60177 752
59732 60178 941
60179 60177 808
60179 60178 789
60179 60181 1749
60179 60183 698
60183 60179 698
60183 60182 650
60183 60185 1819
60184 60182 1890
60184 60185 698
60184 60193 698
60184 60196 1815
59813 59812 1179
59813 59830 490
59813 76953 918
59831 59806 1603
59831 59830 796
59831 59833 837
59833 59828 1969
59833 59831 837
59833 59840 1155
59835 59829 2618
59835 59840 581
59835 59843 848
59200 59196 1422
59200 59201 669
59200 59202 7938
59605 59202 1561
59605 59588 1664
59605 59589 6852
59596 59595 1203
59596 59597 1116
59596 59599 556
59596 59618 1263
59619 59618 452
59619 59623 445
59715 59713 625
59715 59716 1500
59715 59736 553
59715 59737 2230
60190 59737 530
60190 59751 182
60190 60204 768
60213 60204 735
60213 77658 478
60213 79044 745
60200 60198 1768
60200 60247 684
60200 60248 1222
77639 60247 841
77639 77638 853
77639 77659 1278
60248 60200 1222
60248 77655 677
59685 59686 344
77575 59682 705
77575 59683 496
77575 77584 1210
77583 59683 1208
77583 77584 491
59714 59713 1551
59714 59716 651
59714 76971 760
77679 59716 365
79040 79039 1876
79040 79041 279
59717 59718 1706
59717 60181 2993
59717 60198 638
59717 60199 980
60185 60181 891
60185 60183 1819
60185 60184 698
60185 60199 3460
60230 60199 1611
60230 77647 1228
77673 60227 840
77673 77674 423
77673 77676 1107
60243 60238 1582
60241 60239 726
60241 60242 821
60241 60244 1168
60312 60245 1383
60312 78163 830
60305 60246 1432
60305 60308 373
77665 77664 720
77665 77666 345
77665 77667 1246
77668 77664 1205
77646 59718 1224
77646 77656 699
58537 58523 2843
58537 58540 445
58539 58531 1143
58539 58540 3644
58539 78379 604
58521 58519 4174
58521 58628 5746
58629 58628 2512
59092 59076 3141
59092 59091 1013
59092 76896 788
59075 59065 1904
59075 59073 475
59075 59076 3033
60612 60614 7063
60612 60614 7063
60685 60686 2228
60685 60688 1076
60854 60812 2209
60854 60855 467
60854 60917 3083
60910 60812 1935
60910 60912 451
77498 69881 995
77498 77591 329
60922 76902 516
60922 76904 1969
76904 60922 1969
76904 76902 1975
77497 77496 1951
60967 60966 4254
60967 60968 1617
60967 60978 1819
60969 60966 6714
59174 59175 2558
59191 59175 538
59191 59194 404
59190 59194 778
59190 59195 837
59192 59193 631
59192 59195 631
59193 59192 631
59193 59230 1827
59211 59230 844
61005 62546 1861
62547 62546 782
62547 62551 591
62551 62547 591
62551 62553 1019
62551 62555 1535
62555 62551 1535
62555 62554 811
62567 62566 1457
62568 62566 1007
62601 62569 2703
62601 62593 2880
60968 60967 1617
60968 60970 1324
60968 60979 1506
60978 60967 1819
60978 60979 2814
60980 60983 1303
77754 60983 1481
76910 60970 1131
59632 59631 1365
59649 59633 949
76923 76934 5740
76939 76934 1857
61008 61002 182
61008 61009 3372
61009 61008 3372
61009 61045 2460
61009 61113 1020
61044 61045 4532
61044 61050 4130
61050 61044 4130
61050 61045 4755
61051 61052 4856
61053 61052 1248
61113 61009 1020
61113 61114 976
61113 61114 976
61115 61114 1278
61019 61020 1315
61006 61022 1761
62588 62586 2035
56870 56869 1601
61029 56869 2114
60613 60611 844
61010 60611 1012
78430 78429 770
78431 78429 2446
62741 78447 513
62778 62845 852
62842 62848 1185
62767 62769 1440
78764 78763 366
62776 62775 757
62852 62849 760
62852 62853 2700
62847 62850 852
62847 62872 1701
62849 62850 2824
62849 62852 760
62865 62872 1011
62870 62871 1495
62870 62880 1020
62869 62871 754
62869 63710 951
76968 62871 1359
63707 63710 830
63711 63710 2307
63720 63729 2103
63728 63729 818
63731 63732 1136
76977 63732 445
63741 63753 2103
63751 63753 554
64109 63805 679
63765 63745 2413
63765 63766 312
65511 65507 796
65526 65525 1032
65526 65530 476
65529 65522 984
65514 64868 888
65514 65512 1522
65514 66070 782
66072 66070 782
64868 64444 1874
64868 64866 667
64868 65514 888
64867 64865 478
64867 64866 809
64867 64871 1012
64869 64865 519
64871 64867 1012
64871 64872 1068
64875 64872 812
64875 64885 2007
78505 64883 669
64885 64875 2007
64885 64884 675
64885 64888 1227
64889 64888 752
64890 64888 337
64918 64917 698
64933 59818 524
64933 64917 1287
59818 64933 524
59818 64935 559
64937 64935 978
64950 64936 875
63871 63872 613
63882 63885 1366
63886 63885 1227
62235 62239 672
62235 63890 198
63896 62241 337
62231 62230 1068
62231 62233 1287
63890 62233 973
63890 62235 198
62230 62231 1068
62230 63888 812
62225 62226 2619
62234 62226 935
62234 62238 632
62236 62226 678
63743 63745 909
63655 63665 3448
63655 63756 5181
78603 63756 1604
63651 63652 4261
63665 63652 556
63665 63655 3448
63844 63843 241
63838 63847 3773
62439 62440 475
62402 62401 2828
62458 62453 270
62489 62488 613
62490 62488 3091
62499 62488 2088
62499 62497 1347
62497 62498 1303
62497 62499 1347
77445 62498 814
59402 62405 1685
62414 62405 548
62382 62381 970
62387 62381 1372
60365 60366 1932
65217 65215 2206
65222 65216 3445
65222 65226 875
62261 62262 3947
76870 62262 918
57052 57051 2235
57054 57053 585
57054 77428 939
77430 77428 487
57053 57054 585
57053 57062 1580
57053 57064 680
57062 57053 1580
57062 57064 1686
57065 57064 555
57096 78064 2659
78066 78064 2180
78077 78067 959
57019 57025 7098
57033 57028 1086
56990 56991 988
56992 56991 6086
57017 57016 405
57012 78454 6012
65863 65866 2316
65867 65866 753
65887 65875 3960
65861 65862 3207
68359 65862 2060
68359 78211 1303
78214 78211 1999
78214 78212 3009
78558 78212 1549
78558 78560 1345
78140 65303 635
65304 65305 2877
74846 65305 183
74846 74847 944
74846 78566 1161
65310 78844 890
74847 74846 944
74847 78565 1145
65277 65276 562
65277 65281 633
65277 65283 2930
65279 65276 2137
65279 65287 831
65241 65240 1724
65242 65240 977
65250 65251 257
65250 65256 1122
65226 65221 2119
65226 65222 875
65264 65261 1774
65266 65261 2481
65281 65256 686
65281 65277 633
65283 65277 2930
65283 65284 1144
65271 65270 466
77432 77431 441
65402 65401 713
65402 65404 2078
65403 65401 1455
65410 65394 2446
65411 65394 1702
65449 65437 491
65169 65156 1487
65170 65156 932
65288 65287 2316
65405 65404 782
65434 65433 2572
65434 65567 4327
66126 66138 478
66139 66138 1454
65559 65567 3975
65530 65526 476
65530 65531 1124
65550 65531 677
65551 65531 1094
78251 78246 883
78352 78246 722
87360 56905 1004
76325 76323 512
76325 76326 1397
76331 76326 539
76331 76329 1715
78567 76329 856
76304 76303 603
69149 69148 2520
76341 69148 1560
76729 76708 1068
78927 76708 1268
78928 76708 1241
76324 76318 1279
76324 76320 3616
76323 76320 1394
76323 76325 512
77922 77921 1051
77923 77921 852
77924 77921 1112
87339 87338 1780
87339 87428 1086
87428 87338 1620
87428 87339 1086
87428 87427 796
87346 87347 1031
87346 87426 1162
87430 87347 559
87427 87426 1205
87427 87428 796
88664 88652 512
88664 88660 740
84886 88660 753
88666 88651 769
88666 88658 1004
88669 88651 658
88657 88653 254
88657 88658 889
88677 88658 3642
88662 88659 925
88636 88632 885
88654 88632 554
88655 88653 885
87690 87689 752
87692 87689 909
87696 87743 1538
87751 87743 476
73144 84930 3136
84931 84930 1439
87739 87740 437
87741 87740 2889
88731 88724 460
88731 88732 1162
88671 88672 1058
88733 88730 679
88736 88730 713
88591 88590 1359
88257 88253 130
88257 88330 890
88331 88330 592
88253 88257 130
88253 88263 957
88259 88263 782
87351 87350 889
87352 87350 931
87476 87475 452
88215 87474 790
88209 88191 467
88744 88741 1144
88744 88743 998
88764 88743 1020
88782 88737 875
89175 88737 2493
88709 88739 876
88783 88739 3491
88750 88751 1626
91758 88751 812
84226 88755 796
84226 88793 727
84310 88755 3037
88793 84226 727
88793 88791 322
88607 88606 1523
88607 88879 2561
88879 88606 1561
88879 88607 2561
88879 88880 1288
88880 88879 1288
88880 88887 333
91759 88887 712
88337 88336 3123
88337 88338 1000
88391 88336 713
88399 88401 2566
88406 88401 3563
88406 88404 1828
88262 88340 793
88338 88337 1000
88338 88340 1268
88387 88386 943
88404 88403 770
88404 88406 1828
91431 88403 445
88422 88908 1480
91432 88908 838
83863 83878 463
83879 83880 2192
91133 83880 765
84306 88981 1923
88980 88979 1438
88980 88981 1339
88882 88881 254
89000 88881 3043
89000 88993 603
88994 88993 1347
89479 88886 592
88978 88979 238
88904 88903 2270
88935 88903 1643
88942 88941 2809
88942 88941 2809
88948 88947 2381
88957 88947 5234
91559 88947 810
90051 89568 1487
90055 90054 1320
90066 90054 1345
90096 90054 8750
64953 64955 202
76651 73637 692
73560 73639 1122
73634 73639 951
76650 73562 373
76650 73642 635
78634 73642 549
73559 73562 337
74836 74840 978
74836 74955 755
74955 74836 755
74955 74840 1265
73530 73546 1288
73530 73575 752
73530 73576 796
73545 73546 1766
66267 66274 1215
66553 66557 1021
66558 66557 1565
66391 66392 686
66391 66393 1561
66392 66391 686
66392 66393 1117
77233 73575 1180
66448 66566 2225
66564 66566 2280
66571 66570 713
66590 66597 452
66594 66595 810
66594 66598 603
66593 66583 558
66593 66595 790
66583 66593 558
66583 73604 2492
73605 73604 812
73753 73756 1358
73757 73756 2016
73757 73764 1106
73764 73757 1106
73764 73763 2340
73764 73765 1040
73762 73765 1467
73762 73768 770
73768 73762 770
73768 73766 1344
73768 73819 770
73817 73816 778
73817 73818 344
73817 73823 1289
73820 73818 222
73820 73821 1124
73821 73819 770
73821 73820 1124
73826 73819 1248
73793 73788 1039
73793 73792 672
73793 73794 905
73793 73808 1358
73794 73793 905
73794 73809 1372
73794 73815 1185
73816 73815 905
73816 73817 778
75351 75343 2119
75351 75352 889
75351 75353 1022
75711 75709 1012
75712 75709 1947
75712 75710 889
75380 75354 762
75380 75378 562
75409 75408 1037
75378 75353 889
75378 75380 562
75396 75392 1696
75396 75397 1528
75397 75396 1528
75397 75424 905
75432 75428 603
75431 77353 555
75431 77353 555
75414 75413 893
75549 75547 807
75553 75548 356
75553 75552 1140
75570 75569 1040
75572 75566 925
75572 75571 333
75575 75571 1675
75605 75571 2454
75605 75606 603
73809 73794 1372
73809 73808 796
73809 73831 889
73814 73808 1949
73823 73817 1289
73823 73832 1289
73831 73809 889
73831 73832 581
73833 73832 893
73833 73840 1289
73838 73839 2848
73838 73842 1752
73888 73887 2561
73888 73892 675
74007 73892 337
74007 74008 874
74013 74015 2008
73972 73974 412
73975 73974 796
73967 73977 1645
73978 73977 556
78102 75708 4434
75724 75723 943
56953 74018 3518
76653 75705 880
76759 75705 1470
75728 75706 409
75729 75706 286
78574 77326 582
75411 75412 809
75606 75605 603
75606 75610 677
75620 75619 672
75843 75660 520
75846 75660 1334
75847 75660 1696
75699 75698 1175
76669 76668 1932
75668 75669 810
75671 75669 188
75677 75679 580
75681 75679 2108
61184 75697 586
63822 75697 1039
76049 76047 1346
76050 76047 298
170236 170216 1667
170236 170246 506
170247 170246 333
170210 170209 506
170210 170215 2334
170211 170209 556
170216 170215 506
170216 170236 1667
172613 159869 667
172804 172612 183
172845 172612 2364
172846 172612 270
172619 172618 759
95913 95906 3060
96927 96928 168
102160 100675 1447
100611 100610 1454
100669 100610 630
102149 100673 1991
102153 100692 2596
102153 101846 5470
102154 100692 2189
100716 100714 238
101846 100714 1855
101846 102153 5470
100743 100739 789
116729 116728 276
116732 116747 202
58343 58345 2295
58346 58345 1625
58347 58345 1285
58347 58650 2623
58652 58650 1207
58655 58650 2487
58676 116573 7287
116575 116573 3699
116575 116574 1169
116513 116515 674
116513 116800 1439
116516 116515 789
116534 116515 753
116799 116800 808
116799 116804 2740
116804 116799 2740
116804 116818 538
118396 116818 1009
116456 116457 1119
116489 116457 791
116525 116524 1285
116526 116524 2790
116599 116598 1028
116593 116592 1949
116705 116704 631
116707 116704 436
119539 119533 1143
119539 119540 2222
119539 119541 633
128733 119541 1757
119522 119524 1075
119525 119524 885
119534 119532 1011
119534 119533 2352
119534 119540 1011
119536 119532 2085
119543 119532 752
119632 119631 1423
119632 119634 880
119639 119634 1503
119639 119645 1953
119649 119645 1148
119603 119631 874
119648 119647 921
119747 119737 808
119747 119741 1148
119747 119756 1684
119753 119737 949
119740 119741 808
119756 119747 1684
119756 119748 2174
119756 119759 1821
120123 120127 675
120129 120127 1004
120129 120132 851
119787 119786 1897
119787 120130 95
59470 59476 1187
59470 59476 1187
59477 59476 1334
59477 59787 2112
59787 59477 2112
59787 59478 1114
59787 59790 2026
59795 59790 1114
59795 59810 2278
59810 59795 2278
59810 59809 1225
59810 59812 1111
59811 59809 1366
119758 119759 2617
119758 119761 1277
119762 119761 1075
119762 119785 2617
119763 119761 3767
119786 119785 1085
119786 119787 1897
119786 119789 2695
59509 59567 1248
59851 59567 1857
59570 59571 799
59573 59571 1763
59573 59859 711
59858 59875 1240
59866 59875 650
59876 59875 1213
77564 59861 887
59587 59586 1061
59721 59586 1996
59721 59724 791
59882 59586 838
59730 59724 1300
59729 59732 869
59729 60176 817
59731 59732 792
60178 59732 941
60178 60179 789
60181 59717 2993
60181 60179 1749
60181 60185 891
59812 59810 1111
59812 59813 1179
76953 59813 918
59806 59831 1603
59828 59829 688
59828 59833 1969
59829 59828 688
59829 59835 2618
59843 59835 848
59196 59200 1422
59201 59200 669
59588 59589 6559
59588 59605 1664
59589 59588 6559
59589 59605 6852
59595 59596 1203
59597 59596 1116
59599 59596 556
59599 59623 1103
59623 59599 1103
59623 59619 445
59713 59714 1551
59713 59715 625
59737 59715 2230
59737 60190 530
77658 60213 478
77658 77638 969
79044 60213 745
79044 77659 484
60198 59717 638
60198 60200 1768
60198 77638 672
77638 60198 672
77638 77639 853
77638 77658 969
77659 77639 1278
77659 79044 484
59682 77575 705
77584 77575 1210
77584 77583 491
76971 59714 760
79041 79040 279
59718 59717 1706
59718 77646 1224
77674 77673 423
77676 77673 1107
60242 60241 821
60244 60241 1168
78163 60312 830
60308 60305 373
77666 77665 345
77667 77665 1246
58523 58519 2843
58523 58537 2843
58531 58539 1143
78379 58539 604
58519 58521 4174
58519 58523 2843
59091 59092 1013
59065 59075 1904
59073 59075 475
60688 60685 1076
60855 60854 467
60917 60854 3083
60912 60910 451
77591 77498 329
718
75618
75659
62392
75691
76052
75672
62705
75695
76046
170239
170213
170218
159868
159874
159873
95914
96925
96933
96934
96939
96979
100676
100671
100672
102146
100715
100738
116726
118425
116751
118417
58648
116571
116531
116821
116458
116492
116552
116576
116584
116585
116595
116603
116686
116708
119537
119531
119542
119629
119633
119630
119739
120131
120134
120136
59786
59789
59791
119750
119752
119760
119788
119796
59568
59874
59862
77562
59880
59885
60177
60182
60193
59830
59840
59202
59618
59736
59751
60204
60247
77655
59686
59683
59716
79039
60196
60199
60227
60238
60239
60245
60246
77664
77656
77647
58540
58628
76896
59076
60614
60686
60812
69881
76902
77496
60966
59175
59194
59195
59230
62546
62553
62554
62566
62569
60979
60983
60970
59631
59633
76934
61002
61045
61052
61114
61020
61022
62586
56869
60611
62593
78429
78447
62845
62848
62769
78763
62775
62853
62850
62872
62880
62871
63710
63729
63732
63753
63805
63766
65507
65525
65522
65512
66070
64444
64866
64865
64872
64883
64884
64888
64917
64935
64936
63872
63885
62239
62241
62233
63888
62226
62238
63745
63756
63652
63843
63847
62440
62401
62453
62488
62498
62405
62381
60366
65215
65216
62262
57051
77428
57064
78064
78067
57025
57028
56991
57016
78454
65866
65875
65862
78212
78560
65303
65305
78844
78565
78566
78211
65276
65240
65251
65221
65261
65256
65284
65270
77431
65401
65394
65437
65156
65287
65404
65433
66138
65567
65531
78246
56905
76326
76329
76303
69148
76708
76318
76320
77921
87338
87347
87426
88652
88660
88651
88658
88659
88632
88653
87689
87743
84930
87740
88724
88672
88730
88732
88590
88330
88263
87350
87475
87474
88191
88743
88737
88739
88741
88751
88755
88791
88606
88887
88336
88401
88340
88386
88403
88908
83878
83880
88981
88881
88993
88886
88979
88903
88941
88947
89568
90054
64955
73637
73639
73642
73562
74840
73576
73546
66274
66557
66393
73575
66566
66570
66597
66598
66595
73604
73756
73763
73765
73766
73818
73819
73788
73815
73792
75352
75709
75710
75343
75354
75408
75353
75392
75424
75428
77353
75413
75547
75548
75569
75571
73808
73832
73840
73839
73842
73887
73892
74015
73974
74008
73977
75708
75723
74018
75705
75706
75552
77326
75412
75566
75610
60922
76904
60969
59174
59191
59190
59192
59193
59211
61005
62547
62555
62601
60978
60980
76923
76939
61008
61044
61050
61051
61053
61019
61006
56870
62741
62778
62842
62767
62776
62847
62849
62865
62870
62869
63707
63711
63720
63728
63731
63741
63751
63765
65529
65514
66072
64871
64875
78505
64885
64889
64918
64933
59818
64937
64950
63871
63882
62235
62231
62230
62225
62234
62236
63743
63655
63838
62439
62458
62490
62499
62497
59402
62382
60365
65222
62261
57052
57054
57053
57062
57065
57096
78066
78077
57019
57033
56990
57017
57012
65863
65867
65887
65861
68359
78214
78558
78140
65304
65310
74847
65279
65242
65250
65226
65264
65266
65281
65283
65271
65402
65410
65449
65288
65405
66126
66139
65559
65550
65551
78251
87360
76325
76331
69149
76341
76324
76323
77922
87339
87346
87427
88664
84886
88666
88657
88677
88662
88655
87690
87692
87696
87751
73144
87739
88731
88671
88733
88736
88257
88253
88259
87352
87476
88215
88209
88744
88764
88782
89175
88709
88783
88750
84226
84310
88793
88607
88880
91759
88391
88399
88406
88262
88338
88404
88422
83863
83879
91133
84306
88882
89000
88994
89479
88978
88904
88935
88942
88948
88957
90051
90055
90066
90096
64953
76651
73560
73634
73559
74836
74955
73530
73545
66267
66553
66391
66392
66448
66564
66590
66594
66593
66583
73605
73753
73757
73764
73762
73768
73820
73821
73794
73816
75711
75712
75380
75378
75396
75397
75432
75431
75553
75570
75572
75575
75605
73809
73823
73831
73833
73838
73888
74007
74013
73972
73967
73978
78102
75724
56953
76653
75728
75729
75411
75620
75843
75846
75847
75699
76669
75668
75671
75677
75681
61184
63822
170236
170210
170216
172613
172804
95913
96927
102160
100611
100669
102149
100716
100743
116729
116732
58343
58347
58652
58655
58676
116575
116513
116799
116804
118396
116599
116705
119522
119536
119543
119632
119639
119649
119603
119648
119747
119756
120123
120129
59470
59477
59787
59795
59810
59811
119758
119762
119763
119786
59509
59851
59570
59573
59858
59866
59876
77564
59587
59721
59882
59730
59729
59731
60178
60181
59812
76953
59806
59828
59829
59843
59196
59201
59588
59595
59599
59623
59713
59737
79044
60198
77638
59682
77584
76971
77674
77676
60242
60244
58531
58519
59091
59065
59073
60688
60855
60917
60912
