1320
20321 18759 2718
20321 20326 648
18560 18555 2028
18757 18756 2851
18757 18760 708
18757 18765 2240
18776 18778 344
18788 18780 2875
18788 18783 3497
18789 18790 313
18789 20347 194
18774 18772 950
18774 18785 1565
18877 18785 681
18900 18893 1336
18900 18897 418
18904 18903 336
18915 18906 806
18915 19014 2453
19016 19014 708
19016 19017 2110
19023 19811 947
35301 35299 166
35301 35302 260
18896 18897 557
18871 18785 688
18871 18870 1562
18874 18872 1151
18874 18873 2364
18840 18838 836
18889 18841 788
18889 18847 1686
17200 17201 311
20798 20797 736
20798 35460 422
25329 25322 806
25329 25327 1948
25329 25426 1715
19006 19002 826
19006 19004 2085
19006 19009 750
19007 19002 3051
19007 19005 750
25426 19005 2459
25426 25323 938
25426 25329 1715
25388 25316 905
25388 25318 1501
25388 25387 1209
25385 25382 1576
25385 25392 1033
25385 25395 1901
25387 25382 737
25387 25386 1124
25387 25388 1209
25318 25317 951
25318 25328 975
25318 25388 1501
25327 25324 938
25327 25328 1066
25327 25329 1948
19009 19006 750
19009 19014 2138
19009 19017 788
19011 19017 3223
25456 27577 264
25395 25385 1901
25395 25393 904
25397 25368 1517
25404 25405 1217
25404 25417 769
25421 25417 862
25421 25424 1683
26795 26793 747
26795 26794 1114
26794 26793 612
26794 26795 1114
26792 26791 1409
26790 26734 1293
26790 26789 809
26814 26734 939
26821 26820 927
26821 26822 2321
26835 26836 403
26835 26837 336
26837 26835 336
26837 26929 975
26930 26917 1672
26930 26929 737
26931 26917 737
26931 26932 927
26926 26924 1576
26926 26925 738
26942 26922 611
26942 26924 809
26932 26919 676
26932 26925 2090
26932 26931 927
26755 26753 279
26755 26765 672
26765 26755 672
26765 26757 2090
26770 26757 1073
26770 26774 1812
26776 26774 1085
26776 26775 1438
27092 26762 403
26719 26716 676
26719 26718 1254
26719 26761 738
26758 26716 1951
26758 26752 475
26761 26719 738
26761 26762 1344
27050 27044 1672
27050 27049 939
27055 27047 1106
27063 27056 1702
27063 27059 1395
26948 26775 806
26948 26922 788
27058 27048 806
27058 27057 1344
27058 27065 1115
27059 27056 951
27059 27063 1395
27068 27066 1631
27068 27067 1411
27078 27072 713
27073 27072 1226
27074 27071 873
27074 27085 1906
27088 27150 829
27088 27152 2035
27088 27153 1140
27166 27153 373
26499 14345 1008
26499 26498 650
27152 26498 1008
27152 27088 2035
27160 27175 209
27168 27153 511
26494 26486 1946
26494 26501 884
26504 26501 2214
26504 26503 951
14342 14343 504
14342 26354 701
27381 26536 751
27381 26537 1716
27406 26537 807
27406 27187 1991
27409 27410 474
27412 27410 276
27416 27417 3934
34081 34082 791
53377 53375 5234
53377 53376 699
52764 52759 1100
52764 52765 373
55547 55546 2142
55547 55708 2341
55547 55717 738
55707 55708 279
55536 55537 610
55536 55546 1009
55515 55519 984
55515 55539 2255
55537 55536 610
55537 55539 789
54853 54846 1248
54853 56616 1543
54867 54870 884
54867 54873 1703
54868 54873 848
54868 55505 2105
55503 55505 884
55503 55520 952
55516 55519 1357
55516 55521 1067
55516 55540 2233
55520 55503 952
55520 55521 650
55511 55519 2407
52766 53672 202
53697 53698 612
53697 53699 1027
140853 140846 799
140853 140855 1737
140857 140855 810
140857 140856 3505
195095 195092 822
195095 195100 1217
195102 195100 781
195102 195270 2808
195102 195316 759
214503 214445 6471
195315 195319 2646
195315 195325 981
144192 144182 38
140588 140589 2574
140588 140590 740
140588 140862 1415
140862 140588 1415
140862 140863 512
140862 140870 1740
140884 140885 1008
140887 140885 800
140887 140891 1283
140890 140891 783
140890 140893 2032
140839 140840 1287
140839 140844 1020
140942 140840 834
140942 140932 745
140942 140943 1998
140841 140842 809
140841 140844 991
140928 140893 783
140928 140938 2047
140932 140933 1981
140932 140942 745
140934 140933 776
140934 140948 2037
140939 140938 768
140939 140948 776
140939 140949 2137
186266 186268 1594
186266 186287 515
186290 186272 622
186290 186287 1415
186299 186298 1233
186421 186298 780
186421 186420 821
186421 186423 792
186423 186421 792
186423 186424 856
186432 186429 369
186444 186459 769
186460 186459 1747
186460 186461 633
186460 186644 778
186651 186459 2021
186651 186653 820
186671 186653 2018
186671 186672 843
186693 186765 229
186775 186771 705
186775 186774 1394
186796 186798 1379
186797 186774 687
186797 186792 1348
186797 186798 785
186801 186798 792
186801 186810 1332
186816 186810 702
186816 186817 943
186821 186823 348
187131 187130 1077
187131 187132 808
187129 187130 1536
187129 187162 327
186929 186928 2157
186907 186906 2524
186907 186908 770
186907 187164 1433
187138 186908 1068
187138 187139 1150
186924 186923 2273
186924 186925 570
186924 186928 802
187164 186907 1433
187164 186925 795
187140 187139 642
187140 187162 411
187140 190519 617
140632 140650 926
140632 140652 421
140632 140653 1143
140649 140627 777
140649 140650 1482
140634 140633 862
140634 140635 844
140637 140635 1024
140637 140651 756
187162 187129 327
187162 187140 411
187162 187143 1535
52830 55709 1933
55712 55709 807
55712 55718 2341
55719 55718 752
55719 55720 2068
55722 55720 752
55722 55723 1594
55727 55724 1357
55736 55738 2511
55737 55726 709
55737 55738 766
55737 55796 2204
55798 55797 336
55809 55810 558
55756 55759 600
55760 56651 2136
55760 56652 1467
55763 55764 842
55763 55768 1505
55772 55768 790
55772 55775 871
55772 55866 1467
55775 55772 871
55775 55867 1483
55870 55867 850
55870 55878 1483
55870 55886 790
55886 55870 790
55886 55879 1375
55891 55879 871
55891 55895 1375
55896 55895 871
56542 55899 1483
55882 55880 3130
55882 55898 344
55882 55899 871
56547 56550 683
56547 56551 1505
56548 55899 790
56548 56551 766
56549 56550 562
56549 56563 517
56561 56563 1467
50662 56569 581
50662 56572 453
56574 55578 672
56574 56569 984
56571 56572 1475
56566 56563 435
56566 56567 581
56566 56572 418
189806 189801 1394
189806 189804 348
190170 190192 368
189801 189802 348
189801 189806 1394
186269 186268 1478
186269 189724 949
190197 190193 898
190197 190199 812
190198 190199 1473
190198 190205 788
190253 190254 876
190255 190254 451
190179 190236 460
190179 190239 764
190179 190240 720
190205 190198 788
190205 190206 1337
190205 190233 556
190236 190179 460
190236 190233 841
190236 190234 1131
195092 195090 817
195092 195095 822
195092 195103 1195
195090 195092 817
195090 195097 719
195090 195099 1203
195096 195097 976
195117 195118 1271
214808 195118 406
214808 195262 925
195262 194735 1421
195262 214808 925
195262 214906 67
195263 194735 80
195263 195273 4952
195304 195306 779
195305 195306 786
195305 195758 1671
195305 195760 880
195737 195739 1668
195758 195305 1671
195758 195759 608
195296 214455 1432
195296 214992 3080
195460 195461 839
195460 195765 1666
195461 195460 839
195461 195740 766
195461 195762 989
195740 195461 766
195740 195739 838
195740 195761 554
195766 195765 750
195766 195768 2217
195806 195822 659
195806 195827 1536
195808 195821 833
195808 195848 1007
195840 195841 659
195840 195848 1166
195807 195821 897
195807 195822 765
195839 195841 765
195839 195842 677
196005 196004 659
195827 195806 1536
195827 195832 191
195827 195833 386
196003 196004 1075
196025 196021 669
196117 196105 752
196117 196118 622
202740 202741 2447
202747 202749 822
202747 202750 1983
202748 202750 724
202748 203145 2065
203145 202748 2065
203145 203146 736
203229 203146 2040
203229 203230 753
203229 203245 2000
203245 203229 2000
203245 203247 744
203245 203282 1958
203280 203282 744
203280 203291 684
203291 203280 684
203291 203284 883
203294 203300 337
203436 203435 781
203436 203439 1595
203437 203429 730
203437 203445 706
203438 203446 953
203438 203457 368
203301 203300 363
203303 203293 1091
203303 203304 539
203304 203303 539
203304 203428 964
203429 203428 938
203429 203437 730
203435 203436 781
203435 203451 1581
203435 214092 272
203498 203477 2025
203498 203499 943
203501 203499 895
203501 203509 1628
203521 203524 762
203521 203525 894
203477 203450 1484
203477 203460 1406
203477 203498 2025
203525 203521 894
203525 203539 781
205677 205678 639
205702 205679 2637
205702 205703 1356
203454 203451 751
203454 203455 1023
203468 203455 1625
203468 203469 691
203467 203450 1380
203467 203464 785
203469 203463 395
203469 203468 691
202510 202508 1990
202510 202512 816
202510 202544 2374
202559 202544 745
202559 202564 1577
202712 202713 1355
202714 202713 791
202714 202715 143
202715 202714 143
202715 202726 401
202564 202559 1577
202564 202560 751
202564 202566 1655
202659 202663 884
202661 202663 1605
202674 202676 691
202716 202676 1974
202716 202717 810
202716 202720 1552
202720 202716 1552
202720 202721 793
202690 202713 843
196118 196114 781
196118 196117 622
196131 196114 1977
196131 196116 870
196131 196135 2251
196116 196115 1671
196116 196131 870
196116 214638 670
196534 196110 1334
215127 215126 1123
196554 196553 1641
196554 196555 194
197117 197116 1214
197117 197119 660
197081 197118 960
197119 197117 660
197119 197118 1214
197102 197101 1656
197102 197106 953
197102 197121 705
197103 197101 749
197103 197115 660
197121 197102 705
197121 197107 943
197128 197100 839
197128 197107 737
197128 197112 742
197128 197130 2563
197132 197164 769
197133 197164 815
197133 202502 1186
202513 202502 473
202513 202515 343
205854 205897 2844
214961 214962 675
214961 214962 675
205981 205900 550
205981 205916 1026
205981 214963 539
205983 205980 475
205983 205998 943
206001 205916 1005
206001 205918 846
205893 205897 1701
205893 205898 841
205705 205706 1463
205744 205752 1695
205744 205756 605
205754 205755 867
205763 205764 772
205763 205923 1531
205752 205744 1695
205752 205753 706
205752 205764 2110
205923 205763 1531
205923 205925 787
205923 205928 838
205924 205928 773
205924 205938 1860
205911 205912 2254
205911 214746 269
205915 206578 1359
205915 206579 1044
206579 205915 1044
206579 206580 1380
206602 206603 1257
206585 206580 872
206585 206590 1590
206599 206590 774
206599 206601 1469
214825 206642 162
194983 195322 349
194983 206652 755
194983 206826 231
195322 194983 349
195322 195321 2559
206831 195321 1228
206831 206839 943
206831 206841 1506
206839 206831 943
206839 206840 1341
206844 206840 1229
206844 206874 1100
206844 206875 1797
206874 206844 1100
206874 206876 915
206874 206878 1604
209189 206893 1440
209189 209197 1296
209199 209212 756
209199 209213 724
209206 209212 1090
209204 209208 702
209204 209210 4091
209207 209208 1496
209181 209217 1903
209181 209221 1886
202447 209225 619
206878 206874 1604
206878 206892 1189
206878 206894 937
206891 206892 774
206891 206893 2026
180974 180967 1576
180974 180973 1199
180974 180975 639
184303 184415 709
184415 184303 709
184266 184264 893
184268 184272 610
184264 184266 893
184272 184268 610
184344 184343 752
184343 184344 752
184229 184228 766
181887 181888 796
184228 184229 766
181879 181880 1067
181880 181879 1067
181888 181887 796
182732 182740 202
182740 182732 202
182766 185727 993
185727 182766 993
182967 182984 1387
182984 182967 1387
182983 182986 1435
182986 182983 1435
183210 183266 1560
183266 183210 1560
183575 183279 1267
183279 183575 1267
183080 183078 682
183078 183080 682
209223 209221 406
209431 209432 1953
209432 209431 1953
179197 179195 1421
179195 179197 1421
179359 179367 1456
179367 179359 1456
180970 180973 1034
31725 31728 1427
31073 31147 2410
31147 31073 2410
31728 31725 1427
32950 32895 1123
32895 32950 1123
32951 32956 937
32956 32951 937
33036 33037 1220
33037 33036 1220
33181 33184 1351
33184 33181 1351
17143 17144 1031
17144 17143 1031
17578 17640 3183
17640 17578 3183
17053 17496 2697
17496 17053 2697
17844 17845 96
17845 17844 96
17939 17942 2796
17942 17939 2796
18755 18756 713
18763 18756 994
18759 20321 2718
20326 20321 648
18555 18560 2028
18756 18755 713
18756 18757 2851
18756 18763 994
18760 18757 708
18765 18757 2240
18778 18776 344
18780 18788 2875
18783 18788 3497
18790 18789 313
20347 18789 194
18772 18774 950
18785 18774 1565
18785 18871 688
18785 18877 681
18893 18900 1336
18897 18896 557
18897 18900 418
18903 18904 336
18903 18906 2577
18906 18903 2577
18906 18915 806
19014 18915 2453
19014 19004 904
19014 19009 2138
19014 19016 708
19017 19009 788
19017 19011 3223
19017 19016 2110
19811 19023 947
35299 35301 166
35302 35301 260
18870 18871 1562
18872 18873 1756
18872 18873 1756
18872 18874 1151
18873 18872 1756
18873 18872 1756
18873 18874 2364
18838 18840 836
18841 18889 788
18847 18889 1686
17201 17200 311
20797 20798 736
35460 20798 422
25322 25323 1768
25322 25324 1901
25322 25329 806
19002 19006 826
19002 19007 3051
19004 19006 2085
19004 19014 904
19005 19007 750
19005 25426 2459
25323 25322 1768
25323 25426 938
25316 25317 747
25316 25388 905
25382 25385 1576
25382 25387 737
25392 25385 1033
25392 25393 2068
25386 25387 1124
25317 25316 747
25317 25318 951
25328 25318 975
25328 25327 1066
25324 25322 1901
25324 25327 938
27577 25456 264
25393 25392 2068
25393 25395 904
25368 25397 1517
25405 25404 1217
25417 25404 769
25417 25421 862
25424 25421 1683
26793 26791 1055
26793 26794 612
26793 26795 747
26791 26789 818
26791 26792 1409
26791 26793 1055
26734 26790 1293
26734 26814 939
26789 26790 809
26789 26791 818
26820 26821 927
26820 26822 2079
26822 26820 2079
26822 26821 2321
26836 26835 403
26929 26837 975
26929 26930 737
26917 26919 1022
26917 26930 1672
26917 26931 737
26924 26926 1576
26924 26942 809
26925 26926 738
26925 26932 2090
26922 26942 611
26922 26948 788
26919 26917 1022
26919 26932 676
26753 26755 279
26757 26765 2090
26757 26770 1073
26774 26770 1812
26774 26776 1085
26775 26776 1438
26775 26948 806
26762 26761 1344
26762 27092 403
26716 26719 676
26716 26758 1951
26718 26719 1254
26752 26758 475
27044 27050 1672
27049 27050 939
27047 27055 1106
27047 27056 403
27056 27047 403
27056 27057 336
27056 27059 951
27056 27063 1702
27048 27058 806
27057 27056 336
27057 27058 1344
27065 27058 1115
27065 27067 418
27066 27068 1631
27067 27065 418
27067 27068 1411
27072 27071 557
27072 27073 1226
27072 27078 713
27071 27072 557
27071 27074 873
27085 27074 1906
27150 27088 829
27153 27088 1140
27153 27166 373
27153 27168 511
14345 26499 1008
26498 26499 650
26498 27152 1008
27175 27160 209
26486 26354 373
26486 26494 1946
26501 26494 884
26501 26504 2214
26503 26504 951
14343 14342 504
26354 14342 701
26354 26486 373
26536 27381 751
26537 27381 1716
26537 27406 807
27187 27406 1991
27410 27409 474
27410 27412 276
27417 27416 3934
34082 34081 791
53375 53377 5234
53376 53377 699
52759 52764 1100
52765 52764 373
55546 55536 1009
55546 55547 2142
55708 55547 2341
55708 55707 279
55708 55709 630
55717 55547 738
55717 55709 2543
55717 55718 709
55519 55511 2407
55519 55515 984
55519 55516 1357
55539 55515 2255
55539 55537 789
54846 54853 1248
56616 54853 1543
54870 54867 884
54873 54867 1703
54873 54868 848
55505 54868 2105
55505 55503 884
55521 55516 1067
55521 55520 650
55540 55516 2233
53672 52766 202
53698 53697 612
53699 53697 1027
140846 140842 857
140846 140853 799
140855 140853 1737
140855 140857 810
140856 140857 3505
195100 195095 1217
195100 195102 781
195100 195103 834
195270 195102 2808
195316 195102 759
214445 214503 6471
195319 195315 2646
195325 195315 981
144182 144192 38
140589 140588 2574
140590 140588 740
140863 140862 512
140870 140862 1740
140885 140884 1008
140885 140887 800
140891 140887 1283
140891 140890 783
140893 140890 2032
140893 140928 783
140840 140839 1287
140840 140942 834
140844 140839 1020
140844 140841 991
140943 140933 738
140943 140942 1998
140842 140841 809
140842 140846 857
140938 140928 2047
140938 140939 768
140933 140932 1981
140933 140934 776
140933 140943 738
140948 140934 2037
140948 140939 776
140949 140939 2137
186268 186266 1594
186268 186269 1478
186287 186266 515
186287 186290 1415
186272 186290 622
186272 186298 734
186298 186272 734
186298 186299 1233
186298 186421 780
186420 186421 821
186420 186424 770
186424 186420 770
186424 186423 856
186424 186429 794
186429 186424 794
186429 186432 369
186459 186444 769
186459 186460 1747
186459 186651 2021
186461 186460 633
186644 186460 778
186653 186651 820
186653 186671 2018
186672 186671 843
186765 186693 229
186765 186771 800
186771 186765 800
186771 186775 705
186774 186775 1394
186774 186797 687
186798 186796 1379
186798 186797 785
186798 186801 792
186792 186797 1348
186810 186801 1332
186810 186816 702
186817 186816 943
186823 186821 348
187130 187129 1536
187130 187131 1077
187130 187143 425
187132 187131 808
186928 186924 802
186928 186929 2157
186906 186907 2524
186908 186907 770
186908 187138 1068
187139 187138 1150
187139 187140 642
186923 186924 2273
186925 186924 570
186925 187164 795
190519 187140 617
140650 140632 926
140650 140649 1482
140652 140632 421
140652 140651 394
140653 140632 1143
140627 140649 777
140633 140634 862
140635 140634 844
140635 140637 1024
140651 140637 756
140651 140652 394
187143 187130 425
187143 187162 1535
55709 52830 1933
55709 55708 630
55709 55712 807
55709 55717 2543
55718 55712 2341
55718 55717 709
55718 55719 752
55720 55719 2068
55720 55722 752
55723 55722 1594
55723 55724 677
55724 55723 677
55724 55726 1594
55724 55727 1357
55738 55736 2511
55738 55737 766
55738 55797 344
55726 55724 1594
55726 55737 709
55796 55737 2204
55797 55738 344
55797 55798 336
55810 55809 558
55759 55756 600
56651 55760 2136
56652 55760 1467
55764 55763 842
55768 55763 1505
55768 55772 790
55866 55772 1467
55866 55867 790
55867 55775 1483
55867 55866 790
55867 55870 850
55878 55870 1483
55878 55879 766
55879 55878 766
55879 55886 1375
55879 55891 871
55895 55891 1375
55895 55896 871
55899 55882 871
55899 56542 1483
55899 56548 790
55880 55882 3130
55898 55882 344
56550 56547 683
56550 56549 562
56551 56547 1505
56551 56548 766
56563 56549 517
56563 56561 1467
56563 56566 435
56569 50662 581
56569 56567 871
56569 56574 984
56572 50662 453
56572 56566 418
56572 56571 1475
55578 56574 672
56567 56566 581
56567 56569 871
189804 189802 1394
189804 189806 348
189804 190193 1052
190192 190170 368
190192 190193 449
189802 189801 348
189802 189804 1394
189724 186269 949
189724 190254 542
190193 189804 1052
190193 190192 449
190193 190197 898
190199 190197 812
190199 190198 1473
190254 189724 542
190254 190253 876
190254 190255 451
190239 190179 764
190239 190234 1395
190239 190240 366
190240 190179 720
190240 190239 366
190206 190205 1337
190233 190205 556
190233 190234 769
190233 190236 841
190234 190233 769
190234 190236 1131
190234 190239 1395
195103 195092 1195
195103 195099 858
195103 195100 834
195097 195090 719
195097 195096 976
195099 195090 1203
195099 195103 858
195118 195117 1271
195118 214808 406
195118 214906 1339
194735 195262 1421
194735 195263 80
214906 195118 1339
214906 195262 67
195273 195263 4952
195273 214455 3461
195306 195304 779
195306 195305 786
195760 195305 880
195760 195759 1406
195739 195737 1668
195739 195740 838
195739 195759 198
195739 195761 942
195759 195739 198
195759 195758 608
195759 195760 1406
214455 195273 3461
214455 195296 1432
214992 195296 3080
195765 195460 1666
195765 195762 1078
195765 195766 750
195762 195461 989
195762 195761 946
195762 195765 1078
195761 195739 942
195761 195740 554
195761 195762 946
195768 195766 2217
195822 195806 659
195822 195807 765
195821 195807 897
195821 195808 833
195848 195808 1007
195848 195840 1166
195841 195839 765
195841 195840 659
195842 195839 677
196004 196003 1075
196004 196005 659
195832 195827 191
195832 195833 314
195833 195827 386
195833 195832 314
196021 196025 669
196105 196117 752
202741 202740 2447
202741 202749 559
202749 202741 559
202749 202747 822
202750 202747 1983
202750 202748 724
202750 203146 1990
203146 202750 1990
203146 203145 736
203146 203229 2040
203230 203229 753
203230 203247 1975
203247 203230 1975
203247 203245 744
203282 203245 1958
203282 203280 744
203282 203284 1117
203284 203282 1117
203284 203291 883
203284 203293 1292
203284 203300 1073
203300 203284 1073
203300 203294 337
203300 203301 363
203439 203436 1595
203439 203451 1179
203439 203457 395
203445 203437 706
203445 203446 648
203446 203438 953
203446 203445 648
203457 203438 368
203457 203439 395
203293 203284 1292
203293 203303 1091
203428 203304 964
203428 203429 938
203451 203435 1581
203451 203439 1179
203451 203454 751
214092 203435 272
203499 203498 943
203499 203501 895
203509 203501 1628
203524 203521 762
203450 203467 1380
203450 203477 1484
203460 203477 1406
203539 203525 781
203539 205678 2087
205678 203539 2087
205678 205677 639
205678 205679 326
205679 205678 326
205679 205702 2637
205703 205702 1356
203455 203454 1023
203455 203468 1625
203464 203463 1226
203464 203467 785
203463 203464 1226
203463 203469 395
202508 202510 1990
202508 202515 188
202512 202510 816
202544 202510 2374
202544 202559 745
202544 202560 1445
202713 202690 843
202713 202712 1355
202713 202714 791
202726 202715 401
202560 202544 1445
202560 202564 751
202566 202564 1655
202566 202663 685
202663 202566 685
202663 202659 884
202663 202661 1605
202676 202674 691
202676 202716 1974
202717 202716 810
202717 202721 1389
202721 202717 1389
202721 202720 793
196114 196115 573
196114 196118 781
196114 196131 1977
196135 196131 2251
196115 196114 573
196115 196116 1671
214638 196116 670
196110 196534 1334
215126 196555 1782
215126 215127 1123
196553 196554 1641
196555 196554 194
196555 215126 1782
197116 197115 351
197116 197117 1214
197116 197118 660
197118 197081 960
197118 197116 660
197118 197119 1214
197101 197102 1656
197101 197103 749
197106 197102 953
197106 197107 833
197115 197103 660
197115 197116 351
197107 197106 833
197107 197121 943
197107 197128 737
197100 197112 524
197100 197128 839
197112 197100 524
197112 197128 742
197130 197128 2563
197164 197132 769
197164 197133 815
202502 197133 1186
202502 202513 473
202502 202515 288
202515 202502 288
202515 202508 188
202515 202513 343
205897 205854 2844
205897 205893 1701
205897 205900 1297
214962 214961 675
214962 214961 675
214962 214963 1189
205900 205897 1297
205900 205981 550
205900 214963 466
205916 205981 1026
205916 206001 1005
214963 205900 466
214963 205981 539
214963 214962 1189
205980 205983 475
205998 205983 943
205918 206001 846
205898 205893 841
205706 205705 1463
205756 205744 605
205756 205753 1664
205756 205755 696
205755 205754 867
205755 205756 696
205764 205752 2110
205764 205763 772
205764 205925 1604
205753 205752 706
205753 205756 1664
205925 205764 1604
205925 205923 787
205928 205923 838
205928 205924 773
205938 205924 1860
205912 205911 2254
205912 206578 867
214746 205911 269
206578 205912 867
206578 205915 1359
206578 206580 1133
206580 206578 1133
206580 206579 1380
206580 206585 872
206603 206602 1257
206590 206585 1590
206590 206599 774
206601 206599 1469
206642 214825 162
206652 194983 755
206826 194983 231
206826 195321 2692
195321 195322 2559
195321 206826 2692
195321 206831 1228
206841 206831 1506
206841 206840 1228
206840 206839 1341
206840 206841 1228
206840 206844 1229
206875 206844 1797
206876 206874 915
206876 206894 1620
206893 206891 2026
206893 209189 1440
209197 209189 1296
209197 209213 864
209212 209199 756
209212 209206 1090
209213 209197 864
209213 209199 724
209208 209204 702
209208 209207 1496
209208 209217 1510
209210 209204 4091
209217 209181 1903
209217 209208 1510
209221 209181 1886
209221 209223 406
209225 202447 619
206892 206878 1189
206892 206891 774
206894 206876 1620
206894 206878 937
180967 180974 1576
180973 180970 1034
180973 180974 1199
180975 180974 639
930
20321
18560
18757
18776
18788
18789
18774
18877
18900
18904
18915
19016
19023
35301
18896
18871
18874
18840
18889
17200
20798
25329
19006
19007
25426
25388
25385
25387
25318
25327
19009
19011
25456
25395
25397
25404
25421
26795
26794
26792
26790
26814
26821
26835
26837
26930
26931
26926
26942
26932
26755
26765
26770
26776
27092
26719
26758
26761
27050
27055
27063
26948
27058
27059
27068
27078
27073
27074
27088
27166
26499
27152
27160
27168
26494
26504
14342
27381
27406
27409
27412
27416
34081
53377
52764
55547
55707
55536
55515
55537
54853
54867
54868
55503
55516
55520
55511
52766
53697
140853
140857
195095
195102
214503
195315
144192
140588
140862
140884
140887
140890
140839
140942
140841
140928
140932
140934
140939
186266
186290
186299
186421
186423
186432
186444
186460
186651
186671
186693
186775
186796
186797
186801
186816
186821
187131
187129
186929
186907
187138
186924
187164
187140
140632
140649
140634
140637
187162
52830
55712
55719
55722
55727
55736
55737
55798
55809
55756
55760
55763
55772
55775
55870
55886
55891
55896
56542
55882
56547
56548
56549
56561
50662
56574
56571
56566
189806
190170
189801
186269
190197
190198
190253
190255
190179
190205
190236
195092
195090
195096
195117
214808
195262
195263
195304
195305
195737
195758
195296
195460
195461
195740
195766
195806
195808
195840
195807
195839
196005
195827
196003
196025
196117
202740
202747
202748
203145
203229
203245
203280
203291
203294
203436
203437
203438
203301
203303
203304
203429
203435
203498
203501
203521
203477
203525
205677
205702
203454
203468
203467
203469
202510
202559
202712
202714
202715
202564
202659
202661
202674
202716
202720
202690
196118
196131
196116
196534
215127
196554
197117
197081
197119
197102
197103
197121
197128
197132
197133
202513
205854
214961
205981
205983
206001
205893
205705
205744
205754
205763
205752
205923
205924
205911
205915
206579
206602
206585
206599
214825
194983
195322
206831
206839
206844
206874
209189
209199
209206
209204
209207
209181
202447
206878
206891
180974
180992
180206
180941
180933
180937
180989
181159
181161
181165
181173
181170
181197
181253
181517
181519
181521
181585
185842
184283
184417
184433
184303
184415
184282
184266
184220
184276
184268
184270
184264
184272
184203
184223
184145
184322
184325
184333
184337
184339
184344
184319
184343
184419
184424
184426
184482
184430
184229
181887
181899
181896
181898
183091
183097
183136
184228
184235
184500
181812
181879
181880
181888
185609
176656
180254
184609
181876
183063
183073
185660
185664
185193
185505
181589
185593
185961
182663
182676
181717
182716
182730
182732
182737
182740
182901
182748
182766
182768
185727
182805
182782
182910
182967
182984
182983
182986
183510
183529
183544
183588
183623
183587
183616
183722
183724
183559
183741
183561
183210
183266
183575
183276
183279
183619
185864
183187
183232
183249
183253
183261
183070
183080
183078
214199
214202
214201
184124
214196
184129
184128
184134
210324
210326
210389
210392
209223
202137
209249
209416
209423
209431
209432
209446
209487
209596
209618
210116
210128
210196
210199
210380
162642
162650
162648
162806
162562
162804
162810
162813
161315
179157
179215
179197
179195
179359
179367
179421
179363
179419
179427
179425
180970
115629
115920
115921
106101
106446
106439
106277
106279
106774
106308
106364
106361
106429
32364
106075
106092
106080
106084
116214
114679
114785
114784
191718
191796
192140
193170
193105
193272
193218
193231
192433
192558
192557
190897
192520
194129
194130
190860
192269
192276
35137
35166
35057
35059
30243
30322
30326
30265
30266
30297
30312
30569
30572
30319
30439
30475
30434
30445
30430
30436
30450
30367
30368
30375
30525
30827
30861
30862
30527
30552
30553
30700
30349
30341
31705
31725
31087
31090
31073
31147
31728
31150
34442
31154
31786
31789
31517
31811
31823
31849
31852
31858
32849
32950
32895
32951
32956
32964
32987
32989
33036
33037
33039
33162
23782
33180
33181
33184
33418
33423
33461
33486
33491
33475
33492
14698
16963
17006
16967
17015
15064
17002
17051
17130
17143
17144
17148
17050
17538
17056
17534
34455
17562
17576
17578
17640
17505
17522
17053
17496
17489
17492
17481
17643
17696
17697
9080
17844
17845
17848
17855
17939
17942
17952
17946
17949
17966
18731
18733
18737
18755
18763
17914
17962
17968
17896
18520
18290
18529
18759
20326
18555
18756
18760
18778
18780
18783
18772
18785
18893
18897
18903
18906
35299
18870
18838
18841
18847
35460
25322
19002
19004
19005
25323
25316
25382
25392
25386
25317
25328
25324
25393
25368
25405
25417
25424
26734
26820
26929
26917
26924
26925
26922
26919
26753
26757
26774
26775
26762
26716
26718
26752
27044
27049
27047
27048
27057
27065
27066
27067
27071
27150
14345
26498
26486
26501
26503
14343
26354
26536
26537
27187
27410
27417
34082
53375
53376
52759
52765
55546
55717
55519
55539
54846
54870
54873
55505
55521
55540
53672
53698
53699
140846
140855
140856
195100
195270
195316
214445
195319
195325
144182
140590
140863
140870
140885
140891
140893
140840
140844
140943
140842
140938
140933
140948
140949
186268
186287
186272
186298
186420
186429
186459
186461
186644
186653
186672
186765
186771
186774
186798
186792
186810
186817
186823
187130
186928
186906
186908
187139
186923
186925
190519
140650
140653
140627
140633
140635
140651
187143
55718
55720
55723
55726
55796
55810
55764
55768
55866
55867
55878
55879
55895
55880
55898
56550
56551
56563
56569
55578
56567
189804
190192
189802
189724
190193
190199
190239
190240
190206
190233
190234
195103
195097
195099
194735
214906
195273
195306
195760
195768
195822
195821
195848
195841
195842
195832
195833
196021
196105
202741
202749
202750
203146
203230
203247
203282
203445
203446
203457
203293
203428
203499
203509
203524
203450
203460
203539
205679
205703
203455
203464
203463
202508
202512
202544
202560
202566
202676
202717
202721
196114
196115
196110
196553
196555
197101
197106
197100
197112
197130
197164
202502
205897
205916
205980
205998
205918
205898
205706
205755
205764
205753
205925
205928
205938
205912
214746
206578
206580
206603
206590
206642
206652
206826
195321
206841
206840
206875
206876
206893
209197
209212
209213
209208
209210
209217
209221
209225
206892
206894
180967
180973
