2164
238906 236018 542
238906 238907 2210
238906 257805 2868
4383 4377 2643
4383 4384 2233
1756 1709 1234
5516 1755 452
5516 5514 1513
5520 5517 1096
5520 5521 782
5478 5469 1281
5478 5480 1293
5478 5481 667
5517 5480 3853
5517 5515 562
5517 5520 1096
1769 1781 6133
1769 1782 691
5506 5483 1574
5512 5524 225
1784 1783 671
1790 1791 2350
1790 1794 1464
1790 1808 1667
1795 1792 1220
1795 1805 2072
1800 1798 562
1800 1799 418
1797 1798 436
1799 1798 402
1799 1800 418
2228 2225 434
2228 2227 475
259289 259295 404
261445 261446 595
261445 261979 1185
259325 259324 311
259325 259326 2334
259326 259325 2334
259326 259340 2528
259332 259324 4896
259332 259328 1892
259354 259355 1296
259354 259357 3895
259278 259250 930
263295 263296 2018
263295 263297 2130
259112 259108 2201
259112 262610 1268
259114 262609 484
259119 259118 7828
259595 259598 4217
259595 259599 4083
259601 259599 1470
259605 259621 1080
263034 263035 782
263034 263036 805
5425 5426 1545
5425 5427 2102
5381 5219 1114
5381 5380 825
5386 53 426
5386 5387 649
5386 5389 1305
5390 5387 536
5390 5392 1298
5441 5440 1509
5441 5443 2002
1704 1705 1112
1704 1706 1466
1704 5450 929
5449 5448 896
5449 5450 610
5443 5441 2002
5443 5446 1179
5443 5448 780
1705 1704 1112
1705 1709 2034
1727 1766 846
5270 5271 2229
5270 5273 418
5272 5265 2006
5272 5273 419
5219 5220 419
5219 5381 1114
5376 5377 402
5376 5380 418
259563 259560 1964
259519 259518 865
259519 259523 595
259116 259117 15551
259116 259571 4456
259581 259579 357
259581 259582 352
259555 259556 1138
259555 259557 580
259691 259690 8350
259694 259699 2656
261228 259697 1269
261228 261229 1147
261603 262888 8
259867 259864 566
261585 261595 941
261585 262040 1618
260088 263982 2194
260347 261344 408
4834 4838 598
4834 4840 1129
4863 4839 1534
4863 5150 841
4864 4861 5177
4864 4865 948
4861 4862 2665
4861 4864 5177
4839 4838 2734
4839 4838 2734
4839 4863 1534
4483 4482 64
4483 4491 262
4495 4932 683
4495 4932 683
260096 260097 1217
260096 260098 544
262273 260317 638
262273 262274 512
4459 4893 1827
4880 4872 974
4880 4878 1334
259999 259997 1144
259999 260001 2714
260001 259999 2714
260001 260000 1178
260065 260064 2079
260065 260089 3091
260076 260077 1087
260076 260082 671
260099 260081 549
32 33 1994
32 34 337
4885 4431 656
4885 4888 1185
4473 4472 596
4473 4930 1444
4473 4934 611
4950 4945 2779
4950 4984 983
4976 4946 889
4976 4979 1255
4978 4981 353
4978 4982 474
4983 4972 696
4983 4985 1680
4923 4925 786
4924 4925 1194
260643 260639 496
260643 260642 421
260623 257765 5707
260623 260624 3297
260646 260635 3713
260824 262959 504
260824 262959 504
260828 257793 1794
260828 262997 1800
263360 257776 8338
257791 257792 2107
257791 257801 8929
263437 238959 2641
263437 263439 1071
239130 238959 1274
239130 239190 731
260857 260852 429
260857 262465 861
260689 260688 1042
260689 262602 1957
257694 257692 7793
257694 257726 2624
257694 257731 2036
257801 257791 8929
257801 262372 5896
257740 257739 1291
4219 4275 8861
4219 4285 5122
4367 4285 1338
4367 4369 527
257805 236019 624
257805 238906 2868
236018 236019 3095
236018 238906 542
236018 238907 1956
236018 238954 1547
238907 236018 1956
238907 238906 2210
238907 238959 1941
4377 4370 2917
4377 4381 1203
4377 4383 2643
4377 4384 886
4384 4377 886
4384 4383 2233
4384 4385 866
1709 1705 2034
1709 1706 672
1709 1756 1234
1755 1706 867
1755 5451 1591
1755 5516 452
5514 5452 1436
5514 5515 1356
5514 5516 1513
5521 5520 782
5469 5402 1004
5469 5476 515
5469 5478 1281
5469 5479 515
5480 5475 610
5480 5478 1293
5480 5479 868
5480 5517 3853
5481 5478 667
5481 5483 1253
5515 5503 707
5515 5514 1356
5515 5517 562
1781 1769 6133
1782 1769 691
1782 1783 315
5483 5481 1253
5483 5486 4225
5483 5505 562
5483 5506 1574
5524 5512 225
5524 5533 1110
1783 1782 315
1783 1784 671
1791 1790 2350
1791 1792 1667
1791 1794 1268
1794 1790 1464
1794 1791 1268
1794 1809 2496
1808 1790 1667
1808 1809 1024
1808 1810 1559
1792 1791 1667
1792 1793 1609
1792 1795 1220
1805 1795 2072
1798 1797 436
1798 1799 402
1798 1800 562
2225 2226 1792
2225 2227 333
2225 2228 434
2227 2221 1084
2227 2225 333
2227 2228 475
259295 259289 404
259295 259294 1622
261446 261445 595
261979 261445 1185
259324 259320 932
259324 259325 311
259324 259332 4896
259340 259326 2528
259340 259334 197
259340 259341 2346
259328 259329 1935
259328 259332 1892
259328 259352 4038
259355 259354 1296
259355 262594 1367
259355 262595 731
259357 259354 3895
259357 259415 2303
259357 259417 2269
259250 259251 599
259250 259277 865
259250 259278 930
263296 263295 2018
263296 263298 130
263296 263299 1036
263297 263295 2130
259108 259107 3785
259108 259110 2607
259108 259112 2201
262610 259112 1268
262609 259114 484
259118 259094 576
259118 259119 7828
259598 259595 4217
259598 262902 314
259599 259595 4083
259599 259600 1176
259599 259601 1470
259621 259605 1080
263035 263034 782
263036 263034 805
5426 5425 1545
5427 5425 2102
5427 5433 825
5427 5440 333
5380 5376 418
5380 5378 344
5380 5381 825
53 54 520
53 5386 426
5387 5290 4589
5387 5374 603
5387 5386 649
5387 5390 536
5389 5386 1305
5392 5390 1298
5392 5399 1499
5392 5400 1905
5440 5427 333
5440 5439 1700
5440 5441 1509
1706 1704 1466
1706 1709 672
1706 1755 867
5450 1704 929
5450 5449 610
5450 5451 222
5448 5443 780
5448 5449 896
5448 5680 1024
5446 5438 1621
5446 5439 452
5446 5443 1179
1766 1727 846
5271 5270 2229
5273 5270 418
5273 5272 419
5273 5274 884
5265 5264 336
5265 5272 2006
5220 5219 419
5377 5275 3216
5377 5376 402
5377 5378 671
5377 5379 1778
259560 259561 6914
259560 259563 1964
259518 259512 1316
259518 259519 865
259518 259520 968
259523 259515 384
259523 259517 421
259523 259519 595
259117 259094 668
259117 259116 15551
259571 259116 4456
259571 259570 882
259579 259577 2500
259579 259581 357
259582 259581 352
259582 259589 3956
259556 259555 1138
259556 259561 734
259557 259553 666
259557 259555 580
259690 258330 2282
259690 258331 2870
259690 259691 8350
259699 259694 2656
259699 259701 1986
259697 259696 2941
259697 259720 4286
259697 261228 1269
261229 261228 1147
262888 261603 8
259864 259861 2815
259864 259865 2782
259864 259866 17754
259864 259867 566
261595 261585 941
261595 262043 2376
261595 262043 2376
262040 261585 1618
262040 262935 252
262040 263064 221
263982 260088 2194
263982 262043 8
261344 260347 408
4838 4834 598
4838 4839 2734
4838 4839 2734
4840 4834 1129
5150 4863 841
4865 4864 948
4862 4861 2665
4482 4483 64
4482 4930 990
4491 4483 262
4491 4492 1321
4932 4492 876
4932 4495 683
4932 4495 683
4932 4933 746
4932 4933 746
4932 260318 1016
260097 260096 1217
260098 260096 544
260317 260316 701
260317 262273 638
262274 262273 512
4893 4459 1827
4872 4873 2028
4872 4878 808
4872 4880 974
4878 4872 808
4878 4874 835
4878 4879 1055
4878 4880 1334
259997 259998 1139
259997 259999 1144
259997 260000 3488
260000 259995 298
260000 259997 3488
260000 260001 1178
260064 260058 2338
260064 260063 929
260064 260065 2079
260089 259994 1446
260089 260065 3091
260089 260090 1699
260077 260058 2467
260077 260076 1087
260077 261871 509
260082 260076 671
260082 260080 541
260081 260080 890
260081 260099 549
33 32 1994
33 229 246
34 32 337
34 248 1346
4431 4432 2324
4431 4885 656
4888 4437 1114
4888 4885 1185
4888 4890 1092
4472 4473 596
4472 4931 272
4930 4473 1444
4930 4474 94
4930 4482 990
4934 4473 611
4934 4895 1922
4934 4935 818
4945 4944 1114
4945 4946 889
4945 4950 2779
4984 4950 983
4984 4988 1220
4984 4994 2879
4946 4944 671
4946 4945 889
4946 4976 889
4979 4976 1255
4981 4978 353
4982 4978 474
4972 51 1100
4972 4983 696
4985 4983 1680
4985 4986 1225
4985 4987 597
4925 4923 786
4925 4924 1194
4925 5030 6121
260639 260628 4006
260639 260642 596
260639 260643 496
260642 259414 9366
260642 260639 596
260642 260643 421
257765 257764 4184
257765 260623 5707
257765 262956 5428
260624 257755 5363
260624 260623 3297
260624 264182 1704
260635 260634 1221
260635 260636 322
260635 260646 3713
262959 260824 504
262959 260824 504
262959 262960 6306
262959 262960 6306
257793 257786 2396
257793 257794 982
257793 260828 1794
257793 262996 2881
262997 260828 1800
257776 257774 1670
257776 262960 119
257776 263360 8338
257792 257791 2107
238959 238907 1941
238959 239130 1274
238959 263437 2641
263439 263437 1071
239190 239130 731
239190 239191 502
239190 260852 602
260852 239190 602
260852 260853 291
260852 260857 429
262465 260857 861
260688 260689 1042
260688 260690 594
260688 260691 1030
262602 260689 1957
257692 257691 357
257692 257693 682
257692 257694 7793
257726 257694 2624
257726 257727 2628
257726 262370 3246
257731 257694 2036
257731 257730 1343
257731 257733 6481
262372 257801 5896
262372 262369 2919
262372 262374 1071
257739 257733 535
257739 257740 1291
4275 4215 1019
4275 4219 8861
4275 4287 5318
4285 4219 5122
4285 4284 1237
4285 4367 1338
4369 4367 527
4369 6401 1273
236019 236018 3095
236019 257804 727
236019 257805 624
238954 236018 1547
238954 238953 1496
238954 239191 4675
238954 257804 1995
4370 4295 943
4370 4371 4869
4370 4377 2917
4381 4377 1203
4381 4380 2180
4385 4384 866
4385 6464 2745
5451 1755 1591
5451 5450 222
5451 5452 746
5452 5451 746
5452 5514 1436
5452 5519 2477
5402 5401 3682
5402 5469 1004
5402 5470 515
5476 5460 597
5476 5469 515
5476 5477 3165
5479 5469 515
5479 5480 868
5475 5473 764
5475 5480 610
5475 5502 344
5503 5500 1077
5503 5502 2658
5503 5515 707
5486 5483 4225
5486 5485 10660
5505 5483 562
5505 5489 344
5505 5507 1277
5533 5524 1110
5533 5534 572
1809 1794 2496
1809 1808 1024
1809 1810 1055
1810 1808 1559
1810 1809 1055
1810 1811 1700
1793 1792 1609
2226 2225 1792
2221 2222 1479
2221 2223 1160
2221 2227 1084
259294 259290 4220
259294 259295 1622
259294 259300 2156
259320 259321 679
259320 259323 2813
259320 259324 932
259334 259335 1614
259334 259338 1354
259334 259340 197
259341 259340 2346
259341 259343 367
259341 259344 3332
259329 259327 676
259329 259328 1935
259329 262573 804
259352 259202 2971
259352 259328 4038
259352 262574 1821
262594 259355 1367
262594 262013 4142
262594 262596 1052
262595 259355 731
259415 259357 2303
259417 259357 2269
259417 259416 1020
259417 262016 884
259251 259250 599
259251 263293 751
259251 263294 3939
259277 259219 638
259277 259250 865
259277 262613 1076
263298 263296 130
263299 263296 1036
259107 259105 2636
259107 259108 3785
259110 259108 2607
259110 259109 641
259094 259095 5391
259094 259106 3866
259094 259117 668
259094 259118 576
262902 259598 314
262902 263457 96
259600 259599 1176
259600 262903 257
5433 5427 825
5433 5434 1084
5378 54 1778
5378 5377 671
5378 5380 344
54 53 520
54 55 406
54 5378 1778
5290 5277 335
5290 5387 4589
5290 5393 3882
5374 5373 1060
5374 5379 1375
5374 5387 603
5399 5392 1499
5399 5393 1915
5399 5400 2007
5400 5392 1905
5400 5399 2007
5400 5432 2039
5439 5440 1700
5439 5446 452
5439 5447 1139
5680 5448 1024
5438 5434 1935
5438 5436 847
5438 5446 1621
5274 5273 884
5274 5275 402
5274 5276 452
5264 5263 1442
5264 5265 336
5275 5274 402
5275 5276 336
5275 5377 3216
5379 5373 1204
5379 5374 1375
5379 5377 1778
259561 259556 734
259561 259560 6914
259512 259511 1796
259512 259517 509
259512 259518 1316
259520 259518 968
259515 259516 143
259515 259517 314
259515 259523 384
259517 259512 509
259517 259515 314
259517 259523 421
259570 259571 882
259570 259589 3215
259577 259567 1973
259577 259579 2500
259577 259580 1030
259589 259568 1487
259589 259570 3215
259589 259582 3956
259553 259552 328
259553 259557 666
258330 258326 3443
258330 259690 2282
258331 258329 6925
258331 258332 2029
258331 259690 2870
259701 259699 1986
259701 259700 6720
259696 259697 2941
259696 259702 1346
259720 259697 4286
259720 259721 343
259861 259860 1296
259861 259864 2815
259865 259864 2782
259865 259868 6050
259866 259864 17754
259866 259877 1860
259866 259985 1296
259866 259986 1340
262043 261595 2376
262043 261595 2376
262043 263982 8
262935 262040 252
263064 262040 221
4492 4491 1321
4492 4932 876
4492 4938 627
4933 4932 746
4933 4932 746
4933 4939 1413
4933 260318 415
260318 4932 1016
260318 4933 415
260318 260331 1078
260316 260317 701
260316 260320 693
260316 260327 1011
4873 4872 2028
4874 4875 1184
4874 4878 835
4879 4878 1055
259998 259997 1139
259998 260085 4102
259998 260248 335
259995 259994 839
259995 260000 298
259995 260085 831
260058 260056 1706
260058 260064 2338
260058 260077 2467
260063 259994 2030
260063 260062 901
260063 260064 929
259994 259995 839
259994 260063 2030
259994 260089 1446
260090 260089 1699
261871 260061 546
261871 260077 509
260080 260075 973
260080 260079 435
260080 260081 890
260080 260082 541
229 33 246
229 163 1137
248 34 1346
4432 4431 2324
4432 4437 155
4437 4432 155
4437 4441 1988
4437 4888 1114
4890 4888 1092
4890 4891 326
4890 4892 1974
4931 4472 272
4474 4475 1255
4474 4930 94
4895 4896 143
4895 4934 1922
4895 6373 377
4935 4934 818
4935 4937 627
4935 4940 1342
4944 4945 1114
4944 4946 671
4988 4984 1220
4988 4989 511
4988 4995 782
4994 4984 2879
4994 4996 1027
4994 4997 1444
51 52 2068
51 4972 1100
51 4990 1216
4986 4985 1225
4987 4985 597
5030 4925 6121
5030 5160 2016
5030 5250 2011
260628 246486 4142
260628 260639 4006
260628 264244 2366
259414 259413 1113
259414 260642 9366
259414 262572 1292
257764 257762 1102
257764 257765 4184
262956 257765 5428
257755 257754 1396
257755 257754 1396
257755 260622 2368
257755 260624 5363
264182 260624 1704
264182 264183 2430
264182 264184 2292
260634 260632 2572
260634 260635 1221
260634 262008 991
260636 260632 2312
260636 260635 322
260636 262546 625
262960 257776 119
262960 257777 1603
262960 262959 6306
262960 262959 6306
257786 257784 5875
257786 257793 2396
257794 257787 2249
257794 257793 982
262996 257793 2881
257774 257775 1073
257774 257776 1670
257774 257777 541
239191 238954 4675
239191 238955 1484
239191 239190 502
260853 260851 760
260853 260852 291
260690 260688 594
260691 260688 1030
257691 257647 2612
257691 257692 357
257691 257693 975
257693 257691 975
257693 257692 682
257693 257695 3724
257727 257726 2628
257727 257778 4839
257727 257779 2814
262370 257726 3246
257730 257728 727
257730 257731 1343
257730 257737 6159
257733 257731 6481
257733 257738 483
257733 257739 535
262369 257788 1924
262369 262372 2919
262369 262373 1754
262374 262372 1071
262374 262375 2347
262374 262377 1498
4215 4212 6616
4215 4275 1019
4215 4276 2089
4287 4275 5318
4287 4279 4107
4287 4289 551
4284 4282 591
4284 4285 1237
4284 4294 2049
6401 4369 1273
257804 236019 727
257804 238954 1995
257804 260845 6527
238953 238954 1496
238953 238955 1749
238953 238956 1616
4295 4294 5286
4295 4370 943
4295 4376 3128
4371 4370 4869
4380 4376 482
4380 4381 2180
4380 4382 2254
6464 4385 2745
5519 5452 2477
5401 5395 402
5401 5402 3682
5401 5403 1616
5470 5402 515
5470 5473 434
5460 5458 3613
5460 5467 515
5460 5476 597
5477 5476 3165
5473 5470 434
5473 5474 1111
5473 5475 764
5502 5471 1425
5502 5475 344
5502 5503 2658
5500 5499 1149
5500 5503 1077
5500 5504 580
5485 5486 10660
5485 5609 473
5485 5628 373
5485 5629 1120
5489 5490 511
5489 5491 511
5489 5505 344
5507 5505 1277
5507 5508 1780
5534 5528 1742
5534 5533 572
1811 1810 1700
2222 2221 1479
2223 2221 1160
259290 259291 8643
259290 259294 4220
259300 259294 2156
259300 259302 3076
259300 259305 2096
259321 259230 1574
259321 259320 679
259321 262012 573
259323 259320 2813
259335 259334 1614
259338 259334 1354
259338 259336 1143
259338 259339 1813
259343 259341 367
259343 259345 2283
259344 259341 3332
259327 259322 947
259327 259329 676
259327 262015 1643
259327 262194 2297
262573 259329 804
259202 259203 841
259202 259352 2971
259202 259353 591
262574 259352 1821
262013 259353 1357
262013 262014 2141
262013 262594 4142
262596 262594 1052
259416 259417 1020
262016 259417 884
263293 259251 751
263293 259252 7343
263293 263963 1198
263294 259251 3939
259219 259220 9189
259219 259277 638
262613 259277 1076
259105 259100 2004
259105 259102 2848
259105 259107 2636
259109 259110 641
259095 259094 5391
259095 262652 268
259095 262653 1250
259106 259094 3866
259106 259100 7854
263457 262902 96
262903 259600 257
262903 262904 2543
5434 5432 278
5434 5433 1084
5434 5438 1935
55 54 406
55 56 734
5277 5278 2480
5277 5288 515
5277 5290 335
5393 5290 3882
5393 5396 238
5393 5397 3370
5393 5399 1915
5373 5372 2274
5373 5374 1060
5373 5379 1204
5432 5400 2039
5432 5434 278
5432 5435 1499
5447 5439 1139
5436 5435 1833
5436 5437 1532
5436 5438 847
5276 5274 452
5276 5275 336
5276 5371 889
5263 5254 1084
5263 5264 1442
259511 259446 4690
259511 259512 1796
259511 259513 2498
259516 259507 1517
259516 259515 143
259516 263061 1271
259567 259043 3045
259567 259577 1973
259567 259578 1576
259580 259577 1030
259568 259043 3451
259568 259589 1487
259552 259551 255
259552 259553 328
258326 255019 2957
258326 258330 3443
258329 258313 2911
258329 258331 6925
258332 258331 2029
259700 259701 6720
259700 259707 6501
259702 259696 1346
259702 259703 793
259702 259704 8866
259702 259721 2779
259721 259702 2779
259721 259720 343
259721 259722 4536
259860 259861 1296
259860 259862 1530
259868 259865 6050
259868 259976 195
259868 259977 2315
259868 259978 208
259877 259866 1860
259877 259878 5235
259877 259980 4197
259985 259866 1296
259985 259987 187
259986 259866 1340
259986 259988 152
4938 4492 627
4939 4933 1413
260331 4951 1002
260331 260318 1078
260331 260332 2087
260331 260334 1587
260320 260107 623
260320 260314 700
260320 260316 693
260320 260322 681
260327 260316 1011
4875 4874 1184
260085 259995 831
260085 259998 4102
260085 260062 2777
260085 260086 623
260248 259998 335
260056 260057 208
260056 260058 1706
260056 260059 3857
260056 260062 3158
260062 260056 3158
260062 260063 901
260062 260085 2777
260061 260060 1398
260061 260060 1398
260061 261871 546
260075 260074 642
260075 260080 973
260079 260078 760
260079 260080 435
163 164 1736
163 229 1137
4441 4437 1988
4441 4442 328
4891 4890 326
4892 4890 1974
4475 4474 1255
4896 4895 143
4896 6388 706
4896 6503 599
6373 4895 377
4937 4935 627
4940 4935 1342
4940 4941 983
4940 4947 1024
4989 4988 511
4995 4988 782
4996 4994 1027
4996 5003 473
4996 5005 373
4997 4994 1444
52 51 2068
4990 51 1216
4990 4991 536
5160 5030 2016
5160 5157 445
5160 5159 550
5250 5030 2011
5250 5251 1100
5250 5254 1741
246486 246485 2289
246486 260627 856
246486 260628 4142
264244 260628 2366
259413 259356 2896
259413 259414 1113
262572 259414 1292
257762 257751 1332
257762 257763 645
257762 257764 1102
257762 257766 8578
257754 257752 3472
257754 257755 1396
257754 257755 1396
260622 257755 2368
260622 260625 3985
264183 264182 2430
264184 264182 2292
264184 264185 1341
264184 264186 2524
260632 260630 1467
260632 260631 1172
260632 260634 2572
260632 260636 2312
260632 260637 5250
262008 260634 991
262008 260638 987
262008 262009 857
262546 260636 625
257777 257774 541
257777 257783 1776
257777 262960 1603
257784 257782 373
257784 257785 412
257784 257786 5875
257787 257788 1656
257787 257794 2249
257787 257795 1985
257775 257771 343
257775 257774 1073
257775 262993 808
238955 238953 1749
238955 238956 381
238955 239191 1484
260851 238956 1621
260851 260845 573
260851 260853 760
257647 257645 9598
257647 257690 1515
257647 257691 2612
257695 257693 3724
257695 257728 2177
257695 261074 2027
257778 257727 4839
257778 257780 978
257778 257781 4738
257779 257727 2814
257728 257695 2177
257728 257729 1272
257728 257730 727
257737 257717 4994
257737 257730 6159
257737 257738 6016
257738 257733 483
257738 257737 6016
257788 257787 1656
257788 262369 1924
257788 262371 2063
262373 262369 1754
262375 262374 2347
262377 262374 1498
4212 4211 1472
4212 4213 2502
4212 4215 6616
4276 4215 2089
4276 4259 3635
4276 4286 4863
4279 4287 4107
4289 4287 551
4289 4290 5773
4289 4328 3692
4282 4277 2013
4282 4283 1440
4282 4284 591
4294 4284 2049
4294 4292 256
4294 4295 5286
260845 257804 6527
260845 260848 641
260845 260851 573
238956 238953 1616
238956 238955 381
238956 260851 1621
4376 4295 3128
4376 4378 1768
4376 4380 482
4382 4380 2254
5395 5394 2678
5395 5401 402
5395 5458 1878
5403 5397 949
5403 5401 1616
5458 5395 1878
5458 5459 275
5458 5460 3613
5467 5460 515
5467 5463 707
5467 5468 2041
5474 5473 1111
5471 5472 1311
5471 5499 373
5471 5502 1425
5499 5471 373
5499 5500 1149
5499 5501 276
5504 5500 580
5609 5485 473
5609 5607 987
5628 5485 373
5628 5611 2471
5629 5485 1120
5629 5630 382
5490 5489 511
5490 5491 503
5490 5492 1500
5491 5489 511
5491 5490 503
5491 5526 2181
5508 5507 1780
5528 5526 899
5528 5534 1742
259291 259290 8643
259291 261269 1086
259291 261269 1086
259302 259292 3892
259302 259300 3076
259302 263353 796
259305 259300 2096
259230 259231 262
259230 259321 1574
262012 259317 840
262012 259321 573
262012 259322 1201
259336 259267 1116
259336 259337 1561
259336 259338 1143
259339 259338 1813
259345 259343 2283
259345 259346 1055
259345 259347 1673
259322 259317 1225
259322 259327 947
259322 262012 1201
262015 259316 883
262015 259327 1643
262194 259327 2297
262194 262193 692
259203 259202 841
259203 262576 1358
259203 262577 924
259353 259202 591
259353 259356 465
259353 262013 1357
262014 262013 2141
259252 259253 2882
259252 259254 1062
259252 263293 7343
263963 263293 1198
263963 264262 1062
259220 259219 9189
259220 262614 353
259220 262614 353
259220 262616 2127
259100 259101 3512
259100 259104 2053
259100 259105 2004
259100 259106 7854
259102 259103 1030
259102 259105 2848
262652 259095 268
262652 262650 6931
262653 259095 1250
262904 262903 2543
56 55 734
56 5384 1114
56 5388 94
5278 5277 2480
5278 5371 452
5278 5372 434
5288 5277 515
5288 5280 846
5288 5289 473
5396 5393 238
5396 5398 1874
5397 5393 3370
5397 5403 949
5397 5435 1024
5397 5437 2641
5372 5278 434
5372 5371 473
5372 5373 2274
5435 5397 1024
5435 5432 1499
5435 5436 1833
5437 5397 2641
5437 5436 1532
5437 5501 1023
5371 5276 889
5371 5278 452
5371 5372 473
5254 5250 1741
5254 5263 1084
5254 5266 3531
259446 259444 1018
259446 259511 4690
259513 259511 2498
259507 259505 857
259507 259514 1419
259507 259516 1517
263061 259516 1271
259043 259044 2725
259043 259567 3045
259043 259568 3451
259578 259567 1576
259551 259545 3264
259551 259552 255
255019 255020 2568
255019 258326 2957
255019 263206 3564
258313 258312 9171
258313 258320 11127
258313 258329 2911
259707 258340 634
259707 259700 6501
259707 259710 656
259707 261226 2765
259703 259702 793
259704 259702 8866
259704 259708 814
259722 259721 4536
259722 259724 2480
259722 261230 722
259722 263895 1115
259862 259860 1530
259862 259863 3149
259976 259868 195
259977 259868 2315
259977 259979 234
259977 259980 1699
259977 259981 309
259978 259868 208
259878 259876 1111
259878 259877 5235
259980 259876 3744
259980 259877 4197
259980 259977 1699
259987 259985 187
259987 259988 390
259987 259992 2259
259988 259982 1381
259988 259986 152
259988 259987 390
4951 4952 929
4951 260331 1002
260332 260329 4778
260332 260331 2087
260334 260331 1587
260334 260333 1259
260334 263858 1069
260107 260108 164
260107 260320 623
260107 260321 453
260314 260315 1127
260314 260319 443
260314 260320 700
260322 260320 681
260322 260323 449
260322 260324 414
260086 260085 623
260057 260056 208
260059 260056 3857
260059 260060 875
260059 260066 526
260060 260059 875
260060 260061 1398
260060 260061 1398
260074 260073 3172
260074 260075 642
260078 260071 1176
260078 260079 760
260078 260083 1815
260078 260084 3866
164 163 1736
4442 4441 328
6388 4896 706
6503 4896 599
4941 4940 983
4941 4942 782
4941 4948 627
4947 4940 1024
5003 4996 473
5003 5002 336
5005 4996 373
5005 5006 5379
4991 4990 536
4991 4992 2269
4991 4993 950
5157 5158 2726
5157 5159 550
5157 5160 445
5159 5157 550
5159 5160 550
5159 5251 3473
5251 5159 3473
5251 5250 1100
5251 5262 680
246485 246486 2289
246485 259208 4210
246485 263649 2413
260627 246486 856
260627 260633 4712
260627 260638 3384
259356 259353 465
259356 259413 2896
259356 262597 442
257751 257749 9627
257751 257759 2599
257751 257762 1332
257751 257763 1180
257763 257751 1180
257763 257760 1681
257763 257762 645
257766 257762 8578
257766 257767 2597
257752 257750 4233
257752 257754 3472
260625 260618 970
260625 260622 3985
264185 264184 1341
264186 264184 2524
260630 260620 1475
260630 260631 1013
260630 260632 1467
260631 260630 1013
260631 260632 1172
260631 261546 216
260637 260632 5250
260638 260627 3384
260638 262008 987
262009 261546 2075
262009 262008 857
257783 257777 1776
257783 257782 2590
257782 257783 2590
257782 257784 373
257782 257785 514
257785 257780 2481
257785 257782 514
257785 257784 412
257795 257787 1985
257771 257772 757
257771 257773 249
257771 257775 343
262993 257775 808
257645 257644 1226
257645 257646 3377
257645 257647 9598
257690 257647 1515
257690 257684 4428
261074 257695 2027
261074 261073 535
261074 262367 5254
257780 257697 4595
257780 257778 978
257780 257785 2481
257781 257778 4738
257729 257712 4931
257729 257728 1272
257729 261075 8342
257717 257718 5202
257717 257723 1954
257717 257737 4994
262371 257788 2063
4211 4205 289
4211 4209 4981
4211 4212 1472
4213 4212 2502
4259 4251 1995
4259 4271 2258
4259 4276 3635
4286 4271 3507
4286 4276 4863
4286 4288 3012
4290 4289 5773
4290 4337 1007
4290 4338 315
4328 4289 3692
4328 4291 204
4328 4325 1605
4277 4278 788
4277 4280 1991
4277 4281 1476
4277 4282 2013
4283 4282 1440
4292 4293 1533
4292 4294 256
4292 4346 5687
260848 260845 641
260848 260849 161
260848 260850 943
4378 4376 1768
4378 4379 1852
4378 4386 403
5394 5291 763
5394 5292 675
5394 5395 2678
5459 5455 736
5459 5456 1014
5459 5458 275
5463 5457 536
5463 5466 511
5463 5467 707
5468 5467 2041
5472 5471 1311
5472 6404 548
5501 5437 1023
5501 5499 276
5607 5363 1208
5607 5608 986
5607 5609 987
5611 5610 1444
5611 5628 2471
5630 5624 3943
5630 5629 382
5492 5490 1500
5492 5493 651
5492 5496 826
5526 5491 2181
5526 5527 1954
5526 5528 899
261269 259291 1086
261269 259291 1086
261269 261270 756
261269 261270 756
259292 259293 2087
259292 259302 3892
259292 259304 3665
263353 259302 796
263353 263354 182
259231 259230 262
259231 259245 75
259231 259245 75
259317 259315 1110
259317 259322 1225
259317 262012 840
259267 259266 1891
259267 259270 104
259267 259336 1116
259337 259336 1561
259346 249765 1631
259346 259345 1055
259347 259345 1673
259316 259315 30
259316 262015 883
262193 259319 26
262193 262194 692
262576 259203 1358
262576 262578 1635
262576 262579 1198
262577 259203 924
259253 259252 2882
259253 259256 4108
259253 259287 1647
259254 259249 899
259254 259252 1062
259254 263357 1410
264262 263963 1062
262614 259220 353
262614 259220 353
262614 262615 2465
262616 259220 2127
259101 259060 6410
259101 259100 3512
259104 259100 2053
259103 259060 6815
259103 259102 1030
262650 259034 1476
262650 262651 1705
262650 262652 6931
5384 56 1114
5384 5385 515
5388 56 94
5280 5268 1479
5280 5288 846
5289 5282 2665
5289 5288 473
5398 5396 1874
5266 5254 3531
5266 5268 333
5266 5269 2833
259444 259441 256
259444 259443 671
259444 259446 1018
259505 259503 1617
259505 259506 4378
259505 259507 857
259514 259507 1419
259514 259521 2171
259514 259522 728
259044 259043 2725
259044 259583 1042
259044 263048 2513
259545 259544 451
259545 259546 287
259545 259548 2844
259545 259551 3264
255020 255019 2568
255020 258320 748
255020 258322 678
263206 255019 3564
258312 258311 1296
258312 258313 9171
258320 255020 748
258320 258313 11127
258320 258321 728
258340 258339 9510
258340 258339 9510
258340 259707 634
259710 259707 656
259710 259709 3089
259710 259711 1722
261226 259707 2765
261226 261227 535
259708 259704 814
259708 259709 3437
259724 259722 2480
259724 259723 5640
261230 259722 722
261230 263894 923
261230 263895 931
263895 259722 1115
263895 261230 931
263895 263894 1380
259863 259862 3149
259863 259869 259
259863 259870 6978
259979 259977 234
259981 259977 309
259876 259875 1807
259876 259878 1111
259876 259980 3744
259992 259987 2259
259992 259990 2716
259982 259880 4412
259982 259988 1381
259982 263877 1227
4952 4951 929
4952 4953 1188
4952 4954 949
260329 260113 556
260329 260328 324
260329 260332 4778
260333 237967 1462
260333 260334 1259
260333 260335 3311
263858 260334 1069
260108 260107 164
260108 261649 1437
260321 260107 453
260315 260314 1127
260319 260314 443
260323 260322 449
260324 260322 414
260324 260325 788
260324 260326 456
260066 260059 526
260073 260074 3172
260073 261195 1011
260071 260069 1063
260071 260072 2562
260071 260078 1176
260083 260078 1815
260083 260100 766
260083 260101 1275
260084 257837 1359
260084 260078 3866
260084 260126 1561
4942 4941 782
4948 4941 627
5002 4998 876
5002 5003 336
5002 5004 1966
5006 5005 5379
5006 5073 1096
5006 5074 746
4992 4991 2269
4992 5011 2651
4992 5012 1298
4993 4991 950
4993 5032 701
4993 5034 2414
5158 5157 2726
5262 5251 680
259208 246485 4210
259208 259207 4633
259208 262539 1784
263649 246485 2413
260633 260627 4712
260633 261546 2249
262597 259356 442
257749 257748 208
257749 257751 9627
257759 257751 2599
257759 257753 2575
257760 257761 777
257760 257763 1681
257767 257766 2597
257767 257768 7871
257750 257748 1850
257750 257752 4233
257750 257753 4991
260618 260617 275
260618 260625 970
260620 260621 5325
260620 260629 2916
260620 260630 1475
261546 260631 216
261546 260633 2249
261546 262009 2075
257772 257771 757
257772 262378 1488
257772 262992 919
257773 257770 488
257773 257771 249
257644 257640 565
257644 257643 645
257644 257645 1226
257646 257645 3377
257646 257684 1970
257646 262430 1677
257684 257646 1970
257684 257685 2611
257684 257690 4428
261073 257708 7060
261073 261074 535
261073 262368 1512
262367 261074 5254
257697 257686 4417
257697 257780 4595
257697 263435 3186
257712 257711 1838
257712 257729 4931
261075 257700 331
261075 257729 8342
261075 261077 435
257718 257717 5202
257718 261076 298
257718 261079 4621
257723 257717 1954
257723 257724 4169
257723 257736 584
4205 4203 4822
4205 4204 9302
4205 4211 289
4209 4210 1891
4209 4211 4981
4209 4244 6482
4251 4252 2120
4251 4258 4429
4251 4259 1995
4271 4259 2258
4271 4272 3783
4271 4286 3507
4288 4274 2482
4288 4286 3012
4288 4291 2076
4337 4290 1007
4337 4296 1421
4337 4338 695
4338 4290 315
4338 4337 695
4338 4344 3103
4291 4288 2076
4291 4328 204
4291 4329 582
4325 4326 558
4325 4327 1914
4325 4328 1605
4278 4277 788
4280 4277 1991
4281 4277 1476
4293 4292 1533
4346 4292 5687
4346 4297 1252
4346 4386 3127
4346 4387 3121
260849 260848 161
260850 260848 943
4379 4378 1852
4386 4346 3127
4386 4378 403
4386 4387 2329
5291 5281 3683
5291 5292 475
5291 5394 763
5292 5286 4672
5292 5291 475
5292 5394 675
5455 5453 749
5455 5456 696
5455 5459 736
5456 5455 696
5456 5457 1669
5456 5459 1014
5457 5454 252
5457 5456 1669
5457 5463 536
5466 5463 511
6404 5472 548
5363 5362 2363
5363 5362 2363
5363 5607 1208
5608 5607 986
5610 4146 3713
5610 5611 1444
5624 5620 1972
5624 5630 3943
5493 5492 651
5493 5494 2296
5493 5495 2756
5496 5492 826
5527 5526 1954
5527 5529 1955
261270 261168 2768
261270 261269 756
261270 261269 756
259293 259292 2087
259304 259292 3665
259304 259303 3473
259304 263338 6216
263354 259380 88
263354 263353 182
263354 263355 8142
259245 259231 75
259245 259231 75
259245 259244 2727
259315 259316 30
259315 259317 1110
259315 259319 722
259266 259267 1891
259270 259257 907
259270 259267 104
259270 259271 2753
249765 249764 1900
249765 259346 1631
259319 259315 722
259319 261173 258
259319 262193 26
262578 262576 1635
262578 262580 3663
262578 262581 1033
262579 262576 1198
259256 259249 1091
259256 259253 4108
259256 259261 2085
259287 259253 1647
259249 259226 1301
259249 259254 899
259249 259255 1422
259249 259256 1091
263357 259254 1410
262615 259090 345
262615 259221 392
262615 262614 2465
259060 259061 7914
259060 259062 7673
259060 259101 6410
259060 259103 6815
259034 259035 5012
259034 259093 1491
259034 262650 1476
262651 262650 1705
5385 5384 515
5268 5256 1881
5268 5266 333
5268 5280 1479
5282 5281 278
5282 5283 736
5282 5289 2665
5269 5266 2833
259441 259442 3553
259441 259444 256
259441 259445 1143
259443 259438 536
259443 259444 671
259503 259502 377
259503 259505 1617
259506 259505 4378
259521 259514 2171
259522 259514 728
259583 259044 1042
259583 259584 694
259583 259588 765
263048 259042 10674
263048 259044 2513
263048 263049 1486
259544 259540 1562
259544 259545 451
259546 259538 3752
259546 259545 287
259548 259545 2844
259548 259547 4482
259548 263959 1306
258322 255020 678
258322 258321 395
258322 258323 872
258311 244614 1051
258311 258312 1296
258321 258317 2897
258321 258320 728
258321 258322 395
258339 258337 2997
258339 258340 9510
258339 258340 9510
258339 262308 1785
259709 259708 3437
259709 259710 3089
259711 259710 1722
259711 259712 393
261227 259706 389
261227 261226 535
259723 259724 5640
263894 261230 923
263894 261235 3024
263894 263895 1380
259869 259863 259
259869 259871 2913
259870 259854 2977
259870 259863 6978
259870 259872 1658
259875 259874 1363
259875 259876 1807
259990 259989 7384
259990 259992 2716
259880 259879 2801
259880 259881 2641
259880 259982 4412
263877 259982 1227
263877 263878 997
4953 4952 1188
4954 4952 949
4954 4955 278
260113 260114 2455
260113 260329 556
260113 260342 467
260328 237967 3170
260328 260329 324
260328 260330 341
237967 237966 710
237967 260328 3170
237967 260333 1462
260335 260333 3311
260335 260337 456
260335 260340 283
261649 260108 1437
261649 263854 202
260325 260324 788
260326 260324 456
261195 260021 4044
261195 260073 1011
260069 260068 1090
260069 260070 2494
260069 260071 1063
260072 257837 867
260072 260070 1094
260072 260071 2562
260100 260083 766
260101 260083 1275
260101 260104 403
260101 260105 1420
257837 257836 1605
257837 260072 867
257837 260084 1359
260126 260084 1561
260126 260124 600
260126 260128 1215
4998 25 726
4998 4999 2043
4998 5002 876
5004 4999 736
5004 5002 1966
5004 5007 675
5004 5010 2458
5073 5006 1096
5073 5074 1530
5074 5006 746
5074 5073 1530
5074 5075 924
5011 4992 2651
5012 4992 1298
5032 4993 701
5032 5031 1562
5032 6408 1242
5034 4993 2414
5034 5033 1144
5034 5035 2307
259207 259205 308
259207 259208 4633
259207 259209 88
262539 259208 1784
257748 257747 390
257748 257749 208
257748 257750 1850
257753 257750 4991
257753 257757 2011
257753 257759 2575
257761 257760 777
257768 257767 7871
260617 260618 275
260617 260621 2321
260621 260617 2321
260621 260620 5325
260629 260620 2916
262378 257772 1488
262992 257772 919
257770 257773 488
257640 257643 521
257640 257644 565
257643 257640 521
257643 257644 645
262430 257646 1677
257685 257684 2611
257685 257686 5563
257708 261073 7060
262368 261073 1512
257686 257685 5563
257686 257697 4417
263435 257697 3186
257711 257712 1838
257711 257736 2900
257711 257736 2900
257700 261075 331
261077 261075 435
261076 257718 298
261079 257718 4621
257724 257723 4169
257736 257711 2900
257736 257711 2900
257736 257723 584
4203 4205 4822
4204 4205 9302
4210 4209 1891
4244 4209 6482
4252 4251 2120
4258 4251 4429
4272 4271 3783
4272 4274 1607
4274 4272 1607
4274 4288 2482
4296 4297 1301
4296 4337 1421
4344 4338 3103
4329 4291 582
4326 4325 558
4327 4325 1914
4297 4296 1301
4297 4346 1252
4387 4346 3121
4387 4386 2329
5281 5282 278
5281 5291 3683
5286 5292 4672
5453 5454 2034
5453 5455 749
5454 5453 2034
5454 5457 252
5362 5363 2363
5362 5363 2363
4146 5610 3713
5620 5624 1972
5494 5493 2296
5495 5493 2756
5529 5527 1955
261168 261270 2768
259303 259304 3473
263338 259304 6216
259380 263354 88
263355 263354 8142
259244 259245 2727
259257 259270 907
259271 259270 2753
249764 249765 1900
261173 259319 258
262580 262578 3663
262581 262578 1033
259261 259256 2085
259226 259249 1301
259255 259249 1422
259090 259221 146
259090 262615 345
259221 259090 146
259221 262615 392
259061 259060 7914
259062 259060 7673
259035 259034 5012
259093 259034 1491
5256 5268 1881
5283 5282 736
259442 259441 3553
259445 259441 1143
259445 259502 5956
259438 259443 536
259502 259445 5956
259502 259503 377
259584 259583 694
259588 259583 765
259042 263048 10674
263049 263048 1486
259540 259544 1562
259538 259546 3752
259547 259548 4482
263959 259548 1306
258323 258322 872
244614 258311 1051
258317 258321 2897
258337 258339 2997
262308 258339 1785
259712 259711 393
259706 261227 389
261235 263894 3024
259871 259869 2913
259871 259874 485
259854 259870 2977
259872 259870 1658
259874 259871 485
259874 259875 1363
259989 259990 7384
259879 259880 2801
259881 259880 2641
263878 263877 997
4955 4954 278
260114 260113 2455
260342 260113 467
260342 260330 326
260330 260328 341
260330 260342 326
237966 237967 710
260337 260335 456
260340 260335 283
263854 261649 202
260021 261195 4044
260068 260069 1090
260070 260069 2494
260070 260072 1094
260104 260101 403
260105 260101 1420
257836 257837 1605
260124 260126 600
260128 260126 1215
25 4998 726
4999 4998 2043
4999 5004 736
5007 5004 675
5010 5004 2458
5075 5074 924
5031 5032 1562
6408 5032 1242
5033 5034 1144
5035 5034 2307
259205 259207 308
259209 259207 88
257747 257748 390
257757 257753 2011
194
238906
4383
1756
5516
5520
5478
5517
1769
5506
5512
1784
1790
1795
1800
1797
1799
2228
259289
261445
259325
259326
259332
259354
259278
263295
259112
259114
259119
259595
259601
259605
263034
5425
5381
5386
5390
5441
1704
5449
5443
1705
1727
5270
5272
5219
5376
259563
259519
259116
259581
259555
259691
259694
261228
261603
259867
261585
260088
260347
4834
4863
4864
4861
4839
4483
4495
260096
262273
4459
4880
259999
260001
260065
260076
260099
32
4885
4473
4950
4976
4978
4983
4923
4924
260643
260623
260646
260824
260828
263360
257791
263437
239130
260857
260689
257694
257801
257740
4219
4367
257805
257768
260617
260621
262378
257770
257640
257643
257685
257708
257686
257700
257724
4203
4204
4244
4258
4272
4274
4296
4344
4329
4297
4387
5281
5286
5453
5454
5362
4146
5620
5495
5529
261168
259380
263355
259244
259257
259271
249764
261173
259261
259226
259090
259221
259061
259062
259035
259093
5256
5283
259442
259445
259438
259502
259042
259540
259538
258323
244614
258317
258337
262308
259712
259706
261235
259854
259989
259879
263878
4955
260342
260330
237966
260337
260340
263854
260021
260068
260070
260105
257836
260124
260128
25
4999
5007
5010
5075
5031
259205
259209
257747
257757
