926
46763 46754 1141
46763 46789 789
46790 46787 879
46790 46791 1134
46908 46916 650
46908 46918 1211
46912 46918 890
46794 46793 1428
46794 46797 697
46794 46914 747
46915 46914 1282
46915 46917 650
46917 46915 650
46917 46916 1275
46917 46918 747
47061 47043 1950
47061 47055 168
47049 47048 1035
47049 47051 337
47055 47050 1114
47055 47061 168
47101 46781 2668
47101 47102 842
46484 46482 475
46484 46485 2320
47045 47041 933
47045 47043 222
46795 46796 3502
46795 47100 952
47102 47100 2557
47102 47101 842
46799 46797 984
46799 46800 810
46799 46801 612
46801 46799 612
46801 47111 605
127235 127225 511
127235 127226 279
127257 127255 1140
127257 127256 337
127234 127231 789
127234 127233 1023
127231 127221 1028
127231 127222 1641
127231 127234 789
127255 127222 1933
127255 127257 1140
127085 127082 4467
127085 127187 1970
127085 127190 879
127085 127200 893
127204 127201 474
127242 127198 1536
127242 127240 818
127242 127247 1695
127248 127262 364
127203 127190 1086
127203 127303 1028
127271 127272 1086
127305 127306 238
127305 127310 3295
127310 127305 3295
127310 127329 893
127310 127332 1389
126907 126903 873
126907 126906 1624
126943 46211 279
126943 126945 474
126900 126899 810
126900 126903 2088
126864 126863 276
126864 126865 337
126864 126872 871
126890 126878 612
126890 126889 890
126890 126917 976
126889 126877 1483
126889 126880 650
126889 126890 890
126892 126880 1154
126892 126893 1055
46214 46213 2094
46220 46221 1423
46220 46224 978
46209 46206 1009
46209 46210 984
46209 46211 374
46221 46220 1423
46221 46225 890
127843 127229 848
127843 127840 1023
127840 127228 871
127840 127843 1023
46428 46421 738
46428 46427 1606
46430 46257 537
46430 46259 3538
46459 46458 1007
46461 46460 1111
46461 46479 1853
46497 46495 418
46499 46485 1534
46499 46495 810
46485 46479 738
46485 46484 2320
46485 46499 1534
46444 46446 940
50324 50323 684
50324 50325 353
127375 127369 1718
127375 127374 562
127989 127987 337
127355 127353 874
127369 127358 667
127369 127375 1718
127668 127667 337
127668 127672 2044
127671 127667 829
127671 127674 1331
127985 127979 1305
127993 127981 885
127993 127994 2583
127691 127677 953
127690 127677 1248
127690 127687 850
127690 127694 1454
127706 127694 953
127706 127713 1344
127709 127713 934
127721 127722 934
127721 127724 1357
128156 127724 2384
128156 128233 1234
127965 127964 688
127965 127966 683
127965 127969 683
127968 127967 818
127968 127971 766
127969 127963 850
127969 127965 683
127980 127959 1897
127980 127978 906
127980 127981 874
127995 127981 276
127995 128007 1831
128007 127995 1831
128007 128009 537
127961 127959 906
127961 127960 2949
127971 127960 766
127971 127968 766
128239 128233 421
128239 128240 924
130359 130360 1586
130364 130360 954
130364 130370 374
130392 130389 276
130398 130396 418
127812 127811 818
127813 127814 2753
128235 127810 1284
128235 128232 778
127821 127819 1248
127821 127822 355
127823 127819 1118
127825 127826 1118
127825 127828 1454
127837 127828 2568
128240 128234 986
128240 128239 924
127832 127828 1014
127832 127834 782
129388 129383 934
129388 129390 1447
129390 129388 1447
129390 129389 759
129396 129394 1606
129578 129579 445
129589 129590 1201
129589 129591 581
129589 129592 506
129591 129589 581
129591 129593 333
129641 129642 1283
129644 132374 297
129663 129648 631
129663 129664 879
129663 129695 1483
129664 129663 879
129664 129666 1768
129851 129666 811
129699 129666 404
129699 129698 436
130321 130323 985
130354 130323 418
121362 121365 928
121388 121386 2511
121388 121428 1116
121434 121413 1066
121434 121435 1778
121438 121435 1018
69998 69999 475
70265 70266 2611
69991 69978 782
69991 69992 1434
69991 70251 518
69993 69987 581
69993 69989 253
70252 56830 786
70252 69988 3292
129741 129738 1142
129741 129791 1726
129741 129814 1067
129815 129773 949
129815 129814 1748
129818 129773 1211
129818 129827 511
129809 129808 674
129809 129813 2672
129884 129813 1010
129884 129886 2338
129778 129775 1759
129778 129824 611
129779 129774 2157
129779 129777 713
129826 129909 1256
129826 129911 1142
129822 129823 603
129822 129827 111
129824 129769 1547
129824 129778 611
129890 130400 581
130413 130411 874
130413 130412 1587
130413 130415 949
130414 130415 2338
130414 130420 613
121342 121346 202
129910 129909 1390
218970 218996 453
218970 219000 749
218970 224060 517
218149 218150 375
218149 224406 583
218133 218134 785
218133 218135 568
218081 215694 964
218076 218071 826
218076 218074 65
218116 218984 319
218976 218979 1709
218980 218984 279
218981 218985 1282
218981 218986 571
218113 218118 436
218113 224589 2159
218118 218113 436
218118 218119 1986
218117 218092 2633
218117 219041 1166
218092 218070 7928
218092 218117 2633
218408 218393 645
218408 218409 808
218401 218400 2343
218401 218409 2189
218965 224737 1085
218454 218400 2399
218454 218456 697
219001 219002 863
219001 219003 1099
219001 219003 1099
219026 219006 788
219026 219019 2366
219030 219034 761
219030 219035 783
218562 218563 790
218562 218567 805
218575 218569 421
218575 218676 6247
218654 218651 1072
218654 218852 471
218654 218857 920
218655 218645 1053
218655 218860 2647
218660 218640 376
218660 218861 354
218660 218870 381
218427 218422 2466
218427 218423 795
218428 218395 991
218428 218423 678
218437 218394 2388
218437 218440 610
218437 218457 903
218593 218595 1248
218593 218620 2417
218596 218608 261
218638 218661 2517
218646 218645 584
218598 218597 519
218598 219075 686
218609 218608 182
218607 218597 545
218607 218612 551
218607 218617 247
218607 224056 183
218612 218607 551
218612 218617 328
224052 224051 569
224048 224047 762
224048 224051 1044
217147 217995 1761
217147 224374 86
217994 224374 1264
217995 217147 1761
217995 224375 1447
222751 222757 514
222763 222760 2291
222783 222782 1116
222792 222793 715
222973 222972 801
222973 224899 999
222977 222812 1025
222977 222978 708
222784 222782 1185
222787 222807 2767
222974 222810 1368
222974 224896 697
222865 222990 714
222865 222992 1133
222874 222877 691
222875 222992 647
222875 222996 782
222979 222978 1199
222979 222981 1063
222980 222981 783
222980 222984 779
222753 222760 953
218689 218685 474
218689 222999 774
222881 222941 758
222881 222999 2259
222942 222943 627
222942 222944 830
222997 218685 1908
222933 222950 245
222933 222951 414
222935 222936 1942
222935 224446 249
222950 222933 245
222950 222959 1008
222919 222918 794
222919 222953 1099
222948 222953 665
222948 222954 188
222954 222948 188
222954 222958 2136
222956 222936 504
222956 222957 2131
222921 222918 646
222921 222924 1045
222923 222922 580
223035 223039 834
223035 223040 851
223035 223041 1105
223039 223035 834
223039 223042 329
150837 150999 2247
150999 150837 2247
149121 149116 1841
149142 149152 756
149152 149142 756
149608 149610 1096
149211 149208 297
149536 149537 1308
149537 149536 1308
149662 149693 2596
149663 149677 2380
149693 149662 2596
149693 149696 2468
149667 149677 965
147406 147415 223
147415 147406 223
147415 147422 1255
147422 147415 1255
147576 147578 636
147578 147576 636
147592 147608 2232
147608 147592 2232
147735 148238 898
148238 147735 898
148868 148872 864
148872 148868 864
148915 148917 2507
148917 148915 2507
149116 149121 1841
145709 145712 620
145712 145709 620
149696 149693 2468
149712 150184 759
150184 149712 759
149208 149211 297
149610 149608 1096
149743 149746 863
149688 149674 776
149677 149663 2380
149677 149667 965
149721 149722 759
149674 149688 776
149746 149743 863
149760 149759 1252
149759 149760 1252
149722 149721 759
198807 198815 392
198815 198807 392
168857 168883 2715
168746 168388 1308
168388 168746 1308
168751 168761 2446
168761 168751 2446
168779 168778 1036
168778 168779 1036
168881 168883 1248
168883 168857 2715
168883 168881 1248
154390 154388 600
154388 154390 600
157577 157576 421
157577 157578 276
157578 157577 276
157594 157595 1891
157576 157577 421
157595 157594 1891
154957 154958 562
154958 154957 562
155071 155070 767
155070 155071 767
157816 157863 893
157863 157816 893
157857 157856 924
155073 155075 1533
155075 155073 1533
155082 155125 562
155125 155082 562
157856 157857 924
172585 155386 2744
155365 155387 751
155386 172585 2744
155387 155365 751
155437 155439 837
155439 155437 837
157943 157945 518
157945 157943 518
178252 178268 1584
178268 178252 1584
178278 178280 1004
178280 178278 1004
159094 159095 233
159095 159094 233
161476 161475 1222
161475 161476 1222
161857 161861 803
161861 161857 803
162185 162186 910
162186 162185 910
169261 169260 1211
170495 170534 1357
170534 170495 1357
167162 167163 436
167163 167162 436
169260 169261 1211
169463 169465 874
169465 169463 874
101807 101810 233
101810 101807 233
94225 102436 714
102436 94225 714
102005 100620 6852
100620 102005 6852
109215 109213 475
109213 109215 475
36132 36134 3489
36134 36132 3489
36020 36025 420
36025 36020 420
35698 35693 610
35693 35698 610
37331 37348 1427
37348 37331 1427
37419 37454 713
37454 37419 713
36382 36383 2321
36383 36382 2321
36272 36277 1143
36277 36272 1143
36424 36425 1344
36425 36424 1344
37728 37746 3621
37746 37728 3621
37746 37733 2843
37733 37746 2843
37737 35904 751
37737 37742 677
35904 37737 751
37742 37737 677
37883 37885 552
37885 37883 552
41429 41431 2836
41431 41429 2836
46627 46637 452
46637 46627 452
46643 46645 738
46645 46643 738
46754 46763 1141
46789 46763 789
46789 46787 1631
46787 46789 1631
46787 46790 879
46791 46790 1134
46791 46793 1141
46916 46908 650
46916 46914 789
46916 46917 1275
46918 46908 1211
46918 46912 890
46918 46917 747
46793 46791 1141
46793 46794 1428
46793 46796 1294
46797 46794 697
46797 46799 984
46914 46794 747
46914 46915 1282
46914 46916 789
47043 47041 933
47043 47045 222
47043 47061 1950
47048 47049 1035
47051 46781 709
47051 47049 337
47050 47055 1114
46781 47051 709
46781 47100 849
46781 47101 2668
46482 46484 475
46482 47041 1470
47041 46482 1470
47041 47043 933
47041 47045 933
46796 46793 1294
46796 46795 3502
47100 46781 849
47100 46795 952
47100 47102 2557
46800 46799 810
47111 46801 605
127225 127235 511
127226 127233 928
127226 127235 279
127256 127257 337
127233 127226 928
127233 127234 1023
127221 127231 1028
127222 127231 1641
127222 127255 1933
127082 127085 4467
127187 127085 1970
127190 127085 879
127190 127203 1086
127200 127085 893
127200 127201 1348
127201 127198 667
127201 127200 1348
127201 127204 474
127198 127201 667
127198 127242 1536
127240 127242 818
127247 127242 1695
127247 127262 1035
127262 127247 1035
127262 127248 364
127303 127203 1028
127272 127271 1086
127306 127305 238
127306 127329 3204
127329 127306 3204
127329 127310 893
127332 127310 1389
126903 126900 2088
126903 126907 873
126906 126907 1624
46211 46209 374
46211 126943 279
126945 126943 474
126899 126900 810
126863 126864 276
126865 126864 337
126872 126864 871
126878 126877 1268
126878 126890 612
126917 126890 976
126877 126878 1268
126877 126889 1483
126880 126889 650
126880 126892 1154
126893 126892 1055
126893 127228 1226
46213 46210 337
46213 46214 2094
46224 46220 978
46224 46225 1216
46224 50323 467
46206 46209 1009
46210 46209 984
46210 46213 337
46225 46221 890
46225 46224 1216
127229 127843 848
127228 126893 1226
127228 127840 871
46421 46257 2092
46421 46428 738
46427 46428 1606
46257 46421 2092
46257 46430 537
46259 46430 3538
46458 46459 1007
46460 46461 1111
46479 46461 1853
46479 46485 738
46479 46495 1447
46495 46479 1447
46495 46497 418
46495 46499 810
46446 46444 940
50323 46224 467
50323 50324 684
50325 50324 353
127374 127358 1617
127374 127375 562
127987 127989 337
127353 127355 874
127358 127369 667
127358 127374 1617
127667 127668 337
127667 127671 829
127667 127672 1902
127672 127667 1902
127672 127668 2044
127674 127671 1331
127979 127978 767
127979 127985 1305
127981 127980 874
127981 127993 885
127981 127995 276
127994 127993 2583
127677 127690 1248
127677 127691 953
127687 127690 850
127694 127690 1454
127694 127706 953
127713 127706 1344
127713 127709 934
127722 127721 934
127724 127721 1357
127724 128156 2384
128233 128156 1234
128233 128239 421
127964 127965 688
127966 127965 683
127967 127963 924
127967 127968 818
127963 127967 924
127963 127969 850
127959 127961 906
127959 127980 1897
127978 127979 767
127978 127980 906
128009 128007 537
127960 127961 2949
127960 127971 766
130360 130323 752
130360 130359 1586
130360 130364 954
130370 130364 374
130389 130392 276
130389 130396 1010
130396 130389 1010
130396 130398 418
127811 127810 1308
127811 127812 818
127814 127813 2753
127810 127811 1308
127810 128235 1284
128232 128234 2015
128232 128235 778
127819 127821 1248
127819 127823 1118
127822 127821 355
127826 127825 1118
127828 127825 1454
127828 127832 1014
127828 127837 2568
128234 128232 2015
128234 128240 986
127834 127832 782
127834 129383 344
129383 127834 344
129383 129388 934
129389 129390 759
129394 129396 1606
129579 129578 445
129590 129589 1201
129592 129589 506
129593 129591 333
129642 129641 1283
129642 129648 1971
132374 129644 297
129648 129642 1971
129648 129663 631
129695 129663 1483
129695 129698 276
129666 129664 1768
129666 129699 404
129666 129851 811
129698 129695 276
129698 129699 436
130323 130321 985
130323 130354 418
130323 130360 752
121365 121362 928
121386 121388 2511
121428 121388 1116
121413 121434 1066
121435 121434 1778
121435 121438 1018
69999 69998 475
70266 70265 2611
69978 69991 782
69992 69991 1434
70251 69991 518
69987 69993 581
69989 69993 253
56830 70252 786
69988 70252 3292
129738 129741 1142
129791 129741 1726
129814 129741 1067
129814 129815 1748
129773 129815 949
129773 129818 1211
129827 129818 511
129827 129822 111
129808 129809 674
129813 129809 2672
129813 129884 1010
129886 129884 2338
129886 130400 941
129775 129769 891
129775 129774 613
129775 129778 1759
129774 129775 613
129774 129779 2157
129777 129779 713
129909 129826 1256
129909 129910 1390
129911 129826 1142
129823 129822 603
129769 129775 891
129769 129824 1547
130400 129886 941
130400 129890 581
130400 130411 538
130411 130400 538
130411 130413 874
130412 130413 1587
130415 130413 949
130415 130414 2338
130420 130414 613
121346 121342 202
218996 218970 453
219000 218970 749
224060 218970 517
218150 218149 375
224406 218149 583
218134 218133 785
218135 218133 568
215694 218081 964
218071 218070 1011
218071 218076 826
218074 218076 65
218984 218116 319
218984 218980 279
218979 218976 1709
218985 218981 1282
218986 218981 571
224589 218113 2159
218119 218118 1986
219041 218117 1166
218070 218071 1011
218070 218092 7928
218393 218408 645
218409 218401 2189
218409 218408 808
218400 218401 2343
218400 218454 2399
224737 218965 1085
218456 218454 697
219002 219001 863
219003 219001 1099
219003 219001 1099
219006 219026 788
219019 219026 2366
219019 219034 809
219034 219019 809
219034 219030 761
219035 219030 783
218563 218562 790
218563 224051 272
218567 218562 805
218569 218575 421
218676 218575 6247
218651 218654 1072
218852 218654 471
218852 218861 2000
218857 218654 920
218645 218646 584
218645 218655 1053
218860 218640 1248
218860 218655 2647
218640 218660 376
218640 218860 1248
218861 218660 354
218861 218852 2000
218870 218660 381
218422 218423 2285
218422 218427 2466
218423 218422 2285
218423 218427 795
218423 218428 678
218395 218394 697
218395 218428 991
218394 218395 697
218394 218437 2388
218440 218437 610
218457 218437 903
218595 218593 1248
218595 218608 459
218620 218593 2417
218608 218595 459
218608 218596 261
218608 218609 182
218661 218638 2517
218597 218598 519
218597 218607 545
219075 218598 686
218617 218607 247
218617 218612 328
224056 218607 183
224051 218563 272
224051 224048 1044
224051 224052 569
224047 224048 762
224374 217147 86
224374 217994 1264
224375 217995 1447
222757 222751 514
222760 222753 953
222760 222763 2291
222782 222783 1116
222782 222784 1185
222793 222792 715
222793 222807 821
222972 222807 3225
222972 222973 801
224899 222973 999
222812 222810 3018
222812 222977 1025
222978 222977 708
222978 222979 1199
222807 222787 2767
222807 222793 821
222807 222972 3225
222810 222812 3018
222810 222974 1368
224896 222974 697
222990 222865 714
222990 222984 1235
222992 222865 1133
222992 222875 647
222877 222874 691
222996 222875 782
222981 222979 1063
222981 222980 783
222984 222980 779
222984 222990 1235
218685 218689 474
218685 222997 1908
222999 218689 774
222999 222881 2259
222941 222881 758
222943 222942 627
222944 222942 830
222951 222933 414
222951 222936 223
222936 222935 1942
222936 222951 223
222936 222956 504
224446 222935 249
222959 222950 1008
222918 222919 794
222918 222921 646
222953 222919 1099
222953 222948 665
222958 222954 2136
222958 222957 885
222957 222956 2131
222957 222958 885
222924 222921 1045
222922 222923 580
222922 223040 712
223040 222922 712
223040 223035 851
223041 223035 1105
223042 223039 329
943
46763
46790
46908
46912
46794
46915
46917
47061
47049
47055
47101
46484
47045
46795
47102
46799
46801
127235
127257
127234
127231
127255
127085
127204
127242
127248
127203
127271
127305
127310
126907
126943
126900
126864
126890
126889
126892
46214
46220
46209
46221
127843
127840
46428
46430
46459
46461
46497
46499
46485
46444
50324
127375
127989
127355
127369
127668
127671
127985
127993
127691
127690
127706
127709
127721
128156
127965
127968
127969
127980
127995
128007
127961
127971
128239
130359
130364
130392
130398
127812
127813
128235
127821
127823
127825
127837
128240
127832
129388
129390
129396
129578
129589
129591
129641
129644
129663
129664
129851
129699
130321
130354
121362
121388
121434
121438
69998
70265
69991
69993
70252
129741
129815
129818
129809
129884
129778
129779
129826
129822
129824
129890
130413
130414
121342
129910
218970
218149
218133
218081
218076
218116
218976
218980
218981
218113
218118
218117
218092
218408
218401
218965
218454
219001
219026
219030
218562
218575
218654
218655
218660
218427
218428
218437
218593
218596
218638
218646
218598
218609
218607
218612
224052
224048
217147
217994
217995
222751
222763
222783
222792
222973
222977
222784
222787
222974
222865
222874
222875
222979
222980
222753
218689
222881
222942
222997
222933
222935
222950
222919
222948
222954
222956
222921
222923
223035
223039
223033
223020
223021
150836
150837
150999
151018
151019
151649
149121
149142
149152
149494
149500
149654
149665
149668
149670
149605
149608
149604
149211
149595
149536
149537
148841
149662
149663
149693
149667
146519
146522
146524
151032
151068
151149
151157
151165
151270
151287
147413
151299
147407
151293
151292
147406
147415
147422
147425
147576
147578
147591
147450
147592
147608
147610
147695
147710
147713
147735
148238
148247
148867
148868
148263
148872
148915
148917
148923
148931
148933
148937
148941
148969
149050
149066
149076
149080
149116
212684
142419
146593
149326
149992
150018
150024
150073
145709
150051
150058
150061
150097
145712
149694
149696
149712
150184
140077
150196
149793
149799
149809
149208
149610
149735
149738
149741
149743
149688
149677
149690
149721
149674
149675
149746
149757
149760
149759
149804
149802
149805
149722
149724
149719
149708
149726
149711
149714
151661
205927
214912
198817
198833
198807
198813
198815
205006
205014
205001
205022
205027
152119
152121
162458
162459
168851
168852
168853
168854
168857
168746
168388
168751
168761
168779
168778
168805
168812
168813
168808
168881
168883
168849
168860
168872
168887
168865
153995
154025
154029
154028
154055
172280
154073
154100
154327
154321
154355
154362
154390
154393
154388
157577
157578
157594
157598
158188
158217
157530
157537
157531
157576
157583
157586
157595
154354
154435
154436
154979
154957
154958
154953
154961
155037
155007
154994
155042
155071
155070
155209
157816
157863
157770
157771
157857
157839
157851
155073
155051
155075
155082
155125
155131
155137
155140
155323
155332
155339
157791
157856
157858
157889
157897
157898
172585
155365
155386
155387
155390
159844
159847
155396
155437
155439
157728
157691
157750
157965
157950
157943
157945
157765
157938
157940
157740
157767
178240
178243
178252
178256
178268
177924
178135
178248
178434
178218
178271
178228
178278
178280
178272
178277
178492
178502
178417
178420
178423
185364
157930
158629
158633
157970
158694
158686
158789
158801
158964
158974
158977
158986
159086
159088
159094
159085
159095
159102
158193
158232
158609
161138
161141
161143
161145
172754
168345
168351
168392
161438
161476
161457
161474
161475
161857
161861
161995
213267
162001
162015
161996
161991
161999
162004
162005
162161
162164
162171
162017
162185
162186
162193
159967
162214
169609
161815
169630
169613
169596
169227
169226
169194
169270
169272
169261
169289
170493
170501
170529
168348
168360
170530
170063
170446
170457
170538
170536
170541
170495
170488
170534
170543
170050
170065
170045
169530
169552
169882
169866
169890
169469
169532
169957
169989
169921
169977
169983
167162
167163
170091
161687
169199
169260
169254
169280
169463
169465
169470
169486
169513
172809
118536
119443
95136
95029
97376
94251
94276
94274
94281
94294
108900
108991
101807
94165
101810
94320
50059
94246
102322
94202
94225
102436
94177
101873
97417
97424
97462
97492
97613
93288
102005
102228
95565
93688
97685
100620
101769
93346
102004
93482
94069
93673
93240
102001
98488
98491
98501
191288
194080
191364
191210
191214
191232
118614
118713
118672
118676
108969
108968
108980
109018
109072
109215
35489
109213
35491
109109
109161
110551
110561
36086
36073
36079
36145
36132
36134
36052
36055
36078
36146
36186
36187
36299
36335
36346
36311
36012
36020
36022
36025
36029
110563
35698
50509
35693
35694
44618
41722
44539
44582
44621
44625
35722
37345
37400
37323
37332
37331
37348
37376
37452
37419
37448
37454
37477
36382
36383
36223
36230
36270
36272
36277
36424
36425
36497
50398
35674
35687
37446
37489
37720
37728
46744
46738
37746
35885
37733
37735
37737
35904
37843
37742
37877
37883
37885
37889
35538
37913
41419
41427
41429
41431
41452
46627
37875
46637
46640
46643
46645
46733
46751
46754
46789
46787
46793
46797
47043
47048
47051
47050
46781
46482
47041
47100
127225
127226
127256
127233
127221
127222
127082
127187
127190
127200
127198
127240
127247
127272
127306
127329
127332
126903
126906
126945
126899
126863
126865
126872
126878
126877
126880
126893
46213
46206
46210
127229
127228
46421
46427
46257
46259
46458
46460
46479
46495
50325
127374
127987
127353
127358
127672
127674
127979
127677
127687
127694
127713
127722
127724
128233
127964
127967
127963
127959
127978
127960
130370
130389
130396
127811
127814
127810
128232
127819
127822
127826
127828
128234
127834
129383
129389
129394
129579
129593
129642
129695
121365
121386
121428
121413
121435
69999
70266
69978
69987
69989
56830
69988
129738
129791
129814
129773
129808
129813
129886
129775
129774
129777
129909
129823
129769
130400
130411
130412
130415
121346
218150
224406
215694
218074
218984
218985
218393
218409
218400
218456
219002
219003
219006
219019
219034
219035
218563
218567
218569
218676
218651
218852
218857
218645
218860
218640
218861
218870
218422
218395
218394
218440
218595
218620
218661
218597
219075
224056
224047
224374
224375
222760
222793
222972
224899
222812
222978
222810
224896
222990
222992
222877
222996
222981
222984
218685
222999
222941
222943
222944
222951
222959
222918
222953
222958
222957
222924
222922
223040
223041
223042
