1866
137480 137479 1891
137480 137481 442
137666 139611 444
137670 137687 511
137690 137689 706
138105 138104 2103
138105 139613 846
138109 138116 672
138120 138118 1345
138120 138142 403
138142 138120 403
138142 138123 947
138169 138122 951
138169 138123 809
138169 138170 474
138170 138169 474
138170 138173 562
138175 138162 1281
138175 138173 688
138175 138178 893
138178 138175 893
138178 138176 1182
138178 138183 1592
138183 138177 1281
138183 138178 1592
138186 138166 2616
138186 138177 1014
138186 138187 905
138252 138187 2665
138252 138253 905
138262 138253 2644
138262 138263 688
138530 138263 905
138530 138512 2727
138530 138531 782
138659 138655 1009
138659 138660 2321
138664 138660 806
138664 139035 806
138664 139037 1854
138926 138927 2411
139035 138664 806
139035 138927 738
139035 139040 1854
138932 139038 788
138514 138482 1456
138514 138513 818
138514 138515 333
138533 138531 905
138533 138534 1266
138533 138537 1033
138525 138520 1126
138526 138524 517
138527 138491 2561
138527 138528 796
138544 138528 2644
138544 138546 782
138544 138618 932
138632 138616 2012
138675 138668 4029
138677 138676 4563
138654 138656 676
138654 138670 1715
138665 138672 238
138655 138656 2226
138655 138659 1009
138991 138986 789
138991 138994 1140
139004 138994 870
139004 139007 708
139004 139013 1505
139006 139007 1031
139010 139007 708
139010 139011 708
139010 139018 1635
139011 139010 708
139011 139012 1700
139011 139033 1063
138953 138997 252
138987 138986 629
138987 138996 1031
138984 138986 1686
138954 138955 1715
138995 138999 403
138995 139002 676
138995 139079 2484
138956 138955 806
138956 138957 1715
138950 139038 1353
138950 139048 836
139048 138950 836
139048 139039 1411
139048 139049 884
139053 138957 872
139053 139054 806
139053 139077 2550
139416 138796 1357
139416 139419 354
139424 139426 788
139424 139441 1429
139425 139426 1438
139425 139427 336
134091 134092 613
134091 139429 1357
139440 139429 848
139440 139441 765
139440 139442 713
138793 138794 788
138793 138796 1796
138793 138797 475
138796 138793 1796
138796 139416 1357
138796 139417 708
235204 235274 1265
235204 235548 1467
235574 235273 1754
230051 230045 2886
235276 235548 1450
230046 230044 679
230046 230045 1124
228751 228750 1267
228821 228822 1483
228821 230215 586
235570 230220 5010
229614 229613 1004
229614 229616 927
229614 229622 1344
226441 226442 1752
229616 229614 927
229616 229625 1344
229624 229621 1192
229636 229627 251
229636 229630 2111
229636 229637 514
229640 229637 1234
229644 229625 844
229643 229641 2176
229643 230930 1447
230924 230921 948
230924 230927 502
230927 230924 502
230927 230933 2569
230934 230933 1004
230934 230941 586
229635 229632 2700
229635 229633 1004
230894 230931 1713
230960 230931 1940
230932 230931 679
230932 230933 1114
234983 234405 143
225985 225982 1118
228944 228945 659
228944 228962 1703
228955 228935 114
228965 228966 502
235263 235264 865
229029 229028 347
229029 234988 1359
229059 229056 837
229061 235172 2120
229217 229210 633
229217 235401 1458
229211 229208 1159
229211 229209 1137
229221 229215 1094
235261 235323 222
229335 229337 2502
229335 229338 433
229248 229247 1109
229238 229237 1384
229238 234606 629
234600 229242 202
234600 234598 909
234606 229238 629
234606 234607 114
229071 229062 3767
229071 229070 1796
229609 229610 260
229528 229527 1124
229528 229531 1278
229535 229530 507
229535 235267 1133
230009 229366 279
230009 234383 829
228615 228611 1275
228615 228630 1014
228675 228676 674
228652 228650 1344
228652 228651 928
228698 228650 837
228698 228699 452
228696 228690 1112
228696 229976 782
229977 229975 796
229977 229976 515
229983 229980 1031
229985 228702 2590
235413 235414 385
234599 234598 381
234599 235360 438
228594 234745 879
228594 234746 1491
228642 228592 1412
228642 228641 1557
228642 228644 2867
234380 228579 197
228734 228717 1005
228662 228644 3515
228662 235199 685
228735 228737 835
228735 228738 669
228736 227077 656
228736 228756 3183
228736 228777 2079
228740 228739 1443
228740 235377 450
234963 230042 2122
226766 234341 918
226778 226773 360
226778 226780 823
234339 234340 916
226689 226688 2681
226689 226688 2681
226317 226315 9811
226491 226223 713
226491 235547 600
226492 226488 870
226492 226506 1376
226535 226528 712
226535 226537 2210
226544 233916 620
226544 233918 605
226565 226561 746
226565 226572 596
226581 226540 472
226581 226582 944
226600 226602 1005
226600 226605 2516
226601 226598 562
226587 226572 924
226587 226573 978
226587 226595 1636
226596 226573 1581
226596 226598 787
226596 226620 1082
226602 226598 1774
226602 226600 1005
226602 226605 2330
226624 226622 695
226624 226628 472
226628 226624 472
226628 226627 352
226637 226636 452
226693 226692 1114
226693 226720 2366
226721 226720 1000
230897 226687 761
230878 230880 587
230878 230881 235
230896 226687 1504
229587 229586 3708
229587 229588 5139
229587 234404 1860
234798 226779 524
234798 235451 903
228875 228874 3481
228883 228878 3353
228879 228878 4695
228879 228886 238
230252 228887 705
230252 234620 1133
228899 228897 2425
228899 228904 562
228900 228882 1700
228900 228896 845
8829 8824 1153
8829 8827 928
8820 8818 2392
8820 35050 859
8209 8182 2903
8209 8878 3961
8897 9057 992
8897 9058 1038
8897 9060 1098
21407 8906 1018
9103 9108 600
9115 9116 512
9072 9068 1251
9072 9070 1442
9106 9108 662
9094 9092 2222
9094 9130 210
9139 9137 539
9139 9142 1080
9139 9245 494
9141 34207 450
9198 9196 1287
9298 9200 2297
9302 9201 1770
9302 9301 489
9302 9315 1367
9428 9431 512
9428 9432 3502
9436 9437 1220
9436 9438 1319
9437 9436 1220
9437 9439 820
9442 9445 926
9451 9445 1319
9451 9452 550
9440 9435 2547
9440 9441 1562
9635 9637 1026
9641 9642 3903
9641 9669 1229
9670 9671 300
9670 9672 794
9669 9641 1229
9669 9673 2958
9700 9702 1076
10090 18437 1000
10095 10094 2289
10095 10096 936
10109 10110 383
10109 10118 1001
12503 10119 356
12503 12763 945
34665 34666 618
34665 34667 483
10159 10156 1855
10159 10163 261
10174 10170 852
10176 10170 2115
10176 10195 873
10164 10162 962
10164 10163 1312
10188 10144 857
10188 10186 3072
10193 10146 687
10193 10165 1619
10172 10165 1156
10172 10167 836
10172 10173 937
10195 10173 974
10195 10176 873
10371 10365 2002
10371 10366 878
10380 10369 908
10366 10162 1687
10366 10364 1060
10366 10371 878
10385 9833 1297
10385 10391 1040
10385 10393 695
10398 10393 1200
10403 10400 697
10403 10412 1203
10407 10400 720
10407 34095 303
10425 10408 782
10397 10395 1314
10397 10396 730
10397 10456 732
9875 9873 984
9875 9874 705
10388 10389 1269
10388 10396 836
10463 10465 315
10477 10475 822
10532 10488 688
10532 10551 299
10532 10556 1950
10557 10556 711
10557 10567 1978
10557 22303 307
10568 10567 371
10569 10570 420
10569 10571 680
10569 10572 2783
34795 10408 1582
34795 34796 485
10584 10580 755
10584 10585 1558
10584 10586 2783
12550 12393 1454
12551 12552 1447
12551 12553 847
12636 12634 802
12638 12637 671
12638 12640 1114
34466 34465 961
12714 12631 1728
12714 12700 663
12720 12709 839
12720 12723 2113
12725 12705 2018
12725 12724 1013
12725 34232 191
12723 12720 2113
12723 12721 839
12723 12749 1891
12748 12749 756
12748 12782 794
12748 34102 2334
12789 12782 52
12499 12494 445
12834 12495 818
12834 12832 1343
12836 12837 175
12897 12536 278
12897 34618 446
12542 12535 930
12542 12543 1097
12543 12542 1097
12543 12545 1830
12736 12545 1431
12736 12549 667
12736 12741 1114
12872 12870 869
12873 12870 3565
12873 12876 756
12873 12878 778
12878 12873 778
12878 12877 924
12879 11856 1934
10589 11858 1767
11909 11908 982
11909 11911 889
12947 11924 1014
12947 12946 1292
12956 12970 1686
12974 12975 588
12974 12977 252
13005 13006 1700
13176 13027 1797
13176 13177 708
12865 12856 1539
12865 12884 400
13007 13006 420
13007 13008 666
13027 13176 1797
13027 13178 808
13008 13007 666
13008 13016 1279
12976 12972 847
12976 12975 2236
12979 12977 712
12967 11931 2708
12967 12966 889
12969 11933 2606
12969 13622 333
13633 13628 1265
13631 13622 2446
13629 13624 1114
13629 13628 1014
13623 13624 2446
13623 13625 1348
13623 13627 2672
13630 13628 1014
13627 13623 2672
13627 13637 1848
13655 13700 975
13644 13637 1179
13659 13645 1344
13651 13645 1945
13651 13667 238
13667 13650 975
13667 13651 238
13707 13664 676
13736 13663 1279
13736 13664 1901
13737 12258 1167
13751 12262 1306
12263 12262 1007
12263 13753 788
12303 12302 877
12303 12308 747
12303 13916 1140
13934 13924 604
13753 12263 788
13753 12265 750
13758 12265 2078
13758 13763 828
13926 13924 604
13922 13920 4423
13922 23663 350
13922 34162 764
13927 12309 1676
13947 13965 582
13947 23668 310
23673 23676 847
23679 23680 2111
23810 23811 473
23752 23749 509
23752 34380 508
23747 23680 1686
23747 23738 336
23747 23749 672
23750 23755 7023
23729 23728 1685
23729 23763 688
23757 23744 6333
23756 23744 5828
23756 23754 818
24876 24819 809
24876 24820 403
24818 24810 818
24818 24817 872
24874 24817 1205
24831 24819 1008
24831 24830 697
24885 24830 1474
24885 24836 750
24923 24912 473
24923 24926 649
24889 24854 1483
24889 24888 1409
24909 24851 649
24909 24854 872
24909 24913 1280
24912 24913 1322
24912 24923 473
24925 24924 1031
24925 24926 2377
25097 24931 1672
25093 25095 924
25094 25095 869
25149 25123 2568
25149 25150 511
25102 25101 796
25102 25103 1337
25104 25101 610
25104 25105 238
187687 187686 865
187687 188003 1510
187687 188005 903
190674 190679 20
190676 190819 36
187679 187681 782
187679 187702 583
187700 187699 385
187703 187704 2780
187703 187733 1116
187703 187737 1135
187703 187739 1066
187690 187692 792
187690 187710 1805
187790 187789 1246
187790 187906 812
187790 187909 2506
187911 187710 982
187911 187910 944
187911 187920 1249
187693 187692 1772
187693 187697 779
187212 187211 2027
187212 187213 1651
187787 187788 844
187787 187796 1250
187794 187211 800
187794 187796 805
187794 187797 1650
187711 187795 927
187711 187803 1201
187728 187214 734
187728 187795 792
187725 187213 718
187262 187777 781
187262 187805 1517
187806 187805 522
187806 187809 1175
187806 187812 249
187772 187783 733
187777 187262 781
187777 187784 1906
187782 187783 1438
187782 187786 554
35118 23774 66
35118 35356 591
23760 23761 621
23760 23779 539
35357 35355 301
35357 35356 378
35355 35356 232
35355 35357 301
35355 35358 204
23771 23784 336
23776 23774 840
187246 187257 1407
187246 187823 1300
187785 187784 923
187785 187786 908
187785 187832 748
187808 187784 841
187808 187807 818
187846 187832 898
187846 187842 752
187848 187842 1209
187848 187845 761
187858 187807 1151
187855 187845 1306
187855 187854 771
187855 187887 1480
187887 187855 1480
187887 189600 755
187896 187897 1232
187896 189605 874
189601 189600 920
189601 189602 784
189601 189605 941
187809 187806 1175
187809 187807 475
187809 187811 336
187860 187811 1159
187860 187859 826
187868 187859 1356
187868 187867 803
187868 187875 1331
187874 187873 418
187874 190491 616
190775 190824 276
190492 187877 2413
190492 190491 329
190492 190824 204
187974 190783 803
190596 188001 1584
190596 190783 1360
187958 187760 1102
187958 187957 1077
187958 187990 1710
187958 188234 296
187958 190327 295
187256 187257 1194
187827 187257 808
187827 187828 1158
187827 187838 1452
187838 187827 1452
187838 187839 967
187838 187850 1233
187851 187850 794
187851 189598 1330
189599 187898 1438
189599 189598 818
187898 187897 746
187898 189599 1438
134731 134740 5883
134734 134738 983
134734 134742 2230
134737 134738 1967
134737 134739 1033
134785 134739 1867
134785 134788 1280
134787 134788 1344
134787 134798 848
134798 134787 848
134798 134799 344
134713 134707 599
134713 134714 9416
134217 134993 463
134217 134994 285
134803 134198 3187
134803 134799 1627
134803 134804 682
134994 134217 285
134994 134993 511
134994 134999 1261
135013 134999 751
135013 135010 1257
135013 135014 806
134999 134994 1261
134999 135009 1257
134999 135013 751
134963 135017 905
134963 135064 1266
134964 135064 1111
135016 135018 747
135016 135020 1302
135017 134963 905
135017 135020 924
135017 135065 765
135075 135064 673
135075 135076 848
135075 135077 1004
135076 135075 848
135076 135079 1004
135081 135079 765
135081 135084 848
135084 135081 848
135084 135797 599
135085 135797 1004
135085 135798 789
135798 135085 789
135798 135799 889
135798 135806 276
135805 135806 1398
135805 135810 551
135811 135810 751
135811 135812 1395
135781 135792 1062
135781 135878 238
135813 135812 1143
135813 135827 233
135837 135835 950
135839 135873 238
135839 135878 757
135780 135792 1530
135880 135792 2230
135880 135886 975
136086 136084 1344
136086 136096 2281
136079 136081 697
136079 136082 939
136095 135815 2147
136095 136096 418
135815 136095 2147
135815 136154 562
136160 136156 373
136164 136163 276
136164 136165 947
136164 136166 3255
136165 136164 947
136165 136178 2915
136165 136179 806
136179 136165 806
136179 136188 2814
136179 136191 2920
136205 136209 1287
136205 136787 435
136206 136204 2138
136759 136760 231
136762 136761 755
136762 136765 1549
136762 136766 1412
136778 136766 884
136802 136798 886
136802 136800 1482
136802 136812 605
137475 137487 450
137484 136804 562
137476 137479 848
137476 137487 1177
137476 137500 1447
137479 137476 848
137479 137480 1891
137479 137482 841
137479 137507 1558
137481 137480 442
137481 137483 462
139611 137666 444
137687 137670 511
137687 137680 870
137687 137688 1268
137687 137689 870
137689 137687 870
137689 137690 706
137689 137691 418
137689 138103 1547
138104 138105 2103
138104 138111 782
138104 138116 931
138104 139617 2375
139613 138105 846
139613 139612 4354
139613 139616 953
138116 138104 931
138116 138109 672
138116 138118 782
138118 138111 931
138118 138116 782
138118 138119 333
138118 138120 1345
138123 138121 605
138123 138142 947
138123 138169 809
138122 138114 848
138122 138121 1124
138122 138160 796
138122 138169 951
138173 138160 1182
138173 138170 562
138173 138175 688
138162 138159 931
138162 138160 782
138162 138175 1281
138162 138176 796
138176 138162 796
138176 138177 1686
138176 138178 1182
138177 138161 932
138177 138176 1686
138177 138183 1281
138177 138186 1014
138166 137782 2396
138166 138165 1124
138166 138168 818
138166 138186 2616
138187 138168 2525
138187 138186 905
138187 138188 796
138187 138252 2665
138253 138188 2644
138253 138252 905
138253 138262 2644
138253 138511 782
138263 138262 688
138263 138511 2747
138263 138530 905
138512 138469 2561
138512 138511 796
138512 138513 782
138512 138530 2727
138531 138530 782
138531 138532 1182
138531 138533 905
138531 138536 1281
138660 138656 939
138660 138659 2321
138660 138664 806
138660 139036 1762
139037 138664 1854
139037 139036 751
139037 139040 806
139037 139043 2504
138927 138926 2411
138927 139035 738
138927 139039 878
138927 139041 1854
139040 139035 1854
139040 139037 806
139040 139041 738
139040 139044 2504
139038 138932 788
139038 138950 1353
139038 139039 927
138482 138469 1612
138482 138513 1115
138482 138514 1456
138513 138482 1115
138513 138512 782
138513 138514 818
138515 138483 594
138515 138514 333
138515 138519 238
138515 138520 874
138534 138533 1266
138537 138533 1033
138520 138515 874
138520 138525 1126
138524 138490 2561
138524 138523 222
138524 138526 517
138491 138477 2665
138491 138490 688
138491 138492 782
138491 138527 2561
138528 138492 2644
138528 138527 796
138528 138529 782
138528 138544 2644
138546 138529 2644
138546 138544 782
138546 138547 796
138618 138544 932
138616 138617 4746
138616 138631 2305
138616 138632 2012
138668 138650 875
138668 138667 403
138668 138669 3090
138668 138675 4029
138676 138677 4563
138676 138682 1336
138656 138654 676
138656 138655 2226
138656 138660 939
138656 138671 1762
138670 138654 1715
138670 138671 751
138670 138673 605
138672 138665 238
138672 138667 279
138672 138673 202
138986 138984 1686
138986 138987 629
138986 138988 1161
138986 138991 789
138994 138988 708
138994 138991 1140
138994 139001 1530
138994 139004 870
139007 139004 708
139007 139006 1031
139007 139010 708
139007 139014 1612
139013 139001 789
139013 139004 1505
139013 139014 682
139013 139016 1375
139018 139010 1635
139018 139012 517
139018 139014 789
139018 139019 1055
139012 139011 1700
139012 139018 517
139012 139034 1014
139033 139011 1063
138997 138953 252
138997 138996 202
138997 138998 1715
138996 138987 1031
138996 138988 682
138996 138997 202
138955 138954 1715
138955 138956 806
138955 138999 1854
138999 138955 1854
138999 138957 827
138999 138995 403
138999 139080 2504
139002 138995 676
139002 138998 1576
139002 139000 1636
139002 139015 751
139002 139081 2411
139079 138995 2484
139079 139078 2430
138957 138956 1715
138957 138999 827
138957 139053 872
138957 139076 2642
139039 138927 878
139039 139038 927
139039 139047 927
139039 139048 1411
139049 139047 1342
139049 139048 884
139049 139054 927
139054 139049 927
139054 139050 1209
139054 139053 806
139054 139055 788
139077 139053 2550
139077 139076 806
139077 139083 806
139077 139086 2365
139419 139416 354
139426 139424 788
139426 139425 1438
139426 139428 605
139426 139446 656
139441 133992 712
139441 139424 1429
139441 139440 765
139427 139425 336
134092 134091 613
139429 134091 1357
139429 139430 1033
139429 139440 848
139442 139440 713
139442 139443 562
139442 139448 1533
138794 138793 788
138797 138793 475
139417 138796 708
235274 235204 1265
235274 235273 926
235274 235548 723
235548 235204 1467
235548 235274 723
235548 235276 1450
235273 235274 926
235273 235574 1754
230045 230046 1124
230045 230051 2886
230044 230042 1094
230044 230046 679
228750 228744 430
228750 228746 433
228750 228751 1267
228822 228821 1483
228822 228823 893
228822 228824 679
230215 228821 586
230220 230221 1334
230220 230223 2369
230220 235570 5010
229613 229540 4321
229613 229604 3439
229613 229612 1225
229613 229614 1004
229622 229612 1094
229622 229614 1344
229622 229619 1576
229622 229625 927
226442 226441 1752
226442 229610 752
229625 229616 1344
229625 229621 1565
229625 229622 927
229625 229644 844
229621 229619 844
229621 229623 1161
229621 229624 1192
229621 229625 1565
229627 229623 1004
229627 229628 2062
229627 229636 251
229630 229588 5177
229630 229636 2111
229637 229633 679
229637 229636 514
229637 229638 1686
229637 229640 1234
229641 229633 1615
229641 229643 2176
229641 230923 1058
229641 234464 873
230930 229643 1447
230921 230919 556
230921 230922 671
230921 230924 948
230933 230927 2569
230933 230932 1114
230933 230934 1004
230941 230934 586
229632 229631 844
229632 229635 2700
229632 230919 1260
229633 229631 2839
229633 229635 1004
229633 229637 679
229633 229641 1615
230931 230894 1713
230931 230932 679
230931 230960 1940
234405 234404 90
234405 234983 143
225982 225985 1118
228945 228944 659
228962 228944 1703
228935 228955 114
228966 228965 502
235264 235263 865
229028 229029 347
234988 229029 1359
229056 229059 837
229056 229062 334
235172 229061 2120
229210 229217 633
235401 229217 1458
229208 229211 1159
229209 229211 1137
229209 229215 610
229215 229209 610
229215 229221 1094
235323 235261 222
229337 229247 298
229337 229335 2502
229337 229338 2076
229338 229335 433
229338 229337 2076
229247 229237 720
229247 229248 1109
229247 229337 298
229237 229238 1384
229237 229247 720
229242 234600 202
234598 234599 381
234598 234600 909
234607 234606 114
229062 229056 334
229062 229071 3767
229070 229071 1796
229610 226442 752
229610 229609 260
229527 229528 1124
229531 229528 1278
229531 229530 651
229530 229531 651
229530 229535 507
235267 229535 1133
229366 230009 279
234383 230009 829
228611 228615 1275
228630 228615 1014
228676 228675 674
228650 228652 1344
228650 228698 837
228651 228652 928
228699 228698 452
228699 228702 2053
228690 228696 1112
229976 228696 782
229976 229977 515
229975 229977 796
229980 229983 1031
228702 228699 2053
228702 229985 2590
235414 235413 385
235360 234599 438
234745 228594 879
234746 228594 1491
228592 228642 1412
228641 228642 1557
228644 228642 2867
228644 228662 3515
228579 234380 197
228717 228734 1005
235199 228662 685
228737 228735 835
228738 228735 669
227077 228736 656
228756 228736 3183
228777 228736 2079
228739 228740 1443
235377 228740 450
230042 230044 1094
230042 234963 2122
234341 226766 918
226773 226778 360
226780 226778 823
234340 234339 916
226688 226689 2681
226688 226689 2681
226315 226317 9811
226223 226488 1217
226223 226491 713
235547 226491 600
226488 226223 1217
226488 226492 870
226506 226492 1376
226528 226535 712
226537 226535 2210
226537 226540 1341
233916 226544 620
233918 226544 605
226561 226565 746
226572 226565 596
226572 226587 924
226540 226537 1341
226540 226581 472
226582 226581 944
226605 226600 2516
226605 226602 2330
226598 226595 535
226598 226596 787
226598 226601 562
226598 226602 1774
226573 226587 978
226573 226596 1581
226595 226587 1636
226595 226598 535
226620 226596 1082
226622 226624 695
226627 226628 352
226636 226637 452
226692 226693 1114
226720 226693 2366
226720 226721 1000
226687 230896 1504
226687 230897 761
230880 230878 587
230881 230878 235
229586 229587 3708
229588 229587 5139
229588 229630 5177
234404 229587 1860
234404 234405 90
226779 234798 524
235451 234798 903
228874 228875 3481
228878 228879 4695
228878 228883 3353
228886 228879 238
228887 230252 705
234620 230252 1133
228897 228899 2425
228904 228899 562
228882 228900 1700
228896 228900 845
8824 8829 1153
8827 8829 928
8818 8820 2392
35050 8820 859
8182 8209 2903
8878 8209 3961
9057 8897 992
9058 8897 1038
9060 8897 1098
8906 21407 1018
9108 9103 600
9108 9106 662
9116 9115 512
9068 9072 1251
9070 9072 1442
9092 9094 2222
9130 9094 210
9137 9139 539
9142 9139 1080
9245 9139 494
34207 9141 450
9196 9198 1287
9200 9201 447
9200 9298 2297
9201 9200 447
9201 9302 1770
9301 9302 489
9315 9302 1367
9431 9428 512
9431 9435 1112
9432 9428 3502
9438 9436 1319
9439 9437 820
9445 9442 926
9445 9451 1319
9452 9451 550
9435 9431 1112
9435 9440 2547
9441 9440 1562
9637 9635 1026
9642 9641 3903
9671 9670 300
9672 9670 794
9673 9669 2958
9702 9700 1076
18437 10090 1000
10094 10095 2289
10096 10095 936
10110 10109 383
10118 10109 1001
10118 10119 589
10119 10118 589
10119 12503 356
12763 12503 945
34666 34665 618
34667 34665 483
10156 10159 1855
10156 10170 793
10163 10159 261
10163 10164 1312
10170 10156 793
10170 10174 852
10170 10176 2115
10162 10164 962
10162 10366 1687
10144 10188 857
10186 10188 3072
10146 10193 687
10165 10172 1156
10165 10193 1619
10167 10172 836
10173 10172 937
10173 10195 974
10365 10369 999
10365 10371 2002
10369 10365 999
10369 10380 908
10364 10366 1060
9833 10385 1297
10391 10385 1040
10393 10385 695
10393 10398 1200
10393 10400 1353
10400 10393 1353
10400 10403 697
10400 10407 720
10412 10403 1203
34095 10407 303
34095 10408 1453
10408 10425 782
10408 34095 1453
10408 34795 1582
10395 10397 1314
10396 10388 836
10396 10397 730
10456 10397 732
10456 10475 782
9873 9875 984
9874 9875 705
10389 10388 1269
10465 10463 315
10475 10456 782
10475 10477 822
10488 10532 688
10551 10532 299
10556 10532 1950
10556 10557 711
10567 10557 1978
10567 10568 371
22303 10557 307
10570 10569 420
10571 10569 680
10572 10569 2783
34796 34795 485
10580 10584 755
10585 10584 1558
10586 10584 2783
10586 12393 763
12393 10586 763
12393 12550 1454
12552 12551 1447
12553 12551 847
12634 12636 802
12634 12637 1559
12637 12634 1559
12637 12638 671
12640 12638 1114
34465 34466 961
12631 12714 1728
12700 12714 663
12709 12720 839
12709 12721 2113
12705 12725 2018
12724 12725 1013
34232 12725 191
12721 12709 2113
12721 12723 839
12749 12723 1891
12749 12748 756
12782 12748 794
12782 12789 52
34102 12748 2334
12494 12499 445
12494 12535 2018
12495 12834 818
12832 12834 1343
12837 12836 175
12536 12535 445
12536 12897 278
34618 12897 446
12535 12494 2018
12535 12536 445
12535 12542 930
12545 12543 1830
12545 12736 1431
12549 12736 667
12741 12736 1114
12870 12872 869
12870 12873 3565
12876 12873 756
12877 12878 924
11856 11858 782
11856 12879 1934
11858 10589 1767
11858 11856 782
11908 11909 982
11911 11909 889
11924 12947 1014
12946 12947 1292
12970 12956 1686
12975 12974 588
12975 12976 2236
12977 12974 252
12977 12979 712
12977 13006 1279
13006 12977 1279
13006 13005 1700
13006 13007 420
13177 13176 708
13177 13178 2137
12856 12865 1539
12884 12865 400
13178 13027 808
13178 13177 2137
13016 13008 1279
12972 12966 930
12972 12976 847
11931 11933 667
11931 12967 2708
12966 12967 889
12966 12972 930
11933 11931 667
11933 12969 2606
13622 12969 333
13622 13631 2446
13628 13629 1014
13628 13630 1014
13628 13633 1265
13624 13623 2446
13624 13629 1114
13625 13623 1348
13637 13627 1848
13637 13644 1179
13700 13655 975
13645 13651 1945
13645 13659 1344
13650 13663 2090
13650 13664 1208
13650 13667 975
13664 13650 1208
13664 13707 676
13664 13736 1901
13663 13650 2090
13663 13736 1279
12258 13737 1167
12262 12263 1007
12262 13751 1306
12302 12303 877
12308 12303 747
12308 12309 2413
13916 12303 1140
13924 13926 604
13924 13934 604
12265 13753 750
12265 13758 2078
13763 13758 828
13920 12309 947
13920 13922 4423
23663 13922 350
34162 13922 764
12309 12308 2413
12309 13920 947
12309 13927 1676
13965 13947 582
23668 13947 310
23676 23673 847
23680 23679 2111
23680 23738 1530
23680 23747 1686
23811 23810 473
23749 23747 672
23749 23752 509
34380 23752 508
23738 23680 1530
23738 23747 336
23755 23750 7023
23755 23754 538
23728 23729 1685
23763 23729 688
23744 23756 5828
23744 23757 6333
23754 23755 538
23754 23756 818
24819 24831 1008
24819 24876 809
24820 24810 418
24820 24876 403
24810 24818 818
24810 24820 418
24817 24818 872
24817 24874 1205
24830 24831 697
24830 24885 1474
24836 24885 750
24836 24888 581
24926 24923 649
24926 24925 2377
24854 24889 1483
24854 24909 872
24888 24836 581
24888 24889 1409
24851 24909 649
24913 24909 1280
24913 24912 1322
24913 24924 2950
24924 24913 2950
24924 24925 1031
24924 24931 276
24931 24924 276
24931 25097 1672
25095 25093 924
25095 25094 869
25095 25123 1022
25123 25095 1022
25123 25149 2568
25150 25149 511
25101 25102 796
25101 25104 610
25103 25102 1337
25105 25104 238
187686 187687 865
188003 187687 1510
188005 187687 903
190679 190674 20
190679 190819 156
190819 190676 36
190819 190679 156
187681 187679 782
187702 187679 583
187699 187700 385
187699 187704 605
187704 187699 605
187704 187703 2780
187733 187703 1116
187733 187739 1602
187737 187703 1135
187739 187703 1066
187739 187733 1602
187692 187690 792
187692 187693 1772
187710 187690 1805
187710 187911 982
187789 187788 858
187789 187790 1246
187789 187906 882
187906 187789 882
187906 187790 812
187909 187790 2506
187909 187910 1497
187910 187909 1497
187910 187911 944
187920 187911 1249
187697 187693 779
187211 187212 2027
187211 187794 800
187213 187212 1651
187213 187214 1309
187213 187725 718
187788 187787 844
187788 187789 858
187796 187787 1250
187796 187794 805
187797 187794 1650
187795 187711 927
187795 187728 792
187803 187711 1201
187803 187812 157
187214 187213 1309
187214 187728 734
187805 187262 1517
187805 187784 839
187805 187806 522
187805 187807 1094
187812 187803 157
187812 187806 249
187812 187811 1202
187783 187772 733
187783 187782 1438
187784 187777 1906
187784 187785 923
187784 187805 839
187784 187808 841
187786 187782 554
187786 187785 908
23774 23776 840
23774 23779 564
23774 35118 66
35356 23779 110
35356 35118 591
35356 35355 232
35356 35357 378
23761 23760 621
23779 23760 539
23779 23774 564
23779 35356 110
35358 35355 204
23784 23771 336
187257 187246 1407
187257 187256 1194
187257 187827 808
187823 187246 1300
187832 187785 748
187832 187846 898
187807 187805 1094
187807 187808 818
187807 187809 475
187807 187858 1151
187842 187846 752
187842 187848 1209
187845 187848 761
187845 187855 1306
187854 187855 771
189600 187887 755
189600 189601 920
187897 187896 1232
187897 187898 746
187897 189598 1420
187897 189605 842
189605 187896 874
189605 187897 842
189605 189601 941
189602 189601 784
187811 187809 336
187811 187812 1202
187811 187860 1159
187859 187860 826
187859 187868 1356
187867 187868 803
187875 187868 1331
187875 187873 369
187873 187874 418
187873 187875 369
190491 187874 616
190491 190492 329
190824 190492 204
190824 190775 276
187877 190492 2413
190783 187974 803
190783 190596 1360
188001 190596 1584
187760 187958 1102
187957 187958 1077
187990 187958 1710
188234 187958 296
188234 190327 211
190327 187958 295
190327 188234 211
187828 187827 1158
187839 187838 967
187850 187838 1233
187850 187851 794
189598 187851 1330
189598 187897 1420
189598 189599 818
134740 134731 5883
134738 134734 983
134738 134737 1967
134742 134734 2230
134739 134737 1033
134739 134785 1867
134788 134785 1280
134788 134787 1344
134799 134798 344
134799 134803 1627
134707 134713 599
134714 134713 9416
134993 134217 463
134993 134804 1533
134993 134994 511
134198 134803 3187
134804 134803 682
134804 134993 1533
135010 135009 751
135010 135013 1257
135014 135013 806
135014 135018 747
135009 134999 1257
135009 135010 751
135064 134963 1266
135064 134964 1111
135064 135075 673
135018 135014 747
135018 135016 747
135020 135016 1302
135020 135017 924
135065 135017 765
135077 135075 1004
135077 135079 848
135079 135076 1004
135079 135077 848
135079 135081 765
135797 135084 599
135797 135085 1004
135797 135799 848
135799 135797 848
135799 135798 889
135799 135806 818
135806 135798 276
135806 135799 818
135806 135805 1398
135810 135805 551
135810 135811 751
135812 135811 1395
135812 135813 1143
135792 135780 1530
135792 135781 1062
135792 135878 1098
135792 135880 2230
135878 135781 238
135878 135792 1098
135878 135839 757
135827 135813 233
135835 135837 950
135873 135839 238
135886 135880 975
136084 136086 1344
136096 136086 2281
136096 136095 418
136081 136079 697
136082 136079 939
136154 135815 562
136154 136156 336
136156 136154 336
136156 136160 373
136156 136163 1073
136163 136156 1073
136163 136164 276
136166 136164 3255
136166 136178 827
136178 136165 2915
136178 136166 827
136178 136188 751
136188 136178 751
136188 136179 2814
136188 136191 827
136191 136179 2920
136191 136188 827
136191 136204 1102
136209 136205 1287
136787 136205 435
136204 136191 1102
136204 136206 2138
136760 136759 231
136760 136761 149
136761 136760 149
136761 136762 755
136765 136762 1549
136766 136762 1412
136766 136778 884
136766 136798 1060
136798 136766 1060
136798 136802 886
136800 136802 1482
136812 136802 605
137487 137475 450
137487 137476 1177
136804 137484 562
137500 137476 1447
137500 137507 841
137482 137479 841
137482 137483 2224
137507 137479 1558
137507 137500 841
137483 137481 462
137483 137482 2224
137680 137687 870
137688 137687 1268
137691 137689 418
138103 137689 1547
138103 139612 369
138111 138104 782
138111 138114 2371
138111 138118 931
139617 138104 2375
139612 138103 369
139612 139613 4354
139616 139613 953
138119 138118 333
138119 138121 1124
138121 138119 1124
138121 138122 1124
138121 138123 605
138114 138111 2371
138114 138122 848
138114 138159 1565
138160 138122 796
138160 138162 782
138160 138173 1182
138159 138114 1565
138159 138161 2700
138159 138162 931
138161 138159 2700
138161 138177 932
137782 138166 2396
138165 138166 1124
138168 138166 818
138168 138187 2525
138188 138187 796
138188 138253 2644
138511 138253 782
138511 138263 2747
138511 138512 796
138469 138482 1612
138469 138512 2561
138532 138531 1182
138536 138531 1281
139036 138660 1762
139036 138671 939
139036 139037 751
139043 139037 2504
139043 139044 806
139041 138927 1854
139041 139040 738
139041 139050 1008
139044 139040 2504
139044 139043 806
138483 138515 594
138519 138515 238
138490 138491 688
138490 138524 2561
138523 138524 222
138477 138491 2665
138492 138491 782
138492 138528 2644
138529 138528 782
138529 138546 2644
138547 138546 796
138617 138616 4746
138631 138616 2305
138650 138668 875
138667 138668 403
138667 138672 279
138669 138668 3090
138682 138676 1336
138671 138656 1762
138671 138670 751
138671 139036 939
138673 138670 605
138673 138672 202
138988 138986 1161
138988 138994 708
138988 138996 682
138988 139000 1505
139001 138994 1530
139001 139000 789
139001 139013 789
139001 139015 1505
139014 139007 1612
139014 139013 682
139014 139018 789
139016 139013 1375
139016 139015 751
139019 139018 1055
139019 139034 354
139034 139012 1014
139034 139019 354
138998 138997 1715
138998 139000 403
138998 139002 1576
139080 138999 2504
139080 139076 806
139000 138988 1505
139000 138998 403
139000 139001 789
139000 139002 1636
139015 139001 1505
139015 139002 751
139015 139016 751
139081 139002 2411
139078 139079 2430
139076 138957 2642
139076 139077 806
139076 139080 806
139047 139039 927
139047 139049 1342
139047 139050 889
139050 139041 1008
139050 139047 889
139050 139054 1209
139055 139054 788
139083 139077 806
139086 139077 2365
139428 139426 605
139446 133992 685
139446 139426 656
133992 139441 712
133992 139446 685
139430 139429 1033
139443 139442 562
139448 139442 1533
228744 228750 430
228746 228750 433
228823 228822 893
228824 228822 679
230221 230220 1334
230223 230220 2369
229540 229604 948
229540 229613 4321
229604 229540 948
229604 229613 3439
229612 229613 1225
229612 229622 1094
229619 229621 844
229619 229622 1576
229623 229621 1161
229623 229627 1004
229628 229627 2062
229638 229637 1686
230923 229641 1058
234464 229641 873
230919 229632 1260
230919 230921 556
230922 230921 671
229631 229632 844
229631 229633 2839
781
137480
137666
137670
137690
138105
138109
138120
138142
138169
138170
138175
138178
138183
138186
138252
138262
138530
138659
138664
138926
139035
138932
138514
138533
138525
138526
138527
138544
138632
138675
138677
138654
138665
138655
138991
139004
139006
139010
139011
138953
138987
138984
138954
138995
138956
138950
139048
139053
139416
139424
139425
134091
139440
138793
138796
235204
235574
230051
235276
230046
228751
228821
235570
229614
226441
229616
229624
229636
229640
229644
229643
230924
230927
230934
229635
230894
230960
230932
234983
225985
228944
228955
228965
235263
229029
229059
229061
229217
229211
229221
235261
229335
229248
229238
234600
234606
229071
229609
229528
229535
230009
228615
228675
228652
228698
228696
229977
229983
229985
235413
234599
228594
228642
234380
228734
228662
228735
228736
228740
234963
226766
226778
234339
226689
226317
226491
226492
226535
226544
226565
226581
226600
226601
226587
226596
226602
226624
226628
226637
226693
226721
230897
230878
230896
229587
234798
228875
228883
228879
230252
228899
228900
8829
8820
8209
8897
21407
9103
9115
9072
9106
9094
9139
9141
9198
9298
9302
9428
9436
9437
9442
9451
9440
9635
9641
9670
9669
9700
10090
10095
10109
12503
34665
10159
10174
10176
10164
10188
10193
10172
10195
10371
10380
10366
10385
10398
10403
10407
10425
10397
9875
10388
10463
10477
10532
10557
10568
10569
34795
10584
12550
12551
12636
12638
34466
12714
12720
12725
12723
12748
12789
12499
12834
12836
12897
12542
12543
12736
12872
12873
12878
12879
10589
11909
12947
12956
12974
13005
13176
12865
13007
13027
13008
12976
12979
12967
12969
13633
13631
13629
13623
13630
13627
13655
13644
13659
13651
13667
13707
13736
13737
13751
12263
12303
13934
13753
13758
13926
13922
13927
13947
23673
23679
23810
23752
23747
23750
23729
23757
23756
24876
24818
24874
24831
24885
24923
24889
24909
24912
24925
25097
25093
25094
25149
25102
25104
187687
190674
190676
187679
187700
187703
187690
187790
187911
187693
187212
187787
187794
187711
187728
187725
187262
187806
187772
187777
187782
35118
23760
35357
35355
23771
23776
187246
187785
187808
187846
187848
187858
187855
187887
187896
189601
187809
187860
187868
187874
190775
190492
187974
190596
187958
187256
187827
187838
187851
189599
187898
134731
134734
134737
134785
134787
134798
134713
134217
134803
134994
135013
134999
134963
134964
135016
135017
135075
135076
135081
135084
135085
135798
135805
135811
135781
135813
135837
135839
135780
135880
136086
136079
136095
135815
136160
136164
136165
136179
136205
136206
136759
136762
136778
136802
137475
137484
137476
137479
229632
225982
228945
228962
228935
228966
229028
229056
229210
229208
229209
229215
235323
229237
229242
234598
234607
229070
229610
229527
229530
229366
234383
228611
228630
228650
228651
228699
228690
229976
229975
229980
228702
235414
234745
234746
228592
228641
228644
228579
228717
228737
228738
227077
228756
228777
228739
235377
230042
234341
226773
226688
226315
226223
226488
226528
226537
226561
226572
226540
226605
226573
226620
226622
226627
226636
226692
226720
226687
229586
229588
234404
226779
228874
228878
228886
228887
228897
228904
228882
228896
8824
8827
8818
8182
8878
9057
9058
9060
8906
9108
9068
9070
9092
9130
9137
9142
9196
9200
9201
9315
9431
9432
9435
9637
9702
10094
10096
10110
10118
10156
10163
10170
10162
10144
10186
10146
10165
10167
10173
10365
10369
10364
9833
10391
10400
10408
10395
10396
10456
9873
9874
10389
10465
10475
10488
10551
10556
10567
10570
10571
10572
34796
10580
10586
12393
12552
12553
12634
12637
12640
12631
12700
12709
12705
12721
12749
12494
12495
12832
12837
12535
12545
12549
12741
12870
12876
12877
11856
11858
11908
11911
11924
12946
12970
12975
13177
12856
13178
12972
11931
12966
11933
13622
13624
13625
13637
13645
13650
13663
12258
12262
12302
12308
13916
13924
12265
13920
23663
12309
23668
23676
23749
34380
23738
23728
23763
23744
24819
24810
24817
24830
24836
24854
24888
24851
24924
24931
25095
25123
25101
25103
25105
187686
188003
188005
190679
190819
187681
187702
187699
187704
187733
187737
187739
187692
187710
187906
187909
187910
187920
187697
187211
187788
187796
187797
187795
187803
187214
187786
23774
187257
187823
187832
187842
187845
187854
189600
189605
189602
187811
187859
187867
187875
187877
190783
188001
187760
187957
187990
188234
190327
187828
187839
187850
189598
134740
134738
134742
134739
134788
134799
134707
134714
134993
134198
134804
135010
135014
135009
135064
135018
135020
135065
135077
135799
135806
135810
135812
135792
135878
135827
135835
135873
135886
136084
136096
136081
136082
136154
136156
136163
136166
136178
136188
136191
136209
136787
136204
136800
137487
136804
137500
137482
137507
137483
137680
137688
137691
138103
139617
138114
138159
138161
137782
138165
138168
138188
138511
138469
139036
139043
139041
139044
138483
138519
138490
138523
138477
138492
138529
138547
138631
138650
138667
138669
138682
139014
139016
139019
139034
139080
139015
139081
139078
139076
139050
139055
139083
139086
139446
133992
139430
139443
139448
228744
228746
228823
230221
229540
229604
229619
229623
230919
229631
