1130
44314 44298 1636
44314 44315 1659
44316 44297 60
44316 44311 1410
44325 44313 848
44337 44334 878
44337 44556 610
44364 44363 789
44364 44559 3017
44560 44559 629
44356 44355 984
44356 44357 2949
44357 42032 783
44357 44356 2949
44418 44416 2213
44418 44425 1035
44443 44425 1120
44447 44446 252
44447 44454 783
44456 44451 1457
44456 44461 1742
44467 44466 1034
44468 44469 1219
44468 44653 1476
44653 44468 1476
44653 44654 1066
44657 44661 1342
44657 44663 818
44659 44660 905
44680 44681 1293
44680 44682 878
44690 44682 878
44690 44696 1085
44048 44047 1530
44048 44049 2903
44019 44020 404
44031 44030 2378
44031 44039 476
44039 44031 476
44039 44034 951
44047 44036 1530
44047 44048 1530
44095 44049 2803
46272 46941 197
46272 47024 263
44086 44049 1700
44086 44084 1731
44086 44090 1161
44094 44090 2007
44094 44100 847
35648 44092 1022
35648 44097 2596
44697 44696 1144
44697 44710 1955
44714 44715 630
44710 44697 1955
44710 44704 672
44702 44701 1338
44702 44705 1206
44702 44706 884
44846 44708 474
44846 44847 828
35905 35909 751
35907 35908 713
35907 35911 836
35932 35931 476
44818 44826 1055
44818 44827 1281
44831 44829 873
44831 44861 1275
44831 45938 2411
44814 44815 1064
44812 44791 552
41375 41376 738
44861 44831 1275
44861 45939 2460
44854 35911 848
44852 44849 828
44792 44789 682
45943 45934 1994
45943 45940 1307
45964 45936 1656
45964 45953 2005
45964 46083 1428
45940 45939 948
45940 45943 1307
46090 46083 1365
46090 46085 3676
46090 46091 1029
46283 46286 884
46283 46287 1380
46294 46295 149
46294 46296 1081
46298 46287 1959
46298 46300 279
46308 46300 674
46311 46304 1205
46317 46314 940
46318 46315 828
46319 46315 2042
46319 46316 709
46352 46350 605
126156 126154 276
126155 126145 1017
127393 127133 818
127393 127390 1813
45856 45830 1883
45856 45855 672
45858 45857 766
45858 45866 436
45866 45853 1780
45866 45858 436
45867 45853 1380
45867 45854 2883
126663 126657 953
126663 126661 337
126666 126665 3227
126666 126670 1081
126653 126651 2748
126653 126659 1080
126659 126652 1116
126659 126653 1080
125400 125371 1699
125400 125401 1293
125400 125404 951
45819 45818 168
126757 126672 276
126757 126755 2042
126755 126754 678
126755 126757 2042
45820 45818 517
45820 45827 1140
45826 45824 253
45826 45825 766
45830 45825 562
45830 45856 1883
126691 126676 355
126695 126694 337
126690 126683 807
126690 126694 1641
126690 126699 890
126727 126721 337
126726 126725 1010
126726 126729 1121
126733 126729 873
126733 126731 1447
126741 126051 3284
126741 132534 736
127003 126999 404
127003 127004 404
127010 127008 739
127010 127011 697
45839 45838 2285
45839 45844 1055
45839 45850 1085
46117 45849 404
46118 45854 279
46116 46113 3424
46116 46126 885
46024 46020 984
46024 46023 2273
46024 46026 1719
46056 46023 984
46056 46055 1827
46056 46059 933
46058 46026 1027
46058 46127 1952
46070 46060 1154
46074 46075 841
46074 50575 310
46129 46127 1614
46129 46152 1161
46068 46067 1979
46068 46071 517
50575 46074 310
50575 50576 596
46069 46067 842
46105 46104 1614
46105 46325 4658
46325 46105 4658
46325 46324 2156
127431 127432 27
127420 127419 739
127420 127458 1355
127420 132494 1418
127422 127424 537
127422 127425 613
127459 127458 778
127459 127461 697
127439 127405 818
127439 127416 2885
127439 127452 1876
127457 127419 1906
127457 127458 672
127564 127563 476
127564 127565 1248
127564 132405 617
127477 127474 1458
127528 126619 3852
127528 127547 222
127528 127548 2111
127561 127562 74
127561 127571 313
127565 127564 1248
127565 127566 355
127571 127515 837
127571 127561 313
127594 127592 299
127594 132565 1737
127469 127468 1023
127557 127559 650
129082 127559 2444
129082 129084 818
129082 129121 1146
129086 129084 1971
129086 129128 374
129132 129133 422
129132 129134 1786
129135 129134 1030
129135 129150 976
129145 129149 782
129145 129346 1759
129171 129150 1308
129171 129174 1367
129176 129149 1820
129176 129346 778
129182 129181 808
129182 129183 1587
129184 129183 874
129184 129186 1813
129266 129186 880
129266 129256 1642
129177 129173 928
129177 129175 941
129268 129256 808
129268 129262 3294
129268 129269 811
129271 129269 1674
129271 129272 673
129416 129417 941
129378 129380 811
129378 129417 1534
129377 129380 1764
129428 129380 808
129428 129420 1534
129429 129420 807
129429 129430 739
129430 129429 739
129430 129434 884
121228 121227 739
121228 121229 791
121230 121229 905
121230 121231 1032
121234 121231 1309
121220 121218 1283
121220 121222 1085
121239 121232 1119
121246 121273 1004
121277 121275 1147
121154 121150 891
121154 121153 874
121154 121162 1503
121162 121154 1503
121162 121160 1014
121167 121166 1399
121270 121268 753
121270 121275 951
121553 121552 711
121554 121546 475
121554 121555 1202
69242 69238 1037
69242 69238 1037
69242 69243 958
69242 69247 3012
69242 69247 3012
121555 69238 2127
121555 121554 1202
69246 69247 1324
69246 69247 1324
69246 69248 2751
69246 69845 1044
69246 69845 1044
121569 69845 2510
121569 121570 873
70166 70165 6086
70166 70192 3189
70099 70098 1201
70099 70167 691
70189 69996 299
70085 70082 1632
70085 70086 1954
70085 70091 851
70091 70083 1592
70091 70085 851
70091 70187 1075
70112 70114 999
70112 70115 1037
70113 70103 893
70113 70117 624
70113 77253 807
70122 70115 713
70122 70123 601
70122 70124 684
70160 70098 830
70160 70163 885
69096 69724 1580
69810 66305 1919
69810 69808 355
70049 70050 237
69782 62897 297
69782 69777 760
69782 69793 1467
69800 69789 253
69802 69801 2931
69802 69803 809
69826 69829 159
69900 69901 523
70288 69901 435
70288 70297 848
70297 70007 1221
70297 70288 848
70297 70298 477
70300 70007 829
70306 70309 1030
70307 70308 611
70307 70321 977
70308 70307 611
70308 70320 753
70318 70320 1561
70318 70323 880
70319 70323 1636
70319 70381 753
70541 70537 3804
70544 70543 794
70544 70558 760
70544 78779 420
70550 70549 2536
70550 70552 791
70550 70553 842
70411 70395 452
70416 70414 1749
70416 70439 1336
70440 70441 1207
70440 70492 678
70467 70471 445
70472 70486 848
70472 70487 2892
70473 70471 436
70473 70497 739
70488 70487 688
70488 77107 1367
70535 70537 907
76616 76617 1011
69839 69840 538
69839 69840 538
121403 121401 2859
121403 121405 631
121403 121573 873
77469 77471 70
77469 77472 1503
121407 121406 601
121407 121418 872
121408 121405 684
121408 121406 3636
121421 121418 3010
121421 121574 287
69315 69308 2079
69315 69311 463
69315 69316 2461
77476 77477 1069
69308 69305 460
69308 69315 2079
71864 72760 785
71864 72761 420
70054 70053 1097
129435 129434 373
129435 129436 837
129444 129438 1814
129441 129439 1547
129441 129449 1903
129472 129471 475
129472 129474 994
129474 129472 994
129474 129559 1159
129475 129454 1423
129475 129471 475
129465 129454 1814
129465 129470 1087
129485 129462 1147
129485 129561 337
121140 121141 698
121140 121142 1463
121168 121166 1300
121170 121171 672
216116 216115 2818
216116 219094 2158
218205 218364 347
218205 222607 1886
218206 218217 872
218206 218219 1487
218208 218207 1381
218208 218207 1381
218208 218213 639
218214 218240 461
218214 218245 1605
218203 218182 631
219570 224086 525
224091 224093 609
219225 219226 4385
219225 219237 3079
219233 219234 957
219087 219083 368
219087 219090 1747
219236 219091 2118
219236 219239 633
219083 219087 368
219083 219088 1972
219085 219086 1946
219085 219475 2206
219473 219474 517
219473 219475 3264
219454 224099 267
219542 219614 753
219547 219617 930
219456 219614 2360
219456 224099 365
224087 224086 363
224087 224090 1275
219488 224491 70
219488 224493 1035
219491 219494 471
219491 224414 365
219527 224417 825
219529 219530 943
219529 219535 776
219529 219539 467
219528 219537 829
219474 218498 1803
219474 219473 517
224109 218497 570
224109 224110 385
224110 224109 385
224110 224492 91
222156 222234 792
218825 218832 779
218831 218811 1008
218833 218820 632
218833 218832 588
218833 224724 5
218838 222002 758
221993 218835 576
221993 221990 876
221993 221997 637
222007 221997 1461
222007 222008 544
224064 215980 939
224064 224063 1692
222121 222124 440
222185 222186 566
222188 222186 2432
222188 222190 498
222196 215314 826
222196 222190 1504
222218 222220 879
222218 222221 1388
222219 222221 755
222219 222251 1287
222215 222217 785
222215 222220 1310
222201 222208 547
222201 222216 495
222207 222208 2515
222207 222209 837
222216 222201 495
222216 222217 2136
215310 215309 1330
215310 215330 1004
215318 215312 185
215337 215330 681
215324 215315 837
215324 215325 3008
215326 215327 2721
215326 215339 2384
215334 215336 1846
215334 215388 2209
221893 222722 1035
222240 222241 1111
222246 218693 933
222246 222247 884
218884 218883 1067
219574 219575 2493
219574 219612 753
218858 218859 693
218858 222239 1008
222237 222235 752
222237 222239 1880
219612 219574 753
219612 222267 9881
224094 224090 1022
224094 224093 1081
219555 219554 578
219557 219556 1165
219557 219568 3945
218792 218811 675
218810 218811 849
218810 218816 708
218814 218816 926
218814 218817 573
222021 222053 642
222053 222021 642
223156 223157 752
223157 223156 752
223325 215222 1033
215222 223325 1033
150821 150826 471
150826 150821 471
149194 149193 289
149193 149194 289
149564 149566 1004
149566 149564 1004
149584 149583 800
149583 149584 800
151095 151118 753
143861 143862 937
143862 143861 937
151118 151095 753
147296 147385 2341
147385 147296 2341
147904 147913 821
147913 147904 821
147907 147919 1070
147919 147907 1070
212803 212811 583
212803 212813 1190
212813 212803 1190
212811 212803 583
152124 152125 985
152125 152124 985
152136 152137 1690
152137 152136 1690
154461 154463 421
154463 154461 421
154562 154561 767
154561 154562 767
159566 159565 2126
159565 159566 2126
159611 159614 688
159614 159611 688
159667 159670 767
159670 159667 767
159675 159754 1102
159754 159675 1102
159754 159758 518
159758 159754 518
159951 159994 948
159994 159951 948
160028 160029 672
160029 160028 672
195221 213088 819
213088 195221 819
213604 213590 765
213635 213637 677
213590 213604 765
213637 213635 677
170787 170777 818
170787 170789 688
170777 170787 818
170790 170789 452
170789 170787 688
170789 170790 452
95037 95035 697
95057 95060 604
95035 95037 697
95060 95057 604
97744 97742 373
97742 97744 373
50117 50119 3266
50119 50117 3266
35527 35532 2148
35532 35527 2148
44101 44083 818
44083 44101 818
44183 44092 475
44298 44314 1636
44315 44314 1659
44297 44316 60
44311 44313 2126
44311 44316 1410
44313 44311 2126
44313 44325 848
44334 44337 878
44556 44337 610
44363 44364 789
44559 44364 3017
44559 44560 629
44355 44356 984
42032 44357 783
44416 44418 2213
44425 44418 1035
44425 44443 1120
44446 44447 252
44454 44447 783
44451 44456 1457
44461 44456 1742
44461 44466 238
44466 44461 238
44466 44467 1034
44469 44468 1219
44654 44653 1066
44661 44657 1342
44663 44657 818
44660 44659 905
44681 44680 1293
44682 44680 878
44682 44690 878
44696 44690 1085
44696 44697 1144
44049 44036 1951
44049 44048 2903
44049 44086 1700
44049 44095 2803
44020 44019 404
44030 44031 2378
44034 44036 2432
44034 44039 951
44036 44034 2432
44036 44047 1530
44036 44049 1951
46941 46272 197
47024 46272 263
44084 44086 1731
44090 44086 1161
44090 44094 2007
44100 44094 847
44092 35648 1022
44092 44183 475
44097 35648 2596
44715 44714 630
44704 44705 672
44704 44710 672
44701 44702 1338
44705 44702 1206
44705 44704 672
44706 44702 884
44706 44708 4722
44708 44706 4722
44708 44846 474
44847 35908 569
44847 44846 828
35909 35905 751
35908 35907 713
35908 44847 569
35911 35907 836
35911 44854 848
35931 35932 476
44826 44818 1055
44827 44818 1281
44829 44831 873
45938 44831 2411
45938 45939 1410
44815 44814 1064
44791 44789 1798
44791 44812 552
41376 41375 738
45939 44861 2460
45939 45938 1410
45939 45940 948
44849 44852 828
44789 44791 1798
44789 44792 682
45934 45936 1579
45934 45943 1994
45936 45934 1579
45936 45964 1656
45953 45964 2005
46083 45964 1428
46083 46090 1365
46085 46090 3676
46091 46090 1029
46286 46283 884
46287 46283 1380
46287 46295 500
46287 46298 1959
46295 46287 500
46295 46294 149
46296 46294 1081
46300 46298 279
46300 46308 674
46304 46311 1205
46314 46315 677
46314 46316 2181
46314 46317 940
46315 46314 677
46315 46318 828
46315 46319 2042
46316 46314 2181
46316 46319 709
46350 46352 605
126154 126156 276
126145 126155 1017
127133 127393 818
127390 127393 1813
45855 45856 672
45855 45857 953
45857 45855 953
45857 45858 766
45853 45866 1780
45853 45867 1380
45854 45867 2883
45854 46118 279
126657 126663 953
126661 126663 337
126661 126665 276
126665 126661 276
126665 126666 3227
126670 126666 1081
126651 126653 2748
126652 126659 1116
125371 125400 1699
125401 125400 1293
125404 125400 951
45818 45819 168
45818 45820 517
126672 126757 276
126754 126755 678
45827 45820 1140
45827 45824 517
45824 45826 253
45824 45827 517
45825 45826 766
45825 45830 562
126676 126691 355
126694 126690 1641
126694 126695 337
126683 126690 807
126699 126690 890
126721 126727 337
126725 126726 1010
126729 126726 1121
126729 126733 873
126731 126733 1447
126051 126741 3284
132534 126741 736
126999 127003 404
127004 127003 404
127008 127010 739
127011 127010 697
45838 45839 2285
45844 45839 1055
45844 45849 2421
45850 45839 1085
45849 45844 2421
45849 46117 404
46113 46116 3424
46126 46116 885
46126 46152 926
46020 46024 984
46023 46024 2273
46023 46056 984
46026 46024 1719
46026 46058 1027
46055 46056 1827
46059 46056 933
46059 46060 871
46127 46058 1952
46127 46129 1614
46060 46059 871
46060 46070 1154
46075 46074 841
46152 46126 926
46152 46129 1161
46067 46068 1979
46067 46069 842
46067 46104 2670
46071 46068 517
50576 50575 596
46104 46067 2670
46104 46105 1614
46324 46325 2156
127432 127431 27
127419 127420 739
127419 127457 1906
127458 127420 1355
127458 127457 672
127458 127459 778
132494 127420 1418
127424 127422 537
127425 127422 613
127461 127459 697
127405 127439 818
127416 127439 2885
127452 127439 1876
127563 127564 476
132405 127564 617
127474 127477 1458
126619 127528 3852
127547 127528 222
127548 127528 2111
127562 127561 74
127566 127565 355
127515 127571 837
127592 127594 299
132565 127594 1737
127468 127469 1023
127559 127557 650
127559 129082 2444
129084 129082 818
129084 129086 1971
129121 129082 1146
129128 129086 374
129133 129132 422
129134 129132 1786
129134 129135 1030
129150 129135 976
129150 129149 1140
129150 129171 1308
129149 129145 782
129149 129150 1140
129149 129176 1820
129346 129145 1759
129346 129176 778
129174 129171 1367
129174 129175 874
129181 129173 697
129181 129182 808
129183 129182 1587
129183 129184 874
129186 129184 1813
129186 129266 880
129256 129266 1642
129256 129268 808
129173 129177 928
129173 129181 697
129175 129174 874
129175 129177 941
129262 129268 3294
129269 129268 811
129269 129271 1674
129272 129271 673
129417 129378 1534
129417 129416 941
129380 129377 1764
129380 129378 811
129380 129428 808
129420 129428 1534
129420 129429 807
129434 129430 884
129434 129435 373
121227 121228 739
121229 121228 791
121229 121230 905
121231 121230 1032
121231 121232 512
121231 121234 1309
121218 121220 1283
121222 121220 1085
121232 121231 512
121232 121239 1119
121273 121246 1004
121275 121270 951
121275 121277 1147
121150 121154 891
121153 121154 874
121153 121160 2174
121160 121153 2174
121160 121162 1014
121166 121167 1399
121166 121168 1300
121268 121270 753
121552 121553 711
121546 121554 475
69238 69242 1037
69238 69242 1037
69238 121555 2127
69243 69242 958
69247 69242 3012
69247 69242 3012
69247 69246 1324
69247 69246 1324
69248 69246 2751
69845 69246 1044
69845 69246 1044
69845 121569 2510
121570 121569 873
70165 70166 6086
70192 70166 3189
70098 70099 1201
70098 70160 830
70167 70099 691
69996 70187 385
69996 70189 299
70082 70083 514
70082 70085 1632
70086 70085 1954
70083 70082 514
70083 70091 1592
70187 69996 385
70187 70091 1075
70114 70112 999
70115 70112 1037
70115 70122 713
70103 70113 893
70117 70113 624
77253 70113 807
70123 70122 601
70124 70122 684
70163 70160 885
69724 69096 1580
66305 69810 1919
69808 69810 355
70050 70049 237
62897 69782 297
69777 69782 760
69793 69782 1467
69789 69800 253
69801 69802 2931
69803 69802 809
69829 69826 159
69901 69900 523
69901 70288 435
70007 70297 1221
70007 70300 829
70298 70297 477
70309 70306 1030
70321 70307 977
70321 70320 1056
70320 70308 753
70320 70318 1561
70320 70321 1056
70323 70318 880
70323 70319 1636
70381 70319 753
70537 70535 907
70537 70541 3804
70543 70544 794
70543 70553 641
70558 70544 760
78779 70544 420
70549 70550 2536
70552 70550 791
70553 70543 641
70553 70550 842
70395 70411 452
70395 70414 277
70414 70395 277
70414 70416 1749
70439 70416 1336
70439 70441 606
70441 70439 606
70441 70440 1207
70492 70440 678
70471 70467 445
70471 70473 436
70486 70472 848
70486 70497 650
70487 70472 2892
70487 70488 688
70497 70473 739
70497 70486 650
77107 70488 1367
76617 76616 1011
69840 69839 538
69840 69839 538
69840 121573 2660
121401 121403 2859
121405 121403 631
121405 121408 684
121573 69840 2660
121573 121403 873
77471 77469 70
77472 77469 1503
121406 121407 601
121406 121408 3636
121418 121407 872
121418 121421 3010
121574 121421 287
69311 69315 463
69316 69315 2461
77477 77476 1069
69305 69308 460
72760 71864 785
72760 72761 365
72761 71864 420
72761 72760 365
70053 70054 1097
129436 129435 837
129436 129438 984
129438 129436 984
129438 129439 837
129438 129444 1814
129439 129438 837
129439 129441 1547
129449 129441 1903
129449 129471 811
129471 129449 811
129471 129472 475
129471 129475 475
129559 129474 1159
129454 129465 1814
129454 129475 1423
129470 129465 1087
129462 129485 1147
129561 129485 337
121141 121140 698
121142 121140 1463
121171 121170 672
216115 216116 2818
219094 216116 2158
218364 218205 347
222607 218205 1886
218217 218206 872
218217 218219 621
218219 218206 1487
218219 218217 621
218207 218208 1381
218207 218208 1381
218213 218208 639
218240 218214 461
218245 218214 1605
218182 218203 631
224086 219570 525
224086 224087 363
224093 224090 237
224093 224091 609
224093 224094 1081
219226 219225 4385
219237 219225 3079
219234 219233 957
219090 219087 1747
219090 219091 2442
219091 219090 2442
219091 219236 2118
219239 219236 633
219088 219083 1972
219086 219085 1946
219475 219085 2206
219475 219473 3264
224099 219454 267
224099 219456 365
219614 219456 2360
219614 219542 753
219617 219547 930
224090 224087 1275
224090 224093 237
224090 224094 1022
224491 219488 70
224491 224492 84
224493 219488 1035
219494 219491 471
224414 219491 365
224417 219527 825
219530 219529 943
219535 219529 776
219539 219529 467
219537 219528 829
218498 218497 497
218498 219474 1803
218497 218498 497
218497 224109 570
224492 224110 91
224492 224491 84
222234 222156 792
222234 222235 902
218832 218825 779
218832 218833 588
218811 218792 675
218811 218810 849
218811 218831 1008
218820 218833 632
218820 218835 633
224724 218833 5
222002 218835 648
222002 218838 758
218835 218820 633
218835 221993 576
218835 222002 648
221990 221993 876
221997 221993 637
221997 222007 1461
222008 222007 544
215980 224064 939
224063 224064 1692
222124 222121 440
222186 222185 566
222186 222188 2432
222190 222188 498
222190 222196 1504
215314 222196 826
222220 222215 1310
222220 222218 879
222221 222218 1388
222221 222219 755
222251 222219 1287
222251 222247 789
222217 222215 785
222217 222216 2136
222208 222201 547
222208 222207 2515
222209 222207 837
215309 215310 1330
215330 215310 1004
215330 215337 681
215312 215318 185
215315 215324 837
215325 215324 3008
215327 215326 2721
215339 215326 2384
215336 215334 1846
215388 215334 2209
222722 221893 1035
222241 222240 1111
218693 222246 933
222247 222246 884
222247 222251 789
218883 218884 1067
219575 219574 2493
218859 218858 693
222239 218858 1008
222239 222237 1880
222235 222234 902
222235 222237 752
222267 219612 9881
219554 219555 578
219554 219556 538
219556 219554 538
219556 219557 1165
219568 219557 3945
218816 218810 708
218816 218814 926
218817 218814 573
928
44314
44316
44325
44337
44364
44560
44356
44357
44418
44443
44447
44456
44467
44468
44653
44657
44659
44680
44690
44048
44019
44031
44039
44047
44095
46272
44086
44094
35648
44697
44714
44710
44702
44846
35905
35907
35932
44818
44831
44814
44812
41375
44861
44854
44852
44792
45943
45964
45940
46090
46283
46294
46298
46308
46311
46317
46318
46319
46352
126156
126155
127393
45856
45858
45866
45867
126663
126666
126653
126659
125400
45819
126757
126755
45820
45826
45830
126691
126695
126690
126727
126726
126733
126741
127003
127010
45839
46117
46118
46116
46024
46056
46058
46070
46074
46129
46068
50575
46069
46105
46325
127431
127420
127422
127459
127439
127457
127564
127477
127528
127561
127565
127571
127594
127469
127557
129082
129086
129132
129135
129145
129171
129176
129182
129184
129266
129177
129268
129271
129416
129378
129377
129428
129429
129430
121228
121230
121234
121220
121239
121246
121277
121154
121162
121167
121270
121553
121554
69242
121555
69246
121569
70166
70099
70189
70085
70091
70112
70113
70122
70160
69096
69810
70049
69782
69800
69802
69826
69900
70288
70297
70300
70306
70307
70308
70318
70319
70541
70544
70550
70411
70416
70440
70467
70472
70473
70488
70535
76616
69839
121403
77469
121407
121408
121421
69315
77476
69308
71864
70054
129435
129444
129441
129472
129474
129475
129465
129485
121140
121168
121170
216116
218205
218206
218208
218214
218203
219570
224091
219225
219233
219087
219236
219083
219085
219473
219454
219542
219547
219456
224087
219488
219491
219527
219529
219528
219474
224109
224110
222156
218825
218831
218833
218838
221993
222007
224064
222121
222185
222188
222196
222218
222219
222215
222201
222207
222216
215310
215318
215337
215324
215326
215334
221893
222240
222246
218884
219574
218858
222237
219612
224094
219555
219557
218792
218810
218814
218815
221962
221956
221959
222055
222058
221964
221972
222016
222021
222022
222023
222053
222060
222560
223156
223157
223325
215222
223233
223286
223214
223217
224122
223229
223167
223168
223250
150821
150826
150924
150953
150833
150881
150923
149033
149184
149194
149193
149203
149301
149304
149318
149328
149336
146991
149560
149561
149564
149566
149245
149584
149624
149623
149583
149626
151095
143861
140323
143862
151118
147263
147268
151203
151134
147271
147294
147296
147385
147390
147472
147521
147528
147527
147549
147571
147678
147683
147684
147871
147873
147874
147877
147887
147888
147901
147904
147913
147907
147919
147925
147930
147989
147970
147971
147978
147984
148028
148046
148982
148985
149020
205126
205137
205139
205160
205162
212701
205172
212702
196106
212803
212813
212811
212877
212881
212886
150270
150272
150292
150299
198761
198763
198778
205064
205077
205085
205182
205074
170769
157795
170784
171282
171285
171309
170782
171453
162394
168992
171467
171536
171537
152124
152141
152125
154190
154195
154212
154203
162400
152132
154185
152136
152137
154264
154280
154489
154459
154461
154463
154509
154517
154562
154561
159312
159412
159566
159408
159565
159410
159611
159614
159641
159667
159670
159675
159754
159758
159765
157715
159814
159937
159958
159993
159990
159951
159994
160089
160019
172132
160028
158777
160025
160029
158732
160038
159008
159018
160049
161265
160087
160111
195221
213088
213110
213109
213127
213100
213496
213454
213471
213460
213505
213514
213188
213604
195198
213618
213629
213635
213644
213590
213532
213531
213543
213582
213641
213646
213673
213637
213649
213671
169657
170787
170777
170626
170646
170583
170593
170611
170717
170790
170789
170822
170726
170801
170662
94877
94882
94889
102892
95551
95557
95581
94711
94721
95038
95037
95057
95035
95060
95064
95099
95115
95104
95206
95226
95227
95222
101751
95532
95517
95515
94927
41929
49809
49813
49814
50021
50002
50044
102739
102741
97744
97770
97742
97783
93382
102674
102911
93395
93406
98802
102691
93426
93429
93430
93501
101669
101670
94694
98647
93352
98150
98237
98238
98241
98246
98126
98142
98195
98201
98206
98208
98223
98224
98286
98290
98568
98583
191107
191115
191081
191228
49976
50049
50052
50117
50119
50124
50128
50108
50134
50171
109039
42125
50243
35503
42193
42154
42150
42153
42180
35527
35532
43939
43943
43954
41414
44101
44083
44104
44183
44108
43949
44278
44284
44293
44298
44297
44311
44313
44334
44556
44363
44559
44355
42032
44416
44425
44446
44454
44451
44461
44466
44661
44663
44660
44681
44682
44696
44030
44034
44036
44084
44090
44100
44092
44097
44704
44701
44705
44706
44708
35911
44826
44827
44829
45938
44791
45939
44849
44789
45934
45936
45953
46083
46085
46091
46286
46295
46300
46304
46314
46316
46350
126154
126145
127133
127390
45855
45857
45853
45854
126657
126661
126665
126670
126651
126652
125371
125401
125404
45818
126672
126754
45827
45824
45825
126676
126694
126683
126699
126721
126725
126729
126731
126051
126999
127004
127008
45838
45844
45850
45849
46113
46126
46020
46023
46026
46055
46059
46127
46060
46075
46152
46067
46071
46104
46324
127432
127419
127458
127424
127405
127416
127563
127474
126619
127547
127548
127562
127566
127515
127592
127559
129084
129134
129174
129181
129183
129186
129256
129173
129175
129262
129269
129272
129417
129380
129420
129434
121227
121229
121231
121218
121222
121232
121273
121275
121150
121153
121160
121166
121268
121552
121546
69238
69243
69248
69845
121570
70165
70192
70098
70167
69996
70082
70083
70114
70115
70103
70117
69724
66305
69808
70050
62897
69777
69789
69829
69901
70007
70309
70321
70320
70323
70381
70543
70558
70549
70552
70395
70414
70439
70441
70492
70471
70486
70487
70497
69840
121401
121405
121573
121406
121418
69311
69316
77477
69305
72760
72761
70053
129436
129439
129449
129454
129470
129462
129561
121142
216115
219094
218364
222607
218217
218207
218240
218245
218182
224086
219226
219237
219234
219090
219091
219239
219088
219086
219475
219614
224491
219494
224414
224417
219530
219535
219537
218498
222234
218832
218811
218820
218835
221990
221997
222008
215980
224063
222124
222186
222190
215314
222220
222221
222251
222217
222208
222209
215309
215330
215312
215315
215325
215327
215339
215336
215388
222241
218693
222247
218883
222239
222235
222267
219554
219556
219568
218816
218817
