590
191507 191502 1554
191507 191508 1143
191791 191790 1243
190881 190882 444
191714 191715 864
191714 191735 1191
192763 192764 1592
192763 192765 1849
191059 191060 1454
191059 191482 1131
191782 191783 10027
191782 191839 3972
191875 191876 3429
191956 191773 819
191956 191957 1166
192778 192777 333
192780 192727 978
192780 192781 2335
192783 192815 7487
192783 192816 3557
192994 114403 557
193958 193959 359
193958 193961 44
193928 193929 238
109458 109459 1688
109458 109785 4907
109783 109784 241
109783 109784 241
109783 113872 322
109788 109786 4057
109788 113808 1097
109790 109798 1167
109870 109871 818
109870 111442 1656
107768 107765 1653
107768 107769 1165
110949 110950 1522
110949 110990 1120
109842 110989 1344
110953 110952 1161
110953 110954 516
110968 110969 2077
111096 110969 927
111096 111090 2091
111100 111090 889
111100 111099 1420
111174 111099 889
111174 111322 1480
111323 111322 889
111318 111320 938
111318 111346 557
111346 111318 557
111346 111340 672
111461 111462 418
103341 103338 2086
103341 111472 604
111348 103340 945
111464 111462 1028
111464 111463 373
103359 103358 2392
103359 111471 344
111225 111237 924
111225 111238 1847
111234 111235 1679
111234 111534 1558
111234 111544 1264
111544 111234 1264
111544 111545 1709
111553 105274 1084
111553 111230 336
105274 105273 1032
105274 105275 877
105274 111231 778
105274 111553 1084
111549 111541 672
111549 111581 672
111588 111581 2361
111588 111586 889
105275 105274 877
105275 105276 581
105275 111541 1114
111584 111585 1599
111584 111595 667
111584 112073 1679
111586 111574 2186
111586 111588 889
112065 111598 1763
112065 112067 672
112065 112072 333
112070 111599 1754
111721 111593 2194
111721 111599 889
111692 111593 782
111692 111693 840
111692 111724 893
111728 111724 2183
111728 111729 889
111729 111725 2186
111729 111728 889
111729 111730 782
112143 111730 2941
112143 112144 905
112144 111731 2780
112144 112143 905
112144 112146 580
112157 112148 1362
112157 112162 778
112159 112162 764
111755 111753 764
111755 111754 1225
111756 111744 756
111756 111753 1334
111735 111670 756
111735 111671 1669
111674 111457 930
111674 111673 818
111674 112578 344
112578 111674 344
112578 112577 869
112578 112581 1530
111675 111673 708
112586 112581 588
112586 112587 1000
112603 112587 927
112603 112604 975
111736 111701 1334
111736 111741 756
111744 111741 1334
111744 111756 756
112604 112603 975
112604 112605 836
111771 111770 504
111771 111772 298
112170 111770 252
112170 112169 588
112161 112162 1611
112161 112164 788
112187 112164 1375
112187 112186 681
112189 112169 201
112606 112608 418
112606 112698 557
112695 112699 877
112705 112706 473
112721 112722 750
112771 112722 2010
112771 112770 750
112893 112889 222
112893 112894 782
113334 112889 610
113334 113335 950
113339 113340 516
113341 113337 848
104305 104304 924
104305 104307 1820
105718 104307 2002
105718 113337 983
104316 104304 2147
104316 104317 672
104329 104322 1467
104329 104324 1205
112782 112770 1344
112782 112784 904
112786 103327 1950
112786 112784 418
103329 103328 737
103329 103330 473
103328 103327 737
103328 103329 737
103322 103323 1114
103322 112769 1167
112769 103322 1167
112769 112768 612
112715 112714 354
112716 112710 1743
112716 112722 1945
112723 112722 788
112723 112768 836
112723 112770 1876
112712 112711 1072
112889 112893 222
112889 113334 610
112812 112894 1014
104333 104336 747
104336 104333 747
104439 104441 672
104441 104439 672
104819 104826 1669
104826 104819 1669
105039 105042 1141
105042 105039 1141
39638 39644 610
39644 39638 610
39640 39643 697
39468 39469 511
39643 39640 697
39469 39468 511
39680 39684 2299
39684 39680 2299
40861 40639 2412
40884 40887 572
40887 40884 572
40980 40979 828
40639 40861 2412
40939 40950 1268
40979 40980 828
40950 40939 1268
55215 55219 807
55219 55215 807
55446 55458 890
48411 48419 796
48419 48411 796
48672 48673 561
48673 48672 561
48673 48685 390
48685 48673 390
48695 48752 828
48752 48695 828
48781 48783 1447
48783 48781 1447
48900 48902 713
48902 48900 713
49000 50318 365
50318 49000 365
49039 49181 1320
49181 49039 1320
49610 49602 374
49602 49610 374
131897 131898 2930
131898 131897 2930
54348 54346 789
54346 54348 789
54581 54657 1300
54657 54581 1300
55163 55161 751
55161 55163 751
144479 142527 2444
144479 144487 2479
144487 144479 2479
144487 144524 2782
144524 144487 2782
144533 144537 1130
144537 144533 1130
144666 144668 713
139893 139899 909
150610 150605 2030
150612 150613 671
150613 150612 671
150605 150610 2030
150637 150647 463
150647 150637 463
150650 150652 831
150652 150650 831
139899 139893 909
142527 144479 2444
141905 141907 2301
141907 141905 2301
142017 142019 311
142019 142017 311
142042 142043 1707
142043 142042 1707
142562 142576 985
142576 142562 985
142331 142333 1677
142333 142331 1677
142500 142508 1610
142508 142500 1610
55458 55446 890
56105 54994 810
54994 56105 810
204513 204514 597
195577 204704 834
204704 195577 834
144668 144666 713
144781 145117 73
145117 144781 73
145509 145514 823
145514 145509 823
145575 145577 726
145577 145575 726
145577 145578 809
145578 145577 809
145751 145763 788
145758 145753 779
145753 145758 779
145763 145751 788
145824 145825 722
145825 145824 722
146051 146053 761
146053 146051 761
151546 151576 830
151549 151548 1980
151576 151546 830
151578 142100 744
151533 151534 801
151534 151533 801
151548 151549 1980
142100 151578 744
204514 204506 686
204514 204513 597
203837 204412 1808
203837 204417 1026
204412 203837 1808
204417 203837 1026
204506 204514 686
208595 208594 1685
208594 208595 1685
208181 208588 885
208588 208181 885
208651 208655 1875
208655 208651 1875
210760 210764 1650
210764 210760 1650
167209 167211 879
167211 167209 879
167085 167087 2132
167087 167085 2132
152397 152407 3273
180172 180170 1225
180170 180172 1225
173604 173609 878
173609 173604 878
182120 182129 1779
182129 182120 1779
182129 182143 1266
182143 182129 1266
182217 182223 1293
182223 182217 1293
181992 182240 1505
182240 181992 1505
152407 152397 3273
173841 173842 4042
173842 173841 4042
155487 153030 517
153030 155487 517
152042 155526 1029
155526 152042 1029
175953 175955 782
175996 175984 1558
176005 176004 777
175955 175953 782
176004 176005 777
175984 175996 1558
177022 177019 3110
177019 177022 3110
177033 177039 2791
177039 177033 2791
176088 176080 751
176080 176088 751
176946 176943 1086
176943 176946 1086
211352 211358 2522
211358 211352 2522
211419 211421 1059
211416 211420 885
211416 211421 1988
211000 211001 1180
211001 211000 1180
166449 166469 2335
165261 165257 818
165257 165261 818
166469 166449 2335
164357 164388 673
164388 164357 673
164702 164701 778
164701 164702 778
211420 211416 885
211421 211416 1988
211421 211419 1059
211467 211469 759
211469 211467 759
211459 211457 822
211471 211474 779
211474 211471 779
211457 211459 822
212466 212513 1440
212513 212466 1440
119417 119420 1558
119420 119417 1558
115397 115399 418
115399 115397 418
115711 115710 1013
115710 115711 1013
115737 115738 1669
115738 115737 1669
106735 106734 782
107229 107166 571
107166 107229 571
107441 107442 6091
107441 107484 1699
107484 107441 1699
107442 107441 6091
107321 107505 1334
107505 107321 1334
106726 106723 1845
106723 106726 1845
106741 106758 562
106734 106735 782
106758 106741 562
115982 115993 838
115993 115982 838
191502 191507 1554
191508 191507 1143
191790 191791 1243
190882 190881 444
191715 191714 864
191735 191714 1191
192764 192763 1592
192765 192763 1849
191060 191059 1454
191482 191059 1131
191783 191782 10027
191839 191782 3972
191876 191875 3429
191773 191956 819
191957 191956 1166
192777 192778 333
192727 192780 978
192781 192780 2335
192815 192783 7487
192816 192783 3557
114403 192994 557
193959 193958 359
193961 193958 44
193929 193928 238
109459 109458 1688
109785 109458 4907
109785 109784 1489
109784 109783 241
109784 109783 241
109784 109785 1489
113872 109783 322
109786 109788 4057
113808 109788 1097
109798 109790 1167
109871 109870 818
111442 109870 1656
107765 107768 1653
107769 107768 1165
110950 110949 1522
110950 110952 1027
110990 110949 1120
110989 109842 1344
110989 110952 1584
110952 110950 1027
110952 110953 1161
110952 110989 1584
110954 110953 516
110969 110968 2077
110969 111096 927
111090 111096 2091
111090 111100 889
111099 111100 1420
111099 111174 889
111322 111174 1480
111322 111323 889
111320 111318 938
111340 111346 672
111340 111462 1139
111462 111340 1139
111462 111461 418
111462 111464 1028
103338 103340 927
103338 103341 2086
111472 103341 604
111472 111471 279
103340 103338 927
103340 111348 945
111463 111464 373
103358 103359 2392
111471 103359 344
111471 111472 279
111237 111225 924
111238 111225 1847
111235 111234 1679
111534 111234 1558
111545 111230 1694
111545 111544 1709
111230 111231 420
111230 111545 1694
111230 111553 336
105273 105274 1032
111231 105274 778
111231 111230 420
111541 105275 1114
111541 111549 672
111581 111549 672
111581 111574 1014
111581 111588 2361
105276 105275 581
111585 111584 1599
111595 111584 667
112073 111584 1679
111574 111581 1014
111574 111586 2186
111598 111599 778
111598 112065 1763
112067 112065 672
112072 112065 333
111599 111598 778
111599 111721 889
111599 112070 1754
111593 111692 782
111593 111721 2194
111693 111692 840
111724 111692 893
111724 111725 778
111724 111728 2183
111725 111724 778
111725 111729 2186
111730 111729 782
111730 111731 778
111730 112143 2941
111731 111730 778
111731 112144 2780
112146 112144 580
112148 112157 1362
112162 112157 778
112162 112159 764
112162 112161 1611
111753 111741 756
111753 111755 764
111753 111756 1334
111754 111755 1225
111670 111735 756
111671 111735 1669
111457 111674 930
111457 112577 688
111673 111674 818
111673 111675 708
112577 111457 688
112577 112578 869
112581 112578 1530
112581 112586 588
112587 112586 1000
112587 112603 927
111701 111736 1334
111741 111736 756
111741 111744 1334
111741 111753 756
112605 112604 836
111770 111771 504
111770 112170 252
111772 111771 298
112169 112170 588
112169 112189 201
112164 112161 788
112164 112187 1375
112186 112187 681
112608 112606 418
112698 112606 557
112699 112695 877
112706 112705 473
112722 112716 1945
112722 112721 750
112722 112723 788
112722 112771 2010
112770 112723 1876
112770 112771 750
112770 112782 1344
112894 112812 1014
112894 112893 782
113335 113334 950
113335 113340 599
113340 113335 599
113340 113339 516
113337 105718 983
113337 113341 848
104304 104305 924
104304 104316 2147
104307 104305 1820
104307 105718 2002
104317 104316 672
104317 104322 238
104322 104317 238
104322 104329 1467
104324 104329 1205
112784 112782 904
112784 112786 418
103327 103328 737
103327 112786 1950
103330 103329 473
103323 103322 1114
103323 112768 1901
112768 103323 1901
112768 112723 836
112768 112769 612
112714 112715 354
112710 112716 1743
112711 112712 1072
980
191507
191791
190881
191714
192763
191059
191782
191875
191956
192778
192780
192783
192994
193958
193928
109458
109783
109788
109790
109870
107768
110949
109842
110953
110968
111096
111100
111174
111323
111318
111346
111461
103341
111348
111464
103359
111225
111234
111544
111553
105274
111549
111588
105275
111584
111586
112065
112070
111721
111692
111728
111729
112143
112144
112157
112159
111755
111756
111735
111674
112578
111675
112586
112603
111736
111744
112604
111771
112170
112161
112187
112189
112606
112695
112705
112721
112771
112893
113334
113339
113341
104305
105718
104316
104329
112782
112786
103329
103328
103322
112769
112715
112716
112723
112712
112766
112796
112798
112779
112889
112812
113845
104507
104513
104333
104336
104437
104439
104441
104564
104431
104565
39230
39598
39600
39573
39536
39538
39593
39594
39777
104758
39214
104746
104753
104819
104839
104871
113615
104826
104928
104942
104916
104945
104952
105048
104421
105014
113924
104461
105019
105039
105042
39561
39577
39638
39644
39640
39468
39643
39469
39474
39472
39389
39441
39454
39485
39680
39684
39694
39695
39746
39753
40486
40490
40513
40534
40542
40532
40533
41132
41134
40555
40553
40633
40636
40861
40863
40867
40882
40884
40887
40898
40956
40961
40980
40623
40639
40987
40939
40947
40979
40950
40943
55205
55215
55219
55386
55392
55396
55416
55442
55446
48387
40942
41654
48411
48419
48426
48541
48657
48665
48672
48396
48412
50387
48673
48685
48690
48695
48752
48725
48766
48778
48781
48783
49082
49086
48900
48914
48918
49050
49051
49049
49055
48902
48924
48943
48945
48940
48959
48976
48977
49000
49014
50318
49040
49039
49181
49198
49594
49610
49602
49033
49599
49608
48328
48331
131393
131394
131416
131419
131661
131422
131646
131650
131671
129987
131897
49706
49709
131888
131890
131898
54338
54357
54348
54350
54353
54345
54346
54409
54428
54438
54493
54512
54373
54380
54399
54581
52913
52662
52740
54677
54673
54657
49687
53860
53774
53906
53863
53912
53924
55147
55167
55163
55161
55201
144479
144487
144524
144533
144537
144674
144625
144624
144651
144666
139893
139894
150610
150612
150613
150628
150605
150637
150647
150653
150650
150652
150685
139899
140192
140202
140204
140255
140266
140268
141579
141592
142327
142492
142502
142530
142519
142527
142326
141595
141905
141907
141925
141926
142017
142019
142031
142042
142043
142051
142054
142562
142576
142577
142603
142608
142718
142331
142333
142500
142508
142723
55458
55463
56105
54994
55470
55472
204513
204664
195577
204704
204723
204727
204760
214521
204733
204768
204865
214566
207871
144668
144670
144734
144737
144736
144742
144752
145307
144741
145317
145319
144780
144776
144764
144781
145117
145479
145485
145489
145490
145509
145514
145519
145575
145577
145578
145751
145752
145758
145753
145754
145614
145607
145613
145763
145769
145771
145819
145824
145825
145840
145865
146045
146051
146053
146069
146073
151454
151477
151546
151549
151575
151576
151578
151531
151533
151534
151548
142100
203816
204514
203811
203819
203831
203836
204409
203837
204412
204417
204486
204487
204495
204506
208573
208611
208595
208593
208594
208561
208562
208580
208181
208588
208589
207843
207844
208600
208604
208653
208651
208655
208670
208471
208494
208495
208723
208729
211155
210760
210764
180672
180675
180677
180237
180239
185722
176652
180412
166402
166508
166522
166576
166706
166746
166720
166678
166712
167194
167205
167209
167184
167187
167182
167191
167151
167174
167211
167085
172667
166681
166715
166756
167003
172478
167037
167072
167087
167035
167145
152397
152402
162547
186057
180172
180386
180389
180395
180170
180177
179696
180409
180442
178647
186064
170263
170621
173604
173609
169507
169840
181989
182238
182241
182317
182222
179715
181924
181930
182120
182129
182143
182148
182145
182200
182217
182220
182223
181992
182240
182334
182353
173608
173640
152213
152309
152304
152310
152261
152327
152407
152462
152332
152889
152896
152215
152910
152925
152892
185772
185776
185941
173865
173867
173572
173644
173517
173688
173841
173842
173852
173858
173883
152902
152914
153007
153015
175332
155487
153030
153026
175306
152042
155514
155526
155504
155489
175953
175996
176005
175990
176489
176468
176488
175955
176004
176002
176007
175994
172799
152061
176466
152040
155525
155575
155608
155570
155607
155611
155612
152067
175909
175980
175984
175834
175832
177104
177022
177019
177018
176937
176947
176940
177032
177035
177033
177039
175852
176082
176104
176098
177175
176088
175906
176080
176945
177159
176946
176943
176667
176786
176789
176779
176854
176874
176885
176884
176895
176878
173863
176646
174979
174980
185817
175023
176663
176635
176755
210776
211352
211358
211419
211416
211000
211001
211318
211322
211343
166449
166447
166404
165038
165071
165076
167278
165261
165257
165259
165249
165311
165323
165317
165325
167290
166461
166465
166487
166467
167279
166478
166469
165046
165044
165063
165065
164473
164437
164438
164814
164432
165168
164355
164359
164380
164357
164388
164417
164415
164464
161383
161387
161386
161398
161401
164351
164699
164535
164706
164702
164564
164701
164553
164711
164719
164713
161393
164528
164549
164577
164538
211420
211421
211447
211467
211469
211456
211554
211555
212170
212190
212197
212201
211459
211471
211474
211457
211463
212462
212466
161406
212513
212515
212233
212240
212248
212249
212441
212442
114663
114385
114651
114304
114306
114583
114572
114038
114040
119118
119119
119411
119417
119420
119406
114850
114916
114904
114929
92001
102181
102183
92133
92215
92216
92213
115397
115404
115399
115332
115335
115416
115418
115711
115710
115675
115680
115689
115733
115735
115732
115440
115737
115738
105809
115799
106735
107024
107054
107055
107132
106959
107052
107116
107390
107168
107229
107166
107441
107484
107442
107525
107321
107505
113864
107333
107533
109501
92826
103138
92966
102818
92830
92869
92870
92945
92949
106726
106723
106756
106741
106734
106758
115777
115969
115780
115982
115993
116033
116000
92724
92725
115851
191502
191508
191790
190882
191715
191735
192764
192765
191060
191482
191783
191839
191876
191773
191957
192777
192727
192815
192816
114403
193961
109459
109785
109784
109786
113808
109798
109871
107765
110950
110989
110969
111090
111099
111322
111320
111340
103338
111472
103340
111463
103358
111471
111237
111238
111235
111534
111230
111541
111581
105276
111585
111595
111574
111598
112067
111599
111593
111693
111725
111730
111731
112146
112148
112162
111753
111754
111670
111671
111457
111673
112577
112581
112587
111701
111741
112605
111770
112169
112164
112186
112608
112698
112699
112706
112770
112894
113335
113337
104304
104307
104317
104322
104324
112784
103327
103323
112768
112714
112710
112711
