1046
155044 155045 710
155044 155055 672
157861 157860 372
157862 157879 1136
157862 157881 889
157850 157849 796
157852 157848 600
157852 157849 1813
155060 155050 1825
155126 155127 518
155130 155128 355
155130 155129 2605
155129 155124 1118
155129 155130 2605
155129 155133 2262
155142 155146 2605
155142 155333 1118
155143 155133 1012
155143 155145 344
155143 155146 1185
155333 155142 1118
155333 155335 222
155336 155335 1735
155338 155334 811
157855 157882 404
157890 157884 782
157890 157891 924
157890 157892 3074
157888 157887 1439
157888 157917 1775
157893 157894 818
157893 157915 829
157896 157895 445
157896 157921 374
157899 157911 1375
155158 155155 1989
155158 155159 924
155158 155337 139
155159 155156 2119
155159 155158 924
155159 155160 475
155160 155157 2017
155160 155159 475
155160 155364 2377
155376 155364 1420
155376 155374 511
155376 155377 1028
155377 155375 475
155377 155376 1028
159845 159846 711
155404 155402 2237
155404 155405 2051
155404 155444 1004
155442 155443 2119
155442 159805 688
155441 155401 791
155441 155440 1169
157727 157742 672
157727 157744 843
157727 157773 1433
157763 157764 1686
157763 157773 848
157690 157692 5928
157751 157912 2130
157751 157981 1055
158018 157980 829
157966 157961 2407
157966 158024 791
157951 157948 811
157951 157953 650
157951 157964 537
157948 157947 739
157948 157951 811
157948 157955 1726
157766 157785 697
157941 157947 697
157952 157785 1411
157952 157947 1949
157952 157959 837
157742 157727 672
157742 157743 843
157742 157772 1686
157768 157772 781
178244 185717 452
178250 178251 344
178137 178476 1055
178246 178468 2155
178433 186109 614
178472 178471 213
178219 178220 1268
178270 178237 689
178227 178226 1405
178227 178237 1863
178229 178230 3355
178273 178274 947
178273 178275 562
178275 178273 562
178275 178276 504
178493 178494 782
178516 178494 681
178516 178517 1014
178416 178414 2600
178416 178449 7156
178418 186190 59
158627 158628 1055
158627 172117 374
158628 158627 1055
158628 158635 782
158636 158635 169
158636 172767 889
157971 157972 985
157971 158699 1769
158703 158699 808
158703 158704 2227
158695 158722 2227
158705 158704 879
158705 158722 808
158705 158725 1903
158688 158689 1032
158688 158690 796
158786 158787 1004
158788 158690 791
158788 158764 1936
158802 158787 1308
158802 158803 1161
158971 158966 905
158990 158989 606
158990 158991 477
159084 159053 850
159084 159090 562
159052 159051 710
159052 159053 222
159100 159097 511
159096 159097 684
158194 158195 630
158233 158234 476
172337 172765 281
161142 161147 796
161148 161147 1770
161146 161257 684
161146 161259 2889
161149 161147 885
161149 161257 3461
161260 161261 615
172763 161280 12926
152673 152674 354
168391 168390 1602
161462 161459 935
161462 161463 1336
161477 161478 404
161477 161479 422
213171 213168 1594
213171 213170 797
213171 213172 2143
161473 161472 1535
161463 161462 1336
161463 161464 518
161859 161860 432
213322 213280 1079
213322 213323 1211
213172 206760 624
213172 213168 1406
213172 213171 2143
213172 213202 1090
162006 162007 713
213323 213322 1211
213323 213325 431
161990 161988 1
213330 213326 548
161989 161982 1631
161989 161988 203
162008 162007 885
162008 172380 1306
162160 162159 650
162160 162174 1207
162157 162158 344
162208 162206 516
162208 162209 162
162205 162197 2603
162205 162204 2488
162205 162213 688
159966 159965 880
162215 162216 1891
162215 162216 1891
169606 169591 606
169606 169637 419
169592 169591 2163
169592 169593 1675
169628 169629 538
169614 169615 1345
169614 172560 844
169597 169598 1558
169597 169612 422
169195 169196 202
169273 169278 274
169283 169282 739
169283 169285 2506
169286 169287 606
169286 169288 279
170494 170528 438
170503 170504 445
170503 170516 1186
170676 170682 222
170679 170516 954
170679 170680 613
168359 152674 318
168359 168358 674
168363 168358 1268
170069 170070 685
170069 170070 685
170078 170079 445
170078 170079 445
170447 170448 684
170447 170462 667
170458 170460 767
170537 170546 452
172738 170467 425
170544 170547 1085
170545 170095 1221
170545 170546 1305
170545 170547 1459
170539 170549 907
170489 170490 1669
170556 170549 2778
170556 170554 1349
170555 170528 1000
170555 170554 893
170066 169981 684
170066 170068 344
170067 170068 1561
170067 170070 820
169980 169981 1023
169511 169510 893
169563 169562 675
169563 169886 367
169886 169563 367
169886 172566 613
172564 172565 506
172564 172569 222
169881 169692 1565
169881 169883 710
169694 169687 1908
169694 169692 872
169694 169888 2841
170085 170086 2461
170071 170068 333
170071 170076 1010
169984 169987 796
169984 170086 333
167161 169894 1018
172080 170088 1487
169253 169252 2086
169253 169276 404
169255 169251 1189
169255 169256 631
169251 169250 1323
169251 169255 1189
169251 169479 3320
169481 169480 1673
169481 169483 1010
169483 169481 1010
169483 169485 808
169483 169487 2182
169484 169485 419
169512 169510 1582
169512 169546 1719
118537 118538 502
118537 118541 2225
118650 118651 3425
118650 118652 3894
95124 95125 3798
95124 95139 5431
95030 95028 475
95030 95091 551
97393 94918 4226
97393 97394 2486
94220 94211 830
94220 94217 475
94238 94219 2043
94238 94253 1512
94238 102444 767
94273 94258 1072
94282 94261 1151
94282 94290 884
94295 94296 1542
94295 94297 649
108902 108903 3985
108902 108961 599
108765 108766 975
102269 101830 1009
102269 102332 538
102270 102301 1124
102270 102323 584
94321 94317 781
94321 102512 942
94321 103187 796
50058 50060 1142
50058 50061 796
94245 94244 395
94230 94229 278
94230 102460 1370
94194 94195 788
94194 94196 782
94194 102434 954
94223 94221 1028
94223 94226 418
94224 94226 666
94224 94227 516
94218 94217 991
101830 101831 376
101830 102269 1009
94210 94206 556
94210 94211 614
97411 97409 872
97418 102275 364
97422 97420 1466
97422 97454 782
97471 97474 1611
97471 97475 580
97471 97476 1035
97488 97491 727
97495 97496 1778
97495 97546 1007
97600 97597 676
97600 97603 1395
97600 97614 1257
97605 97603 1025
97605 97608 1022
97605 97616 950
97617 97616 1160
97617 97618 950
97617 97639 1081
95805 95806 1052
95805 102239 1365
102229 95717 1097
95564 95563 124
93689 95563 419
101770 101771 1415
101770 101773 2334
100621 100624 1278
100621 102237 2939
93347 93471 3668
93347 93474 681
93347 93475 1097
93473 93472 821
93478 93477 897
93478 93479 697
94071 94072 750
94071 94073 1768
101998 98549 700
101998 103226 1243
102676 102677 3078
98315 98309 1352
98487 98484 818
98494 101741 290
98494 102843 1065
98495 98496 1114
98500 98499 2831
191284 191101 1122
191284 191285 1255
191286 191285 930
191286 191287 456
194081 194315 661
191410 194236 1212
191207 191127 3576
191273 191205 381
191381 118493 13381
191381 194459 5207
191233 194426 411
191271 191270 444
118613 118612 2028
118613 118675 320
118615 118616 644
118615 118617 1146
118701 118619 2374
118701 118698 1951
118701 118710 2604
118707 118703 1147
118707 118708 1629
118712 118709 357
118675 118613 320
118675 118677 404
108906 108905 238
108906 108907 420
108906 108920 373
108936 108937 1014
108936 108938 452
108936 108939 847
108982 108919 1461
108981 108979 756
108981 108983 1466
109019 109016 139
109019 109033 1114
109073 113087 2361
109214 50204 1362
109214 50206 672
35488 50203 201
50210 50211 788
50210 50212 1553
109110 109111 2933
109110 109111 2933
109159 109160 1220
109159 109166 502
109159 109171 354
109164 109142 1575
109164 109165 516
110549 110550 1533
36072 36070 1808
36072 36071 1322
36144 35571 3873
36144 36141 3310
35554 35555 2578
35554 35566 2335
36053 36050 1395
36054 36050 5385
36054 36077 1935
36077 36054 1935
36077 36064 452
36176 36175 2125
36176 36177 893
36188 36257 1558
36188 36258 1612
36190 36258 1873
35699 44189 982
44189 35699 982
37403 37416 2729
37416 37403 2729
36381 35676 1730
35676 36381 1730
36221 36239 3067
36239 36221 3067
35681 35682 1209
35682 35681 1209
35898 37736 673
37736 35898 673
35902 37835 2351
37835 35902 2351
46646 46648 709
46648 46646 709
46731 46782 1104
46782 46731 1104
127209 127207 848
127209 127223 837
127207 127209 848
127196 127238 1308
127238 127196 1308
127334 127333 790
127333 127334 790
126873 126869 879
126869 126873 879
126876 126846 837
126846 126876 837
127223 127209 837
46423 46426 440
46426 46423 440
130374 130397 811
130397 130374 811
127807 127809 1284
127809 127807 1284
129580 129582 2089
129582 129580 2089
129740 129768 1211
129792 129794 751
129768 129740 1211
129794 129792 751
129753 129759 789
129753 129765 752
129759 129753 789
129765 129753 752
218997 219012 2501
219012 218997 2501
219027 219037 1026
219037 219027 1026
218647 218649 2554
218649 218647 2554
218639 218867 2088
218886 218867 1396
218867 218639 2088
218867 218886 1396
218626 218616 912
218616 218626 912
222988 222986 1184
222986 222988 1184
218690 222998 511
222998 218690 511
222939 222938 764
222938 222939 764
222960 222961 674
222961 222960 674
223043 223051 818
223050 223048 770
223050 223051 878
223051 223043 818
223051 223050 878
223048 223050 770
150848 151000 2279
151000 150848 2279
149276 149281 1010
149281 149276 1010
149594 149597 985
149597 149594 985
149600 149612 1138
151275 151272 703
147374 147404 2316
151272 151275 703
147404 147374 2316
147598 147601 2167
147601 147598 2167
147728 147732 572
147732 147728 572
148249 148252 833
148252 148249 833
148878 148879 802
148879 148878 802
148879 148924 875
148924 148879 875
148924 148929 784
148929 148924 784
149063 149065 798
149065 149063 798
149071 149085 1676
149085 149071 1676
149085 149123 1481
149123 149085 1481
150079 150095 770
150100 150102 868
150102 150100 868
150095 150079 770
149612 149600 1138
205039 205040 1400
205040 205039 1400
168400 168390 2111
168401 168748 1305
168389 168390 1102
168748 168401 1305
168928 168916 674
168916 168928 674
168877 168878 885
168878 168877 885
154061 154125 767
154070 154066 713
154066 154070 713
154125 154061 767
157456 157599 778
157601 157875 688
157875 157601 688
157599 157456 778
157859 157860 1293
155000 155002 953
155002 155000 953
155002 155050 1140
155046 155045 934
155045 155044 710
155045 155046 934
155055 155044 672
157860 157859 1293
157860 157861 372
157879 157862 1136
157881 157862 889
157881 157882 2221
157881 157884 889
157849 157850 796
157849 157852 1813
157848 157852 600
155050 155002 1140
155050 155060 1825
155127 155126 518
155127 155128 2138
155128 155127 2138
155128 155130 355
155124 155129 1118
155133 155129 2262
155133 155143 1012
155146 155142 2605
155146 155143 1185
155146 155334 1855
155145 155143 344
155335 155333 222
155335 155334 2852
155335 155336 1735
155334 155146 1855
155334 155335 2852
155334 155337 279
155334 155338 811
157882 157855 404
157882 157881 2221
157882 157884 1884
157884 157881 889
157884 157882 1884
157884 157890 782
157891 157887 581
157891 157890 924
157892 157890 3074
157887 157888 1439
157887 157891 581
157887 157917 1142
157917 157887 1142
157917 157888 1775
157917 157915 688
157894 157893 818
157894 157895 1065
157915 157893 829
157915 157917 688
157895 157894 1065
157895 157896 445
157921 157896 374
157911 157899 1375
157911 157912 475
155155 155156 238
155155 155158 1989
155337 155158 139
155337 155334 279
155156 155155 238
155156 155157 1268
155156 155159 2119
155157 155156 1268
155157 155160 2017
155364 155160 2377
155364 155376 1420
155374 155375 953
155374 155376 511
155375 155374 953
155375 155377 475
155375 155440 610
159846 159845 711
155402 155401 276
155402 155404 2237
155405 155404 2051
155444 155404 1004
155444 155443 562
155443 155442 2119
155443 155444 562
159805 155442 688
155401 155402 276
155401 155441 791
155440 155375 610
155440 155441 1169
157744 157727 843
157773 157727 1433
157773 157763 848
157773 157772 688
157764 157763 1686
157692 157690 5928
157912 157751 2130
157912 157911 475
157981 157751 1055
157981 157980 238
157980 157981 238
157980 158018 829
157961 157966 2407
158024 157966 791
157953 157951 650
157964 157951 537
157947 157941 697
157947 157948 739
157947 157952 1949
157955 157948 1726
157785 157766 697
157785 157952 1411
157959 157952 837
157743 157742 843
157772 157742 1686
157772 157768 781
157772 157773 688
185717 178244 452
178251 178250 344
178476 178137 1055
178468 178246 2155
186109 178433 614
178471 178472 213
178220 178219 1268
178237 178227 1863
178237 178270 689
178226 178227 1405
178230 178229 3355
178274 178273 947
178276 178275 504
178494 178493 782
178494 178516 681
178517 178516 1014
178414 178416 2600
178449 178416 7156
186190 178418 59
172117 158627 374
158635 158628 782
158635 158636 169
172767 158636 889
157972 157971 985
158699 157971 1769
158699 158703 808
158704 158703 2227
158704 158705 879
158722 158695 2227
158722 158705 808
158725 158705 1903
158689 158688 1032
158690 158688 796
158690 158788 791
158787 158764 954
158787 158786 1004
158787 158802 1308
158764 158787 954
158764 158788 1936
158803 158802 1161
158966 158971 905
158989 158990 606
158991 158990 477
159053 159052 222
159053 159084 850
159090 159084 562
159051 159052 710
159097 159096 684
159097 159100 511
158195 158194 630
158234 158233 476
172765 172337 281
161147 161142 796
161147 161148 1770
161147 161149 885
161257 161146 684
161257 161149 3461
161259 161146 2889
161259 161261 2007
161261 161259 2007
161261 161260 615
161280 172763 12926
152674 152673 354
152674 168359 318
168390 168389 1102
168390 168391 1602
168390 168400 2111
161459 161462 935
161478 161477 404
161479 161477 422
213168 213171 1594
213168 213172 1406
213170 213171 797
161472 161464 782
161472 161473 1535
161464 161463 518
161464 161472 782
161860 161859 432
213280 213322 1079
206760 213172 624
213202 213172 1090
162007 162006 713
162007 162008 885
213325 213323 431
213325 213326 1329
161988 161989 203
161988 161990 1
213326 213325 1329
213326 213330 548
161982 161989 1631
172380 162008 1306
162159 162158 1642
162159 162160 650
162159 162204 2145
162174 162160 1207
162158 159965 2419
162158 162157 344
162158 162159 1642
162206 162208 516
162209 162208 162
162197 162205 2603
162204 162159 2145
162204 162205 2488
162213 162205 688
159965 159966 880
159965 162158 2419
162216 162215 1891
162216 162215 1891
169591 169592 2163
169591 169606 606
169591 169637 713
169637 169591 713
169637 169606 419
169593 169592 1675
169629 169628 538
169615 169614 1345
172560 169614 844
169598 169597 1558
169612 169597 422
169196 169195 202
169278 169273 274
169278 169276 279
169282 169252 606
169282 169283 739
169285 169283 2506
169287 169286 606
169288 169286 279
170528 170494 438
170528 170555 1000
170504 170503 445
170516 170503 1186
170516 170679 954
170682 170676 222
170682 170680 984
170680 170679 613
170680 170682 984
168358 168359 674
168358 168363 1268
170070 170067 820
170070 170069 685
170070 170069 685
170079 170078 445
170079 170078 445
170448 170447 684
170462 170447 667
170460 170458 767
170460 170467 767
170546 170537 452
170546 170545 1305
170467 170460 767
170467 172738 425
170547 170544 1085
170547 170545 1459
170095 170545 1221
170549 170539 907
170549 170556 2778
170490 170489 1669
170554 170555 893
170554 170556 1349
169981 169980 1023
169981 170066 684
170068 170066 344
170068 170067 1561
170068 170071 333
169510 169511 893
169510 169512 1582
169510 169562 759
169562 169510 759
169562 169563 675
172566 169886 613
172565 172564 506
172569 172564 222
169692 169694 872
169692 169881 1565
169883 169881 710
169687 169694 1908
169687 169888 3250
169888 169687 3250
169888 169694 2841
170086 169984 333
170086 170085 2461
170076 170071 1010
169987 169984 796
169894 167161 1018
170088 172080 1487
169252 169250 631
169252 169253 2086
169252 169282 606
169276 169253 404
169276 169278 279
169256 169255 631
169250 169251 1323
169250 169252 631
169479 169251 3320
169479 169480 808
169480 169479 808
169480 169481 1673
169480 169487 1285
169485 169483 808
169485 169484 419
169487 169480 1285
169487 169483 2182
169546 169512 1719
118538 118537 502
118541 118537 2225
118651 118650 3425
118651 118652 549
118652 118650 3894
118652 118651 549
95125 95124 3798
95139 95124 5431
95028 95030 475
95091 95030 551
94918 97393 4226
97394 97393 2486
94211 94210 614
94211 94220 830
94217 94218 991
94217 94219 336
94217 94220 475
94219 94217 336
94219 94238 2043
94253 94238 1512
102444 94238 767
94258 94244 4102
94258 94273 1072
94261 94282 1151
94290 94282 884
94296 94295 1542
94297 94295 649
108903 108902 3985
108961 108902 599
108766 108765 975
102332 102269 538
102301 102270 1124
102323 102270 584
94317 94321 781
102512 94321 942
103187 94321 796
50060 50058 1142
50061 50058 796
94244 94245 395
94244 94258 4102
94229 94230 278
102460 94230 1370
94195 94194 788
94196 94194 782
94196 94221 3571
102434 94194 954
94221 94196 3571
94221 94223 1028
94226 94223 418
94226 94224 666
94227 94224 516
101831 101830 376
94206 94210 556
97409 97411 872
102275 97418 364
97420 97422 1466
97454 97422 782
97474 97471 1611
97475 97471 580
97476 97471 1035
97491 97488 727
97496 97495 1778
97546 97495 1007
97597 97600 676
97603 97600 1395
97603 97605 1025
97614 97600 1257
97608 97605 1022
97616 97605 950
97616 97617 1160
97618 97617 950
97639 97617 1081
95806 95717 910
95806 95805 1052
102239 95805 1365
95717 95806 910
95717 102229 1097
95563 93689 419
95563 95564 124
101771 101770 1415
101773 101770 2334
100624 100621 1278
102237 100621 2939
93471 93347 3668
93471 93472 2688
93474 93347 681
93475 93347 1097
93472 93471 2688
93472 93473 821
93477 93478 897
93479 93478 697
94072 94071 750
94073 94071 1768
98549 101998 700
103226 101998 1243
102677 102676 3078
98309 98315 1352
98484 98487 818
101741 98494 290
101741 98496 240
102843 98494 1065
98496 98495 1114
98496 101741 240
98499 98500 2831
191101 191284 1122
191285 191284 1255
191285 191286 930
191287 191286 456
194315 194081 661
194236 191270 3608
194236 191410 1212
191127 191207 3576
191205 191273 381
118493 191381 13381
194459 191381 5207
194426 191233 411
191270 191271 444
191270 194236 3608
118612 118613 2028
118616 118615 644
118617 118615 1146
118617 118619 1693
118619 118617 1693
118619 118701 2374
118698 118701 1951
118710 118701 2604
118710 118708 1027
118710 118709 153
118703 118707 1147
118708 118707 1629
118708 118710 1027
118709 118710 153
118709 118712 357
118677 118675 404
108905 108906 238
108907 108906 420
108920 108906 373
108920 108919 1768
108937 108936 1014
108938 108936 452
108939 108936 847
108919 108920 1768
108919 108982 1461
108979 108981 756
108983 108981 1466
109016 109019 139
109033 109019 1114
113087 109073 2361
50204 50203 927
50204 109214 1362
50206 109214 672
50203 35488 201
50203 50204 927
50211 50210 788
50212 50210 1553
109111 109110 2933
109111 109110 2933
109160 109159 1220
109166 109159 502
109171 109159 354
109142 109164 1575
109165 109164 516
110550 110549 1533
36070 36072 1808
36071 36072 1322
35571 36144 3873
36141 36144 3310
35555 35554 2578
35555 35566 939
35566 35554 2335
35566 35555 939
36050 36053 1395
36050 36054 5385
36064 36077 452
36175 36176 2125
36177 36176 893
36257 36188 1558
36258 36188 1612
36258 36190 1873
916
155044
157861
157862
157850
157852
155060
155126
155130
155129
155142
155143
155333
155336
155338
157855
157890
157888
157893
157896
157899
155158
155159
155160
155376
155377
159845
155404
155442
155441
157727
157763
157690
157751
158018
157966
157951
157948
157766
157941
157952
157742
157768
178244
178250
178137
178246
178433
178472
178219
178270
178227
178229
178273
178275
178493
178516
178416
178418
158627
158628
158636
157971
158703
158695
158705
158688
158786
158788
158802
158971
158990
159084
159052
159100
159096
158194
158233
172337
161142
161148
161146
161149
161260
172763
152673
168391
161462
161477
213171
161473
161463
161859
213322
213172
162006
213323
161990
213330
161989
162008
162160
162157
162208
162205
159966
162215
169606
169592
169628
169614
169597
169195
169273
169283
169286
170494
170503
170676
170679
168359
168363
170069
170078
170447
170458
170537
172738
170544
170545
170539
170489
170556
170555
170066
170067
169980
169511
169563
169886
172564
169881
169694
170085
170071
169984
167161
172080
169253
169255
169251
169481
169483
169484
169512
118537
118650
95124
95030
97393
94220
94238
94273
94282
94295
108902
108765
102269
102270
94321
50058
94245
94230
94194
94223
94224
94218
101830
94210
97411
97418
97422
97471
97488
97495
97600
97605
97617
95805
102229
95564
93689
101770
100621
93347
93473
93478
94071
101998
102676
98315
98487
98494
98495
98500
191284
191286
194081
191410
191207
191273
191381
191233
191271
118613
118615
118701
118707
118712
118675
108906
108936
108982
108981
109019
109073
109214
35488
50210
109110
109159
109164
110549
36072
36144
35554
36053
36054
36077
36176
36188
36190
36261
36334
36338
36329
36007
36014
36026
36033
35699
35700
35692
44189
35691
44616
41723
44533
44622
35729
35753
35760
37403
37329
37447
37408
37414
37416
37420
37441
36381
35676
35635
36221
36228
36239
36269
36495
35662
35670
35681
35682
37445
37482
37488
37760
37727
46737
37725
35882
35884
35887
37731
35898
37736
35902
35903
37835
37844
37849
37886
43891
35533
37876
41418
41451
41453
46615
37872
46617
46625
46641
46646
46648
46741
46752
46762
46785
46771
47042
46730
46731
46483
46480
47038
46782
127209
127841
127207
127250
127230
127219
127220
127196
127070
127080
127084
127182
127188
127194
127199
127238
127273
127307
127330
127334
127333
126897
126905
126873
132313
126861
126869
126876
126846
126847
126881
127223
46215
46192
46408
46423
46426
46429
46252
46456
46462
46222
127368
127983
127300
127357
127360
127364
127675
127686
127685
127689
127700
127717
127723
128229
127962
127954
127363
127958
130363
130372
130374
130397
127803
127807
127780
127809
127784
127786
127830
127831
129393
129395
129580
129582
129696
129697
121359
121369
121382
121395
121410
121423
121414
70000
70268
69980
56833
69985
69990
56831
69864
69903
129737
129740
129790
129792
129768
129794
129812
129882
130404
129753
129759
129760
129908
121353
129771
129765
130406
130407
130416
130438
121344
121347
224408
215693
218075
218983
218387
218444
218411
218450
218453
218997
219012
219027
219037
219038
218565
218568
218578
218581
218675
218684
218688
218650
218653
218855
218647
218649
218639
218667
218862
218886
218867
218392
218404
218458
218610
218460
218621
218626
218887
224074
218616
219162
218618
224135
220264
224377
222762
222975
224900
224903
222982
222988
222993
218683
222986
218690
222998
222939
223000
222938
222945
222960
222961
222962
222920
222955
223036
223037
223044
223043
223060
223050
223051
223048
223100
150848
151000
151003
151004
151651
149129
149144
149275
149276
149281
149497
151641
149530
149672
146945
149594
149597
149600
149680
149683
146597
146525
151028
151107
151146
151153
151274
151275
147374
151301
151282
151280
151272
147404
147417
147442
147451
147598
147601
147660
147664
147709
147727
147728
147732
147736
148249
148252
148866
148877
148878
148879
148924
148929
148938
148939
148968
149063
149065
149071
149085
149123
212739
212742
212746
149993
150033
150076
150079
150055
150100
150101
150102
150108
151753
150095
150190
150191
150197
150199
150204
150238
151715
140083
149612
149616
149619
149682
149232
197029
214910
198821
198800
205007
204966
205019
205039
204970
205040
154006
154012
168841
168886
168896
168899
168911
168400
168401
168389
168748
168766
168807
172645
168815
168820
168824
168928
168916
168927
168921
168877
168878
168893
168889
168867
154047
154059
154061
154123
154070
154066
154125
154094
154330
154331
154335
154334
157456
157459
157541
157601
157875
157599
157859
154352
154437
154429
154445
154983
154986
155000
155002
155046
155045
157860
157879
157881
157849
157848
155050
155127
155128
155124
155133
155146
155145
157884
157891
157892
157894
157915
157921
155155
155156
155157
155364
155374
155375
155402
155405
155444
155443
159805
155401
155440
157764
157692
157912
157981
157980
157961
157953
157947
157955
157785
157959
157772
185717
178476
178468
178471
178220
178237
178226
178230
178494
178517
178414
178449
158635
157972
158699
158704
158722
158725
158690
158787
158764
158803
158966
159053
159090
159051
159097
158195
158234
161257
161259
161261
161280
161459
213168
213170
161472
161464
213280
206760
213202
162007
213325
161988
213326
161982
162159
162206
162209
162197
162204
162213
159965
162216
169591
169637
169615
172560
169598
169278
169282
169285
170528
170504
170516
170682
170680
168358
170079
170448
170462
170460
170467
170547
170095
170549
170554
169510
169562
172569
169692
169883
169687
170076
169987
169894
170088
169276
169250
169479
169480
169485
169487
169546
118538
118541
118651
118652
95125
95139
95028
95091
94918
97394
94219
94253
102444
94258
94261
94290
94297
108903
108961
108766
94317
50060
50061
94244
94229
102460
94221
94226
94227
94206
97409
102275
97420
97474
97475
97476
97491
97496
97546
97597
97603
97614
97608
97616
97618
95806
102239
95717
101773
100624
102237
93471
93472
93477
93479
94072
94073
98549
103226
102677
98309
98484
98499
191101
191285
191287
194315
191127
191205
118493
194426
191270
118612
118617
118619
118698
118703
118708
118709
108905
108907
108939
108919
108979
108983
109016
113087
50206
50203
50211
50212
109111
109160
109166
109171
109142
109165
36070
36071
35571
36141
35555
35566
36050
36064
36175
36177
36257
36258
