1720
227360 227359 2262
227360 227365 1759
227559 227566 1906
227559 227567 850
227560 227581 1029
227580 227582 679
227540 227458 1635
227540 227543 3032
227549 227551 1094
227549 227556 1924
227572 227564 1635
227572 227566 1454
227602 227600 491
235230 227605 323
235236 227593 179
227573 227571 353
233947 233950 1225
233948 233950 762
233970 233950 1088
233970 234033 667
233970 234036 2512
233977 233978 753
233849 233845 8032
233849 233853 1764
233883 233880 679
233883 233881 1504
233881 233869 1029
233881 233882 1344
233881 233883 1504
233894 233893 1135
233894 234786 1384
233933 234004 948
233933 234011 1084
233933 234012 549
225141 234011 748
234019 234022 1055
234019 234033 1976
233908 234292 109
234053 234061 335
234064 234102 2782
234064 234103 1450
234103 234064 1450
234103 234107 562
234172 234171 511
234172 234174 475
234175 234113 2983
234175 234182 1148
234180 234182 1119
234180 234185 1119
234209 234187 1159
234211 234212 1007
234211 234213 2138
234361 31967 2457
226795 226791 1620
226795 226794 3414
226794 226795 3414
226794 226796 2543
226818 226817 1000
226818 226819 3494
226821 226820 3062
226821 226946 1850
227056 234223 1686
227056 234226 2152
227092 227090 713
227092 227093 1011
227108 227103 845
227108 227111 3893
227108 227164 1647
227441 227334 1556
227441 234408 1454
227467 227468 1127
227467 227488 733
227330 227331 679
235351 234408 459
235351 235353 835
226892 226891 2248
226892 226891 2248
226916 226891 3936
226916 226917 433
227164 227108 1647
227164 227165 3466
227161 227162 1254
227161 227168 3941
227166 227167 1796
227166 227180 1381
227180 227166 1381
227180 227181 475
227183 227168 2229
227183 227184 736
227507 227510 1234
227507 227554 670
227510 227507 1234
227510 227593 2532
227597 227603 1004
227597 227604 596
235235 227604 1582
6649 6646 781
6649 6664 2579
6682 6681 4890
6682 6701 1881
6755 6753 4838
6755 6773 1035
6771 6772 1855
6771 6772 1855
6768 6769 2464
6762 6714 6155
6762 7139 3620
6972 7143 2627
6972 34143 1866
7136 6710 1558
7149 7150 2407
7149 7152 1436
7226 7230 1549
7226 7231 1220
7227 7234 2205
7227 7235 2255
7229 7243 1284
7236 7237 145
7288 7284 316
7366 7369 1701
7368 7367 2371
7378 34903 527
7385 7386 594
7817 7807 1521
7820 7823 627
7821 7807 3538
7916 7823 3877
7916 34649 739
7923 7920 1035
7925 7924 152
7856 7854 1192
7856 7879 1035
7858 7857 275
7934 7938 1180
7934 7940 1047
7934 7941 1820
7722 7640 3608
225507 225408 1570
225507 225506 352
225511 225405 918
225880 225879 2778
225880 234762 2003
225884 225875 1093
225884 225882 1114
225895 225879 695
225895 235253 1433
225882 225883 761
225882 225884 1114
225032 225033 1142
225032 234280 1829
225401 225402 1251
225401 225404 2876
225492 225493 3270
225492 225494 237
225492 235146 1262
225573 225495 1261
225576 225577 130
225580 225581 1225
225580 225584 778
225583 231900 1718
225583 234231 1140
235098 235099 554
235098 235100 793
225671 225672 2571
225671 225673 1003
225673 225671 1003
225673 225674 556
225694 225675 1897
225694 225695 1092
225697 225695 2778
225697 225698 919
225698 225697 919
225698 225702 1345
225698 225703 1009
225703 225698 1009
225703 225707 551
225709 225710 286
226377 226370 1718
225514 225486 2100
225514 235556 677
225600 225601 1436
225600 225605 1378
225605 225600 1378
225605 225614 1852
225608 225617 1375
225633 225612 470
225633 225643 1860
226375 226373 595
235504 235499 738
235504 235507 870
235505 235506 342
7850 7851 1636
7850 7878 1187
35102 7936 810
35102 35103 876
7893 7895 450
7969 7967 1146
7969 7973 770
8315 8306 301
8315 8316 2344
8617 8616 1284
8617 8626 1479
8619 8618 1512
8629 8631 2769
8629 8632 2934
8663 8666 549
8668 8677 400
8670 8666 1594
8670 8671 656
8671 8670 656
8671 8672 1320
8731 8693 250
8731 8698 1376
8733 8698 1267
8733 8738 1432
8750 8743 781
8750 8751 779
15968 15964 934
15968 15971 1094
15971 15968 1094
15971 15991 1023
15995 15984 1336
15995 15997 897
15997 15995 897
15997 15998 2598
15997 16377 1121
16375 16377 1021
16380 16378 976
16230 16200 336
16575 16569 805
16575 16579 1295
16581 16579 694
16583 16568 629
16198 16195 803
16198 16209 1834
16198 16210 852
16228 16225 578
16228 16233 539
16243 16233 895
16243 16244 472
16594 16595 966
16597 16603 555
16597 16604 90
16603 16597 555
16603 16602 2381
16608 16602 832
16608 16701 743
16702 16701 986
16702 16704 1515
34069 16707 267
34069 16723 886
34069 31894 428
16084 16085 364
21475 21473 2377
21475 21476 2111
21622 21476 1091
21622 21623 1766
21622 21624 1222
21623 21622 1766
21623 21632 884
22343 11252 1667
22374 22330 580
22374 22358 279
22328 22326 3853
22328 22331 588
22358 22357 2434
22358 22374 279
22359 22356 588
22359 22361 452
22362 22361 1934
22362 22378 672
22362 22381 1959
22381 22362 1959
22381 22384 672
22386 22384 672
11248 11246 778
11248 11250 420
11251 11252 2529
11358 11246 3359
11358 11247 688
22387 22368 672
22387 22371 975
22395 22385 333
22373 22372 562
22373 22405 1264
22391 22392 562
22391 22420 346
22399 21857 764
22399 22400 1447
22404 22400 672
22404 22407 889
22407 22393 672
22407 22404 889
21869 21867 681
21869 21870 1889
21869 22114 250
22111 22112 1970
22114 21869 250
22114 22112 672
22107 22106 222
22107 22108 1441
22119 22116 796
22119 22118 246
22104 22103 516
22116 22102 1175
22116 22119 796
22101 22100 1897
22101 22130 434
22204 22203 1008
22259 22258 1014
22035 22034 1000
22036 22034 2831
22036 22189 1652
22192 22189 633
22198 22200 373
22199 22200 826
22206 22205 516
22206 22258 1014
22208 22258 1873
22698 22684 556
22698 22686 344
22700 22699 1258
22707 22701 2104
22707 22733 696
22733 22707 696
22733 22734 612
22892 22738 1014
22739 22738 1114
22739 22747 818
22903 22748 1014
22903 22904 1560
22684 22685 765
22684 22698 556
22719 22716 2514
22719 22718 836
22719 22723 747
22710 22708 2616
22723 22719 747
22723 22745 637
22802 22804 688
22814 22806 201
22819 22807 279
22827 22825 950
22827 22828 1457
22828 22822 1085
22828 22824 951
22828 22827 1457
22822 22813 1852
22822 22828 1085
22822 22843 562
22847 22844 788
22847 22849 1848
22858 23158 475
7438 23191 144
28203 28194 806
23141 23140 649
23144 23140 2326
23144 23150 344
23144 34424 551
28180 28177 2437
28180 28178 713
28180 28185 713
28197 28178 3460
28202 28199 2284
28263 28198 2515
28263 28264 713
28193 28190 222
28193 28192 893
28201 28196 1460
28264 28260 2083
28264 28263 713
28264 28265 688
28226 28227 251
28230 28222 336
28235 28233 1293
28235 28234 764
28235 28238 951
28228 28218 1730
28228 28224 818
28228 28225 610
28261 28225 2083
28261 34356 896
28265 28224 2045
28265 28264 688
28271 28269 983
28271 28272 1901
28275 28272 869
28275 28299 551
28275 28308 2216
28297 28299 580
28323 28299 1691
28323 28325 796
28412 28325 1304
28412 28331 818
28414 28331 1385
28414 28417 1031
28430 28423 869
28430 28431 1375
28430 28432 951
28435 28432 818
28435 28436 435
28630 28624 1180
28630 28631 747
28641 28639 1814
28641 28642 1008
28641 28643 2237
28646 34310 2882
28667 28666 504
28798 28796 581
28798 28799 737
28798 28802 1755
28876 28853 1543
28935 24390 1475
28935 28875 605
28935 28877 1205
24390 24389 1543
24390 28893 1066
24390 28935 1475
24389 24390 1543
24389 28939 1115
24402 24406 1254
24402 24414 510
24402 24416 878
24522 24416 1494
24522 24524 796
24526 24525 170
28802 28798 1755
28802 28813 975
28814 28813 2414
28814 28827 889
28830 28826 1073
28830 28829 697
28835 28833 927
28835 28849 1344
28850 28852 676
28850 28853 649
28851 28855 884
28851 28856 336
24443 24441 751
24443 24568 738
24564 24441 2926
24564 24562 806
24527 24528 398
24527 24535 836
24527 24562 1585
24568 24442 788
24568 24443 738
24568 24570 2885
24569 24574 809
24577 24574 1533
24577 24578 873
24578 24577 873
24578 24579 1438
24578 24629 605
24629 24578 605
24629 24583 1484
24629 24641 672
24636 24635 249
24658 24639 511
24666 24659 889
25193 25191 1353
10801 24753 4056
19905 10954 206
24774 24764 1745
24774 24777 1055
24775 24764 1919
24775 24768 738
24775 24771 1585
189032 189034 846
189032 189035 1553
189036 189035 2300
189036 189057 1551
189056 189055 802
189056 189057 932
189056 189069 1596
189055 189056 802
189055 189203 1626
189204 189203 786
189204 189207 1485
189208 189207 811
189208 189225 2269
189226 189225 753
189248 189225 2320
189248 189247 806
189248 189281 2059
189282 189281 785
189288 189287 891
189034 189032 846
189034 189033 492
189034 189037 1625
188425 188453 761
187290 187291 875
187290 188453 1085
186835 187271 921
186835 187291 1430
188503 188502 449
188503 189039 549
188503 189040 297
189033 189034 492
189033 189039 483
189033 189040 311
189040 188503 297
189040 189033 311
189040 189039 383
188505 188504 860
188505 189060 1626
189045 189047 1550
189045 189060 867
189046 189047 925
189046 189144 1603
189143 189144 762
189143 189150 1486
189151 189150 786
189109 189153 1543
189154 189153 728
189156 189155 810
189156 189163 835
189156 189171 2262
188615 188610 843
188615 188616 1485
189113 188616 745
189113 189119 1633
189118 189119 776
189118 189129 1576
189127 189129 738
189127 189132 2212
188609 188586 761
188609 188610 1627
189173 189132 935
189173 189175 2288
189111 189153 838
189111 189158 2212
189158 189111 2212
189158 189157 793
189158 189178 2285
189177 189175 826
189177 189178 1628
189177 189188 579
188583 188584 875
188583 188613 1558
188586 188584 1562
188586 188609 761
188621 188613 756
188621 188635 1650
188633 188635 844
188633 189120 1528
189122 188839 853
189122 189120 802
189122 189323 2154
188828 188825 753
188828 188830 1544
188837 188830 828
188837 188840 1510
188823 188825 1567
188838 188839 786
188838 188840 809
188838 189320 2203
188839 188838 786
188839 189122 853
188839 189321 2246
188761 188765 908
188761 188772 1526
188770 188772 812
188770 188833 1530
188766 188765 1575
188766 188774 721
188824 188825 908
188824 188831 1436
188835 188831 879
188835 188833 867
188835 188844 1553
190643 190644 1177
190643 190659 800
190643 190660 699
190663 190648 563
190663 190656 1392
188804 188787 1578
188804 188799 908
188804 188805 842
188455 188453 1700
188455 188454 883
188463 188454 2532
188463 188461 812
188458 187304 1512
188458 188456 745
188458 188459 809
188461 188456 2652
188461 188463 812
188462 188459 2706
188462 188464 820
188477 188464 2669
188477 188642 859
190644 190643 1177
190644 190660 512
190658 190661 2515
188638 188637 2637
188638 188639 845
188638 188643 899
190525 187396 295
187434 187435 1731
187434 187436 3181
187434 187440 2777
187439 187438 264
187439 187440 834
187439 187465 274
187294 187298 793
187294 187299 2074
187297 187299 853
187297 187308 573
187438 187439 264
187438 187465 391
187438 187468 633
187468 187308 860
187468 187438 633
187468 188637 2745
187274 187273 800
187274 187298 1691
189621 189619 821
189621 189627 702
189621 189627 702
189626 189628 7017
189615 189616 756
189615 189633 1882
189630 189629 5207
189633 189615 1882
189633 189634 876
199194 199188 784
199194 199193 1301
199196 199187 820
199196 199188 916
199195 199193 802
199195 199260 1628
199189 199187 1648
199189 199201 766
199202 199177 419
199202 199181 1006
199202 199201 1446
199204 199238 417
199204 199241 478
199241 199204 478
199241 199239 478
199222 199220 766
199222 199239 1118
199222 199242 1226
199242 199222 1226
199242 199223 779
199242 199243 1318
199248 199243 765
199252 199233 766
199252 199243 1684
199252 199253 883
199256 199253 766
199256 199380 787
199380 199256 787
199380 199378 766
199380 199381 1778
199381 199379 747
199381 199380 1778
199381 199383 2106
199385 199383 773
199385 199390 1006
199392 199390 756
199392 199394 1336
199461 199394 684
199483 199481 683
199483 199482 1616
199483 199487 573
199491 199490 2221
199491 199496 942
199491 199500 1864
199498 199488 993
199498 199500 863
199498 199581 1418
199514 199503 670
199514 199516 930
199514 199517 534
199415 199389 1453
199415 199413 701
199415 215004 329
200278 200280 986
200278 200282 1584
200278 200283 363
200279 200283 1150
200279 200660 395
200279 200662 328
200057 200061 867
200057 200062 1226
200057 200063 1406
200061 200057 867
200061 200204 1439
200061 200207 1553
200207 200061 1553
200207 200204 575
200207 200208 623
200208 200207 623
200208 200211 1278
200208 200217 1277
200217 200208 1277
200217 200211 440
200217 200218 986
200218 200217 986
200218 200226 1870
200218 200268 1985
200268 200218 1985
200268 200226 662
200268 200269 1318
200269 200268 1318
200269 200272 1172
200269 200280 1322
200280 200269 1322
200280 200272 572
200280 200278 986
200042 200044 775
200042 200055 1768
200043 200055 897
200043 200058 930
200058 200043 930
200058 200062 839
199996 199976 1171
199996 200010 897
200002 200014 902
200002 200044 2351
200937 200935 643
200937 200939 582
200936 200932 802
200936 200935 2429
200946 200934 2302
200946 200947 825
200947 200946 825
200947 200948 1757
200966 200948 668
200966 200968 2554
201003 200968 871
201003 201011 1987
201004 201005 278
201004 201011 824
201004 201014 1566
200987 214770 326
200983 200984 639
200983 200994 781
200983 200998 1928
200993 200998 1039
200991 200992 1857
200991 201210 866
200984 200983 639
200984 200985 2348
201002 201008 2002
201002 201009 709
201005 201004 278
201005 201008 345
201005 201015 549
200660 200279 395
200660 200662 219
200667 200663 1444
200667 200669 775
200667 200678 2435
200663 200662 846
200663 200665 891
200663 200667 1444
200557 200570 257
200576 200573 1241
200582 200585 2012
200586 200585 687
200678 200667 2435
200678 200680 773
200678 200738 2393
200737 200584 774
200737 200738 791
200737 200745 593
200584 200737 774
200584 200741 522
200745 200737 593
200745 200746 1145
194835 194836 483
194835 215164 1069
201185 201186 2275
201188 201186 946
201292 201293 4035
201802 207711 2032
201802 214767 100
201195 201194 4292
201195 201197 293
214839 200642 347
214839 214394 885
212660 207711 179
212660 215180 867
200607 200611 529
201187 201186 834
201187 201189 1540
201189 201187 1540
201189 201192 247
201189 201199 665
201196 201201 192
201196 201202 793
234264 225048 4939
227569 225059 998
227569 227570 162
225045 225043 12601
225045 234272 793
225442 225448 2724
232496 232423 1333
232496 235481 3927
235480 235483 3005
234269 225056 3554
225484 225485 4252
225484 225487 3220
225505 225498 4001
225505 225506 1057
225467 225468 1021
225467 225808 782
226914 226893 4468
226914 226921 1093
226888 226889 1148
226888 226890 1259
226889 226888 1148
226889 226891 1031
226893 226900 1633
226893 226914 4468
234550 234306 374
234550 235175 1474
226912 234908 1152
227291 235312 1350
227292 227296 1531
227292 227298 3272
225818 225813 266
225872 225875 433
227314 227312 1647
227314 227354 1848
227373 227308 1357
227373 227374 649
227320 227296 3334
227320 227316 1500
227320 227323 2986
227321 227323 1761
227297 227296 2284
227297 227298 1780
227297 227346 1854
227347 227346 2111
227347 227351 433
227337 227324 1260
227337 227338 1667
227359 227338 2343
227359 227341 1558
227359 227360 2262
227365 227360 1759
227566 227559 1906
227566 227571 679
227566 227572 1454
227567 227559 850
227581 227560 1029
227582 227580 679
227458 227455 1491
227458 227540 1635
227458 227542 672
227543 227540 3032
227543 227542 1496
227543 227551 511
227551 227543 511
227551 227549 1094
227551 227550 1447
227556 227549 1924
227564 227563 665
227564 227565 1004
227564 227572 1635
227600 227594 296
227600 227601 562
227600 227602 491
227605 227604 549
227605 235230 323
227593 227510 2532
227593 235236 179
227571 227566 679
227571 227573 353
233950 233947 1225
233950 233948 762
233950 233970 1088
234033 233970 667
234033 234019 1976
234033 234024 1124
234033 234034 928
234036 233970 2512
233978 233977 753
233845 233849 8032
233853 233849 1764
233853 233880 1111
233880 233853 1111
233880 233883 679
233869 233881 1029
233882 233881 1344
233893 233894 1135
234786 233894 1384
234004 233933 948
234011 225141 748
234011 233933 1084
234012 233933 549
234022 234019 1055
234022 234024 1462
234292 233908 109
234061 234053 335
234102 234064 2782
234107 234103 562
234171 234113 1529
234171 234172 511
234174 234172 475
234113 234171 1529
234113 234175 2983
234182 234175 1148
234182 234180 1119
234185 234180 1119
234185 234187 671
234187 234185 671
234187 234209 1159
234212 234211 1007
234213 234211 2138
31967 234361 2457
226791 226795 1620
226796 226794 2543
226796 226819 610
226817 226818 1000
226819 226796 610
226819 226818 3494
226819 226820 472
226820 226819 472
226820 226821 3062
226946 226821 1850
234223 227056 1686
234226 227056 2152
227090 227092 713
227093 227092 1011
227103 227108 845
227111 227108 3893
227334 227441 1556
234408 227441 1454
234408 235351 459
227468 227467 1127
227488 227467 733
227331 227330 679
235353 235351 835
226891 226889 1031
226891 226892 2248
226891 226892 2248
226891 226916 3936
226917 226916 433
227165 227164 3466
227162 227161 1254
227168 227161 3941
227168 227183 2229
227167 227166 1796
227181 227180 475
227184 227183 736
227554 227507 670
227554 227594 1726
227603 227597 1004
227604 227597 596
227604 227605 549
227604 235235 1582
6646 6649 781
6664 6649 2579
6681 6682 4890
6701 6682 1881
6701 6753 1986
6753 6701 1986
6753 6755 4838
6773 6755 1035
6772 6771 1855
6772 6771 1855
6769 6768 2464
6714 6762 6155
7139 6762 3620
7143 6972 2627
34143 6972 1866
6710 7136 1558
7150 7149 2407
7152 7149 1436
7230 7226 1549
7231 7226 1220
7234 7227 2205
7234 7237 4708
7235 7227 2255
7243 7229 1284
7237 7234 4708
7237 7236 145
7284 7288 316
7369 7366 1701
7367 7368 2371
34903 7378 527
7386 7385 594
7807 7817 1521
7807 7821 3538
7823 7820 627
7823 7916 3877
34649 7916 739
7920 7923 1035
7924 7925 152
7854 7856 1192
7879 7856 1035
7857 7858 275
7938 7934 1180
7940 7934 1047
7941 7934 1820
7640 7722 3608
225408 225507 1570
225506 225505 1057
225506 225507 352
225405 225486 480
225405 225511 918
225879 225880 2778
225879 225895 695
234762 225880 2003
225875 225872 433
225875 225884 1093
235253 225895 1433
225883 225882 761
225033 225032 1142
234280 225032 1829
225402 225401 1251
225404 225401 2876
225493 225492 3270
225494 225492 237
225494 225495 1347
235146 225492 1262
225495 225494 1347
225495 225573 1261
225577 225576 130
225581 225580 1225
225584 225580 778
231900 225583 1718
234231 225583 1140
235099 235098 554
235100 235098 793
225672 225671 2571
225674 225673 556
225675 225694 1897
225695 225694 1092
225695 225697 2778
225702 225698 1345
225707 225703 551
225707 225710 618
225710 225707 618
225710 225709 286
226370 226377 1718
225486 225405 480
225486 225514 2100
235556 225514 677
225601 225600 1436
225614 225605 1852
225614 225617 1217
225617 225608 1375
225617 225614 1217
225612 225633 470
225643 225633 1860
226373 226375 595
235499 235504 738
235507 235504 870
235506 235505 342
7851 7850 1636
7878 7850 1187
7936 7895 452
7936 35102 810
35103 35102 876
7895 7893 450
7895 7936 452
7967 7969 1146
7973 7969 770
8306 8315 301
8316 8315 2344
8616 8617 1284
8626 8617 1479
8618 8619 1512
8631 8629 2769
8631 8632 1717
8632 8629 2934
8632 8631 1717
8666 8663 549
8666 8670 1594
8677 8668 400
8672 8671 1320
8693 8731 250
8698 8731 1376
8698 8733 1267
8738 8733 1432
8743 8750 781
8751 8750 779
15964 15968 934
15991 15971 1023
15984 15995 1336
15998 15997 2598
16377 15997 1121
16377 16375 1021
16377 16378 1162
16378 16377 1162
16378 16380 976
16200 16230 336
16569 16575 805
16579 16575 1295
16579 16581 694
16568 16583 629
16195 16198 803
16209 16198 1834
16210 16198 852
16210 16225 1167
16225 16210 1167
16225 16228 578
16233 16228 539
16233 16243 895
16244 16243 472
16595 16594 966
16604 16597 90
16602 16603 2381
16602 16608 832
16701 16608 743
16701 16702 986
16704 16702 1515
16707 34069 267
16723 34069 886
31894 34069 428
16085 16084 364
21473 21475 2377
21473 21476 1091
21476 21473 1091
21476 21475 2111
21476 21622 1091
21624 21622 1222
21632 21623 884
11252 11251 2529
11252 22343 1667
22330 22374 580
22326 22328 3853
22331 22328 588
22357 22356 893
22357 22358 2434
22356 22357 893
22356 22359 588
22361 22359 452
22361 22362 1934
22378 22362 672
22378 22368 889
22378 22384 1959
22384 22378 1959
22384 22381 672
22384 22385 889
22384 22386 672
11246 11248 778
11246 11358 3359
11250 11248 420
11247 11358 688
22368 22378 889
22368 22385 1959
22368 22387 672
22371 22372 667
22371 22387 975
22385 22368 1959
22385 22384 889
22385 22395 333
22372 22371 667
22372 22373 562
22405 22373 1264
22392 22391 562
22420 22391 346
21857 22399 764
22400 22399 1447
22400 22404 672
22393 22407 672
21867 21869 681
21867 22106 764
21867 22112 363
21870 21869 1889
22112 21867 363
22112 22111 1970
22112 22114 672
22106 21867 764
22106 22107 222
22108 22107 1441
22118 22119 246
22103 22100 475
22103 22102 889
22103 22104 516
22102 22103 889
22102 22116 1175
22100 22101 1897
22100 22103 475
22130 22101 434
22203 22204 1008
22258 22206 1014
22258 22208 1873
22258 22259 1014
22034 22035 1000
22034 22036 2831
22189 22036 1652
22189 22192 633
22200 22198 373
22200 22199 826
22205 22206 516
22686 22698 344
22686 22699 1004
22699 22686 1004
22699 22700 1258
22699 22701 1234
22701 22699 1234
22701 22707 2104
22734 22733 612
22738 22739 1114
22738 22892 1014
22747 22739 818
22747 22748 354
22748 22747 354
22748 22903 1014
22904 22903 1560
22685 22684 765
22716 22719 2514
22718 22719 836
22708 22710 2616
22745 22723 637
22804 22802 688
22804 22806 1730
22806 22804 1730
22806 22814 201
22807 22819 279
22825 22824 1458
22825 22827 950
22824 22825 1458
22824 22828 951
22813 22822 1852
22843 22822 562
22843 22844 1741
22844 22843 1741
22844 22847 788
22849 22847 1848
23158 22858 475
23191 7438 144
28194 28192 1701
28194 28203 806
23140 23141 649
23140 23144 2326
23150 23144 344
34424 23144 551
28177 28180 2437
28178 28180 713
28178 28197 3460
28185 28180 713
28185 28199 1258
28199 28185 1258
28199 28198 713
28199 28202 2284
28198 28199 713
28198 28263 2515
28190 28193 222
28190 28196 1234
28192 28193 893
28192 28194 1701
28196 28190 1234
28196 28201 1460
28260 28224 796
28260 28264 2083
28227 28226 251
28222 28230 336
28233 28235 1293
28234 28235 764
28238 28235 951
28218 28228 1730
28224 28228 818
28224 28260 796
28224 28265 2045
28225 28228 610
28225 28261 2083
34356 28261 896
28269 28271 983
28272 28271 1901
28272 28275 869
28299 28275 551
28299 28297 580
28299 28323 1691
28308 28275 2216
28325 28323 796
28325 28412 1304
28331 28412 818
28331 28414 1385
28417 28414 1031
28417 28423 952
28423 28417 952
28423 28430 869
28431 28430 1375
28432 28430 951
28432 28435 818
28436 28435 435
28624 28630 1180
28631 28630 747
28639 28641 1814
28642 28641 1008
28643 28641 2237
34310 28646 2882
28666 28667 504
28796 28798 581
28799 28798 737
28853 28850 649
28853 28852 336
28853 28876 1543
28875 28935 605
28877 28893 1482
28877 28935 1205
28893 24390 1066
28893 28877 1482
28893 28939 1475
28939 24389 1115
28939 28893 1475
24406 24402 1254
24406 24414 746
24414 24402 510
24414 24406 746
24416 24402 878
24416 24522 1494
24524 24522 796
24525 24526 170
28813 28802 975
28813 28814 2414
28827 28814 889
28827 28826 884
28827 28826 884
28826 28827 884
28826 28827 884
28826 28830 1073
28829 28830 697
28833 28835 927
28849 28835 1344
28852 28850 676
28852 28853 336
28855 28851 884
28856 28851 336
24441 24443 751
24441 24564 2926
24562 24527 1585
24562 24564 806
24528 24527 398
24535 24527 836
24442 24568 788
24570 24568 2885
24574 24569 809
24574 24577 1533
24574 24579 1008
24579 24574 1008
24579 24578 1438
24579 24583 537
24583 24579 537
24583 24629 1484
24641 24629 672
24635 24636 249
24639 24658 511
24639 24659 2749
24659 24639 2749
24659 24666 889
24659 25191 276
25191 24659 276
25191 25193 1353
24753 10801 4056
10954 19905 206
24764 24774 1745
24764 24775 1919
24777 24774 1055
24768 24775 738
24771 24775 1585
189035 189032 1553
189035 189036 2300
189035 189037 826
189057 189036 1551
189057 189056 932
189069 189056 1596
189069 189203 859
189203 189055 1626
189203 189069 859
189203 189204 786
189207 189204 1485
189207 189208 811
189225 189208 2269
189225 189226 753
189225 189248 2320
189247 189248 806
189281 189248 2059
189281 189282 785
189281 189287 2329
189287 189281 2329
189287 189288 891
189037 189034 1625
189037 189035 826
188453 187290 1085
188453 188425 761
188453 188455 1700
187291 186835 1430
187291 187290 875
187271 186835 921
188502 188503 449
188502 188504 802
189039 188503 549
189039 189033 483
189039 189040 383
188504 188502 802
188504 188505 860
189060 188505 1626
189060 189045 867
189047 189045 1550
189047 189046 925
189144 189046 1603
189144 189143 762
189150 189143 1486
189150 189151 786
189153 189109 1543
189153 189111 838
189153 189154 728
189155 189156 810
189155 189157 777
189163 189156 835
189171 189156 2262
188610 188584 757
188610 188609 1627
188610 188615 843
188616 188615 1485
188616 189113 745
189119 189113 1633
189119 189118 776
189129 189118 1576
189129 189127 738
189132 189127 2212
189132 189173 935
189175 189173 2288
189175 189177 826
189157 189155 777
189157 189158 793
189178 189158 2285
189178 189177 1628
189188 189177 579
188584 188583 875
188584 188586 1562
188584 188610 757
188613 188583 1558
188613 188621 756
188635 188621 1650
188635 188633 844
189120 188633 1528
189120 189122 802
189323 189122 2154
189323 189321 909
188825 188823 1567
188825 188824 908
188825 188828 753
188830 188828 1544
188830 188837 828
188840 188837 1510
188840 188838 809
189320 188838 2203
189320 189321 745
189321 188839 2246
189321 189320 745
189321 189323 909
188765 188761 908
188765 188766 1575
188772 188761 1526
188772 188770 812
188833 188770 1530
188833 188835 867
188774 188766 721
188831 188824 1436
188831 188835 879
188844 188835 1553
190659 190643 800
190659 190656 3651
190659 190660 1034
190660 190643 699
190660 190644 512
190660 190659 1034
190648 190663 563
190656 190659 3651
190656 190663 1392
188787 188804 1578
188799 188804 908
188805 188804 842
188454 188455 883
188454 188456 894
188454 188463 2532
187304 188458 1512
188456 188454 894
188456 188458 745
188456 188461 2652
188459 188458 809
188459 188462 2706
188464 188462 820
188464 188477 2669
188642 188477 859
188642 188639 777
190661 190658 2515
188637 187468 2745
188637 188638 2637
188639 188638 845
188639 188642 777
188643 188638 899
187396 190525 295
187435 187434 1731
187436 187434 3181
187440 187434 2777
187440 187439 834
187465 187438 391
187465 187439 274
187298 187274 1691
187298 187294 793
187299 187294 2074
187299 187297 853
187308 187297 573
187308 187468 860
187273 187274 800
189619 189621 821
189619 189627 418
189627 189619 418
189627 189621 702
189627 189621 702
189628 189626 7017
189628 189629 1875
189616 189615 756
189629 189628 1875
189629 189630 5207
189629 189634 4280
189634 189629 4280
189634 189633 876
199188 199194 784
199188 199196 916
199193 199194 1301
199193 199195 802
199187 199189 1648
199187 199196 820
199260 199195 1628
199201 199189 766
199201 199202 1446
199177 199202 419
199181 199202 1006
199238 199204 417
199238 199239 416
199239 199222 1118
199239 199238 416
199239 199241 478
199220 199222 766
199223 199242 779
199243 199242 1318
199243 199248 765
199243 199252 1684
199233 199252 766
199253 199252 883
199253 199256 766
199253 199378 788
199378 199253 788
199378 199379 1777
199378 199380 766
199379 199378 1777
199379 199381 747
199383 199381 2106
199383 199385 773
199390 199385 1006
199390 199392 756
199394 199392 1336
199394 199461 684
199481 199483 683
199482 199483 1616
199487 199483 573
199487 199488 1295
199490 199491 2221
199496 199491 942
199500 199491 1864
199500 199498 863
199488 199487 1295
199488 199498 993
199581 199498 1418
199503 199514 670
199516 199514 930
199517 199514 534
199389 199415 1453
199413 199415 701
215004 199415 329
200282 200278 1584
200283 200278 363
200283 200279 1150
200662 200279 328
200662 200660 219
200662 200663 846
200062 200057 1226
200062 200058 839
200063 200057 1406
200204 200061 1439
200204 200207 575
200211 200208 1278
200211 200217 440
200226 200218 1870
200226 200268 662
200272 200269 1172
200272 200280 572
200044 200002 2351
200044 200042 775
200055 200042 1768
200055 200043 897
199976 199996 1171
200010 199996 897
200014 200002 902
200935 200936 2429
200935 200937 643
200939 200937 582
200932 200936 802
200934 200946 2302
200934 200948 1311
200948 200934 1311
200948 200947 1757
200948 200966 668
200968 200966 2554
200968 201003 871
201011 201003 1987
201011 201004 824
201014 201004 1566
214770 200987 326
200994 200983 781
200998 200983 1928
200998 200992 577
200998 200993 1039
200992 200991 1857
200992 200998 577
201210 200991 866
200985 200984 2348
200985 201009 900
201008 201002 2002
201008 201005 345
201009 200985 900
201009 201002 709
201015 201005 549
200669 200665 935
200669 200667 775
200669 200680 2452
200665 200663 891
200665 200669 935
200570 200557 257
200573 200576 1241
200585 200582 2012
200585 200586 687
200680 200669 2452
200680 200678 773
200738 200678 2393
200738 200737 791
200741 200584 522
200746 200745 1145
194836 194835 483
215164 194835 1069
201186 201185 2275
201186 201187 834
201186 201188 946
201293 201292 4035
207711 201802 2032
207711 212660 179
214767 201802 100
201194 201195 4292
201197 201195 293
200642 214839 347
214394 214839 885
215180 212660 867
200611 200607 529
201192 201189 247
201199 201189 665
201199 201202 459
201201 201196 192
201202 201196 793
201202 201199 459
225048 234264 4939
225059 227569 998
227570 227569 162
225043 225045 12601
234272 225045 793
225448 225442 2724
232423 232496 1333
235481 232496 3927
235483 235480 3005
225056 234269 3554
225485 225484 4252
225487 225484 3220
225498 225505 4001
225468 225467 1021
225808 225467 782
226921 226914 1093
226921 235312 2600
226890 226888 1259
226900 226893 1633
234306 234550 374
235175 234550 1474
234908 226912 1152
235312 226921 2600
235312 227291 1350
227296 227292 1531
227296 227297 2284
227296 227320 3334
227298 227292 3272
227298 227297 1780
225813 225818 266
227312 227314 1647
227354 227314 1848
227308 227373 1357
227374 227373 649
227316 227320 1500
227323 227320 2986
227323 227321 1761
227323 227324 1447
227346 227297 1854
227346 227347 2111
227351 227347 433
227324 227323 1447
227324 227337 1260
227338 227337 1667
227338 227359 2343
227341 227359 1558
227455 227458 1491
227542 227458 672
227542 227543 1496
227550 227551 1447
227563 227564 665
227565 227564 1004
227594 227554 1726
227594 227600 296
227601 227600 562
234024 234022 1462
234024 234033 1124
234034 234033 928
863
227360
227559
227560
227580
227540
227549
227572
227602
235230
235236
227573
233947
233948
233970
233977
233849
233883
233881
233894
233933
225141
234019
233908
234053
234064
234103
234172
234175
234180
234209
234211
234361
226795
226794
226818
226821
227056
227092
227108
227441
227467
227330
235351
226892
226916
227164
227161
227166
227180
227183
227507
227510
227597
235235
6649
6682
6755
6771
6768
6762
6972
7136
7149
7226
7227
7229
7236
7288
7366
7368
7378
7385
7817
7820
7821
7916
7923
7925
7856
7858
7934
7722
225507
225511
225880
225884
225895
225882
225032
225401
225492
225573
225576
225580
225583
235098
225671
225673
225694
225697
225698
225703
225709
226377
225514
225600
225605
225608
225633
226375
235504
235505
7850
35102
7893
7969
8315
8617
8619
8629
8663
8668
8670
8671
8731
8733
8750
15968
15971
15995
15997
16375
16380
16230
16575
16581
16583
16198
16228
16243
16594
16597
16603
16608
16702
34069
16084
21475
21622
21623
22343
22374
22328
22358
22359
22362
22381
22386
11248
11251
11358
22387
22395
22373
22391
22399
22404
22407
21869
22111
22114
22107
22119
22104
22116
22101
22204
22259
22035
22036
22192
22198
22199
22206
22208
22698
22700
22707
22733
22892
22739
22903
22684
22719
22710
22723
22802
22814
22819
22827
22828
22822
22847
22858
7438
28203
23141
23144
28180
28197
28202
28263
28193
28201
28264
28226
28230
28235
28228
28261
28265
28271
28275
28297
28323
28412
28414
28430
28435
28630
28641
28646
28667
28798
28876
28935
24390
24389
24402
24522
24526
28802
28814
28830
28835
28850
28851
24443
24564
24527
24568
24569
24577
24578
24629
24636
24658
24666
25193
10801
19905
24774
24775
189032
189036
189056
189055
189204
189208
189226
189248
189282
189288
189034
188425
187290
186835
188503
189033
189040
188505
189045
189046
189143
189151
189109
189154
189156
188615
189113
189118
189127
188609
189173
189111
189158
189177
188583
188586
188621
188633
189122
188828
188837
188823
188838
188839
188761
188770
188766
188824
188835
190643
190663
188804
188455
188463
188458
188461
188462
188477
190644
190658
188638
190525
187434
187439
187294
187297
187438
187468
187274
189621
189626
189615
189630
189633
199194
199196
199195
199189
199202
199204
199241
199222
199242
199248
199252
199256
199380
199381
199385
199392
199461
199483
199491
199498
199514
199415
200278
200279
200057
200061
200207
200208
200217
200218
200268
200269
200280
200042
200043
200058
199996
200002
200937
200936
200946
200947
200966
201003
201004
200987
200983
200993
200991
200984
201002
201005
200660
200667
200663
200557
200576
200582
200586
200678
200737
200584
200745
194835
201185
201188
201292
201802
201195
214839
212660
200607
201187
201189
201196
234264
227569
225045
225442
232496
235480
234269
225484
225505
225467
226914
226888
226889
226893
234550
226912
227291
227292
225818
225872
227314
227373
227320
227321
227297
227347
227337
227359
233845
233853
233880
233869
233882
233893
234786
234004
234011
234022
234292
234061
234107
234171
234113
234182
234185
234187
234213
31967
226791
226796
234226
227090
227093
227103
227111
227334
226917
227168
227554
6646
6681
6701
6714
7143
6710
7150
7152
7231
7234
7235
7243
7237
7284
7369
7367
7386
7807
7823
7920
7924
7854
7879
7938
7940
7640
225408
225405
225879
225875
225033
225402
225493
235146
225495
225577
225584
231900
234231
225672
225675
225695
225707
225710
226370
225486
225601
225614
225617
225612
226373
235499
235507
7878
7936
7895
7967
8306
8616
8618
8631
8632
8666
8677
8672
8693
8698
8738
8743
8751
15964
15984
15998
16377
16378
16200
16569
16579
16568
16195
16209
16210
16225
16233
16604
16602
16701
16707
16723
31894
16085
21473
21624
21632
11252
22330
22326
22331
22357
22356
22378
11246
11250
11247
22368
22371
21857
22400
22393
21867
22106
22108
22118
22102
22100
22130
22203
22034
22189
22200
22205
22686
22701
22734
22738
22747
22748
22685
22716
22718
22708
22806
22807
22825
22824
22813
22843
22844
22849
23191
28194
23140
23150
28177
28178
28185
28198
28190
28192
28196
28260
28227
28222
28233
28234
28238
28218
28224
28225
28269
28272
28299
28308
28325
28331
28417
28423
28431
28432
28436
28624
28639
28642
28643
34310
28666
28796
28853
28875
28877
28893
28939
24406
24414
24416
24524
28813
28826
28829
28833
28852
24441
24562
24528
24442
24570
24579
24583
24641
24635
24639
25191
24753
10954
24764
24777
24768
24771
189035
189057
189069
189203
189207
189225
189247
189281
189287
189037
188453
187291
187271
188502
189039
188504
189060
189047
189144
189150
189155
189163
189171
188610
188616
189119
189129
189132
189175
189157
189178
189188
188584
188613
188635
189120
189323
188825
188830
188840
189320
189321
188765
188772
188833
188774
188831
188844
190648
190656
188787
188799
188805
188454
187304
188456
188459
188464
188642
190661
188637
188639
188643
187396
187435
187436
187440
187465
187298
187299
187308
187273
189619
189627
189628
189616
199188
199193
199187
199260
199201
199177
199181
199238
199220
199223
199243
199233
199253
199378
199379
199383
199390
199394
199481
199487
199490
199496
199500
199488
199581
199503
199516
199517
199389
199413
200282
200283
200662
200062
200063
200204
200211
200226
200272
200044
200055
199976
200010
200014
200935
200932
200934
200948
200968
201011
201014
200994
200998
200992
201210
200985
201008
201009
201015
200669
200665
200573
200585
200680
200738
200746
194836
215164
201293
207711
214767
200642
214394
201192
201199
201201
201202
225048
225059
227570
225043
234272
225448
232423
235481
225056
225485
225487
225498
225808
226921
226890
234306
227298
225813
227312
227308
227316
227346
227324
227338
227341
227455
227542
227550
227563
234024
234034
