920
141458 141460 1514
141458 141465 1776
141458 141466 258
189915 189916 283
189915 190012 804
190015 190012 1383
190015 190016 771
190021 190016 1324
190021 190022 722
190026 190022 1572
190026 190030 761
190029 189978 1424
190029 190030 772
190032 189977 1393
190032 190040 562
139824 139835 868
139824 140033 223
139826 139825 839
139826 139828 805
139826 139829 1384
140033 139824 223
140033 139828 468
140033 144913 704
139819 139825 213
139820 139827 2251
139820 139950 792
139951 139950 771
139953 139950 1402
139953 139991 1949
139994 139989 760
139994 139997 929
139997 139994 929
139997 139996 774
139997 140015 1586
140015 139997 1586
140015 140020 806
140097 140022 679
140097 140105 336
140097 140108 456
140102 140104 1226
140102 140120 876
140099 140098 367
140099 140101 1590
140103 140101 935
140103 140122 1191
140103 140123 566
190046 190041 1292
190046 190083 669
190083 190046 669
190083 190079 655
190083 190084 376
190079 190080 388
190079 190081 654
190079 190083 655
190087 190082 1300
190087 190088 705
190097 190098 873
190097 190105 157
190111 190113 930
190111 190448 581
190446 190319 750
190446 190448 802
190320 190319 896
190467 190466 885
190473 190115 1085
190473 190466 443
189989 189987 675
189989 189990 1245
189989 189994 669
189998 189997 1117
189998 190076 1076
189996 189967 1551
189996 189973 394
189996 189994 300
189996 190677 1544
189996 190678 1539
190562 189974 312
190562 190563 1372
190562 190564 91
190536 190537 8144
190671 190564 653
190475 190315 930
190475 190476 918
142195 142199 335
142197 142198 2074
142197 142209 731
142213 142209 2021
142213 142214 840
142338 142339 107
142343 142346 902
142343 142347 586
142355 142356 1640
141379 141378 674
141379 141431 311
141379 143297 779
141377 141376 493
141377 141378 314
141376 141377 493
141376 141427 925
141415 141411 906
141415 141425 2823
141411 141415 906
141411 141424 2416
142159 142152 833
142159 142160 2595
142162 142160 929
142162 142178 2500
142162 142202 2783
142198 142193 946
142198 142197 2074
142198 142199 737
142198 142200 779
142198 142217 1496
142193 142198 946
142193 142199 331
141652 141512 877
141652 141653 2053
141656 141653 766
141656 141681 221
151939 151904 1245
151939 151940 566
141681 141656 221
141681 141668 751
141681 151818 129
151677 141689 2371
151677 151818 930
141692 141689 810
141769 141774 1730
141769 142164 831
141773 141770 536
141773 141774 1238
141773 141775 2398
142164 141769 831
142164 142165 758
142164 142166 1707
141770 141772 2334
141770 141773 536
141771 141759 2468
141771 141772 806
141771 141831 875
141694 141690 720
141694 141695 2280
141760 141759 1393
142151 142153 711
142151 142167 2448
142165 142164 758
142165 142167 808
142165 142169 1809
142152 142153 2600
142152 142159 833
55950 55949 139
56021 56019 202
56021 56022 713
56020 56019 1009
56020 56031 1458
56030 56031 1115
56030 56032 933
56032 56030 933
56032 56035 905
56049 56035 1436
56049 56050 782
56049 56056 1436
56056 56049 1436
56056 56057 782
56157 56057 1366
56157 56084 782
56190 56084 1436
56190 56187 889
56206 56187 1268
56206 56194 782
56206 56211 590
56210 56213 445
56210 56214 337
56214 56210 337
56214 56242 501
56240 56241 672
56240 56266 1449
56244 56215 1450
56244 56245 782
56248 56245 850
56248 56250 111
56250 56248 111
56250 56251 667
56255 56251 1307
56255 56256 782
56255 56264 933
54486 56241 1388
54486 56298 782
54486 56579 1661
189918 189917 888
189918 189943 188
189943 189918 188
189943 189942 768
189943 190543 892
196681 196680 859
196681 196682 1546
196682 196681 1546
196682 196683 751
196682 197217 2932
197218 197217 545
197218 197260 691
197260 197218 691
197260 197257 838
197260 197261 1253
197263 197261 751
197263 197264 142
204075 204076 1073
204075 204077 469
204077 204072 1028
204077 204075 469
204077 204078 944
204283 204078 1609
204283 204287 707
204287 204283 707
204287 204285 709
204287 204288 1295
204290 204288 884
204290 204311 1765
204306 204311 683
204306 204315 277
204315 204306 277
204315 204316 2368
204318 204316 833
204318 204362 2267
204363 204382 197
204363 204384 630
204367 204384 274
204367 204394 556
204371 204373 709
204371 204377 1566
204376 204377 751
204376 204397 2726
204374 204394 278
204396 204395 947
204396 204397 866
204396 204399 2605
204373 204371 709
204373 207176 1534
207177 207176 846
207177 207182 2605
207183 207182 686
207183 207191 785
207183 207205 2606
207191 207183 785
207191 207206 2527
207207 207206 709
207207 207208 784
207207 207249 2002
207140 207144 796
207140 207145 2374
207142 207143 796
207142 207144 1465
207217 207145 833
207217 207219 1668
207218 207223 410
207218 207225 405
195601 195600 430
195601 195653 802
195601 207143 1534
195600 195601 430
195600 195652 798
207137 195652 790
207221 207222 2273
207223 207218 410
207223 207224 2368
207195 207222 824
207195 207248 2503
207208 207207 784
207208 207248 834
207208 207250 1892
196914 196913 1299
214464 196887 595
196932 196930 838
145974 145971 1124
145974 145978 2278
145975 145978 1141
145975 145981 1709
145975 146008 871
146007 151305 1145
146007 151307 1140
204052 204045 1073
204052 204053 606
204049 198891 520
204049 204046 735
204049 204048 709
204053 204046 1185
204053 204052 606
204056 204059 1113
204072 204073 961
204072 204077 1028
203902 203900 349
203901 203900 2940
203901 203907 630
204044 203987 709
204044 204045 508
203644 203637 846
203644 203645 1576
203658 203645 796
203658 203661 3153
203662 203661 846
203662 203671 747
203662 203672 1847
203671 203662 747
203671 203673 1701
203882 203886 629
203883 203673 833
203883 203884 1251
203883 203885 1429
203887 203886 1028
203887 203888 1527
203887 203900 710
207426 207427 901
207426 207428 1559
207429 207428 796
207427 207398 539
207427 207426 901
207427 207430 1596
207398 207400 841
207398 207427 539
207398 207431 1578
207399 207400 1465
207399 207415 641
207415 207399 641
207415 207416 1358
207415 207417 816
207419 207420 761
207362 207367 1349
207362 207373 715
207373 194523 363
207373 207362 715
207373 207374 1328
207372 207376 781
207372 207444 2290
207432 207428 736
207432 207433 834
207432 207439 860
207375 194523 346
207375 207376 473
207375 207378 760
195653 195601 802
195653 195652 392
195653 207158 1458
207152 207158 834
207152 207162 1424
207163 207166 716
207163 207340 2425
207339 207340 698
207339 207354 392
207365 207479 426
207365 207480 813
207479 207354 724
207479 207365 426
207479 207480 527
207366 207367 630
207366 207474 915
207366 207482 2769
196395 196391 773
207910 207422 1028
207910 207911 507
207912 207913 511
208214 208222 508
208222 208214 508
208247 208248 917
208248 208247 917
208320 208325 683
208323 208322 867
208322 208323 867
208325 208320 683
210547 210548 901
210548 210547 901
210612 210615 522
210615 210612 522
210615 210617 805
210621 210617 660
210637 210638 942
210617 210615 805
210617 210621 660
178686 178685 1378
178685 178686 1378
180314 180335 1772
180335 180314 1772
185002 185003 276
185003 185002 276
180549 180814 435
180814 180549 435
173768 173767 952
173767 173768 952
182635 182634 796
182634 182635 796
183959 183958 796
183958 183959 796
184079 185033 782
185033 184079 782
185033 185034 778
185034 185033 778
173908 173910 3353
173910 173908 3353
175101 175102 733
175102 175101 733
174597 175194 526
175194 174597 526
174628 174718 1431
174718 174628 1431
175411 175409 926
175409 175411 926
174431 174429 2519
174429 174431 2519
174226 174225 1933
174294 174249 989
174249 174294 989
174225 174226 1933
184987 184986 1932
184986 184987 1932
210638 210637 942
210638 210643 815
210643 210638 815
210802 210806 231
210806 210802 231
210806 210807 828
210807 210806 828
210926 210935 519
210935 210926 519
211737 211734 782
211734 211737 782
163605 163606 2557
163491 163492 672
163492 163491 672
163616 163610 2358
163606 163605 2557
163606 163610 2557
163610 163606 2557
163610 163616 2358
162762 162763 630
162763 162762 630
162764 162742 238
162742 162764 238
211867 211877 867
211877 211867 867
211877 211879 833
211879 211877 833
163923 163930 355
163930 163923 355
179043 179052 418
179052 179043 418
114515 114520 586
114520 114515 586
115475 115476 6859
115476 115475 6859
191644 191826 1660
191826 191644 1660
32607 32613 3381
32613 32607 3381
105826 107926 1124
107926 105826 1124
107966 107948 763
111853 111852 1848
111853 111877 847
107948 107966 763
111877 111853 847
111852 111853 1848
33773 33776 1560
33776 33773 1560
33785 33786 3139
33786 33785 3139
33786 33806 1457
33806 33786 1457
113309 113311 796
113311 113309 796
113290 113289 201
113289 113290 201
103443 103444 818
103444 103443 818
105418 103727 1436
103727 105418 1436
103567 103569 664
103569 103567 664
103591 103650 1370
103650 103591 1370
40087 40097 1293
40100 40117 1033
40117 40100 1033
40097 40087 1293
41280 41292 1104
41292 41280 1104
29258 29259 475
29259 29258 475
29256 29085 713
29085 29256 713
53296 53302 333
53302 53296 333
53519 53521 517
53521 53519 517
53451 53457 238
53457 53451 238
53468 53472 1660
53472 53468 1660
53547 53550 1768
53550 53547 1768
53518 53525 1199
53525 53518 1199
49437 49524 738
49524 49437 738
49524 49527 2018
49527 49524 2018
144347 144346 299
144346 144347 299
144247 144249 493
144249 144247 493
196338 196340 278
196353 196340 1979
196340 196338 278
196340 196353 1979
196392 196391 522
196382 196391 1192
141464 141465 551
141460 141458 1514
141465 141458 1776
141465 141464 551
141466 141458 258
189916 189915 283
189916 189917 400
190012 189915 804
190012 190015 1383
190016 190015 771
190016 190021 1324
190022 190021 722
190022 190026 1572
190030 190026 761
190030 190029 772
189978 189977 639
189978 190029 1424
189977 189978 639
189977 190032 1393
190040 190032 562
190040 190041 147
139835 139824 868
139825 139819 213
139825 139826 839
139825 139827 577
139828 139826 805
139828 140033 468
139829 139826 1384
144913 140033 704
139827 139820 2251
139827 139825 577
139950 139820 792
139950 139951 771
139950 139953 1402
139991 139953 1949
139991 139989 360
139989 139991 360
139989 139994 760
139996 139997 774
139996 140020 1834
140020 139996 1834
140020 140015 806
140022 140097 679
140022 140105 596
140105 140022 596
140105 140097 336
140108 140097 456
140104 140102 1226
140120 140102 876
140120 140122 803
140098 140099 367
140101 140099 1590
140101 140103 935
140122 140103 1191
140122 140120 803
140123 140103 566
190041 190040 147
190041 190046 1292
190084 190080 716
190084 190083 376
190080 190079 388
190080 190084 716
190081 190079 654
190081 190082 600
190082 190081 600
190082 190087 1300
190088 190087 705
190088 190098 699
190098 190088 699
190098 190097 873
190105 190097 157
190113 190111 930
190448 190111 581
190448 190446 802
190319 190320 896
190319 190446 750
190466 190076 256
190466 190467 885
190466 190473 443
190115 190473 1085
189987 189989 675
189987 189997 629
189990 189989 1245
189994 189989 669
189994 189996 300
189997 189987 629
189997 189998 1117
190076 189998 1076
190076 190466 256
189967 189996 1551
189967 190677 169
189973 189974 665
189973 189996 394
190677 189967 169
190677 189996 1544
190677 190678 115
190678 189996 1539
190678 190677 115
189974 189973 665
189974 190562 312
190563 190562 1372
190564 190562 91
190564 190671 653
190537 190536 8144
190315 190475 930
190476 190475 918
142199 142193 331
142199 142195 335
142199 142198 737
142209 142197 731
142209 142213 2021
142209 142217 750
142214 142213 840
142214 142339 1443
142339 142214 1443
142339 142338 107
142346 142343 902
142346 142356 1445
142347 142343 586
142356 142346 1445
142356 142355 1640
141378 141377 314
141378 141379 674
141431 141379 311
143297 141379 779
141427 141376 925
141425 141415 2823
141425 141424 826
141424 141411 2416
141424 141425 826
142160 142153 669
142160 142159 2595
142160 142162 929
142178 142162 2500
142202 142162 2783
142200 142198 779
142217 142198 1496
142217 142209 750
141512 141652 877
141653 141652 2053
141653 141656 766
141653 141668 187
151904 151939 1245
151940 151939 566
141668 141653 187
141668 141681 751
151818 141681 129
151818 151677 930
141689 141690 1766
141689 141692 810
141689 151677 2371
141774 141769 1730
141774 141773 1238
141774 142166 779
141775 141772 668
141775 141773 2398
142166 141774 779
142166 142164 1707
142166 142169 968
141772 141770 2334
141772 141771 806
141772 141775 668
141759 141695 884
141759 141760 1393
141759 141771 2468
141831 141771 875
141690 141689 1766
141690 141694 720
141695 141694 2280
141695 141759 884
142153 142151 711
142153 142152 2600
142153 142160 669
142167 142151 2448
142167 142165 808
142169 142165 1809
142169 142166 968
55949 55950 139
56019 56020 1009
56019 56021 202
56022 56021 713
56031 56020 1458
56031 56030 1115
56031 56035 139
56035 56031 139
56035 56032 905
56035 56049 1436
56050 56049 782
56050 56057 1436
56057 56050 1436
56057 56056 782
56057 56157 1366
56084 56157 782
56084 56190 1436
56187 56190 889
56187 56206 1268
56194 56206 782
56211 56206 590
56211 56215 850
56213 56210 445
56242 56214 501
56242 56215 282
56241 54486 1388
56241 56240 672
56266 56240 1449
56266 56256 672
56215 56211 850
56215 56242 282
56215 56244 1450
56245 56244 782
56245 56248 850
56251 56250 667
56251 56255 1307
56256 56255 782
56256 56266 672
56264 56255 933
56298 54486 782
56579 54486 1661
189917 189916 400
189917 189918 888
189942 189943 768
190543 189943 892
196680 196681 859
196680 196683 1661
196683 196680 1661
196683 196682 751
197217 196682 2932
197217 197218 545
197217 197257 220
197257 197217 220
197257 197260 838
197261 197260 1253
197261 197263 751
197264 197263 142
204076 204075 1073
204078 204073 1037
204078 204077 944
204078 204283 1609
204285 204287 709
204288 204287 1295
204288 204290 884
204311 204290 1765
204311 204306 683
204316 204315 2368
204316 204318 833
204362 204318 2267
204362 204382 478
204382 204362 478
204382 204363 197
204384 204363 630
204384 204367 274
204394 204367 556
204394 204374 278
204394 204395 2477
204377 204371 1566
204377 204376 751
204377 207176 623
204397 204376 2726
204397 204396 866
204395 204394 2477
204395 204396 947
204399 204396 2605
207176 204373 1534
207176 204377 623
207176 207177 846
207182 207177 2605
207182 207183 686
207205 207183 2606
207205 207206 833
207206 207191 2527
207206 207205 833
207206 207207 709
207249 207207 2002
207249 207250 751
207144 207140 796
207144 207142 1465
207145 207140 2374
207145 207217 833
207143 195601 1534
207143 207142 796
207143 207158 908
207219 207217 1668
207219 207225 555
207225 207218 405
207225 207219 555
195652 195600 798
195652 195653 392
195652 207137 790
207222 207195 824
207222 207221 2273
207222 207224 817
207224 207222 817
207224 207223 2368
207248 207195 2503
207248 207208 834
207250 207208 1892
207250 207249 751
196913 196914 1299
196887 214464 595
196930 196932 838
145971 145974 1124
145978 145974 2278
145978 145975 1141
145981 145975 1709
146008 145975 871
151305 146007 1145
151307 146007 1140
204045 204044 508
204045 204046 701
204045 204052 1073
198891 204049 520
204046 204045 701
204046 204049 735
204046 204053 1185
204048 204049 709
204059 204056 1113
204073 204072 961
204073 204078 1037
203900 203887 710
203900 203901 2940
203900 203902 349
203907 203901 630
203987 204044 709
203637 203644 846
203645 203644 1576
203645 203658 796
203661 203658 3153
203661 203662 846
203672 203662 1847
203672 203673 594
203673 203671 1701
203673 203672 594
203673 203883 833
203886 203882 629
203886 203885 1400
203886 203887 1028
203884 203883 1251
203885 203883 1429
203885 203886 1400
203885 203888 1056
203888 203885 1056
203888 203887 1527
207428 207426 1559
207428 207429 796
207428 207430 986
207428 207432 736
207430 207427 1596
207430 207428 986
207430 207431 547
207430 207433 678
207400 207398 841
207400 207399 1465
207400 207416 669
207431 207398 1578
207431 207430 547
207416 207400 669
207416 207415 1358
207417 207415 816
207417 207420 833
207420 207417 833
207420 207419 761
207420 207422 679
207367 207362 1349
207367 207366 630
207367 207374 624
194523 207373 363
194523 207375 346
207374 207367 624
207374 207373 1328
207376 207372 781
207376 207375 473
207444 207372 2290
207444 207439 219
207433 207430 678
207433 207432 834
207439 207432 860
207439 207444 219
207378 207375 760
207158 195653 1458
207158 207143 908
207158 207152 834
207162 207152 1424
207162 207166 277
207166 207162 277
207166 207163 716
207340 207163 2425
207340 207339 698
207354 207339 392
207354 207474 1235
207354 207479 724
207480 207365 813
207480 207474 737
207480 207479 527
207474 207354 1235
207474 207366 915
207474 207480 737
207482 207366 2769
196391 196382 1192
196391 196392 522
196391 196395 773
207422 207420 679
207422 207910 1028
207911 207910 507
207911 207913 1054
207913 207911 1054
207913 207912 511
972
141458
189915
190015
190021
190026
190029
190032
139824
139826
140033
139819
139820
139951
139953
139994
139997
140015
140097
140102
140099
140103
190046
190083
190079
190087
190097
190111
190446
190320
190467
190473
189989
189998
189996
190562
190536
190671
190475
142195
142197
142213
142338
142343
142355
141379
141377
141376
141415
141411
142159
142162
142198
142193
141652
141656
151939
141681
151677
141692
141769
141773
142164
141770
141771
141694
141760
142151
142165
142152
55950
56021
56020
56030
56032
56049
56056
56157
56190
56206
56210
56214
56240
56244
56248
56250
56255
54486
189918
189943
196681
196682
197218
197260
197263
204075
204077
204283
204287
204290
204306
204315
204318
204363
204367
204371
204376
204374
204396
204373
207177
207183
207191
207207
207140
207142
207217
207218
195601
195600
207137
207221
207223
207195
207208
196914
214464
196932
145974
145975
146007
204052
204049
204053
204056
204072
203902
203901
204044
203644
203658
203662
203671
203882
203883
203887
207426
207429
207427
207398
207399
207415
207419
207362
207373
207372
207432
207375
195653
207152
207163
207339
207365
207479
207366
196395
207910
207912
207919
207939
207950
208009
208037
208050
208252
208251
208254
208258
208214
208217
208222
208235
208247
208248
208303
208309
208320
208323
208322
208347
208325
210547
210548
210562
210612
210615
210621
210637
210617
178686
178762
178664
178685
178745
178914
178890
178929
178933
186180
178901
178881
178928
177551
180314
180335
177539
163637
163215
163234
163228
163235
163236
163648
163208
184864
184980
184981
184902
184955
185002
185003
185077
166198
166257
166277
166279
166267
166258
166261
166297
166823
166210
166224
166180
166202
166227
166229
180778
180547
180549
180808
180814
180535
182399
182429
182426
182441
182438
182467
182628
182643
162172
163853
173768
173775
173767
173788
182607
182635
182634
174208
176266
174156
176288
174205
174218
176303
183959
183969
183958
183975
183990
184068
183985
184079
185033
185034
185115
185119
185166
185170
185210
174335
175050
175052
175055
175066
173908
173910
173824
174024
174479
174484
174487
174489
175079
175101
175102
174617
174505
174510
174625
174597
175194
174628
174714
174719
174718
175177
175137
174595
174809
174811
175057
175152
175411
175428
175409
175143
175244
175408
175133
175161
175587
175699
175536
185686
175164
175159
175555
175553
175532
174307
174431
174429
174486
174415
174402
174474
174201
174241
174262
174266
174226
174294
174249
174225
183838
183956
183971
184975
183983
184985
183842
183982
184987
184971
184986
184994
210638
210643
210792
210800
210802
210806
210807
210822
210880
210850
210899
210902
210926
210935
210938
211623
198875
211737
211795
211797
211734
211742
211726
211799
211727
211863
163605
163378
163430
163491
163492
163616
163730
163606
163610
162938
162940
163015
163401
163431
163426
163405
163409
161331
162762
162761
162763
162764
162742
162717
162744
211864
211867
211877
211879
163923
163930
163906
163911
163937
163991
164021
164030
163973
163996
163955
214265
211954
211978
212019
212020
212014
211975
211979
211989
212021
212015
211917
211947
211950
178724
179045
179043
179052
114565
114605
114703
114708
114470
114515
114517
114520
114532
114511
114514
115463
114690
115483
115465
115514
115286
115283
115475
116132
115536
115502
114962
115132
114969
115003
114995
115236
115251
115227
115476
115092
115300
115593
115591
115604
115619
115615
115637
110628
106790
106798
106808
106833
106988
106989
107272
107395
106385
106695
106678
106688
106602
106613
106624
106641
106550
110629
106496
106504
106266
106503
106507
113885
194062
191944
193075
192020
191702
191820
191644
191826
192876
192892
193480
107336
104443
107542
104416
107590
32607
32613
32651
6621
32460
32806
32812
32814
32817
107670
107748
32837
107797
107808
107804
107907
105826
107926
107928
107966
107821
107854
107862
107813
107860
111853
107946
107948
111798
111822
111826
111856
111877
111888
111849
111852
111928
111976
111985
33706
33603
33716
33717
33773
18179
33609
33776
33785
33786
33806
33810
33854
33857
17195
33870
33883
113196
113187
113201
17348
33866
33860
33864
33885
33888
113321
113318
113411
113309
113464
113311
113287
113290
113151
113289
113292
113203
113285
103436
113550
103433
103443
103444
103497
103501
103449
105418
103715
105416
105400
105402
103714
103727
103467
103725
103567
103569
103589
103591
103638
103650
40087
40100
40117
40097
40128
40115
40107
105267
105154
105251
105560
105236
105167
103760
105507
105481
105482
105510
103674
103677
105490
105492
105502
40134
40136
40155
40033
40161
41276
41280
41292
41310
41302
29227
29020
29023
29249
29280
29258
29259
29260
29220
29087
29082
29256
29085
29060
29065
29080
52961
52967
56636
52964
52978
53279
53285
53296
53302
53305
53428
53435
56685
53495
53511
53519
53521
29048
53523
53583
53588
54806
54808
55098
55101
55255
55269
55316
55320
55327
55348
55921
55930
53451
53457
53422
53449
53468
53472
53542
53547
53550
53558
53516
53518
53525
53586
53593
53594
49518
49437
49524
49526
49527
49536
49516
49559
49281
49270
49273
49529
49441
49565
49784
53766
53761
53759
53757
54764
54778
144222
144225
144245
144252
144418
144434
144368
144326
144347
144346
144247
144249
144248
144344
144345
144357
144437
144570
144332
144333
195552
195556
195571
196337
196338
196353
196403
196329
196340
196387
196392
196382
151607
140066
140088
140093
140096
141464
141459
141460
141465
141466
190012
190016
190022
190030
189978
189977
190040
139835
139828
139829
144913
139827
139950
139991
139989
139996
140020
140022
140105
140108
140104
140120
140098
140101
140122
140123
190041
190084
190080
190081
190082
190088
190098
190105
190113
190448
190319
190115
189987
189990
189994
189997
190076
189967
189973
190677
190678
189974
190563
190315
142209
142214
142339
142346
142356
141378
141431
141427
141425
141424
142160
142178
142202
142200
142217
141512
141653
151904
151940
141668
151818
141689
141774
141775
142166
141831
141690
141695
142153
142167
142169
55949
56019
56022
56035
56050
56057
56084
56187
56194
56211
56241
56266
56215
56245
56251
56256
56298
189917
189942
190543
196680
196683
197217
197257
197261
197264
204078
204285
204288
204311
204316
204362
204382
204384
204377
204397
204395
204399
207176
207182
207205
207206
207249
207144
207145
207143
207219
207225
207222
207224
207248
207250
196913
196887
196930
145971
145978
145981
146008
151305
151307
198891
204048
204059
204073
203907
203987
203637
203645
203661
203672
203673
203884
203888
207400
207431
207416
207417
207420
207367
194523
207374
207376
207444
207433
207439
207378
207158
207162
207166
207340
207354
207474
207482
207422
207911
207913
