1216
39353 39069 574
39353 39382 161
39551 39552 342
39551 39563 470
35770 35750 782
35770 35769 354
35828 35829 1188
35835 35834 320
35836 35834 1323
35836 35843 848
35841 35842 924
35841 35843 252
35777 35778 2004
35777 35779 878
35778 35777 2004
35778 35779 2147
37425 35779 757
37425 37423 2459
37425 37426 3412
50357 37426 199
37423 37425 2459
37423 37436 403
50245 50246 2142
47351 47350 1022
47351 47350 1022
35638 47350 712
35617 35613 682
35617 35622 950
35622 35617 950
35622 35621 1055
36219 36215 904
36219 36232 818
36219 36236 2674
36236 36219 2674
36236 36233 818
36273 36254 796
36273 36274 2407
35658 35657 276
37428 37429 630
37428 37430 2204
37430 35848 373
37430 37428 2204
35798 35796 3157
35798 35813 1161
35839 35799 599
35839 35838 848
35850 35845 747
35852 35851 1225
35854 35838 1200
35849 35847 889
35877 35859 1344
35877 35860 336
35863 35862 2159
35870 35869 336
35868 35859 336
35977 35976 673
35977 35978 1086
35977 35987 1902
35981 35973 1725
35981 35979 2219
35981 35990 2555
35989 35990 1299
37840 37839 1484
37865 37858 1144
37865 37867 1844
37864 37867 1186
35995 35963 3200
35995 35993 884
35995 35994 678
35997 35998 1209
37855 35982 2766
35996 35963 1757
35996 41393 1168
41397 41398 404
41404 41406 610
41404 41408 336
41412 41411 1009
41412 41420 139
41436 41437 517
46578 50329 74
46579 46574 253
46583 46575 159
46584 46593 168
46584 46595 505
46595 46584 505
46595 46606 1934
46610 46606 709
46610 46620 1719
46622 46664 476
46670 46665 928
46684 46669 238
46698 46691 871
46698 46742 747
46698 50559 2050
46714 46713 1252
46714 46722 279
46718 46710 1181
46722 46714 279
46722 46715 537
46717 46710 796
46463 46451 1436
46463 46452 848
46467 46404 709
127168 127164 276
127166 127160 2115
127166 127165 1010
127171 127160 537
127171 127173 476
127036 127035 1770
127039 127038 1087
127039 127068 2588
127105 126165 2153
127062 127059 885
127065 127059 1758
127065 127064 951
127068 127039 2588
127068 127060 1340
127071 127054 404
127071 127064 1323
127073 127156 1919
127100 127101 750
127100 127102 436
127112 127111 713
127112 132364 1392
127113 127111 276
127108 127107 1017
127183 127157 552
127148 127147 1145
127148 127149 1454
127277 127278 697
127277 127281 953
127317 127315 1344
46176 46172 4723
46200 45889 1224
126809 126800 421
126809 126808 677
126809 126815 856
126811 126806 1620
126811 126812 1200
126811 126823 605
126854 126826 2422
126854 126853 940
126831 126774 1341
126831 132584 3746
126837 126833 2871
126837 126835 1255
126838 126834 1546
126838 126840 650
126849 126840 1248
126849 127152 552
126849 127153 667
46173 46171 1503
46185 46175 1009
46185 46189 2085
46177 46172 810
46186 46159 1100
46186 46187 796
46247 46248 948
46418 46406 640
46410 46411 906
46412 46386 713
46412 46409 1260
46388 46387 2335
46189 46185 2085
46189 46187 796
46389 46390 195
46389 46391 940
46389 46392 511
46453 46451 889
127288 127287 610
127288 127294 2363
127294 127288 2363
127294 127298 874
127299 127298 1346
127487 127485 985
127631 127635 337
127323 127342 1017
127343 127295 1366
127343 127342 778
127653 127634 710
127653 127654 1467
127639 127636 276
127664 127665 2050
127794 127745 697
127794 127801 2050
127316 127296 1308
130316 130324 612
130326 130324 739
130326 130325 1534
130327 130325 739
127742 127748 879
127749 127737 1269
127749 127748 1868
127740 127744 613
127756 127616 872
127756 127733 672
127756 127757 1454
127760 127757 872
127776 127782 684
127758 127619 791
127758 127757 1344
127758 127767 1612
127767 127626 1229
127767 127758 1612
127768 127766 1814
127768 127772 202
127774 127773 811
129325 129318 2035
129325 129323 811
129325 129338 474
129342 129331 874
129342 129340 1621
129342 129343 673
129371 129370 1478
129371 129372 2393
129337 129336 1952
129337 129341 1501
129343 129341 1169
129343 129342 673
129583 129601 337
129583 129604 2511
129617 129618 475
129617 129669 879
129669 129617 879
129669 129673 879
129607 129604 1087
129607 129616 1485
129616 129607 1485
129616 129618 631
129616 129625 778
129678 129673 890
129678 129681 1447
129683 129681 874
129683 129684 1363
129683 129690 673
129689 129690 1534
129692 129690 808
129692 129691 1447
129692 129704 751
129705 129704 1534
129705 129709 941
129708 129709 1439
129708 129871 874
129873 129871 1503
129873 129876 1447
129873 129877 739
129876 129873 1447
129876 130324 738
121290 121287 1283
121290 121298 333
121290 121299 355
121294 121285 1075
121294 121287 3145
121294 121297 1285
121299 121290 355
121299 121298 404
121303 121304 581
121375 121376 811
121375 132578 81
121328 121325 1186
121326 121324 1439
121326 121325 2568
121326 121331 2002
121331 121326 2002
121331 121330 1341
70081 58015 391
70259 70258 789
70259 70260 1782
70270 70260 818
70270 70275 404
70275 70270 404
70275 70276 977
70280 70276 2618
70280 70276 2618
70455 79031 2451
78774 78775 1893
70284 70398 1114
70284 70404 337
69963 69959 1225
69964 69965 1111
70233 70234 891
70233 70235 935
70233 70236 422
69935 69924 684
69934 69924 747
69934 69941 452
69915 69912 1454
69915 69913 684
69915 69933 631
69931 69924 888
69931 69928 946
69931 69929 893
69949 69945 1796
69949 69947 844
69951 69945 601
69951 69957 452
69950 69947 1675
69950 69948 760
69936 69933 935
69936 69948 1565
76619 76620 722
69852 69850 2371
69856 69853 1792
69883 69882 2619
69899 69902 2454
129509 129506 874
129509 129516 1206
129509 129714 1346
129517 129515 977
129517 129516 1814
129515 129514 1950
129515 129517 977
129515 129518 1621
129519 129518 1764
129519 129538 1411
129720 129716 976
129721 129716 811
129721 129718 891
129718 129717 1881
129718 129719 837
129718 129721 891
129728 129719 890
129728 129732 445
129733 129633 984
129733 129732 1183
129784 129782 811
129784 129783 976
129785 129710 1364
129785 129783 808
129710 129704 941
129710 129709 1534
129710 129785 1364
129711 129709 739
129711 129871 1395
129711 129875 751
129875 129711 751
129875 129872 1447
129874 129872 811
129874 130325 1587
129538 129513 1587
129538 129519 1411
129538 129539 1147
129743 129543 752
129544 129543 1412
129544 129546 837
129756 129546 1276
129756 129547 752
121187 121183 2755
121187 121193 891
129570 129547 222
129570 129569 1284
121192 121190 2831
121192 121214 837
121292 121285 2338
121292 121293 1010
121373 121374 470
219698 218127 638
219698 218132 756
224033 218200 379
219387 219385 1748
219387 219420 504
224412 219385 819
224412 224413 411
219400 219410 640
219409 219389 548
219409 219418 188
219409 219420 203
218475 219051 1026
218475 219057 2898
224102 219072 772
224102 224104 566
219024 219023 1009
219045 219023 391
219045 219044 921
219047 219048 2841
219406 219048 1653
219406 219405 955
219406 219408 807
219396 219405 1575
219396 219411 2079
218702 218715 792
218681 218707 2824
218710 218712 722
218711 218712 2702
218711 218713 878
218711 218719 1400
218682 218290 496
218682 218720 256
218723 218722 447
218734 218729 3273
218734 218733 802
218734 218736 801
218871 218736 2428
218871 218873 867
218876 218873 996
218876 218904 871
218936 218939 893
218936 218941 1235
218937 218943 1274
218939 218936 893
218939 218942 1187
218939 218947 810
218940 218947 2000
218940 218948 791
218910 218909 1558
218910 218912 857
218912 218907 1727
218912 218910 857
218912 218920 776
218927 218920 1675
218927 218928 732
222150 222108 409
222150 222132 619
222150 222136 645
222150 222145 2514
219586 219576 451
219586 219580 391
224072 224073 676
224072 224083 68
218290 218291 913
218290 218682 496
218721 218720 825
218721 218725 1270
218721 218726 794
218747 218726 2352
218747 218748 717
218741 218740 1083
218741 218745 816
218741 218749 293
218740 218741 1083
218740 218742 2542
218754 221942 529
218754 221944 354
223075 223025 763
223084 223024 685
223074 223076 454
223074 223077 329
223089 223131 1326
223089 223132 1077
223124 223120 1619
223124 223127 761
223124 223143 1379
223135 223129 955
223135 223133 1382
223129 223132 1289
223129 223135 955
223115 223116 366
223119 223118 1468
223119 223121 2112
223119 223122 877
223120 223121 833
223120 223124 1619
150857 150855 633
150857 150859 2264
150859 150856 728
150859 150857 2264
151008 151012 782
151979 151010 520
150947 150943 973
150947 151011 254
151304 150856 197
151304 151472 100
149168 149169 837
149173 149174 2703
149173 151846 663
149023 149022 1792
149023 151846 2007
149284 149267 1080
149284 149285 1172
149284 149290 912
149290 149284 912
149290 149291 421
149295 149291 1238
149295 149296 798
149504 149516 608
149515 149516 667
149507 149288 1276
149507 149506 686
149507 149508 361
149511 149508 606
149511 149512 108
149511 149513 576
149523 149522 1406
149523 149525 351
149525 149523 351
149525 149524 264
146603 146599 406
146603 146604 634
146599 146600 962
146599 146603 406
151092 151012 2451
151092 151087 805
151103 151087 2387
151103 151111 485
151152 151110 1143
147364 147363 884
147364 151191 2355
147366 147363 2406
147366 147370 746
151190 151186 2506
151190 151191 619
151189 151184 1400
151189 151186 645
147377 147370 2322
147377 147376 790
147377 147380 2301
151179 151173 985
151179 151184 751
151171 151150 2373
151171 151173 852
151151 151110 2498
151151 151150 871
147380 147377 2301
147380 147395 791
147429 147395 2170
147429 147445 547
147445 147428 283
147445 147429 547
147445 147436 330
147436 147428 223
147436 147437 812
147436 147445 330
147438 147437 2130
147438 147439 791
147453 147439 2632
147453 147532 860
147453 147648 2114
147648 147453 2114
147648 147536 923
147651 147536 2322
147651 147656 746
147665 147656 2392
147665 147658 831
147658 147655 2366
147658 147657 768
147658 147665 831
147686 147657 2424
147686 147685 743
147689 147685 2369
147689 147693 805
147738 147723 288
147738 147739 1424
147944 147739 704
147944 147936 463
147949 147948 839
148900 148912 563
148912 148900 563
149156 149169 2461
212752 212762 739
212762 212752 739
150041 150042 2207
150070 150042 2382
150042 150041 2207
150042 150070 2382
150113 150123 1964
150123 150113 1964
162446 162448 796
162437 162434 610
171209 171211 2107
171211 171209 2107
168936 168942 818
168942 168936 818
168947 168959 1786
168959 168947 1786
162434 162437 610
168892 168891 169
162448 162446 796
168891 168892 169
154469 154468 1105
154468 154469 1105
154545 154550 2809
154550 154545 2809
155120 155121 1268
155121 155120 1268
155370 155369 1784
155369 155370 1784
158755 158756 1010
158756 158755 1010
158806 158805 1284
158805 158806 1284
160076 160074 951
160074 160076 951
172093 161097 667
161097 172093 667
213282 213331 956
213289 213293 1696
213293 213289 1696
213331 213282 956
159961 159959 796
159959 159961 796
170605 170606 1442
170606 170605 1442
172193 169684 1412
169674 169685 684
169685 169674 684
169684 172193 1412
94951 94952 1352
94952 94951 1352
95159 95171 1257
95171 95159 1257
94266 94271 889
94271 94266 889
97565 97586 1532
97586 97565 1532
98138 98164 708
98164 98138 708
93615 102015 652
102015 93615 652
191231 191104 747
191104 191231 747
36254 36273 796
109185 109202 1179
109202 109185 1179
44634 44636 789
44636 44634 789
39069 39353 574
39382 39353 161
39552 39551 342
39563 39551 470
35750 35770 782
35769 35770 354
35829 35828 1188
35834 35835 320
35834 35836 1323
35834 35845 610
35843 35836 848
35843 35841 252
35842 35841 924
35779 35777 878
35779 35778 2147
35779 37425 757
37426 37425 3412
37426 50357 199
37436 37423 403
50246 50245 2142
47350 35638 712
47350 47351 1022
47350 47351 1022
35613 35617 682
35621 35622 1055
36215 36219 904
36232 36219 818
36232 36233 2674
36233 36232 2674
36233 36236 818
36274 36273 2407
35657 35658 276
37429 37428 630
35848 35847 1293
35848 37430 373
35796 35798 3157
35813 35798 1161
35799 35838 1141
35799 35839 599
35838 35799 1141
35838 35839 848
35838 35854 1200
35845 35834 610
35845 35850 747
35851 35852 1225
35847 35848 1293
35847 35849 889
35859 35868 336
35859 35877 1344
35860 35877 336
35862 35863 2159
35869 35870 336
35976 35977 673
35978 35977 1086
35978 35979 673
35987 35977 1902
35973 35981 1725
35979 35978 673
35979 35981 2219
35990 35981 2555
35990 35989 1299
35990 37839 1763
37839 35990 1763
37839 37840 1484
37858 37865 1144
37867 37864 1186
37867 37865 1844
35963 35995 3200
35963 35996 1757
35993 35982 927
35993 35995 884
35994 35995 678
35998 35997 1209
35982 35993 927
35982 37855 2766
41393 35996 1168
41398 41397 404
41406 41404 610
41408 41404 336
41411 41412 1009
41420 41412 139
41437 41436 517
50329 46578 74
46574 46579 253
46575 46583 159
46593 46584 168
46606 46595 1934
46606 46610 709
46620 46610 1719
46620 46664 435
46664 46620 435
46664 46622 476
46665 46669 1428
46665 46670 928
46669 46665 1428
46669 46684 238
46691 46698 871
46742 46698 747
50559 46698 2050
46713 46710 855
46713 46714 1252
46710 46713 855
46710 46717 796
46710 46718 1181
46715 46722 537
46451 46453 889
46451 46463 1436
46452 46404 796
46452 46463 848
46404 46452 796
46404 46467 709
127164 127165 697
127164 127168 276
127160 127166 2115
127160 127171 537
127165 127164 697
127165 127166 1010
127173 127171 476
127035 127036 1770
127038 127039 1087
126165 127105 2153
127059 127062 885
127059 127065 1758
127064 127065 951
127064 127071 1323
127060 127068 1340
127054 127071 404
127156 127073 1919
127156 127157 871
127101 127100 750
127101 132364 1765
127102 127100 436
127111 127112 713
127111 127113 276
132364 127101 1765
132364 127112 1392
127107 127108 1017
127157 127156 871
127157 127183 552
127147 127148 1145
127149 127148 1454
127278 127277 697
127278 127287 1228
127281 127277 953
127281 127315 1182
127315 127281 1182
127315 127317 1344
46172 46171 951
46172 46176 4723
46172 46177 810
45889 46200 1224
126800 126809 421
126808 126809 677
126815 126809 856
126806 126811 1620
126812 126811 1200
126823 126811 605
126826 126854 2422
126853 126854 940
126774 126831 1341
132584 126831 3746
126833 126835 1617
126833 126837 2871
126835 126833 1617
126835 126834 738
126835 126837 1255
126834 126835 738
126834 126838 1546
126840 126838 650
126840 126849 1248
127152 126849 552
127152 127153 673
127153 126849 667
127153 127152 673
46171 46172 951
46171 46173 1503
46175 46185 1009
46159 46186 1100
46187 46186 796
46187 46189 796
46248 46247 948
46406 46411 2104
46406 46418 640
46411 46406 2104
46411 46409 885
46411 46410 906
46386 46387 1396
46386 46412 713
46409 46411 885
46409 46412 1260
46387 46386 1396
46387 46388 2335
46390 46389 195
46391 46389 940
46392 46389 511
127287 127278 1228
127287 127288 610
127298 127294 874
127298 127295 612
127298 127299 1346
127485 127487 985
127635 127631 337
127342 127296 1185
127342 127323 1017
127342 127343 778
127295 127298 612
127295 127343 1366
127634 127653 710
127654 127653 1467
127636 127639 276
127665 127664 2050
127745 127744 253
127745 127794 697
127801 127794 2050
127296 127316 1308
127296 127342 1185
130324 129876 738
130324 129877 1447
130324 130316 612
130324 130326 739
130325 129874 1587
130325 129877 811
130325 130326 1534
130325 130327 739
127748 127742 879
127748 127749 1868
127737 127749 1269
127744 127740 613
127744 127745 253
127616 127756 872
127733 127756 672
127757 127756 1454
127757 127758 1344
127757 127760 872
127782 127776 684
127619 127626 782
127619 127758 791
127626 127619 782
127626 127766 610
127626 127767 1229
127766 127626 610
127766 127768 1814
127772 127768 202
127772 127773 1958
127773 127772 1958
127773 127774 811
129318 129325 2035
129323 129325 811
129338 129325 474
129338 129336 606
129331 129342 874
129340 129342 1621
129370 129371 1478
129372 129371 2393
129336 129337 1952
129336 129338 606
129341 129337 1501
129341 129343 1169
129601 129583 337
129604 129583 2511
129604 129607 1087
129618 129616 631
129618 129617 475
129618 129625 811
129673 129669 879
129673 129678 890
129625 129616 778
129625 129618 811
129681 129678 1447
129681 129683 874
129684 129683 1363
129690 129683 673
129690 129689 1534
129690 129692 808
129691 129692 1447
129691 129782 976
129691 129783 811
129704 129692 751
129704 129705 1534
129704 129710 941
129704 129783 1395
129709 129705 941
129709 129708 1439
129709 129710 1534
129709 129711 739
129871 129708 874
129871 129711 1395
129871 129872 811
129871 129873 1503
129877 129872 1587
129877 129873 739
129877 130324 1447
129877 130325 811
121287 121290 1283
121287 121294 3145
121298 121290 333
121298 121299 404
121285 121292 2338
121285 121294 1075
121297 121294 1285
121304 121303 581
121304 121325 782
121376 121375 811
132578 121375 81
121325 121304 782
121325 121326 2568
121325 121328 1186
121324 121326 1439
121324 121330 2347
121330 121324 2347
121330 121331 1341
58015 70081 391
70258 70259 789
70260 70259 1782
70260 70270 818
70276 70275 977
70276 70280 2618
70276 70280 2618
79031 70455 2451
78775 78774 1893
70398 70284 1114
70398 70404 951
70404 70284 337
70404 70398 951
69959 69963 1225
69965 69964 1111
70234 70233 891
70235 70233 935
70236 70233 422
69924 69931 888
69924 69934 747
69924 69935 684
69941 69934 452
69912 69915 1454
69913 69915 684
69913 69929 452
69933 69915 631
69933 69936 935
69928 69931 946
69929 69913 452
69929 69931 893
69945 69949 1796
69945 69951 601
69947 69949 844
69947 69950 1675
69957 69951 452
69948 69936 1565
69948 69950 760
76620 76619 722
69850 69852 2371
69853 69856 1792
69882 69883 2619
69902 69899 2454
129506 129509 874
129516 129509 1206
129516 129517 1814
129714 129509 1346
129514 129515 1950
129518 129513 1561
129518 129515 1621
129518 129519 1764
129716 129720 976
129716 129721 811
129717 129718 1881
129719 129718 837
129719 129728 890
129732 129728 445
129732 129733 1183
129633 129733 984
129782 129691 976
129782 129784 811
129783 129691 811
129783 129704 1395
129783 129784 976
129783 129785 808
129872 129871 811
129872 129874 811
129872 129875 1447
129872 129877 1587
129513 129518 1561
129513 129538 1587
129539 129538 1147
129543 129544 1412
129543 129743 752
129546 129544 837
129546 129756 1276
129547 129570 222
129547 129756 752
121183 121187 2755
121193 121187 891
129569 129570 1284
121190 121192 2831
121214 121192 837
121293 121292 1010
121374 121373 470
218127 218132 648
218127 219698 638
218132 218127 648
218132 219698 756
218200 224033 379
219385 219387 1748
219385 224412 819
219420 219387 504
219420 219389 401
219420 219409 203
224413 224412 411
219410 219400 640
219410 219411 282
219389 219409 548
219389 219420 401
219418 219409 188
219051 218475 1026
219057 218475 2898
219072 224102 772
224104 224102 566
219023 219024 1009
219023 219045 391
219044 219045 921
219048 219047 2841
219048 219406 1653
219405 219396 1575
219405 219406 955
219408 219406 807
219411 219396 2079
219411 219410 282
218715 218702 792
218707 218681 2824
218707 218720 536
218712 218710 722
218712 218711 2702
218712 218733 1050
218713 218711 878
218713 218729 807
218713 218733 3125
218719 218711 1400
218720 218682 256
218720 218707 536
218720 218721 825
218722 218723 447
218722 218733 806
218729 218713 807
218729 218734 3273
218733 218712 1050
218733 218713 3125
218733 218722 806
218733 218734 802
218736 218734 801
218736 218871 2428
218873 218871 867
218873 218876 996
218904 218876 871
218904 218909 809
218941 218936 1235
218943 218937 1274
218942 218939 1187
218947 218939 810
218947 218940 2000
218948 218940 791
218909 218904 809
218909 218907 824
218909 218910 1558
218907 218909 824
218907 218912 1727
218920 218912 776
218920 218927 1675
218928 218927 732
222108 222150 409
222132 222150 619
222136 222150 645
222145 222150 2514
219576 219586 451
219580 219586 391
224073 224072 676
224083 224072 68
218291 218290 913
218725 218721 1270
218726 218721 794
218726 218747 2352
218748 218745 731
218748 218747 717
218745 218741 816
218745 218748 731
218749 218741 293
218742 218740 2542
221942 218754 529
221944 218754 354
223025 223024 1589
223025 223075 763
223024 223025 1589
223024 223084 685
223076 223074 454
223077 223074 329
223131 223089 1326
223132 223089 1077
223132 223129 1289
223132 223133 1076
223127 223121 1608
223127 223124 761
223143 223124 1379
223133 223132 1076
223133 223135 1382
223116 223115 366
223118 223119 1468
223121 223119 2112
223121 223120 833
223121 223127 1608
223122 223119 877
150855 150856 2316
150855 150857 633
150856 150855 2316
150856 150859 728
150856 151304 197
151012 151008 782
151012 151010 1761
151012 151092 2451
151010 151011 937
151010 151012 1761
151010 151979 520
150943 150947 973
151011 150947 254
151011 151010 937
151472 151304 100
149169 149156 2461
149169 149168 837
149174 149173 2703
151846 149023 2007
151846 149173 663
149022 149023 1792
149267 149284 1080
149285 149284 1172
149291 149290 421
149291 149295 1238
149296 149295 798
149296 149506 313
149516 149504 608
149516 149515 667
149288 149507 1276
149506 149296 313
149506 149507 686
149508 149507 361
149508 149511 606
149512 149511 108
149512 149522 293
149513 149511 576
149522 149512 293
149522 149523 1406
149524 149525 264
146604 146603 634
146600 146599 962
151087 151092 805
151087 151103 2387
151111 151103 485
151110 151151 2498
151110 151152 1143
147363 147364 884
147363 147366 2406
151191 147364 2355
151191 151190 619
147370 147366 746
147370 147377 2322
151186 151189 645
151186 151190 2506
151184 151179 751
151184 151189 1400
147376 147377 790
147376 147395 2327
151173 151171 852
151173 151179 985
151150 151151 871
151150 151171 2373
147395 147376 2327
147395 147380 791
147395 147429 2170
147428 147436 223
147428 147445 283
147437 147436 812
147437 147438 2130
147439 147438 791
147439 147453 2632
147532 147453 860
147532 147536 2093
147536 147532 2093
147536 147648 923
147536 147651 2322
147656 147651 746
147656 147655 833
147656 147665 2392
147655 147656 833
147655 147658 2366
147657 147658 768
147657 147686 2424
147685 147686 743
147685 147689 2369
147693 147689 805
147693 147723 2413
147723 147693 2413
147723 147738 288
147739 147738 1424
147739 147944 704
147936 147944 463
147948 147949 839
930
39353
39551
35770
35828
35835
35836
35841
35777
35778
37425
50357
37423
50245
47351
35638
35617
35622
36219
36236
36273
35658
37428
37430
35798
35839
35850
35852
35854
35849
35877
35863
35870
35868
35977
35981
35989
37840
37865
37864
35995
35997
37855
35996
41397
41404
41412
41436
46578
46579
46583
46584
46595
46610
46622
46670
46684
46698
46714
46718
46722
46717
46463
46467
127168
127166
127171
127036
127039
127105
127062
127065
127068
127071
127073
127100
127112
127113
127108
127183
127148
127277
127317
46176
46200
126809
126811
126854
126831
126837
126838
126849
46173
46185
46177
46186
46247
46418
46410
46412
46388
46189
46389
46453
127288
127294
127299
127487
127631
127323
127343
127653
127639
127664
127794
127316
130316
130326
130327
127742
127749
127740
127756
127760
127776
127758
127767
127768
127774
129325
129342
129371
129337
129343
129583
129617
129669
129607
129616
129678
129683
129689
129692
129705
129708
129873
129876
121290
121294
121299
121303
121375
121328
121326
121331
70081
70259
70270
70275
70280
70455
78774
70284
69963
69964
70233
69935
69934
69915
69931
69949
69951
69950
69936
76619
69852
69856
69883
69899
129509
129517
129515
129519
129720
129721
129718
129728
129733
129784
129785
129710
129711
129875
129874
129538
129743
129544
129756
121187
129570
121192
121292
121373
219698
224033
219387
224412
219400
219409
218475
224102
219024
219045
219047
219406
219396
218702
218681
218710
218711
218682
218723
218734
218871
218876
218936
218937
218939
218940
218910
218912
218927
222150
219586
224072
218290
218721
218747
218741
218740
218754
223075
223084
223074
223089
223124
223135
223129
223115
223119
223120
150857
150859
151008
151979
150947
151304
149168
149173
149023
149284
149290
149295
149504
149515
149507
149511
149523
149525
146603
146599
151092
151103
151152
147364
147366
151190
151189
147377
151179
151171
151151
147380
147429
147445
147436
147438
147453
147648
147651
147665
147658
147686
147689
147738
147944
147949
148859
148863
148885
148893
148897
148900
148912
148954
148960
148911
148961
148974
148977
149015
149156
212709
212712
212753
212754
212759
212760
212752
212818
196153
212762
196154
212768
212823
212769
150041
150070
150140
150145
150042
150162
150168
150171
150172
150113
150090
150123
150239
150215
150243
150246
150248
150256
150275
151918
198795
204984
204986
205048
204979
154016
153898
153899
154033
162444
162446
154165
162437
162439
168395
170745
170746
171207
170748
171209
171275
171211
168940
168941
171278
168936
168942
168947
162412
168965
168962
168959
162423
162427
154176
162430
154156
162434
168892
162448
168891
154038
154139
154145
154137
154120
154114
154344
154363
154450
154466
154469
154468
154535
154991
155086
154538
154539
154545
154550
155093
155150
155118
155120
155121
155163
155370
155369
159733
159736
159747
159745
155469
157775
157801
158010
159976
158709
158714
158020
158025
158002
158000
178484
178130
178489
178442
178456
178460
158715
158721
158755
158756
172137
158806
158805
158981
172351
158999
159026
159047
160076
160074
159106
160075
172093
161097
161273
161275
213161
213178
213179
213196
213282
213289
213274
213293
213204
213205
213359
213335
213338
213331
162196
159961
162221
162297
159959
162296
169644
169626
169622
169620
169664
169677
169668
170524
170521
170074
170572
170597
170605
170633
170635
170606
170571
170695
170703
170567
170708
172193
169674
169685
169684
94818
95118
94865
95143
94875
94901
94951
94952
95209
95527
94998
95000
95076
101750
95153
95159
95171
95174
95181
95130
95134
95140
94909
94905
94913
94922
94266
94271
94287
94304
94314
49983
49987
50066
97478
97443
97568
97565
97586
97575
98129
97631
97627
98138
98177
98179
98163
98164
98210
93328
93615
94630
102015
93449
93448
93463
93468
93510
93513
93518
94959
98555
98641
98154
98191
98264
98272
98268
98300
98301
97645
98313
98560
191460
191219
191140
118505
118495
191100
191231
190998
191005
191104
194418
118626
118632
108953
108946
108950
50079
109024
108971
109020
109022
49802
109178
109114
109118
109134
109130
109132
36039
36042
35557
35560
35602
35604
35609
35550
36201
36203
36249
36254
109182
109210
109185
109202
35520
49919
50188
44167
44151
44154
44172
44566
44565
44567
44531
44554
44542
44537
44591
44589
35763
50538
44607
44610
44634
44636
39069
39382
39552
35750
35769
35829
35834
35843
37436
35613
35621
36215
36232
36233
35657
35848
35796
35813
35799
35838
35851
35847
35859
35860
35862
35869
35976
35978
35973
35979
35990
37839
37858
35963
35993
35994
35982
41393
41398
41406
41408
41411
41420
50329
46574
46575
46593
46606
46620
46664
46665
46669
46691
46742
46713
46710
46715
46451
46452
46404
127164
127160
127165
127035
127038
126165
127059
127064
127060
127054
127156
127102
127111
127157
127147
127149
127278
127281
127315
45889
126800
126808
126815
126806
126826
126853
126774
126833
126834
126840
127152
127153
46171
46175
46159
46187
46406
46386
46409
46387
46390
46391
46392
127287
127485
127635
127295
127634
127636
127665
127296
127748
127737
127616
127733
127757
127619
127626
127766
127772
127773
129318
129323
129331
129340
129370
129372
129336
129341
129601
129604
129618
129673
129625
129681
129684
129690
129691
121287
121298
121285
121304
121325
121324
121330
58015
70258
70260
78775
70398
70404
69959
69965
70234
69924
69912
69913
69933
69928
69929
69945
69947
69957
69948
69850
69853
69882
69902
129506
129516
129714
129514
129518
129716
129717
129719
129732
129633
129782
129513
129539
129543
129546
129547
121193
129569
121190
121214
218127
218132
218200
219385
219389
219051
219057
219072
224104
219023
219044
219048
219405
219408
219411
218715
218707
218719
218722
218729
218736
218873
218904
218941
218943
218942
218947
218948
218909
218907
218920
218928
222108
222132
222136
222145
219576
219580
224073
224083
218725
218726
218748
218745
218742
221942
221944
223025
223024
223077
223131
223132
223127
223143
223133
223121
223122
150855
150856
151012
150943
151011
151472
149169
149174
151846
149022
149267
149285
149291
149296
149516
149288
149506
149508
149513
149522
149524
151087
151111
151110
147363
151191
147370
151186
151184
147376
151173
151150
147395
147428
147437
147439
147532
147536
147656
147655
147657
147685
147693
147723
147739
147936
147948
