1030
30813 34208 824
30671 30672 873
30671 30698 1352
30819 30698 1915
30819 30820 159
29512 29513 656
29514 29504 175
29514 29513 970
29524 29522 353
31739 31740 1105
31746 31748 1095
31753 31754 904
31755 31760 609
7038 31784 966
7038 35218 209
7038 35219 317
31761 31759 911
31761 31760 884
31782 31759 944
31782 31764 1665
31782 31784 833
31809 31791 650
31810 31818 1558
31830 31827 1080
31830 31831 782
31832 31818 834
31837 34922 1379
32884 32886 557
32905 32902 201
32903 32900 1437
32903 32902 222
32907 32908 1347
32907 32925 1150
32907 32974 2969
32974 32907 2969
32974 32926 1681
32974 32978 1268
32992 32997 905
32992 33000 763
33139 33138 1594
33003 32998 1717
33003 32999 770
33134 33130 1920
33134 33133 264
33004 32998 770
33004 33038 1104
33004 33138 883
33142 33129 1110
33142 33130 1027
33144 33132 762
33144 33158 1402
33155 33149 1023
33155 33156 2205
33160 33158 718
33160 33159 611
33208 33209 2008
33208 33210 1777
33210 33208 1777
33210 33212 1344
33213 33214 1532
33213 33215 1072
33218 33215 871
33218 33220 1085
33218 33221 2015
33436 33435 252
33436 33442 1219
33438 33245 1006
33438 33439 1298
33253 33251 1340
33253 33445 1006
33253 33446 1028
33439 33250 737
33439 33438 1298
33448 33445 1160
16937 16938 1818
33664 16938 847
33664 33665 924
33450 33451 2239
33450 33452 1483
33451 33450 2239
33451 33631 1256
33451 33645 1454
34851 33646 225
33643 33642 950
33643 33653 1457
33661 34849 3475
33675 33676 1014
33675 33680 1453
33680 33675 1453
33680 33681 1530
33668 16938 1576
33668 33670 434
16959 16960 847
16959 33670 1376
16960 16959 847
16960 16961 3139
16995 16990 787
16995 16993 1809
16996 16997 839
16996 16998 2044
16983 16976 452
16992 16978 562
17058 17063 1904
17030 17029 344
17066 17062 884
17066 17067 950
17085 17072 1188
17102 17103 2929
17102 17104 788
17120 17122 708
17120 17125 713
17122 17120 708
17122 17163 903
17173 17167 750
17173 17175 1671
17175 17173 1671
17175 17185 354
17722 17191 1014
17722 17723 1675
17724 17730 818
17588 17747 2043
17588 17750 950
17746 17747 452
16997 16996 839
16997 17028 1719
17484 17485 818
17710 17714 788
17710 17984 826
17210 17211 2614
17210 17654 679
17653 17654 3220
17653 17655 713
17711 17977 1610
17711 17984 610
17275 17230 1415
17275 17282 713
17275 17283 818
17292 17291 1220
17292 17299 475
17292 17310 1120
17315 17312 946
17315 17736 1712
17732 17735 903
17802 17765 903
17802 17804 924
17804 17802 924
17804 17803 788
17822 17785 708
17822 17803 1978
17786 17781 1901
17786 17783 869
17786 17791 1398
17823 17785 1219
17831 17791 2141
17831 17792 708
17831 17917 1031
17920 17918 788
17920 17921 1873
17925 17921 681
17885 17874 504
17885 17876 336
17887 17888 434
17904 17905 580
17900 17901 826
17907 17911 551
17867 17865 1055
17867 17884 1064
18288 18283 598
18160 18159 1967
18160 18161 223
18160 18202 243
18209 18202 838
18215 18191 1964
18215 18214 1188
18215 18274 2558
18218 18201 1522
18218 18216 818
18230 18282 1293
18230 18283 708
18275 18274 1139
18234 18232 1181
18234 18233 713
18286 18287 598
6516 6515 2268
6516 18303 354
6517 18294 606
18305 18309 750
18305 18312 713
18295 18263 847
18309 18305 750
18309 18311 818
18309 18315 1385
18310 18531 1635
18310 34742 2458
18563 18565 884
18563 18567 1416
18564 18547 2445
18747 18584 1532
18747 18750 2590
18752 18808 982
18752 18809 354
18679 18665 676
18681 18678 426
18682 18683 1222
18682 18684 1719
18803 18817 344
18796 18797 425
18796 18800 750
18821 18818 629
18820 18818 2005
18820 18819 788
18832 18831 818
18832 18976 3153
18832 18987 847
18999 18987 770
18983 18970 403
18983 18971 1762
18971 18969 1026
18971 18979 1786
18971 18983 1762
18978 18965 750
18989 18987 818
25339 25336 847
25339 25345 818
25350 25336 1496
25350 25356 1304
25345 25338 788
25345 25339 818
25290 25287 1496
25290 25289 950
25333 25255 1770
25333 25287 847
25333 25335 1031
25295 25289 1930
25295 25294 1031
25295 25298 681
25302 18970 1454
25302 25293 1142
25335 25333 1031
25335 25336 905
25340 25334 1055
25340 25342 435
25344 25338 1055
25373 25372 334
25373 25378 535
25408 25409 676
25408 25411 649
26723 26678 1079
26723 26686 2613
26723 26722 1205
26692 26291 1073
26692 26296 1393
26692 26694 2180
26695 26296 1274
26695 26697 1167
26694 26683 336
26694 26692 2180
26679 26670 605
26679 26683 2180
26688 26686 1073
26300 26299 1274
26300 26301 1672
26300 26697 1623
26320 26318 1811
26320 26319 1307
26320 26321 1205
26324 26321 2432
26324 26330 1307
26381 26380 927
26381 26382 1610
26319 26238 2482
26319 26320 1307
26237 26229 1299
26237 26238 1140
26237 27393 176
26287 26243 1209
26287 26289 1205
26301 26290 1409
26301 26300 1672
26380 26331 2081
26380 26381 927
26380 26383 1152
26385 26384 751
26385 26388 1345
26390 26389 476
26428 26418 1274
26428 26427 836
26439 26427 1283
26439 26436 889
26440 26436 2750
26440 26438 747
26513 26511 738
26513 26512 1494
26334 26332 202
26334 26337 1085
29168 29112 939
29168 29125 2404
29168 29169 2139
29168 29170 1543
26413 29178 202
26340 29113 354
26416 26417 947
26416 26419 1411
26418 26426 976
26418 26428 1274
26415 26306 202
26415 26417 1769
26338 26326 276
26338 26328 806
26328 26327 2204
26328 26338 806
26377 26331 873
26377 26383 1836
26362 26386 713
26362 26387 1209
26379 26384 1254
26379 26388 806
26383 26377 1836
26383 26380 1152
26383 26384 581
26387 26362 1209
26387 26389 2814
26521 26512 581
26521 34354 2232
26519 26516 1073
26519 26524 848
27371 27369 1362
27371 27370 939
27373 27367 476
56756 56758 95
56756 56759 1057
56758 56756 95
56758 56757 1953
29421 29402 1206
29421 29420 807
29421 29420 807
29421 53360 1967
29427 29423 373
29427 29428 1227
53361 53360 1080
53361 53362 1022
53189 53174 873
53189 53190 1115
53189 53239 976
53240 53239 1275
53240 53244 418
53179 53176 873
53179 53180 1623
53186 53183 279
53188 53185 807
53178 53176 2370
53178 53177 738
53178 53351 1394
53366 53352 836
53358 53355 1610
53358 53357 884
53393 53392 984
54957 54956 452
54976 54977 1181
54976 54981 373
55557 54983 452
55560 54983 1811
55560 55564 511
55560 55585 2956
55584 55585 884
55584 55586 1614
55587 55586 697
55587 55645 139
55588 55589 1282
55636 55589 1067
55636 55641 537
53396 53395 2939
53661 53659 3773
53669 53670 688
53734 53738 1225
53734 53739 1074
53737 53738 475
53737 53742 1615
141202 141204 685
141221 141204 913
141221 151878 330
141255 141257 828
141255 141261 2088
141260 141261 935
141189 141235 139
141234 141226 169
141234 141235 1035
141224 141226 925
141224 141227 1104
141224 141229 466
151878 141206 840
151878 141221 330
151878 141227 151
141254 141256 946
141254 141257 1613
195366 195384 2870
195331 195328 536
195339 195330 2626
195339 195338 988
195368 195373 2682
195370 195372 843
195370 195416 1099
195386 195385 1240
195386 195415 417
195385 195384 3036
195385 195386 1240
195385 195387 665
141256 141254 946
141256 141258 1217
141266 141258 756
141266 141265 1627
141268 141262 1234
141268 141265 502
141268 141267 275
141276 141267 1437
141276 141278 743
141283 141284 759
144186 141284 1516
140916 140917 840
140917 140916 840
140976 140972 975
140972 140976 975
140972 141196 1224
141196 140972 1224
141200 141204 902
186281 186282 755
186536 186539 851
186539 186536 851
186713 186718 230
186718 186713 230
186864 186856 794
186786 186857 626
186856 186864 794
186857 186786 626
140722 140724 778
140724 140722 778
140738 140736 352
140736 140738 352
55650 55641 1074
55900 55901 1449
55901 55900 1449
189812 189813 1136
189812 189819 735
189813 189812 1136
186282 186281 755
190244 190247 649
190247 190244 649
189819 189812 735
189819 189863 1156
190226 190216 262
189863 189819 1156
190216 190226 262
195395 195384 956
195395 195397 1681
195397 195395 1681
196166 196218 363
196218 196166 363
196035 196032 163
196032 196035 163
202756 202799 1134
202799 202756 1134
203235 203242 1975
203242 203235 1975
205732 205727 2042
205727 205732 2042
196550 196562 1172
196562 196550 1172
205787 205789 465
205945 205946 1496
205789 205787 465
205933 205932 1951
205932 205933 1951
205946 205945 1496
206729 206741 779
206741 206729 779
206758 206903 867
206903 206758 867
206970 206972 698
206972 206970 698
206990 206992 683
206992 206990 683
209298 209331 750
209258 209265 833
209331 209298 750
209337 209336 833
209336 209337 833
180245 180243 751
180234 180243 870
180243 180234 870
180243 180245 751
181244 181242 1225
181242 181244 1225
181575 181639 947
181639 181575 947
184473 184479 1823
184470 184537 747
184537 184470 747
184398 184396 709
184531 184530 1848
184556 184555 552
184530 184531 1848
184396 184398 709
184555 184556 552
184640 184659 848
184659 184640 848
184479 184473 1823
183034 183177 782
183177 183034 782
183172 183171 1055
183171 183172 1055
182862 182869 1022
182869 182862 1022
183610 183608 1227
183608 183610 1227
183788 178785 669
178785 183788 669
183047 183051 905
183051 183047 905
183322 183284 2028
183284 183322 2028
210420 210423 346
210423 210420 346
209265 209258 833
209520 209521 763
209521 209520 763
210141 210111 709
210111 210141 709
210154 210160 395
210160 210154 395
210194 210210 1011
210210 210194 1011
162820 162827 355
162827 162820 355
163091 163090 276
163090 163091 276
162852 162856 879
162898 162897 2981
162856 162852 879
162897 162898 2981
179203 179205 2213
179205 179203 2213
179274 179273 1227
179342 179210 1505
179210 179342 1505
179129 179273 893
179273 179129 893
179273 179274 1227
115559 116074 591
116074 115559 591
193157 193158 869
193158 193157 869
34208 30813 824
30672 30671 873
30698 30671 1352
30698 30819 1915
30820 30819 159
29513 29512 656
29513 29514 970
29504 29514 175
29522 29524 353
31740 31739 1105
31740 31748 458
31748 31740 458
31748 31746 1095
31754 31753 904
31754 31759 904
31754 31760 872
31760 31754 872
31760 31755 609
31760 31761 884
31784 7038 966
31784 31782 833
35218 7038 209
35219 7038 317
31759 31754 904
31759 31761 911
31759 31782 944
31764 31782 1665
31791 31809 650
31818 31810 1558
31818 31827 1793
31818 31832 834
31827 31818 1793
31827 31830 1080
31831 31830 782
34922 31837 1379
32886 32884 557
32902 32903 222
32902 32905 201
32900 32903 1437
32900 32908 1208
32908 32900 1208
32908 32907 1347
32925 32907 1150
32925 32926 2272
32926 32925 2272
32926 32974 1681
32978 32974 1268
32997 32992 905
33000 32992 763
33138 33004 883
33138 33139 1594
32998 33003 1717
32998 33004 770
32999 33003 770
32999 33133 1449
33130 33134 1920
33130 33142 1027
33133 32999 1449
33133 33134 264
33038 33004 1104
33129 33142 1110
33132 33144 762
33158 33144 1402
33158 33160 718
33149 33155 1023
33156 33155 2205
33159 33160 611
33209 33208 2008
33212 33210 1344
33212 33214 983
33214 33212 983
33214 33213 1532
33215 33213 1072
33215 33218 871
33220 33218 1085
33221 33218 2015
33435 33436 252
33442 33436 1219
33245 33438 1006
33251 33253 1340
33445 33253 1006
33445 33448 1160
33446 33253 1028
33250 33439 737
16938 16937 1818
16938 33664 847
16938 33668 1576
33665 33664 924
33452 33450 1483
33452 33631 1395
33631 33451 1256
33631 33452 1395
33645 33451 1454
33645 33646 1000
33646 33645 1000
33646 34851 225
33642 33643 950
33653 33643 1457
34849 33661 3475
33676 33675 1014
33676 33681 1682
33681 33676 1682
33681 33680 1530
33670 16959 1376
33670 33668 434
16961 16960 3139
16961 16976 1560
16990 16995 787
16993 16995 1809
16993 16998 1114
16998 16993 1114
16998 16996 2044
16998 17028 903
16976 16961 1560
16976 16983 452
16978 16992 562
17063 17058 1904
17063 17062 206
17029 17028 1031
17029 17030 344
17062 17063 206
17062 17066 884
17067 17066 950
17072 17085 1188
17103 17102 2929
17104 17102 788
17125 17120 713
17163 17122 903
17167 17173 750
17185 17175 354
17191 17722 1014
17723 17722 1675
17730 17724 818
17747 17588 2043
17747 17746 452
17750 17588 950
17028 16997 1719
17028 16998 903
17028 17029 1031
17485 17484 818
17714 17710 788
17984 17710 826
17984 17711 610
17211 17210 2614
17654 17210 679
17654 17653 3220
17655 17653 713
17655 17977 924
17977 17655 924
17977 17711 1610
17230 17275 1415
17282 17275 713
17283 17275 818
17291 17292 1220
17299 17292 475
17310 17292 1120
17310 17312 551
17312 17310 551
17312 17315 946
17736 17315 1712
17735 17732 903
17765 17802 903
17765 17803 1483
17803 17765 1483
17803 17804 788
17803 17822 1978
17785 17822 708
17785 17823 1219
17781 17786 1901
17783 17786 869
17791 17786 1398
17791 17792 2005
17791 17831 2141
17792 17791 2005
17792 17831 708
17917 17831 1031
17918 17920 788
17921 17920 1873
17921 17925 681
17874 17884 940
17874 17885 504
17876 17885 336
17888 17887 434
17905 17904 580
17901 17900 826
17911 17907 551
17865 17867 1055
17884 17867 1064
17884 17874 940
18283 18230 708
18283 18288 598
18159 18160 1967
18161 18160 223
18202 18160 243
18202 18209 838
18191 18215 1964
18191 18216 475
18214 18215 1188
18274 18215 2558
18274 18275 1139
18201 18218 1522
18216 18191 475
18216 18218 818
18282 18230 1293
18232 18233 1626
18232 18234 1181
18233 18232 1626
18233 18234 713
18287 18286 598
6515 6516 2268
18303 6516 354
18303 18312 1770
18294 6517 606
18294 18263 475
18312 18303 1770
18312 18305 713
18312 18311 708
18263 18294 475
18263 18295 847
18311 18309 818
18311 18312 708
18315 18309 1385
18531 18310 1635
34742 18310 2458
18565 18563 884
18567 18563 1416
18547 18564 2445
18584 18747 1532
18750 18747 2590
18750 18808 452
18808 18750 452
18808 18752 982
18809 18752 354
18665 18679 676
18678 18681 426
18683 18682 1222
18684 18682 1719
18684 18817 788
18817 18684 788
18817 18803 344
18817 18818 1848
18797 18796 425
18800 18796 750
18818 18817 1848
18818 18820 2005
18818 18821 629
18819 18820 788
18831 18832 818
18976 18832 3153
18987 18832 847
18987 18989 818
18987 18999 770
18970 18969 1719
18970 18983 403
18970 25302 1454
18969 18970 1719
18969 18971 1026
18979 18965 1142
18979 18971 1786
18965 18978 750
18965 18979 1142
25336 25335 905
25336 25339 847
25336 25350 1496
25356 25350 1304
25338 25342 551
25338 25344 1055
25338 25345 788
25287 25290 1496
25287 25333 847
25289 25290 950
25289 25295 1930
25255 25333 1770
25294 25295 1031
25298 25295 681
25293 25302 1142
25334 25340 1055
25342 25338 551
25342 25340 435
25372 25373 334
25372 25378 211
25378 25372 211
25378 25373 535
25409 25408 676
25411 25408 649
26678 26723 1079
26686 26688 1073
26686 26723 2613
26722 26723 1205
26291 26692 1073
26296 26692 1393
26296 26695 1274
26697 26300 1623
26697 26695 1167
26683 26679 2180
26683 26694 336
26670 26679 605
26299 26290 1640
26299 26300 1274
26318 26238 1483
26318 26320 1811
26321 26320 1205
26321 26324 2432
26330 26324 1307
26330 26331 2079
26382 26381 1610
26238 26237 1140
26238 26318 1483
26238 26319 2482
26229 26237 1299
27393 26237 176
26243 26287 1209
26289 26287 1205
26289 26290 939
26290 26289 939
26290 26299 1640
26290 26301 1409
26331 26330 2079
26331 26377 873
26331 26380 2081
26384 26379 1254
26384 26383 581
26384 26385 751
26388 26379 806
26388 26385 1345
26388 26389 418
26389 26387 2814
26389 26388 418
26389 26390 476
26427 26426 1281
26427 26428 836
26427 26439 1283
26436 26439 889
26436 26440 2750
26438 26440 747
26511 26513 738
26512 26513 1494
26512 26521 581
26332 26334 202
26337 26334 1085
29112 29168 939
29125 29168 2404
29169 29168 2139
29170 29168 1543
29170 29178 878
29178 26413 202
29178 29170 878
29113 26340 354
26417 26415 1769
26417 26416 947
26419 26416 1411
26419 26426 873
26426 26418 976
26426 26419 873
26426 26427 1281
26306 26415 202
26326 26338 276
26327 26328 2204
26386 26362 713
34354 26521 2232
26516 26519 1073
26524 26519 848
27369 27371 1362
27370 27371 939
27367 27373 476
56759 56756 1057
56757 56758 1953
29402 29421 1206
29402 29423 952
29420 29421 807
29420 29421 807
53360 29421 1967
53360 53361 1080
29423 29402 952
29423 29427 373
29428 29427 1227
53362 53357 884
53362 53361 1022
53174 53189 873
53190 53189 1115
53239 53189 976
53239 53240 1275
53244 53240 418
53176 53178 2370
53176 53179 873
53180 53179 1623
53180 53183 807
53183 53180 807
53183 53185 612
53183 53186 279
53185 53183 612
53185 53188 807
53177 53178 738
53351 53178 1394
53351 53352 807
53352 53351 807
53352 53355 836
53352 53366 836
53355 53352 836
53355 53358 1610
53357 53358 884
53357 53362 884
53392 53393 984
54956 54957 452
54977 54976 1181
54981 54976 373
54981 54983 1354
54983 54981 1354
54983 55557 452
54983 55560 1811
55564 55560 511
55585 55560 2956
55585 55584 884
55586 55584 1614
55586 55587 697
55645 55587 139
55589 55588 1282
55589 55636 1067
55641 55636 537
55641 55650 1074
53395 53396 2939
53659 53661 3773
53670 53669 688
53738 53734 1225
53738 53737 475
53739 53734 1074
53742 53737 1615
141204 141200 902
141204 141202 685
141204 141206 262
141204 141221 913
141257 141254 1613
141257 141255 828
141257 141258 787
141257 141265 1575
141261 141255 2088
141261 141260 935
141261 141262 302
141261 141265 1001
141235 141189 139
141235 141234 1035
141235 141262 1569
141226 141224 925
141226 141234 169
141227 141224 1104
141227 151878 151
141229 141224 466
141206 141204 262
141206 151878 840
195384 195366 2870
195384 195385 3036
195384 195395 956
195328 195330 1054
195328 195331 536
195330 195328 1054
195330 195339 2626
195338 195339 988
195373 195368 2682
195372 195370 843
195416 195370 1099
195416 195415 787
195415 195386 417
195415 195416 787
195387 195385 665
141258 141256 1217
141258 141257 787
141258 141266 756
141265 141257 1575
141265 141261 1001
141265 141266 1627
141265 141268 502
141262 141235 1569
141262 141261 302
141262 141268 1234
141267 141268 275
141267 141276 1437
141278 141276 743
141284 141283 759
141284 144186 1516
934
30813
30671
30819
29512
29514
29524
31739
31746
31753
31755
7038
31761
31782
31809
31810
31830
31832
31837
32884
32905
32903
32907
32974
32992
33139
33003
33134
33004
33142
33144
33155
33160
33208
33210
33213
33218
33436
33438
33253
33439
33448
16937
33664
33450
33451
34851
33643
33661
33675
33680
33668
16959
16960
16995
16996
16983
16992
17058
17030
17066
17085
17102
17120
17122
17173
17175
17722
17724
17588
17746
16997
17484
17710
17210
17653
17711
17275
17292
17315
17732
17802
17804
17822
17786
17823
17831
17920
17925
17885
17887
17904
17900
17907
17867
18288
18160
18209
18215
18218
18230
18275
18234
18286
6516
6517
18305
18295
18309
18310
18563
18564
18747
18752
18679
18681
18682
18803
18796
18821
18820
18832
18999
18983
18971
18978
18989
25339
25350
25345
25290
25333
25295
25302
25335
25340
25344
25373
25408
26723
26692
26695
26694
26679
26688
26300
26320
26324
26381
26319
26237
26287
26301
26380
26385
26390
26428
26439
26440
26513
26334
29168
26413
26340
26416
26418
26415
26338
26328
26377
26362
26379
26383
26387
26521
26519
27371
27373
56756
56758
29421
29427
53361
53189
53240
53179
53186
53188
53178
53366
53358
53393
54957
54976
55557
55560
55584
55587
55588
55636
53396
53661
53669
53734
53737
141202
141221
141255
141260
141189
141234
141224
151878
141254
195366
195331
195339
195368
195370
195386
195385
141256
141266
141268
141276
141283
144186
151857
140877
140878
140914
140900
140902
140916
140917
140954
140975
140976
140972
141196
141200
141199
186281
186292
186535
186536
186539
186199
186566
186197
186544
186555
186557
186680
186681
186686
186707
186713
186718
186723
186728
186736
186883
186864
186868
186879
186786
186856
186857
186870
186885
140645
140688
140691
140705
140722
140724
140738
140575
140579
140547
140678
140676
140677
140733
140736
55650
55651
55673
55821
55900
55901
189812
189813
186282
189720
190244
190247
189819
190226
189863
190216
195395
195397
195398
195399
196162
196163
196166
195857
195874
195876
196218
196217
195870
196027
196035
196032
196049
196056
202573
202754
202756
202799
202818
202819
202815
202816
203235
203242
203254
203306
203481
203482
203530
203531
203545
203546
203322
203323
203278
205732
205727
205790
214938
205801
197158
202550
196045
196061
196062
196447
196459
196468
214883
215133
196482
196531
215122
196537
196550
196562
196566
196571
196572
197137
197156
205985
205993
206013
206660
206661
205787
205945
202445
205789
205933
205932
205946
206639
206727
206730
206731
206729
206741
206745
206747
206758
206903
206911
206922
206973
206970
206972
206990
206991
206985
206992
206994
209271
209272
209278
209289
209292
209298
209305
209258
209347
209331
209337
209336
180198
180214
180246
180245
180228
180234
180243
180210
180883
180886
180892
180950
180901
180921
179314
180910
180918
180940
181112
181227
181244
181148
181141
181144
181242
181483
181495
181512
181541
181556
181567
181580
181575
181639
181637
184473
184470
184475
184537
184477
184502
184490
184469
184393
184398
184383
179583
184522
184524
184531
184556
184530
184396
184555
163074
163083
163080
163097
163125
163109
183100
183114
183117
183139
183127
184617
184638
184666
184623
184658
184640
184659
184642
184685
184479
184505
184508
184519
184650
184653
184648
185730
183111
183157
183034
183177
183145
183172
183156
183171
183148
183174
181732
181739
181745
181709
181712
182671
182759
180852
181603
185805
181611
181682
181686
181684
182659
181693
181649
181673
181679
181658
181701
182041
182059
182046
182695
182825
182842
182841
182844
182835
182860
182862
182869
180331
182863
182882
183495
183480
183679
183629
183632
183717
183645
174040
174028
183469
183484
183999
184012
174065
174063
174038
183295
183311
183735
183738
183740
183610
183745
183746
183608
183788
178785
183047
183051
183238
183243
183304
183307
183319
183322
183284
163069
163249
210419
210420
210423
210424
210403
210404
209265
209515
214830
209520
209521
209543
209601
209609
209611
209624
209658
210141
210140
210111
210154
210160
210189
210218
210193
210194
210210
210213
162686
162814
162820
162827
162850
162553
163091
163090
162876
162890
162852
162898
162899
162856
162897
162901
196007
210508
210488
210489
210506
178699
179203
179205
179274
179342
179210
179129
179273
179133
179309
179316
115374
115559
116074
113860
106462
106286
106289
106416
32368
32373
32379
32439
35005
114765
114068
114070
114674
114727
114544
194111
193093
193088
193109
193147
193148
193135
193157
192889
193153
193158
193180
193190
193214
193215
190965
193240
193236
192179
192196
192209
192146
192263
192157
35142
35145
29459
29501
29509
29515
30831
30828
30840
30838
30853
30876
30878
31766
32667
32660
30345
30384
30412
30773
30539
21416
30806
32501
32504
30800
34540
34208
30698
30820
29513
29504
29522
31740
31748
31754
31784
31759
31764
31791
31827
32886
32900
32908
32925
32926
32978
32997
32998
32999
33130
33133
33129
33132
33158
33149
33156
33159
33212
33214
33215
33220
33221
33435
33245
33251
33445
33250
33665
33452
33631
33645
33646
33642
33653
34849
33676
33681
33670
16961
16990
16993
16976
16978
17063
17062
17072
17103
17104
17125
17167
17185
17191
17723
17730
17747
17750
17714
17984
17654
17655
17977
17230
17282
17283
17291
17299
17310
17312
17736
17735
17765
17803
17785
17781
17783
17791
17792
17918
17921
17874
17876
17905
17865
18283
18159
18161
18202
18191
18214
18274
18201
18216
18282
18232
18233
18287
6515
18303
18294
18312
18263
18311
18531
18565
18547
18584
18750
18808
18809
18665
18678
18684
18800
18818
18819
18831
18976
18987
18969
18965
25336
25338
25287
25289
25255
25294
25293
25334
25342
25372
25378
25409
26678
26686
26722
26291
26296
26697
26683
26670
26299
26318
26321
26330
26229
26243
26289
26427
26436
26438
26511
26512
26332
26337
29112
29125
29169
29170
29113
26417
26419
26306
26326
26327
26516
27369
27370
27367
29402
29420
53360
29423
53362
53174
53239
53244
53176
53180
53177
53351
53355
53357
53392
54956
54981
54983
55564
55585
55586
55645
55589
55641
53395
53659
53670
53738
53739
53742
141235
141226
141227
141229
141206
195384
195328
195373
195372
195416
195415
195387
141262
141267
141278
141284
