1762
11875 11707 387
11875 24990 1180
11875 24992 818
25186 24993 1585
25186 24995 1454
25186 24995 1454
25234 25217 1268
25234 25221 672
25237 24078 830
35294 35293 2513
35294 35295 2355
35294 35296 361
188149 188156 2710
188157 188156 721
188157 188179 786
188157 188207 2750
188175 188177 755
188175 188188 2676
188186 188188 797
188120 188124 827
188120 188127 1006
188126 188127 917
188126 188151 793
188125 188124 1469
188125 188131 712
188150 188151 802
188150 188153 2760
188154 188153 859
188154 188156 884
188154 188166 2751
187609 187610 2081
187609 187617 843
187623 187622 1668
187623 187633 853
187623 187673 1559
187621 187622 827
187621 187670 1609
187668 187670 788
187610 187609 2081
187610 187618 817
188377 188381 795
188377 188391 695
188390 188388 629
188390 188391 837
188382 188381 1550
188382 188392 717
188392 188368 1456
188392 188382 717
188395 188367 1512
188395 188443 865
188388 188390 629
188388 188394 784
188388 188414 1354
188399 188402 859
188399 188413 1363
188412 188413 834
188412 188414 819
188412 188418 2770
188400 188402 1430
188400 188403 731
188405 188403 1584
188405 188406 827
187289 187287 1331
187289 187288 828
187289 188370 760
190146 188524 294
190146 190145 1645
190800 186838 4788
188221 188188 3170
188221 188219 802
188341 188340 593
188341 188344 876
188310 188219 1526
188310 188309 826
188310 188321 1577
188320 188321 860
188320 188325 1553
188344 188325 786
188344 188341 876
135249 135245 1494
135249 135250 537
135251 135250 1357
135251 135253 1299
135251 135254 878
135253 135251 1299
135253 135286 1029
135282 135286 1014
135282 135287 889
135282 135289 1903
135295 135344 475
135295 135347 697
135295 135351 677
135343 135289 947
135343 139634 933
188339 188340 641
135276 135275 354
135276 135278 1702
135277 135278 810
135277 135298 1853
135297 135298 788
135297 135344 403
135297 135345 551
135344 135295 475
135344 135297 403
135344 135346 2378
135245 135249 1494
135245 135303 650
135245 135307 629
135301 135303 517
135214 135212 1810
135214 135216 1612
135302 135305 715
135302 135317 846
135302 135320 323
135210 135218 847
135212 135213 983
135212 135214 1810
135212 135218 2148
135426 135412 947
135413 135412 905
135413 135414 747
135413 135431 1417
135431 135413 1417
135431 135430 818
135431 135435 1654
135432 135435 688
135432 135484 905
135491 135493 738
135491 135510 905
135484 135432 905
135484 135483 610
135484 135492 629
135489 135492 889
135489 135493 1131
135514 135510 951
135514 135516 1979
135523 135516 870
135523 135522 951
135523 136247 629
136245 136253 2110
136254 136253 951
136254 136256 905
136254 136261 1305
136263 136261 1268
136263 136265 1731
136265 132633 878
136265 136263 1731
136265 136312 2667
136265 136314 841
136314 136265 841
136314 136315 1669
136324 136315 1394
136326 136351 2003
136326 136370 939
136594 136597 765
136594 136607 2028
136606 136607 789
136606 136609 1810
136566 136555 848
136566 136577 2044
136579 136577 765
136579 136581 1810
136608 136581 765
136608 136609 789
136608 136613 2028
136595 136596 1724
136595 136597 2044
136596 136595 1724
136596 136603 475
136596 136604 612
136371 136351 873
136371 136357 1085
136376 136354 1888
136376 136357 951
136376 136377 1055
136377 136356 1809
136377 136376 1055
136367 136356 713
136367 136363 2163
136368 136365 1143
136678 136663 925
136678 136677 476
136678 136681 276
136678 136684 806
136705 136703 878
136705 136706 1791
136716 136721 941
135645 135642 3427
135645 135644 848
136364 136360 873
136364 136363 905
136364 136365 605
139588 139631 677
139555 136397 309
136398 136397 788
136398 136399 951
136405 136399 836
136405 136407 1829
136550 136407 697
136550 136570 905
136554 136555 2028
136604 136596 612
136604 136603 252
136622 136620 789
136627 136624 1821
136627 136625 889
136626 136625 1618
139639 138689 1184
138595 138689 2032
139745 139747 752
139745 139750 465
139745 139751 443
139746 139749 412
139747 139745 752
139747 139748 380
199329 199328 364
199329 199330 471
199333 199331 784
199333 199352 390
199355 199357 623
199350 199349 239
199350 199357 930
199700 199703 1036
199700 214765 1047
199702 199701 779
199702 199703 1878
199713 194731 328
199713 199714 364
199713 199715 3140
214970 214969 187
199764 199765 1380
199764 199770 709
199767 199766 689
199767 214589 492
199732 199737 755
199736 199737 1164
199743 199737 827
199743 199742 802
199743 199770 1151
199742 199743 802
199742 199772 1193
199757 199772 709
199757 199785 2106
199786 199788 808
199786 199789 1692
199787 199789 772
199787 199861 2378
199838 199839 1038
199838 199849 1852
199839 199838 1038
199839 199850 1927
199858 199850 1168
199858 199859 955
199858 199900 1393
199854 199876 342
199854 199877 2825
199818 199821 1099
199822 199825 986
199848 199849 915
199848 199892 2000
135539 135809 366
139378 139379 551
139347 139346 164
139347 139386 878
139381 139379 354
139381 139387 380
139381 139389 878
139385 139346 74
139385 139388 139
200459 194825 285
200459 195964 968
200459 200588 1046
139498 139483 581
139498 139499 1771
225241 225226 2897
225241 225242 2120
225252 225237 740
225252 225253 1425
225824 225825 3132
225824 234932 597
225464 225463 17322
225201 225088 2858
225201 234261 11199
225207 225204 817
225207 225208 1254
225210 225218 2215
225210 225219 1667
225220 225216 900
225220 225224 889
225226 225239 1978
225226 225241 2897
225128 225127 1438
225089 225085 2038
225089 235064 3385
225096 234573 7165
225144 225115 3685
225144 225117 1565
225154 225163 1590
225826 225821 816
225826 225827 2769
235248 225829 2696
225828 225829 600
225828 225832 804
225948 225941 5680
235007 235006 1448
235007 235010 1569
225173 225170 4033
225182 225165 2892
225182 225168 971
227698 227706 1522
227698 227717 3939
225283 225286 24
227717 227698 3939
227717 234475 1641
227423 227424 2326
227423 227729 1447
227731 227730 3780
227731 227737 2901
227751 227752 335
227751 227752 335
227764 227746 796
227764 227765 1029
228026 228027 377
228026 228031 702
227766 227746 2187
227766 235477 1775
228072 228073 672
227230 227231 459
233655 235583 126
233655 235584 1441
228062 228081 39
228080 228081 333
228022 228021 1045
228022 228035 1356
228067 228035 1758
228067 228066 2446
231599 227893 92
235142 227894 887
235142 234825 441
227665 227664 1084
227665 227671 2439
227645 227646 483
227645 227647 228
227673 227671 893
227673 227674 753
227678 227643 1747
227678 227679 983
227958 227956 785
227958 227959 562
227957 227877 568
227957 227897 610
233993 233958 9099
234166 234164 1872
234166 234802 2522
226841 226823 1466
226841 226840 3193
234152 234136 1780
234152 234153 433
234529 234148 2109
234529 234534 1152
226855 226853 4192
226855 234563 422
226951 234557 1519
226951 235596 2270
226861 227043 3461
226861 227063 3029
226954 226955 1344
226954 234561 687
226994 226993 3572
226994 226996 2355
226995 226997 1532
226995 226998 847
226990 226992 1221
226990 234517 1591
227115 227140 1818
227154 227149 1478
227154 227150 3445
227199 227155 2901
227199 227204 4914
227202 227200 1139
227202 227203 796
227192 227193 1360
227192 227195 452
227011 227012 259
227011 227016 1172
227215 227225 1572
227188 227189 637
227188 228237 1899
227259 227260 2126
227259 227261 3340
228256 228257 1062
227489 227486 3560
227489 227491 817
227519 227520 1004
227519 227521 1094
227525 227529 1248
227527 227521 1559
227527 227528 586
228231 228232 1029
228231 228233 1740
228234 228233 1340
227642 227640 1334
227642 227643 1310
235234 227629 1559
227271 227267 3934
227271 227268 1881
228258 228257 2111
228258 228260 2166
227278 6722 1753
6795 6801 351
6795 6802 1554
6829 6830 1086
6829 6833 3756
6833 6827 661
6833 6829 3756
6840 6839 499
7634 7621 2390
7661 7660 1731
7667 7668 1727
7667 7669 387
7698 7697 931
7698 7699 990
7704 7787 493
7704 7788 4817
7706 7833 263
7706 7834 4512
7686 7687 1560
7686 7688 1340
7688 7680 2214
7688 7686 1340
226071 226070 761
226071 226073 817
226132 226133 1004
226132 226134 785
226078 226076 502
226078 226080 747
226081 226051 3092
226049 226046 1620
226049 226053 2791
226053 226049 2791
226053 226099 435
225937 225938 548
225937 226094 812
234833 234834 227
235041 235040 370
235041 235045 141
225769 225765 334
225767 225766 1000
225767 225768 1225
225798 225764 1256
225798 225791 2672
225792 225790 1297
225792 225797 1267
225793 225783 3517
225793 225795 3604
225806 226402 1259
225754 225668 580
226072 225667 535
226073 226067 749
226073 226071 817
226421 226419 580
226421 226422 843
14538 14557 673
14538 15911 968
14562 14975 229
34695 34696 2402
7867 7765 1906
7867 8006 1782
7870 7869 635
7870 7872 2051
7872 7870 2051
7872 8214 1288
8274 8233 3010
8274 8271 1070
8376 8278 440
8329 8322 1496
8329 8327 2576
8329 16729 1382
8291 8292 1233
8291 8328 701
8292 8289 978
8292 8291 1233
8327 8328 206
8327 8329 2576
8774 8763 737
8774 8780 887
8780 8761 1602
8780 8774 887
8712 8701 1072
8712 8714 426
34771 34770 204
8504 34624 1136
8753 8723 1550
8753 8754 941
8753 8759 732
8717 8715 57
8717 10890 2039
8723 8724 937
8723 8753 1550
16679 8724 1523
16679 11152 209
8758 8759 786
8758 8763 945
8770 8756 934
8770 8771 2105
8782 8785 935
9481 9487 698
9481 9488 1088
9500 8804 1025
9500 9499 395
9500 9503 1387
9501 9488 496
9501 9499 1535
9505 9503 1124
9505 9509 1297
9488 9481 1088
9488 9485 644
9488 9501 496
9446 9450 222
9512 16335 515
16340 16361 1146
16340 16403 1911
33493 16403 357
33493 16455 737
16363 16409 233
16410 16408 1624
16410 16409 1397
16415 16411 1132
16415 16425 2499
16448 16441 917
16448 16445 2333
16457 16456 1029
16457 16460 1169
16648 16646 1095
16745 16653 718
16759 16786 444
16765 16681 247
16765 16764 907
16775 16688 760
16775 16691 886
16775 16773 872
16781 16777 707
16780 16778 969
16780 16779 1019
16789 16779 944
16789 16791 358
9782 9778 1283
9782 9783 943
9782 35071 1863
11328 11327 1959
11328 11339 825
11229 11228 1169
11229 11233 936
11327 11233 864
11327 11328 1959
11327 32606 456
11360 9034 2171
11448 11444 847
11448 11446 1336
11451 11450 610
11507 11508 2203
11507 11509 782
11303 11297 688
11303 11298 1428
11306 11292 764
11469 11467 905
11469 11468 516
11473 11475 667
11473 11494 1175
11314 22458 1934
11314 22462 498
22460 22458 713
11568 11569 420
22548 22543 847
22548 22549 1681
11571 11580 1097
11571 11581 778
11492 11490 672
11494 11473 1175
11494 11495 778
11499 11495 1431
11447 11442 420
11447 11445 4793
11447 11467 1004
11453 11452 2216
11453 11456 1222
11456 11453 1222
11456 11454 818
11489 11490 562
11462 11454 764
11462 11461 893
11509 11461 1934
11509 11507 782
11585 11583 275
11585 11586 667
11586 11585 667
11586 11589 1683
11601 11589 889
11601 11603 672
11601 22528 1259
11602 11603 1427
11602 11604 778
11608 11606 1225
11608 11609 869
11608 35411 137
11611 11609 1114
11611 11613 580
11611 22569 846
11612 11613 869
11612 11614 818
22590 22536 336
22590 22538 1457
22590 22582 1398
22593 22582 788
22593 22594 1260
22593 22595 667
22594 22593 1260
22594 22599 667
22565 22540 1786
22565 22541 756
22566 22563 1114
22566 22571 847
22538 22537 1000
22538 22541 681
22538 22590 1457
22605 22599 924
22605 22647 681
22647 22605 681
22647 22651 238
11614 11612 818
11614 11615 588
22602 22601 681
22602 22604 1556
22603 22601 1891
22603 22615 252
22635 22617 847
22635 22639 782
22640 22639 516
22640 22642 672
22656 14324 141
22946 22934 2876
22946 22967 983
22950 22935 2925
22950 22951 983
23038 23034 1124
23038 23051 2637
23265 23268 818
23265 23269 629
23269 23265 629
23269 23268 649
23282 23283 1160
23282 23285 746
23302 23284 597
23302 23308 2083
11965 11966 418
23308 23302 2083
23308 23304 522
23324 23321 750
23324 23336 2005
23324 23338 1530
23337 23336 826
23317 23316 672
23313 23287 1151
23313 23291 2879
23322 23059 336
23322 23061 1025
23322 23319 2035
23327 23058 2430
23327 23063 713
23359 23063 2302
23359 23356 747
23377 23376 629
23365 23376 1293
23360 23087 1032
23360 23361 452
23369 23361 504
23369 23370 275
23374 23372 435
23374 23390 2348
23391 23390 826
23391 23439 950
23391 23440 826
23440 23391 826
23440 23441 1055
23440 23442 708
23442 23440 708
23442 23446 950
23448 23434 629
23448 23437 1299
23454 23460 924
23469 23471 708
23469 23474 1120
23470 12282 1102
23470 23478 1004
12284 12277 279
12284 23475 2068
7469 35310 273
7469 35311 312
7483 7484 88
7483 24361 326
7476 7439 440
7476 7647 282
28456 28455 645
28456 28468 847
28456 28472 1274
28367 28363 1161
28367 28365 604
28367 28366 2216
28369 28366 1026
28369 28447 778
28481 28450 812
24163 24161 1585
24163 24162 872
24172 24161 806
24172 24238 1811
24239 24236 1482
24239 24238 418
24242 24109 1513
24242 24247 354
24208 24212 2142
24247 24242 354
24247 24246 418
24249 24246 2404
14387 24802 853
23504 23551 577
23504 23551 577
23546 23557 435
24039 24038 1483
24039 24040 1140
24134 24048 1951
24134 24133 737
24137 24066 2554
24137 24136 877
24141 24066 473
24064 24057 1341
24064 24066 884
24064 24067 590
24069 24059 806
24069 24070 1762
24071 24070 737
24071 24074 1951
24075 24074 737
24075 24092 806
24076 24092 1811
24076 24160 806
24076 35419 870
24162 24160 1672
24162 24163 872
24288 23495 758
24295 24297 481
24300 24284 884
24300 24298 1337
24545 24537 649
24545 24547 336
24365 24367 676
24365 24368 1022
24379 24381 1031
24380 24385 1268
24367 24365 676
24367 24369 474
24589 24550 2240
24589 24591 454
24548 24540 747
24548 24547 676
24615 24384 1063
24973 24974 924
24973 24975 878
24977 24975 1700
24987 24991 983
24987 24992 1055
24987 24993 1560
24988 24991 1014
24988 24994 676
24994 24988 676
24994 25042 1028
25040 25041 2007
25044 25041 708
25044 25042 2559
25216 25215 1120
25216 25218 661
25217 25218 491
25217 25234 1268
11707 11478 1467
11707 11483 874
11707 11875 387
11707 25175 431
24990 11875 1180
24990 24975 708
24990 25175 1484
24992 11875 818
24992 24987 1055
24992 24993 1026
24993 24987 1560
24993 24991 1161
24993 24992 1026
24993 25186 1585
24995 24991 1224
24995 25042 975
24995 25186 1454
24995 25186 1454
25221 25215 751
25221 25233 847
25221 25234 672
24078 24079 211
24078 24199 1322
24078 25227 211
24078 25237 830
35293 35294 2513
35295 35294 2355
35296 35294 361
188156 188149 2710
188156 188154 884
188156 188157 721
188156 188209 2743
188179 188157 786
188179 188177 875
188179 188208 2735
188207 188157 2750
188207 188208 736
188207 188209 787
188207 188220 3089
188177 188175 755
188177 188178 1174
188177 188179 875
188177 188217 2762
188188 188175 2676
188188 188186 797
188188 188217 835
188188 188221 3170
188124 188120 827
188124 188125 1469
188124 188129 715
188124 188134 1371
188127 188120 1006
188127 188126 917
188127 188135 701
188127 188152 386
188151 188126 793
188151 188150 802
188151 188152 753
188151 188155 2743
188131 188125 712
188131 188129 1429
188131 188130 810
188153 188150 2760
188153 188154 859
188153 188155 810
188153 188165 2727
188166 188154 2751
188166 188165 893
188166 188209 859
188166 188210 3064
187617 187609 843
187617 187618 2033
187617 187619 786
187617 187627 2743
187622 187621 827
187622 187623 1668
187622 187674 1682
187633 187623 853
187633 187627 769
187633 187632 1640
187673 187623 1559
187673 187632 809
187673 187674 1715
187670 187621 1609
187670 187668 788
187670 187674 769
187618 187610 817
187618 187617 2033
187618 187620 865
187618 190143 852
188381 188368 801
188381 188377 795
188381 188382 1550
188381 188393 1399
188391 188377 695
188391 188390 837
188391 188394 686
188368 188366 1396
188368 188367 778
188368 188381 801
188368 188392 1456
188367 188365 1380
188367 188368 778
188367 188395 1512
188367 188442 780
188443 188395 865
188443 188441 989
188443 188442 1690
188394 188388 784
188394 188391 686
188394 188393 867
188394 188415 1342
188414 188388 1354
188414 188412 819
188414 188415 875
188402 188399 859
188402 188400 1430
188413 188399 1363
188413 188412 834
188418 188412 2770
188403 188400 731
188403 188405 1584
188406 188405 827
187287 187289 1331
187288 187289 828
188370 187289 760
188370 188524 900
188524 188370 900
188524 190146 294
190145 190146 1645
186838 190800 4788
188219 188217 3112
188219 188221 802
188219 188310 1526
188340 188339 641
188340 188341 593
188309 188310 826
188321 188310 1577
188321 188320 860
188325 188320 1553
188325 188344 786
135250 135249 537
135250 135251 1357
135254 135251 878
135254 135286 1631
135286 135253 1029
135286 135254 1631
135286 135282 1014
135286 135287 537
135287 135282 889
135287 135286 537
135289 135282 1903
135289 135343 947
135347 135295 697
135351 135295 677
139634 135343 933
135275 135276 354
135278 135276 1702
135278 135277 810
135298 135277 1853
135298 135297 788
135345 135297 551
135346 135344 2378
135303 135245 650
135303 135301 517
135307 135245 629
135216 135214 1612
135216 135317 788
135305 135302 715
135317 135216 788
135317 135302 846
135320 135302 323
135218 135210 847
135218 135212 2148
135218 135213 1768
135213 135212 983
135213 135218 1768
135412 135413 905
135412 135426 947
135414 135413 747
135414 135430 1534
135430 135414 1534
135430 135431 818
135435 135431 1654
135435 135432 688
135435 135483 789
135493 135489 1131
135493 135491 738
135510 135491 905
135510 135514 951
135483 135435 789
135483 135484 610
135492 135484 629
135492 135489 889
135516 135514 1979
135516 135523 870
135522 135523 951
136247 135523 629
136253 136245 2110
136253 136254 951
136256 136254 905
136261 136254 1305
136261 136263 1268
132633 136265 878
136312 136265 2667
136312 136315 1362
136312 136370 612
136315 136312 1362
136315 136314 1669
136315 136324 1394
136351 136326 2003
136351 136371 873
136370 136312 612
136370 136326 939
136597 136594 765
136597 136595 2044
136597 136603 870
136607 136594 2028
136607 136606 789
136609 136606 1810
136609 136608 789
136555 136554 2028
136555 136566 848
136577 136566 2044
136577 136579 765
136581 136579 1810
136581 136608 765
136613 136608 2028
136603 136596 475
136603 136597 870
136603 136604 252
136603 136620 2126
136357 136371 1085
136357 136376 951
136354 136356 1085
136354 136376 1888
136356 136354 1085
136356 136367 713
136356 136377 1809
136363 136364 905
136363 136365 873
136363 136367 2163
136365 136363 873
136365 136364 605
136365 136368 1143
136663 136677 551
136663 136678 925
136677 136663 551
136677 136678 476
136681 136678 276
136684 136678 806
136703 136705 878
136706 136705 1791
136721 136716 941
135642 135645 3427
135644 135645 848
135644 136360 2429
136360 135644 2429
136360 136364 873
139631 139588 677
136397 136398 788
136397 139555 309
136399 136398 951
136399 136405 836
136407 136405 1829
136407 136550 697
136407 136570 677
136570 136407 677
136570 136550 905
136620 136603 2126
136620 136622 789
136620 136624 1161
136624 136620 1161
136624 136627 1821
136625 136626 1618
136625 136627 889
138689 138595 2032
138689 139639 1184
139750 139745 465
139751 139745 443
139749 139746 412
139748 139747 380
199328 199329 364
199330 199329 471
199330 199331 1393
199331 199330 1393
199331 199333 784
199352 199333 390
199357 199350 930
199357 199355 623
199349 199350 239
199703 199700 1036
199703 199702 1878
214765 199700 1047
199701 199702 779
194731 199713 328
199714 199713 364
199715 199713 3140
214969 214970 187
199765 199764 1380
199770 199743 1151
199770 199764 709
199770 199772 867
199766 199767 689
214589 199767 492
199737 199732 755
199737 199736 1164
199737 199743 827
199772 199742 1193
199772 199757 709
199772 199770 867
199772 199785 1973
199785 199757 2106
199785 199772 1973
199788 199786 808
199789 199786 1692
199789 199787 772
199861 199787 2378
199861 199876 772
199849 199838 1852
199849 199848 915
199849 199850 1041
199850 199839 1927
199850 199849 1041
199850 199858 1168
199859 199858 955
199900 199858 1393
199876 199854 342
199876 199861 772
199877 199854 2825
199821 199818 1099
199821 199825 1558
199825 199821 1558
199825 199822 986
199825 199892 1230
199892 199825 1230
199892 199848 2000
135809 135539 366
139379 139378 551
139379 139381 354
139346 139347 164
139346 139385 74
139386 139347 878
139387 139381 380
139389 139381 878
139389 139388 279
139388 139385 139
139388 139389 279
194825 200459 285
195964 200459 968
200588 200459 1046
139483 139498 581
139499 139498 1771
225242 225241 2120
225237 225252 740
225253 225252 1425
225825 225824 3132
234932 225824 597
225463 225464 17322
225088 225085 2170
225088 225201 2858
234261 225201 11199
225204 225207 817
225204 225218 1489
225208 225207 1254
225218 225204 1489
225218 225210 2215
225218 225216 352
225219 225210 1667
225216 225218 352
225216 225220 900
225224 225220 889
225239 225226 1978
225127 225128 1438
225085 225088 2170
225085 225089 2038
235064 225089 3385
234573 225096 7165
225115 225117 3707
225115 225144 3685
225117 225115 3707
225117 225144 1565
225163 225154 1590
225163 225168 2428
225821 225826 816
225827 225826 2769
225827 225829 652
225829 225827 652
225829 225828 600
225829 235248 2696
225832 225828 804
225941 225948 5680
235006 235007 1448
235010 235007 1569
225170 225173 4033
225165 225182 2892
225168 225163 2428
225168 225182 971
227706 227698 1522
225286 225283 24
234475 227717 1641
227424 227423 2326
227729 227423 1447
227730 227731 3780
227737 227731 2901
227752 227751 335
227752 227751 335
227746 227764 796
227746 227766 2187
227765 227764 1029
228027 228026 377
228027 228066 1382
228031 228021 661
228031 228026 702
228031 228035 1344
235477 227766 1775
228073 228072 672
227231 227230 459
235583 233655 126
235584 233655 1441
228081 228062 39
228081 228080 333
228021 228022 1045
228021 228031 661
228035 228022 1356
228035 228031 1344
228035 228067 1758
228066 228027 1382
228066 228067 2446
227893 227894 247
227893 231599 92
227894 227893 247
227894 235142 887
234825 235142 441
227664 227665 1084
227671 227665 2439
227671 227673 893
227646 227645 483
227647 227640 1366
227647 227645 228
227674 227673 753
227643 227642 1310
227643 227678 1747
227679 227678 983
227956 227958 785
227959 227958 562
227877 227957 568
227897 227957 610
233958 233993 9099
234164 234166 1872
234802 234166 2522
226823 226841 1466
226840 226841 3193
226840 226853 4845
234136 234152 1780
234153 234152 433
234148 234529 2109
234534 234529 1152
226853 226840 4845
226853 226855 4192
234563 226855 422
234557 226951 1519
235596 226951 2270
227043 226861 3461
227063 226861 3029
226955 226954 1344
234561 226954 687
226993 226994 3572
226996 226994 2355
226997 226995 1532
226998 226995 847
226992 226990 1221
234517 226990 1591
227140 227115 1818
227149 227154 1478
227150 227154 3445
227155 227199 2901
227204 227199 4914
227200 227202 1139
227203 227202 796
227193 227192 1360
227195 227192 452
227012 227011 259
227016 227011 1172
227016 227486 2246
227225 227215 1572
227189 227188 637
228237 227188 1899
227260 227259 2126
227260 227261 2328
227261 227259 3340
227261 227260 2328
227261 227267 1065
228257 228256 1062
228257 228258 2111
227486 227016 2246
227486 227489 3560
227491 227489 817
227520 227519 1004
227521 227519 1094
227521 227527 1559
227529 227525 1248
227529 228233 1014
227528 227527 586
228232 228231 1029
228233 227529 1014
228233 228231 1740
228233 228234 1340
227640 227642 1334
227640 227647 1366
227629 235234 1559
227267 227261 1065
227267 227268 3019
227267 227271 3934
227268 227267 3019
227268 227271 1881
228260 228258 2166
6722 227278 1753
6801 6795 351
6802 6795 1554
6830 6829 1086
6827 6833 661
6827 6839 314
6839 6827 314
6839 6840 499
7621 7634 2390
7660 7661 1731
7668 7667 1727
7669 7667 387
7697 7698 931
7699 7698 990
7787 7704 493
7788 7704 4817
7833 7706 263
7834 7706 4512
7687 7686 1560
7680 7688 2214
226070 226071 761
226133 226132 1004
226134 226132 785
226076 226078 502
226080 226078 747
226051 226081 3092
226046 226049 1620
226099 226053 435
225938 225937 548
226094 225937 812
234834 234833 227
234834 235040 541
235040 234834 541
235040 235041 370
235045 235041 141
225765 225769 334
225766 225767 1000
225768 225767 1225
225764 225791 1611
225764 225798 1256
225791 225764 1611
225791 225798 2672
225790 225792 1297
225797 225792 1267
225783 225793 3517
225795 225793 3604
226402 225806 1259
225668 225754 580
225667 226072 535
226067 226073 749
226419 226421 580
226422 226421 843
14557 14538 673
15911 14538 968
14975 14562 229
34696 34695 2402
7765 7867 1906
8006 7867 1782
7869 7870 635
8214 7872 1288
8233 8274 3010
8271 8274 1070
8278 8376 440
8322 8329 1496
16729 8329 1382
8328 8291 701
8328 8327 206
8289 8292 978
8763 8758 945
8763 8774 737
8761 8780 1602
8701 8712 1072
8714 8712 426
8714 8715 457
34770 34771 204
34624 8504 1136
8754 8753 941
8759 8753 732
8759 8758 786
8715 8714 457
8715 8717 57
10890 8717 2039
10890 11152 1459
8724 8723 937
8724 16679 1523
11152 10890 1459
11152 16679 209
8756 8770 934
8771 8770 2105
8785 8782 935
8785 9487 2741
9487 8785 2741
9487 9481 698
8804 9500 1025
9499 9500 395
9499 9501 1535
9503 9500 1387
9503 9505 1124
9509 9505 1297
9485 9488 644
9450 9446 222
16335 9512 515
16361 16340 1146
16361 16455 1981
16403 16340 1911
16403 33493 357
16455 16361 1981
16455 33493 737
16409 16363 233
16409 16408 540
16409 16410 1397
16408 16409 540
16408 16410 1624
16411 16415 1132
16425 16415 2499
16441 16448 917
16445 16448 2333
16456 16457 1029
16460 16457 1169
16646 16648 1095
16653 16745 718
16786 16759 444
16681 16765 247
16764 16765 907
16688 16775 760
16691 16775 886
16773 16775 872
16773 16778 696
16777 16781 707
16778 16773 696
16778 16780 969
16779 16780 1019
16779 16789 944
16791 16789 358
9778 9782 1283
9783 9782 943
35071 9782 1863
11339 11328 825
11228 11229 1169
11233 11229 936
11233 11327 864
32606 11327 456
9034 11360 2171
9034 11444 588
11444 9034 588
11444 11445 1225
11444 11448 847
11446 11445 839
11446 11448 1336
11446 11450 681
11450 11446 681
11450 11451 610
11450 11452 344
11508 11452 1078
11508 11507 2203
11297 11303 688
11298 11292 1447
11298 11303 1428
11292 11298 1447
11292 11306 764
11467 11447 1004
11467 11469 905
11468 11469 516
11475 11473 667
22458 11314 1934
22458 22460 713
22462 11314 498
11569 11568 420
11569 11580 562
22543 22548 847
22549 22548 1681
11580 11569 562
11580 11571 1097
11581 11571 778
11581 11583 1004
11490 11489 562
11490 11492 672
11495 11494 778
11495 11499 1431
11442 11447 420
11445 11444 1225
11445 11446 839
11445 11447 4793
11452 11450 344
11452 11453 2216
11452 11508 1078
11454 11456 818
11454 11462 764
11461 11462 893
11461 11509 1934
11583 11581 1004
11583 11585 275
11589 11586 1683
11589 11601 889
11603 11601 672
11603 11602 1427
22528 11601 1259
11604 11602 778
11604 11606 1124
11606 11604 1124
11606 11608 1225
11609 11608 869
11609 11611 1114
35411 11608 137
11613 11611 580
11613 11612 869
11613 11615 1000
22569 11611 846
22536 22590 336
22582 22590 1398
22582 22593 788
22595 22593 667
22595 22599 1260
22599 22594 667
22599 22595 1260
22599 22605 924
22540 22563 840
22540 22565 1786
22541 22538 681
22541 22565 756
22563 22540 840
22563 22566 1114
22571 11615 672
22571 22566 847
22537 22538 1000
22651 22647 238
11615 11613 1000
11615 11614 588
11615 22571 672
22601 22602 681
22601 22603 1891
22604 22602 1556
22615 22603 252
22615 22617 2153
22617 22615 2153
22617 22635 847
22639 22635 782
22639 22640 516
22642 22640 672
14324 22656 141
22934 22935 847
22934 22946 2876
22967 22946 983
22935 22934 847
22935 22950 2925
22951 22950 983
23034 23038 1124
23051 23038 2637
23268 23265 818
23268 23269 649
23283 23282 1160
23285 23282 746
23285 23284 1457
23284 23285 1457
23284 23302 597
11966 11965 418
23304 23308 522
23321 23319 708
23321 23324 750
23336 23324 2005
23336 23337 826
23338 23324 1530
23316 23317 672
23287 23313 1151
23291 23313 2879
23059 23322 336
23061 23322 1025
23319 23321 708
23319 23322 2035
23058 23327 2430
23063 23327 713
23063 23359 2302
23356 23359 747
23356 23376 373
23376 23356 373
23376 23365 1293
23376 23377 629
23087 23360 1032
23361 23360 452
23361 23369 504
23370 23369 275
23370 23372 275
23372 23370 275
23372 23374 435
23390 23374 2348
23390 23391 826
23439 23391 950
23441 23440 1055
23446 23442 950
23434 23448 629
23437 23448 1299
23460 23454 924
23471 12282 713
23471 23469 708
23471 23475 1160
23474 23469 1120
23474 23475 788
12282 23470 1102
12282 23471 713
23478 23470 1004
12277 12284 279
23475 12284 2068
23475 23471 1160
23475 23474 788
35310 7469 273
35311 7469 312
7484 7483 88
24361 7483 326
7439 7476 440
7647 7476 282
28455 28456 645
28468 28456 847
28472 28456 1274
28363 28367 1161
28365 28367 604
28366 28367 2216
28366 28369 1026
28447 28369 778
28450 28481 812
24161 24160 806
24161 24163 1585
24161 24172 806
24238 24172 1811
24238 24239 418
24236 24239 1482
24109 24242 1513
24212 24208 2142
24246 24247 418
24246 24249 2404
24802 14387 853
23551 23504 577
23551 23504 577
23557 23546 435
24038 24039 1483
24040 24039 1140
24040 24133 1140
24048 24134 1951
24048 24136 536
24133 24040 1140
24133 24134 737
24066 24064 884
24066 24137 2554
24066 24141 473
24136 24048 536
24136 24137 877
24057 24064 1341
24067 24064 590
24059 24069 806
24070 24069 1762
24070 24071 737
24074 24071 1951
24074 24075 737
24092 24075 806
24092 24076 1811
24160 24076 806
24160 24161 806
24160 24162 1672
35419 24076 870
23495 24288 758
24297 24295 481
24284 24300 884
24298 24300 1337
24537 24545 649
24547 24545 336
24547 24548 676
24368 24365 1022
24381 24369 476
24381 24379 1031
24381 24384 872
24385 24380 1268
24385 24384 950
24369 24367 474
24369 24381 476
24550 24540 872
24550 24589 2240
24591 24589 454
24540 24548 747
24540 24550 872
24384 24381 872
24384 24385 950
24384 24615 1063
24974 24973 924
24975 24973 878
24975 24977 1700
24975 24990 708
24991 24987 983
24991 24988 1014
24991 24993 1161
24991 24995 1224
25042 24994 1028
25042 24995 975
25042 25044 2559
25041 25040 2007
25041 25044 708
25215 25216 1120
25215 25221 751
25218 25216 661
25218 25217 491
11478 11483 593
11478 11707 1467
11483 11478 593
11483 11707 874
25175 11707 431
25175 24990 1484
25233 25221 847
24079 24078 211
24199 24078 1322
25227 24078 211
188209 188156 2743
188209 188166 859
188209 188207 787
188208 188179 2735
188208 188207 736
188208 188217 827
188220 188207 3089
188178 188177 1174
188217 188177 2762
188217 188188 835
188217 188208 827
188217 188219 3112
188129 188124 715
188129 188131 1429
188134 188124 1371
188134 188135 248
188135 188127 701
188135 188134 248
188135 188152 630
188152 188127 386
188152 188135 630
188152 188151 753
188155 188151 2743
188155 188153 810
188130 188131 810
188165 188153 2727
188165 188166 893
188210 188166 3064
187619 187617 786
187619 187620 1820
187627 187617 2743
187627 187633 769
187674 187622 1682
187674 187670 769
187674 187673 1715
187632 187633 1640
187632 187673 809
187620 187618 865
187620 187619 1820
187620 190143 261
190143 187618 852
190143 187620 261
188393 188366 761
188393 188381 1399
188393 188394 867
188366 188365 787
188366 188368 1396
188366 188393 761
188365 188366 787
188365 188367 1380
188442 188367 780
188442 188443 1690
188441 188443 989
188415 188394 1342
188415 188414 875
826
11875
25186
25234
25237
35294
188149
188157
188175
188186
188120
188126
188125
188150
188154
187609
187623
187621
187668
187610
188377
188390
188382
188392
188395
188388
188399
188412
188400
188405
187289
190146
190800
188221
188341
188310
188320
188344
135249
135251
135253
135282
135295
135343
188339
135276
135277
135297
135344
135245
135301
135214
135302
135210
135212
135426
135413
135431
135432
135491
135484
135489
135514
135523
136245
136254
136263
136265
136314
136324
136326
136594
136606
136566
136579
136608
136595
136596
136371
136376
136377
136367
136368
136678
136705
136716
135645
136364
139588
139555
136398
136405
136550
136554
136604
136622
136627
136626
139639
138595
139745
139746
139747
199329
199333
199355
199350
199700
199702
199713
214970
199764
199767
199732
199736
199743
199742
199757
199786
199787
199838
199839
199858
199854
199818
199822
199848
135539
139378
139347
139381
139385
200459
139498
225241
225252
225824
225464
225201
225207
225210
225220
225226
225128
225089
225096
225144
225154
225826
235248
225828
225948
235007
225173
225182
227698
225283
227717
227423
227731
227751
227764
228026
227766
228072
227230
233655
228062
228080
228022
228067
231599
235142
227665
227645
227673
227678
227958
227957
233993
234166
226841
234152
234529
226855
226951
226861
226954
226994
226995
226990
227115
227154
227199
227202
227192
227011
227215
227188
227259
228256
227489
227519
227525
227527
228231
228234
227642
235234
227271
228258
227278
6795
6829
6833
6840
7634
7661
7667
7698
7704
7706
7686
7688
226071
226132
226078
226081
226049
226053
225937
234833
235041
225769
225767
225798
225792
225793
225806
225754
226072
226073
226421
14538
14562
34695
7867
7870
7872
8274
8376
8329
8291
8292
8327
8774
8780
8712
34771
8504
8753
8717
8723
16679
8758
8770
8782
9481
9500
9501
9505
9488
9446
9512
16340
33493
16363
16410
16415
16448
16457
16648
16745
16759
16765
16775
16781
16780
16789
9782
11328
11229
11327
11360
11448
11451
11507
11303
11306
11469
11473
11314
22460
11568
22548
11571
11492
11494
11499
11447
11453
11456
11489
11462
11509
11585
11586
11601
11602
11608
11611
11612
22590
22593
22594
22565
22566
22538
22605
22647
11614
22602
22603
22635
22640
22656
22946
22950
23038
23265
23269
23282
23302
11965
23308
23324
23337
23317
23313
23322
23327
23359
23377
23365
23360
23369
23374
23391
23440
23442
23448
23454
23469
23470
12284
7469
7483
7476
28456
28367
28369
28481
24163
24172
24239
24242
24208
24247
24249
14387
23504
23546
24039
24134
24137
24141
24064
24069
24071
24075
24076
24162
24288
24295
24300
24545
24365
24379
24380
24367
24589
24548
24615
24973
24977
24987
24988
24994
25040
25044
25216
25217
11707
24990
188414
188402
188413
188418
188403
188406
187287
187288
188370
188524
190145
186838
188219
188340
188309
188321
188325
135250
135254
135287
135289
135347
135351
135275
135278
135298
135345
135346
135307
135216
135305
135317
135320
135218
135213
135412
135414
135430
135435
135493
135510
135483
135492
135516
135522
136247
136253
136256
136261
132633
136351
136370
136597
136607
136609
136555
136577
136581
136613
136357
136354
136356
136363
136663
136677
136681
136684
136703
136706
136721
135642
135644
136360
136397
136399
136407
136570
136620
136624
136625
138689
199328
199331
199352
214765
194731
199714
199715
214969
199765
199770
199766
214589
199785
199788
199789
199861
199849
199850
199859
199900
199877
199821
199825
199892
139379
139346
139387
139389
139388
194825
195964
200588
139483
225237
225463
225088
234261
225204
225216
225239
225127
225085
234573
225115
225117
225163
225821
225827
225829
225832
225941
235006
235010
225170
225165
225168
227706
234475
227424
227729
227730
227737
227746
228027
227894
234825
227664
227671
227646
227956
227877
227897
233958
234164
226823
226840
234136
234153
234148
226853
234557
235596
227043
227063
226955
234561
226993
226996
226992
234517
227149
227150
227155
227204
227200
227012
227016
227189
228237
227260
227486
227491
227521
227529
227528
227640
227629
227268
6722
6801
6827
7621
7660
7668
7697
7787
7788
7833
7834
7680
226070
226076
226051
226046
225938
226094
234834
225765
225766
225768
225764
225791
225790
225783
225795
225668
225667
226067
226419
14557
15911
14975
34696
7765
8006
8233
8271
8278
8322
16729
8328
8289
8763
8761
8701
8714
34770
8754
8724
11152
8756
8771
8785
8804
9499
9503
9509
9485
16361
16408
16411
16425
16441
16445
16456
16646
16653
16681
16764
16688
16691
16773
16777
16778
16779
9778
9783
11228
11233
9034
11297
11298
11292
11467
11468
22458
22462
11569
22543
11580
11581
11442
11445
11454
11461
11583
11589
11603
22528
11604
11606
11609
11613
22569
22536
22582
22595
22599
22540
22541
22563
22571
22537
22601
22604
22615
22617
22639
14324
22934
22967
22935
22951
23034
23051
23268
23285
23284
11966
23304
23321
23336
23316
23287
23291
23059
23061
23319
23058
23063
23356
23087
23361
23370
23390
23434
23437
23460
23471
12282
23478
12277
35310
7484
7439
7647
28468
28363
28365
28366
28447
28450
24161
24238
24236
24109
24246
23551
24038
24040
24048
24133
24066
24136
24057
24067
24059
24070
24074
24092
24160
23495
24297
24284
24298
24537
24369
24550
24591
24540
24384
24974
25042
25041
25215
11478
11483
25175
24199
25227
188209
188208
188220
188129
188134
188135
188152
188155
188130
188165
188210
187619
187627
187632
187620
190143
188393
188366
188365
188442
188441
188415
