1226
25348 25343 1691
25348 25346 1293
25359 25346 788
25369 25370 1193
34147 25374 896
26728 26726 1208
26728 26729 2474
26728 26740 403
26738 26739 551
26818 26908 877
26909 26908 672
26909 26910 927
26909 26914 836
26745 26739 737
26745 26744 1762
26743 26741 1322
26744 26742 750
26744 26745 1762
26910 26739 1951
26910 26909 927
26730 26729 1008
26730 26741 2090
26696 26693 1475
26696 26699 1393
26702 26699 751
26702 26700 1205
26708 26707 2216
26704 26689 939
26704 26707 1028
26690 26682 750
26690 26691 276
26370 26371 550
26370 26372 976
26372 26370 976
26372 26373 873
26372 26703 1762
26703 26302 738
26703 26372 1762
26703 26700 1672
26367 26322 4025
26367 26368 751
26369 26364 4023
26363 26239 2280
26363 26364 1115
26363 26365 1167
26393 26392 1008
26393 26399 1394
26395 26391 276
26403 26399 1475
26403 26409 279
26408 26406 738
26408 26410 1115
26359 26348 2012
26359 26429 836
26432 26429 1610
26432 26433 976
26483 26433 1610
26483 26489 418
26487 26434 2548
26487 26488 884
26492 26488 2147
26492 26510 884
26527 26510 2348
26527 26529 951
26342 26336 806
26303 26304 1353
26303 26305 1209
26303 26344 878
26341 26335 1140
26341 26344 2893
26348 26356 847
26348 26359 2012
26349 26305 1008
26349 26357 1009
26349 26414 1881
26346 26339 276
26346 26351 581
26352 26350 1362
26352 26361 2376
26352 26378 751
26355 26360 557
26355 26361 809
26407 26404 2882
26407 26405 1008
26530 26522 1345
26530 26529 2068
26530 26533 1695
26531 26529 1079
26525 26523 1274
26525 26533 202
26525 27374 1426
27379 27374 403
20499 20500 757
53345 53344 1348
53345 53871 1568
53345 53902 939
53381 53344 272
53381 56755 358
17202 17203 443
17202 27399 2948
17202 27399 2948
29432 29422 1664
29432 29422 1664
29432 29433 2035
29433 29415 5393
29433 29432 2035
52924 52925 3924
52924 53241 1022
53373 53181 738
53373 53187 1255
53365 53363 1879
53365 53367 650
53368 53364 810
53390 53389 1140
54844 54845 3089
54844 54955 1023
54972 54974 511
54972 54975 1579
54973 54975 747
54973 54980 828
55576 55559 381
55576 55583 2688
55579 55635 747
55579 55637 677
55634 55637 1023
55634 55639 873
55654 55642 650
55654 55658 1282
55659 55658 418
53663 53662 435
53663 53665 5897
53666 53668 951
53703 53705 1064
53735 53736 3633
141178 141201 776
141178 141203 1475
141183 141185 809
141183 141188 2738
141187 141188 900
141187 141233 572
141222 141220 583
141222 141223 166
141222 141233 944
141184 141185 2122
141184 141252 716
195356 195381 3054
214438 214440 2497
214439 214436 1031
214439 214441 5612
214436 195367 901
214436 214439 1031
195360 195363 1530
195360 195364 1772
195361 195362 2028
195361 195365 2329
141273 141271 1030
141280 141259 1546
141280 141274 1321
141280 141281 314
141281 141277 1350
141281 141280 314
141281 141282 294
144183 141282 1551
144183 144185 671
144189 144188 200
146855 146856 79
140872 140873 521
140872 140874 531
140869 140881 1997
140874 140872 531
140874 140875 1858
140880 140881 817
140880 140882 621
140880 140883 1335
140894 140881 784
140894 140897 2056
140898 140897 793
140898 140904 4101
140898 140953 2250
140937 140953 802
140937 140955 1268
140955 140937 1268
140955 140956 2377
140955 140957 1434
140951 141177 855
141174 141177 2811
140957 140955 1434
140957 140971 238
140968 140969 884
140973 140969 1088
140973 140974 819
141192 141193 842
141192 141195 885
186274 186275 730
186274 186291 756
186297 186291 1312
186297 186301 1709
186300 186301 989
186300 186534 1427
186300 186542 851
186542 186300 851
186542 186543 1381
186542 186549 749
186647 186200 1274
186647 186648 675
186659 186660 981
186549 186542 749
186549 186545 1296
186553 186545 417
186553 186554 750
186553 186567 434
186649 186567 1210
186649 186648 654
186675 186660 1332
186675 186678 115
186678 186675 115
186678 186679 1420
186678 186685 678
186685 186678 678
186685 186684 1390
186690 186684 797
186690 186700 1396
186709 186700 702
186709 186710 1508
186709 186712 243
186712 186709 243
186712 186714 1552
186712 186722 433
186763 186722 1233
186727 186722 580
186727 186726 1527
186735 186726 629
186735 186734 1209
186735 186773 820
186773 186735 820
186773 186777 1206
186779 186777 759
186779 186781 1017
186779 186791 692
186790 186791 696
186790 186809 728
186807 186806 689
186807 186809 785
186819 186806 722
186819 186894 1077
186902 186901 1537
186933 186932 369
186933 186934 3102
186862 186861 863
186862 186863 1228
186877 186876 1307
186877 186898 535
186783 186782 1887
186783 186784 1235
186861 186784 722
186861 186860 1235
186861 186862 863
186894 186813 780
186894 186819 1077
186899 186884 2282
186899 186898 443
140643 140642 869
140643 140646 1478
140648 140646 754
140648 140700 1428
140698 140700 916
140698 140704 1412
140701 140704 747
140701 140707 718
140723 140707 703
140723 140753 391
140737 140732 567
140640 140580 1063
140640 140639 371
140640 140642 1559
140665 140666 997
140665 140667 898
140671 140667 779
140671 140673 1099
140672 140673 746
140672 140675 1377
140674 140675 919
140674 140731 1409
140730 140732 997
55663 55658 873
55660 55656 1614
55669 55643 1879
55669 55668 789
55824 55820 435
55824 55828 953
55826 55828 1140
55872 55828 953
55875 55876 893
55903 55904 562
189807 189809 1292
189807 189810 815
189807 189814 791
189809 189807 1292
189809 189811 862
186277 186276 815
186277 189721 822
190248 189721 1262
190248 190249 630
189814 189807 791
189814 189816 801
189814 190204 1050
190225 190224 295
190212 190209 1805
190212 190215 279
190212 190227 278
190204 189814 1050
190204 190209 755
190227 190212 278
190227 190215 394
195379 195381 1596
195380 195396 730
195380 214817 1075
195389 195390 2040
195389 195391 3255
195389 214817 1366
195394 195393 907
195394 196137 181
195394 196138 2829
196126 196142 1427
196141 196142 1210
195772 196143 2057
195772 196160 474
195773 195855 1036
195773 196160 908
195773 196164 1885
195863 195865 774
195863 195866 1558
195851 195858 458
195851 195859 1681
195864 195859 878
195864 195866 765
195852 195853 792
195852 195871 1043
195853 195852 792
195853 195856 774
195853 195873 1772
195855 195773 1036
195855 196215 1007
195855 196216 930
195865 195863 774
195865 195867 1448
195865 195868 867
195997 195868 1229
195997 196001 845
196001 195997 845
196001 196026 1446
196030 196031 750
196030 196048 1330
214442 196058 360
214442 214637 381
202795 202794 892
202795 202798 1346
202796 202794 1706
202798 202577 2684
202798 202795 1346
202798 202800 232
202810 202800 1044
202810 202803 2227
202808 202811 707
202808 202812 2087
202809 202811 827
202809 202813 883
202812 202808 2087
202812 202817 836
203233 202817 1966
203233 203234 867
203233 203248 1945
203248 203233 1945
203248 203249 843
203248 203253 2026
203252 203253 836
203252 203287 2187
203287 203252 2187
203287 203290 724
203287 203307 735
203479 203476 1583
203479 203478 1130
203479 203480 956
203527 203480 2099
203527 203529 853
203538 203529 1318
203538 203541 1298
203538 203544 1143
203541 203538 1298
203541 203549 286
203541 203550 346
203312 203307 572
203312 203315 2101
203316 203315 774
203327 203324 766
203327 203326 1357
203474 203475 594
204159 203329 658
204159 209082 388
203550 203541 346
203550 203548 262
205718 205711 834
205718 205717 433
205718 205720 792
205719 205720 438
205719 205726 478
205710 205711 833
205716 205711 1098
205716 205717 1346
205775 195959 669
205776 205786 1082
214939 214874 2778
214324 197167 711
214324 202545 614
202545 197169 473
202545 202548 591
202545 214324 614
202546 202548 1232
202554 202552 457
202554 202555 1288
202567 202555 881
202793 202794 990
196063 196046 2009
196063 196065 787
196064 196046 1407
196064 196047 1123
196466 196465 487
196474 196469 1545
196528 214365 833
196530 215121 164
196530 215124 1532
196547 196536 928
196547 196548 932
196559 196549 867
196551 196549 2047
196551 196564 766
196551 196569 1212
196569 196551 1212
196569 196570 685
196569 197109 2622
197110 197109 623
197110 197138 1397
197147 197138 1039
197147 197148 1788
205942 205979 804
206005 205992 901
206005 206006 691
206007 206006 751
206007 206012 755
206009 206011 797
206009 206012 804
206010 206011 1128
206010 206658 1428
206658 206010 1428
206658 206634 1116
206658 206659 808
195958 195959 507
195958 205935 115
205769 205770 2606
205941 205944 808
205941 205979 2281
205943 205944 1536
205943 214361 604
205771 205770 556
205771 205793 491
214379 205936 951
214379 214361 365
206634 206658 1116
206634 206662 1030
206635 206637 594
206635 206662 3565
206635 206726 2551
206636 206637 1637
206636 206638 759
206640 206638 797
206640 206641 804
206647 206641 1609
206647 206648 817
206648 206644 1548
206648 206647 817
206648 206748 717
206656 206749 275
206751 206750 1611
206751 206753 1358
206902 206900 593
206917 206901 1694
206917 206919 932
206919 206909 1277
206919 206917 932
206925 206920 2050
206925 206926 724
206925 206969 802
206976 206971 797
206976 206977 2257
206987 206981 955
206987 206988 1506
206981 206984 532
206981 206987 955
206981 206989 1468
206983 209269 1030
206983 209270 1361
206982 209269 1344
209273 209269 684
209273 209274 393
209274 209273 393
209274 209280 835
209293 209291 833
209293 209297 759
209293 209299 1679
209247 209246 410
209247 209248 901
209329 209330 817
209329 209332 1489
209329 209335 908
180195 180196 819
180195 180224 1358
180216 180215 2125
180216 180240 1378
180225 180226 1454
180225 180227 932
180225 180242 1114
180221 180222 800
180221 180884 2282
177702 180961 796
179332 180926 932
180926 179332 932
181151 181219 1221
181219 181151 1221
181516 181523 168
181523 181516 168
181552 181551 951
181551 181552 951
184463 184467 421
184453 184454 610
184454 184453 610
184309 184304 445
184467 184463 421
184304 184309 445
184307 184306 673
184306 184307 673
179588 184374 818
184374 179588 818
184376 184375 951
184375 184376 951
163079 163084 355
163084 163079 355
184391 184390 517
184390 184391 517
184616 184613 650
184613 184616 650
184635 173433 738
173433 184635 738
183036 183170 1719
183170 183036 1719
182722 182824 605
182824 182722 605
182838 182752 2550
182752 182753 511
182752 182838 2550
182753 182752 511
183519 183526 1814
183526 183519 1814
183549 183547 2478
183468 183482 599
183465 183594 2371
183594 183465 2371
183482 183468 599
183547 183549 2478
183731 183736 3620
183736 183731 3620
183302 183286 1935
183286 183302 1935
209511 209517 944
209517 209511 944
209540 209541 846
209541 209540 846
209541 209599 363
209599 209541 363
210211 210386 1190
210386 210211 1190
162829 162867 202
162867 162829 202
162867 162872 810
162872 162867 810
179168 179170 1878
179170 179168 1878
179192 179207 1716
179207 179192 1716
179339 179307 556
179307 179339 556
115552 115551 5248
115551 115552 5248
193192 193990 447
193990 193192 447
31723 31714 1195
29585 30788 2974
30788 29585 2974
30799 30798 217
30798 30799 217
31714 31717 1385
31714 31723 1195
31717 31714 1385
33083 33145 783
33145 33083 783
33205 33211 1629
33211 33205 1629
33437 33440 1344
33440 33437 1344
33458 33459 2813
33459 33458 2813
17470 17479 2347
16999 17000 3220
16988 17061 1848
17061 16988 1848
17000 16999 3220
17094 17097 688
17097 17094 688
17118 17121 707
17121 17118 707
17160 17174 2086
17174 17160 2086
17479 17470 2347
17824 17830 3402
17830 17824 3402
17889 17870 1532
17891 17926 434
17926 17891 434
17870 17889 1532
18822 18829 475
18829 18822 475
25304 18980 1854
18980 25304 1854
25351 25352 905
25352 25351 905
25296 25349 1085
25349 25296 1085
25343 25348 1691
25346 25348 1293
25346 25359 788
25370 25369 1193
25370 25374 1018
25374 25370 1018
25374 34147 896
26726 26728 1208
26729 26728 2474
26729 26730 1008
26740 26728 403
26740 26741 672
26740 26742 878
26739 26738 551
26739 26742 1623
26739 26745 737
26739 26910 1951
26908 26818 877
26908 26909 672
26914 26909 836
26741 26730 2090
26741 26740 672
26741 26743 1322
26742 26739 1623
26742 26740 878
26742 26744 750
26693 26696 1475
26693 26707 1167
26699 26696 1393
26699 26702 751
26700 26702 1205
26700 26703 1672
26707 26693 1167
26707 26704 1028
26707 26708 2216
26689 26682 2281
26689 26704 939
26682 26689 2281
26682 26690 750
26691 26690 276
26371 26365 1668
26371 26370 550
26373 26302 1725
26373 26372 873
26302 26373 1725
26302 26703 738
26322 26364 1344
26322 26367 4025
26368 26367 751
26364 26322 1344
26364 26363 1115
26364 26369 4023
26239 26363 2280
26365 26363 1167
26365 26371 1668
26392 26393 1008
26399 26393 1394
26399 26403 1475
26391 26395 276
26409 26403 279
26409 26406 1115
26409 26410 738
26406 26404 336
26406 26408 738
26406 26409 1115
26410 26408 1115
26410 26409 738
26429 26359 836
26429 26432 1610
26433 26432 976
26433 26483 1610
26489 26483 418
26434 26487 2548
26488 26487 884
26488 26492 2147
26510 26492 884
26510 26527 2348
26529 26527 951
26529 26530 2068
26529 26531 1079
26336 26342 806
26304 26303 1353
26305 26303 1209
26305 26349 1008
26344 26303 878
26344 26341 2893
26335 26341 1140
26356 26348 847
26356 26357 1854
26357 26349 1009
26357 26356 1854
26414 26349 1881
26339 26346 276
26351 26346 581
26351 26350 1885
26350 26351 1885
26350 26352 1362
26361 26352 2376
26361 26355 809
26378 26352 751
26360 26355 557
26404 26406 336
26404 26407 2882
26405 26407 1008
26522 26530 1345
26533 26525 202
26533 26530 1695
26523 26525 1274
27374 26525 1426
27374 27379 403
20500 20499 757
53344 53345 1348
53344 53381 272
53871 53345 1568
53902 53345 939
56755 53381 358
17203 17202 443
27399 17202 2948
27399 17202 2948
29422 29432 1664
29422 29432 1664
29415 29433 5393
52925 52924 3924
53241 52924 1022
53181 53373 738
53187 53373 1255
53363 53364 697
53363 53365 1879
53367 53365 650
53364 53363 697
53364 53368 810
53389 53390 1140
54845 54844 3089
54955 54844 1023
54974 54972 511
54975 54972 1579
54975 54973 747
54980 54973 828
55559 55576 381
55583 55576 2688
55635 55579 747
55637 55579 677
55637 55634 1023
55639 55634 873
55639 55642 474
55642 55639 474
55642 55654 650
55642 55656 1209
55658 55654 1282
55658 55656 837
55658 55659 418
55658 55663 873
53662 53663 435
53665 53663 5897
53665 53668 782
53668 53665 782
53668 53666 951
53705 53703 1064
53736 53735 3633
141201 141177 789
141201 141178 776
141203 141178 1475
141203 141220 390
141185 141183 809
141185 141184 2122
141188 141183 2738
141188 141187 900
141233 141187 572
141233 141222 944
141220 141203 390
141220 141222 583
141223 141222 166
141252 141184 716
195381 195356 3054
195381 195379 1596
214440 214438 2497
214441 214439 5612
195367 214436 901
195363 195360 1530
195364 195360 1772
195362 195361 2028
195365 195361 2329
141271 141259 1851
141271 141273 1030
141259 141271 1851
141259 141280 1546
141274 141277 292
141274 141280 1321
141277 141274 292
141277 141281 1350
141282 141281 294
141282 144183 1551
144185 144183 671
144188 144189 200
146856 146855 79
140873 140872 521
140873 140875 1571
140881 140869 1997
140881 140880 817
140881 140894 784
140875 140873 1571
140875 140874 1858
140875 140882 441
140882 140875 441
140882 140880 621
140882 140883 1220
140883 140880 1335
140883 140882 1220
140897 140894 2056
140897 140898 793
140904 140898 4101
140953 140898 2250
140953 140937 802
140956 140955 2377
141177 140951 855
141177 141174 2811
141177 141193 1445
141177 141201 789
140971 140957 238
140971 140969 1167
140969 140968 884
140969 140971 1167
140969 140973 1088
140974 140973 819
141193 141177 1445
141193 141192 842
141195 141192 885
186275 186274 730
186275 186276 705
186291 186274 756
186291 186297 1312
186301 186297 1709
186301 186300 989
186534 186300 1427
186534 186543 820
186543 186534 820
186543 186542 1381
186543 186545 784
186200 186647 1274
186200 186660 735
186648 186647 675
186648 186649 654
186660 186200 735
186660 186659 981
186660 186675 1332
186545 186543 784
186545 186549 1296
186545 186553 417
186554 186553 750
186567 186553 434
186567 186649 1210
186679 186678 1420
186684 186685 1390
186684 186690 797
186700 186690 1396
186700 186709 702
186710 186709 1508
186710 186714 278
186714 186710 278
186714 186712 1552
186722 186712 433
186722 186727 580
186722 186763 1233
186726 186727 1527
186726 186735 629
186734 186735 1209
186734 186777 780
186777 186734 780
186777 186773 1206
186777 186779 759
186781 186779 1017
186781 186782 746
186791 186779 692
186791 186782 1053
186791 186790 696
186809 186790 728
186809 186807 785
186806 186807 689
186806 186813 1081
186806 186819 722
186901 186902 1537
186932 186933 369
186934 186933 3102
186863 186860 809
186863 186862 1228
186876 186877 1307
186898 186877 535
186898 186899 443
186782 186781 746
186782 186783 1887
186782 186791 1053
186784 186783 1235
186784 186861 722
186860 186861 1235
186860 186863 809
186813 186806 1081
186813 186894 780
186884 186899 2282
140642 140640 1559
140642 140643 869
140646 140643 1478
140646 140648 754
140700 140648 1428
140700 140698 916
140704 140698 1412
140704 140701 747
140707 140701 718
140707 140723 703
140753 140723 391
140732 140730 997
140732 140731 762
140732 140737 567
140580 140640 1063
140639 140640 371
140666 140665 997
140667 140665 898
140667 140671 779
140673 140671 1099
140673 140672 746
140675 140672 1377
140675 140674 919
140731 140674 1409
140731 140732 762
55656 55642 1209
55656 55643 789
55656 55658 837
55656 55660 1614
55643 55656 789
55643 55669 1879
55668 55669 789
55820 55824 435
55828 55824 953
55828 55826 1140
55828 55872 953
55876 55875 893
55904 55903 562
189810 189807 815
189810 189811 1213
189810 189816 771
189811 189809 862
189811 189810 1213
186276 186275 705
186276 186277 815
189721 186277 822
189721 190248 1262
190249 190248 630
189816 189810 771
189816 189814 801
189816 190209 1099
190224 190225 295
190209 189816 1099
190209 190204 755
190209 190212 1805
190215 190212 279
190215 190227 394
195396 195380 730
214817 195380 1075
214817 195389 1366
195390 195389 2040
195390 195393 509
195390 196137 1351
195391 195389 3255
195391 196137 304
195393 195390 509
195393 195394 907
196137 195390 1351
196137 195391 304
196137 195394 181
196138 195394 2829
196142 196126 1427
196142 196141 1210
196142 196143 876
196143 195772 2057
196143 196142 876
196160 195772 474
196160 195773 908
196164 195773 1885
195866 195863 1558
195866 195864 765
195866 195867 748
195858 195851 458
195859 195851 1681
195859 195864 878
195871 195852 1043
195856 195853 774
195873 195853 1772
196215 195855 1007
196216 195855 930
195867 195865 1448
195867 195866 748
195868 195865 867
195868 195997 1229
195868 196026 774
196026 195868 774
196026 196001 1446
196031 196030 750
196048 196030 1330
196058 214442 360
214637 214442 381
202794 202793 990
202794 202795 892
202794 202796 1706
202577 202798 2684
202800 202798 232
202800 202810 1044
202803 202810 2227
202811 202808 707
202811 202809 827
202811 202817 2065
202813 202809 883
202817 202811 2065
202817 202812 836
202817 203233 1966
203234 203233 867
203234 203249 1995
203249 203234 1995
203249 203248 843
203253 203248 2026
203253 203252 836
203253 203290 2213
203290 203253 2213
203290 203287 724
203307 203287 735
203307 203312 572
203476 203475 867
203476 203479 1583
203478 203479 1130
203480 203479 956
203480 203527 2099
203529 203527 853
203529 203538 1318
203544 203538 1143
203549 203541 286
203549 203548 12
203315 203312 2101
203315 203316 774
203324 203327 766
203326 203327 1357
203475 203474 594
203475 203476 867
203329 204159 658
209082 204159 388
203548 203549 12
203548 203550 262
205711 205710 833
205711 205716 1098
205711 205718 834
205717 205716 1346
205717 205718 433
205720 205718 792
205720 205719 438
205720 205726 342
205726 205719 478
205726 205720 342
195959 195958 507
195959 205775 669
195959 205786 808
205786 195959 808
205786 205776 1082
214874 214939 2778
197167 197148 845
197167 197169 650
197167 214324 711
197169 197167 650
197169 202545 473
202548 202545 591
202548 202546 1232
202548 202552 843
202552 202548 843
202552 202554 457
202555 202554 1288
202555 202567 881
196046 196063 2009
196046 196064 1407
196065 196063 787
196047 196064 1123
196465 196466 487
196469 196474 1545
214365 196528 833
215121 196530 164
215124 196530 1532
196536 196547 928
196548 196547 932
196548 196549 781
196549 196548 781
196549 196551 2047
196549 196559 867
196564 196551 766
196564 196570 1577
196570 196564 1577
196570 196569 685
197109 196569 2622
197109 197110 623
197138 197110 1397
197138 197147 1039
197148 197147 1788
197148 197167 845
205979 205941 2281
205979 205942 804
205979 205992 1481
205992 205979 1481
205992 206005 901
206006 206005 691
206006 206007 751
206012 206007 755
206012 206009 804
206011 206009 797
206011 206010 1128
206011 206659 1418
206659 206011 1418
206659 206658 808
205935 195958 115
205935 205770 129
205770 205769 2606
205770 205771 556
205770 205935 129
205944 205941 808
205944 205943 1536
214361 205943 604
214361 214379 365
205793 205771 491
205936 214379 951
206662 206634 1030
206662 206635 3565
206637 206635 594
206637 206636 1637
206726 206635 2551
206638 206636 759
206638 206640 797
206641 206640 804
206641 206644 860
206641 206647 1609
206644 206641 860
206644 206648 1548
206748 206648 717
206748 206749 410
206749 206656 275
206749 206748 410
206749 206750 469
206750 206749 469
206750 206751 1611
206753 206751 1358
206753 206900 1787
206900 206753 1787
206900 206901 1193
206900 206902 593
206901 206900 1193
206901 206917 1694
206909 206919 1277
206909 206920 805
206920 206909 805
206920 206925 2050
206926 206925 724
206969 206925 802
206969 206971 728
206971 206969 728
206971 206976 797
206977 206976 2257
206988 206987 1506
206988 206989 797
206984 206981 532
206989 206981 1468
206989 206988 797
209269 206982 1344
209269 206983 1030
209269 209273 684
209270 206983 1361
209280 209274 835
209291 209293 833
209297 209293 759
209297 209330 709
209299 209293 1679
209246 209247 410
209248 209247 901
209248 209335 1018
209330 209297 709
209330 209329 817
209332 209329 1489
209335 209248 1018
209335 209329 908
180196 180195 819
180224 180195 1358
180215 180216 2125
180240 180216 1378
180226 180225 1454
180227 180225 932
180242 180225 1114
180222 180221 800
180884 180221 2282
180961 177702 796
946
25348
25359
25369
34147
26728
26738
26818
26909
26745
26743
26744
26910
26730
26696
26702
26708
26704
26690
26370
26372
26703
26367
26369
26363
26393
26395
26403
26408
26359
26432
26483
26487
26492
26527
26342
26303
26341
26348
26349
26346
26352
26355
26407
26530
26531
26525
27379
20499
53345
53381
17202
29432
29433
52924
53373
53365
53368
53390
54844
54972
54973
55576
55579
55634
55654
55659
53663
53666
53703
53735
141178
141183
141187
141222
141184
195356
214438
214439
214436
195360
195361
141273
141280
141281
144183
144189
146855
140872
140869
140874
140880
140894
140898
140937
140955
140951
141174
140957
140968
140973
141192
186274
186297
186300
186542
186647
186659
186549
186553
186649
186675
186678
186685
186690
186709
186712
186763
186727
186735
186773
186779
186790
186807
186819
186902
186933
186862
186877
186783
186861
186894
186899
140643
140648
140698
140701
140723
140737
140640
140665
140671
140672
140674
140730
55663
55660
55669
55824
55826
55872
55875
55903
189807
189809
186277
190248
189814
190225
190212
190204
190227
195379
195380
195389
195394
196126
196141
195772
195773
195863
195851
195864
195852
195853
195855
195865
195997
196001
196030
214442
202795
202796
202798
202810
202808
202809
202812
203233
203248
203252
203287
203479
203527
203538
203541
203312
203316
203327
203474
204159
203550
205718
205719
205710
205716
205775
205776
214939
214324
202545
202546
202554
202567
202793
196063
196064
196466
196474
196528
196530
196547
196559
196551
196569
197110
197147
205942
206005
206007
206009
206010
206658
195958
205769
205941
205943
205771
214379
206634
206635
206636
206640
206647
206648
206656
206751
206902
206917
206919
206925
206976
206987
206981
206983
206982
209273
209274
209293
209247
209329
180195
180216
180225
180221
177702
180958
180949
180954
179332
180912
180926
181138
181151
181219
181211
181229
181237
181235
181491
181516
181523
181550
181552
181551
181573
184463
184453
184464
184457
184454
184495
184489
185642
184309
184467
184304
184445
184378
184307
184306
184370
179588
184374
184376
184385
184375
184351
184353
163076
163079
163084
163093
184391
163102
163115
163117
184390
185673
183102
183106
183119
183130
184616
184613
184621
184625
184635
184644
173433
184517
184631
184646
183089
176682
183059
183110
183036
183154
183170
183041
181498
182665
182668
182674
181601
182703
182706
181609
181690
181692
181656
181706
181699
182042
182044
182698
182708
182712
182722
182826
182824
182838
182752
182753
182868
185734
182796
182916
182913
182888
182886
183473
183519
183524
183526
183549
183583
183468
183465
183594
183482
183627
183634
183719
183642
185234
183471
183547
183647
183712
183714
174049
172899
183278
183309
183731
183736
183728
183612
183614
183801
183045
183236
183240
183302
183286
163072
162574
210412
210416
210387
210388
209244
209427
209268
209511
209517
209537
209540
209541
209599
209621
209627
209631
210101
210102
210106
210131
210110
210136
210159
210185
210186
210190
210198
210211
210386
210480
210483
210498
162684
162825
162829
162551
162873
162878
162867
162872
162894
196645
210493
210495
210500
179168
179170
179192
179207
179347
179349
179127
179334
179339
179307
115552
115632
115551
115561
115645
115892
115915
106456
106459
106467
106839
106471
106284
106306
106421
106414
32371
32346
114767
114769
114777
114759
114758
114725
114756
190875
191794
191795
193099
193089
193091
193094
191558
193185
193192
193194
193198
193990
193229
193230
192183
192203
192410
192516
192170
192155
35115
35136
35158
29461
29498
29499
30332
30583
30481
30484
30625
35202
30846
30850
30851
30874
31723
31724
32658
30385
30407
30413
30423
34526
29585
32470
30788
30805
30799
30789
30798
30669
30812
29516
29518
31714
31717
31732
31734
31138
31745
31752
31164
7037
31779
31808
31819
31833
31838
31842
32840
32844
32883
32892
32897
32906
32954
32904
32991
33074
33135
33137
33140
33083
33145
14366
33200
33205
33211
33217
33437
33440
33443
33667
33458
33459
33648
33649
33662
33663
33669
16939
16962
16994
17467
17470
16984
16999
16988
17061
17000
17034
17073
17094
17086
17097
17117
17118
17121
17160
17174
17568
17586
17587
17031
17479
17480
17518
17709
17650
17652
17707
17284
17308
17728
17805
17806
17824
17828
17830
17924
17933
17886
17889
17891
17926
17902
17927
17908
17870
17899
18511
18173
18228
18276
18277
6518
18306
18308
18562
18749
18680
18798
18805
18823
18822
18829
18845
18848
25304
18980
18981
18990
18991
25351
25352
25296
25299
25303
25349
25343
25346
25370
25374
26726
26729
26908
26693
26699
26700
26689
26682
26691
26371
26302
26322
26368
26364
26239
26365
26392
26399
26391
26410
26429
26433
26434
26488
26510
26529
26336
26304
26305
26344
26335
26356
26357
26414
26339
26351
26350
26361
26378
26404
26405
26522
26523
27374
53344
56755
29422
29415
53241
53181
53187
53363
53367
53364
53389
54955
54975
54980
55559
55583
55635
55637
55639
53662
53668
53705
53736
141201
141203
141185
141188
141233
141220
141223
141252
195381
214440
214441
195367
195363
195364
195362
195365
141271
141259
141274
141277
141282
144185
144188
140873
140881
140882
140883
140897
140904
140953
140956
140971
140969
140974
141193
141195
186275
186291
186301
186534
186543
186200
186648
186660
186545
186554
186567
186679
186684
186700
186710
186714
186722
186726
186734
186777
186781
186791
186809
186806
186901
186863
186876
186782
186784
186860
186813
186884
140642
140646
140700
140704
140707
140753
140732
140580
140639
140666
140667
140673
140675
140731
55643
55668
55820
55876
55904
189810
189811
186276
189721
190249
189816
190224
190209
190215
195396
195391
196137
196138
196143
196160
196164
195866
195859
195871
195856
195873
196215
196216
195867
195868
196026
196031
196048
196058
202577
202800
202803
202811
202813
202817
203234
203249
203253
203290
203307
203478
203480
203529
203544
203549
203315
203324
203326
203329
205717
205726
195959
205786
214874
197169
202548
202552
202555
196046
196065
196047
196465
196469
214365
215121
215124
196536
196548
196549
196564
196570
197109
197138
197148
205979
205992
206006
206012
206011
206659
205770
205944
205793
205936
206662
206637
206726
206638
206644
206748
206750
206753
206901
206909
206920
206926
206969
206971
206977
206988
206984
206989
209270
209280
209291
209297
209299
209246
209248
209330
209332
209335
180196
180215
180240
180227
180242
180222
180884
