1144
140876 140592 818
140593 140592 1452
140593 140613 819
140613 140583 1438
140613 140593 819
140613 140612 725
140615 140612 1571
140615 140616 793
140906 140616 1451
140906 140905 805
140906 140910 1341
140911 140910 791
140911 140919 1272
140923 140919 504
140923 140924 779
140958 140924 1872
140958 140959 815
140978 140963 263
140978 140979 174
140978 140984 1243
140984 140977 479
140984 140978 1243
140984 140985 352
140977 140984 479
140977 140985 187
140977 140986 1310
140986 140977 1310
140986 140988 197
140986 140989 574
186293 189717 1411
186293 189718 739
189716 189714 785
189716 189715 1642
189716 189717 695
186537 189711 1643
186537 189713 795
189714 189713 1618
189714 189716 785
186540 186538 861
186540 189709 1615
186540 189711 699
186538 186540 861
186538 186552 735
186538 189708 1683
186546 186552 1613
186198 186661 813
186565 186558 720
186565 186568 1613
186587 186568 751
186587 186586 764
186587 186662 745
186556 186552 857
186556 186559 873
186556 186560 994
186556 186564 985
186558 186559 1609
186558 186565 720
186687 186682 451
186687 186696 1546
186698 186699 1101
186703 186699 820
186703 186702 1077
186715 186702 671
186715 186716 1468
186715 186719 221
186719 186715 221
186719 186720 1454
186719 186725 496
186724 186725 1082
186731 186725 613
186731 186732 1482
186738 186732 678
186738 186788 1060
186882 189903 1775
186848 186844 810
186848 186849 717
186848 186851 810
186865 186851 294
186865 186866 978
186867 186866 1695
186787 186788 241
186787 186859 304
186844 186842 678
186844 186843 738
186844 186848 810
186855 186843 333
186855 186846 550
186869 186866 959
186869 189905 274
140581 140597 743
140581 140690 1494
140689 140690 502
140689 140696 1428
140695 140696 557
140695 140697 1421
140706 140697 654
140706 140719 1412
140721 140719 793
140721 140727 1444
140728 140727 965
140728 140757 754
140728 141009 1115
140755 140756 1534
140757 140728 754
140757 140756 851
140757 140760 1114
140757 141009 1363
140754 140759 449
140573 140572 1332
140573 140577 771
140578 140577 526
140578 140595 885
140578 140597 1429
140548 140681 794
140548 144190 1050
140679 144190 802
140680 140684 1075
140734 140684 444
140734 140685 517
140734 140739 1393
140739 140734 1393
140739 140741 573
140740 140744 999
140740 140758 1253
55653 55670 452
55822 55829 265
55823 55834 1436
55823 55836 782
55857 55855 1449
55857 55863 782
55857 55902 1352
55902 55857 1352
55902 55907 778
56607 56608 3976
189817 189818 1063
189817 189820 837
189817 189822 701
189818 189817 1063
189818 189821 825
189718 186293 739
189718 189719 765
189718 190266 1410
189719 189718 765
189719 190263 1405
190245 190222 1464
190245 190265 901
190264 190263 673
190264 190265 359
190264 190279 99
189822 189817 701
189822 189858 818
189822 189862 1230
189862 189822 1230
189862 189864 829
189862 190220 1509
190218 190219 165
190218 190220 256
195402 195401 2030
195402 195411 879
195402 196145 1620
196144 196145 1056
196144 214881 1403
214882 214881 202
214882 215120 1238
196172 196173 547
196172 215120 1076
196165 196169 593
196173 196172 547
196173 196227 493
196167 194692 477
196167 196169 670
196167 196224 1880
195516 195517 445
195516 195879 774
195516 196221 774
195879 195516 774
195879 195881 1100
195879 196239 774
195883 195880 534
196220 196224 782
196221 195516 774
196221 196239 774
196038 195882 897
196038 196039 759
196028 196033 1518
196028 196034 2915
196029 196039 1447
196036 196037 841
196057 196051 1699
196057 196053 678
202558 202557 863
202572 202557 2892
202572 202574 523
202576 202575 1846
202576 202578 915
202753 202757 872
202753 202759 1948
202755 202770 507
202804 202773 2415
202804 202805 992
202823 202821 1685
202823 202825 623
202830 202805 220
202830 202831 684
202821 202823 1685
202821 202824 1583
202822 202824 805
203237 203236 1290
203237 203240 736
203237 203243 1928
203243 203237 1928
203243 203251 463
203255 203318 622
203483 203484 1102
203485 203484 1026
203485 203486 832
203532 214395 1477
203533 203553 2063
203533 203554 1973
203552 203554 938
203552 205721 1584
203547 205722 1786
203321 203319 867
203320 203276 937
203320 203319 1783
203277 203279 3714
205733 205734 1002
205733 205735 3261
205735 205733 3261
205735 205742 338
205796 205799 346
205796 205800 1447
205788 205791 590
205797 205784 833
205797 205798 1528
205797 214605 884
205802 207122 990
197157 197150 883
197157 197159 1813
202556 197159 918
202556 202557 1997
196044 196037 3168
196044 196041 675
196060 196054 681
196059 196053 768
196059 196054 1695
196446 196043 2127
196446 196442 814
196446 196451 896
196452 196265 930
196452 196444 524
196450 196444 947
196450 196449 524
196451 196446 896
196451 196448 1018
196481 196478 288
215132 214616 2538
215132 215134 815
196483 196475 532
196483 196484 504
196476 196475 545
196476 196477 790
196487 196477 857
196487 196480 879
196487 196533 842
196532 196533 1757
196563 196546 864
196563 196565 696
196567 196565 612
196592 196590 883
196592 196593 2013
196594 196593 1003
197149 197145 779
197149 197150 1524
205986 205948 955
205986 205989 754
205986 205991 833
205990 205991 707
205994 205991 797
205994 205995 752
205994 206014 969
206014 205994 969
206014 206015 665
206019 206020 1020
206019 206021 872
206663 206664 900
214743 214829 30
205948 205986 955
205948 205987 793
202444 205950 684
202444 205965 793
205951 205794 733
205951 205952 853
205951 205965 3044
205794 205792 867
205794 205795 791
205794 205951 733
206728 206743 457
206728 206744 2035
206738 206744 834
206738 206756 2035
206689 206681 1098
206689 214937 1318
206732 206735 750
206732 206737 2034
206739 206737 751
206739 206756 841
206739 206776 606
206740 206743 790
206746 206743 732
206754 206744 504
206754 206757 915
206757 206754 915
206757 206755 1120
206912 206906 750
206912 206913 1753
206914 206934 555
206924 206950 476
206974 206959 947
206974 206999 2807
206975 207007 346
206975 207008 526
206978 207008 347
207022 207009 1056
207022 207026 936
207022 209512 626
207023 207024 473
207023 207026 1192
206986 206998 1487
206995 206997 1252
206995 206998 773
206996 206997 778
206996 207024 1296
209281 206998 796
209281 209283 934
209281 209285 849
209284 209277 421
209284 209285 1488
209276 209277 1645
209279 209277 709
209279 209290 867
209279 209300 1366
209290 209279 867
209290 209301 1253
209303 209301 834
209303 209306 1227
209333 209334 841
209333 209339 1113
209338 209306 670
209338 209339 824
209338 209341 1329
209259 209350 1090
209348 209351 852
209349 209350 766
209349 209354 394
209334 209333 841
209334 209342 1496
209343 209342 730
209343 209352 182
180199 178974 1501
180199 179038 4381
180199 180200 2149
180891 180889 932
180891 180890 1810
180891 180895 1004
180247 180888 452
180890 180888 765
180890 180891 1810
179037 179036 599
179037 179038 2919
180229 179292 682
180229 180232 1919
180235 180232 682
180235 180244 848
180235 180870 1796
180244 180235 848
180244 180887 1796
180244 180888 765
180211 180212 907
180902 180905 2629
180878 180231 1919
180878 180879 925
180923 180897 849
180923 180947 1114
180903 180880 1236
180907 180906 743
180907 180917 2366
180909 180908 692
180896 180897 765
180896 180898 488
181113 181123 789
181113 181205 1307
181113 181209 951
181208 181210 688
181208 181470 1715
181224 181223 848
181224 181471 924
181226 181225 3019
181226 181475 688
181474 181475 562
181484 177531 336
181484 181485 238
181494 181493 562
181494 181513 599
181511 181513 889
181539 181537 1745
181539 181540 751
181539 181542 788
181542 181539 788
181542 181555 1677
181542 181558 1638
181559 181558 338
181569 181568 1686
181569 181581 765
181581 181569 765
181581 181583 1675
181576 181572 1124
181576 181643 677
181638 181644 778
181638 181660 932
181642 181641 673
181642 181646 905
181642 181647 2415
184471 184568 1934
184569 184568 713
184569 184570 818
184569 184573 1634
184536 184523 345
184536 184550 232
184570 184569 818
184570 184572 796
184570 184574 1499
184571 184553 713
184571 184572 2015
184527 184534 84
163126 163127 1055
163128 163129 924
184382 184381 828
184380 184381 630
184380 184541 984
184523 184535 344
184523 184536 345
184538 184545 1592
184533 184532 1873
184533 184542 790
184533 184560 1848
184558 184557 435
184558 184559 276
184557 163136 562
184557 184558 435
184532 184381 2192
184532 184533 1873
184532 184539 790
163130 163131 924
163133 163134 796
163082 163085 1268
163098 163086 953
163124 163111 1505
163124 163127 709
163110 163111 790
183115 183161 1184
183151 183152 1323
183151 183169 1515
183122 183121 324
183122 183165 758
183152 183151 1323
183152 183166 766
183125 183124 259
183125 183126 2237
183164 183162 673
183164 183165 758
184619 183124 1093
184619 183165 2568
184665 183162 2371
184665 184667 849
184660 184664 673
184669 184668 344
184669 184673 2430
184669 184682 1449
184672 184664 1004
184672 184673 589
184641 184679 890
184663 184662 253
184480 184568 818
183032 183033 1636
183178 183175 556
183160 183161 511
183175 183178 556
181650 181647 1267
181648 181647 2459
181659 181660 932
181705 181702 1790
181702 181705 1790
183678 183680 2005
183680 183678 2005
183699 183701 1633
183701 183699 1633
182578 182577 629
182577 182578 629
183283 183282 884
183033 183032 1636
183282 183283 884
209516 209531 973
209531 209516 973
210142 210143 755
210143 210142 755
210223 210195 611
210195 210223 611
162879 162880 475
163087 163086 906
162880 162879 475
162853 162857 752
162903 162908 84
162908 162903 84
162857 162853 752
179200 179130 751
179130 179200 751
116076 116075 4440
116075 116076 4440
29493 29494 1069
29494 29493 1069
31765 31738 492
32502 32513 4794
32513 32502 4794
31738 31765 492
32980 32981 1863
32981 32980 1863
33121 33119 1877
33121 33122 826
33119 33121 1877
33122 33121 826
33629 33630 876
33630 33629 876
17070 17071 713
17071 17070 713
17161 17166 788
17166 17161 788
17305 17306 1055
17306 17305 1055
17794 17797 707
17797 17794 707
17812 17813 2689
17813 17812 2689
17758 17764 2063
17764 17758 2063
17864 17875 869
17875 17864 869
18189 18188 344
18188 18189 344
18304 18313 1691
18313 18304 1691
18975 18964 2542
18964 18975 2542
25291 25292 826
25292 25291 826
26425 26423 1409
29166 29167 1073
29167 29166 1073
26423 26425 1409
53238 53242 1275
53242 53238 1275
54992 55561 709
55561 54992 709
55569 55580 1211
55580 55569 1211
141225 141263 1581
141205 140988 1340
195401 195402 2030
195421 195388 677
195388 195421 677
141263 141225 1581
140592 140583 808
140592 140593 1452
140592 140876 818
140583 140592 808
140583 140613 1438
140612 140613 725
140612 140615 1571
140616 140615 793
140616 140906 1451
140905 140906 805
140910 140906 1341
140910 140911 791
140919 140911 1272
140919 140923 504
140919 140924 648
140924 140919 648
140924 140923 779
140924 140958 1872
140959 140958 815
140963 140978 263
140979 140978 174
140979 140985 1725
140985 140977 187
140985 140979 1725
140985 140984 352
140985 140989 896
140988 140986 197
140988 140989 501
140988 141205 1340
140989 140985 896
140989 140986 574
140989 140988 501
189717 186293 1411
189717 189716 695
189717 190266 739
189715 189713 790
189715 189716 1642
189711 186537 1643
189711 186540 699
189713 186537 795
189713 189714 1618
189713 189715 790
189709 186540 1615
189709 189708 822
186552 186538 735
186552 186546 1613
186552 186556 857
189708 186538 1683
189708 189709 822
186661 186198 813
186661 186662 828
186661 186682 728
186568 186559 704
186568 186565 1613
186568 186587 751
186586 186587 764
186662 186587 745
186662 186661 828
186559 186556 873
186559 186558 1609
186559 186568 704
186560 186556 994
186560 186564 295
186564 186556 985
186564 186560 295
186682 186661 728
186682 186687 451
186696 186687 1546
186699 186698 1101
186699 186703 820
186702 186703 1077
186702 186715 671
186716 186715 1468
186716 186720 254
186720 186716 254
186720 186719 1454
186725 186719 496
186725 186724 1082
186725 186731 613
186732 186731 1482
186732 186738 678
186788 186738 1060
186788 186787 241
186788 186859 301
189903 186882 1775
186849 186848 717
186851 186848 810
186851 186865 294
186866 186865 978
186866 186867 1695
186866 186869 959
186859 186787 304
186859 186788 301
186842 186844 678
186843 186844 738
186843 186855 333
186846 186855 550
189905 186869 274
140597 140578 1429
140597 140581 743
140690 140581 1494
140690 140689 502
140696 140689 1428
140696 140695 557
140697 140695 1421
140697 140706 654
140719 140706 1412
140719 140721 793
140727 140721 1444
140727 140728 965
141009 140728 1115
141009 140757 1363
141009 140760 755
140756 140755 1534
140756 140757 851
140756 140759 785
140760 140757 1114
140760 141009 755
140759 140754 449
140759 140756 785
140759 140758 844
140572 140573 1332
140577 140573 771
140577 140578 526
140595 140578 885
140681 140548 794
144190 140548 1050
144190 140679 802
140684 140680 1075
140684 140685 570
140684 140734 444
140685 140684 570
140685 140734 517
140741 140739 573
140741 140744 642
140744 140740 999
140744 140741 642
140758 140740 1253
140758 140759 844
55670 55653 452
55829 55822 265
55834 55823 1436
55836 55823 782
55855 55857 1449
55863 55857 782
55863 55907 1436
55907 55863 1436
55907 55902 778
56608 56607 3976
189820 189817 837
189820 189821 972
189820 189858 699
189821 189818 825
189821 189820 972
190266 189717 739
190266 189718 1410
190266 190263 790
190263 189719 1405
190263 190264 673
190263 190266 790
190263 190279 661
190222 190220 552
190222 190245 1464
190265 190245 901
190265 190264 359
190279 190263 661
190279 190264 99
189858 189820 699
189858 189822 818
189858 189864 1286
189864 189858 1286
189864 189862 829
190220 189862 1509
190220 190218 256
190220 190222 552
190219 190218 165
195411 195402 879
196145 195402 1620
196145 196144 1056
214881 196144 1403
214881 214882 202
214881 215120 1240
215120 196172 1076
215120 214881 1240
215120 214882 1238
196169 194692 842
196169 196165 593
196169 196167 670
196227 194692 446
196227 196173 493
194692 196167 477
194692 196169 842
194692 196227 446
196224 196167 1880
196224 196220 782
195517 195516 445
195881 195879 1100
195881 195880 680
196239 195879 774
196239 196221 774
195880 195881 680
195880 195882 1567
195880 195883 534
195882 195880 1567
195882 196038 897
196039 196029 1447
196039 196034 601
196039 196038 759
196033 196028 1518
196034 196028 2915
196034 196039 601
196034 196041 201
196037 196036 841
196037 196044 3168
196051 196057 1699
196053 196057 678
196053 196059 768
202557 202556 1997
202557 202558 863
202557 202572 2892
202574 202572 523
202574 202575 680
202575 202574 680
202575 202576 1846
202578 202576 915
202757 202753 872
202759 202753 1948
202759 202770 1163
202770 202755 507
202770 202759 1163
202773 202804 2415
202805 202804 992
202805 202830 220
202825 202823 623
202825 202824 1365
202831 202830 684
202824 202821 1583
202824 202822 805
202824 202825 1365
202824 203236 678
203236 202824 678
203236 203237 1290
203240 203237 736
203251 203243 463
203318 203255 622
203318 203319 363
203484 203483 1102
203484 203485 1026
203486 203485 832
214395 203532 1477
203553 203533 2063
203554 203533 1973
203554 203552 938
205721 203552 1584
205721 205722 470
205722 203547 1786
205722 205721 470
203319 203318 363
203319 203320 1783
203319 203321 867
203276 203320 937
203279 203277 3714
205734 205733 1002
205742 205735 338
205799 205792 781
205799 205796 346
205800 205796 1447
205791 205788 590
205791 205792 844
205784 205797 833
205798 205797 1528
205798 207122 810
214605 205797 884
207122 205798 810
207122 205802 990
197150 197149 1524
197150 197157 883
197159 197157 1813
197159 202556 918
196041 196034 201
196041 196044 675
196054 196059 1695
196054 196060 681
196043 196446 2127
196442 196446 814
196442 196448 691
196265 196452 930
196444 196450 947
196444 196452 524
196449 196448 804
196449 196450 524
196448 196442 691
196448 196449 804
196448 196451 1018
196478 196480 2646
196478 196481 288
214616 215132 2538
215134 215132 815
196475 196476 545
196475 196483 532
196475 196484 445
196484 196475 445
196484 196477 419
196484 196483 504
196477 196476 790
196477 196484 419
196477 196487 857
196480 196478 2646
196480 196487 879
196533 196487 842
196533 196532 1757
196546 196563 864
196565 196563 696
196565 196567 612
196590 196592 883
196593 196592 2013
196593 196594 1003
197145 197149 779
205989 205986 754
205989 205987 1175
205991 205986 833
205991 205990 707
205991 205994 797
205995 205994 752
205995 206015 759
206015 205995 759
206015 206014 665
206020 206019 1020
206021 206019 872
206664 206663 900
214829 214743 30
205987 205948 793
205987 205989 1175
205950 202444 684
205965 202444 793
205965 205951 3044
205952 205795 594
205952 205951 853
205792 205791 844
205792 205794 867
205792 205799 781
205795 205794 791
205795 205952 594
206743 206728 457
206743 206740 790
206743 206746 732
206744 206728 2035
206744 206738 834
206744 206754 504
206744 206755 2063
206756 206738 2035
206756 206739 841
206756 206755 901
206681 206689 1098
214937 206689 1318
206735 206732 750
206737 206732 2034
206737 206739 751
206776 206739 606
206755 206744 2063
206755 206756 901
206755 206757 1120
206906 206912 750
206913 206912 1753
206913 206934 385
206934 206913 385
206934 206914 555
206950 206924 476
206959 206974 947
206999 206974 2807
207007 206975 346
207008 206975 526
207008 206978 347
207008 207009 1296
207009 207008 1296
207009 207022 1056
207026 207022 936
207026 207023 1192
209512 207022 626
207024 206996 1296
207024 207023 473
206998 206986 1487
206998 206995 773
206998 209281 796
206997 206995 1252
206997 206996 778
209283 209281 934
209285 209281 849
209285 209284 1488
209277 209276 1645
209277 209279 709
209277 209284 421
209300 209279 1366
209300 209301 908
209301 209290 1253
209301 209300 908
209301 209303 834
209306 209303 1227
209306 209338 670
209339 209333 1113
209339 209338 824
209341 209338 1329
209350 209259 1090
209350 209349 766
209351 209348 852
209351 209352 660
209351 209354 647
209354 209349 394
209354 209351 647
209342 209334 1496
209342 209343 730
209352 209343 182
209352 209351 660
178974 180199 1501
179038 179037 2919
179038 180199 4381
180200 180199 2149
180889 180887 682
180889 180888 1786
180889 180891 932
180895 180891 1004
180888 180244 765
180888 180247 452
180888 180889 1786
180888 180890 765
179036 179037 599
179036 179292 2824
179292 179036 2824
179292 180229 682
180232 180229 1919
180232 180231 1786
180232 180235 682
180870 180231 765
180870 180235 1796
180870 180887 849
180887 180244 1796
180887 180870 849
180887 180889 682
180212 180211 907
180905 180902 2629
180231 180232 1786
180231 180870 765
180231 180878 1919
180879 180878 925
180897 180896 765
180897 180923 849
180947 180923 1114
180880 180903 1236
180906 180907 743
180906 180908 53
180917 180907 2366
180908 180906 53
180908 180909 692
180898 180896 488
181123 181113 789
181205 181113 1307
181209 181113 951
181209 181210 927
181210 181208 688
181210 181209 927
181470 181208 1715
181223 181224 848
181223 181225 476
181471 181224 924
181225 181223 476
181225 181226 3019
181475 181226 688
181475 181474 562
181475 181485 1447
177531 181484 336
177531 181485 336
181485 177531 336
181485 181475 1447
181485 181484 238
181493 181494 562
181513 181494 599
181513 181511 889
181537 181539 1745
181537 181555 747
181540 181539 751
181555 181537 747
181555 181542 1677
181555 181558 1282
181558 181542 1638
181558 181555 1282
181558 181559 338
181568 181569 1686
181568 181583 849
181583 181568 849
181583 181581 1675
181572 181576 1124
181643 181576 677
181643 181644 1903
181644 181638 778
181644 181643 1903
181660 181638 932
181660 181659 932
181641 181642 673
181646 181642 905
181647 181642 2415
181647 181648 2459
181647 181650 1267
184568 184471 1934
184568 184480 818
184568 184569 713
184573 184569 1634
184550 184536 232
184572 184570 796
184572 184571 2015
184574 184570 1499
184553 184571 713
184534 184527 84
163127 163124 709
163127 163126 1055
163127 163129 790
163129 163127 790
163129 163128 924
163129 163131 709
184381 184380 630
184381 184382 828
184381 184532 2192
184541 184380 984
184541 184545 674
184535 184523 344
184545 184538 1592
184545 184541 674
184542 184533 790
184560 184533 1848
184560 184559 517
184559 184558 276
184559 184560 517
163136 184557 562
184539 184532 790
163131 163129 709
163131 163130 924
163131 163134 709
163134 163131 709
163134 163133 796
163085 163082 1268
163085 163086 796
163086 163085 796
163086 163087 906
163086 163098 953
163111 163110 790
163111 163124 1505
183161 183115 1184
183161 183160 511
183161 183169 1140
183169 183151 1515
183169 183161 1140
183169 183166 1357
183121 183122 324
183121 183124 2625
183165 183122 758
183165 183164 758
183165 184619 2568
183166 183152 766
183166 183169 1357
183124 183121 2625
183124 183125 259
183124 184619 1093
183126 183125 2237
183162 183164 673
183162 184665 2371
184667 184665 849
184664 184660 673
184664 184672 1004
184668 184669 344
184673 184669 2430
184673 184672 589
184682 184669 1449
184679 184641 890
184662 184663 253
948
140876
140593
140613
140615
140906
140911
140923
140958
140978
140984
140977
140986
186293
189716
186537
189714
186540
186538
186546
186198
186565
186587
186556
186558
186687
186698
186703
186715
186719
186724
186731
186738
186882
186848
186865
186867
186787
186844
186855
186869
140581
140689
140695
140706
140721
140728
140755
140757
140754
140573
140578
140548
140679
140680
140734
140739
140740
55653
55822
55823
55857
55902
56607
189817
189818
189718
189719
190245
190264
189822
189862
190218
195402
196144
214882
196172
196165
196173
196167
195516
195879
195883
196220
196221
196038
196028
196029
196036
196057
202558
202572
202576
202753
202755
202804
202823
202830
202821
202822
203237
203243
203255
203483
203485
203532
203533
203552
203547
203321
203320
203277
205733
205735
205796
205788
205797
205802
197157
202556
196044
196060
196059
196446
196452
196450
196451
196481
215132
196483
196476
196487
196532
196563
196567
196592
196594
197149
205986
205990
205994
206014
206019
206663
214743
205948
202444
205951
205794
206728
206738
206689
206732
206739
206740
206746
206754
206757
206912
206914
206924
206974
206975
206978
207022
207023
206986
206995
206996
209281
209284
209276
209279
209290
209303
209333
209338
209259
209348
209349
209334
209343
180199
180891
180247
180890
179037
180229
180235
180244
180211
180902
180878
180923
180903
180907
180909
180896
181113
181208
181224
181226
181474
181484
181494
181511
181539
181542
181559
181569
181581
181576
181638
181642
184471
184569
184536
184570
184571
184527
163126
163128
184382
184380
184523
184538
184533
184558
184557
184532
163130
163133
163082
163098
163124
163110
183115
183151
183122
183152
183125
183164
184619
184665
184660
184669
184672
184641
184663
184686
184654
184480
184516
184520
184651
184656
184702
184590
185728
183120
183032
183178
183144
183173
183160
183149
183344
183175
181730
181736
181746
181710
181713
181756
180851
180853
180847
180858
181612
181677
181681
181620
181683
182657
181650
181648
181672
181678
181694
181659
181697
181705
181702
181707
182047
182060
182057
182693
185804
182053
182840
182845
182843
182849
182846
182880
183490
183669
183678
183680
183682
183630
183699
183701
166507
174031
174041
174027
177225
182578
182577
184000
184020
184013
174047
174066
174073
174062
185229
174039
183283
183294
183312
183752
183743
183739
183775
183793
183795
183792
183789
183048
183033
183306
183330
183318
183377
183325
183327
183282
210421
210422
210425
210408
209516
209531
209533
209603
209613
209623
209657
210139
210142
210151
210143
210161
210221
210219
210223
210195
210214
162687
162815
162821
162848
162851
162879
163087
162880
162889
162900
162853
162903
162908
162862
162905
162857
162902
196008
198808
210431
210491
210496
178700
179202
179177
179200
179176
179130
179132
179258
179324
115373
116076
115546
116075
113859
106290
106403
32378
32347
35007
32384
32441
29472
114751
114737
194113
193137
193140
193087
193119
193149
193121
193142
193159
193166
193179
193208
190964
190968
193237
193241
193251
192177
192206
192151
192262
192152
35132
35149
29493
29494
30833
30829
30837
30854
32587
31721
31765
31769
32669
32697
29521
29523
30380
30382
30386
30396
30414
30772
30781
30802
32500
32502
32513
32555
30803
34831
34209
34210
30558
30825
35008
29482
29519
31738
31749
31615
31763
31774
31790
31828
32885
32901
32920
32930
32976
32980
32981
32995
33002
32996
33121
33119
33122
33127
33148
33152
32917
33202
33216
33222
33244
33249
33247
33629
33630
33633
33641
33542
33644
33554
33652
33673
34852
33671
16974
16980
17070
17071
17065
17100
17105
17161
17169
17166
17172
17186
17189
17305
17306
17748
17752
17793
17794
17992
17985
17797
17799
17812
17813
17226
17289
17285
17287
17300
17311
17313
17737
17758
17764
17784
17760
17780
17782
17788
17878
17882
17919
17864
17875
17881
17866
17868
18285
18158
18205
18206
18189
18198
17458
18188
18213
18271
18280
18194
18231
18292
18514
18302
18304
18297
18313
18261
18532
18566
18574
18545
18568
18569
18573
18743
18795
18811
18663
18677
18799
18706
18708
18801
18711
18827
18975
18966
18968
18964
25254
25286
25288
25257
25291
18955
25292
25341
25379
25376
25413
26676
26684
26721
26687
26724
26278
26293
26668
26298
26669
26297
26230
26232
26242
26286
26425
26505
26506
26509
26333
29110
29124
29121
29166
29167
29171
26307
29176
26423
26514
27316
27368
27365
27366
29400
29401
29419
53353
53359
29424
53171
53230
53238
53242
53169
53175
53152
53154
53356
53391
53654
54958
54959
54960
54982
54992
55561
55568
55569
55580
55590
55647
53656
49756
53740
53741
53746
141225
141208
141228
141230
141237
141205
195400
195401
195374
195375
195417
195418
195421
195388
195404
141263
141269
141279
140583
140612
140616
140905
140910
140919
140924
140959
140963
140979
140985
140988
140989
189717
189715
189711
189713
189709
186552
189708
186568
186586
186662
186559
186560
186564
186682
186696
186699
186702
186716
186720
186725
186732
189903
186849
186851
186866
186859
186842
186843
186846
189905
140597
140690
140696
140697
140719
140727
141009
140756
140760
140759
140577
140595
140681
144190
140685
140741
140744
140758
55670
55829
55834
55836
55855
55863
55907
56608
189820
189821
190266
190263
190222
190265
190279
189858
189864
195411
196145
214881
196227
194692
196224
195881
196239
195882
196051
196053
202557
202574
202575
202578
202757
202759
202770
202773
202805
202825
202831
203236
203240
203251
203318
203484
203486
214395
203553
203554
205721
203276
203279
205734
205742
205799
205800
205784
205798
207122
197150
197159
196041
196054
196043
196442
196265
196444
196478
214616
196480
196533
196546
196565
196590
196593
197145
205989
205991
205995
206015
206020
206021
206664
205987
205950
205965
205952
205795
206756
206681
214937
206735
206737
206776
206755
206906
206913
206934
206950
206959
206999
207007
207009
207026
207024
206998
206997
209283
209285
209277
209300
209301
209306
209339
209341
209350
209354
209342
209352
178974
179038
180889
179036
179292
180232
180870
180887
180905
180231
180879
180897
180880
180906
180917
180898
181123
181205
181209
181210
181470
181471
181225
177531
181493
181513
181537
181555
181568
181583
181572
181643
181644
181660
181641
181646
181647
184568
184573
184550
184572
184574
184553
163127
163129
184541
184545
184542
184560
184559
163136
184539
163131
163134
163085
163086
163111
183121
183166
183162
184667
184664
184668
184673
184682
184679
184662
