4446
89494 89496 712
80586 80587 1894
80586 80589 1537
87615 80478 1565
87615 90156 3295
90942 90943 1317
90942 90944 1169
80578 80596 748
80603 80600 1588
80603 80602 2007
83974 83965 475
80608 80609 2058
80641 81134 1796
81126 81127 1912
81126 81128 908
81129 81130 2460
81129 81136 5224
80659 80657 1613
80659 80724 5359
80715 80716 3555
80662 80663 2120
80662 80681 818
80663 80662 2120
80663 80680 790
80665 80666 3534
80668 80666 3414
80668 80669 1485
80771 80770 2560
80814 80821 1456
80749 80599 1309
80749 80748 2490
80751 80582 5905
80751 80583 5529
80658 80657 2541
80825 80824 2933
80818 80819 2335
80818 80873 1465
80860 80853 1717
80860 80861 2467
80864 80861 1720
80864 80862 2411
80841 80842 1088
80841 80845 1417
80852 80850 458
80852 80853 969
80747 80583 1338
80747 80748 2043
80757 80758 3777
80757 80759 1427
80580 80582 1281
80836 80837 1418
80836 80866 1892
80856 80874 1897
81426 81427 2564
81426 81428 2172
81428 81426 2172
81428 81427 1150
81428 81427 1150
80899 81471 1162
81465 81464 1936
81465 81471 3082
82778 82777 1355
82778 82777 1355
82794 82787 1862
82794 82795 1727
82780 82774 1963
82780 82859 951
82841 82888 10507
82844 90625 844
82854 82853 1155
82854 82855 611
82854 82934 4105
82935 82934 1444
82935 82943 1924
82935 91001 2464
81547 81546 314
81547 82951 441
82849 82845 66
82846 82845 799
82846 82860 1477
82846 82925 1744
82860 82846 1477
82860 82926 225
81408 81409 1872
81411 81460 2394
81507 81506 889
81507 81508 2373
81507 81630 1336
81549 81550 1498
81549 91727 2367
91214 84699 1730
91214 91212 2646
91214 91213 587
81378 81379 3811
81378 81380 3249
81378 81455 1922
81068 81419 1140
81068 81430 2242
81430 81068 2242
81430 87148 943
81418 80892 1697
81418 81435 2373
81447 81445 2284
81447 81448 933
81442 81441 419
81442 81443 766
81443 81442 766
81443 81444 1152
81443 81445 3009
80867 80894 1708
80888 80886 2515
80888 80895 1820
80885 80886 3927
80885 81366 1562
80885 81367 559
90516 90515 203
90517 90132 1395
90517 90515 2157
90592 90591 3223
90592 90593 1992
90062 90063 4698
90062 90514 1792
90132 90130 1348
90132 90514 1222
90132 90517 1395
90129 90130 2050
90129 90612 1086
83492 83491 2799
83492 83493 2781
91889 91890 1124
91889 91891 1471
89580 89581 2116
89580 89582 4470
86049 85654 3829
86049 86131 771
86133 85174 333
86133 86132 1624
86057 86046 7169
86057 90495 3797
86057 90557 3498
90501 90502 698
90501 90503 562
90576 90577 1123
90576 90578 1266
90580 86127 938
90580 90583 1882
90584 90583 3478
90584 91519 2123
89685 89684 688
89685 90021 825
83489 83490 1506
83489 83491 5021
91148 91146 114
91148 91862 202
89635 89636 222
89635 91883 210
73492 73493 686
73505 66330 244
73505 73471 1710
73505 73509 452
73518 73506 1400
66352 66351 1170
66352 73512 698
73507 73506 1014
73475 73474 1766
73511 66340 475
73511 73474 754
73512 66340 1287
73512 66352 698
65818 65817 1021
65818 65820 688
66465 65819 1015
66467 66469 755
66467 66470 2001
66477 66469 755
66477 66479 2069
66479 66471 790
66479 66477 2069
66483 66471 1819
66483 66505 452
66523 66537 678
66534 66507 686
66510 66508 554
66510 66511 581
66509 66491 1741
66509 66508 57
66017 58193 547
66017 66013 3122
66027 66028 1512
66027 66029 1732
66627 66624 672
66627 66631 957
66673 66655 1162
66673 66678 1898
66675 66676 238
66662 66664 812
66689 66676 1541
66689 66690 796
56923 56918 2139
56923 56924 1232
56923 69146 4428
56925 56924 7283
56925 76875 3621
79236 56978 10020
79236 79237 6270
79236 79302 3383
56976 56978 1399
56977 56980 2418
56968 56969 3285
56979 79314 950
77358 77359 1765
77358 77360 1421
77366 77374 797
77368 77369 769
77368 77370 594
77370 77368 594
77370 77375 789
170157 170137 422
170157 170173 556
170177 170178 506
170180 170172 601
170180 170178 1778
170180 172198 2335
170249 170248 1944
159912 159910 631
159909 159918 436
159915 159917 506
159915 159918 3000
159916 159910 2111
159916 159917 3112
159916 159920 601
58375 58367 601
58381 58314 907
58381 58380 818
58383 58316 2052
58383 58385 475
58424 58422 3025
58424 58425 4318
58706 58729 674
58706 58730 844
58706 58731 1454
58707 58708 2481
58707 58709 1119
58709 58707 1119
58709 58710 2789
58722 58710 1103
58722 58724 2127
58724 58722 2127
58724 58738 436
58739 58738 1357
58739 58740 782
58765 58740 2721
58765 58768 688
58758 58759 672
58767 58769 1271
58767 58784 1266
58776 58775 782
58776 58777 1810
58761 58759 2248
58761 58778 1037
58775 58776 782
58775 58779 1103
58763 58760 1891
58763 58778 518
58763 58780 878
58878 58871 601
58878 58879 1309
58878 58880 445
58870 58871 3759
58870 58918 2019
58914 58918 1484
58914 58919 753
58928 58929 851
58928 58933 851
58932 58933 1111
58934 58933 518
58934 58937 506
59340 59281 1011
59340 59341 1085
59272 59281 337
59280 59281 1396
59295 59347 711
59295 59355 760
59297 59301 851
59297 59355 782
59299 59300 844
59299 59301 1664
59380 59376 168
59380 77567 1031
59385 59381 1558
59360 59356 1165
59360 77565 1774
59383 59381 844
59383 59384 506
58203 58205 2559
58448 58205 716
58448 58449 452
58448 58454 2588
58455 58454 752
58455 58456 2307
58326 58324 1301
58326 58456 1124
58324 58323 1014
58324 58326 1301
58324 58328 1148
76685 77588 657
58473 58474 2554
58475 58474 756
58619 58620 2074
58621 58622 473
58621 58630 63
58397 58481 1211
58397 58482 2715
58399 58549 777
58407 58405 874
58410 58409 2666
58410 58414 830
58429 58427 1701
58429 58562 1422
58565 58589 792
58588 58589 2217
58588 58590 880
58447 58443 768
58447 58446 1467
58601 58445 2220
58601 58967 672
58734 58446 844
58734 58735 238
58773 58772 344
58592 58589 908
58592 58591 1505
60741 77543 598
58789 58788 222
58904 58903 222
117215 117209 1891
117215 117214 1031
117243 117214 812
117243 117241 752
117243 117262 1886
61074 61093 2112
61074 77537 685
61094 61093 789
61100 61098 1960
61100 61101 538
61098 61100 1960
61098 61148 1750
61098 61150 838
61148 61098 1750
61148 61152 698
61166 61152 1682
61166 61167 698
61192 61193 283
62708 61206 1630
62708 62709 1019
62709 62708 1019
62709 62710 929
62712 62711 3464
63531 63511 693
63521 63520 452
63521 63522 452
63525 63519 1585
63525 63522 672
63537 63530 295
63537 78274 832
73488 73490 761
73486 79092 1977
62026 62027 254
62030 62027 3266
62030 62031 538
62028 62027 1214
62028 62037 1068
62048 62037 2529
62048 62050 279
62051 62050 1505
62187 62062 1366
62187 62186 1675
62178 62180 1311
62178 62195 3052
62180 62178 1311
62180 62195 1779
62185 62188 1425
63517 63516 558
63519 63516 140
63519 63525 1585
61768 61767 698
61768 61799 1044
61775 61776 613
61775 61799 913
61791 61774 1204
61791 61790 905
61791 61794 1287
61717 61714 752
61717 61716 752
61717 61721 1548
61718 61694 356
61718 61715 554
61694 61693 1905
61694 61695 875
61694 61718 356
61732 61695 1212
61732 61733 891
61742 61733 140
61726 61624 752
61625 61623 789
61625 61624 1750
61833 61623 1884
61833 61834 789
61842 61834 1823
61842 61840 838
61842 61855 1751
61854 61855 611
77110 77111 682
77113 61845 1065
77113 61855 665
77113 78171 530
61903 76903 1372
61910 78164 673
63649 63644 279
63649 63650 478
62004 62002 2252
62067 61996 338
61977 61975 3141
61977 61995 238
61995 61977 238
61995 61994 2451
62000 61998 2545
62000 61999 988
62094 62095 562
62100 62101 620
62100 62102 795
62100 62111 507
61666 61648 809
61666 61656 650
61666 61669 512
61673 61658 1227
61673 61668 812
61673 61677 2166
61676 61670 740
61676 61860 1588
62282 62275 740
62282 62278 838
62282 62290 1536
62286 62278 538
62291 62290 675
62291 77133 500
62296 62297 660
62296 62298 594
62035 62019 2491
62035 62050 977
62036 62034 812
62036 62042 875
62055 62056 1088
62055 62060 1349
57220 57225 892
56845 57078 2006
57176 57177 495
57176 57180 938
57179 57180 254
57179 76514 256
57196 57202 476
57196 57218 2097
57197 76514 922
57200 57201 1086
57200 57202 339
57218 57196 2097
57218 57223 1257
57564 57708 977
57564 57709 8731
57587 57588 248
57587 57593 2783
57840 76493 1010
57574 57601 13944
57574 76753 5085
57497 57518 1827
57497 57522 1577
57532 57531 1146
57532 57555 624
56945 56944 313
56945 57487 311
57489 57486 862
57489 57492 926
56944 56945 313
56944 76524 482
77407 57487 1670
77407 77409 665
57661 57662 1103
57661 57663 796
57665 57663 562
57665 57667 469
57642 57643 538
57642 57682 481
57701 76501 234
57696 57698 626
57702 57703 414
57702 57704 330
57082 57083 508
57177 57176 495
57177 57178 963
57243 57248 596
57243 57720 666
57243 77422 1290
57716 57713 2812
57716 57715 1814
57248 57243 596
57248 77419 1228
57726 57720 559
57726 57727 876
57709 57564 8731
57709 57710 939
57285 57286 2310
65922 65920 1014
65922 65923 1510
65922 65952 713
65962 65963 1228
65962 66034 1892
65991 65989 1152
65991 65996 741
65991 66035 2854
65967 65964 1741
65967 65968 1032
65967 66036 1519
66006 66003 793
65808 65809 476
65808 65812 712
65814 65815 905
65814 65821 1190
66470 66467 2001
66470 66487 1004
66470 66489 1345
66484 66485 667
65811 65812 1069
65811 65817 812
65821 65812 2606
65821 65814 1190
65830 58162 603
65830 65838 1855
65830 77395 610
58162 58174 1906
58162 65830 603
65831 65833 793
65805 65806 690
65805 65807 998
65671 65692 18
66342 66343 675
66342 66346 595
66346 66342 595
66346 66347 706
66346 66348 578
62342 62343 307
62342 66330 1286
66329 73471 405
91336 79266 5184
91336 91337 4762
87191 87192 2077
91476 91474 459
91476 91562 814
91563 91562 2265
87509 87508 1189
87509 87557 5069
87511 87507 2626
87511 90815 2430
87513 87559 405
89287 89286 1358
89287 89288 778
89289 89286 672
89289 89298 1776
87778 87777 675
87778 87779 1923
81050 81049 614
87779 87778 1923
87779 87780 613
87832 87780 1629
87832 87828 613
87832 87833 631
87833 81049 1163
87833 87829 985
87833 87832 631
89299 89298 667
89299 89301 1189
89312 89313 778
89312 89326 592
89315 89316 1611
89319 89320 452
89313 89312 778
89313 89325 769
87578 87579 1162
87588 87507 848
87588 87576 1464
89237 89238 1268
89237 89238 1268
89240 89241 793
89240 89360 581
89361 89360 853
87856 87855 853
87856 87857 1140
89303 87857 853
89303 89302 761
89303 89351 1014
89353 89424 476
89247 89246 893
89247 89366 1353
89366 89247 1353
89366 89368 782
89366 89371 2057
89370 89371 848
89377 89387 893
89377 89410 1455
89397 89400 1124
89397 89403 5959
89400 89397 1124
89400 89402 5964
89401 89402 818
89401 91811 867
89617 89407 1274
89617 89551 452
89617 91810 567
91810 89408 3298
91810 89617 567
87575 87576 1702
87575 87580 1934
87575 87616 4656
87605 87606 922
87605 87607 1262
87608 84710 826
87608 87609 4416
87611 84712 1259
87611 87612 371
89016 89017 4036
89016 89037 974
91154 89583 3561
91600 91601 3411
91600 91602 2264
89496 89494 712
80587 80586 1894
80589 80586 1537
80589 80588 892
80478 80479 7568
80478 80499 7355
80478 87615 1565
90156 87615 3295
90943 90942 1317
90944 90942 1169
90944 90945 3882
90944 91682 1461
80596 80551 3639
80596 80578 748
80600 80601 889
80600 80603 1588
80600 80604 2223
80602 80601 2271
80602 80603 2007
80602 80604 2335
83965 80588 3658
83965 83966 1367
83965 83974 475
80609 80608 2058
80609 80610 5345
80609 80611 193
81134 80641 1796
81134 81132 5041
81134 90655 2664
81127 81126 1912
81128 81126 908
81130 81129 2460
81130 81131 2350
81130 81135 6484
81136 81129 5224
81136 81135 893
81136 81142 1186
80657 80658 2541
80657 80659 1613
80657 80723 688
80724 80659 5359
80724 80718 2700
80724 81253 1232
80716 80715 3555
80716 80717 2007
80716 80718 1839
80681 80662 818
80680 80663 790
80666 80665 3534
80666 80667 1915
80666 80668 3414
80669 80668 1485
80770 80771 2560
80770 80821 673
80821 80770 673
80821 80814 1456
80821 80819 966
80599 80597 3646
80599 80598 2338
80599 80749 1309
80748 80747 2043
80748 80749 2490
80748 80758 1637
80582 80580 1281
80582 80583 1757
80582 80751 5905
80583 80582 1757
80583 80747 1338
80583 80751 5529
80824 80727 709
80824 80825 2933
80824 81216 3063
80819 80818 2335
80819 80820 1536
80819 80821 966
80873 80818 1465
80853 80852 969
80853 80854 796
80853 80860 1717
80861 80860 2467
80861 80862 1601
80861 80864 1720
80862 80861 1601
80862 80863 3846
80862 80864 2411
80842 80841 1088
80842 80843 1625
80842 80843 1625
80845 80841 1417
80845 80846 3087
80845 80848 2583
80845 80850 746
80850 80845 746
80850 80851 1153
80850 80852 458
80758 80748 1637
80758 80757 3777
80758 80760 1249
80759 80757 1427
80759 80760 3996
80759 80762 1505
80837 80836 1418
80866 80836 1892
80874 80856 1897
80874 80875 3019
80874 82772 1864
81427 81426 2564
81427 81428 1150
81427 81428 1150
81471 80899 1162
81471 81465 3082
81471 81472 562
81464 81465 1936
81464 82770 672
82777 82776 1162
82777 82778 1355
82777 82778 1355
82787 82788 542
82787 82794 1862
82787 82836 675
82795 82794 1727
82774 82773 4861
82774 82780 1963
82774 82859 2220
82859 82774 2220
82859 82780 951
82859 90628 1086
82888 82841 10507
82888 82869 279
82888 82876 8215
82888 82897 374
90625 82844 844
90625 90626 2618
90625 90627 438
82853 82851 633
82853 82854 1155
82853 82924 1575
82855 82854 611
82855 82856 1365
82855 84923 1080
82934 82854 4105
82934 82935 1444
82934 82945 2353
82943 82930 1953
82943 82935 1924
82943 82944 3240
91001 82935 2464
81546 81545 3614
81546 81547 314
81546 91747 542
82951 81547 441
82951 82949 306
82845 81726 2930
82845 82846 799
82845 82849 66
82845 82948 836
82925 82846 1744
82925 82926 2457
82925 82947 11706
82926 82851 277
82926 82860 225
82926 82925 2457
81409 81408 1872
81409 81412 3011
81460 81411 2394
81460 81455 2725
81460 81459 92
81506 81504 2966
81506 81507 889
81506 91211 581
81508 81505 762
81508 81507 2373
81508 90687 1606
81630 81475 2764
81630 81507 1336
81630 81631 254
81550 81549 1498
81550 81551 620
81550 81556 2075
91727 81549 2367
84699 84700 2936
84699 84701 2114
84699 91214 1730
91212 84707 1014
91212 91214 2646
91212 91775 516
91213 84707 2648
91213 91214 587
91213 91822 1341
81379 81378 3811
81379 81388 1118
81380 81378 3249
81380 81381 2037
81380 81435 762
81455 81378 1922
81455 81456 4127
81455 81460 2725
81419 80894 2000
81419 81068 1140
81419 81420 1869
87148 81430 943
80892 80893 1114
80892 80894 1275
80892 81418 1697
81435 81380 762
81435 81418 2373
81435 87168 2276
81445 81443 3009
81445 81446 755
81445 81447 2284
81448 81447 933
81441 81440 607
81441 81442 419
81444 81443 1152
80894 80867 1708
80894 80892 1275
80894 81419 2000
80886 80885 3927
80886 80887 985
80886 80888 2515
80886 81382 1068
80895 80888 1820
80895 80893 1792
80895 81382 1828
81366 80885 1562
81366 81377 2955
81367 80885 559
81367 81376 614
90515 90516 203
90515 90517 2157
90515 90614 1414
90591 90590 753
90591 90592 3223
90591 90614 356
90593 90592 1992
90063 90062 4698
90063 90064 1489
90063 90514 4229
90514 90062 1792
90514 90063 4229
90514 90132 1222
90130 90129 2050
90130 90131 1049
90130 90132 1348
90612 90129 1086
83491 83489 5021
83491 83492 2799
83491 91892 2905
83493 83492 2781
83493 83494 1469
83493 83515 856
91890 91889 1124
91891 91889 1471
89581 89580 2116
89582 89580 4470
85654 85653 1628
85654 85655 2037
85654 86049 3829
86131 86049 771
86131 86132 1222
86131 86134 1185
85174 85175 1787
85174 85177 418
85174 86133 333
86132 85175 889
86132 86131 1222
86132 86133 1624
86046 86047 1187
86046 86057 7169
86046 90563 1398
90495 86057 3797
90495 90476 1974
90495 90477 1533
90495 90557 2615
90557 86057 3498
90557 90495 2615
90557 90565 196
90502 90501 698
90502 90507 405
90502 90508 614
90503 90501 562
90503 90504 3368
90503 90512 1667
90577 90576 1123
90578 90576 1266
86127 86126 1101
86127 90580 938
90583 90580 1882
90583 90584 3478
91519 90584 2123
89684 89685 688
89684 89704 13527
89684 90005 1613
89684 90021 426
90021 89684 426
90021 89685 825
90021 90022 1653
83490 83489 1506
91146 91145 147
91146 91147 160
91146 91148 114
91862 91148 202
89636 89635 222
89636 89637 195
89636 89638 205
91883 89635 210
73493 73490 333
73493 73492 686
66330 62342 1286
66330 73490 1321
66330 73505 244
73471 66329 405
73471 66345 1676
73471 73505 1710
73509 73505 452
73506 73472 1347
73506 73507 1014
73506 73518 1400
66351 66341 529
66351 66352 1170
66351 73472 2547
73474 73475 1766
73474 73511 754
73474 73513 955
66340 66341 490
66340 73511 475
66340 73512 1287
65817 65811 812
65817 65818 1021
65817 65819 1762
65820 65818 688
65819 65817 1762
65819 65826 925
65819 66465 1015
66469 66467 755
66469 66471 2479
66469 66477 755
66471 66469 2479
66471 66479 790
66471 66483 1819
66471 66489 698
66505 66483 452
66505 66489 2106
66505 66507 713
66537 66523 678
66507 66505 713
66507 66506 1612
66507 66534 686
66508 66509 57
66508 66510 554
66511 66510 581
66491 66486 925
66491 66496 633
66491 66504 956
66491 66509 1741
58193 58192 2821
58193 58194 522
58193 66017 547
66013 58192 748
66013 65847 1956
66013 66014 520
66013 66017 3122
66028 66027 1512
66028 76580 729
66029 66027 1732
66029 66030 989
66029 66031 3129
66624 66622 818
66624 66626 713
66624 66627 672
66624 66628 577
66631 66627 957
66655 66656 1056
66655 66657 1943
66655 66673 1162
66678 66673 1898
66678 66677 512
66678 66682 672
66678 66683 1792
66676 66675 238
66676 66677 714
66676 66689 1541
66664 66662 812
66690 66677 1443
66690 66683 782
66690 66689 796
56918 56872 771
56918 56923 2139
56924 56923 1232
56924 56925 7283
69146 56923 4428
69146 64379 2047
69146 78410 712
76875 56925 3621
76875 77306 1010
76875 77809 1552
56978 56976 1399
56978 79236 10020
79237 79236 6270
79237 79238 1000
79237 79288 3070
79302 79236 3383
79302 84851 985
79302 90620 3982
56980 56977 2418
56980 79313 686
56969 56968 3285
56969 79269 4328
79314 56979 950
79314 79315 148
79314 91249 2586
79314 91479 3929
77359 77358 1765
77359 77362 2686
77359 77363 1443
77360 77358 1421
77374 77366 797
77369 57341 1529
77369 77368 769
77369 77372 350
77375 77370 789
170137 170127 2223
170137 170157 422
170173 170157 556
170173 170172 1667
170173 170178 591
170178 170173 591
170178 170177 506
170178 170180 1778
170172 170127 422
170172 170173 1667
170172 170180 601
170172 172197 2335
172198 170180 2335
170248 170249 1944
170248 170275 2787
159910 159911 518
159910 159912 631
159910 159916 2111
159918 159909 436
159918 159915 3000
159918 159921 601
159917 159915 506
159917 159916 3112
159917 159919 591
159917 159921 3113
159920 159911 2113
159920 159916 601
159920 159919 3223
159920 159924 675
58367 58307 753
58367 58366 905
58367 58375 601
58314 58312 796
58314 58315 907
58314 58381 907
58380 58307 848
58380 58381 818
58380 58384 791
58316 58315 1086
58316 58317 2036
58316 58383 2052
58385 58383 475
58422 58406 4591
58422 58423 2678
58422 58424 3025
58425 58424 4318
58425 58728 376
58729 58706 674
58729 58728 255
58729 77524 1526
58730 58706 844
58730 58732 1778
58730 58737 737
58730 77525 1128
58731 58706 1454
58731 58732 864
58708 58707 2481
58710 58709 2789
58710 58722 1103
58710 58723 2237
58738 58723 684
58738 58724 436
58738 58739 1357
58740 58739 782
58740 58741 672
58740 58765 2721
58768 58741 2805
58768 58765 688
58768 58769 1114
58759 58758 672
58759 58760 1941
58759 58761 2248
58769 58767 1271
58769 58768 1114
58769 58770 403
58784 58767 1266
58784 58777 1114
58784 58785 562
58777 58776 1810
58777 58783 935
58777 58784 1114
58778 58761 1037
58778 58763 518
58778 58779 1344
58779 58775 1103
58779 58778 1344
58779 58781 601
58779 58783 2568
58760 58759 1941
58760 58763 1891
58780 58763 878
58780 58781 480
58871 58870 3759
58871 58872 277
58871 58878 601
58871 58880 811
58879 58878 1309
58880 58781 1857
58880 58871 811
58880 58878 445
58880 58881 924
58880 58882 1202
58918 58870 2019
58918 58914 1484
58918 58920 873
58918 58923 818
58919 58914 753
58919 58920 1636
58919 58921 684
58929 58928 851
58933 58928 851
58933 58932 1111
58933 58934 518
58933 58935 782
58937 58934 506
58937 59341 760
59281 59272 337
59281 59280 1396
59281 59340 1011
59281 59342 752
59341 58937 760
59341 59340 1085
59341 59342 1395
59341 59344 893
59341 59345 1271
59347 59295 711
59347 59345 422
59347 59346 1891
59355 59295 760
59355 59297 782
59355 59356 905
59355 59357 768
59301 59297 851
59301 59299 1664
59301 59318 851
59300 59299 844
59300 59318 1561
59376 59377 648
59376 59380 168
59376 59381 1796
77567 59380 1031
59381 59376 1796
59381 59383 844
59381 59385 1558
59356 59348 2113
59356 59355 905
59356 59358 711
59356 59360 1165
77565 59360 1774
59384 59383 506
58205 58191 837
58205 58203 2559
58205 58448 716
58205 77528 2248
58449 58448 452
58454 58448 2588
58454 58455 752
58454 77528 1138
58456 58326 1124
58456 58455 2307
58456 77526 761
58323 58319 556
58323 58324 1014
58328 58324 1148
77588 76685 657
58474 58473 2554
58474 58475 756
58474 58481 891
58620 58619 2074
58622 58621 473
58630 58621 63
58630 58631 410
58481 58397 1211
58481 58474 891
58481 58482 2689
58482 58397 2715
58482 58481 2689
58549 58399 777
58405 58404 613
58405 58407 874
58405 58409 475
58409 58405 475
58409 58410 2666
58409 58412 1170
58414 58410 830
58414 58413 1742
58414 58428 768
58427 58426 771
58427 58428 436
58427 58429 1701
58562 58429 1422
58589 58565 792
58589 58588 2217
58589 58592 908
58590 58434 1737
58590 58588 880
58590 58591 848
58443 58441 1592
58443 58442 591
58443 58447 768
58446 58441 711
58446 58447 1467
58446 58733 1000
58446 58734 844
58445 58442 778
58445 58600 556
58445 58601 2220
58967 58601 672
58735 58734 238
58772 58771 905
58772 58773 344
58591 58590 848
58591 58592 1505
58591 58593 753
77543 60741 598
58788 58787 374
58788 58789 222
58903 58902 344
58903 58904 222
117209 117210 266
117209 117212 838
117209 117215 1891
117214 117212 1816
117214 117215 1031
117214 117243 812
117241 117213 2560
117241 117240 698
117241 117243 752
117241 117247 2018
117262 117243 1886
117262 117247 650
61093 61074 2112
61093 61094 789
61093 61095 1023
77537 61074 685
61101 61100 538
61101 61106 955
61101 61156 725
61150 61098 838
61150 61152 1750
61150 61154 752
61150 61156 1096
61152 61148 698
61152 61150 1750
61152 61153 789
61152 61166 1682
61167 61153 1750
61167 61166 698
61167 61169 1675
61193 61175 2761
61193 61192 283
61193 61205 1563
61206 61200 923
61206 61205 3062
61206 61207 1376
61206 62708 1630
62710 62709 929
62710 63510 1124
62711 62712 3464
63511 63510 1453
63511 63514 360
63511 63528 214
63511 63531 693
63520 61795 1640
63520 63513 796
63520 63521 452
63522 63515 1640
63522 63521 452
63522 63525 672
63530 63529 238
63530 63537 295
78274 63537 832
73490 66330 1321
73490 73488 761
73490 73493 333
79092 73486 1977
62027 62026 254
62027 62028 1214
62027 62030 3266
62031 62030 538
62037 62019 613
62037 62028 1068
62037 62048 2529
62050 62035 977
62050 62048 279
62050 62051 1505
62062 62056 2024
62062 62187 1366
62186 62187 1675
62195 62178 3052
62195 62180 1779
62195 62196 1347
62188 62185 1425
62188 62196 3975
62188 62196 3975
63516 63515 672
63516 63517 558
63516 63519 140
61767 61766 277
61767 61768 698
61767 61774 1287
61799 61768 1044
61799 61775 913
61799 61776 902
61776 61774 419
61776 61775 613
61776 61799 902
61774 61767 1287
61774 61771 782
61774 61776 419
61774 61791 1204
61790 61788 437
61790 61791 905
61790 61793 1287
61794 61791 1287
61794 61793 905
61794 63515 1038
61714 61557 1486
61714 61577 712
61714 61715 792
61714 61717 752
61716 61579 650
61716 61580 1144
61716 61717 752
61721 61717 1548
61715 61689 1857
61715 61714 792
61715 61718 554
61693 61689 830
61693 61692 942
61693 61694 1905
61695 61692 1857
61695 61694 875
61695 61707 674
61695 61732 1212
61733 61713 1011
61733 61732 891
61733 61742 140
61733 61796 1117
61624 61621 698
61624 61625 1750
61624 61726 752
61623 61621 1823
61623 61625 789
61623 61626 752
61623 61833 1884
61834 61626 2018
61834 61637 950
61834 61833 789
61834 61842 1823
61840 61637 1952
61840 61841 977
61840 61842 838
61840 61845 1816
61855 61842 1751
61855 61845 929
61855 61854 611
61855 77113 665
77111 77110 682
61845 61840 1816
61845 61844 891
61845 61855 929
61845 77113 1065
78171 77113 530
76903 61903 1372
78164 61910 673
63644 63643 1301
63644 63649 279
63650 63647 650
63650 63649 478
62002 62003 2297
62002 62004 2252
61996 61993 1004
61996 61994 676
61996 62067 338
61975 61971 3010
61975 61973 1121
61975 61974 1086
61975 61977 3141
61994 61992 423
61994 61995 2451
61994 61996 676
61998 61961 1385
61998 62000 2545
61999 61957 1068
61999 61961 2508
61999 62000 988
62095 62094 562
62101 62100 620
62102 62100 795
62111 62100 507
61648 61646 1012
61648 61655 650
61648 61666 809
61648 61667 419
61656 61655 809
61656 61657 1170
61656 61666 650
61656 61668 950
61669 61666 512
61669 61670 1012
61669 61674 337
61658 61659 730
61658 61660 512
61658 61673 1227
61658 61981 1349
61668 61656 950
61668 61672 1031
61668 61673 812
61677 61673 2166
61677 61986 1686
61670 61669 1012
61670 61675 613
61670 61676 740
61860 61664 538
61860 61676 1588
62275 62273 419
62275 62281 195
62275 62282 740
62275 62284 170
62278 62277 675
62278 62282 838
62278 62286 538
62290 62282 1536
62290 62283 686
62290 62291 675
77133 62291 500
62297 62296 660
62298 62296 594
62019 62017 2332
62019 62018 812
62019 62035 2491
62019 62037 613
62034 62016 2062
62034 62018 748
62034 62036 812
62042 62036 875
62056 62055 1088
62056 62061 1347
62056 62062 2024
62060 62055 1349
62060 62061 752
57225 57220 892
57225 57228 741
57225 57229 1013
57078 56845 2006
57078 57079 518
57180 57176 938
57180 57179 254
76514 57179 256
76514 57197 922
76514 77965 1259
57202 57196 476
57202 57200 339
57202 57226 2129
57201 57199 1188
57201 57200 1086
57201 57222 2205
57223 57218 1257
57223 57224 203
57223 57226 419
57708 57564 977
57708 76751 1894
57708 76754 1697
57588 57587 248
57588 57589 1508
57588 57590 5129
57593 57587 2783
57593 57785 369
57593 57786 129
76493 57840 1010
76493 76502 2527
57601 57574 13944
57601 57598 3560
57601 57909 8113
76753 57574 5085
57518 57497 1827
57518 57519 982
57518 57523 64
57522 57497 1577
57522 57519 237
57522 57528 1298
57531 57528 870
57531 57532 1146
57531 57533 800
57555 57532 624
57555 57533 1432
57487 56945 311
57487 57486 1599
57487 77407 1670
57486 57487 1599
57486 57488 1091
57486 57489 862
57492 57489 926
57492 57514 1143
76524 56944 482
77409 77407 665
57662 57661 1103
57663 57659 542
57663 57661 796
57663 57665 562
57663 57668 551
57667 57665 469
57667 57669 313
57643 57642 538
57643 57644 326
57643 57677 576
57682 57642 481
57682 57683 492
57682 57706 386
76501 57701 234
57698 57621 1319
57698 57696 626
57703 57702 414
57704 57702 330
57083 57082 508
57178 57177 963
57178 57729 828
57720 57243 666
57720 57726 559
57720 77423 1307
57720 77423 1307
77422 57243 1290
57713 57714 1145
57713 57715 2545
57713 57716 2812
57715 57713 2545
57715 57716 1814
57715 57722 818
77419 57248 1228
57727 57726 876
57710 57709 939
57286 57285 2310
57286 78032 2160
57286 78650 694
65920 65905 445
65920 65921 1208
65920 65922 1014
65923 65922 1510
65923 65924 735
65923 65925 547
65952 65922 713
65952 65950 832
65952 65953 551
65963 65962 1228
66034 65962 1892
65989 65987 828
65989 65990 813
65989 65991 1152
65996 65991 741
65996 65997 3292
65996 65999 2114
66035 65991 2854
65964 65965 893
65964 65967 1741
65968 65967 1032
65968 65969 1231
65968 66037 925
65968 66039 1421
66036 65967 1519
66036 66039 427
66036 66041 4914
66003 65857 1539
66003 66006 793
66003 66010 254
65809 65808 476
65812 65808 712
65812 65811 1069
65812 65821 2606
65815 65814 905
66487 66470 1004
66487 66488 688
66487 66506 2018
66489 66470 1345
66489 66471 698
66489 66505 2106
66485 65843 1106
66485 66484 667
66485 66486 1190
65838 65830 1855
65838 65837 1950
77395 65830 610
77395 65844 587
77395 77396 1063
58174 58162 1906
58174 58175 484
58174 65833 770
58174 77402 107
65833 58174 770
65833 65831 793
65833 65834 1344
65833 65835 2084
65806 65805 690
65806 66002 1632
65807 65805 998
65807 65980 713
65807 66004 1425
65692 65671 18
66343 66342 675
66343 66344 476
66343 66345 1762
66347 66346 706
66348 66346 578
66348 76584 1847
62343 62342 307
79266 79267 5995
79266 79269 7006
79266 79286 6881
79266 91336 5184
91337 91336 4762
87192 87188 2300
87192 87191 2077
87192 91474 2210
91474 87192 2210
91474 91476 459
91474 91562 782
91562 91474 782
91562 91476 814
91562 91563 2265
87508 87507 1056
87508 87509 1189
87508 87581 1543
87557 80443 2217
87557 87509 5069
87557 87560 1795
87507 87508 1056
87507 87511 2626
87507 87588 848
90815 87511 2430
87559 87188 2963
87559 87513 405
89286 89284 782
89286 89285 1779
89286 89287 1358
89286 89289 672
89288 89284 1273
89288 89287 778
89298 89285 782
89298 89289 1776
89298 89299 667
89298 89300 1538
87777 87778 675
87777 87780 1979
87777 87813 675
81049 81050 614
81049 87833 1163
87780 87777 1979
87780 87779 613
87780 87814 675
87780 87832 1629
87828 87814 1692
87828 87826 664
87828 87829 1313
87828 87832 613
87829 87828 1313
87829 87830 526
87829 87833 985
89301 89299 1189
89301 89300 848
89301 91702 761
89301 91706 951
89326 89312 592
89316 89315 1611
89316 89317 1340
89316 89327 3748
89320 89319 452
89320 89328 5262
89325 89313 769
87579 87578 1162
87576 87575 1702
87576 87577 1189
87576 87581 1874
87576 87588 1464
89238 89237 1268
89238 89237 1268
89238 89239 632
89241 89240 793
89241 89242 1205
89241 89362 1140
89360 89240 581
89360 89358 796
89360 89361 853
87855 87854 1004
87855 87856 853
87855 89773 2540
87857 87854 677
87857 87856 1140
87857 89303 853
87857 89357 1004
89302 89303 761
89302 89308 1014
89351 89303 1014
89351 89308 761
89351 89329 1000
89351 89357 769
89424 89353 476
89424 89425 1222
89424 89426 452
89246 89245 778
89246 89247 893
89246 89367 930
89368 89366 782
89368 89369 111
89368 89375 1186
89371 89366 2057
89371 89370 848
89371 89374 713
89387 89377 893
89387 89385 672
89387 89447 1288
89410 89377 1455
89410 89409 3540
89410 89411 602
89410 89447 1357
89403 89397 5959
89403 89402 611
89402 89400 5964
89402 89401 818
89402 89403 611
91811 89401 867
89407 89406 678
89407 89617 1274
89551 89550 785
89551 89617 452
89408 89409 4825
89408 91810 3298
87580 87575 1934
87580 87581 1543
87580 87595 2025
87616 87575 4656
87616 87596 1450
87616 87601 1861
87606 87605 922
87607 87605 1262
84710 84711 2401
84710 84712 1594
84710 87608 826
87609 84711 1208
87609 87608 4416
87609 87610 958
84712 84710 1594
84712 84711 807
84712 87611 1259
87612 87611 371
89017 89016 4036
89017 89018 2924
89017 91372 1026
89037 89016 974
89037 89035 933
89037 91738 3534
89583 89584 1705
89583 91154 3561
91601 91600 3411
91602 91600 2264
80588 80589 892
80588 80590 1118
80588 83965 3658
80479 80478 7568
80479 80480 1834
80479 80537 3257
80499 80478 7355
80499 80498 2267
80499 80500 1602
90945 90944 3882
90945 90946 2678
90945 90947 2874
90945 90948 1045
91682 90944 1461
80551 80531 3568
80551 80539 1332
80551 80596 3639
80601 80600 889
80601 80602 2271
80601 80604 1334
80604 80600 2223
80604 80601 1334
80604 80602 2335
80604 80605 1505
83966 80590 2515
83966 83965 1367
83966 83973 1221
80610 80609 5345
80610 80614 3679
80610 80615 1916
80611 80609 193
80611 81145 7906
81132 81131 2098
81132 81133 890
81132 81134 5041
90655 81134 2664
81131 81130 2350
81131 81132 2098
81131 81178 3461
81135 81130 6484
81135 81136 893
81135 81141 476
81142 81136 1186
81142 81143 3718
81142 81144 1225
80723 80657 688
80723 80722 4183
80723 81254 672
80718 80716 1839
80718 80719 2288
80718 80724 2700
81253 80719 4826
81253 80722 1266
81253 80724 1232
80717 80716 2007
80667 80666 1915
80597 80598 1400
80597 80599 3646
80597 80727 1163
80598 80597 1400
80598 80599 2338
80598 80728 1619
80727 80597 1163
80727 80725 2520
80727 80824 709
81216 80824 3063
81216 80826 3929
81216 81215 4699
80820 80819 1536
80854 80853 796
80854 80855 1576
80854 80859 4785
80863 80862 3846
80843 80842 1625
80843 80842 1625
80843 80844 848
80846 80845 3087
80846 80847 2529
80846 80848 1424
80848 80845 2583
80848 80846 1424
80848 80849 753
80851 80850 1153
80760 80728 452
80760 80758 1249
80760 80759 3996
80762 80759 1505
80762 80761 2956
80762 80822 3156
80762 80823 2580
80875 80874 3019
80875 80876 452
80875 82782 2546
82772 80874 1864
82772 82771 1457
82772 82783 905
81472 81471 562
82770 81464 672
82770 82771 1040
82770 82792 3565
82776 82775 2006
82776 82777 1162
82776 82833 2495
82788 82767 2556
82788 82787 542
82788 82796 2596
82836 82787 675
82836 82835 1418
82836 82863 3569
82773 82774 4861
82773 82775 1711
82773 90627 990
90628 82859 1086
82869 82870 453
82869 82888 279
82876 81332 13962
82876 82877 271
82876 82881 471
82876 82888 8215
82897 82888 374
82897 82895 2721
82897 82898 1163
90626 90625 2618
90627 82773 990
90627 82938 1398
90627 90625 438
82851 82852 1810
82851 82853 633
82851 82926 277
82924 82853 1575
82924 82922 4350
82924 82923 1207
82856 82855 1365
82856 82857 922
82856 84925 1412
84923 82855 1080
84923 84924 732
84923 84925 3067
82945 82934 2353
82945 82942 471
82930 82927 4091
82930 82929 1000
82930 82943 1953
82944 82943 3240
81545 81544 62
81545 81546 3614
81545 91748 2520
91747 81546 542
91747 82949 320
91747 91748 2417
82949 82950 1450
82949 82951 306
82949 91747 320
81726 81725 10812
81726 82845 2930
82948 81728 1823
82948 82845 836
82948 82950 430
82947 82925 11706
82947 82977 10037
81412 81409 3011
81412 81413 4277
81459 81457 2230
81459 81460 92
81504 81505 688
81504 81506 2966
81504 91200 2617
81504 91202 1022
91211 81506 581
91211 91209 2347
91211 91829 699
81505 81504 688
81505 81508 762
81505 90685 1106
90687 81473 1516
90687 81508 1606
90687 91460 576
81475 81473 603
81475 81476 762
81475 81630 2764
81631 81476 2398
81631 81630 254
81631 90952 854
81551 81550 620
81551 81552 1010
81551 81553 1825
81556 81550 2075
81556 81557 254
81556 81636 3129
84700 84699 2936
84700 84703 294
84700 91774 469
84701 84699 2114
84701 84702 2404
84701 84706 714
84707 84708 620
84707 84708 620
84707 91212 1014
84707 91213 2648
91775 91212 516
91775 91774 257
91775 91824 680
91822 91213 1341
81388 81379 1118
81388 81391 1287
81388 81407 1219
81381 80893 4186
81381 81380 2037
81381 81382 5593
81456 81455 4127
81456 81457 241
81420 81419 1869
80893 80892 1114
80893 80895 1792
80893 81381 4186
87168 81435 2276
81446 81445 755
81440 81441 607
80887 80886 985
81382 80886 1068
81382 80895 1828
81382 81381 5593
81377 81366 2955
81377 81376 3612
81377 81384 1976
81376 81367 614
81376 81377 3612
81376 81385 1257
90614 90064 4962
90614 90515 1414
90614 90591 356
90590 86170 1078
90590 87141 1163
90590 90591 753
90064 81385 1487
90064 90063 1489
90064 90614 4962
90131 90130 1049
91892 83491 2905
91892 91893 805
91892 91894 863
83494 83493 1469
83494 83495 1626
83494 83496 1277
83515 83493 856
83515 83511 2701
83515 83516 154
85653 85654 1628
85653 85655 1144
85653 86047 586
85655 85653 1144
85655 85654 2037
85655 86048 793
86134 85519 742
86134 86131 1185
86134 86135 2225
85175 85174 1787
85175 85176 1225
85175 86132 889
85175 86135 1014
85177 85174 418
86047 85653 586
86047 85671 1741
86047 86046 1187
90563 86046 1398
90563 90561 1445
90563 90564 1066
90563 91068 894
90476 90466 2119
90476 90495 1974
90477 90478 2204
90477 90495 1533
90565 90556 1433
90565 90557 196
90565 90566 1666
90507 90502 405
90507 90506 1257
90507 90509 812
90508 90502 614
90504 90497 419
90504 90503 3368
90512 90503 1667
86126 85176 2445
86126 86125 2172
86126 86127 1101
89704 89684 13527
89704 89703 37
90005 89684 1613
90005 89981 948
90005 89982 800
90022 90021 1653
90022 90038 1890
91145 91143 121
91145 91146 147
91145 91863 230
91147 91146 160
89637 89636 195
89638 89636 205
89638 89639 276
89638 91882 307
66345 66343 1762
66345 73471 1676
66345 73472 478
73472 66345 478
73472 66351 2547
73472 73506 1347
66341 66340 490
66341 66351 529
73513 73474 955
65826 65819 925
66506 66487 2018
66506 66490 1205
66506 66507 1612
66486 66485 1190
66486 66490 452
66486 66491 925
66496 66491 633
66496 66492 762
66496 66503 672
66504 66491 956
58192 58177 1842
58192 58193 2821
58192 66013 748
58192 66618 759
58194 58193 522
58194 66011 793
58194 66018 1565
65847 58177 713
65847 65837 1828
65847 65849 713
65847 66013 1956
66014 65849 2029
66014 66013 520
66014 66015 2859
66014 66620 875
76580 66019 924
76580 66028 729
66030 66026 405
66030 66029 989
66030 66033 929
66031 66029 3129
66622 65850 1122
66622 66623 893
66622 66624 818
66626 66624 713
66628 66502 2306
66628 66624 577
66628 78154 247
66656 66652 1124
66656 66655 1056
66656 66660 1975
66657 66655 1943
66657 66682 374
66657 66685 333
66677 66676 714
66677 66678 512
66677 66690 1443
66682 66657 374
66682 66678 672
66682 66684 1915
66683 66678 1792
66683 66684 889
66683 66690 782
66683 66693 755
56872 56873 1760
56872 56918 771
56872 76698 3152
64379 56910 4075
64379 69146 2047
64379 78398 2628
64379 78409 773
78410 69146 712
78410 78409 1924
78410 78412 656
77306 76875 1010
77306 77491 883
77306 78200 1409
77809 76875 1552
77809 78200 1115
79238 79237 1000
79238 79239 5326
79238 79252 1004
79288 79237 3070
79288 79289 1127
79288 84849 1547
84851 79299 915
84851 79302 985
84851 90619 2437
90620 79302 3982
79313 56980 686
79313 79316 424
79269 56969 4328
79269 79266 7006
79315 79314 148
79315 79316 694
79315 83969 1940
91249 79314 2586
91249 90527 435
91249 91248 1619
91479 79314 3929
91479 91478 7957
77362 57290 1973
77362 77359 2686
77362 77379 1120
77363 77359 1443
57341 57340 366
57341 77369 1529
57341 77371 140
77372 57315 623
77372 77369 350
77372 77377 427
170127 170128 643
170127 170137 2223
170127 170172 422
170127 172196 2111
172197 170172 2335
170275 170248 2787
170275 170353 4981
159911 159910 518
159911 159913 556
159911 159920 2113
159911 159923 684
159921 159917 3113
159921 159918 601
159919 159917 591
159919 159920 3223
159919 159925 591
159919 159927 3002
159924 159920 675
159924 159923 2224
159924 159925 3224
58307 58305 2086
58307 58308 753
58307 58367 753
58307 58380 848
58366 58364 1085
58366 58367 905
58366 58368 518
58312 58308 818
58312 58313 955
58312 58314 796
58315 58310 1106
58315 58314 907
58315 58316 1086
58384 58380 791
58317 58316 2036
58317 76468 759
58406 58404 1144
58406 58422 4591
58423 58422 2678
58728 58425 376
58728 58729 255
77524 58729 1526
58732 58730 1778
58732 58731 864
58732 76522 837
58737 58723 198
58737 58730 737
58737 76522 2187
77525 58730 1128
58723 58710 2237
58723 58737 198
58723 58738 684
58741 58740 672
58741 58768 2805
58741 76522 1219
58770 58769 403
58770 58771 269
58770 78363 499
58785 58784 562
58785 58786 222
58785 58890 2135
58783 58777 935
58783 58779 2568
58783 58877 591
58781 58779 601
58781 58780 480
58781 58782 1565
58781 58880 1857
58872 58871 277
58872 58873 2249
58872 58882 747
58881 58880 924
58881 58883 477
58881 58884 713
58881 58893 1066
58882 58872 747
58882 58874 2052
58882 58880 1202
58882 58893 344
58920 58918 873
58920 58919 1636
58920 58922 754
58923 58875 1618
58923 58918 818
58923 58924 818
58923 58926 874
58921 58919 684
58921 58922 1427
58935 58916 1019
58935 58933 782
58935 58936 338
59342 59281 752
59342 59341 1395
59342 59345 1085
59342 59346 1169
59344 58945 1225
59344 59341 893
59344 59343 684
59344 59348 1119
59345 59341 1271
59345 59342 1085
59345 59347 422
59345 59348 782
59346 59342 1169
59346 59347 1891
59357 59355 768
59357 59358 782
59357 59359 591
59318 59300 1561
59318 59301 851
59318 59359 924
59377 59361 111
59377 59376 648
59348 59344 1119
59348 59345 782
59348 59349 1108
59348 59356 2113
59358 59356 711
59358 59357 782
59358 59362 467
58191 58186 1504
58191 58205 837
58191 77527 1984
77528 58205 2248
77528 58454 1138
77528 77527 803
77526 58456 761
58319 58283 2374
58319 58318 2371
58319 58323 556
58631 58624 602
58631 58630 410
58631 77500 638
58404 58405 613
58404 58406 1144
58412 58409 1170
58412 58428 2157
58413 58414 1742
58428 58412 2157
58428 58414 768
58428 58427 436
58426 58427 771
58426 58430 1006
58426 58596 1249
58434 58432 1344
58434 58444 538
58434 58590 1737
58441 58436 760
58441 58440 778
58441 58443 1592
58441 58446 711
58442 58437 667
58442 58443 591
58442 58444 873
58442 58445 778
58733 58446 1000
58600 58445 556
58771 58770 269
58771 58772 905
58593 58591 753
58593 58594 1150
58593 58594 1150
58787 58786 333
58787 58788 374
58902 58891 747
58902 58903 344
117210 117208 565
117210 117209 266
117210 118423 2066
117212 117209 838
117212 117213 698
117212 117214 1816
117213 117212 698
117213 117239 752
117213 117241 2560
117240 117222 698
117240 117239 2625
117240 117241 698
117240 117246 1951
117247 117241 2018
117247 117246 752
117247 117262 650
117247 117267 1686
61095 61093 1023
61106 61101 955
61106 61107 908
61106 61154 1480
