1060
35565 35564 1066
35565 36135 3696
36056 36057 1026
36056 36058 1906
36062 36061 536
36062 36063 676
36067 36049 2585
36067 36060 765
36174 36172 581
36173 36172 2753
36173 36244 847
36256 36244 276
36256 36245 1120
36259 36246 445
36264 36253 672
36264 36255 893
36340 36344 927
36340 36345 1058
36341 36342 713
36341 36343 870
36009 36016 2348
50199 50200 373
50199 50202 279
35509 35508 5678
50209 50194 3389
50209 50456 547
36015 36016 344
36018 50281 957
44174 44173 1502
46434 50511 980
46434 50512 713
35689 35695 713
44158 44156 1033
44158 44159 1146
44162 44159 1731
44162 50570 121
44188 50513 299
44188 50516 586
50513 44188 299
50513 50514 432
35696 35695 1482
35696 35708 1120
44179 44177 1268
44179 44575 1677
44576 44570 2348
44576 44575 890
44579 44574 939
44579 44581 1175
41727 44532 1085
41727 44547 789
41727 44549 373
50544 50545 1124
44594 44593 709
44594 44599 1120
44594 44623 788
50533 50537 197
50533 50539 254
50536 50539 253
50536 50540 348
50536 50541 362
35715 44629 3800
35728 44609 1243
35728 44632 1683
35767 35827 677
35767 35830 1055
35767 35833 953
35743 35766 1725
35743 35776 4171
35765 35766 373
35758 35771 3188
35758 35772 3493
35771 35758 3188
35771 35772 2561
35771 37422 1456
37401 37402 293
37411 37409 765
37411 37412 905
37434 37435 1810
37434 37438 650
35672 35665 84
35672 36226 2125
36229 36380 805
35665 35637 2253
35665 35672 84
35626 35624 1181
35626 35630 168
35634 35627 1223
35634 35636 333
35630 35625 983
35630 35626 168
35631 35625 1771
35631 36218 983
35639 35636 1305
35639 36224 1631
36225 36226 2069
36218 35631 983
36218 36235 713
36268 36266 475
36276 36266 2400
36276 36279 333
35653 35652 1894
35653 35654 1008
35664 50234 1209
35667 35660 474
35667 35668 1258
35654 35653 1008
35654 35656 1009
35655 35656 3487
37431 37427 1281
37431 37703 2556
37432 37427 1363
37438 37434 650
37438 37439 1535
37438 37444 1209
37714 37705 1221
37719 37716 1357
37719 37721 751
37717 37716 827
37717 37722 697
37708 37705 905
37708 37707 2280
37710 37707 873
37710 37723 1345
35855 35840 1028
35855 35853 2111
35855 35858 828
35858 35855 828
35858 35856 2967
35880 35878 948
35879 35878 677
35891 35872 1066
35891 35890 435
35891 35893 418
37707 37706 1008
37707 37708 2280
37707 37710 873
35873 35874 953
35873 35984 810
35895 35872 276
35986 35984 2555
35986 35988 373
35894 35893 952
37833 37834 1281
37833 37838 511
37848 37842 452
37868 37851 1535
37868 37907 977
44369 50330 940
37869 37861 600
37908 37907 1039
37908 50330 241
36005 35999 1421
36005 37862 2365
36002 36001 3934
36002 37861 1483
41424 41426 709
37862 36000 1275
37862 36005 2365
37862 41399 1307
41416 41415 373
41448 41447 933
41438 41434 1882
41438 41454 713
46580 46577 581
46580 46581 1596
46585 46582 709
46585 46611 3546
46613 46612 253
41454 41438 713
41454 46577 1865
46616 46619 1447
46624 46619 709
46623 46621 1428
46623 46682 884
46679 46678 1080
46679 46686 713
46683 46681 1027
46683 46682 747
46685 46671 1779
46685 46696 1457
46686 46671 511
46686 46679 713
46696 46685 1457
46696 46689 848
46783 46776 411
46766 46767 928
46766 46773 404
46786 46788 1275
46774 46773 483
46774 46776 517
46726 46721 1614
46767 46723 474
46767 46766 928
46770 46777 713
46720 46719 562
46720 46728 1225
46711 46712 2586
46711 47037 435
46466 46465 1268
46471 46468 985
46471 46469 893
47036 46472 683
47036 47037 1357
126885 126884 1534
126885 127167 2018
127205 127169 2094
127205 127210 673
127210 127170 2115
127210 127205 673
127212 127213 837
127212 127214 1228
127177 127174 828
127177 127214 848
127178 127191 953
127214 127177 848
127214 127212 1228
127214 127215 951
127192 127191 1222
127067 127040 421
127067 127066 610
127116 127106 1450
127074 127061 752
127074 127066 3043
127074 127072 3224
127077 127075 984
127117 127104 753
127117 127114 1225
127135 127114 3195
127134 127109 4301
127134 127115 4735
127078 127075 1419
127078 127076 928
127185 127181 404
127185 127186 518
127186 127184 2085
127186 127185 518
127285 127284 1868
127280 127275 1560
127280 127311 1483
127311 127280 1483
127311 127313 850
127312 127313 511
127318 127314 1226
127318 127320 1234
127318 127337 843
127337 127318 843
127337 127339 1336
127338 127324 1454
127338 127339 766
127338 127340 850
127340 127338 850
127340 127341 782
126895 46202 452
126895 126896 683
46202 46201 890
46202 126895 452
46203 46201 2010
132311 126810 573
126825 126822 1009
126825 126828 697
126825 126856 1673
126868 126867 625
126868 132577 203
126859 126855 1141
126836 126830 1594
126836 126839 139
126882 126883 344
126882 127161 3461
126884 126883 1064
126884 126885 1534
46193 46191 610
46193 46196 1086
46181 46180 202
46181 46190 1502
46191 46193 610
46191 46195 976
46182 46179 953
46182 46180 3714
46243 46244 1800
46419 46417 113
46415 46413 1742
46415 46420 505
46416 46413 906
46416 46414 796
46416 46449 1144
46250 46249 476
46449 46416 1144
46449 46450 688
46449 46455 1339
46455 46449 1339
46455 46464 610
46223 50326 85
127290 127289 506
127352 127293 2985
127352 127297 612
127440 127455 792
127440 127629 3345
132397 132399 3594
127349 127347 667
127346 127345 475
127346 127347 333
132314 132402 185
127659 127655 953
127658 127640 355
127658 127655 1222
127662 127657 630
127662 127663 1357
127695 127696 880
127695 127697 1467
127699 127697 953
127716 127799 767
127716 127805 561
127804 127796 2300
127804 127805 796
127324 127322 2633
127324 127338 1454
130331 130329 829
130331 130330 1169
130332 130328 1534
130332 130330 808
130334 130328 808
130334 130368 739
130366 130368 1485
130373 130368 808
127751 127743 782
127753 127750 421
127746 127747 52
127746 127796 752
127802 127743 672
127797 127796 672
127761 127759 767
127761 127762 1467
127765 127763 1018
127765 127764 688
127785 132408 1031
127785 132409 1209
127788 127771 1118
127788 127789 1344
127790 127789 673
127790 127793 940
127793 127790 940
127793 127792 1285
129334 127792 1030
129334 129335 1030
129384 129344 751
129384 129345 837
129398 129576 673
129584 129576 710
129584 129605 222
129596 129597 1686
129598 129667 1357
129598 129668 907
129605 129584 222
129605 129606 951
129614 129606 1534
129614 129615 672
129674 129671 631
129674 129677 924
129677 129674 924
129677 129675 518
129693 129679 874
129693 129688 1503
129693 129694 673
129701 129694 1534
129706 129694 673
129706 129703 1484
129706 129707 811
129863 129707 1587
129863 129870 874
129868 129869 418
129868 130310 436
121302 121296 1148
121302 121301 2563
121302 121372 837
121378 121372 1347
121378 121380 650
121381 121305 1448
121327 121305 1106
121327 121390 344
121327 121391 631
121387 121351 2477
121391 121327 631
121391 121390 518
121392 121329 1181
121392 121390 2679
121392 121399 1535
121392 121400 1234
121411 121412 1565
70011 70080 956
70271 70269 941
70271 70273 1833
70278 70273 678
70278 70279 2374
70281 70282 2844
70281 70283 202
69973 69969 1702
69973 69972 782
69973 70240 935
69940 69938 2113
69940 69939 2300
69982 69932 2872
69982 69983 561
69954 69952 601
69954 69966 338
69971 69968 1558
69955 69952 1675
69955 69953 675
69983 69937 768
69983 69953 1686
69983 69982 561
69975 76622 667
56835 56836 2714
56835 69863 821
69860 69858 2028
69860 69861 285
69898 69897 6797
69898 69995 1936
129723 129713 678
129726 129722 928
129731 129729 941
129731 129730 751
129735 129730 650
129735 129734 558
129781 129780 1485
129781 129786 1087
129725 129722 1411
129725 129750 613
129751 129750 1411
129793 129796 739
129797 129796 941
129788 129787 751
129788 129796 611
129788 129799 891
129800 129799 1075
129800 129803 613
129806 129801 1010
129806 129803 890
129806 129805 650
129805 129804 1147
129805 129806 650
129805 129879 890
129883 129880 739
130333 129889 739
130333 130328 1503
129748 129742 238
129748 129747 752
129744 129540 1412
129744 129754 837
129745 129540 811
129745 129742 511
129755 129754 1211
129761 129906 1010
129906 129761 1010
129747 129748 752
129747 129750 837
130409 130368 1534
121349 121351 3168
218449 218448 1603
218449 218465 2016
218465 218449 2016
218629 218467 2979
218467 218629 2979
219392 219377 2083
219378 219377 994
219377 219378 994
219377 219392 2083
218703 218572 852
218703 218706 1128
218572 218703 852
218679 218677 1459
218706 218703 1128
218665 218695 1861
218677 218679 1459
218853 218854 1562
218854 218853 1562
218448 218449 1603
218517 218532 608
218532 218517 608
218695 218665 1861
223058 223065 1059
223065 223058 1059
150850 150852 2133
150852 150850 2133
149086 149083 1184
151164 151162 768
147378 147403 2289
151162 151164 768
147403 147378 2289
147456 147650 2159
147650 147456 2159
147716 147717 1167
147717 147716 1167
148864 148858 825
148858 148864 825
148906 148947 884
148947 148906 884
151700 148948 392
148948 151700 392
148957 148963 1011
148963 148957 1011
149083 149086 1184
150035 150039 1152
150039 150035 1152
150163 150165 801
150116 150106 715
150106 150116 715
150165 150163 801
214745 215040 657
215040 214745 657
204976 204971 684
204971 204976 684
205036 205044 1073
205044 205036 1073
168875 168874 710
168874 168875 710
168764 168763 1445
168763 168764 1445
168818 168817 422
168817 168818 422
162454 162453 445
162453 162454 445
154042 154127 791
154127 154042 791
154995 154997 1919
154997 154995 1919
154997 154999 1919
154999 154997 1919
155148 155149 1675
155149 155148 1675
155366 155367 1055
155367 155366 1055
158039 158004 242
158004 158039 242
178482 178481 564
178481 178482 564
213163 213160 1141
213160 213163 1141
213283 213284 791
213284 213283 791
213328 213329 969
213329 213328 969
169635 169634 1674
169634 169635 1674
169558 169556 1055
169558 169559 2344
169556 169558 1055
169559 169558 2344
95214 95215 588
95215 95214 588
94260 94268 152
94263 94262 1066
94268 94260 152
94286 94288 473
94288 94286 473
94262 94263 1066
97580 97602 1078
97602 97580 1078
97609 98161 877
98161 97609 877
102003 100618 784
100618 102003 784
118610 118683 1935
118683 118610 1935
118691 118690 1069
118690 118691 1069
50215 50216 788
50216 50215 788
36045 36049 580
35563 35564 1768
36136 36135 778
35564 35563 1768
35564 35565 1066
36135 35565 3696
36135 36136 778
36057 36056 1026
36057 36061 848
36058 36049 2281
36058 36056 1906
36061 36057 848
36061 36060 1797
36061 36062 536
36063 36062 676
36049 36045 580
36049 36058 2281
36049 36067 2585
36060 36061 1797
36060 36067 765
36172 36173 2753
36172 36174 581
36244 36173 847
36244 36256 276
36245 36246 1691
36245 36256 1120
36246 36245 1691
36246 36253 3250
36246 36259 445
36253 36246 3250
36253 36264 672
36255 36264 893
36344 36340 927
36345 36340 1058
36342 36341 713
36343 36341 870
36016 36009 2348
36016 36015 344
50200 50199 373
50202 50199 279
35508 35509 5678
50194 50209 3389
50456 50209 547
50281 36018 957
44173 44174 1502
50511 46434 980
50512 46434 713
35695 35689 713
35695 35696 1482
44156 44158 1033
44159 44158 1146
44159 44162 1731
50570 44162 121
50516 44188 586
50514 50513 432
35708 35696 1120
44177 44179 1268
44575 44179 1677
44575 44576 890
44570 44574 751
44570 44576 2348
44574 44570 751
44574 44579 939
44581 44579 1175
44532 41727 1085
44547 41727 789
44549 41727 373
50545 50544 1124
44593 44594 709
44599 44594 1120
44623 44594 788
50537 50533 197
50539 50533 254
50539 50536 253
50540 50536 348
50540 50541 79
50541 50536 362
50541 50540 79
44629 35715 3800
44609 35728 1243
44632 35728 1683
35827 35767 677
35830 35767 1055
35833 35767 953
35833 35776 1055
35766 35743 1725
35766 35765 373
35776 35743 4171
35776 35833 1055
35772 35758 3493
35772 35771 2561
37422 35771 1456
37402 37401 293
37409 37411 765
37412 37411 905
37435 37434 1810
36226 35672 2125
36226 36225 2069
36380 36229 805
35637 35660 475
35637 35665 2253
35624 35626 1181
35624 35627 1742
35627 35624 1742
35627 35634 1223
35636 35634 333
35636 35639 1305
35625 35630 983
35625 35631 1771
36224 35639 1631
36235 36218 713
36266 36268 475
36266 36276 2400
36279 36276 333
35652 35653 1894
50234 35664 1209
35660 35637 475
35660 35667 474
35668 35667 1258
35656 35654 1009
35656 35655 3487
37427 37431 1281
37427 37432 1363
37703 37431 2556
37439 37438 1535
37444 37438 1209
37705 37708 905
37705 37714 1221
37705 37716 1181
37716 37705 1181
37716 37717 827
37716 37719 1357
37721 37719 751
37722 37717 697
37723 37710 1345
35840 35855 1028
35853 35855 2111
35856 35858 2967
35878 35879 677
35878 35880 948
35872 35891 1066
35872 35895 276
35890 35891 435
35893 35891 418
35893 35894 952
37706 37707 1008
35874 35873 953
35984 35873 810
35984 35986 2555
35988 35986 373
37834 37833 1281
37838 37833 511
37842 37848 452
37842 37851 672
37851 37842 672
37851 37868 1535
37907 37868 977
37907 37908 1039
50330 37908 241
50330 44369 940
37861 36002 1483
37861 37869 600
35999 36001 558
35999 36005 1421
36001 35999 558
36001 36002 3934
41426 41424 709
36000 37862 1275
41399 37862 1307
41415 41416 373
41447 41448 933
41434 41438 1882
41434 46577 818
46577 41434 818
46577 41454 1865
46577 46580 581
46581 46580 1596
46582 46585 709
46611 46585 3546
46611 46612 589
46612 46611 589
46612 46613 253
46619 46616 1447
46619 46621 558
46619 46624 709
46621 46619 558
46621 46623 1428
46682 46623 884
46682 46683 747
46678 46679 1080
46678 46681 558
46681 46678 558
46681 46683 1027
46671 46685 1779
46671 46686 511
46689 46696 848
46776 46774 517
46776 46783 411
46773 46766 404
46773 46774 483
46788 46786 1275
46721 46726 1614
46723 46767 474
46777 46770 713
46719 46720 562
46728 46720 1225
46712 46711 2586
47037 46711 435
47037 47036 1357
46465 46464 709
46465 46466 1268
46465 46468 818
46468 46465 818
46468 46471 985
46469 46471 893
46469 46472 600
46472 46469 600
46472 47036 683
127167 126885 2018
127169 127170 810
127169 127205 2094
127170 127169 810
127170 127174 2460
127170 127210 2115
127170 127213 418
127213 127170 418
127213 127212 837
127174 127170 2460
127174 127177 828
127191 127178 953
127191 127184 871
127191 127192 1222
127215 127214 951
127040 127067 421
127066 127067 610
127066 127074 3043
127106 127116 1450
127061 127074 752
127072 127074 3224
127075 127077 984
127075 127078 1419
127104 127117 753
127114 127117 1225
127114 127135 3195
127109 127115 759
127109 127134 4301
127115 127109 759
127115 127134 4735
127076 127078 928
127076 127181 436
127181 127076 436
127181 127185 404
127184 127186 2085
127184 127191 871
127284 127285 1868
127275 127280 1560
127313 127311 850
127313 127312 511
127313 127314 511
127314 127313 511
127314 127318 1226
127320 127318 1234
127320 127339 766
127339 127320 766
127339 127337 1336
127339 127338 766
127341 127340 782
126896 126895 683
46201 46202 890
46201 46203 2010
126810 132311 573
126822 126825 1009
126828 126825 697
126856 126825 1673
126867 126868 625
132577 126868 203
126855 126859 1141
126830 126836 1594
126839 126836 139
126883 126882 344
126883 126884 1064
127161 126882 3461
46196 46193 1086
46180 46181 202
46180 46182 3714
46190 46181 1502
46195 46191 976
46179 46182 953
46244 46243 1800
46417 46419 113
46417 46420 276
46413 46415 1742
46413 46416 906
46420 46415 505
46420 46417 276
46414 46416 796
46249 46250 476
46450 46449 688
46464 46455 610
46464 46465 709
50326 46223 85
127289 127290 506
127293 127352 2985
127297 127352 612
127455 127440 792
127629 127440 3345
132399 132397 3594
127347 127346 333
127347 127349 667
127345 127346 475
132402 132314 185
127655 127658 1222
127655 127659 953
127640 127657 1375
127640 127658 355
127657 127640 1375
127657 127662 630
127663 127662 1357
127663 127696 54
127696 127663 54
127696 127695 880
127697 127695 1467
127697 127699 953
127799 127716 767
127805 127716 561
127805 127804 796
127796 127746 752
127796 127797 672
127796 127804 2300
127322 127324 2633
130329 130331 829
130330 130331 1169
130330 130332 808
130328 130332 1534
130328 130333 1503
130328 130334 808
130368 130334 739
130368 130366 1485
130368 130373 808
130368 130409 1534
127743 127751 782
127743 127802 672
127750 127753 421
127747 127746 52
127759 127761 767
127762 127761 1467
127762 127764 688
127763 127765 1018
127763 132409 918
127764 127762 688
127764 127765 688
132408 127785 1031
132408 132409 650
132409 127763 918
132409 127785 1209
132409 132408 650
127771 127788 1118
127789 127788 1344
127789 127790 673
127792 127793 1285
127792 129334 1030
129335 129334 1030
129344 129384 751
129345 129384 837
129576 129398 673
129576 129584 710
129597 129596 1686
129597 129615 843
129597 129667 850
129667 129597 850
129667 129598 1357
129668 129598 907
129668 129671 1229
129606 129605 951
129606 129614 1534
129615 129597 843
129615 129614 672
129671 129668 1229
129671 129674 631
129671 129675 1268
129675 129671 1268
129675 129677 518
129675 129679 751
129679 129675 751
129679 129693 874
129688 129693 1503
129694 129693 673
129694 129701 1534
129694 129706 673
129703 129706 1484
129707 129706 811
129707 129863 1587
129870 129863 874
129870 129869 1395
129869 129868 418
129869 129870 1395
129869 130310 279
130310 129868 436
130310 129869 279
121296 121302 1148
121301 121302 2563
121372 121302 837
121372 121378 1347
121380 121378 650
121305 121327 1106
121305 121381 1448
121390 121327 344
121390 121391 518
121390 121392 2679
121351 121349 3168
121351 121387 2477
121329 121392 1181
121329 121399 1248
121399 121329 1248
121399 121392 1535
121400 121392 1234
121412 121411 1565
70080 70011 956
70269 70271 941
70273 70271 1833
70273 70278 678
70279 70278 2374
70279 70283 1396
70282 70281 2844
70283 70279 1396
70283 70281 202
69969 69973 1702
69972 69973 782
70240 69973 935
69938 69939 952
69938 69940 2113
69939 69938 952
69939 69940 2300
69932 69982 2872
69952 69954 601
69952 69955 1675
69966 69954 338
69966 69968 591
69968 69966 591
69968 69971 1558
69953 69955 675
69953 69983 1686
69937 69983 768
76622 69975 667
56836 56835 2714
69863 56835 821
69863 69897 3620
69858 69860 2028
69861 69860 285
69897 69863 3620
69897 69898 6797
69995 69898 1936
129713 129723 678
129722 129725 1411
129722 129726 928
129729 129731 941
129730 129731 751
129730 129735 650
129734 129735 558
129734 129780 1356
129780 129734 1356
129780 129781 1485
129786 129781 1087
129786 129787 606
129750 129725 613
129750 129747 837
129750 129751 1411
129796 129788 611
129796 129793 739
129796 129797 941
129787 129786 606
129787 129788 751
129799 129788 891
129799 129800 1075
129803 129800 613
129803 129806 890
129801 129804 713
129801 129806 1010
129804 129801 713
129804 129805 1147
129879 129805 890
129879 129880 1142
129880 129879 1142
129880 129883 739
129880 129889 1364
129889 129880 1364
129889 130333 739
129742 129745 511
129742 129748 238
129540 129744 1412
129540 129745 811
129754 129744 837
129754 129755 1211
926
35565
36056
36062
36067
36174
36173
36256
36259
36264
36340
36341
36009
50199
35509
50209
36015
36018
44174
46434
35689
44158
44162
44188
50513
35696
44179
44576
44579
41727
50544
44594
50533
50536
35715
35728
35767
35743
35765
35758
35771
37401
37411
37434
35672
36229
35665
35626
35634
35630
35631
35639
36225
36218
36268
36276
35653
35664
35667
35654
35655
37431
37432
37438
37714
37719
37717
37708
37710
35855
35858
35880
35879
35891
37707
35873
35895
35986
35894
37833
37848
37868
44369
37869
37908
36005
36002
41424
37862
41416
41448
41438
46580
46585
46613
41454
46616
46624
46623
46679
46683
46685
46686
46696
46783
46766
46786
46774
46726
46767
46770
46720
46711
46466
46471
47036
126885
127205
127210
127212
127177
127178
127214
127192
127067
127116
127074
127077
127117
127135
127134
127078
127185
127186
127285
127280
127311
127312
127318
127337
127338
127340
126895
46202
46203
132311
126825
126868
126859
126836
126882
126884
46193
46181
46191
46182
46243
46419
46415
46416
46250
46449
46455
46223
127290
127352
127440
132397
127349
127346
132314
127659
127658
127662
127695
127699
127716
127804
127324
130331
130332
130334
130366
130373
127751
127753
127746
127802
127797
127761
127765
127785
127788
127790
127793
129334
129384
129398
129584
129596
129598
129605
129614
129674
129677
129693
129701
129706
129863
129868
121302
121378
121381
121327
121387
121391
121392
121411
70011
70271
70278
70281
69973
69940
69982
69954
69971
69955
69983
69975
56835
69860
69898
129723
129726
129731
129735
129781
129725
129751
129793
129797
129788
129800
129806
129805
129883
130333
129748
129744
129745
129755
129761
129906
121336
121337
129747
130409
121349
121350
218144
218449
218465
218629
218467
218468
219011
219022
219025
219383
219392
219043
219378
219377
218696
218544
218703
218704
218572
218679
218583
218706
218530
218665
218677
218641
218839
218844
218853
218854
218872
218890
218894
218868
218869
218881
218915
218448
224827
218623
216060
224077
218628
224452
224380
218517
224054
218532
218695
218699
218737
222965
218744
222967
223070
223071
223083
223066
223067
223085
223113
223058
223065
223103
223105
223107
150850
150852
151005
151014
143889
149086
149128
149254
149278
149280
149293
149502
146958
149538
149546
150031
146602
151029
151105
151145
151167
151164
147373
151281
147378
151278
151183
151182
151162
147403
147431
147443
147446
147456
147650
147653
147667
147699
147703
147716
147719
147717
147730
147741
148855
148864
148858
148876
146962
148902
148906
148947
151700
148948
148955
148957
148963
148971
148979
149069
149155
149157
149083
212714
212743
212749
212750
212747
212765
150035
150039
146981
150081
150082
150064
150067
150072
150163
150109
150116
150106
150107
150165
150110
150088
150201
150210
150211
150236
150241
150250
151916
214745
215037
214914
215040
204975
204976
204972
204971
205036
205044
154008
154031
154019
168875
168874
168904
168403
168407
168405
168764
170729
168763
168768
168781
168818
168782
171213
168817
168822
168827
168933
168934
168913
162414
168944
162425
162431
168918
162454
162453
168869
154042
154127
154130
154133
154101
154112
154350
157866
157869
158186
157871
154448
154442
154440
154988
154995
154997
154999
155049
157845
155088
155090
155095
155148
157918
158618
157920
155149
155154
155366
155367
155407
159734
159810
157777
159932
157974
157978
158022
158039
158004
157787
157988
178482
178486
178501
178481
178479
178224
178535
178439
178457
157929
158029
158700
158706
158727
158691
158759
158792
158970
158967
158983
159030
159055
159089
159092
159104
161095
161276
161278
213163
213169
213198
213160
161468
213275
213278
213283
209294
213272
213201
161986
161992
213284
213328
213329
162021
159963
161985
162189
162218
169632
169635
169634
169618
169666
170526
170523
170678
168361
170072
170471
170474
170599
170607
170551
170601
170559
170565
170564
170696
169558
169556
169688
169895
169672
169679
169521
169544
169539
169559
118654
95121
95495
101909
95214
95215
95022
95027
95151
95154
95155
95127
94910
94915
94925
94257
102442
94239
94260
94263
94268
94286
94288
94300
108931
108957
94322
94323
50092
50064
50071
50073
50074
94250
94262
94241
94208
94213
97403
97412
97423
102042
97470
102334
97564
97590
97593
97587
97580
97602
102840
97609
97621
98161
97620
97612
97643
102003
102283
102223
100618
102235
100630
102024
93452
93467
93508
93480
94080
95165
98552
98136
98271
98298
98311
98489
191458
191217
191368
191391
118509
191105
191464
191465
118610
118683
118679
118681
118622
118691
118690
108908
108944
50096
50098
109010
108955
108974
50215
50216
50219
109176
109149
109041
109044
109152
109144
109146
36045
35563
36136
36149
35569
35574
35562
36057
36058
36060
36172
36244
36245
36253
36255
36345
36343
36016
50200
50202
35508
50194
50456
44173
35695
44156
44159
50570
44177
44575
44570
44574
44532
44547
44549
44593
44599
44623
50537
50539
50540
50541
44629
44609
44632
35827
35830
35833
35766
35776
35772
37422
37402
37409
36226
36380
35637
35624
35627
35636
35625
36235
36266
36279
35652
35660
37427
37703
37705
35840
35853
35856
35878
35872
35890
37706
35984
35988
37838
37842
37851
37907
37861
35999
36001
36000
41399
41415
41447
41434
46577
46581
46582
46611
46612
46619
46621
46682
46678
46681
46671
46689
46721
46723
46719
47037
46468
46469
46472
127167
127169
127174
127040
127066
127106
127061
127072
127075
127104
127114
127109
127115
127076
127181
127184
127284
127275
127314
127320
46201
126810
126822
126867
126855
126830
126839
126883
127161
46180
46190
46179
46244
46417
46413
46414
46249
46450
46464
127289
127293
127297
127629
127347
127345
132402
127655
127640
127657
127697
127799
127322
130329
130330
130328
127743
127750
127747
127759
127762
127763
127764
132408
127771
127789
127792
129335
129344
129345
129576
129597
129667
129668
129606
129615
129675
129679
129688
129694
129703
129707
129870
129869
130310
121296
121301
121372
121380
121305
121390
121329
121399
70080
70269
70273
70279
70282
70283
69969
69972
69938
69939
69932
69952
69966
69968
69953
69937
76622
69858
69861
69897
129713
129722
129729
129730
129734
129780
129786
129787
129799
129803
129801
129804
129879
129889
129742
129540
129754
