988
142261 142262 888
142261 142299 3061
142298 142299 795
142298 142306 2842
142304 142306 786
142304 142468 2545
142467 142468 876
142467 142471 2365
142470 142386 2443
142470 142471 782
142385 142384 740
142385 142386 861
142385 142447 2578
141844 141843 1135
141844 141845 1004
141830 141838 843
141830 141845 722
141838 141830 843
141838 141855 1045
141838 141858 738
141857 141858 794
141857 142264 2300
142256 142262 1871
142256 142264 787
141522 141528 2161
141529 141528 859
141529 141613 2263
141614 141613 962
141614 141623 1700
141779 141623 851
141779 141780 2337
141784 141798 579
141784 141799 559
141801 141799 941
141801 141802 2460
141810 141802 907
141803 141648 2580
141803 141804 960
141803 141813 412
141813 141803 412
141813 141816 916
141813 141846 2305
141814 141847 1681
141843 141844 1135
141843 141847 1085
141843 141851 2636
142383 142384 772
142383 142443 1887
142384 142383 772
142384 142385 740
142384 142444 1864
56068 56070 747
56068 56071 1339
56069 56071 713
55933 55934 818
55935 55934 985
55935 55956 818
55935 55958 1104
55956 55935 818
55956 55952 355
55959 55954 985
55990 55996 222
55997 55994 713
55997 56004 1366
56001 56004 893
55994 54996 150
55994 54997 1222
55994 55997 713
55994 55998 1117
56090 56071 1458
56090 56092 848
56096 56092 1380
56096 56141 581
56141 56093 1449
56141 56096 581
56141 56139 610
56269 56139 2021
56278 56277 796
56280 56277 1367
56280 56287 672
56290 56287 1449
56290 56292 1686
196628 196626 1002
196627 196626 1065
196627 196860 779
204347 204333 434
204347 204680 915
204347 204682 602
204744 204682 1101
204744 204746 1154
204744 204747 630
204747 204744 630
204747 204748 811
207622 207624 779
207622 207629 1824
207624 207622 779
207624 207631 1806
207635 207631 867
207635 207636 796
207635 207637 2038
207636 207635 796
207636 207640 2057
207636 207641 797
207641 207636 797
207641 207644 2024
207641 207677 756
207677 207641 756
207677 207647 2039
207677 207678 773
207517 207518 825
207517 207520 2028
207519 207520 901
207519 207745 780
207519 207754 2035
207745 207519 780
207745 207755 1637
207746 207747 255
207746 207749 519
207675 207674 753
207675 207695 2272
207675 207696 884
207676 207696 2035
207676 207748 797
207676 214717 797
207674 207675 753
207674 207694 2145
207747 207746 255
207747 207748 2610
207678 207677 773
207678 207682 2150
207678 207688 846
207679 207680 593
196757 196758 602
196757 196806 808
196856 196854 883
196856 196855 785
196817 196806 683
196817 196818 836
196817 196850 602
196878 196855 938
196850 196817 602
196850 196847 1405
196861 196847 866
196861 196860 1758
196879 196833 1533
196879 196834 834
196764 196763 528
196815 196811 213
196815 196827 1983
196830 196829 608
196830 196835 2626
145356 145353 1300
145356 145368 861
145356 145369 251
145369 145356 251
145369 145362 370
145369 145371 832
145360 145361 573
145360 145362 2361
145364 145363 1034
145444 145440 857
145444 145445 1199
145447 145445 762
145447 145449 2049
145458 145449 836
145458 145466 746
145470 145466 803
145470 145471 2166
145470 145472 809
145472 145470 809
145472 145473 2140
145989 145990 400
145989 145992 410
145992 145989 410
145992 145993 2839
145996 145993 776
145996 146015 1364
146026 146015 773
146026 146028 1537
146026 146031 758
146075 146030 830
146075 146076 1435
151412 146076 655
151412 151413 1397
151417 151420 1483
151417 151430 654
151418 151429 734
151418 151430 449
151419 151413 651
151419 151420 789
151419 151425 1484
151377 151375 810
151377 151436 1305
151437 151429 801
151437 151436 370
151437 151438 450
146030 146032 1421
146030 146075 830
146031 146026 758
146031 146032 813
146031 146033 1439
151368 151370 2406
151368 151381 925
151370 151368 2406
151370 151382 780
151370 151389 2150
151375 151377 810
151375 151391 201
151346 151348 817
151346 151381 2214
151380 151347 877
151380 151347 877
151380 203676 750
151380 203682 1026
203676 151380 750
203676 203680 815
203679 203680 1468
203571 203570 1299
203571 203579 955
203580 203579 1360
204032 195070 681
204032 204030 278
204032 204104 452
195000 204107 1696
195070 204032 681
195070 204104 509
204109 204107 839
204109 204111 2001
204116 204123 42
204116 204133 37
204121 204124 265
204121 204128 1414
204122 204123 848
204122 204124 330
204134 204133 911
204134 204327 2536
204326 204652 2015
204333 204347 434
204333 214421 277
203681 203680 755
203681 203695 1579
203694 203699 705
203696 203695 780
203696 203697 1110
203696 203700 681
203730 203699 1517
203730 203731 787
203736 203734 936
203736 203737 1675
203756 203737 504
203756 203757 1559
203758 203757 641
203758 203789 879
203796 203795 254
203796 203798 249
204006 203798 1044
204006 204009 1147
204009 204006 1147
204009 204008 704
204009 204010 724
204010 203804 1609
204010 204009 724
204010 204015 843
204026 204015 1457
204026 204028 709
204026 204033 937
204027 204030 709
204027 204031 449
204028 204026 709
204028 204031 715
204028 204034 713
207968 207970 406
207609 207613 2034
207612 207613 956
207612 207825 2136
207573 207577 987
207573 207602 2035
207601 207603 938
207611 207741 1809
207560 207559 772
207560 208063 300
208062 208063 822
208062 208064 607
207963 207969 1086
207963 207970 705
207571 207574 830
207568 207574 1456
207576 207575 901
207576 207577 2181
207559 207560 772
207559 207562 594
207570 207574 881
207570 208071 1227
207518 207517 825
207518 207523 2129
207524 207523 824
207524 207802 2051
207803 207802 907
207803 207807 556
207806 207807 774
207606 207820 867
207606 207821 1638
207824 195346 804
207824 207823 841
207824 207825 750
207971 207970 478
207971 207972 741
207972 207969 801
207972 207971 741
207994 207998 2363
207999 208079 2105
208122 208080 1886
208122 208123 428
208123 208122 428
208123 208125 368
208126 208125 417
208126 208127 706
208133 208127 617
208129 208127 833
208129 208130 1168
208129 208137 761
208138 208137 531
208138 208139 807
208152 208139 1089
208145 208144 745
208145 208157 752
208164 208159 790
208164 208165 843
208166 208168 852
208166 208376 1759
208166 214531 772
208376 208166 1759
208376 208380 817
208382 208377 2283
208382 208380 724
208382 208397 1016
208394 208396 879
208394 208398 757
208388 208395 2082
208396 208394 879
208396 208395 849
208430 208395 832
208430 208432 348
208423 208426 1955
208427 208425 678
208427 208441 1914
208425 208426 726
208425 208427 678
208425 208435 1933
208442 208441 768
208442 208448 2118
208449 208448 679
208449 210689 1635
210691 210689 814
210691 210692 730
210691 210694 2377
210694 210691 2377
210694 210695 674
178674 178675 552
178674 178678 344
185312 185311 1182
185312 185546 861
178691 178692 1672
178691 185310 905
178691 186031 983
178706 178698 889
178730 178729 697
178730 178733 1302
178730 178779 612
178750 178698 1026
178750 178749 939
178771 178772 747
178771 178775 738
178777 178784 336
180614 180621 537
180614 180627 1577
180294 180290 445
180275 180276 848
180275 180303 1031
180303 180275 1031
180303 180304 276
180307 180306 1796
180307 180612 1063
185083 185013 1339
185083 185082 796
185084 166866 924
185084 185082 1104
185084 185087 1200
185086 185088 796
185086 185089 1388
185090 185089 238
185141 185139 630
185141 185142 1248
185138 185137 709
185130 185132 653
185130 185140 344
185151 185152 818
185151 185157 581
185152 185151 818
185152 185158 790
185152 185656 581
163695 163696 276
163695 166411 1225
166410 166411 758
166854 166861 1848
166861 166854 1848
166975 166974 1375
166974 166975 1375
185012 185013 709
180551 180545 3675
180556 180586 1577
180586 180556 1577
180545 180551 3675
185146 185136 1225
185136 185137 292
185136 185146 1225
174552 174645 2316
174645 174552 2316
174657 174743 1354
174672 174676 1055
174676 174672 1055
174743 174657 1354
175648 175687 418
175687 175648 418
203019 211790 702
211790 203019 702
163541 163550 1437
163550 163541 1437
163554 163731 517
163731 163554 517
163749 163750 2446
163750 163749 2446
163030 163044 2306
163467 163466 782
163466 163467 782
163444 163441 168
163441 163444 168
163044 163030 2306
164293 164294 506
164294 164293 506
164303 164297 710
164297 164303 710
164159 164160 537
164160 164159 537
164167 164163 1856
164151 164140 1347
164163 164167 1856
164140 164151 1347
211812 198918 214
198918 211812 214
212135 212136 758
212136 212135 758
207786 212332 1044
212332 207786 1044
114596 114595 503
114595 114596 503
115120 115308 893
115308 115120 893
115412 115363 949
115363 115412 949
92920 92931 515
92931 92920 515
106907 106897 1207
106897 106907 1207
111117 111115 3310
111115 111117 3310
111941 111944 788
111944 111941 788
111944 111948 681
111948 111944 681
112123 112127 788
112022 112023 252
112023 112022 252
112281 112136 756
112136 112281 756
112127 112123 788
112339 112341 1248
112341 112339 1248
112437 112441 1919
112441 112437 1919
112680 112925 869
112925 112680 869
105363 104690 872
104690 105363 872
39855 39857 975
39857 39855 975
105141 105160 2360
105160 105141 2360
105109 105116 1007
105121 105124 2716
105116 105109 1007
105124 105121 2716
105424 105425 1349
105425 105424 1349
41093 41086 2429
41086 41093 2429
41211 41128 2139
41211 41206 1848
41111 41122 1268
41128 41211 2139
41122 41111 1268
41206 41211 1848
41191 41189 1124
41189 41191 1124
55109 55125 2710
55125 55109 2710
55285 55289 1614
55951 55952 953
55289 55285 1614
49242 49244 709
49366 49354 1890
49395 49398 2618
49398 49395 2618
49354 49366 1890
49244 49242 709
53812 53816 789
53816 53812 789
53816 53818 1055
53818 53816 1055
144406 144412 452
144412 144406 452
144452 144453 498
144453 144452 498
196711 196728 1672
196728 196711 1672
196766 196769 1734
196769 196766 1734
150663 150668 1118
150668 150663 1118
139874 140144 1788
140144 139874 1788
142262 142256 1871
142262 142261 888
142299 142261 3061
142299 142298 795
142306 142298 2842
142306 142304 786
142468 142304 2545
142468 142467 876
142471 142467 2365
142471 142470 782
142386 142385 861
142386 142470 2443
142447 142385 2578
141845 141830 722
141845 141844 1004
141845 141855 819
141855 141838 1045
141855 141845 819
141858 141838 738
141858 141857 794
142264 141857 2300
142264 142256 787
141528 141522 2161
141528 141529 859
141613 141529 2263
141613 141614 962
141623 141614 1700
141623 141779 851
141780 141779 2337
141780 141798 197
141798 141780 197
141798 141784 579
141798 141799 795
141799 141784 559
141799 141798 795
141799 141801 941
141802 141801 2460
141802 141810 907
141648 141803 2580
141804 141803 960
141804 141816 753
141816 141804 753
141816 141813 916
141846 141813 2305
141846 141847 868
141847 141814 1681
141847 141843 1085
141847 141846 868
141851 141843 2636
142443 142383 1887
142444 142384 1864
56070 56068 747
56071 56068 1339
56071 56069 713
56071 56090 1458
55934 55933 818
55934 55935 985
55958 55935 1104
55952 55951 953
55952 55956 355
55954 55959 985
55996 55990 222
56004 55997 1366
56004 56001 893
54996 54997 1259
54996 55994 150
54997 54996 1259
54997 55994 1222
54997 55998 1483
55998 54997 1483
55998 55994 1117
56092 56090 848
56092 56093 951
56092 56096 1380
56093 56092 951
56093 56141 1449
56139 56141 610
56139 56269 2021
56277 56278 796
56277 56280 1367
56287 56280 672
56287 56290 1449
56292 56290 1686
196626 196627 1065
196626 196628 1002
196860 196627 779
196860 196861 1758
204680 204347 915
204680 204682 945
204682 204347 602
204682 204680 945
204682 204744 1101
204746 204744 1154
204748 204747 811
207629 207622 1824
207629 207631 867
207631 207624 1806
207631 207629 867
207631 207635 867
207637 207635 2038
207637 207640 801
207640 207636 2057
207640 207637 801
207640 207644 863
207644 207640 863
207644 207641 2024
207644 207647 683
207647 207644 683
207647 207677 2039
207647 207682 872
207520 207517 2028
207520 207519 901
207520 207523 726
207754 207519 2035
207755 207745 1637
207755 207749 434
207749 207746 519
207749 207755 434
207695 207675 2272
207695 207694 779
207696 207675 884
207696 207676 2035
207748 207676 797
207748 207747 2610
214717 207676 797
207694 207674 2145
207694 207680 774
207694 207695 779
207682 207647 872
207682 207678 2150
207688 207678 846
207688 207680 1824
207680 207679 593
207680 207688 1824
207680 207694 774
196758 196757 602
196758 196854 1776
196806 196757 808
196806 196817 683
196806 196818 550
196854 196758 1776
196854 196856 883
196855 196856 785
196855 196878 938
196818 196806 550
196818 196817 836
196847 196850 1405
196847 196861 866
196833 196879 1533
196834 196829 1738
196834 196879 834
196763 196764 528
196811 196815 213
196827 196815 1983
196829 196830 608
196829 196834 1738
196835 196830 2626
145353 145356 1300
145353 145368 636
145368 145353 636
145368 145356 861
145368 145371 354
145362 145360 2361
145362 145369 370
145371 145368 354
145371 145369 832
145361 145360 573
145363 145364 1034
145440 145444 857
145445 145444 1199
145445 145447 762
145449 145447 2049
145449 145458 836
145466 145458 746
145466 145470 803
145471 145470 2166
145473 145472 2140
145473 145990 386
145990 145473 386
145990 145989 400
145993 145992 2839
145993 145996 776
146015 145996 1364
146015 146026 773
146028 146026 1537
146028 146033 837
146076 146032 809
146076 146075 1435
146076 151412 655
151413 151412 1397
151413 151419 651
151420 151417 1483
151420 151419 789
151430 151417 654
151430 151418 449
151430 151429 576
151429 151418 734
151429 151430 576
151429 151437 801
151425 151419 1484
151436 151377 1305
151436 151437 370
151436 151438 302
151438 151436 302
151438 151437 450
146032 146030 1421
146032 146031 813
146032 146076 809
146033 146028 837
146033 146031 1439
151381 151346 2214
151381 151368 925
151381 151382 2585
151382 151370 780
151382 151381 2585
151389 151370 2150
151389 151391 583
151391 151375 201
151391 151389 583
151348 151346 817
151348 151347 843
151348 151347 843
151347 151348 843
151347 151348 843
151347 151380 877
151347 151380 877
151347 203682 631
203682 151347 631
203682 151380 1026
203680 203676 815
203680 203679 1468
203680 203681 755
203570 203571 1299
203579 203571 955
203579 203580 1360
204030 204027 709
204030 204031 624
204030 204032 278
204104 195070 509
204104 204032 452
204107 195000 1696
204107 204109 839
204111 204109 2001
204123 204116 42
204123 204122 848
204123 204133 41
204133 204116 37
204133 204123 41
204133 204134 911
204124 204121 265
204124 204122 330
204124 204128 1464
204128 204121 1414
204128 204124 1464
204327 204134 2536
204327 204652 817
204652 204326 2015
204652 204327 817
214421 204333 277
203695 203681 1579
203695 203696 780
203699 203694 705
203699 203700 890
203699 203730 1517
203697 203696 1110
203700 203696 681
203700 203699 890
203731 203730 787
203731 203734 683
203734 203731 683
203734 203736 936
203737 203736 1675
203737 203756 504
203757 203756 1559
203757 203758 641
203789 203758 879
203789 203795 759
203795 203789 759
203795 203796 254
203795 203798 405
203798 203795 405
203798 203796 249
203798 204006 1044
203798 204008 1662
204008 203798 1662
204008 204009 704
203804 204010 1609
204015 204010 843
204015 204026 1457
204033 204026 937
204033 204034 760
204031 204027 449
204031 204028 715
204031 204030 624
204034 204028 713
204034 204033 760
207970 207963 705
207970 207968 406
207970 207971 478
207613 207609 2034
207613 207612 956
207613 207741 278
207825 207612 2136
207825 207824 750
207577 207573 987
207577 207576 2181
207602 207573 2035
207602 207603 751
207603 207601 938
207603 207602 751
207741 207611 1809
207741 207613 278
208063 207560 300
208063 208062 822
208064 207969 2183
208064 208062 607
207969 207963 1086
207969 207972 801
207969 207998 801
207969 208064 2183
207574 207568 1456
207574 207570 881
207574 207571 830
207574 207575 942
207575 207574 942
207575 207576 901
207562 207559 594
208071 207570 1227
207523 207518 2129
207523 207520 726
207523 207524 824
207802 207524 2051
207802 207803 907
207807 207803 556
207807 207806 774
207807 207820 255
207820 207606 867
207820 207807 255
207821 207606 1638
207821 207823 605
195346 207824 804
207823 207821 605
207823 207824 841
207998 207969 801
207998 207994 2363
207998 208079 763
208079 207998 763
208079 207999 2105
208079 208080 801
208080 208079 801
208080 208122 1886
208125 208123 368
208125 208126 417
208127 208126 706
208127 208129 833
208127 208133 617
208130 208129 1168
208137 208129 761
208137 208138 531
208137 208144 735
208139 208138 807
208139 208144 608
208139 208152 1089
208144 208137 735
208144 208139 608
208144 208145 745
208157 208145 752
208157 208159 420
208159 208157 420
208159 208164 790
208165 208164 843
208168 208166 852
208168 208377 744
208168 208380 2015
214531 208166 772
208380 208168 2015
208380 208376 817
208380 208382 724
208377 208168 744
208377 208382 2283
208397 208382 1016
208397 208398 958
208398 208394 757
208398 208397 958
208395 208388 2082
208395 208396 849
208395 208430 832
208432 208430 348
208426 208423 1955
208426 208425 726
208441 208427 1914
208441 208435 808
208441 208442 768
208435 208425 1933
208435 208441 808
208448 208442 2118
208448 208449 679
210689 208449 1635
210689 210691 814
210692 210691 730
210692 210695 2326
210695 210692 2326
210695 210694 674
178675 178674 552
178678 178674 344
178678 185311 2328
185311 178678 2328
185311 185312 1182
185546 185312 861
178692 178691 1672
185310 178691 905
186031 178691 983
178698 178706 889
178698 178750 1026
178729 178730 697
178733 178730 1302
178779 178730 612
178749 178750 939
178772 178771 747
178775 178771 738
178784 178777 336
180621 180614 537
180627 180614 1577
180290 180294 445
180276 180275 848
180304 180303 276
180306 180307 1796
180612 180307 1063
185013 185012 709
185013 185083 1339
185082 185083 796
185082 185084 1104
166866 185084 924
185087 185084 1200
185087 185088 202
185088 185086 796
185088 185087 202
185089 185086 1388
185089 185090 238
185139 185140 778
185139 185141 630
185142 185132 112
185142 185141 1248
185137 185136 292
185137 185138 709
185132 185130 653
185132 185142 112
185140 185130 344
185140 185139 778
185140 185157 1773
185157 185140 1773
185157 185151 581
185158 185152 790
185656 185152 581
163696 163695 276
166411 163695 1225
166411 166410 758
963
142261
142298
142304
142467
142470
142385
141844
141830
141838
141857
142256
141522
141529
141614
141779
141784
141801
141810
141803
141813
141814
141843
142383
142384
56068
56069
55933
55935
55956
55959
55990
55997
56001
55994
56090
56096
56141
56269
56278
56280
56290
196628
196627
204347
204744
204747
207622
207624
207635
207636
207641
207677
207517
207519
207745
207746
207675
207676
207674
207747
207678
207679
196757
196856
196817
196878
196850
196861
196879
196764
196815
196830
145356
145369
145360
145364
145444
145447
145458
145470
145472
145989
145992
145996
146026
146075
151412
151417
151418
151419
151377
151437
146030
146031
151368
151370
151375
151346
151380
203676
203679
203571
203580
204032
195000
195070
204109
204116
204121
204122
204134
204326
204333
203681
203694
203696
203730
203736
203756
203758
203796
204006
204009
204010
204026
204027
204028
207968
207609
207612
207573
207601
207611
207560
208062
207963
207571
207568
207576
207559
207570
207518
207524
207803
207806
207606
207824
207971
207972
207994
207999
208122
208123
208126
208133
208129
208138
208152
208145
208164
208166
208376
208382
208394
208388
208396
208430
208423
208427
208425
208442
208449
210691
210694
178674
185312
178691
178706
178730
178750
178771
178777
180614
180294
180275
180303
180307
185083
185084
185086
185090
185141
185138
185130
185151
185152
163695
166410
166594
166605
166622
166600
166601
160136
166650
166307
166854
166861
166890
166975
166974
166308
166836
166850
185012
163690
180597
180764
180792
180515
180527
180589
180551
180556
180586
180545
182405
182383
178955
182523
182530
180037
182455
181966
181946
181955
182004
182244
182536
182542
182462
173734
173742
182563
185146
152182
152198
152176
176295
176302
176323
176347
176386
176378
176384
176397
152301
152268
176342
185136
173962
173964
173647
173651
173808
173738
174547
174552
174645
174657
174672
174661
174676
174743
174747
175220
174749
175297
175343
175265
175249
175459
175461
175450
174963
175453
175919
175440
175961
175695
175592
175601
176024
175711
175754
175755
175736
176778
176904
176906
174785
175548
175614
175612
185795
175537
175675
175648
175687
175672
175681
174471
174528
174534
176399
174530
174538
210842
210953
210969
210976
210986
211042
211045
211095
211101
211104
211767
211776
211789
210991
211023
211079
203019
211790
211793
211809
163512
163536
163541
163550
163554
163731
163800
163806
163741
163811
163749
163750
163755
163778
163774
163780
163771
163860
163861
163718
166355
163720
163722
163030
163456
163467
163473
163466
163518
163025
163432
163444
163441
163044
164012
164293
164287
164294
164178
164218
164180
164204
164289
164189
164314
164198
164303
164297
164299
164301
164106
164155
164159
164160
164167
164151
164163
212398
164496
164485
164494
164144
164140
164165
164482
211812
198918
211823
211824
212132
212135
212136
212140
212146
212159
212336
212164
212163
207786
212331
212332
212380
178711
114618
115391
114633
114672
114596
114595
114670
114444
114448
114458
114421
114442
114449
114052
115165
115156
115163
114826
114893
114946
114906
114877
114883
115039
115044
92078
92100
115120
115305
115308
115320
115412
115363
115655
115705
106815
106949
107020
107148
107160
107005
107303
106893
92867
92920
101763
92931
102847
92947
106890
106701
106907
106897
106909
106189
105753
106233
105762
116022
116044
116115
116123
105738
113880
105746
192029
191885
191726
191576
191578
191571
192070
192823
192829
192837
192797
192844
193017
193020
193021
193970
107618
109835
109847
107635
109821
109823
107719
107733
107728
107721
107688
107647
107645
107687
107693
107697
107787
111015
111117
111157
111115
111919
111938
111941
111944
111948
111966
112091
112095
112099
112123
112018
112022
112023
112026
112282
112281
112136
112127
112301
112332
112339
112341
112417
112446
112447
112444
112437
112439
112441
112391
112675
112693
112902
112680
112921
112925
112947
112948
112386
112384
112383
112269
112676
112964
112984
113001
113002
113159
113165
113111
113252
113367
113265
113266
113393
113101
112980
113041
113097
113160
113218
113083
112928
113520
105285
113511
105295
105289
104647
104658
104695
104556
104652
104631
104655
104636
105394
105398
105363
105379
105377
104690
39869
39866
39875
39923
39835
39847
39848
39855
39857
105263
104886
104972
104888
104933
105138
105141
105160
105136
105217
105219
105244
105190
104983
104979
113617
105109
105121
105116
105124
105383
105423
105086
104699
105081
105089
105424
105425
39734
39736
39917
39768
39941
39945
39962
40020
40025
41093
41086
41112
41098
41102
41123
41211
41111
41128
41122
41201
41206
41204
41223
41227
41191
41189
41355
41364
41678
55035
55072
55109
55125
55285
55951
55378
55289
55313
53770
55372
55375
48642
48628
48640
48647
49238
49242
49201
49210
49219
49220
49226
49230
49356
49366
49395
49400
49392
49394
49398
49151
49155
49163
49354
49157
49159
48981
49449
49453
49244
49249
49465
129924
131793
49654
54320
49632
49693
49696
53787
53810
53812
53816
53818
142441
142461
142462
144390
144403
144406
144412
144452
144453
144461
144467
144593
144594
144599
144636
144638
196699
196700
196706
196711
196728
196436
196437
196727
196766
196433
196769
141559
141565
141564
141596
150663
150668
150674
139793
139867
139873
139874
140155
140176
140221
140236
141549
141551
140144
142262
142299
142306
142468
142471
142386
142447
141855
141858
142264
141528
141613
141623
141780
141799
141802
141648
141804
141816
141846
141847
141851
142443
142444
56070
56071
55954
55996
56004
54996
54997
55998
56092
56093
56139
56287
196626
196860
204680
204746
207629
207631
207637
207640
207644
207647
207520
207754
207755
207749
207695
207696
207748
207694
207682
207688
207680
196758
196806
196854
196855
196818
196847
196833
196834
196763
196811
196827
196829
145353
145368
145362
145371
145363
145440
145445
145449
145466
145471
145473
145990
145993
146015
146028
146076
151413
151420
151430
151429
151425
151436
151438
146032
146033
151381
151382
151389
151391
151348
203682
203680
203570
203579
204104
204107
204111
204123
204133
204124
204128
204327
204652
214421
203695
203697
203700
203731
203734
203737
203757
203789
203795
204008
203804
204015
204033
204031
204034
207613
207825
207577
207602
207603
207741
208063
208064
207575
207562
208071
207523
207802
207807
207820
207821
195346
207823
207998
208079
208080
208125
208127
208130
208144
208157
208159
208168
214531
208377
208397
208398
208395
208432
208426
208441
208435
208448
210689
210692
210695
178675
178678
185311
178692
186031
178698
178729
178775
178784
180621
180627
180290
180306
180612
185013
185082
166866
185088
185089
185139
185142
185157
185158
166411
