4538
226245 226243 672
226245 226244 1075
226290 226243 1593
226313 226312 289
226313 235460 858
226162 226160 626
226162 226161 950
226162 226165 273
226163 226160 1071
226163 234253 604
226201 226196 1623
226201 226202 562
226206 226202 823
226206 226210 1611
226210 226205 1174
226210 226206 1611
226174 226175 1271
226174 226176 1028
226174 226177 1176
234245 234246 1314
234247 226452 1640
234247 234248 1505
226199 226200 342
226199 226457 685
226187 226182 1687
226187 226186 782
226188 226183 1569
226188 226184 1614
226478 226475 803
226478 226484 1900
226568 226606 769
226568 234679 112
226323 226319 1685
226323 226324 688
226320 226318 1180
226320 229445 117
229554 229550 1304
229554 229555 1343
226333 226330 3793
226333 226341 2186
229560 229549 1014
229470 229465 1088
229557 229556 1088
229557 229558 1504
6689 35437 169
6689 35439 1263
7985 7994 1503
7980 7979 996
7980 7981 1671
8107 8108 1229
8096 8093 1101
8096 8097 2438
8115 8045 3939
8115 8129 1395
8115 34202 2668
8136 8135 883
8136 8158 811
8849 8851 507
8163 8155 803
8163 16305 164
8148 8142 937
8148 8164 945
8140 8130 1203
8140 8139 1863
8140 8142 701
8075 8073 1976
8075 8143 377
8076 8072 998
8076 8145 4442
8150 8256 2797
8150 8354 4297
8366 8354 380
8366 8367 2652
8382 8367 896
8382 8384 1244
8387 8388 850
8387 8389 1569
8404 8386 452
8421 8423 961
8434 8433 1181
8434 34981 1537
8438 8433 945
8438 8439 343
8442 8439 1189
8442 34773 520
8442 34774 48
8476 8467 2659
8476 8479 152
8471 8464 2334
8471 8472 1541
8480 8479 1910
8480 9152 243
8482 8479 686
8482 34653 924
8412 8411 522
8412 8518 691
8412 9165 551
8470 8464 977
8470 8469 2307
9209 9207 1328
9209 9221 1219
9209 9522 2789
9580 9578 427
16465 16464 1372
16465 16466 945
9598 9592 937
16466 16462 2579
16466 16465 945
16466 16468 705
16470 16468 2581
16470 16471 803
9595 9593 509
16477 16476 955
16477 16531 557
16888 16887 1026
16888 16889 752
16887 16888 1026
16887 16896 193
9644 12711 2366
9644 12718 2660
9720 9649 760
9720 9717 1551
9739 9745 561
9749 9750 1953
9749 9751 811
9742 9744 649
16808 16793 547
16808 16807 972
16810 16807 1462
16810 16809 826
16910 16560 882
16910 16930 1239
16930 16910 1239
16930 16913 512
16792 16752 2334
16792 16793 762
16792 16798 777
16812 16798 2030
16812 16816 833
16821 16816 1311
16821 16822 617
16821 16933 1317
9726 9725 666
9726 9728 3118
9770 9771 264
9770 9773 737
9842 9851 486
9862 9863 1138
9862 35048 1006
9859 9860 1148
9885 9879 780
9885 9886 1477
9888 9887 1516
9897 11381 1129
11394 11389 504
11394 11395 1595
11394 35001 298
11401 11399 817
11402 11399 1008
11402 11403 2224
12319 12322 839
12319 12324 288
12321 12320 2302
10502 10503 2209
10502 35152 3627
12328 12325 839
12328 12336 278
12339 12338 2147
12341 12338 755
12341 12365 782
12400 12399 667
12400 34229 1417
12420 12423 667
12405 12368 3532
12405 12399 1004
12405 12406 2016
12424 12414 1827
12424 12423 373
12422 13276 202
12599 12600 1025
12606 34230 556
12626 12627 354
12425 12423 1175
12428 12427 598
12428 12429 556
12415 12411 839
12474 12465 847
12474 12476 2790
12457 12453 1004
12457 12476 868
11504 11487 1766
11504 11488 672
11504 11503 893
11543 11503 1679
11543 11541 778
11546 11774 1102
11546 11775 1114
11544 11541 2027
11544 11548 445
11544 12466 2990
12466 11544 2990
12466 12467 120
11799 11800 1111
12463 12460 2672
12463 12467 253
12464 12461 1780
12464 12465 672
11780 11776 1264
11782 11783 1014
11782 11794 475
12458 12455 847
12416 12411 2451
12416 12412 671
12501 12500 1675
11788 11786 782
11788 11789 756
11728 11726 764
11728 11727 1114
11728 11732 672
11754 11752 672
11754 11755 893
11790 11734 681
11790 11789 1114
11794 11782 475
11794 11787 764
11806 11786 1934
11760 11749 336
11760 11761 3116
11755 11754 893
11755 11756 516
11758 11759 556
11758 11759 556
11864 11647 1432
11888 11884 848
11888 11889 1114
11684 11678 1982
11684 11679 1234
11892 11673 1795
11892 11893 796
11683 11675 1004
11683 11936 452
11893 11675 2111
11893 11892 796
11936 11683 452
11936 11937 1062
11938 11939 869
11940 11941 1222
11940 11948 556
12031 11948 3096
12031 12032 905
12044 12032 2581
12044 12045 778
12044 12050 681
12050 12044 681
12050 12053 869
12055 12038 1779
12055 12040 1395
12055 12054 667
12059 12060 1085
12068 12056 1901
12068 12070 747
12134 12088 1049
12134 34359 459
12088 9830 817
12088 12134 1049
12088 34360 345
12139 12137 904
12139 12143 2305
12145 12143 950
12181 12180 2526
12181 12217 600
12183 12184 1094
12183 12218 373
12188 12189 841
12218 12182 475
12218 12183 373
12185 12174 747
12185 12186 1001
12212 12174 1500
12212 12211 884
12008 12006 1797
12008 12007 788
12199 12174 983
12199 12200 1082
12199 12211 1454
12198 12020 1181
12198 12205 676
12198 12206 1454
23522 23520 475
23537 23531 279
23537 23538 1501
23539 23538 975
23542 23538 938
23542 23541 975
23541 23533 788
23541 23540 2216
23541 23542 975
23601 23533 2145
23601 23603 1631
23601 23681 936
23681 23601 936
23681 23686 1099
23685 23686 669
23685 23693 2457
23692 23610 788
23692 23693 1126
23695 23713 1007
23609 23608 2280
23609 23630 747
23609 23632 806
23610 23607 2377
23610 23692 788
23643 23640 765
23643 23704 1344
23644 23642 1274
23644 23648 418
24801 24231 2369
24838 24839 1393
24198 24204 747
24198 24205 1372
23647 23645 750
23647 23648 1306
24192 24187 928
24191 24187 1521
24841 34800 2582
24333 24334 737
24333 24336 2090
24333 24337 738
24337 24333 738
24337 24340 2091
24337 24933 737
24863 24933 3117
24945 24944 1188
24945 24946 1209
24946 24945 1209
24946 24948 1205
24946 24952 1877
24996 24952 836
25002 24998 939
25002 25003 557
25158 25159 672
25158 25165 202
25164 25167 139
25164 25168 1446
25024 25022 1072
25024 25023 1102
25167 25023 818
25167 25164 139
25111 34295 300
25114 25115 751
25114 25135 735
25112 25113 679
25112 25134 813
25165 25158 202
25165 25166 1008
188074 188073 1757
186657 186656 489
186657 188070 868
188028 188027 1731
187167 187168 213
187167 187587 2786
187263 187587 844
187600 187639 1661
187600 188027 817
187168 187167 213
187168 187602 1419
187168 187603 556
187168 190477 610
190478 190477 6
190691 190480 2224
190691 190692 359
188275 188277 1436
188275 188279 810
188275 188285 328
188285 188275 328
188285 188286 182
188285 190782 754
135147 135143 1447
135147 135149 3232
135147 135150 517
186656 186657 489
186656 188081 1312
186656 188083 828
188082 188081 772
188082 188096 2646
188095 188096 828
188095 188196 2727
188272 188196 809
188277 188275 1436
188277 188280 768
135132 135128 2818
135132 135136 1103
135174 135175 3323
135174 135183 435
135182 135187 827
135172 135138 610
135172 135171 1592
135171 135136 1967
135171 135172 1592
134836 135043 827
134836 135187 1293
135041 135042 551
135041 135043 1322
135057 135062 2441
135058 135372 1322
135042 135041 551
135042 135046 751
135042 135047 1357
135046 135042 751
135046 135048 1357
135371 135048 904
135371 135369 1494
135371 135372 827
135095 135097 841
135095 135387 1530
135386 135062 827
135386 135385 1494
135386 135387 827
135097 135095 841
135097 135447 1831
135448 135447 827
135448 135450 418
135448 135451 1188
135449 135450 1994
135449 135463 378
135107 135466 1867
135107 135468 1063
135109 135468 1932
135109 135854 827
135900 136274 889
135920 135919 682
135920 136295 1558
136294 136274 1601
136294 136281 818
135919 135920 682
135919 135921 1344
135854 135109 827
135854 135469 1932
135854 135856 1378
135868 135870 676
135871 135858 2459
135856 135854 1378
135856 135857 1867
135856 135858 1337
135897 136229 751
135897 136234 202
135899 135898 1258
136120 136298 1378
136120 136417 697
136419 136416 765
136419 136423 1778
136425 136423 757
136425 136427 2224
136429 136427 605
136429 136430 605
136429 136454 673
136430 136429 605
136430 136442 1008
136430 136454 373
136447 136442 951
136447 136448 1225
136449 136450 889
136492 136450 932
136458 136463 254
136458 136464 2117
136510 136508 819
136470 136450 2224
136470 136469 841
136471 136468 1073
136471 136469 1234
136509 136508 222
136509 136514 599
136499 136500 682
136499 136503 3152
136499 136504 3240
136500 136499 682
136500 136505 3167
136819 136505 789
136819 136530 2371
136819 136820 848
136820 136819 848
136820 136821 2371
136823 136828 848
136823 136830 2481
136824 136821 765
136824 136830 765
136829 136828 472
136825 136827 932
136825 136828 765
136825 136832 2481
132597 136827 504
136851 136827 599
136851 139560 544
137515 137800 1426
137793 137794 2358
137793 137800 765
137792 137794 789
137792 137797 1640
137792 137798 2371
137828 137827 1600
137799 137800 765
137799 137803 2481
133903 133896 2390
133903 137841 932
137804 133896 823
137804 137803 870
137804 137809 1375
137841 133897 2371
137841 133903 932
137841 137842 765
137842 137841 765
137842 137843 682
137842 137844 2358
137728 137729 814
137728 137731 2465
137843 137731 682
137843 137842 682
137843 137845 2388
137729 137728 814
137729 137730 1565
137729 137732 2605
137773 137774 745
137776 137775 1305
137740 137849 517
137850 137848 765
137850 137849 2481
137852 137848 2358
137852 137854 1778
137817 137798 238
137817 137814 848
137817 137818 139
137860 137855 3281
137860 137868 1919
137868 137856 3332
137868 137860 1919
137868 137871 2262
137872 137871 765
137872 137880 2468
137880 137872 2468
137880 137879 765
137880 137952 2371
137927 137952 765
137927 137956 848
137927 137958 2262
137910 137911 2156
137910 138503 1740
138502 138503 2388
137967 137956 765
137967 137968 2262
137971 137911 917
137971 137968 789
137971 137977 2481
138510 138503 2616
138510 139672 786
138596 138597 848
138596 138599 2371
138596 138600 932
138605 138600 789
138605 138606 1935
138606 138605 1935
138606 138609 581
139177 139176 789
139177 139295 870
139177 139299 1768
139201 139203 1281
139201 139296 688
139203 139201 1281
139203 139303 713
139294 139295 951
139294 139296 1530
139142 139144 709
139142 139146 1188
139145 139146 827
139143 139138 827
139143 139144 2407
139143 139624 938
139153 139158 827
139153 139162 1322
139163 139162 751
139163 139170 905
139163 139172 1494
139170 139163 905
139170 139173 1560
139176 139173 629
139176 139177 789
139176 139181 796
199620 199663 1119
199628 199663 1960
199628 199679 973
199628 199680 523
199682 214972 495
199629 199631 822
199632 199631 1929
199632 199634 833
199632 199645 1775
199640 199639 1230
199640 199645 907
199639 199640 1230
199639 199641 1926
199639 199642 744
139208 139207 575
139208 139226 373
139277 139227 354
139306 139304 932
139306 139313 1663
139333 134818 23
139333 139338 599
134818 134817 963
134818 139333 23
139343 139345 778
139343 139350 612
139343 139361 1009
139356 139368 332
139359 139360 1022
139279 139227 765
139279 139288 505
139292 139649 1194
139506 139507 2014
139475 139476 1304
139475 139477 452
139478 139480 1919
139478 139481 688
132964 132965 1038
228832 234962 610
229513 229511 1124
229517 229510 237
229472 229467 672
229472 229468 1876
229566 229473 1093
229566 229567 445
225324 225321 288
225336 234255 1596
225318 225285 3065
225322 225321 1629
225338 225266 1203
225338 225341 1433
225341 225338 1433
225341 225340 2353
225343 225342 900
225343 225956 842
225957 225958 358
225957 225965 450
225965 225957 450
225965 229821 1095
234258 234257 2560
226235 226231 678
226235 226237 989
226236 226237 3039
226236 226252 1206
226025 226026 2668
226025 226031 4905
225303 225996 2280
225303 227769 4857
225315 225313 753
225997 225996 228
225997 234480 1122
234483 235206 1775
234483 235550 751
227780 227781 1205
227780 227782 1343
235475 227770 2188
228913 228918 452
227779 227790 927
227779 227792 1260
227779 227797 7098
227792 227779 1260
227792 227793 1031
227792 227794 8034
225292 225293 1477
225292 234844 718
228937 227820 1222
228920 228921 1611
228920 228922 2514
228921 228920 1611
228921 228929 556
228927 228930 669
228927 228931 1759
234312 226030 2387
234312 234314 1041
234316 234317 1016
228924 234863 2390
228924 234864 3391
228997 228993 5484
228997 228998 2138
229417 229418 1812
229417 229419 2243
229421 229420 1006
229421 229422 1000
229044 229422 1111
229044 229424 1647
229090 229088 1491
229090 229129 1959
229132 229129 517
229132 229133 801
229140 229126 556
228118 229098 3250
229100 229098 1011
229100 229099 2138
228176 228177 2468
228106 228100 1004
228106 228105 921
228106 228109 1014
228115 228107 1523
228115 228116 1454
228109 228106 1014
228109 228121 1344
229433 229432 672
229435 229455 1000
229435 229505 671
229424 229044 1647
229424 229423 1780
229505 229435 671
229505 229507 712
229508 229507 2446
229508 229511 1171
227942 227940 753
227942 227941 1780
227942 227943 353
227948 227940 2667
227948 227945 1193
227948 227950 1780
227951 227999 762
227950 227947 1011
227950 227948 1780
228483 227947 1906
228483 228482 1866
228488 228484 3213
228001 227998 4056
228001 228007 845
228001 228519 1234
228008 228005 1004
228008 228009 1005
228018 228009 1014
228019 228016 670
228019 228141 1906
228142 227989 643
228142 228141 559
228155 228154 687
228016 228014 1809
228016 228015 921
228016 228019 670
228162 228161 1986
228162 228184 687
228192 228184 2340
228192 228193 762
228193 228191 2118
228193 228192 762
228175 228177 1011
228198 228177 889
228200 228203 335
228186 228183 445
228173 228169 509
228384 228393 1708
228437 228433 611
228437 228447 1221
228511 228503 655
228511 228512 373
228512 228511 373
228512 228514 552
227208 227009 5378
227208 228212 502
227208 228221 800
228244 226247 852
228294 228293 445
228294 228302 754
228303 228302 687
228303 228308 2285
228314 228315 397
228305 228306 1912
228305 228319 1577
228353 228269 2223
228353 228355 281
228279 228278 2391
228279 228360 2358
228389 228388 2000
228389 228392 1559
228358 228359 1781
228358 228366 1369
228390 228385 2933
228390 228581 1906
228574 228575 778
228574 228580 1059
228817 228820 1454
228438 228432 1930
228440 228439 3451
228440 228468 1027
228472 228470 1809
6878 6874 3407
6878 6879 2647
6886 6879 486
6881 6875 1964
6881 6882 903
6890 7726 1050
226341 226333 2186
226341 226334 2446
226341 226345 2578
230865 230866 118
230865 230872 864
226243 226244 1010
226243 226245 672
226243 226290 1593
226244 226243 1010
226244 226245 1075
226312 226305 1843
226312 226313 289
226312 226331 9961
235460 226313 858
226160 226158 1576
226160 226162 626
226160 226163 1071
226161 226159 556
226161 226162 950
226161 226164 1955
226165 226162 273
234253 226163 604
226196 226128 2007
226196 226149 847
226196 226194 874
226196 226201 1623
226202 226201 562
226202 226205 2452
226202 226206 823
226205 226202 2452
226205 226210 1174
226175 226174 1271
226175 233900 1776
226175 235243 1433
226176 226174 1028
226176 226179 1606
226176 226186 1124
226177 226174 1176
226177 226429 1675
226177 226434 669
234246 234245 1314
226452 226450 2004
226452 226454 1269
226452 226464 2001
226452 234247 1640
234248 234247 1505
226200 226199 342
226200 226464 269
226457 226199 685
226457 226456 1195
226457 226464 154
226182 226183 1114
226182 226186 1877
226182 226187 1687
226186 226176 1124
226186 226182 1877
226186 226187 782
226183 226182 1114
226183 226184 746
226183 226188 1569
226184 226183 746
226184 226185 610
226184 226188 1614
226475 226471 535
226475 226473 2714
226475 226478 803
226484 226474 2535
226484 226478 1900
226484 226486 1457
226606 226568 769
234679 226557 2668
234679 226568 112
234679 234682 1604
226319 226318 798
226319 226321 1334
226319 226323 1685
226324 226323 688
226318 226319 798
226318 226320 1180
226318 226322 740
229445 226320 117
229445 229441 1677
229445 229542 1447
229550 229548 1088
229550 229551 950
229550 229554 1304
229555 229554 1343
226330 226331 667
226330 226332 678
226330 226333 3793
229549 229548 1565
229549 229556 1427
229549 229560 1014
229465 229464 778
229465 229469 1321
229465 229470 1088
229556 229549 1427
229556 229551 796
229556 229557 1088
229558 229557 1504
35437 6689 169
35437 35438 963
35439 6689 1263
7994 7985 1503
7994 7995 2446
7994 8092 2349
7979 7975 608
7979 7978 485
7979 7980 996
7981 7980 1671
8108 8107 1229
8093 7997 1401
8093 8091 862
8093 8096 1101
8097 8096 2438
8045 8031 2609
8045 8051 2652
8045 8115 3939
8045 34479 1172
8129 8099 2375
8129 8115 1395
8129 8126 1101
34202 8115 2668
34202 34203 689
8135 8136 883
8158 8136 811
8158 8157 752
8158 8160 625
8158 8161 659
8851 8849 507
8155 8130 1236
8155 8160 1127
8155 8163 803
16305 8163 164
8142 8138 1311
8142 8140 701
8142 8146 724
8142 8148 937
8164 8148 945
8130 8131 1079
8130 8140 1203
8130 8141 1379
8130 8155 1236
8139 8122 1244
8139 8138 897
8139 8140 1863
8073 8070 434
8073 8072 1017
8073 8074 1551
8073 8075 1976
8143 8070 2070
8143 8075 377
8143 8146 701
8143 35065 340
8072 8062 1551
8072 8073 1017
8072 8076 998
8072 8078 2622
8145 8076 4442
8145 8077 1151
8145 8254 998
8145 8256 941
8256 8145 941
8256 8150 2797
8256 8255 976
8256 8257 990
8354 8150 4297
8354 8360 1321
8354 8366 380
8367 8366 2652
8367 8382 896
8367 8385 916
8384 8382 1244
8388 8387 850
8389 8387 1569
8386 8385 284
8386 8404 452
8423 8421 961
8423 8422 4157
8423 8436 332
8433 8434 1181
8433 8437 1630
8433 8438 945
34981 8434 1537
8439 8435 1442
8439 8438 343
8439 8442 1189
34773 8442 520
34774 8442 48
8467 8465 997
8467 8468 1435
8467 8476 2659
8479 8476 152
8479 8480 1910
8479 8482 686
8464 8463 2152
8464 8470 977
8464 8471 2334
8472 8471 1541
9152 8480 243
34653 8482 924
34653 34700 439
8411 8412 522
8518 8412 691
8518 8516 338
8518 8519 1796
9165 8412 551
9165 8519 1313
9165 9167 1104
8469 8455 538
8469 8470 2307
8469 8483 550
8469 8485 1708
9207 9208 763
9207 9209 1328
9207 9517 2350
9221 9209 1219
9522 9209 2789
9522 9523 1386
9522 9525 2497
9578 9576 883
9578 9580 427
16464 9571 1896
16464 16461 1344
16464 16465 1372
9592 9593 196
9592 9596 873
9592 9598 937
16462 16461 817
16462 16463 2890
16462 16466 2579
16468 16466 705
16468 16467 1064
16468 16470 2581
16468 16492 781
16471 16470 803
16471 16492 2586
16471 16518 684
9593 9592 196
9593 9595 509
16476 16474 831
16476 16477 955
16476 16882 798
16531 16472 933
16531 16477 557
16531 16532 687
16889 16533 2641
16889 16888 752
16889 16890 2078
16896 16887 193
16896 16895 2878
16896 16926 688
12711 9644 2366
12711 16890 2554
12711 16895 1092
12718 9644 2660
9649 9648 2440
9649 9719 1561
9649 9720 760
9717 9652 1520
9717 9718 1256
9717 9720 1551
9745 9739 561
9750 9749 1953
9751 9749 811
9744 9742 649
16793 16747 927
16793 16750 2281
16793 16792 762
16793 16808 547
16807 16559 814
16807 16748 858
16807 16808 972
16807 16810 1462
16809 16559 1499
16809 16810 826
16809 16927 1348
16560 16547 2039
16560 16908 297
16560 16910 882
16913 16911 1049
16913 16912 771
16913 16930 512
16752 16749 1620
16752 16750 813
16752 16754 729
16752 16792 2334
16798 16510 907
16798 16754 2294
16798 16792 777
16798 16812 2030
16816 16510 2012
16816 16812 833
16816 16819 604
16816 16821 1311
16822 16819 1164
16822 16821 617
16822 16933 701
16933 16821 1317
16933 16822 701
16933 16835 106
9725 9722 1169
9725 9726 666
9728 9726 3118
9771 9770 264
9773 9770 737
9773 9772 747
9773 9774 865
9851 9842 486
9851 9850 782
9851 9852 2023
9863 9862 1138
9863 9864 1021
9863 35047 1632
35048 9862 1006
9860 9859 1148
9860 9861 1086
9879 9878 643
9879 9881 1437
9879 9885 780
9886 9881 834
9886 9885 1477
9886 11378 252
9887 9888 1516
9887 11380 2865
9887 11381 975
11381 9887 975
11381 9897 1129
11381 11389 3558
11389 11381 3558
11389 11386 839
11389 11394 504
11389 11396 282
11395 11394 1595
35001 11394 298
35001 35002 203
11399 11398 746
11399 11401 817
11399 11402 1008
11403 11402 2224
11403 11408 1595
11403 11427 893
11403 12320 671
12322 12319 839
12322 12325 681
12322 12327 324
12324 12319 288
12324 12323 2269
12320 11403 671
12320 12321 2302
12320 12323 755
12320 12346 1225
10503 10502 2209
35152 10502 3627
12325 12322 681
12325 12328 839
12325 12330 242
12336 12328 278
12336 12335 2069
12338 12335 763
12338 12339 2147
12338 12341 755
12338 12362 1114
12365 12341 782
12399 12364 3611
12399 12400 667
12399 12405 1004
34229 12400 1417
34229 34228 754
12423 12420 667
12423 12424 373
12423 12425 1175
12368 11437 2856
12368 12367 782
12368 12369 1188
12368 12405 3532
12406 12405 2016
12406 12408 764
12406 12411 755
12406 12412 2446
12414 12413 1273
12414 12424 1827
12414 12427 536
13276 12422 202
12600 12599 1025
34230 12606 556
12627 12626 354
12427 12413 1494
12427 12414 536
12427 12428 598
12429 12428 556
12411 12406 755
12411 12413 672
12411 12415 839
12411 12416 2451
12465 12462 2920
12465 12464 672
12465 12474 847
12476 12457 868
12476 12462 672
12476 12474 2790
12453 12451 839
12453 12452 3335
12453 12455 672
12453 12457 1004
11487 11479 1343
11487 11488 1929
11487 11504 1766
11488 11487 1929
11488 11504 672
11488 11710 778
11488 11774 497
11503 11486 2102
11503 11501 667
11503 11504 893
11503 11543 1679
11541 11501 1683
11541 11542 114
11541 11543 778
11541 11544 2027
11774 11488 497
11774 11546 1102
11775 11546 1114
11775 11714 1014
11775 11776 889
11548 11544 445
12467 12463 253
12467 12466 120
11800 11799 1111
12460 11558 750
12460 12461 839
12460 12463 2672
12461 12449 1225
12461 12460 839
12461 12464 1780
11776 11718 840
11776 11775 889
11776 11780 1264
11783 11717 1860
11783 11782 1014
11783 11784 562
12455 12453 672
12455 12454 3445
12455 12458 847
12412 12406 2446
12412 12416 671
12412 12500 1234
12500 12412 1234
12500 12456 764
12500 12501 1675
11786 11730 2102
11786 11787 778
11786 11788 782
11786 11806 1934
11789 11733 672
11789 11788 756
11789 11790 1114
11726 11704 756
11726 11723 1225
11726 11728 764
11726 11752 2118
11727 11723 756
11727 11728 1114
11727 11731 764
11732 11728 672
11732 11731 1222
11732 11734 756
11752 11726 2118
11752 11741 847
11752 11754 672
11734 11732 756
11734 11733 1225
11734 11790 681
11787 11785 165
11787 11786 778
11787 11794 764
11749 11743 672
11749 11750 420
11749 11760 336
11761 11760 3116
11756 11742 1008
11756 11755 516
11756 11757 818
11759 11758 556
11759 11758 556
11647 11643 2446
11647 11649 796
11647 11862 556
11647 11864 1432
11884 11679 809
11884 11885 1010
11884 11887 363
11884 11888 848
11889 11888 1114
11678 11677 1897
11678 11682 1699
11678 11684 1982
11679 11680 1014
11679 11684 1234
11679 11884 809
11673 11674 1532
11673 11675 688
11673 11682 782
11673 11892 1795
11675 11673 688
11675 11676 1415
11675 11683 1004
11675 11893 2111
11937 11936 1062
11937 22662 516
11937 23298 580
11939 11938 869
11939 11941 1139
11939 23297 950
11941 11939 1139
11941 11940 1222
11941 23295 1025
11948 11934 445
11948 11940 556
11948 12031 3096
12032 11949 3260
12032 12031 905
12032 12033 688
12032 12044 2581
12045 12044 778
12045 12054 950
12045 12054 950
12053 12050 869
12038 11951 672
12038 12033 1357
12038 12055 1779
12040 12035 750
12040 12055 1395
12040 12056 788
12040 12057 1280
12054 12045 950
12054 12045 950
12054 12055 667
12060 12057 788
12060 12059 1085
12060 12080 713
12060 12081 950
12056 12036 563
12056 12040 788
12056 12068 1901
12070 12062 1102
12070 12068 747
12070 12079 1767
34359 12079 284
34359 12134 459
9830 9829 541
9830 12085 190
9830 12088 817
9830 12089 687
34360 12088 345
12137 9829 972
12137 12138 2305
12137 12139 904
12143 12138 904
12143 12139 2305
12143 12145 950
12180 12138 847
12180 12176 1120
12180 12181 2526
12217 12181 600
12217 12182 588
12217 12219 2328
12184 12179 1558
12184 12183 1094
12184 34361 710
12189 12188 841
12189 34587 2018
12182 12176 2651
12182 12217 588
12182 12218 475
12174 12175 1032
12174 12185 747
12174 12199 983
12174 12212 1500
12186 12175 867
12186 12185 1001
12186 34362 150
12211 12199 1454
12211 12212 884
12211 12214 884
12006 12001 708
12006 12008 1797
12006 12009 750
12006 12161 1220
12007 12001 1830
12007 12008 788
12007 12010 336
12200 12175 860
12200 12199 1082
12200 34365 69
12200 34367 749
12020 12021 1293
12020 12022 1675
12020 12198 1181
12205 12198 676
12205 12206 1188
12205 12207 826
12206 12026 847
12206 12198 1454
12206 12205 1188
23520 23521 6176
23520 23522 475
23531 23529 877
23531 23537 279
23531 23540 580
23538 23537 1501
23538 23539 975
23538 23542 938
23533 23532 2085
23533 23541 788
23533 23588 1671
23533 23601 2145
23540 23531 580
23540 23532 847
23540 23541 2216
23603 23600 872
23603 23601 1631
23603 23604 1120
23603 23605 1274
23686 23681 1099
23686 23685 669
23686 23687 1321
23693 23685 2457
23693 23689 612
23693 23692 1126
23713 23695 1007
23608 23598 511
23608 23607 1357
23608 23609 2280
23630 23609 747
23630 23619 800
23630 23629 2280
23632 23609 806
23632 23638 3223
23632 23700 939
23607 23606 1079
23607 23608 1357
23607 23610 2377
23607 23611 1254
23640 23638 869
23640 23642 373
23640 23643 765
23640 23700 2888
23704 23643 1344
23642 23640 373
23642 23644 1274
23648 23641 737
23648 23644 418
23648 23647 1306
24231 24223 3065
24231 24228 2568
24231 24230 750
24231 24232 737
24231 24233 3152
24231 24801 2369
24839 24232 2369
24839 24838 1393
24204 24198 747
24204 24206 1222
24205 24198 1372
24205 24800 667
23645 23636 1266
23645 23641 1446
23645 23646 2282
23645 23647 750
24187 23646 939
24187 24188 649
24187 24191 1521
24187 24192 928
34800 24330 2941
34800 24841 2582
24334 24333 737
24336 24325 1585
24336 24331 809
24336 24333 2090
24336 24340 737
24340 24336 737
24340 24337 2091
24340 24338 1501
24340 24341 737
24933 24337 737
24933 24863 3117
24933 24934 1345
24944 24945 1188
24944 24947 1901
24944 24948 939
24948 24944 939
24948 24946 1205
24948 24950 1055
24948 24953 1008
24952 24946 1877
24952 24954 1167
24952 24996 836
24952 24998 737
24998 24952 737
24998 24997 1254
24998 25002 939
25003 25002 557
25003 25005 612
25003 25013 2196
25003 25017 1777
25159 25158 672
25168 25164 1446
25022 25021 433
25022 25024 1072
25023 25024 1102
25023 25028 713
25023 25167 818
34295 25111 300
25115 25114 751
25135 25114 735
25135 25117 703
25135 25134 748
25113 25112 679
25134 25112 813
25134 25116 947
25134 25135 748
25166 25165 1008
188073 188072 2431
188073 188074 1757
188070 186657 868
188070 188071 846
188070 188083 311
188027 187600 817
188027 188028 1731
188027 188077 1632
187587 187167 2786
187587 187263 844
187587 187644 721
187639 187600 1661
187639 187640 728
187639 188077 1061
187602 187168 1419
187602 187603 1290
187602 187644 1470
187602 187646 1683
187603 187168 556
187603 187602 1290
187603 187648 1832
187603 190477 245
187603 190680 981
190477 187168 610
190477 187603 245
190477 190478 6
190477 190685 15
190480 190479 533
190480 190691 2224
190692 190691 359
188279 188275 810
188279 188280 1396
188279 188281 1612
188286 188285 182
190782 188285 754
190782 188335 1910
190782 188336 845
135143 134202 4957
135143 135144 3662
135143 135147 1447
135143 135148 983
135149 134211 2909
135149 135147 3232
135149 135224 3005
135150 135147 517
135150 135148 1268
135150 135160 848
135150 135225 1483
188081 186656 1312
188081 188082 772
188081 188189 787
188081 188191 2736
188083 186656 828
188083 188070 311
188083 188181 944
188083 188189 1308
188096 188082 2646
188096 188095 828
188096 188191 785
188096 188193 2759
188196 188095 2727
188196 188193 810
188196 188272 809
188196 188281 3129
188280 188277 768
188280 188279 1396
135128 135125 878
135128 135129 2404
135128 135130 2248
135128 135132 2818
135136 135132 1103
135136 135137 1322
135136 135138 983
135136 135171 1967
135175 135138 751
135175 135174 3323
135175 135176 1322
135175 135179 1337
135183 135174 435
135183 135184 629
135187 134836 1293
135187 135182 827
135187 135184 1576
135187 135188 629
135138 135136 983
135138 135141 1322
135138 135172 610
135138 135175 751
135043 134836 827
135043 135041 1322
135043 135047 476
135043 135188 1257
135062 135057 2441
135062 135372 676
135062 135375 1594
135062 135386 827
135372 135058 1322
135372 135062 676
135372 135371 827
135372 135373 1594
135047 135042 1357
135047 135043 476
135047 135048 751
135047 135366 1322
135048 135046 1357
135048 135047 751
135048 135368 1322
135048 135371 904
135369 135368 806
135369 135370 1188
135369 135371 1494
135369 135373 878
135387 135095 1530
135387 135386 827
135387 135391 1494
135387 135447 629
135385 135375 789
135385 135386 1494
135385 135389 1322
135385 135391 827
135447 135097 1831
135447 135387 629
135447 135399 1560
135447 135448 827
135450 135448 418
135450 135449 1994
135450 135451 1028
135450 135452 436
135451 135448 1188
135451 135450 1028
135451 135453 373
135463 135449 378
135463 135466 332
135466 135107 1867
135466 135463 332
135466 135464 927
135466 135467 1152
135468 135107 1063
135468 135109 1932
135468 135467 2068
135468 135469 827
136274 135900 889
136274 136278 581
136274 136294 1601
136295 135920 1558
136295 136296 951
136295 136297 796
136295 136298 682
136281 136279 1115
136281 136280 1055
136281 136294 818
136281 136296 420
135921 135919 1344
135921 136298 238
135469 135468 827
135469 135470 1979
135469 135854 1932
135469 135857 1258
135870 135868 676
135858 135856 1337
135858 135871 2459
135858 136228 557
135858 136229 476
135857 135469 1258
135857 135817 2004
135857 135856 1867
135857 136217 905
136229 135858 476
136229 135897 751
136229 136228 789
136234 135897 202
136234 135898 202
136234 136218 2335
136234 136272 806
135898 135899 1258
135898 136234 202
136298 135921 238
136298 136120 1378
136298 136295 682
136298 136297 1022
136417 136120 697
136417 136416 1556
136417 139586 564
136416 136299 1281
136416 136305 1111
136416 136417 1556
136416 136419 765
136423 136305 939
136423 136419 1778
136423 136422 827
136423 136424 2889
136423 136425 757
136427 136424 1073
136427 136425 2224
136427 136429 605
136427 136453 1891
136454 136429 673
136454 136430 373
136454 136443 757
136454 136465 2223
136442 136430 1008
136442 136443 893
136442 136447 951
136448 136443 848
136448 136447 1225
136448 136450 757
136448 136469 2223
136450 136448 757
136450 136449 889
136450 136470 2224
136450 136492 932
136463 136458 254
136463 136473 430
136463 136477 1864
136464 136458 2117
136464 136537 1254
136464 136539 751
136508 136509 222
136508 136510 819
136508 136511 279
136508 136515 682
136469 136448 2223
136469 136466 757
136469 136470 841
136469 136471 1234
136468 136466 1891
136468 136467 1009
136468 136471 1073
136514 136509 599
136514 136525 1447
136503 136499 3152
136503 136504 848
136503 136505 765
136503 136528 2358
136504 136499 3240
136504 136503 848
136504 136525 2358
136505 136500 3167
136505 136503 765
136505 136529 1140
136505 136819 789
136530 136528 1632
136530 136819 2371
136530 136821 848
136821 136530 848
136821 136820 2371
136821 136824 765
136828 136823 848
136828 136825 765
136828 136829 472
136828 136831 2496
136830 136823 2481
136830 136824 765
136830 136831 932
136827 132597 504
136827 136825 932
136827 136851 599
136827 136853 2347
136832 136825 2481
136832 136831 682
136832 136853 790
139560 136851 544
139560 137796 1353
137800 137515 1426
137800 137793 765
137800 137799 765
137800 137801 2371
137794 137792 789
137794 137793 2358
137794 137801 848
137797 137792 1640
137797 137805 1115
137797 137806 1014
137798 137792 2371
137798 137806 848
137798 137816 408
137798 137817 238
137827 137811 214
137827 137828 1600
137803 137799 2481
137803 137801 757
137803 137804 870
133896 133897 895
133896 133903 2390
133896 137804 823
137809 137804 1375
137809 137808 996
133897 133896 895
133897 137841 2371
133897 137844 682
137844 133897 682
137844 137842 2358
137844 137845 848
137844 137846 2481
137731 137728 2465
137731 137732 870
137731 137843 682
137731 137847 2388
137845 137843 2388
137845 137844 848
137845 137847 682
137730 137729 1565
137732 137729 2605
137732 137731 870
137732 137848 2481
137732 137849 765
137774 137773 745
137774 137775 348
137775 137774 348
137775 137776 1305
137849 137732 765
137849 137740 517
137849 137850 2481
137848 137732 2481
137848 137847 765
137848 137850 765
137848 137852 2358
137854 137846 453
137854 137852 1778
137814 136852 848
137814 137810 222
137814 137812 148
137814 137817 848
137818 137815 599
137818 137817 139
137818 137819 2358
137818 137820 757
137855 137825 1658
137855 137856 2307
137855 137860 3281
137856 137855 2307
137856 137858 366
137856 137859 738
137856 137868 3332
137871 137868 2262
137871 137872 765
137871 137875 848
137871 137879 2468
137879 137871 2468
137879 137876 870
137879 137880 765
137879 137942 1919
137952 137880 2371
137952 137927 765
137952 137945 435
137952 137953 905
137956 137927 848
137956 137957 1357
137956 137959 2262
137956 137967 765
137958 137927 2262
137958 137955 91
137958 137959 848
137958 137962 227
137911 137910 2156
137911 137971 917
137911 138517 199
138503 137910 1740
138503 138502 2388
138503 138510 2616
138503 139671 764
137968 137959 765
137968 137967 2262
137968 137971 789
137968 137972 2371
137977 137971 2481
137977 137972 765
137977 137978 2279
137977 137979 932
139672 138510 786
139672 138572 676
139672 139671 2599
138597 138574 870
138597 138596 848
138597 138598 2371
138599 138596 2371
138599 138598 848
138599 138601 932
138599 138602 1919
138600 138596 932
138600 138601 2371
138600 138605 789
138609 138601 599
138609 138603 1268
138609 138606 581
139295 139177 870
139295 139294 951
139295 139297 1386
139295 139300 951
139299 139177 1768
139299 139182 870
139299 139302 951
139296 139201 688
139296 139294 1530
139296 139297 796
139296 139303 1364
139303 139203 713
139303 139296 1364
139303 139304 847
139144 139142 709
139144 139143 2407
139144 139147 827
139144 139148 1188
139146 139142 1188
139146 139145 827
139146 139148 709
139146 139647 534
139138 139139 751
139138 139143 827
139138 139147 2407
139624 139143 938
139158 139153 827
139158 139155 827
139158 139159 445
139158 139160 1357
139162 139153 1322
139162 139160 751
139162 139163 751
139162 139168 1357
139172 139163 1494
139172 139168 789
139172 139173 789
139172 139179 713
139173 139170 1560
139173 139172 789
139173 139176 629
139181 139176 796
139181 139179 1305
139181 139182 951
199663 199620 1119
199663 199628 1960
199663 199659 2078
199663 199664 1116
199679 199628 973
199679 199684 469
199679 199686 433
199680 199628 523
214972 199682 495
214972 199727 2249
199631 199629 822
199631 199632 1929
199631 199633 893
199634 199632 833
199634 199633 2320
199634 199649 1833
199634 199650 797
199645 199632 1775
199645 199640 907
199645 199649 710
199641 199639 1926
199642 199639 744
199642 199643 1945
199642 199644 860
199642 199655 2820
139207 139208 575
139207 139225 665
139207 139229 17
139226 136220 238
139226 139208 373
139226 139248 176
139227 139228 611
139227 139277 354
139227 139279 765
139227 139407 663
139304 139297 1530
139304 139303 847
139304 139306 932
139304 139312 951
139313 139306 1663
139313 139323 276
139313 139338 252
139338 139313 252
139338 139333 599
139338 139339 475
139338 139646 202
134817 134818 963
134817 134820 637
134817 139335 109
139345 139335 466
139345 139342 767
139345 139343 778
139345 139344 330
139350 139343 612
139350 139362 139
139350 139365 951
139361 139343 1009
139368 139356 332
139360 139359 1022
139360 139510 1990
139288 139279 505
139288 139286 452
139288 139290 470
139649 139292 1194
139507 139506 2014
139507 139533 4385
139476 139475 1304
139477 139475 452
139480 139478 1919
139480 139479 1109
139481 139478 688
139481 139485 2949
139481 139486 688
132965 132964 1038
234962 228832 610
229511 229508 1171
229511 229510 1466
229511 229513 1124
229510 229509 1161
229510 229511 1466
229510 229517 237
229467 229458 1427
229467 229472 672
229467 229473 1343
229468 229458 2002
229468 229472 1876
229468 229509 927
229473 229467 1343
229473 229565 667
229473 229566 1093
229567 229566 445
225321 225320 1741
225321 225322 1629
225321 225324 288
234255 225336 1596
234255 234397 1534
225285 225274 274
225285 225318 3065
225266 225267 875
225266 225338 1203
225266 225340 3202
225340 225266 3202
225340 225341 2353
225340 225835 300
225342 225343 900
225956 225343 842
225956 234403 889
225956 235497 1222
225958 225955 352
225958 225957 358
225958 234403 582
229821 225965 1095
229821 231521 602
234257 226110 629
234257 234258 2560
226231 226232 2592
226231 226233 1629
226231 226235 678
226237 226235 989
226237 226236 3039
226237 226240 271
226252 226236 1206
226026 226021 1590
226026 226025 2668
226026 226028 4038
226031 226025 4905
226031 226030 1549
226031 234314 3833
225996 225303 2280
225996 225997 228
227769 225303 4857
227769 227770 451
225313 225308 274
225313 225314 2016
225313 225315 753
234480 225997 1122
235206 234483 1775
235206 235207 493
235206 235551 642
235550 234483 751
227781 227780 1205
227781 234580 62
227782 227780 1343
227770 227715 853
227770 227769 451
227770 235475 2188
228918 228913 452
227790 227779 927
227790 227784 596
227797 227779 7098
227797 227794 983
227793 227792 1031
227794 227792 8034
227794 227797 983
227794 227809 1084
225293 225292 1477
225293 234845 719
225293 234845 719
234844 225292 718
227820 227810 4942
227820 227824 1425
227820 228937 1222
228922 228920 2514
228929 228921 556
228930 228927 669
228931 228927 1759
226030 226031 1549
226030 228977 3530
226030 234312 2387
234314 226031 3833
234314 234312 1041
234314 234313 1613
234317 234316 1016
234863 228924 2390
234863 234857 1481
234863 234865 340
234864 228924 3391
228993 226036 3406
228993 228994 2947
228993 228997 5484
228998 228997 2138
229418 229417 1812
229418 229426 1558
229418 229427 514
229419 229417 2243
229419 229425 2285
229419 229428 1841
229420 229421 1006
229422 229044 1111
229422 229421 1000
229422 229423 1590
229088 229087 549
229088 229090 1491
229129 229090 1959
229129 229130 291
229129 229131 751
229129 229132 517
229133 229132 801
229126 229124 1177
229126 229140 556
229126 234849 3424
229098 228113 1006
229098 228118 3250
229098 229096 2126
229098 229100 1011
229099 229097 844
229099 229100 2138
229099 229101 511
228177 228175 1011
228177 228176 2468
228177 228198 889
228100 228099 2700
228100 228104 1081
228100 228106 1004
228100 228108 697
228105 228055 670
228105 228106 921
228107 228101 2809
228107 228108 730
228107 228115 1523
228116 228115 1454
228121 228051 5274
228121 228059 672
228121 228109 1344
228121 228130 556
229432 229430 920
229432 229433 672
229432 229434 1904
229455 229435 1000
229423 229422 1590
229423 229424 1780
229423 229430 927
229507 229457 1070
229507 229505 712
229507 229508 2446
227940 227937 1780
227940 227939 837
227940 227942 753
227940 227948 2667
227941 227937 753
227941 227942 1780
227941 227992 845
227943 227942 353
227943 227944 586
227945 227946 596
227945 227947 1686
227945 227948 1193
227999 227944 2480
227999 227951 762
227999 228007 1686
227947 227945 1686
227947 227950 1011
227947 228483 1906
228482 227929 2204
228482 228332 997
228482 228483 1866
228484 228333 3478
228484 228485 2783
228484 228488 3213
227998 227944 837
227998 227997 237
227998 228001 4056
228007 227999 1686
228007 228001 845
228007 228516 2590
228519 228001 1234
228005 228000 2028
228005 228008 1004
228005 228011 1011
228009 228008 1005
228009 228011 1114
228009 228018 1014
228141 227989 418
228141 228014 596
228141 228019 1906
228141 228142 559
227989 227990 366
227989 228141 418
227989 228142 643
228154 228153 1055
228154 228155 687
228154 228156 1758
228014 228013 1094
228014 228016 1809
228014 228141 596
228015 228013 1897
228015 228016 921
228015 228017 275
228161 228156 556
228161 228162 1986
228184 228162 687
228184 228182 2111
228184 228191 762
228184 228192 2340
228191 228184 762
228191 228193 2118
228203 228200 335
228183 228168 1000
228183 228181 1005
228183 228186 445
228169 228165 1423
228169 228167 796
228169 228173 509
228393 228384 1708
228393 228392 2425
228393 228443 1750
228433 228421 2345
228433 228425 2810
228433 228437 611
228447 228437 1221
228447 228448 2044
228503 228494 1685
228503 228498 1690
228503 228511 655
228514 228509 764
228514 228512 552
227009 226953 8098
227009 227010 1675
227009 227207 137
227009 227208 5378
228212 227208 502
228212 228213 89
228212 228214 945
228221 227208 800
228221 228220 2066
228221 233596 1372
226247 226248 874
226247 226249 988
226247 228204 173
226247 228244 852
228293 228292 344
228293 228294 445
228293 228300 866
228302 228294 754
228302 228300 672
228302 228303 687
228308 228303 2285
228308 228307 1031
228308 228328 1855
228315 228314 397
228306 228305 1912
228306 228319 335
228306 228369 1505
228319 228268 3194
228319 228305 1577
