2214
236825 259377 3043
262017 262024 269
262017 262607 368
259364 259365 663
259364 259366 2148
259374 262605 1022
260616 259372 3628
260616 262599 2042
259310 259311 5912
259310 259762 2879
259797 259798 1280
259797 259799 1607
259753 259282 8158
259753 259763 4247
259778 259777 1524
259778 259780 1006
259677 259678 1694
259677 259680 3406
259682 259620 2643
1677 1676 2224
1677 5678 902
5249 5247 1575
5249 5414 1669
1578 1678 696
1746 1748 2340
1732 1730 1872
1732 1733 1301
1733 1732 1301
1733 1744 344
1745 1731 1928
1745 1747 6038
1745 1748 1751
5165 5164 336
5165 5166 1978
5200 5201 1978
5200 5206 2142
4447 4417 603
259672 257829 2132
259672 263037 2397
259653 259647 4746
259653 259652 169
259680 259652 2635
259680 259677 3406
259664 259665 996
259664 259666 2662
4419 4426 549
4420 4451 7537
4420 4452 3775
4493 4494 2115
4493 4508 3361
4816 4815 1905
4816 4815 1905
4816 4821 2917
4816 4821 2917
4846 4853 5861
4846 4854 1388
6366 6367 3009
4870 4869 1021
4910 4916 1670
4922 4914 4670
4922 5153 1972
4914 4922 4670
4914 5143 3104
5144 5152 6840
1752 1748 1065
260655 260654 5145
260655 260663 2376
260702 260703 1161
260702 260704 1451
260707 260711 7711
260707 260757 1484
260722 260710 1188
260722 262559 882
261100 260714 1777
261100 262555 537
260659 260650 858
260659 260660 1325
260833 260834 1299
260833 260842 1703
260843 260844 6983
260843 260875 5802
260713 260712 2041
260713 260715 4734
260864 257812 14321
260864 260863 1210
260869 260870 2445
260869 260871 1975
260882 260874 2134
260882 260976 947
260976 260882 947
260976 260982 3353
260984 260868 2797
260984 260990 2501
260990 260984 2501
260990 261008 950
1796 1786 1972
61 62 2418
61 1848 1242
1819 1821 1556
2309 2310 1719
2309 2311 4022
4099 4100 2950
4099 6360 1424
2910 2911 511
2910 2912 1941
2787 6389 293
2831 2828 444
2831 2839 1018
263768 259382 5172
259398 259399 596
259807 259799 1113
259807 263021 2309
259825 259826 1792
259825 259827 1723
259377 236825 3043
259377 259397 8305
259377 259399 2516
262024 262017 269
262607 262017 368
259365 259362 1152
259365 259364 663
259365 262603 5899
259366 259364 2148
259366 259367 2289
259366 259369 877
262605 259374 1022
259372 259373 2277
259372 259419 5624
259372 260616 3628
262599 260616 2042
262599 262600 2931
262599 262601 1709
259311 259308 3049
259311 259310 5912
259311 259793 1787
259762 242743 1858
259762 259310 2879
259798 259797 1280
259798 259800 1816
259799 259797 1607
259799 259806 1532
259799 259807 1113
259282 259280 1942
259282 259751 2361
259282 259753 8158
259763 259753 4247
259763 259759 2186
259763 259766 1599
259777 259773 961
259777 259776 1498
259777 259778 1524
259780 259778 1006
259678 259675 1733
259678 259677 1694
259678 262906 3001
259620 259617 3750
259620 259631 5554
259620 259682 2643
1676 103 1392
1676 1677 2224
1676 1678 557
5678 1677 902
5247 5246 434
5247 5249 1575
5247 5409 4946
5414 5249 1669
5414 5413 3691
1678 1578 696
1678 1676 557
1678 1679 1881
1748 1745 1751
1748 1746 2340
1748 1751 5460
1748 1752 1065
1730 1731 1139
1730 1732 1872
1730 1734 876
1744 1733 344
1731 1694 1530
1731 1730 1139
1731 1745 1928
1747 1745 6038
1747 1751 597
1747 1751 597
5164 5162 876
5164 5165 336
5166 5165 1978
5201 5200 1978
5201 5207 445
5201 5208 418
5206 5200 2142
4417 4415 969
4417 4447 603
4417 4449 2411
257829 257830 1198
257829 259668 1878
257829 259672 2132
263037 259672 2397
259647 259641 3672
259647 259653 4746
259647 259663 1094
259647 259665 1882
259652 259648 3182
259652 259653 169
259652 259680 2635
259665 259647 1882
259665 259663 1217
259665 259664 996
259666 259664 2662
259666 259668 1618
4426 4419 549
4426 4425 3695
4451 4420 7537
4452 4420 3775
4494 4440 7255
4494 4493 2115
4508 4493 3361
4815 4814 3423
4815 4814 3423
4815 4816 1905
4815 4816 1905
4821 4816 2917
4821 4816 2917
4821 4822 3682
4853 4846 5861
4853 4851 1755
4854 40 292
4854 4846 1388
6367 6366 3009
4869 4870 1021
4869 4871 1021
4916 35 6300
4916 4910 1670
4916 4915 4226
5153 4922 1972
5153 5154 2612
5143 4914 3104
5143 5152 3150
5152 5143 3150
5152 5144 6840
5152 5155 3019
260654 260653 1610
260654 260655 5145
260654 260658 733
260663 260655 2376
260663 260662 819
260663 262567 690
260703 260702 1161
260704 260694 71
260704 260702 1451
260704 262566 644
260711 260707 7711
260711 260710 693
260711 262560 814
260757 260707 1484
260757 260758 1612
260710 260711 693
260710 260718 840
260710 260722 1188
262559 260722 882
260714 260712 3916
260714 261100 1777
262555 261100 537
260650 260651 2243
260650 260659 858
260660 260659 1325
260660 262534 863
260834 260827 1019
260834 260833 1299
260834 262991 9319
260842 260830 4668
260842 260830 4668
260842 260833 1703
260844 260843 6983
260875 260843 5802
260875 260876 348
260875 263438 808
260712 260675 1608
260712 260696 1272
260712 260713 2041
260712 260714 3916
260715 260713 4734
257812 257813 503
257812 257816 925
257812 260864 14321
260863 260864 1210
260863 263443 121
260870 257820 5400
260870 257823 2027
260870 260869 2445
260871 260869 1975
260871 260872 2710
260871 260874 3609
260874 260868 4254
260874 260871 3609
260874 260882 2134
260982 260976 3353
260868 257826 18722
260868 260867 3552
260868 260874 4254
260868 260984 2797
261008 260990 950
261008 261009 1214
261008 261011 3436
1786 1774 2982
1786 1796 1972
62 61 2418
1848 61 1242
1848 1860 4087
1848 1862 2747
1821 1819 1556
2310 2216 867
2310 2309 1719
2310 2312 3576
2311 2309 4022
4100 4099 2950
6360 4099 1424
2911 2910 511
2912 2910 1941
2912 2916 262
2912 2917 1031
2912 2918 434
6389 2787 293
2828 2827 838
2828 2831 444
2828 2834 2347
2828 2835 2306
2839 2831 1018
259382 259306 2347
259382 259384 2774
259382 261646 3172
259382 263768 5172
259399 259377 2516
259399 259398 596
259399 259403 1236
263021 259807 2309
259826 259825 1792
259826 259828 1906
259826 259829 2917
259827 259825 1723
259397 259377 8305
259362 259361 2218
259362 259363 5259
259362 259365 1152
262603 259365 5899
259367 259366 2289
259369 259366 877
259373 259372 2277
259373 262018 391
259373 262019 1373
259419 259372 5624
262600 262599 2931
262601 262599 1709
259308 259309 760
259308 259311 3049
259308 259312 2233
259793 259311 1787
242743 242744 915
242743 259286 1588
242743 259761 2191
242743 259762 1858
259800 259798 1816
259806 259799 1532
259806 259805 1533
259280 259281 10265
259280 259282 1942
259280 259283 3920
259751 259282 2361
259751 259749 2529
259751 259752 1417
259759 259757 3682
259759 259760 3745
259759 259763 2186
259766 259763 1599
259766 259767 1282
259766 259768 3920
259773 259774 2507
259773 259777 961
259776 259629 2243
259776 259772 360
259776 259777 1498
259675 259618 1764
259675 259676 1540
259675 259678 1733
262906 259678 3001
259617 259615 1440
259617 259619 3156
259617 259620 3750
259631 259620 5554
103 104 1065
103 1676 1392
103 5679 336
5246 5244 434
5246 5245 353
5246 5247 434
5409 5247 4946
5409 5408 1556
5413 5414 3691
5413 5415 926
5413 5418 763
1679 1678 1881
1679 1682 124
1751 1747 597
1751 1747 597
1751 1748 5460
1734 1730 876
1694 1692 1457
1694 1693 680
1694 1710 2000
1694 1731 1530
5162 5161 3793
5162 5163 2779
5162 5164 876
5207 5201 445
5207 5208 275
5207 5209 1565
5208 5201 418
5208 5207 275
5208 5212 2087
4415 4416 2562
4415 4417 969
4449 4417 2411
257830 257829 1198
259668 257829 1878
259668 259666 1618
259668 259669 2737
259641 259636 2738
259641 259639 1510
259641 259645 2207
259641 259647 3672
259663 259647 1094
259663 259662 948
259663 259665 1217
259648 259649 1288
259648 259651 3145
259648 259652 3182
259648 259679 2420
4425 4422 5396
4425 4426 3695
4425 4430 1848
4440 4439 6093
4440 4443 1084
4440 4494 7255
4814 4150 481
4814 4150 481
4814 4815 3423
4814 4815 3423
4822 4821 3682
4822 4826 3548
4822 4827 278
4851 4852 1838
4851 4853 1755
40 39 392
40 4854 292
40 4857 1129
4871 4868 788
4871 4868 788
4871 4869 1021
4871 4926 373
4871 4926 373
35 36 363
35 4916 6300
4915 4889 1454
4915 4901 7334
4915 4916 4226
5154 5153 2612
5154 5155 736
5154 5156 2686
5155 5152 3019
5155 5154 736
5155 5161 2846
260653 260654 1610
260653 262569 4627
260658 260654 733
260658 262534 335
260658 262537 715
260662 260663 819
262567 260663 690
260694 260693 4377
260694 260701 3959
260694 260704 71
262566 260704 644
262560 260711 814
260758 260757 1612
260718 260700 813
260718 260710 840
260718 262561 489
260651 235937 322
260651 260650 2243
262534 260658 335
262534 260660 863
262534 262535 629
260827 260826 8863
260827 260834 1019
262991 260834 9319
260830 260829 7710
260830 260842 4668
260830 260842 4668
260876 260861 1269
260876 260875 348
263438 260875 808
260675 260676 4090
260675 260695 4340
260675 260712 1608
260696 260697 1194
260696 260698 1429
260696 260712 1272
257813 257812 503
257813 257814 246
257816 257812 925
257816 257815 822
263443 260862 2479
263443 260863 121
263443 263445 790
257820 257821 5253
257820 257825 6783
257820 260870 5400
257823 257822 1388
257823 257824 1702
257823 260870 2027
260872 260871 2710
257826 257825 1307
257826 257828 3258
257826 260868 18722
260867 260866 2112
260867 260868 3552
260867 260992 1331
261009 261008 1214
261009 261010 1284
261009 261014 3933
261011 261008 3436
1774 1760 4553
1774 1772 474
1774 1775 787
1774 1786 2982
1860 1848 4087
1860 1859 2765
1860 1864 3140
1862 1848 2747
1862 1856 503
1862 1863 557
2216 2213 846
2216 2217 3030
2216 2310 867
2312 2310 3576
2312 2315 1127
2312 2316 1248
2916 2912 262
2917 2912 1031
2918 2912 434
2827 2826 763
2827 2828 838
2827 2829 2153
2834 2828 2347
2834 2829 515
2834 2836 1207
2835 2828 2306
259306 259307 2769
259306 259381 2384
259306 259382 2347
259306 259383 2103
259384 259298 5472
259384 259382 2774
259384 259385 1974
261646 259382 3172
261646 263738 1551
259403 259399 1236
259403 259402 3723
259828 259826 1906
259829 259826 2917
259361 259360 1136
259361 259362 2218
259363 259362 5259
262018 259370 2491
262018 259373 391
262018 262604 2106
262019 259373 1373
259309 259308 760
259309 263011 579
259309 264225 2080
259312 259308 2233
242744 242743 915
259286 242743 1588
259761 242743 2191
259805 259806 1533
259281 259242 166
259281 259280 10265
259283 259280 3920
259283 259284 2742
259283 259285 807
259749 259123 5060
259749 259750 2010
259749 259751 2529
259752 259751 1417
259752 263015 948
259757 242745 905
259757 259758 1431
259757 259759 3682
259760 259759 3745
259760 259770 2145
259760 259775 1499
259767 259766 1282
259768 259766 3920
259768 259784 1194
259768 259785 4237
259774 259773 2507
259629 259630 3392
259629 259632 1519
259629 259776 2243
259772 259771 3350
259772 259776 360
259618 259619 1983
259618 259675 1764
259618 263696 1102
259676 259675 1540
259615 259613 1454
259615 259616 3877
259615 259617 1440
259619 259617 3156
259619 259618 1983
259619 262894 2988
104 103 1065
104 5419 2130
104 5420 402
5679 103 336
5679 1680 1305
5679 5417 888
5244 5242 1234
5244 5245 238
5244 5246 434
5245 5244 238
5245 5246 353
5408 5409 1556
5408 5411 475
5408 5412 373
5408 5416 2576
5415 5413 926
5418 5413 763
5418 5416 278
5418 5419 888
1682 1679 124
1682 1680 1540
1682 1683 333
1692 1689 716
1692 1693 1225
1692 1694 1457
1693 1691 1346
1693 1692 1225
1693 1694 680
1693 1700 2825
1710 1694 2000
1710 1713 139
1710 1749 763
5161 5155 2846
5161 5162 3793
5161 5168 2317
5163 5162 2779
5209 5207 1565
5209 5210 2746
5209 5211 1611
5212 5208 2087
5212 5213 473
5212 5214 434
4416 4415 2562
4416 259576 1081
4416 259693 2401
259669 259660 1251
259669 259668 2737
259636 259634 3800
259636 259641 2738
259636 259645 2070
259639 259530 4180
259639 259638 3555
259639 259641 1510
259645 259636 2070
259645 259641 2207
259645 259644 2367
259662 259642 1127
259662 259656 2212
259662 259663 948
259649 259648 1288
259649 262891 64
259649 262891 64
259651 259648 3145
259651 259650 87
259651 259650 87
259679 259648 2420
259679 262890 118
259679 262890 118
4422 4423 5712
4422 4424 4759
4422 4425 5396
4430 4425 1848
4430 4433 3252
4430 4434 4233
4439 4436 639
4439 4436 639
4439 4440 6093
4443 4440 1084
4443 4444 475
4443 4445 557
4150 15 882
4150 15 882
4150 4814 481
4150 4814 481
4150 263699 1061
4826 4822 3548
4827 4822 278
4827 4828 7428
4827 4829 1866
4852 4851 1838
39 40 392
39 4856 2843
4857 40 1129
4857 4913 2229
4868 4867 418
4868 4867 418
4868 4871 788
4868 4871 788
4868 260310 998
4926 4871 373
4926 4871 373
4926 4927 696
4926 4927 696
4926 4928 876
4926 260093 1100
36 35 363
4889 4855 5497
4889 4886 275
4889 4915 1454
4901 4899 168
4901 4902 1556
4901 4915 7334
5156 5154 2686
262569 260653 4627
262569 262568 254
262569 264245 1873
262537 260658 715
262537 262538 764
260693 260694 4377
260701 260694 3959
260700 260699 2410
260700 260709 5667
260700 260718 813
262561 260718 489
235937 235938 550
235937 260651 322
235937 263721 7761
262535 262534 629
262535 262536 725
260826 260825 553
260826 260827 8863
260826 260829 682
260829 260826 682
260829 260830 7710
260829 260831 5364
260861 260860 2370
260861 260862 2014
260861 260876 1269
260676 260674 4509
260676 260675 4090
260676 262565 1254
260695 260675 4340
260695 262562 3960
260695 262564 713
260697 260696 1194
260698 260696 1429
260698 260699 357
260698 261094 44
257814 257811 4003
257814 257813 246
257814 257815 2353
257815 257799 4877
257815 257814 2353
257815 257816 822
260862 260861 2014
260862 263443 2479
260862 263444 876
263445 263443 790
263445 263446 449
257821 257819 646
257821 257820 5253
257821 262479 2988
257825 257819 4025
257825 257820 6783
257825 257826 1307
257822 257823 1388
257824 257823 1702
257828 4373 2160
257828 257826 3258
257828 257833 3439
260866 260867 2112
260992 260867 1331
261010 261009 1284
261014 261009 3933
1760 1759 672
1760 1761 1878
1760 1774 4553
1760 5525 2200
1772 1771 649
1772 1774 474
1775 1774 787
1775 1778 1741
1775 1785 252
1859 1806 2087
1859 1807 2170
1859 1860 2765
1859 1863 1621
1864 1860 3140
1864 1868 2416
1864 1870 3745
1856 1854 902
1856 1862 503
1856 1863 475
1863 1856 475
1863 1859 1621
1863 1862 557
2213 2214 1263
2213 2215 3151
2213 2216 846
2217 2216 3030
2315 2312 1127
2316 2312 1248
2316 2317 536
2316 6506 558
2826 2791 796
2826 2827 763
2826 2833 1112
2829 2794 515
2829 2827 2153
2829 2834 515
2836 2794 889
2836 2834 1207
2836 2837 5274
259307 259296 899
259307 259306 2769
259307 263009 2498
259381 259306 2384
259383 259306 2103
259298 259299 256
259298 259384 5472
259298 263011 1949
259385 259314 1168
259385 259384 1974
259385 259387 1433
263738 259389 1923
263738 261646 1551
259402 259403 3723
259360 259358 1700
259360 259361 1136
259360 262588 2281
259370 259371 1863
259370 259418 2923
259370 262018 2491
262604 262018 2106
263011 259298 1949
263011 259309 579
264225 259309 2080
259242 259243 2607
259242 259281 166
259284 259283 2742
259285 259283 807
259123 259121 8862
259123 259606 607
259123 259749 5060
259750 259749 2010
259750 263013 1633
259750 263014 2728
263015 259752 948
242745 242746 914
242745 242750 999
242745 259757 905
259758 259757 1431
259770 259760 2145
259770 259769 1085
259775 259760 1499
259775 263029 1084
259775 263030 914
259784 259768 1194
259784 263030 1758
259784 263031 1627
259785 259768 4237
259785 259786 946
259630 259625 1090
259630 259629 3392
259632 259629 1519
259771 259627 459
259771 259769 453
259771 259772 3350
263696 259618 1102
259613 259614 2656
259613 259615 1454
259613 259625 854
259616 259615 3877
262894 259619 2988
5419 104 2130
5419 5418 888
5419 6462 1255
5420 104 402
1680 1681 1248
1680 1682 1540
1680 5679 1305
5417 5416 3150
5417 5430 139
5417 5679 888
5242 5241 445
5242 5243 491
5242 5244 1234
5411 5408 475
5411 5410 1847
5411 5412 353
5412 5408 373
5412 5411 353
5412 5421 611
5416 5408 2576
5416 5417 3150
5416 5418 278
1683 1682 333
1683 1684 847
1683 1689 1509
1689 1683 1509
1689 1692 716
1691 1686 474
1691 1690 1258
1691 1693 1346
1691 1699 1225
1700 1693 2825
1700 1699 1014
1700 1701 1357
1713 1710 139
1713 1711 796
1713 1714 1408
1749 1710 763
5168 5161 2317
5168 5169 168
5168 5170 3947
5210 5209 2746
5211 5209 1611
5211 5215 2179
5211 5216 1719
5213 5212 473
5213 5214 452
5213 5215 3449
5214 5212 434
5214 5213 452
5214 5223 929
259576 4416 1081
259576 259575 171
259693 4416 2401
259693 259670 384
259660 259658 3314
259660 259661 4397
259660 259669 1251
259634 259526 728
259634 259635 1087
259634 259636 3800
259530 259529 913
259530 259638 2272
259530 259639 4180
259638 259530 2272
259638 259531 708
259638 259639 3555
259644 259586 8036
259644 259645 2367
259644 259646 3075
259642 259640 2260
259642 259643 704
259642 259662 1127
259656 259640 721
259656 259655 1806
259656 259657 3324
259656 259662 2212
262891 259649 64
262891 259649 64
262891 263694 68
259650 259651 87
259650 259651 87
262890 259679 118
262890 259679 118
4423 4422 5712
4424 4411 649
4424 4422 4759
4424 4436 10521
4433 4430 3252
4434 4430 4233
4434 4436 6442
4434 4438 3860
4436 4424 10521
4436 4434 6442
4436 4439 639
4436 4439 639
4444 4443 475
4444 4445 503
4444 4446 3033
4445 16 17948
4445 4443 557
4445 4444 503
15 16 1659
15 16 1659
15 4150 882
15 4150 882
263699 4150 1061
263699 263700 1217
263699 263983 1681
4828 4827 7428
4829 4827 1866
4829 4830 1504
4829 4849 7138
4856 39 2843
4856 4855 940
4913 4857 2229
4867 4842 344
4867 4842 344
4867 4868 418
4867 4868 418
260310 4868 998
4927 46 1434
4927 46 1434
4927 4883 2347
4927 4926 696
4927 4926 696
4928 4876 1177
4928 4926 876
260093 4926 1100
260093 260003 269
260093 263807 4087
4855 4856 940
4855 4858 2213
4855 4889 5497
4886 4887 1321
4886 4889 275
4899 4897 671
4899 4901 168
4902 4901 1556
4902 4917 1375
4902 4918 1262
262568 260652 1338
262568 262569 254
262568 262570 714
264245 262569 1873
264245 264246 2738
264245 264247 920
262538 262537 764
260699 260698 357
260699 260700 2410
260709 260700 5667
235938 235937 550
235938 263361 1244
263721 235937 7761
263721 260647 2450
262536 262535 725
260825 244848 2029
260825 260821 2744
260825 260826 553
260831 260829 5364
260831 263358 1230
260860 260858 1688
260860 260859 1123
260860 260861 2370
260674 260672 208
260674 260676 4509
260674 260679 2872
262565 260676 1254
262562 260695 3960
262562 261094 531
262562 262563 856
262564 260695 713
261094 260698 44
261094 261095 507
261094 262562 531
257811 257803 7322
257811 257814 4003
257811 257818 291
257799 257798 384
257799 257810 1325
257799 257815 4877
263444 260862 876
263446 263445 449
263446 263447 146
257819 257818 3603
257819 257821 646
257819 257825 4025
262479 257821 2988
4373 4372 1604
4373 257828 2160
257833 257828 3439
1759 1758 373
1759 1760 672
1759 5522 2521
1761 1760 1878
1761 1765 248
1761 1767 222
5525 1760 2200
5525 1762 1687
5525 5513 2213
5525 5523 475
1771 1770 168
1771 1772 649
1771 1773 335
1778 1775 1741
1778 1777 1060
1778 1779 1978
1785 1775 252
1785 1779 3088
1785 1787 1195
1806 1802 275
1806 1807 2167
1806 1859 2087
1807 1806 2167
1807 1859 2170
1807 1861 333
1868 1864 2416
1868 1865 1298
1868 1869 1149
1870 1864 3745
1854 1853 929
1854 1855 782
1854 1856 902
2214 2213 1263
2215 2213 3151
2215 2218 1654
2215 2224 1874
2317 2316 536
6506 2316 558
2791 2788 1090
2791 2793 672
2791 2826 796
2833 2826 1112
2794 2793 672
2794 2795 839
2794 2829 515
2794 2836 889
2837 2836 5274
2837 3371 1537
2837 3372 1977
259296 259297 3033
259296 259301 748
259296 259307 899
263009 259307 2498
259299 259298 256
259299 261427 372
259299 263743 1866
259314 259313 846
259314 259385 1168
259314 259386 1760
259387 259385 1433
259389 259388 980
259389 263738 1923
259358 259333 793
259358 259359 690
259358 259360 1700
262588 259360 2281
262588 259371 598
262588 262589 963
259371 259370 1863
259371 262588 598
259371 262590 631
259418 259370 2923
259418 260672 3626
259418 260680 1685
259243 259242 2607
259243 259279 5702
259121 259115 1858
259121 259122 2213
259121 259123 8862
259606 259120 1301
259606 259123 607
259606 259596 3850
263013 259750 1633
263014 259750 2728
242746 242745 914
242750 242745 999
242750 259610 1331
242750 259754 881
259769 259627 386
259769 259770 1085
259769 259771 453
263029 259775 1084
263030 259775 914
263030 259784 1758
263030 263032 1847
263031 259784 1627
259786 259785 946
259625 259613 854
259625 259624 5553
259625 259628 1395
259625 259630 1090
259627 259609 1636
259627 259769 386
259627 259771 459
259614 259613 2656
259614 262897 2788
259614 262898 1097
6462 5419 1255
1681 1680 1248
1681 1685 550
1681 5431 1223
5430 5417 139
5430 5424 1638
5430 5431 2110
5241 5242 445
5241 5243 300
5241 5404 898
5243 5241 300
5243 5242 491
5243 5406 978
5410 57 456
5410 65 362
5410 5411 1847
5421 5412 611
5421 5422 1621
5421 5423 511
1684 1683 847
1684 1685 1144
1684 1690 409
1686 1685 1188
1686 1691 474
1686 1695 1735
1690 1684 409
1690 1691 1258
1699 1691 1225
1699 1696 1774
1699 1700 1014
1701 1698 1095
1701 1700 1357
1701 1707 1247
1701 1714 1573
1711 1712 889
1711 1713 796
1711 1715 503
1714 1701 1573
1714 1713 1408
1714 1723 563
5169 5168 168
5169 5171 2509
5170 5168 3947
5215 5211 2179
5215 5213 3449
5215 5237 603
5216 5211 1719
5216 5217 1700
5216 5218 1926
5223 5214 929
5223 5222 402
5223 5224 680
259575 259565 1986
259575 259576 171
259670 259671 2696
259670 259693 384
259658 259659 894
259658 259660 3314
259658 259661 7664
259661 259658 7664
259661 259660 4397
259526 259525 351
259526 259528 5285
259526 259633 6191
259526 259634 728
259635 259529 1444
259635 259634 1087
259635 259637 1163
259529 259530 913
259529 259531 3553
259529 259635 1444
259531 259529 3553
259531 259638 708
259531 259640 1694
259586 259587 1893
259586 259590 2496
259586 259644 8036
259646 259644 3075
259640 259531 1694
259640 259642 2260
259640 259656 721
259643 259642 704
259655 259559 1116
259655 259656 1806
259657 259656 3324
263694 262891 68
4411 4412 21762
4411 4413 1583
4411 4424 649
4411 4435 373
4438 4434 3860
4446 4444 3033
16 15 1659
16 15 1659
16 4445 17948
263700 263699 1217
263700 263701 1429
263700 263702 2027
263983 257846 823
263983 261351 1976
263983 263699 1681
263983 263984 18
4830 4829 1504
4830 4831 580
4830 4837 7290
4849 4829 7138
4849 4837 2376
4849 4850 1556
4842 4843 570
4842 4843 570
4842 4867 344
4842 4867 344
46 45 1104
46 45 1104
46 4927 1434
46 4927 1434
46 260313 1773
4883 4882 2140
4883 4927 2347
4883 4929 778
4876 4877 1336
4876 4882 1978
4876 4928 1177
260003 4843 2243
260003 260092 1784
260003 260093 269
263807 260093 4087
263807 263806 1155
4858 4855 2213
4858 4859 2605
4887 1728 3267
4887 4886 1321
4897 4894 671
4897 4899 671
4897 4900 1182
4897 6386 2709
4917 4902 1375
4917 4943 5670
4918 4902 1262
4918 4919 1530
4918 4920 3896
260652 260645 1953
260652 262568 1338
260652 262571 1363
262570 262568 714
264246 264245 2738
264247 264245 920
263361 235938 1244
260647 260648 2145
260647 260649 1957
260647 263721 2450
244848 244849 166
244848 260825 2029
260821 260822 1725
260821 260825 2744
260821 262995 3997
263358 260831 1230
263358 260832 602
260858 260846 508
260858 260859 1428
260858 260860 1688
260859 260855 977
260859 260858 1428
260859 260860 1123
260672 259418 3626
260672 260673 1751
260672 260674 208
260679 260674 2872
262563 262562 856
261095 261094 507
261095 261096 556
257803 257735 5271
257803 257741 559
257803 257811 7322
257818 257811 291
257818 257819 3603
257798 257799 384
257798 257807 538
257798 257808 1974
257810 257799 1325
263447 263446 146
4372 4373 1604
4372 4374 977
1758 1757 649
1758 1759 373
5522 1759 2521
5522 5482 2536
5522 5518 254
5522 5523 754
1765 1761 248
1765 1777 1562
1767 1761 222
1767 1763 1761
1767 1768 667
1762 1763 278
1762 5525 1687
5513 5509 419
5513 5525 2213
5523 5522 754
5523 5525 475
1770 1722 846
1770 1726 1008
1770 1771 168
1773 1771 335
1777 1765 1562
1777 1778 1060
1779 1778 1978
1779 1780 2358
1779 1785 3088
1787 1785 1195
1787 1788 1344
1787 1789 1680
1802 1801 1207
1802 1804 333
1802 1806 275
1861 1807 333
1865 1866 2475
1865 1867 2468
1865 1868 1298
1869 1868 1149
1853 1852 201
1853 1854 929
1853 1855 1071
1855 1853 1071
1855 1854 782
1855 1857 1114
2218 2215 1654
2218 2219 707
2218 2220 1466
2224 2215 1874
2224 2229 949
2224 2231 353
2788 2789 1447
2788 2790 672
2788 2791 1090
2793 2790 922
2793 2791 672
2793 2794 672
2795 2794 839
3371 2326 7003
3371 2837 1537
3371 3372 780
3372 2837 1977
3372 3371 780
3372 3373 1689
259297 259288 1243
259297 259296 3033
259301 259296 748
259301 262909 2628
259301 263352 2627
261427 259299 372
261427 261428 925
261427 263010 2311
263743 259299 1866
259313 259314 846
259386 259314 1760
259388 259389 980
259333 259330 4555
259333 259331 5567
259333 259358 793
259359 259358 690
259359 262591 5789
259359 262592 2064
262589 262588 963
262590 259371 631
260680 259418 1685
260680 260673 3598
259279 259243 5702
259279 262611 1569
259279 262612 1498
259115 259111 1171
259115 259121 1858
259122 259121 2213
259120 259113 11143
259120 259569 1627
259120 259606 1301
259596 259597 1519
259596 259606 3850
259596 259607 1143
259610 242750 1331
259610 259602 6976
259610 259611 1466
259754 242750 881
259754 259755 431
259754 259756 1844
263032 263030 1847
259624 259604 1222
259624 259622 731
259624 259625 5553
259628 259625 1395
259609 259608 4663
259609 259626 2738
259609 259627 1636
262897 259603 86
262897 259614 2788
262897 262900 536
262898 259614 1097
262898 262899 322
1685 1681 550
1685 1684 1144
1685 1686 1188
5431 1681 1223
5431 1695 847
5431 5430 2110
5431 5442 694
5424 5423 1532
5424 5428 201
5424 5430 1638
5404 5241 898
5404 5382 1797
5404 5405 557
5406 5243 978
5406 5383 1230
57 58 705
57 65 611
57 5410 456
65 57 611
65 5391 235
65 5410 362
5422 5421 1621
5423 5421 511
5423 5424 1532
1695 1686 1735
1695 1696 818
1695 5431 847
1696 1695 818
1696 1697 1114
1696 1699 1774
1696 5444 926
1698 1697 1124
1698 1701 1095
1698 1703 1848
1698 5445 910
1707 1701 1247
1707 1708 700
1707 1708 700
1712 1711 889
1712 1721 3057
1712 1724 1188
1715 1711 503
1715 1716 344
1715 1717 333
1715 1718 597
1723 1714 563
5171 5169 2509
5171 5172 4935
5171 5173 3997
5237 5215 603
5237 5238 418
5237 5239 550
5217 5216 1700
5217 5240 1956
5217 5375 1225
5218 5216 1926
5222 5204 1161
5222 5223 402
5222 5224 473
5224 5222 473
5224 5223 680
5224 5238 3310
259565 259564 882
259565 259566 5101
259565 259575 1986
259671 259670 2696
259659 259658 894
259525 259524 1445
259525 259526 351
259528 259526 5285
259528 259532 2174
259633 259526 6191
259633 259585 2963
259637 259635 1163
259587 259572 431
259587 259586 1893
259587 262895 4794
259590 259586 2496
259590 259591 6749
259590 259592 654
259559 259558 444
259559 259655 1116
4412 4411 21762
4412 4414 1256
4413 4411 1583
4435 4411 373
4435 259695 735
4435 260336 886
263701 261602 1362
263701 263700 1429
263701 263984 989
263702 259975 2182
263702 261584 5426
263702 263700 2027
257846 257847 1935
257846 263698 1239
257846 263983 823
261351 260087 1871
261351 260346 420
261351 261350 592
261351 263983 1976
263984 263701 989
263984 263983 18
4831 4830 580
4831 4832 946
4831 4833 1966
4837 4830 7290
4837 4836 7888
4837 4849 2376
4837 4860 535
4850 4849 1556
4843 4841 1101
4843 4841 1101
4843 4842 570
4843 4842 570
4843 260003 2243
45 46 1104
45 46 1104
45 4496 2143
45 4496 2143
260313 46 1773
260313 260312 2038
4882 4876 1978
4882 4881 278
4882 4883 2140
4929 4883 778
4877 4876 1336
260092 260002 806
260092 260003 1784
260092 260091 4621
263806 260311 730
263806 263807 1155
4859 4858 2605
4859 6458 1569
1728 1729 305
1728 4887 3267
4894 4458 1104
4894 4897 671
4894 4898 2692
4900 4897 1182
6386 4897 2709
4943 4917 5670
4943 4949 749
4943 4949 749
4919 4918 1530
4919 4977 805
4919 4980 902
4920 4918 3896
4920 4921 611
4920 6512 1373
260645 260640 1305
260645 260644 2346
260645 260652 1953
262571 260652 1363
260648 260626 4051
260648 260647 2145
260649 260647 1957
260649 263722 2184
244849 244848 166
244849 260823 743
260822 260821 1725
260822 263005 502
262995 260821 3997
262995 262994 4912
262995 263727 1258
260832 257796 6670
260832 263358 602
260846 260847 1005
260846 260856 563
260846 260858 508
260855 260854 339
260855 260859 977
260855 262196 1133
260673 260672 1751
260673 260680 3598
260673 260681 3901
261096 261095 556
257735 257732 12849
257735 257802 5899
257735 257803 5271
257735 262376 3500
257741 4218 3660
257741 4368 4163
257741 257803 559
257807 257798 538
257807 257806 145
257807 257808 2306
257808 238906 635
257808 257798 1974
257808 257807 2306
4374 4372 977
4374 4375 7543
4374 4383 2471
1757 1756 680
1757 1758 649
1757 5516 1375
1757 5520 1277
5482 5478 2788
5482 5510 222
5482 5522 2536
5518 5517 593
5518 5522 254
1763 1762 278
1763 1767 1761
1768 1767 667
1768 1769 1591
1768 1776 1628
5509 5506 671
5509 5511 238
5509 5512 1149
5509 5513 419
1722 1720 1030
1722 1721 2387
1722 1770 846
1726 1725 2162
1726 1725 2162
1726 1770 1008
1780 1779 2358
1780 1784 335
1780 1790 1012
1788 1787 1344
1789 1787 1680
1789 1795 893
1789 1801 587
1801 1789 587
1801 1800 1114
1801 1802 1207
1804 1802 333
1804 1803 1222
1804 1852 2677
1866 1865 2475
1867 1865 2468
1852 1797 1553
1852 1799 1472
1852 1804 2677
1852 1853 201
1857 1855 1114
2219 2218 707
2220 2218 1466
2229 2224 949
2229 2228 201
2229 2230 926
2231 2224 353
2789 2788 1447
2790 2788 672
2790 2792 2158
2790 2793 922
2326 3371 7003
3373 3372 1689
259288 259289 630
259288 259297 1243
259288 263010 1336
262909 259301 2628
263352 259301 2627
261428 261427 925
261428 261445 555
261428 262299 1066
263010 259288 1336
263010 261427 2311
259330 259325 3657
259330 259326 3210
259330 259333 4555
259331 259332 1254
259331 259333 5567
262591 259354 1354
262591 259359 5789
262591 262593 976
262592 259359 2064
262611 259278 777
262611 259279 1569
262611 263295 2787
262612 259279 1498
259111 259112 879
259111 259114 865
259111 259115 1171
259113 259114 1014
259113 259120 11143
259569 259119 5600
259569 259120 1627
259569 259595 3206
259597 259596 1519
259607 259596 1143
259602 259601 600
259602 259604 4608
259602 259605 1627
259602 259610 6976
259611 259608 3717
259611 259610 1466
259611 259612 2804
259755 259754 431
259756 259754 1844
259604 259602 4608
259604 259603 785
259604 259624 1222
259622 259623 1297
259622 259624 731
259622 259626 1647
259608 259605 1598
259608 259609 4663
259608 259611 3717
259626 259609 2738
259626 259622 1647
259626 263034 1071
259603 259601 4891
259603 259604 785
259603 262897 86
262900 262897 536
262900 262901 806
262899 262898 322
5442 5429 962
5442 5431 694
5428 5424 201
5428 5425 418
5428 5429 1161
5382 5381 353
5382 5383 1262
5382 5404 1797
5405 5404 557
5383 5382 1262
5383 5406 1230
5383 5407 893
58 57 705
5391 65 235
5391 5386 749
5391 5390 808
1697 1696 1114
1697 1698 1124
1697 1702 1090
5444 1696 926
5444 5441 783
5444 5445 2149
1703 1698 1848
1703 1704 667
1703 5449 1174
5445 1698 910
5445 5443 939
5445 5444 2149
1708 1705 879
1708 1707 700
1708 1707 700
1721 1712 3057
1721 1719 252
1721 1722 2387
1724 1712 1188
1724 1725 591
1724 1727 1704
1716 1715 344
1717 1715 333
1718 1715 597
1718 1727 301
1718 1750 445
5172 5171 4935
5173 5171 3997
5173 5270 201
5173 5272 445
5238 5224 3310
5238 5237 418
5238 5239 610
5239 5237 550
5239 5238 610
5239 6497 1472
5240 5217 1956
5375 5217 1225
5375 5219 922
5375 5376 1111
5204 5205 2249
5204 5222 1161
5204 5225 1493
259564 4414 2651
259564 259563 5378
259564 259565 882
259564 259692 2037
259566 259565 5101
259524 259519 506
259524 259525 1445
259532 259528 2174
259532 259554 1022
259585 259572 3363
259585 259633 2963
259572 259116 16137
259572 259581 3512
259572 259585 3363
259572 259587 431
262895 259587 4794
262895 262896 1230
259591 259590 6749
259592 259590 654
259592 259593 1373
259592 259594 2661
259558 259555 735
259558 259559 444
4414 4412 1256
4414 259564 2651
259695 4435 735
259695 259691 3860
259695 259694 5296
259695 260336 161
260336 4435 886
260336 259695 161
260336 261228 2043
261602 261603 256
261602 262236 236
261602 263701 1362
259975 259867 5923
259975 263702 2182
259975 263981 3691
261584 261585 129
261584 263702 5426
257847 257846 1935
263698 257846 1239
260087 260088 729
260087 261351 1871
260087 263317 1206
260346 260347 836
260346 260983 1390
260346 261351 420
261350 261351 592
261350 261391 1168
261350 261391 1168
4832 4831 946
4833 4831 1966
4833 4834 1595
4833 4835 2628
4836 4837 7888
4836 4863 547
4836 4864 2615
4860 4837 535
4860 4861 1143
4841 4839 1531
4841 4839 1531
4841 4843 1101
4841 4843 1101
4841 4866 1224
4496 45 2143
4496 45 2143
4496 4483 696
4496 4495 615
4496 4495 615
260312 260096 1378
260312 260313 2038
260312 262273 1069
4881 4459 1301
4881 4880 610
4881 4882 278
260002 259999 2783
260002 260001 1269
260002 260092 806
260091 260065 1039
260091 260076 3218
260091 260092 4621
260311 260099 4064
260311 263806 730
6458 4859 1569
1729 32 1902
1729 1728 305
1729 4885 2823
4458 4459 1219
4458 4894 1104
4898 4473 2366
4898 4894 2692
4898 4936 949
4949 4943 749
4949 4943 749
4949 4950 515
4977 4919 805
4977 4976 980
4977 4978 688
4980 4919 902
4980 4983 1014
4921 4920 611
4921 4923 846
4921 4924 696
6512 4920 1373
260640 260641 1128
260640 260644 1228
260640 260645 1305
260644 260640 1228
260644 260643 722
260644 260645 2346
260626 260623 15534
260626 260646 362
260626 260648 4051
263722 260649 2184
263722 263799 2600
260823 244849 743
260823 260824 3283
260823 260828 2756
263005 260822 502
263005 263360 2320
262994 262995 4912
263727 262995 1258
257796 257791 1570
257796 257797 1461
257796 260832 6670
260847 260846 1005
260847 263437 545
260847 263441 943
260856 239130 1530
260856 260846 563
260856 260857 1069
260854 260855 339
262196 260855 1133
260681 260673 3901
260681 260689 245
260681 260692 1810
257732 257694 2818
257732 257734 3790
257732 257735 12849
257802 257735 5899
257802 257801 3294
257802 262464 2893
262376 257735 3500
262376 257740 3909
262376 257740 3909
4218 4219 1734
4218 257741 3660
4368 4367 5125
4368 257741 4163
257806 257805 689
257806 257807 145
257806 257809 880
238906 257805 2868
238906 257808 635
4375 4374 7543
4383 4374 2471
1756 1720 1452
1756 1757 680
5516 1757 1375
5520 1757 1277
5520 5517 1096
5478 5482 2788
5510 5482 222
5510 5511 222
5517 5518 593
5517 5520 1096
1769 1768 1591
1776 1768 1628
5506 5509 671
5511 5509 238
5511 5510 222
5512 5509 1149
1720 1719 2568
1720 1722 1030
1720 1756 1452
1725 1724 591
1725 1726 2162
1725 1726 2162
1784 1780 335
1790 1780 1012
1795 1789 893
1800 1799 418
1800 1801 1114
1800 1803 335
1803 1799 344
1803 1800 335
1803 1804 1222
1797 1852 1553
1799 1800 418
1799 1803 344
1799 1852 1472
2228 2229 201
2230 2229 926
2792 2790 2158
259289 259288 630
261445 261428 555
262299 261428 1066
259325 259326 2334
259325 259330 3657
259326 259325 2334
259326 259330 3210
259332 259331 1254
259354 262591 1354
262593 262591 976
259278 262611 777
263295 262611 2787
259112 259111 879
259114 259111 865
259114 259113 1014
259119 259569 5600
259595 259569 3206
259601 259602 600
259601 259603 4891
259605 259602 1627
259605 259608 1598
259612 259611 2804
259623 259622 1297
263034 259626 1071
262901 262900 806
5429 5428 1161
5429 5441 1530
5429 5442 962
5425 5428 418
5381 5219 1114
5381 5382 353
5407 5383 893
5386 5391 749
5390 5391 808
1702 1697 1090
5441 5429 1530
5441 5443 2002
5441 5444 783
1704 1703 667
1704 1705 1112
5449 1703 1174
5443 5441 2002
5443 5445 939
1705 1704 1112
1705 1708 879
1705 1719 1006
1719 1705 1006
1719 1720 2568
1719 1721 252
1727 1718 301
1727 1724 1704
1750 1718 445
5270 5173 201
5272 5173 445
6497 5239 1472
5219 5375 922
5219 5381 1114
5376 5375 1111
5205 5204 2249
5225 5204 1493
259563 259564 5378
259692 259564 2037
259519 259524 506
259554 259532 1022
259554 259555 595
259116 259572 16137
259581 259572 3512
262896 262895 1230
259593 259592 1373
259594 259592 2661
259555 259554 595
259555 259558 735
259691 259695 3860
259694 259695 5296
261228 260336 2043
261603 261602 256
262236 261602 236
259867 259975 5923
263981 259975 3691
261585 261584 129
260088 260087 729
260088 260983 2249
260088 263317 1520
263317 260087 1206
263317 260088 1520
263317 261391 523
260347 260346 836
260347 260983 940
260983 260088 2249
260983 260346 1390
260983 260347 940
261391 261350 1168
261391 261350 1168
261391 263317 523
4834 4833 1595
4835 4833 2628
4863 4836 547
4863 4839 1534
4864 4836 2615
4864 4861 5177
4861 4860 1143
4861 4864 5177
4839 4841 1531
4839 4841 1531
4839 4863 1534
4866 4841 1224
4483 4496 696
4495 4496 615
4495 4496 615
260096 260312 1378
262273 260312 1069
4459 4458 1219
4459 4881 1301
4880 4881 610
259999 260001 2714
259999 260002 2783
260001 259999 2714
260001 260002 1269
260065 260091 1039
260076 260091 3218
260099 260311 4064
32 1729 1902
4885 1729 2823
4473 4898 2366
4936 4898 949
4950 4949 515
4976 4977 980
4978 4977 688
4983 4980 1014
4923 4921 846
4924 4921 696
260641 260640 1128
260643 260644 722
260623 260626 15534
260646 260626 362
263799 263722 2600
260824 260823 3283
260828 260823 2756
263360 263005 2320
257791 257796 1570
257791 257801 8929
257797 257796 1461
263437 260847 545
263441 260847 943
239130 260856 1530
260857 260856 1069
260689 260681 245
260692 260681 1810
257694 257732 2818
257734 257732 3790
257801 257791 8929
257801 257802 3294
262464 257802 2893
257740 262376 3909
257740 262376 3909
4219 4218 1734
4367 4368 5125
257805 238906 2868
257805 257806 689
257809 257806 880
165
236825
262017
259364
259374
260616
259310
259797
259753
259778
259677
259682
1677
5249
1578
1746
1732
1733
1745
5165
5200
4447
259672
259653
259680
259664
4419
4420
4493
4816
4846
6366
4870
4910
4922
4914
5144
1752
260655
260702
260707
260722
261100
260659
260833
260843
260713
260864
260869
260882
260976
260984
260990
1796
61
1819
2309
4099
2910
2787
2831
263768
259398
259807
259825
238906
4383
1756
5516
5520
5478
5517
1769
5506
5512
1784
1790
1795
1800
1797
1799
2228
259289
261445
259325
259326
259332
259354
259278
263295
259112
259114
259119
259595
259601
259605
263034
5425
5381
5386
5390
5441
1704
5449
5443
1705
1727
5270
5272
5219
5376
259563
259519
259116
259581
259555
259691
259694
261228
261603
259867
261585
260088
260347
4834
4863
4864
4861
4839
4483
4495
260096
262273
4459
4880
259999
260001
260065
260076
260099
32
4885
4473
4950
4976
4978
4983
4923
4924
260643
260623
260646
260824
260828
263360
257791
263437
239130
260857
260689
257694
257801
257740
4219
4367
257805
