656
119109 119103 847
119109 119110 1597
119015 119094 626
119096 119094 1531
119096 119097 738
118981 118982 344
119029 119026 749
102205 102940 64
102205 102942 1055
94386 94387 2109
94386 94395 2363
94392 94391 5538
94392 102215 1341
94399 94400 557
102910 94423 3925
94403 94402 354
92166 92164 376
92166 92168 2543
92172 92155 1604
92172 92173 1379
92162 92157 1294
92162 92161 3199
92180 92157 1240
92180 92181 1286
92186 92185 511
94433 94429 1178
94433 94434 2693
94436 94435 262
94436 94444 6069
94509 94510 865
94509 94513 1086
94514 94512 4505
94514 94519 7111
94489 94488 5962
94489 94562 247
94507 94515 1062
94507 94515 1062
92295 92296 39
92466 92479 547
92466 92480 3117
92469 92456 3527
92469 92474 868
92472 94525 389
92510 92515 1301
92553 92551 1375
92553 92554 2270
92506 92507 1375
92506 92519 1077
92508 92507 1177
92508 92511 2118
93134 93132 847
93134 93135 373
93135 93098 4995
93135 93134 373
93137 93108 2539
93137 93139 562
94088 93838 1292
94088 101879 499
107080 107079 672
107080 107081 1078
108116 107079 2540
108160 108159 2353
108160 108165 893
108171 108165 941
108171 108170 3986
109564 109560 3092
109564 109565 434
94152 94151 738
105611 105610 238
105611 108045 1480
105609 105610 672
107259 105622 352
107259 107260 475
108201 108134 2857
108201 108199 566
108205 105793 445
108205 108101 672
108158 108159 1675
108158 108179 599
107250 107249 672
108176 108177 1007
108176 108180 1558
108398 107248 2790
108398 108166 1598
107472 107471 587
107472 107473 1357
108414 107473 847
107248 107249 1598
107248 108398 2790
107467 107466 598
107467 107473 1592
108430 108129 336
108430 108431 4115
108434 108433 1007
108434 108444 2561
108438 108439 1893
108438 108477 2480
108405 108404 982
108405 108408 2585
108405 108481 2334
108475 108408 930
108475 108476 836
108476 108475 836
108476 108477 1457
108542 108543 1264
108542 113763 893
108623 108549 309
108623 108622 1032
108618 108617 2228
108618 108619 610
108622 108623 1032
108622 108624 1465
92979 92980 333
92979 92981 1780
92981 92979 1780
92981 93001 587
93093 93095 1124
93093 93096 1943
93095 93093 1124
93095 93097 893
93095 93106 2474
93101 93098 222
93101 93102 1248
92857 92852 4701
92857 92861 3864
92862 93607 2340
93707 93712 1457
93707 93713 1025
93710 93720 550
93710 93788 1444
93026 93028 1655
93026 93110 1180
93111 93110 2458
93111 93113 1453
93111 93115 3495
93115 93111 3495
93115 93117 1347
93787 93788 1004
93787 93795 2527
93099 93027 1905
93099 93100 557
93027 93099 1905
93027 93110 452
93104 93105 763
93104 93106 796
93130 93106 2527
93130 93131 344
92543 92532 1540
92543 92541 557
92543 92733 1490
92546 92545 238
92740 92739 333
92741 92739 2206
92741 92751 597
92757 92751 587
92759 92764 609
92768 92764 422
92768 92769 1538
92544 92542 1225
92544 92584 929
92581 92582 1977
92581 103106 1173
92586 101761 395
92530 92531 623
92530 92533 1278
92557 92515 949
92557 92558 1728
94344 92582 1104
94344 102651 1508
92560 92554 1343
92560 92561 1221
92485 92481 1224
92485 92564 713
92481 92482 1229
92481 92485 1224
92489 92488 1557
92492 92491 3071
92662 94558 381
92663 92664 536
92610 92785 671
92610 92790 1808
92782 94332 1099
92689 92637 1958
92689 92688 562
92691 92655 3940
92691 92707 2754
92691 94636 3425
92697 92707 868
92697 92714 587
92698 92704 2643
92698 92705 1457
92705 92698 1457
92705 103109 2134
192684 191193 4034
192693 192686 2078
192693 194502 1333
191400 191605 507
191400 192690 387
191835 191595 945
191835 191600 3004
194401 192042 197
194401 194402 1489
191564 191549 3752
191844 191565 816
191620 192082 962
191620 192083 383
191624 191615 848
191624 191623 1012
191832 191670 1716
191832 191671 885
191056 192690 874
191057 191061 1440
191057 191125 2506
192637 192636 1950
192637 194507 3955
191192 191189 3971
194288 194286 382
194288 194289 1601
192652 192633 5313
192652 192655 1258
192663 194256 316
192663 194258 444
192672 192673 2160
119223 119224 1593
119223 119374 272
114063 114053 2428
114063 114061 598
114093 114094 333
114093 114095 3008
114166 114095 844
114166 114167 782
114164 114167 360
114334 114114 3640
114277 114284 474
114284 114277 474
109400 109396 802
109396 109400 802
104025 104023 201
104023 104025 201
104070 104086 1008
104086 104070 1008
39257 39258 2879
39258 39257 2879
38187 38191 1411
38191 38187 1411
38431 38436 673
38436 38431 673
38453 38456 1004
38468 38467 796
38467 38468 796
38456 38453 1004
38589 40344 418
40344 38589 418
40351 40355 1258
40355 40351 1258
40697 40711 2424
40711 40697 2424
41567 41570 2613
41570 41567 2613
41573 47659 2481
47726 47734 796
47735 47734 865
47734 47726 796
47734 47735 865
47659 41573 2481
47739 47744 773
47744 47739 773
48093 48062 1901
48062 48093 1901
48037 48039 879
48039 48037 879
48154 48155 1025
48155 48154 1025
47483 47485 1546
47485 47483 1546
130731 130735 1124
130735 130731 1124
131604 131608 1892
131608 131604 1892
131621 131626 948
131626 131621 948
132219 132218 371
132265 132273 1439
132218 132219 371
132273 132265 1439
54306 54305 928
54315 54305 279
54305 54306 928
54305 54315 279
140413 140410 302
140410 140413 302
140499 140504 2334
140504 140499 2334
143308 139782 240
143526 143522 987
142839 142832 898
142832 142839 898
143794 143793 658
143793 143794 658
143719 143715 1082
143715 143719 1082
143522 143526 987
143728 143521 604
143521 143728 604
142864 142863 2572
142863 142864 2572
139782 143308 240
144810 144816 621
144816 144810 621
144919 144864 981
144861 144880 1605
144864 144919 981
144880 144861 1605
144880 144881 669
144881 144880 669
204642 204643 845
204643 204642 845
145071 145072 812
145072 145071 812
145654 145655 1682
145655 145654 1682
167574 167575 713
167599 167598 951
152656 152665 951
152665 152656 951
152667 152668 848
152680 152681 650
152668 152667 848
152668 152675 697
152675 152668 697
152681 152680 650
153551 153554 1284
153554 153551 1284
168520 168519 202
168519 168520 202
167598 167599 951
167607 167606 1032
167606 167607 1032
168462 167770 1704
167770 168462 1704
180052 180054 2900
180054 180052 2900
179963 179991 893
179991 179963 893
152855 152856 421
152856 152855 421
152792 152791 871
152791 152792 871
152768 152767 1268
152767 152768 1268
153222 153220 758
153220 153222 758
153218 153235 600
153235 153218 600
156099 156100 789
156100 156099 789
156584 156573 782
156573 156584 782
155848 155849 2152
155849 155848 2152
173069 173071 931
173071 173069 931
173123 173126 504
173126 173123 504
178070 178069 252
178069 178070 252
177341 177561 667
177561 177341 667
177572 177573 373
177573 177572 373
160211 156538 766
156538 160211 766
156597 156599 630
156599 156597 630
156664 156667 436
156667 156664 436
156953 156951 906
156676 156987 1604
156987 156676 1604
156951 156953 906
176722 174907 3153
174907 176722 3153
165890 165892 751
165892 165890 751
165574 165578 818
165520 165519 688
165578 165574 818
167666 167665 796
167575 167574 713
167665 167666 796
167535 167870 934
167870 167535 934
165979 165978 606
165978 165979 606
165519 165520 688
164929 164930 848
213229 213236 674
213236 213229 674
212580 212579 914
212579 212580 914
164930 164929 848
114127 114125 753
114125 114127 753
114095 114093 3008
114095 114166 844
119095 119094 586
119104 119103 926
119103 119104 926
119103 119109 847
119110 119109 1597
119094 119015 626
119094 119095 586
119094 119096 1531
119097 119096 738
118982 118981 344
119026 119029 749
102940 102205 64
102942 102205 1055
94387 94386 2109
94395 94386 2363
94391 94392 5538
102215 94392 1341
94400 94399 557
94423 102910 3925
94402 94403 354
92164 92166 376
92168 92166 2543
92155 92172 1604
92173 92172 1379
92157 92162 1294
92157 92180 1240
92161 92162 3199
92181 92180 1286
92185 92186 511
94429 94433 1178
94434 94433 2693
94434 94435 235
94435 94434 235
94435 94436 262
94444 94436 6069
94510 94509 865
94513 94509 1086
94512 94514 4505
94512 94515 2065
94519 94514 7111
94488 94489 5962
94562 94489 247
94515 94507 1062
94515 94507 1062
94515 94512 2065
92296 92295 39
92479 92466 547
92479 92482 582
92480 92466 3117
92456 92469 3527
92474 92469 868
94525 92472 389
92515 92510 1301
92515 92554 1827
92515 92557 949
92551 92553 1375
92554 92515 1827
92554 92553 2270
92554 92560 1343
92507 92506 1375
92507 92508 1177
92519 92506 1077
92511 92508 2118
93132 93131 445
93132 93134 847
93098 93097 1014
93098 93101 222
93098 93135 4995
93108 93102 2443
93108 93137 2539
93139 93137 562
93838 94088 1292
101879 94088 499
107079 107080 672
107079 108116 2540
107081 107080 1078
108159 108158 1675
108159 108160 2353
108165 108160 893
108165 108171 941
108170 108171 3986
109560 109564 3092
109565 109564 434
94151 94152 738
105610 105609 672
105610 105611 238
108045 105611 1480
105622 107259 352
107260 107259 475
108134 108201 2857
108199 108201 566
105793 108205 445
108101 108205 672
108179 108158 599
108179 108177 168
107249 107248 1598
107249 107250 672
108177 108176 1007
108177 108179 168
108180 108176 1558
108166 108398 1598
107471 107472 587
107473 107467 1592
107473 107472 1357
107473 108414 847
107466 107467 598
107466 108129 1114
108129 107466 1114
108129 108430 336
108431 108430 4115
108431 108444 764
108433 108434 1007
108444 108431 764
108444 108434 2561
108439 108438 1893
108439 108477 1120
108477 108438 2480
108477 108439 1120
108477 108476 1457
108404 108405 982
108408 108405 2585
108408 108475 930
108481 108405 2334
108543 108542 1264
113763 108542 893
108549 108623 309
108617 108618 2228
108617 108624 2228
108619 108618 610
108624 108617 2228
108624 108622 1465
92980 92979 333
93001 92981 587
93096 93093 1943
93097 93095 893
93097 93098 1014
93106 93095 2474
93106 93104 796
93106 93130 2527
93102 93101 1248
93102 93108 2443
92852 92857 4701
92861 92857 3864
93607 92862 2340
93712 93707 1457
93713 93707 1025
93720 93710 550
93788 93710 1444
93788 93787 1004
93028 93026 1655
93110 93026 1180
93110 93027 452
93110 93111 2458
93113 93111 1453
93117 93115 1347
93117 93795 1004
93795 93117 1004
93795 93787 2527
93100 93099 557
93105 93104 763
93131 93130 344
93131 93132 445
92532 92543 1540
92541 92543 557
92541 92545 111
92733 92543 1490
92545 92541 111
92545 92542 1031
92545 92546 238
92739 92740 333
92739 92741 2206
92751 92741 597
92751 92757 587
92764 92759 609
92764 92768 422
92769 92768 1538
92542 92544 1225
92542 92545 1031
92584 92544 929
92582 92581 1977
92582 94344 1104
103106 92581 1173
101761 92586 395
92531 92530 623
92533 92530 1278
92558 92557 1728
102651 94344 1508
92561 92560 1221
92564 92485 713
92482 92479 582
92482 92481 1229
92488 92489 1557
92491 92492 3071
94558 92662 381
92664 92663 536
92785 92610 671
92790 92610 1808
94332 92782 1099
92637 92689 1958
92688 92689 562
92655 92691 3940
92707 92691 2754
92707 92697 868
94636 92691 3425
92714 92697 587
92714 92704 981
92704 92698 2643
92704 92714 981
103109 92705 2134
191193 192684 4034
192686 192693 2078
194502 192693 1333
191605 191061 5043
191605 191400 507
192690 191056 874
192690 191400 387
191595 191835 945
191600 191835 3004
192042 194401 197
194402 194401 1489
191549 191564 3752
191549 191565 4825
191565 191549 4825
191565 191844 816
192082 191620 962
192083 191620 383
191615 191624 848
191623 191624 1012
191670 191832 1716
191671 191832 885
191061 191057 1440
191061 191605 5043
191125 191057 2506
192636 192637 1950
194507 192637 3955
191189 191192 3971
194286 194288 382
194289 194288 1601
192633 192652 5313
192655 192652 1258
194256 192663 316
194258 192663 444
192673 192672 2160
119224 119223 1593
119374 119223 272
114053 114063 2428
114061 114063 598
114094 114093 333
114167 114164 360
114167 114166 782
114114 114334 3640
941
119109
119015
119096
118981
119029
102205
94386
94392
94399
102910
94403
92166
92172
92162
92180
92186
94433
94436
94509
94514
94489
94507
92295
92466
92469
92472
92510
92553
92506
92508
93134
93135
93137
94088
107080
108116
108160
108171
109564
94152
105611
105609
107259
108201
108205
108158
107250
108176
108398
107472
108414
107248
107467
108430
108434
108438
108405
108475
108476
108542
108623
108618
108622
92979
92981
93093
93095
93101
92857
92862
93707
93710
93026
93111
93115
93787
93099
93027
93104
93130
92543
92546
92740
92741
92757
92759
92768
92544
92581
92586
92530
92557
94344
92560
92485
92481
92489
92492
92662
92663
92610
92782
92689
92691
92697
92698
92705
192684
192693
191400
191835
194401
191564
191844
191620
191624
191832
191056
191057
192637
191192
194288
192652
192663
192672
119223
114063
114093
114166
114164
114334
114347
114277
114280
114282
114284
109240
109275
109277
109400
109438
109446
109396
109572
109440
109681
109675
109348
109649
109623
109729
109733
110006
110140
110002
110104
110159
110175
110190
110196
110193
112476
112478
110818
110258
110260
110759
110808
110275
110282
110290
111371
110223
110253
103863
103867
103966
103956
103960
103968
112851
112832
103950
103994
104035
104025
104023
112498
112557
112559
112563
112540
112757
112527
112566
110912
110919
110922
110835
112471
112521
112519
104294
104256
104042
104070
104067
104086
104003
104020
104710
104716
104715
104250
104259
39106
39108
39257
39258
39267
39289
37211
37202
37238
37105
37109
37116
37089
37090
38187
37207
38191
38363
38366
38429
38431
38436
38452
38453
38468
38550
38467
38456
38461
38552
38559
38555
38570
38586
38589
40344
40351
40355
38594
38881
40668
40660
40678
40677
40699
50317
40704
40697
39003
39007
39004
39015
40711
40763
38980
41575
41562
41567
41570
41573
47774
47778
47785
47792
47656
47658
47720
47726
47735
47734
47659
47739
47744
47773
47800
47810
47802
47766
47769
48093
48062
48063
48066
48084
48079
48086
47931
47932
48017
47919
47964
47967
48003
48011
48006
48009
47962
47976
48033
47993
48037
48039
48044
48088
48154
48155
47412
47464
47465
47467
47483
47485
47988
130530
47990
130727
130762
130768
130731
130735
130781
130784
131307
46266
130879
131310
131315
131314
130887
130903
130894
130901
131166
131170
131185
131195
131210
131278
131517
131205
131523
131528
131564
131567
131604
131608
125242
131621
131626
131706
131712
132219
132225
132229
132255
132265
132218
132273
54133
54137
54153
54131
54169
54161
54167
54285
54276
54241
54288
54306
54740
54744
54315
54305
150551
140300
140319
140413
140480
140410
140481
140486
140499
140504
141968
139781
143303
143308
143442
143441
143436
143455
143461
143585
143511
143589
143526
143525
143602
142838
142839
142845
142842
142832
143956
143794
143783
143793
143789
143776
143719
143724
143771
143703
143704
143715
143726
143522
143728
143521
142843
142879
142864
142863
142873
142878
144893
144892
144895
142866
143178
143193
143200
143282
143285
139782
139786
144810
144816
144916
144919
144861
144864
144880
144881
204574
204582
204642
204644
204930
204935
204927
204643
204822
204939
204944
204947
207716
214413
144885
144887
145071
145072
145077
145179
145221
145230
145238
145240
145242
145631
145654
145655
146607
146608
146623
146670
146672
146680
146873
146877
146844
146915
146924
209545
209653
209415
167574
167599
152656
152665
152667
152680
152668
152675
152681
152795
153551
153594
153532
153554
152069
153525
162508
152648
162511
168520
168504
168519
168449
167598
167607
167606
167643
167618
167610
167658
167704
168462
167767
167770
177692
178607
178633
178639
178648
180052
180054
179780
179758
179950
179963
179992
179991
180005
172252
152852
152854
152855
152856
152858
152786
152792
152803
152789
152791
152817
152821
152746
152835
172258
152768
172250
152767
152771
152783
152838
153222
153216
153220
153218
153235
153236
153239
153309
156099
156102
156109
156100
156104
156117
156119
156162
156160
156584
156573
153311
153340
153355
153445
153383
153431
153367
153488
154855
153407
155848
155917
155919
155849
155884
153508
153506
153512
153519
155894
154852
155870
155892
155896
155885
176626
185281
172979
172990
172982
186153
179996
180023
180000
172988
173021
178540
181842
177751
177753
178195
185518
173240
173238
173254
178550
173069
173071
172972
173123
173126
178060
178070
178069
178173
178169
178179
178192
173257
173270
174771
174881
185506
173465
173468
174948
177341
177344
177345
177561
177562
177352
176605
177570
177572
177573
176614
176610
156380
176615
176618
177303
156512
160198
156515
160215
160217
160211
160220
156504
156538
156398
156403
156463
156467
156481
156596
156597
156494
156847
156843
156893
156860
156863
156599
156664
156667
156707
156656
156864
156873
156957
156876
156953
156676
156987
156951
156988
156636
156907
156917
156698
156937
158415
177317
177362
177383
176727
176729
176722
174907
165886
165890
165924
165892
165574
165577
165634
165642
165657
165650
165520
165554
165578
167694
167763
167700
167718
172502
167788
167682
167666
167575
167626
167665
167671
165478
167445
165480
165454
167449
167446
167524
167535
167542
167870
165900
165979
165978
165998
165993
165990
165519
164929
165552
213229
213237
213236
213251
213242
213245
212562
212563
212580
212579
164631
164895
164898
172438
164930
164933
165668
165678
164945
165681
164968
165701
164962
164965
114240
114294
113966
113967
113996
114127
114125
114095
114165
119286
118843
118643
119232
119233
119253
119301
119317
119319
119216
118582
119058
119023
119085
119090
119084
119095
119104
119103
118982
119026
102940
102942
94391
94423
94402
92164
92155
92173
92157
94429
94435
94444
94512
94519
94488
94562
92479
92480
92456
92474
94525
92515
92551
92554
92507
92519
93132
93108
93139
93838
107079
108159
108165
108170
109560
109565
94151
105610
108045
105622
107260
108134
108199
105793
108101
108179
107249
108177
108180
108166
107471
107466
108129
108431
108433
108444
108439
108408
108481
108543
108549
108617
108624
93097
93106
93102
92852
92861
93607
93712
93720
93788
93113
93117
93795
93131
92532
92541
92733
92739
92751
92769
92542
92531
92533
92561
92564
92482
92637
92688
92655
92707
94636
92714
92704
191193
192686
191605
192690
191595
191600
192042
191549
191565
192083
191615
191623
191670
191671
191061
192636
191189
194286
192633
192655
194256
192673
119374
114053
114061
114114
