1116
190364 190363 694
190364 190365 344
140029 140027 330
140029 140037 826
140039 140037 276
140039 140041 730
140039 140042 306
140040 140041 716
140040 140074 1715
139803 139802 1116
139803 139974 848
139803 139978 821
140027 139974 802
140027 140028 701
140027 140029 330
140072 140074 864
140072 141442 1678
140073 140568 1588
190405 187276 628
190405 190415 537
190405 190418 715
190405 190689 628
190415 190405 537
190415 190414 368
187267 187266 594
187267 187268 1157
187267 188350 646
187267 190389 668
187267 190409 246
190409 187267 246
190409 190419 491
190409 190419 491
139912 139911 1124
139912 139915 637
139924 139918 580
139924 139925 289
139927 139925 623
139927 139934 624
139961 139967 1243
139961 139971 784
139961 139979 1265
139961 140034 1244
139962 139965 639
139960 139973 424
139960 139974 784
139960 139978 808
190421 190422 890
190421 190429 606
190421 190430 965
190454 190429 1266
190454 190456 610
188330 188331 223
188330 188332 104
188330 190426 241
190426 188330 241
190426 189624 533
190426 190393 555
190456 190454 610
190456 190455 360
190460 190455 409
190460 190459 997
190289 190314 2435
189694 190404 518
141078 141117 464
141078 141140 621
141141 141140 539
141141 141145 1874
141144 141146 1844
141160 141146 818
141160 141164 1398
141096 141097 304
141147 141098 678
141147 141148 367
141167 141166 1432
141167 141168 1679
141165 141164 793
141165 141166 828
141165 141347 1377
142139 141071 2014
142139 141730 1899
142139 142140 833
141703 141709 2339
141711 141713 477
141714 141717 323
141714 141720 856
141729 141730 2065
141729 141732 893
141730 141729 2065
141730 141731 819
141730 142139 1899
141071 141093 2277
141071 141101 762
141071 142139 2014
141086 141093 841
55627 55632 1357
55689 56008 562
56038 56007 672
56039 56007 1366
56039 56037 796
56039 56042 1352
56042 56039 1352
56042 56043 782
56042 56144 683
56144 56042 683
56144 56145 796
56152 56147 849
56152 56168 589
56168 56152 589
56168 56158 893
56174 56158 1352
56174 56177 782
56174 56180 1436
56175 56180 672
56614 56615 1610
56787 56788 202
56794 56795 924
189881 189829 862
189881 189848 645
189881 189882 701
189883 189848 795
189883 189902 1380
189829 189830 720
189829 189881 862
196656 196642 774
196656 196653 881
196650 196649 1008
196650 196651 1336
197227 197235 509
197243 197242 478
197243 197244 2019
197246 197244 686
197246 202587 774
197246 202590 2361
197253 202586 509
202592 202588 797
202594 202589 884
202594 202596 2592
202609 202596 615
202609 202616 584
202615 202614 338
202615 202616 2013
202619 202764 656
202619 203567 796
202763 202765 773
202763 202766 2011
202768 202765 793
202768 202780 766
202764 202619 656
202764 202766 683
202779 202780 1226
202782 202780 846
202782 202784 2803
204174 204175 882
204174 204198 2741
204199 204187 834
204199 204203 1899
204199 204206 363
203922 203927 2051
203928 203927 742
203928 204180 2598
204181 204183 346
204181 204186 547
204186 204181 547
204186 204187 3066
203866 203863 489
203866 203912 472
203866 203913 1638
203915 203913 278
203915 203918 779
203915 203929 1590
203918 203915 779
203918 203932 706
203918 203942 1511
203923 203946 1316
204175 204174 882
204175 204200 3006
204175 204201 927
204178 204228 361
204201 204175 927
204201 204202 3241
204201 204251 673
204227 204229 672
204227 204233 805
204227 204234 2741
204231 204229 805
204235 204229 3098
204235 204234 593
204235 204269 1695
204270 204269 670
204270 204275 2170
204276 204275 779
204276 207071 2002
207068 207070 973
207068 207076 376
207069 207070 2179
207072 207073 1696
207072 207076 993
202784 202782 2803
202784 202783 864
203535 203256 2546
203535 203573 1739
203257 203256 332
203257 206703 549
203568 197273 3434
203568 203569 688
203568 206703 590
203643 203860 4220
203643 203861 2860
203889 203890 2186
207108 207060 779
207110 207115 867
207112 207114 1152
207112 207115 598
207113 207114 885
207059 207060 1074
207130 207116 1620
207319 207379 1662
207318 207322 684
207303 207304 449
207321 207325 1038
207321 207381 779
207324 207325 796
203961 207300 472
207302 207306 310
207302 207328 1055
207302 207332 1059
196494 196500 753
196499 196500 971
196501 196500 1016
196501 196507 451
196509 196508 1012
196509 196519 666
196522 196519 1562
196520 196519 691
196520 196521 922
196524 196521 1421
196524 196525 640
196587 196581 800
196587 196646 1227
196596 196646 839
196596 196653 1467
196654 196653 684
206051 206043 2012
206051 206054 1146
206051 206698 1893
206053 206698 1169
207123 207124 237
207123 207385 865
206040 206043 871
206040 207384 901
206043 206040 871
206043 206051 2012
206043 207386 997
214371 206697 825
214371 206710 1583
214371 206719 1129
206710 206718 1341
206710 214371 1583
206723 206773 197
206794 208020 981
207927 206773 1399
207927 207926 955
207927 208000 368
208003 208004 2314
206948 206947 2136
206948 208020 1033
206948 208197 1179
206947 206948 2136
206947 206949 832
206965 206964 1350
206965 206966 867
208291 208292 796
207034 198877 82
207034 208292 1982
207034 208311 743
207033 198878 801
209323 209325 1421
209323 209366 771
209324 209322 526
209324 209325 1143
209359 209319 683
209359 209360 2272
209362 209360 1116
209362 209369 1021
209388 209369 684
209388 209390 1380
209391 209397 623
209391 210623 410
209391 210626 342
209396 209395 187
209396 209397 1251
209395 209394 824
209395 209396 187
209393 209394 1423
209393 209563 727
178834 178835 3151
178834 178948 818
178840 178756 809
178840 178965 1497
178963 178964 1307
178936 178899 688
178936 178940 905
178977 178979 893
178977 178999 1518
178981 178900 1865
179000 186182 87
178985 178885 842
178985 178992 818
179008 178992 1015
179008 179029 1454
179029 178989 925
179029 179008 1454
179029 179028 1004
179027 179028 517
179027 179242 1810
179275 179242 517
179278 179242 1576
173429 173431 810
173429 174098 126
180328 180330 976
180329 180319 1124
180329 180338 2149
180351 180350 2282
180351 180358 1055
180710 180709 884
180710 180737 1116
180753 185579 435
163160 163162 668
163160 163167 766
163161 163589 657
163585 163586 2445
163585 163589 758
163327 163319 1011
163327 163346 893
163328 163323 424
163148 163185 344
163198 163194 790
163196 163194 581
172648 172649 2669
163167 163160 766
163167 163163 646
163167 163183 790
163175 163174 84
183436 183437 1686
183436 183444 630
183435 183431 1719
183435 184857 790
183437 183436 1686
183437 183445 709
183430 183431 475
183430 185644 179
184845 184846 2805
184844 184843 202
184844 184848 476
184849 184848 276
184778 184779 818
184785 184779 1064
184785 184786 818
184922 184786 1144
184922 184923 713
184922 184926 552
184886 184856 752
184886 184892 2241
184893 184892 752
184893 184894 752
184893 184910 1798
184891 184894 1458
184896 184895 789
184826 184895 1823
184826 184938 713
184935 184930 1065
184935 184936 713
184935 184938 1890
184926 184922 552
184926 184923 924
184926 184929 1339
184930 184931 298
184930 184935 1065
184750 184745 766
184750 184752 1495
184759 166220 139
184761 166221 195
184763 184767 344
166187 166185 796
184744 184745 828
184744 184749 1357
184745 184744 828
184745 184750 766
184745 184751 1535
184769 184779 1104
184769 184780 713
183440 183444 1796
180730 180728 776
180731 180689 765
180818 180819 4114
180818 180827 2340
177526 177527 587
180827 180818 2340
180827 180819 1957
182068 182037 3232
186016 182034 1431
186016 186119 1137
182035 182036 966
182035 182037 2788
182510 182475 333
182510 183460 1009
182877 182593 445
182877 182594 336
182877 182876 765
183461 182595 344
183461 182596 952
182876 182874 1760
182876 182877 765
182593 182594 557
182593 182877 445
186014 186018 349
186014 186022 316
182649 182655 1398
182649 185238 849
183661 183662 581
183661 183662 581
183657 183662 688
185241 185240 2158
185241 185425 2689
174006 185873 1056
174006 186142 1839
182566 182565 511
182566 182567 1810
184034 184036 1757
184037 184036 1611
184037 185218 517
172908 172909 688
172911 174163 1387
174136 185217 206
184047 184048 778
184047 184085 600
184088 184087 952
184088 184089 1268
184088 184091 2216
174129 174128 418
174130 174128 709
174130 185216 766
184104 184106 751
184104 185216 562
173987 173988 2318
173987 185890 2641
173935 173918 1057
173935 174389 1572
174365 174362 8448
174362 174365 8448
183449 183448 355
183895 183896 403
183448 183449 355
183896 183895 403
209558 209563 762
209586 209590 825
209590 209586 825
211669 211680 1287
211680 211669 1287
211635 211691 622
211691 211635 622
211668 211673 445
211673 211668 445
211827 211845 1604
163320 163319 687
163322 163323 2536
163335 163336 581
163336 163335 581
211845 211827 1604
199710 212004 271
212004 199710 271
211924 211927 750
211927 211924 750
211927 211929 255
211929 211927 255
179050 179101 738
179101 179050 738
179073 179074 939
179073 179075 1224
179074 179073 939
179075 179073 1224
179235 179237 1034
179241 179242 765
179224 179225 951
179225 179224 951
179237 179235 1034
115577 115576 3922
115576 115577 3922
192931 192917 432
192937 192951 673
192951 192937 673
192917 192931 432
193062 193283 610
193283 193062 610
32752 32757 1160
32786 32787 833
32787 32786 833
33062 33063 761
29537 29540 4013
29540 29537 4013
29589 29590 7617
29590 29589 7617
32757 32752 1160
33063 33062 761
108015 107994 373
108015 108029 667
108029 108015 667
107994 108015 373
107994 108018 763
108018 107994 763
108018 108017 846
108017 108018 846
111832 111972 763
111972 111832 763
33699 33700 2005
33700 33699 2005
33730 33747 1873
33747 33730 1873
33819 33762 826
33762 33819 826
33904 33913 1885
33913 33904 1885
17433 17434 598
17434 17433 598
18625 18636 1268
18636 18625 1268
18480 18483 1032
18483 18480 1032
26134 26143 1558
26143 26134 1558
19180 11216 1248
11216 19180 1248
29142 29146 709
29146 29142 709
29147 29150 806
29150 29147 806
29309 29308 3205
29308 29309 3205
29102 29364 884
29101 52937 1687
29364 29102 884
52937 29101 1687
52935 52934 1395
52958 52955 650
52955 52958 650
53024 53031 1258
53031 53024 1258
53035 53050 2418
53050 53035 2418
52934 52935 1395
54934 54935 871
54935 54934 871
54935 54939 253
54939 54935 253
55605 55632 1447
53505 53509 589
53509 53505 589
49727 49732 1565
49732 49727 1565
144307 144305 810
144307 144305 810
144305 144307 810
144305 144307 810
195540 196297 1756
196297 195540 1756
196288 196287 681
196287 196288 681
141329 141333 951
141333 141329 951
141116 141117 798
141119 141133 1395
141133 141119 1395
189846 189845 791
189902 189883 1380
189845 189846 791
189932 189933 650
189933 189932 650
189946 189945 254
189945 189946 254
190345 190365 1387
190363 190364 694
190365 190345 1387
190365 190364 344
140037 140028 590
140037 140029 826
140037 140039 276
140037 140042 447
140041 140039 730
140041 140040 716
140042 140037 447
140042 140039 306
140074 140040 1715
140074 140072 864
139802 139803 1116
139974 139803 848
139974 139960 784
139974 140027 802
139978 139803 821
139978 139960 808
140028 140027 701
140028 140037 590
141442 140072 1678
141442 140568 761
140568 140073 1588
140568 141442 761
187276 190405 628
190418 190405 715
190418 190414 385
190418 190689 412
190689 190405 628
190689 190418 412
190414 187266 531
190414 190415 368
190414 190418 385
187266 187267 594
187266 187268 634
187266 190414 531
187268 187266 634
187268 187267 1157
188350 187267 646
190389 187267 668
190419 188331 28
190419 190409 491
190419 190409 491
139911 139912 1124
139915 139912 637
139915 139918 532
139918 139915 532
139918 139924 580
139925 139924 289
139925 139927 623
139934 139927 624
139967 139961 1243
139967 139965 1827
139967 140034 330
139971 139961 784
139979 139961 1265
140034 139961 1244
140034 139967 330
139965 139962 639
139965 139967 1827
139973 139960 424
190422 190421 890
190422 190430 401
190429 190421 606
190429 190454 1266
190430 190421 965
190430 190422 401
188331 188330 223
188331 190419 28
188332 188330 104
189624 190426 533
190393 190426 555
190455 190456 360
190455 190460 409
190459 190460 997
190314 190289 2435
190404 189694 518
141117 141078 464
141117 141116 798
141117 141140 312
141140 141078 621
141140 141117 312
141140 141141 539
141145 141141 1874
141145 141146 772
141146 141144 1844
141146 141145 772
141146 141160 818
141164 141160 1398
141164 141165 793
141097 141093 1300
141097 141096 304
141097 141098 805
141098 141097 805
141098 141147 678
141098 141148 805
141148 141098 805
141148 141147 367
141166 141165 828
141166 141167 1432
141168 141167 1679
141347 141165 1377
142140 141101 2098
142140 141731 1887
142140 142139 833
141709 141703 2339
141709 141720 332
141713 141711 477
141713 141717 742
141713 141732 1284
141717 141713 742
141717 141714 323
141720 141709 332
141720 141714 856
141732 141713 1284
141732 141729 893
141732 141731 2032
141731 141730 819
141731 141732 2032
141731 142140 1887
141093 141071 2277
141093 141086 841
141093 141097 1300
141101 141071 762
141101 142140 2098
55632 55605 1447
55632 55627 1357
56008 55689 562
56008 56007 2117
56007 56008 2117
56007 56038 672
56007 56039 1366
56037 56039 796
56037 56043 1436
56043 56037 1436
56043 56042 782
56043 56145 600
56145 56043 600
56145 56144 796
56147 56152 849
56158 56168 893
56158 56174 1352
56177 56174 782
56180 56174 1436
56180 56175 672
56615 56614 1610
56788 56787 202
56795 56794 924
189848 189881 645
189848 189883 795
189882 189830 860
189882 189881 701
189830 189829 720
189830 189882 860
196642 196651 677
196642 196656 774
196653 196596 1467
196653 196654 684
196653 196656 881
196649 196650 1008
196651 196642 677
196651 196650 1336
197235 197227 509
197242 197243 478
197244 197243 2019
197244 197246 686
202587 197246 774
202587 202586 1953
202587 202589 756
202590 197246 2361
202586 197253 509
202586 202587 1953
202586 202588 778
202588 202586 778
202588 202589 2059
202588 202592 797
202589 202587 756
202589 202588 2059
202589 202594 884
202596 202594 2592
202596 202609 615
202616 202609 584
202616 202615 2013
202616 203567 164
202614 202615 338
203567 202616 164
203567 202619 796
202765 202763 773
202765 202768 793
202766 202763 2011
202766 202764 683
202780 202768 766
202780 202779 1226
202780 202782 846
202780 202783 2801
204198 204174 2741
204198 204200 809
204187 204186 3066
204187 204199 834
204203 204199 1899
204206 204199 363
203927 203922 2051
203927 203928 742
203927 203946 640
204180 203928 2598
204180 204183 346
204183 204180 346
204183 204181 346
203863 203866 489
203912 203866 472
203913 203866 1638
203913 203915 278
203929 203915 1590
203932 203918 706
203942 203918 1511
203946 203923 1316
203946 203927 640
204200 204175 3006
204200 204198 809
204200 204202 844
204228 204178 361
204228 204233 867
204202 204200 844
204202 204201 3241
204251 204201 673
204251 204233 882
204229 204227 672
204229 204231 805
204229 204235 3098
204233 204227 805
204233 204228 867
204233 204251 882
204234 204227 2741
204234 204235 593
204269 204235 1695
204269 204270 670
204275 204270 2170
204275 204276 779
207071 204276 2002
207071 207073 833
207070 207068 973
207070 207069 2179
207076 207068 376
207076 207072 993
207073 207071 833
207073 207072 1696
202783 202780 2801
202783 202784 864
203256 203257 332
203256 203535 2546
203256 206703 562
203573 203535 1739
203573 203569 930
206703 203256 562
206703 203257 549
206703 203568 590
206703 203569 274
197273 203568 3434
203569 203568 688
203569 203573 930
203569 206703 274
203860 203643 4220
203861 203643 2860
203890 203889 2186
207060 207059 1074
207060 207108 779
207115 207110 867
207115 207112 598
207115 207116 745
207114 207112 1152
207114 207113 885
207116 207115 745
207116 207130 1620
207379 207124 773
207379 207319 1662
207379 207322 522
207322 207318 684
207322 207379 522
207322 207381 1576
207304 207303 449
207325 207321 1038
207325 207324 796
207381 207321 779
207381 207322 1576
207300 203961 472
207300 207306 990
207306 207300 990
207306 207302 310
207328 207302 1055
207332 207302 1059
196500 196494 753
196500 196499 971
196500 196501 1016
196507 196501 451
196507 196508 978
196508 196507 978
196508 196509 1012
196519 196509 666
196519 196520 691
196519 196522 1562
196521 196520 922
196521 196524 1421
196525 196524 640
196581 196587 800
196646 196587 1227
196646 196596 839
206054 206051 1146
206698 206051 1893
206698 206053 1169
206698 206697 955
207124 207123 237
207124 207379 773
207385 207123 865
207385 207384 1476
207384 206040 901
207384 207385 1476
207384 207386 926
207386 206043 997
207386 207384 926
206697 206698 955
206697 214371 825
206719 214371 1129
206718 206710 1341
206773 206723 197
206773 207927 1399
208020 206794 981
208020 206948 1033
207926 207927 955
208000 207927 368
208004 208003 2314
208197 206948 1179
206949 206947 832
206949 206964 603
206964 206949 603
206964 206965 1350
206966 206965 867
208292 207034 1982
208292 208291 796
198877 198878 2032
198877 207034 82
208311 207034 743
198878 198877 2032
198878 207033 801
209325 209323 1421
209325 209324 1143
209366 209323 771
209322 209324 526
209319 209359 683
209360 209359 2272
209360 209362 1116
209369 209362 1021
209369 209388 684
209390 209388 1380
209390 210623 395
209397 209391 623
209397 209396 1251
210623 209390 395
210623 209391 410
210626 209391 342
209394 209393 1423
209394 209395 824
209563 209393 727
209563 209558 762
178835 178834 3151
178948 178834 818
178756 178840 809
178965 178840 1497
178965 178964 751
178965 178964 751
178964 178963 1307
178964 178965 751
178964 178965 751
178899 178900 1669
178899 178936 688
178940 178936 905
178979 178977 893
178999 178977 1518
178900 178885 1336
178900 178899 1669
178900 178981 1865
186182 179000 87
178885 178900 1336
178885 178985 842
178992 178985 818
178992 178989 1357
178992 179008 1015
178989 178992 1357
178989 179029 925
179028 179027 517
179028 179029 1004
179242 179027 1810
179242 179241 765
179242 179275 517
179242 179278 1576
173431 173429 810
174098 173429 126
180330 180328 976
180319 180329 1124
180338 180329 2149
180350 180351 2282
180358 180351 1055
180709 180710 884
180737 180710 1116
185579 180753 435
163162 163160 668
163589 163161 657
163589 163585 758
163586 163585 2445
163319 163320 687
163319 163323 111
163319 163327 1011
163346 163327 893
163323 163319 111
163323 163322 2536
163323 163328 424
163185 163148 344
163194 163196 581
163194 163198 790
172649 172648 2669
163163 163167 646
163183 163167 790
163183 163174 713
163174 163175 84
163174 163183 713
183444 183436 630
183444 183440 1796
183444 183445 1701
183431 183430 475
183431 183435 1719
184857 183435 790
183445 183437 709
183445 183444 1701
185644 183430 179
184846 184845 2805
184843 184844 202
184848 184844 476
184848 184849 276
184848 184856 2139
184779 184769 1104
184779 184778 818
184779 184785 1064
184786 184785 818
184786 184922 1144
184923 184922 713
184923 184926 924
184856 184848 2139
184856 184886 752
184892 184886 2241
184892 184893 752
184894 184891 1458
184894 184893 752
184894 184895 849
184910 184893 1798
184895 184826 1823
184895 184894 849
184895 184896 789
184938 184826 713
184938 184935 1890
184936 184929 1226
184936 184935 713
184929 184926 1339
184929 184936 1226
184931 184930 298
184752 184750 1495
166220 184759 139
166221 184761 195
184767 184763 344
184767 184780 1144
166185 166187 796
184749 184744 1357
184751 184745 1535
184780 184767 1144
184780 184769 713
180728 180730 776
180689 180731 765
180819 180818 4114
180819 180827 1957
177527 177526 587
182037 182035 2788
182037 182068 3232
182034 186016 1431
186119 186016 1137
182036 182035 966
182475 182510 333
183460 182510 1009
183460 182596 765
182594 182593 557
182594 182595 836
182594 182877 336
182595 182594 836
182595 182596 1008
182595 183461 344
182596 182595 1008
182596 183460 765
182596 183461 952
182874 182876 1760
186018 186014 349
186022 186014 316
182655 182649 1398
185238 182649 849
183662 183657 688
183662 183661 581
183662 183661 581
185240 185241 2158
185425 185241 2689
185873 174006 1056
186142 174006 1839
182565 182566 511
182567 182566 1810
184036 184034 1757
184036 184037 1611
185218 184037 517
172909 172908 688
172909 174163 344
174163 172909 344
174163 172911 1387
185217 174136 206
184048 184047 778
184085 184047 600
184085 184087 713
184087 184085 713
184087 184088 952
184089 184088 1268
184089 184091 951
184091 184088 2216
184091 184089 951
174128 174129 418
174128 174130 709
185216 174130 766
185216 184104 562
184106 184104 751
173988 173987 2318
185890 173987 2641
173918 173935 1057
174389 173935 1572
942
190364
140029
140039
140040
139803
140027
140072
140073
190405
190415
187267
190409
139912
139924
139927
139961
139962
139960
190421
190454
188330
190426
190456
190460
190289
189694
141078
141141
141144
141160
141096
141147
141167
141165
142139
141703
141711
141714
141729
141730
141071
141086
55627
55689
56038
56039
56042
56144
56152
56168
56174
56175
56614
56787
56794
189881
189883
189829
196656
196650
197227
197243
197246
197253
202592
202594
202609
202615
202619
202763
202768
202764
202779
202782
204174
204199
203922
203928
204181
204186
203866
203915
203918
203923
204175
204178
204201
204227
204231
204235
204270
204276
207068
207069
207072
202784
203535
203257
203568
203643
203889
207108
207110
207112
207113
207059
207130
207319
207318
207303
207321
207324
203961
207302
196494
196499
196501
196509
196522
196520
196524
196587
196596
196654
206051
206053
207123
206040
206043
214371
206710
206723
206794
207927
208003
206948
206947
206965
208291
207034
207033
209323
209324
209359
209362
209388
209391
209396
209395
209393
178834
178840
178963
178936
178977
178981
179000
178985
179008
179029
179027
179275
179278
173429
180328
180329
180351
180710
180753
163160
163161
163585
163327
163328
163148
163198
163196
172648
163167
163175
183436
183435
183437
183430
184845
184844
184849
184778
184785
184922
184886
184893
184891
184896
184826
184935
184926
184930
184750
184759
184761
184763
166187
184744
184745
184769
183440
180730
180731
180818
177526
180827
182068
186016
182035
182510
182877
183461
182876
182593
186014
182649
183661
183657
185241
174006
182566
184034
184037
172908
172911
174136
184047
184088
174129
174130
184104
173987
173935
173899
174342
174365
174392
174362
174379
174559
174576
175094
175075
174084
174270
174117
174119
174192
174184
174197
174179
183804
183831
183863
183875
183882
183813
183442
183449
183872
183887
183895
183874
183888
183448
183896
209558
209569
209585
209586
209590
209646
210872
210884
210890
211587
211592
211606
211628
211669
211680
211664
211683
211635
211691
211693
211698
211668
211673
211674
211827
162656
162669
162693
162700
162658
163320
163322
163330
163335
163243
163336
163271
163352
163360
163380
163005
163294
163302
161338
162733
162732
162722
211845
211885
211895
211900
163926
163959
198809
199710
212004
214258
211908
211906
211924
211927
211929
179050
179101
179135
179123
179067
179068
179078
179082
179149
179073
179074
179140
179151
179075
179138
179235
179241
179222
179224
179225
179237
114537
114539
114696
114698
115275
115277
115241
115497
114816
115170
115289
115074
115076
115290
115293
115564
115570
115572
115577
115576
106326
106330
106374
106480
105206
32360
32407
32410
106583
106599
106554
113721
106544
106516
193000
193001
191859
191804
191811
192878
192880
192903
192935
192944
192931
192937
192951
192955
192917
192929
193182
193062
193283
193284
193285
193053
192454
192576
192281
192264
192288
192293
192535
191494
192303
192250
192197
192488
192490
32699
32705
32706
32642
32629
32632
32691
32695
32724
32725
32752
32767
32786
32787
33062
32783
29537
32418
32444
29540
29571
29576
32453
29589
29590
32463
32486
32545
32638
32596
32757
32834
33063
33070
107883
107902
107878
103509
105672
107912
108015
108029
103384
107991
107999
107994
108018
108017
111836
107980
111832
108038
108044
111972
33500
111837
33507
33516
33514
33573
33588
33592
33699
33700
33730
33747
33738
33740
33819
33762
33832
33840
17221
33842
33827
17251
17266
17273
17330
33881
33904
33921
33911
33913
17375
17383
17433
17434
33998
18334
113473
18349
33985
18409
18410
18415
18435
18439
18625
18636
18654
18464
18480
18483
18478
18449
18631
103506
103549
103610
103604
103542
103599
103521
103616
18452
18633
18646
18649
26633
25276
25277
26134
26143
26151
26545
18853
26551
19180
26185
26188
26267
11219
26192
26210
26244
11216
29195
105536
105544
105283
103555
103689
103699
105550
40208
29142
29146
29147
29150
29214
29232
29194
29286
29304
29204
29309
29319
29308
29329
29291
29305
29327
27330
27334
27359
27338
27348
29359
29369
27401
29102
29104
29101
29364
52937
52935
53104
52958
53021
52955
53024
53031
53033
53035
53050
53054
53057
53049
53060
53315
53321
53260
53077
53081
52921
52928
52934
52914
54788
54874
54800
54797
52507
54891
54921
54927
54934
54935
54939
54999
55018
55023
55602
55605
53505
53509
53561
49736
49737
49727
49730
49732
49740
49775
49763
53677
53684
53685
53708
54790
141314
144271
144298
144273
144214
144267
195482
195485
195490
144307
144305
195535
195536
195540
196297
196288
196302
196305
196196
196208
196287
196214
196273
196271
196212
141329
141385
141333
141386
141392
141402
144203
141116
141119
141136
141311
141133
189846
189902
189845
189932
189933
189946
189945
190335
190345
190363
190399
190395
190365
140037
140041
140042
140074
139974
139978
140028
141442
140568
187276
190418
187266
187268
188350
190389
190419
139915
139918
139925
139934
139967
139971
139979
140034
139965
139973
190422
190429
190430
188332
189624
190393
190455
190459
190314
190404
141117
141145
141146
141164
141098
141148
141166
141168
141347
142140
141709
141713
141717
141720
141732
141731
141093
141101
55632
56008
56007
56037
56043
56145
56147
56158
56177
56180
56615
56788
189848
189882
189830
196642
196653
196649
196651
197235
197242
197244
202587
202590
202589
202596
202765
202766
204198
204187
204203
203927
204180
204183
203863
203929
203932
203946
204200
204202
204251
204229
204233
204234
204269
204275
207071
207070
207076
207073
202783
197273
203860
203861
207115
207116
207304
207325
207381
207306
207328
207332
196507
196508
196521
196525
196581
196646
206054
206698
207124
207385
207386
206697
206719
206718
206773
208020
207926
208000
208004
208197
206949
206964
206966
208292
208311
198878
209325
209366
209322
209319
209360
209369
209390
209397
210623
210626
209394
209563
178835
178756
178899
178940
178979
178999
178885
178989
179028
174098
180330
180319
180338
180350
180358
180709
180737
163162
163589
163586
163346
163185
163194
163163
163183
163174
183444
183431
184857
183445
185644
184846
184843
184779
184786
184923
184856
184892
184894
184910
184895
184938
184936
184929
184752
166220
166221
184767
166185
184749
184751
184780
180728
180689
180819
177527
182037
182034
182036
182475
183460
182596
182874
182655
185238
185240
185425
185873
186142
182565
184036
174163
185217
184048
184085
184087
184089
184091
174128
184106
173988
173918
174389
