848
163548 163622 867
163497 163496 2790
163667 163668 674
163667 163670 2446
163670 163667 2446
163670 163676 758
163670 163681 344
163623 163625 1556
163623 163682 674
162995 162996 1300
162995 163000 1484
162997 163000 650
162997 163018 337
163017 163018 879
163017 163021 1282
163020 163021 511
163020 163032 404
162964 162959 355
161325 161326 445
163033 163032 828
163478 163480 782
163478 163485 600
163412 163413 276
163412 163414 2578
163482 163452 1697
163037 163038 511
163037 163417 1827
163417 163037 1827
163417 163416 710
162766 162767 890
162766 162961 673
162766 162968 952
162782 162783 713
162784 162783 1064
162776 162775 344
164263 164262 683
164263 164264 1449
164017 164016 2684
164017 164261 747
164264 164263 1449
164264 164265 556
164266 164262 778
164266 164267 906
164039 164038 330
164078 164079 1029
164083 164084 1426
164083 164094 1118
164042 164043 374
164042 164044 953
164053 164050 1154
164053 164171 404
164170 164033 2088
164170 164050 672
164055 164066 678
164055 172415 418
164063 164062 2256
164063 164065 747
164072 164068 739
164072 164268 2452
164061 164062 581
164061 164194 3502
164071 164070 1716
164071 164277 650
164085 164084 1494
164085 164089 874
164089 164085 874
164089 164088 1485
164089 164098 808
164099 164098 1903
164099 164111 810
164111 164099 810
164111 164109 1950
164111 164152 606
164117 164118 279
164117 164143 844
164082 164081 754
164082 164081 754
164119 164118 1342
164119 172411 363
164119 172411 363
212044 212045 719
212044 212046 1262
207842 214314 1850
212041 212385 701
212041 212386 1460
212042 212386 912
212042 214271 765
212045 212044 719
212045 215005 1002
211819 211817 2290
211819 211959 827
211969 211967 817
211969 211984 2678
211980 211964 231
211980 211967 2182
211985 211984 750
211985 212305 1441
212308 212305 824
212308 212309 2164
212308 212316 883
212316 212308 883
212316 212319 1228
212316 212321 927
212370 212321 1932
211964 211961 834
211964 211980 231
178718 178716 2057
178718 178792 1545
114823 114611 1209
114823 115388 3802
114614 114615 1417
114614 116228 2327
114630 114629 950
114630 114632 2678
114627 114628 3792
114627 114629 1219
114472 114465 1332
114472 114474 2170
114487 114488 674
114487 114492 1252
114490 114489 201
114490 114495 835
114495 114490 835
114495 114496 883
114495 114497 474
114496 114495 883
114496 114498 603
114492 114487 1252
114492 114493 1275
115206 115205 1539
115206 115207 5060
115240 115205 979
115240 116140 2170
115493 115510 1114
115509 115510 1594
114974 114973 10561
115130 115131 1539
115130 115143 9949
115050 115049 373
115050 115129 335
115049 115050 373
115049 115139 1277
115151 116249 824
114953 114871 808
114959 114972 12647
114975 92094 4337
114975 114977 6040
114983 114984 786
114983 114985 445
114990 114989 222
114990 114999 1667
114997 114998 556
114997 114999 1573
92090 92085 3906
102917 92126 1008
115112 115113 2000
115115 115307 5392
115306 115119 2345
115180 115182 603
115358 115359 1220
115358 115369 949
115621 115622 1991
115621 115665 3429
113937 113938 2430
106847 106846 649
106847 106853 1149
106848 106849 1000
106859 106857 1174
106859 106860 562
106857 106859 1174
106857 106876 667
106874 106875 746
106874 113738 1065
106875 106873 1805
106875 106874 746
106820 106194 1213
106820 106941 839
106938 106939 1980
106938 106995 1188
106997 106822 3272
106997 106994 1685
107013 107014 2976
107013 107018 6682
107013 113634 905
106941 106820 839
106941 106942 1669
107011 107008 326
107011 107010 10
107268 107267 1729
107268 107297 713
107306 107307 3851
107306 107326 981
107306 107327 1398
107327 107306 1398
107327 107326 1674
107275 107274 3446
107275 107276 3335
107266 109553 1559
107413 107414 1820
106643 106699 1124
106643 106845 1430
106843 106842 1891
106843 106844 1161
106843 106861 1195
106673 106699 2373
106842 106843 1891
106842 106850 1263
106686 106687 353
106686 113735 419
92909 92910 1264
92909 92913 3461
92909 92915 3202
106648 106649 2363
106650 106649 1955
106650 106649 1955
106720 106721 2123
106713 106714 905
106713 106722 1540
106517 106522 838
106517 113686 556
106521 106522 1111
106521 113622 578
106256 106255 1114
106256 106491 867
106489 106490 1816
106229 106230 2227
106229 106231 2516
116059 116060 1418
116059 116061 2187
116066 116061 434
116066 116071 950
116070 116071 1727
116070 116118 905
106241 106239 1719
106241 116058 707
106243 106244 773
191536 192024 1593
191536 192026 1682
191814 194394 3079
190973 192041 809
190973 193989 659
194032 194034 1287
194212 194213 674
194212 194214 733
191742 191743 685
191881 194231 864
191724 192867 788
191589 191590 629
191589 191821 626
191877 191878 319
192858 192861 18954
192862 192863 767
192862 192866 3690
193034 193035 543
193034 193965 389
107628 107596 1113
107628 107709 222
107683 107682 1736
107658 107657 1584
107658 107657 1584
107579 107659 344
107583 107581 1208
107583 107640 1220
107556 107554 1743
107556 107581 1625
109796 109797 1874
107603 107602 1919
107603 107625 1762
107606 107609 724
113640 107639 1104
113640 113641 19
103431 103430 80
107664 107665 778
107664 107666 503
107753 107751 503
107756 107752 75
107756 113754 1120
107756 113756 1200
107934 111126 930
107758 107759 1084
107758 107843 809
107835 107836 1004
107835 107859 4088
107921 107922 707
107921 111010 580
111128 111124 1113
111128 111126 3232
111128 111794 1556
111795 111794 1013
111795 111805 672
111806 111805 1091
111806 111808 2113
111811 111146 516
111811 111812 562
111816 111147 2444
111808 111804 1013
111808 111806 2113
111141 111133 778
111141 111147 905
111141 111149 1431
111818 111133 2208
111818 111890 893
111861 111890 1007
111894 111892 562
111895 111130 598
111895 111140 1768
111934 111933 1696
111962 111958 868
111962 111963 1827
111968 111963 869
111968 111969 1935
111990 111969 788
111990 111993 1955
111996 112001 764
112006 112005 764
112005 112006 764
112001 111996 764
33618 33625 1530
33625 33618 1530
113142 113178 475
113178 113142 475
113421 113422 818
113422 113421 818
109250 109248 847
109250 109251 672
113263 113293 672
109248 109250 847
113293 113263 672
109251 109250 672
113232 113233 610
113233 113232 610
113233 113237 893
113237 113233 893
105713 105710 2087
113516 113517 649
113517 113516 649
105710 105713 2087
105406 105422 881
105422 105406 881
39892 40079 2204
40079 39892 2204
40094 40093 1268
40093 40094 1268
105463 105462 1238
105462 105463 1238
103684 103752 915
103752 103684 915
39936 39934 976
39934 39936 976
41267 41270 2453
41270 41267 2453
53438 53441 638
53441 53438 638
49268 49266 517
49266 49268 517
144375 144425 918
144425 144375 918
144425 144426 78
144426 144425 78
144378 144377 804
142433 144377 431
144377 142433 431
144377 144378 804
144339 142414 1251
142414 144339 1251
151600 141514 1696
141514 151600 1696
189835 190551 896
189962 189983 670
140213 140217 721
140217 140213 721
189983 189962 670
142367 142361 1628
142361 142367 1628
142184 142230 2797
142230 142184 2797
142368 142366 2449
142366 142368 2449
141508 141524 129
141524 141508 129
141669 141670 1809
142259 142187 893
141670 141669 1809
141788 141793 939
141793 141788 939
142186 142187 684
142187 142186 684
142187 142259 893
56089 56189 1458
56189 56089 1458
190551 189835 896
196668 196670 1722
196670 196668 1722
204341 204343 884
204343 204341 884
204401 204755 328
204755 204401 328
207211 207212 727
207212 207211 727
197427 197332 526
197332 197427 526
207267 207270 960
207270 207267 960
207665 207666 519
207666 207665 519
145984 145976 387
145976 145977 1333
145976 145984 387
145977 145976 1333
151352 151362 977
151362 151352 977
204003 204062 841
204062 204003 841
204097 204093 797
204093 204097 797
203596 203597 578
203597 203596 578
203619 203620 893
203620 203619 893
203726 203743 591
203743 203726 591
203978 203981 817
203981 203978 817
207458 207464 1153
207458 207953 1037
207952 207920 1073
207953 207458 1037
207545 207583 1400
207583 207545 1400
207583 207584 1129
207544 207535 364
207447 207461 1168
207461 207447 1168
207461 207462 1036
207464 207458 1153
207462 207461 1036
207535 207544 364
207539 207538 479
207538 207539 479
207478 207489 163
207489 207478 163
207490 207493 860
207493 207490 860
207584 207583 1129
207584 207586 329
207586 207584 329
207920 207952 1073
207956 207978 1112
207978 207956 1112
208054 208057 679
208057 208054 679
208057 208361 555
208361 208057 555
208368 208384 998
208384 208368 998
208332 208342 1812
210581 210578 1628
210581 210591 815
210591 210581 815
210578 210576 709
210578 210581 1628
208342 208332 1812
210576 210578 709
178791 178792 1209
163669 163668 2557
163669 163671 842
163671 163669 842
185060 185059 119
185059 185060 119
166290 166291 843
166291 166290 843
166324 166329 766
166329 166324 766
180531 180590 889
180540 180590 2044
180590 180531 889
180590 180540 2044
182453 182445 1335
182445 182453 1335
174642 174646 1599
174646 174642 1599
174703 175195 1365
175195 174703 1365
174733 174729 789
174729 174733 789
174452 174524 1184
174524 174452 1184
174320 174319 373
174319 174320 373
210832 210837 810
210837 210832 810
211066 211075 801
211092 211088 447
211757 211760 710
211760 211757 710
211780 211783 938
211075 211066 801
211088 211092 447
211783 211780 938
163485 163478 600
163485 163502 1117
163502 163485 1117
163622 163548 867
163496 163497 2790
163668 163667 674
163668 163669 2557
163668 163676 2445
163676 163668 2445
163676 163670 758
163681 163670 344
163681 163682 556
163625 163623 1556
163682 163623 674
163682 163681 556
162996 162959 276
162996 162995 1300
163000 162995 1484
163000 162997 650
163000 163018 677
163018 162997 337
163018 163000 677
163018 163017 879
163021 163017 1282
163021 163020 511
163021 163032 630
163032 163020 404
163032 163021 630
163032 163033 828
162959 162964 355
162959 162996 276
161326 161325 445
163480 163478 782
163413 163412 276
163414 163412 2578
163414 163452 674
163452 163414 674
163452 163482 1697
163038 163037 511
163416 163417 710
162767 162766 890
162961 162766 673
162968 162766 952
162783 162782 713
162783 162784 1064
162775 162776 344
164262 164261 436
164262 164263 683
164262 164266 778
164016 164017 2684
164261 164017 747
164261 164262 436
164265 164264 556
164267 164266 906
164267 164268 747
164038 164039 330
164079 164078 1029
164084 164083 1426
164084 164085 1494
164084 164088 1075
164094 164083 1118
164043 164042 374
164044 164042 953
164050 164053 1154
164050 164170 672
164171 164053 404
164033 164170 2088
164066 164055 678
164066 164065 837
172415 164055 418
164062 164061 581
164062 164063 2256
164065 164063 747
164065 164066 837
164068 164072 739
164268 164072 2452
164268 164267 747
164194 164061 3502
164070 164071 1716
164277 164071 650
164088 164084 1075
164088 164089 1485
164098 164089 808
164098 164099 1903
164098 164109 673
164109 164098 673
164109 164111 1950
164152 164111 606
164118 164117 279
164118 164119 1342
164143 164117 844
164081 164082 754
164081 164082 754
172411 164119 363
172411 164119 363
212046 212044 1262
214314 207842 1850
212385 212041 701
212386 212041 1460
212386 212042 912
214271 212042 765
215005 212045 1002
211817 211819 2290
211959 211819 827
211959 211961 817
211967 211969 817
211967 211980 2182
211984 211969 2678
211984 211985 750
212305 211985 1441
212305 212308 824
212309 212308 2164
212319 212316 1228
212321 212316 927
212321 212370 1932
211961 211959 817
211961 211964 834
178716 178718 2057
178792 178718 1545
178792 178791 1209
114611 114823 1209
115388 114823 3802
114615 114614 1417
116228 114614 2327
114629 114627 1219
114629 114630 950
114632 114630 2678
114628 114627 3792
114465 114472 1332
114474 114472 2170
114488 114487 674
114488 114489 787
114488 114493 1805
114489 114488 787
114489 114490 201
114497 114495 474
114498 114496 603
114493 114488 1805
114493 114492 1275
115205 115206 1539
115205 115240 979
115207 115206 5060
116140 115240 2170
115510 115493 1114
115510 115509 1594
114973 114974 10561
115131 115130 1539
115143 115130 9949
115129 115050 335
115139 115049 1277
116249 115151 824
114871 114953 808
114972 114959 12647
92094 92085 342
92094 114975 4337
114977 114975 6040
114984 114983 786
114985 114983 445
114989 114990 222
114999 114990 1667
114999 114997 1573
114998 114997 556
92085 92090 3906
92085 92094 342
92126 102917 1008
115113 115112 2000
115307 115115 5392
115119 115306 2345
115182 115180 603
115359 115358 1220
115369 115358 949
115622 115621 1991
115665 115621 3429
113938 113937 2430
106846 106847 649
106853 106847 1149
106849 106848 1000
106849 106850 1336
106860 106859 562
106876 106857 667
113738 106874 1065
106873 106875 1805
106194 106820 1213
106939 106938 1980
106939 106995 2441
106995 106938 1188
106995 106939 2441
106995 106994 2334
106822 106997 3272
106994 106995 2334
106994 106997 1685
107014 107013 2976
107018 107013 6682
113634 107013 905
106942 106941 1669
107008 107011 326
107010 107011 10
107010 107267 2140
107267 107010 2140
107267 107268 1729
107297 107268 713
107307 107306 3851
107326 107306 981
107326 107327 1674
107274 107275 3446
107274 107276 2041
107276 107274 2041
107276 107275 3335
109553 107266 1559
107414 107413 1820
106699 106643 1124
106699 106673 2373
106699 106721 1248
106845 106643 1430
106845 106844 344
106844 106843 1161
106844 106845 344
106861 106843 1195
106861 106850 1778
106850 106842 1263
106850 106849 1336
106850 106861 1778
106687 106686 353
113735 106686 419
92910 92909 1264
92913 92909 3461
92915 92909 3202
106649 106648 2363
106649 106650 1955
106649 106650 1955
106721 106699 1248
106721 106720 2123
106721 106722 2153
106714 106713 905
106722 106713 1540
106722 106721 2153
106522 106517 838
106522 106521 1111
113686 106517 556
113622 106521 578
106255 106256 1114
106255 106491 688
106491 106255 688
106491 106256 867
106490 106489 1816
106230 106229 2227
106231 106229 2516
116060 116059 1418
116061 116059 2187
116061 116066 434
116071 116066 950
116071 116070 1727
116118 116070 905
106239 106241 1719
116058 106241 707
106244 106243 773
192024 191536 1593
192024 192026 1184
192026 191536 1682
192026 192024 1184
194394 191814 3079
192041 190973 809
193989 190973 659
194034 194032 1287
194213 194212 674
194214 194212 733
191743 191742 685
194231 191881 864
192867 191724 788
191590 191589 629
191590 191821 939
191821 191589 626
191821 191590 939
191878 191877 319
192861 192858 18954
192863 192862 767
192866 192862 3690
193035 193034 543
193965 193034 389
107596 107628 1113
107709 107628 222
107682 107683 1736
107657 107658 1584
107657 107658 1584
107659 107579 344
107581 107556 1625
107581 107583 1208
107640 107554 598
107640 107583 1220
107554 107556 1743
107554 107640 598
109797 109796 1874
107602 107603 1919
107625 107603 1762
107625 107639 354
107609 107606 724
107639 107625 354
107639 113640 1104
113641 113640 19
103430 103431 80
107665 107664 778
107666 107664 503
107751 107753 503
107752 107756 75
113754 107756 1120
113756 107756 1200
111126 107934 930
111126 111128 3232
107759 107758 1084
107843 107758 809
107836 107835 1004
107859 107835 4088
107922 107921 707
107922 111124 839
111010 107921 580
111124 107922 839
111124 111128 1113
111794 111128 1556
111794 111795 1013
111805 111795 672
111805 111804 2223
111805 111806 1091
111146 111147 1114
111146 111811 516
111812 111811 562
111147 111141 905
111147 111146 1114
111147 111816 2444
111804 111805 2223
111804 111808 1013
111133 111141 778
111133 111818 2208
111149 111141 1431
111890 111818 893
111890 111861 1007
111892 111894 562
111130 111140 1686
111130 111895 598
111140 111130 1686
111140 111895 1768
111933 111934 1696
111933 111958 373
111958 111933 373
111958 111962 868
111963 111962 1827
111963 111968 869
111969 111968 1935
111969 111990 788
111993 111990 1955
936
163548
163497
163667
163670
163623
162995
162997
163017
163020
162964
161325
163033
163478
163412
163482
163037
163417
162766
162782
162784
162776
164263
164017
164264
164266
164039
164078
164083
164042
164053
164170
164055
164063
164072
164061
164071
164085
164089
164099
164111
164117
164082
164119
212044
207842
212041
212042
212045
211819
211969
211980
211985
212308
212316
212370
211964
178718
114823
114614
114630
114627
114472
114487
114490
114495
114496
114492
115206
115240
115493
115509
114974
115130
115050
115049
115151
114953
114959
114975
114983
114990
114997
92090
102917
115112
115115
115306
115180
115358
115621
113937
106847
106848
106859
106857
106874
106875
106820
106938
106997
107013
106941
107011
107268
107306
107327
107275
107266
107413
106643
106843
106673
106842
106686
92909
106648
106650
106720
106713
106517
106521
106256
106489
106229
116059
116066
116070
106241
106243
191536
191814
190973
194032
194212
191742
191881
191724
191589
191877
192858
192862
193034
107628
107683
107658
107579
107583
107556
109796
107603
107606
113640
103431
107664
107753
107756
107934
107758
107835
107921
111128
111795
111806
111811
111816
111808
111141
111818
111861
111894
111895
111934
111962
111968
111990
111996
111980
112006
112005
112001
33618
33625
113427
113142
113178
113181
113184
113434
113124
113146
112923
112950
112990
113132
113167
103426
113248
113295
113304
113316
103494
113421
113479
113486
113422
113490
113491
109250
113261
113263
109248
113293
113276
113254
109251
112969
113208
113232
113233
113237
105713
113516
113522
113517
105710
105309
105311
105312
105316
105320
105366
105314
105338
103470
103735
105389
105406
105422
35360
103662
39892
39901
40079
40090
40094
40093
39898
39905
40062
40070
105158
105148
105242
105171
105197
105200
105470
105223
105228
105463
105462
105456
103673
103705
103671
103747
103748
103684
103752
105466
105458
39999
40002
39936
40006
39934
40028
40034
40052
40173
41272
41267
41270
41283
41286
41297
41319
41220
41221
41248
41252
41254
53268
53275
55080
55081
55089
56644
55103
55094
55106
55260
55274
55333
55337
55340
55356
55357
53438
53440
53415
53441
49232
53570
49421
49433
49506
49505
49497
49380
49446
49472
49423
49473
49499
49501
49268
49251
49258
49264
49266
49486
49487
49490
39921
46327
49662
53803
53813
54769
144375
144425
144426
144431
144371
144378
142433
144377
144339
142414
142420
142426
142424
142432
144429
144440
144448
144572
144577
144589
144629
196686
196689
196345
196344
196348
196358
196407
196408
196422
196423
140139
140142
141478
141480
151600
141500
141514
141501
151881
146678
151914
151960
151871
151897
141486
189835
189837
189840
189962
150581
139998
145711
139842
150583
139845
139850
140004
140009
140146
140170
140213
140217
140167
140137
189983
190009
190561
190049
190050
190052
142367
142361
142391
142415
142412
142392
142406
142184
142230
142237
142371
142368
142366
141505
141508
151866
151901
149782
149795
151926
151963
141524
151828
141669
142251
142259
141824
141835
142247
141670
141677
141785
141788
141793
142186
142187
56062
56063
55972
55974
55978
55979
56086
56089
56189
56203
56224
56219
56259
56285
56296
190550
190551
196671
196668
196670
196898
196906
196908
204095
204295
204334
204341
204343
204386
204401
204755
207211
207212
197427
197332
207649
207652
207655
207239
207247
207262
207269
207268
207267
207270
207665
207666
196873
196874
196888
196836
151670
145434
145438
145968
145984
145976
145977
139964
143287
146006
151352
151358
151362
151350
151354
151324
151336
151328
151335
151329
203994
204003
204062
204069
204068
204087
204097
204093
204293
203576
203592
203596
203597
203619
203620
203656
203692
203726
203743
203746
203751
203978
203981
207458
207952
207953
207545
207583
207544
198885
207447
207461
207464
207462
207535
207539
207538
207240
207471
207478
207489
207490
207493
207579
207584
207586
207920
207956
207978
207979
207991
208041
208047
208054
208057
208361
208276
208368
208290
208384
198884
208331
208332
210581
210591
210578
208342
208359
208360
210576
210593
210595
210590
210660
210665
210666
210680
178669
178801
178804
178869
178736
178753
178791
178738
177535
177537
163669
163671
163704
163660
163662
184961
185060
185059
185065
185056
185064
166255
163702
166290
166292
166589
163697
166291
166323
166324
166329
166338
166831
163655
166250
180768
180772
180774
180804
180806
180508
180811
180531
180540
180590
182407
182437
182453
182422
182445
182234
181977
182008
182479
182480
182482
182488
182526
169198
169409
182624
168952
173749
173614
173615
176273
185911
152220
152203
152185
174220
174257
176334
176365
176367
176314
152222
185079
185096
185104
185174
176275
176279
173970
173973
173798
173800
173791
175081
174517
174642
174639
174646
174674
174700
174722
174703
175195
186027
174708
175283
175272
175275
175284
174733
174735
174729
175234
175212
175565
175566
175572
175416
175394
175224
175402
175583
175724
175719
175722
185901
175508
175515
175519
175631
175698
175635
175760
174436
174449
174452
174520
174524
174320
174319
174322
174324
174255
210675
210826
210832
210837
210845
210860
210865
210909
210920
210923
211055
211064
211066
211057
211060
211092
211757
211758
211760
211780
211075
211087
211088
211783
211784
211785
211804
163485
163502
163529
163622
163496
163668
163676
163625
163682
162996
162959
163480
163414
163452
163038
163416
162767
162961
162968
162775
164016
164261
164267
164038
164079
164094
164044
164050
164033
164066
164062
164065
164068
164268
164194
164070
164277
164088
164098
164109
164152
164118
164143
164081
172411
214314
212385
212386
214271
211817
211959
211967
211984
212305
212309
212319
212321
211961
178716
178792
114611
114615
114629
114465
114474
114488
114489
115205
115207
116140
115510
114973
115131
115143
115129
115139
114871
114972
114977
114989
114999
92085
92126
115113
115307
115119
115182
115359
115369
115622
115665
106860
106873
106194
106939
106822
106994
107014
107018
107008
107010
107267
107297
107307
107326
107274
107276
106699
106845
106844
106861
106850
92910
92913
92915
106721
106714
106722
106255
106491
106231
116061
116071
116118
106239
116058
192024
192026
194394
192041
193989
191743
194231
191590
191821
191878
192861
192863
192866
193035
107596
107709
107682
107657
107581
107640
107554
107602
107625
107609
107639
103430
107666
107751
107752
111126
107759
107843
107836
107859
111010
111124
111794
111146
111147
111804
111133
111890
111892
111130
111140
111933
111958
111963
111969
111993
