4228
202287 202293 1506
202287 202376 802
202287 214305 2057
202291 202293 595
202291 202294 1928
202292 202331 1607
202292 202332 1643
202330 202331 658
202330 202335 1008
202335 202330 1008
202335 202337 574
202352 202338 805
202352 202356 867
202356 202352 867
202356 202431 3017
202356 202877 955
202356 202878 860
202277 202877 2239
202277 202880 649
199564 199565 189
199564 203347 451
203087 214327 1652
202948 202947 706
202948 202949 1616
202950 202491 2449
202950 202949 836
202950 202951 860
202951 202492 2411
202951 202950 860
202951 202952 700
202962 202952 1541
202962 202963 837
202995 202963 2019
202995 202996 860
203000 202996 1920
203000 203001 962
203010 203001 833
203012 203084 557
203012 203085 534
202942 202939 1962
202942 202943 591
202943 202942 591
202943 202946 469
202943 202947 376
202947 202943 376
202947 202946 363
202947 202948 706
202891 202443 1658
202891 202892 523
202891 202894 836
202909 202894 1306
202429 202428 915
202452 202428 1808
202452 202450 1003
202470 202401 3928
202474 202475 255
202474 202476 700
214308 202460 1534
214312 202463 126
202427 202421 716
202427 202422 325
202451 202437 2280
202451 202894 723
202476 202474 700
202476 202477 346
202476 202478 810
202484 202478 2097
202484 202939 707
202890 202888 1274
202890 202892 707
202896 202881 548
202896 202882 648
202883 202880 808
202892 202439 1502
202892 202890 707
202892 202891 523
203102 202626 2498
203103 203104 1041
203095 203100 1142
203096 203098 549
203096 203100 930
203097 205296 1027
203097 205297 1338
205296 203097 1027
205296 205301 1132
205296 205302 1608
205302 205296 1608
205302 205301 2051
205312 205320 1120
205312 205363 2881
205336 205344 779
205337 205343 767
205337 205344 1204
205353 205346 534
205353 205354 1600
205477 205356 637
205477 205358 499
205480 205481 841
205480 205492 1058
205491 205492 650
205491 205495 675
205516 205517 766
205514 205517 1721
205514 205518 766
205515 205518 1650
205515 205519 824
198938 198379 686
198938 198937 1820
198938 198939 2383
198964 198939 2022
198964 198963 747
198964 198970 2247
198971 198974 504
198939 198440 774
198939 198938 2383
198939 198964 2022
198258 198257 469
198258 198296 567
198258 202123 827
198361 198314 3516
198361 198362 1902
198364 198369 756
198364 198381 846
198364 198383 2365
198369 198364 756
198369 198398 2339
198401 198402 1110
198401 198403 1112
198379 198440 2350
198379 198938 686
198404 198403 656
198404 198406 1585
198404 198440 773
205519 205515 824
205519 205521 1593
205536 205521 841
205536 205538 1723
205541 205538 858
205548 205551 440
205548 214328 2389
205549 206141 238
205549 206148 748
201191 201274 661
214736 201274 1430
201276 201274 550
206201 206162 766
206201 206163 329
206203 206211 446
206203 206226 2965
206203 214328 4705
206210 206200 814
206198 206199 1205
206198 206200 1406
206199 206198 1205
206199 206220 881
206225 206220 733
206225 206226 350
206422 206421 692
206422 206423 1533
206428 206423 872
206428 206434 2494
206446 206447 1048
206452 206447 1143
206452 206453 2392
206226 206203 2965
206226 206225 350
206226 206231 441
206501 206504 1186
206510 208929 1424
214529 208929 502
208939 208937 797
208939 208940 2447
208942 208940 779
208942 208945 2239
209108 209406 1597
208945 208942 2239
208945 208950 824
209104 209106 2477
209104 209120 563
209106 209104 2477
209106 209110 867
209109 209110 1637
209109 209111 833
209138 209139 2101
209138 209155 2835
209148 209147 1306
209148 209156 1021
179564 179563 1199
179564 179565 1438
179574 179569 2503
179574 179575 445
179562 179563 905
179562 179570 445
181334 181335 796
179546 179545 1178
179546 179547 1701
179545 179544 1669
179545 179546 1178
181095 181094 984
181095 181096 1964
181424 181422 2088
181419 181418 3119
181395 181396 558
181395 181397 1598
181462 181437 244
181432 181433 1064
181780 181768 1424
181780 181785 565
181768 181762 610
181768 181769 807
181768 181780 1424
181762 181422 418
181762 181768 610
181762 181770 1668
179572 179573 1201
179572 179576 1283
201900 179543 860
201900 179576 482
213803 213808 1354
213779 213780 575
213779 213781 556
213747 213748 437
201883 179488 1008
201883 179534 264
179533 179535 1729
179533 179536 1169
179538 179537 1372
201896 179541 833
209762 209139 709
209762 209763 2249
209762 209766 846
209772 209768 702
209772 209773 2194
209775 209773 889
209775 209789 2360
209811 209789 110
209811 209791 906
209827 209826 3932
209827 209833 790
209836 209833 692
209921 209837 2449
209921 209923 797
209921 209926 2315
209816 209818 562
209816 209819 1899
209817 209170 1280
209817 209972 1150
209817 209973 750
209819 209816 1899
209819 209826 124
209926 209921 2315
209926 209925 839
209941 209942 376
209953 209954 840
209952 209954 2308
209952 209955 751
213938 213940 461
213938 213941 255
213916 209962 2042
213917 213918 612
213917 213921 434
213921 213917 434
213921 213922 557
213940 213938 461
213940 213942 716
213906 213907 116
213898 213899 784
213898 213902 1973
213900 213901 1369
213826 213825 817
213826 213903 1874
213899 213898 784
213899 213903 796
213899 213904 2101
213819 213818 417
213819 213823 750
213822 213824 815
213822 213825 1399
201520 201519 828
201520 201662 867
201663 201662 811
201665 201662 1370
201665 201664 789
201673 201664 2075
201673 201672 781
201673 201729 2320
201730 201729 678
201740 201737 1219
201740 201738 674
201850 179610 706
201854 194518 471
179488 179483 564
179488 201883 1008
194519 179487 121
192316 192301 3614
192316 192317 834
192316 192325 3712
192321 192322 910
192321 192323 1382
193375 193376 1472
193375 193377 1887
193418 193419 1329
193418 193420 1087
193421 193422 1732
193436 193437 354
193436 193438 1705
193577 193576 2882
193577 194451 2008
193565 193571 2825
193325 193323 2052
193332 193293 3253
193332 193331 1110
190920 190921 2056
190928 190926 3319
190928 190929 918
105840 105841 25296
105840 105957 2634
105896 105895 2910
105937 105938 782
105937 115936 1176
115935 115934 649
115935 115936 1667
115932 115934 875
115932 115937 3490
115948 115947 1405
115948 115949 672
115948 115956 1635
103420 103419 1940
103420 114800 4087
114802 114801 2202
114802 115446 6001
105615 105614 278
105617 105613 905
105617 105933 2973
105662 105660 3909
105662 105943 452
105933 105617 2973
105933 105942 1523
105633 105630 5244
105646 105647 5422
105646 105652 1629
105654 105643 786
105654 105653 3800
192138 192139 550
192138 192313 874
192369 192370 2429
192369 192446 473
192420 192421 83
192139 192138 550
192139 192375 14449
192461 192464 1050
193857 193263 486
193857 193863 461
193934 193509 112
193934 194432 739
193486 193491 1362
193486 193494 2467
192397 192345 7422
192397 192395 10103
193492 193490 1976
193542 193627 4746
193600 193599 1213
193624 193596 4785
193624 193626 871
193624 193628 1963
193933 193932 111
193617 193681 713
193573 193572 876
193573 193574 2931
193573 193939 517
193656 193654 310
34720 34721 3145
35279 13322 2398
35279 35280 5234
22969 29647 1571
34317 35446 1599
29642 35445 2877
30655 30645 1044
30655 30648 932
30707 30607 2799
30707 30652 900
30707 34765 1239
30717 34925 2725
30615 30649 2743
30615 35206 805
30709 30710 1161
30709 30711 801
30608 30607 1037
30608 30708 4039
31021 30939 2011
30945 11190 2246
30930 30931 682
30930 34022 1848
30924 9868 2202
30924 30933 227
30942 30943 2991
14336 14337 1086
14336 14337 1086
30090 30087 440
31190 30091 1015
31190 31191 1629
30966 30967 2085
29777 29778 17
29790 29780 502
30904 29778 26
35288 24700 901
35288 35289 521
34280 24434 351
34280 34282 815
30097 29728 2502
30097 30096 2976
30183 31224 2018
30183 31226 2078
31312 31226 977
31312 31317 2912
31338 31340 437
31338 31341 1680
31342 31341 882
31342 31374 831
31342 31393 2512
31374 31342 831
31374 31376 310
31320 29822 6141
31320 31332 294
31404 31309 2061
31404 31546 2495
31548 31467 1322
31548 31549 1440
31468 31463 459
31468 31549 2733
31471 31472 927
31471 31550 2350
31561 31480 4030
31550 31471 2350
31550 31549 3223
31563 31559 1837
31650 31649 260
31650 31653 646
31659 31656 956
31659 31668 747
32249 32245 945
32249 32247 795
31697 31694 1899
31697 32277 1464
32296 32295 2746
32296 32297 2674
32303 32302 1445
34042 32323 94
34042 34043 264
7403 7401 1792
7403 7420 1741
7403 7431 1268
7420 7399 1113
7420 7403 1741
7420 7418 1161
7431 7403 1268
7431 7404 1221
7430 7404 1139
7430 14415 1095
14395 14393 1334
14395 14430 736
14430 14395 736
14430 14399 1343
14431 14398 2523
14431 14434 1375
14442 14438 1302
14442 14476 949
14475 14438 1084
14433 14400 2249
14433 14432 1610
14433 14437 610
14457 14450 2169
14457 14451 2322
14441 14438 1292
14441 14443 475
14441 14444 373
14582 14580 949
14582 14584 1741
14582 14585 1140
14585 14582 1140
14585 14586 1530
14585 14625 949
14625 14585 949
14625 14589 1576
14625 14628 1302
14628 14625 1302
14628 14632 252
14633 14632 1655
14633 14634 333
14636 14634 2553
14636 14991 353
14979 14980 1700
14979 14991 557
15001 15000 2766
15001 15028 491
15029 15027 336
15029 15030 3728
15039 15030 1383
15039 15073 2514
15081 15083 1700
15081 15084 2414
15205 15207 1000
15205 15214 763
15223 15220 1527
15223 15242 796
15526 15525 434
15526 15528 1829
15531 15528 1113
15543 15545 1675
15544 15545 1007
15274 15273 3273
15274 15548 1188
15274 15561 1693
19068 19101 2392
19060 19049 4018
19060 19071 3682
19079 19077 3123
19079 19082 1004
17716 17712 14875
19238 19239 2278
19238 19256 2144
19357 19358 1271
19357 19360 1139
19360 19357 1139
19360 19359 610
19392 35388 191
19392 35389 564
19397 19396 1335
19397 19399 818
19969 19967 741
19969 34968 2585
19967 19394 344
19967 19969 741
19974 19976 610
19974 19977 1415
19966 19394 713
19966 19674 418
19662 19661 1269
19665 19663 847
19665 19666 747
19663 19664 742
19663 19665 847
19674 19231 1340
19674 19966 418
19249 18063 734
19249 19245 1903
19244 19245 805
19244 19246 1521
19244 19251 1608
19267 19265 1145
19273 19252 1008
19329 19328 68
19344 19338 588
19344 19450 2576
35079 35080 597
19478 19479 473
20547 20546 1609
19314 19307 238
19314 19308 611
20357 19311 975
20357 20358 536
20370 20360 611
19343 19327 1273
19343 19460 809
19460 19342 1066
19460 19343 809
20362 20360 2345
20362 20379 809
20362 20382 672
19459 19342 806
19459 19458 847
19461 19458 737
19468 19328 786
19468 19458 792
20539 20545 1220
20539 20546 611
20387 20368 872
20387 20385 2503
18861 18862 396
18861 20382 736
18861 20385 947
20407 20400 2882
20407 20408 836
20648 20649 2902
20662 20660 1322
20662 20663 806
20681 20672 1533
20856 20679 580
20851 20841 1542
20884 25726 511
25735 25711 672
25735 25727 1014
25723 25706 1880
25723 25711 750
25723 25721 927
25777 25776 872
25777 25778 1167
25777 25779 1339
25810 25769 672
25810 25776 2458
25810 25811 1576
25799 25779 1223
25799 25836 676
25721 25720 1945
25721 25723 927
25721 25732 747
25734 25732 1306
25724 25718 697
25724 25722 344
25724 25732 336
25768 25718 1408
25768 25767 927
25767 25717 1544
25767 25765 889
25767 25768 927
25770 25765 1274
25770 25769 836
25685 25679 2620
25685 25790 697
25686 25683 2157
25686 25684 3077
27506 27505 737
27506 27507 1671
27507 27504 788
27507 27506 1671
27507 27511 1340
27513 27511 989
27513 27514 468
27513 27638 899
8675 8674 642
8675 8775 125
27527 27490 809
27538 27539 605
27538 27600 194
27588 27557 788
27588 27587 279
27588 27589 536
27539 27538 605
27539 27593 1672
27539 27601 809
27860 27718 3048
27878 27875 688
27878 27885 1475
27889 27890 673
27889 27891 3772
20657 20655 1073
20657 20656 1234
20660 20661 872
20660 20662 1322
20683 20682 352
20683 20719 1056
28043 28057 1530
28043 28057 1530
27749 27748 649
27749 27757 537
27692 27691 2816
27692 27720 279
27719 27718 3085
27719 27866 2913
27866 27719 2913
27866 27868 2772
27898 27892 1458
27898 27897 649
27901 27906 4572
27574 27572 672
27575 27041 1209
27575 27572 2057
27583 27731 864
27584 27585 212
27732 27733 1080
27727 27252 2643
27277 27275 599
28133 27430 6918
50704 50706 939
50707 50706 1533
50707 50709 807
50707 50710 2282
50756 50678 2515
56807 50676 537
56807 56808 1751
51192 51247 29
51242 51241 2000
51243 51246 344
51243 51248 951
50841 50807 520
50845 50846 246
50867 50863 788
50867 50869 1746
50868 50869 751
50868 50875 279
50868 50876 418
51185 50892 4321
51185 51186 139
55682 50878 1063
51134 56594 773
56595 51241 146
50919 50920 390
50919 50921 827
50925 50921 788
50925 50938 807
50977 50974 807
50977 51004 1762
50977 51007 677
50979 51011 476
50992 50995 598
50993 50994 161
50725 50720 807
50725 50724 1533
50725 50726 1205
50731 50724 738
50731 50776 1864
50770 50765 1063
50770 50774 344
50726 50722 738
50726 50725 1205
50727 50722 1029
51140 51141 677
51140 51684 14725
51140 51710 1027
51156 51153 510
51156 51159 747
51156 51160 1816
51170 51166 2782
51170 51275 1395
51170 51291 870
51274 51275 234
51274 51278 2180
51274 51282 2008
51248 51243 951
51248 51247 1221
51248 51251 667
51257 51259 581
51257 51260 1104
51258 51277 828
51529 51530 1008
51863 51697 751
51863 51864 1628
51875 51876 1438
51875 56705 409
51889 51876 677
51889 51900 276
51900 51889 276
51900 51901 1949
51900 56704 812
51902 51901 738
51902 56738 683
51911 51907 605
51911 51909 1299
51911 51912 738
51918 51912 2045
51918 51925 738
51924 51925 2045
51933 51932 1066
51936 51932 1482
51936 51937 788
51936 52000 677
52003 52000 336
56630 56121 395
56630 56618 150
52736 56824 438
52031 52010 279
52011 52010 1815
52011 52153 552
52153 52011 552
52153 52140 848
52155 52140 1614
52155 52152 697
52158 52152 605
52158 52157 788
52167 52157 939
52167 52166 697
52680 52166 2158
52680 52684 788
186354 186355 722
186333 186317 817
186333 186332 769
186333 186355 1461
186364 186355 1618
186364 186365 813
186364 186376 1537
186377 186376 827
186377 186381 1160
194609 194610 201
214991 214432 275
194666 194673 784
194667 194682 396
194667 194683 2503
194667 214432 1362
194658 194657 755
194658 194689 1911
194688 194689 789
194688 194697 1893
140787 140786 445
186379 186381 363
186379 186494 819
186491 186490 437
190700 190701 1069
190700 190702 810
186493 186378 1494
186493 186494 763
186493 186495 778
186496 186495 2173
186496 186497 850
186497 186483 2146
186497 186496 850
186497 186498 794
186501 186498 2345
186499 186484 2189
186499 186498 851
186499 186500 744
186505 186500 2286
186505 186504 723
186505 187052 1994
187050 187052 2368
187050 187066 985
187068 187067 1473
187068 187070 1093
187068 187082 2370
194620 198740 417
194753 214423 167
194768 194769 145
194768 214423 233
51852 51847 878
51852 51853 1258
52295 51847 697
52295 52294 558
52289 52283 562
52289 52288 836
52289 52292 507
52291 52287 788
52291 52288 2179
52315 52287 1209
52315 52301 558
52294 52292 50
52294 52295 558
52317 52301 1210
51827 51826 751
51827 51847 1394
51843 51835 1004
51843 51846 1946
51844 51845 849
52081 51842 1354
52081 52092 475
52092 52081 475
52092 52082 373
52095 52094 2305
52095 52096 373
52119 52118 1483
52119 52120 788
52119 52176 476
52182 52177 747
52184 52177 1745
52184 52194 788
52172 52168 1855
52172 52169 605
52172 52180 747
52192 52180 878
52196 52173 1022
52704 52683 788
52704 52705 878
52194 52179 1613
52194 52184 788
52705 52687 1864
52705 52704 878
52711 52687 630
52265 52259 1009
52230 52222 2622
52230 52227 418
52230 52229 650
52327 52326 1027
52229 52228 2552
52229 52230 650
52229 52297 884
52302 52297 1141
52302 52301 747
52263 52224 1555
52263 52259 927
52263 52326 511
52260 52226 1949
52260 52261 418
52260 52264 747
52261 52243 1677
52261 52260 418
52261 52262 238
52262 52244 1756
52262 52261 238
52264 52259 373
52264 52260 747
52239 52237 1483
52239 52240 697
52239 52244 511
52245 52240 1746
52245 52253 788
52271 52250 1210
52271 52255 610
51367 51364 878
51367 52251 713
51367 52383 186
52252 52251 1181
52252 52254 713
52386 52382 456
52255 52254 1303
52255 52271 610
52388 52382 1227
52388 52385 884
52392 52385 1227
52392 52391 848
52475 52399 1085
52478 52479 1188
52478 52482 238
52455 52454 952
52455 52456 1268
52462 52456 871
52462 52464 1248
52510 52464 683
52510 52886 1357
186212 186211 892
186212 186228 2703
186229 186228 834
186229 186319 2604
186317 186319 812
186317 186333 817
186213 186211 2720
186213 186216 834
189763 189764 812
189763 190127 1968
190126 189739 2728
190126 190127 738
189740 186220 2611
189740 189739 711
186216 186213 834
186216 186215 2736
186216 186220 853
139723 139718 422
139723 139722 1375
139723 139730 272
139728 139730 1947
139728 139740 209
194789 194788 845
194789 194790 58
194789 198615 772
194805 194808 342
194805 194811 368
194918 194814 2024
194918 194915 865
194923 194814 774
194923 194928 393
194915 194812 2011
194915 194918 865
194929 194937 774
194929 194940 364
194930 194928 757
194930 194940 858
194930 194989 1774
194932 194937 2021
194938 194937 773
194938 194941 843
194938 194946 837
194938 195004 2139
194945 194946 798
194945 194960 864
194945 194963 925
194945 195010 2245
194946 194938 837
194946 194945 798
194946 195009 2011
194955 194959 826
194955 194960 1889
194956 194959 1956
194956 194966 849
194882 194883 2491
194882 195125 938
195133 195126 775
195135 195154 563
195136 195137 942
195136 195138 1548
195182 195183 1306
195179 195138 1549
195179 195181 679
195188 195584 802
195585 195584 1764
195585 195586 751
198219 198227 2134
198226 198227 846
198226 198228 2365
198233 198227 846
198233 198235 2259
198233 198236 674
198236 198233 674
198236 198237 2021
198236 198238 648
198228 198226 2365
198228 214288 399
202002 202003 272
214289 198254 982
214835 214299 291
198252 198266 683
198252 198275 2247
198264 198265 848
198264 198266 2011
198256 198255 1119
198256 198260 773
198256 198265 2024
198255 198254 867
198255 198256 1119
198518 195586 2136
198518 198519 750
198518 198522 845
198521 198522 955
198521 198523 902
198532 195638 2148
198532 198538 252
198542 195634 724
198542 195635 915
195591 195589 833
195591 195593 867
195591 195594 2137
195634 195593 1424
195634 195635 490
195634 198542 724
198525 195589 1754
198525 198519 790
198525 198523 881
198523 198521 902
198523 198522 420
198523 198525 881
198539 198534 422
198541 198545 1096
198548 198549 593
198548 198553 221
198548 198554 1016
198204 198207 2356
198204 198278 756
198273 198274 756
198273 198278 1781
198206 198207 796
198206 198550 2025
198547 198550 748
198547 198551 2137
198274 198273 756
198274 198276 683
198274 198279 1794
198549 196585 1163
198549 198548 593
198549 198551 846
199000 198999 2043
199000 199008 611
199004 198999 756
199004 199002 1002
199003 198973 774
199003 199002 759
198973 198969 779
198973 198972 1487
198973 199001 755
198973 199003 774
198589 198439 863
198589 198444 2013
199008 198437 2079
199008 198444 363
199008 199000 611
198588 198439 2260
198588 198584 773
198586 196945 568
198586 198584 2231
198586 198585 856
196945 196943 1243
196945 196946 1576
196945 198586 568
202062 196981 286
202085 196972 745
202085 196981 607
202088 196972 1774
202089 196971 1846
202089 196982 892
196968 196950 1894
196968 196967 691
196968 196970 852
196978 196967 1822
196978 196979 736
196982 196970 1838
196982 202089 892
202098 196979 745
202098 202099 775
202120 202145 261
202149 202147 1945
202149 202258 1347
202149 202357 556
202258 202149 1347
202258 202260 932
202293 202287 1506
202293 202291 595
202293 202295 1626
202376 202260 779
202376 202287 802
202376 202377 2084
214305 202287 2057
214305 202295 1458
214305 202377 773
214305 202381 1888
202294 202291 1928
202294 202332 730
202294 202407 827
202294 202410 838
202331 202292 1607
202331 202330 658
202331 202336 564
202331 202337 839
202332 202292 1643
202332 202294 730
202332 202336 1066
202332 202412 847
202337 202331 839
202337 202335 574
202337 202336 685
202337 202338 1782
202338 202337 1782
202338 202352 805
202338 202355 1954
202431 202356 3017
202431 202430 204
202431 202432 524
202877 202277 2239
202877 202356 955
202877 202878 347
202877 202879 508
202878 202356 860
202878 202877 347
202878 202886 395
202878 202888 736
202880 202277 649
202880 202882 1528
202880 202883 808
199565 199564 189
199565 201725 147
203347 199564 451
203347 203341 1808
203347 203346 804
203347 203350 859
214327 201725 835
214327 203087 1652
202949 202488 2341
202949 202945 579
202949 202948 1616
202949 202950 836
202491 202488 915
202491 202489 1962
202491 202492 761
202491 202950 2449
202492 202490 2012
202492 202491 761
202492 202493 810
202492 202951 2411
202952 202493 2432
202952 202951 700
202952 202953 893
202952 202962 1541
202963 202953 1464
202963 202962 837
202963 202964 848
202963 202995 2019
202996 202964 1825
202996 202995 860
202996 202997 805
202996 203000 1920
203001 202997 1973
203001 203000 962
203001 203008 772
203001 203010 833
203084 203012 557
203084 203085 556
203084 203330 395
203085 203012 534
203085 203084 556
203085 203333 1602
202939 202479 2019
202939 202484 707
202939 202940 1034
202939 202942 1962
202946 202943 469
202946 202945 1232
202946 202947 363
202443 202439 607
202443 202441 337
202443 202891 1658
202894 202442 1928
202894 202451 723
202894 202891 836
202894 202909 1306
202428 202426 860
202428 202429 915
202428 202452 1808
202450 202421 673
202450 202426 1263
202450 202452 1003
202401 202388 932
202401 202389 1349
202401 202402 238
202401 202470 3928
202475 202474 255
202460 202459 685
202460 202461 2002
202460 214308 1534
202463 202464 743
202463 214312 126
202421 202416 901
202421 202420 1628
202421 202427 716
202421 202450 673
202422 202419 1813
202422 202427 325
202422 202437 491
202437 202422 491
202437 202436 274
202437 202451 2280
202477 202476 346
202478 202461 1876
202478 202476 810
202478 202479 761
202478 202484 2097
202888 202878 736
202888 202879 416
202888 202887 278
202888 202890 1274
202881 202879 274
202881 202882 685
202881 202896 548
202882 202880 1528
202882 202881 685
202882 202896 648
202439 202438 1022
202439 202443 607
202439 202892 1502
202439 214304 705
202626 202627 286
202626 203102 2498
202626 203398 936
202626 203402 1105
203104 203103 1041
203104 203105 1782
203104 203398 2276
203100 203095 1142
203100 203096 930
203098 203096 549
203098 203099 680
203098 205297 846
205297 203097 1338
205297 203098 846
205297 203101 1556
205297 205301 918
205301 205296 1132
205301 205297 918
205301 205302 2051
205301 205303 1666
205320 205312 1120
205320 205321 901
205320 205359 2465
205363 205312 2881
205363 205364 1120
205344 205336 779
205344 205337 1204
205344 205345 773
205343 205337 767
205343 205345 973
205343 205346 621
205346 205343 621
205346 205347 869
205346 205351 1502
205346 205353 534
205354 205351 532
205354 205353 1600
205354 205356 922
205356 205354 922
205356 205477 637
205358 205351 1584
205358 205357 1598
205358 205477 499
205481 205377 3573
205481 205480 841
205481 205483 1075
205492 205480 1058
205492 205483 805
205492 205491 650
205495 205491 675
205495 205494 1556
205495 205496 838
205517 205514 1721
205517 205516 766
205517 205520 747
205518 205514 766
205518 205515 1650
205518 205520 1686
205518 205521 857
198937 198938 1820
198963 198440 1917
198963 198441 867
198963 198964 747
198963 198966 1448
198970 198964 2247
198970 198968 508
198970 198974 278
198974 198970 278
198974 198971 504
198974 198972 560
198440 198379 2350
198440 198404 773
198440 198939 774
198440 198963 1917
198257 198237 709
198257 198238 1392
198257 198258 469
198296 198258 567
198296 198261 773
198296 198263 1469
198296 198297 975
202123 198258 827
202123 202122 669
202123 214299 579
198314 198315 379
198314 198361 3516
198362 198361 1902
198362 198380 1011
198362 198381 612
198381 198362 612
198381 198364 846
198381 198382 2248
198383 198364 2365
198383 198382 912
198383 198398 687
198383 198399 2013
198398 198369 2339
198398 198383 687
198398 198400 2042
198398 198402 773
198402 198398 773
198402 198401 1110
198402 198403 363
198402 198405 2024
198403 198401 1112
198403 198402 363
198403 198404 656
198403 198406 1796
198406 198403 1796
198406 198404 1585
198406 198441 428
205521 205518 857
205521 205519 1593
205521 205528 1703
205521 205536 841
205538 205528 806
205538 205536 1723
205538 205541 858
205551 205545 748
205551 205548 440
205551 205552 1557
205551 205553 839
214328 205548 2389
214328 206203 4705
206141 205549 238
206148 205549 748
206148 206147 329
206148 206151 674
201274 201191 661
201274 201276 550
201274 214736 1430
206162 206152 657
206162 206161 360
206162 206201 766
206163 206161 675
206163 206201 329
206211 206203 446
206211 206206 164
206211 206212 1751
206211 206213 433
206200 206198 1406
206200 206210 814
206200 206220 716
206220 206199 881
206220 206200 716
206220 206225 733
206421 206235 867
206421 206422 692
206421 206429 1528
206423 206422 1533
206423 206428 872
206423 206429 709
206423 206433 2343
206434 206428 2494
206434 206433 936
206434 206449 1979
206447 206446 1048
206447 206448 1399
206447 206452 1143
206453 206452 2392
206453 206455 1073
206453 206490 573
206231 206213 2432
206231 206226 441
206231 206232 988
206231 206235 977
206504 206491 237
206504 206494 1097
206504 206501 1186
208929 206510 1424
208929 206511 536
208929 214529 502
208937 206538 817
208937 208938 2464
208937 208939 797
208940 208938 802
208940 208939 2447
208940 208942 779
208940 208950 2361
209406 209108 1597
209406 209407 532
208950 208940 2361
208950 208945 824
208950 208947 709
209120 209104 563
209120 209113 623
209120 209121 2143
209110 209106 867
209110 209109 1637
209110 209112 797
209110 209113 2933
209111 209109 833
209111 209112 1742
209111 209114 715
209139 209138 2101
209139 209140 2319
209139 209762 709
209155 209138 2835
209155 209140 1031
209155 209160 936
209155 209777 2222
209147 209145 846
209147 209148 1306
209147 209149 1874
209147 214709 656
209156 209148 1021
209156 209149 871
209156 209158 2154
209156 209159 846
179563 179562 905
179563 179564 1199
179563 179569 836
179565 179564 1438
179569 179554 1161
179569 179563 836
179569 179574 2503
179575 179553 344
179575 179574 445
179575 181333 3190
179570 179562 445
181335 179547 3018
181335 181333 1303
181335 181334 796
179547 179546 1701
179547 179548 276
179547 181335 3018
179544 179545 1669
181094 181095 984
181094 181102 1357
181094 181103 517
181096 181088 599
181096 181095 1964
181096 181097 1074
181422 181423 1530
181422 181424 2088
181422 181762 418
181418 181320 3223
181418 181419 3119
181396 181395 558
181397 181395 1598
181397 181398 573
181397 181399 622
181437 181438 516
181437 181462 244
181433 181432 1064
181785 181780 565
181785 181788 818
181769 181768 807
181769 181807 2492
181770 181423 536
181770 181762 1668
181770 181772 456
179573 179543 2223
179573 179558 344
179573 179572 1201
179576 179572 1283
179576 201900 482
179543 179540 729
179543 179573 2223
179543 201900 860
213808 213802 751
213808 213803 1354
213808 213828 2054
213808 213829 1620
213780 213776 521
213780 213779 575
213781 213779 556
213781 213782 827
213781 213783 2318
213748 213747 437
213748 213778 4724
179534 179535 833
179534 201883 264
179535 179489 1373
179535 179533 1729
179535 179534 833
179536 179504 747
179536 179533 1169
179536 179537 713
179536 179539 1413
179537 179536 713
179537 179538 1372
179537 179540 1811
179537 179542 1303
179541 179540 544
179541 201896 833
209763 209140 341
209763 209762 2249
209763 209767 686
209766 209762 846
209766 209767 2164
209766 209768 779
209768 209766 779
209768 209769 2308
209768 209772 702
209773 209769 693
209773 209772 2194
209773 209775 889
209773 209789 2571
209789 209773 2571
209789 209775 2360
209789 209811 110
209791 209782 737
209791 209790 1407
209791 209811 906
209826 209819 124
209826 209827 3932
209833 209827 790
209833 209834 1141
209833 209836 692
209837 209834 1274
209837 209840 2413
209837 209850 198
209837 209921 2449
209923 209850 1562
209923 209921 797
209923 209924 143
209818 209793 2411
209818 209816 562
209818 209820 815
209170 209167 2003
209170 209169 866
209170 209456 1857
209170 209785 957
209170 209817 1280
209972 209817 1150
209972 214359 3525
209973 209817 750
209973 209974 556
209973 209976 363
209925 209924 1953
209925 209926 839
209925 209928 1021
209942 209931 573
209942 209941 376
209942 209943 857
209954 209946 593
209954 209952 2308
209954 209953 840
209954 209957 862
209954 209960 932
209955 209952 751
209955 209962 4216
213941 213911 474
213941 213938 255
213941 213942 329
209962 209955 4216
209962 213916 2042
209962 213918 261
213918 209962 261
213918 213917 612
213918 213919 1632
213922 213921 557
213922 213923 804
213922 213924 1529
213942 213924 791
213942 213940 716
213942 213941 329
213907 213906 116
213907 213909 1522
213902 213898 1973
213902 213901 594
213902 213904 773
213902 213912 2454
213901 213900 1369
213901 213902 594
213901 213908 2439
213825 213822 1399
213825 213826 817
213825 213827 1979
213825 213854 841
213903 213826 1874
213903 213827 779
213903 213899 796
213903 213905 2079
213904 213899 2101
213904 213902 773
213904 213905 785
213904 213913 2344
213818 213819 417
213823 213819 750
213823 213824 1406
213823 213847 802
213824 213822 815
213824 213823 1406
213824 213853 814
213824 213854 1644
201519 201518 640
201519 201520 828
201519 201660 845
201662 201520 867
201662 201660 723
201662 201663 811
201662 201665 1370
201664 201660 1460
201664 201661 707
201664 201665 789
201664 201673 2075
201672 201657 853
201672 201661 1915
201672 201673 781
201672 201724 2596
201729 201673 2320
201729 201724 804
201729 201730 678
201737 201727 997
201737 201736 864
201737 201739 1311
201737 201740 1219
201738 201736 1151
201738 201740 674
179610 179441 313
179610 201850 706
194518 179486 136
194518 201854 471
179483 179482 1177
179483 179484 3248
179483 179488 564
179487 179484 405
179487 194519 121
192301 192302 11566
192301 192311 3896
192301 192316 3614
192317 192316 834
192317 192584 707
192317 192584 707
192325 192316 3712
192325 192323 2186
192325 192324 1973
192322 192321 910
192322 192323 561
192322 192324 1141
192323 192321 1382
192323 192322 561
192323 192325 2186
193376 193375 1472
193377 193373 5926
193377 193375 1887
193419 193418 1329
193420 193418 1087
193422 193421 1732
193422 193476 734
193437 193436 354
193438 193436 1705
193576 193577 2882
193576 193580 2486
193576 193581 1341
194451 193577 2008
193571 192602 407
193571 193565 2825
193571 194073 1742
193323 193318 556
193323 193325 2052
193323 193326 3565
193293 193292 13383
193293 193332 3253
193293 193333 735
193331 193332 1110
190921 190920 2056
190921 190926 1193
190921 190930 1347
190926 190921 1193
190926 190927 77
190926 190928 3319
190929 190928 918
105841 105840 25296
105841 105842 1960
105841 105974 1447
105957 105840 2634
105957 105956 6452
105957 105959 788
105895 105894 2022
105895 105896 2910
105895 109697 4982
105938 105937 782
105938 105939 1031
105938 115962 1648
115936 105937 1176
115936 115935 1667
115936 115962 749
115934 115932 875
115934 115935 649
115934 115937 3478
115937 115932 3490
115937 115934 3478
115937 115955 1271
115947 115946 2226
115947 115948 1405
115947 115957 1829
115949 115948 672
115949 115950 1219
115949 115960 2262
115956 115948 1635
103419 103418 1261
103419 103420 1940
103419 114808 2016
114800 103420 4087
114800 114801 2428
114800 114804 335
114801 114800 2428
114801 114802 2202
114801 114803 1904
115446 114802 6001
105614 105603 3904
105614 105604 3691
105614 105615 278
105613 105605 3418
105613 105617 905
105660 105659 1159
105660 105661 3468
105660 105662 3909
105943 105662 452
105943 105944 1138
105943 106136 778
105942 105933 1523
105942 115955 402
105630 105631 3952
105630 105633 5244
105647 105646 5422
105647 105648 1277
105647 105666 687
105652 105646 1629
105652 105651 3122
105652 106145 6449
105652 113545 687
105643 105644 3566
105643 105645 603
105643 105654 786
105643 113543 1220
105653 105644 1178
105653 105654 3800
105653 105657 1576
192313 192138 874
192313 192311 1235
192313 192318 647
192370 192285 5538
192370 192369 2429
192370 192582 209
192446 192369 473
192446 192491 264
192421 192420 83
192375 192139 14449
192375 192452 9425
192464 192461 1050
192464 192493 255
192464 192494 213
193263 193262 7206
193263 193857 486
193863 193857 461
193863 193862 1120
193509 193510 3369
193509 193934 112
194432 193934 739
193491 193485 2345
193491 193486 1362
193494 193486 2467
192345 192343 6103
192345 192397 7422
192345 192401 2817
192395 192396 8773
192395 192397 10103
192395 192402 5493
193490 193485 783
193490 193488 7543
193490 193492 1976
193627 193542 4746
193627 193628 707
193599 193595 2821
193599 193596 441
193599 193600 1213
193596 192589 6539
193596 193599 441
193596 193624 4785
193626 193624 871
193628 193624 1963
193628 193627 707
193932 193655 899
193932 193933 111
193681 193617 713
193681 193679 2944
193572 193570 3830
193572 193573 876
193572 193680 5480
193574 193573 2931
193939 193573 517
193654 193655 1719
193654 193656 310
193654 193658 495
34721 34720 3145
13322 13323 405
13322 35279 2398
35280 35279 5234
29647 22969 1571
29647 29641 8170
35446 34317 1599
35446 35445 307
35446 35447 1263
35445 29642 2877
35445 35446 307
30645 30646 1752
30645 30655 1044
30648 30647 2042
30648 30655 932
30607 30608 1037
30607 30609 948
30607 30707 2799
30652 30653 3292
30652 30678 1623
30652 30707 900
34765 30707 1239
34765 34766 498
34925 30717 2725
34925 30889 2830
30649 30610 3771
30649 30615 2743
30649 30704 1661
35206 30615 805
30710 30709 1161
30711 30709 801
30708 30608 4039
30708 30720 1742
30939 27518 3047
30939 30938 670
30939 31021 2011
11190 10845 3694
11190 11191 1700
11190 30945 2246
11190 30948 1244
30931 30930 682
34022 30913 769
34022 30930 1848
9868 9867 1047
9868 30924 2202
9868 30940 1636
30933 30924 227
30943 30942 2991
30943 30983 1246
30943 30985 1203
14337 14336 1086
14337 14336 1086
14337 29778 248
30087 30085 4509
30087 30088 842
30087 30090 440
30091 30092 3255
30091 31190 1015
30091 31192 3206
31191 31190 1629
30967 30966 2085
30967 30972 1090
29778 14337 248
29778 29777 17
29778 30904 26
29780 29781 459
29780 29790 502
29780 34250 369
24700 24701 267
24700 25020 692
24700 35288 901
35289 35288 521
24434 24433 771
24434 34280 351
24434 35353 706
34282 34280 815
29728 29727 1013
29728 30097 2502
30096 30082 2159
30096 30095 5457
30096 30097 2976
31224 30183 2018
31224 31221 1084
31224 31225 689
31226 30183 2078
31226 31312 977
31317 31312 2912
31317 31332 588
31340 31338 437
31341 31338 1680
31341 31342 882
31341 31343 2172
31341 31344 1395
31393 31342 2512
31393 31392 1533
31393 34027 1216
31376 31374 310
29822 29823 1353
29822 31236 251
29822 31320 6141
31332 31317 588
31332 31320 294
31332 31331 547
31309 31310 2714
31309 31402 1527
31309 31404 2061
31309 31407 3483
31546 31404 2495
31467 31464 1774
31467 31466 1894
31467 31548 1322
31549 31468 2733
31549 31548 1440
31549 31550 3223
31463 31457 1721
31463 31468 459
31472 31471 927
31480 31477 1706
31480 31478 3778
31480 31561 4030
31559 31527 1065
31559 31560 2320
31559 31563 1837
31649 31611 1725
31649 31650 260
31649 31651 762
31653 31650 646
31653 31655 1524
31653 31656 1389
31656 31653 1389
31656 31658 754
31656 31659 956
31668 31659 747
31668 31690 808
31668 31691 4205
32245 32234 1253
32245 32244 1661
32245 32249 945
32247 32242 720
32247 32248 862
32247 32249 795
31694 31688 1863
31694 31696 1077
31694 31697 1899
32277 31697 1464
32277 31918 1600
32277 32278 2038
32295 32288 222
32295 32296 2746
32297 32288 515
32297 32296 2674
32302 32301 1004
32302 32303 1445
32302 32304 680
32323 32322 284
32323 34042 94
34043 34042 264
34043 34575 728
7401 7399 1124
7401 7402 825
7401 7403 1792
7401 7405 924
7399 7400 3152
7399 7401 1124
7399 7420 1113
7418 7419 846
7418 7420 1161
7418 7421 846
7404 7405 1221
7404 7430 1139
7404 7431 1221
14415 7430 1095
14415 14391 410
14393 14391 1466
14393 14394 1031
14393 14395 1334
14399 14398 2441
14399 14430 1343
14399 33313 3037
14399 33323 1583
14398 14396 1292
14398 14399 2441
14398 14431 2523
14434 14396 2635
14434 14431 1375
14434 14437 1872
14434 14438 1302
14438 14434 1302
14438 14441 1292
14438 14442 1302
14438 14475 1084
14476 14442 949
14400 14401 2603
14400 14402 924
14400 14433 2249
14432 14403 1479
14432 14433 1610
14432 14448 511
14437 14433 610
14437 14434 1872
14437 14440 434
14450 14449 1375
14450 14451 2281
14450 14457 2169
14451 14450 2281
14451 14457 2322
14451 14461 1445
14443 14441 475
14444 14441 373
14580 14579 275
14580 14581 1955
14580 14582 949
14584 14581 923
14584 14582 1741
14584 14586 1096
14584 14587 1292
14586 14584 1096
14586 14585 1530
14586 14588 1248
14586 14589 1221
14589 14586 1221
14589 14609 1248
14589 14625 1576
14589 14627 1465
14632 14627 1592
14632 14628 252
14632 14633 1655
14634 14633 333
14634 14635 1292
14634 14636 2553
14991 14636 353
14991 14979 557
14991 14988 1248
14991 14992 475
14980 14979 1700
15000 14998 2248
15000 15001 2766
15028 15001 491
15028 15026 885
15028 34724 1536
15027 15003 903
15027 15026 1530
15027 15029 336
15030 15010 1494
15030 15029 3728
15030 15039 1383
15030 15051 2605
15073 15039 2514
15073 15051 1278
15073 15074 1234
15083 15079 1248
15083 15081 1700
15083 15088 1793
15084 15081 2414
15084 15086 796
15084 15206 868
15207 15205 1000
15214 15205 763
15220 15217 1688
15220 15223 1527
15220 15224 580
15242 15223 796
15242 15226 1248
15242 15243 1466
15525 15521 434
15525 15526 434
15528 15273 1425
15528 15526 1829
15528 15531 1113
15545 15543 1675
15545 15544 1007
15545 15561 1188
15273 15272 1000
15273 15274 3273
15273 15528 1425
15548 15274 1188
15548 15546 333
15548 15561 2278
15561 15274 1693
15561 15545 1188
15561 15548 2278
19101 19068 2392
19049 19050 678
19049 19059 1160
19049 19060 4018
19049 19061 2174
19071 19060 3682
19071 19061 950
19071 19072 580
19077 19075 847
19077 19078 2486
19077 19079 3123
19082 19078 923
19082 19079 1004
19082 19088 562
17712 17693 1128
17712 17716 14875
19239 19238 2278
19256 19238 2144
19358 19357 1271
19359 19360 610
35388 19392 191
35389 19392 564
19396 19395 818
19396 19397 1335
19399 19395 1335
19399 19397 818
19399 19401 452
34968 19969 2585
19394 19231 1873
19394 19966 713
19394 19967 344
19976 19974 610
19977 19974 1415
19661 19662 1269
19666 19665 747
19664 19663 742
19231 19230 1208
19231 19394 1873
19231 19674 1340
18063 18061 3634
18063 18062 3630
18063 19240 1755
18063 19249 734
19245 18119 1917
19245 19240 604
19245 19244 805
19245 19249 1903
19246 19244 1521
19251 19244 1608
19265 18122 1500
19265 19264 344
19265 19266 475
19265 19267 1145
19252 19253 1618
19252 19273 1008
19252 19280 672
19252 19281 511
19328 19329 68
19328 19347 1621
19328 19457 750
19328 19468 786
19338 19337 2561
19338 19344 588
19338 19347 94
19450 19344 2576
35080 35079 597
19479 19478 473
20546 20539 611
20546 20547 1609
19307 19300 2642
19307 19306 696
19307 19314 238
19308 19304 889
19308 19305 1944
19308 19314 611
19308 19327 3637
19311 19309 2546
19311 20329 889
19311 20357 975
19311 20360 2280
20358 20357 536
20360 19311 2280
20360 20361 836
20360 20362 2345
20360 20370 611
19327 19308 3637
19327 19326 3246
19327 19343 1273
19342 19339 1809
19342 19457 950
19342 19459 806
19342 19460 1066
20379 20362 809
20379 20378 787
20379 20380 805
20382 18861 736
20382 20362 672
20382 20380 696
20382 20384 418
19458 19457 872
19458 19459 847
19458 19461 737
19458 19468 792
20545 20539 1220
20368 20366 809
20368 20381 1863
20368 20387 872
20368 20402 560
20385 18861 947
20385 20380 649
20385 20386 604
20385 20387 2503
18862 18861 396
20400 20393 1695
20400 20401 782
20400 20407 2882
20408 20401 2489
20408 20407 836
20408 20409 697
20408 20503 1675
20649 20648 2902
20649 20655 2559
20663 20662 806
20672 20670 2243
20672 20675 234
20672 20680 1504
20672 20681 1533
20679 20678 3360
20679 20684 3223
20679 20856 580
20841 20835 1880
20841 20851 1542
25726 20884 511
25726 25709 336
25726 25727 2016
25711 25710 2011
25711 25723 750
25711 25735 672
25727 25726 2016
25727 25735 1014
25706 25690 1744
25706 25710 649
25706 25720 975
25706 25723 1880
25776 25774 1167
25776 25775 809
25776 25777 872
25776 25810 2458
25778 25774 872
25778 25777 1167
25778 25779 655
25778 25794 672
25779 25777 1339
25779 25778 655
25779 25799 1223
25769 25766 1341
25769 25770 836
25769 25773 1115
25769 25810 672
25811 25810 1576
25836 25799 676
25720 25706 975
25720 25713 373
25720 25721 1945
25732 25721 747
