418
164470 164471 1420
164470 165126 1293
165130 165126 1411
212361 161385 1179
212361 212362 231
212430 161381 946
161374 161377 818
161374 161379 2291
161376 161379 688
161376 164526 768
161378 161377 1459
164254 164255 337
164341 164338 1705
164341 164340 1154
164347 164343 404
164347 164345 238
164522 164523 1010
164522 164566 1258
164565 164557 713
164565 164566 710
164571 164556 1725
164571 172428 747
164545 164543 279
164545 164546 1413
164569 164573 984
164570 164555 1014
164570 164709 850
164527 164526 796
164527 172422 1662
161368 161369 872
161368 164530 796
164542 164540 1344
164542 164551 511
212068 212064 942
212068 212070 1696
212070 212061 834
212070 212068 1696
212070 212093 1358
212097 212093 875
212097 212094 419
212094 211464 1350
212094 211470 1019
212094 212097 419
212096 211470 947
212096 212109 853
212120 211444 1625
212120 212192 2013
198868 198867 499
198868 211475 1111
198868 211477 469
211477 198868 469
211477 211444 721
211477 211473 1190
212364 212365 515
212364 212366 4960
212434 212237 2865
212434 212435 639
212434 212437 346
212369 212423 1954
212418 212420 796
212418 212423 337
212420 212418 796
212420 212422 1741
212362 212361 231
212362 212431 550
114399 114400 2443
114399 114401 1582
114643 114637 201
114643 114645 1070
114388 114387 3017
114388 114648 803
115196 115197 3811
115196 115198 657
114432 116164 6894
114586 114585 1498
114586 114589 671
114586 114599 832
114587 114585 735
116188 114599 802
116188 116189 217
116188 116190 304
114044 114045 2809
114412 114043 1336
114412 116257 936
119347 119153 2584
119347 119349 2679
115062 115061 1822
119416 119415 1094
119416 119423 1139
119426 119421 1344
119426 119424 782
115691 115724 2623
115724 115691 2623
106954 106955 1139
106955 106954 1139
107367 107366 782
107366 107367 782
102829 102824 455
102824 102829 455
106915 106914 1686
106914 106915 1686
116031 116080 336
116080 116031 336
109866 109868 1763
109868 109866 1763
111094 111093 713
111093 111094 713
112037 112038 737
112038 112037 737
112038 112042 809
112042 112038 809
112077 112111 778
112111 112077 778
112114 112119 796
112119 112114 796
112207 112209 434
112209 112207 434
112211 112212 672
112212 112211 672
111781 111788 840
111782 111751 672
111788 111781 840
111751 111782 672
112180 112181 354
112181 112180 354
112195 112205 809
112205 112195 809
113012 113018 836
113350 113351 1955
113351 113350 1955
104327 113377 2065
113377 104327 2065
113011 113010 1466
113010 113011 1466
113018 113012 836
104611 104610 1593
104526 104519 1901
104519 104526 1901
104517 104567 435
104567 104517 435
104434 104435 418
104435 104434 418
39810 39809 511
39608 39609 927
39609 39608 927
39805 39605 884
39809 39810 511
39605 39805 884
104824 104971 336
104971 104824 336
104610 104611 1593
104459 105046 1615
105046 104459 1615
39656 39662 697
39662 39656 697
39648 39665 1085
39665 39648 1085
41008 41020 2381
41020 41008 2381
41054 41136 673
41136 41054 673
40864 40645 2368
40892 40895 2559
40895 40892 2559
40645 40864 2368
40985 40981 933
40981 40985 933
40984 41662 1344
41662 40984 1344
55455 55457 948
48659 48664 1027
48664 48659 1027
48664 48681 1303
48681 48664 1303
48788 48789 738
48789 48788 738
49068 49069 558
49069 49068 558
48966 48967 1228
48967 48966 1228
49111 49110 713
49110 49111 713
129928 131885 1484
131885 129928 1484
54401 54402 789
54402 54401 789
53851 53852 984
53852 53851 984
53795 53796 3291
53796 53795 3291
53833 53926 418
53926 53833 418
55158 55197 837
55197 55158 837
144477 142524 2367
144477 144485 2554
144485 144477 2554
144485 144522 2737
144522 144485 2737
150684 150402 1592
150402 150684 1592
142316 142318 774
142524 144477 2367
142318 142288 752
142318 142316 774
141645 141917 552
141917 141645 552
142560 142568 552
142568 142560 552
142288 142318 752
55457 55455 948
56131 55480 2321
55480 56131 2321
204673 204688 857
204688 204673 857
204688 204691 1500
204691 204688 1500
204738 204740 349
204740 204738 349
145326 145328 1132
145328 145326 1132
145328 145329 1003
145329 145328 1003
145337 145487 1246
145487 145337 1246
145560 145561 774
145561 145560 774
145561 145570 851
145570 145561 851
145404 145406 740
145747 145746 762
145746 145747 762
145406 145404 740
145814 145815 654
145815 145814 654
146043 146044 762
146044 146043 762
146049 146060 552
146060 146049 552
146060 146061 330
146061 146060 330
151539 151542 859
151542 151539 859
203778 203780 773
203780 203778 773
203809 203813 884
203813 203809 884
204416 204427 914
204427 204416 914
208526 208120 1129
208120 208526 1129
208564 208565 793
208565 208564 793
208176 208175 960
208175 208176 960
208177 208121 834
208121 208177 834
207795 207799 821
207799 207795 821
208195 208409 1963
208409 208195 1963
210758 210757 1593
210757 210758 1593
210757 210772 1936
210772 210757 1936
166524 166529 893
166529 166524 893
166664 166663 1907
167077 167078 1396
167078 167077 1396
166663 166664 1907
152395 152393 2484
180423 180424 1363
180424 180423 1363
173602 173603 551
173603 173602 551
181929 181944 599
181944 181929 599
182205 182209 1161
182209 182205 1161
152393 152395 2484
176437 176447 1263
173635 173637 1137
173637 173635 1137
176447 176437 1263
176454 176459 2233
176459 176454 2233
155512 155513 552
155513 155512 552
175988 175989 2283
175989 175988 2283
175876 175885 861
176998 176999 1602
176999 176998 1602
175844 175835 849
176102 176099 677
176099 176102 677
175885 175876 861
175835 175844 849
176888 176887 789
176887 176888 789
211410 211409 998
211412 211417 765
211417 211412 765
211440 212061 1264
211441 212061 1059
211441 212064 842
212060 212064 370
211011 211026 522
211026 211011 522
211325 211349 709
211349 211325 709
211409 211410 998
165294 165295 789
165295 165294 789
165020 165019 333
165019 165020 333
165127 165126 951
164382 164366 630
164366 164382 630
164413 164466 1447
164466 164413 1447
164471 164470 1420
165126 164470 1293
165126 165127 951
165126 165130 1411
161385 212361 1179
161381 212430 946
161377 161374 818
161377 161378 1459
161379 161374 2291
161379 161376 688
164526 161376 768
164526 164527 796
164255 164254 337
164338 164341 1705
164340 164341 1154
164343 164347 404
164345 164347 238
164523 164522 1010
164566 164522 1258
164566 164565 710
164557 164565 713
164556 164555 808
164556 164571 1725
172428 164571 747
164543 164545 279
164546 164545 1413
164573 164569 984
164555 164556 808
164555 164570 1014
164709 164570 850
172422 164527 1662
161369 161368 872
164530 161368 796
164540 164542 1344
164551 164542 511
212064 211441 842
212064 212060 370
212064 212068 942
212061 211440 1264
212061 211441 1059
212061 212070 834
212093 212070 1358
212093 212097 875
211464 212094 1350
211470 212094 1019
211470 212096 947
212109 212096 853
211444 211477 721
211444 212120 1625
212192 212120 2013
198867 198868 499
211475 198868 1111
211475 211473 836
211473 211475 836
211473 211477 1190
212365 212364 515
212366 212364 4960
212237 212434 2865
212435 212434 639
212437 212434 346
212423 212369 1954
212423 212418 337
212422 212420 1741
212422 212431 359
212431 212362 550
212431 212422 359
114400 114399 2443
114401 114399 1582
114637 114643 201
114645 114643 1070
114645 114648 1940
114387 114388 3017
114387 114648 2916
114648 114387 2916
114648 114388 803
114648 114645 1940
115197 115196 3811
115198 115196 657
116164 114432 6894
114585 114586 1498
114585 114587 735
114589 114586 671
114599 114586 832
114599 116188 802
116189 116188 217
116190 116188 304
114045 114044 2809
114043 114412 1336
116257 114412 936
119153 119347 2584
119349 119347 2679
115061 115062 1822
119415 119416 1094
119423 119416 1139
119421 119426 1344
119424 119426 782
984
164470
165130
212361
212430
161374
161376
161378
164254
164341
164347
164522
164565
164571
164545
164569
164570
164527
161368
164542
212068
212070
212097
212094
212096
212120
198868
211477
212364
212434
212369
212418
212420
212362
114399
114643
114388
115196
114432
114586
114587
116188
114044
114412
119347
115062
119416
119426
114846
91976
114922
114932
114926
115022
92096
92136
92199
115337
115329
115432
115438
115423
115435
115346
115744
115757
115415
115691
115724
115727
105811
115709
106854
106976
106954
107041
107181
106955
107044
107368
107367
107358
107366
107128
107130
107382
107286
107323
107324
107527
109504
92810
92877
102823
102829
92837
102822
102824
92901
92905
106710
106915
106917
106914
106921
106186
115988
116005
116034
116031
116080
115997
191516
191911
191529
191020
191509
191737
192759
191935
191939
191587
191775
191872
191873
192791
192788
192979
192980
192977
192983
193133
192990
109456
109831
109851
109860
109864
109866
109868
109885
107771
110946
109840
111169
111172
111094
111093
111167
111187
110964
111002
111193
111196
103344
103346
111217
111209
111898
111903
112032
112037
112038
112042
112052
112031
111547
111590
112063
112064
112077
112111
112114
112119
112152
112207
112209
112211
112212
112226
112350
112355
112258
112231
111781
111782
111788
111775
111746
112584
112646
112647
111743
111751
112612
112654
112171
112180
112181
112191
112195
112193
112640
112689
112729
112727
112703
112353
112237
112205
103371
112731
112733
113008
113012
113330
113348
113347
113350
105720
113351
113364
104327
113377
113384
113402
113407
113011
113013
113010
113018
103302
113055
113843
103320
112767
112776
112810
103311
103315
104522
104530
104502
104330
104504
104611
104524
104538
104526
104519
104517
104567
104434
113911
104428
104435
39797
39800
39810
39608
39610
39609
39624
39626
39805
39809
39605
39780
39792
39794
104760
104755
104801
104822
104824
104971
104940
104948
105054
105049
105031
105058
104610
104459
105021
105046
105017
105033
39578
39614
39649
39618
39620
39656
39662
39648
39679
39455
39689
39665
39686
39696
39737
39750
40507
40511
41008
40524
41020
40516
41029
41054
41136
41138
41143
41144
40565
40581
40637
40864
40866
40875
40880
40892
40895
40897
40970
41346
41350
41351
40969
40975
40638
40645
40985
40989
40981
40984
41661
41662
41665
55131
55213
55217
55218
55385
55401
55395
55397
55435
55438
55449
55455
48397
41657
48422
48430
48604
48659
48664
48681
48415
48691
48744
48755
48758
48753
48762
48769
48773
48788
48789
48791
48815
49127
49088
49125
48926
48923
49057
49068
49077
49081
49069
48925
48966
48967
49102
49111
49110
49020
49022
49023
49192
49182
49607
49614
49615
49618
48333
131404
131411
131408
131664
131670
131823
131893
132524
49702
50489
49699
129928
131885
131895
131881
131883
54340
54334
54343
54439
54441
54491
54510
54391
54401
54402
56724
54498
54507
54669
54653
49674
53851
53854
53852
53856
53858
53795
53796
53833
53926
53929
55142
55157
55158
55197
55203
144477
144485
144522
144530
144535
144611
144619
144621
144649
144658
145276
145280
213720
139896
150684
139897
150402
150593
150624
150586
150632
150589
145283
150678
140183
140185
140200
140264
140267
141574
141576
142316
142322
142490
142486
142514
142517
142524
142318
141591
141645
141917
141918
142010
142020
142027
142030
142040
142049
142559
142560
142568
142572
142602
142288
142330
142606
55457
56102
56112
56119
56131
55480
56142
204660
204668
204673
204688
204691
204738
204740
204765
207793
207787
207709
207732
207710
207718
207733
144672
145289
144746
144745
144751
145304
144749
139772
196745
145282
145320
145331
145326
145328
145329
145337
145487
145505
145504
145513
145560
145561
145570
145403
145404
145401
145747
145746
145584
145588
145585
145590
145406
145426
145430
145808
145814
145815
145835
145837
145844
146043
146044
146049
146060
146061
146065
151453
151539
151540
151469
151471
151518
151528
151542
151458
151487
151527
151532
151526
203778
204504
203780
203809
203813
203827
203828
204408
204416
204427
204432
204488
204489
204436
208526
208527
208120
208537
208541
208532
208542
208564
208559
208565
208569
208574
208176
208175
208177
208121
207795
207799
207839
207864
214692
208554
208180
208191
208195
208409
208419
208469
208474
208493
208497
208499
210705
210707
210728
210758
210757
210736
210734
210772
210773
180633
180676
180252
185568
180301
185570
176648
180642
180648
166500
166498
166517
166520
166524
166529
166534
166574
166692
166646
166673
166679
166664
166670
166642
166697
166696
166700
167075
167179
167160
167172
167077
167078
166663
166713
167006
167069
167015
167071
166957
166382
167134
167144
167150
167158
152395
162549
180650
180783
180683
180492
180644
180385
180400
180405
180445
179693
179699
180436
180439
180423
180424
180481
180478
180428
185268
173602
173603
185270
181987
182173
181921
181929
181944
182134
182138
182151
182158
182204
182205
182208
182209
181994
182350
182351
173611
152188
152259
166384
166968
152262
152393
152406
164060
152295
152887
176426
176435
176433
176437
152930
152306
152217
152894
152900
186061
185775
173870
173566
173569
173635
173660
173662
173719
176678
185766
185985
173831
173836
173885
173637
173921
176447
152912
176454
174680
175321
175316
175320
153028
175318
176459
152021
152047
152045
155515
155512
155513
175368
174679
175328
175967
175950
175998
175496
176484
175958
176482
175944
175988
175989
175492
155684
175488
175493
152030
152038
152056
152053
175911
175970
175965
175443
175846
175830
175854
175876
175901
176972
176974
176998
176999
177002
177005
177007
176936
176949
177026
175844
175889
176094
176102
176099
176072
176084
176095
176071
175885
176037
176038
175894
176068
176053
176101
175808
175811
175814
175835
176060
175726
175788
175789
175777
175799
176669
176775
176772
176888
176887
176893
176882
176901
174826
174991
174988
185791
175019
175030
210741
210994
210997
211410
211412
199594
211417
211440
211441
212060
211005
211009
211011
211026
211325
211349
211409
165028
166439
166444
166430
163761
165216
165041
165088
165260
165294
165304
165295
165240
165247
165244
165253
165292
165299
165315
165297
165307
166456
166464
166459
166457
166468
164995
165016
165012
165014
165023
165020
165017
165019
172656
163063
165128
165127
172685
172686
164375
164449
164459
165167
172679
164382
164336
164366
164369
164370
164427
164408
164424
164413
164466
164471
161385
161381
161377
161379
164526
164255
164338
164340
164343
164345
164523
164566
164557
164543
164573
164555
164709
164530
164540
164551
212061
212093
211464
211470
212109
211444
212192
198867
211475
211473
212365
212366
212237
212435
212437
212423
212422
212431
114637
114645
114387
116164
114585
114589
114599
114043
116257
119153
119349
119415
119423
119421
119424
