2034
232564 232569 275
232572 232573 439
9976 9957 2740
9976 9975 1532
9986 9988 895
10017 7290 544
10017 9990 2051
10023 7252 534
7349 7350 463
7349 10051 1401
10046 10024 737
10046 10047 952
10046 10048 2574
10740 10056 802
10740 10722 1500
10740 34029 1993
10745 10722 793
10745 10725 1637
10749 10725 728
10749 10731 4021
10753 10771 1539
10778 10814 320
10815 9164 511
10815 10813 978
7293 6764 625
9163 9164 901
9163 9203 1992
10875 16940 2194
10865 10866 1614
10865 10867 55
11013 11012 872
11013 11018 1394
10909 10910 1497
10909 10911 2708
11025 11011 252
11025 14218 1019
10915 10916 1517
10915 10917 401
34472 10975 937
34472 34473 1095
11067 10978 834
11067 11066 2225
11066 11067 2225
11066 11068 634
11070 11068 991
11070 11072 2412
11072 11070 2412
11072 11071 879
11088 11086 1190
11088 11089 1031
11095 11094 116
11095 35092 876
11100 11094 1084
11100 11099 149
11115 11116 1456
14253 14254 852
14253 14260 1262
14253 14261 1571
14256 14250 1279
14256 14258 640
14251 14252 97
14285 14284 1229
14293 14292 1595
14293 14296 3616
13473 13469 3696
13473 14328 2753
14328 13473 2753
14328 14331 2407
13503 13493 949
13503 13494 1851
13503 13511 2688
13497 13492 1906
13497 13496 434
13500 13498 1085
13500 13502 1220
13507 13538 1292
13505 13516 1437
13521 13531 2480
13521 13533 1929
13567 13566 1769
13567 13583 2950
13582 13581 1341
13561 13559 2894
13566 13563 1635
13566 13567 1769
14009 14008 2883
14009 14016 3729
14009 14032 676
14114 14115 761
14114 14124 3431
14114 14129 3139
14138 14137 1073
14138 14140 4008
14138 14141 788
14186 14140 737
14186 14185 1268
14186 14197 536
14049 14044 1809
14049 14045 2877
14145 14043 1362
14145 14144 1306
14144 14031 893
14144 14042 2375
14144 14145 1306
14030 14028 750
14030 14029 2347
14142 14028 2132
14142 14031 1181
14202 14201 473
14202 14203 750
14202 14204 6802
248830 248826 588
248830 248831 672
248834 248831 1432
248834 248839 1234
248834 248848 756
248848 248834 756
248848 248850 1344
248852 248850 930
132629 132620 2253
132629 132635 1161
132631 132626 1225
132630 132626 2799
132630 132694 1481
132677 132678 1303
132677 132680 6942
132677 132682 949
132706 132681 764
132706 132708 445
132708 132706 445
132708 132953 549
132767 132768 125
132740 132739 2090
132741 132679 2520
132741 132768 857
132741 132769 279
132779 132733 510
132779 132783 1193
132781 132744 1098
132781 132783 1483
132781 132800 672
132802 132756 279
132802 132800 889
132820 132810 1827
132751 132749 982
132751 132752 1188
132751 132757 3612
132760 132762 1120
132760 132764 1344
132760 132765 599
132858 132857 1412
132822 132812 1466
132822 132827 1160
132826 132812 708
132826 132818 1124
132826 132827 688
132833 132818 764
132833 132835 2094
132839 132836 2510
248975 248973 354
248972 132635 386
248972 248971 1248
248919 248924 1014
248956 248955 708
248956 248957 904
248957 248949 708
248957 248956 904
248951 248948 1656
248951 248949 1454
248954 248403 1576
248954 248962 1124
248971 248972 1248
248971 248973 434
248974 248973 1834
248974 248988 344
134274 134272 4148
134267 134269 1797
134267 134270 252
132900 132897 1085
132900 132902 836
132906 132907 612
132906 134206 3557
134206 132906 3557
134206 134207 275
134210 134209 788
134210 134228 2718
134269 134209 2577
134269 134267 1797
134269 134272 2451
134241 134237 1756
132892 132889 1622
132892 132890 872
132897 132889 750
132897 132900 1085
132894 132890 1639
134273 134272 747
134297 134231 4421
134235 134234 2632
134299 134234 928
134302 134233 3396
134302 134304 2087
134319 134316 924
134319 134318 629
134319 134320 1867
134316 134319 924
134316 134324 2182
134316 134340 931
134317 134340 1437
134317 134364 1079
134374 134367 1205
134374 134376 1079
134375 134376 1533
134378 134381 1344
134378 134467 604
134467 134378 604
134467 134468 672
134467 134491 1794
134469 134468 2458
134469 134483 1208
134479 134486 672
134482 134486 1475
134482 134540 649
134482 134541 737
134541 134482 737
134541 134542 697
134546 134542 737
134546 134548 884
134548 134546 884
134548 134552 672
134566 134565 1558
134570 134571 2859
134570 134572 3215
134625 134633 3889
134623 134624 2244
136888 134624 563
136898 136899 604
133537 133538 788
133537 136881 2335
136880 136881 924
136880 136882 2002
133418 133416 2614
133418 133431 826
133541 133431 2480
133541 133547 1151
133538 133537 788
133538 136913 1008
133538 136914 2111
133545 133546 1483
133545 133551 788
133545 133552 1533
133546 133545 1483
133546 136913 1000
133550 133548 872
133550 133551 516
133747 133775 2557
133476 133473 818
133476 133750 2712
133753 133750 950
133753 133760 2402
133474 133473 847
133474 133478 747
133474 133754 2515
133473 133474 847
133473 133476 818
133473 133749 2515
133413 133414 2755
133429 133414 983
133429 133434 2436
133470 133434 847
133470 133469 847
133470 133471 2678
133416 133417 826
133416 133418 2614
133469 133470 847
133469 133479 2634
133478 133474 747
133478 133479 847
133478 133755 2634
133752 133758 2515
133759 133758 747
133759 133760 1022
133759 133790 1025
133757 133758 713
133757 133775 884
133757 133788 1179
133769 133772 2772
133771 133772 708
133771 133776 2428
133774 133776 1062
133773 133772 788
133773 133784 3009
133785 133784 708
133796 133786 982
133796 133798 688
133840 133798 764
133801 133793 2565
133801 133795 872
133801 133802 944
133843 133802 648
133966 132611 2148
133966 133967 1073
133966 133990 688
133977 133967 1077
133977 133970 1151
133977 133994 995
139655 133994 864
139655 139656 574
134020 134021 238
134020 137282 1115
137283 137282 847
137279 137280 2480
137279 137287 708
137290 137287 2170
137290 137289 827
137320 137289 2035
137320 137321 354
137320 137323 452
137326 137323 938
137326 137332 2223
137332 137326 2223
137332 137327 672
137332 137334 2556
137345 137334 840
137345 137362 2113
137363 137362 840
137363 137367 840
137363 137369 2000
137390 137372 2264
137391 137372 765
137391 137393 1000
137214 137213 4971
137214 137273 747
137214 137275 580
138061 137275 4109
138061 138063 1676
138265 138267 470
138280 138278 788
138798 139571 654
137393 137391 1000
137393 137392 750
138811 138812 765
138811 138813 672
138811 138814 682
235651 235647 3489
235653 235943 619
235734 235732 734
235737 235731 703
235737 235738 1678
235778 235780 833
235778 235782 661
235721 235720 2059
235721 235723 812
235721 235725 736
235731 235725 3313
235731 235736 352
235731 235737 703
235761 235729 791
235761 235760 705
235752 235751 719
235752 235759 1147
235748 235729 735
235748 235746 806
235748 235747 2217
235729 235727 2735
235729 235748 735
235729 235761 791
231401 231400 1275
231401 231403 1161
231414 234665 913
231414 234666 1446
231410 231400 1700
227025 230038 435
227025 230490 3548
230515 230504 1357
230518 230523 1558
226398 226399 285
226398 228626 323
229969 229966 983
229969 229971 1606
231116 234776 1252
230547 230540 294
230547 230548 1151
230566 230567 611
230566 230568 2578
230568 230557 1342
230568 230566 2578
230581 230576 2422
230581 230582 704
231094 231090 2845
231094 231093 2445
231096 231097 1675
231096 231124 2683
231163 231162 3604
231163 231164 1845
231167 231090 2248
231167 231169 728
231102 231099 796
231102 231103 1270
231107 229958 1115
231107 231113 1245
230459 230457 1014
230459 230461 514
230459 234736 685
229772 229752 7870
230534 229940 344
230534 230468 2501
230539 230543 1919
230539 230551 381
230542 230543 3112
230542 230544 928
230142 230096 672
230142 230135 818
230142 233609 2332
230513 230490 1809
230513 230577 880
231429 231408 1767
231429 231430 1139
231297 231296 4883
231297 231360 679
231439 231295 1133
231433 231440 1516
231170 231171 474
231170 231362 2797
231170 231364 758
234335 235407 593
231335 231336 2789
231335 231337 1920
231335 234685 618
234364 231362 558
234364 234365 868
231364 231170 758
231364 234689 993
234634 232946 972
234634 234632 3900
234692 234685 106
234692 234693 617
232960 232961 1240
232960 232964 1574
232963 232964 988
232963 232967 689
232980 232981 274
233036 233037 1029
232948 232544 1863
232948 232950 521
232996 234299 239
234344 232965 2984
232979 232977 409
230729 230716 924
230750 230751 875
230750 230754 201
230761 230754 1955
230761 230760 1114
230719 230713 1809
230719 230714 2480
230719 230718 1178
230720 230396 1856
230400 230384 1111
230400 230401 1225
230365 230363 1021
232195 232193 275
232195 232196 1667
232205 232206 1466
230404 230401 1114
230404 230402 1178
232233 232206 2536
232233 232236 1124
230597 230592 2130
230597 230593 378
230597 230598 3334
230705 230702 1111
230705 230704 419
230807 230812 790
230807 230813 1253
230814 230813 695
230818 230812 2153
230818 230819 347
230815 230813 998
230815 230816 457
230788 230688 1345
230788 230787 1336
230791 230793 445
230702 230690 1225
230702 230705 1111
234429 234882 153
230803 230798 462
230803 234881 52
230803 234883 989
232209 232208 782
232209 232210 687
232221 232212 445
232221 232222 556
232240 232208 2574
232240 232239 333
232239 232236 556
232239 232240 333
232218 232191 3548
232218 232219 2536
232230 232224 778
232230 232229 1709
232268 232269 762
232268 232270 1222
232271 9017 222
232271 232272 1596
9051 9043 1809
9051 9055 2824
9054 9053 2948
9054 9354 136
9353 9031 3612
9353 9364 408
9355 9354 1563
9355 9356 703
9376 9377 526
9376 9378 482
9389 9386 1585
9389 9392 1304
9390 9391 701
9390 9406 544
9463 9462 1287
9463 9903 3535
9906 9461 1270
9906 9907 1855
9914 34855 1069
9915 9909 1603
9915 34036 6026
232569 232564 275
232573 232572 439
9957 9952 994
9957 9958 1454
9957 9976 2740
9975 9973 301
9975 9976 1532
9975 9977 1103
9988 9984 1500
9988 9986 895
9988 9989 1236
7290 7289 377
7290 10017 544
7290 10018 800
9990 9989 354
9990 10015 1113
9990 10017 2051
7252 7253 1176
7252 7287 160
7252 10023 534
7350 7349 463
10051 7349 1401
10024 10025 1047
10024 10046 737
10024 34292 1562
10047 10046 952
10047 10049 1399
10047 10050 754
10048 10038 1626
10048 10046 2574
10048 10053 1096
10048 34186 414
10056 10052 3362
10056 10054 754
10056 10716 1547
10056 10740 802
10722 10716 762
10722 10740 1500
10722 10745 793
34029 10740 1993
10725 10721 852
10725 10732 1843
10725 10745 1637
10725 10749 728
10731 10730 702
10731 10733 765
10731 10734 1746
10731 10749 4021
10771 10733 906
10771 10736 1184
10771 10753 1539
10814 10778 320
10814 10812 2258
9164 9163 901
9164 10815 511
10813 9203 2692
10813 10812 659
10813 10815 978
6764 6765 44
6764 6779 156
6764 7293 625
6764 10860 1600
9203 9163 1992
9203 10813 2692
16940 10875 2194
16940 16941 1099
16940 16944 388
10866 10865 1614
10867 10865 55
11012 6779 1537
11012 11013 872
11012 11016 1926
11018 10920 437
11018 11013 1394
10910 10909 1497
10911 10650 1620
10911 10908 1367
10911 10909 2708
11011 11008 923
11011 11025 252
11011 11026 875
14218 11025 1019
10916 10915 1517
10917 10915 401
10975 10970 825
10975 34092 1363
10975 34472 937
34473 34472 1095
10978 10972 2249
10978 10980 478
10978 11067 834
11068 11066 634
11068 11069 717
11068 11070 991
11071 10986 809
11071 11069 2165
11071 11072 879
11086 11087 896
11086 11088 1190
11086 34200 469
11089 11088 1031
11089 11091 971
11094 11095 116
11094 11100 1084
11094 35334 123
35092 11095 876
11099 11098 1034
11099 11100 149
11099 34823 122
11116 11115 1456
11116 13408 2506
11116 13416 4765
14254 14253 852
14260 14247 1654
14260 14253 1262
14261 14247 1014
14261 14253 1571
14261 34109 412
14250 14235 889
14250 14255 796
14250 14256 1279
14258 14249 386
14258 14256 640
14258 14283 357
14252 14251 97
14252 35109 189
14284 14243 920
14284 14285 1229
14284 35094 490
14292 8807 1094
14292 14293 1595
14296 14293 3616
14296 14295 1281
13469 13391 2871
13469 13470 2172
13469 13473 3696
14331 14328 2407
13493 13489 860
13493 13503 949
13494 13492 805
13494 13495 1028
13494 13503 1851
13511 13503 2688
13492 13489 1715
13492 13494 805
13492 13497 1906
13496 13486 598
13496 13497 434
13496 13498 3824
13498 13150 1851
13498 13496 3824
13498 13500 1085
13502 13500 1220
13502 13537 1466
13502 13538 2882
13538 13502 2882
13538 13507 1292
13538 13548 924
13516 13505 1437
13531 13521 2480
13531 13532 610
13531 13533 2113
13533 13521 1929
13533 13531 2113
13533 13573 1300
13583 13567 2950
13581 13562 1340
13581 13565 1393
13581 13582 1341
13559 13558 403
13559 13560 1408
13559 13561 2894
13563 13564 1652
13563 13565 1167
13563 13566 1635
14008 14007 2040
14008 14009 2883
14016 14009 3729
14016 14015 1544
14016 14017 2950
14032 14009 676
14115 14067 1990
14115 14114 761
14124 14046 1213
14124 14114 3431
14124 14126 788
14129 14114 3139
14129 14120 1025
14129 14134 1031
14137 14097 1257
14137 14103 1007
14137 14107 1220
14137 14138 1073
14140 14138 4008
14140 14183 1007
14140 14186 737
14141 14138 788
14185 14165 2216
14185 14186 1268
14185 14192 924
14185 14199 1501
14197 14186 536
14197 14198 672
14044 14039 788
14044 14040 2016
14044 14043 1334
14044 14049 1809
14045 14040 1055
14045 14047 598
14045 14048 1341
14045 14049 2877
14043 14042 905
14043 14044 1334
14043 14145 1362
14031 14025 1032
14031 14026 3254
14031 14142 1181
14031 14144 893
14042 14035 840
14042 14043 905
14042 14144 2375
14028 14027 2286
14028 14030 750
14028 14142 2132
14029 14027 836
14029 14030 2347
14201 14198 604
14201 14199 884
14201 14202 473
14203 14202 750
14203 14210 336
14204 14202 6802
14204 24009 448
14204 24014 1400
248826 248824 1181
248826 248830 588
248831 248830 672
248831 248833 688
248831 248834 1432
248831 264125 174
248839 248834 1234
248839 248838 1008
248839 248850 764
248839 248851 2118
248850 248839 764
248850 248848 1344
248850 248852 930
248850 248853 1225
132620 132619 1660
132620 132628 1214
132620 132629 2253
132635 132629 1161
132635 248972 386
132626 132627 800
132626 132630 2799
132626 132631 1225
132694 132622 2508
132694 132630 1481
132694 132693 2027
132678 132677 1303
132680 132677 6942
132680 132679 2535
132680 132681 2280
132682 132677 949
132682 132688 714
132682 139601 1402
132681 132680 2280
132681 132706 764
132953 132708 549
132953 132768 221
132768 132741 857
132768 132767 125
132768 132953 221
132739 132734 2902
132739 132735 750
132739 132740 2090
132679 132680 2535
132679 132735 1124
132679 132741 2520
132769 132741 279
132733 132734 3057
132733 132744 1344
132733 132779 510
132783 132779 1193
132783 132781 1483
132744 132733 1344
132744 132743 2279
132744 132780 672
132744 132781 1098
132800 132780 1098
132800 132781 672
132800 132802 889
132756 132754 1115
132756 132757 1293
132756 132802 279
132810 132805 1357
132810 132806 1393
132810 132820 1827
132749 132673 2124
132749 132748 2688
132749 132750 1085
132749 132751 982
132752 132750 1026
132752 132751 1188
132752 132758 1322
132757 132751 3612
132757 132755 869
132757 132756 1293
132762 132760 1120
132762 132761 1457
132762 132763 750
132764 132760 1344
132764 132765 1085
132764 132807 1028
132765 132760 599
132765 132763 1293
132765 132764 1085
132765 132766 1062
132857 132858 1412
132857 132861 1399
132812 132805 764
132812 132817 1161
132812 132822 1466
132812 132826 708
132827 132822 1160
132827 132826 688
132827 132829 598
132818 132817 869
132818 132826 1124
132818 132832 1848
132818 132833 764
132835 132832 23
132835 132833 2094
132835 132836 1787
132836 132835 1787
132836 132839 2510
132836 132890 1395
248973 248971 434
248973 248974 1834
248973 248975 354
248924 248919 1014
248955 248947 1097
248955 248949 904
248955 248956 708
248949 248405 1114
248949 248951 1454
248949 248955 904
248949 248957 708
248948 248402 3075
248948 248405 1394
248948 248950 511
248948 248951 1656
248403 248399 3159
248403 248950 950
248403 248953 2772
248403 248954 1576
248962 248954 1124
248988 248974 344
134272 134229 1884
134272 134269 2451
134272 134273 747
134272 134274 4148
134270 134267 252
132902 132900 836
132902 187017 110
132907 132906 612
132907 187013 247
134207 134206 275
134207 187185 2716
134209 134210 788
134209 134229 1161
134209 134269 2577
134228 134210 2718
134228 134229 1817
134228 134230 3360
134237 134216 1223
134237 134238 750
134237 134241 1756
132889 132888 1208
132889 132892 1622
132889 132897 750
132889 132899 557
132890 132836 1395
132890 132891 978
132890 132892 872
132890 132894 1639
134231 134230 1094
134231 134297 4421
134234 134233 1205
134234 134235 2632
134234 134299 928
134233 134232 1378
134233 134234 1205
134233 134302 3396
134304 134252 931
134304 134254 4172
134304 134302 2087
134304 134318 888
134318 134304 888
134318 134319 629
134320 134319 1867
134320 134321 750
134320 134323 1120
134320 134324 708
134324 134316 2182
134324 134320 708
134324 134332 1120
134324 134339 827
134340 134316 931
134340 134317 1437
134340 134339 2652
134340 134341 676
134364 134317 1079
134364 134365 646
134364 134384 1344
134364 134386 1026
134367 134366 827
134367 134374 1205
134367 134386 983
134376 134374 1079
134376 134375 1533
134376 134379 1115
134376 134380 2132
134381 134378 1344
134381 134379 475
134381 134382 1675
134468 134467 672
134468 134469 2458
134468 134471 818
134468 134473 947
134491 134382 884
134491 134467 1794
134483 134469 1208
134483 134484 947
134483 134486 1073
134486 134479 672
134486 134482 1475
134486 134483 1073
134486 134487 750
134540 134482 649
134540 134542 806
134540 134549 1208
134540 134551 927
134542 134540 806
134542 134541 697
134542 134546 737
134542 134552 927
134552 134542 927
134552 134548 672
134552 134553 394
134565 134564 5794
134565 134566 1558
134571 134570 2859
134572 134570 3215
134633 134625 3889
134633 134632 4481
134633 136897 1837
134624 134623 2244
134624 136888 563
136899 136898 604
136899 139583 720
136881 133537 2335
136881 136880 924
136881 136884 2000
136881 136914 840
136882 136880 2002
136882 136883 2118
136882 136884 1008
133431 133417 2614
133431 133418 826
133431 133541 2480
133431 133542 982
133547 133541 1151
133547 133548 788
133547 133549 1223
133547 133560 672
133547 133562 713
136913 133538 1008
136913 133546 1000
136913 136915 782
136913 136916 848
136914 133538 2111
136914 136881 840
136914 136918 924
136914 136922 2000
133551 133545 788
133551 133548 688
133551 133550 516
133551 133554 1336
133552 133545 1533
133552 133554 818
133552 133571 201
133552 133585 2523
133548 133547 788
133548 133550 872
133548 133551 688
133548 133553 1416
133775 133747 2557
133775 133757 884
133775 133778 983
133775 133789 1098
133750 133476 2712
133750 133749 788
133750 133753 950
133750 133763 2398
133760 133753 2402
133760 133759 1022
133760 133763 713
133754 133474 2515
133754 133749 847
133754 133755 818
133754 133762 2479
133749 133473 2515
133749 133750 788
133749 133754 847
133749 133761 2479
133414 133413 2755
133414 133429 983
133414 133430 818
133414 133435 2515
133434 133429 2436
133434 133435 950
133434 133470 847
133434 133472 2755
133471 133470 2678
133471 133472 818
133471 133479 950
133471 133481 2515
133417 133416 826
133417 133430 1377
133417 133431 2614
133479 133469 2634
133479 133471 950
133479 133478 847
133479 133480 2634
133755 133478 2634
133755 133480 847
133755 133754 818
133755 133764 2326
133758 133752 2515
133758 133757 713
133758 133759 747
133758 133788 1362
133790 133759 1025
133790 133791 826
133790 133795 2631
133788 133757 1179
133788 133758 1362
133788 133794 681
133772 133769 2772
133772 133771 708
133772 133773 788
133772 133777 3009
133776 133771 2428
133776 133774 1062
133776 133778 434
133784 133773 3009
133784 133777 788
133784 133785 708
133784 133786 688
133786 133777 1025
133786 133784 688
133786 133796 982
133786 133797 1268
133798 133796 688
133798 133797 788
133798 133840 764
133793 133765 3016
133793 133792 877
133793 133801 2565
133795 133790 2631
133795 133800 737
133795 133801 872
133802 133801 944
133802 133843 648
133802 133844 2806
132611 132610 133
132611 133954 961
132611 133966 2148
133967 133954 1680
133967 133966 1073
133967 133970 536
133967 133977 1077
133990 133966 688
133970 133957 1501
133970 133967 536
133970 133975 201
133970 133977 1151
133994 133976 708
133994 133977 995
133994 133995 610
133994 139655 864
139656 139655 574
134021 134020 238
137282 134020 1115
137282 137281 418
137282 137283 847
137280 137279 2480
137287 137148 788
137287 137279 708
137287 137288 2005
137287 137290 2170
137289 137148 2272
137289 137240 904
137289 137290 827
137289 137320 2035
137321 137319 938
137321 137320 354
137321 137322 168
137321 137323 536
137323 137320 452
137323 137321 536
137323 137326 938
137323 137327 2777
137327 137323 2777
137327 137329 764
137327 137332 672
137327 137333 2561
137334 137332 2556
137334 137333 840
137334 137345 840
137334 137355 2113
137362 137345 2113
137362 137355 840
137362 137360 1889
137362 137363 840
137367 137363 840
137367 137368 445
137367 137370 2113
137369 137360 848
137369 137363 2000
137369 137370 765
137369 137371 1778
137372 137370 765
137372 137390 2264
137372 137391 765
137372 137392 1447
137213 137088 5408
137213 137212 782
137213 137214 4971
137213 137215 445
137273 137214 747
137273 137271 1336
137273 137272 1183
137273 137277 1197
137275 137214 580
137275 137215 4812
137275 138060 1124
137275 138061 4109
138063 138060 2934
138063 138061 1676
138063 138065 947
138267 137373 139
138267 137392 629
138267 138265 470
138278 138270 473
138278 138279 778
138278 138280 788
139571 138798 654
139571 138812 1331
137392 137372 1447
137392 137393 750
137392 138267 629
138812 138811 765
138812 139571 1331
138813 138811 672
138813 138815 1114
138814 138746 2639
138814 138747 6173
138814 138811 682
235647 235646 164
235647 235648 608
235647 235651 3489
235943 235653 619
235732 235725 814
235732 235733 2208
235732 235734 734
235738 235737 1678
235738 235777 822
235738 235780 722
235780 235738 722
235780 235778 833
235780 235781 596
235782 235778 661
235720 235721 2059
235723 235719 884
235723 235721 812
235723 235722 1396
235725 235721 736
235725 235724 1514
235725 235731 3313
235725 235732 814
235736 235731 352
235760 235761 705
235751 235746 736
235751 235750 1597
235751 235752 719
235751 235753 1752
235759 235752 1147
235746 235745 2216
235746 235748 806
235746 235751 736
235746 235755 1717
235747 235748 2217
235727 235726 449
235727 235728 354
235727 235729 2735
231400 231401 1275
231400 231410 1700
231400 231413 1094
231403 231398 1133
231403 231401 1161
231403 231404 1678
234665 231414 913
234666 231414 1446
234666 234839 54
230038 227025 435
230490 227025 3548
230490 230489 1939
230490 230513 1809
230504 230488 4442
230504 230515 1357
230504 230519 2714
230504 230520 549
230523 230518 1558
230523 230522 1000
226399 226398 285
226399 230592 511
226399 230592 511
228626 226398 323
229966 229963 1827
229966 229969 983
229971 229969 1606
234776 231116 1252
230540 230541 3088
230540 230544 399
230540 230547 294
230548 230547 1151
230567 230566 611
230557 230546 2663
230557 230549 2558
230557 230568 1342
230557 230576 1513
230576 230557 1513
230576 230578 1201
230576 230581 2422
230582 230581 704
231090 231091 15
231090 231094 2845
231090 231164 2280
231090 231167 2248
231093 231089 1197
231093 231092 728
231093 231094 2445
231097 231096 1675
231124 231096 2683
231124 231104 1339
231124 231125 1336
231162 231157 1845
231162 231160 1669
231162 231163 3604
231164 231090 2280
231164 231163 1845
231164 231165 1004
231169 231167 728
231099 231100 1478
231099 231102 796
231099 231104 2362
231099 231105 875
231103 231102 1270
231103 231108 687
231103 231109 627
229958 229959 1031
229958 229960 844
229958 231107 1115
231113 231107 1245
230457 230458 687
230457 230459 1014
230457 230460 597
230461 230444 330
230461 230459 514
230461 234614 2928
234736 230459 685
234736 234737 665
234736 234738 926
229752 229751 1221
229752 229772 7870
229940 229936 1139
229940 230534 344
229940 230537 1172
230468 230469 518
230468 230470 152
230468 230534 2501
230543 230539 1919
230543 230542 3112
230543 230546 1177
230551 230539 381
230544 230540 399
230544 230542 928
230544 230545 2446
230096 230097 2266
230096 230134 343
230096 230142 672
230135 230136 2383
230135 230137 487
230135 230138 396
230135 230142 818
233609 230095 3145
233609 230142 2332
230577 230513 880
231408 231399 1248
231408 231429 1767
231430 231429 1139
231296 231297 4883
231296 231357 1409
231360 231297 679
231360 231358 6332
231360 231361 753
231295 231294 1559
231295 231428 1177
231295 231439 1133
231440 231433 1516
231171 231170 474
231362 231170 2797
231362 232817 746
231362 234364 558
231362 235405 925
235407 234335 593
235407 235406 934
235407 235409 1311
231336 231333 767
231336 231335 2789
231336 234577 1202
231337 231323 91
231337 231335 1920
231337 234469 1161
231337 234470 3404
234685 231335 618
234685 234692 106
234685 234694 1582
234365 234364 868
234689 231364 993
232946 232944 1010
232946 232947 3348
232946 234634 972
234632 234631 856
234632 234634 3900
234632 234635 784
234693 234692 617
232961 232949 316
232961 232950 1054
232961 232960 1240
232964 232960 1574
232964 232963 988
232967 232963 689
232967 232969 661
232967 232970 467
232981 232980 274
233037 233036 1029
233037 233038 778
233037 233039 1225
232544 232543 496
232544 232945 7416
232544 232948 1863
232950 232948 521
232950 232949 738
232950 232961 1054
232950 234298 132
234299 232996 239
234299 234298 190
234299 234301 131
232965 232949 1546
232965 234344 2984
232977 232969 2776
232977 232978 2516
232977 232979 409
230716 230714 1653
230716 230728 695
230716 230729 924
230751 230750 875
230754 230750 201
230754 230753 1004
230754 230761 1955
230760 230709 672
230760 230753 1977
230760 230761 1114
230713 230711 889
230713 230717 433
230713 230719 1809
230714 230715 515
230714 230716 1653
230714 230719 2480
230718 230717 1483
230718 230719 1178
230396 230720 1856
230384 230400 1111
230401 230400 1225
230401 230404 1114
230363 230365 1021
232193 232195 275
232196 232195 1667
232206 232205 1466
232206 232233 2536
230402 230404 1178
232236 232233 1124
232236 232239 556
230592 226399 511
230592 226399 511
230592 230597 2130
230593 230597 378
230598 230597 3334
230704 230705 419
230812 230807 790
230812 230818 2153
230813 230807 1253
230813 230814 695
230813 230815 998
230819 230818 347
230816 230815 457
230688 230690 1675
230688 230788 1345
230787 230788 1336
230793 230791 445
230690 230688 1675
230690 230702 1225
234882 234429 153
234882 234883 61
230798 230803 462
234881 230803 52
234883 230803 989
234883 234882 61
232208 232209 782
232208 232240 2574
232210 232209 687
232210 232212 1111
232212 232210 1111
232212 232221 445
232222 232221 556
232222 232224 905
232191 232218 3548
232191 232219 1013
232219 232191 1013
232219 232218 2536
232224 232222 905
232224 232230 778
232229 232230 1709
232269 232268 762
232270 232268 1222
9017 232271 222
232272 232271 1596
9043 9051 1809
9043 9053 978
9055 9051 2824
9053 9043 978
9053 9054 2948
9354 9054 136
9354 9355 1563
9031 9353 3612
9364 9353 408
9356 9355 703
9377 9376 526
9378 9376 482
9386 9389 1585
9392 9389 1304
9391 9390 701
9406 9390 544
9462 9461 2622
9462 9463 1287
9903 9463 3535
9461 9462 2622
9461 9906 1270
9907 9906 1855
9907 9909 1471
34855 9914 1069
9909 9907 1471
9909 9915 1603
34036 9915 6026
9952 9957 994
9958 9957 1454
9973 9975 301
9977 9975 1103
9984 9988 1500
9989 9988 1236
9989 9990 354
7289 7253 520
7289 7290 377
10018 7290 800
10018 10015 1325
10015 9990 1113
10015 10018 1325
7253 7252 1176
7253 7289 520
7287 7252 160
10025 10024 1047
34292 10024 1562
10049 10047 1399
10049 10052 3450
10050 10047 754
10038 10048 1626
10053 10048 1096
34186 10048 414
10052 10049 3450
10052 10056 3362
10054 10056 754
10716 10056 1547
10716 10722 762
10721 10725 852
10732 10725 1843
10732 10730 1995
10730 10731 702
10730 10732 1995
10733 10731 765
10733 10736 774
10733 10771 906
10734 10731 1746
10736 10733 774
10736 10771 1184
10812 10813 659
10812 10814 2258
6765 6764 44
6765 11016 1255
6779 6764 156
6779 11012 1537
10860 6764 1600
16941 16940 1099
16944 16940 388
11016 6765 1255
11016 11012 1926
10920 11018 437
10650 10911 1620
10908 10911 1367
11008 11011 923
11026 11011 875
10970 10975 825
34092 10975 1363
10972 10978 2249
10980 10978 478
11069 11068 717
11069 11071 2165
10986 11071 809
11087 11086 896
11087 34823 3139
34200 11086 469
11091 11089 971
35334 11094 123
11098 11099 1034
34823 11087 3139
34823 11099 122
13408 11116 2506
13416 11116 4765
14247 14260 1654
14247 14261 1014
34109 14261 412
14235 14250 889
14255 14250 796
14249 14243 970
14249 14258 386
14283 14258 357
35109 14252 189
14243 14249 970
14243 14284 920
35094 14284 490
8807 14292 1094
14295 14296 1281
13391 13469 2871
13470 13469 2172
13489 13492 1715
13489 13493 860
13495 13494 1028
13486 13496 598
13150 13498 1851
13537 13502 1466
13548 13538 924
13532 13531 610
13573 13533 1300
13562 13581 1340
13565 13563 1167
13565 13581 1393
13558 13559 403
13560 13559 1408
13564 13563 1652
14007 14008 2040
14007 14015 2614
14015 14007 2614
14015 14016 1544
14017 14016 2950
14067 14115 1990
14046 14047 1531
14046 14124 1213
14126 14048 904
14126 14124 788
14120 14129 1025
14134 14129 1031
14097 14137 1257
14103 14137 1007
14107 14137 1220
14183 14140 1007
14183 14165 975
14165 14183 975
14165 14185 2216
14192 14185 924
14199 14185 1501
14199 14201 884
14198 14197 672
14198 14201 604
14039 14035 2016
14039 14044 788
14040 14044 2016
14040 14045 1055
14047 14045 598
14047 14046 1531
14048 14045 1341
14048 14126 904
14025 14031 1032
14026 14027 847
14026 14031 3254
14035 14039 2016
14035 14042 840
14027 14026 847
14027 14028 2286
14027 14029 836
14210 14203 336
24009 14204 448
24014 14204 1400
248824 248826 1181
248833 248831 688
248833 248838 788
264125 248831 174
248838 248833 788
248838 248839 1008
248851 248839 2118
248851 248947 796
248853 248850 1225
132619 132620 1660
132628 132620 1214
132627 132622 1655
132627 132626 800
132622 132627 1655
132622 132694 2508
132693 132688 2375
132693 132694 2027
132688 132682 714
132688 132693 2375
139601 132682 1402
132734 132733 3057
132734 132739 2902
132735 132679 1124
132735 132739 750
132743 132744 2279
132780 132744 672
132780 132754 1014
132780 132800 1098
132754 132755 1234
132754 132756 1115
132754 132780 1014
132805 132806 1115
132805 132810 1357
132805 132812 764
132806 132805 1115
132806 132807 1257
132806 132810 1393
132673 132749 2124
132748 132749 2688
132748 132755 927
132750 132749 1085
132750 132752 1026
132758 132752 1322
132755 132748 927
132755 132754 1234
132755 132757 869
132761 132762 1457
132763 132762 750
132763 132765 1293
132807 132764 1028
132807 132806 1257
132766 132765 1062
132861 132857 1399
132817 132812 1161
132817 132818 869
132829 132827 598
132832 132818 1848
132832 132835 23
248947 248405 796
248947 248851 796
248947 248955 1097
248405 248947 796
248405 248948 1394
248405 248949 1114
248402 248399 580
248402 248948 3075
248950 248403 950
248950 248948 511
248399 248402 580
248399 248403 3159
248953 248403 2772
134229 134209 1161
134229 134228 1817
134229 134272 1884
187017 132902 110
187013 132907 247
187185 134207 2716
134230 134228 3360
134230 134231 1094
134230 134232 2731
134216 134237 1223
134238 134237 750
132888 132889 1208
132888 132891 640
132899 132889 557
132891 132888 640
132891 132890 978
134232 134230 2731
134232 134233 1378
134252 134304 931
134254 134304 4172
134321 134320 750
134323 134320 1120
134323 134332 708
134332 134323 708
134332 134324 1120
134339 134324 827
134339 134340 2652
134341 134340 676
134341 134384 354
134365 134364 646
134365 134366 329
134384 134341 354
134384 134364 1344
134386 134364 1026
134386 134367 983
134366 134365 329
134366 134367 827
134379 134376 1115
134379 134381 475
134380 134376 2132
134382 134381 1675
134382 134491 884
134471 134468 818
134473 134468 947
134473 134484 1585
134484 134473 1585
134484 134483 947
134487 134486 750
134487 134549 139
134549 134487 139
134549 134540 1208
134551 134540 927
134551 134553 412
134553 134551 412
134553 134552 394
134564 134565 5794
134632 134633 4481
136897 134633 1837
139583 136899 720
136884 136881 2000
136884 136882 1008
136884 136922 840
136883 136882 2118
133542 133431 982
133549 133547 1223
133549 133553 818
133560 133547 672
133560 133562 168
133562 133547 713
133562 133560 168
136915 136913 782
136915 136918 1334
136916 136913 848
136918 136914 924
136918 136915 1334
136922 136884 840
136922 136914 2000
133554 133551 1336
133554 133552 818
133554 133553 713
133571 133552 201
133585 133552 2523
133553 133548 1416
133553 133549 818
133553 133554 713
133778 133775 983
133778 133776 434
133778 133777 475
133789 133775 1098
133789 133777 818
133789 133794 1031
133763 133750 2398
133763 133760 713
133763 133761 983
133762 133754 2479
133762 133761 847
133762 133764 884
133762 133765 629
133761 133749 2479
133761 133762 847
133761 133763 983
133430 133414 818
133430 133417 1377
133435 133414 2515
133435 133434 950
133472 133434 2755
133472 133471 818
133481 133471 2515
133481 133480 884
133480 133479 2634
133480 133481 884
133480 133755 847
133764 133755 2326
133764 133762 884
133791 133790 826
133791 133800 1078
133791 133800 1078
133794 133788 681
133794 133789 1031
133794 133797 764
133777 133772 3009
133777 133778 475
133777 133784 788
133777 133786 1025
133777 133789 818
133797 133786 1268
133797 133794 764
133797 133798 788
133765 133762 629
133765 133792 2452
133765 133793 3016
133792 133765 2452
133792 133793 877
133792 133844 1199
133800 133791 1078
133800 133791 1078
133800 133795 737
133844 133792 1199
133844 133802 2806
132610 132611 133
133954 132611 961
133954 133957 927
133954 133967 1680
133957 133954 927
133957 133970 1501
133975 133970 201
133975 133976 1797
133976 133975 1797
133976 133994 708
133995 133994 610
137281 137282 418
137148 137287 788
137148 137289 2272
137288 137287 2005
137240 137289 904
137240 137319 1220
137319 137240 1220
137319 137321 938
137322 137321 168
137329 137327 764
137333 137327 2561
137333 137334 840
137355 137334 2113
137355 137362 840
137360 137362 1889
137360 137369 848
137368 137367 445
137370 137367 2113
137370 137369 765
137370 137372 765
137370 137373 1675
137371 137369 1778
137371 137373 925
137088 137213 5408
137212 137213 782
137215 137213 445
137215 137275 4812
137271 137273 1336
137272 137273 1183
137277 137273 1197
138060 137275 1124
138060 138063 2934
138065 138063 947
137373 137370 1675
137373 137371 925
137373 138267 139
138270 138278 473
138279 138278 778
138815 138813 1114
138746 138747 3553
138746 138814 2639
138747 138746 3553
138747 138814 6173
235646 235647 164
235648 235647 608
235733 235732 2208
235777 235738 822
235781 235780 596
235719 235723 884
235719 235726 234
235722 235723 1396
235724 235725 1514
235750 235751 1597
235753 235751 1752
235745 235746 2216
235755 235746 1717
235726 235719 234
235726 235727 449
235728 235727 354
231413 231400 1094
231398 231403 1133
231404 231403 1678
234839 234666 54
230489 230490 1939
230488 230504 4442
230519 230504 2714
230520 230504 549
230520 230522 1297
230522 230520 1297
230522 230523 1000
229963 229966 1827
230541 230540 3088
230546 230543 1177
230546 230545 687
230546 230557 2663
230549 230545 1193
230549 230557 2558
230578 230576 1201
231091 231090 15
231089 231093 1197
231092 231093 728
231104 231099 2362
231104 231124 1339
231125 231124 1336
231157 231162 1845
231160 231162 1669
231165 231164 1004
231100 231099 1478
231105 231099 875
231108 231103 687
231109 231103 627
229959 229958 1031
229960 229958 844
230458 230457 687
230460 230457 597
230444 230461 330
234614 230461 2928
234737 234736 665
234738 234736 926
229751 229752 1221
229936 229940 1139
230537 229940 1172
230469 230468 518
230470 230468 152
230545 230544 2446
230545 230546 687
230545 230549 1193
230097 230096 2266
230134 230096 343
230136 230135 2383
230137 230135 487
230138 230135 396
230095 233609 3145
231399 231408 1248
231357 231296 1409
231357 231358 605
231358 231357 605
231358 231360 6332
231361 231360 753
231294 231295 1559
231428 231295 1177
232817 231362 746
232817 234469 66
235405 231362 925
235406 235407 934
235409 235407 1311
231333 231336 767
234577 231336 1202
231323 231337 91
234469 231337 1161
234469 232817 66
234470 231337 3404
234694 234685 1582
232944 232543 994
232944 232946 1010
232947 232946 3348
234631 234632 856
234635 234632 784
232949 232950 738
232949 232961 316
232949 232965 1546
232969 232967 661
232969 232970 462
232969 232977 2776
232970 232967 467
232970 232969 462
232970 232978 836
233038 233037 778
233039 233037 1225
232543 232544 496
232543 232944 994
232945 232544 7416
234298 232950 132
234298 234299 190
234301 234299 131
232978 232970 836
232978 232977 2516
230728 230716 695
230753 230754 1004
230753 230760 1977
230709 230760 672
230711 230713 889
230717 230713 433
230717 230718 1483
230715 230714 515
555
232564
232572
9976
9986
10017
10023
7349
10046
10740
10745
10749
10753
10778
10815
7293
9163
10875
10865
11013
10909
11025
10915
34472
11067
11066
11070
11072
11088
11095
11100
11115
14253
14256
14251
14285
14293
13473
14328
13503
13497
13500
13507
13505
13521
13567
13582
13561
13566
14009
14114
14138
14186
14049
14145
14144
14030
14142
14202
248830
248834
248848
248852
132629
132631
132630
132677
132706
132708
132767
132740
132741
132779
132781
132802
132820
132751
132760
132858
132822
132826
132833
132839
248975
248972
248919
248956
248957
248951
248954
248971
248974
134274
134267
132900
132906
134206
134210
134269
134241
132892
132897
132894
134273
134297
134235
134299
134302
134319
134316
134317
134374
134375
134378
134467
134469
134479
134482
134541
134546
134548
134566
134570
134625
134623
136888
136898
133537
136880
133418
133541
133538
133545
133546
133550
133747
133476
133753
133474
133473
133413
133429
133470
133416
133469
133478
133752
133759
133757
133769
133771
133774
133773
133785
133796
133840
133801
133843
133966
133977
139655
134020
137283
137279
137290
137320
137326
137332
137345
137363
137390
137391
137214
138061
138265
138280
138798
137393
138811
235651
235653
235734
235737
235778
235721
235731
235761
235752
235748
235729
231401
231414
231410
227025
230515
230518
226398
229969
231116
230547
230566
230568
230581
231094
231096
231163
231167
231102
231107
230459
229772
230534
230539
230542
230142
230513
231429
231297
231439
231433
231170
234335
231335
234364
231364
234634
234692
232960
232963
232980
233036
232948
232996
234344
232979
230729
230750
230761
230719
230720
230400
230365
232195
232205
230404
232233
230597
230705
230807
230814
230818
230815
230788
230791
230702
234429
230803
232209
232221
232240
232239
232218
232230
232268
232271
9051
9054
9353
9355
9376
9389
9390
9463
9906
9914
9915
230718
230396
230384
230401
230363
232193
232206
230402
232236
230593
230598
230704
230816
230688
230787
230690
230798
232208
232210
232212
232222
232191
232219
232224
9017
9043
9055
9053
9354
9031
9378
9386
9392
9406
9462
9903
9461
9907
34855
9909
34036
9952
9958
9973
9984
9989
7289
10018
10015
7253
7287
10049
10038
10052
10054
10716
10721
10730
10733
10734
10736
10812
10860
16944
10920
10650
10908
11008
11026
10970
10972
10980
11069
10986
11087
34200
35334
11098
13408
13416
14247
34109
14235
14255
14249
35109
14243
8807
14295
13391
13470
13489
13486
13150
13537
13548
13573
13562
13565
13558
14007
14015
14017
14067
14046
14126
14120
14134
14097
14103
14107
14183
14165
14192
14199
14039
14040
14047
14048
14025
14026
14035
14210
24009
24014
248824
248833
248838
248851
132627
132622
132688
132734
132735
132743
132754
132805
132673
132748
132750
132758
132755
132761
132763
132807
132766
132861
132817
248947
248405
248402
248950
248399
248953
187017
187013
187185
134216
134238
132888
134232
134252
134254
134321
134323
134332
134339
134341
134384
134386
134379
134380
134382
134471
134473
134484
134487
134549
134551
134564
134632
139583
136884
136883
133542
133549
133560
133562
136915
136916
136918
136922
133554
133571
133585
133430
133435
133472
133481
133480
133764
133792
133954
133957
133975
133976
133995
137148
137240
137319
137322
137329
137333
137355
137360
137371
137088
137212
137215
137271
137272
137277
138060
138065
138270
138279
138815
138747
235646
235719
235750
235728
231398
230489
230488
230519
230522
229963
230549
231089
231092
231104
231125
231157
231160
231109
229960
230444
229751
229936
230470
230097
230134
230137
230138
230095
231399
231357
231358
231361
231294
231428
232817
235406
231333
231323
