826
103765 103760 1152
103765 105507 1001
105509 105481 1188
105509 105482 889
105509 105510 836
105515 105482 1073
105515 105517 1795
103676 103674 1796
103676 103677 561
105486 105487 1299
105486 105539 806
105487 105486 1299
105487 105540 751
105516 105517 374
105516 105518 657
105491 105490 202
105496 105492 332
105496 113619 872
105497 105502 511
40138 40134 1578
40138 40136 1031
40157 40155 252
40159 40033 1180
40159 40161 1700
41281 41276 403
41281 41280 713
41308 41292 2053
41308 41310 3855
41313 41302 1247
29224 29227 884
29224 29229 440
29226 29239 557
29241 29228 976
29243 29228 810
29243 29266 788
29021 29020 3156
29021 29023 697
29021 29249 747
29262 29023 2289
29262 29280 1205
29263 29258 1502
29263 29280 697
29265 29259 2350
29265 29260 650
29266 29230 807
29266 29243 788
29266 29267 788
29267 29220 873
29267 29266 788
29267 29268 336
29335 29087 939
29335 29337 650
29086 29082 807
29086 29336 976
29337 29333 939
29337 29335 650
29331 29256 2562
29331 29260 650
29332 29085 939
29332 29333 650
29356 29260 2289
29059 29060 1345
29081 29065 751
29081 29080 1345
29081 29082 873
29061 29060 1731
34986 34987 3460
52992 52961 552
52997 53002 610
53004 52967 677
53004 53006 1357
56637 56636 634
52965 52964 2035
52965 56764 1778
53038 56764 726
52975 52978 1798
52980 52978 790
52987 53279 751
52987 53285 1967
53292 53285 600
53297 53296 667
53308 53318 766
53303 53302 581
53303 53305 314
53430 53428 709
53434 53435 796
53434 56685 1251
53485 53435 1716
53485 53495 818
53487 53488 600
53487 53489 796
53493 53489 1117
53493 53511 796
53493 53519 517
53572 53521 1965
29445 29048 50
29445 29048 50
53582 53523 766
53582 53583 688
53587 53583 1117
53587 53588 818
54794 54806 1580
54794 54809 276
54809 54794 276
54809 54808 747
54811 54808 790
54811 54812 848
54824 55098 1121
54824 55101 3884
54826 55101 984
54826 55255 752
55265 55255 650
55265 55266 677
55268 55269 1248
55268 55316 697
55268 55320 1210
55318 55316 279
55321 55320 1168
55321 55323 1682
55323 55321 1682
55323 55327 1188
55323 55348 1682
55345 55348 885
55925 55921 673
55925 55930 1560
55938 55930 537
53459 53451 336
53459 53457 337
53459 53461 336
53458 53422 1520
53458 53457 1032
53469 53449 1799
53469 53468 688
53469 53474 842
53475 53474 1111
53453 53422 782
53453 53454 778
53454 53453 778
53454 53455 1016
53473 53472 905
53473 53474 790
53473 53497 1716
53540 53541 111
53546 53542 1516
53546 53547 562
53557 53550 1856
53557 53558 778
53497 53473 1716
53497 53496 796
53510 53489 1592
53510 53516 337
53528 53518 796
53528 53526 1199
53526 53525 796
53526 53528 1199
53526 53586 1552
53592 53586 796
53592 53593 848
53592 53594 1117
49519 49518 374
49522 49437 2150
49522 49524 2042
49522 49526 418
49522 49527 751
49523 49527 2151
49523 49536 697
49521 49516 837
49521 49518 2350
49549 49536 1080
49549 49559 650
49298 49281 3951
49298 49299 1221
49317 49311 581
49317 49551 1009
49318 49556 1067
49285 49288 1779
49272 49270 766
49272 49273 2273
49276 49280 829
49276 49296 1458
49297 49296 752
49297 49300 276
49300 49297 276
49300 49301 2370
49306 49301 677
46276 49289 797
49290 49289 1701
49544 49529 2752
49477 49441 6390
49568 49565 1880
49572 49574 537
49787 49784 1123
49789 49790 10155
53712 53713 435
53714 53713 828
53693 53692 4653
53764 53766 1260
53765 53761 2511
53765 56798 1136
53752 53759 1866
54766 53757 5633
54776 54764 168
54776 54779 924
54782 54778 336
144223 141420 1019
144223 144222 261
144223 144225 834
144239 144225 2310
144239 144245 758
144244 144245 1349
144244 144252 861
144316 144418 2066
144316 144434 805
144417 144368 2150
144417 144418 642
144317 144326 719
144317 144434 2121
144322 144326 1415
144366 144347 2052
144366 144368 793
144367 144346 380
144367 144353 869
144253 144247 1447
144253 144252 782
144253 144254 184
144254 144249 1444
144254 144253 184
144251 144248 847
144251 144344 2040
144363 144344 701
144363 144345 2038
144353 144345 724
144353 144357 2135
144353 144367 869
144327 144326 853
144327 144437 2227
144327 144570 804
144328 144332 818
144328 144570 1492
144331 144332 1495
144331 144333 756
144331 144333 756
195551 144333 1554
195551 195552 815
195553 195552 1381
195553 195556 801
195570 195556 1726
195570 195571 869
195570 195575 691
195569 195579 695
195569 196337 755
195575 195570 691
195575 195579 820
196333 196337 1726
196333 196338 730
196350 196339 1945
196350 196353 810
196350 196403 2602
196352 196329 1029
196352 196351 700
196339 196340 799
196339 196350 1945
196385 196387 274
196384 196376 772
196384 196392 1354
196376 196370 902
196376 196382 1553
196376 196384 772
196370 196374 710
196370 196376 902
196365 196374 1274
141417 151607 412
141421 141420 316
189913 189914 746
189951 189914 1531
140063 140066 455
140065 140066 877
140085 140088 813
140094 140093 774
140094 140096 805
140127 140096 708
140127 141458 678
140127 141464 1775
141457 141459 2045
141457 141460 879
141458 140127 678
141458 141460 1514
141458 141465 1776
189915 189914 636
139824 140033 223
140033 139824 223
139994 139997 929
139997 139994 929
139997 140015 1586
140015 139997 1586
190046 190083 669
190083 190046 669
190083 190079 655
190079 190083 655
142197 142198 2074
141377 141376 493
141376 141377 493
141415 141411 906
141411 141415 906
142159 142152 833
142198 142193 946
142198 142197 2074
142193 142198 946
141656 141681 221
141681 141656 221
141769 142164 831
141773 141770 536
142164 141769 831
142164 142165 758
141770 141773 536
142165 142164 758
142152 142159 833
56030 56032 933
56032 56030 933
56049 56056 1436
56056 56049 1436
56210 56214 337
56214 56210 337
56248 56250 111
56250 56248 111
189918 189943 188
189943 189918 188
196681 196682 1546
196682 196681 1546
197218 197260 691
197260 197218 691
204075 204077 469
204077 204072 1028
204077 204075 469
204283 204287 707
204287 204283 707
204306 204315 277
204315 204306 277
204371 204373 709
204373 204371 709
207183 207191 785
207191 207183 785
207207 207208 784
207218 207223 410
195601 195600 430
195601 195653 802
195600 195601 430
207223 207218 410
207208 207207 784
204052 204053 606
204053 204052 606
204072 204077 1028
203662 203671 747
203671 203662 747
207426 207427 901
207427 207398 539
207427 207426 901
207398 207427 539
207399 207415 641
207415 207399 641
207362 207373 715
207373 207362 715
195653 195601 802
207365 207479 426
207479 207365 426
196378 196374 683
196378 196382 915
196393 196392 1965
208214 208222 508
208222 208214 508
208247 208248 917
208248 208247 917
208320 208325 683
208323 208322 867
208322 208323 867
208325 208320 683
210547 210548 901
210548 210547 901
210612 210615 522
210615 210612 522
210615 210617 805
210621 210617 660
210637 210638 942
210617 210615 805
210617 210621 660
178686 178685 1378
178685 178686 1378
180314 180335 1772
180335 180314 1772
185002 185003 276
185003 185002 276
180549 180814 435
180814 180549 435
173768 173767 952
173767 173768 952
182635 182634 796
182634 182635 796
183959 183958 796
183958 183959 796
184079 185033 782
185033 184079 782
185033 185034 778
185034 185033 778
173908 173910 3353
173910 173908 3353
175101 175102 733
175102 175101 733
174597 175194 526
175194 174597 526
174628 174718 1431
174718 174628 1431
175411 175409 926
175409 175411 926
174431 174429 2519
174429 174431 2519
174226 174225 1933
174294 174249 989
174249 174294 989
174225 174226 1933
184987 184986 1932
184986 184987 1932
210638 210637 942
210638 210643 815
210643 210638 815
210802 210806 231
210806 210802 231
210806 210807 828
210807 210806 828
210926 210935 519
210935 210926 519
211737 211734 782
211734 211737 782
163605 163606 2557
163491 163492 672
163492 163491 672
163616 163610 2358
163606 163605 2557
163606 163610 2557
163610 163606 2557
163610 163616 2358
162762 162763 630
162763 162762 630
162764 162742 238
162742 162764 238
211867 211877 867
211877 211867 867
211877 211879 833
211879 211877 833
163923 163930 355
163930 163923 355
179043 179052 418
179052 179043 418
114515 114520 586
114520 114515 586
115475 115476 6859
115476 115475 6859
191644 191826 1660
191826 191644 1660
32607 32613 3381
32613 32607 3381
105826 107926 1124
107926 105826 1124
107966 107948 763
111853 111852 1848
111853 111877 847
107948 107966 763
111877 111853 847
111852 111853 1848
33773 33776 1560
33776 33773 1560
33785 33786 3139
33786 33785 3139
33786 33806 1457
33806 33786 1457
113309 113311 796
113311 113309 796
113290 113289 201
113289 113290 201
103443 103444 818
103444 103443 818
105418 103727 1436
103727 105418 1436
103567 103569 664
103569 103567 664
103591 103650 1370
103650 103591 1370
40087 40097 1293
40100 40117 1033
40117 40100 1033
40097 40087 1293
40141 40136 642
105560 105540 1676
103760 103765 1152
105507 103765 1001
105481 105509 1188
105482 105509 889
105482 105515 1073
105510 105509 836
105517 105502 455
105517 105515 1795
105517 105516 374
103674 103676 1796
103677 103676 561
105539 105486 806
105539 105540 1205
105540 105487 751
105540 105539 1205
105540 105560 1676
105518 105516 657
105490 105491 202
105492 105496 332
113619 105496 872
105502 105497 511
105502 105517 455
40134 40138 1578
40136 40138 1031
40136 40141 642
40155 40157 252
40033 40159 1180
40161 40159 1700
41276 41281 403
41280 41281 713
41280 41292 1104
41292 41280 1104
41292 41308 2053
41310 41308 3855
41302 41313 1247
29227 29224 884
29227 29230 2080
29229 29224 440
29229 29228 1708
29239 29226 557
29228 29229 1708
29228 29230 927
29228 29241 976
29228 29243 810
29020 29021 3156
29023 29021 697
29023 29262 2289
29249 29021 747
29280 29262 1205
29280 29263 697
29258 29259 475
29258 29263 1502
29259 29258 475
29259 29265 2350
29260 29265 650
29260 29331 650
29260 29356 2289
29230 29220 697
29230 29227 2080
29230 29228 927
29230 29266 807
29220 29230 697
29220 29267 873
29268 29267 336
29087 29333 650
29087 29335 939
29082 29081 873
29082 29086 807
29336 29086 976
29333 29087 650
29333 29332 650
29333 29337 939
29256 29085 713
29256 29331 2562
29085 29256 713
29085 29332 939
29060 29059 1345
29060 29061 1731
29065 29081 751
29080 29081 1345
34987 34986 3460
52961 52992 552
53002 52997 610
52967 53004 677
53006 53004 1357
56636 56637 634
52964 52965 2035
56764 52965 1778
56764 53038 726
52978 52975 1798
52978 52980 790
53279 52987 751
53285 52987 1967
53285 53292 600
53296 53297 667
53296 53302 333
53318 53308 766
53302 53296 333
53302 53303 581
53305 53303 314
53428 53430 709
53435 53434 796
53435 53485 1716
56685 53434 1251
53495 53485 818
53495 53489 1117
53495 53496 778
53488 53487 600
53489 53487 796
53489 53493 1117
53489 53495 1117
53489 53510 1592
53511 53493 796
53519 53493 517
53519 53521 517
53521 53519 517
53521 53572 1965
29048 29445 50
29048 29445 50
53523 53582 766
53583 53582 688
53583 53587 1117
53588 53587 818
54806 54794 1580
54808 54809 747
54808 54811 790
54812 54811 848
55098 54824 1121
55101 54824 3884
55101 54826 984
55255 54826 752
55255 55265 650
55266 55265 677
55269 55268 1248
55316 55268 697
55316 55318 279
55320 55268 1210
55320 55321 1168
55327 55323 1188
55348 55323 1682
55348 55345 885
55921 55925 673
55930 55925 1560
55930 55938 537
53451 53457 238
53451 53459 336
53457 53451 238
53457 53458 1032
53457 53459 337
53461 53459 336
53422 53453 782
53422 53458 1520
53449 53469 1799
53468 53469 688
53468 53472 1660
53474 53469 842
53474 53473 790
53474 53475 1111
53455 53454 1016
53472 53468 1660
53472 53473 905
53472 53496 1698
53541 53540 111
53541 53542 238
53542 53541 238
53542 53546 1516
53547 53546 562
53547 53550 1768
53550 53547 1768
53550 53557 1856
53558 53557 778
53496 53472 1698
53496 53495 778
53496 53497 796
53516 53510 337
53518 53525 1199
53518 53528 796
53525 53518 1199
53525 53526 796
53586 53526 1552
53586 53592 796
53593 53592 848
53594 53592 1117
49518 49519 374
49518 49521 2350
49437 49522 2150
49437 49524 738
49524 49437 738
49524 49522 2042
49524 49527 2018
49526 49522 418
49527 49522 751
49527 49523 2151
49527 49524 2018
49536 49523 697
49536 49549 1080
49516 49521 837
49559 49549 650
49281 49280 1561
49281 49296 879
49281 49298 3951
49299 49296 2644
49299 49298 1221
49299 49311 1104
49311 49299 1104
49311 49301 344
49311 49317 581
49551 49317 1009
49551 49556 558
49556 49318 1067
49556 49551 558
49288 49285 1779
49288 49289 709
49270 49272 766
49273 49272 2273
49273 49280 879
49280 49273 879
49280 49276 829
49280 49281 1561
49296 49276 1458
49296 49281 879
49296 49297 752
49296 49299 2644
49301 49300 2370
49301 49306 677
49301 49311 344
49289 46276 797
49289 49288 709
49289 49290 1701
49529 49544 2752
49441 49477 6390
49565 49568 1880
49574 49572 537
49784 49787 1123
49790 49789 10155
53713 53712 435
53713 53714 828
53692 53693 4653
53766 53764 1260
53761 53765 2511
56798 53765 1136
53759 53752 1866
53757 54766 5633
54764 54776 168
54779 54776 924
54778 54782 336
141420 141421 316
141420 144222 960
141420 144223 1019
144222 141420 960
144222 144223 261
144225 144223 834
144225 144239 2310
144245 144239 758
144245 144244 1349
144252 144244 861
144252 144253 782
144418 144316 2066
144418 144417 642
144434 144316 805
144434 144317 2121
144368 144366 793
144368 144417 2150
144326 144317 719
144326 144322 1415
144326 144327 853
144347 144346 299
144347 144366 2052
144346 144347 299
144346 144367 380
144247 144249 493
144247 144253 1447
144249 144247 493
144249 144254 1444
144248 144251 847
144344 144251 2040
144344 144363 701
144345 144353 724
144345 144363 2038
144357 144353 2135
144437 144327 2227
144570 144327 804
144570 144328 1492
144332 144328 818
144332 144331 1495
144333 144331 756
144333 144331 756
144333 195551 1554
195552 195551 815
195552 195553 1381
195556 195553 801
195556 195570 1726
195571 195570 869
195571 195579 791
195579 195569 695
195579 195571 791
195579 195575 820
196337 195569 755
196337 196333 1726
196338 196333 730
196338 196340 278
196353 196340 1979
196353 196350 810
196403 196350 2602
196329 196352 1029
196351 196352 700
196340 196338 278
196340 196339 799
196340 196353 1979
196387 196385 274
196392 196384 1354
196392 196393 1965
196382 196376 1553
196382 196378 915
196374 196365 1274
196374 196370 710
196374 196378 683
151607 141417 412
189914 189913 746
189914 189915 636
189914 189951 1531
140066 140063 455
140066 140065 877
140088 140085 813
140093 140094 774
140096 140094 805
140096 140127 708
141464 140127 1775
141464 141465 551
141459 141457 2045
141460 141457 879
141460 141458 1514
141465 141458 1776
141465 141464 551
954
103765
105509
105515
103676
105486
105487
105516
105491
105496
105497
40138
40157
40159
41281
41308
41313
29224
29226
29241
29243
29021
29262
29263
29265
29266
29267
29335
29086
29337
29331
29332
29356
29059
29081
29061
34986
52992
52997
53004
56637
52965
53038
52975
52980
52987
53292
53297
53308
53303
53430
53434
53485
53487
53493
53572
29445
53582
53587
54794
54809
54811
54824
54826
55265
55268
55318
55321
55323
55345
55925
55938
53459
53458
53469
53475
53453
53454
53473
53540
53546
53557
53497
53510
53528
53526
53592
49519
49522
49523
49521
49549
49298
49317
49318
49285
49272
49276
49297
49300
49306
46276
49290
49544
49477
49568
49572
49787
49789
53712
53714
53693
53764
53765
53752
54766
54776
54782
144223
144239
144244
144316
144417
144317
144322
144366
144367
144253
144254
144251
144363
144353
144327
144328
144331
195551
195553
195570
195569
195575
196333
196350
196352
196339
196385
196384
196376
196370
196365
141417
141421
189913
189951
140063
140065
140085
140094
140127
141457
141458
189915
190015
190021
190026
190029
190032
139824
139826
140033
139819
139820
139951
139953
139994
139997
140015
140097
140102
140099
140103
190046
190083
190079
190087
190097
190111
190446
190320
190467
190473
189989
189998
189996
190562
190536
190671
190475
142195
142197
142213
142338
142343
142355
141379
141377
141376
141415
141411
142159
142162
142198
142193
141652
141656
151939
141681
151677
141692
141769
141773
142164
141770
141771
141694
141760
142151
142165
142152
55950
56021
56020
56030
56032
56049
56056
56157
56190
56206
56210
56214
56240
56244
56248
56250
56255
54486
189918
189943
196681
196682
197218
197260
197263
204075
204077
204283
204287
204290
204306
204315
204318
204363
204367
204371
204376
204374
204396
204373
207177
207183
207191
207207
207140
207142
207217
207218
195601
195600
207137
207221
207223
207195
207208
196914
214464
196932
145974
145975
146007
204052
204049
204053
204056
204072
203902
203901
204044
203644
203658
203662
203671
203882
203883
203887
207426
207429
207427
207398
207399
207415
207419
207362
207373
207372
207432
207375
195653
207152
207163
207339
207365
207479
207366
196378
196395
196393
207910
207912
207919
207939
207950
208009
208037
208050
208252
208251
208254
208258
208214
208217
208222
208235
208247
208248
208303
208309
208320
208323
208322
208347
208325
210547
210548
210562
210612
210615
210621
210637
210617
178686
178762
178664
178685
178745
178914
178890
178929
178933
186180
178901
178881
178928
177551
180314
180335
177539
163637
163215
163234
163228
163235
163236
163648
163208
184864
184980
184981
184902
184955
185002
185003
185077
166198
166257
166277
166279
166267
166258
166261
166297
166823
166210
166224
166180
166202
166227
166229
180778
180547
180549
180808
180814
180535
182399
182429
182426
182441
182438
182467
182628
182643
162172
163853
173768
173775
173767
173788
182607
182635
182634
174208
176266
174156
176288
174205
174218
176303
183959
183969
183958
183975
183990
184068
183985
184079
185033
185034
185115
185119
185166
185170
185210
174335
175050
175052
175055
175066
173908
173910
173824
174024
174479
174484
174487
174489
175079
175101
175102
174617
174505
174510
174625
174597
175194
174628
174714
174719
174718
175177
175137
174595
174809
174811
175057
175152
175411
175428
175409
175143
175244
175408
175133
175161
175587
175699
175536
185686
175164
175159
175555
175553
175532
174307
174431
174429
174486
174415
174402
174474
174201
174241
174262
174266
174226
174294
174249
174225
183838
183956
183971
184975
183983
184985
183842
183982
184987
184971
184986
184994
210638
210643
210792
210800
210802
210806
210807
210822
210880
210850
210899
210902
210926
210935
210938
211623
198875
211737
211795
211797
211734
211742
211726
211799
211727
211863
163605
163378
163430
163491
163492
163616
163730
163606
163610
162938
162940
163015
163401
163431
163426
163405
163409
161331
162762
162761
162763
162764
162742
162717
162744
211864
211867
211877
211879
163923
163930
163906
163911
163937
163991
164021
164030
163973
163996
163955
214265
211954
211978
212019
212020
212014
211975
211979
211989
212021
212015
211917
211947
211950
178724
179045
179043
179052
114565
114605
114703
114708
114470
114515
114517
114520
114532
114511
114514
115463
114690
115483
115465
115514
115286
115283
115475
116132
115536
115502
114962
115132
114969
115003
114995
115236
115251
115227
115476
115092
115300
115593
115591
115604
115619
115615
115637
110628
106790
106798
106808
106833
106988
106989
107272
107395
106385
106695
106678
106688
106602
106613
106624
106641
106550
110629
106496
106504
106266
106503
106507
113885
194062
191944
193075
192020
191702
191820
191644
191826
192876
192892
193480
107336
104443
107542
104416
107590
32607
32613
32651
6621
32460
32806
32812
32814
32817
107670
107748
32837
107797
107808
107804
107907
105826
107926
107928
107966
107821
107854
107862
107813
107860
111853
107946
107948
111798
111822
111826
111856
111877
111888
111849
111852
111928
111976
111985
33706
33603
33716
33717
33773
18179
33609
33776
33785
33786
33806
33810
33854
33857
17195
33870
33883
113196
113187
113201
17348
33866
33860
33864
33885
33888
113321
113318
113411
113309
113464
113311
113287
113290
113151
113289
113292
113203
113285
103436
113550
103433
103443
103444
103497
103501
103449
105418
103715
105416
105400
105402
103714
103727
103467
103725
103567
103569
103589
103591
103638
103650
40087
40100
40117
40097
40128
40141
40115
40107
105267
105154
105251
105560
105236
105167
103760
105507
105481
105482
105510
103674
103677
105490
105492
105502
40134
40136
40155
40033
40161
41276
41280
41292
41310
41302
29227
29020
29023
29249
29280
29258
29259
29260
29220
29087
29082
29256
29085
29060
29065
29080
52961
52967
56636
52964
52978
53279
53285
53296
53302
53305
53428
53435
56685
53495
53511
53519
53521
29048
53523
53583
53588
54806
54808
55098
55101
55255
55269
55316
55320
55327
55348
55921
55930
53451
53457
53422
53449
53468
53472
53542
53547
53550
53558
53516
53518
53525
53586
53593
53594
49518
49437
49524
49526
49527
49536
49516
49559
49281
49270
49273
49529
49441
49565
49784
53766
53761
53759
53757
54764
54778
144222
144225
144245
144252
144418
144434
144368
144326
144347
144346
144247
144249
144248
144344
144345
144357
144437
144570
144332
144333
195552
195556
195571
196337
196338
196353
196403
196329
196340
196387
196392
196382
151607
140066
140088
140093
140096
141464
141459
141460
141465
