478
103371 103369 412
103371 103370 373
112731 103369 423
112733 112730 2010
112733 112734 697
113008 113005 788
113012 113005 1945
113012 113018 836
113330 113333 1961
113348 113333 688
113348 113847 796
113347 113332 2065
113350 113338 1142
113350 113351 1955
105720 105717 905
105720 105719 1549
113351 113343 788
113351 113350 1955
113364 104315 818
113364 105717 2229
104327 104315 1446
104327 104328 924
104327 113377 2065
113377 104327 2065
113377 104332 924
113377 113385 2065
113384 113385 796
113402 113385 1116
113407 113420 657
113011 112783 1022
113011 112787 2147
113011 113010 1466
113013 103331 475
113013 112788 475
113010 113009 452
113010 113011 1466
113018 113009 1809
113018 113012 836
103302 103331 279
113055 113051 333
113843 113052 556
103320 103321 604
103320 112718 889
103320 112720 252
112767 112789 975
112776 112775 2004
112776 112780 3438
112810 112811 924
112810 113052 2335
103311 103312 536
103311 103313 788
103315 103313 1410
103315 103316 344
104522 104506 1983
104522 104523 796
104530 104523 2044
104502 104332 2066
104502 113385 924
104330 104331 1115
104330 104332 905
104330 104505 1031
104504 104505 2093
104504 104506 924
104611 104594 980
104611 104610 1593
104524 104510 1930
104524 104523 924
104524 104525 905
104538 104525 1496
104526 104519 1901
104526 104525 818
104519 104518 818
104519 104526 1901
104517 104438 1274
104517 104562 673
104517 104567 435
104567 104517 435
104567 104563 788
104434 104433 201
104434 104435 418
113911 104595 910
104428 104429 939
104435 104434 418
104435 104436 884
39797 39597 2432
39800 39602 877
39800 39802 672
39810 39803 1009
39810 39809 511
39608 39607 2633
39608 39609 927
39610 39575 976
39610 39606 2706
39609 39539 2706
39609 39608 927
39609 39611 612
39624 39623 3604
39626 50253 766
39805 39605 884
39805 39804 1280
39805 39806 975
39809 39806 951
39809 39810 511
39605 39603 1353
39605 39805 884
39780 39779 697
39780 39782 2550
39792 39782 676
39794 39597 750
104760 104759 679
104755 39434 667
104755 104754 827
104801 104820 252
104822 104821 605
104822 104869 452
104824 104825 516
104824 104971 336
104971 104824 336
104971 104825 418
104940 104939 806
104940 104941 1609
104940 104944 947
104948 104953 2368
104948 105050 1009
105054 105055 833
105054 105063 1209
105049 105050 1015
104610 104611 1593
104459 105046 1615
105046 104459 1615
39656 39662 697
39662 39656 697
39648 39665 1085
39665 39648 1085
41008 41020 2381
41020 41008 2381
41054 41136 673
41136 41054 673
40864 40645 2368
40892 40895 2559
40895 40892 2559
40645 40864 2368
40985 40981 933
40981 40985 933
40984 41662 1344
41662 40984 1344
55455 55457 948
48659 48664 1027
48664 48659 1027
48664 48681 1303
48681 48664 1303
48788 48789 738
48789 48788 738
49068 49069 558
49069 49068 558
48966 48967 1228
48967 48966 1228
49111 49110 713
49110 49111 713
129928 131885 1484
131885 129928 1484
54401 54402 789
54402 54401 789
53851 53852 984
53852 53851 984
53795 53796 3291
53796 53795 3291
53833 53926 418
53926 53833 418
55158 55197 837
55197 55158 837
144477 142524 2367
144477 144485 2554
144485 144477 2554
144485 144522 2737
144522 144485 2737
150684 150402 1592
150402 150684 1592
142316 142318 774
142524 144477 2367
142318 142288 752
142318 142316 774
141645 141917 552
141917 141645 552
142560 142568 552
142568 142560 552
142288 142318 752
55457 55455 948
56131 55480 2321
55480 56131 2321
204673 204688 857
204688 204673 857
204688 204691 1500
204691 204688 1500
204738 204740 349
204740 204738 349
145326 145328 1132
145328 145326 1132
145328 145329 1003
145329 145328 1003
145337 145487 1246
145487 145337 1246
145560 145561 774
145561 145560 774
145561 145570 851
145570 145561 851
145404 145406 740
145747 145746 762
145746 145747 762
145406 145404 740
145814 145815 654
145815 145814 654
146043 146044 762
146044 146043 762
146049 146060 552
146060 146049 552
146060 146061 330
146061 146060 330
151539 151542 859
151542 151539 859
203778 203780 773
203780 203778 773
203809 203813 884
203813 203809 884
204416 204427 914
204427 204416 914
208526 208120 1129
208120 208526 1129
208564 208565 793
208565 208564 793
208176 208175 960
208175 208176 960
208177 208121 834
208121 208177 834
207795 207799 821
207799 207795 821
208195 208409 1963
208409 208195 1963
210758 210757 1593
210757 210758 1593
210757 210772 1936
210772 210757 1936
166524 166529 893
166529 166524 893
166664 166663 1907
167077 167078 1396
167078 167077 1396
166663 166664 1907
152395 152393 2484
180423 180424 1363
180424 180423 1363
173602 173603 551
173603 173602 551
181929 181944 599
181944 181929 599
182205 182209 1161
182209 182205 1161
152393 152395 2484
176437 176447 1263
173635 173637 1137
173637 173635 1137
176447 176437 1263
176454 176459 2233
176459 176454 2233
155512 155513 552
155513 155512 552
175988 175989 2283
175989 175988 2283
175876 175885 861
176998 176999 1602
176999 176998 1602
175844 175835 849
176102 176099 677
176099 176102 677
175885 175876 861
175835 175844 849
176888 176887 789
176887 176888 789
211410 211409 998
211412 211417 765
211417 211412 765
211440 212061 1264
211011 211026 522
211026 211011 522
211325 211349 709
211349 211325 709
211409 211410 998
165294 165295 789
165295 165294 789
165020 165019 333
165019 165020 333
164382 164366 630
164366 164382 630
164413 164466 1447
164466 164413 1447
212061 211440 1264
211475 211473 836
211473 211475 836
212422 212431 359
212431 212422 359
114918 114903 4018
114903 114918 4018
107026 106920 796
106920 107026 796
115989 116003 1780
116003 115989 1780
115999 115996 796
115996 115999 796
109869 109883 950
109883 109869 950
110967 110965 696
110965 110967 696
111460 111467 168
111465 111466 511
111466 111465 511
111467 111460 168
111591 111583 893
111583 111591 893
112141 112142 905
112142 112141 905
111757 111774 672
111767 111749 840
111774 111757 672
111677 111678 354
111678 111677 354
111749 111767 840
112174 112179 252
112179 112174 252
112190 112194 1014
112194 112190 1014
112194 112214 672
112728 103370 417
103368 103369 732
103368 103370 279
103368 112730 750
112719 112730 2010
112214 112194 672
103369 103368 732
103369 103371 412
103369 112731 423
103370 103368 279
103370 103371 373
103370 112728 417
112730 103368 750
112730 112719 2010
112730 112733 2010
112734 112733 697
113005 113008 788
113005 113012 1945
113333 113330 1961
113333 113332 782
113333 113348 688
113847 113348 796
113332 113333 782
113332 113338 1004
113332 113347 2065
113338 113332 1004
113338 113350 1142
105717 105720 905
105717 113364 2229
105719 105720 1549
105719 113343 818
113343 105719 818
113343 113351 788
104315 104327 1446
104315 113364 818
104328 104327 924
104328 104332 2065
104332 104328 2065
104332 104330 905
104332 104502 2066
104332 113377 924
113385 104502 924
113385 113377 2065
113385 113384 796
113385 113402 1116
113420 113407 657
112783 113011 1022
112787 112788 452
112787 113011 2147
103331 103302 279
103331 113013 475
112788 112787 452
112788 113013 475
113009 113010 452
113009 113018 1809
113051 113052 629
113051 113055 333
113052 112810 2335
113052 113051 629
113052 113843 556
103321 103320 604
112718 103320 889
112720 103320 252
112789 112767 975
112775 112776 2004
112780 112776 3438
112811 112810 924
103312 103311 536
103313 103311 788
103313 103315 1410
103316 103315 344
104506 104504 924
104506 104522 1983
104523 104522 796
104523 104524 924
104523 104530 2044
104331 104330 1115
104505 104330 1031
104505 104504 2093
104594 104595 163
104594 104611 980
104510 104524 1930
104525 104518 1901
104525 104524 905
104525 104526 818
104525 104538 1496
104518 104519 818
104518 104525 1901
104438 104517 1274
104562 104517 673
104562 104563 1029
104563 104562 1029
104563 104567 788
104433 104434 201
104595 104594 163
104595 113911 910
104429 104428 939
104436 104435 884
39597 39794 750
39597 39797 2432
39602 39800 877
39802 39800 672
39802 39803 1152
39803 39802 1152
39803 39806 747
39803 39810 1009
39607 39539 884
39607 39606 697
39607 39608 2633
39575 39610 976
39606 39607 697
39606 39610 2706
39539 39607 884
39539 39609 2706
39611 39609 612
39611 39623 650
39623 39611 650
39623 39624 3604
50253 39626 766
39804 39603 927
39804 39805 1280
39806 39803 747
39806 39805 975
39806 39809 951
39603 39605 1353
39603 39804 927
39779 39780 697
39782 39780 2550
39782 39792 676
104759 104760 679
39434 104755 667
104754 104755 827
104820 104801 252
104821 104822 605
104821 104869 884
104869 104821 884
104869 104822 452
104825 104824 516
104825 104971 418
104939 104940 806
104941 104940 1609
104944 104940 947
104953 104948 2368
105050 104948 1009
105050 105049 1015
105055 105054 833
105063 105054 1209
983
103371
112731
112733
113008
113012
113330
113348
113347
113350
105720
113351
113364
104327
113377
113384
113402
113407
113011
113013
113010
113018
103302
113055
113843
103320
112767
112776
112810
103311
103315
104522
104530
104502
104330
104504
104611
104524
104538
104526
104519
104517
104567
104434
113911
104428
104435
39797
39800
39810
39608
39610
39609
39624
39626
39805
39809
39605
39780
39792
39794
104760
104755
104801
104822
104824
104971
104940
104948
105054
105049
105031
105058
104610
104459
105021
105046
105017
105033
39578
39614
39649
39618
39620
39656
39662
39648
39679
39455
39689
39665
39686
39696
39737
39750
40507
40511
41008
40524
41020
40516
41029
41054
41136
41138
41143
41144
40565
40581
40637
40864
40866
40875
40880
40892
40895
40897
40970
41346
41350
41351
40969
40975
40638
40645
40985
40989
40981
40984
41661
41662
41665
55131
55213
55217
55218
55385
55401
55395
55397
55435
55438
55449
55455
48397
41657
48422
48430
48604
48659
48664
48681
48415
48691
48744
48755
48758
48753
48762
48769
48773
48788
48789
48791
48815
49127
49088
49125
48926
48923
49057
49068
49077
49081
49069
48925
48966
48967
49102
49111
49110
49020
49022
49023
49192
49182
49607
49614
49615
49618
48333
131404
131411
131408
131664
131670
131823
131893
132524
49702
50489
49699
129928
131885
131895
131881
131883
54340
54334
54343
54439
54441
54491
54510
54391
54401
54402
56724
54498
54507
54669
54653
49674
53851
53854
53852
53856
53858
53795
53796
53833
53926
53929
55142
55157
55158
55197
55203
144477
144485
144522
144530
144535
144611
144619
144621
144649
144658
145276
145280
213720
139896
150684
139897
150402
150593
150624
150586
150632
150589
145283
150678
140183
140185
140200
140264
140267
141574
141576
142316
142322
142490
142486
142514
142517
142524
142318
141591
141645
141917
141918
142010
142020
142027
142030
142040
142049
142559
142560
142568
142572
142602
142288
142330
142606
55457
56102
56112
56119
56131
55480
56142
204660
204668
204673
204688
204691
204738
204740
204765
207793
207787
207709
207732
207710
207718
207733
144672
145289
144746
144745
144751
145304
144749
139772
196745
145282
145320
145331
145326
145328
145329
145337
145487
145505
145504
145513
145560
145561
145570
145403
145404
145401
145747
145746
145584
145588
145585
145590
145406
145426
145430
145808
145814
145815
145835
145837
145844
146043
146044
146049
146060
146061
146065
151453
151539
151540
151469
151471
151518
151528
151542
151458
151487
151527
151532
151526
203778
204504
203780
203809
203813
203827
203828
204408
204416
204427
204432
204488
204489
204436
208526
208527
208120
208537
208541
208532
208542
208564
208559
208565
208569
208574
208176
208175
208177
208121
207795
207799
207839
207864
214692
208554
208180
208191
208195
208409
208419
208469
208474
208493
208497
208499
210705
210707
210728
210758
210757
210736
210734
210772
210773
180633
180676
180252
185568
180301
185570
176648
180642
180648
166500
166498
166517
166520
166524
166529
166534
166574
166692
166646
166673
166679
166664
166670
166642
166697
166696
166700
167075
167179
167160
167172
167077
167078
166663
166713
167006
167069
167015
167071
166957
166382
167134
167144
167150
167158
152395
162549
180650
180783
180683
180492
180644
180385
180400
180405
180445
179693
179699
180436
180439
180423
180424
180481
180478
180428
185268
173602
173603
185270
181987
182173
181921
181929
181944
182134
182138
182151
182158
182204
182205
182208
182209
181994
182350
182351
173611
152188
152259
166384
166968
152262
152393
152406
164060
152295
152887
176426
176435
176433
176437
152930
152306
152217
152894
152900
186061
185775
173870
173566
173569
173635
173660
173662
173719
176678
185766
185985
173831
173836
173885
173637
173921
176447
152912
176454
174680
175321
175316
175320
153028
175318
176459
152021
152047
152045
155515
155512
155513
175368
174679
175328
175967
175950
175998
175496
176484
175958
176482
175944
175988
175989
175492
155684
175488
175493
152030
152038
152056
152053
175911
175970
175965
175443
175846
175830
175854
175876
175901
176972
176974
176998
176999
177002
177005
177007
176936
176949
177026
175844
175889
176094
176102
176099
176072
176084
176095
176071
175885
176037
176038
175894
176068
176053
176101
175808
175811
175814
175835
176060
175726
175788
175789
175777
175799
176669
176775
176772
176888
176887
176893
176882
176901
174826
174991
174988
185791
175019
175030
210741
210994
210997
211410
211412
199594
211417
211440
211005
211009
211011
211026
211325
211349
211409
165028
166439
166444
166430
163761
165216
165041
165088
165260
165294
165304
165295
165240
165247
165244
165253
165292
165299
165315
165297
165307
166456
166464
166459
166457
166468
164995
165016
165012
165014
165023
165020
165017
165019
172656
163063
165128
165127
172685
172686
164375
164449
164459
165167
172679
164382
164336
164366
164369
164370
164427
164408
164424
164413
164466
164471
161385
161381
161377
161379
164526
164255
164338
164340
164343
164345
164523
164566
164557
164543
164573
164555
164709
164530
164540
164551
212061
212093
211464
211470
212109
211444
212192
198867
211475
211473
212365
212366
212237
212435
212437
212423
212422
212431
114637
114645
114387
116164
114585
114589
114599
114043
116257
119153
119349
119415
119423
119421
119424
114844
91977
114918
114903
114931
114927
115023
115029
92109
92135
92203
115338
115401
115330
115431
115433
115395
115429
115436
115713
115670
115690
115726
115443
105812
107026
106979
107043
106956
107134
107369
107370
107373
107293
107131
107231
107381
107287
109506
107489
107506
107332
109503
92814
92908
102820
92838
92904
106711
106740
106922
106920
105815
115987
115989
116003
116008
115999
92755
115996
191914
191511
191792
191736
192760
191936
191940
191838
191774
192779
192782
192981
193120
192982
192984
193132
194067
109457
109782
109789
109855
109862
109869
109883
107770
110992
110948
109841
110967
111097
111095
111173
111192
110965
111319
111458
111460
103343
111465
103342
111466
111467
111221
111223
111233
111902
112033
111554
112036
111552
111548
111550
111591
111583
112066
112071
112085
111723
112141
112142
112156
112167
112229
111757
111767
111774
111733
111677
111678
112585
112648
111737
111749
112611
111773
112174
112179
112184
112190
112194
112188
112607
112728
103368
112719
112696
112704
112214
112730
112734
113005
113333
113332
113338
105717
105719
113343
104315
104328
112783
112787
103331
112788
113009
103321
112718
112720
112789
112775
112780
112811
103313
104506
104523
104331
104505
104510
104518
104438
104562
104563
104433
104429
39597
39602
39802
39575
39606
39539
39611
39623
50253
39804
39806
39603
39779
39782
104759
39434
104754
104820
104821
104825
104939
104941
104944
104953
105050
105055
105063
