4582
227784 227783 1427
227784 227788 1796
227784 227789 1222
227809 227804 1759
227809 227812 584
227810 227811 1805
227810 227819 1808
227824 227823 2201
227824 227825 712
228977 228991 2318
234857 234862 1020
226036 226037 3328
226036 226281 865
229426 229431 502
229428 229415 1796
229428 229429 847
229087 229081 398
229087 229083 335
229124 229123 884
229124 229139 1248
234849 235581 1131
228113 228112 1865
228113 228114 1466
229096 228114 753
229096 229097 251
229097 228087 1004
229097 229096 251
229101 229092 1344
228099 228098 1523
228099 228101 1423
228104 228054 346
228108 235430 1074
228055 228053 3115
228055 228103 475
228101 228099 1423
228101 228111 709
228051 228046 1000
228051 228120 445
228130 228131 1780
229434 229448 1990
229434 229453 1677
227937 227936 845
227937 227938 562
227939 227926 905
227939 227932 679
227992 227993 672
227992 227994 1344
227944 227994 445
227929 227927 1271
227929 227930 636
228332 228330 786
228332 228330 786
228332 228481 1006
228485 228493 1633
228485 228496 1583
227997 227995 1780
227997 228000 837
228000 227997 837
228000 228003 1336
228000 228006 1172
228011 228006 1897
227990 227987 4601
227990 234884 479
228153 228138 983
228153 228180 2179
228013 228012 251
228168 228167 1004
228168 228180 1088
228181 228180 1004
228165 228137 1344
228165 228166 889
228167 228166 1261
228167 228168 1004
228443 228444 2094
228443 228752 1021
228421 228420 1336
228421 228423 445
228425 228423 1225
228494 228495 899
228494 228498 643
228498 228491 311
228498 228492 481
228498 228494 643
228509 228506 1035
228509 228510 900
226953 226863 9840
226953 226961 1403
226953 227135 177
227010 227439 663
227010 234448 2488
227207 227191 1111
228213 227191 4536
228214 228216 1165
228214 228217 1256
228220 226266 1172
228220 227497 1004
228220 228222 2866
233596 232840 4283
233596 233593 2156
226248 226249 945
226248 226265 1320
226249 226248 945
226249 228238 2113
228204 228205 920
228292 228291 1124
228300 228301 562
228328 228327 2002
228369 228372 770
228369 228374 1402
228268 235288 815
228268 235289 1307
228270 228266 1148
228271 228272 1847
228271 228276 1568
228271 228277 4218
228387 228391 1276
228444 228443 2094
228444 228583 2148
228426 228414 981
228426 228427 1161
228463 228464 675
228463 228466 1772
228465 228466 1011
228469 228460 905
6871 6865 1916
6871 6872 641
7708 6870 1374
7708 7709 3839
7708 7710 2582
7727 7728 448
7729 7730 1376
230875 230867 1452
226253 226254 3057
226308 226306 1004
226308 226311 3566
226336 226337 1962
226157 226148 2167
226157 226155 610
226093 226092 905
226093 226114 1426
226093 226147 1009
226125 226121 905
226125 226123 237
226146 226145 1028
226146 226148 1829
226147 226093 1009
226147 226145 1336
226126 226121 678
226126 226127 1114
226197 226127 2511
226197 226130 1026
226173 226172 1004
226169 226150 1762
226169 226167 905
226170 226167 1092
226170 226171 678
226431 226432 1466
226431 226435 1254
226436 226435 1906
226436 226445 1092
226445 226436 1092
226445 226444 4236
226451 226453 409
226455 226458 803
226455 234461 1679
226470 226467 761
226470 226468 1447
226476 226458 473
226476 226477 411
226472 226468 785
226485 226547 3350
226485 226553 1672
226556 226555 1004
234680 234681 1612
226286 226287 1343
226286 226287 1343
229442 229443 3042
229442 229444 2889
229462 229461 2750
229462 229546 1256
229459 229452 1339
229459 229460 1004
229463 229451 2845
229463 229461 1004
229466 229454 2513
229466 229460 1000
7996 8027 561
7996 8030 2727
34948 7738 1980
7977 7974 1367
8089 8090 787
8089 8095 662
8044 8046 1507
8044 8046 1507
8050 8032 659
8050 8046 584
8133 8134 1209
8133 8154 369
8055 8054 1501
8121 8120 1449
8121 8120 1449
8063 8058 2148
34201 8060 2157
8059 8021 466
8059 8061 1113
8066 8067 627
8066 8068 2323
8068 8066 2323
8068 8224 688
8068 8226 2253
8243 8226 1341
8243 8246 679
8247 8246 401
8247 8248 786
8258 8248 123
8258 8260 393
8355 8265 2525
8355 8358 638
8356 8357 970
8356 8358 1333
8357 8356 970
8357 8359 1290
8370 8369 786
8370 8371 3045
8449 8450 804
8514 8510 294
8514 8520 1108
8521 8513 686
8521 8520 742
8521 8523 1406
9166 8523 793
9166 9168 723
9166 9172 1537
9168 9166 723
9168 9173 1547
8456 8457 811
8456 8458 2068
8484 8458 1052
8484 8488 808
8487 8488 1155
8487 8489 629
9515 9516 1919
9515 9518 2296
9519 9518 1879
9524 9526 1134
9524 9527 1147
9555 9532 1529
9555 9559 1778
9575 9572 293
9575 9579 1023
9572 9574 350
9572 9575 293
9573 9554 2036
9573 9570 1137
16483 16480 677
16483 16485 1195
16484 16485 1359
16484 16487 912
16493 16489 393
16493 16519 236
16519 16493 236
16519 16525 3915
16520 16521 1155
14357 14355 208
14357 14356 67
16530 16521 1766
16897 16535 913
16897 16894 1769
16898 16899 249
16898 16901 864
16918 16916 386
16918 16919 793
16918 16920 529
9650 9651 2253
16744 16726 1506
16557 16501 1497
16558 16500 640
16541 16538 1591
16541 16546 793
16909 16905 1712
16909 16907 945
16907 16905 1826
16907 16909 945
16751 16753 754
16797 16556 319
16815 16796 660
16818 16817 1214
16836 16830 1386
16836 16837 624
9847 9781 732
9847 34486 787
9855 9792 1014
9866 9857 1296
9866 9865 2243
9865 9792 1424
9865 9849 1284
9865 9866 2243
9870 9857 397
9880 11336 1867
11374 11336 1076
11374 11375 1448
11384 11355 143
11384 11383 620
11383 11384 620
11383 11388 230
11391 11390 1527
11412 11390 923
11406 11364 893
11406 11407 782
11424 11414 1085
12326 12329 671
12326 12348 1675
12329 12326 671
12329 12349 1225
12361 12363 839
11430 11426 1515
11430 11431 889
11432 11421 1343
11432 11426 889
11432 22300 84
12351 11434 1007
12351 12352 504
12370 12358 588
12370 12371 3005
12370 12372 839
12407 12409 503
12374 12372 671
12374 12375 2894
12410 12375 671
12447 12444 2557
12447 12448 598
12450 12445 504
11317 11316 1091
11317 11476 796
11480 11576 333
11480 11689 1259
11711 11685 491
11484 11476 839
11502 34597 204
11557 11556 238
11535 11534 924
11535 11556 672
12448 11534 2018
12448 12447 598
12448 34447 741
11712 11708 756
11722 11706 735
11724 11721 756
11724 11725 1004
11702 11701 1234
11702 11735 672
11702 11740 2118
11703 11701 756
11721 11699 764
11721 11706 1447
11721 11724 756
11740 11702 2118
11740 11737 764
11739 11631 1600
11739 11738 782
11739 11744 778
11747 11744 420
11747 11748 3565
11751 11748 681
11751 11863 1445
11738 11624 1344
11738 11737 889
11738 11739 782
11640 11638 796
11640 11642 782
11641 11638 1595
11641 11645 333
11646 11648 778
11669 11648 2363
11669 11870 672
11669 11881 1260
11748 11645 2271
11748 11747 3565
11748 11751 681
11664 11661 930
11664 11662 1675
11670 11663 1004
11670 11868 1008
11671 11672 628
11671 11681 1357
11672 11671 628
11672 22654 1344
11935 23260 1114
11935 23294 1282
11944 11945 2283
11944 11950 445
11955 11950 2953
11953 11952 3702
11953 11961 713
12069 12063 750
12069 12072 1022
12069 34136 3104
12084 12074 951
12084 12076 1357
12086 12076 1226
12178 12169 2411
34364 34368 1136
34364 34371 881
12170 12169 434
34363 12172 162
12173 12171 393
12000 11998 708
12000 11999 1220
12000 12002 1932
12004 11999 750
12004 12003 610
12163 12162 612
12163 12166 938
12165 12019 847
12165 12166 983
12005 12003 750
12005 12162 950
12002 12000 1932
12002 23409 629
12012 12011 893
12012 12013 1481
12012 23415 826
12013 12012 1481
12013 12015 737
12016 12015 2223
12016 23423 1612
12024 12023 889
12024 23420 1223
12208 12210 2138
12027 12023 1496
12027 12209 1322
28480 28489 1481
23491 23492 447
23491 23552 406
23525 23524 2833
23525 23587 1120
23599 23590 806
23593 23592 1102
23593 23597 1906
23617 23616 676
23617 23618 747
23622 23618 2414
23622 23631 884
23633 23631 536
23633 23637 452
23597 23593 1906
23597 23595 337
23639 23634 1281
23639 23637 672
24220 24218 737
24220 24222 2229
24310 24222 737
24310 24256 1533
24310 24313 737
24217 24215 806
24217 24218 3205
24329 24315 1273
24202 24201 1066
24207 14373 597
24207 14379 759
23634 23624 1182
23634 23637 1258
23634 23639 1281
23635 23585 1304
24179 24146 931
24179 24181 1932
24186 24182 893
24186 24190 1481
24316 24312 1585
24316 24315 354
24316 24317 737
24323 24319 806
24323 24324 1102
24326 24321 738
24326 24327 2216
24326 24328 751
24317 24316 737
24317 24319 1585
24317 24332 1066
24328 24326 751
24328 24344 809
24328 24349 2139
24339 24343 676
24339 24344 1854
24342 24343 1501
24342 24936 1409
24935 24936 847
24935 24937 847
24935 24941 1475
24938 24937 788
24938 24939 1073
24949 24939 796
24949 24955 2749
25004 24955 836
25009 25008 1494
25025 25030 806
25025 25048 2248
25026 25051 2016
12989 12990 95
12989 15972 249
188075 188076 2082
188075 188105 842
188107 188108 851
188107 188171 1265
188076 188075 2082
188076 188103 916
187643 187642 795
187643 187653 812
187641 187642 1600
187641 188097 769
187641 188103 1879
187645 187647 899
187645 187657 1652
187654 187653 800
187654 187655 2408
187647 187645 899
187647 187649 1670
187652 187651 1196
190681 190142 3834
190684 190683 1110
190150 190149 14736
190150 190151 3373
188300 188297 786
188300 188303 1315
188302 188301 293
188302 188337 492
188291 188290 418
188291 188294 293
188291 188305 298
188291 188334 183
188337 188302 492
188337 190784 458
134203 139610 1432
135145 135152 1160
135145 135154 146
135151 135152 2216
135151 135159 827
134205 134204 581
134205 139593 2594
135229 135256 1918
135230 135223 2028
135230 135232 476
135231 135237 672
135231 135255 893
135162 135159 1225
135162 135170 870
135162 135227 1458
135226 135222 688
135226 135227 870
135221 135222 682
135221 135223 2002
188180 188171 802
188180 188183 2671
188190 188183 908
188190 188195 2795
188194 188195 834
188194 188297 3113
135124 135123 333
135139 135153 983
135139 135154 1254
135140 135153 2614
135140 135156 629
135177 135156 1220
135177 135178 1353
135180 135178 747
135180 135181 1180
135189 135185 1085
135189 135190 1456
135192 135181 1022
135192 135190 983
135192 135195 676
135185 135189 1085
135185 135191 1427
135186 135191 1258
135374 135382 818
135367 135194 1426
135376 135194 751
135376 135198 847
135392 135393 1188
135388 135390 713
135400 135395 1167
135458 135454 1559
135458 135459 1612
135465 135459 950
136273 136275 760
136277 136237 1180
136277 136289 713
135477 135473 765
135477 135478 728
135478 135477 728
135478 136215 188
136211 136215 1362
136211 136216 1345
136231 136230 1307
136231 136232 1268
136233 132589 847
136233 136235 1426
136271 132590 794
136290 136285 2226
136290 136289 1015
136301 136300 1022
136301 136302 1375
136304 136302 951
136304 136306 2668
136321 132771 333
136321 136306 848
132771 132770 542
132771 132772 2357
132771 136321 333
136451 136452 682
136474 136475 927
136474 136476 847
136474 136483 889
136479 136478 514
136480 136482 518
136480 136517 1702
136392 136389 2613
136392 136391 612
136392 136462 1394
136393 136389 421
136393 136394 557
136393 136395 925
136538 136540 751
136543 136475 889
136543 136540 1394
136543 136544 1906
136512 136517 420
136512 136520 1293
136513 136520 709
136513 136523 2407
136513 136533 757
136516 136526 1281
136455 136452 765
136455 136459 2226
136455 136460 809
136460 136455 809
136460 136462 2090
136854 136846 3079
136854 136855 2248
136855 136847 3144
136855 136854 2248
136855 136856 2248
137822 137823 274
137822 137831 765
137832 136845 1193
137832 137835 2468
137830 137831 1576
137857 137831 951
137857 137834 1395
137862 137861 709
137862 137863 932
137862 137865 2623
137863 137862 932
137863 137866 1585
137863 137867 2481
137878 137866 1205
137878 137877 517
137878 137938 474
137938 137878 474
137938 137941 2044
137944 137941 789
137944 137946 2262
137954 137946 765
137954 137961 2468
137964 137969 560
137964 137973 887
137964 137974 927
137963 137961 765
137963 137966 2371
137963 137973 897
138568 138564 1159
138568 139670 963
138565 138564 765
137974 137964 927
137974 137973 386
137974 137976 751
137976 137974 751
137976 137983 1686
137976 137984 1867
137984 137976 1867
137984 137983 589
137984 137986 927
137986 137984 927
137986 139637 95
138566 138576 2371
138566 138577 765
138567 138577 1357
138571 138569 932
138571 138573 2371
138575 138573 932
138611 138612 1014
139314 139315 688
139314 139320 1116
139140 139164 870
139140 139165 1322
139149 139165 751
139157 139164 1085
139167 139164 905
139167 139169 1349
139178 139169 689
199666 199665 2222
199666 199667 2354
199666 199668 1375
199665 199666 2222
199665 199667 1074
199665 199687 2273
199685 199687 637
199685 214973 365
199728 199729 93
199728 199730 1536
199635 199636 1250
199635 199646 1079
199651 199654 986
199653 199652 753
199653 199654 1908
199653 199800 1499
199656 199658 1047
199656 199805 1751
199721 199658 2885
199721 199722 1765
199721 199723 944
199804 199657 499
199804 199805 860
136219 136286 1585
136219 139209 148
139206 136286 140
135472 135471 783
139247 135471 701
139247 139246 365
139319 139320 589
139319 139322 1695
139324 139322 551
134885 134884 408
134885 139328 616
134884 134885 408
134884 134886 454
139348 134886 474
139348 139351 1576
139348 139352 403
139352 139348 403
139352 139353 1622
139363 139364 927
139363 139366 878
139508 139509 827
139508 139511 2350
139265 139266 203
139265 139267 302
139285 139220 2348
139287 139627 112
139517 139516 950
139532 139534 3000
139488 139489 2479
139488 139490 713
229456 229454 1559
225316 225254 702
225316 225317 3777
234396 234407 225
225264 225111 3787
225264 225140 4213
225264 225143 905
225280 225143 3956
225263 225260 144
225263 225265 757
234283 225836 234
225954 225952 205
225954 235496 849
225952 225953 1004
225952 225954 205
225966 225967 1142
225966 225970 644
225926 225927 484
225926 225975 421
226109 234256 243
226229 226023 3017
226229 226230 883
226239 226241 1157
226239 226242 2324
226027 235174 841
225305 225296 2912
225305 225307 549
225312 225311 1635
227713 227710 1906
227713 227711 785
227783 227755 335
227783 227774 3449
227783 227784 1427
227788 227784 1796
227789 227784 1222
227789 227785 927
227789 227791 2126
227804 227805 782
227804 227806 1527
227804 227809 1759
227812 227809 584
227812 227811 773
227811 227810 1805
227811 227812 773
227811 227821 1166
227819 227810 1808
227819 227821 1530
227819 227823 1380
227823 227819 1380
227823 227824 2201
227825 227824 712
227825 227826 672
228991 228977 2318
234862 234857 1020
226037 226036 3328
226281 226036 865
226281 226279 3560
226281 226285 2091
226281 229411 1891
229431 229426 502
229415 229408 1900
229415 229428 1796
229415 229447 1928
229429 229428 847
229429 229447 2717
229429 229448 712
229081 229079 607
229081 229087 398
229083 229082 1004
229083 229087 335
229123 229085 3203
229123 229124 884
229123 229125 1546
229139 228968 1004
229139 229124 1248
229139 234847 1897
235581 228951 2463
235581 234849 1131
235581 235582 334
228112 228085 761
228112 228113 1865
228112 228114 1111
228114 228112 1111
228114 228113 1466
228114 229096 753
228087 228086 2771
228087 228093 1004
228087 229097 1004
229092 229091 950
229092 229101 1344
229092 229110 335
228098 228041 475
228098 228054 2798
228098 228099 1523
228054 228050 3461
228054 228098 2798
228054 228103 672
228054 228104 346
235430 228108 1074
228053 228049 1222
228053 228050 1225
228053 228055 3115
228103 228054 672
228103 228055 475
228111 228085 1771
228111 228101 709
228046 228044 1891
228046 228049 1011
228046 228051 1000
228120 228051 445
228120 228122 222
228131 228130 1780
228131 228133 4243
228131 228135 811
229448 229429 712
229448 229434 1990
229448 229449 1055
229448 229452 1844
229453 229434 1677
229453 229449 610
229453 229454 475
227936 227926 782
227936 227935 1004
227936 227937 845
227938 227937 562
227926 227924 1844
227926 227936 782
227926 227939 905
227932 227925 753
227932 227933 889
227932 227939 679
227993 227992 672
227994 227944 445
227994 227992 1344
227927 227928 640
227927 227929 1271
227927 227931 941
227930 227929 636
228330 228329 762
228330 228332 786
228330 228332 786
228481 228332 1006
228493 228338 921
228493 228339 2171
228493 228485 1633
228496 228485 1583
228496 228491 554
228496 234618 1833
227995 227969 889
227995 227997 1780
227995 228002 670
228003 228000 1336
228003 228002 475
228003 228004 1088
228006 228000 1172
228006 228004 1344
228006 228011 1897
228006 228012 679
227987 227986 474
227987 227988 1083
227987 227990 4601
234884 227990 479
228138 228137 950
228138 228153 983
228138 228166 1678
228180 228153 2179
228180 228166 893
228180 228168 1088
228180 228181 1004
228012 228006 679
228012 228013 251
228137 228134 556
228137 228138 950
228137 228165 1344
228166 228138 1678
228166 228165 889
228166 228167 1261
228166 228180 893
228752 228443 1021
228420 228408 4105
228420 228421 1336
228420 228422 1089
228423 228421 445
228423 228424 762
228423 228425 1225
228495 228494 899
228491 228492 286
228491 228496 554
228491 228498 311
228491 228507 750
228492 228491 286
228492 228498 481
228492 228505 667
228506 228507 986
228506 228508 832
228506 228509 1035
228510 228508 1163
228510 228509 900
228510 228549 1179
226863 226849 2417
226863 226953 9840
226961 226953 1403
226961 226962 3246
226961 226971 2013
227135 226953 177
227135 227139 1200
227439 225705 289
227439 227010 663
227439 232840 2236
234448 227010 2488
227191 227138 6316
227191 227207 1111
227191 227209 893
227191 228213 4536
228216 228214 1165
228216 228218 1322
228216 228219 2525
228217 227219 1696
228217 228214 1256
228217 228218 1304
226266 226265 2336
226266 228220 1172
226266 228235 556
227497 227498 159
227497 228220 1004
227497 228241 4057
228222 228220 2866
232840 227439 2236
232840 233593 2470
232840 233596 4283
233593 232840 2470
233593 233596 2156
233593 233887 977
226265 226248 1320
226265 226266 2336
226265 228205 1198
228238 226249 2113
228238 228241 1358
228238 228287 1689
228205 226265 1198
228205 228204 920
228205 234391 712
228291 228290 862
228291 228292 1124
228291 228299 1299
228301 228299 1004
228301 228300 562
228327 228325 1111
228327 228328 2002
228372 228369 770
228372 228398 205
228374 228369 1402
235288 228268 815
235289 228268 1307
228266 228264 3011
228266 228270 1148
228266 228275 847
228272 228271 1847
228276 228271 1568
228276 228273 1955
228276 235436 1725
228277 228271 4218
228391 228387 1276
228583 228444 2148
228583 234743 436
228583 234744 911
228414 228411 1572
228414 228416 3534
228414 228426 981
228427 228426 1161
228427 228429 1425
228427 228431 706
228464 228463 675
228466 228463 1772
228466 228465 1011
228466 228467 672
228460 6855 308
228460 228469 905
6865 6856 3114
6865 6864 2353
6865 6871 1916
6872 6866 1561
6872 6871 641
6872 6873 976
6870 6869 3802
6870 7656 5168
6870 7708 1374
7709 7708 3839
7709 7710 2405
7709 7711 1461
7710 7708 2582
7710 7709 2405
7710 7714 2385
7710 7716 445
7728 7717 747
7728 7727 448
7730 7729 1376
7730 7736 3131
7730 7974 1844
230867 230863 403
230867 230869 660
230867 230875 1452
226254 226253 3057
226254 226255 333
226254 226258 502
226306 226259 2002
226306 226307 1717
226306 226308 1004
226311 226258 1593
226311 226259 1454
226311 226308 3566
226337 226336 1962
226337 226652 983
226337 226656 1455
226148 226144 1009
226148 226146 1829
226148 226157 2167
226155 226153 562
226155 226156 1298
226155 226157 610
226092 226089 1342
226092 226090 778
226092 226093 905
226114 226093 1426
226114 226115 3124
226114 226123 672
226114 226124 529
226121 226118 1171
226121 226125 905
226121 226126 678
226121 233919 306
226123 226107 709
226123 226114 672
226123 226125 237
226145 226146 1028
226145 226147 1336
226127 226126 1114
226127 226129 333
226127 226197 2511
226130 226131 162
226130 226197 1026
226130 226198 1759
226172 225807 672
226172 226173 1004
226150 226139 167
226150 226151 905
226150 226169 1762
226167 226168 475
226167 226169 905
226167 226170 1092
226171 226170 678
226432 226427 1176
226432 226431 1466
226432 226433 452
226435 226427 1344
226435 226431 1254
226435 226436 1906
226444 226443 796
226444 226445 4236
226453 226451 409
226453 226466 1626
226453 234249 468
226458 226455 803
226458 226467 2028
226458 226476 473
234461 226455 1679
234461 226467 664
226467 226458 2028
226467 226466 1447
226467 226470 761
226467 234461 664
226468 226466 761
226468 226470 1447
226468 226472 785
226477 226476 411
226477 235059 1660
226477 235143 1279
226547 226485 3350
226547 226548 1720
226553 226485 1672
226553 226551 167
226555 226554 1119
226555 226556 1004
234681 234680 1612
226287 226286 1343
226287 226286 1343
226287 229437 586
229443 229442 3042
229443 229444 514
229443 229446 1006
229444 229442 2889
229444 229443 514
229444 229546 753
229461 229450 2928
229461 229462 2750
229461 229463 1004
229546 229444 753
229546 229462 1256
229546 229547 2057
229452 229448 1844
229452 229451 1114
229452 229459 1339
229460 229449 2931
229460 229459 1004
229460 229466 1000
229451 229450 1000
229451 229452 1114
229451 229463 2845
229454 229453 475
229454 229456 1559
229454 229466 2513
8027 7982 1586
8027 7996 561
8030 7996 2727
8030 8028 214
8030 8032 2654
7738 7735 5081
7738 7737 4730
7738 7983 977
7738 34948 1980
7974 7730 1844
7974 7977 1367
7974 18503 656
8090 8089 787
8095 8089 662
8046 8044 1507
8046 8044 1507
8046 8050 584
8032 8030 2654
8032 8047 636
8032 8050 659
8134 8133 1209
8154 8133 369
8054 8048 177
8054 8055 1501
8120 8119 803
8120 8121 1449
8120 8121 1449
8058 8035 1616
8058 8043 1026
8058 8063 2148
8060 8057 1224
8060 8064 716
8060 34201 2157
8021 8014 1337
8021 8057 976
8021 8059 466
8061 8059 1113
8067 8066 627
8067 14480 942
8067 14510 319
8224 8026 1236
8224 8068 688
8224 23507 1358
8226 8068 2253
8226 8222 1154
8226 8242 575
8226 8243 1341
8246 8243 679
8246 8247 401
8248 8247 786
8248 8253 1051
8248 8258 123
8260 8258 393
8260 8259 1804
8260 34978 479
8265 8259 260
8265 8355 2525
8265 8361 1047
8358 8355 638
8358 8356 1333
8358 8359 945
8359 8357 1290
8359 8358 945
8359 8895 1262
8369 8368 490
8369 8370 786
8371 8370 3045
8450 8448 114
8450 8449 804
8510 8511 1396
8510 8512 248
8510 8514 294
8520 8514 1108
8520 8521 742
8513 8509 745
8513 8512 1856
8513 8521 686
8513 8522 1396
8523 8521 1406
8523 8522 750
8523 8529 1562
8523 9166 793
9172 8529 747
9172 9166 1537
9172 9173 735
9172 9175 1005
9173 9168 1547
9173 9172 735
9173 9178 745
8457 8456 811
8457 8460 685
8457 8461 138
8458 8456 2068
8458 8484 1052
8458 8490 742
8458 8493 888
8488 8484 808
8488 8487 1155
8488 8490 892
8489 8487 629
8489 8507 1388
8489 8508 250
9516 9515 1919
9518 9494 1784
9518 9515 2296
9518 9519 1879
9526 9524 1134
9527 9524 1147
9527 9528 1123
9527 9529 991
9532 9533 928
9532 9536 610
9532 9555 1529
9559 9548 1732
9559 9550 1774
9559 9555 1778
9559 9567 3008
9579 9575 1023
9574 9572 350
9554 9551 873
9554 9552 740
9554 9573 2036
9570 9550 1482
9570 9553 2056
9570 9573 1137
16480 16428 1091
16480 16482 1208
16480 16483 677
16480 16486 1527
16485 16483 1195
16485 16484 1359
16485 16486 726
16487 16484 912
16487 16488 735
16487 16494 2348
16489 16488 298
16489 16490 2864
16489 16493 393
16525 16498 785
16525 16519 3915
16525 16527 1518
16525 34171 2044
16521 16520 1155
16521 16524 886
16521 16530 1766
14355 14356 221
14355 14357 208
14355 16534 787
14356 14355 221
14356 14357 67
14356 16524 2098
16535 16534 300
16535 16536 2132
16535 16897 913
16894 16893 1289
16894 16897 1769
16894 16899 2740
16899 16894 2740
16899 16898 249
16899 16900 2733
16901 16891 513
16901 16898 864
16901 16916 3305
16916 16901 3305
16916 16917 1975
16916 16918 386
16919 16918 793
16919 16922 895
16919 16924 1099
16919 16925 1216
16920 16918 529
9651 9650 2253
9651 16914 935
9651 16924 264
16726 16507 1797
16726 16744 1506
16501 16500 670
16501 16548 755
16501 16557 1497
16500 16501 670
16500 16502 722
16500 16558 640
16538 16515 767
16538 16540 842
16538 16541 1591
16538 16544 1417
16546 16540 1629
16546 16541 793
16546 16548 731
16905 16906 1445
16905 16907 1826
16905 16909 1712
16753 16751 754
16753 16761 716
16556 16555 252
16556 16797 319
16796 16762 2404
16796 16815 660
16817 16805 811
16817 16818 1214
16830 16827 1747
16830 16836 1386
16830 16838 3239
16837 16834 293
16837 16836 624
16837 35265 347
9781 9780 448
9781 9847 732
34486 9847 787
9792 9791 1570
9792 9797 1265
9792 9855 1014
9792 9865 1424
9857 9849 2205
9857 9866 1296
9857 9869 1251
9857 9870 397
9849 9848 363
9849 9857 2205
9849 9858 1086
9849 9865 1284
11336 9880 1867
11336 11337 388
11336 11338 3082
11336 11374 1076
11375 11349 975
11375 11374 1448
11375 11382 1034
11355 11350 839
11355 11384 143
11355 11385 315
11388 11383 230
11388 11387 1439
11390 11387 681
11390 11391 1527
11390 11412 923
11364 11353 903
11364 11385 1465
11364 11387 755
11364 11406 893
11407 11406 782
11414 11411 418
11414 11424 1085
11414 11425 1343
12348 12326 1675
12348 12363 755
12348 34227 641
12349 12329 1225
12363 12348 755
12363 12361 839
11426 11422 1444
11426 11425 905
11426 11430 1515
11426 11432 889
11431 11429 650
11431 11430 889
11431 12350 49
11421 11420 445
11421 11422 672
11421 11432 1343
22300 11432 84
11434 11423 2013
11434 11435 1679
11434 12351 1007
12352 12351 504
12352 12353 672
12352 12354 252
12358 12356 1007
12358 12359 889
12358 12360 3019
12358 12370 588
12371 12360 755
12371 12370 3005
12371 12373 755
12372 12370 839
12372 12373 3011
12372 12374 671
12409 12407 503
12375 12373 764
12375 12374 2894
12375 12410 671
12444 12443 778
12444 12446 1253
12444 12447 2557
12445 12360 778
12445 12443 336
12445 12450 504
11316 11309 667
11316 11317 1091
11476 11309 1264
11476 11317 796
11476 11477 523
11476 11484 839
11576 11480 333
11576 11573 1427
11576 11685 445
11689 11480 1259
11685 11576 445
11685 11578 610
11685 11711 491
34597 11502 204
11556 11535 672
11556 11553 504
11556 11557 238
11534 11526 1431
11534 11532 778
11534 11535 924
11534 12448 2018
34447 12448 741
11708 11693 420
11708 11709 778
11708 11712 756
11706 11705 1225
11706 11721 1447
11706 11722 735
11706 34225 765
11725 11724 1004
11701 11695 840
11701 11702 1234
11701 11703 756
11735 11696 672
11735 11702 672
11735 11736 2229
11699 11697 756
11699 11700 1225
11699 11721 764
11737 11736 252
11737 11738 889
11737 11740 764
11631 11625 445
11631 11629 778
11631 11739 1600
11744 11739 778
11744 11745 434
11744 11747 420
11863 11751 1445
11624 11621 452
11624 11625 475
11624 11738 1344
11638 11634 336
11638 11637 782
11638 11640 796
11638 11641 1595
11642 11640 782
11645 11639 452
11645 11641 333
11645 11748 2271
11648 11646 778
11648 11655 344
11648 11669 2363
11870 11669 672
11870 11866 925
11870 11871 854
11870 11872 1111
11881 11669 1260
11661 11660 1576
11661 11664 930
11661 22653 275
11662 11659 504
11662 11663 1008
11662 11664 1675
11663 11662 1008
11663 11666 778
11663 11670 1004
11868 11670 1008
11868 11865 1778
11868 11869 764
11681 11671 1357
22654 11672 1344
23260 11935 1114
23260 11945 2028
23260 23259 1022
23294 11935 1282
11945 11943 1078
11945 11944 2283
11945 23260 2028
11950 11944 445
11950 11952 893
11950 11955 2953
11952 11942 238
11952 11950 893
11952 11953 3702
11961 11953 713
11961 11954 3626
11961 11963 1120
11961 12063 676
12063 11961 676
12063 12066 1085
12063 12069 750
12072 12067 336
12072 12069 1022
12072 12073 563
34136 12069 3104
34136 34588 122
12074 12073 991
12074 12075 1356
12074 12084 951
12076 12075 950
12076 12084 1357
12076 12086 1226
12169 12168 150
12169 12170 434
12169 12171 1029
12169 12178 2411
34368 34364 1136
34368 34369 476
34368 34370 1100
34371 34364 881
12172 12166 643
12172 34363 162
12171 12167 275
12171 12169 1029
12171 12173 393
11998 11995 1293
11998 12000 708
11998 23406 750
11998 23409 1901
11999 11995 826
11999 11997 610
11999 12000 1220
11999 12004 750
12003 11986 847
12003 11997 750
12003 12004 610
12003 12005 750
12162 12005 950
12162 12163 612
12162 12167 604
12166 12163 938
12166 12165 983
12166 12167 688
12166 12172 643
12019 12018 724
12019 12165 847
23409 11998 1901
23409 12002 629
23409 23407 826
12011 12012 893
12011 12014 511
12011 12015 809
23415 12012 826
23415 23408 676
23415 23411 1322
12015 12011 809
12015 12013 737
12015 12016 2223
12015 23423 3389
23423 12015 3389
23423 12016 1612
23423 23420 889
23423 23422 788
12023 12024 889
12023 12027 1496
12023 12209 1208
23420 12024 1223
23420 23419 1886
23420 23421 818
23420 23423 889
12210 12208 2138
12210 12209 982
12210 12280 1979
12209 12023 1208
12209 12027 1322
12209 12210 982
28489 28480 1481
28489 28485 201
28489 28488 947
28489 28490 1352
23492 23491 447
23552 23491 406
23524 19795 2103
23524 23525 2833
23524 23528 1344
23587 23494 983
23587 23525 1120
23587 23589 1619
23590 23589 737
23590 23595 1438
23590 23599 806
23592 23579 2182
23592 23593 1102
23592 23596 1257
23616 23617 676
23618 23617 747
23618 23620 788
23618 23622 2414
23631 23621 1073
23631 23622 884
23631 23628 1446
23631 23633 536
23637 23633 452
23637 23634 1258
23637 23639 672
23595 23590 1438
23595 23594 750
23595 23597 337
24218 24178 737
24218 24217 3205
24218 24220 737
24218 24221 2229
24222 24220 2229
24222 24221 737
24222 24254 1533
24222 24310 737
24256 24254 737
24256 24257 1863
24256 24310 1533
24256 24311 676
24313 24310 737
24313 24311 1446
24313 24314 1205
24313 24315 536
24215 24178 3155
24215 24214 672
24215 24217 806
24215 24226 2090
24315 24312 1494
24315 24313 536
24315 24316 354
24315 24329 1273
24201 24202 1066
24201 24224 612
14373 14374 411
14373 14378 556
14373 24207 597
14379 14376 100
14379 14377 125
14379 24207 759
23624 23623 2216
23624 23626 847
23624 23628 1022
23624 23634 1182
23585 23584 2346
23585 23626 983
23585 23635 1304
23585 24146 950
24146 23572 2413
24146 23585 950
24146 24147 1022
24146 24179 931
24181 24152 3026
24181 24179 1932
24181 24180 939
24181 24182 1543
24182 24181 1543
24182 24185 1008
24182 24186 893
24190 24186 1481
24312 24264 1901
24312 24311 872
24312 24315 1494
24312 24316 1585
24312 24318 1932
24312 24319 737
24319 24312 737
24319 24317 1585
24319 24322 1080
24319 24323 806
24324 24321 849
24324 24323 1102
24321 24292 2376
24321 24320 738
24321 24324 849
24321 24326 738
24327 24292 827
24327 24326 2216
24327 24347 1612
24327 24349 629
24332 24317 1066
24344 24328 809
24344 24339 1854
24344 24345 738
24344 24352 2035
24349 24327 629
24349 24328 2139
24349 24351 1592
24349 24352 738
24343 24339 676
24343 24342 1501
24343 24345 1948
24343 24346 809
24936 24342 1409
24936 24346 1702
24936 24935 847
24936 24942 1085
24936 24943 1543
24937 24935 847
24937 24938 788
24937 24940 1274
24941 24935 1475
24941 24940 905
24941 24943 818
24941 24958 1676
24939 24938 1073
24939 24940 818
24939 24949 796
24939 24956 2347
24955 24949 2749
24955 25004 836
24955 25006 418
25008 25007 889
25008 25009 1494
25008 25012 1466
25030 25025 806
25030 25031 1483
25030 25047 2536
25030 25049 537
25048 25025 2248
25048 25046 829
25048 25047 747
25051 25026 2016
25051 25049 476
25051 25054 2559
12990 12989 95
15972 12989 249
188105 188075 842
188105 188103 1675
188105 188104 705
188108 188107 851
188108 188109 2315
188108 188170 1126
188171 188107 1265
188171 188170 810
188171 188180 802
188171 188182 2705
188103 187641 1879
188103 188076 916
188103 188102 806
188103 188105 1675
187642 187641 1600
187642 187643 795
187642 187653 414
187653 187642 414
187653 187643 812
187653 187654 800
187653 187667 1927
188097 187641 769
188097 187667 483
188097 188102 2244
187657 187645 1652
187657 187649 929
187657 187656 2756
187657 187659 1758
187655 187654 2408
187655 187656 1040
187655 187666 2170
187655 187667 918
187649 187647 1670
187649 187650 2520
187649 187657 929
187651 187650 955
187651 187652 1196
187651 187658 590
190142 190141 792
190142 190681 3834
190683 190682 343
190683 190684 1110
190149 190148 2494
190149 190150 14736
190149 190793 2257
190149 190793 2257
190151 190150 3373
190151 190682 193
188297 188194 3113
188297 188298 932
188297 188300 786
188303 188300 1315
188303 188301 564
188303 188305 269
188303 188334 280
188301 188302 293
188301 188303 564
188290 134204 1241
188290 188291 418
188294 188291 293
188294 188293 2566
188294 188305 220
188305 188291 298
188305 188294 220
188305 188303 269
188305 188304 2422
188305 188317 2675
188334 188291 183
188334 188303 280
190784 188337 458
139610 134203 1432
135152 135145 1160
135152 135151 2216
135152 135155 155
135152 135158 1022
135154 135139 1254
135154 135145 146
135159 135151 827
135159 135158 1612
135159 135161 517
135159 135162 1225
134204 134205 581
134204 188290 1241
139593 134205 2594
135256 135229 1918
135256 135258 139
135256 135259 279
135256 135272 1811
135223 135221 2002
135223 135222 1979
135223 135230 2028
135223 135233 1103
135232 135230 476
135232 135233 2004
135232 135235 605
135237 134191 629
135237 135231 672
135237 135235 2017
135237 135257 796
135255 135231 893
135255 135257 650
135170 135162 870
135170 135166 1085
135170 135206 827
135170 135239 2322
135227 135162 1458
135227 135226 870
135227 135228 796
135222 135221 682
135222 135223 1979
135222 135226 688
135222 135228 905
188183 188180 2671
188183 188182 826
188183 188190 908
188183 188197 2803
188195 188190 2795
188195 188194 834
188195 188197 884
135123 135124 333
135153 135139 983
135153 135140 2614
135153 135155 1271
135153 135157 927
135156 135140 629
135156 135157 3153
135156 135177 1220
135178 135177 1353
135178 135180 747
135178 135193 1079
135178 135200 2407
135181 135180 1180
135181 135192 1022
135181 135193 927
135190 135189 1456
135190 135191 950
135190 135192 983
135195 135192 676
135195 135196 905
135195 135197 1258
135191 135185 1427
135191 135186 1258
135191 135190 950
135191 135194 789
135382 135374 818
135382 135380 511
135382 135383 905
135194 135191 789
135194 135197 847
135194 135367 1426
135194 135376 751
135198 135196 1188
135198 135197 751
135198 135376 847
135198 135377 827
135393 135379 818
135393 135381 751
135393 135392 1188
135393 135395 629
135390 135381 475
135390 135388 713
135395 135393 629
135395 135394 947
135395 135400 1167
135454 135404 1066
135454 135455 1558
135454 135456 2164
135454 135458 1559
135459 135456 1458
135459 135458 1612
135459 135465 950
135459 135473 1258
136275 136237 744
136275 136273 760
136237 132590 983
136237 136239 1398
136237 136275 744
136237 136277 1180
136289 136239 1281
136289 136277 713
136289 136284 1742
136289 136290 1015
135473 135459 1258
135473 135477 765
135473 135479 924
136215 135478 188
136215 135479 1640
136215 136211 1362
136215 136221 1482
136216 136211 1345
136216 136221 1394
136216 136230 612
136230 136216 612
136230 136231 1307
136230 136232 551
136232 136225 2005
136232 136230 551
136232 136231 1268
136232 136235 629
132589 132590 104
132589 136233 847
136235 136227 1979
136235 136232 629
136235 136233 1426
136235 136236 1033
132590 132589 104
132590 132591 301
132590 136237 983
132590 136271 794
136285 136244 927
136285 136284 354
136285 136290 2226
136285 136291 1143
136300 136291 474
136300 136292 452
136300 136301 1022
136302 136292 925
136302 136301 1375
136302 136303 2335
136302 136304 951
136306 136303 848
136306 136304 2668
136306 136319 778
136306 136321 848
132770 132771 542
132770 136319 466
132772 132771 2357
132772 136322 645
136452 136322 1177
136452 136329 1762
136452 136451 682
136452 136455 765
136475 136474 927
136475 136543 889
136475 136556 2542
136476 136474 847
136476 136484 629
136476 136557 847
136483 136474 889
136483 136478 873
136483 136484 1268
136478 136479 514
136478 136481 947
136478 136483 873
136478 136485 1827
136482 136480 518
136482 136481 510
136517 136480 1702
136517 136512 420
136517 136518 1445
136389 136388 354
136389 136390 279
136389 136392 2613
136389 136393 421
136391 136330 939
136391 136387 1640
136391 136392 612
136391 136459 1254
136462 136392 1394
136462 136459 605
136462 136460 2090
136394 136383 1864
136394 136390 336
136394 136393 557
136394 136400 738
136395 136393 925
136395 136541 932
136540 136538 751
136540 136541 1115
136540 136543 1394
136540 136545 796
136544 136543 1906
136544 136547 1116
136544 136556 673
136520 136512 1293
136520 136513 709
136520 136518 870
136520 136522 2262
136523 136513 2407
136523 136522 848
136523 136534 2388
136523 136535 848
136533 136513 757
136526 136516 1281
136526 136527 2044
136526 136531 870
136459 136329 809
136459 136391 1254
136459 136455 2226
136459 136462 605
136846 136839 848
136846 136847 2126
136846 136854 3079
136847 136840 682
136847 136846 2126
136847 136848 2262
136847 136855 3144
136856 136848 3061
136856 136855 2248
137823 137822 274
137823 137833 503
137823 137834 1970
137831 137822 765
137831 137830 1576
137831 137857 951
136845 136844 70
136845 137826 356
136845 137832 1193
137835 137832 2468
137835 137836 848
137835 137840 1655
137834 137823 1970
137834 137857 1395
137834 137861 1074
137861 137826 841
137861 137834 1074
137861 137862 709
137861 137864 2371
137865 137862 2623
137865 137864 841
137865 137867 789
137865 137932 1535
137866 137863 1585
137866 137874 786
137866 137877 1124
137866 137878 1205
137867 137863 2481
137867 137865 789
137867 137877 765
137867 137933 2468
137877 137866 1124
137877 137867 765
137877 137878 517
137877 137937 2468
137941 137937 951
137941 137938 2044
137941 137943 2248
137941 137944 789
137946 137943 870
137946 137944 2262
137946 137954 765
137946 137960 2468
137961 137954 2468
137961 137960 765
137961 137963 765
137961 137965 1919
137969 137964 560
137973 137963 897
137973 137964 887
137973 137974 386
137973 137975 2266
137966 137963 2371
137966 137975 870
137966 137981 252
137966 137982 2388
138564 138565 765
138564 138568 1159
138564 138569 1770
139670 138568 963
137983 137975 765
137983 137976 1686
137983 137984 589
137983 137987 452
139637 137986 95
139637 139636 726
138576 138566 2371
138576 138578 848
138576 138581 1140
138576 138583 428
138577 138566 765
138577 138567 1357
138577 138578 2388
138569 138564 1770
138569 138570 2371
138569 138571 932
138573 138570 932
138573 138571 2371
138573 138575 932
138612 138611 1014
138612 138613 951
139315 139314 688
139315 139316 344
139315 139321 1180
139320 139314 1116
139320 139319 589
139320 139321 475
139164 139140 870
139164 139157 1085
139164 139166 1220
139164 139167 905
139165 139140 1322
139165 139149 751
139165 139166 905
139169 139166 879
139169 139167 1349
139169 139178 689
199667 199665 1074
199667 199666 2354
199667 199690 1289
199667 199695 2017
199668 199339 1535
199668 199666 1375
199668 199669 1038
199668 199688 2435
199687 199665 2273
199687 199685 637
214973 199685 365
199729 199728 93
199729 199733 1596
199730 199728 1536
199730 199739 1125
199636 199635 1250
199646 199635 1079
199646 199647 883
199646 199648 955
199654 199651 986
199654 199653 1908
199654 199657 376
199652 199653 753
199800 199653 1499
199800 199801 2536
199658 199656 1047
199658 199721 2885
199658 199748 493
199658 199808 1764
199805 199656 1751
199805 199804 860
199805 199807 1148
199805 199808 938
199722 199721 1765
199723 199721 944
199723 199724 1663
199723 199725 836
199723 199746 1576
199657 199654 376
199657 199804 499
199657 199806 1216
136286 136219 1585
136286 136287 348
136286 136461 196
136286 139206 140
139209 136219 148
139209 139246 279
135471 135472 783
135471 139247 701
135471 139249 551
139246 139209 279
139246 139243 557
139246 139247 365
139322 139319 1695
139322 139324 551
139322 139327 222
139328 134885 616
139328 139327 589
139328 139341 2217
134886 134884 454
134886 139348 474
134886 139349 1437
139351 139348 1576
139351 139349 476
139351 139353 476
139351 139371 511
139353 139351 476
139353 139352 1622
139353 139364 403
139364 139353 403
139364 139363 927
139364 139367 951
139364 139373 510
139366 139363 878
139509 139508 827
139509 139512 2946
139509 139513 827
139511 139508 2350
139511 139625 597
139266 139265 203
139266 139284 688
139267 139263 556
139267 139265 302
139220 139219 2148
139220 139283 276
139220 139285 2348
139627 139287 112
139516 139513 751
139516 139515 4059
139516 139517 950
139534 139532 3000
139534 139535 5003
139489 139488 2479
139490 139488 713
139490 139491 2639
139490 139492 688
139490 139493 599
225254 225247 688
225254 225316 702
225254 225319 3075
225317 225316 3777
234407 234396 225
234407 234406 191
225111 225112 1787
225111 225264 3787
225111 225271 847
225111 225278 1147
225140 225112 2690
225140 225139 3299
225140 225264 4213
225143 225125 10976
225143 225264 905
225143 225275 2405
225143 225280 3956
225260 225258 1331
225260 225261 639
225260 225263 144
