1840
216928 216925 749
216928 217134 1258
216928 217139 1024
217821 217819 531
217821 217822 1383
217824 217822 435
216981 216982 1455
216981 216983 785
216986 216983 1876
216986 216988 770
216875 216873 1670
216875 216878 858
217073 216985 739
217073 216987 1475
217073 217074 830
217075 216878 1547
217075 217074 1188
217075 217078 746
216982 216981 1455
216982 216985 745
217015 217018 555
217015 217111 1987
217044 224022 621
217984 224022 542
217983 218000 477
217010 217012 377
217010 217014 2138
217011 217014 233
217011 217020 426
217019 217017 479
217019 217020 2091
217008 217013 401
217012 217010 377
217012 217013 2115
217038 217067 2098
217065 217067 720
217065 217068 2011
217063 217060 2055
217063 217062 517
217062 217061 2198
217062 217063 517
171108 171109 335
171803 171804 793
171803 171810 450
171809 171807 789
171809 171810 885
171831 171808 1227
171831 171830 844
171831 171847 556
171829 171830 1891
171829 171844 675
171841 171839 1075
171841 171844 222
171843 171835 1341
171851 171850 1803
171851 171853 562
171121 171122 891
171121 171154 672
171124 171123 949
171124 171129 474
171124 171156 591
171129 171050 613
171129 171103 445
171129 171124 474
171154 171121 672
171154 171122 506
171155 171102 935
171155 171156 3343
171155 171161 2126
171161 171155 2126
171161 171162 934
92875 92876 947
92875 102870 245
95962 92876 2273
95962 96080 827
95959 95958 893
95964 95995 1235
96100 96097 1797
96100 96106 1225
96100 96107 1932
96145 96108 4703
96145 96254 276
96145 96255 475
95994 95995 1122
96004 95991 238
96085 92876 54
96085 102722 860
96046 96007 782
96254 96145 276
96254 96255 344
96254 96256 1903
96383 102521 785
96383 102522 959
96384 96077 1810
96384 96386 983
96059 96060 1731
96477 96476 109
96477 96481 884
96386 96384 983
96386 96387 2556
96404 96400 1205
96404 96412 2177
96408 96411 4132
96407 96409 540
96407 96410 2911
100196 100199 872
100174 100169 7734
100140 100136 711
100141 100142 1534
100144 100143 1497
100246 94588 605
100246 100249 1167
100249 94587 878
100249 100246 1167
100370 100371 1533
94549 94550 1186
100355 100332 809
100355 100356 1152
100355 100361 5633
99484 99485 1146
99531 99528 2482
99531 99532 2644
99532 99531 2644
99532 99536 1168
100095 99522 757
100095 100107 2578
101943 101945 969
101943 101947 577
99552 99509 6263
99552 99553 5942
99074 99073 1612
99182 99179 1066
96602 96595 7281
96602 96597 509
96602 96598 1463
99183 99184 1483
101756 101755 898
99280 99279 3996
102649 102650 228
96632 96630 738
96632 96633 782
96632 99184 4921
99206 99207 1055
99206 99209 5304
102878 102879 199
99291 99274 2653
99474 99476 452
99477 99478 2328
99488 99493 1878
99489 99502 1848
99489 99503 1456
35526 35498 2441
35526 41751 1894
41735 41732 252
42699 42701 558
42699 42702 505
41717 41715 4925
41717 41732 751
42698 42700 870
42704 42700 1027
42704 42705 932
42707 42709 1458
42713 42709 878
42713 42711 629
42711 42709 1364
42711 42713 629
42732 42751 2701
42755 42752 2241
42755 42754 599
42747 41758 2041
42747 42746 629
42750 42753 1357
42750 42754 1602
41758 41756 827
41758 42747 2041
42762 41767 403
42762 42763 2405
42765 42763 709
42765 42771 1578
42789 42771 1854
41807 41806 952
41807 42976 951
42773 42771 3125
42773 42974 1579
42773 42977 1055
41740 41737 452
41740 41739 476
41744 41753 3199
41751 35526 1894
41751 41752 2420
41699 100496 2506
50436 50435 1667
50433 50434 3394
41764 41762 3491
41764 41783 1206
41765 41763 2509
41765 41766 2818
41806 41807 952
41806 42767 3833
41779 103051 4913
41847 41848 4595
41847 41859 2599
41893 41859 2955
41893 41894 476
41894 41886 1120
41894 41893 476
41897 41885 2117
41897 41886 1023
123955 123956 1142
123946 123943 1065
123979 123976 3782
123979 123980 2257
124003 123997 1186
124005 124002 2423
124005 124007 940
124007 124001 2321
124007 124005 940
41824 41823 21
41824 41829 24
122617 122620 789
122617 122622 2948
122622 122617 2948
122622 122621 537
122628 122629 4023
122832 122853 1004
122833 122629 926
122833 122851 556
122833 122852 871
122855 122853 1248
122855 122854 767
122857 122740 1168
122857 122856 2198
122883 122868 782
41848 41847 4595
41848 41856 1206
41887 41861 1000
122809 122808 1344
122809 122810 1522
122809 122814 2649
123276 123267 1161
123276 123272 2858
123276 123289 3375
123289 123276 3375
123289 132442 1608
123282 123280 1258
123282 123281 1630
122718 122644 4737
122718 122645 1979
122719 122714 818
122719 122720 3231
122730 122717 1161
122730 122732 2809
122730 122743 1258
122739 122733 1146
122739 122741 1682
122740 122737 3018
122740 122857 1168
122876 122868 871
122876 122875 337
122759 122756 605
122759 122760 1336
122762 122687 5939
122785 122787 790
122692 122689 5420
122692 122694 5472
122764 122700 1816
122764 122701 1855
122778 122774 1200
122778 122779 2044
122779 122778 2044
122779 122781 630
122806 122807 1284
122806 122808 1000
122814 122808 1932
122814 122809 2649
123496 123491 1036
123499 123506 537
123340 123455 1161
123458 123459 279
123458 123469 739
123856 123858 1580
123863 123864 374
123849 123853 1394
123849 123857 2481
123854 123855 552
123854 123857 1429
123941 123938 1081
123940 123938 1258
123940 123949 279
117982 117973 2250
117982 118459 1926
117936 117935 1183
117936 117937 610
117936 117948 374
117946 118298 116
117946 118301 578
117951 117947 1183
117951 118469 1194
122174 122157 2651
122174 122192 796
122198 122195 2347
122198 122200 506
122303 122301 2834
122303 122321 556
122550 122551 847
122550 130698 796
121669 121668 2215
121669 122289 1201
122291 122290 1086
122291 122293 1700
122312 120520 6969
122312 122308 1397
122281 122277 1948
122281 122318 1375
122277 122278 1447
122277 122281 1948
122280 122278 1118
122371 122372 418
122381 122372 1419
122381 122380 1032
122381 122384 1265
122443 122439 976
122443 122444 436
123166 122442 2566
123166 123155 1592
123156 123151 1630
123156 123157 3203
123179 123180 1188
123179 123197 940
123216 123215 1140
123216 123221 1011
123225 123221 1437
123225 123228 739
117987 117988 1346
123342 123343 789
123345 123346 404
123409 123407 1820
123409 123410 4367
123361 123357 1686
123361 123360 1023
123361 123364 1642
123372 123373 697
123372 123375 1344
123456 123455 1426
123456 123465 1036
123984 123981 1616
123999 124034 1113
124008 124001 879
123876 123875 2095
123876 123972 672
123876 124021 436
123978 123977 1355
123978 123983 279
123897 123896 2015
123906 123886 1411
123906 123896 2423
123904 123899 2216
123904 123905 1121
123905 123903 2216
123905 123904 1121
123900 123611 1161
123900 123901 276
123900 123903 976
124768 124764 1010
124768 124772 337
124773 124772 1950
124773 124775 1225
123883 123879 1884
123883 123880 1206
123887 123829 1087
123887 123911 2983
123880 123881 848
123880 123883 1206
123892 123891 302
123892 130092 1211
123877 123874 1621
123894 123891 3316
123878 123874 874
123878 124021 1010
124022 124021 1467
124781 124775 1439
124781 124782 675
124784 124780 1450
124787 124809 253
124787 124818 613
124818 124787 613
124818 124819 613
124823 124822 656
124831 124853 751
124831 124854 739
124831 124855 202
132420 132421 85
124854 124831 739
124854 124856 1258
124873 124875 3487
124874 124875 1010
124874 124900 84
125018 132347 947
125021 124916 928
125021 125020 874
125024 124919 1116
125024 125028 1547
125028 125024 1547
125028 125030 951
125038 125048 2600
125038 125049 1411
125047 125049 1225
125050 125048 891
125050 125049 1075
125053 125048 949
125056 125057 1283
125056 128464 475
125045 125043 1484
125045 125048 2413
125060 125070 1161
120316 120320 2000
120316 124928 3624
120324 120322 2961
120325 120603 6811
120339 120340 2274
120339 120348 3154
125068 125069 1869
125068 128464 558
128465 128464 1075
128465 128467 1142
128467 128465 1142
128467 128469 606
67976 67621 1289
67976 67977 418
67621 67976 1289
67621 68007 1005
120353 120347 1347
120356 120352 631
120363 120367 1344
120342 66787 3907
120342 120343 1358
120387 120343 2036
120387 120402 1906
120402 120387 1906
120402 120400 1439
67837 67814 374
67837 67823 2256
67826 67824 338
67990 77089 213
67595 67577 6259
67595 67585 6184
67598 67593 2640
67598 67596 1810
67598 67604 796
67812 67810 419
67812 67813 955
67828 67787 778
67833 67787 1607
67833 67832 796
67833 67839 1098
67839 67832 1486
67839 67833 1098
76605 67783 2342
76605 77029 2083
67215 67149 506
67768 67769 2464
67281 67272 1286
67281 67280 1473
67419 67405 865
67419 67420 1640
67430 67415 514
67458 67439 2497
67458 67460 1434
67219 67194 781
67203 67201 2224
67203 67212 1776
67214 67212 2228
67214 67213 1701
68797 68799 977
68797 68802 678
68798 68799 698
68811 68812 1220
72872 72871 768
72872 72947 1902
72956 72960 685
72956 72964 554
72965 72964 169
72967 72962 1185
72967 72969 2274
72967 72970 874
72970 72967 874
72970 72996 1032
73013 73018 1107
73013 73022 1531
73020 72996 1067
73020 73021 611
73016 73018 1531
73031 73018 1264
73031 73032 3225
73031 73033 987
73127 73128 720
73133 73132 1281
71107 71105 711
71107 71108 924
71107 71109 632
71115 71110 688
71115 71113 936
71114 71113 1558
71114 71117 1667
71112 71109 344
71123 71095 344
71123 71122 507
71117 71114 1667
71117 71186 507
67507 67364 6109
67507 77819 816
67545 67540 752
67545 67546 922
67545 76993 677
67540 67541 2478
67540 67544 875
67540 67545 752
67556 67544 1448
67556 67562 811
67519 67511 1431
67519 67517 1156
67521 67518 768
67521 67523 752
71095 71122 538
71095 71123 344
71349 71345 924
71349 71348 632
71758 71759 1454
71355 71356 1004
71522 71518 2394
70996 70991 2561
70996 70995 1014
71032 71031 1032
71032 71034 1609
71032 71035 1425
71046 71019 893
71046 71047 344
71052 71053 445
71052 71054 1693
71020 71018 3324
71020 71053 556
71020 71058 1225
71062 71060 1348
71065 71295 1370
71071 71072 656
71369 71273 1990
71301 71293 3367
71301 71295 1719
71308 71303 754
71308 71303 754
71313 71318 2229
68155 77001 1551
68155 77804 227
68155 77805 879
68156 67491 1950
68156 68158 1431
68166 68165 1339
68166 77001 953
68159 67491 1011
68159 68162 1067
67558 67555 519
67558 67557 356
67558 67564 873
67562 67556 811
67562 67557 1424
67564 67554 928
67564 67558 873
72740 72742 987
72740 72743 1874
72741 72743 908
74321 74323 2086
74321 74325 1682
74305 74304 1114
74278 74304 2094
74323 74321 2086
74323 74324 2482
74233 74095 676
74233 74236 1558
74233 76570 1420
74234 74095 1786
74234 74237 780
74257 74258 2077
74257 74260 754
74371 74375 344
63739 63738 1360
63739 74381 416
63739 74382 643
74379 74389 1598
74361 63738 634
72744 72742 2171
72744 72745 632
72758 72745 632
72758 72747 2111
72758 72763 277
72765 72766 453
72765 72768 951
72855 72849 253
72859 72793 987
72859 72871 830
72859 72942 1874
72871 72859 830
72871 72872 768
72871 72943 1799
220172 222572 696
222574 222572 1353
222574 222575 915
222588 222575 697
222588 222587 1150
222588 222591 895
222592 222591 1171
224825 224932 235
224928 224929 115
216873 216874 793
216873 216875 1670
216912 216914 1659
216916 216914 785
216916 217117 644
216916 217118 811
216917 216927 669
216917 217118 1797
216925 216926 622
216925 216927 1279
216925 216928 749
217134 216927 780
217134 216928 1258
217134 217137 640
217134 217138 795
217139 216928 1024
217139 217144 571
217139 217817 650
217139 217971 1227
217819 217815 362
217819 217820 1397
217819 217821 531
217822 217820 415
217822 217821 1383
217822 217824 435
216983 216981 785
216983 216985 1450
216983 216986 1876
216983 216987 737
216988 216986 770
216988 216987 1743
216988 216989 815
216878 216874 1668
216878 216875 858
216878 217075 1547
216878 217088 767
216985 216982 745
216985 216983 1450
216985 217073 739
216987 216983 737
216987 216988 1743
216987 217073 1475
216987 217076 780
217074 217073 830
217074 217075 1188
217074 217076 1467
217074 217077 774
217078 217075 746
217078 217077 1167
217078 217088 1649
217078 217090 701
217018 217015 555
217018 217016 2177
217018 217021 388
217111 217015 1987
224022 217044 621
224022 217984 542
218000 217983 477
217014 217010 2138
217014 217011 233
217014 217146 350
217014 224021 893
217020 217011 426
217020 217019 2091
217020 217021 468
217017 217016 417
217017 217019 479
217017 217021 2051
217013 217008 401
217013 217012 2115
217013 217146 215
217013 217999 932
217067 217038 2098
217067 217065 720
217067 217069 2591
217068 217065 2011
217068 217069 1446
217060 217059 118
217060 217063 2055
217061 217062 2198
171109 171098 780
171109 171107 257
171109 171108 335
171804 171803 793
171804 171805 1248
171810 171803 450
171810 171809 885
171807 171805 242
171807 171808 238
171807 171809 789
171808 171801 796
171808 171807 238
171808 171831 1227
171830 171829 1891
171830 171831 844
171830 171845 672
171830 171854 759
171847 171831 556
171844 171829 675
171844 171841 222
171839 171840 880
171839 171841 1075
171835 171836 562
171835 171843 1341
171835 171853 767
171850 171848 581
171850 171851 1803
171853 171835 767
171853 171851 562
171853 171865 954
171853 171866 562
171122 171121 891
171122 171123 202
171122 171154 506
171123 171122 202
171123 171124 949
171123 171156 672
171156 171123 672
171156 171124 591
171156 171155 3343
171050 171051 752
171050 171055 613
171050 171103 422
171050 171129 613
171103 171050 422
171103 171102 2458
171103 171129 445
171102 171087 767
171102 171101 3113
171102 171103 2458
171102 171155 935
171162 171101 310
171162 171107 925
171162 171161 934
92876 92875 947
92876 95962 2273
92876 96085 54
102870 92875 245
102870 95995 2057
96080 95962 827
95958 95954 861
95958 95957 1434
95958 95959 893
95995 95964 1235
95995 95994 1122
95995 102870 2057
96097 96096 1055
96097 96098 1386
96097 96100 1797
96106 96100 1225
96106 96102 1180
96106 96105 1161
96106 96108 1740
96107 96100 1932
96107 96108 1140
96107 96144 1447
96108 96106 1740
96108 96107 1140
96108 96110 1248
96108 96145 4703
96255 96145 475
96255 96254 344
96255 96257 905
95991 95956 4234
95991 95977 4752
95991 96004 238
102722 96085 860
96007 96008 3983
96007 96008 3983
96007 96046 782
96256 96254 1903
96256 96261 1613
96256 102871 1545
102521 96383 785
102522 96383 959
96077 96078 872
96077 96079 1393
96077 96384 1810
96060 96059 1731
96476 96477 109
96476 96480 4435
96476 96482 1593
96481 96477 884
96481 96478 3338
96387 96386 2556
96387 102520 461
96400 96401 2398
96400 96404 1205
96400 96405 1115
96400 96406 2128
96412 96404 2177
96412 96406 1115
96412 96413 1143
96411 96408 4132
96411 96410 1161
96411 96466 1873
96409 96407 540
96410 96407 2911
96410 96411 1161
96410 96470 1103
100199 100196 872
100169 100167 3562
100169 100174 7734
100136 100137 677
100136 100140 711
100142 100141 1534
100142 101950 1956
100143 100133 1966
100143 100144 1497
94588 94584 1299
94588 100246 605
94587 94586 1686
94587 100242 599
94587 100249 878
100371 100370 1533
94550 94549 1186
100332 100330 2817
100332 100355 809
100332 100357 3290
100356 100355 1152
100361 100355 5633
99485 99484 1146
99528 99526 2029
99528 99527 2180
99528 99531 2482
99528 99535 3177
99536 99532 1168
99536 99535 1224
99536 99537 1345
99522 99521 716
99522 100095 757
99522 100108 1928
99522 101948 850
100107 100095 2578
100107 100106 682
100107 101834 964
101945 101943 969
101945 101946 2205
101945 101948 2853
101947 101943 577
101947 101951 760
101947 101952 2601
99509 99510 3171
99509 99552 6263
99509 99555 582
99509 99557 540
99553 99552 5942
99073 96482 951
99073 99074 1612
99179 99180 927
99179 99182 1066
96595 96591 3304
96595 96602 7281
96597 96586 3148
96597 96602 509
96598 96587 3018
96598 96599 1185
96598 96602 1463
99184 96632 4921
99184 99183 1483
101755 99181 496
101755 101756 898
99279 99280 3996
99279 99302 3498
99279 99329 3642
99279 99481 2829
102650 102649 228
96630 96625 2365
96630 96632 738
96633 96631 2240
96633 96632 782
99207 99206 1055
99207 99208 983
99207 99223 2618
99209 99206 5304
99209 99212 926
99209 99213 589
102879 102878 199
102879 102880 179
99274 99275 1454
99274 99290 4518
99274 99291 2653
99476 99474 452
99476 99480 1841
99478 99477 2328
99478 99482 709
99493 99488 1878
99493 99494 751
99493 99495 474
99502 99489 1848
99503 99489 1456
99503 99507 2142
99503 99526 947
99503 99533 1681
35498 35499 221
35498 35526 2441
35498 41742 635
35498 50265 841
41732 41716 5890
41732 41717 751
41732 41735 252
42701 42699 558
42701 42703 2550
42702 42699 505
42702 42705 276
41715 41714 1434
41715 41716 1161
41715 41717 4925
42700 42698 870
42700 42704 1027
42705 42702 276
42705 42704 932
42709 42703 1103
42709 42707 1458
42709 42711 1364
42709 42713 878
42751 42703 884
42751 42732 2701
42751 42752 1357
42752 42751 1357
42752 42755 2241
42752 42756 2190
42754 42744 3503
42754 42750 1602
42754 42755 599
42746 41756 2057
42746 42744 3202
42746 42747 629
42753 42750 1357
41756 41757 1986
41756 41758 827
41756 42746 2057
41767 41760 4465
41767 41768 810
41767 42762 403
42763 42762 2405
42763 42764 1161
42763 42765 709
42771 42765 1578
42771 42773 3125
42771 42789 1854
42976 41807 951
42976 42975 1293
42976 42977 2130
42974 42767 810
42974 42773 1579
42974 42975 1161
42977 42773 1055
42977 42975 1551
42977 42976 2130
41737 41736 1505
41737 41740 452
41739 41710 1116
41739 41740 476
41753 41744 3199
41753 41752 1225
41753 41759 6459
41752 41751 2420
41752 41753 1225
41752 41754 581
41752 41755 476
100496 41699 2506
100496 100495 3642
100496 100500 4948
50435 50434 1328
50435 50436 1667
50435 50437 1544
50434 50433 3394
50434 50435 1328
41762 41761 1259
41762 41763 612
41762 41764 3491
41762 41768 1746
41783 41764 1206
41783 41784 751
41783 41797 599
41763 41762 612
41763 41765 2509
41763 41766 827
41766 41763 827
41766 41765 2818
41766 41770 1579
42767 41806 3833
42767 42768 202
42767 42974 810
103051 41779 4913
103051 103052 1859
103051 103053 2703
41859 41847 2599
41859 41857 1684
41859 41860 1004
41859 41893 2955
41886 41860 2779
41886 41894 1120
41886 41897 1023
41885 41860 1124
41885 41861 1516
41885 41897 2117
123956 123955 1142
123956 123959 552
123943 123858 678
123943 123944 1142
123943 123946 1065
123976 123973 1201
123976 123979 3782
123976 123981 782
123976 123997 2840
123980 123979 2257
123997 123976 2840
123997 123998 556
123997 124003 1186
124002 124001 1081
124002 124005 2423
124001 124002 1081
124001 124007 2321
124001 124008 879
41823 41821 415
41823 41822 423
41823 41824 21
41823 41829 28
41829 41823 28
41829 41824 24
122620 122615 828
122620 122617 789
122620 122621 2706
122621 122616 810
122621 122620 2706
122621 122622 537
122629 122628 4023
122629 122735 1117
122629 122737 1667
122629 122833 926
122853 122832 1004
122853 122852 1011
122853 122855 1248
122851 122833 556
122852 122833 871
122852 122853 1011
122852 122854 1334
122854 122852 1334
122854 122855 767
122854 122856 674
122856 122737 1100
122856 122854 674
122856 122857 2198
122868 122869 581
122868 122876 871
122868 122883 782
41856 41848 1206
41856 41857 1009
41856 41884 1339
41861 41858 1161
41861 41885 1516
41861 41887 1000
122808 122806 1000
122808 122809 1344
122808 122814 1932
122810 122809 1522
123267 122772 1035
123267 123275 1813
123267 123276 1161
123267 132443 1410
123272 123266 476
123272 123273 1276
123272 123276 2858
132442 123289 1608
123280 123279 1111
123280 123281 2068
123280 123282 1258
123281 123280 2068
123281 123282 1630
123281 123285 3121
122644 122634 1532
122644 122640 2063
122644 122643 1114
122644 122718 4737
122645 122640 4833
122645 122718 1979
122645 122724 2215
122714 122713 452
122714 122717 1824
122714 122719 818
122720 122719 3231
122717 122714 1824
122717 122716 885
122717 122730 1161
122717 122731 2430
122732 122730 2809
122732 122731 873
122732 122733 940
122743 122730 1258
122733 122732 940
122733 122738 751
122733 122739 1146
122741 122739 1682
122741 122745 1268
122741 122752 1307
122737 122629 1667
122737 122738 2143
122737 122740 3018
122737 122856 1100
122875 122876 337
122756 122757 1014
122756 122758 487
122756 122759 605
122760 122690 2950
122760 122759 1336
122760 122761 1445
122687 122682 2599
122687 122693 581
122687 122762 5939
122787 122785 790
122689 122688 556
122689 122692 5420
122689 122694 1891
122694 122689 1891
122694 122692 5472
122694 122695 933
122694 122696 1556
122700 122696 2049
122700 122701 751
122700 122764 1816
122701 122700 751
122701 122702 2890
122701 122764 1855
122774 122767 927
122774 122778 1200
122774 122780 2192
122781 122779 630
122781 122780 436
122781 122782 1576
122807 122806 1284
123491 123472 2119
123491 123496 1036
123506 123499 537
123506 123508 558
123455 123340 1161
123455 123456 1426
123455 123459 2084
123459 123455 2084
123459 123458 279
123459 123460 476
123469 123458 739
123858 123856 1580
123858 123857 562
123858 123943 678
123864 123863 374
123864 123865 1169
123864 123866 1447
123853 123849 1394
123857 123849 2481
123857 123854 1429
123857 123858 562
123855 123854 552
123938 123939 985
123938 123940 1258
123938 123941 1081
123949 123940 279
123949 132309 349
117973 117972 734
117973 117974 1308
117973 117982 2250
118459 117982 1926
117935 117934 582
117935 117936 1183
117937 117936 610
117937 117938 238
117948 117936 374
117948 117947 344
118298 117946 116
118298 118299 4061
118298 118302 793
118301 117946 578
118301 118302 881
118301 118302 881
117947 117948 344
117947 117951 1183
117947 118469 197
118469 117947 197
118469 117950 1016
118469 117951 1194
118469 118470 1395
122157 122155 782
122157 122173 610
122157 122174 2651
122192 122155 2567
122192 122158 1221
122192 122174 796
122195 122158 1283
122195 122198 2347
122200 122198 506
122200 122199 3699
122200 122219 1510
122301 122293 355
122301 122302 928
122301 122303 2834
122321 122303 556
122551 122550 847
130698 122550 796
121668 121669 2215
121668 122775 1993
122289 121669 1201
122289 122288 1135
122290 122291 1086
122293 122291 1700
122293 122301 355
120520 122312 6969
122308 122312 1397
122318 122281 1375
122278 122277 1447
122278 122280 1118
122372 122371 418
122372 122381 1419
122380 122381 1032
122384 122381 1265
122439 122443 976
122444 122443 436
122442 123166 2566
123155 123151 889
123155 123166 1592
123151 123155 889
123151 123156 1630
123157 123156 3203
123180 123179 1188
123180 123215 511
123197 123179 940
123215 123180 511
123215 123216 1140
123221 123216 1011
123221 123225 1437
123228 123225 739
117988 117987 1346
123343 123342 789
123346 123345 404
123407 123409 1820
123410 123409 4367
123357 123361 1686
123360 123361 1023
123364 123361 1642
123364 123373 810
123373 123364 810
123373 123372 697
123375 123372 1344
123465 123456 1036
123981 123976 782
123981 123983 610
123981 123984 1616
124034 123999 1113
123875 123874 613
123875 123876 2095
123972 123876 672
123972 123977 1055
124021 123876 436
124021 123878 1010
124021 124022 1467
123977 123972 1055
123977 123978 1355
123983 123978 279
123983 123981 610
123896 123897 2015
123896 123906 2423
123886 123906 1411
123899 123903 1121
123899 123904 2216
123903 123899 1121
123903 123900 976
123903 123905 2216
123611 123900 1161
123611 124764 1081
123901 123900 276
124764 123611 1081
124764 124768 1010
124772 124768 337
124772 124773 1950
124775 124773 1225
124775 124781 1439
123879 123881 987
123879 123883 1884
123829 123887 1087
123911 123887 2983
123881 123879 987
123881 123880 848
123891 123892 302
123891 123894 3316
130092 123892 1211
123874 123875 613
123874 123877 1621
123874 123878 874
124782 124781 675
124780 124784 1450
124809 124787 253
124819 124818 613
124822 124823 656
124853 124831 751
124855 124831 202
132421 132420 85
124856 124854 1258
124856 124900 1748
124875 124873 3487
124875 124874 1010
124900 124856 1748
124900 124874 84
132347 125018 947
124916 125021 928
125020 125021 874
124919 125024 1116
125030 125028 951
125048 125038 2600
125048 125045 2413
125048 125050 891
125048 125053 949
125049 125038 1411
125049 125047 1225
125049 125050 1075
125057 125056 1283
128464 125056 475
128464 125068 558
128464 128465 1075
125043 125045 1484
125070 125060 1161
120320 120316 2000
124928 120316 3624
120322 120324 2961
120603 120325 6811
120603 120340 1184
120340 120339 2274
120340 120347 837
120340 120603 1184
120348 120339 3154
125069 125068 1869
128469 128467 606
67977 67976 418
68007 67621 1005
120347 120340 837
120347 120353 1347
120352 120356 631
120367 120363 1344
66787 120342 3907
120343 120342 1358
120343 120387 2036
120343 120400 611
120400 120343 611
120400 120402 1439
67814 67813 4004
67814 67837 374
67823 67824 333
67823 67837 2256
67824 67823 333
67824 67826 338
77089 67990 213
67577 67595 6259
67585 67595 6184
67593 67598 2640
67596 67598 1810
67604 67598 796
67810 67812 419
67813 67812 955
67813 67814 4004
67787 67828 778
67787 67833 1607
67832 67833 796
67832 67839 1486
67783 76605 2342
77029 76605 2083
67149 67215 506
67769 67768 2464
67272 67280 581
67272 67281 1286
67280 67272 581
67280 67281 1473
67405 67415 1798
67405 67419 865
67420 67419 1640
67415 67405 1798
67415 67430 514
67439 67458 2497
67460 67458 1434
67194 67219 781
67201 67203 2224
67212 67203 1776
67212 67214 2228
67213 67214 1701
68799 68797 977
68799 68798 698
68802 68797 678
68812 68811 1220
72947 72872 1902
72960 72956 685
72964 72956 554
72964 72962 1769
72964 72965 169
72962 72964 1769
72962 72967 1185
72969 72967 2274
72996 72970 1032
72996 73020 1067
73018 73013 1107
73018 73016 1531
73018 73031 1264
73022 73013 1531
73022 73021 1148
73021 73020 611
73021 73022 1148
73032 73031 3225
73033 73031 987
73033 73128 1366
73033 73132 603
73128 73033 1366
73128 73127 720
73132 73033 603
73132 73133 1281
71105 71107 711
71108 71107 924
71109 71107 632
71109 71112 344
71109 71122 1365
71110 71115 688
71113 71114 1558
71113 71115 936
71122 71095 538
71122 71109 1365
71122 71123 507
71186 71117 507
67364 67507 6109
77819 67507 816
67546 67545 922
76993 67545 677
67541 67540 2478
67544 67540 875
67544 67556 1448
67544 67557 674
67511 67517 277
67511 67519 1431
67517 67511 277
67517 67518 1484
67517 67519 1156
67518 67517 1484
67518 67521 768
67523 67521 752
71345 71349 924
71348 71349 632
71759 71758 1454
71356 71355 1004
71518 71522 2394
70991 70996 2561
70995 70996 1014
71031 71032 1032
71034 71032 1609
71035 71032 1425
71019 71046 893
71019 71053 1862
71047 71046 344
71053 71019 1862
71053 71020 556
71053 71052 445
71054 71052 1693
71018 71020 3324
71058 71020 1225
71060 71062 1348
71295 71065 1370
71295 71301 1719
71072 71071 656
71273 71369 1990
71293 71301 3367
71303 71308 754
71303 71308 754
71318 71313 2229
77001 68155 1551
77001 68166 953
77804 68155 227
77805 68155 879
67491 68156 1950
67491 68159 1011
68158 68156 1431
68165 68166 1339
68162 68159 1067
67555 67557 279
67555 67558 519
67557 67544 674
67557 67555 279
67557 67558 356
67557 67562 1424
67554 67564 928
72742 72740 987
72742 72744 2171
72742 72747 1067
72743 72740 1874
72743 72741 908
74325 74321 1682
74304 74278 2094
74304 74305 1114
74324 74323 2482
74095 74233 676
74095 74234 1786
74236 74233 1558
76570 74233 1420
74237 74234 780
74258 74257 2077
74260 74257 754
74375 74371 344
63738 63739 1360
63738 74361 634
74381 63739 416
74382 63739 643
74389 74379 1598
72745 72744 632
72745 72758 632
72747 72742 1067
72747 72758 2111
72763 72758 277
72766 72765 453
72768 72765 951
72849 72793 2140
72849 72855 253
72793 72849 2140
72793 72859 987
72942 72859 1874
72942 72943 712
72943 72871 1799
72943 72942 712
222572 220172 696
222572 222574 1353
222575 222574 915
222575 222588 697
222587 222588 1150
222591 222588 895
222591 222592 1171
224932 224825 235
224929 224928 115
216874 216873 793
216874 216878 1668
216914 216912 1659
216914 216916 785
217117 216916 644
217118 216916 811
217118 216917 1797
216927 216917 669
216927 216925 1279
216927 217134 780
216926 216925 622
217137 217134 640
217138 217134 795
217138 217144 646
217144 217138 646
217144 217139 571
217817 217139 650
217817 217815 543
217971 217139 1227
217815 217817 543
217815 217819 362
217820 217819 1397
217820 217822 415
216989 216988 815
216989 217076 1766
217088 216878 767
217088 217078 1649
217076 216987 780
217076 216989 1766
217076 217074 1467
217077 217074 774
217077 217078 1167
217090 217078 701
217016 217017 417
217016 217018 2177
217021 217017 2051
217021 217018 388
217021 217020 468
217146 217013 215
217146 217014 350
224021 217014 893
217999 217013 932
217069 217067 2591
217069 217068 1446
217059 217060 118
171098 171109 780
171107 171101 754
171107 171109 257
171107 171162 925
171805 171804 1248
171805 171807 242
171801 171808 796
171845 171830 672
171854 171830 759
171840 171839 880
171836 171835 562
171836 171866 767
171848 171850 581
171848 171865 767
171865 171848 767
171865 171853 954
171866 171836 767
171866 171853 562
171051 171050 752
171055 171050 613
171087 171102 767
171101 171102 3113
171101 171107 754
171101 171162 310
95954 95958 861
95957 95956 1891
95957 95958 1434
96096 96097 1055
96096 96102 932
96098 96097 1386
96102 96096 932
96102 96106 1180
96105 96106 1161
96105 96110 1851
96144 96107 1447
96110 96105 1851
96110 96108 1248
96257 96255 905
95956 95957 1891
95956 95991 4234
95977 95991 4752
96008 96007 3983
96008 96007 3983
96261 96256 1613
102871 96256 1545
96078 96077 872
96079 96077 1393
96480 96476 4435
96482 96476 1593
96482 99073 951
96478 96481 3338
96478 96591 3640
102520 96387 461
96401 96400 2398
96405 96400 1115
96406 96400 2128
96406 96412 1115
96413 96412 1143
96413 96466 682
96466 96411 1873
96466 96413 682
96470 96410 1103
100167 100169 3562
100137 100136 677
101950 100142 1956
100133 100143 1966
94584 94588 1299
94586 94587 1686
100242 94587 599
100330 100332 2817
100357 100332 3290
99526 99503 947
99526 99528 2029
99527 99528 2180
99535 99528 3177
99535 99536 1224
99537 99536 1345
99521 99522 716
100108 99522 1928
100108 100106 552
101948 99522 850
101948 101945 2853
100106 100107 682
100106 100108 552
101834 100107 964
101946 101945 2205
101951 101947 760
101952 101947 2601
99510 99509 3171
99555 99509 582
99555 99557 121
99557 99509 540
99557 99555 121
99180 99179 927
99180 99181 1771
96591 96478 3640
96591 96595 3304
96586 96587 1114
96586 96597 3148
96587 96586 1114
96587 96598 3018
96599 96598 1185
99181 99180 1771
99181 101755 496
99302 99279 3498
99329 99279 3642
99481 99279 2829
96625 96630 2365
96631 96633 2240
99208 99207 983
99223 99207 2618
99212 99209 926
99213 99209 589
102880 99275 161
102880 102879 179
99275 99274 1454
99275 102880 161
99290 99274 4518
99480 99476 1841
99482 99478 709
99494 99493 751
99495 99493 474
99507 99503 2142
99533 99503 1681
35499 35498 221
41742 35498 635
50265 35498 841
41716 41715 1161
41716 41732 5890
42703 42701 2550
42703 42709 1103
42703 42751 884
41714 41715 1434
42756 42752 2190
42744 42746 3202
42744 42754 3503
41757 41756 1986
41760 41759 612
41760 41761 1305
41760 41767 4465
41768 41762 1746
41768 41767 810
42764 42763 1161
42764 42768 1666
42975 42974 1161
42975 42976 1293
42975 42977 1551
41736 41737 1505
41710 41739 1116
41759 41753 6459
41759 41760 612
41754 41752 581
41755 41752 476
100495 100496 3642
100500 100496 4948
50437 50435 1544
41761 41760 1305
41761 41762 1259
41784 41783 751
41797 41783 599
41770 41766 1579
42768 42764 1666
42768 42767 202
103052 103051 1859
103053 103051 2703
41857 41856 1009
41857 41858 1004
41857 41859 1684
41860 41858 1684
41860 41859 1004
41860 41885 1124
41860 41886 2779
123959 123956 552
123944 123943 1142
123973 123976 1201
123998 123997 556
41821 41823 415
41822 41823 423
122615 122616 2982
122615 122620 828
122616 122615 2982
122616 122621 810
122616 122735 4431
122735 122616 4431
122735 122629 1117
122869 122868 581
41884 41856 1339
41858 41857 1004
41858 41860 1684
41858 41861 1161
122772 123267 1035
123275 123267 1813
132443 123267 1410
123266 123272 476
123273 123272 1276
123273 123279 1678
123279 123273 1678
123279 123280 1111
123285 123281 3121
122634 122644 1532
122640 122644 2063
122640 122645 4833
122643 122644 1114
122724 122645 2215
122713 122714 452
122716 122717 885
122731 122717 2430
122731 122732 873
122738 122733 751
122738 122737 2143
122745 122741 1268
122752 122741 1307
122757 122756 1014
122758 122756 487
122690 122760 2950
122761 122760 1445
122682 122687 2599
122693 122687 581
122688 122689 556
122695 122694 933
122696 122694 1556
122696 122700 2049
122702 122701 2890
122767 122774 927
122780 122774 2192
122780 122781 436
122782 122781 1576
123472 123491 2119
123508 123506 558
123460 123459 476
123865 123864 1169
123866 123864 1447
123939 123938 985
132309 123949 349
117972 117973 734
117974 117973 1308
117934 117935 582
117938 117937 238
118299 118298 4061
118302 118298 793
118302 118301 881
118302 118301 881
117950 118469 1016
118470 118469 1395
122155 122157 782
122155 122192 2567
122173 122157 610
122158 122192 1221
122158 122195 1283
122199 122200 3699
122219 122200 1510
122302 122301 928
122775 121668 1993
122288 122289 1135
640
216928
217821
217824
216981
216986
216875
217073
217075
216982
217015
217044
217984
217983
217010
217011
217019
217008
217012
217038
217065
217063
217062
171108
171803
171809
171831
171829
171841
171843
171851
171121
171124
171129
171154
171155
171161
92875
95962
95959
95964
96100
96145
95994
96004
96085
96046
96254
96383
96384
96059
96477
96386
96404
96408
96407
100196
100174
100140
100141
100144
100246
100249
100370
94549
100355
99484
99531
99532
100095
101943
99552
99074
99182
96602
99183
101756
99280
102649
96632
99206
102878
99291
99474
99477
99488
99489
35526
41735
42699
41717
42698
42704
42707
42713
42711
42732
42755
42747
42750
41758
42762
42765
42789
41807
42773
41740
41744
41751
41699
50436
50433
41764
41765
41806
41779
41847
41893
41894
41897
123955
123946
123979
124003
124005
124007
41824
122617
122622
122628
122832
122833
122855
122857
122883
41848
41887
122809
123276
123289
123282
122718
122719
122730
122739
122740
122876
122759
122762
122785
122692
122764
122778
122779
122806
122814
123496
123499
123340
123458
123856
123863
123849
123854
123941
123940
117982
117936
117946
117951
122174
122198
122303
122550
121669
122291
122312
122281
122277
122280
122371
122381
122443
123166
123156
123179
123216
123225
117987
123342
123345
123409
123361
123372
123456
123984
123999
124008
123876
123978
123897
123906
123904
123905
123900
124768
124773
123883
123887
123880
123892
123877
123894
123878
124022
124781
124784
124787
124818
124823
124831
132420
124854
124873
124874
125018
125021
125024
125028
125038
125047
125050
125053
125056
125045
125060
120316
120324
120325
120339
125068
128465
128467
67976
67621
120353
120356
120363
120342
120387
120402
67837
67826
67990
67595
67598
67812
67828
67833
67839
76605
67215
67768
67281
67419
67430
67458
67219
67203
67214
68797
68798
68811
72872
72956
72965
72967
72970
73013
73020
73016
73031
73127
73133
71107
71115
71114
71112
71123
71117
67507
67545
67540
67556
67519
67521
71095
71349
71758
71355
71522
70996
71032
71046
71052
71020
71062
71065
71071
71369
71301
71308
71313
68155
68156
68166
68159
67558
67562
67564
72740
72741
74321
74305
74278
74323
74233
74234
74257
74371
63739
74379
74361
72744
72758
72765
72855
72859
72871
220172
222574
222588
222592
224825
224928
216873
216912
216916
216917
216925
122290
120520
122308
122318
122278
122380
122384
122439
122442
123155
123151
123157
123180
123197
123221
123228
117988
123346
123407
123357
123360
123364
123373
123465
123875
123972
123977
123896
123886
123899
123611
124764
124772
124775
123879
123829
123891
124780
124809
124819
124856
124875
124900
132347
124916
124919
125030
125043
124928
120322
120340
120347
120352
120367
66787
120400
67823
67824
67577
67585
67593
67596
67604
67810
67813
67787
67832
67783
67149
67769
67272
67280
67405
67420
67415
67439
67194
67201
67212
67213
68799
68802
72947
72960
72962
72969
72996
73018
73022
73021
73032
73033
73132
71105
71109
71110
71113
71186
67364
67546
67544
67511
67518
67523
71345
71348
71759
71356
71518
70991
70995
71031
71035
71019
71018
71058
71060
71295
71273
71293
71303
71318
77001
67491
67555
67554
72742
72743
74325
74304
74324
74095
74237
74260
74375
74381
74382
74389
72745
72747
72763
72768
72849
72793
72942
72943
222572
222575
222587
216874
216914
217117
217118
216927
217138
217144
217817
217971
217815
217820
216989
217088
217076
217077
217090
217146
217069
171098
171805
171801
171845
171854
171836
171848
171865
171866
171051
171055
171087
171101
95954
95957
96096
96102
96105
96110
96257
95956
95977
96008
96261
96480
96478
102520
96401
96405
96406
96413
96466
96470
100167
101950
100133
94584
94586
100242
100330
100357
99526
99527
99535
99521
101948
100106
99510
99557
96591
96586
96587
96599
99302
99329
99481
96625
96631
99208
99223
99212
99213
99480
99482
99494
99507
99533
41742
41716
41714
42744
41768
42764
41736
41710
41759
100495
100500
41761
103052
103053
123959
123944
123973
41821
122615
122735
122772
123266
123273
123279
123285
122634
122640
122643
122713
122716
122731
122738
122758
122690
122682
122688
122695
122696
122702
122767
122780
122782
123472
123508
123460
123866
117972
117974
117934
117938
118299
117950
122155
122158
122199
122775
122288
