666
145052 145050 1376
145052 145051 657
145052 145093 786
145094 145093 808
145094 145096 1376
145097 145096 629
145097 145101 877
145097 145103 682
145100 145101 1439
145112 145101 750
145104 145103 2504
145104 145107 1336
145104 145115 1045
145122 145115 1590
145122 145492 313
145122 145493 333
145495 145493 636
145495 145496 1776
145500 145496 840
145500 145501 1418
145537 145501 491
145538 145540 268
145538 145541 1420
145545 145541 692
145545 145546 771
145545 145547 1478
145546 145545 771
145546 145548 1465
145594 145548 801
145594 145600 1708
145603 145598 795
145603 145600 801
145603 145604 1748
145598 145603 795
145598 145610 740
145598 145617 1672
145610 145598 740
145610 145618 1754
145773 145774 792
145773 145776 1342
145775 145776 766
145775 145794 1396
145784 145783 801
145784 145786 1773
145784 145794 729
145783 145784 801
145783 145785 1790
145782 145785 776
145782 145790 1758
145787 145789 1787
145787 145790 866
145621 145618 876
145621 145623 1742
145788 145623 887
145788 145789 783
145788 145880 1644
145774 145773 792
145774 145778 1328
145779 145778 755
145779 145798 1462
145846 145798 848
145846 145847 1752
145851 145847 719
145851 145853 1727
145863 145853 668
145863 145864 744
145863 145869 1708
145864 145863 744
145864 145870 1640
145875 145870 695
145875 145878 2524
145879 145878 710
145879 146084 1732
146087 146084 809
146087 146098 2048
146099 146098 775
146099 146101 770
146099 146103 1884
146101 146099 770
146101 146104 1939
151474 146104 855
151474 151482 1719
151483 151482 786
151483 151489 1684
151483 151490 735
151490 151483 735
151490 151493 1701
151494 151493 726
151554 151551 1707
151554 151586 2126
151811 151586 852
151811 151730 1809
148164 148407 1433
148164 151930 827
151552 148407 705
151552 151384 2352
151552 151551 712
151566 150369 805
151566 151563 2064
151566 151930 1741
151584 151588 2593
151560 151561 848
151560 151561 848
151560 151563 1536
203821 151561 1523
203821 203823 683
151563 151560 1536
151563 151562 794
151563 151566 2064
151585 151498 2420
151585 151589 5215
151585 151949 2510
203823 151567 1482
203823 203821 683
203832 151569 1293
203832 203834 1143
204441 204438 1230
204441 204455 1810
204441 214420 2402
204521 204528 3282
208618 208621 1227
208618 208625 867
208624 208625 1683
208624 208626 684
207867 207892 937
207867 207897 608
194686 208647 2408
208645 208642 916
208646 208643 649
212989 212990 858
208640 208641 1466
208637 208688 3233
208630 208627 549
208630 208631 701
208621 208618 1227
208621 208627 801
207792 207880 1020
207882 207880 837
207882 207883 972
207883 207881 792
207883 207882 972
207886 207887 679
207853 207891 237
207853 207892 504
207891 207853 237
207891 207892 593
208610 208626 1809
208679 208626 930
208679 208635 1806
208679 208680 710
208667 208669 1809
208668 208669 774
208668 208681 1791
208680 208636 1682
208680 208679 710
208680 208681 726
208674 205176 1215
208674 208675 1611
208674 208676 1199
208708 208707 1858
208717 208718 2022
208717 208726 800
208726 208717 800
208726 208733 891
208727 208733 955
208727 208737 750
208732 208737 943
208732 208741 775
211108 208741 1014
211108 211110 2572
211171 208748 1828
211171 211167 773
211173 208749 563
211173 211337 1187
211174 211335 598
211174 211337 219
180261 180264 223
180261 180454 292
180471 180470 765
180471 185723 1565
180183 180182 556
180183 180184 757
180183 185731 1558
180263 180264 250
180263 180455 889
180249 180185 202
180249 185564 889
185562 185563 281
185562 185566 796
180467 180468 599
180469 180468 1124
180469 180470 757
180469 185726 1234
180415 180416 452
180415 180457 1977
180449 180448 1879
180449 180457 1530
166495 166509 766
166495 166537 2445
166510 166509 562
166510 172472 758
166504 166505 1000
166504 166540 355
166554 166555 416
166554 166556 2224
166546 166560 2335
166546 166570 1117
166559 166556 766
166559 166560 758
166559 166580 2113
166571 166572 84
166579 166564 344
166579 166732 933
166731 166732 688
166731 172659 1018
172660 166744 1026
166735 166744 796
167091 167104 1831
166751 166749 1185
166749 166751 1185
166749 166782 842
166782 166749 842
167038 167050 850
167050 167038 850
167104 167091 1831
180378 179704 751
179704 180378 751
181914 182115 2364
182115 181914 2364
182123 182144 782
182144 182123 782
182189 182199 2690
182199 182189 2690
152316 152361 397
152361 152316 397
152361 152360 559
152360 152361 559
152346 152347 764
152347 152346 764
173593 173594 418
173594 173593 418
153018 153039 1034
153039 153018 1034
176123 176131 782
176509 176514 1447
176514 176509 1447
176520 176522 2483
176522 176520 2483
176131 176123 782
176510 176143 842
176143 176510 842
155620 155618 683
155592 155600 1124
155600 155592 1124
155618 155620 683
176955 176971 796
177166 177213 765
177213 177166 765
177179 177181 789
177181 177179 789
177191 177170 238
176112 176114 2093
176114 176112 2093
176114 176204 952
176204 176114 952
177172 177171 810
176971 176955 796
177170 177191 238
177171 177172 810
174950 174951 2007
174951 174950 2007
211330 211335 419
167287 167320 810
167320 167287 810
166538 166537 337
166542 166540 2335
166542 166555 350
165102 165100 562
165102 165133 688
165133 165102 688
165100 165102 562
164582 164581 436
164744 164743 1032
164743 164744 1032
164581 164582 436
211525 211526 660
211526 211525 660
211531 211532 556
211532 211531 556
211539 211549 278
211549 211539 278
211559 212175 727
212175 211559 727
212203 212204 679
212204 212203 679
114901 114937 2344
114937 114901 2344
107447 107452 930
107452 107447 930
107452 108506 785
107463 107465 1424
107465 107463 1424
108506 107452 785
92823 103133 1916
103133 92823 1916
107563 107562 1224
107562 107563 1224
111324 111325 788
111325 111324 788
111326 111334 1028
111334 111326 1028
103355 103354 583
111483 111494 1124
111494 111483 1124
103354 103355 583
111562 111561 778
111556 111569 713
111569 111556 713
111561 111562 778
111681 111683 889
111683 111681 889
111683 111686 672
111686 111683 672
111686 111689 889
111689 111686 889
111708 111709 893
111709 111708 893
111709 111714 580
111717 111714 1348
111714 111709 580
111714 111717 1348
104146 104118 551
104118 104146 551
39210 39225 2458
39225 39210 2458
39195 39196 1700
39196 39195 1700
104812 104832 2737
104833 104832 354
104854 104853 848
104853 104854 848
104832 104812 2737
104832 104833 354
104905 104918 737
104918 104905 737
104995 104996 1623
104996 104995 1623
39478 39480 168
39480 39478 168
40594 40588 2336
40588 40594 2336
40814 40914 2835
40914 40814 2835
55240 55249 752
55249 55240 752
55251 55419 1813
55419 55251 1813
41639 41640 849
41640 41639 849
41640 41644 673
41644 41640 673
48367 48368 713
48368 48367 713
48677 48678 296
48678 48677 296
48728 48732 222
48732 48728 222
48589 48588 984
48588 48589 984
48848 48868 951
48871 48872 848
48872 48871 848
48877 48879 418
48879 48877 418
48868 48848 951
131476 131639 1505
131639 131476 1505
54447 54515 2291
54515 54447 2291
54515 54529 2291
54558 54560 3804
54560 54558 3804
54583 54589 418
54589 54583 418
54667 54668 1950
54529 54515 2291
54668 54667 1950
53915 53936 1560
53936 53915 1560
144496 144492 2416
144496 144507 2491
144507 144496 2491
144507 144544 2960
144544 144507 2960
144691 144698 793
150615 150618 1698
150496 150497 505
150497 150496 505
150618 150615 1698
150640 150642 1483
150642 150640 1483
139910 140188 613
140188 139910 613
140191 140195 1955
140195 140191 1955
141863 141866 2358
144492 144496 2416
141866 141863 2358
141882 141909 2393
141909 141882 2393
142097 140043 1642
140043 142097 1642
142582 142586 1715
142586 142582 1715
142537 142540 1973
142540 142537 1973
204852 204853 773
204853 204852 773
207878 207881 1548
207879 207880 683
144698 144691 793
144727 144728 776
144728 144727 776
145050 145052 1376
145051 145052 657
145093 145052 786
145093 145094 808
145096 145094 1376
145096 145097 629
145101 145097 877
145101 145100 1439
145101 145112 750
145103 145097 682
145103 145104 2504
145107 145104 1336
145107 145115 803
145115 145104 1045
145115 145107 803
145115 145122 1590
145492 145122 313
145492 145493 446
145493 145122 333
145493 145492 446
145493 145495 636
145496 145495 1776
145496 145500 840
145501 145500 1418
145501 145537 491
145540 145538 268
145541 145538 1420
145541 145545 692
145547 145545 1478
145547 145548 867
145548 145546 1465
145548 145547 867
145548 145594 801
145600 145594 1708
145600 145603 801
145604 145603 1748
145604 145617 699
145617 145598 1672
145617 145604 699
145617 145618 786
145618 145610 1754
145618 145617 786
145618 145621 876
145776 145773 1342
145776 145775 766
145776 145778 815
145794 145775 1396
145794 145784 729
145786 145784 1773
145786 145785 805
145785 145782 776
145785 145783 1790
145785 145786 805
145790 145782 1758
145790 145787 866
145789 145787 1787
145789 145788 783
145623 145621 1742
145623 145788 887
145880 145788 1644
145778 145774 1328
145778 145776 815
145778 145779 755
145798 145779 1462
145798 145846 848
145847 145846 1752
145847 145851 719
145853 145851 1727
145853 145863 668
145869 145863 1708
145869 145870 779
145870 145864 1640
145870 145869 779
145870 145875 695
145878 145875 2524
145878 145879 710
146084 145879 1732
146084 146087 809
146098 146087 2048
146098 146099 775
146103 146099 1884
146103 146104 718
146104 146101 1939
146104 146103 718
146104 151474 855
151482 151474 1719
151482 151483 786
151489 151483 1684
151489 151493 808
151493 151489 808
151493 151490 1701
151493 151494 726
151551 151552 712
151551 151554 1707
151586 151554 2126
151586 151811 852
151730 151811 1809
148407 148164 1433
148407 151552 705
151930 148164 827
151930 151566 1741
151384 151552 2352
150369 151562 2010
150369 151566 805
151588 151584 2593
151561 151560 848
151561 151560 848
151561 151562 1526
151561 151567 747
151561 151567 747
151561 203821 1523
151562 150369 2010
151562 151561 1526
151562 151563 794
151498 151585 2420
151589 151585 5215
151949 151585 2510
151567 151561 747
151567 151561 747
151567 151569 730
151567 151569 730
151567 203823 1482
151569 151567 730
151569 151567 730
151569 203832 1293
203834 203832 1143
204438 204441 1230
204455 204441 1810
214420 204441 2402
204528 204521 3282
208625 208618 867
208625 208624 1683
208625 208627 1576
208626 208610 1809
208626 208624 684
208626 208679 930
207892 207853 504
207892 207867 937
207892 207891 593
207897 207867 608
207897 208642 1598
208647 194686 2408
208642 207897 1598
208642 208645 916
208643 208646 649
212990 212989 858
208641 208640 1466
208688 208637 3233
208627 208621 801
208627 208625 1576
208627 208630 549
208627 208631 805
208631 208627 805
208631 208630 701
207880 207792 1020
207880 207879 683
207880 207881 1020
207880 207882 837
207881 207878 1548
207881 207880 1020
207881 207883 792
207887 207886 679
208635 208636 773
208635 208679 1806
208669 208667 1809
208669 208668 774
208681 208668 1791
208681 208680 726
208636 208635 773
208636 208680 1682
205176 208674 1215
208675 208674 1611
208676 208674 1199
208707 208708 1858
208718 208717 2022
208733 208726 891
208733 208727 955
208737 208727 750
208737 208732 943
208741 208732 775
208741 211108 1014
211110 211108 2572
208748 208749 237
208748 211171 1828
211167 211171 773
208749 208748 237
208749 211173 563
211337 211173 1187
211337 211174 219
211335 211174 598
211335 211330 419
180264 180261 223
180264 180263 250
180454 180261 292
180470 180469 757
180470 180471 765
185723 180471 1565
180182 180183 556
180182 180455 1281
180184 180183 757
180184 180185 517
180184 185563 843
185731 180183 1558
180455 180182 1281
180455 180263 889
180185 180184 517
180185 180249 202
185564 180249 889
185563 180184 843
185563 185562 281
185566 185562 796
180468 180467 599
180468 180469 1124
185726 180469 1234
180416 180415 452
180457 180415 1977
180457 180449 1530
180448 180449 1879
166509 166495 766
166509 166510 562
166537 166495 2445
166537 166538 337
166537 166540 421
172472 166510 758
166505 166504 1000
166540 166504 355
166540 166537 421
166540 166542 2335
166555 166542 350
166555 166554 416
166556 166554 2224
166556 166559 766
166560 166546 2335
166560 166559 758
166570 166546 1117
166580 166559 2113
166572 166571 84
166564 166579 344
166732 166579 933
166732 166731 688
172659 166731 1018
166744 166735 796
166744 172660 1026
976
145052
145094
145097
145100
145112
145104
145122
145495
145500
145537
145538
145545
145546
145594
145603
145598
145610
145773
145775
145784
145783
145782
145787
145621
145788
145774
145779
145846
145851
145863
145864
145875
145879
146087
146099
146101
151474
151483
151490
151494
151554
151811
148164
151552
151566
151584
151560
203821
151563
151585
203823
203832
204441
204521
208618
208624
207867
194686
208645
208646
212989
208640
208637
208630
208621
207792
207882
207883
207886
207853
207891
208610
208679
208667
208668
208680
208674
208708
208717
208726
208727
208732
211108
211171
211173
211174
180261
180471
180183
180263
180249
185562
180467
180469
180415
180449
166495
166510
166504
166554
166546
166559
166571
166579
166731
172660
166735
166702
167200
167236
167262
167223
167212
167091
166718
166726
166751
166749
166782
166762
167009
167027
167038
167050
167098
167113
172177
167104
152419
152423
152414
152410
152411
186058
180127
180384
180393
180378
180398
179702
179704
177720
180187
182346
173588
182311
179712
181916
181914
182115
182123
182099
182144
182183
182189
182199
182283
182308
152316
152361
152334
152950
152351
152360
152943
152313
152353
152367
152939
152947
152945
152320
152342
152338
152346
152344
152347
152324
152450
152473
152483
153091
153132
155705
155781
155725
153112
153140
173523
173593
173594
173581
173559
173687
185433
186087
173163
173167
173690
173854
173873
185444
152917
153012
153018
153039
153023
155490
153032
153034
153044
153020
153037
155509
155519
155549
155484
155495
176116
176123
176509
176506
176471
176495
176493
176503
176514
176513
176516
176520
176522
176131
176510
176138
176143
155671
155678
156248
156252
155635
155630
155620
155632
155538
155592
155600
155618
175973
177109
177116
177115
177146
177098
177145
177100
177016
177102
176995
185696
176957
176955
176968
177166
177029
177045
177044
177213
177009
177177
177179
177181
177190
177189
177191
176112
176077
176106
176203
176114
176204
176961
177172
176965
176971
177170
177171
175013
176849
176868
176783
173879
174950
174951
174981
174975
176631
176761
174964
174960
174957
176757
211361
211330
165082
165321
165263
165231
165269
165439
167287
167320
167307
167330
166543
166550
166552
167296
166538
166542
165084
165055
165057
165102
165133
165069
165100
165090
164477
165139
165119
165135
164453
164697
164451
164443
164446
164802
164837
165165
165340
165354
165381
165143
164582
164722
164731
164724
164735
164698
164727
164729
164744
164741
164743
164594
164581
161410
164583
164585
211389
211402
211525
211216
211388
211526
211531
211532
211539
211549
211551
211558
211559
211546
212175
212181
212183
212184
212203
212204
212242
211404
211405
212450
212459
212511
161403
161431
212517
212531
212257
212262
212446
114381
114323
114430
114200
114206
114569
114017
114021
114037
119124
119309
119321
118563
118564
119155
119342
119386
114913
114940
114911
114901
114937
114935
115030
115006
92018
92027
92069
92071
92123
94363
92206
92278
92279
115750
115808
115814
92310
92313
92314
105806
107030
107034
107086
107203
107177
107200
106962
106965
107119
107418
107447
107452
107438
107487
107463
107465
108506
107445
107530
107515
107478
109500
107475
92823
92906
103133
92960
92964
93035
92849
92807
115972
115965
115786
115848
115856
92748
92516
92729
115853
115864
191890
191513
191522
191525
191788
191533
190883
190896
190899
191699
191968
191698
194030
191730
191732
192755
191562
191555
191786
191904
191554
191853
191917
191948
191771
192122
192739
192773
193848
194017
194026
192720
192722
194249
192812
114067
114366
114723
114730
194380
107563
109462
109775
107562
109770
109801
109813
109792
109819
109816
109893
109930
109931
109913
109907
103361
105185
110976
111007
111087
111085
111324
111325
111326
111334
111335
111342
103355
111354
103332
103336
111470
111483
111494
111495
111502
103354
111504
111536
111572
111562
111556
111569
111561
111568
103695
103697
111681
111683
111686
111689
111708
111709
111717
111714
111720
111656
111635
111638
111641
111449
111451
111655
112592
111704
111710
112617
111761
111780
104298
112576
104146
104118
112883
112751
104351
104360
104362
104406
39210
39225
39532
39527
39514
39549
39554
39524
46130
39215
104740
104284
104791
39157
39195
39196
104812
104833
104854
104378
104853
104832
104894
104905
104918
104934
104466
104995
104996
104999
39342
39344
39337
39343
39336
39334
39324
39388
39380
39419
39425
39433
39478
39480
39496
40441
40456
40457
40464
40465
40492
40604
40468
40479
40559
40545
40375
40550
50410
40594
40829
40832
40838
40847
40849
40859
40911
40912
40579
40588
40814
40818
40914
55233
55244
55240
55249
55251
55419
55418
55428
41627
41639
41641
41640
40935
41644
48408
48521
48524
48530
48549
48553
48342
48346
48367
48368
48378
41633
48669
48677
48678
48708
48728
48732
48734
48589
48714
48888
48588
48904
48911
48887
48847
48848
48863
48871
48872
48877
48879
48882
48953
48956
48843
48868
48987
48984
49002
49003
49025
50483
49026
49031
48314
48320
48321
131374
48309
48395
131377
131380
131383
131476
131639
131481
131648
131653
131654
131658
131752
131830
131838
131839
131827
54363
56642
54414
54425
54426
54447
54515
54532
54365
54558
54560
54583
54589
54667
52719
53777
54529
54528
54730
54684
54668
53865
53866
53915
53916
53773
56777
53940
55151
53933
53936
55172
55228
55207
144496
144507
144542
144544
144681
144680
144686
144691
150615
150496
150497
150618
150640
150642
151910
150727
150729
150728
139909
139910
140188
140191
140195
140431
140441
141863
142535
142545
144492
141866
141882
141909
141929
141934
151752
142097
142098
142095
142092
140043
142062
142061
142073
142582
142586
142594
142613
142614
142721
142735
142537
142540
142541
142553
142769
142770
142776
55475
56359
56372
56373
56364
204696
204711
204530
204707
204708
204713
204715
204716
204731
204794
204799
204844
204845
204852
204853
204854
207878
207879
144698
144700
144696
144704
144707
144709
144710
144727
144714
144718
144728
144721
145050
145051
145093
145096
145103
145107
145115
145492
145493
145496
145501
145540
145541
145547
145548
145600
145604
145617
145618
145776
145794
145786
145785
145790
145789
145623
145880
145778
145798
145847
145853
145869
145870
145878
146084
146098
146103
146104
151482
151489
151551
151586
151730
148407
151930
151384
150369
151562
151498
151589
151567
151569
203834
204438
204455
214420
204528
208625
208626
207897
208647
208643
212990
208641
208688
208631
207887
208635
208669
208681
208636
205176
208675
208676
208707
208718
208733
208737
208741
211110
208748
211167
208749
211337
180454
180470
180182
180455
185566
180468
180416
180457
180448
166509
166505
166556
166560
166570
166580
166564
166732
172659
166744
