4334
76884 78672 3115
57499 57501 324
56962 56955 1013
56962 57103 604
57472 57462 818
57472 57471 781
57472 57473 453
77625 77747 257
57637 57631 1109
57637 57649 693
57637 57651 799
57639 57640 634
57639 57641 1437
57620 57614 951
57620 57622 1145
57610 57612 405
57610 57614 848
57610 57616 910
57717 57076 713
67664 67665 3136
67664 67678 2762
57685 57686 727
57685 76500 2078
65935 65937 782
65935 65939 810
78543 78544 1091
78543 78545 855
65939 65935 810
65939 65942 1360
65939 65943 713
65942 65939 1360
65942 65956 748
65942 65957 1032
65948 65957 782
65955 65960 1582
76583 66970 1855
78129 67136 909
65793 67136 707
65793 67137 1522
65793 78135 886
65705 65706 374
65781 65782 2140
65781 65787 1078
65782 65781 2140
65782 65783 831
65824 65823 2943
65824 65828 1085
65789 65790 1831
65789 65795 1766
65796 58170 770
65796 65798 454
65676 65674 494
65676 65679 782
65676 65680 596
65736 65737 1031
65739 65740 1334
65739 65743 1623
65742 65743 238
65742 65761 3497
65761 65742 3497
65761 65763 698
65658 65656 462
65658 65702 238
65702 65658 238
65702 65701 862
60436 68619 916
60440 77203 566
60440 77203 566
66212 66213 337
66210 66211 893
66214 66213 1535
66214 66216 699
66214 66331 1863
66215 66216 1940
66217 66216 512
66217 66218 1486
66217 66332 1170
65587 65588 1025
65587 65592 543
66294 66290 374
66294 66295 445
66296 66295 782
66296 66317 1105
66296 66324 2093
87486 87186 930
87486 91238 1940
91238 87486 1940
91238 91303 777
87484 87485 2076
87484 91377 737
87515 87516 2653
87515 87517 3125
89140 87848 492
89140 89159 1857
88051 87835 2335
88051 89159 674
87769 87801 569
87848 87847 1828
87848 89140 492
87789 87774 752
87789 87788 1425
87794 87788 854
87794 88099 1110
87786 87785 633
87786 87787 998
87785 87782 675
87785 87786 633
87785 87800 1662
89162 87837 662
89162 89168 2383
89262 89282 3221
88058 89272 2007
88049 87837 1437
89271 89268 667
89271 89296 1864
89271 89331 778
87547 87548 688
87547 87584 3289
89233 89234 773
89233 89279 1184
89277 89276 713
89277 89346 677
89263 89267 1870
89263 89331 672
89263 89332 1864
89265 89266 2456
89333 89332 778
89333 89339 2117
89340 89321 1018
89340 89339 770
89340 89345 1799
89215 89216 3130
89215 89218 1349
89220 89216 344
89220 89221 333
89251 89250 893
89251 89379 2576
89259 89255 4977
89259 89393 1771
89384 89383 937
89384 89394 893
89454 89455 667
88804 88805 1145
88804 88827 1891
88805 88804 1145
88805 89452 753
89260 89261 75
89260 89552 417
89221 89220 333
89221 89222 1588
87624 87623 905
87624 87625 794
87586 87587 2563
88226 88227 2172
88226 89004 978
88232 88233 1222
88232 89006 1975
89004 88226 978
89004 89005 512
83949 83950 598
83949 83950 598
87619 87620 614
87619 88288 985
89056 89057 597
89047 89055 890
89047 91438 876
91382 91383 1188
91382 91384 599
89055 89047 890
89055 91439 1016
91312 91310 204
91312 91440 304
91306 91307 426
91306 91307 426
91310 91311 822
91310 91312 204
90852 90851 1505
90852 91387 1894
89119 91389 356
90848 90849 1086
90848 90850 339
90851 90852 1505
90851 91388 1940
89562 89561 1122
89562 89563 1223
80571 80570 2463
80571 80642 4175
89067 90157 3760
90148 83859 1754
90148 90149 1345
80569 80570 2412
80569 80575 5718
80569 80585 963
80592 80593 12866
89094 89095 347
89094 89096 217
80638 80639 8651
80638 80643 8853
80638 80711 2374
80673 80672 3218
80673 80709 2655
80733 80732 2265
80730 80732 3861
80730 80734 4370
90104 90107 1208
90111 91793 2382
80811 80812 11
80734 80730 4370
80734 80732 512
80764 91791 539
90117 91792 2791
80753 80754 12863
80782 80783 3017
80782 80784 1816
80810 80808 1924
80810 80815 1732
80789 80790 1613
80805 80804 3603
80805 80839 2128
80830 80829 5365
80833 80832 1344
80833 81463 1863
81368 81371 1833
81368 81371 1833
81370 81371 782
81370 81423 3902
81466 80898 1440
81466 81467 4557
81535 81536 1140
81535 81536 1140
81538 81532 3511
81538 81537 3592
81527 82850 6971
81539 81528 1225
81539 81540 4117
81541 82848 5167
81528 81491 893
81528 81530 1002
81528 81539 1225
81431 81434 1158
81431 81453 1866
81433 81067 2380
81433 81434 3543
81452 81451 3131
81452 81453 1527
90666 90664 2935
90666 91459 710
80870 80869 3616
80870 80871 1564
80883 80882 1780
80883 80890 2516
87164 81373 2604
87164 87165 614
90134 90136 566
90596 90595 985
90596 90597 1751
90058 90059 279
90058 90060 608
89511 89510 1725
89511 89575 1149
89603 89604 2002
89603 89605 2610
89545 89546 1612
89545 89577 381
90119 90120 957
90119 90873 1726
86053 86051 2543
86053 86054 2671
91517 90582 751
91517 91518 2771
89961 83487 1879
89961 89962 1300
89680 89681 196
89680 89682 304
89630 89631 149
89630 91884 289
89609 89607 1668
89609 91887 1158
73501 73498 853
73501 73499 1786
73502 73500 538
73502 73616 2224
73619 73618 554
73520 73519 416
73516 73515 1152
66218 66217 1486
66218 66359 942
66349 66350 595
66349 66359 885
66349 78144 929
66373 66374 1467
66373 66375 614
77211 77208 215
77211 78929 435
65768 65763 1021
65766 65764 1021
65766 65767 951
77201 77200 618
66474 66464 2373
66474 66475 1014
66476 66482 2388
66476 66517 1031
66539 66536 1039
66539 77400 1735
66635 66633 762
66635 66634 1012
66637 66630 556
66643 66650 2791
66669 66668 2372
66669 66687 713
73943 76424 10882
75800 75813 957
75811 75813 1769
75811 75814 2138
75817 75814 1109
74005 76424 3265
76755 76756 441
76755 76757 653
56909 56911 6097
56909 56912 562
56912 56909 562
56912 56913 3182
56951 56949 9101
56952 79248 1203
56974 56975 1150
56963 56965 3233
56963 56966 1855
56964 56965 3030
56964 56970 1901
56964 56971 3482
78095 78099 443
77356 77343 1165
77356 77364 4257
75856 75857 320
75861 75862 339
75861 75864 316
75861 75865 771
75876 75866 297
75876 75877 661
75890 75891 1068
75890 75892 1626
75892 75890 1626
75892 77343 866
170154 170155 928
170154 170158 556
170179 170164 506
170163 170164 2556
170163 170165 422
170163 172201 1558
170152 170182 3462
159877 159882 452
159877 159899 518
159898 159907 445
159903 159904 506
159903 159907 2576
159901 159899 1778
159901 159904 3224
159901 159905 506
58379 58376 873
58379 58390 202
58415 58393 747
58416 58395 2249
58416 58419 581
116754 116755 837
116754 116758 419
58713 58701 2495
58713 58714 1344
58719 58721 1004
58743 58725 1187
58743 58746 1271
58743 58751 4924
58753 58748 1983
58753 58754 1116
58753 58862 2019
58746 58743 1271
58746 58750 1103
58746 58752 4935
58748 58749 1085
58748 58753 1983
58810 58839 891
58813 58811 824
58816 58805 1109
58816 58865 3284
58846 58865 3300
58846 58868 5653
58846 58915 3088
58847 58858 1727
58847 58860 739
58847 58915 1839
58858 58847 1727
58858 58859 674
59271 59273 788
59271 59275 739
59277 59276 844
59277 59293 672
59287 59275 518
59287 59292 605
59293 59277 672
59293 59294 445
59320 59322 711
59332 59333 452
59336 59335 538
59336 59337 333
59387 59386 1187
59387 59389 1576
59394 59388 935
59394 59395 475
59513 59392 352
59513 59514 1673
59520 59395 1155
59525 59526 1251
59541 59576 422
59396 59395 1032
58953 58911 107
58955 58910 1120
58955 58957 1124
58959 58957 936
58959 59178 889
59365 59364 520
58198 58195 752
58198 58197 1336
58211 58206 1619
58211 58209 674
58211 58212 768
58213 58212 649
58213 58451 2695
58452 58451 836
58452 58457 2623
58452 58458 874
76417 76479 734
58515 58509 659
58515 58517 1287
76480 77632 1983
58509 58515 659
58509 58516 1008
58511 58512 752
58511 58514 2017
58462 58461 891
58462 58465 555
58462 58477 2559
58478 58477 891
58478 58480 1181
58478 58483 2661
58500 58499 2487
58500 58567 808
58500 76887 615
58568 58567 1019
58568 58579 1519
58571 58513 789
58571 58569 1815
58576 58513 2017
58576 58573 698
58576 58585 2022
58586 58585 891
58401 58400 2314
58401 58403 793
58554 58550 1336
58554 58555 2605
58558 58403 2482
58558 58560 1979
58558 58561 830
58577 58578 1723
58577 58579 474
58604 58603 1640
58604 76893 997
58969 58966 601
58969 58974 1565
58977 58979 672
58977 59010 873
58981 58980 778
58981 59013 851
59013 58981 851
59013 59012 893
59013 59021 1019
59022 59021 667
58603 58602 1228
58603 58604 1640
58974 58969 1565
58974 58976 792
59023 59020 905
59023 59044 1285
60627 60724 704
60627 78039 948
60726 60724 2513
60726 60728 2601
60731 76946 590
60731 76949 669
60748 60732 4697
60748 60754 1023
76950 76949 853
76950 76952 1034
60721 60720 1171
60721 77546 295
60739 60738 1495
60739 60744 650
60774 60744 1020
60775 60776 837
60783 60776 2186
60783 60788 848
60762 60752 1185
60762 77545 951
60772 60771 1101
60772 60773 323
60761 60760 1126
60761 78118 319
60835 60788 2662
60835 60843 543
60760 60759 356
60760 60761 1126
60815 60816 674
59044 59023 1285
59044 59043 782
59044 59051 851
59047 59046 1135
59118 58907 2016
59118 59121 1019
58908 58906 562
58908 58910 1954
59139 58910 1014
59139 58957 1103
59177 58957 1014
59177 59178 792
60836 60789 1665
60836 60837 688
60840 60845 4417
60745 60744 1636
60745 60777 1277
60784 60779 1214
60784 60877 892
60785 60779 1259
60785 60845 677
61064 117263 1487
61068 61070 885
61068 61075 2261
61096 61097 1156
61140 61142 890
61141 61143 1039
61201 61202 616
62743 62744 674
62743 62746 812
62747 62746 674
62790 62791 374
63534 63533 176
78275 63547 287
78275 78276 464
63540 63524 1229
63540 63538 1427
63548 63527 1014
63548 63564 778
66290 66294 374
66290 66322 253
66320 66319 672
66320 66321 672
66320 73482 1958
73477 73478 875
73477 73479 1287
62144 62147 374
62153 62152 885
62167 62105 848
62169 62033 279
62169 62171 650
62052 62047 1186
62052 62053 1114
62052 62173 1265
62171 62047 1633
62171 62169 650
62173 62052 1265
62173 62183 848
63544 61823 984
63544 63545 442
63544 63547 1454
61805 61798 607
61805 61803 875
61805 61807 891
61808 61807 1286
61808 61822 1117
61734 61722 140
61738 61748 650
61737 61746 812
61747 61744 891
61747 61746 1349
61729 61727 752
61729 61728 1816
61731 78820 179
61836 61727 2018
61836 61837 812
61847 61837 1960
61847 61839 698
61847 61856 1615
61856 61847 1615
61856 61873 207
77114 77112 1024
77114 77115 654
61899 61902 1895
61899 77112 775
61902 61899 1895
61902 61904 752
61902 61905 1424
61907 61890 512
61907 61920 2826
61925 63639 809
63640 63639 789
61803 61744 475
61803 61805 875
62112 62106 1204
62077 62073 679
62077 62076 1676
62083 62075 475
62081 62065 874
62081 62117 419
62076 62072 740
62076 62077 1676
62076 62092 838
62096 62092 712
62096 62098 374
61912 61911 1828
62079 61863 2216
62079 62065 984
62299 62300 370
62299 76775 1989
76774 62287 1407
76774 76775 562
61402 61403 1032
61402 62322 498
61489 61490 1287
61489 61522 1425
61523 61522 1563
61523 77122 484
61501 62013 2620
62041 62040 1213
62041 62044 1686
62041 62045 1144
62020 62021 2236
62020 62040 405
76761 78183 5136
76761 78184 2478
78187 78184 1444
78187 78193 721
78189 78190 3372
78189 78621 394
78189 78623 1739
78197 78193 2567
78197 78198 234
68557 68556 465
78873 78626 1649
78622 78621 1428
78622 78624 1506
78895 78897 130
67465 67461 1173
67465 67468 755
67465 67471 551
57215 57187 1348
57215 57216 892
57187 57189 203
57187 57190 892
57187 57215 1348
57084 57086 1150
57084 57088 2048
57170 57088 1085
57174 57193 614
57183 57185 610
57183 57186 475
57188 57189 203
57188 57191 419
56895 57568 1849
56895 57569 2741
57561 57556 11663
57561 57563 6443
57561 57566 10687
78672 76884 3115
78672 78673 3230
57501 57499 324
57501 57500 196
57501 57502 4520
56955 56956 513
56955 56962 1013
56955 57097 466
57103 56962 604
57103 57104 296
57103 76692 292
57462 57460 558
57462 57472 818
57462 57473 365
57471 57468 749
57471 57472 781
57471 57477 883
57473 57462 365
57473 57472 453
57473 77426 341
77747 77625 257
57631 57632 600
57631 57636 586
57631 57637 1109
57649 57637 693
57649 57648 748
57651 57637 799
57651 57653 530
57651 57655 514
57640 57639 634
57640 57673 527
57640 57676 569
57641 57639 1437
57641 57699 1100
57614 57610 848
57614 57618 339
57614 57620 951
57614 57626 957
57622 57620 1145
57622 57648 431
57612 57610 405
57612 57611 279
57612 57613 266
57616 57610 910
57076 57077 3938
57076 57094 1629
57076 57717 713
57076 57718 1239
67665 67664 3136
67665 67666 2256
67665 67668 2213
67678 67664 2762
57686 57685 727
57686 57687 5328
76500 57685 2078
76500 76499 969
65937 65935 782
65937 65943 1158
65937 65945 778
78544 78543 1091
78545 78543 855
78545 78546 2154
78545 78546 2154
65943 65937 1158
65943 65939 713
65943 65944 778
65956 65942 748
65956 65944 1923
65956 65957 1259
65957 65942 1032
65957 65948 782
65957 65956 1259
65960 65955 1582
65960 65959 683
65960 78027 1595
66970 65978 3748
66970 66971 360
66970 76583 1855
67136 65793 707
67136 67137 1327
67136 78129 909
67137 65793 1522
67137 67136 1327
78135 65793 886
65706 65705 374
65706 77619 3437
65787 65781 1078
65787 65786 543
65783 65782 831
65783 65784 1268
65783 65788 831
65823 65822 1357
65823 65824 2943
65823 65825 633
65828 65801 2157
65828 65824 1085
65828 65827 633
65790 65789 1831
65795 65789 1766
58170 58168 502
58170 65796 770
58170 65799 1056
65798 65796 454
65798 65797 1480
65798 77390 2594
65674 65675 744
65674 65676 494
65674 65677 368
65674 65678 419
65679 65676 782
65679 65683 726
65679 77181 1910
65680 65676 596
65680 77174 1261
65680 77175 393
65737 65736 1031
65740 65739 1334
65743 65739 1623
65743 65742 238
65743 65744 452
65763 65761 698
65763 65764 1841
65763 65768 1021
65656 65627 433
65656 65657 393
65656 65658 462
65701 65700 809
65701 65702 862
68619 60436 916
68619 68630 1108
68619 77202 1116
77203 60440 566
77203 60440 566
77203 77202 715
66213 66211 793
66213 66212 337
66213 66214 1535
66211 66210 893
66211 66213 793
66211 66334 1901
66216 66214 699
66216 66215 1940
66216 66217 512
66331 66214 1863
66331 66332 925
66331 66337 1232
66332 66217 1170
66332 66331 925
66332 66333 748
65588 65587 1025
65588 76574 518
65592 65587 543
66295 66293 3580
66295 66294 445
66295 66296 782
66317 66296 1105
66317 66318 1344
66317 66323 937
66324 66296 2093
66324 66323 3319
66324 66326 928
87186 87185 1623
87186 87187 5476
87186 87486 930
91303 91238 777
87485 87184 337
87485 87187 1072
87485 87484 2076
87485 91341 2057
91377 87484 737
91377 91378 1429
91377 91381 1436
87516 87515 2653
87517 87515 3125
87517 87561 1031
89159 87847 672
89159 88051 674
89159 89140 1857
89159 89158 2294
87835 87836 2715
87835 87837 672
87835 88051 2335
87835 89158 782
87801 87769 569
87801 87802 458
87847 87806 667
87847 87848 1828
87847 89157 2294
87847 89159 672
87774 87773 1349
87774 87775 812
87774 87789 752
87788 87773 675
87788 87789 1425
87788 87794 854
87788 88100 1042
88099 87794 1110
87787 87783 699
87787 87786 998
87782 87781 739
87782 87783 1723
87782 87785 675
87782 87797 1624
87800 87785 1662
87800 87797 667
87800 87802 622
87837 87835 672
87837 87838 2614
87837 88049 1437
87837 89162 662
89168 89162 2383
89168 89280 1535
89282 89262 3221
89282 89281 333
89282 89293 222
89282 89310 1526
89272 88058 2007
89272 89273 672
89272 89293 1622
89268 89269 1790
89268 89270 592
89268 89271 667
89296 89269 782
89296 89271 1864
89296 89297 1864
89296 89330 778
89331 89263 672
89331 89271 778
89331 89330 1864
89331 91701 1269
87548 87547 688
87548 87549 344
87548 87584 2963
87584 87547 3289
87584 87548 2963
87584 87585 1012
89234 89233 773
89234 89235 793
89234 89335 1692
89279 89233 1184
89279 89278 686
89279 89336 2375
89276 89277 713
89276 89278 602
89276 89347 3343
89346 89277 677
89346 89345 846
89346 89350 1336
89267 89263 1870
89332 89263 1864
89332 89330 672
89332 89333 778
89332 89338 1948
89266 89265 2456
89339 89322 1070
89339 89333 2117
89339 89338 796
89339 89340 770
89321 89305 996
89321 89322 724
89321 89340 1018
89345 89340 1799
89345 89346 846
89345 89354 1225
89216 89215 3130
89216 89217 846
89216 89220 344
89218 89215 1349
89218 89217 2280
89218 89219 2172
89250 89249 672
89250 89251 893
89250 89373 2476
89379 89251 2576
89379 89373 1000
89379 89378 1366
89379 89382 782
89255 89256 562
89255 89259 4977
89255 89393 3335
89393 89255 3335
89393 89259 1771
89393 89392 1021
89383 89382 423
89383 89384 937
89383 89390 667
89394 89384 893
89455 89454 667
88827 88804 1891
88827 88828 1334
88827 88828 1334
89452 88805 753
89261 89260 75
89261 89416 866
89552 89260 417
89552 89553 1604
89222 89221 1588
87623 87621 1324
87623 87624 905
87623 89042 3557
87625 87624 794
87587 87582 1417
87587 87585 279
87587 87586 2563
87587 87602 6869
88227 88226 2172
88227 88228 3334
88227 89006 713
88233 88232 1222
88233 88234 2235
88233 89011 2142
89006 88227 713
89006 88232 1975
89006 89011 1234
89005 89004 512
83950 83949 598
83950 83949 598
83950 89042 185
87620 87619 614
87620 88288 956
88288 87619 985
88288 87620 956
89057 89014 3769
89057 89056 597
89057 89058 215
91438 89047 876
91383 91382 1188
91384 91382 599
91384 91385 431
91384 91437 908
91439 89055 1016
91440 91312 304
91307 91306 426
91307 91306 426
91307 91441 569
91307 91442 1333
91311 91310 822
91387 90852 1894
91389 89119 356
91389 91390 581
91389 91391 1622
90849 90848 1086
90850 90848 339
91388 90851 1940
89561 89560 1669
89561 89562 1122
89561 91151 423
89563 89495 810
89563 89562 1223
89563 89564 1788
80570 80569 2412
80570 80571 2463
80570 80584 1785
80642 80571 4175
80642 80584 2700
80642 90141 1031
90157 89013 3392
90157 89067 3760
83859 83860 37
83859 90148 1754
90149 80579 1928
90149 90148 1345
90149 90150 1207
90149 90151 1247
80575 80569 5718
80575 80576 257
80575 80577 620
80585 80569 963
80585 90930 1173
80593 80592 12866
80593 80594 4193
80593 80607 476
89095 89094 347
89096 89094 217
80639 80607 678
80639 80638 8651
80643 80638 8853
80643 81125 1273
80711 80638 2374
80711 80660 678
80711 80714 1234
80672 80661 2118
80672 80664 4325
80672 80670 2715
80672 80673 3218
80709 80661 1440
80709 80673 2655
80709 80710 782
80732 80730 3861
80732 80733 2265
80732 80734 512
90107 90104 1208
91793 90111 2382
80812 80811 11
80812 80813 1065
80812 84926 119
91791 80764 539
91792 90117 2791
80754 80750 3609
80754 80753 12863
80754 80755 1935
80783 80782 3017
80784 80782 1816
80808 80809 2166
80808 80810 1924
80808 80816 1259
80815 80810 1732
80790 80789 1613
80790 80791 2127
80790 80794 2395
80804 80802 2005
80804 80805 3603
80804 80865 1283
80839 80805 2128
80839 80840 2445
80839 80896 1815
80829 80756 1313
80829 80830 5365
80829 83964 1287
80832 80833 1344
80832 80834 1524
80832 80857 2700
80832 81424 2289
81463 80833 1863
81463 81425 767
81463 81429 16
81371 81368 1833
81371 81368 1833
81371 81370 782
81423 81370 3902
81423 81424 509
81423 81525 1222
80898 80897 1004
80898 80901 3152
80898 81466 1440
81467 81466 4557
81467 82779 3671
81536 81535 1140
81536 81535 1140
81536 81537 1726
81532 81533 1163
81532 81537 633
81532 81538 3511
81537 81532 633
81537 81536 1726
81537 81538 3592
82850 81527 6971
82850 82842 111
82850 82843 224
82850 82936 1478
81540 81539 4117
81540 81548 6645
82848 81541 5167
82848 82847 2930
82848 82861 3065
81491 81410 18452
81491 81528 893
81530 81528 1002
81530 81529 3470
81530 81531 1199
81434 81431 1158
81434 81433 3543
81434 87167 1766
81453 81431 1866
81453 81452 1527
81453 81454 2545
81067 81066 1272
81067 81069 3380
81067 81433 2380
81451 81449 1063
81451 81452 3131
81451 85149 3302
90664 81438 1282
90664 85149 221
90664 90665 2100
90664 90666 2935
91459 90666 710
80869 80868 3683
80869 80868 3683
80869 80870 3616
80871 80870 1564
80871 80872 2495
80871 80882 1633
80882 80871 1633
80882 80883 1780
80882 80889 1967
80890 80883 2516
80890 80891 6458
80890 81373 2100
81373 80890 2100
81373 81372 2138
81373 81374 835
81373 87164 2604
87165 87164 614
90136 90134 566
90136 90137 681
90136 90138 762
90595 90518 3529
90595 90594 1162
90595 90596 985
90597 90596 1751
90059 90058 279
90059 91664 1487
90060 90058 608
90060 90061 680
90060 90133 713
89510 89511 1725
89510 89548 1559
89510 89575 2577
89575 89510 2577
89575 89511 1149
89575 89574 3280
89575 91888 876
89604 89603 2002
89605 89603 2610
89605 89606 1869
89605 89607 2120
89546 89545 1612
89546 89547 925
89546 89548 2254
89577 89545 381
89577 89578 200
90120 90119 957
90873 90119 1726
90873 90874 1732
90873 90875 1147
86051 86050 592
86051 86052 4790
86051 86053 2543
86054 86053 2671
86054 86055 1654
86054 86056 2438
90582 90575 671
90582 90581 672
90582 91517 751
91518 91517 2771
83487 83486 5382
83487 83488 3180
83487 89961 1879
89962 89961 1300
89681 89680 196
89681 91149 98
89682 89680 304
89631 89630 149
89631 89632 270
89631 89633 469
91884 89630 289
89607 89605 2120
89607 89608 2218
89607 89609 1668
91887 89609 1158
73498 73494 602
73498 73497 1891
73498 73501 853
73499 73497 761
73499 73500 356
73499 73501 1786
73500 73496 475
73500 73499 356
73500 73502 538
73616 73502 2224
73618 73619 554
73519 73508 1358
73519 73510 1900
73519 73520 416
73515 73514 2892
73515 73516 1152
73515 73531 1039
66359 66218 942
66359 66339 675
66359 66349 885
66350 66349 595
66350 78145 901
78144 66349 929
66374 66373 1467
66374 66376 793
66374 66378 782
66375 66373 614
66375 66376 1769
66375 66377 679
77208 77209 584
77208 77209 584
77208 77211 215
78929 77211 435
65764 65763 1841
65764 65765 956
65764 65766 1021
65767 65766 951
77200 77201 618
77200 77202 1063
77200 77206 1073
66464 66463 1732
66464 66466 882
66464 66474 2373
66475 66474 1014
66475 66478 956
66475 66480 2015
66482 66476 2388
66482 66481 686
66482 66520 1166
66517 66476 1031
66517 66518 711
66517 66519 1018
66536 66535 1334
66536 66539 1039
66536 76588 993
77400 66539 1735
66633 66632 1100
66633 66634 562
66633 66635 762
66634 66633 562
66634 66635 1012
66634 66636 2157
66630 66629 858
66630 66637 556
66630 66640 913
66650 66643 2791
66650 66651 1268
66650 66671 1642
66668 66665 770
66668 66669 2372
66668 66670 713
66687 66667 277
66687 66669 713
66687 66688 672
76424 73943 10882
76424 74005 3265
75813 75800 957
75813 75811 1769
75813 75814 1032
75813 75818 713
75814 75811 2138
75814 75813 1032
75814 75817 1109
76756 76755 441
76757 76755 653
56911 56909 6097
56913 56912 3182
56913 56915 4738
56913 56916 8582
56949 56948 1543
56949 56951 9101
79248 56952 1203
79248 79249 2098
79248 79250 1905
56975 56973 633
56975 56974 1150
56965 56963 3233
56965 56964 3030
56966 56963 1855
56966 56967 1309
56966 78101 943
56970 56964 1901
56970 56972 3007
56971 56964 3482
56971 56973 1558
78099 78095 443
77343 75892 866
77343 77356 1165
77343 77357 472
77364 77356 4257
77364 77365 2995
77364 77367 703
75857 75856 320
75862 75861 339
75864 75861 316
75865 75861 771
75865 75866 945
75865 75871 419
75866 75865 945
75866 75872 874
75866 75876 297
75877 75876 661
75891 75890 1068
170155 170154 928
170155 170156 955
170155 170164 333
170158 170154 556
170164 170155 333
170164 170163 2556
170164 170166 518
170164 170179 506
170165 170163 422
170165 170166 2446
170165 170181 678
170165 172200 1556
172201 170163 1558
170182 170152 3462
170182 170237 2872
159882 159877 452
159899 159877 518
159899 159900 506
159899 159901 1778
159907 159898 445
159907 159903 2576
159907 159908 511
159904 159901 3224
159904 159903 506
159904 159906 506
159904 159908 2667
159905 159900 1778
159905 159901 506
159905 159906 3224
159905 159914 422
58376 58377 903
58376 58379 873
58376 58382 954
58390 58379 202
58390 58391 1085
58390 58394 876
58393 58394 1062
58393 58395 1056
58393 58415 747
58395 58391 1858
58395 58393 1056
58395 58396 1829
58395 58416 2249
58419 58416 581
116755 116754 837
116758 116754 419
58701 58700 983
58701 58704 874
58701 58705 562
58701 58713 2495
58714 58713 1344
58714 58717 1000
58721 58719 1004
58725 58717 1355
58725 58726 2789
58725 58743 1187
58751 58727 1355
58751 58743 4924
58751 58752 1355
58751 58764 1225
58754 58749 2259
58754 58753 1116
58754 58755 1967
58754 58863 1582
58862 58753 2019
58862 58863 796
58750 58746 1103
58750 58749 1085
58750 58755 2458
58750 58757 1013
58752 58746 4935
58752 58751 1355
58752 58766 1454
58752 58774 1187
58749 58748 1085
58749 58750 1085
58749 58754 2259
58839 58810 891
58839 58840 538
58839 58841 337
58811 58803 1268
58811 58813 824
58805 58802 829
58805 58812 656
58805 58816 1109
58865 58756 1921
58865 58816 3284
58865 58846 3300
58865 58866 747
58868 58846 5653
58868 58867 1902
58868 58869 848
58915 58846 3088
58915 58847 1839
58915 58913 2478
58915 58927 1188
58860 58847 739
58860 58859 1674
58860 58927 1030
58860 58931 811
58859 58858 674
58859 58860 1674
58859 58861 811
58859 59273 2926
59273 58859 2926
59273 59271 788
59273 59274 1111
59275 59271 739
59275 59276 1140
59275 59287 518
59276 59274 791
59276 59275 1140
59276 59277 844
59276 59278 1124
59292 59287 605
59292 59298 624
59294 59278 759
59294 59293 445
59294 59296 562
59322 59320 711
59322 59321 562
59322 59329 955
59333 59332 452
59333 59334 893
59333 59337 711
59335 59336 538
59337 59333 711
59337 59336 333
59337 59339 1014
59386 59379 1271
59386 59387 1187
59386 59388 3262
59389 59334 672
59389 59387 1576
59389 59390 2946
59388 59382 1355
59388 59386 3262
59388 59394 935
59395 59394 475
59395 59396 1032
59395 59520 1155
59392 59339 921
59392 59513 352
59514 59513 1673
59526 59525 1251
59576 59541 422
58911 58909 19
58911 58912 65
58911 58953 107
58910 58908 1954
58910 58909 1546
58910 58955 1120
58910 59139 1014
58957 58955 1124
58957 58959 936
58957 59139 1103
58957 59177 1014
59178 58959 889
59178 59177 792
59178 59179 955
59364 59363 672
59364 59365 520
59364 59366 1857
58195 58198 752
58197 58196 768
58197 58198 1336
58197 58206 506
58206 58197 506
58206 58204 1959
58206 58211 1619
58209 58210 414
58209 58211 674
58209 58212 419
58209 58450 2559
58212 58209 419
58212 58211 768
58212 58213 649
58451 58213 2695
58451 58325 2571
58451 58450 1030
58451 58452 836
58457 58325 1029
58457 58327 3045
58457 58452 2623
58458 58452 874
58458 58459 374
76479 76417 734
58517 58515 1287
77632 76480 1983
58516 58509 1008
58516 58514 698
58516 58572 1309
58512 58511 752
58512 58513 1950
58512 58569 752
58514 58511 2017
58514 58513 698
58514 58516 698
58514 58573 2017
58461 58460 977
58461 58462 891
58461 58476 2559
58465 58462 555
58465 58464 2359
58477 58462 2559
58477 58476 891
58477 58478 891
58477 58479 2668
58480 58478 1181
58480 58499 1262
58483 58478 2661
58483 58479 1677
58483 58486 715
58483 58555 544
58499 58480 1262
58499 58500 2487
58499 58556 2635
58567 58500 808
58567 58568 1019
58567 58569 885
76887 58500 615
58579 58568 1519
58579 58577 474
58579 58580 1002
58513 58512 1950
58513 58514 698
58513 58571 789
58513 58576 2017
58569 58512 752
58569 58567 885
58569 58571 1815
58573 58514 2017
58573 58576 698
58573 58623 1424
58573 76684 714
58585 58576 2022
58585 58586 891
58585 58623 955
58400 58398 1022
58400 58401 2314
58400 58402 826
58403 58401 793
58403 58402 2535
58403 58408 830
58403 58558 2482
58550 58551 472
58550 58553 708
58550 58554 1336
58555 58483 544
58555 58554 2605
58555 76889 1193
58560 58558 1979
58561 58411 848
58561 58558 830
58561 58563 2217
58561 58564 518
58578 58577 1723
76893 58604 997
76893 76894 2002
76893 76895 771
58966 58736 1285
58966 58968 796
58966 58969 601
58979 58977 672
58979 58980 818
58979 59011 935
59010 58977 873
59010 59011 778
59010 59016 986
58980 58979 818
58980 58981 778
58980 59012 792
59012 58980 792
59012 59011 672
59012 59013 893
59012 59014 928
59021 59013 1019
59021 59014 796
59021 59022 667
58602 58595 650
58602 58597 1271
58602 58603 1228
58976 58974 792
59020 59014 851
59020 59019 778
59020 59023 905
59020 59043 1355
60724 60627 704
60724 60725 2373
60724 60726 2513
78039 60627 948
78039 78040 652
78039 78041 905
60728 60725 2291
60728 60726 2601
60728 60732 562
60728 60747 601
76946 60731 590
76946 60747 670
76946 76948 1035
76949 60731 669
76949 76950 853
76949 76951 993
60732 60728 562
60732 60733 1107
60732 60734 1226
60732 60748 4697
60754 60748 1023
60754 60749 2060
60754 60759 713
76952 76950 1034
60720 60721 1171
77546 60721 295
60738 60737 2392
60738 60739 1495
60738 60742 1156
60744 60739 650
60744 60745 1636
60744 60774 1020
60776 60775 837
60776 60777 1567
60776 60778 848
60776 60783 2186
60788 60778 2185
60788 60783 848
60788 60789 1454
60788 60835 2662
60752 60751 962
60752 60762 1185
60752 60771 787
77545 60762 951
60771 60752 787
60771 60766 1542
60771 60772 1101
60773 60767 861
60773 60772 323
78118 60761 319
60843 60835 543
60759 60750 2014
60759 60754 713
60759 60760 356
60816 60815 674
59043 59020 1355
59043 59041 1673
59043 59042 556
59043 59044 782
59043 59050 1103
59051 59044 851
59046 58907 2101
59046 59041 518
59046 59047 1135
58907 58906 1228
58907 59046 2101
58907 59118 2016
59121 59118 1019
58906 58905 452
58906 58907 1228
58906 58908 562
58906 58912 2158
60789 60786 1020
60789 60788 1454
60789 60836 1665
60837 60836 688
60845 60785 677
60845 60840 4417
60777 60745 1277
60777 60776 1567
60779 60778 924
60779 60784 1214
60779 60785 1259
60779 60786 908
60877 60784 892
117263 61064 1487
117263 117260 356
117263 117264 476
117263 117266 1370
61070 61068 885
61070 61071 1156
61070 61072 611
61070 61076 2186
61075 61068 2261
61075 61076 929
61075 61092 2186
61097 61096 1156
61097 61099 89
61142 61140 890
61142 61149 1682
61142 61151 789
61143 61141 1039
61143 61151 1416
61143 61168 4055
61202 61201 616
61202 61204 4179
62744 62743 674
62746 62743 812
62746 62747 674
62791 62790 374
63533 63532 100
63533 63534 176
63547 63527 951
63547 63544 1454
63547 63564 685
63547 78275 287
78276 78275 464
63524 63523 1357
63524 63526 792
63524 63540 1229
63538 63536 611
63538 63539 524
63538 63540 1427
63527 61823 1537
63527 63526 1454
63527 63547 951
63527 63548 1014
63564 63547 685
63564 63548 778
63564 63565 238
66322 66290 253
66322 66321 2323
66322 78471 329
66319 66320 672
66319 66335 653
66319 73466 1257
66319 73467 1622
66321 66320 672
66321 66322 2323
66321 73487 1948
73482 66320 1958
73482 73481 782
73482 73487 782
73478 73466 752
73478 73477 875
73478 73480 1349
73479 73477 1287
73479 73480 812
73479 73484 475
62147 62144 374
62147 62152 740
62152 62147 740
62152 62153 885
62105 62104 4230
62105 62108 1363
62105 62167 848
62033 62029 2773
62033 62032 698
62033 62169 279
62047 62029 1149
62047 62038 1086
62047 62052 1186
62047 62171 1633
62053 62038 1541
62053 62052 1114
62053 62059 2086
62053 62181 437
62183 62173 848
62183 62179 740
62183 62184 374
61823 61819 1537
61823 63518 1032
61823 63527 1537
61823 63544 984
63545 63544 442
63545 78818 1676
61798 61744 752
61798 61797 1750
61798 61805 607
61798 61806 977
61807 61792 1346
61807 61805 891
61807 61806 674
61807 61808 1286
61822 61808 1117
61822 61819 698
61822 78818 361
61722 61719 1615
61722 61720 752
61722 61734 140
61748 61738 650
61748 61749 806
61746 61737 812
61746 61741 202
61746 61747 1349
61744 61743 1682
61744 61747 891
61744 61798 752
61744 61803 475
61727 61725 1750
61727 61729 752
61727 61832 752
61727 61836 2018
61728 61725 698
61728 61729 1816
61728 78819 454
78820 61731 179
61837 61832 1952
61837 61835 789
61837 61836 812
61837 61847 1960
61839 61835 1886
61839 61843 812
61839 61847 698
61839 61853 1682
61873 61853 444
61873 61856 207
77112 61864 823
77112 61899 775
77112 77114 1024
77115 77114 654
61904 61900 419
61904 61902 752
61905 61890 202
61905 61902 1424
61905 61908 777
61890 61889 799
61890 61905 202
61890 61907 512
61920 61907 2826
61920 61919 558
61920 63648 475
63639 61925 809
63639 63640 789
63639 63641 279
62106 62103 1462
62106 62112 1204
62073 62071 1012
62073 62072 1589
62073 62075 1207
62073 62077 679
62075 62073 1207
62075 62074 881
62075 62083 475
62065 62063 2136
62065 62079 984
62065 62080 411
62065 62081 874
62117 62081 419
62072 62001 1117
62072 62069 881
62072 62073 1589
62072 62076 740
62092 62001 793
62092 62076 838
62092 62096 712
62098 62093 1301
62098 62096 374
62098 62099 1124
61911 61909 476
61911 61912 1828
61863 61671 3722
61863 62078 249
61863 62079 2216
62300 62299 370
76775 62299 1989
76775 76774 562
62287 62285 942
62287 62289 2118
62287 62294 504
62287 76774 1407
61403 61402 1032
62322 61402 498
62322 76557 1247
61490 61489 1287
61522 61489 1425
61522 61523 1563
77122 61523 484
62013 61501 2620
62040 62020 405
62040 62041 1213
62040 62043 1823
62044 62041 1686
62044 62447 875
62044 62448 538
62045 62041 1144
62045 62046 1762
62045 62054 752
62021 62020 2236
62021 77128 1972
62021 77129 688
78183 76761 5136
78183 78185 2151
78183 78186 2259
78184 76761 2478
78184 78186 609
78184 78187 1444
78193 78187 721
78193 78194 852
78193 78196 261
78193 78197 2567
78190 78189 3372
78190 78194 869
78190 78199 227
78621 78189 394
78621 78622 1428
78623 78189 1739
78198 78197 234
78198 78611 501
78198 78627 985
68556 68557 465
68556 68960 529
68556 78626 466
78626 68556 466
78626 78625 932
78626 78873 1649
78624 78622 1506
78624 78625 11
78624 78628 2808
78897 78895 130
78897 78898 430
78897 78899 360
67461 67462 892
67461 67463 697
67461 67464 561
67461 67465 1173
67468 67465 755
67471 67465 551
57216 57190 1348
57216 57215 892
57189 57187 203
57189 57188 203
57190 57187 892
57190 57216 1348
57190 57217 891
57086 57084 1150
57086 57085 1171
57086 57087 1833
57086 77964 1602
57088 57084 2048
57088 57087 1287
57088 57170 1085
57088 57175 2794
57193 57174 614
57193 57194 882
57193 57195 1086
57185 57183 610
57185 57194 1069
57186 57183 475
57186 57191 1233
57191 57186 1233
57191 57188 419
57191 57192 1449
57568 56895 1849
57569 56895 2741
57569 57573 277
57556 57502 277
57556 57560 468
57556 57561 11663
57563 57561 6443
57563 57562 9160
57563 57576 2378
57563 57577 438
57566 57561 10687
57566 57567 5623
78673 78672 3230
57500 57496 729
57500 57501 196
57502 57501 4520
57502 57556 277
56956 56955 513
57097 56955 466
57097 57493 2962
57097 77405 1417
57097 77408 581
57104 57103 296
76692 57103 292
76692 78669 361
76692 78670 568
57460 57458 1056
57460 57461 324
57460 57462 558
57468 57458 545
57468 57469 617
57468 57470 522
57468 57471 749
57477 57471 883
77426 57473 341
57632 57631 600
57636 57631 586
57648 57622 431
57648 57645 529
57648 57649 748
57648 57650 882
57653 57651 530
57653 57654 429
57653 57656 429
57655 57651 514
57655 57666 194
57673 57640 527
57673 57674 383
57673 57675 431
57676 57640 569
57676 57678 338
57676 57684 537
57699 57641 1100
57699 57681 520
57699 57700 1043
57618 57614 339
57618 57617 236
57618 57619 333
57626 57614 957
57611 57612 279
57613 57612 266
57077 56844 338
57077 57076 3938
57077 57081 740
57094 57076 1629
57094 57093 3215
57094 57244 560
57718 57076 1239
57718 57719 653
57718 57721 1439
67666 67665 2256
67668 67665 2213
57687 57686 5328
57687 57692 2543
57687 57693 1927
76499 76425 1514
76499 76500 969
65945 65937 778
65945 65944 1158
65945 65946 1004
78546 65946 261
78546 78545 2154
78546 78545 2154
65944 65943 778
65944 65945 1158
65944 65946 1906
65944 65956 1923
65959 65958 832
65959 65960 683
65959 65961 2037
78027 65960 1595
65978 65977 253
65978 66970 3748
65978 78759 2795
66971 66970 360
66971 67115 698
66971 67126 1036
77619 65706 3437
65786 65787 543
65786 65788 2037
65786 65810 1149
65784 65783 1268
65788 65783 831
65788 65786 2037
65788 65813 1108
65822 65823 1357
65822 65827 2573
65822 65829 2397
65822 66468 1914
65825 65816 562
65825 65823 633
65825 66466 2742
65801 65799 277
65801 65802 2877
65801 65828 2157
65827 65822 2573
65827 65828 633
65827 65829 741
58168 58163 2045
58168 58169 1619
58168 58170 502
65799 58170 1056
65799 65800 741
65799 65801 277
65797 58169 1663
65797 65798 1480
65797 65803 1189
77390 65798 2594
77390 77391 2389
77390 77392 1055
65675 65674 744
65677 65674 368
65678 65674 419
65683 65672 893
65683 65679 726
65683 65684 1664
77181 65679 1910
77181 77174 95
77174 65680 1261
77174 77181 95
77174 77182 424
77175 65680 393
65744 65743 452
65627 65628 513
65627 65656 433
65627 65699 360
65657 65656 393
65700 65672 466
65700 65681 395
65700 65701 809
68630 68619 1108
77202 68619 1116
77202 77200 1063
77202 77203 715
66334 66211 1901
66334 66327 935
66334 78146 1745
66337 66331 1232
66337 66336 281
66337 66338 1334
66333 66332 748
76574 65588 518
66293 66292 535
66293 66295 3580
66293 66353 854
66318 66317 1344
66323 66317 937
66323 66324 3319
66323 66325 1189
66326 66324 928
66326 66327 972
66326 73470 4221
87185 87186 1623
87185 91239 5024
87187 87186 5476
87187 87485 1072
87184 87183 2401
87184 87485 337
91341 87485 2057
91341 87556 609
91341 91378 1905
91378 91341 1905
91378 91377 1429
91378 91379 1016
91381 91377 1436
91381 91380 1203
91381 91564 535
87561 87510 1348
87561 87512 1703
87561 87517 1031
89158 87835 782
89158 89157 672
89158 89159 2294
89158 89856 2596
87836 87835 2715
87836 89290 1273
87802 87800 622
87802 87801 458
87802 87806 571
87806 87802 571
87806 87805 2224
87806 87847 667
89157 87805 782
89157 87847 2294
89157 89158 672
89157 89853 2687
87773 87774 1349
87773 87776 812
87773 87788 675
87773 88101 1050
87775 87774 812
87775 87776 1349
88100 87788 1042
87783 87782 1723
87783 87784 611
87783 87787 699
87781 87782 739
87781 87784 1704
87781 87796 1689
87781 87804 766
87797 87782 1624
87797 87796 675
87797 87800 667
87797 87807 1227
87838 87837 2614
87838 89292 1282
89280 89168 1535
89280 89281 1607
89280 89292 672
89281 89280 1607
89281 89282 333
89281 89291 796
89281 89309 1442
89293 89272 1622
89293 89282 222
89293 89294 796
89293 89311 1526
89310 89282 1526
89310 89309 344
89310 89311 222
89310 89318 686
89273 89269 667
89273 89272 672
89273 89274 1358
89273 89294 1695
89269 89268 1790
89269 89273 667
89269 89295 1776
89269 89296 782
89270 89268 592
89297 89295 688
89297 89296 1864
89297 89314 1273
89297 89337 672
89330 89296 778
89330 89331 1864
89330 89332 672
89330 89337 1958
91701 89331 1269
87549 87548 344
87549 87550 5541
87549 87583 5808
87585 87584 1012
87585 87587 279
89235 89234 793
89235 89236 1505
89235 89341 782
89335 89234 1692
89335 89336 698
89335 89341 747
89278 89276 602
89278 89279 686
89278 89342 2557
89336 89279 2375
89336 89335 698
89336 89342 759
89347 89276 3343
89347 89344 222
89347 89348 748
89350 89346 1336
89350 89349 3153
89350 89354 853
89338 89323 1171
89338 89332 1948
89338 89337 782
89338 89339 796
89322 89321 724
89322 89323 738
89322 89339 1070
89305 89304 1430
89305 89321 996
89354 89345 1225
89354 89350 853
89354 89352 3005
89217 89216 846
89217 89218 2280
89217 89219 1021
89219 89217 1021
89219 89218 2172
89219 89223 689
89249 89248 1105
89249 89250 672
89373 89250 2476
89373 89372 778
89373 89379 1000
89373 89380 3063
89378 89376 3148
89378 89379 1366
89378 89382 1039
89382 89378 1039
89382 89379 782
89382 89383 423
89256 89255 562
89256 89257 3167
89256 89398 989
89392 89391 452
89392 89393 1021
89392 89399 452
89390 89383 667
89390 89391 688
89390 89396 3621
88828 88827 1334
88828 88827 1334
88828 89453 381
89416 89257 613
89416 89261 866
89416 89415 708
89553 89552 1604
89553 89618 868
87621 87622 1347
87621 87623 1324
87621 89045 1439
89042 83950 185
89042 87623 3557
87582 87574 1823
87582 87587 1417
87602 87587 6869
87602 87603 714
87602 87613 4032
88228 88227 3334
88228 89009 539
88234 88233 2235
88234 88235 333
88234 89008 438
89011 88233 2142
89011 89006 1234
89011 89012 1162
89014 89015 1590
89014 89057 3769
89058 89057 215
91385 91384 431
91385 91386 792
91385 91433 716
91437 91384 908
91441 91307 569
91442 91307 1333
91442 91435 308
91442 91529 1634
91390 91389 581
91391 91389 1622
89560 89561 1669
91151 89561 423
91151 91598 601
89495 89494 592
89495 89563 810
89564 89563 1788
80584 80570 1785
80584 80586 1101
80584 80642 2700
90141 80642 1031
89013 87615 7359
89013 89015 3057
89013 90157 3392
83860 83859 37
83860 83975 1908
80579 90149 1928
90150 90149 1207
90151 90149 1247
80576 80575 257
80576 90942 1120
80577 80575 620
80577 80578 1732
80577 80603 1510
90930 80585 1173
90930 83974 4555
80594 80593 4193
80607 80593 476
80607 80608 1863
80607 80639 678
80607 80641 432
81125 80643 1273
81125 81126 1518
81125 81129 1990
80660 80659 1270
80660 80661 1562
80660 80711 678
80714 80711 1234
80714 80715 4211
80714 80715 4211
80661 80660 1562
80661 80662 1360
80661 80672 2118
80661 80709 1440
80664 80663 2145
80664 80665 1158
80664 80672 4325
80670 80668 1719
80670 80671 1621
80670 80672 2715
80710 80709 782
80813 80771 371
80813 80812 1065
80813 80814 1047
84926 80812 119
80750 80749 770
80750 80751 1503
80750 80754 3609
80755 80658 1290
80755 80754 1935
80755 80825 4283
80755 80825 4283
80809 80808 2166
80816 80808 1259
80816 80817 848
80816 80818 2888
80791 80790 2127
80791 80792 603
80791 80793 1191
80794 80790 2395
80794 80795 2468
80794 80796 3990
80802 80801 90
