1088
142917 142915 2365
142917 142919 756
142917 142923 549
142921 142919 2259
142921 142928 753
142996 142928 2242
142996 142999 220
142999 142931 611
142999 142996 220
142999 143001 806
143001 142931 506
143001 142999 806
143001 143005 970
143007 143005 1052
143007 143009 788
143007 143011 2612
143011 143007 2612
143011 143010 869
143011 143070 2495
143022 143070 831
143022 143107 2361
143107 143022 2361
143107 143106 791
143115 143106 2524
143067 143052 2432
143067 143068 823
143067 143071 745
143076 143068 2367
143104 143071 2362
143104 143106 790
143069 143054 2432
143069 143057 801
143069 143068 771
143074 143057 2280
143074 143073 754
143124 143073 2452
143124 143098 737
143129 143098 2378
143129 143126 829
143139 143126 2655
143139 143132 765
143139 143144 1326
143144 143139 1326
143144 143143 781
143654 143141 723
143654 143143 672
143654 143656 530
143661 143658 819
143661 143662 2326
143661 150758 1033
143663 143662 702
143663 148142 1021
143667 143672 944
143667 148171 864
143667 148172 2948
143671 143670 426
143669 143670 1126
143673 143670 823
143673 143674 2683
143673 143675 762
143675 143673 762
143675 143676 2725
143677 148178 629
143677 148179 422
143680 143682 1142
143680 148179 1255
143680 148320 2358
143682 143680 1142
143682 143683 936
143682 148321 2718
212613 212639 659
212613 212647 1008
212614 212647 568
212621 212617 2019
212621 212622 608
212621 212623 741
212635 212636 791
212635 212639 1021
212648 212649 713
146409 146416 245
146409 146466 1214
146403 146397 476
146403 146404 648
146403 146406 620
146466 146409 1214
146466 146465 720
146466 146471 788
146471 146466 788
146471 146473 1210
146483 146473 924
146483 146486 2292
146492 146486 983
146492 146640 2440
146642 146640 711
146642 146718 645
146728 146718 723
146728 146731 1784
146731 146728 1784
146731 146729 778
146731 146735 1283
146770 146773 854
146779 146773 2352
146742 143557 947
146742 146733 1011
146742 146741 819
146744 143557 2424
146744 146740 856
146761 146740 2310
146761 146760 795
146741 146734 1076
146741 146742 819
146741 146773 830
146801 146760 2588
146801 146805 569
149966 149965 2601
149966 149968 866
149977 149968 1373
151655 150382 639
150381 150382 1405
150381 150393 970
153677 153678 706
152094 153661 1718
152094 153689 951
153660 153661 893
153660 153673 540
162488 162487 818
153658 153669 835
153671 153670 1162
162490 162489 511
162490 168454 1784
153676 153740 710
153653 153675 253
153655 153668 795
153655 153682 1353
168255 168262 276
168456 168455 2050
168540 168542 688
168540 168545 1951
168544 168455 782
168544 168545 688
168544 168586 1700
168543 168542 2216
168543 168548 818
179628 179629 2712
179625 179624 1576
179625 179725 1408
177694 177695 579
177694 177708 519
179763 177695 2447
179763 179764 336
179754 179753 877
179754 179826 1008
179611 179612 1374
179611 179613 722
179618 179619 588
179618 179826 418
179644 179643 1111
179644 179646 1336
179737 179646 931
179737 179735 3224
179735 179736 1268
179735 179737 3224
179735 179794 848
179790 179792 1028
179805 179804 1447
179805 179896 681
179794 179735 848
179794 179795 2510
179895 179896 924
179895 179911 1336
177873 177874 688
177873 179924 504
177876 177859 1055
177876 177874 1862
179913 179912 445
179915 177864 1139
179915 179912 1055
153884 153885 1758
153884 154598 452
154599 154597 556
153896 153895 391
153735 153678 506
153735 153739 333
153741 153754 1747
153750 153751 600
153750 153795 629
153835 153834 3715
153835 153937 1035
153939 153938 818
153939 153965 1035
153939 154724 562
153885 153884 1758
153885 153926 558
156128 156136 2126
156135 156136 2851
156155 156154 1023
156211 156209 558
156211 156212 1080
156732 156733 2893
156732 156749 850
156209 156210 738
156209 156211 558
156216 156217 677
156735 156734 885
156735 157375 1775
154606 154607 953
154626 154625 1009
154626 154630 344
154621 154622 518
154621 154646 238
154643 154644 1307
154643 154676 452
154644 154628 677
154644 154643 1307
152512 152511 1848
152512 157047 656
157328 157327 562
152290 152291 930
157132 157135 238
154608 154607 810
154608 154628 1182
154610 154611 337
154730 154728 1023
154730 154737 421
154728 154729 650
154728 154730 1023
154732 154729 1411
154704 154703 710
154715 154703 2362
154715 154876 906
154717 154718 2246
154717 154746 3886
154717 154749 610
154720 153963 782
154720 154719 10
153961 153963 276
154740 154769 1188
154740 154877 1145
154746 154717 3886
154746 154747 335
154770 154768 1880
154770 154778 837
153965 153939 1035
153965 153966 650
154734 153957 279
154734 154735 537
154689 154690 1437
154906 154902 850
154906 154905 782
154901 154892 1437
154901 154902 672
154901 154904 1565
154908 154909 202
154923 154914 337
154928 154915 767
154928 154927 796
157063 157061 139
157063 157169 1017
157169 157063 1017
157169 157170 850
157169 157171 2002
157186 157170 2335
157186 157187 843
157186 157189 778
157189 157186 778
157189 172316 253
157197 157195 667
157197 157198 674
157194 157192 600
157194 157195 556
157192 157193 790
157192 157194 600
157219 157218 1101
157219 157604 2824
157613 157622 333
157057 157058 758
157057 157059 893
157151 157149 2839
157151 157170 2894
156137 156139 590
156140 156141 953
157314 157315 927
156148 156147 1438
156148 157337 1145
156148 157341 2388
156149 156147 1485
156149 156150 622
157334 157333 1635
157334 157336 1116
178047 178049 435
178034 178035 1565
177821 177820 788
177821 177822 688
177824 177825 1917
177824 177872 1481
177820 177818 848
177820 177821 788
177872 177824 1481
177872 179924 252
179925 179924 516
179925 179926 1416
177886 177884 1704
177886 178013 420
178095 178096 681
178095 178101 1827
178102 178101 788
178335 178336 1686
178335 178342 1120
178335 178343 708
178344 178342 452
178344 178345 504
178549 178288 168
178546 178547 276
178360 178359 840
178552 178361 1097
178552 178553 672
178287 178286 252
178287 178288 516
178553 178363 1279
178553 178552 672
178553 178580 905
178597 178595 452
178597 178598 475
173371 173383 1577
173371 173384 1188
177809 177808 669
177809 177812 720
177834 177835 1972
177834 177836 1715
177803 177800 4483
177803 177804 1868
177833 177819 884
177833 177967 1182
177967 177833 1182
177967 177980 1446
177983 177980 2237
177983 177981 1304
177972 177973 818
173416 173402 2170
173416 173504 1635
173418 173419 588
173453 173454 756
173453 173507 893
173453 186095 612
173487 173488 2748
173487 185978 794
173506 173507 889
173506 185422 672
173434 173387 557
185487 173494 361
185487 185488 3984
160292 160297 421
160296 160297 1786
160317 160315 362
160454 160455 436
160454 160608 3212
160457 160456 1695
160457 160602 1576
160522 160622 2106
160602 160457 1576
160602 160601 674
160610 160611 517
160610 160622 893
160623 160622 1225
160623 160624 796
160623 160635 436
160625 160624 710
160625 160639 3605
160639 160625 3605
160639 160638 758
160637 160638 436
160628 160627 511
160628 160629 871
160642 160662 1114
160633 160634 552
160651 160650 713
156749 156732 850
156749 172329 1558
156757 156755 1004
156757 156758 1516
156759 156758 905
156774 156775 655
156774 156776 1194
158087 158080 253
158087 158088 1587
157399 157398 667
157399 157400 1283
157398 157397 1234
157398 157399 667
156778 156776 758
156778 158080 1035
158078 156733 672
158078 158079 928
158078 158081 1455
157410 157409 1064
157411 157412 344
158116 158111 848
158116 158140 1145
158140 158116 1145
158140 158145 674
158150 158141 2126
158150 158145 1545
158174 158171 238
158174 158321 452
158321 158174 452
158321 158349 766
158347 158348 1447
158374 158348 850
158374 158378 778
158377 158378 778
158377 158383 766
158388 158389 1161
158388 158391 953
158408 158407 1743
158408 158439 1004
158438 158436 1336
158438 158440 1101
160676 160677 4218
160676 160739 650
158406 158407 1221
158406 158412 1556
158457 158456 476
158457 158555 374
158553 158555 1035
158553 158573 924
160758 158573 1500
160758 160757 1000
160705 160706 320
160705 160765 1118
160756 158577 590
160756 160765 1576
160704 160706 1411
160704 160772 767
160773 160768 934
160773 160772 1576
160773 160775 1225
160777 160778 333
160777 160779 1717
160779 160777 1717
160779 160780 879
160783 160784 2046
160783 160948 3042
160947 160948 672
160947 160949 1000
160962 160949 337
160962 160979 778
160965 160966 808
160991 160992 1055
161015 161008 829
161015 161016 1612
161020 160993 934
160998 160995 1344
160998 161017 1004
160998 161169 934
160677 160676 4218
160829 160833 667
160833 160829 667
167988 167999 337
167999 167988 337
167998 167995 344
167995 167998 344
167886 167887 759
167887 167886 759
162029 162025 782
161707 161705 1658
162025 162029 782
161705 161707 1658
161769 161768 2012
161768 161769 2012
166144 166145 1030
166145 166120 811
166145 166144 1030
166120 166145 811
118894 118893 514
118893 118894 514
118885 118900 282
118900 118885 282
118667 119453 342
119453 118667 342
94542 94545 982
94545 94542 982
93916 93884 2723
108216 108219 1682
108219 108216 1682
108709 108712 1656
108712 108709 1656
102671 102672 1719
93768 93781 3104
93781 93768 3104
93884 93916 2723
102672 102671 1719
108874 108875 1008
108875 108874 1008
110451 110393 364
110393 110451 364
110658 110659 475
110659 110658 475
110867 110873 580
110873 110867 580
36823 36838 1744
36838 36823 1744
36829 36830 1948
36830 36829 1948
36847 36884 2620
36879 36885 1426
36884 36847 2620
36885 36879 1426
36606 36604 1640
36622 36624 1357
36624 36622 1357
36625 36626 1209
36626 36625 1209
37553 37555 873
37555 37553 873
36938 36929 889
36604 36606 1640
36929 36938 889
38612 38638 1027
38638 38612 1027
38812 38816 2104
38816 38812 2104
38673 38676 252
38676 38673 252
38747 38748 2956
38748 38747 2956
47551 47560 2192
47560 47551 2192
47566 47567 1612
47567 47566 1612
47575 47831 1956
47831 47575 1956
130936 130937 890
130937 130936 890
130954 130953 1439
130951 130227 2834
130953 130954 1439
130227 130951 2834
132079 132081 941
130282 131017 1884
131017 130282 1884
132081 132079 941
132081 132083 739
132083 132081 739
132099 132097 404
132097 132099 404
151303 150572 454
150572 151303 454
150783 150799 2535
150799 150783 2535
143683 143682 936
148332 148333 1037
148333 148332 1037
148333 148359 715
148359 148333 715
143951 143945 664
143951 143954 789
144068 144073 677
144076 144080 583
144080 144076 583
144080 144088 723
144088 144080 723
143945 143951 664
143954 143951 789
143954 144072 769
144072 143954 769
144072 144073 258
144073 144068 677
144073 144072 258
144038 146139 859
146139 144038 859
146161 146162 913
146162 146161 913
146178 146183 805
146178 146208 2650
146183 146178 805
146183 146184 854
146208 146178 2650
146184 146183 854
146359 146362 1179
146362 146359 1179
142915 142917 2365
142919 142917 756
142919 142921 2259
142923 142917 549
142928 142921 753
142928 142996 2242
142931 142999 611
142931 143001 506
143005 143001 970
143005 143007 1052
143009 143007 788
143009 143010 2839
143010 143009 2839
143010 143011 869
143010 143052 775
143010 143071 2338
143070 143011 2495
143070 143022 831
143070 143071 868
143070 143106 2353
143106 143070 2353
143106 143104 790
143106 143107 791
143106 143115 2524
143052 143010 775
143052 143067 2432
143068 143067 823
143068 143069 771
143068 143076 2367
143071 143010 2338
143071 143067 745
143071 143070 868
143071 143104 2362
143054 143069 2432
143057 143069 801
143057 143074 2280
143073 143074 754
143073 143124 2452
143098 143124 737
143098 143129 2378
143126 143129 829
143126 143139 2655
143132 143139 765
143132 143143 1643
143143 143132 1643
143143 143144 781
143143 143654 672
143141 143654 723
143656 143654 530
143656 143658 1944
143658 143656 1944
143658 143661 819
143662 143661 2326
143662 143663 702
143662 148142 756
150758 143661 1033
148142 143662 756
148142 143663 1021
148142 148171 771
143672 143667 944
143672 143670 2614
143672 143674 792
148171 143667 864
148171 148142 771
148172 143667 2948
143670 143669 1126
143670 143671 426
143670 143672 2614
143670 143673 823
143674 143672 792
143674 143673 2683
143674 143676 792
143676 143674 792
143676 143675 2725
143676 148178 371
148178 143676 371
148178 143677 629
148178 148179 394
148179 143677 422
148179 143680 1255
148179 148178 394
148320 143680 2358
148321 143682 2718
212639 212613 659
212639 212635 1021
212647 212613 1008
212647 212614 568
212617 212621 2019
212622 212621 608
212623 212621 741
212623 212636 478
212636 212623 478
212636 212635 791
212649 212648 713
146416 146406 1298
146416 146409 245
146397 146403 476
146404 146403 648
146406 146403 620
146406 146416 1298
146465 146466 720
146473 146471 1210
146473 146483 924
146486 146483 2292
146486 146492 983
146640 146492 2440
146640 146642 711
146718 146642 645
146718 146728 723
146718 146729 1709
146729 146718 1709
146729 146731 778
146729 146734 1399
146735 146731 1283
146735 146734 789
146735 146773 1190
146773 146735 1190
146773 146741 830
146773 146770 854
146773 146779 2352
143557 146742 947
143557 146744 2424
146733 146734 827
146733 146742 1011
146740 146744 856
146740 146761 2310
146760 146761 795
146760 146801 2588
146734 146729 1399
146734 146733 827
146734 146735 789
146734 146741 1076
146805 146801 569
149965 149966 2601
149968 149966 866
149968 149977 1373
150382 150381 1405
150382 151655 639
150393 150381 970
153678 153677 706
153678 153735 506
153661 152094 1718
153661 153660 893
153689 152094 951
153673 153660 540
162487 162488 818
162487 162489 1812
153669 153658 835
153669 153668 1032
153670 153668 672
153670 153671 1162
162489 162487 1812
162489 162490 511
168454 162490 1784
168454 168455 1718
168454 168586 672
153740 153676 710
153740 153739 782
153675 153653 253
153668 153655 795
153668 153669 1032
153668 153670 672
153682 153655 1353
168262 168255 276
168455 168454 1718
168455 168456 2050
168455 168544 782
168542 168540 688
168542 168543 2216
168545 168540 1951
168545 168544 688
168586 168454 672
168586 168544 1700
168548 168543 818
179629 179628 2712
179624 179625 1576
179725 179619 2153
179725 179625 1408
179725 179753 1426
177695 177694 579
177695 179763 2447
177708 177694 519
179764 179763 336
179753 179725 1426
179753 179754 877
179753 179826 1111
179826 179618 418
179826 179753 1111
179826 179754 1008
179612 179611 1374
179613 179611 722
179619 179618 588
179619 179725 2153
179643 179644 1111
179646 179644 1336
179646 179737 931
179736 179735 1268
179792 179790 1028
179804 179805 1447
179896 179805 681
179896 179895 924
179795 179794 2510
179911 179895 1336
179911 179912 788
177874 177873 688
177874 177876 1862
179924 177872 252
179924 177873 504
179924 179925 516
177859 177876 1055
179912 179911 788
179912 179913 445
179912 179915 1055
177864 179915 1139
154598 153884 452
154597 154599 556
154597 154611 906
153895 153896 391
153739 153735 333
153739 153740 782
153754 153741 1747
153751 153750 600
153795 153750 629
153834 153835 3715
153937 153835 1035
153938 153939 818
154724 153939 562
153926 153885 558
156136 156128 2126
156136 156135 2851
156136 156141 452
156154 156155 1023
156154 156212 2193
156212 156154 2193
156212 156211 1080
156733 156732 2893
156733 156734 511
156733 158078 672
156210 156209 738
156217 156216 677
156734 156733 511
156734 156735 885
157375 156735 1775
154607 154606 953
154607 154608 810
154625 154626 1009
154625 154628 848
154630 154626 344
154622 154621 518
154646 154621 238
154676 154643 452
154628 154608 1182
154628 154625 848
154628 154644 677
152511 152512 1848
157047 152512 656
157327 157328 562
152291 152290 930
157135 157132 238
154611 154597 906
154611 154610 337
154737 154730 421
154729 154728 650
154729 154732 1411
154703 154704 710
154703 154715 2362
154876 154715 906
154876 154877 562
154718 154717 2246
154718 154719 1005
154749 154717 610
153963 153961 276
153963 154720 782
154719 154718 1005
154719 154720 10
154769 154740 1188
154769 154768 828
154877 154740 1145
154877 154876 562
154747 154746 335
154768 154769 828
154768 154770 1880
154778 154770 837
153966 153965 650
153957 154734 279
154735 154734 537
154690 154689 1437
154690 154905 2383
154902 154901 672
154902 154906 850
154905 154690 2383
154905 154906 782
154892 154901 1437
154904 154901 1565
154904 154909 767
154909 154904 767
154909 154908 202
154914 154915 893
154914 154923 337
154915 154914 893
154915 154928 767
154927 154928 796
157061 157059 778
157061 157063 139
157170 157151 2894
157170 157169 850
157170 157186 2335
157171 157169 2002
157187 157186 843
172316 157189 253
157195 157194 556
157195 157197 667
157198 157197 674
157193 157192 790
157218 157219 1101
157604 157219 2824
157622 157613 333
157058 157057 758
157059 157057 893
157059 157061 778
157149 157151 2839
156139 156137 590
156141 156136 452
156141 156140 953
157315 157314 927
157315 157336 1747
156147 156148 1438
156147 156149 1485
156147 157333 1357
157337 156148 1145
157341 156148 2388
157341 157333 1035
156150 156149 622
157333 156147 1357
157333 157334 1635
157333 157341 1035
157336 157315 1747
157336 157334 1116
178049 178047 435
178035 177818 1234
178035 178034 1565
177822 177821 688
177825 177824 1917
177818 177819 1014
177818 177820 848
177818 178035 1234
179926 179925 1416
177884 177886 1704
178013 177886 420
178096 178095 681
178101 178095 1827
178101 178102 788
178336 178335 1686
178342 178335 1120
178342 178344 452
178343 178335 708
178345 178344 504
178288 178287 516
178288 178549 168
178547 178546 276
178359 178360 840
178361 178363 782
178361 178552 1097
178286 178287 252
178286 178580 598
178363 178361 782
178363 178553 1279
178580 178286 598
178580 178553 905
178595 178597 452
178598 178597 475
173383 173371 1577
173384 173371 1188
177808 177809 669
177812 177809 720
177835 177834 1972
177836 177834 1715
177800 177803 4483
177804 177803 1868
177819 177818 1014
177819 177833 884
177980 177967 1446
177980 177981 2748
177980 177983 2237
177981 177980 2748
177981 177983 1304
177973 177972 818
173402 173416 2170
173504 173416 1635
173504 173488 5145
173419 173418 588
173454 173453 756
173507 173453 893
173507 173506 889
186095 173453 612
173488 173487 2748
173488 173504 5145
185978 173487 794
185422 173506 672
173387 173434 557
173494 185487 361
185488 185487 3984
160297 160292 421
160297 160296 1786
160315 160317 362
160455 160454 436
160455 160456 933
160608 160454 3212
160456 160455 933
160456 160457 1695
160456 160601 3122
160622 160522 2106
160622 160610 893
160622 160623 1225
160601 160456 3122
160601 160602 674
160611 160610 517
160624 160623 796
160624 160625 710
160624 160634 355
160635 160623 436
160638 160634 3331
160638 160637 436
160638 160639 758
160627 160628 511
160629 160628 871
160662 160642 1114
160634 160624 355
160634 160633 552
160634 160638 3331
160650 160651 713
172329 156749 1558
156755 156757 1004
156758 156757 1516
156758 156759 905
156775 156774 655
156776 156774 1194
156776 156778 758
158080 156778 1035
158080 158081 674
158080 158087 253
158088 158087 1587
157400 157399 1283
157397 157398 1234
158079 158078 928
158081 158078 1455
158081 158080 674
157409 157410 1064
157412 157411 344
158111 158116 848
158145 158140 674
158145 158150 1545
158141 158150 2126
158171 158174 238
158171 158378 2362
158349 158321 766
158349 158348 758
158348 158347 1447
158348 158349 758
158348 158374 850
158378 158171 2362
158378 158374 778
158378 158377 778
158383 158377 766
158389 158388 1161
158391 158388 953
158407 158406 1221
158407 158408 1743
158407 158456 1798
158439 158408 1004
158436 158438 1336
158440 158438 1101
160739 160676 650
158412 158406 1556
158456 158407 1798
158456 158457 476
158555 158457 374
158555 158553 1035
158573 158553 924
158573 160758 1500
160757 160758 1000
160706 160704 1411
160706 160705 320
160765 160705 1118
160765 160756 1576
158577 160756 590
160772 160704 767
160772 160773 1576
160768 160773 934
160775 160773 1225
160778 160777 333
160780 160779 879
160784 160783 2046
160948 160783 3042
160948 160947 672
160949 160947 1000
160949 160962 337
160979 160962 778
160966 160965 808
160966 160993 111
160992 160991 1055
161008 161015 829
161016 161015 1612
160993 160966 111
160993 161020 934
160995 160998 1344
161017 160998 1004
161169 160998 934
915
142917
142921
142996
142999
143001
143007
143011
143022
143107
143115
143067
143076
143104
143069
143074
143124
143129
143139
143144
143654
143661
143663
143667
143671
143669
143673
143675
143677
143680
143682
212613
212614
212621
212635
212648
146409
146403
146466
146471
146483
146492
146642
146728
146731
146770
146779
146742
146744
146761
146741
146801
149966
149977
151655
150381
153677
152094
153660
162488
153658
153671
162490
153676
153653
153655
168255
168456
168540
168544
168543
179628
179625
177694
179763
179754
179611
179618
179644
179737
179735
179790
179805
179794
179895
177873
177876
179913
179915
153884
154599
153896
153735
153741
153750
153835
153939
153885
156128
156135
156155
156211
156732
156209
156216
156735
154606
154626
154621
154643
154644
152512
157328
152290
157132
154608
154610
154730
154728
154732
154704
154715
154717
154720
153961
154740
154746
154770
153965
154734
154689
154906
154901
154908
154923
154928
157063
157169
157186
157189
157197
157194
157192
157219
157613
157057
157151
156137
156140
157314
156148
156149
157334
178047
178034
177821
177824
177820
177872
179925
177886
178095
178102
178335
178344
178549
178546
178360
178552
178287
178553
178597
173371
177809
177834
177803
177833
177967
177983
177972
173416
173418
173453
173487
173506
173434
185487
160292
160296
160317
160454
160457
160522
160602
160610
160623
160625
160639
160637
160628
160642
160633
160651
156749
156757
156759
156774
158087
157399
157398
156778
158078
157410
157411
158116
158140
158150
158174
158321
158347
158374
158377
158388
158408
158438
160676
158406
158457
158553
160758
160705
160756
160704
160773
160777
160779
160783
160947
160962
160965
160991
161015
161020
160998
161000
161004
160677
160693
160734
160841
160871
160721
160744
160863
160886
160829
160833
160853
160856
160876
172367
177525
165936
165947
165964
165961
166067
166065
168187
168203
167919
167925
167988
167999
167998
167995
168219
168182
168175
168227
168228
167893
167886
165941
166047
167887
161586
161898
161902
161913
162029
162040
161707
162025
161705
161769
161765
161768
161744
161695
161444
164628
169000
172651
161533
165824
165851
165826
166088
166144
166145
158820
166094
166098
166114
166120
169778
165859
165856
166103
169716
169726
169777
169780
169786
169729
169785
169441
169080
169318
169316
118859
118928
118872
119375
118894
118893
118600
118885
118900
118664
118917
118662
118667
119453
119395
119447
94847
94542
94545
94789
94811
97358
97362
94669
94682
97524
103163
93916
108056
108216
108219
108307
108314
108295
108351
108683
108709
108712
108729
108704
93262
102671
93593
93594
102337
93739
93768
93781
93894
93987
93988
93967
93971
93973
93754
93756
93884
102664
103247
93283
93222
102672
194204
190872
194356
190910
191339
194171
191145
191250
191311
191155
191157
191618
191953
194359
190947
191259
190944
192611
118766
118768
118779
194265
108841
108874
108372
108400
109617
109620
110369
110379
108858
110291
108891
108875
110427
110451
110372
110442
110444
110446
110429
110384
110393
110634
110658
110659
103808
103818
36121
103822
103825
103372
110588
110884
103395
103400
103648
106986
110688
110867
110873
110879
36127
36678
36672
36684
36714
36811
36823
36838
36829
36830
36841
36847
36773
36779
36855
36871
36879
36884
36885
36797
36866
36606
36622
36624
36625
36626
37040
37551
37553
37555
38141
36938
36609
36604
36607
36611
36558
36929
37586
37591
37596
37557
36930
36946
36798
36964
37662
38224
38226
38232
38293
38271
38297
38279
38283
38612
38626
38638
38648
38812
38816
38850
38842
38672
38757
38673
38676
38705
38717
38718
38740
38742
38686
38713
38724
38699
38747
38748
41512
47525
47503
47512
47506
47509
47516
47538
47543
47551
47560
47566
47567
47575
47345
47831
47315
47323
47277
47273
47317
47320
47338
38978
47366
47262
47276
35485
35487
47216
48341
47220
129976
129960
130566
130575
130622
130629
35482
130644
130627
130681
130667
130682
121357
130671
130127
130677
132572
130977
130978
130980
130936
130937
130954
130951
130928
130953
130227
130277
131100
131225
131096
131108
131997
131995
132023
132052
132061
132079
130264
130268
130282
131017
131019
131047
131080
131029
131037
132081
132083
132101
132099
132097
218002
218005
218283
222635
222620
222622
222632
53610
53612
53639
53621
53643
150561
151303
150572
150576
150773
150778
150783
150799
143683
148327
148332
148333
148359
148371
148375
143931
144153
148511
148512
148529
148532
148533
143929
148402
148409
148526
148571
148392
148404
148405
144027
144033
144097
144096
143212
144032
143948
143950
143951
144068
144076
144080
144087
144088
144089
143945
143954
144072
144073
144035
144038
146139
146147
146161
146157
146159
146162
146178
146183
146208
146184
146359
146220
146212
146223
146224
146362
142915
142919
142928
142931
143005
143009
143052
143068
143054
143057
143073
143098
143126
143132
143141
143658
143662
143672
148171
148172
143674
143676
148178
148179
148320
148321
212639
212647
212617
212623
212636
212649
146416
146397
146404
146406
146465
146473
146486
146640
146718
146729
143557
146733
146740
146760
146805
149965
149968
150382
150393
153661
153689
153673
162487
153670
162489
153740
153675
153668
168262
168542
168545
168586
168548
179624
177695
179612
179613
179619
179643
179646
179736
179804
179896
179795
179911
177874
177859
177864
154598
154597
153754
153751
153795
153834
153937
153938
154724
153926
156154
156212
156217
156734
157375
154607
154625
154622
152511
157047
157327
152291
157135
154611
154729
154703
154876
154718
154749
153963
154719
154769
154877
154747
154768
154778
153957
154735
154690
154902
154905
154892
154904
154909
154914
154915
154927
157061
157170
157187
157195
157193
157218
157604
157622
157059
157149
156141
157315
157337
157341
157336
178035
177884
178013
178096
178101
178342
178343
178288
178359
178361
178286
178363
178580
178595
173383
173384
177808
177812
177800
177819
177981
177973
173402
173419
173507
173488
173387
173494
185488
160297
160315
160455
160608
160601
160611
160627
160662
156755
156776
157397
158079
158081
157409
157412
158111
158145
158141
158171
158349
158378
158383
158389
158391
158439
158436
158440
160739
158456
158555
158573
160757
160765
158577
160772
160768
160775
160780
160784
160948
160949
160979
160966
160992
161008
161016
160995
161017
161169
