1890
117675 100924 7398
117675 117676 2021
117675 117678 518
117795 117683 1225
117795 117788 3187
117795 117796 2782
117635 117634 1026
117635 117637 1881
117639 117640 1343
117799 117798 169
117859 117856 2894
117859 117862 553
117860 117856 1183
117860 117864 1430
117888 117889 422
117888 117896 333
121965 121963 1000
121746 119513 590
121746 121739 767
121732 121724 1500
121732 121733 2890
121783 121784 1154
121783 121785 893
122015 121788 2232
122222 121788 1673
122224 121787 2543
122224 122234 879
122236 121794 1276
122236 122234 1308
122238 122239 697
122238 122240 1029
122240 122238 1029
122240 122261 1413
122263 122261 1014
122263 122264 590
121997 122043 257
121997 122044 558
121998 122047 650
121980 121978 558
121986 121987 4298
121986 121988 850
121813 121803 688
121813 121812 1769
121832 121831 2002
121832 121850 650
121794 121791 1624
121794 122236 1276
121799 121797 848
121799 121798 1101
121799 121807 1009
121853 121850 1000
121888 121890 1102
121842 121839 1348
121841 121831 683
121841 121840 1014
121847 121850 1688
121863 121864 404
118264 118265 1055
124115 124227 739
124115 124229 3023
124230 124239 374
124230 124242 558
124238 124279 1116
118011 118303 2790
118041 118038 684
118060 118061 698
118343 118344 843
118343 118345 2102
117876 117874 3042
117876 117875 2371
118182 118169 2776
118251 118254 355
118130 118131 538
118130 118132 674
118130 118136 606
124280 124249 885
124280 124279 2285
124284 124288 2005
124287 124291 1075
124287 124400 678
124398 124400 279
124398 132485 641
124401 124291 751
124401 124400 879
124403 124291 1028
124403 124292 2095
124403 124405 650
124404 124405 2477
124413 124414 558
124413 124418 238
124414 124413 558
124414 124415 2532
124444 124415 337
124444 124445 940
123541 123542 3539
124443 124445 2069
123544 123542 879
123544 123552 1346
124448 124447 1087
124408 124409 714
124408 124423 1759
124408 124449 1697
124423 124313 2727
124423 124407 2221
124423 124408 1759
124423 124424 1258
124424 124423 1258
124424 124428 1813
124431 124428 1726
124431 124430 811
124431 124436 1920
124439 124436 907
124439 124440 374
124477 124440 650
124477 124506 697
124537 124507 1308
124537 124539 1547
124537 124540 808
124540 124537 808
124540 124541 1276
124550 124541 1161
124551 124539 678
124551 124547 2784
124551 124552 809
124552 124549 2692
124552 124551 809
124552 124556 891
124682 124684 1067
124682 124686 751
124556 124552 891
124556 124557 2601
124556 124561 752
124699 124698 874
124706 124701 1154
124706 124705 739
120183 120180 2158
120183 120191 3075
120192 120193 1833
120192 120194 1369
120241 120242 2868
120169 120166 3069
120169 120178 2063
120180 120182 1717
120180 120183 2158
124574 124573 89
124574 124575 1258
124685 124684 2696
124685 124689 837
124687 124686 808
124687 124698 837
124562 124560 1346
124562 124688 837
124566 124565 880
124566 124567 1478
124690 124688 2697
124690 124689 698
120215 120212 1478
120215 120251 1949
120244 120243 238
120248 120251 2533
120248 120252 2809
120250 132475 2727
67044 66969 830
67044 77721 1517
67045 67046 1372
67045 67047 1655
67065 67047 401
67065 67063 1197
66981 67024 1877
66956 66957 864
66956 66980 541
66956 77731 397
77728 77729 1172
60468 60462 925
60468 60466 2367
60468 60569 924
60569 60468 924
60569 60566 1459
77043 66833 2844
77043 77044 1644
66998 66999 170
66998 76676 730
60539 60528 2889
60539 60532 3489
60567 60568 1210
60540 60537 1383
60540 60538 1162
60540 60584 3086
60584 60540 3086
60584 60585 1576
60603 60600 1625
60603 60604 1908
66886 76987 554
66886 76988 798
66887 66888 768
66887 66889 688
66889 66887 688
66889 66906 2046
66899 66898 852
66899 77825 1468
70718 70711 908
70718 70717 679
70723 70717 1595
70723 70724 753
70726 70725 554
70728 70725 1234
70722 70721 830
70724 70721 1632
70724 70723 753
66921 66916 1815
66921 66916 1815
67322 67323 768
67322 67324 452
67324 67322 452
67324 67325 955
67327 67328 852
70714 70703 845
70714 70721 1731
70697 64548 422
70697 70700 1336
77087 70694 1765
70693 70694 896
70693 70734 1156
70700 70697 1336
70700 70758 519
70741 70734 242
70741 77824 2315
64459 64458 1581
64470 64477 3590
64470 64494 827
64510 64506 5007
64549 64546 1565
64549 64547 519
64503 64502 558
64503 64598 848
64632 64601 2185
64632 64634 1507
64644 64643 796
64656 64645 2047
64646 64643 1742
64646 64645 2238
64623 64624 1677
64623 64640 1156
64647 64640 613
64647 64655 2021
64655 64641 1268
64655 64647 2021
64652 64625 512
64652 64651 2740
64676 64675 1111
64676 64684 1413
64676 64685 2016
64730 64732 1344
64730 64735 1229
64742 64735 712
64742 64745 1579
64707 64700 422
64707 64705 581
64719 64697 556
64719 64734 1014
64734 64719 1014
64734 64733 1111
64737 64736 3130
64737 64747 299
64722 64723 818
63499 63494 1272
63499 63498 782
64698 63498 1272
64698 64699 782
63495 63493 852
63495 63494 2810
64700 64686 2307
64700 64707 422
64228 64226 1021
64228 77068 642
64240 64226 3595
64240 77831 216
64185 64186 891
70831 78173 321
73147 73149 1002
73150 73151 1221
73150 78448 2936
74792 74795 1443
74794 74797 827
74794 74798 2223
74871 74851 1709
74871 74872 789
74894 74872 3177
74894 74911 1068
74908 72367 238
74910 74911 2960
74910 74912 885
74910 74933 607
74905 72367 789
74905 74931 2166
57731 57730 925
57731 74931 610
74851 74865 1214
74851 74866 885
74851 74871 1709
74059 74058 1042
74059 74111 947
73236 73237 420
73236 74104 1538
73236 74110 796
74102 74103 351
74102 77286 254
74167 74175 551
74167 74177 1130
74167 74178 658
74861 74860 475
74861 74863 613
74862 74863 419
74860 74861 475
74860 74877 558
74860 74879 1951
74870 74868 789
74870 74875 1836
74870 74881 650
74864 74863 2794
74864 74964 818
74864 74969 1108
74963 74965 701
74973 74965 283
74973 74966 450
74978 74981 1056
74978 74981 1056
74980 74975 924
74980 74981 476
74975 74976 406
74975 74980 924
74473 74466 448
74473 74481 465
74484 74483 2689
74484 74492 640
74547 74545 507
74547 74552 4489
75069 75016 874
75069 75073 1690
75080 75087 277
76032 76033 2425
76032 76119 78
76238 76237 1114
76238 76250 1558
76238 76251 4599
76224 76220 1004
76224 76226 1445
76224 76229 1029
76237 76238 1114
76237 76239 1260
76237 76240 5167
75019 74773 679
75021 75029 4211
74766 74761 1347
74768 74762 1729
74768 74770 713
74984 74727 1700
74984 74983 2810
74984 74988 1186
75032 75029 1675
75032 75034 956
77311 77313 1488
77310 78277 1353
77310 79081 737
78288 78290 2488
78288 78291 566
74723 74722 2793
74723 74982 937
74727 74982 2340
74727 74984 1700
74748 74715 1357
74748 74747 812
74577 74216 218
74577 74576 611
74582 74583 1902
74582 74586 2016
74585 74587 607
74585 74588 1189
75293 75294 869
75293 75295 2157
75295 75293 2157
75295 75300 715
74592 74550 789
74592 74590 1214
74592 74591 476
74597 74552 1259
74597 74553 478
74600 74599 3067
74600 74611 1785
74610 74608 1633
74610 74738 679
74608 74610 1633
74608 74734 754
74609 74730 592
74746 74759 1162
74745 74747 538
74715 74747 1149
74715 74748 1357
170964 170966 576
171740 171725 1000
171740 171739 2447
171740 171746 1000
171746 171740 1000
171746 171741 2363
171746 171766 667
171778 171766 2532
171778 171779 889
171783 171779 2450
171783 171784 889
171783 171891 2279
171878 171889 2534
171878 171911 672
171892 171898 782
171892 171911 2281
171891 171783 2279
171891 171893 893
171891 171898 2363
171888 171889 905
171930 171931 3557
171930 171933 436
171929 171889 2279
171929 171934 2447
171929 171984 778
171932 171933 778
171932 171934 889
171932 171943 2447
171931 171930 3557
171931 171935 506
171931 172225 2556
170967 170966 893
170967 170984 191
95863 95857 599
95863 96181 1798
96192 96191 1386
96192 96211 435
96192 96212 905
96210 96209 2585
96210 96211 1357
96210 96218 870
96209 96210 2585
96209 96225 1258
96290 96291 765
96290 96292 796
96787 96786 984
96819 96786 238
96819 96820 1745
96827 96820 1476
96827 96828 612
96832 96830 1028
96832 97032 697
96852 96838 1117
96852 96854 613
96852 97045 243
95648 95706 1867
97308 97306 708
97308 97329 347
102324 97433 1052
102324 102325 753
103094 103095 1245
97038 97046 836
97074 97042 1231
97075 97065 1434
97075 97076 1031
97075 102349 1214
97076 97075 1031
97076 102991 1067
97137 97067 1146
97137 97136 1254
97137 97145 1559
97151 97150 279
97194 97193 190
97148 97147 80
97199 97200 2282
97201 97202 1283
99627 99620 1544
99627 99632 276
99627 99637 373
99631 99632 1027
99631 99633 2171
97233 97229 765
97233 97234 1248
99639 99620 2371
99682 99695 1259
99682 99698 2791
99821 99818 118
99973 99970 1707
99973 99972 1216
99973 102794 1069
99822 99816 3178
99822 99841 612
99961 99960 1267
99961 99963 905
99856 99991 2718
99997 99995 2780
100501 100000 2718
100502 100503 1636
100506 100512 1613
100437 100438 1120
100437 100512 3011
100514 100439 2881
100514 100524 2587
100528 100521 7521
100528 100529 2575
100571 100572 1235
100571 102372 1761
100574 100573 2113
100574 100575 1456
100574 100576 1074
101837 101838 2380
101837 102497 3295
100595 100590 2014
100595 102373 6674
100395 100394 788
100605 100606 882
100414 100606 199
100565 100559 2029
100565 100560 2065
100565 102786 5596
101532 101530 1629
101532 101537 222
101540 101538 906
101540 101547 984
101473 101443 1816
101473 101476 796
101473 101477 1124
101511 101481 1380
101511 101529 924
101511 101530 688
101541 101539 808
101961 103018 199
92144 92290 683
92144 103025 715
101046 101044 667
101046 101045 374
101415 101414 3404
101415 101416 953
101413 101408 2887
101413 101414 3360
101418 101419 918
101418 103085 1334
121801 121802 1111
121801 121826 1536
121825 121826 1124
121825 121828 927
101336 101327 2337
101336 101337 1035
101344 101319 4633
101344 101343 789
101345 101321 3356
101345 101346 2028
101374 101302 6257
101374 101367 1141
92140 92141 302
92140 103027 376
92140 103028 215
92210 103026 342
92217 92218 419
92217 92219 464
101275 101261 1104
101275 101276 673
101275 101277 810
101294 101293 3702
101294 101519 1447
101294 101520 677
101515 91991 713
101516 91990 3048
101516 101518 1120
101519 101292 202
101519 101294 1447
101521 101299 1896
101521 101302 1086
117875 117873 2758
117875 117876 2371
100924 100923 3194
100924 117675 7398
117676 117675 2021
117676 117687 3516
117676 118329 3834
117678 117675 518
117678 121723 1201
117683 117682 3646
117683 117795 1225
117683 118332 3980
117788 117768 2054
117788 117795 3187
117796 117795 2782
117796 117798 1897
117796 117808 5317
117634 117635 1026
117634 117636 791
117634 117797 4834
117637 117635 1881
117640 117639 1343
117798 117793 843
117798 117796 1897
117798 117799 169
117856 117857 2555
117856 117859 2894
117856 117860 1183
117862 117859 553
117864 117860 1430
117889 117886 1537
117889 117888 422
117889 117890 344
117896 117888 333
117896 117897 556
121963 121960 1336
121963 121962 630
121963 121965 1000
119513 119512 84
119513 121746 590
121739 121738 2671
121739 121746 767
121739 122106 2278
121739 132509 395
121724 121723 2023
121724 121731 2568
121724 121732 1500
121733 121731 1269
121733 121732 2890
121733 121768 1161
121784 121783 1154
121785 117700 1334
121785 121783 893
121785 122171 2641
121788 121787 1612
121788 122015 2232
121788 122222 1673
121787 121788 1612
121787 121789 871
121787 122224 2543
122234 121790 1004
122234 122224 879
122234 122236 1308
122239 122238 697
122261 122240 1413
122261 122262 537
122261 122263 1014
122264 122263 590
122043 121665 1723
122043 121997 257
122043 130697 1289
122044 121997 558
122044 122045 1430
122044 122046 1874
122047 121998 650
122047 122045 1447
122047 122049 1897
121978 121977 948
121978 121980 558
121978 121983 1009
121987 121986 4298
121987 122046 976
121987 122049 1395
121988 121986 850
121988 122048 1942
121988 122048 1942
121803 121802 1124
121803 121812 1734
121803 121813 688
121812 121803 1734
121812 121804 1017
121812 121813 1769
121831 121830 766
121831 121832 2002
121831 121841 683
121850 121832 650
121850 121847 1688
121850 121853 1000
121791 121792 610
121791 121794 1624
121791 121798 1028
121797 121795 928
121797 121798 1168
121797 121799 848
121797 121807 1200
121798 121791 1028
121798 121797 1168
121798 121799 1101
121807 121797 1200
121807 121799 1009
121890 121888 1102
121839 121823 1436
121839 121840 1124
121839 121842 1348
121840 121829 1688
121840 121839 1124
121840 121841 1014
121864 121863 404
118265 118262 1346
118265 118264 1055
124227 124115 739
124227 124228 751
124227 132486 743
124227 132489 419
124229 124115 3023
124229 124234 928
124229 124242 337
124239 124230 374
124239 124240 2552
124239 124244 170
124242 124229 337
124242 124230 558
124242 124243 2486
124279 124238 1116
124279 124248 837
124279 124280 2285
118303 118011 2790
118303 118304 1192
118303 118313 1473
118038 118031 1187
118038 118041 684
118061 118060 698
118344 118343 843
118344 118372 687
118344 118387 1097
118345 118343 2102
117874 117873 2113
117874 117876 3042
117874 117878 452
118169 118167 650
118169 118182 2776
118254 118251 355
118254 118255 537
118131 118085 1010
118131 118130 538
118132 118130 674
118132 118138 140
118136 118130 606
118136 118137 558
124249 124246 789
124249 124248 2421
124249 124280 885
124288 124284 2005
124288 124290 1147
124288 124292 791
124291 124287 1075
124291 124290 1023
124291 124401 751
124291 124403 1028
124400 124287 678
124400 124398 279
124400 124401 879
132485 124398 641
124292 124288 791
124292 124293 672
124292 124403 2095
124405 124295 2284
124405 124403 650
124405 124404 2477
124405 124406 697
124418 124413 238
124418 124416 811
124418 124419 1276
124415 124414 2532
124415 124420 2413
124415 124444 337
124445 124443 2069
124445 124444 940
124445 124452 713
123542 123541 3539
123542 123544 879
123552 123544 1346
124447 124446 948
124447 124448 1087
124447 124451 613
124409 124408 714
124449 124408 1697
124449 124422 460
124313 124294 1821
124313 124315 1029
124313 124423 2727
124313 124428 2758
124407 124295 791
124407 124406 1813
124407 124423 2221
124428 124313 2758
124428 124424 1813
124428 124427 948
124428 124431 1726
124430 124427 1699
124430 124429 1276
124430 124431 811
124436 124431 1920
124436 124438 1229
124436 124439 907
124440 124439 374
124440 124477 650
124506 124477 697
124506 124505 848
124506 124507 1699
124507 124506 1699
124507 124537 1308
124507 124538 1001
124539 124537 1547
124539 124541 837
124539 124545 2650
124539 124551 678
124541 124539 837
124541 124540 1276
124541 124550 1161
124547 124546 337
124547 124548 477
124547 124551 2784
124549 124548 276
124549 124552 2692
124549 124557 811
124684 124682 1067
124684 124683 613
124684 124685 2696
124686 124682 751
124686 124687 808
124686 124692 2043
124557 124549 811
124557 124556 2601
124557 124560 809
124561 124556 752
124561 124683 418
124561 124688 511
124698 124687 837
124698 124699 874
124698 124700 789
124701 124700 891
124701 124706 1154
124705 124704 1679
124705 124706 739
124705 124719 848
120191 120183 3075
120191 120186 366
120191 132321 359
120193 120192 1833
120194 120192 1369
120194 132327 354
120242 120241 2868
120242 120258 2184
120242 120271 650
120166 120162 956
120166 120167 3656
120166 120168 477
120166 120169 3069
120178 120169 2063
120182 120180 1717
124573 124570 1726
124573 124574 89
124573 132471 1751
124575 124574 1258
124575 124576 1582
124575 124576 1582
124689 124683 2754
124689 124685 837
124689 124690 698
124560 124557 809
124560 124562 1346
124560 124564 2093
124560 124565 1949
124688 124561 511
124688 124562 837
124688 124690 2697
124565 124560 1949
124565 124566 880
124565 124570 4908
124567 124566 1478
120212 120211 1285
120212 120214 1786
120212 120215 1478
120251 120215 1949
120251 120225 2152
120251 120248 2533
120251 120253 2570
120243 120198 279
120243 120244 238
120252 120248 2809
120252 120295 1651
120252 120296 1341
132475 120250 2727
66969 66959 253
66969 67044 830
77721 67044 1517
77721 67046 525
77721 67064 1075
67046 67045 1372
67046 77721 525
67047 67045 1655
67047 67065 401
67047 76593 783
67063 67064 908
67063 67065 1197
67024 66981 1877
66957 66952 455
66957 66956 864
66957 78802 407
66980 66956 541
66980 66983 1161
66980 66984 1818
77731 66951 1195
77731 66956 397
77731 77732 1336
77729 77728 1172
60462 60398 1515
60462 60468 925
60462 60566 1512
60466 60467 2209
60466 60468 2367
60466 77046 2782
60566 60462 1512
60566 60569 1459
66833 66828 837
66833 66828 837
66833 77043 2844
77044 77043 1644
66999 66998 170
66999 67004 446
66999 76677 1142
76676 66998 730
60528 60529 824
60528 60530 1032
60528 60539 2889
60532 60530 1764
60532 60538 1358
60532 60539 3489
60568 60567 1210
60568 76984 390
60568 76985 1592
60537 60531 1358
60537 60534 905
60537 60540 1383
60537 60541 4041
60538 60532 1358
60538 60540 1162
60538 60582 1834
60585 60584 1576
60585 60599 2233
60585 60600 1467
60600 60585 1467
60600 60599 1638
60600 60603 1625
60604 60603 1908
76987 66886 554
76988 66886 798
66888 66887 768
66888 66892 778
66888 77613 85
66906 66889 2046
66898 66890 1871
66898 66899 852
66898 66900 893
66898 66910 5470
77825 66899 1468
70711 70708 1182
70711 70716 796
70711 70718 908
70711 70725 1796
70717 70715 929
70717 70718 679
70717 70721 679
70717 70723 1595
70725 70711 1796
70725 70726 554
70725 70728 1234
70721 70714 1731
70721 70717 679
70721 70722 830
70721 70724 1632
66916 66913 507
66916 66921 1815
66916 66921 1815
67323 67322 768
67325 67324 955
67328 67327 852
70703 70701 852
70703 70713 475
70703 70714 845
64548 64546 955
64548 70695 1114
64548 70697 422
70694 70691 540
70694 70693 896
70694 77087 1765
70734 70693 1156
70734 70741 242
70758 70700 519
77824 70741 2315
64458 64457 1180
64458 64459 1581
64477 64470 3590
64477 64495 1780
64477 64496 1392
64494 64470 827
64494 64484 675
64506 64501 3849
64506 64502 2786
64506 64510 5007
64546 64532 768
64546 64548 955
64546 64549 1565
64547 64533 674
64547 64534 1620
64547 64549 519
64502 64500 674
64502 64503 558
64502 64506 2786
64598 64503 848
64598 64600 1696
64598 64601 607
64601 64598 607
64601 64631 3308
64601 64632 2185
64634 64631 1011
64634 64632 1507
64634 64643 1681
64643 64634 1681
64643 64644 796
64643 64646 1742
64645 64639 955
64645 64646 2238
64645 64656 2047
64624 64619 162
64624 64623 1677
64640 64623 1156
64640 64639 1891
64640 64647 613
64641 64639 885
64641 64654 679
64641 64655 1268
64625 64619 3744
64625 64652 512
64651 64629 809
64651 64652 2740
64651 64689 893
64675 64673 852
64675 64676 1111
64675 64688 1669
64684 64676 1413
64684 64679 337
64685 64676 2016
64685 64682 1738
64685 64694 1183
64732 64692 602
64732 64730 1344
64732 64733 1004
64735 64730 1229
64735 64736 782
64735 64742 712
64745 64738 1301
64745 64742 1579
64745 64746 712
64705 64691 1633
64705 64697 3298
64705 64707 581
64697 64696 556
64697 64705 3298
64697 64719 556
64733 64696 1014
64733 64732 1004
64733 64734 1111
64736 64735 782
64736 64737 3130
64736 64738 1633
64747 64737 299
64747 64738 1697
64723 64722 818
64723 64762 830
63494 63480 1104
63494 63495 2810
63494 63499 1272
63498 63478 2376
63498 63496 889
63498 63499 782
63498 64698 1272
64699 64681 284
64699 64683 1086
64699 64698 782
63493 63490 1475
63493 63492 1124
63493 63495 852
64686 64683 554
64686 64687 2186
64686 64691 1947
64686 64700 2307
64226 64223 769
64226 64227 2229
64226 64228 1021
64226 64240 3595
77068 64228 642
77831 64240 216
64186 64185 891
64186 64187 1612
78173 70831 321
78173 78826 3769
73149 73147 1002
73149 78825 1221
73151 73150 1221
73151 73152 924
78448 73150 2936
74795 74792 1443
74795 74797 399
74797 74794 827
74797 74795 399
74797 77898 276
74798 74794 2223
74798 77898 2287
74872 74866 1762
74872 74871 789
74872 74873 279
74872 74894 3177
74911 74894 1068
74911 74910 2960
74911 74914 1212
74911 74923 611
72367 72366 1950
72367 74905 789
72367 74908 238
72367 74909 885
74912 74910 885
74912 74923 2975
74912 74934 848
74933 74909 85
74933 74910 607
74931 57731 610
74931 74905 2166
74931 74932 542
57730 57731 925
74865 74851 1214
74866 74851 885
74866 74867 279
74866 74872 1762
74058 74050 1104
74058 74059 1042
74058 74062 672
74111 74059 947
73237 73236 420
74104 73236 1538
74104 74101 554
74104 74105 1467
74110 73236 796
74110 74109 277
74103 74102 351
77286 74102 254
74175 74118 1456
74175 74167 551
74175 74176 820
74177 74167 1130
74177 74179 1268
74177 74180 667
74178 74167 658
74863 74861 613
74863 74862 419
74863 74864 2794
74877 74860 558
74877 74876 812
74877 74880 2323
74879 74860 1951
74879 74967 476
74879 74968 437
74868 74867 512
74868 74869 1892
74868 74870 789
74868 74874 1762
74875 74870 1836
74875 74874 838
74875 74881 1922
74875 74913 885
74875 74914 1960
74875 74925 2350
74881 74870 650
74881 74875 1922
74881 74876 812
74881 74882 1024
74881 74913 1817
74964 74864 818
74964 74966 770
74969 74864 1108
74969 74967 789
74969 74970 929
74965 74963 701
74965 74973 283
74966 74964 770
74966 74973 450
74966 75015 384
74981 74978 1056
74981 74978 1056
74981 74980 476
74976 74975 406
74976 76661 413
74976 76663 429
74466 74467 324
74466 74473 448
74466 74483 1798
74481 74473 465
74483 74466 1798
74483 74479 803
74483 74484 2689
74483 74492 2915
74492 74462 4130
74492 74483 2915
74492 74484 640
74545 74534 3121
74545 74546 667
74545 74547 507
74552 74547 4489
74552 74597 1259
75016 74220 2454
75016 75069 874
75016 75070 754
75073 75069 1690
75073 75072 611
75073 75077 956
75073 75078 1227
75073 75083 1821
75087 75080 277
75087 75088 1336
75087 75090 581
76033 76032 2425
76033 76119 2351
76033 76120 2492
76119 76032 78
76119 76033 2351
76250 76238 1558
76250 76255 796
76251 76238 4599
76251 87252 1953
76220 76212 942
76220 76216 1445
76220 76224 1004
76226 76224 1445
76226 76227 1336
76226 76235 2369
76229 76108 222
76229 76222 635
76229 76224 1029
76239 76236 968
76239 76237 1260
76239 78474 623
76240 76237 5167
76240 87212 2361
74773 74770 881
74773 74772 3282
74773 75019 679
75029 75021 4211
75029 75032 1675
75029 75035 1417
74761 74762 1417
74761 74765 1336
74761 74766 1347
74762 74761 1417
74762 74767 875
74762 74768 1729
74770 74768 713
74770 74771 530
74770 74773 881
74983 74982 1357
74983 74984 2810
74983 74985 942
74988 74984 1186
74988 74987 1162
74988 75026 650
75034 75032 956
77313 77311 1488
78277 77310 1353
78277 78278 626
78277 78279 865
79081 77310 737
78290 78288 2488
78291 78288 566
78291 78745 2121
78291 78745 2121
74722 74712 810
74722 74723 2793
74982 74723 937
74982 74727 2340
74982 74983 1357
74747 74715 1149
74747 74745 538
74747 74748 812
74216 74213 12371
74216 74577 218
74576 74559 2111
74576 74573 1214
74576 74577 611
74583 74582 1902
74583 74584 740
74583 74599 2369
74586 74582 2016
74586 74622 782
74586 74623 650
74587 74585 607
74588 74585 1189
74588 74623 2095
74588 75440 3054
75294 75293 869
75294 75297 1151
75294 75298 808
75300 75295 715
75300 75298 1283
75300 75302 3385
74550 74549 4151
74550 74553 538
74550 74592 789
74590 74499 632
74590 74592 1214
74591 74592 476
74553 74546 4886
74553 74550 538
74553 74597 478
74599 74583 2369
74599 74600 3067
74611 74600 1785
74738 74610 679
74734 74608 754
74730 74609 592
74759 74746 1162
170966 170964 576
170966 170967 893
171725 171740 1000
171739 171740 2447
171739 171741 1004
171741 171739 1004
171741 171746 2363
171766 171746 667
171766 171778 2532
171779 171778 889
171779 171783 2450
171784 171783 889
171784 171893 2194
171889 171878 2534
171889 171888 905
171889 171929 2279
171911 171878 672
171911 171892 2281
171898 171891 2363
171898 171892 782
171893 171784 2194
171893 171891 893
171933 171930 436
171933 171932 778
171933 171935 3449
171934 171929 2447
171934 171932 889
171984 171929 778
171943 171932 2447
171935 171931 506
171935 171933 3449
172225 171931 2556
170984 170967 191
95857 95863 599
96181 95863 1798
96191 96192 1386
96211 96192 435
96211 96210 1357
96212 96192 905
96218 96210 870
96225 96209 1258
96291 96290 765
96292 96290 796
96786 96787 984
96786 96819 238
96820 96819 1745
96820 96827 1476
96828 96827 612
96828 96830 836
96830 96828 836
96830 96832 1028
97032 96832 697
96838 96852 1117
96854 96852 613
97045 96852 243
95706 95648 1867
97306 97308 708
97329 97308 347
97433 102324 1052
102325 102324 753
103095 103094 1245
97046 97038 836
97042 97074 1231
97065 97075 1434
102349 97075 1214
102991 97076 1067
97067 97137 1146
97136 97137 1254
97145 97137 1559
97150 97151 279
97193 97194 190
97147 97148 80
97200 97199 2282
97202 97201 1283
99620 99627 1544
99620 99639 2371
99632 99627 276
99632 99631 1027
99637 99627 373
99633 99631 2171
97229 97233 765
97234 97233 1248
99695 99682 1259
99698 99682 2791
99818 99821 118
99970 99973 1707
99972 99973 1216
102794 99973 1069
99816 99822 3178
99841 99822 612
99960 99961 1267
99963 99961 905
99991 99856 2718
99991 99995 905
99995 99991 905
99995 99997 2780
100000 100501 2718
100503 100502 1636
100512 100437 3011
100512 100439 1182
100512 100506 1613
100438 100437 1120
100438 100439 4524
100439 100438 4524
100439 100512 1182
100439 100514 2881
100524 100514 2587
100521 100528 7521
100529 100528 2575
100572 100571 1235
100572 100573 873
102372 100571 1761
100573 100572 873
100573 100574 2113
100575 100574 1456
100576 100574 1074
101838 101837 2380
102497 101837 3295
100590 100595 2014
102373 100595 6674
100394 100395 788
100606 100414 199
100606 100605 882
100559 100565 2029
100560 100565 2065
102786 100565 5596
101530 101511 688
101530 101532 1629
101537 101532 222
101538 101539 1636
101538 101540 906
101547 101540 984
101443 101473 1816
101476 101473 796
101477 101473 1124
101481 101511 1380
101529 101511 924
101539 101518 344
101539 101538 1636
101539 101541 808
103018 101961 199
92290 92144 683
103025 92144 715
101044 101045 374
101044 101046 667
101045 101044 374
101045 101046 374
101414 101413 3360
101414 101415 3404
101416 101415 953
101408 101413 2887
101419 101418 918
103085 101418 1334
121802 121801 1111
121802 121803 1124
121826 121801 1536
121826 121825 1124
121828 121823 421
121828 121825 927
121828 121829 1161
101327 101336 2337
101337 101336 1035
101319 101344 4633
101343 101344 789
101321 101345 3356
101346 101345 2028
101302 101374 6257
101302 101521 1086
101367 101374 1141
92141 92140 302
103027 92140 376
103028 92140 215
103026 92210 342
92218 92217 419
92219 92217 464
101261 101275 1104
101276 101275 673
101277 101275 810
101277 101293 418
101293 101277 418
101293 101294 3702
101520 101294 677
91991 91990 339
91991 101515 713
91990 91991 339
91990 101516 3048
101518 101516 1120
101518 101539 344
101292 101519 202
101299 101521 1896
117873 117874 2113
117873 117875 2758
100923 100924 3194
117687 117676 3516
118329 117676 3834
121723 117678 1201
121723 121724 2023
117682 117683 3646
118332 117683 3980
117768 117788 2054
117808 117796 5317
117636 117634 791
117797 117634 4834
117797 117793 452
117793 117797 452
117793 117798 843
117857 117856 2555
117886 117889 1537
117890 117889 344
117897 117896 556
121960 121963 1336
121962 121963 630
119512 119513 84
121738 121739 2671
122106 121739 2278
132509 121739 395
121731 121724 2568
121731 121733 1269
121731 121768 2057
121768 121731 2057
121768 121733 1161
117700 121785 1334
122171 121785 2641
121789 121787 871
121789 121790 1394
121790 121789 1394
121790 122234 1004
122262 122261 537
121665 122043 1723
130697 122043 1289
122045 122044 1430
122045 122046 1300
122045 122047 1447
122046 121987 976
122046 122044 1874
122046 122045 1300
122049 121987 1395
122049 122047 1897
122049 122048 1948
121977 121978 948
121983 121978 1009
122048 121988 1942
122048 121988 1942
122048 122049 1948
121804 121812 1017
121830 121829 1114
121830 121831 766
121792 121791 610
121792 121795 2115
121795 121792 2115
121795 121797 928
121823 121828 421
121823 121839 1436
121829 121828 1161
121829 121830 1114
121829 121840 1688
118262 118265 1346
124228 124227 751
124228 124234 2552
132486 124227 743
132489 124227 419
124234 124228 2552
124234 124229 928
124240 124239 2552
124240 124243 976
124240 124246 789
124244 124239 170
124243 124240 976
124243 124242 2486
124248 124249 2421
124248 124279 837
118304 118303 1192
118313 118303 1473
118031 118038 1187
118372 118344 687
118387 118344 1097
117878 117874 452
118167 118169 650
118255 118254 537
118085 118131 1010
118138 118132 140
118137 118136 558
124246 124240 789
124246 124249 789
124290 124288 1147
124290 124291 1023
124293 124292 672
124293 124294 1866
124293 124295 404
124295 124293 404
124295 124405 2284
124295 124407 791
124406 124405 697
124406 124407 1813
124406 124416 1838
124416 124406 1838
124416 124418 811
124419 124418 1276
124419 124420 739
124420 124415 2413
124420 124419 739
124420 124422 889
124452 124445 713
124446 124422 673
124446 124447 948
124451 124447 613
124422 124420 889
124422 124446 673
124422 124449 460
124294 124293 1866
124294 124313 1821
124315 124313 1029
124315 124427 3094
124427 124315 3094
124427 124428 948
124427 124430 1699
124429 124430 1276
124429 124438 1892
124438 124429 1892
124438 124436 1229
124505 124506 848
124538 124507 1001
124545 124539 2650
124545 124546 538
124546 124545 538
124546 124547 337
124548 124547 477
124548 124549 276
124683 124561 418
124683 124684 613
124683 124689 2754
124692 124686 2043
124700 124698 789
124700 124701 891
124704 124705 1679
124719 124705 848
120186 120167 2770
120186 120191 366
120186 132321 109
132321 120186 109
132321 120191 359
132327 120194 354
120258 120242 2184
120271 120242 650
120162 120166 956
120167 120166 3656
120167 120186 2770
120168 120166 477
124570 124565 4908
124570 124573 1726
132471 124573 1751
124576 124575 1582
124576 124575 1582
124564 124560 2093
120211 120212 1285
120214 120212 1786
120225 120251 2152
120253 120251 2570
120198 120243 279
120295 120252 1651
120296 120252 1341
66959 66969 253
67064 67063 908
67064 76593 255
67064 77721 1075
76593 67047 783
76593 67064 255
66952 66957 455
78802 66957 407
66983 66980 1161
66984 66980 1818
66951 77731 1195
66951 77732 885
77732 66951 885
77732 77731 1336
60398 60462 1515
60467 60466 2209
77046 60466 2782
66828 66833 837
66828 66833 837
67004 66999 446
76677 66999 1142
60529 60528 824
60530 60528 1032
60530 60532 1764
76984 60568 390
76984 76985 1494
76985 60568 1592
76985 76984 1494
60531 60537 1358
60534 60537 905
60541 60537 4041
60541 60599 1536
60582 60538 1834
60599 60541 1536
60599 60585 2233
60599 60600 1638
66892 66888 778
77613 66888 85
66890 66898 1871
66900 66898 893
66910 66898 5470
70708 70711 1182
70716 70711 796
70716 70715 1284
70715 70713 747
70715 70716 1284
70715 70717 929
66913 66916 507
70701 70703 852
70713 70703 475
70713 70715 747
70695 64548 1114
70691 70694 540
64457 64458 1180
64495 64477 1780
64496 64477 1392
64484 64494 675
64501 64500 2911
64501 64506 3849
64532 64546 768
64533 64547 674
64534 64547 1620
64500 64501 2911
64500 64502 674
64600 64598 1696
64631 64601 3308
64631 64634 1011
64639 64640 1891
64639 64641 885
64639 64645 955
64619 64624 162
64619 64625 3744
64654 64641 679
64629 64651 809
64689 64651 893
64673 64675 852
64688 64675 1669
64679 64684 337
64682 64683 977
64682 64685 1738
64694 64685 1183
64694 64692 1525
64692 64694 1525
64692 64732 602
64738 64736 1633
64738 64745 1301
64738 64747 1697
64746 64745 712
64691 64686 1947
64691 64687 1111
64691 64705 1633
64696 64697 556
64696 64733 1014
64762 64723 830
63480 63478 782
63480 63494 1104
63478 63480 782
63478 63498 2376
63496 63498 889
64681 64699 284
64683 64682 977
64683 64686 554
64683 64699 1086
63490 63493 1475
63492 63493 1124
64687 64686 2186
64687 64691 1111
64223 64226 769
64227 64226 2229
64187 64186 1612
78826 78173 3769
78825 73149 1221
73152 73151 924
77898 74797 276
77898 74798 2287
74873 74872 279
74873 74874 512
74914 74875 1960
74914 74911 1212
74923 74911 611
74923 74912 2975
72366 72367 1950
74909 72367 885
74909 74933 85
74934 74912 848
74932 74931 542
74867 74866 279
74867 74868 512
74050 74058 1104
74062 74058 672
74101 74104 554
74105 74104 1467
74109 74110 277
74118 74175 1456
74176 74175 820
74179 74177 1268
74180 74177 667
74876 74877 812
74876 74881 812
74880 74877 2323
74880 74968 277
74967 74879 476
74967 74969 789
74968 74879 437
74968 74880 277
74869 74868 1892
74874 74868 1762
74874 74873 512
74874 74875 838
74913 74875 885
74913 74881 1817
74925 74875 2350
74882 74881 1024
74970 74969 929
75015 74966 384
76661 74976 413
76663 74976 429
74467 74466 324
74479 74483 803
74462 74492 4130
74534 74545 3121
74546 74545 667
74546 74553 4886
74220 75016 2454
75070 75016 754
75070 75072 1619
75072 75070 1619
75072 75073 611
75077 75073 956
75078 75073 1227
75083 75073 1821
75088 75087 1336
75090 75087 581
76120 76033 2492
76255 76250 796
87252 76251 1953
87252 87212 956
76212 76220 942
76216 76220 1445
76227 76226 1336
76235 76226 2369
76108 76229 222
76222 76229 635
76236 76239 968
78474 76239 623
87212 76240 2361
87212 87252 956
74772 74771 3319
74772 74773 3282
75035 75029 1417
74765 74761 1336
74767 74762 875
74771 74770 530
74771 74772 3319
74985 74983 942
74987 74988 1162
75026 74988 650
78278 78277 626
78279 78277 865
78745 78291 2121
78745 78291 2121
74712 74722 810
74213 74216 12371
74559 74576 2111
74573 74576 1214
74584 74583 740
74622 74586 782
74623 74586 650
74623 74588 2095
75440 74588 3054
75297 75294 1151
75297 75298 1191
75298 75294 808
75298 75297 1191
75298 75300 1283
75302 75300 3385
74549 74550 4151
74499 74590 632
600
117675
117795
117635
117639
117799
117859
117860
117888
121965
121746
121732
121783
122015
122222
122224
122236
122238
122240
122263
121997
121998
121980
121986
121813
121832
121794
121799
121853
121888
121842
121841
121847
121863
118264
124115
124230
124238
118011
118041
118060
118343
117876
118182
118251
118130
124280
124284
124287
124398
124401
124403
124404
124413
124414
124444
123541
124443
123544
124448
124408
124423
124424
124431
124439
124477
124537
124540
124550
124551
124552
124682
124556
124699
124706
120183
120192
120241
120169
120180
124574
124685
124687
124562
124566
124690
120215
120244
120248
120250
67044
67045
67065
66981
66956
77728
60468
60569
77043
66998
60539
60567
60540
60584
60603
66886
66887
66889
66899
70718
70723
70726
70728
70722
70724
66921
67322
67324
67327
70714
70697
77087
70693
70700
70741
64459
64470
64510
64549
64503
64632
64644
64656
64646
64623
64647
64655
64652
64676
64730
64742
64707
64719
64734
64737
64722
63499
64698
63495
64700
64228
64240
64185
70831
73147
73150
74792
74794
74871
74894
74908
74910
74905
57731
74851
74059
73236
74102
74167
74861
74862
74860
74870
74864
74963
74973
74978
74980
74975
74473
74484
74547
75069
75080
76032
76238
76224
76237
75019
75021
74766
74768
74984
75032
77311
77310
78288
74723
74727
74748
74577
74582
74585
75293
75295
74592
74597
74600
74610
74608
74609
74746
74745
74715
170964
171740
171746
171778
171783
171878
171892
171891
171888
171930
171929
171932
171931
170967
95863
96192
96210
96209
96290
96787
96819
96827
96832
96852
95648
97308
102324
103094
97038
97074
97075
97076
97137
97151
97194
97148
97199
97201
99627
99631
97233
99639
99682
99821
99973
99822
99961
99856
99997
100501
100502
100506
100437
100514
100528
100571
100574
101837
100595
100395
100605
100414
100565
101532
101540
101473
101511
101541
101961
92144
101046
101415
101413
101418
121801
121825
101336
101344
101345
101374
92140
92210
92217
101275
101294
101515
101516
101519
101521
117875
100924
117676
74590
74591
74599
74611
74738
74734
74730
74759
170966
171725
171739
171741
171766
171779
171784
171889
171911
171898
171893
171933
171934
171984
171943
171935
95857
96181
96191
96211
96212
96218
96291
96292
96786
96820
96830
96838
96854
97045
97306
97433
97046
97042
97065
97067
97136
97145
97150
97193
97147
97200
97202
99620
99637
99633
97229
97234
99695
99698
99818
99970
99972
102794
99816
99960
99963
99991
99995
100000
100503
100512
100439
100524
100521
100529
100573
100576
100590
102373
100559
100560
102786
101530
101537
101538
101443
101476
101477
101481
101529
101044
101045
101414
101408
101419
121802
121826
101327
101337
101319
101343
101321
101346
101302
101367
101261
101276
101277
91991
101518
101292
101299
117873
100923
117687
121723
117682
117768
117793
117886
117890
117897
121960
121962
119512
121738
121768
117700
122171
121789
121790
121665
121977
121983
121804
121830
121792
121795
121823
118262
124234
124244
124243
124248
118031
118167
118255
118085
118138
118137
124246
124290
124406
124416
124419
124446
124294
124315
124427
124429
124438
124505
124538
124545
124546
124548
124700
124704
124719
120186
132321
120258
120162
120167
124570
132471
124576
124564
120211
120225
120253
120198
120296
66959
66952
78802
66983
66984
66951
77732
60398
60467
77046
66828
67004
60530
76984
60531
60534
60541
66892
77613
66890
66900
70708
70716
66913
70701
70713
70695
70691
64457
64495
64496
64484
64501
64532
64533
64534
64500
64600
64631
64639
64619
64629
64689
64673
64688
64679
64682
64694
64692
64696
63480
63478
63496
64681
63490
63492
64687
64223
64227
64187
74923
74909
74934
74932
74050
74062
74101
74109
74118
74179
74876
74880
74913
74882
74970
74479
74462
74534
74546
74220
75070
75072
75077
75078
75083
75090
76120
76255
87252
76212
76216
76227
76235
76108
76222
76236
87212
74772
74771
78279
78745
74712
74213
74559
74573
74584
74622
74623
75440
75297
75302
74549
74499
