570
153155 153162 1444
153184 153183 4642
153184 153203 196
153184 153410 5246
153194 153195 296
153194 153197 1507
153198 153197 667
153198 153199 232
153498 155808 1284
153498 155809 673
153483 153480 436
153483 153484 1737
153483 155808 1880
153414 153413 1139
153414 153422 374
153420 153421 738
153420 155812 1308
155809 153498 673
155809 155811 2284
155809 155812 810
173031 173032 1455
173031 173033 4007
173031 173043 404
173043 173031 404
173043 173042 2216
173526 173525 203
173538 173537 756
173110 173098 452
173543 173542 672
173156 173134 2520
173156 173695 708
173157 173136 1188
173157 173549 1416
173677 173678 113
173677 186093 500
173697 173695 1349
173697 173698 672
173679 173678 766
173679 173699 1565
173708 173692 452
173708 173706 583
173709 173703 840
173709 173704 1455
173176 173173 4322
173176 173202 4977
173201 173200 4167
173201 173202 937
173205 173206 4558
173049 173048 2363
173049 185990 229
173115 173120 1738
173115 173199 2237
173172 173173 5719
173172 177743 3009
174758 173213 2644
174758 174756 877
174829 174849 2666
174829 174862 1962
174850 174851 2189
174850 174911 967
185702 173214 425
185702 185768 363
152922 152923 4132
152922 155501 782
153130 153129 2620
153130 155502 1117
153114 153118 1161
153114 153131 1009
153121 153119 1104
153121 153122 697
153121 153127 373
153117 153118 1380
153126 153120 2819
153126 155498 277
153068 153067 1682
153068 172640 630
153060 153061 810
153060 153087 537
153078 153077 1902
153078 153084 612
155476 155477 279
155476 155531 738
155534 155533 873
155534 155546 403
156240 156223 600
156257 156223 1852
156257 156260 1431
176172 176173 1263
176172 176260 2095
176547 176259 2048
176547 176546 924
176547 176584 344
176540 176550 3481
176546 176547 924
176546 176548 1716
176537 176538 1114
176537 176551 2361
176197 176194 1435
176197 176198 672
176527 176196 673
176527 176526 2559
156260 156257 1431
156260 156264 713
156271 156263 1100
156271 156272 2903
176536 176533 1010
176528 176526 1022
176528 176566 1206
176159 176158 2151
176159 176160 713
176183 176180 1189
176183 176184 952
155661 155662 674
155661 155713 1889
156242 156241 1111
156242 156286 2019
156061 156059 1344
156061 156292 1763
156286 156241 1532
156286 156242 2019
152923 152922 4132
152923 155562 778
155566 155562 3621
156340 156339 709
156340 156352 3898
156334 156300 511
156334 156345 3454
156334 156360 782
156336 156338 1352
156336 156359 778
156336 156361 766
156267 156266 576
156279 156268 562
156279 156278 2887
156277 156231 337
156277 156282 1780
156284 156285 924
156284 156285 924
156318 156317 688
156318 156323 1866
156324 156323 713
156324 156332 630
156299 156300 713
156299 156348 906
156414 156411 2377
156414 156420 790
156411 156410 842
156411 156414 2377
156330 156329 568
156056 156048 2024
156056 156309 3565
156056 156539 1357
156289 156287 1779
156289 156288 1763
156305 156304 355
156305 156603 848
156355 156353 1432
156355 156548 3335
156352 156340 3898
156352 156356 849
156566 156310 505
156566 156604 418
156602 156601 517
156602 156603 1085
156608 156623 924
155542 155543 1260
155542 155559 1124
155542 155588 884
155587 155567 758
177151 177149 1344
177134 177136 558
177139 177141 757
177139 177454 3912
177154 177153 1551
177154 177500 782
177054 177053 905
177054 177131 1687
177055 177053 1436
177055 177056 222
177236 177053 889
177236 177244 279
177240 177239 952
177240 177249 842
177244 177236 279
177131 177054 1687
177289 177316 984
177230 177231 1483
177272 177316 1181
177316 177272 1181
177316 177289 984
176218 176229 1733
176229 176218 1733
176229 176230 789
176230 176229 789
177231 177230 1483
176855 176860 2022
176860 176855 2022
174911 174850 967
211487 211486 710
211194 211195 1448
211195 211194 1448
211205 211203 346
211209 211281 802
211281 211209 802
211486 211487 710
212526 212544 1980
164612 164611 872
164611 164612 872
212544 212526 1980
94472 94474 4182
94474 94472 4182
107431 108518 610
108518 107431 610
191905 191640 730
191635 191752 1137
191640 191905 730
191752 191635 1137
114086 114264 2078
114264 114086 2078
109536 109537 2347
109537 109536 2347
109940 109947 1916
109947 109940 1916
110982 110984 750
110984 110982 750
111063 111062 946
111062 111063 946
111510 111517 782
111517 111510 782
111603 111604 905
111608 111607 378
111607 111608 378
111604 111603 905
111431 111430 1700
111430 111431 1700
104132 104151 418
104151 104132 418
39164 39165 905
39165 39164 905
104479 104478 750
104501 104491 1393
104478 104479 750
104491 104501 1393
37286 37288 1152
37288 37286 1152
55194 55193 1546
55194 56324 3180
56324 55194 3180
40780 40782 1188
40780 40784 2882
40782 40780 1188
40784 40780 2882
47708 47702 1188
48455 48437 459
47702 47704 1161
47702 47708 1188
47704 47702 1161
47716 48359 1086
48359 47716 1086
48437 48455 459
48495 48520 1064
48519 48565 924
48565 48519 924
48520 48495 1064
48125 48129 2318
48129 48125 2318
48197 48199 2447
48199 48197 2447
48266 48276 893
48276 48266 893
131359 131360 885
131360 131359 885
131468 131439 2036
131439 131468 2036
131467 131500 985
131500 131467 985
131739 131756 378
131756 131739 378
131768 131769 595
131769 131768 595
54545 53888 3340
53888 54545 3340
54455 54458 2363
54563 54572 2227
54572 54563 2227
54572 54609 789
54609 54572 789
54636 54647 1438
54458 54455 2363
54705 54713 879
54713 54705 879
54647 54636 1438
55193 55194 1546
150533 150536 1758
150536 150533 1758
140523 140509 856
140509 140523 856
141959 141978 2291
141978 141959 2291
143265 143264 237
142136 142137 699
142137 142136 699
142110 142644 3254
142644 142110 3254
142689 142682 791
142682 142681 960
142682 142689 791
142645 142598 1195
142681 142682 960
142004 143259 1511
143259 142004 1511
143264 143265 237
142597 142619 1167
142598 142645 1195
142619 142597 1167
144515 144549 1242
204466 204467 1934
204467 204466 1934
204774 204775 1811
204775 204774 1811
144549 144515 1242
145047 145058 645
145058 145047 645
145679 145683 851
145683 145679 851
145685 145697 482
145697 145685 482
145900 145856 832
145902 145898 719
145898 145896 751
145898 145902 719
145896 145898 751
145856 145900 832
145934 145935 1472
145935 145934 1472
145947 145948 1778
203846 203845 1045
203845 203846 1045
145948 145947 1778
197579 197641 747
197641 197579 747
208788 211125 839
211125 208788 839
211203 211205 346
167229 167228 1080
167249 167248 337
167248 167249 337
167616 166813 677
166813 167616 677
167228 167229 1080
152487 152488 1890
152488 152487 1890
182343 182303 724
182303 182343 724
152973 152972 201
152723 152722 5041
152722 152723 5041
152975 152977 1938
152977 152975 1938
152972 152973 201
153413 153414 1139
153162 153155 1444
153183 153184 4642
153203 153184 196
153410 153184 5246
153195 153194 296
153197 153194 1507
153197 153198 667
153199 153198 232
155808 153483 1880
155808 153498 1284
153480 153483 436
153484 153483 1737
153422 153414 374
153421 153420 738
155812 153420 1308
155812 155809 810
155811 155809 2284
173032 173031 1455
173033 173031 4007
173042 173043 2216
173525 173526 203
173537 173538 756
173537 173542 688
173098 173110 452
173542 173537 688
173542 173543 672
173134 173156 2520
173695 173156 708
173695 173697 1349
173136 173157 1188
173549 173157 1416
173678 173677 113
173678 173679 766
186093 173677 500
173698 173697 672
173699 173679 1565
173692 173708 452
173706 173704 716
173706 173708 583
173703 173709 840
173704 173706 716
173704 173709 1455
173173 173172 5719
173173 173176 4322
173202 173176 4977
173202 173201 937
173200 173201 4167
173206 173205 4558
173048 173049 2363
185990 173049 229
173120 173115 1738
173199 173115 2237
177743 173172 3009
173213 173214 1766
173213 174758 2644
174756 174758 877
174849 174829 2666
174862 174829 1962
174851 174850 2189
173214 173213 1766
173214 185702 425
185768 185702 363
155501 152922 782
153129 153130 2620
155502 153130 1117
153118 153114 1161
153118 153117 1380
153118 153119 1023
153131 153114 1009
153119 153118 1023
153119 153120 738
153119 153121 1104
153122 153121 697
153127 153121 373
153120 153084 1009
153120 153119 738
153120 153126 2819
155498 153087 797
155498 153126 277
153067 153068 1682
172640 153068 630
153061 153060 810
153087 153060 537
153087 155498 797
153077 153078 1902
153084 153078 612
153084 153120 1009
155477 155476 279
155531 155476 738
155533 155534 873
155546 155534 403
156223 156240 600
156223 156257 1852
176173 176172 1263
176173 176260 940
176260 176172 2095
176260 176173 940
176260 176259 610
176259 176260 610
176259 176547 2048
176584 176547 344
176550 176540 3481
176550 176551 562
176548 176546 1716
176538 176194 435
176538 176537 1114
176551 176537 2361
176551 176550 562
176194 176197 1435
176194 176538 435
176198 176197 672
176196 176527 673
176526 176527 2559
176526 176528 1022
156264 156260 713
156264 156266 713
156263 156271 1100
156272 156266 933
156272 156271 2903
156272 156317 445
176533 176536 1010
176533 176566 418
176566 176528 1206
176566 176533 418
176158 176159 2151
176158 176184 1446
176160 176159 713
176180 176183 1189
176184 176158 1446
176184 176183 952
155662 155661 674
155713 155661 1889
156241 156242 1111
156241 156286 1532
156059 156061 1344
156292 156061 1763
155562 152923 778
155562 155566 3621
156339 156338 842
156339 156340 709
156339 156356 3802
156300 156299 713
156300 156334 511
156345 156334 3454
156360 156334 782
156360 156361 2483
156338 156336 1352
156338 156339 842
156359 156336 778
156361 156336 766
156361 156360 2483
156266 156264 713
156266 156267 576
156266 156272 933
156268 156279 562
156278 156279 2887
156231 156277 337
156282 156277 1780
156285 156284 924
156285 156284 924
156317 156272 445
156317 156318 688
156323 156318 1866
156323 156324 713
156332 156324 630
156332 156329 889
156348 156299 906
156420 156414 790
156410 156411 842
156329 156330 568
156329 156332 889
156048 156056 2024
156309 156056 3565
156309 156310 674
156539 156056 1357
156287 156288 890
156287 156289 1779
156288 156287 890
156288 156289 1763
156304 156305 355
156603 156305 848
156603 156602 1085
156353 156355 1432
156548 156355 3335
156548 156601 337
156356 156339 3802
156356 156352 849
156310 156309 674
156310 156566 505
156604 156566 418
156601 156548 337
156601 156602 517
156623 156608 924
155543 155542 1260
155559 155542 1124
155588 155542 884
155567 155587 758
177149 177151 1344
177136 177134 558
177141 177139 757
177454 177139 3912
177153 177154 1551
177500 177154 782
177053 177054 905
177053 177055 1436
177053 177236 889
177056 177055 222
177239 177240 952
177249 177240 842
975
153155
153184
153194
153198
153498
153483
153414
153420
155809
173031
173043
173526
173538
173110
173543
173156
173157
173677
173697
173679
173708
173709
173176
173201
173205
173049
173115
173172
174758
174829
174850
185702
152922
153130
153114
153121
153117
153126
153068
153060
153078
155476
155534
156240
156257
176172
176547
176540
176546
176537
176197
176527
156260
156271
176536
176528
176159
176183
155661
156242
156061
156286
152923
155566
156340
156334
156336
156267
156279
156277
156284
156318
156324
156299
156414
156411
156330
156056
156289
156305
156355
156352
156566
156602
156608
155542
155587
177151
177134
177139
177154
177054
177055
177236
177240
177244
177251
177131
177280
177289
177230
177262
177266
177274
177272
177316
176234
177279
177285
176243
176165
176218
176229
176230
177231
176855
176860
174911
176718
174898
176764
176845
174955
176716
176812
165113
165429
167335
165372
165373
165369
165278
167331
167354
167366
167388
167390
167391
167297
167302
165179
165528
165532
165537
165156
165183
165194
165360
165383
165384
165464
167480
165451
172693
165188
165190
165415
164775
164767
164665
164764
164769
164794
164781
211372
211487
211488
211498
208762
208780
211139
211194
211197
211195
211149
215016
211182
211205
211208
211209
211281
211284
211480
211486
211516
212269
212287
212272
212293
212296
212289
212290
212474
212521
212526
160141
164612
164861
164865
164611
212544
212292
212480
114308
114325
116159
113984
114173
114210
114028
114033
119213
119270
119282
119280
119297
118568
119129
119140
119378
119156
114866
114867
114863
102932
91987
92038
92044
92050
102191
92117
94376
94378
103230
101789
92244
92257
94457
94472
95903
94479
94480
94471
94474
115826
92341
92410
92436
92324
92439
92496
116054
107072
107111
107100
93188
94120
107070
107107
107207
107226
107216
108495
107431
108508
108518
107534
109221
109225
109227
109231
109245
109485
92968
93064
103123
93013
93042
93061
93062
93058
92779
92781
92600
92839
115793
115820
115836
115858
190864
192017
191545
193924
190889
191672
191683
191905
191706
191039
191738
194038
191759
191761
191633
191635
191640
191752
192712
192700
192703
192803
114075
114100
114106
114086
114251
114264
109468
109257
113903
109430
109653
103272
103274
109380
109536
109537
109561
109383
109963
109935
109944
109926
109940
111038
111041
110147
109947
111047
110982
110984
110987
111053
111063
111062
111061
111057
111079
110152
111243
111247
111253
111277
111284
111288
111297
111310
111352
111363
103365
111490
111510
111517
111610
111603
111608
111607
111612
111604
111453
111409
111410
111431
111436
111430
112482
112625
104132
104099
104105
104094
104151
104163
104106
103979
104103
112828
112873
112618
112628
112739
112742
112752
104356
104124
104204
104348
104399
104449
104450
39301
39309
39508
39174
104233
104237
104724
104723
39063
104768
104770
104231
104776
104209
104279
104388
104788
104290
104781
50298
39164
39143
39165
39148
104373
104383
104846
104474
104479
104496
104501
104913
104599
104478
104489
104491
104499
39356
39283
39300
39311
37258
37273
37277
39366
37270
39393
37251
39347
37286
37283
37288
39403
50257
38419
40219
50412
40221
40273
40304
40307
40290
40294
40282
40266
40327
40376
40381
40418
40431
40435
40428
40744
40820
40741
40746
40806
40795
55194
56324
56357
40780
40782
40784
41607
41603
41612
47681
47708
48455
48457
50379
48463
48468
48475
48536
47702
47704
47706
47716
48359
50377
48437
48495
48501
48821
48560
48561
48519
48565
48520
48825
48125
48129
48131
48858
48181
48223
48193
48197
48199
49584
48266
48267
48276
48279
131358
131359
131360
131468
49586
131439
131454
131484
131457
131467
131500
131505
131513
131592
131683
131684
131737
131738
131739
131756
131768
131785
131845
131769
131849
131866
131867
131856
131855
54545
53888
50739
54454
54455
54563
54572
54609
54634
54636
54639
56331
54458
54476
54480
54703
54705
54713
54724
51148
51300
54647
53878
53881
53899
53943
53958
56731
53951
53964
53970
53973
55193
51905
52444
144547
150493
150533
150536
150483
150486
150696
150736
140287
140302
141817
150744
140394
140450
140459
140475
141884
141891
141904
140523
141941
141944
140509
140528
141945
141959
141978
141994
142005
143265
143268
143420
143464
143466
142120
142136
142658
142137
143483
142127
142655
142663
142110
142644
142651
142675
142689
142682
142084
142638
142645
142668
142681
142004
142007
143259
143264
142597
142598
142619
142620
142627
142747
142748
142759
142784
142792
144788
144797
144796
144803
144515
144818
204466
204467
204550
204566
204598
204599
203853
204774
204775
204786
204810
204830
204883
204886
204889
204878
204877
204900
204904
144549
144834
144843
144845
144851
145047
145058
145134
145148
145155
145525
145531
145536
145552
144131
145644
145679
145683
145685
145697
145700
145705
145900
145902
145898
145896
145903
145920
145889
145911
145923
145856
145934
145935
145944
145947
146090
203846
204546
203845
145948
145958
145959
145955
145963
151597
146093
146095
204444
204458
204448
204450
197579
197641
214401
208755
208761
214482
208705
208759
195834
208756
208770
208775
208788
211125
208777
211159
211163
211185
211203
211160
211366
211374
167351
167358
167362
167560
167582
167567
152559
152567
152573
152597
152577
152581
152591
162525
167267
152468
152553
152571
167229
167249
167248
167259
167580
167628
167629
166818
166821
167616
166799
166813
166739
167053
167060
167066
168416
167040
167228
167121
152443
152487
152454
152488
180117
177680
179650
179655
180115
179660
179662
180096
180144
180147
180165
180123
182069
179708
182086
179883
179887
179984
179873
179983
182343
182303
152390
152966
152973
152696
152702
152651
152652
152723
152717
152728
152722
152740
152975
152977
152964
152998
153106
152377
152972
152502
152693
152515
155795
155797
155968
155994
156004
155689
155982
155977
155979
155745
155759
155763
153413
153162
153183
153203
153410
153195
153197
153199
155808
153480
153484
153422
153421
155812
155811
173032
173033
173042
173525
173537
173098
173542
173134
173695
173136
173678
173698
173699
173692
173703
173704
173173
173202
173200
173206
173048
185990
173120
173199
173213
174756
174849
174862
174851
185768
155501
153129
155502
153131
155498
153067
153061
153087
153077
153084
155531
155533
155546
156223
176173
176259
176550
176548
176538
176551
176194
176196
176526
156264
156263
176533
176566
176158
176180
176184
155662
155713
156241
156059
156292
155562
156345
156360
156338
156359
156361
156268
156278
156231
156282
156285
156317
156323
156332
156348
156420
156410
156329
156048
156309
156539
156287
156353
156548
156356
156310
156604
156601
156623
155543
155559
155567
177149
177136
177141
177454
177153
177500
177053
177239
177249
