1892
15159 15160 536
15435 15437 825
15438 15164 511
15440 15168 787
15444 15465 1574
15444 15466 2690
15463 15485 2468
15493 15495 516
15493 15497 628
15498 15497 680
15689 15690 1651
15689 15691 871
15690 15662 750
15690 15689 1651
15690 15692 671
15687 15686 1392
15705 15709 292
15659 15661 1686
15675 15669 2216
15675 15676 1622
15672 15670 1196
15672 15673 1123
15676 15669 1774
15676 15675 1622
15510 15499 981
15564 15496 983
15564 15568 2510
15578 15580 550
15578 15581 1013
15581 15578 1013
15581 15664 436
234239 234240 1222
14773 14774 976
14773 15692 1125
16114 16115 981
16114 16116 1343
16104 16093 2623
16104 16116 2042
16090 16091 1303
16090 16098 1357
16099 16097 610
16099 16098 403
19587 19558 949
19587 19589 475
19598 19595 667
19598 19608 839
19765 19764 675
19765 19767 2085
19767 19757 787
19767 19765 2085
19767 19769 2347
19769 19761 1530
19769 19767 2347
19853 19762 1495
19872 19868 707
19872 19876 713
19926 19921 950
19926 19925 681
19926 19934 1797
19944 19957 2480
21513 21515 344
19962 19957 1531
19962 21547 333
21547 19962 333
21547 21548 782
21551 21552 930
21551 21554 1375
21551 21555 1279
21560 21561 672
21560 21562 2146
21562 21560 2146
21562 21564 688
21572 21555 1527
21572 21569 610
21573 21574 551
21573 21577 1031
20159 20146 1689
20162 20161 1175
20162 20164 1085
20138 20113 950
20138 20139 788
20138 20141 818
20144 20141 3151
20144 20146 950
20113 20114 869
20113 20115 924
20113 20138 950
20133 20115 3263
20133 20132 924
20175 20132 1656
20175 20191 859
20192 20177 1376
20192 20190 889
20192 20196 964
21875 20195 672
21875 21877 903
20017 20016 1472
20135 20136 950
20135 20137 1031
20149 20148 1124
20149 20153 1114
20156 20154 1964
20156 20160 1866
20164 20162 1085
20164 20165 708
20078 20080 1196
20084 20082 1410
20234 20080 1970
20230 20080 903
20230 20236 778
19513 19512 403
20038 20021 1234
20038 20037 826
20059 20044 1160
20261 20257 1072
20261 20260 1254
20261 20270 889
20274 20271 557
20274 20275 1025
20275 20274 1025
20275 20298 847
20260 20258 1072
20260 20259 1306
20260 20261 1254
20263 20259 1341
20263 21101 1254
21104 21101 1007
21104 21103 1305
21104 21107 835
21107 21104 835
21107 21106 1066
21163 21164 354
20954 20952 1293
20954 20957 1408
20975 20969 1007
20970 20955 1072
20970 20969 1114
20970 20971 1114
20974 20971 1007
20974 21109 1066
21110 21109 1145
21110 21112 1114
21112 21108 1072
21112 21110 1114
21120 21128 604
20908 20616 1876
20915 20909 1345
20915 20918 950
20915 20943 2008
20939 20921 737
20939 20940 1066
20941 20940 4156
20941 20984 1408
20941 20985 2138
20984 20941 1408
20984 20986 1695
21039 21038 336
21041 21038 737
21046 21045 1209
21046 21047 2305
21063 21048 950
21085 21082 201
21085 21087 847
21097 21096 847
21083 21048 1884
21083 21081 950
21099 21096 1032
21099 21100 238
25871 25863 840
25871 25867 1565
25871 25869 1014
25876 25867 435
21347 21343 672
21361 21359 951
25874 25873 764
25881 25869 681
25872 25845 1115
25872 25868 1268
25907 25906 1385
25907 25909 1979
25911 25909 1627
25911 25915 2016
25894 25893 346
25894 25918 1594
27802 27803 1933
27802 28056 753
27814 25920 1577
27814 27907 796
27920 27917 1676
27920 27932 1398
27920 27933 1079
27933 27920 1079
27933 27936 796
27957 27934 899
27957 27955 818
27987 28002 872
21094 21092 344
21334 21080 275
21320 21080 2585
21320 21312 1629
21320 21319 826
21323 21326 418
21323 21327 806
21342 21327 1416
28009 28003 951
28013 28012 750
28013 28027 750
28027 28013 750
28027 28024 1140
28039 28590 4032
28121 27788 3513
51086 51085 1394
51072 51038 1009
51072 51075 1022
51072 51076 1501
56744 51078 2778
56744 56746 1741
56663 51123 4626
56663 56748 4568
56751 56752 1198
51547 51540 1555
51547 51544 475
51549 51550 3569
51596 51573 279
51596 51599 797
51597 51604 238
51611 51605 650
51611 51610 474
51618 51603 751
51618 51619 557
51618 51620 677
51642 51616 1022
51642 51620 878
51646 51648 1672
51646 51651 751
51646 52598 304
51651 51646 751
51651 51649 1769
51656 51649 751
51656 52599 1906
52608 52600 1342
52616 52610 751
52616 52619 238
50612 50611 3498
50612 50621 1344
52601 52599 751
52601 52602 983
52602 52600 581
52602 52601 983
50631 50611 1027
50631 50634 1120
50633 50642 2230
187585 187586 787
187585 189426 1464
189425 189426 838
189438 189440 803
189438 189443 1501
189441 189443 834
189441 189446 2222
189444 189446 787
189444 189450 2236
189451 189450 802
189434 189435 1094
189427 189426 1656
189427 189430 813
189427 189436 1480
189455 187034 4891
190533 187190 344
190533 190665 82
190533 190751 131
197277 197433 464
197277 197435 867
197280 197281 1620
197280 197282 1803
214908 197457 442
188987 190835 778
189394 189395 648
189394 190839 746
190833 190839 1029
189004 189003 4148
189004 190818 1012
190843 190841 689
190843 190842 231
187565 187538 1927
187565 187584 804
187523 187373 1243
187523 187392 327
187522 187392 2669
187522 187521 826
187522 187524 2743
187525 187524 769
187525 187538 767
187373 187372 386
187373 187374 544
187373 187392 1218
187373 187523 1243
190814 190709 684
187538 187525 767
187538 187540 830
187538 187565 1927
52589 51768 3602
52589 52591 7507
52589 56589 419
190615 190611 164
190615 190709 1232
190615 190813 1189
189678 189677 1415
189678 189679 844
190608 190610 1351
190499 190503 786
197990 197992 1630
197990 197998 3000
197990 198001 882
197334 197333 841
197334 197335 2301
197337 197335 797
197337 197339 2102
197333 197326 2218
197333 197334 841
197340 197339 758
197340 197353 1579
197354 197353 840
197354 197357 671
197354 197358 1734
197356 197357 1636
197356 197397 670
197399 197397 751
197399 197398 1670
197399 197400 876
197412 197396 1901
197412 197413 2044
197412 197415 927
197396 197412 1901
197396 197674 947
197672 197674 1265
197682 197674 942
197682 197687 1953
197688 197687 759
197688 197689 1993
197688 197690 805
197690 197688 805
197690 197691 1993
197690 197693 686
197698 197693 1944
197698 197699 805
197699 197698 805
197699 197700 1944
197707 197702 820
197707 197705 2048
197707 197710 790
197702 197700 742
197702 197703 2039
197702 197707 820
197740 197737 2070
197710 197707 790
197710 197709 1943
197710 197737 892
197884 197885 745
197884 198010 2727
198009 197995 2763
198009 198010 955
197993 197994 1011
197993 197995 931
197992 197990 1630
197992 197994 814
197892 197939 3296
197892 197947 805
197893 197949 705
197893 197950 939
197749 197742 2044
197749 197751 902
197750 197751 3132
197750 197914 805
197910 197914 3013
197910 197922 792
197911 197912 2602
197911 197922 756
197911 197923 1041
197912 197911 2602
197912 197913 898
197939 197892 3296
197939 197913 1944
197939 197944 805
197738 197737 842
197738 197742 761
197738 197743 1988
197886 197885 690
197886 197887 419
197890 197887 792
197890 197888 943
197890 197895 956
197894 198080 1061
197894 198081 1549
198790 199999 581
199477 215106 4006
202857 202318 1224
202857 202856 852
202859 202856 1734
202859 202858 962
202861 202321 2880
202861 202868 598
199553 202967 2160
214958 214957 191
203039 203040 1619
203039 203041 697
203043 203040 893
203043 203063 1590
203061 203063 809
203061 203066 679
203061 203069 1710
203065 203064 1065
203065 203066 522
205207 205201 710
205207 205209 1153
205253 205256 927
205253 205268 905
205261 205255 1684
205261 205262 289
205262 205261 289
205262 205263 417
205265 205267 1408
205265 205392 1630
205393 205392 801
205393 205398 702
205383 205387 1751
205388 205387 603
205388 205400 277
205389 205390 737
205389 205401 1682
205391 205390 764
205391 205403 1078
205391 205406 1165
205395 205406 730
205395 205409 479
205408 205398 805
205408 205413 837
205408 205416 613
200416 200430 2130
200416 200440 797
200427 200429 2565
200427 200430 838
200428 200429 684
200428 200434 748
200428 200438 2910
200432 200434 896
200433 200434 163
200433 200435 213
200390 200391 1576
200390 200392 707
200390 200436 2171
200391 200390 1576
200391 205387 417
199092 199327 2182
214333 214332 1219
214897 199085 336
214897 214338 996
214897 215095 233
214346 214345 168
214346 214356 492
200440 200416 797
200440 200441 2001
200446 200441 777
200446 200448 2549
200452 200448 683
200452 200454 2902
200452 200821 838
200819 200821 2557
200819 200825 663
200820 200825 1685
200820 200826 797
200824 200823 1449
200824 200826 337
200824 200829 869
199698 199697 185
200823 200824 1449
200823 200836 866
200883 200845 766
200883 200881 1009
200881 200843 774
200881 200883 1009
200848 200844 883
200848 200845 1455
200848 200853 449
200853 200847 838
200853 200848 449
200853 200854 2684
200856 200854 765
200856 200893 2336
200897 200893 845
206090 206091 775
206095 206096 439
206095 206097 2034
206275 206277 1413
206276 206097 986
206276 206277 715
206276 206283 2034
206285 206277 710
206285 206287 2003
206298 206287 624
206298 206301 2136
206304 206301 841
206304 206326 1781
206357 206379 745
206357 206388 679
206326 206304 1781
206326 206325 884
206326 206387 1765
206386 206387 802
206386 206389 834
206386 206391 1916
206388 206357 679
206388 206379 490
206388 206389 1803
206378 206379 1530
206378 206383 1616
206382 206383 844
206385 206384 986
206385 208835 1973
208817 208819 825
208817 208835 834
208817 208837 2002
208819 208817 825
208819 208838 2106
208852 194881 1983
208852 208838 834
194880 194845 381
194880 194881 867
208890 208891 780
208890 208892 796
208890 208893 1903
208891 208874 834
208891 208890 780
208891 208895 1852
194846 194845 196
194846 194908 186
194846 208896 799
208874 208875 784
208874 208891 834
208874 208894 1886
208878 208879 715
208878 208883 1874
208873 208883 986
208873 208884 2027
208875 208874 784
208875 208884 818
208875 208907 1869
201483 208882 1874
208879 208878 715
208879 208882 796
208879 208886 1796
208880 208968 901
208880 208969 1207
208881 208882 969
208881 208970 1873
208881 208971 710
201589 201591 883
201590 208974 786
208967 208968 1227
208967 208974 1188
201599 201591 1142
201599 201600 744
201639 209050 955
201639 209053 1741
201639 209671 1027
201787 201788 881
201795 201792 884
201795 201796 1421
201848 201841 742
201848 201845 406
201950 201948 891
201950 201954 606
201950 201966 1683
201954 201950 606
201954 201969 1611
198896 202014 2735
198896 202018 568
198896 202023 777
201975 201972 867
201975 201978 1237
201963 209745 147
201978 201975 1237
201978 201979 433
202018 198896 568
202018 201994 327
202018 202019 1661
209682 209059 1350
209682 209681 1130
209684 209060 215
209701 209685 416
209701 209698 451
214886 209683 173
209738 209736 796
209738 209741 2266
209705 209699 733
209705 209706 1662
209709 209706 779
209709 209736 751
209709 209739 2239
209678 209677 2701
209678 209683 411
209680 209679 714
209693 209692 336
209746 201986 799
209746 209851 1868
209852 201977 1990
209852 209851 795
209855 209856 651
209855 209861 2658
209868 205426 465
209868 209854 2308
209868 209870 1168
201800 201713 943
201800 201804 864
201807 201809 780
201807 201811 1957
201807 201816 773
201815 201814 797
201815 201816 1380
194793 194794 2809
201809 201807 780
201809 201810 2397
193827 193816 9110
193827 193826 1535
194101 193388 7843
224992 234117 23108
224993 224994 4560
235330 224998 881
193791 193792 2046
193791 193981 2406
193896 193895 4648
193896 193898 2456
193793 193803 1400
193806 193805 4141
193783 193782 4012
192360 192359 1493
192360 192359 1493
193717 193716 1156
193722 193723 357
193722 193724 6304
193749 193734 450
193749 193747 887
193787 194071 292
29617 29702 8384
29688 29687 2854
29688 34087 897
29694 29693 872
29694 29695 588
29718 29716 1644
29718 34576 171
29932 29939 589
29932 29941 345
29964 29942 481
29972 29819 12555
29972 30062 994
30133 30171 1253
30192 30191 390
30064 29769 2238
30064 29770 3641
30203 30202 1312
32017 32020 1354
32017 32021 1116
32017 32022 2274
32021 32017 1116
32021 32018 1858
32036 32019 260
32036 32037 2416
32040 32037 486
32043 32045 1127
32046 31368 1236
32046 31369 1874
32046 32045 1391
32053 32056 930
32053 32064 1122
32084 32066 1067
32084 32066 1067
32088 32087 484
32088 32089 3236
32130 32129 846
32130 32132 1883
6962 6961 1341
6962 6963 3204
32147 32146 339
6963 6962 3204
6963 6964 422
32196 32166 615
32196 32197 1404
32205 32204 579
32205 34046 906
32213 27660 661
6990 6993 559
6990 32220 583
6992 7002 894
6992 7006 1978
32168 32150 1614
32168 32193 1164
7414 7411 434
34660 7001 1525
34660 34662 2028
7449 7451 1324
7449 7454 1387
7465 7464 954
7465 7466 1426
7496 7463 1022
7496 7466 1015
7463 7453 3485
7463 7496 1022
7463 7498 1939
7498 7463 1939
7498 7533 1315
7537 7533 243
7537 7534 2264
7542 7535 1079
14759 7535 2143
14759 14757 1036
14759 14770 979
14785 14776 949
14828 14829 966
14828 14832 1005
14829 14828 966
14829 14831 842
14912 14910 949
14934 14936 1234
14934 14937 3053
14935 14946 889
14935 14946 889
14936 14934 1234
14936 14942 950
15160 15159 536
15160 15161 937
15437 15435 825
15164 15161 2527
15164 15438 511
15168 15166 763
15168 15440 787
15465 15444 1574
15466 15444 2690
15466 15533 2704
15466 15534 580
15485 15463 2468
15495 15493 516
15495 15496 2113
15497 15493 628
15497 15498 680
15497 15499 2085
15691 15689 871
15662 15663 1071
15662 15690 750
15662 15715 4235
15692 14773 1125
15692 15690 671
15686 15684 764
15686 15687 1392
15709 15705 292
15709 19116 6409
15661 15659 1686
15661 15668 796
15661 15669 763
15669 15661 763
15669 15675 2216
15669 15676 1774
15670 15668 825
15670 15671 781
15670 15672 1196
15673 15671 1431
15673 15672 1123
15673 15679 503
15499 15496 628
15499 15497 2085
15499 15510 981
15496 15495 2113
15496 15499 628
15496 15564 983
15568 15563 1272
15568 15564 2510
15568 15567 1302
15568 15579 1892
15580 15578 550
15580 15579 535
15580 34970 606
15664 15581 436
15664 15668 624
234240 225403 5188
234240 234239 1222
14774 14773 976
14774 35243 821
14774 35243 821
16115 16114 981
16116 16093 750
16116 16104 2042
16116 16114 1343
16093 16094 2448
16093 16097 1376
16093 16104 2623
16093 16116 750
16091 16090 1303
16098 16087 1565
16098 16090 1357
16098 16099 403
16097 16093 1376
16097 16096 788
16097 16099 610
19558 19557 903
19558 19587 949
19558 19588 344
19589 19587 475
19595 19593 1178
19595 19598 667
19595 19599 1225
19595 19600 1141
19608 19598 839
19764 19755 787
19764 19757 2242
19764 19765 675
19757 19756 707
19757 19764 2242
19757 19766 1004
19757 19767 787
19761 19760 750
19761 19762 1014
19761 19763 1531
19761 19769 1530
19762 19761 1014
19762 19852 713
19762 19853 1495
19868 19869 903
19868 19872 707
19868 19874 610
19876 19872 713
19876 19877 1663
19921 19922 1610
19921 19926 950
19921 19936 788
19921 19937 551
19925 19923 676
19925 19926 681
19925 19933 1873
19934 19926 1797
19957 19944 2480
19957 19949 2279
19957 19960 1085
19957 19962 1531
21515 21513 344
21548 19961 982
21548 21547 782
21548 21552 1014
21552 19965 1292
21552 21548 1014
21552 21551 930
21554 19965 1032
21554 20186 2476
21554 21551 1375
21554 21556 1222
21555 21551 1279
21555 21566 1504
21555 21571 580
21555 21572 1527
21561 21560 672
21561 21563 778
21561 21564 2064
21564 21561 2064
21564 21562 688
21564 21565 818
21569 21568 924
21569 21570 788
21569 21572 610
21574 21556 809
21574 21571 473
21574 21573 551
21574 34118 165
21577 21573 1031
21577 21883 1767
21577 21884 707
20146 20143 3142
20146 20144 950
20146 20147 610
20146 20159 1689
20161 20147 884
20161 20160 1611
20161 20162 1175
20139 20138 788
20141 20138 818
20141 20143 713
20141 20144 3151
20114 20113 869
20114 20115 1279
20115 20111 818
20115 20113 924
20115 20114 1279
20115 20133 3263
20132 20111 3231
20132 20131 950
20132 20133 924
20132 20175 1656
20191 20175 859
20191 20177 859
20177 20134 1495
20177 20176 782
20177 20191 859
20177 20192 1376
20190 20176 1257
20190 20188 782
20190 20192 889
20190 20194 788
20196 20192 964
20196 20195 612
20195 20196 612
20195 21874 796
20195 21875 672
21877 21875 903
21877 21876 1663
21877 21896 475
20016 20005 1016
20016 20014 985
20016 20017 1472
20136 20135 950
20136 20145 610
20136 20148 452
20137 20135 1031
20148 20136 452
20148 20149 1124
20148 20150 551
20153 20149 1114
20153 20154 688
20153 20160 1222
20154 20153 688
20154 20155 536
20154 20156 1964
20160 20153 1222
20160 20156 1866
20160 20161 1611
20165 20164 708
20080 20078 1196
20080 20230 903
20080 20234 1970
20082 20081 1663
20082 20081 1663
20082 20084 1410
20236 20230 778
19512 19494 168
19512 19505 336
19512 19510 452
19512 19513 403
20021 20005 4685
20021 20038 1234
20037 20034 1375
20037 20035 1151
20037 20038 826
20044 20043 938
20044 20046 713
20044 20047 1474
20044 20059 1160
20257 20253 938
20257 20258 1254
20257 20261 1072
20257 20262 473
20270 20261 889
20270 20271 708
20271 20270 708
20271 20274 557
20298 20275 847
20258 20102 1007
20258 20104 1205
20258 20257 1254
20258 20260 1072
20259 20104 947
20259 20106 1066
20259 20260 1306
20259 20263 1341
21101 20106 1282
21101 20263 1254
21101 20965 1167
21101 21104 1007
21103 20965 1007
21103 21102 1114
21103 21104 1305
21103 21106 938
21106 21103 938
21106 21107 1066
21106 21108 1160
21164 21163 354
20952 20948 1268
20952 20954 1293
20952 20955 1880
20957 20954 1408
20957 20955 1167
20957 20969 1139
20969 20957 1139
20969 20970 1114
20969 20975 1007
20955 20952 1880
20955 20957 1167
20955 20968 1205
20955 20970 1072
20971 20968 1145
20971 20970 1114
20971 20972 1205
20971 20974 1007
21109 20972 1008
21109 20974 1066
21109 21108 1028
21109 21110 1145
21108 21102 1072
21108 21106 1160
21108 21109 1028
21108 21112 1072
21128 21120 604
20616 20615 2616
20616 20620 750
20616 20905 950
20616 20908 1876
20909 20905 1945
20909 20915 1345
20918 20915 950
20918 20916 1675
20918 20916 1675
20943 20915 2008
20921 20620 2367
20921 20939 737
20940 20928 373
20940 20939 1066
20940 20941 4156
20985 20941 2138
20985 20945 1337
20985 20986 1257
20985 21010 2510
20986 20984 1695
20986 20985 1257
20986 21011 2902
21038 21039 336
21038 21040 2103
21038 21041 737
21045 21044 2305
21045 21046 1209
21047 21043 818
21047 21044 1209
21047 21046 2305
21047 21048 1408
21048 21047 1408
21048 21063 950
21048 21073 747
21048 21083 1884
21082 21072 2014
21082 21081 847
21082 21085 201
21087 21078 2272
21087 21085 847
21096 21092 344
21096 21097 847
21096 21099 1032
21081 21073 2010
21081 21082 847
21081 21083 950
21100 21099 238
25863 25862 242
25863 25871 840
25867 21358 588
25867 25871 1565
25867 25876 435
25869 25860 932
25869 25871 1014
25869 25873 1809
25869 25881 681
21343 21332 1014
21343 21347 672
21343 21348 1014
21359 21348 796
21359 21360 420
21359 21361 951
21359 25875 563
25873 25869 1809
25873 25874 764
25845 25846 2163
25845 25872 1115
25868 25860 1935
25868 25872 1268
25906 25898 435
25906 25907 1385
25909 25907 1979
25909 25911 1627
25915 25911 2016
25915 25916 1222
25915 25989 1684
25893 25894 346
25893 25900 2925
25893 25917 2185
25918 25894 1594
25918 25904 950
25918 25923 1262
27803 27802 1933
28056 27802 753
25920 25921 2798
25920 27813 1008
25920 27814 1577
27907 27813 809
27907 27814 796
27917 27920 1676
27932 27920 1398
27932 27934 1153
27936 27933 796
27934 27932 1153
27934 27957 899
27955 27957 818
28002 27987 872
21092 21094 344
21092 21096 344
21080 21078 1560
21080 21320 2585
21080 21334 275
21312 21320 1629
21312 21326 422
21319 21320 826
21326 21312 422
21326 21323 418
21327 21323 806
21327 21342 1416
28003 28009 951
28012 28013 750
28024 28027 1140
28590 28039 4032
27788 28121 3513
51085 51086 1394
51038 51072 1009
51075 51072 1022
51076 51072 1501
51076 51078 1345
51078 51076 1345
51078 56744 2778
56746 56744 1741
51123 56663 4626
56748 56663 4568
56752 56751 1198
51540 51547 1555
51544 51547 475
51550 51549 3569
51573 51596 279
51599 51596 797
51604 51597 238
51604 51605 1274
51605 51604 1274
51605 51611 650
51610 51603 1205
51610 51611 474
51603 51610 1205
51603 51618 751
51619 51618 557
51620 51618 677
51620 51642 878
51616 51642 1022
51648 51646 1672
51648 51649 806
52598 51646 304
51649 51648 806
51649 51651 1769
51649 51656 751
52599 51656 1906
52599 52601 751
52600 52602 581
52600 52608 1342
52610 52616 751
52619 52616 238
50611 50612 3498
50611 50631 1027
50611 50634 697
50621 50612 1344
50634 50611 697
50634 50631 1120
50642 50633 2230
187586 187584 3068
187586 187585 787
189426 187585 1464
189426 189425 838
189426 189427 1656
189440 189435 796
189440 189438 803
189443 189438 1501
189443 189441 834
189446 189441 2222
189446 189444 787
189450 189444 2236
189450 189451 802
189435 189434 1094
189435 189436 885
189435 189440 796
189430 189427 813
189436 189427 1480
189436 189435 885
187034 189455 4891
187190 190533 344
190665 190533 82
190751 190533 131
197433 197277 464
197435 197277 867
197281 197280 1620
197282 197280 1803
197457 214908 442
190835 188987 778
189395 189394 648
190839 189394 746
190839 190833 1029
189003 189004 4148
190818 189004 1012
190818 190842 978
190841 190843 689
190842 190818 978
190842 190843 231
187584 187540 1698
187584 187565 804
187584 187586 3068
187392 187373 1218
187392 187522 2669
187392 187523 327
187521 187522 826
187524 187522 2743
187524 187525 769
187524 187540 972
187372 187373 386
187372 187374 219
187374 187372 219
187374 187373 544
187374 190709 259
190709 187374 259
190709 190615 1232
190709 190813 401
190709 190814 684
187540 187524 972
187540 187538 830
187540 187584 1698
51768 52589 3602
52591 52589 7507
56589 52589 419
190611 190610 482
190611 190615 164
190813 190615 1189
190813 190709 401
189677 189678 1415
189679 189678 844
190610 190608 1351
190610 190611 482
190503 190499 786
197998 197990 3000
198001 197990 882
198001 197994 1693
197335 197326 882
197335 197334 2301
197335 197337 797
197339 197337 2102
197339 197340 758
197326 197333 2218
197326 197335 882
197353 197340 1579
197353 197354 840
197357 197354 671
197357 197356 1636
197358 197354 1734
197397 197356 670
197397 197399 751
197398 197399 1670
197400 197399 876
197413 197412 2044
197415 197412 927
197415 197674 2043
197415 197687 1079
197674 197396 947
197674 197415 2043
197674 197672 1265
197674 197682 942
197687 197415 1079
197687 197682 1953
197687 197688 759
197689 197688 1993
197689 197691 805
197691 197689 805
197691 197690 1993
197693 197690 686
197693 197698 1944
197693 197700 805
197700 197693 805
197700 197699 1944
197700 197702 742
197705 197703 805
197705 197707 2048
197705 197709 751
197703 197702 2039
197703 197705 805
197737 197710 892
197737 197738 842
197737 197740 2070
197709 197705 751
197709 197710 1943
197885 197884 745
197885 197886 690
197885 197887 549
197885 197888 894
198010 197884 2727
198010 198009 955
197995 197993 931
197995 198009 2763
197994 197992 814
197994 197993 1011
197994 198001 1693
197947 197892 805
197947 197944 3296
197947 197949 1496
197949 197893 705
197949 197947 1496
197950 197893 939
197742 197738 761
197742 197749 2044
197751 197749 902
197751 197750 3132
197914 197750 805
197914 197910 3013
197922 197910 792
197922 197911 756
197922 197923 698
197923 197911 1041
197923 197913 3413
197923 197922 698
197913 197912 898
197913 197923 3413
197913 197939 1944
197944 197939 805
197944 197947 3296
197743 197738 1988
197887 197885 549
197887 197886 419
197887 197890 792
197888 197885 894
197888 197890 943
197895 197890 956
198080 197894 1061
198081 197894 1549
199999 198790 581
215106 199477 4006
202318 202321 860
202318 202857 1224
202856 202857 852
202856 202859 1734
202858 202859 962
202321 202318 860
202321 202861 2880
202868 202861 598
202967 199553 2160
214957 214958 191
203040 203039 1619
203040 203043 893
203041 203039 697
203063 203043 1590
203063 203061 809
203066 203061 679
203066 203065 522
203069 203061 1710
203064 203065 1065
205201 205207 710
205209 205207 1153
205256 205253 927
205256 205255 706
205256 205263 1684
205268 205253 905
205255 205256 706
205255 205261 1684
205263 205256 1684
205263 205262 417
205267 205265 1408
205392 205265 1630
205392 205393 801
205398 205393 702
205398 205408 805
205387 200391 417
205387 205383 1751
205387 205388 603
205400 205388 277
205400 205401 684
205390 205389 737
205390 205391 764
205401 205389 1682
205401 205400 684
205403 205391 1078
205406 205391 1165
205406 205395 730
205409 205395 479
205413 205408 837
205416 205408 613
200430 200416 2130
200430 200427 838
200430 200441 771
200429 200427 2565
200429 200428 684
200434 200428 748
200434 200432 896
200434 200433 163
200434 200435 221
200438 200428 2910
200435 200433 213
200435 200434 221
200435 200436 681
200392 200390 707
200436 200390 2171
200436 200435 681
199327 199092 2182
214332 214333 1219
214332 215095 1647
199085 214338 863
199085 214897 336
214338 199085 863
214338 214897 996
215095 214332 1647
215095 214897 233
214345 214346 168
214356 214346 492
200441 200430 771
200441 200440 2001
200441 200446 777
200448 200446 2549
200448 200452 683
200454 200452 2902
200821 200452 838
200821 200819 2557
200825 200819 663
200825 200820 1685
200826 200820 797
200826 200824 337
200826 200829 779
200829 200824 869
200829 200826 779
200829 200836 1793
199697 199698 185
200836 200823 866
200836 200829 1793
200845 200843 1119
200845 200848 1455
200845 200883 766
200843 200845 1119
200843 200881 774
200844 200847 893
200844 200848 883
200847 200844 893
200847 200853 838
200854 200853 2684
200854 200856 765
200893 200856 2336
200893 200897 845
206091 206090 775
206091 206096 2024
206096 206091 2024
206096 206095 439
206097 206095 2034
206097 206276 986
206277 206275 1413
206277 206276 715
206277 206285 710
206283 206276 2034
206287 206285 2003
206287 206298 624
206301 206298 2136
206301 206304 841
206301 206325 1632
206379 206357 745
206379 206378 1530
206379 206388 490
206325 206301 1632
206325 206326 884
206387 206326 1765
206387 206386 802
206389 206386 834
206389 206388 1803
206391 206386 1916
206383 206378 1616
206383 206382 844
206383 206384 1038
206384 206383 1038
206384 206385 986
208835 206385 1973
208835 208817 834
208837 208817 2002
208837 208838 784
208838 208819 2106
208838 208837 784
208838 208852 834
194881 194880 867
194881 208852 1983
194845 194846 196
194845 194880 381
208892 208890 796
208893 208890 1903
208893 208895 796
208895 208891 1852
208895 208893 796
208895 208894 820
194908 194846 186
208896 194846 799
208894 208874 1886
208894 208895 820
208894 208907 790
208883 208873 986
208883 208878 1874
208883 208886 825
208884 208873 2027
208884 208875 818
208907 208875 1869
208907 208894 790
208882 201483 1874
208882 208879 796
208882 208881 969
208886 208879 1796
208886 208883 825
208968 208880 901
208968 208967 1227
208969 208880 1207
208969 208971 286
208970 208881 1873
208971 208881 710
208971 208969 286
201591 201589 883
201591 201599 1142
208974 201590 786
208974 208967 1188
201600 201599 744
209050 201639 955
209053 201639 1741
209671 201639 1027
209671 201788 773
201788 201787 881
201788 209671 773
201792 201795 884
201796 201795 1421
201841 201848 742
201845 201848 406
201948 201950 891
201966 201950 1683
201966 201969 573
201969 201954 1611
201969 201966 573
202014 198896 2735
202023 198896 777
201972 201975 867
209745 201963 147
201979 201978 433
201994 202018 327
202019 202018 1661
209059 209682 1350
209681 209682 1130
209681 209683 386
209060 209684 215
209685 209701 416
209698 209699 779
209698 209701 451
209683 209678 411
209683 209681 386
209683 214886 173
209736 209709 751
209736 209738 796
209741 209738 2266
209699 209698 779
209699 209705 733
209706 209705 1662
209706 209709 779
209739 209709 2239
209677 209678 2701
209677 209679 866
209679 209677 866
209679 209680 714
209692 209693 336
201986 209746 799
209851 209746 1868
209851 209852 795
201977 209852 1990
201977 209861 883
209856 209855 651
209861 201977 883
209861 209855 2658
205426 209868 465
209854 209868 2308
209870 209868 1168
201713 201800 943
201804 201800 864
201811 201807 1957
201811 201810 802
201816 201807 773
201816 201815 1380
201814 201815 797
194794 194793 2809
194794 201810 623
201810 194794 623
201810 201809 2397
201810 201811 802
193816 193827 9110
193826 193827 1535
193388 194101 7843
234117 224992 23108
224994 224993 4560
224998 235330 881
193792 193791 2046
193981 193791 2406
193895 193896 4648
193898 193896 2456
193803 193793 1400
193805 193806 4141
193782 193783 4012
192359 192360 1493
192359 192360 1493
193716 193717 1156
193723 193722 357
193724 193722 6304
193734 193749 450
193747 193749 887
194071 193787 292
29702 29617 8384
29687 29688 2854
34087 29688 897
29693 29694 872
29695 29694 588
29716 29718 1644
34576 29718 171
29939 29932 589
29941 29932 345
29941 29942 512
29942 29941 512
29942 29964 481
29819 29972 12555
30062 29972 994
30171 30133 1253
30171 30191 449
30191 30171 449
30191 30192 390
29769 29770 1404
29769 30064 2238
29770 29769 1404
29770 30064 3641
30202 30203 1312
32020 32017 1354
32020 32018 912
32022 32017 2274
32018 32020 912
32018 32021 1858
32019 32036 260
32037 32036 2416
32037 32040 486
32045 32043 1127
32045 32046 1391
31368 32046 1236
31369 32046 1874
32056 32053 930
32064 32053 1122
32064 32066 388
32066 32064 388
32066 32084 1067
32066 32084 1067
32087 32088 484
32087 32129 1297
32089 32088 3236
32129 32087 1297
32129 32130 846
32132 32130 1883
6961 6962 1341
32146 32147 339
6964 6963 422
32166 32196 615
32166 34046 766
32197 32196 1404
32204 32205 579
34046 32166 766
34046 32205 906
27660 32213 661
6993 6990 559
6993 7001 972
6993 7002 2112
32220 6990 583
7002 6992 894
7002 6993 2112
7006 6992 1978
32150 32168 1614
32193 32168 1164
7411 7414 434
7001 6993 972
7001 34660 1525
34662 34660 2028
7451 7449 1324
7454 7449 1387
7454 7453 254
7464 7465 954
7466 7465 1426
7466 7496 1015
7453 7454 254
7453 7463 3485
7533 7498 1315
7533 7537 243
7534 7535 1055
7534 7537 2264
7534 14757 2163
7535 7534 1055
7535 7542 1079
7535 14759 2143
14757 7534 2163
14757 14759 1036
14770 14759 979
14776 14785 949
14832 14828 1005
14831 14829 842
14910 14912 949
14937 14934 3053
14946 14935 889
14946 14935 889
14942 14936 950
15161 15160 937
15161 15164 2527
15166 15168 763
15533 15466 2704
15534 15466 580
15663 15662 1071
15715 15662 4235
15684 15686 764
19116 15709 6409
15668 15661 796
15668 15664 624
15668 15670 825
15671 15670 781
15671 15673 1431
15679 15673 503
15563 15567 1139
15563 15568 1272
15567 15563 1139
15567 15568 1302
15579 15568 1892
15579 15580 535
34970 15580 606
225403 234240 5188
35243 14774 821
35243 14774 821
16094 16093 2448
16087 16098 1565
16096 16097 788
19557 19558 903
19588 19558 344
19593 19595 1178
19599 19595 1225
19600 19595 1141
19755 19756 2216
19755 19764 787
19756 19755 2216
19756 19757 707
19766 19757 1004
19760 19761 750
19763 19761 1531
19852 19762 713
19869 19868 903
19874 19868 610
19877 19876 1663
19922 19921 1610
19936 19921 788
19937 19921 551
19923 19925 676
19933 19925 1873
19949 19957 2279
19960 19957 1085
19960 19961 903
19961 19960 903
19961 21548 982
19965 21552 1292
19965 21554 1032
20186 21554 2476
21556 21554 1222
21556 21571 924
21556 21574 809
21566 21555 1504
21566 21563 889
21566 21568 1610
21571 21555 580
21571 21556 924
21571 21574 473
21563 21561 778
21563 21565 1818
21563 21566 889
21565 21563 1818
21565 21564 818
21565 21568 688
21568 21565 688
21568 21566 1610
21568 21569 924
21570 21569 788
34118 21574 165
21883 21577 1767
21884 21577 707
20143 20141 713
20143 20145 713
20143 20146 3142
20147 20145 3104
20147 20146 610
20147 20161 884
20111 20115 818
20111 20132 3231
20131 20132 950
20131 20134 818
20134 20131 818
20134 20177 1495
20176 20177 782
20176 20190 1257
20188 20190 782
20194 20190 788
21874 20195 796
21874 21876 1196
21876 21874 1196
21876 21877 1663
21896 21877 475
20005 20016 1016
20005 20021 4685
20014 20016 985
20145 20136 610
20145 20143 713
20145 20147 3104
20150 20148 551
20155 20154 536
20081 20082 1663
20081 20082 1663
19494 19512 168
19505 19512 336
19510 19512 452
20034 20037 1375
20035 20037 1151
20043 20044 938
20046 20044 713
20047 20044 1474
20253 20102 1306
20253 20257 938
20262 20257 473
20102 20253 1306
20102 20258 1007
20104 20258 1205
20104 20259 947
20106 20259 1066
20106 21101 1282
20965 21101 1167
20965 21103 1007
21102 20972 975
21102 21103 1114
21102 21108 1072
20948 20952 1268
20968 20955 1205
20968 20971 1145
20972 20971 1205
20972 21102 975
20972 21109 1008
20615 20616 2616
20620 20616 750
20620 20921 2367
20905 20616 950
20905 20909 1945
20916 20918 1675
20916 20918 1675
20928 20940 373
20945 20985 1337
21010 20985 2510
21010 21011 1543
21011 20986 2902
21011 21010 1543
21040 21038 2103
21044 21045 2305
21044 21047 1209
21043 21047 818
21043 21073 1273
21073 21043 1273
21073 21048 747
21073 21072 983
21073 21081 2010
21072 21073 983
21072 21082 2014
21078 21080 1560
21078 21087 2272
25862 25863 242
21358 25867 588
25860 25868 1935
25860 25869 932
21332 21343 1014
21348 21343 1014
21348 21359 796
21360 21359 420
25875 21359 563
25846 25845 2163
25898 25906 435
25916 25900 445
25916 25915 1222
25989 25915 1684
25900 25893 2925
25900 25916 445
25917 25893 2185
25904 25918 950
25904 25921 353
25923 25918 1262
25921 25904 353
25921 25920 2798
27813 25920 1008
27813 27907 809
777
15159
15435
15438
15440
15444
15463
15493
15498
15689
15690
15687
15705
15659
15675
15672
15676
15510
15564
15578
15581
234239
14773
16114
16104
16090
16099
19587
19598
19765
19767
19769
19853
19872
19926
19944
21513
19962
21547
21551
21560
21562
21572
21573
20159
20162
20138
20144
20113
20133
20175
20192
21875
20017
20135
20149
20156
20164
20078
20084
20234
20230
19513
20038
20059
20261
20274
20275
20260
20263
21104
21107
21163
20954
20975
20970
20974
21110
21112
21120
20908
20915
20939
20941
20984
21039
21041
21046
21063
21085
21097
21083
21099
25871
25876
21347
21361
25874
25881
25872
25907
25911
25894
27802
27814
27920
27933
27957
27987
21094
21334
21320
21323
21342
28009
28013
28027
28039
28121
51086
51072
56744
56663
56751
51547
51549
51596
51597
51611
51618
51642
51646
51651
51656
52608
52616
50612
52601
52602
50631
50633
187585
189425
189438
189441
189444
189451
189434
189427
189455
190533
197277
197280
214908
188987
189394
190833
189004
190843
187565
187523
187522
187525
187373
190814
187538
52589
190615
189678
190608
190499
197990
197334
197337
197333
197340
197354
197356
197399
197412
197396
197672
197682
197688
197690
197698
197699
197707
197702
197740
197710
197884
198009
197993
197992
197892
197893
197749
197750
197910
197911
197912
197939
197738
197886
197890
197894
198790
199477
202857
202859
202861
199553
214958
203039
203043
203061
203065
205207
205253
205261
205262
205265
205393
205383
205388
205389
205391
205395
205408
200416
200427
200428
200432
200433
200390
200391
199092
214333
214897
214346
200440
200446
200452
200819
200820
200824
199698
200823
200883
200881
200848
200853
200856
200897
206090
206095
206275
206276
206285
206298
206304
206357
206326
206386
206388
206378
206382
206385
208817
208819
208852
194880
208890
208891
194846
208874
208878
208873
208875
201483
208879
208880
208881
201589
201590
208967
201599
201639
201787
201795
201848
201950
201954
198896
201975
201963
201978
202018
209682
209684
209701
214886
209738
209705
209709
209678
209680
209693
209746
209852
209855
209868
201800
201807
201815
194793
201809
193827
194101
224992
224993
235330
193791
193896
193793
193806
193783
192360
193717
193722
193749
193787
29617
29688
29694
29718
29932
29964
29972
30133
30192
30064
30203
32017
32021
32036
32040
32043
32046
32053
32084
32088
32130
6962
32147
6963
32196
32205
32213
6990
6992
32168
7414
34660
7449
7465
7496
7463
7498
7537
7542
14759
14785
14828
14829
14912
14934
14935
14936
27907
27917
27932
27955
28002
21092
21080
21312
21319
21327
28003
28012
28024
28590
27788
51085
51038
51075
51078
51123
51540
51544
51573
51599
51604
51610
51603
51620
51616
51648
51649
52599
52600
52610
52619
50621
50634
50642
187586
189426
189440
189443
189446
189450
189435
189430
189436
187034
187190
190665
190751
197433
197435
197281
197282
197457
189395
190839
189003
190818
190841
190842
187584
187392
187521
187524
187372
187374
190709
187540
51768
52591
56589
190813
189677
189679
190610
190503
197998
198001
197335
197339
197326
197353
197357
197358
197397
197398
197400
197413
197415
197687
197689
197691
197693
197700
197705
197703
197737
197709
197885
198010
197995
197994
197947
197950
197742
197751
197914
197922
197923
197913
197944
197743
197888
197895
198080
198081
199999
215106
202318
202856
202858
202321
202868
202967
214957
203040
203041
203063
203066
203069
203064
205201
205209
205268
205263
205267
205392
205398
205400
205390
205401
205403
205406
205413
205416
200430
200429
200438
200392
200436
199327
214332
199085
214338
214345
214356
200441
200448
200454
200821
200825
200826
200829
200836
200845
200843
200844
200847
200854
200893
206091
206096
206097
206277
206283
206287
206301
206379
206325
206387
206389
206391
206384
208835
208837
208838
194881
208893
194908
208896
208883
208884
208907
208882
208886
208968
208969
208970
208971
201591
208974
201600
209050
209053
209671
201788
201792
201796
201841
201845
201948
201966
201969
202014
202023
201972
209745
201979
201994
202019
209059
209681
209060
209685
209698
209736
209741
209699
209706
209739
209677
209679
209692
201986
209851
201977
209856
209861
205426
209854
209870
201713
201804
201811
201816
201814
194794
193816
193388
234117
224994
224998
193792
193895
193803
193805
193782
192359
193716
193723
193724
193734
193747
194071
29687
34087
29693
29716
29939
29819
30062
30191
29769
29770
30202
32018
32019
32037
32045
31368
31369
32056
32064
32066
32087
32129
32132
6961
32146
32166
27660
32220
7002
32150
32193
7411
7001
7454
7464
7466
7453
7533
7534
14757
14770
14776
14832
14831
14910
14946
14942
15166
15533
15534
15715
15684
19116
15671
15563
15579
225403
16087
16096
19593
19599
19600
19755
19756
19766
19760
19852
19874
19877
19936
19923
19949
19960
19961
19965
20186
21556
21883
21884
20111
20131
20134
20176
20188
21874
21876
21896
20005
20014
20081
19494
19505
19510
20034
20035
20043
20046
20047
20253
20102
20104
20106
20965
21102
20948
20968
20972
20615
20620
20905
20916
20928
20945
21010
21011
21044
21043
21072
21078
25862
21358
25860
21332
21348
25846
25898
25916
25900
25917
25904
25921
27813
