1024
173899 173900 344
174342 174343 5837
174342 174345 4558
174365 174362 8448
174365 174388 3813
174392 174391 3353
174392 174397 425
174362 174361 1338
174362 174365 8448
174362 174386 951
174379 174381 1578
174379 174567 355
174379 174581 2113
174559 175169 1555
174559 175172 157
174576 174577 939
174576 175183 939
175094 175108 827
175075 175109 1006
174084 174276 782
174084 174284 4409
174270 174271 818
174117 174116 2883
174117 174120 2519
174119 174113 1299
174119 174272 1199
174192 174181 1355
174184 174183 610
174184 174185 1365
174197 174183 673
174179 174180 749
174179 174194 1109
183804 183803 836
183804 183805 1698
183831 183830 452
183831 183950 932
183863 183876 1615
183875 183876 796
183875 183884 1865
183882 183883 672
183882 183930 1365
183813 183930 672
183813 183931 766
183442 183446 1796
183449 183446 552
183449 183448 355
183872 183873 1234
183872 183890 1014
183872 183894 673
183887 183890 766
183895 183896 403
183895 183900 630
183874 183873 796
183874 183889 1267
183888 183885 766
183888 183889 782
183448 183449 355
183448 183898 937
183896 183895 403
183896 183897 2273
209558 209563 762
209558 209566 1410
209569 209567 870
209585 209575 1286
209585 209587 1430
209586 209587 833
209586 209590 825
209586 209591 1505
209590 209586 825
209590 209592 1533
209646 209592 796
209646 210868 1765
210872 210868 840
210872 210875 1654
210884 210875 716
210884 210887 1506
210890 210887 901
210890 210894 2488
211587 210894 901
211587 211589 2320
211592 211589 750
211592 211615 1796
211606 211629 852
211628 211631 526
211628 211633 254
211669 211675 1445
211669 211680 1287
211680 211669 1287
211680 211681 1032
211664 211685 964
211683 211681 1737
211683 211685 891
211683 211689 959
211635 211629 1482
211635 211691 622
211691 211635 622
211691 211636 1179
211691 211692 1430
211693 211692 556
211693 211694 679
211693 211695 827
211698 211685 1133
211698 211699 783
211698 211700 759
211668 211673 445
211668 211675 706
211673 211668 445
211673 211679 2320
211674 211679 787
211674 211842 1677
211827 211842 793
211827 211845 1604
162656 162657 630
162656 162664 1530
162669 162663 1530
162669 162664 790
162693 162663 710
162693 162699 1398
162700 162699 828
162700 162704 1268
162700 162705 517
162658 162657 1161
163320 163329 222
163322 172385 2466
163330 163329 139
163335 163336 581
163335 163349 590
163243 163244 344
163243 163245 1951
163243 163337 2201
163336 163335 581
163336 163337 796
163271 163343 590
163352 163354 793
163360 163359 771
163380 163381 738
163380 163392 810
163005 163002 404
163294 163295 782
163294 163303 1883
163302 163303 796
161338 161337 871
161338 162735 2322
162733 162734 2216
162733 162735 710
162732 162723 2666
162732 162734 710
162722 162723 710
211845 211827 1604
211845 211843 878
211885 211843 1624
211885 211851 824
211895 211851 1786
211895 211897 792
211900 211897 2372
211900 211907 1007
163926 163925 328
163926 163958 640
163959 163958 590
163959 163961 1891
198809 198595 735
198809 199734 423
198809 214261 240
199710 199734 352
199710 212004 271
212004 199710 271
212004 211935 867
212004 212001 1228
214258 211931 769
214258 211936 328
211908 211907 751
211908 211910 383
211906 211903 779
211906 211910 2034
211906 211923 1996
211924 211923 872
211924 211927 750
211924 211928 2027
211927 211924 750
211927 211929 255
211927 211930 2028
211929 211927 255
211929 211931 1448
179050 179049 2927
179050 179051 403
179050 179101 738
179101 179050 738
179101 179100 1161
179135 179047 796
179135 179100 2115
179123 179124 373
179123 179125 984
179067 179061 2378
179067 179070 1224
179068 179058 2672
179068 179059 836
179078 179057 1484
179078 179081 605
179082 179081 139
179149 179150 738
179149 179155 1780
179073 179074 939
179073 179075 1224
179073 179143 129
179074 178819 2367
179074 179073 939
179074 179143 913
179140 179141 421
179140 179150 1686
179151 179150 1146
179075 179071 1073
179075 179073 1224
179138 179046 1031
179235 179236 796
179235 179237 1034
179241 179239 765
179222 179046 1740
179222 179223 1210
179224 179223 1180
179224 179225 951
179225 179088 1029
179225 179224 951
179237 179087 2320
179237 179235 1034
114537 114692 2681
114537 114693 1119
114539 114540 679
114696 114540 893
114696 114699 586
114698 114699 1234
114698 115515 883
115275 115244 1099
115275 115278 847
115277 115243 1206
115277 115534 1729
115241 115242 2113
115241 115249 1608
115497 115472 1253
114816 115171 1951
115170 115169 4434
115289 115167 1349
115074 115073 1139
115074 115247 3919
115076 115077 2791
115076 115166 2881
115290 115291 1119
115290 115568 749
115293 115172 2803
115293 115294 433
115564 115567 1398
115570 115569 649
115570 115571 201
115572 115574 1011
115572 115583 511
115577 115576 3922
115577 115581 4667
115576 115577 3922
115576 115581 926
106326 106327 948
106326 106332 562
106330 106329 1291
106330 106384 275
106374 106375 402
106374 106376 238
106480 106481 1906
106480 106485 763
105206 105207 654
105206 105208 3861
32360 32362 869
32407 32362 873
32407 32408 327
32410 32411 2663
32410 32412 939
106583 106582 787
106583 106608 1979
106583 106634 1556
106599 106598 679
106554 106539 556
106554 106573 1012
113721 106592 671
113721 113722 1000
113721 113725 2262
106544 106513 419
106516 106515 319
193000 193002 817
193000 193007 602
193001 193002 1522
193001 193005 381
191859 192052 967
191859 192055 77
191859 192056 574
191804 191805 4561
191804 191924 5000
191811 191812 2785
191811 193977 2763
192878 192877 4408
192878 193936 950
192880 192879 296
192880 193975 1950
192903 192904 3483
192935 192934 1870
192944 192934 935
192931 192917 432
192931 192922 2126
192937 192922 401
192937 192951 673
192951 192923 1851
192951 192937 673
192951 192952 874
192955 192952 2208
192917 192912 401
192917 192931 432
192929 192934 978
192929 193845 890
193182 193183 670
193062 193063 1112
193062 193283 610
193283 193062 610
193283 193287 1082
193284 193286 671
193284 193287 670
193285 193286 909
193285 193288 1142
193053 193054 8408
192454 192455 3049
192576 192577 670
192281 192280 2337
192281 192467 1471
192264 192265 337
192264 192271 1310
192288 192533 1355
192293 192291 300
192535 192536 1150
191494 191495 270
191494 191496 494
192303 192052 1225
192303 192304 262
192250 192251 836
192197 192198 1462
192197 192207 1997
192488 192392 484
192488 194455 344
192490 193915 711
32699 32700 515
32705 32716 463
32706 32685 934
32642 32640 814
32642 32643 3713
32629 32628 3262
32629 32796 2189
32632 32628 2223
32632 32692 1243
32691 32801 2095
32695 32685 1713
32724 32726 669
32724 32730 139
32725 32726 732
32725 32726 732
32752 32757 1160
32752 32758 1146
32767 32766 1261
32767 35376 909
32786 32787 833
32786 32822 459
32786 32826 2220
32787 14321 577
32787 32786 833
33062 33063 761
33062 34939 568
32783 32759 1272
29537 29539 355
29537 29540 4013
29537 29556 1440
32418 32419 3419
32418 32428 1301
32444 32445 731
29540 29537 4013
29540 29577 2588
29571 29572 2750
29571 32449 4333
29576 29574 2518
29576 30743 3215
32453 34834 916
32453 34835 154
29589 29590 7617
29589 34402 721
29590 29589 7617
29590 34214 2120
32463 32482 3923
32463 32483 6685
32486 32487 244
32486 32487 244
32545 32544 7910
32545 32633 1111
32638 32634 2260
32638 32634 2260
32638 32641 1036
32638 32641 1036
32596 32600 1850
32596 32640 1437
32757 32752 1160
32757 32759 2725
32834 32835 2634
32834 33059 377
33063 33062 761
33063 33064 819
33070 33069 432
33070 34940 1074
107883 107884 1114
107883 107904 556
107902 107903 1383
107902 107913 1004
107878 107879 451
103509 103508 889
103509 103510 238
103509 107955 1873
105672 105673 252
105672 107953 1786
107912 107866 1007
108015 107994 373
108015 108029 667
108029 108015 667
107994 108015 373
107994 108018 763
108018 107994 763
108018 108017 846
108017 108018 846
111832 111972 763
111972 111832 763
33699 33700 2005
33700 33699 2005
33730 33747 1873
33747 33730 1873
33819 33762 826
33762 33819 826
33904 33913 1885
33913 33904 1885
17433 17434 598
17434 17433 598
18625 18636 1268
18636 18625 1268
18480 18483 1032
18483 18480 1032
26134 26143 1558
26143 26134 1558
19180 11216 1248
11216 19180 1248
29142 29146 709
29146 29142 709
29147 29150 806
29150 29147 806
29309 29308 3205
29308 29309 3205
29102 29364 884
29101 52937 1687
29364 29102 884
52937 29101 1687
52935 52934 1395
52958 52955 650
52955 52958 650
53024 53031 1258
53031 53024 1258
53035 53050 2418
53050 53035 2418
52934 52935 1395
54934 54935 871
54935 54934 871
54935 54939 253
54939 54935 253
55605 55632 1447
53505 53509 589
53509 53505 589
49727 49732 1565
49732 49727 1565
144307 144305 810
144307 144305 810
144305 144307 810
144305 144307 810
195540 196297 1756
196297 195540 1756
196288 196287 681
196287 196288 681
141329 141333 951
141333 141329 951
141116 141117 798
141119 141133 1395
141133 141119 1395
189846 189845 791
189845 189846 791
189932 189933 650
189933 189932 650
189946 189945 254
189945 189946 254
190345 190365 1387
190365 190345 1387
140037 140028 590
140037 140042 447
140042 140037 447
140028 140037 590
141442 140568 761
140568 141442 761
187266 187268 634
187268 187266 634
139915 139918 532
139918 139915 532
139967 139965 1827
139967 140034 330
140034 139967 330
139965 139967 1827
190422 190430 401
190430 190422 401
141117 141116 798
141145 141146 772
141146 141145 772
141098 141148 805
141148 141098 805
142140 141101 2098
142140 141731 1887
141709 141720 332
141713 141717 742
141713 141732 1284
141717 141713 742
141720 141709 332
141732 141713 1284
141732 141731 2032
141731 141732 2032
141731 142140 1887
141101 142140 2098
55632 55605 1447
56008 56007 2117
56007 56008 2117
56037 56043 1436
56043 56037 1436
56043 56145 600
56145 56043 600
189882 189830 860
189830 189882 860
196642 196651 677
196651 196642 677
202587 202589 756
202589 202587 756
204198 204200 809
203927 203946 640
204180 204183 346
204183 204180 346
203946 203927 640
204200 204198 809
204200 204202 844
204202 204200 844
204251 204233 882
204233 204251 882
207071 207073 833
207073 207071 833
207115 207116 745
207116 207115 745
196507 196508 978
196508 196507 978
206698 206697 955
206697 206698 955
206949 206964 603
206964 206949 603
209390 210623 395
210623 209390 395
209563 209558 762
163346 163329 1095
163183 163174 713
163174 163183 713
183444 183445 1701
183444 183446 766
183445 183444 1701
184894 184895 849
184895 184894 849
184936 184929 1226
184929 184936 1226
184767 184780 1144
184780 184767 1144
183460 182596 765
182596 183460 765
184085 184087 713
184087 184085 713
184089 184091 951
184091 184089 951
173900 173899 344
174343 174342 5837
174345 174342 4558
174388 174365 3813
174391 174392 3353
174397 174392 425
174361 174362 1338
174386 174362 951
174381 174379 1578
174567 174379 355
174581 174379 2113
175169 174559 1555
175172 174559 157
174577 174576 939
175183 174576 939
175108 175094 827
175109 175075 1006
174276 174084 782
174284 174084 4409
174271 174270 818
174271 174272 336
174116 174117 2883
174120 174117 2519
174113 174119 1299
174272 174119 1199
174272 174271 336
174181 174180 1674
174181 174192 1355
174183 174184 610
174183 174197 673
174185 174184 1365
174180 174179 749
174180 174181 1674
174194 174179 1109
183803 183804 836
183805 183804 1698
183830 183831 452
183950 183831 932
183876 183863 1615
183876 183875 796
183876 183885 884
183884 183875 1865
183884 183883 1184
183883 183882 672
183883 183884 1184
183930 183813 672
183930 183882 1365
183931 183813 766
183446 183442 1796
183446 183444 766
183446 183449 552
183873 183872 1234
183873 183874 796
183890 183872 1014
183890 183887 766
183894 183872 673
183900 183895 630
183889 183874 1267
183889 183888 782
183885 183876 884
183885 183888 766
183898 183448 937
183897 183896 2273
209566 209558 1410
209566 209567 915
209567 209566 915
209567 209569 870
209575 209585 1286
209587 209585 1430
209587 209586 833
209591 209586 1505
209591 209592 908
209592 209590 1533
209592 209591 908
209592 209646 796
210868 209646 1765
210868 210872 840
210875 210872 1654
210875 210884 716
210887 210884 1506
210887 210890 901
210894 210890 2488
210894 211587 901
211589 211587 2320
211589 211592 750
211615 211592 1796
211615 211631 278
211629 211606 852
211629 211635 1482
211631 211615 278
211631 211628 526
211633 211628 254
211675 211668 706
211675 211669 1445
211681 211680 1032
211681 211683 1737
211685 211664 964
211685 211683 891
211685 211698 1133
211689 211683 959
211689 211700 2063
211636 211691 1179
211692 211691 1430
211692 211693 556
211692 211694 945
211694 211692 945
211694 211693 679
211695 211693 827
211695 211699 1124
211699 211695 1124
211699 211698 783
211700 211689 2063
211700 211698 759
211679 211673 2320
211679 211674 787
211842 211674 1677
211842 211827 793
211842 211843 1697
162657 162656 630
162657 162658 1161
162664 162656 1530
162664 162669 790
162663 162669 1530
162663 162693 710
162699 162693 1398
162699 162700 828
162704 162700 1268
162705 162700 517
163329 163320 222
163329 163330 139
163329 163346 1095
172385 163322 2466
163349 163335 590
163244 163243 344
163245 163243 1951
163337 163243 2201
163337 163336 796
163343 163271 590
163354 163352 793
163359 163360 771
163381 163380 738
163381 163392 1000
163392 163380 810
163392 163381 1000
163002 163005 404
163295 163294 782
163303 163294 1883
163303 163302 796
161337 161338 871
162735 161338 2322
162735 162733 710
162734 162732 710
162734 162733 2216
162723 162722 710
162723 162732 2666
211843 211842 1697
211843 211845 878
211843 211885 1624
211851 211885 824
211851 211895 1786
211897 211895 792
211897 211900 2372
211907 211900 1007
211907 211908 751
163925 163926 328
163958 163926 640
163958 163959 590
163961 163959 1891
198595 198809 735
199734 198809 423
199734 199710 352
214261 198809 240
211935 211936 2649
211935 212004 867
212001 212004 1228
211931 211929 1448
211931 211936 836
211931 214258 769
211936 211930 833
211936 211931 836
211936 211935 2649
211936 214258 328
211910 211906 2034
211910 211908 383
211903 211906 779
211923 211906 1996
211923 211924 872
211928 211924 2027
211928 211930 751
211930 211927 2028
211930 211928 751
211930 211936 833
179049 179050 2927
179051 179050 403
179100 179101 1161
179100 179135 2115
179047 179046 599
179047 179135 796
179124 179123 373
179125 179123 984
179061 179067 2378
179070 179067 1224
179070 179071 807
179058 179057 677
179058 179059 2110
179058 179068 2672
179059 179058 2110
179059 179068 836
179057 179058 677
179057 179078 1484
179081 179078 605
179081 179082 139
179150 179140 1686
179150 179149 738
179150 179151 1146
179155 179141 605
179155 179149 1780
179143 179073 129
179143 179074 913
178819 179074 2367
179141 179140 421
179141 179155 605
179071 179070 807
179071 179075 1073
179046 179047 599
179046 179138 1031
179046 179222 1740
179236 179235 796
179236 179239 782
179239 179236 782
179239 179241 765
179223 179222 1210
179223 179224 1180
179088 179087 827
179088 179225 1029
179087 179088 827
179087 179237 2320
114692 114537 2681
114693 114537 1119
114540 114539 679
114540 114696 893
114699 114696 586
114699 114698 1234
115515 114698 883
115244 115243 1635
115244 115275 1099
115278 115275 847
115243 115242 4417
115243 115244 1635
115243 115277 1206
115534 115277 1729
115242 115241 2113
115242 115243 4417
115249 115241 1608
115472 115497 1253
115171 114816 1951
115169 115166 1083
115169 115170 4434
115167 115289 1349
115073 115074 1139
115247 115074 3919
115077 115076 2791
115166 115076 2881
115166 115169 1083
115291 115290 1119
115291 115571 2275
115568 115290 749
115568 115569 474
115172 115293 2803
115294 115293 433
115567 115564 1398
115567 115569 562
115569 115567 562
115569 115568 474
115569 115570 649
115571 115291 2275
115571 115570 201
115571 115574 980
115574 115571 980
115574 115572 1011
115583 115572 511
115581 115576 926
115581 115577 4667
106327 106326 948
106327 106329 515
106332 106326 562
106329 106327 515
106329 106330 1291
106384 106330 275
106375 106374 402
106376 106374 238
106481 106480 1906
106485 106480 763
105207 105206 654
105208 105206 3861
32362 32360 869
32362 32407 873
32408 32407 327
32411 32410 2663
32412 32410 939
106582 106583 787
106608 106583 1979
106634 106583 1556
106598 106599 679
106539 106554 556
106573 106554 1012
106592 113721 671
113722 113721 1000
113725 113721 2262
106513 106544 419
106515 106516 319
193002 193000 817
193002 193001 1522
193007 193000 602
193005 193001 381
192052 191859 967
192052 192303 1225
192055 191859 77
192056 191859 574
191805 191804 4561
191924 191804 5000
191812 191811 2785
193977 191811 2763
192877 192878 4408
193936 192878 950
192879 192880 296
193975 192880 1950
192904 192903 3483
192934 192929 978
192934 192935 1870
192934 192944 935
192922 192931 2126
192922 192937 401
192923 192951 1851
192952 192951 874
192952 192955 2208
192912 192917 401
193845 192929 890
193183 193182 670
193063 193062 1112
193063 193287 749
193287 193063 749
193287 193283 1082
193287 193284 670
193286 193284 671
193286 193285 909
193288 193285 1142
193054 193053 8408
192455 192454 3049
192577 192576 670
192280 192281 2337
192467 192281 1471
192265 192264 337
192271 192264 1310
192533 192288 1355
192291 192293 300
192536 192535 1150
191495 191494 270
191496 191494 494
192304 192303 262
192251 192250 836
192198 192197 1462
192207 192197 1997
192392 192488 484
194455 192488 344
193915 192490 711
32700 32699 515
32716 32705 463
32685 32695 1713
32685 32706 934
32640 32596 1437
32640 32642 814
32643 32642 3713
32628 32629 3262
32628 32632 2223
32796 32629 2189
32692 32632 1243
32801 32691 2095
32726 32724 669
32726 32725 732
32726 32725 732
32730 32724 139
32758 32752 1146
32766 32767 1261
35376 32767 909
32822 32786 459
32826 32786 2220
14321 32787 577
34939 33062 568
34939 33064 1372
32759 32757 2725
32759 32783 1272
29539 29537 355
29556 29537 1440
32419 32418 3419
32428 32418 1301
32445 32444 731
29577 29540 2588
29572 29571 2750
32449 29571 4333
29574 29576 2518
30743 29576 3215
34834 32453 916
34835 32453 154
34402 29589 721
34214 29590 2120
32482 32463 3923
32483 32463 6685
32487 32486 244
32487 32486 244
32544 32545 7910
32633 32545 1111
32633 32634 3111
32633 32634 3111
32634 32633 3111
32634 32633 3111
32634 32638 2260
32634 32638 2260
32641 32638 1036
32641 32638 1036
32600 32596 1850
32835 32834 2634
33059 32834 377
33064 33063 819
33064 34939 1372
33069 33070 432
34940 33070 1074
107884 107883 1114
107904 107883 556
107904 107903 452
107903 107902 1383
107903 107904 452
107913 107902 1004
107879 107878 451
103508 103509 889
103510 103509 238
107955 103509 1873
107955 107953 434
105673 105672 252
107953 105672 1786
107953 107955 434
107866 107912 1007
923
173899
174342
174365
174392
174362
174379
174559
174576
175094
175075
174084
174270
174117
174119
174192
174184
174197
174179
183804
183831
183863
183875
183882
183813
183442
183449
183872
183887
183895
183874
183888
183448
183896
209558
209569
209585
209586
209590
209646
210872
210884
210890
211587
211592
211606
211628
211669
211680
211664
211683
211635
211691
211693
211698
211668
211673
211674
211827
162656
162669
162693
162700
162658
163320
163322
163330
163335
163243
163336
163271
163352
163360
163380
163005
163294
163302
161338
162733
162732
162722
211845
211885
211895
211900
163926
163959
198809
199710
212004
214258
211908
211906
211924
211927
211929
179050
179101
179135
179123
179067
179068
179078
179082
179149
179073
179074
179140
179151
179075
179138
179235
179241
179222
179224
179225
179237
114537
114539
114696
114698
115275
115277
115241
115497
114816
115170
115289
115074
115076
115290
115293
115564
115570
115572
115577
115576
106326
106330
106374
106480
105206
32360
32407
32410
106583
106599
106554
113721
106544
106516
193000
193001
191859
191804
191811
192878
192880
192903
192935
192944
192931
192937
192951
192955
192917
192929
193182
193062
193283
193284
193285
193053
192454
192576
192281
192264
192288
192293
192535
191494
192303
192250
192197
192488
192490
32699
32705
32706
32642
32629
32632
32691
32695
32724
32725
32752
32767
32786
32787
33062
32783
29537
32418
32444
29540
29571
29576
32453
29589
29590
32463
32486
32545
32638
32596
32757
32834
33063
33070
107883
107902
107878
103509
105672
107912
108015
108029
103384
107991
107999
107994
108018
108017
111836
107980
111832
108038
108044
111972
33500
111837
33507
33516
33514
33573
33588
33592
33699
33700
33730
33747
33738
33740
33819
33762
33832
33840
17221
33842
33827
17251
17266
17273
17330
33881
33904
33921
33911
33913
17375
17383
17433
17434
33998
18334
113473
18349
33985
18409
18410
18415
18435
18439
18625
18636
18654
18464
18480
18483
18478
18449
18631
103506
103549
103610
103604
103542
103599
103521
103616
18452
18633
18646
18649
26633
25276
25277
26134
26143
26151
26545
18853
26551
19180
26185
26188
26267
11219
26192
26210
26244
11216
29195
105536
105544
105283
103555
103689
103699
105550
40208
29142
29146
29147
29150
29214
29232
29194
29286
29304
29204
29309
29319
29308
29329
29291
29305
29327
27330
27334
27359
27338
27348
29359
29369
27401
29102
29104
29101
29364
52937
52935
53104
52958
53021
52955
53024
53031
53033
53035
53050
53054
53057
53049
53060
53315
53321
53260
53077
53081
52921
52928
52934
52914
54788
54874
54800
54797
52507
54891
54921
54927
54934
54935
54939
54999
55018
55023
55602
55605
53505
53509
53561
49736
49737
49727
49730
49732
49740
49775
49763
53677
53684
53685
53708
54790
141314
144271
144298
144273
144214
144267
195482
195485
195490
144307
144305
195535
195536
195540
196297
196288
196302
196305
196196
196208
196287
196214
196273
196271
196212
141329
141385
141333
141386
141392
141402
144203
141116
141119
141136
141311
141133
189846
189902
189845
189932
189933
189946
189945
190335
190345
190363
190399
190395
190365
140037
140041
140042
140074
139974
139978
140028
141442
140568
187276
190418
187266
187268
188350
190389
190419
139915
139918
139925
139934
139967
139971
139979
140034
139965
139973
190422
190429
190430
188332
189624
190393
190455
190459
190314
190404
141117
141145
141146
141164
141098
141148
141166
141168
141347
142140
141709
141713
141717
141720
141732
141731
141093
141101
55632
56008
56007
56037
56043
56145
56147
56158
56177
56180
56615
56788
189848
189882
189830
196642
196653
196649
196651
197235
197242
197244
202587
202590
202589
202596
202765
202766
204198
204187
204203
203927
204180
204183
203863
203929
203932
203946
204200
204202
204251
204229
204233
204234
204269
204275
207071
207070
207076
207073
202783
197273
203860
203861
207115
207116
207304
207325
207381
207306
207328
207332
196507
196508
196521
196525
196581
196646
206054
206698
207124
207385
207386
206697
206719
206718
206773
208020
207926
208000
208004
208197
206949
206964
206966
208292
208311
198878
209325
209366
209322
209319
209360
209369
209390
209397
210623
210626
209394
209563
178835
178756
178899
178940
178979
178999
178885
178989
179028
174098
180330
180319
180338
180350
180358
180709
180737
163162
163589
163586
163346
163185
163194
163163
163183
163174
183444
183431
184857
183445
185644
184846
184843
184779
184786
184923
184856
184892
184894
184910
184895
184938
184936
184929
184752
166220
166221
184767
166185
184749
184751
184780
180728
180689
180819
177527
182037
182034
182036
182475
183460
182596
182874
182655
185238
185240
185425
185873
186142
182565
184036
174163
185217
184048
184085
184087
184089
184091
174128
184106
173988
173918
174389
173900
174343
174345
174391
174397
174361
174386
174381
174567
174581
175169
175172
174577
175183
175108
175109
174276
174284
174271
174116
174120
174113
174272
174181
174183
174185
174180
183830
183950
183884
183883
183930
183446
183873
183890
183894
183900
183889
183885
183898
183897
209566
209567
209575
209587
209591
209592
210868
210875
210887
210894
211589
211615
211629
211631
211633
211675
211681
211689
211636
211692
211694
211695
211699
211700
211679
211842
162657
162664
162663
162699
163349
163337
163343
163354
163359
163381
163392
163002
163295
163303
161337
162735
162734
162723
211843
211851
211897
211907
163925
163958
163961
198595
199734
214261
211935
212001
211910
211903
211923
211928
211930
179049
179100
179047
179061
179070
179059
179057
179081
179155
178819
179141
179071
179046
179236
179239
179223
179088
179087
114692
114693
114540
114699
115244
115242
115249
115472
115169
115167
115073
115247
115077
115166
115291
115172
115294
115574
115583
115581
106327
106332
106329
106384
106376
106481
106485
105207
105208
32362
32412
106582
106608
106634
106539
106592
106513
106515
193002
193007
193005
192056
191805
191812
193977
192877
192879
192904
192922
192923
192952
192912
193845
193063
193286
193288
193054
192455
192577
192467
192265
192291
192536
192251
192198
192207
192392
32716
32685
32643
32628
32692
32801
32730
32826
14321
34939
32759
32445
29572
29574
30743
32482
32483
32487
32634
32641
33064
33069
34940
107884
107904
107903
107913
107879
103508
103510
107955
107953
107866
