3708
130725 130607 683
130725 130713 1635
130751 130749 2615
130751 130780 475
130783 130780 337
130785 130777 1348
130785 130793 3691
131306 131309 139
130861 130860 3118
130861 130880 556
130866 130859 2949
130866 130878 818
130880 130861 556
130880 130881 418
131311 130883 2235
130884 130875 889
130884 130886 600
131320 132380 879
130876 130874 843
130876 130877 1268
130892 130890 928
130895 130849 1484
130898 130897 337
130898 130900 476
131157 131156 1188
131157 131165 355
131165 131155 1065
131165 131157 355
131168 131162 854
131167 131163 1344
131167 131164 1700
131167 131177 2700
131178 131177 474
131178 131181 879
131178 131184 1336
131184 131178 1336
131184 131182 906
131184 131186 452
131272 131271 421
131272 131273 1956
131275 126182 778
131275 131273 1605
126181 126182 797
126181 126186 1170
131518 131522 1124
131519 131277 1450
131519 131522 1367
131204 131190 1118
131525 131522 355
131525 131527 893
131563 131529 518
131566 131550 697
131569 131570 791
131569 131571 713
131605 131571 1735
131605 131606 848
131605 131619 1857
131619 131605 1857
131619 131622 848
131619 131624 1505
131620 131624 713
131627 131624 238
131627 131628 558
131629 131711 940
131719 131637 1906
131719 131718 837
131719 131720 789
132207 132165 1684
132207 132205 650
132207 132208 474
132220 132221 276
132226 132251 238
132253 132258 739
132253 132260 2239
132270 132260 702
132206 131723 612
132206 132205 2150
132274 132260 1688
132274 132272 751
54134 54140 418
54152 54151 1023
54154 54150 1023
54154 54151 1949
54165 54150 2221
54165 54158 1023
54168 54158 2292
54168 54236 1161
54168 54282 739
54282 54168 739
54282 54281 1116
54287 54283 276
54287 54286 1067
54119 54111 1581
54119 54116 276
54119 54120 606
54239 54237 203
54239 54240 1207
54248 54240 1485
54248 54250 610
54286 54284 337
54286 54287 1067
54737 54736 7569
54737 54739 1838
140322 140321 1962
140322 151776 719
149312 151985 270
140411 140343 749
140344 140342 803
140344 140343 1970
140483 140342 2407
140483 140482 753
140489 140482 2396
140489 140491 804
140489 140503 2432
140503 140489 2432
140503 140501 789
143304 143310 1922
143304 143438 815
143309 143364 2795
143309 143529 841
143437 143438 2717
143363 143362 201
143363 143364 794
143363 143368 3180
143443 143444 821
143445 143452 733
143445 143459 2071
143439 143444 1077
143439 143446 818
143459 143445 2071
143459 143453 876
143459 143540 2317
143460 143540 735
143460 143544 2314
143543 143544 881
143543 143551 1773
143587 143551 943
143587 143592 1685
143587 143593 282
143586 143590 1745
143591 143590 842
143591 143598 1710
143528 143527 962
143528 143604 1758
143601 143603 1892
143601 143604 1192
143606 143598 943
143606 143603 808
143606 143607 3040
142846 142848 2108
142846 142850 729
142847 142848 788
142847 143966 1967
143958 143962 424
143958 143966 769
142849 142850 1636
143957 143961 902
143957 143962 589
143959 143960 1818
143959 143963 821
143796 143795 768
143796 143960 863
143796 143970 862
143790 143792 1926
143795 143792 860
143795 143796 768
143795 143813 922
143777 143775 787
143777 143779 1925
143791 143779 787
143791 143792 839
143791 143810 888
143774 143775 1397
143722 143723 2071
143725 143723 611
143725 143752 788
143725 143773 854
143772 143773 1853
143772 143775 840
143717 143723 1168
143717 143748 806
143731 143733 570
143735 143733 804
143735 143748 644
143735 143749 1449
143527 143528 962
143527 143740 802
143527 143824 1748
143736 143729 442
143736 143737 458
143729 143732 970
143729 143736 442
143730 143732 1576
143730 143733 894
142851 142850 807
142851 142853 2096
142851 142886 898
142880 142882 748
142880 142886 1671
142881 142882 1521
142881 142884 787
142876 142896 1697
144901 142896 2748
144901 144900 858
144899 144900 796
144894 144903 1398
144894 144904 1554
144896 144906 957
144896 144924 2329
144896 144928 842
144897 144898 2281
143194 143179 626
143195 143180 888
143195 143196 2474
143197 143196 974
143197 143227 2146
143228 143227 840
143228 143229 682
143284 143229 878
143284 143292 2681
143295 143292 812
143295 143296 2599
143307 143296 1011
143307 143361 2792
143362 143361 261
143362 143363 201
143362 143367 3274
144909 144910 399
144909 144911 401
144910 144909 399
144910 144912 511
144914 144912 523
144914 144915 954
144917 144918 815
144917 144962 2352
144963 144962 789
144963 144964 1001
144963 144981 2346
144964 144963 1001
144964 144973 872
144964 144974 2215
144965 144966 1245
144883 144882 615
144883 144966 1490
144882 144883 615
144882 144971 1788
204645 204821 796
204645 204933 2133
204932 204933 797
204932 204934 1363
214525 204934 896
204821 204645 796
204821 204936 2239
204938 204936 864
204938 204940 1808
204941 204940 684
204949 204950 6372
204920 204919 802
204920 214414 665
207724 204921 2108
207724 207725 538
144975 144971 740
144975 144976 439
144975 144977 1002
144976 144975 439
144976 144977 1145
144976 145164 318
145164 144976 318
145164 145073 753
145164 145165 1785
145073 145076 840
145073 145164 753
145073 145166 1713
145076 145073 840
145076 145169 1740
145170 145169 801
145170 145180 1828
145181 145180 887
145181 145185 1658
145181 145187 794
145226 145187 795
145226 145227 1633
145228 145227 837
145228 145232 1687
145233 145232 911
145233 145251 1769
145239 145251 740
145239 145263 1795
145245 145266 1917
145265 145263 769
145265 145266 810
145265 145267 1661
145651 145266 761
145651 145652 1622
145652 145267 1559
145652 145651 1622
146447 145273 1353
146447 146443 1594
146447 146605 1767
146447 146606 2321
146610 146606 851
146610 146609 1856
146622 146616 913
146622 146674 2027
146624 146625 2013
146624 146669 803
146626 146625 765
146626 146674 766
146626 146675 2194
146669 146624 803
146669 146673 2036
146671 146673 879
146681 146683 739
146681 146685 913
146681 146687 2549
146814 146685 763
146814 146815 2461
146816 146815 764
146816 146817 761
146870 146868 2468
146870 146869 788
146870 146872 556
146876 146868 777
146840 146827 2229
146840 146832 984
146840 146845 796
146842 146832 2614
146842 146889 802
146893 146889 2297
146893 146892 738
146893 146918 4247
146925 146921 423
146925 146926 585
146925 150132 2003
209841 209842 2293
209649 211396 2673
209417 210732 966
210719 210012 172
167614 167613 2071
152655 152654 924
152655 152684 253
152682 172671 1667
152685 152684 924
152685 172262 610
152794 152793 1154
152794 152798 650
152686 152688 818
152687 152688 600
152687 152793 984
152796 152798 885
152796 152808 600
153793 153792 842
153793 172675 1258
153552 153544 2645
153552 153556 1111
153552 153595 1304
153593 153595 238
153601 153595 1380
153601 153603 1154
153534 153535 871
153534 153550 1612
153553 153550 828
153524 153523 790
153541 153540 889
153541 153548 2905
153522 153523 1483
153522 153536 710
162509 162507 2305
162509 168525 999
162509 172819 1025
162510 168525 546
152658 152659 885
168521 162507 2568
168521 168522 906
168521 168525 954
168522 168521 906
168522 168523 2668
168503 168505 818
168503 168507 790
168450 168451 924
168450 168505 2167
167620 167621 169
167622 167617 562
167622 167621 552
167617 167622 562
167617 167623 344
167619 167657 725
167611 167612 1280
167761 167612 1227
167761 167762 84
167761 167765 789
167701 167702 782
167701 167769 327
167703 167702 2402
167703 167797 796
167768 167769 1699
167768 167807 782
178608 178609 2371
178608 178610 1429
178611 178612 1008
178611 178847 1682
178640 178641 3489
178640 178642 1167
178858 178856 1140
178858 178859 3352
178858 178860 2506
178649 178842 1141
178649 186124 1656
178650 178651 818
178650 178652 951
180045 180046 757
180045 180048 2468
180045 180055 2810
180055 180045 2810
180055 180049 765
179778 173040 4236
179778 179777 2623
179868 179867 840
179868 179869 276
179943 179942 827
179943 179952 298
179951 179952 301
179951 179959 393
179957 179955 699
179957 179959 1560
152853 152865 518
152859 152860 337
152859 152871 518
152867 152868 355
152860 152859 337
152860 152872 4686
152864 152862 1095
152864 152872 674
152862 152861 828
152862 152864 1095
152862 153842 3827
152809 152804 674
152809 152811 1445
152809 152813 758
152810 152802 531
152810 152804 1055
152813 152809 758
152813 152814 1445
152819 152814 1011
152819 152822 1556
152822 152819 1556
152822 152823 337
152863 152861 3005
152863 153822 677
152841 152840 2113
152842 152840 421
152866 152844 758
152866 152865 337
152866 152868 1445
172257 172254 650
172257 172259 710
172248 172246 1121
172248 172249 871
152654 152655 924
152654 152659 562
152781 152782 840
172261 152684 697
152839 152840 842
152839 152843 1336
153246 152843 850
153246 153247 766
153246 153248 1558
153219 153223 1796
153219 153234 766
153221 153223 933
153221 153249 1447
153247 153246 766
153247 153249 674
153247 153250 1667
153234 153219 766
153234 153238 1906
153240 153245 893
153243 153244 1111
153243 153245 927
153310 153316 505
156108 156107 279
156103 156022 3103
156023 156016 1010
156023 156022 948
156122 156121 2232
156122 156125 1346
156121 156122 2232
156121 156170 1012
156173 156171 871
156173 156174 421
156161 156183 893
156583 156181 790
156583 156582 672
156586 156587 1969
156586 156588 2109
156595 156588 1147
153333 153332 1449
153363 153364 979
153363 153374 1780
153363 153449 975
153446 153450 1017
153382 153449 931
153369 153370 1704
153369 153405 1447
153405 153369 1447
153405 153403 828
153486 153487 476
153486 154845 1248
153489 153490 1282
153489 153491 1382
154844 154842 1118
154844 154845 452
154844 154872 782
154862 154863 1161
154862 154872 1154
153406 153408 1938
153406 154868 672
153406 154870 850
155924 155925 552
155916 155915 701
155916 155923 2325
155920 155577 288
155913 155912 558
155913 156115 890
155913 172312 474
156116 156113 836
156116 156115 1747
156116 172311 1206
155883 155584 476
153463 153437 805
153463 153462 1454
153463 153464 710
153507 153509 556
155891 155890 2019
155891 155895 558
155891 155937 1820
153518 153509 2097
154851 154850 436
154851 155873 276
155872 155873 953
155872 155900 2454
155890 155891 2019
155890 155903 951
155898 155899 543
155898 155902 1293
155583 155582 1260
155583 155584 475
155895 155891 558
155895 155931 1228
179962 179964 893
179962 180021 556
172953 172945 2005
172953 172954 1265
172954 172275 2500
172954 172930 2229
172954 172953 1265
172578 172275 1501
172578 172580 557
172580 172537 276
172580 172578 557
186152 186151 287
180024 181825 324
178536 178123 788
185763 185764 6031
185763 185765 4589
178520 178429 9147
178520 178521 4181
178520 185578 6339
177750 177748 983
178196 178537 697
173239 173237 713
173239 173253 951
173252 173251 435
173252 173253 818
173237 173239 713
173237 173253 1115
173290 173291 648
173290 173292 154
178551 178428 5778
173081 173079 3595
173081 186148 422
172971 172970 516
172971 173124 420
173124 172971 420
173124 177741 1483
178058 177741 951
178058 178059 599
178025 178022 621
178068 178072 516
178161 178162 713
178161 178163 2147
178171 178109 672
178171 178166 2745
178176 178177 43
178176 178178 847
178147 178145 2770
178147 178148 1085
185529 185530 1073
173256 173255 1357
173272 173273 1170
174776 173342 1031
174776 174775 1509
174921 173499 2285
174921 174919 1873
174920 174919 1592
174920 174922 1085
174920 174924 708
185496 173492 6196
185496 185503 590
173469 173470 1609
173469 174926 403
174922 174920 1085
174922 174926 3750
174939 174940 2913
174939 176683 1257
174939 176692 884
177340 177339 111
177567 177565 1225
177353 177354 2082
177353 177566 683
177349 177350 683
177569 177568 1344
177569 177584 564
177581 177580 412
177581 177587 1519
176616 177589 1352
177587 177581 1519
177587 177588 445
177587 177589 666
156394 156392 1248
177591 177590 1604
177591 177593 766
156395 156396 344
177590 160148 333
177590 177591 1604
177348 177335 1004
177348 177382 1757
156513 156508 1184
156513 160213 1343
160212 160204 1746
160212 160209 766
160196 160197 1780
160196 160209 758
156509 156507 667
156530 156529 2529
156530 160259 778
160216 160227 3343
160229 160228 1897
160229 160258 674
160219 160218 2852
160219 160226 2557
160218 160219 2852
160218 160226 933
160221 156491 1471
160221 160225 782
156490 156491 778
156402 156392 796
156402 156462 926
156462 156402 926
156462 160190 842
156477 156482 766
156480 156478 1017
156480 160197 778
156594 156589 948
156594 156663 1580
156492 156491 1347
156492 156493 476
160225 160221 782
160225 160224 600
156837 156838 1225
156837 160368 953
160349 160222 1336
160349 160350 1906
160349 160374 5083
156842 156841 766
156842 156894 2446
156892 156882 667
156880 156881 747
156880 156882 1499
156663 156594 1580
156663 156706 436
156651 156650 885
156651 156652 1211
156703 156650 1145
156703 156702 871
156703 156714 1357
156652 156651 1211
156652 156653 1161
156872 156870 672
156872 156954 2695
156955 156954 778
156955 156956 713
156956 156955 713
156956 156960 610
156677 156678 1221
156677 156993 1415
156986 156985 86
156986 156993 328
156967 156964 2561
156967 156966 2348
156969 156968 1565
156969 156991 2166
156989 156990 675
156989 156996 2289
156992 156991 1014
156992 160494 1734
156637 156638 1768
156637 156910 1010
156906 156888 590
156906 156908 344
156909 156905 933
156909 156910 1268
156916 156913 850
156916 156915 778
156916 156919 1114
156918 156948 1354
156920 156887 1124
156920 156915 933
156920 156935 953
156944 156943 1919
156944 156949 929
156697 156696 3596
156697 156975 2089
156936 156938 476
156936 156975 713
156983 156982 1389
158414 158413 2118
160672 158429 2393
177318 177319 563
177318 186082 718
177378 177379 1086
177378 177415 558
177382 177348 1757
177382 177381 782
177382 177390 766
176726 176689 1675
176726 176721 2198
176726 176738 2045
176725 176721 1055
176725 176723 1977
176730 176724 744
176730 176731 554
176724 176723 1145
176724 176730 744
174906 174904 1026
174906 176701 524
165891 165895 1679
165891 165896 890
165916 165895 650
165916 165931 751
165916 165935 808
165927 165925 697
165927 165929 2622
165931 165916 751
165931 165930 1210
165583 165582 713
165583 165636 1891
165635 165637 710
165641 165637 837
165641 165658 1537
165656 165664 710
165665 165652 697
165665 165664 697
165665 165865 2015
165654 165652 837
165654 165655 337
165654 165925 139
165518 165517 818
165518 165557 1500
165558 165557 713
165558 165580 1340
165582 165580 848
165582 165583 713
165582 165638 1735
167693 167692 558
167759 167758 253
167759 167760 871
167754 167753 688
167754 167755 710
167758 167755 688
167758 167759 253
167764 167789 953
167699 167698 905
167699 167735 2444
167783 167696 3463
167783 167817 1233
167786 167787 3115
167685 167686 630
167679 167678 1340
167625 167624 518
167625 167672 893
167670 167674 1719
167676 167675 1979
167676 167680 710
167675 167674 630
167675 167676 1979
165479 165474 515
165473 165458 767
165473 165474 1873
167448 167836 1023
167832 167833 818
167832 167836 1989
167534 167533 924
167534 167931 767
167543 167544 1142
167543 167930 1096
167871 167869 872
167871 167930 683
167869 167871 872
167869 167931 951
165902 165903 874
165902 165910 751
165902 165917 678
165918 165917 1029
165918 165973 552
165973 165918 552
165973 165919 1323
165985 165984 2877
165985 165997 606
165997 165985 606
165997 166003 1028
165997 166005 659
166004 165996 476
166004 167462 796
165994 165995 688
165994 167834 850
165517 165518 818
165517 165559 1500
165560 164932 885
165560 165671 1381
165561 165559 951
165561 165671 650
165561 165686 1226
161579 161522 647
161573 161572 548
213249 213247 766
213249 213250 1007
213253 213254 1558
213243 213248 750
213247 213248 1117
213247 213249 766
213255 213257 1208
213255 213258 839
213256 213254 939
213256 213257 683
213259 213258 511
213259 214286 1198
213261 213403 212
213261 214283 939
213261 214284 230
214281 214284 192
214281 214585 185
214280 212706 777
164633 164634 1868
164633 164867 143
164886 164874 244
164886 164884 124
164894 164899 893
172439 164675 253
172439 172440 1085
164932 165560 885
164932 165670 1537
165667 165670 610
165667 165673 1381
165674 165673 713
165674 165697 1616
165684 165680 581
165684 165699 2154
165684 165700 747
165682 165679 1012
165704 165728 631
165704 165732 4176
164967 164969 445
164967 164970 2223
165702 165729 673
164964 164899 1450
164966 164977 452
114292 114293 1748
114292 114299 749
113997 113998 663
113997 113999 479
114818 119352 1139
114136 114137 1378
114096 113959 687
114096 114145 1687
114181 116156 474
119287 119288 1903
118642 118641 514
118642 118846 2042
118644 118639 333
119190 119189 1004
119190 119191 1340
119191 119190 1340
119191 119192 1807
119320 119314 3560
119256 119255 1270
119300 119255 1808
119300 119314 472
119300 119332 1204
119316 119315 2675
119316 119337 1109
119217 119215 881
119217 119437 1217
118583 118584 1077
119059 119071 672
119059 119474 785
119021 119022 1829
119021 119088 1267
119087 119088 1099
119086 119081 924
119089 119081 1449
119079 119069 1234
119079 119080 1192
118965 118967 687
119009 119001 936
119009 119007 1165
94390 91988 1749
94390 94384 1602
94393 94394 2933
94424 94425 1850
94401 94404 3151
94406 94388 1364
94406 94405 699
92153 92154 5140
92153 92171 3527
92152 92150 1527
92152 92225 1279
94431 94432 716
94443 94442 5149
92354 92355 1827
92354 92356 475
94520 94565 5588
94520 94566 1630
94567 94568 461
94567 94569 1344
94561 94490 7671
94561 94564 1689
98114 98115 2665
98114 101788 3450
92459 92460 1051
92459 92483 445
92468 92471 787
92475 92477 1027
92475 92478 1024
94526 94529 614
94526 94540 178
92512 92509 1004
92512 92514 929
92509 92512 1004
92509 92513 1150
92520 92521 949
93109 93119 904
93109 93140 2539
93140 93109 2539
93140 93141 580
93151 93141 1959
93837 93164 905
93837 93796 5246
93839 93797 5292
93839 93840 893
109566 109567 519
94142 94141 536
94142 94146 983
94147 94145 905
94147 94146 1101
105624 105623 511
105624 108051 1395
108047 108050 344
105623 105624 511
105623 105625 696
108133 108132 1610
108133 108195 1675
108135 108136 667
108198 108187 905
108198 108197 1702
105792 105791 1257
105792 108225 1527
105792 108234 1669
105794 108227 1306
108100 108048 2468
108100 108098 333
108168 108410 222
107470 107469 1004
107470 108144 504
108141 108140 1031
108141 108142 1565
107468 107469 1114
107468 108146 1097
108130 108131 847
108130 108421 4125
108421 108130 4125
108421 108416 950
108421 108426 2387
108443 108426 930
108443 108445 930
108443 108456 2672
108446 108447 354
108446 108471 2902
108445 108443 930
108445 108470 3122
108445 108471 923
108482 108483 434
108482 108545 1919
108482 108557 681
108547 108546 1850
108547 108599 667
108615 108613 2415
108615 108616 475
108626 108612 2415
108626 108627 1344
108625 108599 2753
108625 108627 3447
108625 108630 1592
92855 92856 587
92855 92858 516
93605 93602 3622
93605 93606 556
93606 93605 556
93606 93608 1278
93609 93610 1576
93609 93611 5607
93715 93718 818
93715 93790 1736
93719 93716 1055
93719 93792 2930
93796 93797 1014
93796 93837 5246
93112 93114 1007
93116 93127 970
93118 93114 818
93118 93124 1253
93118 93125 680
92525 92523 2113
92536 92537 1114
92536 92732 1204
92750 92749 503
92750 92756 1342
102984 103141 628
92534 92580 1124
92556 92478 1765
94524 94527 303
92635 92629 943
92635 92650 791
92638 92686 818
92687 92679 1072
92687 92686 1180
92650 92635 791
92650 92651 2014
92656 92648 2539
92656 92652 2167
92708 92711 2679
92708 92712 1208
92715 92716 1320
92715 92717 1085
92844 94347 10749
92844 94523 4149
191194 191357 1213
191596 191994 991
191836 191993 1917
191836 191994 2160
191599 191976 1294
192043 194398 86
192043 194399 3749
191843 191837 298
191843 191856 388
191766 191613 509
191626 191627 1457
191669 191666 560
191669 191860 861
191825 191667 1376
191825 191831 763
191324 191187 5595
192635 192629 1529
192635 192634 1558
191190 191187 1450
191185 191186 1796
191185 191316 499
192632 192631 445
192651 191052 5319
190936 190937 1402
190936 190938 1343
192653 192639 2609
192653 192654 1509
190937 190936 1402
190937 190939 1673
194254 194255 1692
119355 119356 7690
113960 113959 778
113960 113962 2117
114055 114054 1717
114059 114056 719
114059 114060 638
114113 114111 870
114343 114342 1204
114343 114348 650
114345 114350 732
114274 114275 1607
114274 114301 580
114358 114301 2385
114358 114361 936
108602 108605 1013
109333 108605 1445
109333 108608 1091
109273 109272 373
109273 109340 2001
109336 109318 354
109336 109328 782
109279 109272 1022
109279 109406 1700
109408 109406 1004
109408 109409 1007
109604 109605 903
109444 109443 1181
109441 109442 1114
109441 109524 1101
109687 109443 1669
109687 109660 2831
108667 108643 3291
108667 109337 1000
109679 109356 501
109679 113801 1446
109346 109359 924
109350 109351 504
109350 109595 1085
109592 109594 588
109592 109646 1851
109646 109592 1851
109646 109645 2671
109627 109629 3935
109627 109739 354
109727 109726 3447
109727 109740 836
109727 109759 1696
109742 109741 279
109742 113810 418
109736 109737 872
109736 110005 950
110090 110091 1474
110090 110092 747
110095 110075 548
110095 110097 847
110095 110138 1257
109737 109736 872
109737 110004 1101
110115 110093 946
110115 110112 2016
110101 110100 452
110101 110138 1420
110015 110014 696
110106 110092 557
110106 110112 672
110111 110112 2457
110111 110113 836
110111 110119 836
110013 110014 1028
110013 110172 1723
110013 110225 809
110170 110172 737
110170 110240 872
110160 110161 1622
110160 110186 2528
110173 110185 946
110191 110185 809
110191 110240 737
110191 110242 2861
110187 110186 1282
110187 110197 696
110187 111365 1671
111365 110187 1671
111365 110243 836
110245 110243 696
110245 110244 1208
110245 111366 611
110823 110824 1094
110821 110822 3249
110821 110864 475
110830 110829 3838
110830 110831 1680
110861 110862 344
110861 110864 1223
110251 110249 836
110251 113670 708
110731 110224 840
110731 110732 889
110731 110760 676
110745 110746 373
110745 110812 1151
110751 110750 1530
110751 110760 764
110810 110811 475
110247 110246 1769
110247 110273 747
110249 110246 696
110249 110251 836
110812 110745 1151
110812 110780 672
110812 110811 475
110273 110247 747
110273 110272 1415
110273 110277 818
110278 110255 1344
110278 110279 1061
110287 110288 837
111366 110245 611
111366 111367 1420
111368 110237 1744
111368 111367 672
111372 110239 1675
111372 111391 672
110255 110256 1142
110255 110278 1344
103868 103861 831
103858 103855 420
103858 103859 344
110941 110936 354
110941 110944 3439
112856 110937 1533
112856 112857 1344
105772 110937 612
110936 110937 418
110936 110941 354
112803 112801 475
112803 112804 1061
112817 112815 550
112854 112853 872
112854 112855 737
112853 112854 872
112853 112857 809
112835 112836 373
103870 103862 2153
103913 103906 750
103913 103991 1618
103913 103992 1395
103916 103894 947
112496 112495 676
112496 112546 1854
110849 110850 1293
113595 110846 441
113595 110860 1352
113595 113596 250
110827 110828 2067
110827 110829 418
104252 104253 557
104019 104021 1554
103944 103932 2515
103944 104021 1686
103945 103939 939
103945 103946 373
104705 104706 511
104705 104711 667
104721 104711 1008
104721 104722 1877
39060 39058 796
39099 39098 504
39099 39101 2900
39105 39090 1000
39101 39094 537
39101 39099 2900
39102 35513 1026
39102 35514 1026
39110 39112 672
39110 39113 2428
39111 39113 682
39112 39110 672
39112 39116 1818
39255 39233 1362
39255 39256 827
39254 39253 2288
39254 39256 551
39259 39246 841
39259 39260 782
39264 39249 689
39264 39251 983
39264 39265 1554
39291 39265 279
39270 39265 612
39270 39266 139
37161 37158 1063
37161 37159 3802
37199 37159 951
37203 37181 1533
37203 37204 2952
37101 37099 782
37101 37100 709
37110 37107 848
37110 37112 1565
37112 37110 1565
37112 37114 1398
37072 37070 951
37087 37085 1259
37096 37073 475
37096 37097 556
37082 37081 403
37075 37063 951
37080 37078 2163
37080 37205 818
38179 37114 1957
38179 38188 848
38188 38176 1085
38188 38179 848
38192 38183 2643
38192 38190 951
37158 37151 1183
37158 37157 3589
37158 37161 1063
37206 37160 818
37206 37205 1398
38194 38183 1559
38194 38208 751
38196 38208 2515
38196 38349 807
38349 38196 807
38349 38212 2139
38351 38367 765
38351 38370 1004
38351 38371 1199
38352 38371 1576
38352 38388 1697
38388 38352 1697
38388 38394 1336
38391 38389 1387
38391 38394 778
38390 38389 1445
38390 38392 1467
38440 38404 1099
38440 38441 1344
38443 38441 337
38443 38445 1221
38446 38543 2230
38446 38549 218
38547 38548 1014
38497 38492 952
38497 38500 751
38506 38493 1029
38506 38505 111
38506 38508 202
38509 38501 1027
38509 38554 788
38544 38508 1209
38544 38543 333
38554 38509 788
38554 38535 818
38554 38572 1709
38573 38535 713
38573 38574 650
38575 38582 818
38575 38583 630
38574 38573 650
38574 38577 630
38579 38578 2339
38877 38866 3086
38879 38882 976
38879 38883 1022
38880 38868 558
38880 38882 1144
40657 40655 84
40657 40656 984
40653 40652 984
40653 40654 556
40653 40661 951
40663 40661 474
40663 40665 238
40675 40674 517
40667 40665 205
40688 40662 959
40688 40686 656
40689 40686 929
40689 40691 1763
40691 40687 718
40691 40689 1763
40691 40692 2500
40694 40692 761
40694 40696 2420
38990 38987 2111
38990 38989 435
38998 38987 975
38998 38997 808
38999 38997 705
38999 39000 2689
38963 38961 828
39012 38948 645
40696 39000 777
40696 40694 2420
38967 38962 581
38967 38972 333
41552 38971 751
41552 38975 1323
41552 41553 452
41559 41553 790
41559 41557 2510
38975 38970 418
38975 41552 1323
38976 38974 1027
38976 39017 948
41557 41555 790
41557 41559 2510
41557 41568 2243
41569 41568 751
41569 47648 2377
47779 47798 2150
47801 47798 1225
47653 47533 790
47653 47602 2748
47657 47602 879
47657 47607 1268
47651 47533 2614
47651 47648 2454
47651 47650 828
47723 47607 790
47723 47724 1848
47725 47724 683
47725 47728 2192
47730 47728 926
47730 47738 735
47730 47747 2840
47740 47738 871
47740 47758 1873
47738 47730 735
47738 47740 871
47738 47748 2322
47648 41569 2377
47648 47647 709
47648 47651 2454
47760 47758 1081
47797 47798 309
47749 47746 2258
47749 47751 1064
47749 47756 1300
47754 47753 1299
47754 47759 1141
47759 47754 1141
47759 47758 818
47757 47756 1067
47757 48055 562
48055 47757 562
48055 48049 848
48058 48054 953
48058 48061 2139
48064 48061 790
48064 48072 2192
48072 48064 2192
48072 48069 871
48072 48075 2384
48076 48075 376
47924 47922 871
47924 47927 2481
47928 47926 2299
47928 47927 985
47929 47926 960
47929 48053 2063
47929 48068 813
48070 48068 2348
48070 48071 871
48073 48071 2454
48073 48074 972
47918 47922 1293
48020 48022 1002
48021 48022 768
48144 48074 2107
48144 48145 866
48144 48148 1651
47886 47868 2407
47886 47914 388
47885 47873 811
47945 47939 995
47945 47946 650
47947 47944 1624
47947 47946 807
47940 47863 572
47953 47949 873
47953 47950 1345
47953 47952 789
47950 47944 807
47950 47953 1345
47955 47954 1029
47955 47958 465
47992 47979 650
47983 47979 2215
47983 47982 798
47998 47982 3002
47998 47997 751
48074 48073 972
48074 48075 2438
48074 48144 2107
48145 48144 866
48145 48152 1638
48156 48146 761
48156 48162 1056
48162 48147 633
48162 48156 1056
130527 130523 738
130527 130526 789
47406 46199 558
47406 47402 677
47406 47408 697
47408 47406 697
47408 47407 1293
47460 47407 1477
47460 47459 928
47462 47459 1881
47462 47461 885
47462 47475 807
47479 47475 1206
47482 47475 810
47474 47461 2752
47474 47476 837
47474 47985 2283
47985 47474 2283
47985 47980 885
130528 130526 2014
130528 130718 511
47997 47980 2944
47997 47998 751
130717 130706 810
130717 130719 1952
130717 130720 1438
130723 130720 606
130723 130724 1438
130763 130719 697
130763 130764 419
130724 130713 436
130724 130723 1438
130607 130608 5383
130607 130712 1719
130607 130725 683
130607 130734 237
130713 130712 790
130713 130724 436
130713 130725 1635
130749 130747 1366
130749 130750 1221
130749 130751 2615
130780 130751 475
130780 130775 610
130780 130783 337
130777 130775 843
130777 130785 1348
130777 130790 3782
130793 130785 3691
130793 130864 850
130793 130878 1357
131309 131306 139
130860 130821 556
130860 130822 238
130860 130861 3118
130859 130821 279
130859 130858 796
130859 130866 2949
130878 130793 1357
130878 130865 1264
130878 130866 818
130881 130880 418
130881 130882 1773
130881 130883 475
130883 130875 924
130883 130881 475
130883 131311 2235
130875 130873 2022
130875 130883 924
130875 130884 889
130886 130884 600
130886 130885 927
132380 131320 879
130874 130870 2340
130874 130871 1101
130874 130876 843
130877 130873 1080
130877 130876 1268
130890 130889 1323
130890 130892 928
130890 130893 1145
130849 130845 3018
130849 130847 606
130849 130895 1484
130849 130897 928
130897 130849 928
130897 130898 337
130900 130854 1154
130900 130898 476
131156 131128 1557
131156 131154 885
131156 131157 1188
131155 131127 985
131155 131128 885
131155 131158 688
131155 131165 1065
131162 131159 1700
131162 131163 796
131162 131168 854
131163 131161 1617
131163 131162 796
131163 131167 1344
131164 131161 1357
131164 131167 1700
131164 131172 333
131177 131167 2700
131177 131176 1225
131177 131178 474
131181 131178 879
131181 131180 253
131181 131183 452
131182 131180 1248
131182 131184 906
131186 131184 452
131186 131190 782
131271 131191 276
131271 131272 421
131273 131272 1956
131273 131274 2002
131273 131275 1605
126182 126181 797
126182 131275 778
126182 131277 1225
126186 126181 1170
131522 131518 1124
131522 131519 1367
131522 131525 355
131277 126182 1225
131277 126187 994
131277 131282 1004
131277 131519 1450
131190 131186 782
131190 131188 934
131190 131191 1344
131190 131204 1118
131527 131525 893
131527 131526 893
131529 131286 3121
131529 131526 2429
131529 131549 889
131529 131563 518
131550 131302 2287
131550 131549 782
131550 131551 1004
131550 131552 1612
131550 131566 697
131570 131569 791
131571 131569 713
131571 131572 1695
131571 131573 789
131571 131605 1735
131606 131573 1616
131606 131605 848
131606 131614 610
131606 131622 1857
131622 131606 1857
131622 131619 848
131622 131623 747
131622 131628 1631
131624 131619 1505
131624 131620 713
131624 131627 238
131628 131622 1631
131628 131627 558
131628 131630 818
131711 131629 940
131711 131631 511
131711 131716 344
131637 131636 848
131637 131719 1906
131637 131722 789
131637 132157 1616
131718 131636 1705
131718 131717 789
131718 131719 837
131720 131719 789
131720 131722 1906
131720 131723 890
132165 132163 837
132165 132207 1684
132165 132210 418
132165 132211 474
132205 132163 1748
132205 132204 697
132205 132206 2150
132205 132207 650
132208 132207 474
132208 132209 418
132221 132220 276
132221 132222 890
132221 132230 948
132251 132226 238
132251 132232 337
132251 132252 789
132258 132253 739
132258 132256 1414
132258 132257 837
132258 132259 511
132260 132253 2239
132260 132261 799
132260 132270 702
132260 132274 1688
131723 131720 890
131723 132204 2082
131723 132206 612
132272 132261 1840
132272 132274 751
132272 132276 879
132272 132277 418
54140 54134 418
54151 54147 474
54151 54152 1023
54151 54154 1949
54150 54149 2090
54150 54154 1023
54150 54156 1067
54150 54165 2221
54158 54156 2292
54158 54159 1206
54158 54165 1023
54158 54168 2292
54236 54166 1558
54236 54168 1161
54236 54234 1067
54236 54281 606
54281 54236 606
54281 54238 1067
54281 54282 1116
54281 54283 1477
54283 54281 1477
54283 54284 976
54283 54287 276
54111 54097 2034
54111 54108 418
54111 54110 111
54111 54118 1695
54111 54119 1581
54116 54112 684
54116 54114 953
54116 54115 874
54116 54119 276
54120 54118 789
54120 54119 606
54120 54266 1679
54120 54268 1602
54237 54235 606
54237 54238 1162
54237 54239 203
54240 54226 872
54240 54239 1207
54240 54248 1485
54250 54242 474
54250 54248 610
54250 54249 1345
54284 54238 1413
54284 54283 976
54284 54286 337
54736 54737 7569
54739 54737 1838
54739 54738 5934
54739 54742 2757
140321 140322 1962
151776 140322 719
151776 140330 797
151776 151777 3559
151985 140369 2481
151985 149312 270
140343 140340 793
140343 140344 1970
140343 140411 749
140342 140340 1931
140342 140344 803
140342 140345 765
140342 140483 2407
140482 140345 2421
140482 140483 753
140482 140487 793
140482 140489 2396
140491 140487 2381
140491 140489 804
140491 140490 863
140491 140501 2395
140501 140491 2395
140501 140503 789
140501 140505 834
143310 143304 1922
143310 143529 736
143438 143304 815
143438 143437 2717
143438 143448 1928
143438 143449 806
143364 143309 2795
143364 143363 794
143364 143369 2881
143364 143530 808
143529 143309 841
143529 143310 736
143529 143530 2753
143529 143531 787
143368 143363 3180
143368 143367 212
143368 143369 826
143368 143391 999
143444 143439 1077
143444 143443 821
143444 143451 705
143452 143445 733
143452 143447 1026
143452 143451 724
143452 143453 2450
143446 143439 818
143446 143447 786
143446 143451 1052
143453 140295 830
143453 143452 2450
143453 143459 876
143453 143534 2280
143540 143459 2317
143540 143460 735
143540 143534 858
143540 143542 2343
143544 143460 2314
143544 143542 800
143544 143543 881
143544 143550 1884
143551 143543 1773
143551 143550 921
143551 143587 943
143551 143594 1742
143592 143587 1685
143592 143594 957
143592 143595 513
143592 143599 256
143593 143587 282
143593 143596 146
143590 143586 1745
143590 143591 842
143590 143596 461
143590 143597 1778
143598 143591 1710
143598 143597 896
143598 143600 752
143598 143606 943
143604 143528 1758
143604 143601 1192
143604 143605 1628
143604 143824 1018
143603 143601 1892
143603 143605 1256
143603 143606 808
143603 143609 3278
143607 143606 3040
143607 143609 744
143607 143634 825
143607 143636 2556
142848 142846 2108
142848 142847 788
142848 142852 821
142848 143967 1980
142850 142846 729
142850 142849 1636
142850 142851 807
142850 142852 2080
143966 142847 1967
143966 143958 769
143966 143967 731
143962 143957 589
143962 143958 424
143961 143957 902
143961 143963 1578
143960 143796 863
143960 143959 1818
143960 143965 729
143960 143971 918
143963 143959 821
143963 143961 1578
143963 143964 651
143970 143796 862
143970 143813 720
143970 143971 877
143970 143972 1273
143792 143790 1926
143792 143791 839
143792 143795 860
143792 143811 908
143813 143795 922
143813 143811 822
143813 143816 1210
143813 143970 720
143775 143772 840
143775 143774 1397
143775 143777 787
143775 143778 1850
143779 143777 1925
143779 143778 802
143779 143791 787
143779 143800 890
143810 143791 888
143810 143800 862
143810 143811 766
143810 143812 1299
143723 143717 1168
143723 143722 2071
143723 143725 611
143723 143753 631
143752 143725 788
143752 143753 549
143752 143756 1397
143752 143797 931
143773 143725 854
143773 143772 1853
143773 143778 804
143773 143797 908
143748 143717 806
143748 143735 644
143748 143750 218
143733 143730 894
143733 143731 570
143733 143734 1556
143733 143735 804
143749 143734 840
143749 143735 1449
143749 143751 883
143749 143757 2560
143740 143527 802
143740 143739 1364
143740 143741 1714
143740 143744 784
143824 143527 1748
143824 143604 1018
143824 143741 719
143824 143826 1708
143737 143736 458
143737 143738 1882
143737 143742 1444
143732 143729 970
143732 143730 1576
143732 143734 878
142853 142851 2096
142853 142852 787
142853 142888 858
142853 143969 1988
142886 142851 898
142886 142880 1671
142886 142887 815
142886 142888 2129
142882 142880 748
142882 142881 1521
142882 142885 905
142882 142887 1550
142884 142881 787
142884 142885 1460
142884 142892 806
142896 142876 1697
142896 144901 2748
142896 144902 726
144900 144899 796
144900 144901 858
144900 144902 2644
144900 144904 916
144903 144894 1398
144903 144905 440
144903 144906 350
144904 144894 1554
144904 144900 916
144904 144905 750
144904 144907 2643
144906 144896 957
144906 144903 350
144906 144922 259
144924 144896 2329
144924 144926 919
144924 144929 608
144924 144933 2333
144928 144896 842
144928 144898 816
144928 144920 736
144928 144929 2253
144898 144897 2281
144898 144911 1993
144898 144928 816
143179 143176 294
143179 143180 565
143179 143194 626
143180 143179 565
143180 143181 717
143180 143195 888
143196 143195 2474
143196 143197 974
143196 143203 883
143196 143226 2477
143227 143197 2146
143227 143228 840
143227 143231 653
143227 143232 477
143229 143228 682
143229 143232 815
143229 143238 2662
143229 143284 878
143292 143238 877
143292 143284 2681
143292 143294 2609
143292 143295 812
143296 143294 869
143296 143295 2599
143296 143307 1011
143361 143307 2792
143361 143362 261
143367 143362 3274
143367 143368 212
144911 144898 1993
144911 144909 401
144911 144920 2590
144912 144910 511
144912 144914 523
144912 144915 797
144915 144912 797
144915 144914 954
144915 144918 1987
144918 144915 1987
144918 144917 815
144918 144920 713
144962 144917 2352
144962 144963 789
144981 144963 2346
144981 144974 1021
144973 144964 872
144973 144971 721
144974 144964 2215
144974 144981 1021
144966 144883 1490
144966 144965 1245
144971 144882 1788
144971 144973 721
144971 144975 740
204933 204645 2133
204933 204932 797
204933 204936 755
204934 204932 1363
204934 214525 896
204936 204821 2239
204936 204933 755
204936 204938 864
204940 204938 1808
204940 204941 684
204950 204949 6372
204919 204920 802
204919 204921 532
214414 204920 665
204921 204919 532
204921 207724 2108
207725 207724 538
144977 144975 1002
144977 144976 1145
145165 145164 1785
145165 145166 766
145166 145073 1713
145166 145165 766
145166 145169 891
145169 145076 1740
145169 145166 891
145169 145170 801
145180 145170 1828
145180 145181 887
145185 145181 1658
145187 145181 794
145187 145226 795
145227 145226 1633
145227 145228 837
145232 145228 1687
145232 145233 911
145251 145233 1769
145251 145239 740
145263 145239 1795
145263 145265 769
145266 145245 1917
145266 145265 810
145266 145651 761
145267 145265 1661
145267 145652 1559
145273 146447 1353
146443 146447 1594
146605 146447 1767
146606 146447 2321
146606 146610 851
146606 146616 2295
146609 146610 1856
146616 146606 2295
146616 146622 913
146674 146622 2027
146674 146626 766
146625 146624 2013
146625 146626 765
146625 146673 830
146675 146626 2194
146673 146625 830
146673 146669 2036
146673 146671 879
146683 146681 739
146685 146681 913
146685 146814 763
146687 146681 2549
146815 146814 2461
146815 146816 764
146817 146816 761
146868 146870 2468
146868 146876 777
146869 146870 788
146872 146870 556
146827 146840 2229
146832 146840 984
146832 146842 2614
146845 146840 796
146889 146842 802
146889 146893 2297
146892 146893 738
146918 146893 4247
146921 146925 423
146926 146925 585
150132 146925 2003
209842 209841 2293
211396 209649 2673
210732 209417 966
210012 210719 172
167613 167612 2696
167613 167614 2071
167613 167624 1848
152684 152655 253
152684 152685 924
152684 172261 697
172671 152682 1667
172671 172262 342
172262 152685 610
172262 172671 342
152793 152687 984
152793 152794 1154
152798 152794 650
152798 152796 885
152688 152686 818
152688 152687 600
152688 152802 573
152808 152796 600
152808 153792 782
153792 152808 782
153792 153793 842
172675 153793 1258
153544 153552 2645
153556 153552 1111
153595 153552 1304
153595 153593 238
153595 153601 1380
153603 153601 1154
153535 153534 871
153535 153536 790
153550 153534 1612
153550 153553 828
153523 153522 1483
153523 153524 790
153540 153541 889
153548 153541 2905
153536 153522 710
153536 153535 790
162507 162509 2305
162507 168521 2568
168525 162509 999
168525 162510 546
168525 168521 954
172819 162509 1025
152659 152654 562
152659 152658 885
168523 168507 1779
168523 168522 2668
168505 168450 2167
168505 168503 818
168507 168503 790
168507 168523 1779
168451 168450 924
167621 167620 169
167621 167622 552
167623 167617 344
167657 167619 725
167612 167611 1280
167612 167613 2696
167612 167761 1227
167762 167761 84
167765 167761 789
167702 167701 782
167702 167703 2402
167702 167807 2194
167769 167701 327
167769 167768 1699
167797 167703 796
167807 167702 2194
167807 167768 782
178609 178608 2371
178610 178608 1429
178612 178611 1008
178847 178611 1682
178641 178640 3489
178642 178640 1167
178642 178856 3267
178856 178642 3267
178856 178858 1140
178859 178858 3352
178860 178858 2506
178842 178649 1141
186124 178649 1656
178651 178650 818
178652 178650 951
180046 180045 757
180046 180049 2700
180048 180045 2468
180049 180046 2700
180049 180055 765
173040 179778 4236
179777 179778 2623
179867 179868 840
179869 179868 276
179942 179943 827
179952 179943 298
179952 179951 301
179952 179959 214
