588
112366 112361 764
112366 112363 1004
112366 112367 1357
112372 112367 950
112368 112364 764
112368 112367 1576
111791 111787 947
111791 111790 688
111792 111789 1669
111792 111790 681
112582 111747 667
112582 112583 434
112582 112649 333
112650 111750 445
112652 112649 672
112652 112653 893
112173 111789 756
112173 112172 756
112177 112172 2007
112177 112178 1719
112177 112182 826
112897 112898 228
112897 112899 701
112897 112900 1988
112240 112204 2007
112200 112196 2044
112200 112204 588
112198 112192 1592
112198 112197 869
112199 112182 764
112199 112197 2063
112199 112896 1504
112642 112638 66
112642 112641 788
112660 112641 2014
112660 112655 2271
112691 112690 836
112691 112726 2085
112725 112726 747
112638 112637 1487
112638 112642 66
112243 112204 930
112243 112242 1919
112252 112236 1592
112260 112236 847
112260 112259 1565
112260 112271 764
112272 112271 1466
112244 112239 2028
112244 112245 336
112251 112239 847
112251 112250 672
112245 112238 536
112245 112242 420
112245 112244 336
112375 112271 765
112375 112356 1466
112365 112356 756
112365 112359 1344
112364 112359 847
112364 112362 1466
112364 112368 764
112687 112688 2014
112939 112688 787
112939 112940 872
112942 112940 1114
112942 112966 1139
112961 112965 2145
112961 112967 836
112968 112967 1945
112968 113017 747
113058 113059 1445
113058 113328 782
113058 113331 1820
113344 113328 1635
113344 113345 708
113345 113344 708
113345 113346 1062
113353 113349 893
113353 113352 924
113359 113352 1467
113359 113358 848
113358 113359 848
113358 113360 1031
113362 113360 1549
113362 113363 905
113362 113375 1983
113375 113362 1983
113375 113376 924
113375 113382 2011
113382 113375 2011
113382 113383 238
113389 113390 1268
113398 113399 516
113398 113419 889
113417 113419 2173
113020 113014 1901
113020 113019 557
113020 113021 924
113025 112933 1877
113025 113024 889
113021 113015 1961
113021 113020 924
113023 103303 1901
113023 113015 818
113016 103303 924
113016 103304 252
103307 103305 333
103307 103308 889
113029 103308 598
113045 113046 761
113045 113073 1844
113074 113073 768
113074 113844 344
113060 113061 836
103317 103319 950
103317 112781 946
112809 112808 905
113048 113047 788
113048 113050 1268
103309 103308 344
103309 103310 275
112933 112934 809
112933 113025 1877
104531 104529 1738
104531 104535 336
104535 104531 336
104535 104534 649
104544 104534 1820
104544 104550 924
113409 113405 1796
113410 113406 1304
113410 113419 836
104521 104503 2011
104521 104520 1031
104521 113405 796
104528 104520 1930
104528 104529 1031
104642 104641 1284
104639 104640 656
104639 104662 782
104665 104662 930
104545 104534 1066
104545 104536 2477
104545 104550 1496
104547 104537 1385
104549 104539 1033
104549 113930 475
104540 104539 580
104540 104541 1577
104579 104515 1770
104579 104541 672
104515 104514 713
104515 104516 1062
104515 104579 1770
104577 104566 938
104577 104578 893
104596 104597 135
104621 104583 672
104621 104622 336
104572 104426 403
104572 104571 336
104580 104427 847
104580 104578 927
104583 104578 872
104583 104621 672
104568 104569 2090
104568 104571 806
39808 39798 3366
39808 39818 1066
39815 39799 877
39815 39813 1204
39613 39612 3657
39812 39799 2087
104868 104891 333
104891 104868 333
104961 105057 1146
105057 104961 1146
105066 105067 1345
105067 105066 1345
104663 104662 1613
104677 104676 805
104676 104677 805
105077 105093 1001
105093 105077 1001
39663 39715 511
39715 39663 511
39669 39671 1132
39671 39669 1132
39687 39692 827
39692 39687 827
39743 39741 1458
39741 39743 1458
41015 41018 2453
41018 41015 2453
41148 41151 344
41151 41148 344
40870 40869 2189
40648 40869 1619
40869 40648 1619
40869 40870 2189
41671 41669 1010
41669 41671 1010
48598 48597 1248
55292 55295 1035
55295 55292 1035
55388 55389 1890
55389 55388 1890
55403 55404 952
55404 55403 952
55404 55409 873
55409 55404 873
55453 55454 418
55454 55453 418
48593 48596 475
48596 48593 475
48597 48598 1248
48610 48629 828
48629 48610 828
48629 48680 1535
48680 48629 1535
48680 48684 688
48684 48680 688
48775 48796 517
48796 48775 517
49128 49145 2561
49145 49128 2561
49089 49072 747
49072 49089 747
49172 49173 1148
49173 49172 1148
49596 49612 668
49612 49596 668
55113 55118 474
55118 55113 474
144475 142522 2419
144475 144483 2515
144483 144475 2515
144483 144518 2785
144518 144483 2785
144663 145274 172
144663 145274 172
145274 144663 172
145274 144663 172
196777 196794 1112
196794 196777 1112
139888 139889 1528
139889 139888 1528
150595 150590 834
150590 150595 834
142281 142282 738
142522 144475 2419
142282 142281 738
142282 142284 466
141636 141639 565
141639 141636 565
142034 142036 327
142036 142034 327
142284 142282 466
207767 207784 924
207772 207775 755
207775 207772 755
196778 196776 1869
196776 196778 1869
145510 145558 750
145558 145510 750
145558 145565 805
145565 145558 805
145399 145386 744
145386 145399 744
145392 145415 853
145415 145392 853
145453 145811 600
145811 145453 600
146017 146018 765
146018 146017 765
151511 151512 834
151512 151511 834
204492 204505 549
204505 204492 549
203722 203776 841
203776 203722 841
203781 203784 839
203784 203781 839
204426 204434 907
204434 204426 907
204480 204479 1055
204479 204480 1055
208094 208109 867
208109 208094 867
207784 207767 924
207784 207833 805
207833 207784 805
207833 207834 751
207834 207833 751
207860 208547 1185
208547 207860 1185
207856 207858 864
207858 207856 864
180640 180646 1984
166893 166891 766
166904 166905 1293
166905 166904 1293
161235 167000 2232
167000 161235 2232
166883 166917 2454
166917 166883 2454
180646 180640 1984
180490 180488 1919
180488 180490 1919
182254 182252 1560
182167 182168 629
182168 182167 629
182131 182139 452
182139 182131 452
182252 182254 1560
166891 166893 766
166938 166941 517
166941 166938 517
176451 176457 2340
176457 176451 2340
155522 175375 976
175375 155522 976
175375 175372 276
175372 175375 276
175946 175959 253
175959 175946 253
175879 175878 672
175878 175879 672
176066 176065 1498
176065 176066 1498
175891 175890 562
175890 175891 562
176054 176055 336
176055 176054 336
176047 176048 788
176048 176047 788
175036 175038 3205
175047 175049 1108
175049 175047 1108
175038 175036 3205
210942 210943 1516
210943 210942 1516
212067 212081 213
212081 212067 213
163762 163759 600
163759 163762 600
163902 163901 842
165285 165245 885
165286 165282 1000
165282 165286 1000
165245 165285 885
163901 163902 842
166389 166406 421
166406 166389 421
165009 165006 796
165006 165009 796
161349 161354 713
161349 161373 2210
161354 161349 713
161373 161349 2210
164525 161370 818
161370 164525 818
212069 212084 1628
212084 212069 1628
212761 212167 371
212167 212761 371
212368 212419 853
212419 212368 853
114848 114849 969
114849 114848 969
106933 106855 905
106855 106933 905
107376 107374 788
107379 107380 696
107374 107376 788
107380 107379 696
92900 92941 2257
92941 92900 2257
106751 106750 929
106750 106751 929
109888 109887 1013
109887 109888 1013
111916 111924 872
111924 111916 872
112039 112040 889
112040 112039 889
112040 112041 872
112041 112040 872
112075 112078 893
112078 112075 893
112112 112113 1357
112113 112112 1357
112151 112208 354
112208 112151 354
112233 112227 756
112227 112233 756
112363 112366 1004
112361 112362 1466
112361 112366 764
112367 112362 756
112367 112366 1357
112367 112368 1576
112367 112372 950
111787 111790 840
111787 111791 947
111790 111787 840
111790 111791 688
111790 111792 681
111789 111792 1669
111789 112173 756
111747 112582 667
112583 112582 434
112649 112582 333
112649 112652 672
111750 112650 445
112653 112652 893
112172 112173 756
112172 112177 2007
112178 112177 1719
112182 112177 826
112182 112199 764
112898 112897 228
112899 112897 701
112900 112897 1988
112204 112200 588
112204 112240 2007
112204 112243 930
112196 112200 2044
112192 112198 1592
112197 112198 869
112197 112199 2063
112896 112199 1504
112641 112642 788
112641 112660 2014
112655 112660 2271
112690 112691 836
112726 112691 2085
112726 112725 747
112637 112638 1487
112242 112238 333
112242 112243 1919
112242 112245 420
112236 112252 1592
112236 112260 847
112259 112260 1565
112271 112260 764
112271 112272 1466
112271 112375 765
112239 112244 2028
112239 112251 847
112250 112251 672
112238 112242 333
112238 112245 536
112356 112365 756
112356 112375 1466
112359 112364 847
112359 112365 1344
112362 112361 1466
112362 112364 1466
112362 112367 756
112688 112687 2014
112688 112939 787
112940 112939 872
112940 112942 1114
112966 112942 1139
112966 112965 884
112965 112961 2145
112965 112966 884
112967 112961 836
112967 112968 1945
113017 112968 747
113059 113058 1445
113328 113058 782
113328 113344 1635
113331 113058 1820
113346 113345 1062
113346 113349 252
113349 113346 252
113349 113353 893
113352 113353 924
113352 113359 1467
113360 113358 1031
113360 113362 1549
113363 113362 905
113363 113376 2065
113376 113363 2065
113376 113375 924
113383 113382 238
113383 113390 1099
113390 113383 1099
113390 113389 1268
113399 113398 516
113419 113398 889
113419 113410 836
113419 113417 2173
113014 113015 796
113014 113020 1901
113019 113020 557
113019 113024 1877
113024 112934 1813
113024 113019 1877
113024 113025 889
113015 113014 796
113015 113021 1961
113015 113023 818
103303 103304 889
103303 113016 924
103303 113023 1901
103304 103303 889
103304 103305 445
103304 113016 252
103305 103304 445
103305 103307 333
103308 103307 889
103308 103309 344
103308 113029 598
113046 113045 761
113046 113047 764
113073 113045 1844
113073 113074 768
113844 113074 344
113061 113060 836
103319 103317 950
112781 103317 946
112808 112809 905
112808 113050 1197
113047 113046 764
113047 113048 788
113050 112808 1197
113050 113048 1268
103310 103309 275
112934 112933 809
112934 113024 1813
104529 104528 1031
104529 104531 1738
104534 104535 649
104534 104544 1820
104534 104545 1066
104550 104544 924
104550 104545 1496
113405 104521 796
113405 113409 1796
113406 113410 1304
104503 104521 2011
104520 104521 1031
104520 104528 1930
104641 104640 450
104641 104642 1284
104640 104639 656
104640 104641 450
104662 104639 782
104662 104663 1613
104662 104665 930
104536 104537 818
104536 104545 2477
104537 104536 818
104537 104547 1385
104539 104540 580
104539 104549 1033
113930 104549 475
104541 104514 1930
104541 104540 1577
104541 104579 672
104514 104515 713
104514 104541 1930
104516 104515 1062
104566 104577 938
104566 104578 750
104578 104566 750
104578 104577 893
104578 104580 927
104578 104583 872
104597 104596 135
104622 104621 336
104426 104427 336
104426 104572 403
104571 104568 806
104571 104572 336
104427 104426 336
104427 104580 847
104569 104568 2090
39798 39808 3366
39818 39808 1066
39799 39812 2087
39799 39815 877
39813 39815 1204
39612 39613 3657
986
112366
112372
112368
111791
111792
112582
112650
112652
112173
112177
112897
112240
112200
112198
112199
112642
112660
112691
112725
112638
112243
112252
112260
112272
112244
112251
112245
112375
112365
112364
112687
112939
112942
112961
112968
113058
113344
113345
113353
113359
113358
113362
113375
113382
113389
113398
113417
113020
113025
113021
113023
113016
103307
113029
113045
113074
113060
103317
112809
113048
103309
112933
104531
104535
104544
113409
113410
104521
104528
104642
104639
104665
104545
104547
104549
104540
104579
104515
104577
104596
104621
104572
104580
104583
104568
39808
39815
39613
39633
39821
39784
39788
39796
39812
104745
104764
104803
104868
104891
104965
104963
104967
104961
105057
105061
105051
105066
105096
105065
105067
104663
104677
104676
104457
105072
105073
105077
105093
39581
39652
39658
39711
39663
39673
39715
39629
39631
39669
39676
39671
39687
39692
39743
39759
39741
39954
41002
41003
41015
41018
41010
41030
41033
41041
41043
41052
41058
41148
41151
41160
40628
41159
41161
41168
40870
40878
41334
40901
40971
41344
41352
41370
41372
40643
40648
40869
41671
40994
41669
48598
55128
55130
55292
55295
55388
55389
55403
55404
55409
55432
55453
55454
48593
48596
48597
48608
48610
48629
48680
48599
48605
48684
48746
48793
48775
48795
48796
48813
48812
48816
49139
49128
49145
49091
49062
49065
49079
49089
49097
49136
49072
49146
48928
49105
49115
48234
49172
49173
49195
49196
49596
49612
49620
131407
131667
131674
131807
131814
120605
131875
49650
49659
129925
131798
121426
54331
54386
54330
54434
54482
54502
54394
54505
54508
49668
53848
53799
53802
53834
53846
55141
55063
55061
55113
55118
144475
144483
144518
144521
144529
144607
144610
144616
144645
144648
144660
144663
145274
196720
196736
196741
196777
196794
139888
139889
150594
150595
150631
150590
151726
151947
139886
139887
140161
140181
140196
140245
140247
141569
141571
141582
142281
142313
142320
142477
142484
142487
142513
142522
142282
141636
141639
141646
141921
142015
142034
142036
142035
142048
142555
142557
142287
142569
142284
56101
56125
204670
204683
204690
204763
207767
207782
207772
207775
207774
207712
207721
207728
196778
145291
145293
145299
145302
145298
196746
196753
196756
196776
145333
145334
145510
145558
145565
145397
145399
145394
145384
145580
145386
145569
145581
145392
145415
145419
145429
145453
145811
145816
145831
145841
146017
146018
146023
146057
146063
146066
151511
151451
151462
151464
151508
151509
151512
151466
151467
151510
151452
151521
151524
151407
204492
204505
204509
204661
204665
203722
203776
203781
203784
203802
204405
204419
204423
204426
204434
204480
204479
208113
208114
208511
208529
208530
208536
208550
208094
208109
208110
208116
207784
207833
207834
207838
207860
208546
208547
208523
207856
207858
208170
208174
208193
208407
208417
208458
208460
208466
208482
208490
208492
208487
210702
210712
210727
210723
210738
210751
210749
210747
210766
180658
180631
180664
180277
180281
180283
180285
180295
180266
180609
180640
180662
180661
166893
166904
166905
185191
185198
166387
166390
166415
166513
166497
166521
166530
166686
166675
166657
166628
166639
166689
166687
161235
161237
167000
167073
166661
166747
166996
167017
166882
166883
166917
166962
167136
167148
167154
180760
180646
180670
180490
180572
180569
180404
179687
180465
180434
180480
180476
180488
182323
182386
182254
173605
182163
181984
182167
182168
179718
181927
181935
181943
182131
182139
182154
182159
182172
181975
182363
182252
182373
173618
173622
173625
166900
185179
166946
166891
166938
166941
166907
152243
166971
166963
152255
152391
166973
152250
166366
166955
176411
161239
176424
176420
176427
161240
152284
152219
152282
173952
174779
174780
176627
173633
173665
173721
185983
173728
173833
172924
173816
173888
173630
173891
173925
176431
176450
176451
174682
175310
175311
176457
152024
155522
152028
175375
175364
175372
175386
175378
175477
175962
175949
175963
175495
175946
175959
175490
152058
152036
152051
175913
175444
175848
175853
175861
175874
175879
175878
175899
175897
177094
176976
176989
176987
176982
176994
176014
176031
176016
176066
176065
175891
175890
176054
176055
176047
176048
176062
175816
175822
175841
175825
175806
175802
175794
176040
175717
175727
175771
175780
175036
176671
176903
177062
175658
177067
177079
177082
176924
177078
177090
174796
174827
175606
175046
175047
175049
175038
210942
210943
210745
210960
210965
210998
211013
211413
211429
211430
211438
212053
212054
212058
208014
211024
211033
212067
212081
163567
163564
163574
165026
163762
163828
166438
166441
166445
163759
165075
165223
163902
165285
165286
165282
165245
165242
165251
165290
163899
163901
163830
163890
166453
166372
166389
166406
166425
163445
164292
164004
165008
165009
163577
165006
163053
164006
163066
172684
164379
164440
164458
164259
164320
164330
164334
164332
164367
164257
164389
164411
164421
164418
164469
164253
212415
161349
161354
161375
212429
164244
164348
164520
164547
164568
161373
164525
161367
161370
212069
212084
212098
212101
212231
212110
212360
212761
212167
212367
212368
212419
212421
114398
114411
114641
114389
115195
114354
114433
114409
114588
114413
114005
115213
119407
114848
114849
114923
114933
114925
115021
92097
92142
92160
115339
115327
115437
115457
115683
115345
115743
115414
115692
115725
105813
115766
106933
106855
106975
106982
107042
107045
107376
107357
107365
107359
107129
107379
107374
107380
107285
107314
107322
109519
92809
92878
102830
102832
92900
92941
92942
106157
106709
106916
106751
106913
106750
106213
116004
116020
116049
116028
116082
116078
116091
191514
191913
191530
191531
191510
192758
192762
192061
192064
191941
191776
191961
192847
192784
192787
192974
192978
192988
192985
190985
107623
109830
109859
109865
109888
109872
109887
107772
109839
111177
111164
111170
111168
111186
111111
111003
110959
110962
111191
111194
103345
111207
111901
111916
111924
112039
112040
112041
112053
112054
111589
112056
112075
112078
112080
112110
112076
112112
112113
112118
112151
112208
112215
112217
112317
112357
112289
112354
112349
112233
112227
112225
112363
112361
111787
111790
111789
111747
112583
112649
111750
112653
112172
112182
112204
112196
112192
112197
112641
112655
112690
112726
112637
112242
112236
112259
112271
112239
112250
112238
112356
112359
112362
112688
112940
112966
112965
112967
113017
113328
113331
113346
113349
113352
113360
113363
113376
113383
113390
113399
113014
113019
113024
113015
103303
103305
113046
113073
113061
103319
112781
112808
113047
113050
103310
112934
104529
104534
104550
113405
113406
104503
104520
104641
104640
104662
104536
104537
104539
104541
104514
104516
104566
104597
104426
104571
104427
104569
39798
39818
39799
39813
39612
