2078
256593 256590 1084
256593 256842 7071
256836 256839 475
256836 256840 511
256845 256846 983
256845 256852 981
256846 256845 983
256846 256851 787
256827 256831 1000
256849 256850 876
256863 256850 1827
256863 256864 680
256864 256863 680
256864 256866 763
256864 256867 1897
256874 256866 1635
238870 263084 2257
238870 263085 4347
238873 238877 3318
238873 238879 4768
264073 264075 1542
238274 238203 867
238274 238273 1828
238274 238277 1645
238275 238273 791
238212 238211 6383
238212 238263 499
238192 238190 4789
238192 238194 2358
238200 238174 5923
238203 238201 1698
238203 238207 1037
238203 238274 867
238204 238205 1817
238204 243396 352
238277 238274 1645
238277 243397 398
238269 238268 1737
238871 238876 123
263084 238870 2257
263084 263086 2284
257068 257069 1205
257068 257070 1077
257061 257094 2555
257061 257095 2557
261776 257066 109
257127 257064 344
257127 257124 1256
257132 257134 713
257132 257135 1101
257156 257153 518
238422 238399 8216
238422 238428 2438
238422 238430 2074
238466 238460 5973
238466 263224 1099
238487 238482 761
238487 238488 2475
242582 242652 988
263216 263217 858
238493 238491 4703
238493 238495 5000
238680 238666 1188
238680 238679 1162
238977 238982 237
238985 238966 1136
238985 238986 2441
238708 238695 5658
238708 238723 173
238946 238947 655
238946 238963 2262
238958 238957 937
238958 238960 649
238961 238960 101
238961 263326 707
239173 238942 543
239173 262798 695
238963 238946 2262
238963 238957 1547
238963 238964 1982
238969 239004 4885
238969 239005 1730
239015 239011 3834
239015 239065 1255
239017 239004 1779
239017 239016 912
239114 239073 5652
239114 239115 983
239047 239079 5460
263331 263332 146
263331 263333 258
239176 239174 705
239176 263962 957
238803 259740 201
238803 259742 101
239087 239085 1624
239087 263389 170
239085 239083 2195
239085 239087 1624
239091 239092 1171
239091 239099 3320
238745 238744 2296
238745 238751 971
238774 238770 5689
238774 238788 1247
238751 238745 971
238751 238748 1072
242802 242799 1443
242829 242830 484
242829 242831 120
242703 242701 734
242781 242766 1662
242927 242926 1112
243039 263384 681
243068 243070 106
261912 261910 642
243040 243041 470
243040 243043 395
242964 242967 741
242964 243037 322
242966 242958 1675
242966 242965 587
261998 243037 626
243053 243054 217
242723 242720 2152
242723 242722 1854
262137 242654 7954
261522 242672 2369
242738 242739 2670
239694 239690 3074
239694 239695 1885
242751 239698 3076
239700 239699 4130
240135 240133 3162
240135 240134 3204
240274 240272 1368
243343 261411 17666
243384 243383 3079
261385 261392 1143
261385 261393 885
261390 261392 780
261390 263509 631
261312 261310 778
261312 261311 946
261323 261322 394
243405 261310 1839
244832 244817 804
244830 244829 1139
244836 244742 1575
244836 244834 1675
244836 244835 838
244837 244834 515
244842 244742 749
244842 244747 1493
244877 244747 946
244877 244878 1027
244755 244748 786
244755 244757 1188
244755 244876 713
244878 244876 418
244878 244877 1027
244757 244755 1188
244757 244756 845
244757 244759 580
244963 244960 749
244963 244964 1161
244964 244962 597
244964 244963 1161
244991 261303 301
245000 244999 926
245000 245002 1905
245000 261846 371
245003 245004 1429
261300 244990 1582
261300 261878 201
263513 263512 432
245306 245307 357
245051 245002 1023
245051 245004 591
245051 245055 724
245056 245011 641
245056 245057 1229
245008 244992 166
245008 245005 787
245008 245010 715
245011 245010 1181
245011 245056 641
245006 244875 807
245006 245005 900
245024 244875 900
245024 245023 1232
244809 244814 725
244810 244811 701
245118 245115 844
245136 245114 880
245136 245137 1704
245022 245016 1769
245022 245021 1028
245022 245025 786
245023 245019 675
245023 245024 1232
245025 245017 1688
245025 245022 786
245025 245026 820
245026 245025 820
245026 245033 1054
245577 245582 1137
245580 245581 776
245172 245173 3998
245172 245174 1251
245249 245250 1101
245249 245250 1101
245624 245629 2022
245624 245630 680
245583 245164 1170
245583 245584 3441
245630 245624 680
245630 245631 1025
245635 245636 1489
245635 245642 1795
245272 245263 971
245272 245270 1452
245642 245635 1795
245642 261837 702
245643 245645 1021
245643 245646 4424
245653 245660 408
245653 245662 301
245660 245653 408
245660 245668 1332
245661 245668 433
245661 245803 702
246584 246583 473
246584 246585 610
246584 246586 1419
246594 245823 1342
246594 246595 1160
245821 245822 2169
245821 245823 1714
245832 245822 504
245832 245825 511
245824 245823 2434
245824 245825 1670
245834 245836 1729
245834 245837 1113
245835 245836 1100
245835 246692 536
245881 245882 983
245881 245883 1479
243166 264281 799
243132 243125 902
243132 243135 665
242818 242988 485
242981 242936 719
242981 242944 1501
242981 264275 229
235634 235635 573
242987 242985 504
242987 242988 836
242945 242940 832
242945 242997 839
242960 242941 2164
242960 242965 277
243001 243036 749
243008 242967 485
243008 243036 396
243008 261526 529
243124 243125 735
243124 243126 1646
243134 243125 592
245883 245881 1479
245883 245893 871
245883 245894 1810
245896 245893 1767
246723 246721 1551
246726 246722 1498
246724 245652 1055
246724 246709 1007
246724 246722 688
246719 246718 2697
246779 246754 1504
246782 246790 1224
246782 247957 1493
247962 247961 2319
247962 247964 1805
247971 246790 2239
247971 247978 2278
248139 248140 749
248139 248141 675
248139 248142 2778
248140 248139 749
248140 248142 3183
248140 248147 3812
248140 248148 1006
247969 247968 457
247969 247982 1081
247988 247965 222
247975 247966 1248
247975 247976 1188
247976 247975 1188
247976 247978 1257
247992 247991 884
247992 247993 929
248010 248001 143
248011 248005 1077
248011 248015 2102
256371 256374 1297
256371 256375 741
256375 256371 741
256375 256393 2422
256375 256395 900
256505 256529 106
256505 256530 1159
256520 256519 1708
256520 256552 99
256514 256516 548
248022 248021 876
248122 248291 946
248122 248292 724
248258 248236 1141
248268 248262 238
248290 248197 1466
248290 248198 2785
248331 248327 2598
248331 248336 985
248332 248334 889
248332 248381 2976
255590 255589 1671
255594 255591 763
255594 255614 238
255659 255657 610
255658 255651 1493
255658 255908 737
255658 255910 418
256377 256380 1218
256377 256382 620
256378 256379 889
256378 256382 1482
256328 256379 1501
256328 256385 769
256306 256304 788
256306 256309 696
256306 256323 1030
256329 256330 307
256329 256331 581
256329 256385 1359
256347 256348 951
256349 256348 844
256349 256353 1172
256349 256380 801
256515 256516 2155
256515 256517 1060
256542 256540 946
256542 256543 1066
256542 256577 672
256574 256594 2181
256588 256590 809
256588 256591 1257
256535 256517 1821
256590 256588 809
256590 256592 1022
256590 256593 1084
256590 256834 1906
256842 256593 7071
256842 261184 2654
256839 256836 475
256840 256836 511
256852 256845 981
256852 256851 1031
256852 256853 1300
256851 256846 787
256851 256852 1031
256851 256853 1025
256831 256827 1000
256850 256849 876
256850 256863 1827
256850 256867 949
256866 256864 763
256866 256868 2028
256866 256874 1635
256867 256850 949
256867 256864 1897
256867 256868 628
263085 238870 4347
238877 238873 3318
238877 238878 1869
238877 238881 1319
238877 238882 1558
238879 238873 4768
238879 238880 1614
238879 263090 1995
264075 264065 1929
264075 264073 1542
238273 238201 1605
238273 238274 1828
238273 238275 791
238211 238129 2405
238211 238196 8175
238211 238212 6383
238263 238212 499
238190 238169 1082
238190 238191 4037
238190 238192 4789
238194 238191 152
238194 238192 2358
238194 238195 1097
238174 238172 2533
238174 238200 5923
238201 238180 1895
238201 238202 2162
238201 238203 1698
238201 238273 1605
238207 238203 1037
238207 238205 161
238205 238204 1817
238205 238207 161
238205 263634 664
243396 238204 352
243397 238277 398
238268 238265 1390
238268 238269 1737
238876 238295 2369
238876 238871 123
263086 256915 1113
263086 263084 2284
263086 263087 4399
257069 257068 1205
257069 257071 550
257069 257072 1611
257070 257068 1077
257070 257073 1085
257070 257093 1101
257094 257061 2555
257094 257064 373
257094 257095 610
257094 257150 2155
257095 257061 2557
257095 257094 610
257095 257096 454
257066 257065 434
257066 257122 729
257066 261776 109
257064 257063 2395
257064 257094 373
257064 257127 344
257124 257065 628
257124 257123 884
257124 257127 1256
257134 257132 713
257135 257132 1101
257135 257152 649
257135 257153 350
257153 257135 350
257153 257156 518
257153 263998 348
238399 238400 6787
238399 238421 4288
238399 238422 8216
238428 238422 2438
238430 238422 2074
238430 238427 1899
238430 238433 2619
238460 238363 1069
238460 238458 1416
238460 238466 5973
263224 238466 1099
238482 238483 829
238482 238487 761
238482 263995 822
238488 238486 655
238488 238487 2475
238488 263657 548
242652 242582 988
263217 263216 858
263217 263218 10645
263217 263219 223
238491 238468 6260
238491 238490 1127
238491 238493 4703
238495 238476 5328
238495 238493 5000
238495 263653 1133
238666 238665 4155
238666 238665 4155
238666 238680 1188
238679 238655 239
238679 238659 1568
238679 238680 1162
238982 238977 237
238982 238988 661
238982 263102 628
238966 238964 6892
238966 238985 1136
238966 238987 2360
238986 238985 2441
238695 238684 1645
238695 238696 1003
238695 238708 5658
238723 238699 254
238723 238708 173
238947 238946 655
238957 238958 937
238957 238963 1547
238960 238958 649
238960 238961 101
238960 238962 1607
263326 238961 707
238942 238943 1553
238942 239173 543
262798 239173 695
262798 262799 295
238964 238963 1982
238964 238966 6892
238964 238968 2675
239004 238969 4885
239004 239017 1779
239004 243075 2024
239005 238969 1730
239005 239006 1604
239011 239007 1332
239011 239014 449
239011 239015 3834
239065 239012 230
239065 239015 1255
239065 239066 1545
239016 239017 912
239073 239072 4247
239073 239079 430
239073 239114 5652
239115 239114 983
239115 239116 1826
239115 239117 1376
239115 262120 6681
239079 239047 5460
239079 239073 430
239079 239075 1554
263332 263331 146
263333 263331 258
239174 239175 579
239174 239176 705
239174 262828 1226
263962 239176 957
259740 238801 3392
259740 238803 201
259740 259742 157
259740 263387 416
259742 238803 101
259742 259740 157
263389 239087 170
239083 239084 1921
239083 239085 2195
239092 239091 1171
239099 239086 4868
239099 239091 3320
239099 239102 2065
238744 238734 2446
238744 238745 2296
238744 254894 849
238770 238769 4219
238770 238773 1419
238770 238774 5689
238788 238774 1247
238788 238792 1646
238788 238797 2805
238748 238746 1819
238748 238751 1072
238748 261486 1445
242799 242800 1194
242799 242801 3116
242799 242802 1443
242830 242801 1561
242830 242829 484
242830 242831 561
242831 242829 120
242831 242830 561
242831 242832 241
242701 242700 694
242701 242703 734
242766 242762 3482
242766 242773 572
242766 242781 1662
242926 242927 1112
242926 242939 590
263384 243038 708
263384 243039 681
243070 243068 106
243070 243069 578
243070 243076 1137
261910 243066 833
261910 261912 642
261910 261913 648
243041 243040 470
243043 243040 395
243043 243042 226
242967 242964 741
242967 242965 1174
242967 243008 485
243037 242964 322
243037 242972 1211
243037 261998 626
242958 242950 213
242958 242966 1675
242965 242960 277
242965 242966 587
242965 242967 1174
243054 243053 217
243054 263754 3811
242720 242716 2471
242720 242721 279
242720 242722 2092
242720 242723 2152
242722 242718 1989
242722 242720 2092
242722 242723 1854
242722 242724 6026
242654 239597 730
242654 242648 1699
242654 262137 7954
242672 242660 435
242672 261522 2369
242739 242738 2670
239690 239687 3994
239690 239694 3074
239690 239696 1580
239695 239694 1885
239698 239697 8211
239698 242751 3076
239699 239700 4130
239699 240110 7486
240133 240124 1136
240133 240130 929
240133 240135 3162
240134 240130 990
240134 240135 3204
240272 240267 67
240272 240273 175
240272 240274 1368
261411 240282 161
261411 243343 17666
243383 243384 3079
261392 261385 1143
261392 261390 780
261392 261398 848
261393 261385 885
261393 261398 1231
261393 261400 761
263509 261390 631
261310 243405 1839
261310 261309 924
261310 261312 778
261310 261326 1153
261311 261312 946
261311 261313 462
261322 261315 765
261322 261323 394
244817 244818 238
244817 244829 746
244817 244832 804
244829 244699 1192
244829 244707 418
244829 244817 746
244829 244830 1139
244742 244741 675
244742 244745 1356
244742 244836 1575
244742 244842 749
244834 244831 275
244834 244836 1675
244834 244837 515
244835 244714 238
244835 244831 1931
244835 244836 838
244747 244745 736
244747 244749 696
244747 244842 1493
244747 244877 946
244748 244744 825
244748 244746 1559
244748 244755 786
244748 244756 1530
244876 244749 580
244876 244755 713
244876 244878 418
244756 244748 1530
244756 244751 278
244756 244757 845
244759 244757 580
244759 244760 1700
244960 244961 1247
244960 244962 983
244960 244963 749
244962 244960 983
244962 244964 597
261303 244991 301
261303 244993 74
261303 244993 74
244999 244998 556
244999 245000 926
244999 245050 1076
245002 245000 1905
245002 245051 1023
261846 245000 371
245004 245003 1429
245004 245010 213
245004 245051 591
244990 244968 1359
244990 261300 1582
261878 244981 913
261878 244993 660
261878 261300 201
261878 261301 729
263512 244965 473
263512 263513 432
245307 245306 357
245055 245051 724
245057 245056 1229
244992 244993 2023
244992 245008 166
245005 244979 833
245005 244997 1260
245005 245006 900
245005 245008 787
245005 261301 1832
245010 245004 213
245010 245008 715
245010 245011 1181
244875 244874 1686
244875 245006 807
244875 245024 900
244814 244809 725
244811 244810 701
244811 244969 361
245115 245114 6672
245115 245118 844
245114 245107 2455
245114 245115 6672
245114 245136 880
245114 261250 2359
245137 245136 1704
245016 245014 771
245016 245017 852
245016 245022 1769
245021 244874 214
245021 245014 1976
245021 245019 214
245021 245022 1028
245019 244874 25
245019 245021 214
245019 245023 675
245017 245016 852
245017 245020 721
245017 245025 1688
245033 245026 1054
245582 245577 1137
245582 245581 588
245582 245581 588
245581 245580 776
245581 245582 588
245581 245582 588
245173 245172 3998
245174 245171 1126
245174 245172 1251
245174 245175 2291
245174 245176 2784
245250 245249 1101
245250 245249 1101
245250 245251 248
245629 245624 2022
245164 245165 153
245164 245583 1170
245584 245583 3441
245631 245630 1025
245636 245635 1489
245636 245646 770
245263 245261 1561
245263 245265 1404
245263 245272 971
245270 245268 924
245270 245272 1452
245270 245274 1233
261837 245642 702
245645 245643 1021
245645 245648 1781
245645 245662 1012
245646 245636 770
245646 245643 4424
245646 245670 842
245662 245645 1012
245662 245653 301
245662 245663 1042
245668 245660 1332
245668 245661 433
245668 245663 408
245803 245661 702
245803 245804 629
246583 246582 278
246583 246584 473
246585 246566 6632
246585 246584 610
246586 245823 2918
246586 246584 1419
246586 246591 1204
246586 246596 1299
245823 245821 1714
245823 245824 2434
245823 246586 2918
245823 246594 1342
246595 246594 1160
245822 245821 2169
245822 245832 504
245825 245824 1670
245825 245832 511
245836 245834 1729
245836 245835 1100
245836 246696 2299
245836 246701 949
245837 245834 1113
245837 245894 1277
245837 246701 2043
246692 245835 536
246692 246602 3382
246692 246693 3459
245882 245881 983
264281 243166 799
243125 243124 735
243125 243132 902
243125 243133 1307
243125 243134 592
243135 243132 665
243135 243198 767
243135 243199 704
242988 242818 485
242988 242987 836
242936 242935 335
242936 242943 1500
242936 242981 719
242936 242993 455
242944 242943 776
242944 242981 1501
242944 242997 1085
264275 242981 229
235635 235634 573
235635 242993 266
242985 242984 203
242985 242987 504
242940 242939 695
242940 242942 1043
242940 242945 832
242997 242942 733
242997 242944 1085
242997 242945 839
242941 242939 1063
242941 242959 505
242941 242960 2164
243036 243001 749
243036 243008 396
261526 243008 529
261526 261527 262
243126 243124 1646
245893 245883 871
245893 245895 1830
245893 245896 1767
245894 245837 1277
245894 245883 1810
245894 245895 1272
245894 246720 2043
246721 245895 1356
246721 246722 3287
246721 246723 1551
246722 246721 3287
246722 246724 688
246722 246726 1498
245652 245651 1713
245652 246709 536
245652 246724 1055
246709 245652 536
246709 245656 983
246709 246707 949
246709 246724 1007
246718 245651 5183
246718 246714 1065
246718 246719 2697
246754 246751 3105
246754 246769 3877
246754 246779 1504
246790 246769 3501
246790 246782 1224
246790 247971 2239
247957 246782 1493
247957 247958 1576
247957 247974 1299
247961 247959 1055
247961 247962 2319
247961 247963 671
247964 247962 1805
247964 247965 1305
247964 247967 950
247964 247968 336
247978 247971 2278
247978 247976 1257
248141 247065 2003
248141 248139 675
248142 237880 580
248142 248139 2778
248142 248140 3183
248147 247981 4495
248147 248140 3812
248147 248149 1398
248148 242169 125
248148 247981 353
248148 248140 1006
247968 247964 336
247968 247969 457
247982 247969 1081
247965 247963 1482
247965 247964 1305
247965 247988 222
247965 247989 473
247966 247967 950
247966 247974 736
247966 247975 1248
247991 247989 1409
247991 247992 884
247991 247996 2064
247993 247992 929
248001 241978 1499
248001 248000 847
248001 248010 143
248005 248000 1022
248005 248003 1680
248005 248011 1077
248015 248011 2102
248015 248016 1060
248015 248021 556
256374 256355 663
256374 256371 1297
256374 256381 1212
256393 256375 2422
256393 256381 867
256393 256383 1401
256393 256394 795
256395 256375 900
256395 256397 1606
256395 256526 1359
256395 256529 1838
256529 256395 1838
256529 256505 106
256529 256531 1377
256530 256505 1159
256530 256519 143
256530 256532 1620
256519 256517 664
256519 256520 1708
256519 256530 143
256552 256520 99
256516 256514 548
256516 256515 2155
256516 256518 740
248021 248015 556
248021 248022 876
248021 248023 1055
248291 248122 946
248291 248195 479
248291 264051 404
248292 248122 724
248236 248232 680
248236 248258 1141
248262 248233 4910
248262 248268 238
248262 248269 1905
248262 248271 1480
248197 248184 3023
248197 248288 1031
248197 248290 1466
248198 248184 2822
248198 248189 1465
248198 248199 1031
248198 248290 2785
248327 248326 1785
248327 248331 2598
248336 248331 985
248336 248335 336
248334 248332 889
248334 248335 1027
248334 248389 475
248381 248332 2976
248381 248382 1473
248381 264012 1783
255589 255590 1671
255589 255816 336
255591 255592 201
255591 255593 818
255591 255594 763
255591 255595 452
255614 255594 238
255614 255618 755
255614 255830 713
255657 255647 1729
255657 255651 580
255657 255659 610
255651 255649 475
255651 255657 580
255651 255658 1493
255908 255652 1541
255908 255658 737
255908 255856 1253
255910 255658 418
255910 255911 1493
256380 256349 801
256380 256355 1223
256380 256377 1218
256380 256381 585
256382 256377 620
256382 256378 1482
256382 256381 1251
256382 256383 878
256379 255364 848
256379 256328 1501
256379 256378 889
256379 256383 1442
256385 255364 1502
256385 256328 769
256385 256329 1359
256385 256387 692
256304 256295 809
256304 256305 591
256304 256306 788
256304 256307 664
256309 256295 889
256309 256302 737
256309 256306 696
256309 256311 1343
256323 256306 1030
256323 256322 587
256323 261763 879
256330 256322 1084
256330 256329 307
256331 255368 353
256331 256329 581
256331 256332 536
256348 256347 951
256348 256349 844
256348 256352 878
256353 256349 1172
256353 256354 662
256353 256355 756
256517 256515 1060
256517 256518 3009
256517 256519 664
256517 256534 1224
256517 256535 1821
256540 241923 1035
256540 256539 1445
256540 256542 946
256543 256542 1066
256543 256544 611
256577 256542 672
256577 256544 1114
256577 256578 1006
256594 256574 2181
256594 256581 238
256591 256588 1257
256592 256590 1022
256834 256590 1906
261184 256842 2654
256853 256851 1025
256853 256852 1300
256853 256882 868
256868 256866 2028
256868 256867 628
256868 256880 1031
238878 238877 1869
238881 238877 1319
238882 238877 1558
238880 238879 1614
263090 238879 1995
264065 264066 1850
264065 264067 1799
264065 264075 1929
238129 238128 4351
238129 238132 2580
238129 238136 1668
238129 238211 2405
238196 238195 593
238196 238211 8175
238169 238167 6200
238169 238188 2424
238169 238190 1082
238191 238189 2169
238191 238190 4037
238191 238194 152
238195 238193 8039
238195 238194 1097
238195 238196 593
238172 238170 3974
238172 238174 2533
238180 238179 2201
238180 238201 1895
238180 238280 4081
238202 238201 2162
238202 243394 347
238202 243395 745
263634 238205 664
238265 238242 3764
238265 238266 2109
238265 238267 1147
238265 238268 1390
238295 238296 2539
238295 238876 2369
256915 256916 894
256915 263086 1113
256915 264331 3067
263087 263086 4399
257071 257069 550
257071 257073 750
257071 257074 1454
257072 257069 1611
257072 257074 763
257072 257077 580
257073 257070 1085
257073 257071 750
257073 257075 445
257093 257070 1101
257093 257097 610
257093 257099 252
257150 257094 2155
257150 257154 889
257096 257095 454
257096 257097 2405
257096 257147 364
257065 257066 434
257065 257123 580
257065 257124 628
257122 257066 729
257063 257064 2395
257123 257065 580
257123 257124 884
257152 257135 649
263998 257153 348
238400 238140 9737
238400 238399 6787
238400 238412 1242
238421 238399 4288
238421 238423 1724
238421 238427 3145
238427 238421 3145
238427 238430 1899
238427 238434 960
238427 238440 2539
238433 238430 2619
238433 238435 3086
238433 263221 1183
238363 238362 426
238363 238458 1095
238363 238460 1069
238458 238363 1095
238458 238459 3401
238458 238460 1416
238483 238482 829
238483 263246 933
238483 263247 1011
263995 238482 822
263995 238486 1591
263995 263246 944
238486 238485 55
238486 238488 655
238486 263995 1591
263657 238488 548
263657 263658 711
263218 238425 2790
263218 263217 10645
263218 263220 1383
263219 263217 223
263219 263687 1064
263219 263688 1066
238468 238461 7101
238468 238467 1775
238468 238491 6260
238490 238467 5979
238490 238491 1127
238490 238500 1240
238476 238477 3684
238476 238495 5328
238476 238646 367
238476 238654 4672
263653 238495 1133
238665 238666 4155
238665 238666 4155
238665 238667 1833
238655 238656 2456
238655 238679 239
238659 238657 257
238659 238668 5083
238659 238679 1568
238988 238982 661
238988 238989 580
238988 238995 853
263102 238982 628
263102 263103 1256
263102 263104 1490
238987 238966 2360
238987 239007 2306
238987 239008 1227
238684 238685 1813
238684 238695 1645
238684 238698 5364
238696 238695 1003
238699 238698 10715
238699 238713 4630
238699 238723 254
238962 238960 1607
238943 238942 1553
262799 262798 295
238968 238964 2675
238968 238967 2437
238968 263633 786
243075 239004 2024
239006 239005 1604
239007 238987 2306
239007 238999 1492
239007 239011 1332
239014 239011 449
239012 239013 508
239012 239052 1625
239012 239065 230
239066 239065 1545
239066 239067 2406
239066 239068 4269
239072 239057 150
239072 239058 3276
239072 239073 4247
239116 239115 1826
239117 239115 1376
262120 239115 6681
239075 239076 1241
239075 239078 757
239075 239079 1554
239175 239174 579
262828 239174 1226
238801 238799 1387
238801 238800 1152
238801 259740 3392
263387 259740 416
239084 239081 417
239084 239083 1921
239084 244820 1618
239086 239064 1727
239086 239099 4868
239086 239101 1192
239102 239099 2065
239102 239103 866
239102 239104 1056
238734 238729 2629
238734 238735 1792
238734 238744 2446
254894 238744 849
254894 238746 354
238769 238766 1911
238769 238770 4219
238769 238778 2996
238773 238770 1419
238773 238775 838
238773 238784 1326
238792 238788 1646
238797 238788 2805
238797 238798 1238
238797 238799 2637
238746 238747 1849
238746 238748 1819
238746 254894 354
261486 238748 1445
261486 238750 1534
261486 262192 1058
242800 242798 523
242800 242799 1194
242800 262119 786
242801 242799 3116
242801 242803 248
242801 242830 1561
242832 242831 241
242832 242833 1738
242832 242834 2871
242700 242698 912
242700 242699 192
242700 242701 694
242700 242702 488
242762 242763 1227
242762 242766 3482
242762 242770 3242
242773 242766 572
242773 242771 582
242773 261914 1392
242939 242926 590
242939 242938 1436
242939 242940 695
242939 242941 1063
243038 242971 704
243038 243044 920
243038 263384 708
243069 243070 578
243069 243071 753
243069 243077 944
243076 243070 1137
243066 243065 346
243066 261910 833
243066 261911 511
261913 261910 648
243042 243043 226
242972 242971 170
242972 243037 1211
242950 242949 545
242950 242957 108
242950 242958 213
242950 242959 211
263754 243054 3811
263754 261527 523
242716 242717 3536
242716 242718 1876
242716 242720 2471
242721 242720 279
242718 239682 118
242718 242716 1876
242718 242722 1989
242724 239683 424
242724 242722 6026
242724 242725 1129
239597 239598 1727
239597 242654 730
239597 242656 1623
242648 242646 3022
242648 242654 1699
242648 242655 4056
242660 242658 1074
242660 242672 435
239687 239688 2832
239687 239689 435
239687 239690 3994
239696 239690 1580
239696 239692 2530
239697 239645 3250
239697 239691 2465
239697 239698 8211
239697 240091 3730
239697 240110 375
240110 239697 375
240110 239699 7486
240110 240093 3636
240110 240111 2954
240124 240123 1996
240124 240125 581
240124 240127 2629
240124 240133 1136
240130 240131 1067
240130 240132 1039
240130 240133 929
240130 240134 990
240267 240268 246
240267 240272 67
240273 240272 175
240282 240281 1281
240282 244652 4932
240282 261411 161
261398 261392 848
261398 261393 1231
261398 261401 798
261400 261383 733
261400 261393 761
261400 261401 1287
261309 244692 411
261309 261310 924
261309 261321 640
261326 261310 1153
261326 261327 336
261313 261311 462
261313 261317 229
261315 244818 380
261315 261314 1002
261315 261322 765
244818 244817 238
244818 261315 380
244699 244696 625
244699 244829 1192
244707 244704 2054
244707 244708 770
244707 244712 550
244707 244829 418
244741 244713 825
244741 244714 926
244741 244740 1298
244741 244742 675
244745 244742 1356
244745 244743 275
244745 244747 736
244831 244712 762
244831 244834 275
244831 244835 1931
244714 244705 825
244714 244741 926
244714 244835 238
244749 244746 511
244749 244747 696
244749 244876 580
244744 244731 749
244744 244737 1900
244744 244740 2242
244744 244748 825
244746 244743 687
244746 244748 1559
244746 244749 511
244751 244737 786
244751 244754 344
244751 244756 278
244760 244759 1700
244760 244794 78
244961 244960 1247
244961 261881 488
244961 261886 361
244993 244992 2023
244993 261303 74
244993 261303 74
244993 261878 660
244998 244999 556
245050 244999 1076
244968 244967 1569
244968 244990 1359
244981 244977 1409
244981 244978 601
244981 244980 167
244981 261878 913
261301 245005 1832
261301 261878 729
244965 244800 1365
244965 244966 1238
244965 263512 473
244979 244977 566
244979 244980 1661
244979 245005 833
244997 244974 723
244997 244982 694
244997 245005 1260
244874 244875 1686
244874 245007 665
244874 245019 25
244874 245021 214
244969 244811 361
244969 244970 4546
245107 245105 697
245107 245109 2183
245107 245114 2455
261250 245114 2359
261250 261252 5304
245014 245015 749
245014 245016 771
245014 245021 1976
245020 245017 721
245171 245169 838
245171 245174 1126
245175 245174 2291
245176 245174 2784
245251 245250 248
245165 245164 153
245165 255044 156
245261 245259 545
245261 245263 1561
245261 245271 1573
245265 245262 393
245265 245263 1404
245265 245266 196
245268 245266 670
245268 245269 763
245268 245270 924
245274 245270 1233
245274 245273 1622
245648 245645 1781
245648 245647 746
245648 245649 1726
245670 245646 842
245670 245649 1614
245670 245671 736
245663 245647 2795
245663 245662 1042
245663 245667 805
245663 245668 408
245804 245667 1579
245804 245803 629
246582 246581 1121
246582 246583 278
246566 246564 1767
246566 246567 750
246566 246585 6632
246591 246586 1204
246591 246587 1583
246591 246592 847
246596 246586 1299
246596 246597 1809
246596 246598 275
246696 245836 2299
246696 246694 1833
246696 246697 1827
246701 245836 949
246701 245837 2043
246701 246705 749
246602 246600 949
246602 246601 1437
246602 246692 3382
246602 246693 536
246693 246602 536
246693 246692 3459
246693 246694 1224
243133 243125 1307
243198 243135 767
243199 243135 704
242935 242932 256
242935 242936 335
242943 242936 1500
242943 242942 1217
242943 242944 776
242943 264276 599
242993 235635 266
242993 242936 455
242984 242931 1296
242984 242985 203
242942 242940 1043
242942 242943 1217
242942 242997 733
242959 242941 505
242959 242950 211
261527 261526 262
261527 263754 523
245895 245893 1830
245895 245894 1272
245895 246721 1356
246720 245894 2043
246720 246705 597
246720 246705 597
245651 245652 1713
245651 245655 1057
245651 246718 5183
245656 245657 458
245656 246700 1493
245656 246709 983
245656 246711 2918
246707 246704 825
246707 246708 746
246707 246709 949
246714 246713 1546
246714 246716 1796
246714 246718 1065
246714 246743 2779
246714 246744 1014
246751 246747 1827
246751 246752 796
246751 246754 3105
246769 246754 3877
246769 246755 5507
246769 246789 1530
246769 246790 3501
247958 247957 1576
247974 247957 1299
247974 247966 736
247959 247960 949
247959 247961 1055
247959 247983 2284
247963 247961 671
247963 247965 1482
247963 247986 2008
247967 247964 950
247967 247966 950
247065 247063 1253
247065 247066 556
247065 248141 2003
237880 237879 1735
237880 248142 580
247981 247980 1350
247981 248147 4495
247981 248148 353
248149 248147 1398
248149 248150 3454
248149 248151 1375
248149 248152 876
242169 241979 2090
242169 248148 125
247989 247965 473
247989 247991 1409
247996 247991 2064
241978 241979 2178
241978 248001 1499
248000 241979 3376
248000 248001 847
248000 248005 1022
248003 247980 1810
248003 248004 904
248003 248005 1680
248016 248004 2100
248016 248015 1060
248016 248017 604
256355 256353 756
256355 256374 663
256355 256380 1223
256381 256374 1212
256381 256380 585
256381 256382 1251
256381 256393 867
256383 256379 1442
256383 256382 878
256383 256384 804
256383 256393 1401
256394 256384 1391
256394 256393 795
256394 256396 734
256394 256397 716
256397 256394 716
256397 256395 1606
256397 256398 1465
256526 256395 1359
256526 256398 872
256526 256531 860
256531 256526 860
256531 256529 1377
256531 256532 685
256531 264237 563
256532 256530 1620
256532 256531 685
256532 256533 735
256518 256516 740
256518 256517 3009
248023 248021 1055
248023 248193 604
248023 248195 975
248195 248023 975
248195 248288 580
248195 248291 479
264051 248291 404
248232 248217 1980
248232 248231 688
248232 248233 445
248232 248236 680
248233 248232 445
248233 248234 1919
248233 248262 4910
248269 248262 1905
248269 248271 2468
248269 248275 672
248271 248262 1480
248271 248269 2468
248184 248183 1394
248184 248188 1574
248184 248197 3023
248184 248198 2822
248288 248195 580
248288 248197 1031
248288 248289 1811
248189 248186 903
248189 248188 2509
248189 248198 1465
248189 248203 1220
248199 248198 1031
248199 248209 1576
248326 248327 1785
248326 248329 273
248335 248334 1027
248335 248336 336
248335 261580 1082
248389 248334 475
248389 248390 418
248389 248394 441
248382 248381 1473
248382 248385 1834
248382 248386 1305
264012 248381 1783
264012 261617 1131
255816 255589 336
255816 255712 292
255592 255591 201
255593 255591 818
255595 255591 452
255618 255614 755
255618 255619 598
255618 255833 1483
255830 255614 713
255830 255821 688
255830 255831 744
255647 255621 1480
255647 255648 511
255647 255657 1729
255649 255623 737
255649 255651 475
255649 255652 1344
255652 255649 1344
255652 255650 750
255652 255854 1114
255652 255908 1541
255856 255854 1543
255856 255857 809
255856 255908 1253
255911 255910 1493
255911 255913 1101
255364 256379 848
255364 256384 1479
255364 256385 1502
256387 255368 905
256387 256385 692
256295 256304 809
256295 256309 889
256305 256304 591
256307 256304 664
256302 256309 737
256311 256309 1343
256311 256322 675
256322 256311 675
256322 256323 587
256322 256330 1084
261763 256323 879
255368 256331 353
255368 256387 905
256332 256331 536
256352 256348 878
256354 256353 662
256534 256517 1224
256534 256533 574
241923 256540 1035
256539 256540 1445
256544 256543 611
256544 256577 1114
256578 256577 1006
256581 256594 238
256882 256853 868
256880 256868 1031
264066 264065 1850
264067 264065 1799
238128 238129 4351
238132 238129 2580
238136 238129 1668
238167 238169 6200
238167 238170 2888
238188 238169 2424
238188 238189 5269
238189 238188 5269
238189 238191 2169
238193 238195 8039
238170 238167 2888
238170 238172 3974
238179 238180 2201
238280 238180 4081
243394 238202 347
243395 238202 745
238242 238265 3764
238266 238265 2109
238267 238265 1147
238296 238295 2539
256916 256915 894
264331 256915 3067
257074 257071 1454
257074 257072 763
257077 257072 580
257075 257073 445
257097 257093 610
257097 257096 2405
257099 257093 252
257154 257150 889
257147 257096 364
238140 238400 9737
238412 238400 1242
238423 238421 1724
238434 238427 960
238440 238427 2539
238435 238433 3086
263221 238433 1183
238362 238363 426
238459 238458 3401
263246 238483 933
263246 263995 944
263247 238483 1011
238485 238486 55
238485 263658 545
263658 238485 545
263658 263657 711
238425 263218 2790
263220 263218 1383
263687 263219 1064
263688 263219 1066
238461 238468 7101
238467 238468 1775
238467 238490 5979
238500 238490 1240
238477 238476 3684
238646 238476 367
238654 238476 4672
238667 238665 1833
238667 238668 1292
238656 238655 2456
238657 238659 257
238668 238659 5083
238668 238667 1292
238989 238988 580
238995 238988 853
263103 263102 1256
263104 263102 1490
239008 238987 1227
238685 238684 1813
238698 238684 5364
238698 238699 10715
238713 238699 4630
238967 238968 2437
263633 238968 786
238999 239007 1492
238999 239013 1848
239013 238999 1848
239013 239012 508
239052 239012 1625
239067 239066 2406
239068 239066 4269
239057 239072 150
239058 239072 3276
239076 239075 1241
239078 239075 757
238799 238797 2637
238799 238801 1387
238800 238801 1152
239081 239084 417
244820 239084 1618
239064 239086 1727
239101 239086 1192
239103 239102 866
239104 239102 1056
238729 238734 2629
238735 238734 1792
238766 238769 1911
238778 238769 2996
238775 238773 838
238784 238773 1326
238798 238797 1238
238747 238746 1849
238750 261486 1534
262192 261486 1058
242798 242800 523
262119 242800 786
242803 242801 248
242833 242832 1738
242834 242832 2871
242698 242700 912
242699 242700 192
242702 242700 488
242763 242762 1227
242770 242762 3242
242771 242773 582
261914 242773 1392
242938 242939 1436
242971 242972 170
242971 243038 704
243044 243038 920
243071 243069 753
243077 243069 944
243065 243066 346
261911 243066 511
242949 242950 545
242957 242950 108
242717 242716 3536
239682 242718 118
239683 242724 424
242725 242724 1129
239598 239597 1727
242656 239597 1623
242646 242648 3022
242655 242648 4056
242658 242660 1074
239688 239687 2832
239689 239687 435
239689 239691 9736
239692 239691 6492
239692 239696 2530
239645 239697 3250
239691 239689 9736
239691 239692 6492
239691 239697 2465
240091 239697 3730
240093 240110 3636
240111 240110 2954
240123 240124 1996
240125 240124 581
240127 240124 2629
240131 240130 1067
240132 240130 1039
240268 240267 246
240281 240282 1281
244652 240282 4932
261401 261398 798
261401 261400 1287
261383 261400 733
244692 261309 411
261321 261309 640
261327 261326 336
261317 261313 229
261317 261314 64
261314 261315 1002
261314 261317 64
244696 244699 625
244704 244705 1099
244704 244707 2054
244708 244707 770
244712 244705 1966
244712 244707 550
244712 244831 762
244713 244705 926
244713 244741 825
244740 244741 1298
244740 244743 535
244740 244744 2242
244743 244740 535
244743 244745 275
244743 244746 687
244705 244704 1099
244705 244712 1966
244705 244713 926
244705 244714 825
244731 244744 749
244737 244744 1900
244737 244751 786
244754 244751 344
244794 244760 78
244794 261881 1063
261881 244794 1063
261881 244961 488
261886 244961 361
244967 244968 1569
244977 244979 566
244977 244981 1409
244977 244982 950
244978 244981 601
244980 244979 1661
244980 244981 167
244800 244965 1365
244966 244965 1238
244974 244982 979
244974 244997 723
244974 245007 870
244982 244974 979
244982 244977 950
244982 244997 694
245007 244874 665
245007 244974 870
245007 245015 1759
244970 244969 4546
245105 245107 697
245109 245107 2183
261252 261250 5304
245015 245007 1759
245015 245014 749
245169 245171 838
255044 245165 156
245259 245261 545
245259 245262 1868
245271 245261 1573
245262 245259 1868
245262 245265 393
245266 245265 196
245266 245268 670
245269 245268 763
245273 245274 1622
245647 245648 746
245647 245649 1851
245647 245663 2795
245649 245647 1851
245649 245648 1726
245649 245670 1614
245671 245670 736
245667 245663 805
245667 245804 1579
246581 246582 1121
246564 246566 1767
246567 246566 750
246587 246591 1583
246592 246591 847
246597 246596 1809
246598 246596 275
246598 246600 675
246694 246693 1224
246694 246696 1833
246694 246697 949
246697 246694 949
246697 246696 1827
246697 246704 805
246705 246701 749
246705 246720 597
246705 246720 597
246600 246598 675
246600 246602 949
246601 246602 1437
242932 242931 140
242932 242935 256
264276 242943 599
242931 242932 140
242931 242984 1296
245655 245651 1057
245657 245656 458
246700 245656 1493
246711 245656 2918
246711 246716 2514
246704 246697 805
246704 246707 825
246708 246707 746
246713 246714 1546
246716 246711 2514
246716 246714 1796
246743 246714 2779
246744 246714 1014
246747 246751 1827
246752 246751 796
246755 246769 5507
246789 246769 1530
247960 247959 949
247983 247959 2284
247986 247963 2008
247063 247065 1253
247066 247065 556
237879 237880 1735
247980 241979 1219
247980 247981 1350
247980 248003 1810
248150 248149 3454
248151 248149 1375
248152 248149 876
241979 241978 2178
241979 242169 2090
241979 247980 1219
241979 248000 3376
248004 248003 904
248004 248016 2100
248017 248016 604
256384 255364 1479
256384 256383 804
256384 256394 1391
256396 256394 734
256398 256397 1465
256398 256526 872
264237 256531 563
256533 256532 735
256533 256534 574
248193 248023 604
248217 248232 1980
248231 248232 688
248234 248233 1919
248275 248269 672
248183 248184 1394
248188 248184 1574
248188 248189 2509
248289 248288 1811
248186 248189 903
248203 248189 1220
248209 248199 1576
248329 248326 273
261580 248335 1082
248390 248389 418
248394 248385 812
248394 248389 441
248385 248382 1834
248385 248394 812
248386 248382 1305
261617 264012 1131
255712 255816 292
255619 255618 598
255833 255618 1483
255833 255821 847
255821 255830 688
255821 255833 847
255831 255830 744
255621 255623 805
255621 255647 1480
255648 255647 511
255623 255621 805
255623 255649 737
255623 255650 1483
255650 255623 1483
255650 255652 750
255854 255652 1114
255854 255856 1543
255857 255856 809
255913 255911 1101
404
256593
256836
256845
256846
256827
256849
256863
256864
256874
238870
238873
264073
238274
238275
238212
238192
238200
238203
238204
238277
238269
238871
263084
257068
257061
261776
257127
257132
257156
238422
238466
238487
242582
263216
238493
238680
238977
238985
238708
238946
238958
238961
239173
238963
238969
239015
239017
239114
239047
263331
239176
238803
239087
239085
239091
238745
238774
238751
242802
242829
242703
242781
242927
243039
243068
261912
243040
242964
242966
261998
243053
242723
262137
261522
242738
239694
242751
239700
240135
240274
243343
243384
261385
261390
261312
261323
243405
244832
244830
244836
244837
244842
244877
244755
244878
244757
244963
244964
244991
245000
245003
261300
263513
245306
245051
245056
245008
245011
245006
245024
244809
244810
245118
245136
245022
245023
245025
245026
245577
245580
245172
245249
245624
245583
245630
245635
245272
245642
245643
245653
245660
245661
246584
246594
245821
245832
245824
245834
245835
245881
243166
243132
242818
242981
235634
242987
242945
242960
243001
243008
243124
243134
245883
245896
246723
246726
246724
246719
246779
246782
247962
247971
248139
248140
247969
247988
247975
247976
247992
248010
248011
256371
256375
256505
256520
256514
248022
248122
248258
248268
248290
248331
248332
255590
255594
255659
255658
256377
256378
256328
256306
256329
256347
256349
256515
256542
256574
256588
256535
256590
255911
255364
256387
256295
256307
256302
256311
256322
255368
256332
256534
