1082
183331 186110 730
183345 183378 796
183334 183335 1375
183324 183323 1124
183324 183764 766
183324 185628 556
183400 183378 1498
183400 183381 713
183400 185625 355
183323 183324 1124
183323 183761 682
183757 183755 1116
183757 183762 688
210426 210428 674
210426 210429 900
210427 210451 706
210427 210452 867
210436 210434 1111
210436 210440 157
210406 210216 630
210406 210407 1446
209513 209514 1487
209525 209526 598
209604 209552 797
209604 209605 1163
209606 209605 796
209606 209612 1979
209652 209612 732
209652 209655 1776
209651 209655 715
209651 209659 1661
209660 209667 623
210144 210152 692
210144 210156 752
210144 210163 1770
210146 210147 718
210152 210144 692
210152 210147 1480
210152 210153 1020
210155 210157 750
210156 210144 752
210156 210164 798
210156 210165 1717
210162 210157 1009
210162 210168 790
210222 210224 796
210222 210225 1954
210220 210168 2041
210220 210229 810
210224 210222 796
210224 210240 779
210224 210243 1400
210239 210240 1971
210239 210241 709
210215 210216 363
210215 210245 395
162688 162689 709
162688 162833 1055
162816 162818 1530
162816 162833 790
162817 162818 709
162817 162839 1530
162844 162842 710
162844 162845 1221
162847 162839 355
162847 162849 581
163251 163252 871
163251 163253 713
162881 162891 26
162888 162887 871
162888 162912 1438
162911 162912 677
162904 162907 827
162859 162860 1147
162859 162917 404
162917 162859 404
162917 162918 1188
162861 162860 885
162861 162863 713
162906 162907 2748
162906 162910 2783
162906 162931 1161
161346 161345 331
196814 196813 785
196814 198623 1913
196814 210541 2296
210429 210426 900
210429 210433 696
210490 210433 1627
210490 210460 606
210490 210514 1575
210494 210514 696
210494 210527 1783
179104 179103 796
179108 178705 149
179108 179114 601
179131 179204 452
179302 179257 688
179302 179284 757
115375 115376 5387
115375 115495 4239
115547 115668 177
115545 115544 49
115880 113858 580
106300 106301 1033
106300 106302 568
106405 106407 808
106793 106406 8911
32391 32402 767
32391 32403 1987
106408 106406 6772
106408 106409 13213
106408 106670 1372
32383 32381 294
29475 29474 311
29475 32442 1747
114735 114541 4328
114735 114734 4851
194114 191798 757
193112 193113 792
193112 193139 302
193141 193143 1203
193151 193145 353
193151 194392 776
193085 193081 1964
193085 193086 87
193086 193082 1988
193086 193085 87
193086 194480 546
192909 192907 1893
192909 193123 667
193124 193123 1170
193124 193127 562
193124 193129 1225
193144 193145 580
193130 193114 1743
193130 194044 494
193131 193126 1741
193163 193162 667
193163 193165 658
193169 193167 452
193178 193129 645
193178 193974 244
193207 193205 556
193209 192964 3091
193209 193210 890
193239 193243 1203
193239 193244 735
193239 194138 651
192456 192223 1795
192456 193921 905
192457 192212 188
192150 192159 3107
192150 192160 3343
192387 192272 758
192475 192484 255
192475 194136 286
35130 35131 1368
35146 35147 1201
35146 35148 257
29468 29467 721
29468 29469 1853
29469 29468 1853
29469 29471 1011
30823 30824 599
30823 30835 559
30836 30835 655
30836 30839 1882
30839 30836 1882
30839 32586 1141
32589 32590 560
32598 32566 4923
32598 32595 1036
32598 32599 3296
32601 32602 1623
32601 32603 1441
31720 31722 1333
31720 32590 1458
35198 31722 239
35198 35199 162
31767 31768 1536
31767 31772 2120
31768 31767 1536
31768 31772 1337
31771 32737 973
31771 32738 2461
32670 32671 1339
32670 32672 1442
32698 32702 488
29489 29490 2314
29489 29542 1007
29506 29507 1246
29541 29531 1087
29541 29542 1486
29532 30343 1183
29532 34929 2103
30377 30378 489
29551 29550 3611
29551 30383 1146
30381 29547 625
30388 30394 4719
30388 30401 562
30410 30411 1280
30410 30770 2628
30757 30758 1841
30757 30770 1512
30759 30755 4813
30759 30760 2216
30783 30775 1826
30783 34537 1616
32547 32548 1084
32547 32549 2219
8337 8338 3303
8337 8341 822
32469 30779 5017
32469 32489 2072
32521 32512 376
32556 32557 1374
32556 32559 3180
32556 32563 3469
30815 30818 1355
34211 34212 653
34211 34213 828
29480 29478 1982
29480 29491 858
29481 29478 759
31616 31785 1014
31773 31772 961
31776 31775 1661
31776 31777 1066
31795 31792 4847
31795 31796 795
32859 32389 405
32859 32888 2841
32887 32857 1734
32887 34941 621
32890 32389 1609
32890 32899 1737
32913 32910 1010
32923 32915 475
32923 32924 1268
32921 32922 1674
32921 32929 828
32977 31620 1362
32977 32932 1095
31620 31619 482
31620 32977 1362
32983 32982 706
33094 33095 1269
33094 33120 946
33118 33090 613
33118 33091 796
33096 33092 447
33128 33123 1000
33128 34919 947
33125 33123 903
33125 33126 317
33111 33110 930
33111 33147 2152
33116 33115 395
33116 33117 673
33154 33153 207
32916 33194 865
33195 107910 693
33195 107954 879
33203 103388 2887
33223 33224 778
33223 33224 778
33223 33238 839
33238 33223 839
33238 33239 876
33241 33239 610
33227 33225 1444
33234 33233 1208
33248 33235 1279
33248 33237 884
33532 33531 336
33532 33533 796
33532 33534 681
33632 33634 1014
33635 33634 1013
33638 33637 1527
33638 33639 1322
33540 33536 1335
33540 33539 1268
33550 33541 1361
33550 33551 905
33639 33638 1322
33639 33640 1343
33551 33549 1711
33551 33550 905
33651 33555 327
33559 33556 975
33559 33560 847
33559 33655 418
33672 16942 1786
16943 16942 1139
16943 16979 1031
17064 17069 22
17064 17087 995
17064 17101 3237
33770 17059 1714
17101 17064 3237
17101 35238 734
33765 16946 434
17106 17107 788
17106 17112 1883
17112 17106 1883
17112 17114 893
17751 17749 610
17754 17749 344
17754 17755 713
17796 17763 1454
17994 17986 707
17994 17995 818
17979 17980 611
17986 17990 1848
17986 17994 707
17798 17801 598
17800 17801 452
17124 17114 1992
17124 17115 1141
17124 17224 1335
17124 17225 796
17290 17278 828
17280 17278 1635
17280 17295 252
17298 17296 982
17298 17301 2110
17314 17301 1032
17314 17318 982
17314 17335 2035
17318 17314 982
17318 17338 2005
17319 17320 1225
17319 17321 672
17320 17319 1225
17320 17740 950
17759 17744 750
17745 17743 707
17745 17744 1767
17769 17743 1767
17769 17768 826
17770 17768 1873
17770 17773 708
17770 17776 983
17787 17776 840
17787 17790 2192
17790 17787 2192
17790 17789 708
17790 17877 1055
17863 17862 344
17859 17858 610
18281 34357 1142
18157 18156 713
18157 18190 708
33951 33944 649
33951 33949 750
33951 33952 1085
18204 33966 2229
18212 18207 1161
18212 18237 201
18235 18164 452
18235 18236 1630
18235 33966 1114
18190 18157 708
18190 18192 686
18193 18192 399
18197 18196 516
18197 18199 275
17459 18273 826
17459 34358 661
18187 18156 2557
18187 18186 796
17448 17388 713
17448 17449 3658
17448 18186 1964
17463 17462 1504
17463 18279 1114
18195 18200 823
18252 18251 354
18252 18253 2016
18258 18253 708
18341 18340 649
18376 18377 610
18384 18377 1658
18384 18385 713
18384 18394 1179
18296 18246 2542
18296 18268 2677
18298 18299 629
18298 18300 788
18314 18398 1293
18533 18318 750
18533 18534 1576
18534 18533 1576
18534 18537 2158
18534 18538 1197
18540 18538 1279
18540 18541 1979
18540 18543 983
18548 18543 1618
18548 18549 1222
18570 18655 3586
18570 18656 562
18580 18581 1362
18580 18583 672
18580 18585 3306
18744 18863 1559
18744 34256 1277
18676 18673 1176
18676 18791 924
18792 18748 556
18792 18791 2016
18607 18605 1416
18607 18606 1454
18607 18660 782
18607 18662 598
18662 18607 598
18662 18659 893
18664 18615 1690
18664 18666 778
18675 18673 874
18704 17614 538
18704 18703 452
18704 18705 1848
18707 18705 788
18710 18705 1932
18710 18715 750
18710 18719 924
18722 18721 713
18722 18974 1600
18825 18719 713
18825 18721 708
18825 18828 629
18973 18961 1529
18973 18974 344
18963 18967 951
18954 18951 904
18954 18953 1504
25253 25251 818
25253 25285 1179
25284 25283 847
25285 25252 713
25285 25253 1179
25281 18935 2585
25281 25280 869
25281 25282 788
25256 103483 418
18940 18950 983
25282 25281 788
18951 18950 1032
18951 18954 904
18950 18940 983
18950 18951 1032
26285 26292 1140
26292 26285 1140
29122 29129 1209
29129 29122 1209
29129 29172 1073
29172 29129 1073
27308 26518 1394
26518 27308 1394
54962 54963 1080
54963 54962 1080
54991 54993 1029
54993 54991 1029
55571 55574 1282
55574 55571 1282
141207 140987 1311
141238 141285 1379
141285 141238 1379
141288 141270 1367
195403 195405 774
195420 195419 879
195419 195420 879
195405 195403 774
141270 141288 1367
140990 140992 376
140992 140987 1106
140992 140990 376
140987 140992 1106
140987 141207 1311
190312 190308 771
190324 189712 790
189712 190324 790
190358 189707 820
186562 186561 799
189707 190358 820
186582 186563 711
186563 186582 711
186561 186562 799
186561 186570 490
186570 186561 490
186721 186730 265
186730 186721 265
186840 186845 772
186845 186840 772
141042 141043 653
141042 141054 367
141054 141042 367
140761 140762 909
141043 141042 653
140762 140761 909
140762 140764 434
140764 140762 434
55860 55908 1352
55697 55908 1450
55908 55697 1450
55908 55860 1352
189854 189859 681
190308 190312 771
190310 190278 462
190278 190310 462
189859 189854 681
189859 189865 1321
189865 189859 1321
194693 196225 1199
196225 194693 1199
196240 196241 1081
195884 196040 1586
196241 196240 1081
196040 195884 1586
202774 202828 833
202827 203238 771
202828 202774 833
203238 202827 771
203241 203261 802
203261 203241 802
203534 214583 748
214583 203534 748
205804 207272 675
207272 205804 675
196445 196443 618
196262 196259 274
196443 196445 618
196259 196262 274
196259 196263 208
196263 196259 208
196489 196544 766
196544 196489 766
206665 206668 797
206668 206665 797
206678 206680 1336
205958 205955 617
205955 205958 617
206779 206783 824
206680 206678 1336
206783 206779 824
206907 206908 1029
206908 206907 1029
206935 206936 197
206936 206935 197
206960 207002 492
207002 206960 492
209345 209353 1030
209356 209355 1349
209355 209353 987
209355 209356 1349
209353 209345 1030
209353 209355 987
178941 179011 1334
179011 178941 1334
179289 180230 1669
180230 179289 1669
180875 180876 1454
180876 180875 1454
181469 181468 551
181468 181469 551
181640 181636 661
181636 181640 661
181645 181633 2170
184543 184544 818
184544 184543 818
184670 184671 758
184671 184670 758
184675 184681 871
184681 184675 871
184509 184588 1470
184588 184509 1470
183336 183335 456
183363 183369 517
183369 183363 517
180869 180859 1946
180850 180849 1034
180849 180850 1034
180859 180869 1946
181633 181645 2170
182853 182878 2016
182878 182853 2016
174103 174075 672
174075 174103 672
183749 183776 1469
183776 183749 1469
186110 183331 730
183378 183345 796
183378 183400 1498
183335 183334 1375
183335 183336 456
183764 183324 766
185628 183324 556
183381 183400 713
185625 183400 355
183761 183323 682
183755 183757 1116
183762 183757 688
210428 210426 674
210451 210427 706
210452 210427 867
210434 210407 475
210434 210436 1111
210440 210436 157
210216 210215 363
210216 210406 630
210407 210406 1446
210407 210434 475
209514 209513 1487
209526 209525 598
209552 209604 797
209605 209604 1163
209605 209606 796
209612 209606 1979
209612 209652 732
209655 209651 715
209655 209652 1776
209659 209651 1661
209659 209667 182
209667 209659 182
209667 209660 623
210163 210144 1770
210163 210165 709
210147 210146 718
210147 210152 1480
210153 210152 1020
210157 210155 750
210157 210162 1009
210157 210164 1086
210164 210156 798
210164 210157 1086
210164 210168 456
210165 210156 1717
210165 210163 709
210168 210162 790
210168 210164 456
210168 210220 2041
210225 210222 1954
210225 210243 1023
210229 210220 810
210240 210224 779
210240 210239 1971
210243 210224 1400
210243 210225 1023
210241 210239 709
210241 210245 797
210245 210215 395
210245 210241 797
162689 162688 709
162833 162688 1055
162833 162816 790
162818 162816 1530
162818 162817 709
162839 162817 1530
162839 162847 355
162839 162849 475
162842 162844 710
162845 162844 1221
162849 162839 475
162849 162847 581
163252 163251 871
163253 163251 713
162891 162881 26
162887 162888 871
162912 162888 1438
162912 162911 677
162907 162904 827
162907 162906 2748
162860 162859 1147
162860 162861 885
162860 162918 766
162918 162860 766
162918 162917 1188
162863 162861 713
162910 162906 2783
162931 162906 1161
161345 161346 331
196813 196814 785
198623 196814 1913
210541 196814 2296
210433 210429 696
210433 210490 1627
210460 210490 606
210514 210490 1575
210514 210494 696
210527 210494 1783
179103 179104 796
178705 179108 149
179114 179108 601
179204 179131 452
179257 179302 688
179284 179302 757
115376 115375 5387
115495 115375 4239
115668 115547 177
115544 115545 49
113858 115880 580
106301 106300 1033
106302 106300 568
106407 106405 808
106407 106406 11063
106406 106407 11063
106406 106408 6772
106406 106793 8911
32402 32391 767
32403 32391 1987
106409 106408 13213
106670 106408 1372
32381 32383 294
29474 29475 311
32442 29475 1747
114541 114735 4328
114734 114735 4851
191798 194114 757
193113 193112 792
193139 193112 302
193143 193141 1203
193143 193162 614
193145 193144 580
193145 193151 353
194392 193151 776
193081 193082 475
193081 193085 1964
193082 193081 475
193082 193086 1988
194480 193086 546
192907 192909 1893
193123 192909 667
193123 193124 1170
193127 193124 562
193127 193126 1483
193129 193124 1225
193129 193178 645
193114 193130 1743
194044 193130 494
193126 193127 1483
193126 193131 1741
193162 193143 614
193162 193163 667
193165 193163 658
193167 193169 452
193974 193178 244
193205 193207 556
192964 193209 3091
193210 193209 890
193243 193239 1203
193244 193239 735
194138 193239 651
192223 192456 1795
193921 192456 905
192212 192457 188
192159 192150 3107
192159 192160 1549
192160 192150 3343
192160 192159 1549
192272 192387 758
192484 192475 255
194136 192475 286
35131 35130 1368
35147 35146 1201
35148 35146 257
29467 29468 721
29467 29471 1318
29471 29467 1318
29471 29469 1011
30824 30823 599
30835 30823 559
30835 30836 655
32586 30839 1141
32590 31720 1458
32590 32589 560
32566 32598 4923
32595 32598 1036
32599 32598 3296
32602 32601 1623
32603 32601 1441
31722 31720 1333
31722 35198 239
35199 35198 162
31772 31767 2120
31772 31768 1337
31772 31773 961
32737 31771 973
32738 31771 2461
32671 32670 1339
32672 32670 1442
32702 32698 488
29490 29489 2314
29490 29542 2196
29542 29489 1007
29542 29490 2196
29542 29541 1486
29507 29506 1246
29531 29541 1087
30343 29532 1183
34929 29532 2103
30378 30377 489
29550 29547 1118
29550 29551 3611
30383 29551 1146
29547 29550 1118
29547 30381 625
30394 30388 4719
30394 30401 4679
30401 30388 562
30401 30394 4679
30411 30410 1280
30770 30410 2628
30770 30757 1512
30758 30757 1841
30755 30759 4813
30760 30759 2216
30775 30783 1826
34537 30783 1616
32548 32547 1084
32549 32547 2219
8338 8337 3303
8341 8337 822
30779 32469 5017
32489 32469 2072
32512 32521 376
32557 32556 1374
32559 32556 3180
32563 32556 3469
30818 30815 1355
34212 34211 653
34213 34211 828
29478 29480 1982
29478 29481 759
29491 29480 858
31785 31616 1014
31785 31777 3852
31775 31776 1661
31777 31776 1066
31777 31785 3852
31792 31795 4847
31796 31795 795
32389 32859 405
32389 32890 1609
32888 32859 2841
32857 32887 1734
34941 32887 621
32899 32890 1737
32910 32913 1010
32915 32922 604
32915 32923 475
32924 32923 1268
32922 32915 604
32922 32921 1674
32929 32921 828
32932 32977 1095
31619 31620 482
31619 32982 558
32982 31619 558
32982 32983 706
33095 33094 1269
33120 33094 946
33090 33118 613
33091 33118 796
33092 33096 447
33123 33125 903
33123 33128 1000
34919 33128 947
33126 33125 317
33110 33111 930
33147 33111 2152
33115 33116 395
33117 33116 673
33153 33154 207
33194 32916 865
107910 33195 693
107954 33195 879
103388 33203 2887
33224 33223 778
33224 33223 778
33224 33225 797
33224 33225 797
33239 33238 876
33239 33241 610
33225 33224 797
33225 33224 797
33225 33227 1444
33233 33234 1208
33235 33248 1279
33237 33248 884
33531 33532 336
33533 33532 796
33533 33536 1124
33534 33532 681
33634 33632 1014
33634 33635 1013
33634 33637 905
33637 33634 905
33637 33638 1527
33536 33533 1124
33536 33540 1335
33536 33541 1139
33539 33540 1268
33541 33536 1139
33541 33549 796
33541 33550 1361
33640 33639 1343
33549 33541 796
33549 33551 1711
33555 33556 279
33555 33651 327
33556 33555 279
33556 33559 975
33560 33559 847
33655 33559 418
16942 16943 1139
16942 33672 1786
16979 16943 1031
17069 17064 22
17087 17064 995
17059 33770 1714
35238 17101 734
16946 33765 434
17107 17106 788
17107 17114 2429
17114 17107 2429
17114 17112 893
17114 17124 1992
17749 17751 610
17749 17754 344
17755 17754 713
17755 17763 238
17763 17755 238
17763 17796 1454
17995 17994 818
17980 17979 611
17990 17986 1848
17801 17798 598
17801 17800 452
17115 17124 1141
17224 17124 1335
17225 17124 796
17278 17280 1635
17278 17290 828
17295 17280 252
17295 17296 1268
17296 17295 1268
17296 17298 982
17301 17298 2110
17301 17314 1032
17335 17314 2035
17335 17338 903
17338 17318 2005
17338 17335 903
17321 17319 672
17740 17320 950
17744 17745 1767
17744 17759 750
17743 17745 707
17743 17769 1767
17768 17769 826
17768 17770 1873
17773 17770 708
17776 17770 983
17776 17787 840
17776 17789 2453
17789 17776 2453
17789 17790 708
17877 17790 1055
17862 17858 2123
17862 17863 344
17858 17859 610
17858 17862 2123
34357 18281 1142
18156 18157 713
18156 18187 2557
18156 33944 1886
33944 18156 1886
33944 33951 649
33949 33951 750
33952 33951 1085
33966 18204 2229
33966 18235 1114
18207 18212 1161
18237 18212 201
18164 18235 452
18236 18235 1630
18192 18190 686
18192 18193 399
18196 18197 516
18199 18197 275
18273 17459 826
34358 17459 661
18186 17448 1964
18186 18187 796
17388 17448 713
17449 17448 3658
17462 17463 1504
18279 17463 1114
18200 18195 823
18251 18252 354
18253 18252 2016
18253 18258 708
18340 18341 649
18377 18376 610
18377 18384 1658
18385 18384 713
18394 18384 1179
18246 18296 2542
18268 18296 2677
18299 18298 629
18299 18300 475
18300 18298 788
18300 18299 475
18398 18314 1293
18318 18533 750
18537 18534 2158
18538 18534 1197
18538 18540 1279
18541 18540 1979
18543 18540 983
18543 18548 1618
18543 18549 1445
18549 18543 1445
18549 18548 1222
18655 18570 3586
18656 18570 562
18581 18580 1362
18583 18580 672
18583 18673 2028
18585 18580 3306
18585 18748 782
18863 18744 1559
34256 18744 1277
18673 18583 2028
18673 18675 874
18673 18676 1176
18791 18676 924
18791 18792 2016
18748 18585 782
18748 18792 556
18605 18607 1416
18605 18660 1466
18606 18607 1454
18606 18615 713
18660 18605 1466
18660 18607 782
18660 18659 629
18659 18660 629
18659 18662 893
18615 18606 713
18615 18664 1690
18666 18664 778
17614 18704 538
18703 18704 452
18705 18704 1848
18705 18707 788
18705 18710 1932
18715 18710 750
18719 18710 924
18719 18825 713
18721 18722 713
18721 18825 708
18974 18722 1600
18974 18973 344
18828 18825 629
18961 18973 1529
18967 18963 951
18953 18954 1504
25251 25252 1142
25251 25253 818
25283 25280 551
25283 25284 847
25252 25251 1142
25252 25285 713
18935 25281 2585
25280 25281 869
25280 25283 551
103483 25256 418
912
183331
183345
183334
183324
183400
183323
183757
210426
210427
210436
210406
209513
209525
209604
209606
209652
209651
209660
210144
210146
210152
210155
210156
210162
210222
210220
210224
210239
210215
162688
162816
162817
162844
162847
163251
162881
162888
162911
162904
162859
162917
162861
162906
161346
196814
210429
210490
210494
179104
179108
179131
179302
115375
115547
115545
115880
106300
106405
106793
32391
106408
32383
29475
114735
194114
193112
193141
193151
193085
193086
192909
193124
193144
193130
193131
193163
193169
193178
193207
193209
193239
192456
192457
192150
192387
192475
35130
35146
29468
29469
30823
30836
30839
32589
32598
32601
31720
35198
31767
31768
31771
32670
32698
29489
29506
29541
29532
30377
29551
30381
30388
30410
30757
30759
30783
32547
8337
32469
32521
32556
30815
34211
29480
29481
31616
31773
31776
31795
32859
32887
32890
32913
32923
32921
32977
31620
32983
33094
33118
33096
33128
33125
33111
33116
33154
32916
33195
33203
33223
33238
33241
33227
33234
33248
33532
33632
33635
33638
33540
33550
33639
33551
33651
33559
33672
16943
17064
33770
17101
33765
17106
17112
17751
17754
17796
17994
17979
17986
17798
17800
17124
17290
17280
17298
17314
17318
17319
17320
17759
17745
17769
17770
17787
17790
17863
17859
18281
18157
33951
18204
18212
18235
18190
18193
18197
17459
18187
17448
17463
18195
18252
18258
18341
18376
18384
18296
18298
18314
18533
18534
18540
18548
18570
18580
18744
18676
18792
18607
18662
18664
18675
18704
18707
18710
18722
18825
18973
18963
18954
25253
25284
25285
25281
25256
18940
25282
18951
18950
25377
26599
25375
26604
18859
26648
26685
26655
26680
26260
26274
26285
26292
26667
26665
26228
26236
26241
26437
26507
105572
29116
29122
29129
29172
29173
26420
29177
26424
26480
26515
27313
27375
27308
26518
29396
29403
29397
29418
53350
29425
53166
53173
53209
53231
53243
53163
53161
53151
53153
53388
53655
54907
54962
54963
54967
54979
54991
54993
55570
55571
55574
55617
55648
55652
53653
53658
49755
53744
53743
53747
141207
141209
141231
141241
141238
141285
141288
195403
195471
195376
195378
195420
195422
195419
195435
195406
195405
141270
141304
140611
140607
140614
140621
140909
140920
140925
140960
140980
140990
140992
140987
190312
190324
189710
189712
190358
186562
189707
186582
186588
186695
186563
186561
186570
186697
186704
186706
186721
186729
186730
186737
186641
189904
190252
186633
186841
186850
186853
186840
186845
186847
186854
140598
140692
140694
140709
140720
140726
141008
141042
141054
140761
141043
140762
140594
140682
141657
140742
140745
140743
140763
140764
55800
55830
55838
55856
55860
55697
55908
56576
189854
189857
190308
190310
190223
190278
189859
189865
195410
195413
196146
196168
196176
196222
194693
196225
196240
195884
196241
196040
197193
197248
197203
197249
202579
202598
202771
202774
202826
202827
202828
202832
203238
203241
203261
203264
203534
204160
204170
203555
214583
203556
203559
203563
205723
205728
203274
203633
205740
205741
207048
205804
207272
205779
205782
205783
207104
197146
197160
196441
196445
196262
196264
196443
196462
196479
196259
196263
196489
196544
196589
196591
197143
205996
205997
206016
206018
206022
206665
206668
206670
206678
205988
205967
205966
205958
205955
206779
206680
206682
206733
206766
206777
206783
206904
206907
206908
206935
206936
206951
206960
207002
207004
207005
207029
207028
209282
207025
209313
209286
209287
209302
209304
209340
209345
209356
209355
209353
178941
178975
180201
179011
179016
179033
179289
180230
180875
180899
180876
180881
180900
181122
181134
181206
181469
181468
181472
181479
181481
181508
181538
181536
181561
181725
181663
181664
181564
181640
181636
181645
184575
184576
184512
184552
163113
184540
184547
184543
184563
184564
184561
163142
163137
184544
163135
183351
184670
184661
183357
184671
184675
183375
184681
184678
184677
184691
184701
184509
184699
184706
184705
184588
183336
183341
183365
183143
183348
183347
183363
183369
181667
181734
181741
181715
181752
180869
180850
180849
180856
180859
180862
182022
181616
181623
181633
181669
180866
182051
182831
182856
182852
182853
182878
182893
183487
183671
183672
183685
183692
183694
183688
183705
158652
172893
172896
161804
174042
174101
174036
183531
182575
183476
183994
184018
184015
184039
184043
174099
174103
174069
174075
174058
183315
183759
183749
183776
183798
183802
183849
183997
184001
186110
183378
183764
183381
183761
183755
183762
210428
210452
210434
210440
210216
210407
209526
209552
209605
209612
209655
209659
209667
210163
210147
210153
210164
210165
210168
210225
210229
210240
210243
210241
210245
162689
162833
162818
162839
162842
162849
163252
163253
162891
162887
162912
162907
162918
162863
162910
162931
161345
198623
210541
210433
210460
210514
210527
179103
178705
179114
179204
179257
179284
115376
115544
113858
106302
32402
106409
106670
32381
29474
32442
114541
114734
191798
193113
193139
193145
193081
193082
192907
193123
193127
193129
193114
193162
193167
193205
192964
193210
193244
192223
192212
192159
192272
192484
194136
29467
29471
30824
32586
32590
32566
32595
32599
32603
31722
32737
32672
32702
29490
29531
34929
29550
30383
29547
30394
30770
30755
30760
30775
34537
32549
8338
30779
32489
32512
32557
32559
32563
30818
34212
29478
29491
31785
31777
31792
31796
32389
32888
32857
32910
32915
32929
32932
31619
32982
33095
33090
33091
33092
33123
33110
33147
33115
107910
107954
103388
33224
33239
33225
33233
33235
33237
33533
33534
33637
33539
33555
33560
33655
17087
17059
35238
16946
17107
17749
17755
17763
17980
17990
17801
17115
17224
17225
17278
17295
17296
17301
17335
17338
17321
17740
17744
17743
17768
17773
17776
17789
17862
17858
18156
33944
33949
33966
18207
18237
18164
18236
18186
17388
17449
17462
18279
18251
18253
18340
18377
18385
18246
18268
18299
18300
18398
18318
18538
18543
18549
18656
18583
18863
18791
18748
18605
18606
18660
18659
18615
18666
17614
18705
18715
18719
18721
18974
18961
18953
25251
25283
25252
18935
25280
103483
