1768
228924 234863 2390
228924 234864 3391
228997 228993 5484
228997 228998 2138
229417 229418 1812
229417 229419 2243
229421 229420 1006
229421 229422 1000
229044 229422 1111
229044 229424 1647
229090 229088 1491
229090 229129 1959
229132 229129 517
229132 229133 801
229140 229126 556
228118 229098 3250
229100 229098 1011
229100 229099 2138
228176 228177 2468
228106 228100 1004
228106 228105 921
228106 228109 1014
228115 228107 1523
228115 228116 1454
228109 228106 1014
228109 228121 1344
229433 229432 672
229435 229455 1000
229435 229505 671
229424 229044 1647
229424 229423 1780
229505 229435 671
229505 229507 712
229508 229507 2446
227942 227940 753
227942 227941 1780
227942 227943 353
227948 227940 2667
227948 227945 1193
227948 227950 1780
227951 227999 762
227950 227947 1011
227950 227948 1780
228483 227947 1906
228483 228482 1866
228488 228484 3213
228001 227998 4056
228001 228007 845
228001 228519 1234
228008 228005 1004
228008 228009 1005
228018 228009 1014
228019 228016 670
228019 228141 1906
228142 227989 643
228142 228141 559
228155 228154 687
228016 228014 1809
228016 228015 921
228016 228019 670
228162 228161 1986
228162 228184 687
228192 228184 2340
228192 228193 762
228193 228191 2118
228193 228192 762
228175 228177 1011
228198 228177 889
228200 228203 335
228186 228183 445
228173 228169 509
228384 228393 1708
228437 228433 611
228437 228447 1221
228511 228503 655
228511 228512 373
228512 228511 373
228512 228514 552
227208 227009 5378
227208 228212 502
227208 228221 800
228244 226247 852
228294 228293 445
228294 228302 754
228303 228302 687
228303 228308 2285
228314 228315 397
228305 228306 1912
228305 228319 1577
228353 228269 2223
228353 228355 281
228279 228278 2391
228279 228360 2358
228389 228388 2000
228389 228392 1559
228358 228359 1781
228358 228366 1369
228390 228385 2933
228390 228581 1906
228574 228575 778
228574 228580 1059
228817 228820 1454
228438 228432 1930
228440 228439 3451
228440 228468 1027
228472 228470 1809
6878 6874 3407
6878 6879 2647
6886 6879 486
6881 6875 1964
6881 6882 903
6890 7726 1050
226341 226334 2446
226341 226345 2578
230865 230866 118
230865 230872 864
226312 226305 1843
226312 226331 9961
226160 226158 1576
226161 226159 556
226161 226164 1955
226196 226128 2007
226196 226149 847
226196 226194 874
226175 233900 1776
226175 235243 1433
226176 226179 1606
226177 226429 1675
226177 226434 669
226452 226450 2004
226452 226454 1269
226452 226464 2001
226200 226464 269
226457 226456 1195
226457 226464 154
226184 226185 610
226475 226471 535
226475 226473 2714
226484 226474 2535
226484 226486 1457
234679 226557 2668
234679 234682 1604
226319 226318 798
226319 226321 1334
226318 226319 798
226318 226322 740
229445 229441 1677
229445 229542 1447
229550 229548 1088
229550 229551 950
226330 226331 667
226330 226332 678
229549 229548 1565
229549 229556 1427
229465 229464 778
229465 229469 1321
229556 229549 1427
229556 229551 796
35437 35438 963
7994 7995 2446
7994 8092 2349
7979 7975 608
7979 7978 485
8093 7997 1401
8093 8091 862
8045 8031 2609
8045 8051 2652
8045 34479 1172
8129 8099 2375
8129 8126 1101
34202 34203 689
8158 8157 752
8158 8160 625
8158 8161 659
8155 8130 1236
8155 8160 1127
8142 8138 1311
8142 8146 724
8130 8131 1079
8130 8141 1379
8130 8155 1236
8139 8122 1244
8139 8138 897
8073 8070 434
8073 8072 1017
8073 8074 1551
8143 8070 2070
8143 8146 701
8143 35065 340
8072 8062 1551
8072 8073 1017
8072 8078 2622
8145 8077 1151
8145 8254 998
8145 8256 941
8256 8145 941
8256 8255 976
8256 8257 990
8354 8360 1321
8367 8385 916
8386 8385 284
8423 8422 4157
8423 8436 332
8433 8437 1630
8439 8435 1442
8467 8465 997
8467 8468 1435
8464 8463 2152
34653 34700 439
8518 8516 338
8518 8519 1796
9165 8519 1313
9165 9167 1104
8469 8455 538
8469 8483 550
8469 8485 1708
9207 9208 763
9207 9517 2350
9522 9523 1386
9522 9525 2497
9578 9576 883
16464 9571 1896
16464 16461 1344
9592 9596 873
16462 16461 817
16462 16463 2890
16468 16467 1064
16468 16492 781
16471 16492 2586
16471 16518 684
16476 16474 831
16476 16882 798
16531 16472 933
16531 16532 687
16889 16533 2641
16889 16890 2078
16896 16895 2878
16896 16926 688
12711 16890 2554
12711 16895 1092
9649 9648 2440
9649 9719 1561
9717 9652 1520
9717 9718 1256
16793 16747 927
16793 16750 2281
16807 16559 814
16807 16748 858
16809 16559 1499
16809 16927 1348
16560 16547 2039
16560 16908 297
16913 16911 1049
16913 16912 771
16752 16749 1620
16752 16750 813
16752 16754 729
16798 16510 907
16798 16754 2294
16816 16510 2012
16816 16819 604
16822 16819 1164
16822 16933 701
16933 16822 701
16933 16835 106
9725 9722 1169
9773 9772 747
9773 9774 865
9851 9850 782
9851 9852 2023
9863 9864 1021
9863 35047 1632
9860 9861 1086
9879 9878 643
9879 9881 1437
9886 9881 834
9886 11378 252
9887 11380 2865
11389 11386 839
11389 11396 282
35001 35002 203
11399 11398 746
11403 11408 1595
11403 11427 893
11403 12320 671
12322 12325 681
12322 12327 324
12324 12323 2269
12320 11403 671
12320 12323 755
12320 12346 1225
12325 12322 681
12325 12330 242
12336 12335 2069
12338 12335 763
12338 12362 1114
12399 12364 3611
34229 34228 754
12368 11437 2856
12368 12367 782
12368 12369 1188
12406 12408 764
12406 12411 755
12414 12413 1273
12414 12427 536
12427 12413 1494
12427 12414 536
12411 12406 755
12411 12413 672
12465 12462 2920
12476 12462 672
12453 12451 839
12453 12452 3335
12453 12455 672
11487 11479 1343
11487 11488 1929
11488 11487 1929
11488 11710 778
11503 11486 2102
11503 11501 667
11541 11501 1683
11541 11542 114
11775 11714 1014
11775 11776 889
12460 11558 750
12460 12461 839
12461 12449 1225
12461 12460 839
11776 11718 840
11776 11775 889
11783 11717 1860
11783 11784 562
12455 12453 672
12455 12454 3445
12500 12456 764
11786 11730 2102
11786 11787 778
11789 11733 672
11726 11704 756
11726 11723 1225
11726 11752 2118
11727 11723 756
11727 11731 764
11732 11731 1222
11732 11734 756
11752 11726 2118
11752 11741 847
11734 11732 756
11734 11733 1225
11787 11785 165
11787 11786 778
11749 11743 672
11749 11750 420
11756 11742 1008
11756 11757 818
11647 11643 2446
11647 11649 796
11647 11862 556
11884 11679 809
11884 11885 1010
11884 11887 363
11678 11677 1897
11678 11682 1699
11679 11680 1014
11679 11884 809
11673 11674 1532
11673 11675 688
11673 11682 782
11675 11673 688
11675 11676 1415
11937 22662 516
11937 23298 580
11939 11941 1139
11939 23297 950
11941 11939 1139
11941 23295 1025
11948 11934 445
12032 11949 3260
12032 12033 688
12038 11951 672
12038 12033 1357
12040 12035 750
12040 12056 788
12040 12057 1280
12060 12057 788
12060 12080 713
12060 12081 950
12056 12036 563
12056 12040 788
12070 12062 1102
12070 12079 1767
34359 12079 284
9830 9829 541
9830 12085 190
9830 12089 687
12137 9829 972
12137 12138 2305
12143 12138 904
12180 12138 847
12180 12176 1120
12217 12182 588
12217 12219 2328
12184 12179 1558
12184 34361 710
12189 34587 2018
12182 12176 2651
12182 12217 588
12174 12175 1032
12186 12175 867
12186 34362 150
12211 12214 884
12006 12001 708
12006 12009 750
12006 12161 1220
12007 12001 1830
12007 12010 336
12200 12175 860
12200 34365 69
12200 34367 749
12020 12021 1293
12020 12022 1675
12205 12206 1188
12205 12207 826
12206 12026 847
12206 12205 1188
23520 23521 6176
23531 23529 877
23531 23540 580
23533 23532 2085
23533 23588 1671
23540 23531 580
23540 23532 847
23603 23600 872
23603 23604 1120
23603 23605 1274
23686 23687 1321
23693 23689 612
23608 23598 511
23608 23607 1357
23630 23619 800
23630 23629 2280
23632 23638 3223
23632 23700 939
23607 23606 1079
23607 23608 1357
23607 23611 1254
23640 23638 869
23640 23700 2888
23648 23641 737
24231 24223 3065
24231 24228 2568
24231 24230 750
24231 24232 737
24231 24233 3152
24839 24232 2369
24204 24206 1222
24205 24800 667
23645 23636 1266
23645 23641 1446
23645 23646 2282
24187 23646 939
24187 24188 649
34800 24330 2941
24336 24325 1585
24336 24331 809
24336 24340 737
24340 24336 737
24340 24338 1501
24340 24341 737
24933 24934 1345
24944 24947 1901
24944 24948 939
24948 24944 939
24948 24950 1055
24948 24953 1008
24952 24954 1167
24952 24998 737
24998 24952 737
24998 24997 1254
25003 25005 612
25003 25013 2196
25003 25017 1777
25022 25021 433
25023 25028 713
25135 25117 703
25135 25134 748
25134 25116 947
25134 25135 748
188073 188072 2431
188070 188071 846
188070 188083 311
188027 188077 1632
187587 187644 721
187639 187640 728
187639 188077 1061
187602 187603 1290
187602 187644 1470
187602 187646 1683
187603 187602 1290
187603 187648 1832
187603 190477 245
187603 190680 981
190477 187603 245
190477 190685 15
190480 190479 533
188279 188281 1612
190782 188335 1910
190782 188336 845
135143 134202 4957
135143 135144 3662
135143 135148 983
135149 134211 2909
135149 135224 3005
135150 135148 1268
135150 135160 848
135150 135225 1483
188081 188189 787
188081 188191 2736
188083 188070 311
188083 188181 944
188083 188189 1308
188096 188191 785
188096 188193 2759
188196 188193 810
188196 188281 3129
135128 135125 878
135128 135129 2404
135128 135130 2248
135136 135137 1322
135136 135138 983
135175 135138 751
135175 135176 1322
135175 135179 1337
135183 135184 629
135187 135184 1576
135187 135188 629
135138 135136 983
135138 135141 1322
135138 135175 751
135043 135047 476
135043 135188 1257
135062 135372 676
135062 135375 1594
135372 135062 676
135372 135373 1594
135047 135043 476
135047 135048 751
135047 135366 1322
135048 135047 751
135048 135368 1322
135369 135368 806
135369 135370 1188
135369 135373 878
135387 135391 1494
135387 135447 629
135385 135375 789
135385 135389 1322
135385 135391 827
135447 135387 629
135447 135399 1560
135450 135451 1028
135450 135452 436
135451 135450 1028
135451 135453 373
135466 135464 927
135466 135467 1152
135468 135467 2068
135468 135469 827
136274 136278 581
136295 136296 951
136295 136297 796
136295 136298 682
136281 136279 1115
136281 136280 1055
136281 136296 420
135469 135468 827
135469 135470 1979
135469 135857 1258
135858 136228 557
135858 136229 476
135857 135469 1258
135857 135817 2004
135857 136217 905
136229 135858 476
136229 136228 789
136234 136218 2335
136234 136272 806
136298 136295 682
136298 136297 1022
136417 136416 1556
136417 139586 564
136416 136299 1281
136416 136305 1111
136416 136417 1556
136423 136305 939
136423 136422 827
136423 136424 2889
136427 136424 1073
136427 136453 1891
136454 136443 757
136454 136465 2223
136442 136443 893
136448 136443 848
136448 136469 2223
136463 136473 430
136463 136477 1864
136464 136537 1254
136464 136539 751
136508 136511 279
136508 136515 682
136469 136448 2223
136469 136466 757
136468 136466 1891
136468 136467 1009
136514 136525 1447
136503 136504 848
136503 136505 765
136503 136528 2358
136504 136503 848
136504 136525 2358
136505 136503 765
136505 136529 1140
136530 136528 1632
136828 136831 2496
136830 136831 932
136827 136853 2347
136832 136831 682
136832 136853 790
139560 137796 1353
137800 137801 2371
137794 137801 848
137797 137805 1115
137797 137806 1014
137798 137806 848
137798 137816 408
137827 137811 214
137803 137801 757
137809 137808 996
137844 137845 848
137844 137846 2481
137731 137847 2388
137845 137844 848
137845 137847 682
137848 137847 765
137854 137846 453
137814 136852 848
137814 137810 222
137814 137812 148
137818 137815 599
137818 137819 2358
137818 137820 757
137855 137825 1658
137855 137856 2307
137856 137855 2307
137856 137858 366
137856 137859 738
137871 137875 848
137871 137879 2468
137879 137871 2468
137879 137876 870
137879 137942 1919
137952 137945 435
137952 137953 905
137956 137957 1357
137956 137959 2262
137958 137955 91
137958 137959 848
137958 137962 227
137911 138517 199
138503 139671 764
137968 137959 765
137968 137972 2371
137977 137972 765
137977 137978 2279
137977 137979 932
139672 138572 676
139672 139671 2599
138597 138574 870
138597 138598 2371
138599 138598 848
138599 138601 932
138599 138602 1919
138600 138601 2371
138609 138601 599
138609 138603 1268
139295 139297 1386
139295 139300 951
139299 139182 870
139299 139302 951
139296 139297 796
139144 139147 827
139144 139148 1188
139146 139148 709
139146 139647 534
139138 139139 751
139138 139147 2407
139158 139155 827
139158 139159 445
139158 139160 1357
139162 139160 751
139162 139168 1357
139172 139168 789
139172 139179 713
139181 139179 1305
139181 139182 951
199663 199659 2078
199663 199664 1116
199679 199684 469
199679 199686 433
214972 199727 2249
199631 199633 893
199634 199633 2320
199634 199649 1833
199634 199650 797
199645 199649 710
199642 199643 1945
199642 199644 860
199642 199655 2820
139207 139225 665
139207 139229 17
139226 136220 238
139226 139248 176
139227 139228 611
139227 139407 663
139304 139297 1530
139304 139312 951
139313 139323 276
139313 139338 252
139338 139313 252
139338 139339 475
139338 139646 202
134817 134820 637
134817 139335 109
139345 139335 466
139345 139342 767
139345 139344 330
139350 139362 139
139350 139365 951
139360 139510 1990
139288 139286 452
139288 139290 470
139507 139533 4385
139480 139479 1109
139481 139485 2949
139481 139486 688
229510 229509 1161
229467 229458 1427
229467 229473 1343
229468 229458 2002
229468 229509 927
229473 229467 1343
229473 229565 667
225321 225320 1741
234255 234397 1534
225285 225274 274
225266 225267 875
225266 225340 3202
225340 225266 3202
225340 225835 300
225956 234403 889
225956 235497 1222
225958 225955 352
225958 234403 582
229821 231521 602
234257 226110 629
226231 226232 2592
226231 226233 1629
226237 226240 271
226026 226021 1590
226026 226028 4038
225313 225308 274
225313 225314 2016
235206 235207 493
235206 235551 642
227781 234580 62
227770 227715 853
227790 227784 596
227794 227809 1084
225293 234845 719
225293 234845 719
227820 227810 4942
227820 227824 1425
226030 228977 3530
234314 234313 1613
234863 228924 2390
234863 234857 1481
234863 234865 340
234864 228924 3391
228993 226036 3406
228993 228994 2947
228993 228997 5484
228998 228997 2138
229418 229417 1812
229418 229426 1558
229418 229427 514
229419 229417 2243
229419 229425 2285
229419 229428 1841
229420 229421 1006
229422 229044 1111
229422 229421 1000
229422 229423 1590
229088 229087 549
229088 229090 1491
229129 229090 1959
229129 229130 291
229129 229131 751
229129 229132 517
229133 229132 801
229126 229124 1177
229126 229140 556
229126 234849 3424
229098 228113 1006
229098 228118 3250
229098 229096 2126
229098 229100 1011
229099 229097 844
229099 229100 2138
229099 229101 511
228177 228175 1011
228177 228176 2468
228177 228198 889
228100 228099 2700
228100 228104 1081
228100 228106 1004
228100 228108 697
228105 228055 670
228105 228106 921
228107 228101 2809
228107 228108 730
228107 228115 1523
228116 228115 1454
228121 228051 5274
228121 228059 672
228121 228109 1344
228121 228130 556
229432 229430 920
229432 229433 672
229432 229434 1904
229455 229435 1000
229423 229422 1590
229423 229424 1780
229423 229430 927
229507 229457 1070
229507 229505 712
229507 229508 2446
227940 227937 1780
227940 227939 837
227940 227942 753
227940 227948 2667
227941 227937 753
227941 227942 1780
227941 227992 845
227943 227942 353
227943 227944 586
227945 227946 596
227945 227947 1686
227945 227948 1193
227999 227944 2480
227999 227951 762
227999 228007 1686
227947 227945 1686
227947 227950 1011
227947 228483 1906
228482 227929 2204
228482 228332 997
228482 228483 1866
228484 228333 3478
228484 228485 2783
228484 228488 3213
227998 227944 837
227998 227997 237
227998 228001 4056
228007 227999 1686
228007 228001 845
228007 228516 2590
228519 228001 1234
228005 228008 1004
228009 228008 1005
228009 228018 1014
228141 227989 418
228141 228014 596
228141 228019 1906
228141 228142 559
227989 228141 418
227989 228142 643
228154 228155 687
228014 228016 1809
228014 228141 596
228015 228016 921
228161 228162 1986
228184 228162 687
228184 228191 762
228184 228192 2340
228191 228184 762
228191 228193 2118
228203 228200 335
228183 228186 445
228169 228173 509
228393 228384 1708
228393 228392 2425
228433 228437 611
228447 228437 1221
228503 228511 655
228514 228512 552
227009 227208 5378
228212 227208 502
228221 227208 800
226247 228244 852
228293 228294 445
228302 228294 754
228302 228303 687
228308 228303 2285
228315 228314 397
228306 228305 1912
228306 228319 335
228319 228305 1577
228319 228306 335
228269 228353 2223
228355 228353 281
228355 228359 5
228355 228360 1795
228278 228279 2391
228360 228279 2358
228360 228355 1795
228388 228389 2000
228388 228581 2965
228392 228389 1559
228392 228393 2425
228359 228355 5
228359 228358 1781
228366 228358 1369
228385 228390 2933
228581 228388 2965
228581 228390 1906
228575 228574 778
228580 228574 1059
228820 228817 1454
228432 228438 1930
228439 228440 3451
228468 228440 1027
228470 228472 1809
6874 6875 736
6874 6878 3407
6879 6878 2647
6879 6886 486
6875 6874 736
6875 6881 1964
6882 6881 903
7726 6890 1050
226334 226332 1913
226334 226341 2446
226345 226341 2578
230866 230865 118
230872 230865 864
226305 226312 1843
226331 226312 9961
226331 226330 667
226158 226159 747
226158 226160 1576
226159 226158 747
226159 226161 556
226164 226161 1955
226128 226196 2007
226149 226196 847
226194 226196 874
233900 226175 1776
235243 226175 1433
226179 226176 1606
226429 226177 1675
226434 226177 669
226450 226452 2004
226454 226452 1269
226464 226200 269
226464 226452 2001
226464 226457 154
226456 226457 1195
226185 226184 610
226471 226475 535
226473 226475 2714
226474 226484 2535
226486 226484 1457
226557 234679 2668
234682 234679 1604
226321 226319 1334
226322 226318 740
229441 229445 1677
229542 229445 1447
229548 229549 1565
229548 229550 1088
229551 229550 950
229551 229556 796
226332 226330 678
226332 226334 1913
229464 229465 778
229469 229465 1321
35438 35437 963
7995 7994 2446
7995 7997 5078
8092 7994 2349
8092 8091 2515
7975 7978 528
7975 7979 608
7978 7975 528
7978 7979 485
7997 7995 5078
7997 8093 1401
7997 8099 2351
8091 8092 2515
8091 8093 862
8031 8045 2609
8051 8045 2652
34479 8045 1172
8099 7997 2351
8099 8129 2375
8126 8129 1101
34203 8131 652
34203 34202 689
8157 8158 752
8160 8155 1127
8160 8158 625
8161 8158 659
8138 8139 897
8138 8142 1311
8146 8142 724
8146 8143 701
8131 8130 1079
8131 34203 652
8141 8122 655
8141 8130 1379
8122 8139 1244
8122 8141 655
8070 8073 434
8070 8143 2070
8074 8062 1018
8074 8073 1551
35065 8143 340
8062 8072 1551
8062 8074 1018
8078 8072 2622
8078 8077 1920
8077 8078 1920
8077 8145 1151
8254 8145 998
8254 8255 959
8255 8254 959
8255 8256 976
8257 8256 990
8360 8354 1321
8385 8367 916
8385 8386 284
8422 8423 4157
8422 8463 267
8422 8468 440
8436 8423 332
8436 8435 1942
8437 8433 1630
8435 8436 1942
8435 8439 1442
8465 8467 997
8468 8422 440
8468 8467 1435
8463 8422 267
8463 8464 2152
34700 34653 439
8516 8518 338
8519 8518 1796
8519 9165 1313
8519 9167 704
9167 8519 704
9167 9165 1104
8455 8469 538
8483 8469 550
8485 8469 1708
9208 9207 763
9517 9207 2350
9523 9522 1386
9525 9522 2497
9576 9578 883
9571 16464 1896
16461 16462 817
16461 16464 1344
9596 9592 873
16463 16462 2890
16467 16468 1064
16492 16468 781
16492 16471 2586
16518 16471 684
16474 16476 831
16882 16476 798
16472 16531 933
16532 16531 687
16533 16889 2641
16890 12711 2554
16890 16889 2078
16895 12711 1092
16895 16896 2878
16926 16896 688
9648 9649 2440
9719 9649 1561
9652 9717 1520
9718 9717 1256
16747 16748 167
16747 16793 927
16750 16752 813
16750 16793 2281
16559 16807 814
16559 16809 1499
16748 16747 167
16748 16807 858
16927 16809 1348
16547 16560 2039
16908 16560 297
16908 16911 538
16911 16908 538
16911 16912 643
16911 16913 1049
16912 16911 643
16912 16913 771
16749 16752 1620
16754 16752 729
16754 16798 2294
16510 16798 907
16510 16816 2012
16819 16816 604
16819 16822 1164
16835 16933 106
9722 9725 1169
9772 9773 747
9774 9773 865
9850 9851 782
9852 9851 2023
9864 9861 2152
9864 9863 1021
35047 9863 1632
9861 9860 1086
9861 9864 2152
9878 9879 643
9881 9879 1437
9881 9886 834
11378 9886 252
11380 9887 2865
11386 11389 839
11396 11389 282
35002 35001 203
11398 11399 746
11398 11408 983
11408 11398 983
11408 11403 1595
11427 11403 893
12327 12322 324
12323 12320 755
12323 12324 2269
12346 12320 1225
12330 12325 242
12335 12336 2069
12335 12338 763
12362 12338 1114
12364 12367 344
12364 12399 3611
34228 34229 754
11437 12368 2856
12367 12364 344
12367 12368 782
12369 12368 1188
12408 12406 764
12413 12411 672
12413 12414 1273
12413 12427 1494
12462 12449 930
12462 12465 2920
12462 12476 672
12451 12453 839
12452 12453 3335
12452 12454 764
11479 11487 1343
11710 11488 778
11486 11503 2102
11501 11503 667
11501 11541 1683
11542 11541 114
11714 11775 1014
11558 12460 750
12449 12461 1225
12449 12462 930
11718 11776 840
11717 11783 1860
11784 11783 562
12454 12452 764
12454 12455 3445
12454 12456 755
12456 12454 755
12456 12500 764
11730 11731 672
11730 11786 2102
11733 11731 672
11733 11734 1225
11733 11789 672
11704 11726 756
11704 11741 2224
11723 11726 1225
11723 11727 756
11731 11727 764
11731 11730 672
11731 11732 1222
11731 11733 672
11741 11704 2224
11741 11742 893
11741 11752 847
11785 11787 165
11743 11742 889
11743 11749 672
11743 11757 764
11750 11749 420
11742 11741 893
11742 11743 889
11742 11756 1008
11757 11743 764
11757 11756 818
11643 11647 2446
11649 11647 796
11862 11647 556
11885 11884 1010
11887 11884 363
11677 11678 1897
11682 11673 782
11682 11678 1699
11680 11679 1014
11674 11673 1532
11674 11676 782
11676 11674 782
11676 11675 1415
11676 22662 1483
22662 11676 1483
22662 11937 516
23298 11937 580
23297 11939 950
23297 23295 924
23295 11941 1025
23295 23297 924
11934 11948 445
11934 11949 445
11949 11934 445
11949 12032 3260
12033 12032 688
12033 12038 1357
11951 12038 672
12035 12040 750
12057 12040 1280
12057 12060 788
12080 12060 713
12081 12060 950
12036 12056 563
12062 12070 1102
12079 12070 1767
12079 34359 284
9829 9830 541
9829 12137 972
12085 9830 190
12085 12089 696
12089 9830 687
12089 12085 696
12138 12137 2305
12138 12143 904
12138 12180 847
12176 12179 848
12176 12180 1120
12176 12182 2651
12219 12217 2328
12179 12176 848
12179 12184 1558
34361 12184 710
34587 12189 2018
12175 12174 1032
12175 12186 867
12175 12200 860
34362 12186 150
12214 12211 884
12001 12006 708
12001 12007 1830
12009 12006 750
12161 12006 1220
12010 12007 336
34365 12200 69
34367 12200 749
12021 12020 1293
12022 12020 1675
12022 12026 1257
12207 12205 826
12026 12022 1257
12026 12206 847
23521 23520 6176
23529 23531 877
23532 23533 2085
23532 23540 847
23588 23533 1671
23588 23600 1341
23600 23588 1341
23600 23603 872
23604 23603 1120
23604 23611 238
23605 23603 1274
23605 23689 872
23687 23686 1321
23687 23689 754
23689 23605 872
23689 23687 754
23689 23693 612
23598 23608 511
23598 23629 238
23619 23630 800
23629 23598 238
23629 23630 2280
23638 23632 3223
23638 23640 869
23700 23632 939
23700 23640 2888
23606 23607 1079
23611 23604 238
23611 23607 1254
23641 23645 1446
23641 23648 737
24223 24231 3065
24223 24233 737
24228 24231 2568
24230 24231 750
24232 24231 737
24232 24839 2369
24233 24223 737
24233 24231 3152
24233 24330 872
24206 24204 1222
24800 24205 667
23636 23645 1266
23646 23645 2282
23646 24187 939
24188 24187 649
24330 24233 872
24330 34800 2941
24325 24336 1585
24325 24338 676
24331 24336 809
24338 24325 676
24338 24340 1501
24341 24340 737
24341 24934 750
24934 24341 750
24934 24933 1345
24947 24944 1901
24950 24948 1055
24953 24948 1008
24953 24954 737
24954 24952 1167
24954 24953 737
24954 24997 809
24997 24954 809
24997 24998 1254
24997 25005 878
25005 24997 878
25005 25003 612
25013 25003 2196
25017 25003 1777
25021 25022 433
25028 25023 713
25117 25116 511
25117 25135 703
25116 25117 511
25116 25134 947
188072 188073 2431
188071 188070 846
188071 188181 168
188077 187639 1061
188077 188027 1632
187644 187587 721
187644 187602 1470
187644 187646 777
187640 187639 728
187646 187602 1683
187646 187644 777
187648 187603 1832
190680 187603 981
190685 190477 15
190479 190480 533
188281 188196 3129
188281 188279 1612
188335 188336 1066
188335 190782 1910
188336 188335 1066
188336 190782 845
134202 135143 4957
135144 135143 3662
135148 135143 983
135148 135150 1268
134211 135149 2909
134211 135224 202
135224 134211 202
135224 135149 3005
135160 135150 848
135225 135150 1483
188189 188081 787
188189 188083 1308
188191 188081 2736
188191 188096 785
188181 188071 168
188181 188083 944
188193 188096 2759
188193 188196 810
135125 135128 878
135129 135128 2404
135129 135137 1220
135130 135128 2248
135137 135129 1220
135137 135136 1322
135137 135141 983
135176 135141 751
135176 135175 1322
135179 135175 1337
135184 135183 629
135184 135187 1576
135188 135043 1257
135188 135187 629
135188 135366 605
135141 135137 983
135141 135138 1322
135141 135176 751
135375 135062 1594
135375 135373 676
135375 135385 789
135373 135369 878
135373 135372 1594
135373 135375 676
135366 135047 1322
135366 135188 605
135366 135368 751
135368 135048 1322
135368 135366 751
135368 135369 806
135370 135369 1188
135391 135385 827
135391 135387 1494
135391 135399 751
135389 135385 1322
135399 135391 751
135399 135447 1560
135399 135453 827
135452 135450 436
135453 135399 827
135453 135451 373
135464 135466 927
135467 135466 1152
135467 135468 2068
135467 135470 1063
136278 136274 581
136278 136279 344
136296 136281 420
136296 136295 951
136297 136295 796
136297 136298 1022
136297 139586 1226
136279 136278 344
136279 136281 1115
136280 136281 1055
135470 135467 1063
135470 135469 1979
135470 135817 905
136228 135858 557
136228 136217 1446
136228 136229 789
135817 135470 905
135817 135857 2004
136217 135857 905
136217 136218 1345
136217 136228 1446
136218 136217 1345
136218 136234 2335
136272 136234 806
139586 136297 1226
139586 136299 1615
139586 136417 564
136299 136305 1543
136299 136416 1281
136299 139586 1615
136305 136299 1543
136305 136416 1111
136305 136422 889
136305 136423 939
136422 136305 889
136422 136423 827
136424 136423 2889
136424 136427 1073
136453 136427 1891
136453 136465 1093
136443 136442 893
136443 136448 848
136443 136454 757
136443 136466 2113
136465 136453 1093
136465 136454 2223
136465 136466 848
136465 136467 2451
136473 136463 430
136477 136463 1864
136537 136464 1254
136539 136464 751
136511 136508 279
136515 136508 682
136466 136443 2113
136466 136465 848
136466 136468 1891
136466 136469 757
136467 136465 2451
136467 136468 1009
136525 136504 2358
136525 136514 1447
136525 136528 848
136528 136503 2358
136528 136525 848
136528 136530 1632
136529 136505 1140
136831 136828 2496
136831 136830 932
136831 136832 682
136853 136827 2347
136853 136832 790
137796 139560 1353
137801 137794 848
137801 137800 2371
137801 137803 757
137805 137797 1115
137805 137806 517
137805 137808 1880
137806 137797 1014
137806 137798 848
137806 137805 517
137816 137798 408
137816 137810 357
137811 137810 230
137811 137827 214
137808 137805 1880
137808 137809 996
137808 137846 2378
137846 137808 2378
137846 137844 2481
137846 137854 453
137847 137731 2388
137847 137845 682
137847 137848 765
136852 137814 848
137810 137811 230
137810 137814 222
137810 137816 357
137812 137814 148
137812 137815 338
137815 137812 338
137815 137818 599
137819 137818 2358
137820 137818 757
137820 137825 765
137825 137820 765
137825 137855 1658
137858 137856 366
137858 137859 877
137859 137856 738
137859 137858 877
137875 137871 848
137875 137876 2578
137876 137875 2578
137876 137879 870
137942 137879 1919
137942 137945 612
137945 137942 612
137945 137952 435
137945 137953 976
137953 137945 976
137953 137952 905
137953 137955 1548
137957 137956 1357
137959 137956 2262
137959 137958 848
137959 137968 765
137955 137953 1548
137955 137958 91
137955 137962 235
137962 137955 235
137962 137958 227
138517 137911 199
139671 138503 764
139671 139672 2599
137972 137968 2371
137972 137977 765
137978 137977 2279
137979 137977 932
138572 139672 676
138574 138597 870
138598 138597 2371
138598 138599 848
138601 138599 932
138601 138600 2371
138601 138603 1140
138601 138609 599
138602 138599 1919
138603 138601 1140
138603 138609 1268
139297 139295 1386
139297 139296 796
139297 139304 1530
139300 139295 951
139300 139302 848
139182 139181 951
139182 139299 870
139302 139299 951
139302 139300 848
139147 139138 2407
139147 139144 827
139148 139144 1188
139148 139146 709
139647 139146 534
139139 139138 751
139139 139155 827
139155 139139 827
139155 139158 827
139159 139158 445
139160 139158 1357
139160 139162 751
139168 139162 1357
139168 139172 789
139179 139172 713
139179 139181 1305
199659 199663 2078
199664 199663 1116
199664 199684 2519
199684 199664 2519
199684 199679 469
199686 199679 433
199727 214972 2249
199633 199631 893
199633 199634 2320
199649 199634 1833
199649 199645 710
199649 199655 752
199650 199634 797
199643 199642 1945
199644 199642 860
199655 199642 2820
199655 199649 752
139225 139207 665
139229 139207 17
136220 139226 238
136220 139248 116
139248 136220 116
139248 139226 176
139228 139227 611
139407 139227 663
139312 139304 951
139323 139313 276
139339 134820 475
139339 139338 475
139646 139338 202
134820 134817 637
134820 139339 475
134820 139342 581
139335 134817 109
139335 139345 466
139342 134820 581
139342 139345 767
139344 139345 330
139362 139350 139
139365 139350 951
139510 139360 1990
139286 139288 452
139290 139288 470
139533 139507 4385
139479 139480 1109
139485 139481 2949
139486 139481 688
229509 229457 649
229509 229468 927
229509 229510 1161
229458 229467 1427
229458 229468 2002
229565 229473 667
225320 225321 1741
234397 234255 1534
225274 225285 274
225267 225266 875
225835 225340 300
234403 225956 889
234403 225958 582
235497 225956 1222
225955 225958 352
231521 229821 602
226110 234257 629
226232 226231 2592
226233 226231 1629
226240 226237 271
226021 226026 1590
226028 226026 4038
225308 225313 274
225314 225313 2016
235207 235206 493
235551 235206 642
234580 227781 62
227715 227770 853
227784 227790 596
227809 227794 1084
234845 225293 719
234845 225293 719
227810 227820 4942
227824 227820 1425
228977 226030 3530
228977 228994 2542
234313 234314 1613
234313 234857 856
234857 234313 856
234857 234863 1481
234865 234863 340
226036 228993 3406
228994 228977 2542
228994 228993 2947
229426 229418 1558
229426 229430 1786
229427 229418 514
229425 229419 2285
229428 229419 1841
229087 229088 549
229130 229129 291
229131 229129 751
229124 229126 1177
234849 229126 3424
228113 229098 1006
229096 229097 251
229096 229098 2126
229097 229096 251
229097 229099 844
229101 229099 511
228099 228100 2700
228099 228101 1423
228104 228100 1081
228108 228100 697
228108 228107 730
228055 228059 475
228055 228105 670
228101 228099 1423
228101 228107 2809
228051 228121 5274
228059 228055 475
228059 228121 672
228130 228121 556
229430 229423 927
229430 229426 1786
229430 229432 920
229434 229432 1904
229457 229507 1070
229457 229509 649
227937 227940 1780
227937 227941 753
227939 227940 837
227992 227941 845
227944 227943 586
227944 227998 837
227944 227999 2480
227946 227945 596
227929 228482 2204
228332 228482 997
228333 228484 3478
228485 228484 2783
227997 227998 237
228516 228007 2590
835
228924
228997
229417
229421
229044
229090
229132
229140
228118
229100
228176
228106
228115
228109
229433
229435
229424
229505
229508
227942
227948
227951
227950
228483
228488
228001
228008
228018
228019
228142
228155
228016
228162
228192
228193
228175
228198
228200
228186
228173
228384
228437
228511
228512
227208
228244
228294
228303
228314
228305
228353
228279
228389
228358
228390
228574
228817
228438
228440
228472
6878
6886
6881
6890
226341
230865
226312
226160
226161
226196
226175
226176
226177
226452
226200
226457
226184
226475
226484
234679
226319
226318
229445
229550
226330
229549
229465
229556
35437
7994
7979
8093
8045
8129
34202
8158
8155
8142
8130
8139
8073
8143
8072
8145
8256
8354
8367
8386
8423
8433
8439
8467
8464
34653
8518
9165
8469
9207
9522
9578
16464
9592
16462
16468
16471
16476
16531
16889
16896
12711
9649
9717
16793
16807
16809
16560
16913
16752
16798
16816
16822
16933
9725
9773
9851
9863
9860
9879
9886
9887
11389
35001
11399
11403
12322
12324
12320
12325
12336
12338
12399
34229
12368
12406
12414
12427
12411
12465
12476
12453
11487
11488
11503
11541
11775
12460
12461
11776
11783
12455
12500
11786
11789
11726
11727
11732
11752
11734
11787
11749
11756
11647
11884
11678
11679
11673
11675
11937
11939
11941
11948
12032
12038
12040
12060
12056
12070
34359
9830
12137
12143
12180
12217
12184
12189
12182
12174
12186
12211
12006
12007
12200
12020
12205
12206
23520
23531
23533
23540
23603
23686
23693
23608
23630
23632
23607
23640
23648
24231
24839
24204
24205
23645
24187
34800
24336
24340
24933
24944
24948
24952
24998
25003
25022
25023
25135
25134
188073
188070
188027
187587
187639
187602
187603
190477
190480
188279
190782
135143
135149
135150
188081
188083
188096
188196
135128
135136
135175
135183
135187
135138
135043
135062
135372
135047
135048
135369
135387
135385
135447
135450
135451
135466
135468
136274
136295
136281
135469
135858
135857
136229
136234
136298
136417
136416
136423
136427
136454
136442
136448
136463
136464
136508
136469
136468
136514
136503
136504
136505
136530
136828
136830
136827
136832
139560
137800
137794
137797
137798
137827
137803
137809
137844
137731
137845
137848
137854
137814
137818
137855
137856
137871
137879
137952
137956
137958
137911
138503
137968
137977
139672
138597
138599
138600
138609
139295
139299
139296
139144
139146
139138
139158
139162
139172
139181
199663
199679
214972
199631
199634
199645
199642
139207
139226
139227
139304
139313
139338
134817
139345
139350
139360
139288
139507
139480
139481
229510
229467
229468
229473
225321
234255
225285
225266
225340
225956
225958
229821
234257
226231
226237
226026
225313
235206
227781
227770
227790
227794
225293
227820
226030
234314
234863
228005
228009
227989
228154
228014
228015
228161
228184
228183
228169
228393
228433
228447
228503
228514
227009
228212
228221
226247
228293
228302
228308
228306
228319
228269
228278
228360
228388
228392
228385
228581
228432
228439
228468
228470
6874
6879
6875
7726
226334
230866
226305
226331
226158
226128
226149
226194
233900
235243
226179
226429
226434
226450
226454
226471
226473
226474
226557
234682
229441
229548
229551
226332
229464
229469
7995
8092
7975
7978
8091
8031
8051
8099
8126
8160
8141
8122
8070
8074
8062
8078
8077
8254
8255
8257
8360
8436
8465
8468
8463
8516
8519
9167
8455
8483
8485
9517
9523
9525
9576
9571
16461
16463
16492
16518
16474
16472
16533
16890
9648
9719
9652
16750
16559
16748
16927
16547
16908
16912
16749
16754
16510
16819
16835
9722
9772
9850
9852
9864
9861
9878
9881
11378
11380
11386
11396
11398
11408
11427
12327
12323
12330
12335
12364
34228
11437
12367
12369
12408
12451
12452
11479
11710
11486
11501
11542
11714
11558
12449
11718
11717
12456
11730
11704
11723
11741
11785
11743
11750
11742
11643
11649
11862
11677
11682
11674
23295
11934
11949
12033
11951
12035
12057
12036
12062
9829
12085
12089
12176
12179
34361
34587
12175
34362
12001
12009
12161
12010
34365
12021
12022
12207
12026
23521
23529
23532
23588
23600
23604
23687
23598
23619
23629
23638
23606
23611
23641
24223
24228
24230
24232
24233
24206
24800
23636
23646
24188
24330
24325
24331
24338
24341
24934
24947
24950
24953
24954
24997
25005
25013
25017
25021
25028
25117
25116
188072
188071
188077
187644
187640
187646
187648
190680
190685
190479
188281
188335
188336
134202
135144
135148
134211
135224
135160
135225
188189
188191
188181
188193
135125
135129
135130
135176
135179
135184
135188
135141
135375
135373
135366
135368
135370
135391
135389
135399
135452
135453
135464
135467
136278
136296
136297
136279
136280
135470
135817
136217
136218
136272
136299
136422
136424
136453
136473
136477
136537
136539
136511
136515
136467
136853
137796
137801
137847
136852
137810
137812
137819
137820
137825
137858
137859
137875
137876
137942
137945
137953
137959
137955
137962
138517
139671
137972
137978
137979
138572
138574
138598
138602
138603
139297
139300
139182
139302
139147
139148
139139
139155
139160
139168
139179
199659
199664
199684
199727
199633
199649
199650
199644
199655
136220
139248
139312
139323
139339
139342
139344
139362
139510
139286
139290
139533
139486
229458
225320
234397
225274
225267
225835
235497
225955
231521
226110
226233
226240
226021
225308
227715
227784
227809
227810
227824
228977
234857
226036
229426
229428
229087
229124
234849
228113
229096
229097
229101
228099
228104
228108
228055
228101
228051
228130
229434
229457
227937
227939
227992
227944
227929
228332
228333
228485
227997
