1976
199563 199573 1435
199563 214330 1367
199396 199400 846
199396 199401 554
199402 199401 846
199410 199412 2014
199410 199418 930
200287 200306 772
200287 200674 2290
200673 200674 803
200673 200686 2108
200686 200673 2108
200686 200690 255
200686 200692 363
200085 200084 956
200085 200086 1427
200085 200233 1185
200236 200237 774
200236 200246 593
200235 200232 822
200235 200237 1353
200235 213733 333
200246 200236 593
200246 200248 785
200246 200249 2706
200247 200249 772
200247 200289 2362
200277 200289 827
200277 200306 2380
214500 200084 191
200075 200076 1361
200075 200087 1960
200025 200071 1026
200025 200113 1604
200774 200752 376
200774 200769 877
200774 200775 807
200778 200775 1095
200778 200950 1112
200694 200690 2362
200694 200697 772
200752 200697 2393
200752 200774 376
200950 200778 1112
200950 200780 901
200781 200779 1131
200781 200780 1689
200781 200958 833
200959 200787 1531
200959 200958 835
200959 200961 724
200965 200964 709
200965 201058 1578
200973 201058 750
200973 201060 2240
201062 201060 869
201062 201065 1278
201115 201065 901
201115 201116 1771
201118 201116 817
201118 201124 1448
201137 201124 817
201147 201150 480
201145 201338 751
201145 201342 704
214398 201340 400
201224 201234 797
201224 201243 2022
201242 201243 901
201242 201244 1038
201241 201244 797
201231 201233 810
201231 201234 1717
201232 201229 796
201232 201233 1935
201134 201330 900
201134 201331 1796
201249 201036 828
201249 201251 709
201249 201330 1457
201136 201331 709
201136 201338 1430
201036 201248 938
201036 201249 828
201247 201248 939
200690 200686 255
200690 200692 275
200690 200694 2362
201230 201228 1934
201230 201236 908
201230 201237 1824
201294 201284 469
201294 201295 385
201290 201238 1142
201290 201289 1296
201235 201233 3812
201235 201261 867
201235 201264 1132
201238 201236 3125
201238 201290 1142
201264 201235 1132
201264 201263 867
201302 201307 1455
201302 201308 755
201318 201316 759
201318 201319 1380
201322 201319 709
201322 201324 1741
201322 201326 867
201325 201326 1038
201325 201492 2703
201605 201606 761
201283 201284 745
201228 201229 824
201228 201230 1934
234278 234282 1401
225028 228417 11566
225037 225362 20272
225037 225363 9773
225029 225023 12692
234308 234309 932
233771 233768 621
233771 233770 1944
233792 233791 2410
233832 233831 3004
233838 233839 449
233838 235527 2216
233926 233925 1114
233926 234807 1202
29849 29847 1028
29849 29850 1388
29850 29849 1388
29850 29862 754
29866 29862 982
29866 29867 653
234030 29872 283
234030 234616 713
29899 29895 1003
29899 29897 962
29899 29898 163
29985 29984 2044
235344 235345 2401
235344 235363 448
23334 23424 1220
23334 23424 1220
23334 23932 195
31973 31974 1181
16880 6544 2361
16880 16879 3082
31980 24086 2097
31980 34888 1756
31941 31940 1434
31941 31944 638
31955 31956 731
31955 31958 1712
31958 31955 1712
31958 31960 4147
234548 234549 841
6533 24086 4029
6579 6635 1888
6581 6555 4004
6581 6577 1451
6640 6634 1575
6640 6637 1940
6617 6614 2412
6617 6620 743
6941 6940 1859
6941 6942 1753
7119 6946 736
7122 7123 1353
7122 7128 1891
7122 34636 827
7125 6957 398
7125 7126 1654
7126 6978 1257
7126 7125 1654
6984 6985 1668
7164 7163 1345
7164 7165 1319
7271 7264 501
7268 7267 1190
7277 7276 5226
7300 7297 3560
7300 7301 1261
7339 7322 2150
7339 7340 290
7384 7383 593
7598 7599 1577
8533 8532 3342
8533 13428 3086
8542 8540 2369
8542 8544 1048
8557 12228 5476
8557 20695 1317
8558 8565 1095
8558 8588 742
8572 8573 575
8572 8574 749
8582 8584 808
8582 8585 2413
34276 15332 4049
8589 8590 2680
225552 227568 2252
225552 235134 671
225428 225518 1363
225430 225426 1893
225553 225554 1945
225553 225560 752
225559 225557 1922
225559 234229 822
8576 8574 386
8598 8597 325
8598 8600 1620
15748 15405 574
15748 15750 2491
15749 15750 704
15732 15730 293
15732 15733 802
15735 15734 196
15737 15734 729
15737 15738 359
15817 15816 588
15817 15820 1276
15817 15823 2007
15882 15819 1436
15882 15883 738
15869 15868 1080
15907 15888 1848
15907 15909 1034
15887 15889 1331
15887 15890 898
15888 15890 942
15888 15907 1848
15888 15909 1569
15908 15890 1548
15908 15909 1025
15901 15895 1054
15901 15899 314
15906 15895 1261
15906 15905 812
15918 15900 1219
15942 15905 1034
15937 15934 2238
15937 15936 754
15929 15927 2658
15929 15931 737
15929 15947 2335
15934 15925 932
15934 15937 2238
34675 34676 437
34675 34677 502
16144 16141 932
16144 16156 587
16207 16205 793
16207 16208 608
16207 16213 1370
16213 16171 619
16213 16207 1370
16713 16303 1992
16713 16714 2242
16328 16326 1335
16328 16718 2028
16719 21430 1565
16719 21433 1495
21442 21440 201
21479 21486 1031
21479 21493 583
21480 21481 3470
21486 21479 1031
21486 21488 300
21487 21488 119
21643 21642 1447
21643 21653 796
21647 21645 681
21647 21651 1334
21647 21653 755
21681 21688 847
21691 21690 1114
21691 21700 2098
21669 16219 1445
21669 21653 839
21671 16219 755
21671 21673 1097
21671 34894 1002
21672 21675 893
21699 21700 556
21790 21789 201
21790 21792 557
21796 21814 434
21796 21815 504
21815 21796 504
21815 21816 1675
21694 21676 923
21694 21695 1004
21689 21688 3221
21703 21700 420
21703 21704 1124
21705 21704 696
21800 21770 923
21800 21799 893
21800 21828 2668
21838 34603 760
21843 21786 847
21843 21842 1268
21849 21842 1196
21849 21850 667
21776 21775 2237
21776 21780 847
21776 35418 986
21786 21785 1796
21786 21843 847
21783 21780 3461
21783 21782 756
21783 22059 1447
22064 34895 753
22059 21783 1447
22059 22053 756
22054 22052 840
22054 22053 2111
22140 22135 1279
22140 22144 893
21948 21947 473
21948 21952 536
22075 22057 354
22083 22081 681
22083 22084 1114
22087 22084 1511
22087 22085 778
22087 22143 1767
22135 22140 1279
22135 22143 1000
22028 22021 826
22028 28720 764
22177 22169 1532
22177 22176 344
21982 21979 504
21969 21968 1395
21969 21970 930
21972 21959 847
21972 21968 750
21972 22005 1061
21971 21970 1576
21971 21981 708
21971 34507 266
22006 22005 939
22017 22016 434
22676 22675 238
21273 21272 588
22755 22774 1004
22755 22775 1631
22770 22775 445
22788 22785 1738
22787 22785 893
22787 22790 893
22793 22790 1336
22793 22797 818
22780 22779 2752
22780 22783 818
22797 22793 818
22797 22796 1142
22783 22778 2638
22783 22780 818
22783 23110 245
23131 23130 330
23135 23134 219
23106 23105 1062
23106 23107 1955
23106 23112 924
23114 23112 1223
23114 23113 1055
23120 23125 812
23120 23127 475
23116 23113 435
23116 23132 1901
26062 26059 1719
26062 26060 1345
26062 26074 1635
24794 24795 230
28257 28259 344
28257 28313 688
28258 28313 452
28258 28314 1549
23104 23102 1778
23104 23124 951
28162 34289 406
23126 23123 1370
28314 28258 1549
28314 28315 580
28314 28321 1301
28321 28314 1301
28321 28320 452
28520 28518 1378
28520 28523 1483
28542 28523 1258
28603 28611 438
28603 28614 1031
28609 34315 149
28524 28521 672
28524 28522 788
28524 28535 1142
28526 28525 354
28526 28528 1004
28531 28528 682
28531 28533 750
28531 28536 344
28536 28531 344
28536 28537 581
28547 28539 751
28547 28562 1493
28535 28523 1375
28535 28524 1142
28614 28603 1031
28614 28617 1578
28562 28546 629
28562 28547 1493
28561 28546 610
28561 28558 557
28575 28566 435
28575 28576 279
28577 28576 1062
28577 28583 563
28585 28583 108
28585 28586 778
28633 28586 925
28581 28574 1299
28581 28582 1140
28587 28582 765
28652 28656 4778
28652 28657 5496
28652 28718 2181
28655 28658 818
28655 28659 1827
28885 28884 836
28885 28886 1692
28894 28886 124
28675 28673 924
28675 28674 878
28675 28676 1612
28690 28689 276
28724 28726 889
28724 28727 751
28728 28726 2118
28728 28731 1518
28728 28736 1220
28738 28736 599
28738 28868 847
28739 28868 1283
28950 28978 713
28979 28978 1009
28979 28981 2041
28982 24455 1543
28982 28981 738
28982 28986 927
24463 24461 451
24463 24462 2282
24462 24463 2282
24462 24470 612
24462 24472 1274
24683 24685 476
24682 24685 1695
24682 24686 403
24686 24682 403
24686 24692 738
24707 24692 202
24707 24708 418
24691 24685 810
24691 24706 900
24689 24690 2148
24689 24745 344
24709 24710 1353
24709 24714 827
24745 24689 344
24745 24731 418
24748 24747 206
24708 24707 418
24708 24711 650
10960 10961 631
10960 11171 586
10960 11172 725
189242 189254 886
189252 189254 916
189182 189379 2157
189369 189379 754
189355 189318 645
189319 189318 839
188857 188872 2325
188870 188872 778
188870 189348 2049
189346 189348 821
189346 189365 2466
189360 189364 1096
189317 189316 878
189317 189318 867
189316 189317 878
189316 189359 906
188672 188661 2980
188672 188671 843
188672 188676 1585
188677 188676 859
188677 188704 1641
188712 188704 826
188712 188722 1534
188720 188722 826
188720 188889 1578
188716 188715 828
188716 188882 1446
188723 188882 737
188723 188888 1600
188887 188888 791
188887 188889 810
188887 188891 2189
187493 187483 645
187493 187494 899
188649 187494 1705
188649 187551 933
188661 187551 2734
188661 188662 828
188661 188672 2980
188800 188801 781
188800 188817 1560
188895 188817 842
188895 188896 747
188895 188898 2147
188715 188716 828
188715 188880 1425
188881 188880 828
188881 188885 1494
188896 188885 803
188896 188895 747
188896 188899 2180
188801 188800 781
188801 188815 1509
188816 188815 778
188816 188860 2145
188861 188860 746
188861 188865 2261
188866 188865 762
188866 188879 2114
188875 188872 817
188875 188878 2171
188877 188878 853
188877 188879 850
188877 189354 2236
190583 187426 899
187427 187425 2671
187427 187426 862
187432 187425 803
187432 187481 2662
187483 187481 860
187483 187493 645
190580 187431 626
187429 187426 777
187429 187428 2694
187429 187431 746
187329 187328 1797
187329 187331 785
187344 187328 772
187344 187406 2216
190579 187499 539
197503 197508 750
197503 197510 813
197503 197511 1292
197507 197505 930
197507 197508 2019
197274 197449 939
197274 197545 231
197547 197546 2129
197547 197548 628
197298 197296 1834
197298 197540 1773
197298 197541 1688
197449 197274 939
197449 197450 2002
197548 197547 628
197548 197549 968
197551 197549 1787
197551 197572 868
197551 197621 614
197625 197626 807
197625 197635 836
197592 197594 582
197597 197614 491
197597 197618 801
197613 197595 813
197613 197614 1176
197634 197463 761
197634 197618 261
197634 197635 503
199126 199124 592
214492 214493 281
214492 214495 1077
214492 214496 638
199125 199124 2040
199125 199130 706
199132 199134 744
199132 199135 1191
199135 199132 1191
199135 199136 367
199156 199154 774
199156 214610 971
199155 199153 766
199155 199154 1230
199147 199142 1444
199147 199146 677
200113 200025 1604
200113 200114 554
199571 199572 696
199577 199574 709
199577 199578 915
199602 199578 724
199602 199603 410
199608 199604 1770
199608 199609 723
199608 200110 1389
200109 200110 944
200112 200120 1765
200112 200125 696
200119 200120 1089
200072 200071 1330
200072 200074 665
200151 200156 1027
200152 200153 1151
200152 200157 3121
200152 214537 967
200077 200074 774
200077 200076 1346
200077 200090 955
200155 200156 1342
200155 200159 1305
199418 199410 930
199418 199420 2020
214562 199420 912
214562 214569 1373
214572 214569 549
199505 199504 496
199505 199506 1392
214780 214781 1325
199573 199563 1435
199573 199572 1064
199573 199588 467
214330 199534 630
214330 199563 1367
199400 199396 846
199401 199396 554
199401 199402 846
199412 199410 2014
199412 199420 821
200306 200277 2380
200306 200287 772
200306 200307 828
200306 200676 2212
200674 200287 2290
200674 200673 803
200674 200675 2453
200674 200676 894
200692 200675 516
200692 200686 363
200692 200690 275
200692 200695 581
200084 200085 956
200084 200093 1449
200084 214500 191
200086 200085 1427
200086 200093 873
200086 200095 1336
200086 200096 1353
200233 200085 1185
200233 200096 1563
200233 200232 786
200233 200238 838
200237 200234 803
200237 200235 1353
200237 200236 774
200237 200248 522
200232 200231 278
200232 200233 786
200232 200234 1426
200232 200235 822
213733 200235 333
200248 200237 522
200248 200246 785
200248 200250 793
200248 200254 2718
200249 200246 2706
200249 200247 772
200249 200254 912
200249 200290 2271
200289 200247 2362
200289 200277 827
200289 200290 786
200289 200307 2380
200076 200073 773
200076 200075 1361
200076 200077 1346
200076 200089 867
200087 200075 1960
200087 200088 1229
200087 200093 846
200071 200025 1026
200071 200072 1330
200071 200073 687
200769 200755 1816
200769 200770 772
200769 200774 877
200775 200774 807
200775 200776 1002
200775 200778 1095
200697 200694 772
200697 200695 2033
200697 200752 2393
200697 200755 1487
200780 200776 522
200780 200781 1689
200780 200950 901
200779 200772 838
200779 200776 1796
200779 200781 1131
200779 200783 1101
200958 200781 833
200958 200783 1583
200958 200959 835
200787 200783 761
200787 200786 523
200787 200789 416
200787 200959 1531
200961 200791 1332
200961 200959 724
200961 200964 1211
200964 200961 1211
200964 200965 709
200964 201037 1102
200964 201042 1533
201058 200965 1578
201058 200973 750
201058 201042 1056
201058 201059 2265
201060 200973 2240
201060 201059 686
201060 201062 869
201060 201064 973
201065 201062 1278
201065 201064 709
201065 201115 901
201065 201120 1735
201116 201115 1771
201116 201118 817
201116 201120 709
201116 201123 974
201124 201118 1448
201124 201123 936
201124 201137 817
201124 201138 122
201150 201147 480
201150 201151 1415
201338 201136 1430
201338 201145 751
201338 201333 796
201338 201339 706
201342 201145 704
201342 201343 339
201342 201345 712
201340 201341 1648
201340 214398 400
201234 201224 797
201234 201231 1717
201234 201261 2002
201243 201224 2022
201243 201242 901
201243 201261 785
201243 201262 1127
201244 201241 797
201244 201242 1038
201244 201265 504
201233 201231 810
201233 201232 1935
201233 201235 3812
201233 201236 801
201229 201228 824
201229 201232 796
201229 201236 1916
201330 201134 900
201330 201249 1457
201330 201252 598
201330 201332 1771
201331 201134 1796
201331 201136 709
201331 201332 833
201331 201333 1465
201251 201249 709
201251 201250 198
201251 201252 1510
201248 201036 938
201248 201247 939
201248 201250 701
201248 201255 918
201236 201229 1916
201236 201230 908
201236 201233 801
201236 201238 3125
201237 201230 1824
201284 201283 745
201284 201294 469
201295 201294 385
201289 201290 1296
201261 201234 2002
201261 201235 867
201261 201243 785
201261 201263 1130
201263 201261 1130
201263 201262 709
201263 201264 867
201263 201267 1595
201307 201302 1455
201307 201310 198
201307 201313 419
201308 201302 755
201308 201309 1468
201316 201309 433
201316 201317 1128
201316 201318 759
201319 201317 774
201319 201318 1380
201319 201322 709
201319 201323 1717
201324 201322 1741
201324 201323 796
201324 201327 755
201324 201428 1590
201326 201322 867
201326 201325 1038
201326 201327 1824
201326 201328 959
201492 201325 2703
201492 201493 730
201492 201495 846
201606 201605 761
201606 201607 584
234282 234278 1401
234282 234281 1399
228417 225028 11566
228417 228418 736
225362 193472 10258
225362 225037 20272
225362 225363 10679
225363 225037 9773
225363 225362 10679
225023 225020 2566
225023 225022 2817
225023 225029 12692
234309 226885 89
234309 234308 932
233768 233767 396
233768 233771 621
233770 233769 485
233770 233771 1944
233791 233792 2410
233791 233795 5115
233831 233832 3004
233839 233838 449
233839 233875 1256
233839 233876 682
235527 233838 2216
235527 233843 1598
233925 233926 1114
234807 233926 1202
29847 29848 707
29847 29849 1028
29862 29850 754
29862 29863 285
29862 29866 982
29867 29851 2182
29867 29866 653
29867 29868 944
29867 29872 2036
29872 29867 2036
29872 29895 1388
29872 234030 283
234616 234030 713
29895 29868 2075
29895 29872 1388
29895 29899 1003
29897 29880 1091
29897 29881 2123
29897 29899 962
29898 29878 1939
29898 29899 163
29984 29985 2044
29984 29986 602
29984 29987 1190
235345 235344 2401
235363 235344 448
235363 235364 3318
23424 22545 525
23424 23334 1220
23424 23334 1220
23932 23334 195
23932 23933 1351
23932 23939 164
31974 31960 1358
31974 31973 1181
31974 31975 1487
6544 6545 831
6544 6546 1293
6544 16880 2361
16879 16880 3082
16879 31995 686
16879 35174 3121
24086 6533 4029
24086 24087 1195
24086 31980 2097
34888 31980 1756
31940 31939 2262
31940 31941 1434
31940 31942 3649
31944 30039 742
31944 31941 638
31944 31945 2488
31956 31955 731
31960 31958 4147
31960 31964 1155
31960 31974 1358
234549 226807 891
234549 234548 841
6635 6579 1888
6635 6636 1064
6635 6637 3242
6555 6553 3266
6555 6580 1038
6555 6581 4004
6577 6563 882
6577 6578 2622
6577 6581 1451
6634 6632 50
6634 6640 1575
6637 6635 3242
6637 6636 3420
6637 6640 1940
6614 6606 1088
6614 6617 2412
6620 6617 743
6620 6619 1432
6620 6623 3354
6940 6625 1096
6940 6939 1085
6940 6941 1859
6942 6941 1753
6942 6943 736
6942 6944 2099
6946 6938 1539
6946 6947 3332
6946 7119 736
7123 6957 841
7123 7122 1353
7123 7124 1676
7128 7122 1891
7128 7131 1098
34636 7122 827
6957 6954 2181
6957 7123 841
6957 7125 398
6978 6956 488
6978 7126 1257
6985 6984 1668
7163 7164 1345
7165 7164 1319
7264 7265 592
7264 7270 502
7264 7271 501
7267 7266 465
7267 7268 1190
7276 7277 5226
7276 7302 213
7276 7303 3769
7297 7298 1318
7297 7299 1161
7297 7300 3560
7301 7299 2883
7301 7300 1261
7301 7336 3051
7322 7320 742
7322 7330 1624
7322 7336 3545
7322 7339 2150
7340 7339 290
7340 7343 2689
7383 7384 593
7383 7589 247
7599 7598 1577
7599 7600 817
7599 7601 2991
8532 8533 3342
8532 8545 1634
8532 8546 2173
13428 8533 3086
8540 8538 1427
8540 8541 1191
8540 8542 2369
8544 8541 2052
8544 8542 1048
8544 8556 303
12228 8557 5476
12228 12229 1500
12228 15284 2102
12228 15285 1742
20695 8557 1317
8565 8558 1095
8565 8566 397
8565 8568 561
8588 8558 742
8573 8572 575
8574 8571 492
8574 8572 749
8574 8576 386
8584 8582 808
8584 8583 1322
8584 8591 1137
8585 8582 2413
8585 8586 3961
8585 8597 1212
15332 15330 169
15332 15331 1692
15332 15645 1099
15332 34276 4049
8590 8589 2680
8590 15330 1397
227568 225552 2252
235134 225552 671
235134 234877 1706
225518 225428 1363
225518 225517 4393
225518 231468 11569
225426 225425 609
225426 225430 1893
225554 225553 1945
225554 225555 1084
225554 225557 1027
225560 225553 752
225557 225554 1027
225557 225556 562
225557 225559 1922
234229 225559 822
8597 8585 1212
8597 8598 325
8600 8598 1620
15405 15345 1194
15405 15411 2056
15405 15746 2727
15405 15748 574
15750 15746 852
15750 15748 2491
15750 15749 704
15730 15731 553
15730 15732 293
15730 15734 749
15733 15732 802
15733 15772 2653
15733 15801 102
15734 15730 749
15734 15735 196
15734 15736 3751
15734 15737 729
15738 15737 359
15738 15740 844
15738 15803 840
15816 15809 798
15816 15815 2345
15816 15817 588
15820 15817 1276
15820 15818 654
15820 15827 1405
15820 15884 945
15823 15815 774
15823 15817 2007
15823 15824 1537
15819 15818 613
15819 15882 1436
15819 15883 1169
15883 15819 1169
15883 15882 738
15883 15884 1139
15868 15869 1080
15909 15888 1569
15909 15907 1034
15909 15908 1025
15889 15887 1331
15889 15892 720
15889 15900 521
15890 15887 898
15890 15888 942
15890 15900 1272
15890 15908 1548
15895 15894 905
15895 15901 1054
15895 15904 821
15895 15906 1261
15899 15897 1122
15899 15900 763
15899 15901 314
15905 15904 1217
15905 15906 812
15905 15942 1034
15900 15889 521
15900 15890 1272
15900 15899 763
15900 15918 1219
15936 15937 754
15927 15924 657
15927 15928 820
15927 15929 2658
15931 15928 2572
15931 15929 737
15931 15933 860
15931 15948 2455
15947 15929 2335
15925 15924 1210
15925 15926 1924
15925 15934 932
34676 34675 437
34677 34675 502
16141 16142 668
16141 16143 544
16141 16144 932
16156 16070 2403
16156 16144 587
16156 16160 1959
16205 16206 195
16205 16207 793
16205 16208 185
16208 16171 1319
16208 16205 185
16208 16207 608
16171 14482 5798
16171 16170 972
16171 16208 1319
16171 16213 619
16303 16302 1256
16303 16304 1558
16303 16713 1992
16714 16713 2242
16326 16319 1025
16326 16320 672
16326 16324 1483
16326 16328 1335
16718 16327 1453
16718 16328 2028
16718 19801 1124
21430 16719 1565
21430 21431 1514
21430 21435 893
21433 16719 1495
21440 21438 1209
21440 21439 253
21440 21442 201
21493 21479 583
21493 21492 263
21481 21480 3470
21481 21531 628
21481 21587 841
21488 21486 300
21488 21487 119
21642 21643 1447
21653 21643 796
21653 21647 755
21653 21654 1334
21653 21669 839
21645 21644 755
21645 21646 1336
21645 21647 681
21651 21646 764
21651 21647 1334
21651 21654 755
21651 21655 1111
21688 21681 847
21688 21689 3221
21688 21690 588
21690 21688 588
21690 21691 1114
21690 21704 2434
21700 21691 2098
21700 21699 556
21700 21703 420
16219 16220 1061
16219 21654 847
16219 21669 1445
16219 21671 755
21673 21671 1097
21673 21675 452
21673 21677 1454
34894 21671 1002
21675 21672 893
21675 21673 452
21675 21676 950
21789 21788 787
21789 21790 201
21789 21791 1675
21792 21790 557
21814 21796 434
21814 21805 316
21816 21815 1675
21676 21675 950
21676 21692 1000
21676 21694 923
21695 21692 839
21695 21694 1004
21704 21690 2434
21704 21703 1124
21704 21705 696
21770 21749 755
21770 21751 1445
21770 21771 782
21770 21800 923
21799 21800 893
21828 21777 434
21828 21800 2668
21828 21832 611
34603 21838 760
21842 21841 847
21842 21843 1268
21842 21849 1196
21850 21849 667
21775 21774 333
21775 21776 2237
21775 21777 764
21780 21776 847
21780 21779 1124
21780 21781 681
21780 21783 3461
35418 21776 986
21785 21777 2113
21785 21786 1796
21785 21841 598
21782 21767 847
21782 21781 3581
21782 21783 756
21782 22053 1447
34895 22064 753
22053 21782 1447
22053 22051 840
22053 22054 2111
22053 22059 756
22052 22051 2111
22052 22054 840
22052 22055 930
22052 22057 1889
22144 22085 3040
22144 22140 893
22144 22143 1181
22144 22148 339
21947 21935 2779
21947 21939 557
21947 21948 473
21952 21939 336
21952 21948 536
21952 21953 1111
22057 22052 1889
22057 22056 1008
22057 22075 354
22081 21953 2146
22081 22082 1114
22081 22083 681
22084 22082 681
22084 22083 1114
22084 22087 1511
22085 22079 672
22085 22082 2283
22085 22087 778
22085 22144 3040
22143 22087 1767
22143 22135 1000
22143 22144 1181
22021 22016 750
22021 22020 2138
22021 22028 826
28720 22028 764
22169 22168 750
22169 22177 1532
22176 22089 1014
22176 22177 344
21979 21978 924
21979 21980 1124
21979 21981 3352
21979 21982 504
21968 21958 982
21968 21967 847
21968 21969 1395
21968 21972 750
21970 21958 1205
21970 21969 930
21970 21971 1576
21959 21960 1627
21959 21967 750
21959 21972 847
21959 21974 708
22005 21972 1061
22005 22006 939
22005 22007 434
21981 21971 708
21981 21979 3352
34507 21971 266
22016 22012 672
22016 22017 434
22016 22021 750
22675 22670 279
22675 22676 238
21272 21270 516
21272 21273 588
22774 22755 1004
22775 22755 1631
22775 22770 445
22775 22785 782
22785 22775 782
22785 22786 764
22785 22787 893
22785 22788 1738
22790 22787 893
22790 22793 1336
22790 22796 893
22779 22778 905
22779 22780 2752
22779 22796 1014
22796 22779 1014
22796 22790 893
22796 22797 1142
22778 22779 905
22778 22782 58
22778 22783 2638
23110 22783 245
23110 23109 230
23130 23111 1161
23130 23131 330
23134 23132 1188
23134 23135 219
23105 23098 1979
23105 23106 1062
23107 23106 1955
23107 23123 265
23107 23125 411
23112 23106 924
23112 23114 1223
23113 23111 1848
23113 23114 1055
23113 23116 435
23125 23107 411
23125 23120 812
23127 23120 475
23132 23111 1062
23132 23116 1901
23132 23134 1188
26059 26062 1719
26060 26062 1345
26074 26062 1635
24795 24794 230
28259 28257 344
28313 28257 688
28313 28258 452
28313 28315 1496
23102 23104 1778
23124 23104 951
34289 28162 406
23123 23107 265
23123 23126 1370
28315 28313 1496
28315 28314 580
28315 28320 1337
28320 28315 1337
28320 28321 452
28320 28518 796
28518 28320 796
28518 28520 1378
28523 28520 1483
28523 28535 1375
28523 28542 1258
28611 28603 438
34315 28609 149
28521 28524 672
28522 28524 788
28525 28526 354
28528 28526 1004
28528 28531 682
28533 28531 750
28537 28536 581
28537 28539 1152
28539 28537 1152
28539 28546 1560
28539 28547 751
28617 28614 1578
28546 28539 1560
28546 28561 610
28546 28562 629
28558 28561 557
28566 28575 435
28576 28575 279
28576 28577 1062
28583 28577 563
28583 28585 108
28586 28585 778
28586 28633 925
28574 28581 1299
28574 28582 925
28582 28574 925
28582 28581 1140
28582 28587 765
28656 28652 4778
28657 28652 5496
28718 28652 2181
28658 28655 818
28658 28659 1205
28659 28655 1827
28659 28658 1205
28884 28885 836
28886 28885 1692
28886 28894 124
28673 28675 924
28673 28689 517
28674 28675 878
28676 28675 1612
28689 28673 517
28689 28690 276
28726 28724 889
28726 28727 872
28726 28728 2118
28727 28724 751
28727 28726 872
28731 28728 1518
28736 28728 1220
28736 28738 599
28868 28738 847
28868 28739 1283
28978 28950 713
28978 28979 1009
28981 28979 2041
28981 28982 738
24455 28982 1543
28986 28982 927
24461 24463 451
24470 24462 612
24472 24462 1274
24472 24685 788
24685 24472 788
24685 24682 1695
24685 24683 476
24685 24691 810
24692 24686 738
24692 24706 862
24692 24707 202
24706 24691 900
24706 24692 862
24690 24689 2148
24710 24709 1353
24714 24709 827
24731 24745 418
24747 24748 206
24711 24708 650
10961 10960 631
11171 10960 586
11172 10960 725
189254 189242 886
189254 189252 916
189379 189182 2157
189379 189369 754
189318 189317 867
189318 189319 839
189318 189355 645
188872 188857 2325
188872 188870 778
188872 188875 817
189348 188870 2049
189348 189346 821
189365 189346 2466
189365 189364 461
189364 189359 1098
189364 189360 1096
189364 189365 461
189359 189316 906
189359 189364 1098
188671 188662 3070
188671 188672 843
188676 188672 1585
188676 188677 859
188704 188677 1641
188704 188712 826
188722 188712 1534
188722 188720 826
188889 188720 1578
188889 188887 810
188882 188716 1446
188882 188723 737
188882 188880 794
188888 188723 1600
188888 188887 791
188891 188887 2189
187494 187481 1036
187494 187493 899
187494 188649 1705
187551 188649 933
187551 188661 2734
188662 188661 828
188662 188671 3070
188817 188800 1560
188817 188815 793
188817 188895 842
188898 188895 2147
188898 188899 769
188880 188715 1425
188880 188881 828
188880 188882 794
188885 188881 1494
188885 188896 803
188899 188896 2180
188899 188898 769
188815 188801 1509
188815 188816 778
188815 188817 793
188860 188816 2145
188860 188861 746
188865 188861 2261
188865 188866 762
188879 188866 2114
188879 188877 850
188878 188875 2171
188878 188877 853
189354 188877 2236
187426 187427 862
187426 187429 777
187426 190583 899
187425 187427 2671
187425 187432 803
187481 187432 2662
187481 187483 860
187481 187494 1036
187431 187429 746
187431 187499 817
187431 190580 626
187428 187429 2694
187328 187329 1797
187328 187344 772
187331 187329 785
187406 187344 2216
187499 187431 817
187499 190579 539
197508 197503 750
197508 197507 2019
197510 197503 813
197511 197503 1292
197505 197507 930
197545 197274 231
197545 197546 686
197546 197545 686
197546 197547 2129
197296 197298 1834
197540 197298 1773
197541 197298 1688
197450 197449 2002
197549 197548 968
197549 197551 1787
197572 197551 868
197621 197551 614
197621 197626 512
197626 197621 512
197626 197625 807
197635 197625 836
197635 197634 503
197594 197592 582
197594 197595 1193
197614 197597 491
197614 197613 1176
197618 197597 801
197618 197634 261
197595 197594 1193
197595 197613 813
197463 197634 761
199124 199125 2040
199124 199126 592
214493 214492 281
214495 214492 1077
214496 214492 638
199130 199125 706
199130 199134 496
199134 199130 496
199134 199132 744
199136 199135 367
199136 199154 1670
199154 199136 1670
199154 199155 1230
199154 199156 774
214610 199156 971
199153 199155 766
199142 199147 1444
199146 199147 677
200114 200113 554
199572 199571 696
199572 199573 1064
199572 199574 420
199574 199572 420
199574 199577 709
199578 199577 915
199578 199602 724
199603 199602 410
199603 199604 791
199604 199603 791
199604 199608 1770
199609 199608 723
200110 199608 1389
200110 200109 944
200120 200112 1765
200120 200119 1089
200120 200153 2101
200125 200112 696
200074 200072 665
200074 200073 1346
200074 200077 774
200156 200151 1027
200156 200155 1342
200156 200157 575
200153 200120 2101
200153 200152 1151
200157 200152 3121
200157 200156 575
214537 200152 967
200090 200077 955
200090 200089 1360
200159 200155 1305
199420 199412 821
199420 199418 2020
199420 214562 912
214569 214562 1373
214569 214572 549
199504 199505 496
199506 199505 1392
214781 214780 1325
199588 199573 467
199534 214330 630
200307 200289 2380
200307 200306 828
200676 200306 2212
200676 200674 894
200675 200674 2453
200675 200692 516
200675 200695 328
200695 200675 328
200695 200692 581
200695 200697 2033
200093 200084 1449
200093 200086 873
200093 200087 846
200095 200086 1336
200096 200086 1353
200096 200233 1563
200238 200233 838
200234 200232 1426
200234 200237 803
200234 200250 593
200231 200232 278
200250 200234 593
200250 200248 793
200254 200248 2718
200254 200249 912
200290 200249 2271
200290 200289 786
200073 200071 687
200073 200074 1346
200073 200076 773
200089 200076 867
200089 200088 937
200089 200090 1360
200088 200087 1229
200088 200089 937
200755 200697 1487
200755 200769 1816
200770 200769 772
200776 200775 1002
200776 200779 1796
200776 200780 522
200772 200779 838
200772 200783 1328
200783 200772 1328
200783 200779 1101
200783 200786 805
200783 200787 761
200783 200958 1583
200786 200783 805
200786 200787 523
200789 200787 416
200789 200791 274
200791 200789 274
200791 200961 1332
201037 200964 1102
201042 200964 1533
201042 201058 1056
201059 201058 2265
201059 201060 686
201064 201060 973
201064 201065 709
201120 201065 1735
201120 201116 709
201123 201116 974
201123 201124 936
201138 201124 122
201151 201150 1415
201151 201341 364
201333 201331 1465
201333 201338 796
201339 201338 706
201339 201345 285
201343 201342 339
201345 201339 285
201345 201342 712
201341 201151 364
201341 201340 1648
201262 201243 1127
201262 201263 709
201262 201265 370
201265 201244 504
201265 201262 370
201252 201251 1510
201252 201330 598
201332 201330 1771
201332 201331 833
201250 201248 701
201250 201251 198
201255 201248 918
201267 201263 1595
201310 201307 198
201313 201307 419
201313 201309 434
201309 201308 1468
201309 201313 434
201309 201316 433
201317 201316 1128
201317 201319 774
201323 201319 1717
201323 201324 796
201327 201324 755
201327 201326 1824
201428 201324 1590
201328 201326 959
201493 201492 730
201495 201492 846
201607 201606 584
234281 234282 1399
228418 228417 736
193472 225362 10258
225020 225022 1368
225020 225023 2566
225022 225020 1368
225022 225023 2817
226885 234309 89
233767 233768 396
233769 233770 485
233795 233791 5115
233875 233839 1256
233876 233839 682
233843 235527 1598
29848 29847 707
29863 29862 285
29851 29867 2182
29868 29867 944
29868 29878 951
29868 29895 2075
29880 29881 2347
29880 29897 1091
29881 29880 2347
29881 29897 2123
29878 29868 951
29878 29898 1939
29986 29984 602
29987 29984 1190
235364 235363 3318
22545 23424 525
23933 23932 1351
23939 23932 164
31975 31974 1487
6545 6544 831
6546 6544 1293
31995 16879 686
35174 16879 3121
24087 24086 1195
31939 31940 2262
31939 31942 2979
31942 31939 2979
31942 31940 3649
30039 31944 742
31945 31944 2488
31964 31960 1155
226807 234549 891
6636 6635 1064
6636 6637 3420
6553 6555 3266
6580 6555 1038
6563 6577 882
6578 6577 2622
6632 6634 50
6606 6614 1088
6619 6620 1432
6623 6620 3354
6625 6940 1096
6939 6940 1085
6943 6942 736
6944 6942 2099
6938 6946 1539
6947 6946 3332
7124 7123 1676
7131 7128 1098
6954 6957 2181
6956 6978 488
7265 7264 592
7270 7264 502
7266 7267 465
7302 7276 213
7303 7276 3769
7298 7297 1318
7299 7297 1161
7299 7301 2883
7336 7301 3051
7336 7322 3545
7320 7322 742
7330 7322 1624
7343 7340 2689
7589 7383 247
7600 7599 817
7601 7599 2991
8545 8532 1634
8546 8532 2173
8538 8540 1427
8541 8540 1191
8541 8544 2052
8556 8544 303
12229 12228 1500
15284 12228 2102
15285 12228 1742
8566 8565 397
8568 8565 561
8571 8574 492
8583 8584 1322
8591 8584 1137
8586 8585 3961
15330 8590 1397
15330 15332 169
15330 15645 1076
15331 15332 1692
15645 15330 1076
15645 15332 1099
234877 225556 1243
234877 235134 1706
225517 225518 4393
231468 225518 11569
225425 225426 609
225555 225554 1084
225556 225557 562
225556 234877 1243
15345 15405 1194
15411 15405 2056
15746 15405 2727
15746 15750 852
15731 15730 553
15772 15733 2653
15801 15733 102
15736 15734 3751
15740 15738 844
15803 15738 840
15809 15816 798
15815 15816 2345
15815 15823 774
15818 15819 613
15818 15820 654
15827 15820 1405
15884 15820 945
15884 15883 1139
15824 15823 1537
15892 15889 720
15894 15895 905
15904 15895 821
15904 15905 1217
15897 15899 1122
15924 15925 1210
15924 15927 657
15928 15927 820
15928 15931 2572
15933 15931 860
15948 15931 2455
15926 15925 1924
16142 16141 668
16143 16141 544
16070 16156 2403
16160 16156 1959
16206 16205 195
14482 16171 5798
16170 16171 972
16302 16303 1256
16304 16303 1558
16319 16326 1025
16320 16326 672
16324 16326 1483
16327 16718 1453
19801 16718 1124
19801 21431 1514
21431 19801 1514
21431 21430 1514
21435 21430 893
21438 21440 1209
21439 21440 253
21492 21493 263
21531 21481 628
21587 21481 841
21654 16219 847
21654 21651 755
21654 21653 1334
21644 21645 755
21646 21645 1336
21646 21651 764
21655 21651 1111
16220 16219 1061
21677 21673 1454
21788 21789 787
21791 21789 1675
21805 21814 316
21692 21676 1000
21692 21695 839
21749 21770 755
21751 21770 1445
21771 21770 782
21777 21775 764
21777 21785 2113
21777 21828 434
21832 21828 611
21841 21785 598
21841 21842 847
21774 21775 333
21779 21780 1124
21781 21780 681
21781 21782 3581
21767 21782 847
21767 22051 1558
22051 21767 1558
22051 22052 2111
22051 22053 840
22055 22052 930
22055 22056 2002
22148 22144 339
21935 21947 2779
21935 22056 756
21939 21947 557
21939 21952 336
21953 21952 1111
21953 22081 2146
22056 21935 756
22056 22055 2002
22056 22057 1008
22082 22081 1114
22082 22084 681
22082 22085 2283
22079 22085 672
22079 22089 782
22020 22021 2138
22168 22169 750
22089 22079 782
22089 22176 1014
21978 21979 924
21980 21979 1124
21958 21968 982
21958 21970 1205
21967 21959 750
21967 21968 847
21960 21959 1627
21974 21959 708
22007 22005 434
22012 22016 672
22670 22675 279
21270 21272 516
22786 22785 764
22782 22778 58
23109 23110 230
23111 23113 1848
23111 23130 1161
23111 23132 1062
23098 23105 1979
650
199563
199396
199402
199410
200287
200673
200686
200085
200236
200235
200246
200247
200277
214500
200075
200025
200774
200778
200694
200752
200950
200781
200959
200965
200973
201062
201115
201118
201137
201147
201145
214398
201224
201242
201241
201231
201232
201134
201249
201136
201036
201247
200690
201230
201294
201290
201235
201238
201264
201302
201318
201322
201325
201605
201283
201228
234278
225028
225037
225029
234308
233771
233792
233832
233838
233926
29849
29850
29866
234030
29899
29985
235344
23334
31973
16880
31980
31941
31955
31958
234548
6533
6579
6581
6640
6617
6941
7119
7122
7125
7126
6984
7164
7271
7268
7277
7300
7339
7384
7598
8533
8542
8557
8558
8572
8582
34276
8589
225552
225428
225430
225553
225559
8576
8598
15748
15749
15732
15735
15737
15817
15882
15869
15907
15887
15888
15908
15901
15906
15918
15942
15937
15929
15934
34675
16144
16207
16213
16713
16328
16719
21442
21479
21480
21486
21487
21643
21647
21681
21691
21669
21671
21672
21699
21790
21796
21815
21694
21689
21703
21705
21800
21838
21843
21849
21776
21786
21783
22064
22059
22054
22140
21948
22075
22083
22087
22135
22028
22177
21982
21969
21972
21971
22006
22017
22676
21273
22755
22770
22788
22787
22793
22780
22797
22783
23131
23135
23106
23114
23120
23116
26062
24794
28257
28258
23104
28162
23126
28314
28321
28520
28542
28603
28609
28524
28526
28531
28536
28547
28535
28614
28562
28561
28575
28577
28585
28633
28581
28587
28652
28655
28885
28894
28675
28690
28724
28728
28738
28739
28950
28979
28982
24463
24462
24683
24682
24686
24707
24691
24689
24709
24745
24748
24708
10960
189242
189252
189182
189369
189355
189319
188857
188870
189346
189360
189317
189316
188672
188677
188712
188720
188716
188723
188887
187493
188649
188661
188800
188895
188715
188881
188896
188801
188816
188861
188866
188875
188877
190583
187427
187432
187483
190580
187429
187329
187344
190579
197503
197507
197274
197547
197298
197449
197548
197551
197625
197592
197597
197613
197634
199126
214492
199125
199132
199135
199156
199155
199147
200113
199571
199577
199602
199608
200109
200112
200119
200072
200151
200152
200077
200155
199418
214562
214572
199505
214780
199573
23105
23107
23112
23113
23132
26059
26060
26074
28259
23102
28315
28518
28523
28611
28521
28522
28528
28533
28537
28546
28558
28566
28576
28586
28574
28656
28657
28658
28659
28884
28886
28673
28674
28676
28689
28727
28731
28736
28868
28978
28981
24455
28986
24461
24470
24472
24731
11171
188872
189348
189365
188671
188676
188704
188722
188889
188882
188888
188891
187494
187551
188662
188817
188898
188880
188885
188899
188815
188860
188865
188879
188878
189354
187426
187425
187481
187431
187428
187328
187331
187406
187499
197508
197510
197511
197505
197545
197546
197296
197541
197450
197549
197572
197621
197626
197635
197594
197614
197618
197595
197463
214493
199130
199136
199154
199153
199142
199146
199574
199578
199603
199604
199609
200110
200120
200125
200156
200153
200157
200090
200159
199420
214569
199504
214781
199588
199534
200307
200676
200675
200695
200093
200095
200096
200238
200234
200250
200254
200290
200088
200755
200770
200776
200772
200786
200789
200791
201037
201042
201059
201064
201120
201123
201151
201333
201339
201343
201341
201252
201332
201250
201255
201267
201310
201313
201317
201323
201327
201428
201328
201493
201495
201607
193472
225020
225022
226885
233767
233769
233795
233876
233843
29863
29851
29868
29880
29881
29878
29986
22545
23933
23939
6546
31995
31939
31942
30039
31945
31964
226807
6636
6553
6563
6632
6606
6619
6623
6625
6939
6938
7131
6954
6956
7265
7266
7302
7303
7336
7320
7330
7343
7589
7600
7601
8546
8538
8541
8556
12229
15284
15285
8571
8586
15330
15331
15645
225517
231468
225556
15345
15411
15746
15772
15736
15803
15809
15815
15818
15827
15884
15824
15892
15904
15897
15924
15928
15933
16070
16160
16206
14482
16170
16302
16304
16319
16320
16324
16327
19801
21435
21438
21439
21492
21531
21587
21654
21644
21646
21655
21677
21788
21805
21749
21751
21771
21832
21841
21774
21779
21781
21767
22051
22055
21935
21939
21953
22082
22079
22020
22168
22089
21978
21980
21958
21967
22007
22012
22670
21270
22782
23109
23111
23098
