514
166998 167017 556
166870 166882 790
166870 166883 2643
166916 166917 435
166916 166962 2829
167137 167136 713
167137 167148 747
167137 167154 1934
180582 180568 1827
180758 180759 1198
180758 180760 818
180758 185387 673
180647 180646 1014
180669 180662 1863
180669 180670 782
180522 180521 204
180560 180487 1827
180560 180490 765
180560 180570 2700
180571 180572 782
180574 180569 672
180574 180572 1530
173923 173924 1671
173923 180404 4566
179686 179687 6562
179686 180465 2447
180433 180434 610
180433 180480 951
180475 180476 2889
180475 180494 2772
180494 180475 2772
180494 180476 789
180487 180488 673
180487 180560 1827
182370 182371 599
182370 182372 1293
182385 182323 827
182385 182371 983
182385 182386 1108
182388 182323 1505
182388 182390 336
182255 182254 475
173731 173605 1337
182258 182259 1768
182012 182163 516
181983 181984 765
181983 182167 2063
182170 182163 1742
182170 182168 904
179719 179718 418
179719 181927 1613
181931 181927 475
181931 181935 931
181936 181935 452
181936 181943 1350
181941 181943 605
182132 182131 1337
182132 182135 452
182135 182132 452
182135 182139 1337
181960 181962 1223
182140 181962 452
182140 182139 452
182140 182154 1223
181963 181962 1223
181963 182154 452
182160 182159 629
182160 182172 1268
182162 182163 1161
182162 182165 673
182162 182172 1731
181976 181975 511
182361 182362 946
182361 182363 1559
182251 182252 738
182251 182254 1889
182372 182370 1293
182372 182373 629
185258 185259 1677
185258 185263 1761
173621 173618 1714
173621 173622 3933
173628 173625 1180
173628 173629 447
166902 166900 505
166902 185179 2028
166899 166900 474
166899 166946 337
166926 166909 1615
166926 166925 905
166935 166891 2248
166936 166891 589
166936 166938 2371
166940 166941 355
166940 166946 505
166915 166907 1032
166950 166907 2019
166950 166953 650
152193 152243 418
152249 166970 1293
152249 166971 1546
166970 152249 1293
166970 166963 2009
152254 152255 1515
152254 152391 2066
152256 152255 120
152256 166973 1306
152252 152250 202
152252 166366 411
166959 166953 848
166959 166955 2370
166959 166963 1023
166953 166950 650
166953 166952 2232
166953 166959 848
185181 185180 905
185195 185180 709
185195 185476 202
176402 176403 610
176402 176411 1631
176410 161239 2341
176410 176411 683
176410 176418 985
176418 176410 985
176418 176424 1560
176422 176420 3158
176422 176427 600
176407 176411 871
173815 173817 4298
185259 185258 1677
173817 173815 4298
175475 175473 3809
175501 175502 683
175502 175501 683
175473 175475 3809
175597 175598 709
176042 176041 1022
175598 175597 709
175819 175820 1819
175820 175819 1819
176041 176042 1022
175716 175804 673
175804 175716 673
176706 176707 682
176707 176706 682
177072 177077 505
177077 177072 505
174994 174998 337
174998 174994 337
175040 175642 738
175642 175040 738
175654 175653 3224
175653 175654 3224
210944 210946 1848
210946 210944 1848
211021 208015 1607
211428 211432 1202
211432 211428 1202
211432 211435 908
211435 211432 908
208015 211021 1607
163579 163537 667
163537 163579 667
165211 165210 600
165210 165211 600
165219 165218 672
165218 165219 672
163793 163794 905
163794 163793 905
166436 166427 778
166427 166436 778
163055 163052 752
163450 163449 747
163449 163450 747
163052 163055 752
212414 212412 891
161358 161348 1055
161358 161365 752
161365 161358 752
161348 161357 2210
161348 161358 1055
164245 164349 1355
164349 164245 1355
161357 161348 2210
212785 212166 3172
212166 212785 3172
212412 212414 891
114924 115034 238
115034 114924 238
107353 107354 403
107354 107353 403
107136 107137 805
107137 107136 805
107284 107316 550
107316 107284 550
116087 116084 782
116084 116087 782
111175 111176 475
111176 111175 475
111179 111185 238
111185 111179 238
111923 112044 737
112044 111923 737
112044 111952 373
111952 112044 373
112083 112084 796
112084 112083 796
112313 112311 847
112232 112219 764
112219 112232 764
112311 112313 847
112311 112326 2028
112326 112311 2028
112368 112364 764
112642 112638 66
112638 112642 66
112244 112245 336
112245 112244 336
112364 112368 764
113344 113345 708
113345 113344 708
113359 113358 848
113358 113359 848
113362 113375 1983
113375 113362 1983
113375 113382 2011
113382 113375 2011
113020 113021 924
113025 112933 1877
113021 113020 924
112933 113025 1877
104531 104535 336
104535 104531 336
104579 104515 1770
104515 104579 1770
104621 104583 672
104583 104621 672
104868 104891 333
104891 104868 333
104961 105057 1146
105057 104961 1146
105066 105067 1345
105067 105066 1345
104677 104676 805
104676 104677 805
105077 105093 1001
105093 105077 1001
39663 39715 511
39715 39663 511
39669 39671 1132
39671 39669 1132
39687 39692 827
39692 39687 827
39743 39741 1458
39741 39743 1458
41015 41018 2453
41018 41015 2453
41148 41151 344
41151 41148 344
40870 40869 2189
40648 40869 1619
40869 40648 1619
40869 40870 2189
41671 41669 1010
41669 41671 1010
48598 48597 1248
55292 55295 1035
55295 55292 1035
55388 55389 1890
55389 55388 1890
55403 55404 952
55404 55403 952
55404 55409 873
55409 55404 873
55453 55454 418
55454 55453 418
48593 48596 475
48596 48593 475
48597 48598 1248
48610 48629 828
48629 48610 828
48629 48680 1535
48680 48629 1535
48680 48684 688
48684 48680 688
48775 48796 517
48796 48775 517
49128 49145 2561
49145 49128 2561
49089 49072 747
49072 49089 747
49172 49173 1148
49173 49172 1148
49596 49612 668
49612 49596 668
55113 55118 474
55118 55113 474
144475 142522 2419
144475 144483 2515
144483 144475 2515
144483 144518 2785
144518 144483 2785
144663 145274 172
144663 145274 172
145274 144663 172
145274 144663 172
196777 196794 1112
196794 196777 1112
139888 139889 1528
139889 139888 1528
150595 150590 834
150590 150595 834
142281 142282 738
142522 144475 2419
142282 142281 738
142282 142284 466
141636 141639 565
141639 141636 565
142034 142036 327
142036 142034 327
142284 142282 466
207767 207784 924
207772 207775 755
207775 207772 755
196778 196776 1869
196776 196778 1869
145510 145558 750
145558 145510 750
145558 145565 805
145565 145558 805
145399 145386 744
145386 145399 744
145392 145415 853
145415 145392 853
145453 145811 600
145811 145453 600
146017 146018 765
146018 146017 765
151511 151512 834
151512 151511 834
204492 204505 549
204505 204492 549
203722 203776 841
203776 203722 841
203781 203784 839
203784 203781 839
204426 204434 907
204434 204426 907
204480 204479 1055
204479 204480 1055
208094 208109 867
208109 208094 867
207784 207767 924
207784 207833 805
207833 207784 805
207833 207834 751
207834 207833 751
207860 208547 1185
208547 207860 1185
207856 207858 864
207858 207856 864
180640 180646 1984
180662 180669 1863
166893 166891 766
166893 166925 672
166904 166905 1293
166908 166909 905
166908 166925 1615
166911 166909 335
166905 166904 1293
161235 167000 2232
167000 161235 2232
167017 166998 556
166882 166870 790
166883 166870 2643
166883 166917 2454
166917 166883 2454
166917 166916 435
166962 166916 2829
167136 167137 713
167148 167137 747
167154 167137 1934
180568 180569 238
180568 180570 2396
180568 180582 1827
180759 180758 1198
180760 180570 610
180760 180758 818
185387 180758 673
180646 180640 1984
180646 180647 1014
180670 180669 782
180521 180522 204
180490 180488 1919
180490 180560 765
180570 180560 2700
180570 180568 2396
180570 180760 610
180572 180571 782
180572 180574 1530
180569 180568 238
180569 180574 672
173924 173923 1671
180404 173923 4566
179687 179686 6562
180465 179686 2447
180434 180433 610
180480 180433 951
180476 180475 2889
180476 180494 789
180488 180487 673
180488 180490 1919
182371 182370 599
182371 182373 1398
182371 182385 983
182323 182385 827
182323 182388 1505
182386 182385 1108
182390 182388 336
182254 182251 1889
182254 182252 1560
182254 182255 475
173605 173731 1337
182259 182258 1768
182163 182012 516
182163 182162 1161
182163 182170 1742
181984 181983 765
182167 181983 2063
182167 182168 629
182168 182167 629
182168 182170 904
179718 179719 418
181927 179719 1613
181927 181931 475
181935 181931 931
181935 181936 452
181943 181936 1350
181943 181941 605
182131 182132 1337
182131 182139 452
182139 182131 452
182139 182135 1337
182139 182140 452
181962 181960 1223
181962 181963 1223
181962 182140 452
182154 181963 452
182154 182140 1223
182159 182160 629
182172 182160 1268
182172 182162 1731
182165 182162 673
181975 181976 511
182362 182361 946
182363 182361 1559
182252 182251 738
182252 182254 1560
182373 182371 1398
182373 182372 629
185263 185258 1761
173618 173621 1714
173622 173621 3933
173625 173628 1180
173629 173628 447
166900 166899 474
166900 166902 505
185179 166902 2028
185179 185180 710
166946 166899 337
166946 166940 505
166909 166908 905
166909 166911 335
166909 166926 1615
166925 166893 672
166925 166908 1615
166925 166926 905
166891 166893 766
166891 166935 2248
166891 166936 589
166938 166936 2371
166938 166941 517
166941 166938 517
166941 166940 355
166907 166915 1032
166907 166950 2019
166907 166952 818
152243 152193 418
166971 152249 1546
166963 166959 1023
166963 166970 2009
152255 152254 1515
152255 152256 120
152391 152254 2066
166973 152256 1306
152250 152252 202
166366 152252 411
166955 166952 924
166955 166959 2370
166952 166907 818
166952 166953 2232
166952 166955 924
185180 185179 710
185180 185181 905
185180 185195 709
185476 185195 202
176403 176402 610
176411 176402 1631
176411 176407 871
176411 176410 683
161239 176410 2341
176424 176418 1560
176420 176422 3158
176427 176422 600
980
166998
166870
166916
167137
180582
180758
180647
180669
180522
180560
180571
180574
173923
179686
180433
180475
180494
180487
182370
182385
182388
182255
173731
182258
182012
181983
182170
179719
181931
181936
181941
182132
182135
181960
182140
181963
182160
182162
181976
182361
182251
182372
185258
173621
173628
166902
166899
166926
166935
166936
166940
166915
166950
152193
152249
166970
152254
152256
152252
166959
166953
185181
185195
176402
176410
176418
176422
161245
176407
152283
152302
152274
173943
173951
185819
174778
174781
173666
173668
173722
173725
173839
185938
173812
173815
173631
185259
173817
173927
174692
176449
176452
174683
175312
174690
175314
152025
152027
175376
175370
175382
175475
175930
175940
175948
175501
175502
175947
175486
175937
175499
152059
152050
175473
175914
175445
175850
175859
175864
175900
175904
177093
176977
176985
176983
175597
175843
176032
176018
176064
176029
176063
176017
176050
176042
176049
175590
175598
175827
175819
175820
185894
175801
175795
176041
175716
175804
175791
175730
176909
175728
175772
175798
175035
175628
176672
176706
175659
176707
177083
177068
177072
177077
177088
176922
174797
174812
175608
175620
175626
174994
174998
175048
175040
175604
175642
175097
175654
175653
175660
210944
210946
210957
210963
211014
211021
211427
211428
211432
211435
212051
212057
212071
208015
211031
212074
212079
163559
163562
163579
163537
163539
165025
165211
163821
163833
163826
166437
165210
165213
165219
165222
165218
163903
163793
165284
163883
163794
165226
165246
163877
163895
163898
163891
163831
163841
163886
163889
166373
166436
166427
166423
166426
163471
164979
165001
164003
165003
165007
163055
163058
163450
163449
163052
164007
163067
164990
164441
164250
164319
164240
164321
164325
164317
164331
164256
164372
164422
165131
164992
164224
164252
212416
212425
212414
161358
161360
161365
161348
161355
212428
164245
164349
164521
161357
161372
212082
212090
212100
212099
212785
212114
198596
207896
212346
212359
212166
207890
212358
212412
114397
116198
114640
114647
114477
114437
114566
114419
114006
115210
114829
114840
114847
114919
114921
114924
115034
103251
92103
92139
92159
115340
115326
115685
115343
115702
115741
115407
115411
115694
115696
105814
115764
106934
107028
106974
107046
107353
107354
107356
107360
107136
107137
107375
107284
107316
107328
92813
92819
102828
92893
92940
106159
106158
106752
106749
106927
106193
106214
116018
116048
116026
116087
116084
116079
116108
116101
116093
92812
192030
191515
194103
191526
191901
192761
192060
192063
191781
191777
192846
192786
192798
192972
192976
190987
192987
193530
107614
109829
109858
109876
109880
109882
109843
107773
109837
111175
111162
111176
111202
111179
111185
111182
111120
111110
111154
110961
111122
111190
111195
111216
111208
111904
111923
112044
111952
112045
112047
112057
112060
112055
112074
112083
112079
112084
112107
112109
112115
112117
112155
112216
112313
112316
112314
112288
112351
112290
112232
112219
112224
112309
112311
112326
112371
112366
112372
112368
111791
111792
112582
112650
112652
112173
112177
112897
112240
112200
112198
112199
112642
112660
112691
112725
112638
112243
112252
112260
112272
112244
112251
112245
112375
112365
112364
112687
112939
112942
112961
112968
113058
113344
113345
113353
113359
113358
113362
113375
113382
113389
113398
113417
113020
113025
113021
113023
113016
103307
113029
113045
113074
113060
103317
112809
113048
103309
112933
104531
104535
104544
113409
113410
104521
104528
104642
104639
104665
104545
104547
104549
104540
104579
104515
104577
104596
104621
104572
104580
104583
104568
39808
39815
39613
39633
39821
39784
39788
39796
39812
104745
104764
104803
104868
104891
104965
104963
104967
104961
105057
105061
105051
105066
105096
105065
105067
104663
104677
104676
104457
105072
105073
105077
105093
39581
39652
39658
39711
39663
39673
39715
39629
39631
39669
39676
39671
39687
39692
39743
39759
39741
39954
41002
41003
41015
41018
41010
41030
41033
41041
41043
41052
41058
41148
41151
41160
40628
41159
41161
41168
40870
40878
41334
40901
40971
41344
41352
41370
41372
40643
40648
40869
41671
40994
41669
48598
55128
55130
55292
55295
55388
55389
55403
55404
55409
55432
55453
55454
48593
48596
48597
48608
48610
48629
48680
48599
48605
48684
48746
48793
48775
48795
48796
48813
48812
48816
49139
49128
49145
49091
49062
49065
49079
49089
49097
49136
49072
49146
48928
49105
49115
48234
49172
49173
49195
49196
49596
49612
49620
131407
131667
131674
131807
131814
120605
131875
49650
49659
129925
131798
121426
54331
54386
54330
54434
54482
54502
54394
54505
54508
49668
53848
53799
53802
53834
53846
55141
55063
55061
55113
55118
144475
144483
144518
144521
144529
144607
144610
144616
144645
144648
144660
144663
145274
196720
196736
196741
196777
196794
139888
139889
150594
150595
150631
150590
151726
151947
139886
139887
140161
140181
140196
140245
140247
141569
141571
141582
142281
142313
142320
142477
142484
142487
142513
142522
142282
141636
141639
141646
141921
142015
142034
142036
142035
142048
142555
142557
142287
142569
142284
56101
56125
204670
204683
204690
204763
207767
207782
207772
207775
207774
207712
207721
207728
196778
145291
145293
145299
145302
145298
196746
196753
196756
196776
145333
145334
145510
145558
145565
145397
145399
145394
145384
145580
145386
145569
145581
145392
145415
145419
145429
145453
145811
145816
145831
145841
146017
146018
146023
146057
146063
146066
151511
151451
151462
151464
151508
151509
151512
151466
151467
151510
151452
151521
151524
151407
204492
204505
204509
204661
204665
203722
203776
203781
203784
203802
204405
204419
204423
204426
204434
204480
204479
208113
208114
208511
208529
208530
208536
208550
208094
208109
208110
208116
207784
207833
207834
207838
207860
208546
208547
208523
207856
207858
208170
208174
208193
208407
208417
208458
208460
208466
208482
208490
208492
208487
210702
210712
210727
210723
210738
210751
210749
210747
210766
180658
180631
180664
180277
180281
180283
180285
180295
180266
180609
180640
180662
180661
166893
166904
166908
166911
166905
185191
185198
166387
166390
166415
166513
166497
166521
166530
166686
166675
166657
166628
166639
166689
166687
161235
161237
167000
167073
166661
166747
166996
167017
166882
166883
166917
166962
167136
167148
167154
180760
180646
180670
180490
180572
180569
180404
179687
180465
180434
180480
180476
180488
182323
182386
182254
173605
182163
181984
182167
182168
179718
181927
181935
181943
182131
182139
182154
182159
182172
181975
182363
182252
182373
173618
173622
173625
166900
185179
166946
166891
166938
166941
166907
152243
166971
166963
152255
152391
166973
152250
166366
166955
176411
161239
176424
176420
176427
