1028
144585 144577 2284
144585 144589 844
144588 144589 1577
144588 144629 763
144588 144629 763
196685 144629 1361
196685 196686 1029
195580 196686 1445
195580 196689 730
195581 196345 815
195581 196689 1382
196343 196344 751
196343 196345 1527
196346 196344 1486
196346 196348 757
196346 196357 1177
196357 196346 1177
196357 196358 666
196367 196358 2059
196367 196407 2724
196367 196408 836
196406 196407 723
196406 196422 1955
196421 196422 785
196421 196423 1079
196420 196423 1080
140140 140139 604
140140 140142 2269
140140 141475 784
141475 140140 784
141475 141476 990
141475 141478 1094
141475 141480 639
141487 151600 183
141499 141500 894
141499 141514 165
141498 141500 2118
141498 141501 565
151894 141501 1331
151894 151881 741
146581 146678 975
146581 151914 751
146581 151960 767
151959 151871 349
151959 151960 1068
151974 151913 132
151974 151975 952
145410 141474 289
145410 151897 674
151284 151600 950
141476 141475 990
141476 141479 731
141477 151602 965
141474 141486 2691
141474 145410 289
189836 189835 929
189836 189837 166
189839 189838 875
189839 189840 2484
189839 189962 3141
189878 189838 1014
143900 143899 70
143900 150581 1208
140000 139998 503
140000 140001 769
139838 145711 227
139839 139842 1753
143899 143900 70
143899 150583 1354
139843 139842 786
139843 139845 795
139843 139850 630
139849 139850 2002
139849 139998 668
140005 139999 53
140006 140004 963
140006 140009 729
140012 140009 1715
140012 140146 792
140212 140170 778
140212 140213 2065
140216 140115 1235
140216 140217 1192
140164 140146 1650
140164 140167 884
140164 140170 1379
140115 140137 949
140115 140216 1235
140136 140137 1647
140136 140139 948
140138 140139 933
189982 189983 845
189982 190008 526
190008 189982 526
190008 190009 377
190057 190009 873
190057 190056 1538
190063 190056 882
190058 190056 769
186891 190561 600
190051 190049 1041
190051 190050 722
190053 190050 1082
190054 190050 718
190054 190052 821
190054 190056 579
142349 142351 873
142349 142365 2303
142362 142365 572
142360 142359 1664
142360 142367 740
142359 142360 1664
142359 142361 720
142390 142389 1264
142390 142391 2101
141441 142415 481
142405 142412 283
142389 142390 1264
142389 142392 493
142389 142406 1453
142183 142184 606
142229 142230 851
142229 142237 2504
142236 142237 819
142236 142371 2347
142352 142351 2461
142352 142368 2362
142352 142371 813
142351 142349 873
142351 142352 2461
142351 142366 2323
141507 141505 311
141507 141508 2112
141510 141508 858
141510 141525 130
151867 151671 1386
151867 151866 1185
151902 149286 677
151902 151866 512
151902 151901 1352
149273 149272 1149
149273 149286 201
151937 141505 165
151937 149272 603
149783 149782 674
149783 149795 857
149783 151926 605
151671 149782 2822
151671 151867 1386
151869 151870 293
151869 151963 121
141525 141510 130
141525 141524 858
141525 151828 146
151829 141669 2844
151829 151828 969
141674 141669 820
141674 141672 1827
142249 142251 815
142249 142259 3187
141820 141790 1643
141820 141824 867
141834 141824 2413
141834 141835 733
141834 142247 2380
142246 142247 903
142246 142251 1847
141672 141670 822
141672 141674 1827
141672 141677 2244
141678 141677 843
141678 141785 1617
141787 141785 877
141787 141788 1655
141790 141793 880
141790 141820 1643
142180 142186 1673
142258 142187 2483
55942 56062 1458
55942 56063 818
55975 55972 713
55977 55974 401
55977 55978 202
55977 55979 796
56064 56062 848
56064 56077 1366
56077 56064 1366
56077 56086 511
56088 56086 1499
56088 56089 747
56191 56189 951
56196 56189 1932
56196 56203 747
56222 56224 890
56258 56254 706
56258 56772 1901
56254 56219 2899
56254 56258 706
56254 56259 796
56284 56259 1449
56284 56285 782
56294 56285 1366
56294 56296 782
190542 190555 622
190554 190555 834
190548 189835 976
190548 190550 1206
190548 190551 336
196672 196671 846
196673 196668 801
196673 196671 1041
196673 196675 1735
196675 196670 779
196675 196673 1735
196675 196898 2477
196904 196898 747
196904 196906 1038
196907 196906 741
196907 196908 1064
196911 196908 449
204082 204095 1797
204291 204095 629
204291 204295 2419
204298 204295 797
204298 204334 2639
204335 204334 623
204335 204341 1661
204335 204342 881
204337 204340 539
204337 204342 679
204339 204340 932
204342 204335 881
204342 204337 679
204342 204343 2051
204379 204343 759
204379 204386 2673
204390 204386 947
204390 204401 1041
204402 204755 572
204402 204756 352
204403 204756 657
207202 207203 670
207202 207211 2028
207204 207211 937
207203 207202 670
207203 207212 2171
207213 197427 938
207213 207212 669
197331 197332 278
197331 207649 770
207648 207649 255
207648 207651 237
207651 207648 237
207651 207652 302
207654 207652 346
207654 207655 434
207234 207237 707
207238 207237 197
207238 207239 2860
207233 207239 709
207233 207247 2595
207246 207261 278
207263 207260 684
207263 207262 901
207263 207269 1559
207260 207263 684
207260 207268 2251
207264 207265 888
207264 207267 2026
207265 207264 888
207265 207268 722
207265 207270 2109
207266 207267 750
207266 207665 1383
207664 207655 526
207664 207666 346
196875 196873 796
196875 196874 1128
196889 196873 1742
196889 196888 901
196839 196836 379
196927 151670 2179
145437 145434 811
145437 145438 932
145967 145438 984
145967 145968 1679
145973 145968 1108
145973 145984 1931
145997 145976 935
145997 145977 1134
146000 143288 836
146000 145977 1142
142363 139964 2843
142363 143287 636
142363 146006 249
143288 143287 957
143288 146000 836
151349 151352 580
151356 151357 390
151356 151358 873
151356 151362 1652
151351 151350 600
151351 151352 2208
151351 151354 837
151316 151321 882
151322 151324 827
151322 151350 679
151323 151321 721
151323 151324 755
151323 151336 899
151320 151321 443
151320 151334 783
151327 151328 785
151327 151335 1249
151332 151333 507
151332 151334 76
151326 151328 3327
151326 151329 955
203993 203994 1668
204000 203994 834
204000 204003 1401
204000 204060 778
204060 204000 778
204060 204062 1285
204057 204058 712
204057 204069 751
204063 204062 692
204063 204068 1899
204063 204069 867
204086 204069 775
204086 204087 828
204089 204087 779
204089 204097 974
204092 204093 1933
204096 204095 395
204096 204292 183
204096 204293 2265
203591 203576 2014
203591 203592 808
203595 203596 675
203595 203600 758
203649 203615 955
203649 203648 870
203604 203597 1116
203604 203614 220
203614 203604 220
203614 203615 590
203650 203619 1029
203650 203648 790
203655 203620 2664
203655 203656 897
203725 203656 622
203725 203692 2866
203725 203726 893
203742 203743 841
203742 203746 1955
203750 203746 728
203750 203751 2078
203970 203751 734
203970 203971 797
203970 203978 1668
203971 203970 797
203971 203981 1559
207457 207454 1072
207457 207456 980
207457 207458 730
207951 207952 880
207456 207457 980
207456 207952 1122
207456 207953 805
207542 207545 901
207542 207583 1090
207543 207544 532
207543 207545 2750
207531 207544 883
198888 198885 66
207445 207447 905
207445 207460 1023
207460 207445 1023
207460 207459 1123
207460 207461 869
207454 207457 1072
207454 207464 801
207459 207460 1123
207459 207462 943
207459 207464 1122
207534 207535 1771
207534 207539 690
207533 207538 421
207468 207240 883
207468 207471 3060
207472 207471 802
207472 207478 2506
207487 207488 883
207487 207489 1012
207487 207490 2301
207488 207487 883
207488 207493 2433
207494 207493 776
207494 207579 2028
207582 207579 930
207582 207584 132
207582 207586 278
207916 207920 445
207955 207956 1010
207976 207973 815
207974 207973 1445
207974 207978 867
207974 207979 744
207981 207991 491
207981 208041 2020
208045 208041 892
208045 208047 2179
208046 208047 669
208046 208054 2003
208046 208056 695
208056 208046 695
208056 208057 1993
208362 208361 212
208267 208266 797
208275 208276 598
208343 208344 1812
210580 210575 1218
210566 210572 730
210575 210580 1218
208344 208343 1812
210572 210566 730
210572 210586 730
210586 210572 730
210586 210587 757
210587 210586 757
178868 178754 1395
178754 178868 1395
185058 185053 924
185053 185058 924
166282 166587 849
166587 166282 849
166284 166285 952
166285 166284 952
166321 166320 766
166320 166321 766
173747 173748 827
173748 173747 827
174522 174622 1365
174622 174522 1365
175569 175586 2546
175401 175400 1014
175400 175401 1014
175586 175569 2546
174451 174523 1199
174523 174451 1199
174317 174318 222
174318 174317 222
210917 210922 573
210922 210917 573
211056 211058 592
211058 211056 592
163666 163667 2556
163667 163666 2556
163667 163670 2446
163670 163667 2446
163037 163417 1827
163417 163037 1827
164263 164264 1449
164264 164263 1449
164085 164089 874
164089 164085 874
164099 164111 810
164111 164099 810
212044 212045 719
212045 212044 719
211980 211964 231
212308 212316 883
212316 212308 883
211964 211980 231
114487 114492 1252
114490 114495 835
114495 114490 835
114495 114496 883
114496 114495 883
114492 114487 1252
115050 115049 373
115049 115050 373
106859 106857 1174
106857 106859 1174
106874 106875 746
106875 106874 746
106820 106941 839
106941 106820 839
107306 107327 1398
107327 107306 1398
106843 106842 1891
106842 106843 1891
111806 111808 2113
111808 111806 2113
111996 112001 764
112006 112005 764
112005 112006 764
112001 111996 764
33618 33625 1530
33625 33618 1530
113142 113178 475
113178 113142 475
113421 113422 818
113422 113421 818
109250 109248 847
109250 109251 672
113263 113293 672
109248 109250 847
113293 113263 672
109251 109250 672
113232 113233 610
113233 113232 610
113233 113237 893
113237 113233 893
105713 105710 2087
113516 113517 649
113517 113516 649
105710 105713 2087
105406 105422 881
105422 105406 881
39892 40079 2204
40079 39892 2204
40094 40093 1268
40093 40094 1268
105463 105462 1238
105462 105463 1238
103684 103752 915
103752 103684 915
39936 39934 976
39934 39936 976
41267 41270 2453
41270 41267 2453
53438 53441 638
53441 53438 638
49268 49266 517
49266 49268 517
144375 144425 918
144425 144375 918
144425 144426 78
144426 144425 78
144378 144377 804
142433 144377 431
144377 142433 431
144377 144378 804
144230 142415 1373
144339 142414 1251
142414 144339 1251
144577 144585 2284
144589 144585 844
144589 144588 1577
144629 144588 763
144629 144588 763
144629 196685 1361
196686 195580 1445
196686 196685 1029
196689 195580 730
196689 195581 1382
196345 195581 815
196345 196343 1527
196344 196343 751
196344 196346 1486
196348 196346 757
196358 196357 666
196358 196367 2059
196407 196367 2724
196407 196406 723
196408 196367 836
196422 196406 1955
196422 196421 785
196423 196420 1080
196423 196421 1079
140139 140136 948
140139 140138 933
140139 140140 604
140142 140140 2269
141478 141475 1094
141480 141475 639
141480 141479 971
151600 141487 183
151600 141514 1696
151600 151284 950
141500 141498 2118
141500 141499 894
141514 141499 165
141514 151600 1696
141501 141498 565
141501 151894 1331
151881 151894 741
146678 146581 975
146678 151913 712
151914 146581 751
151914 151913 994
151960 146581 767
151960 151959 1068
151871 151959 349
151913 146678 712
151913 151914 994
151913 151974 132
151975 151974 952
151897 145410 674
141479 141476 731
141479 141480 971
151602 141477 965
151602 141486 1699
141486 141474 2691
141486 151602 1699
189835 189836 929
189835 190548 976
189835 190551 896
189837 189836 166
189837 189838 779
189838 189837 779
189838 189839 875
189838 189878 1014
189840 189839 2484
189962 189839 3141
189962 189983 670
150581 143900 1208
139998 139849 668
139998 139999 798
139998 140000 503
140001 140000 769
145711 139838 227
139842 139839 1753
139842 139843 786
150583 143899 1354
139845 139843 795
139850 139843 630
139850 139849 2002
139999 139998 798
139999 140004 707
139999 140005 53
140004 139999 707
140004 140006 963
140009 140006 729
140009 140012 1715
140146 140012 792
140146 140164 1650
140170 140164 1379
140170 140212 778
140213 140212 2065
140213 140217 721
140217 140213 721
140217 140216 1192
140167 140164 884
140137 140115 949
140137 140136 1647
189983 189962 670
189983 189982 845
190009 190008 377
190009 190057 873
190056 190054 579
190056 190057 1538
190056 190058 769
190056 190063 882
190561 186891 600
190049 190051 1041
190050 190051 722
190050 190053 1082
190050 190054 718
190052 190054 821
142365 142349 2303
142365 142362 572
142365 142366 969
142365 142367 1468
142367 142360 740
142367 142361 1628
142367 142365 1468
142361 142359 720
142361 142367 1628
142391 142390 2101
142415 141441 481
142415 144230 1373
142412 142405 283
142392 142389 493
142406 142389 1453
142184 142183 606
142184 142230 2797
142230 142184 2797
142230 142229 851
142237 142229 2504
142237 142236 819
142371 142236 2347
142371 142352 813
142368 142352 2362
142368 142366 2449
142366 142351 2323
142366 142365 969
142366 142368 2449
141505 141507 311
141505 151937 165
141508 141507 2112
141508 141510 858
141508 141524 129
151866 151867 1185
151866 151902 512
149286 149273 201
149286 151902 677
151901 149272 751
151901 151902 1352
149272 149273 1149
149272 151901 751
149272 151937 603
149782 149783 674
149782 151671 2822
149795 149783 857
151926 149783 605
151870 151869 293
151963 151869 121
141524 141508 129
141524 141525 858
151828 141525 146
151828 151829 969
141669 141670 1809
141669 141674 820
141669 151829 2844
142251 142246 1847
142251 142249 815
142259 142187 893
142259 142249 3187
141824 141820 867
141824 141834 2413
141835 141834 733
142247 141834 2380
142247 142246 903
141670 141669 1809
141670 141672 822
141677 141672 2244
141677 141678 843
141785 141678 1617
141785 141787 877
141788 141787 1655
141788 141793 939
141793 141788 939
141793 141790 880
142186 142180 1673
142186 142187 684
142187 142186 684
142187 142258 2483
142187 142259 893
56062 55942 1458
56062 56064 848
56063 55942 818
55972 55975 713
55974 55977 401
55978 55977 202
55979 55977 796
56086 56077 511
56086 56088 1499
56089 56088 747
56089 56189 1458
56189 56089 1458
56189 56191 951
56189 56196 1932
56203 56196 747
56224 56222 890
56772 56258 1901
56219 56254 2899
56259 56254 796
56259 56284 1449
56285 56284 782
56285 56294 1366
56296 56294 782
190555 190542 622
190555 190550 867
190555 190554 834
190550 190548 1206
190550 190555 867
190551 189835 896
190551 190548 336
196671 196672 846
196671 196673 1041
196668 196670 1722
196668 196673 801
196670 196668 1722
196670 196675 779
196898 196675 2477
196898 196904 747
196906 196904 1038
196906 196907 741
196908 196907 1064
196908 196911 449
204095 204082 1797
204095 204096 395
204095 204291 629
204295 204291 2419
204295 204298 797
204334 204298 2639
204334 204335 623
204341 204335 1661
204341 204343 884
204340 204337 539
204340 204339 932
204343 204341 884
204343 204342 2051
204343 204379 759
204386 204379 2673
204386 204390 947
204401 204390 1041
204401 204755 328
204755 204401 328
204755 204402 572
204756 204402 352
204756 204403 657
207211 207202 2028
207211 207204 937
207211 207212 727
207212 207203 2171
207212 207211 727
207212 207213 669
197427 197332 526
197427 207213 938
197332 197331 278
197332 197427 526
207649 197331 770
207649 207648 255
207652 207651 302
207652 207654 346
207655 207654 434
207655 207664 526
207237 207234 707
207237 207238 197
207237 207240 474
207239 207233 709
207239 207238 2860
207247 207233 2595
207247 207261 461
207261 207246 278
207261 207247 461
207261 207262 2002
207262 207261 2002
207262 207263 901
207269 207263 1559
207268 207260 2251
207268 207265 722
207267 207264 2026
207267 207266 750
207267 207270 960
207270 207265 2109
207270 207267 960
207665 207266 1383
207665 207666 519
207666 207664 346
207666 207665 519
196873 196875 796
196873 196889 1742
196874 196875 1128
196888 196889 901
196836 196839 379
151670 196927 2179
145434 145437 811
145438 145437 932
145438 145967 984
145968 145967 1679
145968 145973 1108
145984 145973 1931
145984 145976 387
145976 145977 1333
145976 145984 387
145976 145997 935
145977 145976 1333
145977 145997 1134
145977 146000 1142
139964 142363 2843
143287 142363 636
143287 143288 957
146006 142363 249
151352 151349 580
151352 151351 2208
151352 151362 977
151357 151356 390
151358 151356 873
151362 151352 977
151362 151356 1652
151350 151322 679
151350 151351 600
151354 151351 837
151321 151316 882
151321 151320 443
151321 151323 721
151324 151322 827
151324 151323 755
151336 151323 899
151336 151333 646
151334 151320 783
151334 151332 76
151328 151326 3327
151328 151327 785
151335 151327 1249
151335 151333 723
151333 151332 507
151333 151335 723
151333 151336 646
151329 151326 955
203994 203993 1668
203994 204000 834
204003 204000 1401
204003 204062 841
204062 204003 841
204062 204060 1285
204062 204063 692
204058 204057 712
204069 204057 751
204069 204063 867
204069 204086 775
204068 204063 1899
204087 204086 828
204087 204089 779
204097 204089 974
204097 204093 797
204093 204092 1933
204093 204097 797
204093 204292 197
204292 204093 197
204292 204096 183
204293 204096 2265
203576 203591 2014
203592 203591 808
203596 203595 675
203596 203597 578
203600 203595 758
203615 203614 590
203615 203648 810
203615 203649 955
203648 203615 810
203648 203649 870
203648 203650 790
203597 203596 578
203597 203604 1116
203619 203620 893
203619 203650 1029
203620 203619 893
203620 203655 2664
203656 203655 897
203656 203725 622
203692 203725 2866
203726 203725 893
203726 203743 591
203743 203726 591
203743 203742 841
203746 203742 1955
203746 203750 728
203751 203750 2078
203751 203970 734
203978 203970 1668
203978 203981 817
203981 203971 1559
203981 203978 817
207458 207457 730
207458 207464 1153
207458 207953 1037
207952 207456 1122
207952 207920 1073
207952 207951 880
207953 207456 805
207953 207458 1037
207545 207542 901
207545 207543 2750
207545 207583 1400
207583 207542 1090
207583 207545 1400
207583 207584 1129
207544 207531 883
207544 207535 364
207544 207543 532
198885 198888 66
207447 207445 905
207447 207461 1168
207461 207447 1168
207461 207460 869
207461 207462 1036
207464 207454 801
207464 207458 1153
207464 207459 1122
207462 207459 943
207462 207461 1036
207535 207534 1771
207535 207544 364
207539 207534 690
207539 207538 479
207538 207533 421
207538 207539 479
207240 207237 474
207240 207468 883
207471 207468 3060
207471 207472 802
207478 207472 2506
207478 207489 163
207489 207478 163
207489 207487 1012
207490 207487 2301
207490 207493 860
207493 207488 2433
207493 207490 860
207493 207494 776
207579 207494 2028
207579 207582 930
207584 207582 132
207584 207583 1129
207584 207586 329
207586 207582 278
207586 207584 329
207920 207916 445
207920 207952 1073
207956 207955 1010
207956 207973 837
207956 207978 1112
207973 207956 837
207973 207974 1445
207973 207976 815
207978 207956 1112
207978 207974 867
207979 207974 744
207991 207981 491
208041 207981 2020
208041 208045 892
208047 208045 2179
208047 208046 669
208054 208046 2003
208054 208057 679
208057 208054 679
208057 208056 1993
208057 208361 555
208361 208057 555
208361 208362 212
208266 208267 797
208276 208275 598
971
144585
144588
196685
195580
195581
196343
196346
196357
196367
196406
196421
196420
140140
141475
141487
141499
141498
151894
146581
151959
151974
145410
151284
141476
141477
141474
189836
189839
189878
143900
140000
139838
139839
143899
139843
139849
140005
140006
140012
140212
140216
140164
140115
140136
140138
189982
190008
190057
190063
190058
186891
190051
190053
190054
142349
142362
142360
142359
142390
141441
142405
142389
142183
142229
142236
142352
142351
141507
141510
151867
151902
149273
151937
149783
151671
151869
141525
151829
141674
142249
141820
141834
142246
141672
141678
141787
141790
142180
142258
55942
55975
55977
56064
56077
56088
56191
56196
56222
56258
56254
56284
56294
190542
190554
190548
196672
196673
196675
196904
196907
196911
204082
204291
204298
204335
204337
204339
204342
204379
204390
204402
204403
207202
207204
207203
207213
197331
207648
207651
207654
207234
207238
207233
207246
207263
207260
207264
207265
207266
207664
196875
196889
196839
196927
145437
145967
145973
145997
146000
142363
143288
151349
151356
151351
151316
151322
151323
151320
151327
151332
151326
203993
204000
204060
204057
204063
204086
204089
204092
204096
203591
203595
203649
203604
203614
203650
203655
203725
203742
203750
203970
203971
207457
207951
207456
207542
207543
207531
198888
207445
207460
207454
207459
207534
207533
207468
207472
207487
207488
207494
207582
207916
207955
207976
207974
207981
208045
208046
208056
208362
208267
208275
208285
208367
198881
208383
198883
208330
208343
210580
210566
210575
208344
208357
210572
210586
210587
210647
210661
210653
210679
178668
178803
178868
178741
178754
178796
178737
177536
177555
180309
163644
163672
163659
166334
166336
166351
166331
184959
185058
185053
185055
185051
166248
166282
166587
166284
166289
166294
163699
166285
166322
166321
166320
166325
166343
166829
166219
166246
166249
180769
180771
180786
180507
180532
182412
182435
182446
182235
182009
182436
182476
182487
169197
185245
173747
173748
173756
173613
174140
176271
152191
152204
152206
174222
174258
176333
176366
176332
176311
176313
176327
185036
185081
185103
185101
185105
176276
176277
174986
173959
173802
173822
173894
173799
173792
175068
175082
174522
174622
174640
174588
174696
174701
175222
174709
175274
175273
174727
174736
174723
175232
175242
175564
175569
175568
175571
175415
175560
175401
175405
175400
175423
175417
175586
175706
175720
175763
175505
175509
175517
175525
175518
175523
175632
175634
175696
175527
174426
174437
174451
174501
174523
176299
174317
174321
174318
174253
174300
210664
210825
210829
210843
210844
210863
210864
210906
210917
210922
210932
211056
211067
211058
211061
211062
211093
211756
211086
211781
211752
211753
163646
163666
163483
163503
163548
163497
163667
163670
163623
162995
162997
163017
163020
162964
161325
163033
163478
163412
163482
163037
163417
162766
162782
162784
162776
164263
164017
164264
164266
164039
164078
164083
164042
164053
164170
164055
164063
164072
164061
164071
164085
164089
164099
164111
164117
164082
164119
212044
207842
212041
212042
212045
211819
211969
211980
211985
212308
212316
212370
211964
178718
114823
114614
114630
114627
114472
114487
114490
114495
114496
114492
115206
115240
115493
115509
114974
115130
115050
115049
115151
114953
114959
114975
114983
114990
114997
92090
102917
115112
115115
115306
115180
115358
115621
113937
106847
106848
106859
106857
106874
106875
106820
106938
106997
107013
106941
107011
107268
107306
107327
107275
107266
107413
106643
106843
106673
106842
106686
92909
106648
106650
106720
106713
106517
106521
106256
106489
106229
116059
116066
116070
106241
106243
191536
191814
190973
194032
194212
191742
191881
191724
191589
191877
192858
192862
193034
107628
107683
107658
107579
107583
107556
109796
107603
107606
113640
103431
107664
107753
107756
107934
107758
107835
107921
111128
111795
111806
111811
111816
111808
111141
111818
111861
111894
111895
111934
111962
111968
111990
111996
111980
112006
112005
112001
33618
33625
113427
113142
113178
113181
113184
113434
113124
113146
112923
112950
112990
113132
113167
103426
113248
113295
113304
113316
103494
113421
113479
113486
113422
113490
113491
109250
113261
113263
109248
113293
113276
113254
109251
112969
113208
113232
113233
113237
105713
113516
113522
113517
105710
105309
105311
105312
105316
105320
105366
105314
105338
103470
103735
105389
105406
105422
35360
103662
39892
39901
40079
40090
40094
40093
39898
39905
40062
40070
105158
105148
105242
105171
105197
105200
105470
105223
105228
105463
105462
105456
103673
103705
103671
103747
103748
103684
103752
105466
105458
39999
40002
39936
40006
39934
40028
40034
40052
40173
41272
41267
41270
41283
41286
41297
41319
41220
41221
41248
41252
41254
53268
53275
55080
55081
55089
56644
55103
55094
55106
55260
55274
55333
55337
55340
55356
55357
53438
53440
53415
53441
49232
53570
49421
49433
49506
49505
49497
49380
49446
49472
49423
49473
49499
49501
49268
49251
49258
49264
49266
49486
49487
49490
39921
46327
49662
53803
53813
54769
144375
144425
144426
144431
144371
144378
142433
144377
144230
144339
142414
142420
142426
142424
142432
144429
144440
144448
144572
144577
144589
144629
196686
196689
196345
196344
196348
196358
196407
196408
196422
196423
140139
140142
141478
141480
151600
141500
141514
141501
151881
146678
151914
151960
151871
151897
141486
189835
189837
189840
189962
150581
139998
145711
139842
150583
139845
139850
140004
140009
140146
140170
140213
140217
140167
140137
189983
190009
190561
190049
190050
190052
142367
142361
142391
142415
142412
142392
142406
142184
142230
142237
142371
142368
142366
141505
141508
151866
151901
149782
149795
151926
151963
141524
151828
141669
142251
142259
141824
141835
142247
141670
141677
141785
141788
141793
142186
142187
56062
56063
55972
55974
55978
55979
56086
56089
56189
56203
56224
56219
56259
56285
56296
190550
190551
196671
196668
196670
196898
196906
196908
204095
204295
204334
204341
204343
204386
204401
204755
207211
207212
197427
197332
207649
207652
207655
207239
207247
207262
207269
207268
207267
207270
207665
207666
196873
196874
196888
196836
151670
145434
145438
145968
145984
145976
145977
139964
143287
146006
151352
151358
151362
151350
151354
151324
151336
151328
151335
151329
203994
204003
204062
204069
204068
204087
204097
204093
204293
203576
203592
203596
203597
203619
203620
203656
203692
203726
203743
203746
203751
203978
203981
207458
207952
207953
207545
207583
207544
198885
207447
207461
207464
207462
207535
207539
207538
207240
207471
207478
207489
207490
207493
207579
207584
207586
207920
207956
207978
207979
207991
208041
208047
208054
208057
208361
208276
