1392
46363 46362 677
46363 46364 789
46371 46366 879
46371 46372 848
46371 46672 337
46375 46372 871
46375 46373 818
46672 46371 337
46672 50341 672
46377 46373 2009
46377 46397 747
46397 46376 1890
46397 46377 747
46397 46398 713
46401 46399 1798
46402 46399 1128
46402 46699 452
127015 127014 1161
127015 127016 476
126161 126160 253
126161 126162 1467
126162 126161 1467
126162 126167 924
126162 126168 276
126170 126168 1161
126170 127089 581
127095 127093 337
127095 127096 558
127019 127018 673
127019 127021 537
127022 126075 3469
127022 127023 475
127143 127140 790
127143 127144 1534
127450 127445 984
45879 45880 418
45879 45887 873
45882 45878 635
45885 45870 672
45885 45884 709
45885 46134 1783
46139 46134 688
46139 46146 2089
46141 46142 789
46141 46143 474
126744 126743 1014
126744 126745 253
126744 126746 452
126763 126764 1994
126763 126766 392
126794 126782 822
126794 126792 2251
126798 126793 2083
126798 126795 2208
126782 126779 807
126782 126783 1965
126782 126794 822
126796 126799 231
126796 126813 394
126790 45877 1346
126790 126788 807
126752 126748 1576
126752 126751 418
126752 126765 1088
126769 126767 3730
126769 126772 789
127042 127013 538
46150 46145 1635
46150 46146 1746
46150 46149 905
46144 46136 849
46144 46147 452
46147 46137 1742
46147 46144 452
46147 46149 672
46161 46154 2483
46161 46234 445
46166 46160 663
46166 46163 1073
46235 46111 1055
46235 46234 1182
46331 46112 984
46331 46330 1454
46330 46109 849
46330 46331 1454
46330 46336 1796
46343 46339 67
46395 46396 848
46395 46399 906
46369 46367 984
46369 46372 581
46369 46373 879
46370 46367 2586
46370 46368 984
46370 46383 951
46378 46338 906
46378 46382 747
46383 46370 951
46383 46382 1064
127462 127087 1554
127462 127453 1569
127462 132365 800
127428 127429 613
127467 127472 874
127475 127476 279
127454 127445 1258
127454 127482 1229
127490 127491 1798
127494 127643 678
127494 127646 253
127642 127641 984
127642 127643 436
127644 127643 1632
127644 127647 953
127648 127647 1868
127648 127725 829
127727 127725 2104
127727 127726 678
127731 127590 1121
127606 127596 934
127606 127608 1258
127609 127608 337
127582 127581 1858
127582 127584 3774
127585 127575 2815
127585 127589 739
127613 127611 279
127621 127612 1673
127621 127623 276
127605 127603 1381
127605 127604 688
127605 129122 848
127624 127604 1892
129125 129122 1537
129125 129127 811
129142 129138 752
129321 129147 613
129326 129148 673
129326 129327 697
129151 129146 2035
129352 129351 436
129352 129354 355
129354 129352 355
129354 129356 1558
129364 129360 739
129364 129362 1578
129364 129365 739
129373 129365 2845
129373 129374 751
129373 129375 751
129404 129403 673
129404 129406 418
129409 129411 1821
129409 129412 222
129410 129411 1225
129612 129619 475
121243 121242 1229
121251 121248 1587
121251 121253 2016
121253 121249 754
121253 121251 2016
121253 121255 1234
121288 121255 1354
121288 121308 893
121181 121179 1226
121181 121180 1561
121181 121204 2478
121205 121204 1087
121205 121206 1920
121245 121242 1920
121245 121244 1147
121307 121306 2451
121307 121313 422
121308 121288 893
121308 121306 684
121283 121282 893
121283 121315 688
121562 121563 162
121567 121566 156
70093 70094 1991
70093 77486 1091
70109 70107 1954
70109 70108 562
70109 70158 684
70062 69878 844
70062 70060 1667
70065 70061 1558
70065 70074 873
69824 69825 558
70296 70292 753
70296 70295 1595
70296 70310 711
70314 70372 808
70314 70380 1610
70313 70372 279
70374 70373 782
78778 76625 3265
70379 70373 928
70379 70392 1114
70379 70401 1103
70401 70379 1103
70401 70403 1124
70408 70403 1103
70408 70410 893
70409 70417 2016
70409 70460 874
70458 70460 885
70458 70461 1143
70461 70458 1143
70461 70469 1147
70462 70479 796
70462 70489 796
70462 70490 1309
70477 70474 713
70477 70480 2182
70479 70462 796
70479 70480 688
70479 70481 1342
69906 69907 206
69920 69905 183
69926 76621 240
69827 69828 1314
77475 77474 637
69857 69904 145
69870 69869 422
69873 69872 873
69873 69879 1426
69889 69887 768
69889 69892 847
69891 69890 1267
69891 69895 8042
70047 70048 1293
129414 129408 673
129414 129413 1211
129414 129489 1820
129415 129413 474
129611 129608 837
129611 129608 837
129500 129490 739
129500 129502 511
129494 129488 808
129494 129492 1624
129494 129495 418
129497 129479 2831
129497 129492 1075
129527 129522 374
129524 129523 2085
129524 129532 674
129525 129522 611
129525 129523 650
129532 129524 674
129532 129531 1814
129532 129533 891
129537 129533 2084
129537 129534 337
129537 129562 558
129562 129534 631
129562 129537 558
129565 129564 650
121200 121197 891
121203 120055 1421
121203 121213 337
121212 121206 837
121212 121213 928
218193 218194 1895
219390 219417 2048
219390 219433 2062
219391 224418 1139
219419 219433 822
219061 219053 4287
219061 219063 729
219062 219063 990
219062 219064 1809
219065 219064 647
219067 219068 410
219073 224115 392
224100 224913 271
219428 219430 902
219428 219522 1169
219429 219430 2698
219429 219438 777
219435 219437 1707
219435 219452 2246
219436 219417 822
219436 219437 818
219476 219481 815
219477 219482 791
219477 219521 720
219521 219477 720
219521 219523 802
219462 219461 298
219462 224116 401
219461 219462 298
219461 219466 431
219464 219478 1242
219464 219479 805
219464 219481 1283
218781 218778 1217
218781 218794 1008
218781 218795 477
218799 218796 867
218799 218827 1969
218900 218827 1217
218900 218830 784
218957 218964 2079
218957 219588 556
218963 218964 702
218958 218960 862
218954 218959 513
218830 218826 1906
218830 218900 784
218830 218916 737
218916 218830 737
218916 218836 1098
218916 218918 678
218925 218924 190
218931 218932 802
218931 222098 750
222010 221974 770
222010 222004 1134
222097 218924 1305
222097 222098 713
222100 221974 1610
222100 222103 767
222106 222103 2418
222107 222103 766
222107 222104 1337
222107 222115 807
222116 222115 2416
222116 222126 1025
222130 222126 1559
222130 222192 959
222130 224361 1874
222167 222169 2621
222167 222170 1004
222200 215322 1154
222200 222193 255
222200 224361 235
217992 222140 2113
222146 222149 2504
222147 222158 383
219989 219990 278
222171 222169 857
222171 222172 782
222171 222173 2100
222165 222178 858
222165 224884 378
219583 219601 366
219584 219585 1916
219584 219593 909
219573 219618 1675
218777 218778 423
218777 218780 387
218787 218786 306
218760 218765 593
218760 218784 1336
218783 218784 408
218763 218769 705
218763 218771 754
218769 218763 705
218769 218773 764
218769 218774 590
218770 221947 793
218770 221948 2110
221976 221965 334
221976 221977 1114
221978 221981 592
221978 222052 1280
221946 221965 1421
221946 223320 2012
223320 221946 2012
223320 223321 749
223080 223090 465
220224 223090 969
223097 223092 1372
223098 222044 1580
223098 223321 1163
223098 223323 702
223147 223148 683
223147 223149 864
223141 223142 1282
223141 223149 1303
223198 223202 971
223201 223220 2781
223201 223221 998
223203 223204 1280
223203 223205 641
223144 217688 1092
223152 223139 1430
223152 223224 646
223158 223160 1318
223158 223161 723
223193 223194 612
223193 223197 459
223195 223194 312
223195 223196 2685
150841 150842 291
151618 150842 611
151089 150949 332
151090 151091 1318
151099 151091 103
151099 151102 2468
150940 150922 426
149177 149178 518
149177 149338 1008
151638 149338 498
149179 149178 1301
149179 149180 1210
149257 149260 1141
149259 149260 758
149259 149268 1872
149271 149323 1066
149339 149324 784
149339 149340 478
149355 149353 493
149355 149356 315
149356 149355 315
149356 149357 479
149341 149340 405
149341 149342 367
149360 149342 1446
149360 149361 458
149364 149365 712
149364 149368 531
149364 149370 1070
149549 149370 2143
149549 149550 784
149549 149552 2431
149552 149549 2431
149552 149553 1365
149567 149557 993
149567 149569 833
149567 149570 1378
149568 149569 2590
149568 149571 757
151102 151099 2468
151102 151100 155
150907 151100 257
140304 140305 1811
150930 150931 149
151127 151128 735
147272 147273 714
147272 151205 2461
147279 147273 2361
147279 147278 833
151176 151142 2031
151176 151205 859
151143 151138 2875
151143 151142 776
151174 151133 2322
147369 147278 2461
147369 147281 826
151131 151128 1625
151131 151133 789
147383 147281 2326
147383 147381 892
147383 147393 2316
147393 147383 2316
147393 147392 896
147398 147392 2353
147398 147399 763
147433 147399 1808
147433 147432 943
147515 147432 587
147515 147516 716
147519 147516 2647
147519 147520 753
147538 147520 2008
147538 147537 743
147541 147537 2310
147541 147540 863
147670 147540 2410
147670 147564 782
147673 147564 2393
147673 147676 805
147691 147676 2347
147691 147682 797
147881 147682 2378
147881 147885 802
147940 147935 766
147940 147938 2406
147940 147941 771
147941 147939 2438
147941 147940 771
147942 147917 2650
147942 147939 855
147942 147943 858
147943 147942 858
147943 147957 793
147943 147963 2691
147956 147957 1481
147956 147958 2057
147974 147958 245
147974 147968 2606
147974 147975 1182
148889 147981 840
148889 148890 2195
148891 148890 693
148891 148892 1053
149004 149005 2355
149019 149017 1215
149018 149005 1200
149018 149017 1148
151790 151802 186
205147 205146 3311
205147 205148 1559
212696 212697 824
212698 212690 1463
212698 212697 469
212698 212699 2272
212718 205970 730
212718 212724 1366
205970 205969 720
205970 212718 730
212736 205969 884
212736 212724 710
212736 212737 508
212844 196334 1353
212844 212802 2213
212846 212849 2642
196334 196335 286
196334 212844 1353
212777 212780 510
212777 214578 1006
212783 212780 1020
212783 212784 1091
212783 212794 670
212783 212795 563
150137 150148 2281
150147 150148 852
150147 150150 2293
150149 150150 879
150149 150160 1675
150157 150160 801
150219 150227 160
150219 150228 1318
150220 150228 388
150220 150233 1372
150233 150220 1372
150233 150232 388
150279 150257 314
150279 150280 1332
150287 150280 325
150287 150297 1732
150291 150297 297
150291 150303 1655
150302 150303 442
150302 150366 2235
198724 198723 3778
198724 198727 490
198724 198771 271
198773 198772 477
205057 205059 824
205057 205067 2339
205066 205067 751
205066 205069 2548
205068 205069 734
205068 205179 2439
205178 205179 767
205058 205059 1964
205058 205060 942
154043 154044 1517
170685 170730 139
170737 170736 383
170737 170738 1000
170739 170738 2371
170734 170735 789
170756 170755 713
170756 170773 983
170756 170775 1430
170761 170755 238
170761 170758 436
171230 171231 907
171230 171234 203
171234 171230 203
171234 171279 3291
171292 171293 1344
171292 171302 1690
171295 171296 279
171222 170775 1537
171222 171243 951
171222 172603 752
171232 171231 605
168954 168978 452
171318 171319 169
171318 171452 850
171316 171302 672
171316 171317 1118
168970 168988 791
168974 168975 1742
168974 168989 791
152143 152142 1185
152143 154223 556
162408 162407 445
168982 168987 276
168986 162397 1558
168986 162403 759
154184 154180 590
154184 154183 1269
154183 154181 782
154183 154184 1269
154252 154253 1225
154252 154257 778
154252 154261 703
154257 154252 778
154257 154258 1012
154257 154262 1377
154259 154260 782
154340 154338 1340
154274 154275 1004
154274 154473 1437
154473 154274 1437
154473 154476 1367
154473 154481 905
154475 154476 672
154549 154555 1014
154555 154549 1014
155109 155113 1375
155113 155109 1375
157997 157993 2739
157993 157997 2739
158057 158055 848
158055 158057 848
158076 158073 928
158073 158076 928
161252 161253 767
161253 161252 767
213115 213117 3689
213117 213115 3689
213117 213132 1019
213132 213117 1019
213144 213147 549
213147 213144 549
213318 213312 606
213312 213318 606
95081 95082 2557
95082 95081 2557
97552 97561 1055
97561 97552 1055
98280 98282 1179
98282 98280 1179
109028 109097 1811
109097 109028 1811
109100 109205 836
109205 109100 836
44135 44133 551
44133 44135 551
44675 44674 1533
44674 44675 1533
44615 44639 709
44639 44615 709
44639 44832 631
35600 35641 2614
35641 35600 2614
44832 44639 631
35815 35818 1716
35818 35815 1716
35824 35865 1103
35865 35824 1103
41378 41380 1153
41380 41378 1153
41391 41403 4210
41403 41391 4210
41403 46306 1380
46306 41403 1380
46601 46362 2091
46362 46363 677
46362 46601 2091
46364 46363 789
46364 46366 2216
46366 46364 2216
46366 46367 1594
46366 46371 879
46372 46369 581
46372 46371 848
46372 46375 871
46373 46369 879
46373 46375 818
46373 46376 818
46373 46377 2009
50341 46672 672
46376 46373 818
46376 46396 747
46376 46397 1890
46398 46396 1969
46398 46397 713
46398 46699 475
46399 46395 906
46399 46401 1798
46399 46402 1128
46699 46398 475
46699 46402 452
127014 127015 1161
127016 127015 476
126160 126161 253
126167 126162 924
126168 126162 276
126168 126170 1161
127089 126170 581
127093 127095 337
127096 127095 558
127018 127019 673
127021 127019 537
126075 127022 3469
127023 127022 475
127140 127143 790
127144 127143 1534
127445 127450 984
127445 127454 1258
45880 45879 418
45887 45879 873
45878 45882 635
45870 45885 672
45884 45885 709
46134 45885 1783
46134 46139 688
46134 46146 1987
46146 46134 1987
46146 46139 2089
46146 46145 688
46146 46150 1746
46142 46141 789
46143 46141 474
126743 126744 1014
126745 126744 253
126746 126744 452
126746 126748 1742
126764 126763 1994
126766 126763 392
126766 126765 1129
126766 126813 473
126792 126793 475
126792 126794 2251
126793 126792 475
126793 126795 612
126793 126798 2083
126795 126793 612
126795 126798 2208
126779 126782 807
126783 126782 1965
126799 126796 231
126813 126766 473
126813 126796 394
45877 126790 1346
126788 126790 807
126748 126746 1742
126748 126752 1576
126748 126765 1324
126751 126752 418
126765 126748 1324
126765 126752 1088
126765 126766 1129
126767 126769 3730
126772 126769 789
127013 127042 538
46145 46146 688
46145 46150 1635
46149 46147 672
46149 46150 905
46136 46144 849
46137 46147 1742
46154 46161 2483
46234 46161 445
46234 46235 1182
46160 46163 855
46160 46166 663
46163 46160 855
46163 46166 1073
46111 46112 1124
46111 46235 1055
46112 46109 1248
46112 46111 1124
46112 46331 984
46109 46112 1248
46109 46330 849
46336 46330 1796
46336 46339 805
46339 46336 805
46339 46343 67
46396 46376 747
46396 46395 848
46396 46398 1969
46367 46366 1594
46367 46369 984
46367 46370 2586
46368 46370 984
46368 46382 984
46338 46378 906
46382 46368 984
46382 46378 747
46382 46383 1064
127087 127462 1554
127453 127462 1569
132365 127462 800
127429 127428 613
127472 127467 874
127476 127475 279
127482 127454 1229
127491 127490 1798
127643 127494 678
127643 127642 436
127643 127644 1632
127646 127494 253
127646 127647 1731
127641 127642 984
127647 127644 953
127647 127646 1731
127647 127648 1868
127725 127648 829
127725 127727 2104
127726 127590 1010
127726 127727 678
127590 127589 739
127590 127726 1010
127590 127731 1121
127596 127606 934
127608 127606 1258
127608 127609 337
127581 127582 1858
127584 127575 752
127584 127582 3774
127575 127584 752
127575 127585 2815
127589 127585 739
127589 127590 739
127611 127612 678
127611 127613 279
127612 127611 678
127612 127621 1673
127623 127621 276
127603 127605 1381
127604 127605 688
127604 127624 1892
129122 127605 848
129122 129125 1537
129127 129125 811
129138 129142 752
129147 129148 1364
129147 129321 613
129148 129146 1087
129148 129147 1364
129148 129326 673
129327 129326 697
129146 129148 1087
129146 129151 2035
129351 129352 436
129356 129354 1558
129360 129364 739
129362 129364 1578
129365 129364 739
129365 129373 2845
129374 129373 751
129375 129373 751
129403 129404 673
129406 129404 418
129406 129408 673
129411 129409 1821
129411 129410 1225
129411 129608 562
129412 129408 1423
129412 129409 222
129412 129413 789
129619 129612 475
121242 121243 1229
121242 121245 1920
121248 121249 1258
121248 121251 1587
121249 121248 1258
121249 121253 754
121255 121253 1234
121255 121288 1354
121179 121181 1226
121180 121181 1561
121180 121244 333
121204 121181 2478
121204 121205 1087
121206 121205 1920
121206 121212 837
121244 121180 333
121244 121245 1147
121306 121307 2451
121306 121308 684
121313 121307 422
121282 121283 893
121315 121283 688
121563 121562 162
121566 121567 156
70094 70093 1991
77486 70093 1091
70107 70108 1887
70107 70109 1954
70108 70107 1887
70108 70109 562
70158 70109 684
69878 70062 844
70060 70061 760
70060 70062 1667
70061 70060 760
70061 70065 1558
70074 70065 873
69825 69824 558
70292 70296 753
70295 70296 1595
70310 70296 711
70372 70313 279
70372 70314 808
70372 70373 2183
70380 70314 1610
70373 70372 2183
70373 70374 782
70373 70379 928
76625 78778 3265
70392 70379 1114
70392 70403 1019
70403 70392 1019
70403 70401 1124
70403 70408 1103
70410 70408 893
70417 70409 2016
70460 70409 874
70460 70458 885
70469 70461 1147
70489 70462 796
70490 70462 1309
70490 70481 688
70474 70477 713
70480 70477 2182
70480 70479 688
70481 70479 1342
70481 70490 688
69907 69906 206
69905 69904 335
69905 69920 183
76621 69926 240
69828 69827 1314
77474 77475 637
69904 69857 145
69904 69905 335
69869 69870 422
69872 69873 873
69879 69873 1426
69879 69887 858
69887 69879 858
69887 69889 768
69892 69889 847
69890 69891 1267
69895 69891 8042
70048 70047 1293
129408 129406 673
129408 129412 1423
129408 129414 673
129413 129412 789
129413 129414 1211
129413 129415 474
129489 129414 1820
129489 129490 739
129608 129411 562
129608 129611 837
129608 129611 837
129490 129488 1726
129490 129489 739
129490 129500 739
129502 129500 511
129488 129490 1726
129488 129494 808
129492 129494 1624
129492 129497 1075
129495 129494 418
129479 129497 2831
129522 129525 611
129522 129527 374
129523 129524 2085
129523 129525 650
129531 129532 1814
129533 129532 891
129533 129537 2084
129534 129537 337
129534 129562 631
129564 129565 650
121197 120055 949
121197 121200 891
120055 121197 949
120055 121203 1421
121213 121203 337
121213 121212 928
218194 218193 1895
219417 219390 2048
219417 219433 882
219417 219436 822
219433 219390 2062
219433 219417 882
219433 219419 822
224418 219391 1139
219053 219061 4287
219063 219061 729
219063 219062 990
219064 219062 1809
219064 219065 647
219068 219067 410
224115 219073 392
224115 224116 1249
224913 224100 271
219430 219428 902
219430 219429 2698
219522 219428 1169
219522 219523 827
219438 219429 777
219437 219435 1707
219437 219436 818
219452 219435 2246
219481 219464 1283
219481 219476 815
219481 219482 2415
219482 219477 791
219482 219481 2415
219523 219521 802
219523 219522 827
224116 219462 401
224116 224115 1249
219466 219461 431
219478 219464 1242
219479 219464 805
218778 218777 423
218778 218781 1217
218794 218781 1008
218794 218796 664
218795 218781 477
218796 218794 664
218796 218799 867
218827 218799 1969
218827 218900 1217
218964 218957 2079
218964 218963 702
219588 218957 556
218960 218958 862
218960 218959 590
218959 218954 513
218959 218960 590
218959 222140 1666
218826 218830 1906
218836 218916 1098
218918 218916 678
218918 218924 1137
218924 218918 1137
218924 218925 190
218924 222097 1305
218932 218931 802
222098 218931 750
222098 222097 713
221974 222010 770
221974 222100 1610
222004 222010 1134
222103 222100 767
222103 222106 2418
222103 222107 766
222104 222107 1337
222115 222107 807
222115 222116 2416
222126 222116 1025
222126 222130 1559
222192 222130 959
224361 215322 1170
224361 222130 1874
224361 222200 235
222169 222167 2621
222169 222171 857
222170 222167 1004
222170 222193 910
215322 222193 1161
215322 222200 1154
215322 224361 1170
222193 215322 1161
222193 222170 910
222193 222200 255
222140 217992 2113
222140 218959 1666
222140 222158 349
222149 222146 2504
222158 222140 349
222158 222147 383
219990 219989 278
222172 222171 782
222173 222171 2100
222178 222165 858
224884 222165 378
219601 219583 366
219601 219585 460
219585 219584 1916
219585 219601 460
219593 219584 909
219618 219573 1675
218780 218777 387
218786 218784 834
218786 218787 306
218765 218760 593
218784 218760 1336
218784 218783 408
218784 218786 834
218771 218763 754
218771 218773 745
218773 218769 764
218773 218771 745
218774 218769 590
218774 221948 202
221947 218770 793
221948 218770 2110
221948 218774 202
221965 221946 1421
221965 221976 334
221977 221976 1114
221981 221978 592
222052 221978 1280
223321 223092 1221
223321 223098 1163
223321 223320 749
223090 220224 969
223090 223080 465
223090 223092 1188
223092 223090 1188
223092 223097 1372
223092 223321 1221
222044 223098 1580
223323 223098 702
223323 223142 815
223148 223147 683
223149 223141 1303
223149 223147 864
223142 223141 1282
223142 223323 815
223202 223198 971
223220 223201 2781
223220 223224 636
223221 223201 998
223221 223204 1024
223204 223203 1280
223204 223221 1024
223205 223196 707
223205 223203 641
217688 223139 730
217688 223144 1092
223139 217688 730
223139 223152 1430
223224 223152 646
223224 223220 636
223160 223158 1318
223160 223161 1503
223161 223158 723
223161 223160 1503
223194 223193 612
223194 223195 312
223197 223193 459
223196 223195 2685
223196 223205 707
150842 150841 291
150842 151618 611
150949 151089 332
151091 151090 1318
151091 151099 103
151091 151100 2461
150922 150940 426
149178 149177 518
149178 149179 1301
149338 149177 1008
149338 151638 498
149180 149179 1210
149260 149257 1141
149260 149259 758
149268 149259 1872
149268 149323 762
149323 149268 762
149323 149271 1066
149323 149324 133
149324 149323 133
149324 149339 784
149340 149339 478
149340 149341 405
149340 149353 621
149353 149340 621
149353 149355 493
149357 149356 479
149342 149341 367
149342 149360 1446
149361 149360 458
149365 149364 712
149368 149364 531
149370 149364 1070
149370 149549 2143
149550 149549 784
149550 149553 1383
149553 149550 1383
149553 149552 1365
149557 149567 993
149569 149567 833
149569 149568 2590
149570 149567 1378
149571 149568 757
151100 150907 257
151100 151091 2461
151100 151102 155
140305 140304 1811
150931 150930 149
151128 151127 735
151128 151131 1625
147273 147272 714
147273 147279 2361
151205 147272 2461
151205 151176 859
147278 147279 833
147278 147369 2461
151142 151143 776
151142 151176 2031
151138 151133 947
151138 151143 2875
151133 151131 789
151133 151138 947
151133 151174 2322
147281 147369 826
147281 147383 2326
147381 147383 892
147381 147392 2367
147392 147381 2367
147392 147393 896
147392 147398 2353
147399 147398 763
147399 147433 1808
147432 147433 943
147432 147515 587
147516 147515 716
147516 147519 2647
147520 147519 753
147520 147538 2008
147537 147538 743
147537 147541 2310
147540 147541 863
147540 147670 2410
147564 147670 782
147564 147673 2393
147676 147673 805
147676 147691 2347
147682 147691 797
147682 147881 2378
147885 147881 802
147935 147940 766
147938 147939 819
147938 147940 2406
147939 147938 819
147939 147941 2438
147939 147942 855
147917 147942 2650
147917 147963 776
147957 147943 793
147957 147956 1481
147957 147958 1377
147963 147917 776
147963 147943 2691
147958 147956 2057
147958 147957 1377
147958 147974 245
147968 147974 2606
147975 147974 1182
147981 148889 840
148890 148889 2195
148890 148891 693
148892 148891 1053
149005 149004 2355
149005 149018 1200
149017 149018 1148
149017 149019 1215
151802 151790 186
205146 205147 3311
205148 205147 1559
212697 212696 824
212697 212698 469
212690 212698 1463
212699 212698 2272
212724 212718 1366
212724 212736 710
205969 205970 720
205969 212736 884
212737 212736 508
212802 212844 2213
212802 212849 1931
212849 212802 1931
212849 212846 2642
196335 196334 286
212780 212777 510
212780 212783 1020
212780 212784 584
214578 212777 1006
212784 212780 584
212784 212783 1091
212784 212795 542
212794 212783 670
212794 212795 322
212795 212783 563
212795 212784 542
212795 212794 322
150148 150137 2281
150148 150147 852
150150 150147 2293
150150 150149 879
150160 150149 1675
150160 150157 801
150227 150219 160
150228 150219 1318
150228 150220 388
150228 150232 1372
150232 150228 1372
150232 150233 388
150257 150279 314
150280 150279 1332
150280 150287 325
150297 150287 1732
150297 150291 297
150303 150291 1655
150303 150302 442
150366 150302 2235
198723 198724 3778
198727 198724 490
198771 198724 271
198772 198773 477
205059 205057 824
205059 205058 1964
205067 205057 2339
205067 205066 751
205069 205066 2548
205069 205068 734
205179 205068 2439
205179 205178 767
205060 205058 942
154044 154043 1517
170730 170685 139
170730 170736 510
170736 170730 510
170736 170737 383
170738 170737 1000
170738 170739 2371
170735 170734 789
170755 170756 713
170755 170761 238
170773 170756 983
170775 170756 1430
170775 171222 1537
170758 170761 436
171231 171230 907
171231 171232 605
171279 171234 3291
171279 171293 1032
171293 171279 1032
171293 171292 1344
171302 171292 1690
171302 171316 672
171296 171295 279
171243 171222 951
172603 171222 752
168978 168954 452
171319 171318 169
171452 171318 850
171317 171316 1118
168988 168970 791
168988 168987 1936
168988 168989 1375
168975 168974 1742
168989 168974 791
168989 168988 1375
152142 152143 1185
154223 152143 556
162407 162403 893
162407 162408 445
168987 162397 674
168987 168982 276
168987 168988 1936
162397 168986 1558
162397 168987 674
162403 162407 893
162403 168986 759
154180 154184 590
154181 154183 782
154181 154253 1701
154253 154181 1701
154253 154252 1225
154261 154252 703
154258 154257 1012
154262 154257 1377
154260 154259 782
154338 154340 1340
154275 154274 1004
154275 154481 1349
154476 154473 1367
154476 154475 672
154481 154275 1349
154481 154473 905
907
46363
46371
46375
46672
46377
46397
46401
46402
127015
126161
126162
126170
127095
127019
127022
127143
127450
45879
45882
45885
46139
46141
126744
126763
126794
126798
126782
126796
126790
126752
126769
127042
46150
46144
46147
46161
46166
46235
46331
46330
46343
46395
46369
46370
46378
46383
127462
127428
127467
127475
127454
127490
127494
127642
127644
127648
127727
127731
127606
127609
127582
127585
127613
127621
127605
127624
129125
129142
129321
129326
129151
129352
129354
129364
129373
129404
129409
129410
129612
121243
121251
121253
121288
121181
121205
121245
121307
121308
121283
121562
121567
70093
70109
70062
70065
69824
70296
70314
70313
70374
78778
70379
70401
70408
70409
70458
70461
70462
70477
70479
69906
69920
69926
69827
77475
69857
69870
69873
69889
69891
70047
129414
129415
129611
129500
129494
129497
129527
129524
129525
129532
129537
129562
129565
121200
121203
121212
218193
219390
219391
219419
219061
219062
219065
219067
219073
224100
219428
219429
219435
219436
219476
219477
219521
219462
219461
219464
218781
218799
218900
218957
218963
218958
218954
218830
218916
218925
218931
222010
222097
222100
222106
222107
222116
222130
222167
222200
217992
222146
222147
219989
222171
222165
219583
219584
219573
218777
218787
218760
218783
218763
218769
218770
221976
221978
221946
223320
223080
220224
223097
223098
223147
223141
223198
223201
223203
223144
223152
223158
223193
223195
150841
151618
151089
151090
151099
150940
149177
151638
149179
149257
149259
149271
149339
149355
149356
149341
149360
149364
149549
149552
149567
149568
151102
150907
140304
150930
151127
147272
147279
151176
151143
151174
147369
151131
147383
147393
147398
147433
147515
147519
147538
147541
147670
147673
147691
147881
147940
147941
147942
147943
147956
147974
148889
148891
149004
149019
149018
151790
205147
212696
212698
212718
205970
212736
212844
212846
196334
212777
212783
150137
150147
150149
150157
150219
150220
150233
150279
150287
150291
150302
198724
198773
205057
205066
205068
205178
205058
154043
170685
170737
170739
170734
170756
170761
171230
171234
171292
171295
171222
171232
168954
171318
171316
168970
168974
152143
162408
168982
168986
154184
154183
154252
154257
154259
154340
154274
154473
154475
154485
154521
154512
154549
154555
155097
155109
155113
159561
159573
159612
159637
159729
159732
159788
159781
155464
159811
157997
157993
159979
158057
158053
158055
159832
159974
160014
158065
158042
158064
158074
186175
178466
158076
158073
158783
158785
158812
158809
158815
158992
159004
159022
160063
160079
160082
161252
161253
161284
161270
213115
213117
213132
214565
213144
213147
213150
213151
213565
213318
213300
213312
213314
213315
213596
213597
213566
213572
213350
213363
213369
213346
161248
213664
213668
162195
162227
169639
170692
170712
170655
170642
170579
170700
170806
170814
170673
94823
94826
94862
94863
92702
94871
94873
94895
94939
97431
101912
95540
95541
95560
95569
94705
94977
94995
94974
94979
95031
95042
95053
95081
95082
95160
95192
95199
95221
95498
95505
94935
94955
49851
50033
50038
97735
97484
97427
97552
97553
97561
98120
93378
97450
93446
102011
93455
93403
93416
93422
93486
93490
93520
94084
94719
98627
98632
97448
97663
98153
98174
98214
98220
98280
98282
98508
98510
191275
191277
118637
118503
119430
119483
190992
190993
191229
50083
50089
50099
109028
109097
109100
50354
35583
42136
42171
42173
35539
42204
50181
50183
109205
44132
44135
44119
44117
41862
42013
44121
44133
44275
44302
44306
44327
44601
44366
44457
44642
44643
44342
44652
44675
44674
44685
44615
44639
39568
39834
35591
44043
35592
35615
36195
35600
35641
35646
44833
44718
35802
44832
35806
35815
35818
35824
35865
35926
35937
35950
35954
35948
35952
44860
41378
41380
35933
35934
35917
41382
41388
41391
41403
46306
46590
46599
46600
46601
46362
46364
46366
127014
127016
126160
126167
126168
127093
127096
126075
127140
127144
127445
45878
45870
45884
46134
126743
126745
126746
126792
126795
126779
126783
126813
45877
126788
126751
126765
126767
126772
127013
46145
46149
46136
46137
46154
46234
46160
46163
46111
46109
46336
46367
46368
46338
127087
127453
132365
127429
127472
127476
127491
127646
127647
127725
127726
127590
127596
127581
127584
127575
127589
127612
127603
127604
129122
129127
129138
129147
129146
129351
129356
129360
129362
129365
129374
129403
129406
121242
121248
121249
121255
121179
121180
121204
121206
121244
121306
121313
121282
121315
121563
121566
70094
77486
70107
70108
70158
69878
70060
70061
70074
69825
70292
70295
70310
70380
70373
76625
70392
70410
70417
70460
70469
70489
70490
70474
70480
70481
69907
69828
77474
69869
69872
69887
69890
70048
129408
129489
129490
129488
129492
129479
129522
129523
129531
129533
129534
121197
120055
121213
218194
219417
224418
219053
219063
219068
224115
219430
219522
219438
219452
219482
219523
224116
219466
219478
219479
218794
218795
218796
218827
218964
219588
218960
218826
218836
218918
222098
221974
222004
222103
222104
222115
222126
222192
224361
222169
222170
215322
222193
222149
222158
222173
222178
224884
219601
219585
219593
219618
218780
218786
218765
218784
218771
218773
218774
221947
221948
221965
221977
221981
222052
223321
222044
223323
223148
223149
223142
223220
223221
223204
223205
217688
223139
223224
223160
223161
223197
150842
150949
151091
150922
149178
149338
149180
149260
149268
149324
149353
149342
149361
149368
149370
149550
149553
149557
149569
149570
149571
151100
140305
150931
151128
147273
151205
147278
151142
151138
151133
147281
147381
147392
147399
147432
147516
147520
147537
147540
147564
147676
147682
147885
147935
147938
147939
147917
147957
147963
147968
147975
147981
148890
149005
205146
205148
212697
212690
212699
212724
212802
212849
212780
212784
212794
150148
150150
150160
150228
150232
150257
150280
150297
150303
198723
198727
198771
198772
205059
205067
205069
205179
205060
170735
170755
170773
170775
170758
171231
171279
171293
171302
171243
168978
171319
171452
171317
168988
168975
168989
152142
154223
162397
162403
154180
154181
154253
154260
154338
154275
154476
154481
