1340
220954 220919 2065
220954 220921 2591
220954 220958 1106
221360 221370 760
221248 221247 1041
221248 221258 869
221253 221254 208
221253 221256 705
221255 221254 270
221173 221219 1433
221173 221269 1217
221173 221270 926
221218 221221 1618
221222 221223 1433
221222 221239 1602
222565 221370 351
221237 221238 714
221237 221358 819
221237 224629 2022
221240 221239 751
221240 221241 367
216441 216475 492
216477 216476 351
216637 216463 403
216637 216464 1168
216638 215862 3206
216638 216464 1104
216638 216635 679
216648 216647 924
216648 216650 326
216655 216656 559
216655 216660 505
216673 216672 280
216488 216680 704
224177 215434 858
224177 224178 595
224605 224184 1062
224605 224702 286
215434 215445 191
215434 224177 858
215434 224369 699
215445 215434 191
215445 224179 526
216456 216458 810
216456 216634 392
216463 216462 933
216463 216637 403
216494 216496 1014
216494 216499 1950
216495 216500 1803
216501 216500 710
216501 216687 2001
216679 216688 877
216685 216687 711
216685 216689 1137
216685 216699 151
216065 216061 362
216065 216064 421
215735 215745 2123
215735 215747 299
215736 215744 2090
215720 215715 1344
215720 215719 916
215734 215745 377
217191 215769 620
217191 217179 787
217191 217193 807
217199 217198 556
217199 217201 669
215759 215758 782
215759 215770 890
215769 215770 677
215769 217191 620
215665 215666 517
215665 215666 517
215819 215820 718
215819 215831 1246
215831 215819 1246
215831 215820 1423
215829 215828 802
215829 215860 1408
215862 215860 824
215862 216638 3206
215862 216645 832
216645 215862 832
216645 216647 859
216654 216708 260
216654 216710 586
217200 217197 731
217200 217217 500
217205 217184 1294
217205 217190 775
217205 217214 1254
217215 217214 859
217215 217216 754
217215 217246 2389
217221 217216 1034
217221 217222 1268
216708 216654 260
216708 216711 2822
216708 216712 1099
216709 216712 1267
216709 216726 343
216727 216728 390
216727 216730 2503
215466 215490 510
215466 215528 906
217160 215552 1214
217160 217159 394
217258 217259 388
217258 224426 1296
217270 217268 2596
217270 217373 801
224291 215533 483
224291 224293 2294
217331 215186 670
217331 217330 656
217331 217332 991
217335 217332 550
217335 217350 533
217335 217351 1599
217347 217348 188
217323 217322 462
217352 217351 625
217352 217353 955
217721 217351 986
217721 217752 860
217755 217752 2371
217755 217760 585
217759 217761 998
217759 217777 1858
217360 217357 631
217360 217359 302
217360 217361 577
217363 217357 751
217363 217358 491
217363 217378 359
217379 217378 636
217379 217382 1008
217383 217382 938
217383 217384 1074
217383 217494 901
217504 217505 719
217504 217548 822
217394 217392 437
217394 222562 545
217384 217383 1074
217384 217495 1014
217384 217503 1024
217392 217394 437
217392 217503 2179
217430 217431 990
217430 217434 1540
217430 217435 847
217866 217861 872
217866 217867 313
217917 224802 1738
217562 217560 622
217562 217567 697
217564 217560 1412
217564 217563 699
217596 217567 320
217596 217568 440
217568 217567 476
217568 217596 440
217568 217845 440
217860 217598 1365
217860 217845 1519
217582 217579 895
217577 217570 437
217577 217575 1073
217655 217578 681
217655 217579 222
217656 217578 786
217656 217661 2197
217656 217663 704
217665 217847 1615
217665 217921 618
217665 217922 979
224204 224195 1135
224204 224201 887
215682 215679 1205
215682 215713 990
215682 215719 2048
215717 215718 1815
215717 215719 824
215718 215717 1815
215718 223711 5180
215718 223716 784
223701 223700 3028
223701 223705 930
223701 223709 1190
223709 223701 1190
223709 223712 762
223711 215718 5180
223711 223720 1802
223661 223677 1771
223705 223677 299
223705 223701 930
216211 216215 223
216209 216210 1300
216209 216215 1424
216154 216219 969
216148 216150 972
216148 216155 936
216156 216150 1206
216156 216157 815
216156 216219 1667
216100 216101 1838
216176 216175 1222
216176 216179 815
216176 222460 1279
222459 222545 362
216173 216174 320
216180 216181 295
216180 216182 2399
216196 216182 765
216196 216202 849
216196 216204 1519
216131 216150 746
216131 216188 831
216187 216191 1392
216187 216195 812
216192 216194 785
216200 216194 913
216200 216202 844
216049 216057 2122
216050 216051 1649
216050 216055 1367
216054 216057 700
217276 219915 983
219925 219928 690
219925 219930 1393
219930 219925 1393
219930 219933 629
219932 219979 440
219932 219981 751
219820 219977 512
222477 222461 856
222477 222480 1064
222482 222480 388
222482 222483 286
223645 223640 679
223645 223647 922
223642 224475 538
223637 223638 768
223637 223668 1035
223637 224024 997
223639 223603 774
223639 223668 1318
223603 223606 722
223603 223639 774
223603 223666 1389
223604 223605 996
223599 224889 739
223601 215882 1495
223601 223616 683
223608 223605 1544
223608 223609 964
223616 215882 1506
223616 223601 683
223586 223588 1553
223586 223613 593
223587 223744 3242
223747 223744 750
223747 223749 1772
223621 223622 808
223621 223762 1077
223754 223752 1129
223754 223755 962
223754 223761 1145
147033 139815 1017
217677 217676 650
224209 223012 2899
224209 224206 1467
223012 223011 2089
223012 224197 2142
223012 224198 712
223012 224199 843
223012 224209 2899
147838 147837 127
147838 151680 279
151682 147841 886
151682 147855 189
151682 151729 350
147850 147844 2038
147850 147849 834
147850 147851 684
147858 148089 887
147858 148091 1853
148091 147858 1853
148091 148090 1044
148097 148092 991
148097 148098 1532
198632 198634 266
198639 198641 2232
198696 198708 160
198689 198690 381
198693 198692 1012
198693 214650 394
171447 171448 553
171447 171449 4725
171622 171621 1495
171622 171623 518
171698 171699 4651
171698 171700 2205
171698 171701 281
171612 171627 2034
171612 171691 954
162349 159303 1485
162349 162348 611
162349 171635 3667
159348 159517 452
159530 159531 883
159712 159713 3747
159715 159710 385
159715 159714 2349
159513 159514 789
159525 159514 2642
159525 159545 650
159532 159531 1731
159532 159546 3225
170973 170974 558
170973 170975 606
171659 171657 1014
171659 171660 1717
171659 171666 954
171666 171659 954
171666 171665 344
95295 95296 84
95295 95297 1118
95697 95698 354
95697 95699 1612
95700 95701 3172
95700 96329 2645
95703 96331 1254
95703 96347 1686
96026 96024 836
96026 96027 809
95709 95707 1593
95709 95711 1744
95709 95712 2004
95481 95449 830
95481 95480 504
95680 95646 1447
95680 95684 931
101922 101923 927
101922 101924 848
101927 101923 1092
101927 102553 566
95690 95689 1114
95763 95707 2529
95769 95768 2608
95773 95774 2447
95776 96414 1272
95776 96416 1220
95776 96425 2081
95790 95792 806
95790 95793 536
96447 96443 1062
96447 96448 905
96447 98979 1182
97935 97934 1160
97935 98976 747
97934 97935 1160
97934 97936 676
98989 97938 1533
98989 99005 924
98990 98987 884
98990 98988 927
98990 99008 1663
99009 99008 806
99009 99013 1257
99014 99013 788
99049 99022 889
100071 99420 2279
100071 100072 3455
42251 42253 975
42252 42271 672
42263 50230 3295
99353 99350 1143
99353 99354 4032
102970 102972 780
102973 102971 287
102978 102976 302
99091 99099 806
99091 99101 1079
99098 99099 983
99102 99103 605
99102 99104 445
99134 99133 139
99149 99147 2542
99149 99161 905
99343 99344 3152
99343 99345 931
99350 99351 3424
99350 99353 1143
99108 99109 726
42382 42380 2553
42382 42405 475
42409 42407 420
42470 42421 1534
42470 42429 1220
42599 42596 738
42599 42605 939
42611 42606 1627
42611 50429 972
42532 42530 1224
42532 42539 1063
42544 42542 873
42544 42609 57
46241 49690 138
46241 50425 322
49663 49664 304
49663 49664 304
50420 47645 729
50420 50422 300
42295 42285 2368
36721 42233 1540
36721 50579 1094
42262 42261 672
42262 42280 947
36664 42552 2686
42333 42324 2880
42333 42839 4781
42328 42321 1854
42328 42324 905
42548 42332 672
36668 43102 3094
43136 43110 1445
42578 42577 1026
42578 42579 1063
43139 43109 925
43143 43128 682
43126 43124 709
43126 43127 796
43125 43117 1454
43125 43118 870
43132 43122 1143
43132 43135 475
43134 43123 238
43175 43176 1161
43177 43176 2041
43177 43183 810
43197 43196 2429
43197 43198 1938
43198 43197 1938
43198 43199 1831
43217 43218 418
42534 42533 612
43284 43222 2231
43284 43285 2559
43327 43324 1895
43327 43326 1545
43396 43397 1248
43396 43407 2104
42961 42963 116
43056 43050 1660
43056 43292 924
43309 43310 1484
43309 43311 3664
43313 43314 2543
43313 43336 2130
41974 45302 388
43279 43280 2340
43279 43300 1683
43318 43319 1534
43318 43326 1008
43328 43326 948
43398 43397 452
43406 43408 650
43412 43413 1336
43412 43414 1267
43389 43449 1399
41689 43444 221
43371 43354 1623
43371 43362 2017
43373 43363 600
43373 43374 1565
43091 40502 783
43091 50525 1335
43359 43358 1009
43359 44974 2876
45187 45189 871
44975 44974 2782
44975 44978 3292
44986 44977 336
44986 44984 1209
45204 45205 807
45204 45206 951
45209 45206 933
45209 45210 1786
45212 45210 1816
45212 45216 1248
45231 44991 4756
45231 45036 1716
45233 44992 2484
45233 45232 688
45040 45034 373
45040 45039 2279
45043 45039 1184
45237 45033 3375
45237 45036 1425
45239 45240 418
45239 45240 418
45041 45023 713
45041 45024 688
45159 45113 1882
45159 45160 1357
45171 45168 2132
45171 45172 1222
124461 124476 939
125607 125609 610
125468 125454 2417
125468 125467 789
125476 125467 2619
125476 125474 751
125560 125559 1295
125560 132436 1068
125633 125609 4188
125528 125523 2286
125528 125618 650
125618 125525 673
125618 125528 650
125620 125533 511
125621 125535 436
125784 125769 872
125784 125785 893
125791 125785 1307
125791 125801 928
45065 45064 2363
45065 45064 2363
125102 125100 474
125110 125106 685
125112 125106 630
125123 125124 418
123083 123081 697
123084 123081 552
125104 125096 1269
125104 125103 1565
125089 125090 2002
125089 125093 906
125096 125093 1556
125096 125104 1269
125118 125121 1308
125118 125122 418
123107 123102 850
123107 123128 2458
123100 123097 1819
123100 123099 562
123100 123102 581
123125 123099 1095
123125 123123 478
122914 122913 2323
122914 123122 673
123122 122914 673
123122 123123 1603
123696 123697 333
123617 123030 3311
123115 123114 1055
123115 123121 1142
126331 123121 1172
126331 126229 1165
123023 123024 3853
123023 123261 11325
123023 123296 11141
123024 123023 3853
123024 123026 13581
123286 123262 5986
123286 123297 5129
125550 125551 474
45132 45130 850
45081 45080 2117
45081 45084 333
45081 45099 452
45115 45103 933
45115 45118 474
45118 45114 1029
45118 45115 474
45116 45105 1117
45158 45114 1678
45158 45168 1905
45172 45171 1222
45172 45173 537
125548 125470 2150
125548 125555 558
125557 125471 2691
125557 125559 2957
125877 125876 1414
125877 125879 673
125754 125843 2217
125843 125754 2217
125879 125877 673
125744 125746 2841
125746 125744 2841
128376 128381 940
128381 128376 940
128546 128561 452
128561 128546 452
128624 128626 613
128626 128624 613
128743 120469 872
121652 128724 672
128724 121652 672
120467 120468 739
120469 128743 872
120468 120467 739
67690 67706 1202
67706 67690 1202
68107 68126 3871
68126 68107 3871
68127 68129 955
68129 68127 955
68114 68118 688
68117 68118 818
68118 68114 688
68118 68117 818
68909 68913 739
68913 68909 739
72618 72606 1086
68992 69352 935
69352 68992 935
71469 71470 672
71405 71408 1909
71408 71405 1909
71470 71469 672
71480 71495 602
71495 71480 602
71602 71604 2022
71604 71602 2022
71897 71925 374
71925 71897 374
72222 72223 1827
72223 72222 1827
72160 72170 1609
72170 72160 1609
72414 72420 679
72420 72414 679
72465 72470 768
72470 72465 768
72489 72492 830
72492 72489 830
72551 72554 1185
72554 72551 1185
72606 72618 1086
220705 220704 920
220705 220745 900
220745 220705 900
220704 220705 920
220409 220411 882
220411 220409 882
220411 220413 2131
220413 220411 2131
221627 221626 730
221626 221627 730
219936 219937 1638
219937 219936 1638
221371 221370 833
221634 221633 856
221444 221449 807
221449 221444 807
221633 221634 856
220919 220954 2065
220921 220954 2591
220958 220954 1106
221370 221360 760
221370 221371 833
221370 222565 351
221247 221248 1041
221247 221256 747
221258 221248 869
221254 221253 208
221254 221255 270
221256 221247 747
221256 221253 705
221219 221173 1433
221219 221221 1567
221269 221173 1217
221270 221173 926
221221 221218 1618
221221 221219 1567
221223 221222 1433
221223 221239 1620
221239 221222 1602
221239 221223 1620
221239 221240 751
221238 221237 714
221238 221241 1595
221358 221237 819
224629 221237 2022
221241 221238 1595
221241 221240 367
216475 216441 492
216475 216476 971
216475 216476 971
216476 216475 971
216476 216475 971
216476 216477 351
216464 216462 906
216464 216637 1168
216464 216638 1104
216635 216458 833
216635 216638 679
216647 216645 859
216647 216648 924
216650 216648 326
216656 216655 559
216660 216655 505
216672 216673 280
216680 216488 704
224178 224177 595
224184 224605 1062
224702 224605 286
224369 215434 699
224179 215445 526
216458 216456 810
216458 216462 801
216458 216635 833
216634 216456 392
216462 216458 801
216462 216463 933
216462 216464 906
216496 216494 1014
216499 216494 1950
216499 216500 779
216500 216495 1803
216500 216499 779
216500 216501 710
216687 216501 2001
216687 216685 711
216688 216679 877
216688 216689 1524
216689 216685 1137
216689 216688 1524
216699 216685 151
216061 216065 362
216064 216065 421
215745 215734 377
215745 215735 2123
215747 215735 299
215744 215736 2090
215715 215713 1002
215715 215720 1344
215719 215682 2048
215719 215717 824
215719 215720 916
217179 215770 346
217179 217191 787
217193 217191 807
217193 217198 630
217198 217193 630
217198 217197 363
217198 217199 556
217201 217199 669
215758 215759 782
215770 215759 890
215770 215769 677
215770 217179 346
215666 215665 517
215666 215665 517
215820 215819 718
215820 215828 749
215820 215831 1423
215828 215820 749
215828 215829 802
215860 215829 1408
215860 215862 824
216710 216654 586
217197 217198 363
217197 217200 731
217217 217200 500
217184 217205 1294
217190 217205 775
217214 217205 1254
217214 217215 859
217216 217215 754
217216 217221 1034
217246 217215 2389
217222 215533 381
217222 217221 1268
216711 216708 2822
216712 216708 1099
216712 216709 1267
216726 216709 343
216726 216728 303
216728 216726 303
216728 216727 390
216730 216727 2503
215490 215466 510
215490 215528 1007
215528 215466 906
215528 215490 1007
215552 217160 1214
217159 217160 394
217259 217258 388
224426 217258 1296
217268 217270 2596
217373 217270 801
215533 217222 381
215533 224291 483
224293 224291 2294
215186 217331 670
217330 217331 656
217332 217331 991
217332 217335 550
217350 217335 533
217351 217335 1599
217351 217352 625
217351 217721 986
217348 217347 188
217322 217323 462
217353 217352 955
217752 217721 860
217752 217755 2371
217760 217755 585
217760 217761 1271
217761 217759 998
217761 217760 1271
217777 217759 1858
217357 217360 631
217357 217363 751
217359 217360 302
217361 217360 577
217358 217363 491
217378 217363 359
217378 217379 636
217382 217379 1008
217382 217383 938
217494 217383 901
217494 217495 1101
217505 217504 719
217548 217504 822
222562 217394 545
217495 217384 1014
217495 217494 1101
217503 217384 1024
217503 217392 2179
217431 217430 990
217434 217430 1540
217435 217430 847
217861 217598 844
217861 217866 872
217867 217866 313
224802 217917 1738
224802 217921 403
217560 217562 622
217560 217564 1412
217567 217562 697
217567 217568 476
217567 217596 320
217563 217564 699
217845 217568 440
217845 217860 1519
217598 217860 1365
217598 217861 844
217579 217582 895
217579 217655 222
217570 217577 437
217575 217577 1073
217578 217655 681
217578 217656 786
217661 217656 2197
217663 217656 704
217847 217665 1615
217921 217665 618
217921 224802 403
217922 217665 979
224195 217676 1006
224195 224204 1135
224201 224204 887
215679 215682 1205
215713 215682 990
215713 215715 1002
223716 215718 784
223700 223701 3028
223712 223709 762
223720 223711 1802
223677 223661 1771
223677 223705 299
216215 216209 1424
216215 216211 223
216210 216209 1300
216210 216219 1213
216219 216154 969
216219 216156 1667
216219 216210 1213
216150 216131 746
216150 216148 972
216150 216156 1206
216155 216148 936
216157 216156 815
216101 216100 1838
216175 216176 1222
216179 216176 815
222460 216176 1279
222460 222545 349
222545 222459 362
222545 222460 349
216174 216173 320
216181 216180 295
216182 216180 2399
216182 216196 765
216202 216196 849
216202 216200 844
216204 216196 1519
216188 216131 831
216188 216195 712
216191 216187 1392
216195 216187 812
216195 216188 712
216194 216192 785
216194 216200 913
216057 216049 2122
216057 216054 700
216051 216050 1649
216055 216050 1367
219915 217276 983
219928 219925 690
219933 219930 629
219979 219932 440
219981 219932 751
219977 219820 512
222461 222477 856
222480 222477 1064
222480 222482 388
222483 222482 286
223640 223638 2234
223640 223645 679
223647 223645 922
223647 224475 81
224475 223642 538
224475 223647 81
223638 223637 768
223638 223640 2234
223668 223637 1035
223668 223639 1318
224024 223637 997
223606 223603 722
223606 223605 879
223666 223603 1389
223605 223604 996
223605 223606 879
223605 223608 1544
224889 223599 739
215882 223601 1495
215882 223616 1506
223609 223608 964
223588 223586 1553
223613 223586 593
223744 223587 3242
223744 223747 750
223749 223747 1772
223622 223621 808
223762 223621 1077
223752 223754 1129
223755 223754 962
223761 223754 1145
139815 147033 1017
217676 217677 650
217676 224195 1006
224206 224209 1467
223011 223012 2089
223011 224197 770
224197 223011 770
224197 223012 2142
224198 223012 712
224198 224199 395
224199 223012 843
224199 224198 395
147837 147838 127
151680 147838 279
147841 151682 886
147855 151682 189
151729 151682 350
147844 147850 2038
147849 147850 834
147851 147850 684
148089 147858 887
148089 148090 1349
148090 148089 1349
148090 148091 1044
148090 148092 247
148092 148090 247
148092 148097 991
148098 148097 1532
198634 198632 266
198634 198641 3465
198641 198634 3465
198641 198639 2232
198708 198696 160
198690 198689 381
198692 198693 1012
214650 198693 394
171448 171447 553
171449 171447 4725
171621 171622 1495
171621 171701 397
171623 171622 518
171699 171698 4651
171699 171700 2454
171700 171698 2205
171700 171699 2454
171701 171621 397
171701 171698 281
171627 171612 2034
171627 171691 1485
171691 171612 954
171691 171627 1485
159303 162349 1485
162348 162349 611
171635 162349 3667
159517 159348 452
159531 159530 883
159531 159532 1731
159713 159712 3747
159710 159715 385
159714 159715 2349
159514 159513 789
159514 159525 2642
159545 159525 650
159546 159532 3225
170974 170973 558
170975 170973 606
171657 171659 1014
171660 171659 1717
171665 171666 344
95296 95295 84
95297 95295 1118
95698 95697 354
95699 95697 1612
95699 95701 1466
95701 95699 1466
95701 95700 3172
96329 95700 2645
96329 96331 1274
96331 95703 1254
96331 96329 1274
96347 95703 1686
96024 96026 836
96027 96026 809
95707 95709 1593
95707 95711 2643
95707 95763 2529
95711 95707 2643
95711 95709 1744
95712 95709 2004
95449 95481 830
95480 95481 504
95646 95680 1447
95684 95680 931
95684 95689 1008
101923 101922 927
101923 101927 1092
101924 101922 848
102553 101927 566
95689 95684 1008
95689 95690 1114
95768 95769 2608
95774 95773 2447
96414 95776 1272
96416 95776 1220
96425 95776 2081
95792 95790 806
95793 95790 536
96443 96447 1062
96448 96447 905
98979 96447 1182
98979 98976 580
98976 97935 747
98976 98979 580
97936 97934 676
97936 97938 1102
97938 97936 1102
97938 98989 1533
99005 98989 924
98987 98990 884
98988 98990 927
99008 98990 1663
99008 99009 806
99013 99009 1257
99013 99014 788
99013 99022 1085
99022 99013 1085
99022 99049 889
99420 100071 2279
100072 100071 3455
42253 42251 975
42271 42252 672
42271 42285 3089
50230 42263 3295
99354 99353 4032
102972 102970 780
102972 102971 459
102972 102976 314
102971 102972 459
102971 102973 287
102976 102972 314
102976 102978 302
99099 99091 806
99099 99098 983
99099 99103 336
99101 99091 1079
99101 99103 1004
99103 99099 336
99103 99101 1004
99103 99102 605
99104 99102 445
99133 99134 139
99147 99149 2542
99161 99149 905
99344 99343 3152
99345 99343 931
99351 99350 3424
99109 99108 726
42380 42382 2553
42405 42382 475
42407 42409 420
42421 42470 1534
42429 42470 1220
42596 42599 738
42605 42599 939
42606 42609 1126
42606 42611 1627
50429 42611 972
42530 42532 1224
42539 42532 1063
42539 42542 673
42542 42539 673
42542 42544 873
42609 42544 57
42609 42606 1126
49690 46241 138
50425 46241 322
49664 49663 304
49664 49663 304
47645 50420 729
50422 50420 300
42285 42271 3089
42285 42295 2368
42233 36721 1540
50579 36721 1094
42261 42262 672
42280 42262 947
42552 36664 2686
42324 42328 905
42324 42333 2880
42839 42333 4781
42321 42328 1854
42332 42548 672
43102 36668 3094
43110 43109 2421
43110 43136 1445
42577 42578 1026
42579 42578 1063
43109 43110 2421
43109 43139 925
43128 43127 2369
43128 43143 682
43124 43117 1103
43124 43126 709
43127 43126 796
43127 43128 2369
43117 43124 1103
43117 43125 1454
43118 43122 1398
43118 43125 870
43122 43118 1398
43122 43123 1701
43122 43132 1143
43135 43132 475
43123 43122 1701
43123 43134 238
43176 43175 1161
43176 43177 2041
43183 43177 810
43196 43197 2429
43196 43199 927
43199 43196 927
43199 43198 1831
43218 43217 418
42533 42534 612
43222 43284 2231
43222 43285 1224
43285 43222 1224
43285 43284 2559
43285 43324 1412
43324 43285 1412
43324 43327 1895
43326 43318 1008
43326 43327 1545
43326 43328 948
43397 43396 1248
43397 43398 452
43407 43396 2104
42963 42961 116
42963 43408 1663
43050 43056 1660
43292 43056 924
43310 43309 1484
43311 43309 3664
43314 43313 2543
43336 43313 2130
45302 41974 388
43280 43279 2340
43280 43300 2216
43300 43279 1683
43300 43280 2216
43319 43318 1534
43408 42963 1663
43408 43406 650
43413 43412 1336
43414 43412 1267
43449 43389 1399
43444 41689 221
43354 43371 1623
43362 43363 1438
43362 43371 2017
43363 43362 1438
43363 43373 600
43374 43373 1565
40502 43091 783
50525 43091 1335
43358 43359 1009
44974 43359 2876
44974 44975 2782
45189 45187 871
44978 44975 3292
44977 44986 336
44984 44986 1209
45205 45204 807
45206 45204 951
45206 45209 933
45206 45210 2035
45210 45206 2035
45210 45209 1786
45210 45212 1816
45216 44992 2276
45216 45212 1248
45216 45232 796
44991 45231 4756
45036 45231 1716
45036 45237 1425
44992 45216 2276
44992 45233 2484
45232 45216 796
45232 45233 688
45034 45040 373
45039 45040 2279
45039 45043 1184
45033 45237 3375
45240 45239 418
45240 45239 418
45023 45041 713
45024 45041 688
45113 45159 1882
45160 45159 1357
45168 45158 1905
45168 45171 2132
124476 124461 939
125609 125607 610
125609 125633 4188
125454 125468 2417
125467 125468 789
125467 125476 2619
125474 125476 751
125559 125557 2957
125559 125560 1295
132436 125560 1068
125523 125525 2273
125523 125528 2286
125525 125523 2273
125525 125618 673
125533 125535 1169
125533 125620 511
125535 125533 1169
125535 125621 436
125769 125784 872
125785 125784 893
125785 125791 1307
125801 125791 928
45064 45065 2363
45064 45065 2363
125100 125102 474
125106 125103 1470
125106 125110 685
125106 125112 630
125124 125123 418
123081 123083 697
123081 123084 552
125103 125093 1101
125103 125104 1565
125103 125106 1470
125090 125089 2002
125093 125089 906
125093 125096 1556
125093 125103 1101
125121 125118 1308
125122 125118 418
123102 123100 581
123102 123107 850
123128 123107 2458
123097 123099 1580
123097 123100 1819
123099 123097 1580
123099 123100 562
123099 123125 1095
123123 122913 605
123123 123122 1603
123123 123125 478
122913 122914 2323
122913 123123 605
123697 123696 333
123030 123026 1699
123030 123617 3311
123114 123115 1055
123121 123115 1142
123121 126331 1172
126229 126331 1165
123261 123023 11325
123296 123023 11141
123026 123024 13581
123026 123030 1699
123262 123286 5986
123297 123286 5129
125551 125550 474
45130 45132 850
45080 45081 2117
45084 45081 333
45099 45081 452
45103 45115 933
45114 45118 1029
45114 45158 1678
45105 45116 1117
45173 45172 537
125470 125471 1628
125470 125548 2150
125555 125548 558
125471 125470 1628
125471 125557 2691
125876 125877 1414
898
220954
221360
221248
221253
221255
221173
221218
221222
222565
221237
221240
216441
216477
216637
216638
216648
216655
216673
216488
224177
224605
215434
215445
216456
216463
216494
216495
216501
216679
216685
216065
215735
215736
215720
215734
217191
217199
215759
215769
215665
215819
215831
215829
215862
216645
216654
217200
217205
217215
217221
216708
216709
216727
215466
217160
217258
217270
224291
217331
217335
217347
217323
217352
217721
217755
217759
217360
217363
217379
217383
217504
217394
217384
217392
217430
217866
217917
217562
217564
217596
217568
217860
217582
217577
217655
217656
217665
224204
215682
215717
215718
223701
223709
223711
223661
223705
216211
216209
216154
216148
216156
216100
216176
222459
216173
216180
216196
216131
216187
216192
216200
216049
216050
216054
217276
219925
219930
219932
219820
222477
222482
223645
223642
223637
223639
223603
223604
223599
223601
223608
223616
223586
223587
223747
223621
223754
147033
217677
224209
223012
147838
151682
147850
147858
148091
148097
198632
198639
198696
198689
198693
171447
171622
171698
171612
162349
159348
159530
159712
159715
159513
159525
159532
170973
171659
171666
95295
95697
95700
95703
96026
95709
95481
95680
101922
101927
95690
95763
95769
95773
95776
95790
96447
97935
97934
98989
98990
99009
99014
99049
100071
42251
42252
42263
99353
102970
102973
102978
99091
99098
99102
99134
99149
99343
99350
99108
42382
42409
42470
42599
42611
42532
42544
46241
49663
50420
42295
36721
42262
36664
42333
42328
42548
36668
43136
42578
43139
43143
43126
43125
43132
43134
43175
43177
43197
43198
43217
42534
43284
43327
43396
42961
43056
43309
43313
41974
43279
43318
43328
43398
43406
43412
43389
41689
43371
43373
43091
43359
45187
44975
44986
45204
45209
45212
45231
45233
45040
45043
45237
45239
45041
45159
45171
124461
125607
125468
125476
125560
125633
125528
125618
125620
125621
125784
125791
45065
125102
125110
125112
125123
123083
123084
125104
125089
125096
125118
123107
123100
123125
122914
123122
123696
123617
123115
126331
123023
123024
123286
125550
45132
45081
45115
45118
45116
45158
45172
125548
125557
125877
125812
126233
125883
125864
125754
125843
125848
125854
132433
125879
125744
125746
128374
128376
128381
128404
128408
124826
128533
128536
128546
128561
128564
128616
128624
128626
128775
128780
128850
128852
128855
128692
128741
128743
121652
121654
128724
128726
128844
120568
120628
120576
120612
120467
120469
120464
120468
120775
67688
67690
67692
67706
67711
68457
67696
67732
67708
68474
68519
66315
68107
68126
68109
68127
68129
68105
68114
68117
68137
68118
68278
68296
68313
68315
68484
68481
68582
68505
68673
68594
68684
68892
68909
68913
68905
68967
68975
68949
68991
68988
69346
69353
72618
72893
72895
73081
73071
73074
73075
68992
69352
77801
71380
71387
71469
71405
71408
71418
71466
71470
71472
71480
71557
71564
71560
71660
71657
71495
71593
71596
71602
71604
71802
71798
68397
68404
68876
68423
71723
71877
71881
71962
71975
71956
71893
71897
71925
71928
72090
72089
72094
72218
72222
72223
72220
72160
72147
72117
72118
68947
77793
69013
69014
68996
72170
72400
72413
72414
72420
72458
72465
72470
72474
72489
72492
72551
72554
72571
72578
72606
72615
72627
220608
220338
220335
220701
220705
220745
220747
221011
220999
220914
224430
220757
220760
220924
220704
220672
220458
220467
220547
220571
220576
220581
220569
220570
220552
224294
221001
220065
224494
220093
220098
220407
220409
220411
220413
224692
220461
220463
220459
221627
221628
221659
221610
221614
221626
219911
219771
219936
219937
219789
221371
221631
221634
221427
221444
221449
221633
224606
220919
220921
220958
221258
221254
221256
221219
221269
221270
221221
221223
221238
221358
224629
221241
216635
216647
216656
216660
216672
216680
224184
216458
216634
216496
216499
216500
216687
216688
216689
216699
216061
216064
215745
215744
215715
217179
217193
215758
215770
215666
215820
215828
215860
216710
217197
217184
217190
217214
217216
217246
217222
216711
216712
216726
216728
216730
215490
215528
215552
217159
217259
224426
217268
217373
215533
224293
215186
217330
217332
217350
217351
217322
217752
217760
217761
217777
217357
217358
217378
217382
217494
217505
217548
217495
217503
217431
217435
217861
217867
224802
217560
217567
217563
217845
217598
217579
217570
217575
217578
217661
217663
217847
217921
217922
224195
224201
215679
215713
223716
223700
223712
223720
223677
216215
216210
216219
216150
216157
216101
216175
216179
222460
216182
216202
216204
216188
216191
216195
216194
216057
216051
216055
219915
219928
219933
219979
219981
222461
222480
222483
223640
223647
223638
223668
223606
223666
215882
223609
223588
223613
223744
223749
223622
223762
223752
223755
139815
217676
224206
223011
224197
224198
224199
147837
151680
147841
147855
147844
147849
147851
148089
148090
198708
214650
171621
171700
171627
171691
159303
162348
171635
159713
159710
159714
159514
159545
170975
171657
171665
95296
95297
95699
95701
96329
96331
96024
96027
95707
95711
95712
95449
95646
95684
101923
102553
95689
96414
96416
96425
95793
96443
96448
98979
98976
97936
97938
98987
98988
99008
99013
99022
99420
100072
42253
99354
102976
99101
99104
99133
99147
99161
99344
99345
99109
42380
42405
42407
42421
42429
42596
42605
42606
50429
42530
42539
42542
42609
49690
50425
49664
47645
42285
42233
42261
42280
42552
42324
42839
42321
42332
43102
43110
43109
43128
43124
43127
43117
43118
43123
43176
43196
43199
43218
42533
43222
43324
43326
42963
43050
43292
43311
43314
43280
43300
43319
43408
43444
43354
43362
43363
40502
50525
43358
44974
44978
44977
44984
44991
45036
44992
45232
45034
45039
45033
45240
45023
45024
45113
45168
125454
125467
125474
125523
125525
125533
125535
125769
125785
125801
45064
125100
125124
123081
125090
125093
123102
123128
123097
122913
123697
123030
123114
123121
126229
123261
123026
123262
123297
45130
45080
45084
45099
45103
45114
45105
125470
125471
125876
