694
111414 112476 688
111414 112478 1611
112475 112476 1495
110817 110818 2177
110817 113835 191
110261 110258 2868
110261 110260 1560
110758 110759 1336
110758 110808 1615
110281 110275 1114
110281 110282 570
110281 110285 826
110285 110281 826
110285 110290 782
111398 110290 764
111389 111371 156
111389 111390 12
111389 111392 749
110252 110223 562
110252 110253 598
110252 110290 1919
104064 104065 1140
104064 104084 511
104114 104115 737
104116 104115 2416
104116 104173 836
104116 113694 612
103989 103990 403
103865 103863 420
103865 103867 612
103964 103867 604
103964 103966 279
103957 103956 612
103959 103960 418
103959 103968 947
105768 103956 201
105768 112858 612
112861 112851 672
112861 112862 889
112831 112832 536
103949 103950 336
103993 103994 403
104013 104014 475
104013 104035 1008
104026 104025 612
104026 104036 2377
104024 104023 1274
104024 104065 2252
112489 112498 2078
112489 112548 473
112544 112557 688
112544 112559 2399
112562 112557 2364
112562 112563 610
112553 112550 847
112553 112559 688
112539 112498 747
112539 112540 2437
112539 112547 2326
112550 112540 747
112550 112553 847
112547 112539 2326
112547 112548 697
112756 112757 1073
112535 112527 2358
112535 112566 713
110911 110912 8432
110923 110919 588
110923 110922 448
112480 110835 9238
112480 112471 8337
112522 112521 2002
112522 113837 1721
112518 112519 847
112525 112526 355
112525 112536 1157
104185 104174 737
104185 104186 872
104211 104212 475
104211 104294 1672
104255 104256 889
104255 104294 1894
104172 104171 336
104172 104173 2353
104241 104173 750
104043 104042 751
104043 104044 336
104069 104070 1066
104069 104071 951
104069 104101 1036
104083 104067 1223
104083 104086 536
104002 104003 950
104002 104020 1884
104709 104710 1008
104709 104716 1593
104714 104715 1576
104714 104716 1026
104034 104035 3929
104174 104171 1481
104174 104185 737
104249 104250 1205
104260 104250 605
104260 104259 1188
39065 39066 5808
39107 39106 806
39107 39108 2514
39114 39115 1894
39114 39257 336
39119 39258 782
39269 39267 505
39269 39288 252
39288 39269 252
39288 39289 667
37212 37211 1028
37212 37221 421
37237 37202 475
37237 37238 1103
37223 37216 1266
37223 37221 1454
37115 37105 1222
37115 37109 1797
37115 37116 1786
37208 37089 1518
37208 37090 1592
37208 37210 1530
37217 38187 951
37210 37207 2237
37210 37208 1530
37210 37214 589
37216 37222 1014
37216 37223 1266
38347 38191 952
38360 38363 475
38360 38364 2894
38410 38364 1114
38410 38366 1880
38432 38429 276
38433 38431 1447
38435 38436 667
38438 38436 599
38438 38452 675
38454 38453 344
38470 38465 782
38470 38468 849
38560 38550 725
38465 38462 1014
38465 38467 932
38465 38470 782
38462 38456 1334
38462 38461 841
38462 38465 1014
38565 38552 2397
38565 38559 344
38567 38555 2213
38567 38570 1768
40342 38586 511
38587 38586 1421
38587 38589 697
40347 40344 1254
40347 40348 836
40348 40347 836
40348 40351 1345
40352 40351 605
40352 40355 1342
38595 38594 1519
38595 38881 2170
38595 40355 562
40670 40668 2197
40669 40660 1458
40669 40668 873
40669 40672 1008
40679 40678 421
40681 40677 599
40681 40699 1739
45049 50317 585
40703 40699 807
40703 40704 1346
40708 40705 123
40712 40705 1403
40712 40710 1426
40710 40697 1003
40710 40712 1426
40710 40716 2401
56329 56351 558
39005 39003 905
39005 39007 1609
39006 39003 2705
39006 39004 612
39020 39015 253
39009 39007 1320
39009 40764 1392
40716 40710 2401
40716 40711 1011
40764 39009 1392
40764 40711 2704
40764 40763 806
38981 38980 673
38981 39015 2477
39026 41575 517
41565 41562 505
41565 41564 474
41565 41575 884
41579 41567 372
41572 41570 790
41572 41573 2139
41592 41573 828
41592 47660 2454
47776 47774 933
47776 47778 2171
47784 47778 709
47784 47785 355
47789 47785 517
47789 47792 1810
47812 47792 751
47812 47811 714
47664 47656 828
47664 47658 2481
47664 47660 2511
47668 47658 752
47668 47720 2691
47722 47720 683
47722 47726 1375
47722 47731 849
47733 47731 849
47733 47735 1612
47731 47722 849
47731 47733 849
47731 47734 1510
47660 41592 2454
47660 47659 905
47660 47664 2511
47741 47735 790
47741 47739 1761
47741 47742 871
47742 47741 871
47742 47744 1768
47742 47773 709
47772 47773 1956
47772 47774 766
47804 47800 790
47804 47805 2006
47804 47810 1956
47811 47792 445
47811 47810 709
47811 47812 714
47805 47802 709
47805 47804 2006
47768 47766 871
47768 47769 1873
48094 48093 906
48097 48062 1742
48065 48063 517
48065 48066 2111
48082 48066 709
130902 131169 1780
131169 130902 1780
131536 131537 752
131537 131536 752
131603 131607 1857
131607 125243 953
131607 131603 1857
125243 131607 953
132224 131721 358
132268 132291 1300
131721 132224 358
132291 132268 1300
54164 54204 1546
54204 54164 1546
54297 54290 808
54290 54297 808
150702 150703 485
150703 150702 485
140406 140414 395
140414 140406 395
140500 140502 2335
140502 140500 2335
140541 141969 2135
141969 140541 2135
139780 139783 238
143516 143518 875
142835 142831 726
142831 142835 726
143788 143787 827
143787 143788 827
143782 143770 803
143770 143782 803
143519 143520 164
143518 143516 875
143520 143519 164
142821 142820 868
142820 142821 868
142856 142854 993
142856 142869 239
142869 142856 239
144890 144891 496
144891 144890 496
142854 142856 993
143183 143186 2047
143186 143183 2047
139783 139780 238
144809 144815 785
144815 144809 785
144859 144879 1733
144879 144859 1733
204637 204638 773
204638 204637 773
207717 207723 968
207723 207717 968
145070 145062 841
145062 145070 841
145090 145091 844
145091 145090 844
145183 145219 810
145219 145183 810
145670 145726 830
145726 145670 830
145726 146668 1477
146668 145726 1477
209632 210848 1013
210848 209632 1013
152679 152797 1769
152797 152679 1769
168506 168501 985
168501 168506 985
167597 167605 848
167605 167597 848
167634 167647 1376
167647 167634 1376
167653 167654 374
167654 167653 374
178606 178653 6921
178653 178606 6921
180056 180058 2920
180058 180056 2920
179968 179969 1500
179969 179968 1500
180001 180030 1031
152851 152850 1505
152850 152851 1505
153213 153214 790
153214 153213 790
156097 156015 789
156015 156097 789
156159 156176 778
156176 156159 778
153351 153353 828
153353 153351 828
155897 155889 747
155889 155897 747
180026 180022 778
180030 180001 1031
180022 180026 778
178208 178209 1161
178209 178208 1161
178182 178181 1115
178181 178182 1115
174855 174873 836
174873 174855 836
177351 176604 1268
176604 177351 1268
156383 156384 1969
177347 177304 1531
177304 177347 1531
156384 156383 1969
177302 177389 1428
177389 177302 1428
176733 176749 1022
176749 176733 1022
165623 165624 848
165570 165556 747
165624 165623 848
165556 165570 747
167683 167684 1447
167684 167683 1447
165476 165477 1505
165477 165476 1505
167450 167451 710
167451 167450 710
167471 167470 767
167470 167471 767
164855 164922 713
213241 213240 894
213240 213241 894
212561 212577 901
212577 212561 901
164922 164855 713
165683 165685 713
165685 165683 713
114243 114242 2995
114242 114243 2995
118842 118845 3117
118845 118842 3117
119014 119015 2202
119099 119100 705
119100 119099 705
119015 119014 2202
93134 93135 373
93135 93134 373
108398 107248 2790
107248 108398 2790
108475 108476 836
108476 108475 836
108623 108622 1032
108622 108623 1032
92979 92981 1780
92981 92979 1780
93093 93095 1124
93095 93093 1124
93111 93115 3495
93115 93111 3495
93099 93027 1905
93027 93099 1905
92485 92481 1224
92481 92485 1224
92698 92705 1457
92705 92698 1457
114164 114163 664
114163 114164 664
114277 114284 474
114284 114277 474
109400 109396 802
109396 109400 802
112476 111414 688
112476 112475 1495
112478 111414 1611
110818 110817 2177
113835 110817 191
110258 110261 2868
110260 110261 1560
110759 110758 1336
110808 110758 1615
110275 110281 1114
110282 110281 570
110290 110252 1919
110290 110285 782
110290 111398 764
111371 111389 156
111390 111389 12
111392 111389 749
110223 110252 562
110253 110252 598
104065 104024 2252
104065 104064 1140
104065 104067 1115
104084 104064 511
104115 104114 737
104115 104116 2416
104115 104171 557
104173 104116 836
104173 104172 2353
104173 104241 750
113694 104116 612
103990 103989 403
103863 103865 420
103867 103865 612
103867 103964 604
103966 103964 279
103956 103957 612
103956 105768 201
103960 103959 418
103968 103959 947
112858 105768 612
112851 112861 672
112862 112861 889
112832 112831 536
103950 103949 336
103994 103993 403
104014 104013 475
104035 104013 1008
104035 104034 3929
104025 104023 201
104025 104026 612
104036 104026 2377
104023 104024 1274
104023 104025 201
112498 112489 2078
112498 112539 747
112498 112548 2204
112548 112489 473
112548 112498 2204
112548 112547 697
112557 112544 688
112557 112562 2364
112559 112544 2399
112559 112553 688
112563 112562 610
112540 112539 2437
112540 112550 747
112757 112756 1073
112527 112526 713
112527 112535 2358
112566 112535 713
110912 110911 8432
110919 110923 588
110922 110923 448
110835 112480 9238
112471 112480 8337
112521 112522 2002
113837 112522 1721
112519 112518 847
112519 112526 2319
112526 112519 2319
112526 112525 355
112526 112527 713
112536 112525 1157
104186 104185 872
104212 104211 475
104294 104211 1672
104294 104255 1894
104256 104255 889
104171 104115 557
104171 104172 336
104171 104174 1481
104042 104043 751
104042 104101 871
104044 104043 336
104070 104069 1066
104070 104086 1008
104071 104069 951
104071 104101 1295
104101 104042 871
104101 104069 1036
104101 104071 1295
104067 104065 1115
104067 104083 1223
104086 104070 1008
104086 104083 536
104003 104002 950
104020 104002 1884
104710 104709 1008
104716 104709 1593
104716 104714 1026
104715 104714 1576
104250 104249 1205
104250 104260 605
104259 104260 1188
39066 39065 5808
39106 39107 806
39108 39107 2514
39115 39114 1894
39257 39114 336
39257 39258 2879
39258 39119 782
39258 39257 2879
39267 39269 505
39289 39288 667
37211 37212 1028
37221 37212 421
37221 37214 1766
37221 37223 1454
37202 37237 475
37238 37237 1103
37105 37115 1222
37109 37115 1797
37116 37115 1786
37089 37208 1518
37090 37208 1592
38187 37217 951
38187 38191 1411
37207 37210 2237
37214 37210 589
37214 37221 1766
37222 37216 1014
38191 38187 1411
38191 38347 952
38363 38360 475
38364 38360 2894
38364 38410 1114
38366 38410 1880
38429 38432 276
38431 38433 1447
38431 38436 673
38436 38431 673
38436 38435 667
38436 38438 599
38452 38438 675
38453 38454 344
38453 38456 1004
38468 38467 796
38468 38470 849
38550 38560 725
38467 38465 932
38467 38468 796
38456 38453 1004
38456 38462 1334
38461 38462 841
38552 38565 2397
38559 38565 344
38555 38567 2213
38570 38567 1768
38586 38587 1421
38586 40342 511
38589 38587 697
38589 40344 418
40344 38589 418
40344 40347 1254
40351 40348 1345
40351 40352 605
40351 40355 1258
40355 38595 562
40355 40351 1258
40355 40352 1342
38594 38595 1519
38881 38595 2170
40668 40669 873
40668 40670 2197
40660 40669 1458
40672 40669 1008
40678 40679 421
40677 40681 599
40699 40681 1739
40699 40703 807
50317 45049 585
40704 40703 1346
40704 40705 967
40705 40697 2308
40705 40704 967
40705 40708 123
40705 40712 1403
40697 40705 2308
40697 40710 1003
40697 40711 2424
56351 56329 558
39003 39005 905
39003 39006 2705
39007 39005 1609
39007 39009 1320
39004 39006 612
39015 38981 2477
39015 39020 253
40711 40697 2424
40711 40716 1011
40711 40764 2704
40763 40764 806
38980 38981 673
41575 39026 517
41575 41565 884
41562 41564 373
41562 41565 505
41564 41562 373
41564 41565 474
41564 41567 475
41567 41564 475
41567 41570 2613
41567 41579 372
41570 41567 2613
41570 41572 790
41573 41572 2139
41573 41592 828
41573 47659 2481
47774 47772 766
47774 47776 933
47778 47776 2171
47778 47784 709
47785 47784 355
47785 47789 517
47792 47789 1810
47792 47811 445
47792 47812 751
47656 47664 828
47658 47664 2481
47658 47668 752
47720 47668 2691
47720 47722 683
47726 47722 1375
47726 47734 796
47735 47733 1612
47735 47734 865
47735 47741 790
47734 47726 796
47734 47731 1510
47734 47735 865
47659 41573 2481
47659 47660 905
47739 47741 1761
47739 47744 773
47744 47739 773
47744 47742 1768
47773 47742 709
47773 47772 1956
47800 47804 790
47810 47804 1956
47810 47811 709
47802 47805 709
47766 47768 871
47769 47768 1873
48093 48062 1901
48093 48094 906
48062 48093 1901
48062 48097 1742
48063 48065 517
48066 48065 2111
48066 48082 709
967
111414
112475
110817
110261
110758
110281
110285
111398
111389
110252
104064
104114
104116
103989
103865
103964
103957
103959
105768
112861
112831
103949
103993
104013
104026
104024
112489
112544
112562
112553
112539
112550
112547
112756
112535
110911
110923
112480
112522
112518
112525
104185
104211
104255
104172
104241
104043
104069
104083
104002
104709
104714
104034
104174
104249
104260
39065
39107
39114
39119
39269
39288
37212
37237
37223
37115
37208
37217
37210
37216
38347
38360
38410
38432
38433
38435
38438
38454
38470
38560
38465
38462
38565
38567
40342
38587
40347
40348
40352
38595
40670
40669
40679
40681
45049
40703
40708
40712
40710
56329
39005
39006
39020
39009
40716
40764
38981
39026
41565
41579
41572
41592
47776
47784
47789
47812
47664
47668
47722
47733
47731
47660
47741
47742
47772
47804
47811
47805
47768
48094
48097
48065
48082
48111
48080
48089
47934
47965
48005
48008
48013
47978
48034
47996
48041
48035
48090
48170
48169
47414
47466
47470
47986
130531
47989
130761
130769
130767
130773
130792
46267
49579
131313
131312
131316
131317
130888
130904
130896
130909
130902
131169
131193
131196
131197
131464
131276
131208
131209
131524
131536
131537
131542
131545
131603
131607
125243
131625
131705
131708
131714
132224
132228
132250
132254
132268
131721
132291
54173
54122
54125
54160
54127
54135
54176
54179
54129
54164
54204
54208
54212
54271
54297
54299
54289
54290
54294
54303
54741
54743
54311
54301
150532
150702
150703
150720
150748
150750
140312
140307
140309
140406
150468
140412
140414
140484
140500
140502
140536
140541
141969
141972
143299
139780
143301
143414
143440
143435
143454
143456
143509
143506
143512
143516
143523
143524
142835
142837
142844
142829
142831
143788
143781
143787
143782
143770
143718
143721
143701
143714
143519
143518
143520
142821
142841
142883
142820
142860
142872
142877
142856
142869
144890
144891
142854
143183
143184
143186
143198
143201
143283
139783
139784
142865
144809
144815
144862
144863
144859
144879
204573
204579
204588
204637
204640
204641
204929
204928
204638
204820
204825
204942
204945
207717
207723
144884
144886
145070
145062
145074
145090
145091
145183
145219
145224
145231
145237
145241
145244
145632
145653
145657
145661
145668
145670
145726
146668
146679
146812
146875
146916
146914
146947
209544
214925
209414
209632
210848
167573
167600
152662
152666
152679
152669
152676
152797
153592
153533
152072
152070
152624
152626
152649
162512
168506
167257
168501
167597
167605
167642
167634
167647
167653
167654
167656
167805
167766
168440
177691
178606
178629
178632
178637
178653
180056
180058
180132
179890
179881
179757
179946
179968
179974
179969
179998
180001
185278
152629
152836
152851
152850
152857
152785
152790
152787
152820
152748
152831
152745
152636
152769
152766
152770
152780
152845
153213
153214
153217
153232
153237
153242
156097
156098
156101
156015
156024
156031
156123
156120
156159
156176
156095
153308
153312
153315
153339
153351
153353
153385
153429
153434
153368
153481
154681
155846
155918
155850
155881
153504
153505
153510
155893
155867
155871
155865
155888
155897
155889
180019
180020
172978
172981
172989
180025
180027
180026
180030
180022
172985
173047
173023
178541
177755
178197
178208
178209
185517
173241
173250
173067
173070
172973
173125
178061
178073
178182
178181
178172
178175
178191
173258
174838
174855
174755
174878
174835
174873
185508
173464
174872
174946
176592
177334
177343
177560
177351
176604
177571
186085
177574
176575
176612
176613
156383
156381
156382
176617
177347
177304
156511
160191
156514
156531
160210
156535
156503
156384
156390
156401
156464
156466
156559
156561
156495
156844
156858
156850
156859
156598
156666
156701
156657
156866
156875
156853
156886
156865
156675
156952
156635
156911
156699
156945
156981
177491
177509
177493
177387
177517
177324
177360
177363
177365
177302
177389
176728
176733
176734
174908
176749
165870
165867
165884
165623
165883
165570
165573
165575
165633
165651
165624
164830
165553
165556
167695
167717
167785
167683
167684
167576
167664
165476
165506
167442
165477
165495
167450
167451
167471
167447
167470
167526
167537
167541
165882
165880
165901
165906
165969
165976
165989
167444
165992
164832
164855
164931
213230
213235
212508
213241
213240
212560
212561
212577
212578
164630
164882
164888
164897
164896
164607
172156
164922
164926
164934
165669
164944
165683
164973
165685
164961
114243
114242
114260
114287
114291
113965
113968
114000
114126
114147
114179
118829
118842
118845
119228
119235
119237
119308
119318
119230
118581
119060
119024
119066
119014
119099
119100
119109
119015
119096
118981
119029
102205
94386
94392
94399
102910
94403
92166
92172
92162
92180
92186
94433
94436
94509
94514
94489
94507
92295
92466
92469
92472
92510
92553
92506
92508
93134
93135
93137
94088
107080
108116
108160
108171
109564
94152
105611
105609
107259
108201
108205
108158
107250
108176
108398
107472
108414
107248
107467
108430
108434
108438
108405
108475
108476
108542
108623
108618
108622
92979
92981
93093
93095
93101
92857
92862
93707
93710
93026
93111
93115
93787
93099
93027
93104
93130
92543
92546
92740
92741
92757
92759
92768
92544
92581
92586
92530
92557
94344
92560
92485
92481
92489
92492
92662
92663
92610
92782
92689
92691
92697
92698
92705
192684
192693
191400
191835
194401
191564
191844
191620
191624
191832
191056
191057
192637
191192
194288
192652
192663
192672
119223
114063
114093
114166
114164
114163
114334
114347
114277
114280
114282
114284
109240
109275
109277
109400
109438
109446
109396
109572
109440
109681
109675
109348
109649
109623
109729
109733
110006
110140
110002
110104
110159
110175
110190
110196
110193
112476
112478
110818
110258
110260
110759
110808
110275
110282
110290
111371
110223
110253
103863
103867
103966
103956
103960
103968
112851
112832
103950
103994
104035
104025
104023
112498
112557
112559
112563
112540
112757
112527
112566
110912
110919
110922
110835
112471
112521
112519
104294
104256
104042
104070
104067
104086
104003
104020
104710
104716
104715
104250
104259
39106
39108
39257
39258
39267
39289
37211
37202
37238
37105
37109
37116
37089
37090
38187
37207
38191
38363
38366
38429
38431
38436
38452
38453
38468
38550
38467
38456
38461
38552
38559
38555
38570
38586
38589
40344
40351
40355
38594
38881
40668
40660
40678
40677
40699
50317
40704
40697
39003
39007
39004
39015
40711
40763
38980
41575
41562
41567
41570
41573
47774
47778
47785
47792
47656
47658
47720
47726
47735
47734
47659
47739
47744
47773
47800
47810
47802
47766
47769
48093
48062
48063
48066
