536
153135 153134 210
155727 155737 905
155727 155739 1532
155703 155702 790
155703 155785 672
155784 155785 2044
155776 155778 928
155776 155965 2083
155788 155692 933
155788 155789 1675
155969 155970 1210
155969 155972 1117
155787 155785 2810
155787 155786 828
155751 155753 1560
155751 155756 789
153365 153096 401
153365 153098 372
153365 153366 667
153137 153136 2143
153137 153206 713
153143 153145 4804
153143 172876 138
153205 153193 1605
153205 172879 275
153211 153210 924
153211 153417 2184
173536 173534 2290
173536 173535 2040
175128 175127 606
175128 175127 606
173596 173818 641
173596 179846 113
173576 173575 336
173576 173577 333
173579 173580 994
173533 173534 1998
173533 173540 2487
173547 173544 1946
173547 173546 2674
173552 173553 2501
173552 173554 1226
173683 173681 568
173683 186090 1420
173684 173685 733
173684 173686 735
173161 173158 762
173161 173208 219
173209 173210 4564
173209 183024 3134
173170 173171 6672
173197 185423 3399
185448 185449 1226
185448 185450 2644
173875 174762 1485
173875 174830 1062
185441 185439 1357
185441 185442 1475
185706 185704 289
185706 186068 2313
152919 152920 1959
152919 153109 650
153046 153047 612
153046 153111 1594
153049 153050 1494
153049 153089 435
153090 153088 1357
153090 172264 976
153041 153080 905
153056 153057 610
153056 153058 1979
155520 155480 1758
155535 155479 637
155481 155474 673
155481 155480 890
155536 155474 1683
155536 155547 948
155547 155473 1880
155547 155536 948
176121 176126 688
176121 176146 1418
176147 176146 1268
176474 156238 333
156244 156245 688
156244 156253 1772
176501 156255 452
176176 176175 682
176176 176188 2388
176190 176189 1891
176190 176191 709
176525 156259 452
176525 176534 168
176531 176530 849
176531 176534 1505
176141 176150 1684
176149 176150 905
176152 176151 344
176152 176153 924
176154 176153 774
176154 176178 692
155657 155659 1200
155657 156064 2515
155648 155647 778
155650 152907 2284
155650 155651 2484
155681 155682 1282
155681 155686 747
156296 156295 688
156296 156335 1388
156290 156274 782
156290 156315 1882
156321 156315 976
156321 156322 677
156302 156303 1503
156302 156327 1345
156325 156326 1258
156325 156328 752
156063 156055 906
156063 156064 1283
156297 156295 2322
156297 156307 2429
156306 156312 1458
155641 155643 1095
155641 155676 2731
155683 155682 3005
155683 155688 683
155622 155624 435
155622 155646 752
155645 155644 849
155645 155646 3095
155539 155540 673
155539 155596 873
155539 155597 1698
155594 155596 2262
155595 155596 807
155595 155598 738
155598 155595 738
155598 155597 790
155598 155601 3262
155605 155604 1357
155626 155625 1144
155626 155627 999
176110 176111 789
176110 176120 1145
177124 177123 1454
177124 177127 1631
177123 177124 1454
177059 177218 765
177215 177214 765
177218 177059 765
177126 177127 782
176208 176210 1034
176210 176208 1034
177214 177215 765
176814 176819 354
176819 176814 354
165267 165266 1774
165266 165267 1774
167317 167313 683
167313 167317 683
164800 164801 818
164801 164800 818
164801 164809 1531
164809 164801 1531
164821 164822 1426
164822 164821 1426
164756 164748 713
164748 164756 713
211386 211393 511
211393 211386 511
211408 211401 833
211401 211408 833
211506 211513 670
211513 211506 670
211513 211514 751
211514 211513 751
212208 212209 683
212209 212208 683
212244 212255 848
212267 212273 1259
212273 212267 1259
212453 212447 781
212536 212535 342
212535 212536 342
212255 212244 848
212447 212453 781
114320 114321 695
114321 114320 695
92008 92010 251
92010 92008 251
102206 94414 3108
94414 102206 3108
92407 92408 1583
92408 92407 1583
115841 115832 884
115832 115841 884
191681 191658 3314
191658 191681 3314
192738 192769 86
192769 192738 86
114072 114108 946
114108 114072 946
109900 109925 1025
109925 109900 1025
109925 109923 847
109923 109925 847
105187 111021 893
111022 111021 662
111021 105187 893
111021 111022 662
111027 111033 611
111033 111027 611
111316 111329 750
111329 111316 750
111257 111331 1008
111331 111257 1008
103349 103348 704
103348 103349 704
103348 111356 948
111356 103348 948
111524 111522 222
111522 111524 222
104313 104167 927
104167 104313 927
39209 39206 887
39206 39209 887
39509 39512 3010
39512 39509 3010
39202 39201 924
39179 39180 1114
39180 39179 1114
39201 39202 924
104807 104808 536
104808 104807 536
104900 104910 737
104910 104900 737
104856 104860 750
104605 104606 836
104606 104605 836
104860 104856 750
39325 39333 2186
39333 39325 2186
39408 39426 738
39426 39408 738
40448 40471 2138
40471 40448 2138
40566 40437 3411
40437 40566 3411
55190 55181 3830
55236 56340 1759
56340 55236 1759
41622 41624 476
41624 41622 476
48555 48557 684
48358 48363 984
48363 48358 984
41629 41632 2341
41632 41629 2341
48557 48555 684
48703 48706 928
48706 48703 928
48880 48881 2482
48881 48880 2482
131506 131493 848
131493 131496 747
131493 131506 848
131497 131496 747
131511 131510 951
131496 131493 747
131496 131497 747
131510 131511 951
131831 131832 429
131832 131831 429
54517 54519 2353
54592 54640 1811
54519 54517 2353
54640 54592 1811
53942 53949 3358
53949 53942 3358
55181 55190 3830
144505 144494 2428
144505 144509 2476
144509 144505 2476
150494 150492 628
150492 150494 628
150641 150643 370
150643 150641 370
150694 150706 1345
150645 150706 982
150706 150645 982
150706 150694 1345
140275 140280 705
140280 140275 705
140448 141872 2521
144494 144505 2428
141872 140448 2521
141911 141912 810
141912 141911 810
141938 141936 894
141936 141938 894
142641 142636 866
142636 142635 885
142636 142641 866
142635 142636 885
142079 142589 2083
142589 142079 2083
144782 144789 657
142773 142778 1084
142778 142773 1084
144789 144782 657
204860 204861 802
204861 204860 802
204861 204870 765
204870 204861 765
144563 144562 278
144715 145035 750
144562 144563 278
145035 144715 750
145128 145126 564
145126 145128 564
145556 145601 722
145601 145556 722
145688 145689 732
145689 145688 732
145689 145692 827
145692 145689 827
145799 145800 765
145803 145793 734
145793 145803 734
145800 145799 765
203842 203841 594
203841 203842 594
208695 208694 1141
204849 204850 1823
204850 204849 1823
208715 208714 776
208694 208695 1141
208714 208715 776
211165 211164 164
211164 211165 164
211177 211332 1094
211332 211177 1094
167327 167356 1485
167356 167327 1485
167547 167549 1200
167549 167547 1200
166781 166797 758
166797 166781 758
172485 167057 893
167057 172485 893
180371 180370 737
180365 180364 672
180370 180371 737
180364 180365 672
180359 179654 2280
179654 180359 2280
182188 182196 1496
182196 182188 1496
152958 152959 575
152959 152958 575
153134 153135 210
153134 153136 1104
155737 155727 905
155739 155727 1532
155702 155703 790
155702 155786 3372
155785 155703 672
155785 155784 2044
155785 155787 2810
155778 155776 928
155965 155776 2083
155965 155970 751
155692 155788 933
155692 155972 667
155789 155788 1675
155970 155965 751
155970 155969 1210
155972 155692 667
155972 155969 1117
155786 155702 3372
155786 155787 828
155753 155751 1560
155756 155751 789
153096 153365 401
153098 153365 372
153366 153365 667
153136 153134 1104
153136 153137 2143
153206 153137 713
153145 153143 4804
172876 153143 138
153193 153205 1605
172879 153205 275
153210 153211 924
153417 153211 2184
173534 173533 1998
173534 173536 2290
173535 173536 2040
175127 175128 606
175127 175128 606
173818 173596 641
179846 173596 113
173575 173576 336
173577 173576 333
173580 173579 994
173540 173533 2487
173544 173547 1946
173546 173547 2674
173553 173552 2501
173554 173552 1226
173681 173683 568
186090 173683 1420
173685 173684 733
173686 173684 735
173158 173161 762
173208 173161 219
173210 173209 4564
183024 173209 3134
173171 173170 6672
185423 173197 3399
185449 185448 1226
185450 185448 2644
174762 173875 1485
174830 173875 1062
185439 185441 1357
185442 185441 1475
185704 185706 289
186068 185706 2313
152920 152919 1959
153109 152919 650
153047 153046 612
153047 153050 697
153111 153046 1594
153050 153047 697
153050 153049 1494
153050 153088 1323
153089 153049 435
153088 153050 1323
153088 153090 1357
172264 153090 976
153080 153041 905
153057 153056 610
153058 153056 1979
155480 155479 650
155480 155481 890
155480 155520 1758
155479 155480 650
155479 155535 637
155474 155473 789
155474 155481 673
155474 155536 1683
155473 155474 789
155473 155547 1880
176126 176121 688
176146 176121 1418
176146 176147 1268
156238 176474 333
156245 156244 688
156253 156244 1772
156255 176501 452
176175 176176 682
176188 176176 2388
176188 176189 758
176189 176188 758
176189 176190 1891
176191 176190 709
156259 176525 452
176534 176525 168
176534 176531 1505
176530 176531 849
176150 176141 1684
176150 176149 905
176150 176151 476
176151 176150 476
176151 176152 344
176153 176152 924
176153 176154 774
176178 176154 692
155659 155657 1200
156064 155657 2515
156064 156063 1283
155647 155624 3021
155647 155648 778
152907 155650 2284
152907 155651 1248
155651 152907 1248
155651 155625 893
155651 155650 2484
155682 155681 1282
155682 155683 3005
155686 155681 747
156295 156296 688
156295 156297 2322
156335 156296 1388
156274 156290 782
156315 156290 1882
156315 156321 976
156322 156321 677
156303 156302 1503
156303 156327 738
156327 156302 1345
156327 156303 738
156327 156328 789
156326 156325 1258
156328 156325 752
156328 156327 789
156055 156063 906
156307 156297 2429
156312 156306 1458
155643 155641 1095
155643 155644 758
155676 155641 2731
155688 155683 683
155624 155622 435
155624 155625 758
155624 155647 3021
155646 155622 752
155646 155645 3095
155644 155643 758
155644 155645 849
155540 155539 673
155596 155539 873
155596 155594 2262
155596 155595 807
155597 155539 1698
155597 155598 790
155601 155598 3262
155604 155605 1357
155625 155624 758
155625 155626 1144
155625 155651 893
155627 155626 999
176111 176110 789
176120 176110 1145
177127 177124 1631
177127 177126 782
967
153135
155727
155703
155784
155776
155788
155969
155787
155751
153365
153137
153143
153205
153211
173536
175128
173596
173576
173579
173533
173547
173552
173683
173684
173161
173209
173170
173197
185448
173875
185441
185706
152919
153046
153049
153090
153041
153056
155520
155535
155481
155536
155547
176121
176147
176474
156244
176501
176176
176190
176525
176531
176141
176149
176152
176154
155657
155648
155650
155681
156296
156290
156321
156302
156325
156063
156297
156306
155641
155683
155622
155645
155539
155594
155595
155598
155605
155626
176110
177124
177120
177123
177107
177049
177048
177059
177215
177218
177015
177126
177128
177052
177185
177202
177193
177205
177209
176220
176108
176128
176213
176208
176214
176210
176959
177198
176967
177214
177224
175015
176867
175017
176863
174949
175001
175009
174894
174972
176767
176814
176819
165095
165349
165233
165273
165267
165266
165271
165274
165436
165441
167293
167304
167318
167324
167326
166558
167317
167313
167314
165111
165115
165097
165141
165137
165107
165117
165151
165147
164800
164801
164805
164848
164838
165152
157784
165334
165163
165352
165198
165380
165144
164809
164817
164821
164782
164822
164756
164667
164759
164748
211385
211386
211393
211408
211401
195337
211506
211187
211188
211213
211380
211382
211483
211513
211514
211529
211541
211544
211562
211563
211568
211571
211573
212185
212206
212208
212209
212244
212267
212273
211362
211394
212453
212472
212519
161432
160145
164660
161429
172431
212534
212536
212535
212255
212256
212263
212447
114378
114320
114331
114333
114312
114321
113852
114222
114220
114215
114424
113971
114192
114190
114025
119120
119197
119296
118561
118566
119148
119385
119381
114941
115009
114855
115020
92007
92008
92010
92014
92020
92029
92056
92064
92057
92061
92073
102206
94412
94414
92259
92281
92264
92267
92282
94462
115804
115816
115818
92398
92404
92407
92408
92317
92325
105804
107032
107064
107090
93206
107057
107059
107088
107105
107212
107126
107121
107420
107454
107435
107421
107500
107517
109495
92897
92972
93038
93039
93046
92953
92789
92806
92792
116009
115789
115838
115841
115832
191787
191018
190891
190892
191681
191658
192133
191717
191728
191747
192746
191892
194144
191569
191916
191842
191918
191937
191770
193842
192738
194016
192769
192757
194023
194063
190966
192707
192724
194250
192807
114072
114091
114108
114406
114368
114719
114729
109465
109480
113898
109418
109517
109793
109824
113958
109812
109895
109900
109925
109908
109923
111024
111030
110146
105187
111022
109911
109890
109891
111004
111021
111027
111033
110979
111071
111082
111073
111075
111077
111316
111329
111257
111331
111283
111291
103349
111292
111359
111501
111497
103348
111356
111524
111522
111528
111513
111633
111632
111631
111688
111643
111628
111619
111630
111437
111439
111447
111648
110834
111664
104135
104137
104147
104148
104120
105736
112880
112736
104142
104313
104167
104342
104352
104366
39209
39206
39507
39519
39509
39512
39546
39518
39189
39202
104238
104733
104734
104779
104282
104287
39179
39169
39180
39201
104807
104845
104849
104376
104380
104808
104898
104900
104910
104856
104605
104606
104602
104860
39279
39323
39325
39331
39333
39360
39410
39361
39367
39398
39408
39423
39426
39431
39493
40450
40452
40470
40602
40448
40471
40278
40477
40599
40311
40293
40373
40566
40437
40569
50408
40589
40822
40841
40845
40850
40904
40906
40575
40571
40811
40813
55190
55237
55236
56340
55423
41618
41622
41624
40815
48379
48382
48456
48465
48532
49624
48546
48555
48355
48358
48363
48374
41629
41632
48352
48557
48579
48701
48707
48703
48718
48830
48570
48572
48583
48706
48833
48838
48854
48856
48857
48874
48880
48881
48841
48230
48990
48991
49010
49013
48282
131364
131365
49590
48389
131368
131384
131475
131473
131506
131493
131497
131511
131496
131510
131516
131747
131773
131831
131832
131840
131852
54366
54413
54403
54452
54457
54469
54472
54517
54550
54553
54556
54570
54586
54592
52950
56338
56339
54686
54519
54522
54526
54722
54729
54640
53893
56639
53941
53942
53949
53963
52853
55180
55181
144505
144509
150494
150502
150492
150505
150641
150643
150694
150645
150706
140290
150734
140274
146928
140275
140280
140367
140382
140434
140435
140444
140447
140448
142547
144494
141872
141881
141911
141912
141928
141938
141887
141895
141897
141936
141901
141951
141953
151750
142086
142112
142116
142126
142106
142641
142636
142082
142104
142635
143267
142066
142067
142075
142079
142589
142592
142616
142623
142737
142738
142739
142742
142743
144499
142550
144503
144782
142773
142778
142779
144784
144789
144793
56354
56355
204522
204529
204544
196122
204772
204732
204791
204798
204808
204860
204859
204861
204868
204870
144554
144559
144716
144563
144715
144562
144567
145035
145040
145039
145044
145055
145109
145128
145126
145127
145497
145527
145539
145550
145553
145556
145601
145675
145688
145689
145692
145799
145802
145803
145793
145883
145884
145695
145888
145800
145848
145858
145871
145874
146082
146088
146105
146107
151481
149092
151658
151573
151572
146114
146116
203842
204461
203841
214419
215023
208649
214862
214651
208695
204849
204850
214213
205282
208747
208715
208693
208694
208714
208721
208736
208771
208742
208743
211115
211118
211138
211175
211165
211164
211177
211332
211333
211356
180418
180429
180451
167316
166583
166585
167327
167356
166566
167547
167549
167346
167554
167368
166742
152580
162529
167237
167245
152542
152546
152544
167111
167128
167123
167244
167240
167258
172178
166781
166788
166797
166736
166784
166774
167039
167025
172485
167057
167064
167083
167095
152425
152429
152433
162537
152436
178863
180083
180371
180365
180370
180364
180359
179671
179654
180151
180163
173563
182332
182340
182073
182075
182107
182114
182091
182093
182100
182105
182188
182196
182194
182275
182276
182289
182285
152355
152952
152954
152956
152958
152934
152983
152994
153000
152481
152700
152731
152720
152388
152372
152988
153148
152356
152959
152961
152385
152380
152448
152486
153093
153134
155737
155702
155778
155965
155692
155789
155970
155972
155786
155753
155756
153096
153098
153366
153136
153206
153145
172876
153193
172879
153210
153417
173534
173535
175127
173544
173546
173554
173681
173158
173208
173210
183024
173171
185423
174762
174830
185439
185704
186068
152920
153109
153047
153111
153088
153080
153058
155479
155473
176126
176146
156238
156245
156253
156255
176175
176188
176189
156259
176534
176530
176151
176153
155659
156064
155647
152907
155682
155686
156295
156335
156274
156315
156303
156326
156328
156055
156307
156312
155643
155676
155688
155646
155644
155540
155597
155601
155604
177127
