560
112766 112765 2002
112796 112886 1234
112798 112797 2445
112798 112799 782
112779 112777 1611
112779 112892 764
112889 112890 1675
112812 112813 877
112812 112894 1014
113845 113848 227
104507 104339 681
104507 104508 847
104513 104508 1962
104333 104334 1811
104333 104336 747
104336 104333 747
104336 104335 1205
104336 104339 788
104437 104340 1481
104439 104440 473
104439 104441 672
104441 104407 649
104441 104439 672
104564 104407 1209
104431 104432 511
104431 113698 1341
104565 104409 536
39230 39228 1160
39230 39595 1623
39598 39596 589
39598 39599 927
39600 39599 738
39600 39601 1119
39573 39535 2718
39573 39574 884
39536 39537 511
39538 39537 1627
39538 39588 847
39593 39588 2907
39594 39591 2079
39594 39604 1220
39777 39222 1115
39777 39228 3852
39777 39778 2003
104758 104756 1255
39214 39213 1632
39214 39217 557
104746 104747 475
104746 104748 4232
104753 104748 3991
104753 104751 4597
104819 104818 1966
104819 104826 1669
104839 104837 938
104839 104840 688
104839 113951 141
104871 104872 230
104871 105023 2081
113615 113616 632
113615 113949 508
104826 104819 1669
104826 104827 661
104826 104828 927
104928 104423 605
104928 104929 1145
104942 104943 1420
104916 104876 1008
104916 104915 1167
104945 104956 280
104952 104422 473
105048 104425 403
105048 104927 298
105048 105015 697
104421 104422 418
105014 105010 890
105014 105015 807
113924 113923 819
104461 104462 737
104461 105026 1640
105019 105036 473
105039 104668 577
105039 105042 1141
105042 105039 1141
105042 105045 1008
39561 39560 336
39561 39574 3664
39577 39562 677
39638 39635 878
39638 39636 1205
39638 39644 610
39644 39638 610
39644 39645 524
39640 39636 1353
39640 39643 697
39468 39460 1829
39468 39467 788
39468 39469 511
39643 39467 1628
39643 39640 697
39469 39450 1978
39469 39468 511
39469 39470 650
39474 39470 2633
39472 39453 1005
39389 39390 1338
39389 39392 893
39441 39440 688
39441 39453 1885
39454 39413 505
39454 39477 373
39454 39481 551
39485 39481 3580
39485 39491 418
39680 39499 751
39680 39684 2299
39684 39680 2299
39684 39683 650
39694 39697 1578
39694 39698 2968
39695 39697 445
39695 39704 505
39746 39706 1180
39746 39748 1220
39753 39754 610
39753 39755 747
40486 40482 709
40486 40487 2068
40490 40487 827
40490 40498 1220
40513 40504 252
40513 40530 3026
40534 40520 1353
40534 40529 836
40534 40537 1161
40542 40540 1636
40542 40543 927
40532 40528 1274
40532 40529 927
40533 40531 612
40533 41026 1778
41132 40617 2262
41132 41131 1014
41134 40617 878
40555 40554 238
40555 40561 976
40553 40549 610
40633 40631 675
40633 40635 1100
40636 40635 622
40861 40639 2412
40861 40831 809
40861 40836 2049
40863 40836 905
40863 40840 2340
40867 40840 791
40867 40853 2561
40882 40853 1181
40884 40887 572
40887 40884 572
40980 40979 828
40639 40861 2412
40939 40950 1268
40979 40980 828
40950 40939 1268
55215 55219 807
55219 55215 807
55446 55458 890
48411 48419 796
48419 48411 796
48672 48673 561
48673 48672 561
48673 48685 390
48685 48673 390
48695 48752 828
48752 48695 828
48781 48783 1447
48783 48781 1447
48900 48902 713
48902 48900 713
49000 50318 365
50318 49000 365
49039 49181 1320
49181 49039 1320
49610 49602 374
49602 49610 374
131897 131898 2930
131898 131897 2930
54348 54346 789
54346 54348 789
54581 54657 1300
54657 54581 1300
55163 55161 751
55161 55163 751
144479 142527 2444
144479 144487 2479
144487 144479 2479
144487 144524 2782
144524 144487 2782
144533 144537 1130
144537 144533 1130
144666 144668 713
139893 139899 909
150610 150605 2030
150612 150613 671
150613 150612 671
150605 150610 2030
150637 150647 463
150647 150637 463
150650 150652 831
150652 150650 831
139899 139893 909
142527 144479 2444
141905 141907 2301
141907 141905 2301
142017 142019 311
142019 142017 311
142042 142043 1707
142043 142042 1707
142562 142576 985
142576 142562 985
142331 142333 1677
142333 142331 1677
142500 142508 1610
142508 142500 1610
55458 55446 890
56105 54994 810
54994 56105 810
204513 204514 597
195577 204704 834
204704 195577 834
144668 144666 713
144781 145117 73
145117 144781 73
145509 145514 823
145514 145509 823
145575 145577 726
145577 145575 726
145577 145578 809
145578 145577 809
145751 145763 788
145758 145753 779
145753 145758 779
145763 145751 788
145824 145825 722
145825 145824 722
146051 146053 761
146053 146051 761
151546 151576 830
151549 151548 1980
151576 151546 830
151578 142100 744
151533 151534 801
151534 151533 801
151548 151549 1980
142100 151578 744
204514 204506 686
204514 204513 597
203837 204412 1808
203837 204417 1026
204412 203837 1808
204417 203837 1026
204506 204514 686
208595 208594 1685
208594 208595 1685
208181 208588 885
208588 208181 885
208651 208655 1875
208655 208651 1875
210760 210764 1650
210764 210760 1650
167209 167211 879
167211 167209 879
167085 167087 2132
167087 167085 2132
152397 152407 3273
180172 180170 1225
180170 180172 1225
173604 173609 878
173609 173604 878
182120 182129 1779
182129 182120 1779
182129 182143 1266
182143 182129 1266
182217 182223 1293
182223 182217 1293
181992 182240 1505
182240 181992 1505
152407 152397 3273
173841 173842 4042
173842 173841 4042
155487 153030 517
153030 155487 517
152042 155526 1029
155526 152042 1029
175953 175955 782
175996 175984 1558
176005 176004 777
175955 175953 782
176004 176005 777
175984 175996 1558
177022 177019 3110
177019 177022 3110
177033 177039 2791
177039 177033 2791
176088 176080 751
176080 176088 751
176946 176943 1086
176943 176946 1086
211352 211358 2522
211358 211352 2522
211419 211421 1059
211416 211420 885
211416 211421 1988
211000 211001 1180
211001 211000 1180
166449 166469 2335
165261 165257 818
165257 165261 818
166469 166449 2335
164357 164388 673
164388 164357 673
164702 164701 778
164701 164702 778
211420 211416 885
211421 211416 1988
211421 211419 1059
211467 211469 759
211469 211467 759
211459 211457 822
211471 211474 779
211474 211471 779
211457 211459 822
212466 212513 1440
212513 212466 1440
119417 119420 1558
119420 119417 1558
115397 115399 418
115399 115397 418
115711 115710 1013
115710 115711 1013
115737 115738 1669
115738 115737 1669
106735 106734 782
107229 107166 571
107166 107229 571
107441 107442 6091
107441 107484 1699
107484 107441 1699
107442 107441 6091
107321 107505 1334
107505 107321 1334
106726 106723 1845
106723 106726 1845
106741 106758 562
106734 106735 782
106758 106741 562
115982 115993 838
115993 115982 838
109785 109784 1489
109784 109785 1489
103338 103340 927
111472 111471 279
103340 103338 927
111471 111472 279
111581 111574 1014
111574 111581 1014
111598 111599 778
111599 111598 778
111730 111731 778
111731 111730 778
111753 111741 756
111457 112577 688
112577 111457 688
111741 111753 756
112894 112812 1014
112894 112892 869
113335 112890 788
104317 104322 238
104322 104317 238
104324 104334 809
103323 112768 1901
112768 103323 1901
112765 112766 2002
112886 112796 1234
112797 112798 2445
112799 112798 782
112777 112779 1611
112777 112813 737
112892 112779 764
112892 112813 1248
112892 112894 869
112890 112889 1675
112890 113335 788
112813 112777 737
112813 112812 877
112813 112892 1248
113848 113845 227
104339 104336 788
104339 104507 681
104508 104507 847
104508 104513 1962
104334 104324 809
104334 104333 1811
104334 104335 788
104335 104334 788
104335 104336 1205
104340 104437 1481
104440 104439 473
104407 104441 649
104407 104564 1209
104432 104431 511
113698 104431 1341
104409 104565 536
39228 39230 1160
39228 39777 3852
39595 39230 1623
39595 39596 947
39596 39591 3204
39596 39595 947
39596 39598 589
39599 39598 927
39599 39600 738
39601 39600 1119
39535 39573 2718
39574 39561 3664
39574 39573 884
39537 39536 511
39537 39538 1627
39588 39538 847
39588 39591 1484
39588 39593 2907
39591 39588 1484
39591 39594 2079
39591 39596 3204
39604 39594 1220
39222 39777 1115
39778 39777 2003
104756 104758 1255
39213 39214 1632
39217 39214 557
104747 104746 475
104748 104746 4232
104748 104753 3991
104751 104753 4597
104818 104819 1966
104818 104828 2180
104837 104839 938
104840 104839 688
113951 104839 141
113951 113949 430
104872 104871 230
105023 104871 2081
113616 113615 632
113949 113615 508
113949 113951 430
104827 104826 661
104828 104818 2180
104828 104826 927
104423 104422 947
104423 104928 605
104929 104928 1145
104943 104942 1420
104876 104916 1008
104915 104916 1167
104956 104945 280
104422 104421 418
104422 104423 947
104422 104952 473
104425 105048 403
104927 105048 298
105015 105014 807
105015 105048 697
105010 105014 890
113923 113924 819
104462 104461 737
105026 104461 1640
105036 105019 473
104668 105039 577
105045 105042 1008
39560 39561 336
39560 39562 1672
39562 39560 1672
39562 39577 677
39635 39638 878
39636 39638 1205
39636 39640 1353
39645 39644 524
39460 39450 612
39460 39468 1829
39467 39468 788
39467 39643 1628
39450 39460 612
39450 39469 1978
39470 39469 650
39470 39474 2633
39453 39441 1885
39453 39472 1005
39390 39389 1338
39392 39389 893
39440 39441 688
39413 39454 505
39477 39454 373
39481 39454 551
39481 39485 3580
39491 39485 418
39499 39680 751
39683 39684 650
39683 39698 873
39697 39694 1578
39697 39695 445
39698 39683 873
39698 39694 2968
39704 39695 505
39704 39706 354
39706 39704 354
39706 39746 1180
39748 39746 1220
39748 39755 505
39754 39753 610
39755 39748 505
39755 39753 747
40482 40486 709
40487 40486 2068
40487 40490 827
40498 40490 1220
40504 40513 252
40530 40513 3026
40530 40531 610
40530 41026 1029
40520 40534 1353
40529 40532 927
40529 40534 836
40537 40534 1161
40540 40542 1636
40543 40542 927
40528 40531 1008
40528 40532 1274
40531 40528 1008
40531 40530 610
40531 40533 612
41026 40530 1029
41026 40533 1778
40617 41132 2262
40617 41134 878
41131 41132 1014
40554 40549 202
40554 40555 238
40561 40555 976
40549 40553 610
40549 40554 202
40631 40633 675
40635 40633 1100
40635 40636 622
40831 40861 809
40836 40861 2049
40836 40863 905
40840 40863 2340
40840 40867 791
40853 40867 2561
40853 40882 1181
974
112766
112796
112798
112779
112889
112812
113845
104507
104513
104333
104336
104437
104439
104441
104564
104431
104565
39230
39598
39600
39573
39536
39538
39593
39594
39777
104758
39214
104746
104753
104819
104839
104871
113615
104826
104928
104942
104916
104945
104952
105048
104421
105014
113924
104461
105019
105039
105042
39561
39577
39638
39644
39640
39468
39643
39469
39474
39472
39389
39441
39454
39485
39680
39684
39694
39695
39746
39753
40486
40490
40513
40534
40542
40532
40533
41132
41134
40555
40553
40633
40636
40861
40863
40867
40882
40884
40887
40898
40956
40961
40980
40623
40639
40987
40939
40947
40979
40950
40943
55205
55215
55219
55386
55392
55396
55416
55442
55446
48387
40942
41654
48411
48419
48426
48541
48657
48665
48672
48396
48412
50387
48673
48685
48690
48695
48752
48725
48766
48778
48781
48783
49082
49086
48900
48914
48918
49050
49051
49049
49055
48902
48924
48943
48945
48940
48959
48976
48977
49000
49014
50318
49040
49039
49181
49198
49594
49610
49602
49033
49599
49608
48328
48331
131393
131394
131416
131419
131661
131422
131646
131650
131671
129987
131897
49706
49709
131888
131890
131898
54338
54357
54348
54350
54353
54345
54346
54409
54428
54438
54493
54512
54373
54380
54399
54581
52913
52662
52740
54677
54673
54657
49687
53860
53774
53906
53863
53912
53924
55147
55167
55163
55161
55201
144479
144487
144524
144533
144537
144674
144625
144624
144651
144666
139893
139894
150610
150612
150613
150628
150605
150637
150647
150653
150650
150652
150685
139899
140192
140202
140204
140255
140266
140268
141579
141592
142327
142492
142502
142530
142519
142527
142326
141595
141905
141907
141925
141926
142017
142019
142031
142042
142043
142051
142054
142562
142576
142577
142603
142608
142718
142331
142333
142500
142508
142723
55458
55463
56105
54994
55470
55472
204513
204664
195577
204704
204723
204727
204760
214521
204733
204768
204865
214566
207871
144668
144670
144734
144737
144736
144742
144752
145307
144741
145317
145319
144780
144776
144764
144781
145117
145479
145485
145489
145490
145509
145514
145519
145575
145577
145578
145751
145752
145758
145753
145754
145614
145607
145613
145763
145769
145771
145819
145824
145825
145840
145865
146045
146051
146053
146069
146073
151454
151477
151546
151549
151575
151576
151578
151531
151533
151534
151548
142100
203816
204514
203811
203819
203831
203836
204409
203837
204412
204417
204486
204487
204495
204506
208573
208611
208595
208593
208594
208561
208562
208580
208181
208588
208589
207843
207844
208600
208604
208653
208651
208655
208670
208471
208494
208495
208723
208729
211155
210760
210764
180672
180675
180677
180237
180239
185722
176652
180412
166402
166508
166522
166576
166706
166746
166720
166678
166712
167194
167205
167209
167184
167187
167182
167191
167151
167174
167211
167085
172667
166681
166715
166756
167003
172478
167037
167072
167087
167035
167145
152397
152402
162547
186057
180172
180386
180389
180395
180170
180177
179696
180409
180442
178647
186064
170263
170621
173604
173609
169507
169840
181989
182238
182241
182317
182222
179715
181924
181930
182120
182129
182143
182148
182145
182200
182217
182220
182223
181992
182240
182334
182353
173608
173640
152213
152309
152304
152310
152261
152327
152407
152462
152332
152889
152896
152215
152910
152925
152892
185772
185776
185941
173865
173867
173572
173644
173517
173688
173841
173842
173852
173858
173883
152902
152914
153007
153015
175332
155487
153030
153026
175306
152042
155514
155526
155504
155489
175953
175996
176005
175990
176489
176468
176488
175955
176004
176002
176007
175994
172799
152061
176466
152040
155525
155575
155608
155570
155607
155611
155612
152067
175909
175980
175984
175834
175832
177104
177022
177019
177018
176937
176947
176940
177032
177035
177033
177039
175852
176082
176104
176098
177175
176088
175906
176080
176945
177159
176946
176943
176667
176786
176789
176779
176854
176874
176885
176884
176895
176878
173863
176646
174979
174980
185817
175023
176663
176635
176755
210776
211352
211358
211419
211416
211000
211001
211318
211322
211343
166449
166447
166404
165038
165071
165076
167278
165261
165257
165259
165249
165311
165323
165317
165325
167290
166461
166465
166487
166467
167279
166478
166469
165046
165044
165063
165065
164473
164437
164438
164814
164432
165168
164355
164359
164380
164357
164388
164417
164415
164464
161383
161387
161386
161398
161401
164351
164699
164535
164706
164702
164564
164701
164553
164711
164719
164713
161393
164528
164549
164577
164538
211420
211421
211447
211467
211469
211456
211554
211555
212170
212190
212197
212201
211459
211471
211474
211457
211463
212462
212466
161406
212513
212515
212233
212240
212248
212249
212441
212442
114663
114385
114651
114304
114306
114583
114572
114038
114040
119118
119119
119411
119417
119420
119406
114850
114916
114904
114929
92001
102181
102183
92133
92215
92216
92213
115397
115404
115399
115332
115335
115416
115418
115711
115710
115675
115680
115689
115733
115735
115732
115440
115737
115738
105809
115799
106735
107024
107054
107055
107132
106959
107052
107116
107390
107168
107229
107166
107441
107484
107442
107525
107321
107505
113864
107333
107533
109501
92826
103138
92966
102818
92830
92869
92870
92945
92949
106726
106723
106756
106741
106734
106758
115777
115969
115780
115982
115993
116033
116000
92724
92725
115851
191502
191508
191790
190882
191715
191735
192764
192765
191060
191482
191783
191839
191876
191773
191957
192777
192727
192815
192816
114403
193961
109459
109785
109784
109786
113808
109798
109871
107765
110950
110989
110969
111090
111099
111322
111320
111340
103338
111472
103340
111463
103358
111471
111237
111238
111235
111534
111230
111541
111581
105276
111585
111595
111574
111598
112067
111599
111593
111693
111725
111730
111731
112146
112148
112162
111753
111754
111670
111671
111457
111673
112577
112581
112587
111701
111741
112605
111770
112169
112164
112186
112608
112698
112699
112706
112770
112894
113335
113337
104304
104307
104317
104322
104324
112784
103327
103323
112768
112714
112710
112711
112765
112886
112797
112799
112777
112890
104339
104508
104334
104335
104340
104407
104409
39228
39595
39535
39574
39537
39588
39591
39222
104756
39213
39217
104748
104751
104818
104837
113951
104872
105023
113616
113949
104828
104423
104929
104876
104915
104425
104927
105015
105010
104462
105026
105036
104668
39560
39562
39635
39636
39460
39467
39450
39470
39453
39390
39392
39440
39413
39477
39481
39491
39499
39683
39697
39698
39704
39748
39755
40482
40487
40498
40504
40520
40529
40537
40540
40528
41026
40617
41131
40561
40549
40631
40635
40831
40836
40840
40853
