1754
234104 234070 687
234104 234110 2345
234109 234110 1014
234109 234111 1970
234111 234109 1970
234111 234170 1208
234106 234070 2438
234106 234110 893
234176 234177 1148
234176 234184 1034
234183 234184 936
31966 6528 6422
31966 31971 379
226792 226809 305
226792 234792 1606
226793 226799 1004
226793 226800 2625
226800 226793 2625
226800 226803 556
227085 227086 1592
227085 227087 1640
227087 227085 1640
227087 235591 1211
227091 227094 1031
227091 227095 1814
227102 227107 586
227109 227096 3793
6538 6535 600
227335 227333 1063
227344 227342 1935
227344 227443 556
226918 234730 1882
227555 234449 3478
6644 6643 1502
6650 6647 1064
6650 6680 1602
6680 6650 1602
6680 6678 1802
6702 6696 153
6702 6749 491
6703 6749 990
6703 6752 1435
6711 6712 1745
6711 6712 1745
6713 6705 1836
6713 6754 461
6761 6760 2616
6761 6767 247
6761 34117 1798
6707 6694 4435
6707 6706 954
7134 7113 1576
7134 7135 2712
34632 7142 1672
34632 34633 118
7171 7170 1590
7171 7174 1480
7233 7248 2948
7233 7250 2486
7238 7353 2629
7240 7239 436
7240 7241 1848
7244 7245 4583
7244 7672 4605
7246 7228 1492
7246 7247 3761
34946 34947 8081
7283 7282 129
7283 7285 1211
7371 7338 483
7371 7372 2529
7387 7389 862
7387 7391 4311
7388 7791 3485
7388 7794 1798
7799 7800 895
7799 7806 865
7918 7831 1185
7918 7917 1742
7918 7921 1435
7928 7906 1703
7928 7930 452
7928 34205 2602
8560 8549 1878
8560 8562 667
34642 34643 1552
7942 7944 832
7942 7951 1715
7943 7945 1316
7943 7952 2862
7639 34718 16
7906 7927 1111
7906 7928 1703
225512 235110 1964
225406 225407 926
225406 225820 652
225877 225878 452
225399 225400 2045
225399 225522 2696
225566 225567 567
225490 225449 2001
225490 225491 2104
235487 235486 225
235487 235489 2257
234658 224990 320
234658 234659 2645
225523 225522 2383
225523 225579 1935
235102 235103 607
235102 235104 225
235096 235097 877
225691 225562 865
225691 232500 1356
225701 225704 1606
225701 226362 2522
234395 225447 1426
234661 225603 523
234661 234662 652
225613 225602 1306
225613 225602 1306
226368 226365 472
226368 226371 333
235500 235511 487
235500 235512 1309
235509 235510 490
7965 7961 463
7970 7971 1384
7970 7972 1523
8308 8309 1429
8308 8312 1412
7972 7970 1523
7972 8606 2552
8314 8310 1330
8623 8607 1057
8624 8625 982
8635 8634 776
8637 8615 1906
8637 8639 610
8637 8640 1264
8643 8641 1230
8643 8644 488
8676 8679 1166
8678 8679 2525
8678 8680 1700
8678 8681 860
8689 8679 926
8689 8681 2909
8694 8690 781
8694 8695 1448
8695 8691 731
8695 8694 1448
8695 15741 1921
15743 15741 1076
15743 15858 678
15861 8739 740
15861 15862 744
8736 8737 705
8736 8739 1131
8749 8739 782
8749 8752 691
8749 15865 1441
8752 8749 691
8752 15867 1325
15866 15867 1615
15866 15872 1080
15957 15956 854
15957 15958 1231
15957 15959 721
15969 15981 945
15979 15977 939
15979 15983 1626
35341 15994 294
15990 15989 923
15990 16173 1797
15993 15987 461
15993 15989 2422
15993 15994 312
15999 16000 3200
15999 16001 1098
16381 16001 1015
16381 16382 1160
16384 16385 560
16197 16196 2162
16199 16193 794
16199 16196 909
16566 16187 351
16566 16567 1327
16566 16574 483
16570 16567 819
16401 16397 1317
16401 16563 2012
16565 16561 2306
16565 16563 909
16192 16191 679
16192 16196 805
16190 16184 403
16190 16191 2821
16202 16177 295
16203 16201 542
16229 16227 141
16229 16234 508
16237 16234 400
16237 16238 510
16599 16239 809
16599 16600 2323
16601 16600 802
16601 16606 251
16606 16601 251
16606 16607 452
16706 16708 671
16710 16709 92
21472 21469 587
21472 21474 1234
21483 21474 2014
21483 21485 1111
21634 21636 1014
21634 21659 847
21660 21659 763
21660 21661 610
21680 21679 880
21680 35260 549
22341 11249 1007
22341 34062 2280
22316 21712 2182
22316 22315 667
22329 22315 2185
22329 22318 893
22323 22322 1222
22323 22325 1786
21813 21807 516
21813 21820 1336
21813 22354 1234
22360 21820 672
22360 21827 2568
11245 11232 782
11242 11243 1669
11242 11249 1432
11334 11331 1014
11334 11332 839
22366 22367 562
22370 22367 950
21855 21821 667
21855 21854 1007
21855 21856 1558
21859 21856 839
22401 21863 756
22401 22406 556
21865 21866 2224
21865 22093 1343
22096 22092 504
22095 22094 893
22095 22098 840
22073 22071 847
22073 22098 2002
22073 22099 1780
13451 13450 1181
13451 22129 889
22099 22072 764
22099 22073 1780
22188 22186 1097
22188 22187 1635
22033 21996 3110
22033 22026 672
22197 22196 628
22727 22713 884
22732 22713 1945
22732 22730 452
22737 22730 1114
22737 22746 610
22720 22758 836
22720 22759 1730
22683 22680 2179
22711 22712 629
22711 22713 889
22801 22759 2514
22801 22766 924
22811 22766 2515
22811 22810 836
22823 22810 610
22823 22812 275
22809 22772 1000
22809 22773 1377
22809 22808 893
22812 22772 1700
22812 22823 275
22821 22832 1979
22834 22832 1062
22834 22838 1873
22848 22838 982
22848 22850 818
23189 23176 604
23189 23190 1398
23192 23190 681
23143 23122 688
23143 23145 388
23171 23147 452
23171 23174 1965
28173 28170 1055
28179 28184 818
28191 28187 681
28191 28189 1188
28186 28183 713
28186 28184 2319
28223 28183 1258
28189 23186 1188
28189 28188 629
28189 28191 1188
23186 23184 629
23186 23187 688
23186 28189 1188
28215 28214 672
28219 28217 782
28232 28236 1139
28237 28241 2322
28237 28242 904
28240 28242 1663
28240 28266 788
28212 28181 905
28212 28211 403
28212 28217 667
28216 28181 2281
28216 28183 796
28220 28217 1886
28266 28240 788
28266 28267 1768
28268 28267 904
28268 28273 2110
28274 28302 827
28274 28307 516
28322 28324 893
28307 28274 516
28307 28305 905
28326 28309 1085
28326 28327 599
28329 28324 1467
28329 28330 924
28333 28330 1491
28420 28419 1142
28420 28424 435
28427 28424 552
28433 28426 1031
28433 28434 1033
28434 28433 1033
28434 28438 3294
28434 28439 1268
28621 28554 847
28621 28620 504
28621 28623 1505
28625 28623 789
28625 28629 672
28638 28637 605
28647 28645 2585
28677 28678 1881
28677 28679 847
28874 28872 1115
28873 28872 1342
28890 28871 738
28890 28883 836
28890 28892 1475
28892 28890 1475
28892 28891 788
28892 28938 619
24401 24400 1624
24401 28937 418
24407 28944 418
24407 28948 951
24400 24401 1624
24400 28944 458
24425 24424 847
24425 24426 1073
24428 24427 256
24428 24523 1502
24523 24428 1502
24523 35275 868
28812 28697 2196
28812 28821 1008
28828 28823 649
28832 28823 1145
28832 28834 3712
28836 28834 872
28836 28861 2183
24420 24419 1073
24420 24432 786
24436 24418 1613
24436 24437 788
24431 24426 403
24431 24430 697
24563 24427 311
24439 24437 1482
24439 24445 747
24439 24446 3220
24571 24446 847
24571 24697 2016
24580 24582 650
24580 24697 713
24580 24703 951
24581 24582 1878
24581 24584 836
24584 24581 836
24584 24586 738
24585 24586 1161
24585 24587 403
24587 24585 403
24587 24644 486
24649 24637 1378
24649 24645 1357
24649 24646 1558
24637 24638 1073
24637 24649 1378
24637 24667 2281
24672 24667 738
24672 24674 818
24672 25194 1140
24724 24723 1004
24757 24756 1116
24757 35398 290
10822 10823 687
10822 10824 258
10822 10959 666
20109 20110 1151
24761 24653 1209
24761 24655 1066
24761 24762 612
24673 24670 809
24673 24674 1831
24778 24675 1220
24778 24779 403
24766 24763 713
24766 24767 1672
24769 24767 677
24769 24770 650
189059 189058 844
189059 189066 1552
189067 189066 2309
189067 189228 1411
189229 189209 828
189229 189228 916
189229 189231 2198
189209 189229 828
189209 189244 2206
189227 189244 819
189246 189244 2334
189246 189245 822
189246 189277 2060
189278 189277 819
189278 189291 1030
189289 189285 460
189289 189286 713
189038 188597 1624
189038 189044 802
189058 188597 761
189058 189059 844
189058 189068 1592
189044 188596 1551
189044 189038 802
189044 189061 746
189061 189044 746
189061 189063 1542
189064 189063 891
189064 189065 1648
189070 189065 884
189070 189149 1453
189148 189149 894
189148 189160 2188
189162 189160 761
189162 189169 2286
189170 189169 822
189190 189189 1666
189190 189297 2299
189190 189300 515
188612 188611 844
188612 189114 1653
189115 189114 827
189115 189125 1503
189130 189125 810
189130 189133 2141
189131 189133 796
189131 189176 2237
189174 189176 762
189174 189185 718
189187 189185 879
189187 190747 167
189186 189189 1690
189191 189189 877
189191 189192 1037
189192 189191 1037
189192 189302 1143
188611 188612 844
188611 189116 1585
188636 189116 850
188636 189123 1493
189121 189123 771
189121 189138 2262
189324 189138 834
189324 189333 2155
189334 189331 958
189334 189333 801
189334 189335 2176
188829 188842 1492
188841 188842 699
188841 188848 1966
189322 188848 739
189322 189329 2219
189330 189329 846
189330 189331 776
189330 189342 2162
189331 189330 776
189331 189334 958
189331 189337 1967
188773 188776 827
188773 188778 1550
188775 188778 785
188775 188834 1553
188832 188834 934
188832 188846 1505
188845 188846 844
188845 188851 2132
188777 188776 1558
188843 188842 875
188843 188849 2076
188850 188849 851
188850 188851 892
188850 189327 2223
186873 186872 547
186873 186875 769
190647 188781 1738
190647 188783 1578
190649 190650 3028
190649 190651 3360
188785 188784 859
188785 188807 827
188785 188808 1481
188786 188784 1607
188786 188796 812
188803 188776 778
188803 188807 1633
188795 188794 801
188795 188796 1544
188647 187470 2735
188647 188646 885
188647 188648 761
190650 188648 1648
190650 188651 1670
190650 190649 3028
190650 190655 3794
187474 187475 776
188644 187475 2680
188644 188645 704
187394 187393 752
187394 187402 145
187394 187403 337
187395 187393 2728
187395 187398 925
189668 189754 1367
190594 190593 164
190594 190595 3110
187444 187443 778
187444 187445 894
187444 187459 1969
187446 187445 2761
187446 187448 878
187441 187442 820
187441 187467 890
187466 187467 861
187466 187475 2295
189617 189618 769
189308 189309 2786
199186 199184 750
199186 199185 1268
199190 199185 712
199165 199163 1750
199165 199174 864
199165 199184 880
199122 199121 2385
199122 199123 825
199173 199164 955
199173 199168 1094
199173 199175 493
199174 199164 1335
199174 199165 864
199175 199173 493
199175 199176 686
199180 199178 857
199221 199217 839
199237 199240 711
199218 199215 755
199218 199217 793
199218 199219 1118
199224 199219 838
199232 199219 1666
199232 199228 839
199232 199234 1784
199364 199234 839
199364 199365 1667
199365 199363 766
199365 199364 1667
199365 199367 1887
199382 199374 766
199382 199386 1117
199387 199386 765
199476 199475 556
199476 199479 724
199476 214559 387
199485 199479 709
199485 199486 1317
199499 199501 1227
199499 200005 1206
200003 199494 1668
200003 200004 845
199501 199499 1227
199501 200007 751
199582 199583 1596
199557 199486 473
199557 199558 912
199579 199560 715
199579 199580 2675
199584 195013 684
199584 199580 1055
199584 200104 1323
199502 199422 2475
199502 199515 1530
199518 199519 220
199523 199524 158
199549 199522 1230
199388 199386 1447
199388 199404 1099
199407 199399 839
199407 199405 923
199407 199414 273
199414 199407 273
199414 199417 681
199414 199421 2286
200281 200285 1119
200281 200664 593
200664 200281 593
200664 200668 2030
200666 200670 797
200666 200679 419
200064 200065 773
200209 200206 899
200209 200212 1782
200210 200212 666
200210 200220 2706
200219 200220 772
200219 200274 2453
200273 200274 791
200273 200285 2379
200056 200065 1841
200056 200078 901
200069 200070 665
200069 200078 1769
199494 199493 883
199494 200003 1668
200011 200006 1236
200011 200012 675
200015 200016 769
200015 200070 2264
200931 200928 669
200929 200928 2420
200929 200933 709
200933 200926 692
200933 200929 709
200933 200930 707
200967 200955 842
200967 200970 1560
200970 200967 1560
200970 200969 750
200970 200972 1971
200975 200972 692
200975 201012 1566
201013 201012 908
201013 201017 1567
201018 201007 325
201018 201017 779
201018 201129 1501
200996 200997 1615
201000 200997 605
201000 200999 498
200999 201000 498
200999 201021 1632
200999 201219 816
201211 201213 834
201211 201219 1809
201212 201213 1811
201212 201215 816
201016 201025 816
201016 201029 1424
201024 201010 492
201024 201025 1595
201024 201027 801
201010 201024 492
201010 201026 834
201019 201020 1971
201019 201022 1702
201006 201007 1575
200679 200666 419
200679 200670 677
200679 200681 2447
200919 200920 1811
200681 200679 2447
200681 200683 681
200681 200740 2393
200739 200740 791
200739 200747 1055
200747 200739 1055
200747 200748 915
195080 215165 194
215177 215176 90
215177 215178 549
215163 194831 1182
215163 215160 1052
215169 215161 555
215169 215172 793
215169 215173 357
201297 201287 1626
201297 201296 475
201297 201298 446
201299 201305 3917
201299 214896 2397
212658 212659 151
215157 215165 720
215157 215174 210
200569 194751 664
200569 194751 664
201205 201206 599
201204 201208 1392
201204 201214 1031
201203 201206 1471
225026 225025 4169
225026 225046 501
225049 225046 1405
225049 225050 255
234866 225062 177
234866 234867 4543
225041 225040 2148
225042 225039 1877
225416 225415 4190
225451 225452 225
225451 235476 2958
232422 227190 1941
232422 232486 3045
225450 225449 928
225450 235476 1478
232498 235495 912
225055 225062 1815
225055 234268 1711
235118 225497 1062
235118 235119 1447
225502 225496 1200
225502 234872 1157
226923 226922 852
226874 226886 151
225812 234276 753
227306 227307 2628
227306 227309 1234
227315 226929 302
227315 227293 2251
226934 226930 1427
226934 227318 3030
227336 227329 946
227340 227332 1344
227361 227362 844
227361 227363 2201
227457 227461 1592
227464 227461 1075
227464 227465 667
227462 227461 1809
227561 227553 604
227561 227562 1114
234027 234037 1780
234027 234038 1029
233780 233779 18107
233780 233833 475
233780 233834 1297
234810 234808 722
233847 233834 4113
233847 233850 562
233868 233864 706
233868 233872 889
233877 233872 1029
233896 233897 225
234003 234002 687
234003 234007 1176
234003 234008 983
234006 234008 901
234006 234014 950
234016 234014 1059
234016 234021 1292
234026 234032 1669
234031 29945 1055
234031 234032 452
233903 233902 847
233903 233905 1021
234038 234027 1029
234038 234042 796
234045 234043 201
234045 234050 2446
234067 234065 1332
234067 234066 1014
234069 234066 870
234069 234070 1111
234070 234069 1111
234070 234104 687
234070 234105 333
234070 234106 2438
234110 234104 2345
234110 234106 893
234110 234109 1014
234170 234111 1208
234177 234176 1148
234184 234176 1034
234184 234183 936
6528 6527 772
6528 31966 6422
6528 227089 511
31971 31966 379
31971 31968 2050
31971 31972 2148
226809 226792 305
226809 226797 423
226809 226810 831
234792 226792 1606
234792 234793 427
226799 226793 1004
226803 226800 556
226803 226804 2042
227086 227085 1592
235591 227087 1211
227094 227089 543
227094 227091 1031
227094 235590 1403
227095 227091 1814
227107 227102 586
227096 227089 2625
227096 227109 3793
227096 227113 1539
6535 6534 3514
6535 6537 2261
6535 6538 600
227333 227329 2894
227333 227332 1344
227333 227335 1063
227342 227332 2118
227342 227343 2430
227342 227344 1935
227443 227344 556
234730 226918 1882
234449 227555 3478
6643 6589 2174
6643 6644 1502
6643 6645 920
6647 6593 610
6647 6648 3091
6647 6650 1064
6678 6676 2877
6678 6680 1802
6678 6683 1244
6696 6695 1757
6696 6702 153
6749 6702 491
6749 6703 990
6752 6703 1435
6752 6754 2159
6752 6756 1611
6712 6711 1745
6712 6711 1745
6705 6697 1871
6705 6708 2066
6705 6713 1836
6754 6713 461
6754 6752 2159
6754 6760 2557
6760 6754 2557
6760 6761 2616
6760 6763 621
6767 6761 247
34117 6761 1798
6694 6692 3820
6694 6707 4435
6694 6708 468
6706 6679 5499
6706 6707 954
7113 7134 1576
7135 7134 2712
7142 34632 1672
34633 34632 118
7170 7171 1590
7174 7171 1480
7248 7233 2948
7250 7233 2486
7353 7238 2629
7239 7240 436
7241 7240 1848
7245 7244 4583
7672 7244 4605
7228 7246 1492
7247 7246 3761
34947 34946 8081
7282 7283 129
7285 7283 1211
7338 7371 483
7372 7371 2529
7389 7387 862
7391 7387 4311
7791 7388 3485
7794 7388 1798
7800 7799 895
7806 7799 865
7831 7917 1205
7831 7918 1185
7917 7831 1205
7917 7918 1742
7921 7918 1435
7930 7927 1571
7930 7928 452
34205 7928 2602
8549 8560 1878
8562 8560 667
34643 34642 1552
7944 7942 832
7944 7945 1182
7951 7942 1715
7945 7943 1316
7945 7944 1182
7952 7927 2316
7952 7943 2862
34718 7639 16
7927 7906 1111
7927 7930 1571
7927 7952 2316
235110 225512 1964
225407 225406 926
225820 225406 652
225878 225877 452
225400 225399 2045
225522 225399 2696
225522 225523 2383
225567 225566 567
225449 225450 928
225449 225490 2001
225491 225490 2104
235486 235487 225
235489 235487 2257
224990 234658 320
234659 234658 2645
225579 225523 1935
235103 235102 607
235104 235102 225
235097 235096 877
225562 225691 865
232500 225691 1356
225704 225701 1606
226362 225701 2522
225447 234395 1426
225603 225602 2273
225603 234661 523
234662 234661 652
225602 225603 2273
225602 225613 1306
225602 225613 1306
226365 226368 472
226365 226371 334
226371 226365 334
226371 226368 333
235511 235500 487
235512 235500 1309
235510 235509 490
7961 7965 463
7971 7970 1384
8309 8308 1429
8312 8308 1412
8312 8310 1741
8606 7972 2552
8606 8607 2703
8310 8312 1741
8310 8314 1330
8607 8606 2703
8607 8623 1057
8625 8624 982
8634 8635 776
8615 8637 1906
8639 8637 610
8640 8637 1264
8641 8643 1230
8644 8643 488
8679 8676 1166
8679 8678 2525
8679 8689 926
8680 8678 1700
8680 8681 1191
8681 8678 860
8681 8680 1191
8681 8689 2909
8690 8691 1420
8690 8694 781
8691 8690 1420
8691 8695 731
15741 8695 1921
15741 15743 1076
15858 15743 678
8739 8736 1131
8739 8749 782
8739 15861 740
15862 15861 744
15862 15865 786
8737 8736 705
15865 8749 1441
15865 15862 786
15865 15867 637
15867 8752 1325
15867 15865 637
15867 15866 1615
15872 15866 1080
15956 15957 854
15958 15957 1231
15958 15981 1381
15959 15957 721
15981 15958 1381
15981 15969 945
15977 15979 939
15983 15979 1626
15983 15987 718
15994 15993 312
15994 35341 294
15989 15990 923
15989 15993 2422
16173 15990 1797
15987 15983 718
15987 15993 461
16000 15999 3200
16001 15999 1098
16001 16381 1015
16382 16381 1160
16382 16385 930
16385 16382 930
16385 16384 560
16196 16192 805
16196 16197 2162
16196 16199 909
16193 16199 794
16187 16566 351
16567 16566 1327
16567 16570 819
16574 16566 483
16397 16401 1317
16563 16401 2012
16563 16565 909
16561 16565 2306
16191 16190 2821
16191 16192 679
16184 16190 403
16177 16202 295
16201 16203 542
16227 16229 141
16234 16229 508
16234 16237 400
16238 16237 510
16238 16239 704
16239 16238 704
16239 16599 809
16600 16599 2323
16600 16601 802
16607 16606 452
16708 16706 671
16709 16710 92
21469 21472 587
21474 21472 1234
21474 21483 2014
21485 21483 1111
21485 21636 1679
21636 21485 1679
21636 21634 1014
21659 21634 847
21659 21660 763
21661 21660 610
21679 21680 880
35260 21680 549
11249 11242 1432
11249 22341 1007
34062 22341 2280
21712 22316 2182
22315 22316 667
22315 22329 2185
22318 22325 889
22318 22329 893
22322 22323 1222
22325 22318 889
22325 22323 1786
21807 21813 516
21820 21813 1336
21820 22360 672
22354 21813 1234
21827 22360 2568
11232 11245 782
11243 11242 1669
11331 11334 1014
11332 11334 839
22367 22366 562
22367 22370 950
21821 21855 667
21854 21855 1007
21856 21855 1558
21856 21859 839
21863 22401 756
22406 22401 556
21866 21865 2224
22093 21865 1343
22092 22094 893
22092 22096 504
22094 22092 893
22094 22095 893
22098 22073 2002
22098 22095 840
22071 22072 2000
22071 22073 847
13450 13451 1181
22129 13451 889
22072 22071 2000
22072 22099 764
22186 22188 1097
22186 22196 696
22187 22188 1635
21996 22033 3110
22026 22033 672
22196 22186 696
22196 22197 628
22713 22711 889
22713 22727 884
22713 22732 1945
22730 22732 452
22730 22737 1114
22746 22737 610
22758 22720 836
22759 22720 1730
22759 22801 2514
22680 22683 2179
22712 22711 629
22766 22801 924
22766 22811 2515
22810 22811 836
22810 22823 610
22772 22809 1000
22772 22812 1700
22773 22809 1377
22808 22809 893
22832 22821 1979
22832 22834 1062
22838 22834 1873
22838 22848 982
22850 22848 818
23176 23147 629
23176 23189 604
23190 23189 1398
23190 23192 681
23122 23143 688
23122 23147 2359
23145 23143 388
23147 23122 2359
23147 23171 452
23147 23176 629
23174 23171 1965
28170 28173 1055
28184 28179 818
28184 28186 2319
28187 28188 1322
28187 28191 681
28183 28186 713
28183 28216 796
28183 28223 1258
28188 23184 1188
28188 28187 1322
28188 28189 629
23184 23186 629
23184 28188 1188
23187 23186 688
28214 28215 672
28217 28212 667
28217 28219 782
28217 28220 1886
28236 28232 1139
28236 28241 516
28241 28236 516
28241 28237 2322
28242 28237 904
28242 28240 1663
28242 28267 827
28181 28212 905
28181 28216 2281
28211 28212 403
28267 28242 827
28267 28266 1768
28267 28268 904
28273 28268 2110
28273 28302 201
28302 28273 201
28302 28274 827
28324 28322 893
28324 28327 344
28324 28329 1467
28305 28307 905
28305 28309 1223
28309 28305 1223
28309 28326 1085
28327 28324 344
28327 28326 599
28330 28329 924
28330 28333 1491
28419 28420 1142
28424 28420 435
28424 28427 552
28426 28433 1031
28438 28434 3294
28439 28434 1268
28554 28621 847
28620 28621 504
28623 28621 1505
28623 28625 789
28629 28625 672
28637 28638 605
28645 28647 2585
28678 28677 1881
28679 28677 847
28872 28873 1342
28872 28874 1115
28871 28890 738
28883 28890 836
28883 28891 1543
28891 28883 1543
28891 28892 788
28938 28892 619
28938 28937 924
28937 24401 418
28937 28938 924
28944 24400 458
28944 24407 418
28948 24407 951
24424 24425 847
24426 24425 1073
24426 24431 403
24427 24428 256
24427 24563 311
35275 24523 868
28697 28812 2196
28821 28812 1008
28821 28823 1475
28823 28821 1475
28823 28828 649
28823 28832 1145
28834 28832 3712
28834 28836 872
28861 28836 2183
24419 24418 884
24419 24420 1073
24432 24420 786
24432 24430 794
24418 24419 884
24418 24436 1613
24437 24436 788
24437 24439 1482
24430 24431 697
24430 24432 794
24445 24439 747
24446 24439 3220
24446 24571 847
24697 24571 2016
24697 24580 713
24582 24580 650
24582 24581 1878
24703 24580 951
24586 24584 738
24586 24585 1161
24644 24587 486
24644 24645 617
24645 24644 617
24645 24646 605
24645 24649 1357
24646 24645 605
24646 24649 1558
24638 24637 1073
24667 24637 2281
24667 24655 2529
24667 24672 738
24674 24672 818
24674 24673 1831
24674 24675 738
25194 24672 1140
24723 24724 1004
24756 24757 1116
35398 24757 290
10823 10822 687
10824 10822 258
10959 10822 666
20110 20109 1151
24653 24761 1209
24655 24667 2529
24655 24670 806
24655 24761 1066
24762 24761 612
24762 24763 373
24670 24655 806
24670 24673 809
24675 24674 738
24675 24778 1220
24779 24778 403
24763 24762 373
24763 24766 713
24767 24766 1672
24767 24769 677
24770 24769 650
189066 189059 1552
189066 189067 2309
189066 189068 801
189228 189067 1411
189228 189229 916
189231 189229 2198
189231 189244 811
189231 189245 2319
189244 189209 2206
189244 189227 819
189244 189231 811
189244 189246 2334
189245 189231 2319
189245 189246 822
189277 189246 2060
189277 189278 819
189291 189278 1030
189285 189286 385
189285 189289 460
189286 189285 385
189286 189289 713
188597 188596 777
188597 189038 1624
188597 189058 761
189068 189058 1592
189068 189066 801
188596 188597 777
188596 189044 1551
188596 189063 772
189063 188596 772
189063 189061 1542
189063 189064 891
189065 189064 1648
189065 189070 884
189149 189070 1453
189149 189148 894
189160 189148 2188
189160 189162 761
189169 189162 2286
189169 189170 822
189189 189186 1690
189189 189190 1666
189189 189191 877
189297 189190 2299
189300 189190 515
189114 188612 1653
189114 189115 827
189114 189116 794
189125 189115 1503
189125 189130 810
189133 189130 2141
189133 189131 796
189176 189131 2237
189176 189174 762
189185 189174 718
189185 189187 879
190747 189187 167
190747 189302 2576
189302 189192 1143
189302 190747 2576
189116 188611 1585
189116 188636 850
189116 189114 794
189123 188636 1493
189123 189121 771
189138 189121 2262
189138 189324 834
189333 189324 2155
189333 189334 801
189335 189334 2176
189335 189337 848
188842 188829 1492
188842 188841 699
188842 188843 875
188848 188841 1966
188848 189322 739
189329 189322 2219
189329 189330 846
189342 189330 2162
189342 189337 715
189337 189331 1967
189337 189335 848
189337 189342 715
188776 188773 827
188776 188777 1558
188776 188803 778
188778 188773 1550
188778 188775 785
188834 188775 1553
188834 188832 934
188846 188832 1505
188846 188845 844
188851 188845 2132
188851 188850 892
188849 188843 2076
188849 188850 851
189327 188850 2223
186872 186873 547
186875 186873 769
188781 188783 737
188781 190647 1738
188783 188781 737
188783 190647 1578
190651 190649 3360
188784 188785 859
188784 188786 1607
188807 188785 827
188807 188803 1633
188808 188785 1481
188796 188786 812
188796 188795 1544
188794 188795 801
187470 188647 2735
188646 188645 762
188646 188647 885
188648 188647 761
188648 188651 817
188648 190650 1648
188651 188648 817
188651 190650 1670
190655 190650 3794
187475 187466 2295
187475 187474 776
187475 188644 2680
188645 188644 704
188645 188646 762
187393 187394 752
187393 187395 2728
187402 187394 145
187403 187394 337
187398 187395 925
189754 189668 1367
190593 190594 164
190595 190594 3110
187443 187442 809
187443 187444 778
187445 187444 894
187445 187446 2761
187459 187444 1969
187448 187446 878
187442 187441 820
187442 187443 809
187467 187441 890
187467 187466 861
189618 189617 769
189309 189308 2786
199184 199165 880
199184 199186 750
199185 199121 292
199185 199186 1268
199185 199190 712
199163 199164 843
199163 199165 1750
199121 199122 2385
199121 199185 292
199123 199122 825
199164 199163 843
199164 199173 955
199164 199174 1335
199168 199173 1094
199176 199175 686
199176 199178 1127
199178 199176 1127
199178 199180 857
199217 199218 793
199217 199221 839
199240 199237 711
199215 199218 755
199219 199218 1118
199219 199224 838
199219 199232 1666
199228 199232 839
199234 199232 1784
199234 199363 1666
199234 199364 839
199363 199234 1666
199363 199365 766
199367 199365 1887
199367 199374 219
199374 199367 219
199374 199382 766
199386 199382 1117
199386 199387 765
199386 199388 1447
199475 199476 556
199479 199476 724
199479 199485 709
214559 199476 387
199486 199485 1317
199486 199557 473
200005 199499 1206
200005 200004 1338
200005 200007 1007
200004 200003 845
200004 200005 1338
200004 200006 1699
200007 199501 751
200007 200005 1007
199583 199582 1596
199583 200104 774
199558 199557 912
199558 199560 363
199560 199558 363
199560 199579 715
199580 199579 2675
199580 199584 1055
195013 199584 684
200104 199583 774
200104 199584 1323
199422 199421 2560
199422 199502 2475
199515 199502 1530
199519 199518 220
199524 199523 158
199522 199549 1230
199404 199388 1099
199404 199405 853
199399 199407 839
199405 199404 853
199405 199407 923
199417 199414 681
199421 199414 2286
199421 199422 2560
200285 200273 2379
200285 200281 1119
200668 200664 2030
200668 200670 556
200670 200666 797
200670 200668 556
200670 200679 677
200670 200683 2374
200065 200056 1841
200065 200064 773
200206 200209 899
200212 200209 1782
200212 200210 666
200220 200210 2706
200220 200219 772
200274 200219 2453
200274 200273 791
200078 200056 901
200078 200069 1769
200070 200015 2264
200070 200069 665
199493 199494 883
200006 200004 1699
200006 200011 1236
200012 200011 675
200012 200016 838
200016 200012 838
200016 200015 769
200928 200929 2420
200928 200931 669
200926 200933 692
200930 200933 707
200955 200967 842
200955 200969 1579
200969 200955 1579
200969 200970 750
200972 200970 1971
200972 200975 692
201012 200975 1566
201012 201013 908
201017 201013 1567
201017 201018 779
201007 201006 1575
201007 201018 325
201007 201029 406
201129 201018 1501
200997 200996 1615
200997 201000 605
200997 201022 1005
201021 200999 1632
201021 201022 538
201219 200999 816
201219 201211 1809
201213 201211 834
201213 201212 1811
201215 201212 816
201215 201214 797
201025 201016 816
201025 201024 1595
201029 201007 406
201029 201016 1424
201027 201020 901
201027 201024 801
201027 201026 578
201026 201010 834
201026 201027 578
201020 201019 1971
201020 201027 901
201022 200997 1005
201022 201019 1702
201022 201021 538
200920 200919 1811
200683 200670 2374
200683 200681 681
200740 200681 2393
200740 200739 791
200740 200748 1277
200748 200740 1277
200748 200747 915
215165 195080 194
215165 215157 720
215165 215176 778
215176 215165 778
215176 215173 261
215176 215177 90
215178 215177 549
194831 215163 1182
215160 215161 848
215160 215163 1052
215161 215160 848
215161 215169 555
215172 215169 793
215173 215169 357
215173 215176 261
201287 201297 1626
201296 201297 475
201298 201297 446
201305 201299 3917
214896 201299 2397
212659 212658 151
215174 215157 210
194751 200569 664
194751 200569 664
201206 201203 1471
201206 201205 599
201208 201204 1392
201214 201204 1031
201214 201215 797
225025 225026 4169
225046 225026 501
225046 225049 1405
225050 225049 255
225062 225055 1815
225062 234866 177
234867 234866 4543
225040 225041 2148
225039 225042 1877
225415 225416 4190
225452 225451 225
235476 225450 1478
235476 225451 2958
227190 232422 1941
232486 232422 3045
235495 232498 912
234268 225055 1711
225497 225496 678
225497 235118 1062
235119 235118 1447
225496 225497 678
225496 225502 1200
234872 225502 1157
226922 226923 852
226886 226874 151
234276 225812 753
227307 227306 2628
227309 227306 1234
226929 227315 302
227293 227315 2251
226930 226934 1427
227318 226934 3030
227329 227333 2894
227329 227336 946
227332 227333 1344
227332 227340 1344
227332 227342 2118
227362 227361 844
227363 227361 2201
227461 227457 1592
227461 227462 1809
227461 227464 1075
227465 227464 667
227553 227561 604
227562 227561 1114
234037 234027 1780
234037 234032 921
233779 233780 18107
233833 233780 475
233834 233780 1297
233834 233847 4113
234808 234810 722
233850 233847 562
233864 233868 706
233872 233868 889
233872 233877 1029
233897 233896 225
234002 234003 687
234007 234003 1176
234008 234003 983
234008 234006 901
234014 234006 950
234014 234016 1059
234021 234016 1292
234032 234026 1669
234032 234031 452
234032 234037 921
29945 234031 1055
233902 233903 847
233902 233905 844
233905 233902 844
233905 233903 1021
234042 234038 796
234042 234043 921
234043 234042 921
234043 234045 201
234050 234045 2446
234065 234066 1222
234065 234067 1332
234066 234065 1222
234066 234067 1014
234066 234069 870
234105 234070 333
6527 6528 772
227089 6528 511
227089 227094 543
227089 227096 2625
31968 31971 2050
31972 31971 2148
226797 226809 423
226810 226809 831
234793 234792 427
226804 226803 2042
235590 227094 1403
227113 227096 1539
6534 6535 3514
6537 6535 2261
227343 227342 2430
6589 6643 2174
6645 6643 920
6593 6647 610
6593 6676 1797
6648 6647 3091
6676 6593 1797
6676 6678 2877
6683 6678 1244
6695 6696 1757
6756 6752 1611
6697 6705 1871
6708 6694 468
6708 6705 2066
6763 6760 621
6692 6694 3820
6679 6706 5499
840
234104
234109
234111
234106
234176
234183
31966
226792
226793
226800
227085
227087
227091
227102
227109
6538
227335
227344
226918
227555
6644
6650
6680
6702
6703
6711
6713
6761
6707
7134
34632
7171
7233
7238
7240
7244
7246
34946
7283
7371
7387
7388
7799
7918
7928
8560
34642
7942
7943
7639
7906
225512
225406
225877
225399
225566
225490
235487
234658
225523
235102
235096
225691
225701
234395
234661
225613
226368
235500
235509
7965
7970
8308
7972
8314
8623
8624
8635
8637
8643
8676
8678
8689
8694
8695
15743
15861
8736
8749
8752
15866
15957
15969
15979
35341
15990
15993
15999
16381
16384
16197
16199
16566
16570
16401
16565
16192
16190
16202
16203
16229
16237
16599
16601
16606
16706
16710
21472
21483
21634
21660
21680
22341
22316
22329
22323
21813
22360
11245
11242
11334
22366
22370
21855
21859
22401
21865
22096
22095
22073
13451
22099
22188
22033
22197
22727
22732
22737
22720
22683
22711
22801
22811
22823
22809
22812
22821
22834
22848
23189
23192
23143
23171
28173
28179
28191
28186
28223
28189
23186
28215
28219
28232
28237
28240
28212
28216
28220
28266
28268
28274
28322
28307
28326
28329
28333
28420
28427
28433
28434
28621
28625
28638
28647
28677
28874
28873
28890
28892
24401
24407
24400
24425
24428
24523
28812
28828
28832
28836
24420
24436
24431
24563
24439
24571
24580
24581
24584
24585
24587
24649
24637
24672
24724
24757
10822
20109
24761
24673
24778
24766
24769
189059
189067
189229
189209
189227
189246
189278
189289
189038
189058
189044
189061
189064
189070
189148
189162
189170
189190
188612
189115
189130
189131
189174
189187
189186
189191
189192
188611
188636
189121
189324
189334
188829
188841
189322
189330
189331
188773
188775
188832
188845
188777
188843
188850
186873
190647
190649
188785
188786
188803
188795
188647
190650
187474
188644
187394
187395
189668
190594
187444
187446
187441
187466
189617
189308
199186
199190
199165
199122
199173
199174
199175
199180
199221
199237
199218
199224
199232
199364
199365
199382
199387
199476
199485
199499
200003
199501
199582
199557
199579
199584
199502
199518
199523
199549
199388
199407
199414
200281
200664
200666
200064
200209
200210
200219
200273
200056
200069
199494
200011
200015
200931
200929
200933
200967
200970
200975
201013
201018
200996
201000
200999
201211
201212
201016
201024
201010
201019
201006
200679
200919
200681
200739
200747
195080
215177
215163
215169
201297
201299
212658
215157
200569
201205
201204
201203
225026
225049
234866
225041
225042
225416
225451
232422
225450
232498
225055
235118
225502
226923
226874
225812
227306
227315
226934
227336
227340
227361
227457
227464
227462
227561
234027
233780
234810
233847
233868
233877
233896
234003
234006
234016
234026
234031
233903
234038
234045
234067
234069
6706
7113
7135
7142
7170
7174
7245
7672
7228
7247
7282
7285
7338
7372
7389
7391
7794
7831
7921
34205
8549
8562
7944
7945
7952
7927
235110
225522
225567
225491
235486
224990
235103
225562
232500
225704
226362
225447
225603
225602
226365
226371
235511
7961
8312
8606
8310
8607
8634
8615
8639
8640
8641
8644
8680
8681
8690
8691
15741
15858
15862
15872
15956
15958
15959
15981
15977
15983
15994
15989
16173
15987
16382
16385
16193
16187
16567
16397
16563
16561
16191
16184
16177
16201
16227
16234
16238
16239
16600
16708
21469
21474
21485
21636
21659
21661
21679
11249
21712
22315
22318
22322
22325
21807
21820
21827
11232
11331
11332
22367
21821
21854
21856
21863
21866
22093
22092
22094
22098
22071
13450
22129
22072
22186
22187
21996
22026
22730
22758
22759
22680
22712
22766
22810
22772
22773
22808
22832
22838
22850
23176
23190
23122
23147
28170
28184
28187
28183
28188
23184
23187
28214
28236
28241
28242
28181
28211
28267
28273
28302
28305
28309
28327
28330
28419
28424
28426
28439
28554
28620
28623
28637
28645
28679
28872
28871
28883
28891
28937
28944
24424
28697
28821
28823
28834
28861
24419
24432
24418
24437
24430
24445
24446
24697
24582
24703
24586
24644
24645
24646
24723
10824
24653
24655
24762
24670
24763
24767
189066
189228
189231
189245
189277
189285
189286
188597
189068
188596
189063
189065
189149
189160
189169
189297
189300
189114
189125
189133
189176
189185
190747
189302
189116
189123
189138
189333
189335
188842
188848
189329
189342
189337
188776
188778
188834
188846
188851
188849
189327
186872
186875
188781
188783
190651
188784
188807
188808
188796
188794
187470
188646
188648
188651
190655
187475
188645
187393
187402
187403
187398
189754
187443
187445
187459
187448
187442
187467
189309
199184
199163
199121
199164
199168
199176
199178
199217
199240
199215
199219
199228
199234
199363
199367
199374
199386
214559
199486
200005
200007
199583
199560
199580
195013
200104
199422
199519
199524
199522
199404
199399
199405
199421
200285
200668
200670
200065
200206
200212
200220
200274
200078
200070
200006
200012
200016
200928
200926
200930
200955
200969
200972
201012
201017
201007
201129
201021
201219
201213
201215
201025
201029
201027
201020
201022
200920
200683
200740
200748
215165
194831
215160
215161
215172
215173
201287
201298
201305
214896
212659
215174
194751
201206
201208
201214
225025
225046
225050
225062
225040
225039
225415
225452
235476
227190
234268
235119
225496
226922
226886
226929
227293
226930
227318
227329
227553
234037
233779
233833
233834
234808
233850
233864
233872
233897
234008
234014
234021
29945
233902
233905
234042
234043
234050
234065
6527
31968
31972
226797
226804
6537
6589
6645
6593
6676
6756
6697
6763
6692
6679
