1562
186438 186435 1553
186438 186437 919
186453 186437 2163
186453 186452 819
186453 186515 2309
186515 186453 2309
186515 186519 851
186526 186519 2048
186526 186527 851
186754 186527 2336
186754 186751 722
187089 186751 2220
187089 187091 690
187089 187102 1282
187103 187102 731
187104 187098 746
187104 187102 963
187104 187110 1739
187110 187104 1739
187110 187109 3050
187153 187109 179
187153 187156 39
187153 190745 734
51731 51730 848
51731 51788 630
51324 51323 747
51328 51269 810
51328 51326 752
51328 51331 605
51319 51318 403
51319 51321 475
51330 51269 1629
51330 51445 238
51331 51328 605
51331 51339 738
51445 51330 238
51445 51381 1022
51447 51381 1227
51447 51444 848
51471 51472 534
51471 51473 452
51473 51453 650
51473 51471 452
51474 51453 1181
51474 51476 884
51484 51476 1354
51484 51479 788
51518 51479 1181
51518 51519 650
51522 51512 1227
51522 51519 924
51522 51521 848
51535 51534 1483
52860 52422 871
52868 52861 1375
52864 52861 790
52864 52867 1398
52864 52874 766
52873 52874 344
52879 52878 709
52879 56463 1375
56464 56463 790
56464 56466 1483
56468 56466 849
56468 56477 1483
56479 56477 790
56479 56489 1375
56479 56496 849
56495 56496 1375
56495 56500 766
56499 56500 1505
56499 56516 630
56514 56515 905
56514 56516 1483
52905 56515 1612
52905 56641 249
56726 56727 818
56737 50652 564
56737 56727 691
190137 189759 1550
190137 190139 884
189786 189784 1044
189786 189785 239
190139 189784 582
190139 190137 884
190139 190140 1501
189733 186240 2701
189733 189732 720
190136 189759 413
186241 186239 2815
186241 186240 679
186244 186239 720
186244 186257 3061
186258 186257 729
194856 194861 169
194855 194861 845
194865 194864 315
194865 194867 683
195017 194681 213
195017 214811 4878
194650 194651 1315
194650 194656 876
194650 194675 1080
194867 194656 254
194867 194865 683
195054 195046 855
195054 195055 2134
195054 195056 684
195057 195056 2148
195057 195058 715
195046 195048 2109
195046 195054 855
195045 195048 828
195045 195049 2221
195047 195049 758
214467 214811 220
195146 195058 1142
195146 195151 833
195145 195076 788
195145 195151 425
195149 195076 202
195149 195077 367
195168 195077 515
195168 195169 302
195177 195173 1240
195177 195178 1162
195178 195177 1162
195178 195200 1917
195178 195202 1900
195178 195203 987
195200 195178 1917
195200 195201 779
195170 195169 825
195170 195172 201
195170 195173 844
195207 195205 164
195206 195203 908
195206 195205 883
195206 195208 2825
195219 195208 774
195227 195228 590
195230 195228 1010
195230 195233 914
195230 195234 2327
195231 195275 753
198339 198341 776
198339 198570 2132
198569 198570 756
198569 198571 2130
198568 195930 2365
198568 198571 846
195890 195891 2350
195890 195930 838
195889 195887 776
195889 195919 571
195674 195681 766
195674 195682 697
195680 195681 679
195630 195626 325
195662 195663 1252
195664 195666 1274
195664 195667 522
195664 195668 1243
195665 195774 1308
195659 195661 756
195659 195666 219
195660 195661 1685
195660 195682 779
195612 195232 787
195616 195234 510
195616 195617 278
195624 195625 254
195624 214475 241
195691 195684 419
195693 195703 1046
195706 195703 191
195706 195707 146
195899 195897 1191
195899 195906 684
195899 195910 2367
195906 195899 684
195906 195911 2380
195906 195916 845
195907 195915 789
195907 195916 1020
195907 195917 1020
195915 195907 789
195915 195918 857
195897 195899 1191
195897 195908 294
195887 195889 776
195887 195918 557
198419 198418 683
198420 198358 838
198420 198418 2132
195965 195960 337
195965 195966 237
195965 195969 1277
195969 195965 1277
195969 195976 751
195983 195976 1340
195983 195977 735
195983 196954 767
195937 195935 839
195937 195936 2339
195937 195960 1128
195938 195936 848
195938 198575 2351
198574 198355 2132
198574 198575 773
198574 198576 755
198576 198357 2148
198576 198574 755
198358 198356 2011
198358 198357 867
198358 198420 838
196954 195983 767
196954 195987 2478
196957 196087 1069
196985 196087 750
196985 196089 925
196985 196986 216
196996 196994 277
196996 196998 706
197014 196998 881
197023 196998 973
197023 197003 683
197023 197024 791
197022 197021 769
197026 197024 679
197026 197025 684
197026 202136 1002
202135 197087 724
202135 202136 1954
202155 197087 2203
203135 203133 1036
203153 203152 1361
203153 203190 645
203194 203205 363
203208 203205 702
203208 203207 1613
203208 203209 1118
203357 203209 1749
203357 203361 810
203381 203361 2086
203381 203386 1419
203404 203418 1566
203407 203516 660
203362 203360 608
203362 203361 761
203384 203374 1962
203384 203385 828
203395 203385 973
203395 203393 478
203395 203396 760
203412 203414 927
203412 203422 1486
203423 203422 685
203423 203511 1576
202624 202620 2114
202624 202629 707
202640 202629 2004
202640 202684 2159
202683 202684 573
202683 202693 1974
202686 202693 753
202686 202711 2048
202701 202711 665
203118 202711 1073
203118 203115 2003
203118 203119 1095
203119 203117 1996
203119 203118 1095
203119 203132 686
202140 197033 1235
202140 202139 724
202139 197033 986
202139 197087 785
202139 202140 724
197067 197066 729
197067 197088 253
197089 197069 1421
197089 202163 910
197089 214613 294
214613 197088 482
214613 197089 294
197091 197070 673
197091 197077 1770
197091 197092 534
202163 197070 1227
202163 197089 910
202189 202188 1691
202189 202192 744
202189 202202 1633
202202 202189 1633
202202 202203 760
202620 202203 2005
202620 202524 717
202620 202624 2114
202187 202186 766
215078 215077 1076
205588 205586 735
205588 205589 1668
205591 205621 1073
205591 205622 810
205621 205591 1073
205621 214318 838
205619 205618 768
205619 205624 1011
205619 205631 1264
205620 205624 254
205620 214323 448
205586 205587 1483
205586 205588 735
205599 205597 810
205602 205605 1170
205602 205608 1426
205607 205608 808
205607 205609 2263
205607 205644 1101
205643 205644 1116
205643 205646 1668
205682 205684 427
205683 199662 576
206503 206502 402
214381 214940 646
205615 205616 797
205615 205618 902
205616 205615 797
205616 205617 700
205634 205617 2065
205634 205635 827
205807 205636 2080
205807 214319 786
205809 205811 1463
205809 205818 928
205821 205820 364
205821 205862 1601
205861 205860 790
205861 205862 912
205861 205873 1349
205860 205859 845
205860 205861 790
215146 214737 541
215146 215148 1570
198337 198345 758
198337 198347 1665
198338 198342 2347
198338 198347 758
198341 198339 776
198341 198342 919
198341 198344 2151
198345 198337 758
198345 198346 797
198345 198348 1684
198346 198345 797
198346 198350 1805
198351 198350 683
198351 198418 2380
205563 205564 2463
205563 214737 420
205568 205564 1009
205876 205873 1619
205876 205877 774
205876 206544 1892
206172 206173 864
206171 206173 1887
206171 206175 846
206174 206175 1116
206174 206176 839
206180 206176 1556
206180 206181 839
206156 206181 2020
206182 206181 765
206182 206188 1564
206190 206188 748
206190 206192 1116
206247 206192 838
206247 206249 1666
206252 206254 871
206252 206610 1676
206249 206195 871
206249 206247 1666
206249 206606 1685
206607 206606 710
206607 206609 1128
206607 206610 709
206254 206252 871
206254 206268 1390
206254 206611 792
206268 206254 1390
206268 206270 901
206268 206271 755
206468 206467 797
206468 206798 2812
206478 206798 623
206809 206802 2408
206809 206810 1065
206848 206810 2244
206848 206849 1199
206848 206850 947
206855 206856 810
206464 206271 841
206464 206465 1859
206466 206465 802
206466 206467 750
206466 206796 2844
206467 206466 750
206467 206468 797
206467 206797 2963
206858 206856 231
206858 206859 469
206862 206868 833
206862 209176 2063
209177 209176 892
209178 206867 2002
209178 206870 804
209178 209182 168
181025 181024 276
181025 181060 1502
181056 181054 673
181056 181067 788
181058 181059 1199
181058 181060 354
181082 181066 1687
181082 181067 1756
181082 181083 672
181110 181066 782
181110 181083 1683
181110 181297 2199
181298 181297 893
181298 181303 1519
181032 179475 976
181032 179508 2836
179519 179518 1303
179519 179520 222
179523 179517 1918
179523 179518 1428
181322 179517 807
179530 179508 788
181292 181291 2714
181292 181293 1822
181284 181285 1548
181445 181444 207
184114 184113 807
184114 184152 3547
184114 184163 747
184154 184153 2132
184154 185931 511
184113 184114 807
184113 184151 605
184113 184162 2142
184118 184119 1319
184118 184151 747
181456 194839 942
181456 214085 1310
206416 214026 670
206416 214085 894
214093 214089 960
214093 214095 2083
184120 184119 423
214095 184150 416
214095 214093 2083
214095 214094 889
214095 214250 1910
181452 181451 2366
181452 183554 2034
186054 186055 1334
181464 181463 1357
181464 181822 589
181824 181823 333
181824 185831 1603
181803 185743 95
181803 185744 1539
181803 185974 2008
181597 181593 997
181597 181595 1697
185848 182928 466
182820 182821 3442
182820 185854 4076
182919 182822 789
182919 182930 2180
182919 182933 1433
182932 182934 887
182946 182944 2922
182953 182951 4533
183008 183007 1120
214038 214041 1611
214038 214045 701
214038 214052 686
214762 214763 5009
214027 214028 751
214027 214031 2007
214030 214036 867
214030 214054 805
214030 214057 1505
179511 179512 873
179511 179526 976
179509 179505 1255
179509 179512 1168
179509 179513 751
210060 210059 870
210060 210063 1453
210264 210265 977
210266 210265 730
210266 210270 1382
210271 210270 870
210271 210283 481
210271 210284 943
210051 210061 1539
210054 210061 730
210054 210072 814
210054 210083 1485
210059 210060 870
210059 210064 1464
210062 210061 881
210062 210064 674
210062 210065 2514
198780 198779 941
209468 209463 854
209468 214824 988
209469 209475 801
209469 209500 1441
209475 209469 801
209475 209474 815
209475 209982 1439
209474 209475 815
209474 209983 2858
209986 209983 801
209986 210024 1513
210001 210028 1585
210027 210024 686
210027 210029 164
210049 210028 745
210049 210068 1525
210072 210054 814
210072 210068 870
210072 210082 1396
210281 210282 372
210280 210282 1575
210280 210287 810
210280 210335 1581
209970 210347 2079
209970 210349 797
210339 210347 833
210335 210280 1581
210335 210340 828
210338 210340 1393
210338 210344 811
210338 210354 1073
209971 210349 2055
209971 213929 709
213930 213929 936
214210 214203 828
214212 214203 1190
214212 214209 893
213953 213954 867
214227 214229 786
214227 214232 1888
214228 214232 804
214228 214237 1619
214239 213998 1256
214239 214237 804
214239 214240 2664
214220 214219 238
214220 214221 341
213960 213954 804
213960 213962 1187
213962 213960 1187
213962 213997 713
213873 213979 1952
213873 214048 779
213978 213979 801
213980 213984 945
213980 214119 1305
213981 213984 1142
213986 213985 422
213986 213987 2061
213989 213987 872
213989 214007 2420
214004 214007 779
214004 214008 1616
214006 214008 777
214006 214013 1577
214010 214012 1576
214010 214013 773
213871 213872 1482
213871 214039 881
213872 213871 1482
213872 214040 802
213872 214048 2189
214002 213997 1008
214011 213998 1892
214011 214012 956
201507 201641 640
201642 201641 986
201642 201644 827
201642 201647 1874
201647 201642 1874
201647 201646 854
179397 179398 199
179405 179399 650
179405 179404 1624
179451 179450 2797
179451 179452 511
179505 179442 279
179505 179509 1255
192331 192332 701
192331 192333 1085
193354 193352 4443
193557 193554 593
193557 193606 1561
194376 193605 727
193305 193298 274
193305 193306 1831
105848 105849 1915
105848 115906 1935
113569 113558 679
105966 105964 1394
105966 105967 3728
106011 106006 2189
106011 106012 139
106026 106025 13135
106026 106028 1014
106046 113714 222
105918 105920 1333
105918 105921 610
105932 105931 706
105932 106001 1292
106018 106017 825
106018 106019 1966
106021 106022 524
106021 115224 493
106113 105986 2223
106113 106150 762
106149 106150 1466
106151 105989 1558
106151 106150 762
105990 105989 706
105964 105965 4351
105964 105966 1394
105979 105977 353
105979 113546 1447
106005 106006 1951
106005 106006 1951
106070 106069 1961
106070 106172 474
105883 105884 1771
105883 116216 2783
115868 115869 610
115868 116220 1006
109704 109705 2551
109704 109706 1261
114792 114791 251
105591 105592 796
105702 105701 1149
105702 105703 2964
105976 105977 1340
105976 113547 1447
192483 192482 3752
192255 192256 3964
192255 192428 275
192336 192337 1184
192336 192405 1690
192415 192416 1654
192415 193886 3387
193309 193311 1804
193314 193307 402
193347 193346 690
193583 193346 684
193583 194488 184
193868 193537 2224
193868 194489 2386
29613 29591 11453
29613 29615 538
30271 30267 4695
30274 30285 2881
30509 30507 1778
30509 30626 634
30502 30499 1656
30502 30517 1086
30521 30517 299
30521 30523 1340
30682 30681 287
30682 30687 1950
30693 30694 221
30693 30695 3938
30696 30697 1665
30696 30730 3075
30697 30694 1369
30697 30696 1665
30675 30663 1770
30675 30676 613
30677 30680 1710
30677 30681 795
30561 34026 462
30629 30627 4518
30629 30627 4518
30745 30742 1368
30745 30746 4161
31054 30746 1389
31054 31075 987
31037 31046 953
31037 31047 806
29594 29595 1809
29608 29761 631
29608 29766 654
29608 34621 868
29766 29608 654
31416 31417 1230
31417 31416 1230
31289 31282 1045
31282 31289 1045
31454 31474 1744
31474 31454 1744
33389 33391 1624
33391 33389 1624
14614 14615 282
14615 14614 282
15279 15278 420
15278 15279 420
20489 20431 2203
20431 20489 2203
20815 20823 975
25558 25565 649
25565 25558 649
25623 25619 1167
25579 25583 1623
25585 25583 750
25585 25588 612
20823 20815 975
25583 25579 1623
25583 25585 750
25588 25585 612
25512 25513 788
25513 25512 788
25605 25619 836
25619 25605 836
25619 25623 1167
25527 25525 747
25525 25527 747
27462 27479 747
26895 26893 750
26893 26895 750
27471 27472 403
27472 27471 403
27008 27009 872
27463 27446 836
27446 27463 836
27479 27462 747
27009 27008 872
27612 27620 818
25241 27798 104
27798 25241 104
27620 27612 818
51214 51200 878
51218 51220 1577
51220 51218 1577
51200 51214 878
51728 51730 677
51313 51318 738
51370 51371 1354
51371 51370 1354
51395 51394 1022
51388 51390 552
51390 51388 552
51394 51395 1022
140544 140553 1359
140553 140544 1359
140553 140794 2901
140794 140553 2901
186386 186257 1935
186436 186435 847
186435 186436 847
186435 186438 1553
186437 186438 919
186437 186453 2163
186452 186453 819
186452 186519 2328
186519 186452 2328
186519 186515 851
186519 186526 2048
186527 186526 851
186527 186754 2336
186751 186754 722
186751 187089 2220
187091 187089 690
187091 187098 2255
187102 187089 1282
187102 187103 731
187102 187104 963
187098 187091 2255
187098 187104 746
187109 187110 3050
187109 187153 179
187156 187153 39
190745 187153 734
51730 51728 677
51730 51731 848
51788 51731 630
51323 51324 747
51323 51326 403
51269 51328 810
51269 51330 1629
51326 51323 403
51326 51328 752
51318 51313 738
51318 51319 403
51321 51319 475
51339 51331 738
51381 51445 1022
51381 51447 1227
51444 51447 848
51472 51471 534
51453 51473 650
51453 51474 1181
51476 51474 884
51476 51484 1354
51479 51484 788
51479 51518 1181
51519 51518 650
51519 51522 924
51512 51522 1227
51521 51522 848
51534 51535 1483
51534 52422 1132
52422 51534 1132
52422 52860 871
52861 52864 790
52861 52868 1375
52867 52864 1398
52874 52864 766
52874 52873 344
52874 52878 1014
52878 52874 1014
52878 52879 709
56463 52879 1375
56463 56464 790
56466 56464 1483
56466 56468 849
56477 56468 1483
56477 56479 790
56489 56479 1375
56496 56479 849
56496 56495 1375
56500 56495 766
56500 56499 1505
56516 56499 630
56516 56514 1483
56515 52905 1612
56515 56514 905
56641 50652 1038
56641 52905 249
56727 56726 818
56727 56737 691
50652 56641 1038
50652 56737 564
189759 189732 2695
189759 190136 413
189759 190137 1550
189759 190140 730
189784 189786 1044
189784 190139 582
189785 189786 239
190140 189759 730
190140 190139 1501
186240 186241 679
186240 189733 2701
189732 189733 720
189732 189759 2695
186239 186241 2815
186239 186244 720
186257 186244 3061
186257 186258 729
186257 186386 1935
194861 194855 845
194861 194856 169
194861 194864 464
194864 194861 464
194864 194865 315
194681 195017 213
214811 195017 4878
214811 214467 220
194651 194650 1315
194651 194656 868
194656 194650 876
194656 194651 868
194656 194867 254
194675 194650 1080
195055 195054 2134
195056 195054 684
195056 195057 2148
195058 195057 715
195058 195146 1142
195048 195045 828
195048 195046 2109
195049 195045 2221
195049 195047 758
195151 195076 908
195151 195145 425
195151 195146 833
195076 195077 417
195076 195145 788
195076 195149 202
195076 195151 908
195077 195076 417
195077 195149 367
195077 195168 515
195077 195169 411
195169 195077 411
195169 195168 302
195169 195170 825
195173 195170 844
195173 195177 1240
195202 195178 1900
195203 195178 987
195203 195201 1345
195203 195206 908
195201 195200 779
195201 195203 1345
195201 195205 774
195172 195170 201
195205 195201 774
195205 195206 883
195205 195207 164
195208 195206 2825
195208 195219 774
195228 195227 590
195228 195230 1010
195228 195232 2318
195233 195230 914
195233 195275 790
195234 195230 2327
195234 195232 787
195234 195616 510
195275 195231 753
195275 195233 790
198570 198339 2132
198570 198344 773
198570 198569 756
198571 198568 846
198571 198569 2130
195930 195890 838
195930 198568 2365
195891 195890 2350
195919 195889 571
195919 195918 756
195681 195674 766
195681 195680 679
195681 195684 556
195682 195660 779
195682 195674 697
195682 195684 705
195626 195625 908
195626 195630 325
195663 195662 1252
195666 195659 219
195666 195664 1274
195666 195667 1346
195667 195664 522
195667 195666 1346
195668 195664 1243
195774 195665 1308
195661 195659 756
195661 195660 1685
195232 195228 2318
195232 195234 787
195232 195612 787
195617 195616 278
195625 195624 254
195625 195626 908
214475 195624 241
195684 195681 556
195684 195682 705
195684 195691 419
195703 195693 1046
195703 195706 191
195707 195706 146
195707 195908 333
195910 195899 2367
195911 195906 2380
195916 195906 845
195916 195907 1020
195917 195907 1020
195917 195918 1248
195918 195887 557
195918 195915 857
195918 195917 1248
195918 195919 756
195908 195707 333
195908 195897 294
198418 198351 2380
198418 198356 756
198418 198419 683
198418 198420 2132
195960 195937 1128
195960 195965 337
195960 195966 469
195966 195960 469
195966 195965 237
195976 195969 751
195976 195983 1340
195977 195983 735
195935 195937 839
195936 195937 2339
195936 195938 848
198575 195938 2351
198575 198574 773
198355 198357 777
198355 198574 2132
198357 198355 777
198357 198358 867
198357 198576 2148
198356 198350 2368
198356 198358 2011
198356 198418 756
195987 196087 1010
195987 196954 2478
196087 195987 1010
196087 196957 1069
196087 196985 750
196089 196985 925
196986 196985 216
196994 196996 277
196998 196996 706
196998 197014 881
196998 197023 973
197003 197023 683
197024 197023 791
197024 197025 466
197024 197026 679
197021 197022 769
197025 197024 466
197025 197026 684
202136 197026 1002
202136 202135 1954
197087 202135 724
197087 202139 785
197087 202155 2203
203133 203132 1344
203133 203135 1036
203152 203153 1361
203190 203153 645
203205 203194 363
203205 203208 702
203207 203208 1613
203209 203208 1118
203209 203357 1749
203361 203357 810
203361 203362 761
203361 203381 2086
203386 203381 1419
203418 203404 1566
203516 203407 660
203360 203362 608
203374 203384 1962
203385 203384 828
203385 203395 973
203393 203395 478
203393 203396 750
203396 203393 750
203396 203395 760
203414 203412 927
203422 203412 1486
203422 203423 685
203511 203423 1576
202629 202524 2090
202629 202624 707
202629 202640 2004
202684 202640 2159
202684 202683 573
202693 202683 1974
202693 202686 753
202711 202686 2048
202711 202701 665
202711 203118 1073
203115 203117 1111
203115 203118 2003
203117 203115 1111
203117 203119 1996
203132 203119 686
203132 203133 1344
197033 202139 986
197033 202140 1235
197066 197067 729
197088 197067 253
197088 214613 482
197069 197070 892
197069 197089 1421
197070 197069 892
197070 197091 673
197070 202163 1227
197077 197091 1770
197092 197091 534
202188 202189 1691
202192 202189 744
202192 202203 1641
202203 202192 1641
202203 202202 760
202203 202620 2005
202524 202620 717
202524 202629 2090
202186 202187 766
215077 215078 1076
205589 205587 956
205589 205588 1668
205622 205591 810
214318 205621 838
205618 205615 902
205618 205617 1020
205618 205619 768
205624 205619 1011
205624 205620 254
205631 205617 832
205631 205619 1264
205631 205635 2047
214323 205620 448
205587 205586 1483
205587 205589 956
205597 205599 810
205605 205602 1170
205605 206502 880
205608 205602 1426
205608 205607 808
205609 205607 2263
205644 205607 1101
205644 205643 1116
205646 205643 1668
205684 199662 411
205684 205682 427
199662 205683 576
199662 205684 411
206502 205605 880
206502 206503 402
214940 214381 646
205617 205616 700
205617 205618 1020
205617 205631 832
205617 205634 2065
205635 205631 2047
205635 205634 827
205635 205636 736
205636 205635 736
205636 205807 2080
214319 205807 786
214319 205811 782
205811 205809 1463
205811 214319 782
205818 205809 928
205818 205820 1078
205820 205818 1078
205820 205821 364
205862 205821 1601
205862 205861 912
205873 205564 773
205873 205861 1349
205873 205876 1619
205859 205564 612
205859 205860 845
214737 205563 420
214737 215146 541
215148 215146 1570
198347 198337 1665
198347 198338 758
198347 198348 773
198342 198338 2347
198342 198341 919
198344 198341 2151
198344 198570 773
198348 198345 1684
198348 198347 773
198348 198350 846
198350 198346 1805
198350 198348 846
198350 198351 683
198350 198356 2368
205564 205563 2463
205564 205568 1009
205564 205859 612
205564 205873 773
205877 205876 774
206544 205876 1892
206544 206173 787
206173 206171 1887
206173 206172 864
206173 206544 787
206175 206171 846
206175 206174 1116
206176 206174 839
206176 206180 1556
206181 206156 2020
206181 206180 839
206181 206182 765
206188 206182 1564
206188 206190 748
206192 206190 1116
206192 206195 1904
206192 206247 838
206610 206252 1676
206610 206607 709
206195 206192 1904
206195 206249 871
206606 206249 1685
206606 206607 710
206609 206607 1128
206611 206254 792
206611 206270 1349
206270 206268 901
206270 206611 1349
206271 206268 755
206271 206464 841
206798 206468 2812
206798 206478 623
206798 206797 760
206802 206809 2408
206810 206809 1065
206810 206848 2244
206849 206848 1199
206850 206848 947
206850 206856 1396
206856 206850 1396
206856 206855 810
206856 206858 231
206465 206464 1859
206465 206466 802
206796 206466 2844
206796 206797 606
206797 206467 2963
206797 206796 606
206797 206798 760
206859 206858 469
206868 206862 833
209176 206862 2063
209176 206870 742
209176 209177 892
206867 209178 2002
206870 209176 742
206870 209178 804
209182 209178 168
181024 181025 276
181060 181025 1502
181060 181058 354
181054 181056 673
181067 181056 788
181067 181066 796
181067 181082 1756
181059 181058 1199
181066 181067 796
181066 181082 1687
181066 181110 782
181083 181082 672
181083 181110 1683
181297 181110 2199
181297 181298 893
181303 181298 1519
179475 181032 976
179508 179530 788
179508 181032 2836
179518 179517 2111
179518 179519 1303
179518 179523 1428
179520 179519 222
179517 179518 2111
179517 179523 1918
179517 181322 807
181291 181292 2714
181293 181292 1822
181285 181284 1548
181444 181445 207
184152 184114 3547
184152 184153 782
184163 184114 747
184153 184152 782
184153 184154 2132
185931 184154 511
184151 184113 605
184151 184118 747
184162 184113 2142
184119 184118 1319
184119 184120 423
194839 181456 942
214085 181456 1310
214085 206416 894
214026 206416 670
214026 214089 1275
214089 214026 1275
214089 214093 960
214089 214094 2105
184150 214095 416
214094 214089 2105
214094 214095 889
214250 214095 1910
181451 181452 2366
183554 181452 2034
186055 186054 1334
181463 181464 1357
181822 181464 589
181822 181823 1935
181823 181822 1935
181823 181824 333
185831 181824 1603
185743 181803 95
185744 181803 1539
185974 181803 2008
181593 181595 980
181593 181597 997
181595 181593 980
181595 181597 1697
182928 185848 466
182821 182820 3442
182821 182822 2000
185854 182820 4076
182822 182821 2000
182822 182919 789
182930 182919 2180
182933 182919 1433
182934 182932 887
182944 182946 2922
182951 182953 4533
183007 183008 1120
214041 214038 1611
214041 214039 867
214045 214038 701
214052 214038 686
214052 214054 1078
214763 214762 5009
214028 214027 751
214031 214027 2007
214031 214036 164
214036 214030 867
214036 214031 164
214054 214030 805
214054 214052 1078
214057 214030 1505
179512 179509 1168
179512 179511 873
179526 179511 976
179513 179509 751
210063 210060 1453
210063 210064 855
210063 210265 826
210265 210063 826
210265 210264 977
210265 210266 730
210270 210266 1382
210270 210271 870
210283 210271 481
210283 210282 810
210283 210284 932
210283 210287 1576
210284 210271 943
210284 210283 932
210061 210051 1539
210061 210054 730
210061 210062 881
210083 210054 1485
210083 210082 742
210064 210059 1464
210064 210062 674
210064 210063 855
210065 210062 2514
198779 198780 941
209463 209468 854
214824 209468 988
209500 209469 1441
209500 209982 827
209982 209475 1439
209982 209500 827
209983 209474 2858
209983 209986 801
210024 209986 1513
210024 210027 686
210028 210001 1585
210028 210029 669
210028 210049 745
210029 210027 164
210029 210028 669
210068 210049 1525
210068 210072 870
210082 210072 1396
210082 210083 742
210282 210280 1575
210282 210281 372
210282 210283 810
210287 210280 810
210287 210283 1576
210287 210340 1575
210347 209970 2079
210347 210339 833
210349 209970 797
210349 209971 2055
210340 210287 1575
210340 210335 828
210340 210338 1393
210344 210338 811
210354 210338 1073
213929 209971 709
213929 213930 936
214203 214210 828
214203 214212 1190
214209 214212 893
213954 213953 867
213954 213960 804
214229 214227 786
214232 214227 1888
214232 214228 804
214237 214228 1619
214237 214239 804
213998 214011 1892
213998 214239 1256
214240 214012 1113
214240 214239 2664
214219 214220 238
214221 214220 341
213997 213962 713
213997 214002 1008
213979 213873 1952
213979 213978 801
213979 214119 912
214048 213872 2189
214048 213873 779
213984 213980 945
213984 213981 1142
213984 213985 597
214119 213979 912
214119 213980 1305
213985 213984 597
213985 213986 422
213987 213986 2061
213987 213989 872
214007 213989 2420
214007 214004 779
214008 214004 1616
214008 214006 777
214013 214006 1577
214013 214010 773
214012 214010 1576
214012 214011 956
214012 214240 1113
214039 213871 881
214039 214040 1824
214039 214041 867
214040 213872 802
214040 214039 1824
201641 201507 640
201641 201642 986
201644 201642 827
201644 201646 1306
201646 201644 1306
201646 201647 854
179398 179397 199
179398 179399 443
179399 179398 443
179399 179405 650
179404 179405 1624
179450 179451 2797
179452 179451 511
179442 179505 279
192332 192331 701
192332 192333 1070
192333 192331 1085
192333 192332 1070
193352 193354 4443
193554 193557 593
193606 193557 1561
193605 194376 727
193298 193305 274
193306 193305 1831
105849 105848 1915
115906 105848 1935
113558 113569 679
105967 105966 3728
106006 106005 1951
106006 106005 1951
106006 106011 2189
106012 106011 139
106012 106025 1188
106025 106012 1188
106025 106026 13135
106028 106026 1014
113714 106046 222
105920 105918 1333
105921 105918 610
105931 105932 706
106001 105932 1292
106017 106018 825
106019 106018 1966
106022 106021 524
115224 106021 493
105986 106113 2223
106150 106113 762
106150 106149 1466
106150 106151 762
105989 105990 706
105989 106151 1558
105965 105964 4351
105977 105976 1340
105977 105979 353
113546 105979 1447
106069 106070 1961
106172 106070 474
105884 105883 1771
116216 105883 2783
115869 115868 610
116220 115868 1006
109705 109704 2551
109706 109704 1261
114791 114792 251
105592 105591 796
105701 105702 1149
105703 105702 2964
113547 105976 1447
192482 192483 3752
192256 192255 3964
192428 192255 275
192337 192336 1184
192405 192336 1690
192416 192415 1654
193886 192415 3387
193311 193309 1804
193307 193314 402
193346 193347 690
193346 193583 684
193346 194488 863
194488 193346 863
194488 193583 184
193537 193868 2224
194489 193868 2386
29591 29613 11453
29615 29613 538
30267 30271 4695
30285 30274 2881
30507 30509 1778
30626 30509 634
30626 30627 2848
30499 30502 1656
30517 30502 1086
30517 30521 299
30523 30521 1340
30681 30677 795
30681 30682 287
30687 30682 1950
30694 30693 221
30694 30697 1369
30695 30693 3938
30730 30696 3075
30663 30675 1770
30676 30675 613
30680 30677 1710
34026 30561 462
30627 30626 2848
30627 30629 4518
30627 30629 4518
30742 30745 1368
30746 30745 4161
30746 31054 1389
31075 31054 987
31046 31037 953
31047 31037 806
29595 29594 1809
29761 29608 631
34621 29608 868
912
186438
186453
186515
186526
186754
187089
187103
187104
187110
187153
51731
51324
51328
51319
51330
51331
51445
51447
51471
51473
51474
51484
51518
51522
51535
52860
52868
52864
52873
52879
56464
56468
56479
56495
56499
56514
52905
56726
56737
190137
189786
190139
189733
190136
186241
186244
186258
194856
194855
194865
195017
194650
194867
195054
195057
195046
195045
195047
214467
195146
195145
195149
195168
195177
195178
195200
195170
195207
195206
195219
195227
195230
195231
198339
198569
198568
195890
195889
195674
195680
195630
195662
195664
195665
195659
195660
195612
195616
195624
195691
195693
195706
195899
195906
195907
195915
195897
195887
198419
198420
195965
195969
195983
195937
195938
198574
198576
198358
196954
196957
196985
196996
197014
197023
197022
197026
202135
202155
203135
203153
203194
203208
203357
203381
203404
203407
203362
203384
203395
203412
203423
202624
202640
202683
202686
202701
203118
203119
202140
202139
197067
197089
214613
197091
202163
202189
202202
202620
202187
215078
205588
205591
205621
205619
205620
205586
205599
205602
205607
205643
205682
205683
206503
214381
205615
205616
205634
205807
205809
205821
205861
205860
215146
198337
198338
198341
198345
198346
198351
205563
205568
205876
206172
206171
206174
206180
206156
206182
206190
206247
206252
206249
206607
206254
206268
206468
206478
206809
206848
206855
206464
206466
206467
206858
206862
209177
209178
181025
181056
181058
181082
181110
181298
181032
179519
179523
181322
179530
181292
181284
181445
184114
184154
184113
184118
181456
206416
214093
184120
214095
181452
186054
181464
181824
181803
181597
185848
182820
182919
182932
182946
182953
183008
214038
214762
214027
214030
179511
179509
210060
210264
210266
210271
210051
210054
210059
210062
198780
209468
209469
209475
209474
209986
210001
210027
210049
210072
210281
210280
209970
210339
210335
210338
209971
213930
214210
214212
213953
214227
214228
214239
214220
213960
213962
213873
213978
213980
213981
213986
213989
214004
214006
214010
213871
213872
214002
214011
201507
201642
201647
179397
179405
179451
179505
192331
193354
193557
194376
193305
105848
113569
105966
106011
106026
106046
105918
105932
106018
106021
106113
106149
106151
105990
105964
105979
106005
106070
105883
115868
109704
114792
105591
105702
105976
192483
192255
192336
192415
193309
193314
193347
193583
193868
29613
30271
30274
30509
30502
30521
30682
30693
30696
30697
30675
30677
30561
30629
30745
31054
31037
29594
29608
29609
29662
31044
29882
29766
29873
30998
24001
30989
30959
31004
31385
31416
31418
31417
31421
31289
31282
31249
31257
31283
22352
31015
31018
31102
31450
31454
31474
31172
31522
31622
31630
31634
31626
31871
31875
31675
31676
31914
31910
31929
31934
33258
33280
33282
33389
33391
33398
33401
14590
14598
14614
14615
14617
14619
14714
14718
14731
15043
15052
15102
15107
15111
11778
15234
15279
15278
17680
17676
19040
34519
17656
17659
17592
17594
17611
19232
18046
18052
18135
18131
19298
20476
13070
20484
20489
20431
20495
20506
20469
20472
20429
20454
20513
20519
20526
20815
20804
25558
25565
25563
25567
25623
25575
25579
25585
20823
25583
25588
25497
25509
25512
25513
25601
25605
25619
25523
25529
25535
25527
25533
25525
26863
27462
26895
26893
27471
26907
27472
27002
27008
26864
27463
27446
27479
27009
27010
27029
27612
25241
27669
27798
27689
27712
27620
27684
27654
27022
27018
27021
27026
27124
27126
27225
27231
27130
27263
27268
27218
27421
50813
50681
51211
51214
51218
51220
51222
51197
51200
50815
50833
50659
50898
50907
51728
51313
51370
51371
51377
51395
51388
51390
51394
194873
194899
140544
140553
140794
140824
140802
186386
186398
186436
186435
186437
186452
186519
186527
186751
187091
187098
187109
187156
190745
51788
51323
51269
51326
51318
51381
51444
51472
51453
51476
51479
51519
51512
51521
51534
52422
52861
52867
52878
56466
56477
56489
56496
56500
56516
56515
56641
56727
50652
189759
189784
189785
190140
186240
189732
186239
186257
194864
194681
214811
194651
194656
194675
195055
195056
195058
195048
195049
195151
195076
195169
195173
195202
195203
195172
195208
195233
195234
195275
198570
198571
195930
195891
195919
195682
195626
195663
195667
195668
195774
195661
195617
195625
195684
195703
195707
195910
195911
195916
195917
195908
195966
195976
195977
195935
195936
198575
198355
198357
198356
195987
196087
196089
196986
196994
196998
197003
197025
202136
197087
203133
203152
203190
203205
203207
203209
203361
203418
203360
203374
203385
203393
203396
203414
203422
203511
202629
202684
202693
202711
203115
203117
203132
197033
197066
197088
197069
197070
197077
197092
202188
202192
202203
202524
202186
215077
205589
205622
214318
205624
205631
214323
205587
205597
205605
205608
205609
205644
205646
205684
199662
214940
205636
214319
205811
205818
205820
205862
205873
205859
214737
198347
198342
198344
198348
205877
206544
206175
206176
206181
206188
206192
206610
206195
206606
206609
206611
206270
206271
206802
206810
206849
206850
206465
206796
206859
206868
206867
206870
209182
181024
181060
181054
181067
181066
181297
181303
179475
179508
179517
181291
181285
181444
184152
184163
184153
184151
184162
184119
194839
214085
214026
214089
184150
214094
214250
181451
181463
181822
181823
185831
185743
181593
181595
182928
182821
185854
182930
182933
182934
182944
182951
183007
214041
214045
214052
214028
214031
214036
214054
214057
179512
179513
210063
210265
210270
210284
210061
210083
210064
210065
198779
209463
214824
209500
209982
209983
210024
210028
210029
210068
210082
210287
210347
210349
210340
210344
213929
214203
214209
213954
214229
214232
214237
213998
214240
214219
214221
213997
213979
214048
213984
214119
213985
213987
214007
214008
214013
214012
214040
201641
201644
201646
179398
179404
179442
193352
193554
193606
193605
193298
105849
115906
113558
106006
106025
106028
105921
105931
106017
106022
105986
106150
105989
105977
106172
105884
114791
105701
192482
192428
192405
192416
193886
193311
193307
193537
29591
29615
30267
30285
30507
30626
30499
30517
30523
30681
30694
30730
30663
34026
30742
30746
31046
29761
34621
