840
175637 175638 747
175646 175647 317
175689 175684 947
175689 175690 1613
174441 174443 713
174448 174455 1519
174467 174468 849
174467 174469 672
174467 174529 1268
174526 174529 672
174526 174543 1263
174456 174458 1469
174456 174472 1458
174465 174466 1306
174465 174473 1458
174541 174542 778
174442 174443 2009
174442 174464 373
174464 174442 373
174464 174463 279
176382 174463 2730
176382 176383 688
210846 210847 548
210857 210952 165
210857 210968 793
210974 210910 1548
210974 210970 623
210974 210975 706
210910 210974 1548
210910 211034 893
210912 211035 817
211040 211037 278
211044 211043 843
211044 211047 759
211094 211091 846
211094 211097 912
211099 211098 917
211099 211100 352
211099 211766 875
211765 211770 811
211765 211773 1818
211775 211773 723
211775 211788 901
211048 211046 789
211048 211047 1864
211048 211074 1525
211073 211046 2088
211073 211076 690
211077 211076 1453
211077 211080 673
211091 211094 846
211091 211096 853
211788 203018 1482
211788 211775 901
211788 211792 841
211806 211792 2752
211806 211807 817
211808 211807 2447
211808 211815 834
163508 163511 1454
163508 163527 517
163526 163527 630
163526 163532 517
163531 163532 934
163531 163546 436
163545 163544 1140
163545 163732 683
163545 172406 1375
163619 163802 2022
163740 163739 893
163740 163807 790
163499 163756 337
163745 163744 842
163745 163754 758
163745 163766 2334
163744 163745 842
163744 163767 2334
163744 163770 758
163768 163769 1334
163768 163862 337
163678 163677 452
163678 163716 3201
163713 163712 888
163713 163716 1000
163713 166354 2864
163677 163678 452
163677 163687 418
163684 163683 374
163684 163687 1275
163684 163719 2021
163803 163801 1348
163803 163802 782
163803 163804 782
163685 163683 475
163685 163724 672
163804 163803 782
163804 163805 1101
162972 162953 1901
162972 163031 790
163453 163454 758
163453 163468 3471
163464 163465 672
163464 163519 1101
163023 163024 758
163023 163437 818
163454 163453 758
163454 163455 1344
162769 162770 1086
162769 162771 139
162976 162977 374
162953 162955 1798
162953 162972 1901
162953 163042 752
162771 162769 139
162771 162772 421
164014 164013 796
164285 164286 1704
164102 164207 1145
164102 164208 344
164092 164100 752
164047 164172 710
164173 164179 678
164031 164201 606
164076 164201 713
164206 164202 1145
164206 164205 672
164279 164272 879
164191 164190 650
164191 164192 476
164202 164203 1161
164202 164206 1145
164196 164197 1282
164196 164298 673
164276 164274 1375
164276 164300 552
164101 164100 2653
164110 164107 2694
164110 164112 537
164112 164110 537
164112 164158 202
164153 164154 739
164153 164157 1485
164122 164124 1255
164122 164154 1953
164122 164156 808
164127 164128 837
164127 164142 1210
164124 164122 1255
164124 164141 739
164130 164129 202
164130 164131 474
212372 212374 1995
212372 212375 787
212375 212372 787
212375 212376 1918
212378 212388 745
212378 212390 1004
212388 212378 745
212388 212391 963
212389 212395 385
212389 212396 727
212396 164487 947
212396 212389 727
212396 212392 377
164137 164136 699
164146 164145 713
164146 164148 796
164149 164148 2392
164149 164483 777
164149 164483 777
211816 211811 2355
211816 211815 834
211820 198919 2752
211820 211811 883
211820 211822 751
211821 211822 2431
211825 211822 797
211825 211965 2786
211966 211965 751
211966 211968 986
211966 212133 1295
211968 211966 986
211968 212134 1488
212137 212134 779
212137 212142 2080
212143 212142 834
212143 212144 2003
212147 212144 883
212147 212160 2152
212312 212322 1791
212312 212323 1989
212313 212322 710
212313 212335 2210
212161 212160 901
212161 212162 2102
212161 212335 751
212329 214316 757
212330 198591 1767
212330 212379 583
178714 178713 511
178714 178778 1258
114610 114619 4770
114610 114678 1772
115389 115390 94
114635 114636 1380
114635 114666 782
114591 114592 441
114591 114597 402
114455 114447 761
114455 114456 610
114455 114459 1394
114463 114459 549
114463 114462 556
114462 114461 237
114462 114463 556
114481 114451 649
114581 114441 1234
114581 114452 1172
115199 115200 1114
115199 115201 1322
115199 115202 609
115202 115199 609
115202 115203 1126
115218 115141 1276
115218 115219 1276
115038 115037 1119
115145 116138 610
115140 115141 1280
115140 115162 936
115214 115154 875
115214 115215 1183
114873 114874 556
114873 114978 867
114869 114868 2471
114895 114894 2446
114895 114905 1341
114874 114873 556
114874 114875 762
114880 114881 3035
114880 115040 492
114988 115065 201
115063 115064 1005
92081 92082 562
92092 92087 671
92092 92087 671
92125 92124 1384
92125 103249 456
115126 115124 937
115123 115122 11779
115108 115107 1930
115108 115109 1445
115323 115322 3585
115351 115350 902
115351 115364 1161
115657 115656 820
115659 115660 675
115659 115662 1059
115659 115664 749
106812 106814 2226
107001 107015 1124
107017 107021 1565
107172 107173 605
107172 107174 1290
107310 107308 353
107310 107362 511
107312 107309 884
107312 113635 937
107004 107003 1100
107300 107301 736
106869 106870 3988
106869 106871 2544
92917 92882 1263
92917 92918 1466
92923 92918 1006
92923 92924 515
92936 92926 434
92937 92938 16
92937 92939 1343
92946 92939 1343
106883 106881 672
106883 106889 1195
106717 106718 1483
106719 106700 796
106719 106718 1195
106881 106883 672
106881 106884 1576
106881 106910 488
106487 106486 344
105755 105754 227
105755 105756 955
105759 105756 1419
105759 105760 1496
116039 105761 3671
116039 116040 3385
116040 116039 3385
116040 116041 1413
116040 116042 2343
116063 116042 611
116104 116043 1060
116104 116111 847
116120 116114 929
116121 116122 452
106235 105749 949
106235 106236 1796
105739 105737 1402
105741 105742 760
191928 191930 214
191930 191928 214
192111 192854 567
192854 192111 567
107597 107598 905
107597 107626 1031
107598 107597 905
107626 107597 1031
112104 112125 848
112028 112277 788
112277 112028 788
112125 112104 848
112451 112462 672
112465 113153 445
113153 112465 445
112462 112451 672
112461 112455 1454
112455 112461 1454
113116 113114 889
112920 112936 1031
112936 112920 1031
112957 113112 764
113112 112957 764
113114 113116 889
112662 112661 905
112661 112662 905
113500 113496 796
113496 113500 796
113505 113512 1701
113512 113505 1701
105346 105357 1571
105357 105346 1571
105357 105364 1179
103479 103575 1093
103479 103578 1447
105391 105393 2508
105393 105391 2508
105364 105357 1179
39887 39888 1742
39888 39887 1742
39926 39989 556
105165 105129 969
105129 105165 969
105447 105449 2903
103575 103479 1093
103578 103479 1447
105431 105449 1471
105449 105431 1471
105449 105447 2903
39989 39926 556
41096 41113 2453
41113 41096 2453
55368 55367 3339
55367 55368 3339
49368 49373 772
49373 49368 772
49164 49165 796
49165 49164 796
49692 49797 1085
49797 49692 1085
144387 144388 793
144388 144387 793
144381 144380 370
144380 144381 370
144409 144410 593
144410 144409 593
144595 144596 420
144596 144595 420
144596 144600 933
144600 144596 933
196722 196363 1254
196363 196722 1254
196372 196416 1764
196416 196372 1764
141544 141538 999
139858 139861 266
139861 139858 266
140234 141538 1258
141538 140234 1258
141538 141544 999
142374 142375 872
141526 141527 1723
142377 142376 870
141841 141827 851
141827 141841 851
141829 141837 792
141837 141829 792
141527 141526 1723
142375 142374 872
142375 142376 689
142376 142375 689
142376 142377 870
56267 56268 139
56268 56267 139
196629 196630 1611
196630 196629 1611
207616 207621 709
207621 207616 709
207627 207638 846
207638 207627 846
207638 207639 755
207639 207638 755
207639 207661 797
207661 207639 797
207661 207663 796
207505 207514 715
207512 207509 727
207509 207512 727
207673 207672 1151
207742 207743 183
207743 207742 183
207671 207672 499
207672 207671 499
207672 207673 1151
207663 207661 796
196824 196851 583
196851 196824 583
145459 145463 849
145463 145459 849
145994 145995 336
145995 145994 336
146004 146025 773
151431 151428 915
151428 151431 915
146025 146004 773
151367 151369 2230
151369 151367 2230
139760 139758 802
139760 139758 802
139758 139760 802
139758 139760 802
203674 203587 808
203587 203674 808
204029 204023 709
204106 204103 955
204103 204106 955
204103 204119 774
204119 204103 774
203753 203754 1668
203754 203753 1668
204007 204012 499
204012 204007 499
204024 204025 750
204025 204024 750
204023 204029 709
207964 207961 1023
207557 207558 1010
207558 207557 1010
207961 207964 1023
207564 207561 944
207561 207564 944
207514 207505 715
207587 207588 947
207588 207587 947
207588 207593 346
207592 207593 451
207593 207588 346
207593 207592 451
208124 208128 782
208128 208124 782
208153 208163 796
208163 208153 796
208379 208381 705
208381 208379 705
208341 208424 801
208424 208341 801
163712 163713 888
163705 163715 2024
166849 185011 1014
185011 166849 1014
163715 163705 2024
180552 180543 2653
180543 180552 2653
182264 182263 1099
182263 182264 1099
173733 173735 2192
173735 173733 2192
176380 176373 344
176373 176380 344
176383 176382 688
176383 176385 905
176385 176383 905
173650 173737 5120
173737 173650 5120
174544 174543 445
174546 174644 2297
174644 174546 2297
174739 174738 766
174738 174739 766
174738 174745 766
174745 174738 766
175282 175299 849
175299 175282 849
175540 175539 873
175539 175540 873
175630 175638 1027
175684 175689 947
175638 175630 1027
175638 175637 747
175647 175646 317
175690 175689 1613
174443 174441 713
174443 174442 2009
174443 174458 610
174455 174448 1519
174468 174467 849
174469 174467 672
174529 174467 1268
174529 174526 672
174543 174526 1263
174543 174544 445
174458 174443 610
174458 174456 1469
174458 174463 1932
174472 174456 1458
174472 174473 709
174466 174465 1306
174473 174465 1458
174473 174472 709
174542 174541 778
174463 174458 1932
174463 174464 279
174463 176382 2730
210847 210846 548
210847 210952 633
210952 210847 633
210952 210857 165
210968 210857 793
210968 210970 901
210970 210968 901
210970 210974 623
210975 210974 706
211034 210910 893
211034 211035 1098
211035 210912 817
211035 211034 1098
211035 211037 1963
211037 211035 1963
211037 211040 278
211043 211044 843
211047 211044 759
211047 211048 1864
211097 211094 912
211097 211096 1027
211097 211098 598
211098 211097 598
211098 211099 917
211100 211099 352
211766 211099 875
211770 211765 811
211773 211765 1818
211773 211775 723
211046 211048 789
211046 211073 2088
211074 211048 1525
211076 211073 690
211076 211077 1453
211080 211077 673
211096 211091 853
211096 211097 1027
203018 211788 1482
211792 211788 841
211792 211806 2752
211807 211806 817
211807 211808 2447
211815 211808 834
211815 211816 834
163511 163508 1454
163527 163508 517
163527 163526 630
163532 163526 517
163532 163531 934
163546 163531 436
163546 163544 421
163544 163545 1140
163544 163546 421
163732 163545 683
172406 163545 1375
163802 163619 2022
163802 163803 782
163739 163740 893
163807 163740 790
163756 163499 337
163756 163754 2334
163754 163745 758
163754 163756 2334
163766 163745 2334
163766 163767 842
163767 163744 2334
163767 163766 842
163770 163744 758
163770 163769 667
163769 163768 1334
163769 163770 667
163862 163768 337
163716 163678 3201
163716 163713 1000
166354 163713 2864
163687 163677 418
163687 163684 1275
163683 163684 374
163683 163685 475
163719 163684 2021
163801 163803 1348
163801 163805 688
163724 163685 672
163724 163805 222
163805 163724 222
163805 163801 688
163805 163804 1101
163031 162972 790
163031 163042 2036
163468 163453 3471
163465 163464 672
163519 163464 1101
163024 163023 758
163437 163023 818
163455 163454 1344
162770 162769 1086
162977 162976 374
162955 162953 1798
163042 162953 752
163042 163031 2036
162772 162771 421
164013 164014 796
164286 164285 1704
164207 164102 1145
164208 164102 344
164100 164092 752
164100 164101 2653
164100 164107 807
164172 164047 710
164179 164173 678
164179 164201 2461
164201 164031 606
164201 164076 713
164201 164179 2461
164205 164206 672
164272 164279 879
164190 164191 650
164192 164191 476
164203 164202 1161
164197 164196 1282
164298 164196 673
164274 164276 1375
164300 164276 552
164107 164100 807
164107 164110 2694
164158 164112 202
164158 164157 537
164154 164122 1953
164154 164153 739
164157 164153 1485
164157 164158 537
164156 164122 808
164156 164141 1308
164128 164127 837
164128 164129 606
164142 164127 1210
164142 164141 747
164141 164124 739
164141 164142 747
164141 164156 1308
164129 164128 606
164129 164130 202
164131 164130 474
212374 212372 1995
212374 212376 606
212376 212374 606
212376 212375 1918
212376 212390 622
212390 212376 622
212390 212378 1004
212390 212391 706
212391 212388 963
212391 212390 706
212391 212392 973
212395 212389 385
164487 164483 745
164487 164483 745
164487 212396 947
212392 212391 973
212392 212396 377
164136 164137 699
164145 164146 713
164148 164146 796
164148 164149 2392
164483 164149 777
164483 164149 777
164483 164487 745
164483 164487 745
211811 211816 2355
211811 211820 883
198919 211820 2752
211822 211820 751
211822 211821 2431
211822 211825 797
211965 211825 2786
211965 211966 751
212133 211966 1295
212133 212134 820
212134 211968 1488
212134 212133 820
212134 212137 779
212142 212137 2080
212142 212143 834
212144 212143 2003
212144 212147 883
212160 212147 2152
212160 212161 901
212322 212312 1791
212322 212313 710
212322 212323 219
212323 212312 1989
212323 212322 219
212335 212161 751
212335 212313 2210
212162 212161 2102
214316 212329 757
198591 212330 1767
212379 212330 583
178713 178714 511
178778 178714 1258
114619 114610 4770
114678 114610 1772
115390 115389 94
114636 114635 1380
114666 114635 782
114592 114591 441
114597 114591 402
114447 114455 761
114456 114455 610
114459 114455 1394
114459 114463 549
114461 114462 237
114451 114452 2484
114451 114481 649
114441 114581 1234
114452 114451 2484
114452 114581 1172
115200 115199 1114
115201 115199 1322
115203 115202 1126
115141 115140 1280
115141 115218 1276
115219 115218 1276
115037 115038 1119
116138 115145 610
115162 115140 936
115154 115214 875
115215 115214 1183
114978 114873 867
114868 114869 2471
114894 114895 2446
114905 114895 1341
114875 114874 762
114881 114880 3035
115040 114880 492
115065 114988 201
115065 115064 687
115064 115063 1005
115064 115065 687
92082 92081 562
92087 92092 671
92087 92092 671
92124 92125 1384
103249 92125 456
115124 115126 937
115122 115123 11779
115107 115108 1930
115109 115108 1445
115322 115323 3585
115350 115351 902
115364 115351 1161
115656 115657 820
115660 115659 675
115660 115662 419
115662 115659 1059
115662 115660 419
115664 115659 749
106814 106812 2226
107015 107001 1124
107021 107017 1565
107173 107172 605
107174 107172 1290
107308 107003 1013
107308 107309 3065
107308 107310 353
107362 107310 511
107309 107308 3065
107309 107312 884
113635 107312 937
107003 107004 1100
107003 107308 1013
107301 107300 736
106870 106869 3988
106871 106869 2544
92882 92917 1263
92918 92917 1466
92918 92923 1006
92924 92923 515
92926 92936 434
92938 92937 16
92939 92937 1343
92939 92946 1343
106889 106883 1195
106718 106717 1483
106718 106719 1195
106700 106719 796
106700 106884 1343
106884 106700 1343
106884 106881 1576
106910 106881 488
106486 106487 344
105754 105755 227
105756 105755 955
105756 105759 1419
105760 105759 1496
105760 105761 3059
105761 105760 3059
105761 116039 3671
116041 116040 1413
116042 116040 2343
116042 116043 344
116042 116063 611
116043 116042 344
116043 116104 1060
116111 116104 847
116114 116120 929
116122 116121 452
105749 106235 949
106236 106235 1796
105737 105739 1402
105742 105741 760
954
175637
175646
175689
174441
174448
174467
174526
174456
174465
174541
174442
174464
176382
210846
210857
210974
210910
210912
211040
211044
211094
211099
211765
211775
211048
211073
211077
211091
211788
211806
211808
163508
163526
163531
163545
163619
163740
163499
163745
163744
163768
163678
163713
163677
163684
163803
163685
163804
162972
163453
163464
163023
163454
162769
162976
162953
162771
164014
164285
164102
164092
164047
164173
164031
164076
164206
164279
164191
164202
164196
164276
164101
164110
164112
164153
164122
164127
164124
164130
212372
212375
212378
212388
212389
212396
164137
164146
164149
211816
211820
211821
211825
211966
211968
212137
212143
212147
212312
212313
212161
212329
212330
178714
114610
115389
114635
114591
114455
114463
114462
114481
114581
115199
115202
115218
115038
115145
115140
115214
114873
114869
114895
114874
114880
114988
115063
92081
92092
92125
115126
115123
115108
115323
115351
115657
115659
106812
107001
107017
107172
107310
107312
107004
107300
106869
92917
92923
92936
92937
92946
106883
106717
106719
106881
106487
105755
105759
116039
116040
116063
116104
116120
116121
106235
105739
105741
191523
192019
192128
193853
191928
191930
191584
191585
191899
192111
192835
194219
192854
193023
193026
193966
107597
109833
107707
107710
107681
107717
107736
107705
107723
107652
107679
107654
107598
107626
107627
113639
107584
107674
107642
107690
107714
107715
107735
107839
107849
111017
111011
111136
111131
111936
111947
111960
111967
111994
112096
112104
112017
112021
112028
112277
112125
33612
33626
113430
113437
112346
112347
112452
112451
112465
113153
112460
112462
112461
112455
113116
113121
112393
112907
112920
112936
112952
112956
112957
113112
113114
112683
112938
112983
113000
113163
113172
113106
113268
112662
112661
113488
113099
112973
113243
113170
113221
113222
113225
112975
105716
113500
113496
113505
113512
105299
105306
105291
105341
105346
105357
105302
105333
104629
104651
104646
103479
103482
103736
105396
105391
105393
105362
105364
39887
39888
39882
39879
39926
39928
39850
39854
39861
39862
40056
40071
40072
104884
104931
105143
105163
105232
105192
104989
104991
104986
105256
105220
105165
105128
105129
105427
105447
103575
103578
103666
103701
103741
105385
105084
105091
105431
105449
39989
39913
39918
39969
39973
39983
39924
39932
40013
40038
40047
40050
41263
41096
41113
41119
41115
41126
41213
41315
50418
41214
41209
41238
41245
41233
41237
41366
53269
53399
53423
55051
55120
55122
55287
55300
55302
53598
55368
55306
55312
55367
53407
53409
48648
53436
41544
49203
49227
49368
49376
49373
49416
49402
49404
49405
49412
49259
49164
49353
49165
49169
49360
50365
49447
50347
48979
35717
49471
49630
49801
48178
49636
49660
49665
49692
49796
49797
53807
53809
53819
144387
144388
144381
142455
144380
142439
142400
142401
142436
144400
144409
144410
144450
144464
144466
144580
144595
144596
144600
144632
196688
196691
196696
196704
196722
196363
196414
196427
196372
196416
141537
141542
141543
141544
148161
151970
141555
141556
141489
141519
150666
139858
139861
139862
139872
140174
140218
140223
140238
140234
141538
141547
140153
140165
142374
142380
142397
146995
151931
141526
142260
142296
142303
142305
142377
141841
141827
141829
141837
141840
142255
141527
141534
141776
141781
141783
141808
141811
141842
142375
142376
56067
56080
56003
55932
55957
55985
55989
55992
56000
55906
56091
56097
56267
56268
56272
56275
56279
56288
56302
196631
196629
196630
204346
204741
204743
204749
207616
207621
207627
207638
207639
207661
207505
207512
207509
207738
203557
207673
207742
207743
207671
207672
207663
196823
196824
196851
196857
196863
196866
196880
196816
196820
145357
145358
145446
145457
145459
145463
145988
145994
145995
146004
151409
151414
151415
151376
151431
151428
146025
146029
151367
151369
151345
151344
139760
151378
203675
139758
203674
203572
203587
204029
194999
204106
204103
204115
204119
204117
204325
204328
204331
203582
203606
203588
203589
203688
203690
203724
203729
203753
203754
203760
204005
204007
204012
204024
204025
204023
207964
207605
207608
207596
207600
207551
207557
207558
207961
207962
207564
207567
207569
207561
207514
207521
207587
207588
207592
207593
207607
207985
207987
207989
207997
208082
208124
208128
208135
208136
208151
208153
208163
208374
208379
208373
208381
208386
208392
208393
208341
208424
208439
208444
210687
210690
178673
178689
178707
178773
178789
180613
180272
180274
180312
163712
163705
163709
166352
185085
185072
185071
185143
185135
185131
185153
163694
166593
166408
166599
166598
166358
166641
160137
166852
166886
160139
166888
166841
166849
185011
163689
163715
180765
180793
180514
180791
180528
180552
180557
180543
182397
182406
182457
182459
182522
182264
182420
182263
182450
181967
181956
182005
182246
182539
182463
185248
173733
173741
173760
173735
182557
182562
185178
152181
152199
152184
176300
176322
176380
176373
176383
176385
152266
152267
185113
185124
173963
173648
173650
173809
173898
173737
174544
174546
174644
174739
174671
174662
174666
174738
174745
175215
175221
186024
175282
175305
174286
175298
175299
175324
175266
175295
174748
175388
175392
175398
175247
175228
175248
175451
175452
175439
175694
175603
175710
175743
185708
175741
175737
176777
174784
175547
175611
185794
175540
175539
175630
175673
175684
175638
175647
175690
174469
174529
174543
174472
174466
174473
174463
210847
210952
210968
210970
210975
211034
211035
211037
211043
211047
211098
211100
211766
211770
211773
211046
211076
211080
211096
203018
211792
211807
211815
163511
163527
163532
163546
163544
163732
163802
163739
163807
163756
163754
163766
163767
163770
163862
163716
166354
163687
163719
163801
163724
163031
163468
163465
163519
163024
163437
163455
163042
164013
164286
164207
164208
164179
164201
164205
164272
164190
164203
164197
164298
164274
164300
164107
164158
164154
164157
164156
164128
164142
164129
212374
212376
212390
164487
212392
164136
164145
164148
164483
211811
198919
211822
211965
212133
212134
212142
212144
212160
212323
212335
212162
214316
198591
212379
178713
178778
114619
115390
114636
114666
114592
114597
114447
114459
114461
114451
114441
114452
115037
115162
115154
115215
114868
114894
114905
114875
114881
115040
115065
92087
92124
115124
115122
115322
115350
115364
115656
115660
115662
106814
107021
107173
107362
107309
113635
107003
107301
106870
92882
92918
92926
92938
92939
106889
106700
106884
106910
106486
105754
105756
105760
105761
116041
116043
116111
116114
116122
105749
105737
105742
