1002
218416 218413 848
218416 218415 2478
218416 218417 695
218419 218417 2620
218419 218418 851
218436 218389 1185
218436 218429 2559
218436 218434 916
218590 224403 199
218432 218434 1124
218601 218438 1199
218637 218636 767
218634 218619 73
224057 218615 793
224057 224058 671
218615 218606 279
218615 224057 793
218714 224486 519
222299 222300 578
222299 224050 221
216251 216252 166
216251 217985 1246
217481 217882 611
222772 224455 418
217988 217985 404
217988 217998 588
217988 222971 953
222741 222747 283
222741 222748 1135
224453 224004 994
222758 222754 778
222778 222766 823
222778 222779 274
222776 222789 677
222776 222791 2858
222781 222786 1334
222781 222789 989
222755 222756 529
222755 222779 494
219190 219191 2165
219190 224749 858
222798 222797 1815
222798 222806 1387
222798 222808 544
222799 222797 1208
222867 224002 362
222862 222861 1407
222862 222863 1151
222861 222820 689
222861 222862 1407
222861 222864 1623
222816 222818 862
222816 222820 3311
222796 222761 958
222796 224449 550
222805 222800 1683
222805 224891 648
222879 222880 3437
222879 222937 1722
222878 218687 467
222878 222876 398
222878 222880 712
222926 222932 747
222926 222934 1341
222888 222893 808
222895 222893 1087
222895 222913 914
222929 222930 752
222929 222949 1643
222889 222909 750
222914 222916 1245
222914 222917 949
222915 222908 2043
222915 222917 789
222915 223032 951
222911 222912 969
222911 222913 1614
222911 222916 876
223013 223027 979
223018 223014 534
223018 223019 878
222908 222915 2043
222908 223027 827
150838 150835 849
150838 150839 2428
150982 150839 668
150982 150987 2358
150987 150982 2358
150987 151001 750
151020 151017 782
151020 151021 1917
151024 151021 858
151647 151001 232
151647 151017 249
151647 151648 850
149118 149119 807
149134 149119 1316
149134 149135 704
149136 149135 868
149136 149141 544
149136 149147 854
149433 149151 860
149433 149434 839
149432 146954 762
149432 149438 2401
149437 149438 791
149437 149495 294
149437 149498 148
149646 149652 2583
149649 149651 2448
149649 149652 753
149650 149651 837
149650 149664 2408
149486 149490 2380
149486 149664 864
149489 149490 776
149489 149491 2470
149488 149601 180
149488 149603 2445
149601 149488 180
149601 149602 2259
149591 149589 849
149591 149593 912
149591 149602 719
149589 149586 1163
149589 149591 849
149589 149592 1703
146956 146953 757
146954 146951 1962
146954 146953 55
146954 149432 762
146952 146951 430
146952 149527 869
146952 151640 166
149519 149520 682
149519 149534 802
149534 149519 802
149534 149535 1608
149586 149535 861
149586 149547 1462
149586 149589 1163
148813 148816 794
148813 148819 2555
148818 148819 813
148818 149661 2350
149659 149657 809
149659 149661 812
149657 149659 809
149657 149660 2552
149653 149652 833
149653 149655 2453
149653 149660 828
148814 148816 2298
146516 141796 1340
146516 146520 2033
146518 141797 650
151061 151021 2421
151061 151027 817
151069 151027 2447
151069 151066 698
151077 151066 2505
151077 151155 882
151160 151155 2315
151160 151159 871
151252 151159 2355
151252 151253 753
151254 151253 2144
151254 151255 858
151254 151265 376
151265 150404 801
151265 151254 376
151286 150404 2413
151286 150405 849
151290 150405 2347
151290 151296 345
142979 142981 238
139789 143151 385
143145 143146 753
143145 151297 2429
147409 143146 1400
147409 147408 987
147409 147411 939
147411 147409 939
147411 147421 896
147423 147421 2390
147423 147426 757
147595 147593 675
147595 147594 911
147597 147594 2443
147597 147596 599
147597 147604 2269
147604 147597 2269
147604 147609 753
147634 147609 2341
147634 147611 753
147697 147611 2413
147697 147696 797
147697 147706 2415
148208 147706 615
147714 147708 1066
147714 147712 740
147714 147715 2797
148217 147715 830
148217 148237 2404
148242 148237 729
148242 148240 489
148242 148245 248
148246 148240 483
148256 148250 318
148256 148258 854
148256 148261 2572
148257 148259 1429
148257 148260 809
148258 148256 854
148258 148259 903
148258 148262 2608
148260 148257 809
148260 148294 1225
148296 148294 755
148299 148295 790
148299 148918 665
148920 148919 277
148920 148921 2595
148314 148930 829
148314 148932 848
148926 148921 876
148926 148925 403
148926 148936 756
148319 148932 784
148319 148935 2474
149045 148935 833
149045 149048 2358
149051 149048 846
149051 149053 707
149058 149053 810
149058 149059 901
149058 149074 2065
149059 149058 901
149059 149075 1562
149078 149075 1063
149078 149079 829
149114 149079 1448
149114 149115 725
149114 149119 1948
212683 212685 2051
146590 141797 2555
146590 149980 794
146590 149981 1035
149980 146590 794
149980 149984 1993
149986 149984 791
149986 149990 1919
149989 149990 724
149989 150015 270
149989 150016 197
150015 149989 270
150015 150016 310
150017 150016 848
150017 150020 1373
150020 150017 1373
150020 150019 764
150085 150074 60
150085 150087 2440
150092 150094 887
150026 150019 2332
150026 150052 791
150026 150057 2398
150056 150057 763
150056 150062 2259
150060 150093 1134
148842 148816 809
148842 148844 2593
148848 148844 833
148848 148850 776
148848 149695 2330
148850 148848 776
148850 149698 2280
149701 149698 972
149701 149705 2699
149703 149706 2110
149703 149707 1783
149707 149703 1783
149707 150183 310
149707 150185 1916
150186 140078 804
149800 149798 795
149800 149801 2086
143933 143932 256
149831 149830 579
149737 149209 919
149737 149734 275
149737 149740 202
149689 149685 887
149689 149687 2658
149689 149691 849
149748 149676 1669
149748 149736 748
149750 149691 1393
149750 149788 752
149752 149756 832
149752 149758 488
149753 149762 609
149753 149765 1384
149790 149791 168
149790 149792 352
149797 149732 1271
149797 149796 748
149811 149725 545
149811 149732 832
149729 149727 956
149729 149728 2447
149729 149731 676
150312 150314 1351
150312 150321 404
150314 150312 1351
150314 151660 218
198850 214934 544
215049 214935 168
215049 215050 169
205032 205024 110
205032 205033 1967
198908 205934 1042
198908 205964 364
214921 205964 1027
214858 213686 510
214858 214857 756
214858 215048 625
198832 198831 276
198832 198836 697
198837 198834 764
198837 198836 200
198837 205817 1209
198831 198830 1326
198831 198832 276
198816 198814 967
205817 198837 1209
205817 205853 1019
204992 194607 517
204992 204998 1228
204992 205005 3105
205024 205003 1559
205024 205025 669
205024 205032 110
152115 152114 953
152115 152117 222
152114 152115 953
152114 152122 905
162461 162462 581
162461 162463 872
162477 162460 953
162477 162478 1293
168706 168707 1355
168711 168707 790
168711 168709 235
168708 168704 984
168708 168712 1780
168686 168687 1114
168686 168688 752
168704 168705 928
168704 168708 984
168704 168713 1780
168714 168715 885
168714 168716 928
168714 168855 1857
168716 168714 928
168716 168717 1023
168716 168858 1142
168376 168375 1344
168376 168744 2363
168378 168377 276
168378 168393 337
168744 168376 2363
168744 168745 1467
168759 168745 3068
168759 168760 1357
168759 168777 1118
168776 168775 1018
168776 168777 1796
168756 168774 672
168799 168800 782
168799 168811 1102
168717 168716 1023
168717 168907 606
168908 168802 1919
168908 168907 2171
168908 168909 927
168709 168711 235
168709 168847 893
168839 168838 951
168839 168847 818
168839 168850 1105
168569 168568 2098
168569 168848 713
168846 168845 747
168846 168848 1616
168837 168838 848
168837 168845 1065
153994 153993 940
153994 154021 1010
153994 154024 2605
154021 153994 1010
154021 154023 3043
154053 154054 848
154081 154075 2929
154081 172282 436
154092 154090 905
154092 154105 890
154090 154091 818
154090 154092 905
154320 154099 688
154320 154319 337
154312 154311 790
154312 154322 1375
154317 154318 872
154317 154319 1673
154311 154312 790
154311 154325 1375
154326 154109 222
154326 154325 674
154109 154326 222
157518 157522 111
157510 157535 84
157535 157510 84
157522 157518 111
155016 155038 1905
155038 155016 1905
155211 155079 1471
155079 155211 1471
155325 155329 1554
155329 155325 1554
157794 157991 334
157906 157905 238
157991 157794 334
157905 157906 238
157697 157699 1854
157699 157697 1854
157760 157762 474
157762 157760 474
178448 185365 1139
185365 178448 1139
159058 159038 684
158962 158973 1014
158973 158962 1014
159038 159058 684
161486 161496 782
161496 161486 782
161510 161520 767
161520 161510 767
161943 161945 808
161945 161943 808
161945 161998 678
161998 161945 678
170492 170486 924
168165 168166 1907
168166 168165 1907
170454 170453 355
170453 170454 355
170486 170492 924
169460 169464 538
169464 169460 538
102688 98498 1261
98498 102688 1261
191237 191236 6213
191236 191237 6213
118696 118697 1700
118697 118696 1700
106347 106346 1161
110552 110558 279
110558 110552 279
110567 110568 610
110568 110567 610
106346 106347 1161
37319 37320 976
37320 37319 976
37374 37380 537
37380 37374 537
37459 37471 713
37471 37459 713
37481 37491 751
37491 37481 751
36411 36418 1475
36418 36411 1475
37772 37766 1357
37766 37772 1357
46658 46656 709
37750 37739 511
37739 37750 511
41461 46629 253
46629 41461 253
46656 46658 709
46924 46921 605
46934 46921 1534
46919 46802 1577
46921 46924 605
46921 46934 1534
47056 47047 1011
46486 46510 2311
47047 47056 1011
46802 46919 1577
127848 127236 2557
127260 127258 1055
127236 127232 1161
127236 127848 2557
127232 127236 1161
127258 127260 1055
126908 126912 747
126912 126908 747
126918 126891 889
126891 126918 889
126894 127845 885
127845 126894 885
46440 46441 807
46441 46440 807
46490 46494 873
46494 46490 873
46510 46486 2311
127681 127666 1700
127666 127681 1700
127670 127669 2709
127669 127670 2709
127974 127970 790
127970 127974 790
127982 127972 511
127972 127982 511
128241 128242 751
127816 127817 1483
128245 128244 355
127817 127816 1483
128242 128241 751
128244 128245 355
129572 129574 1368
129574 129572 1368
129586 129588 782
129588 129586 782
129661 129662 829
129662 129661 829
129885 130401 1010
130401 129885 1010
130401 130402 238
130402 130401 238
218398 218399 1024
218399 218398 1024
218413 218415 2627
218413 218416 848
218415 218413 2627
218415 218416 2478
218415 218418 655
218417 218416 695
218417 218418 2464
218417 218419 2620
218418 218415 655
218418 218417 2464
218418 218419 851
218389 218436 1185
218429 218436 2559
218434 218432 1124
218434 218436 916
218434 218438 2968
224403 218590 199
218438 218434 2968
218438 218601 1199
218636 218637 767
218619 218634 73
224058 218606 804
224058 224057 671
218606 218615 279
218606 224058 804
224486 218714 519
222300 222299 578
224050 222299 221
216252 216251 166
216252 217882 1753
217985 216251 1246
217985 217988 404
217882 216252 1753
217882 217481 611
224455 222772 418
217998 217988 588
217998 222791 720
222971 217988 953
222747 222741 283
222748 222741 1135
224004 224453 994
222754 222758 778
222766 222778 823
222779 222755 494
222779 222778 274
222789 222776 677
222789 222781 989
222791 217998 720
222791 222776 2858
222786 222781 1334
222756 222755 529
219191 219190 2165
219191 222818 735
224749 219190 858
222797 222798 1815
222797 222799 1208
222797 222800 686
222806 222798 1387
222808 222798 544
224002 222867 362
222863 222862 1151
222863 222864 1508
222820 222816 3311
222820 222861 689
222864 222861 1623
222864 222863 1508
222818 219191 735
222818 222816 862
222761 222796 958
224449 222796 550
222800 222797 686
222800 222805 1683
224891 222805 648
222880 222878 712
222880 222879 3437
222937 222879 1722
222937 222934 891
218687 222878 467
222876 222878 398
222932 222926 747
222934 222926 1341
222934 222937 891
222893 222888 808
222893 222895 1087
222893 222912 252
222913 222895 914
222913 222911 1614
222913 222930 744
222930 222913 744
222930 222929 752
222949 222929 1643
222909 222889 750
222916 222911 876
222916 222914 1245
222917 222914 949
222917 222915 789
223032 222915 951
223032 223027 1737
222912 222893 252
222912 222911 969
223027 222908 827
223027 223013 979
223027 223032 1737
223014 223018 534
223019 223018 878
150835 150838 849
150839 150838 2428
150839 150982 668
150839 151001 2259
151001 150839 2259
151001 150987 750
151001 151647 232
151017 151020 782
151017 151647 249
151021 151020 1917
151021 151024 858
151021 151061 2421
151648 151647 850
149119 149114 1948
149119 149118 807
149119 149134 1316
149135 149134 704
149135 149136 868
149141 149136 544
149147 149136 854
149151 149433 860
149434 149433 839
149438 149432 2401
149438 149437 791
149438 151640 654
149495 149437 294
149495 149498 329
149498 149437 148
149498 149495 329
149652 149646 2583
149652 149649 753
149652 149653 833
149651 149649 2448
149651 149650 837
149664 149486 864
149664 149650 2408
149490 149486 2380
149490 149489 776
149491 149489 2470
149491 149603 705
149603 149488 2445
149603 149491 705
149602 149591 719
149602 149601 2259
149593 149591 912
149592 149547 966
149592 149589 1703
146953 146954 55
146953 146956 757
146951 146952 430
146951 146954 1962
149527 146952 869
149527 149520 255
151640 146952 166
151640 149438 654
149520 149519 682
149520 149527 255
149535 149534 1608
149535 149586 861
149547 149586 1462
149547 149592 966
148816 148813 794
148816 148814 2298
148816 148842 809
148819 148813 2555
148819 148818 813
149661 148818 2350
149661 149659 812
149660 149653 828
149660 149657 2552
149655 149653 2453
141796 141797 1086
141796 146516 1340
146520 146516 2033
141797 141796 1086
141797 146518 650
141797 146590 2555
151027 151061 817
151027 151069 2447
151066 151069 698
151066 151077 2505
151155 151077 882
151155 151160 2315
151159 151160 871
151159 151252 2355
151253 151252 753
151253 151254 2144
151255 150404 512
151255 151254 858
150404 151255 512
150404 151265 801
150404 151286 2413
150405 151286 849
150405 151290 2347
151296 151290 345
142981 142979 238
142981 143151 321
143151 139789 385
143151 142981 321
143146 143145 753
143146 147409 1400
151297 143145 2429
147408 147409 987
147408 147421 468
147421 147408 468
147421 147411 896
147421 147423 2390
147426 147423 757
147593 147595 675
147594 147595 911
147594 147597 2443
147596 147597 599
147596 147609 2247
147609 147596 2247
147609 147604 753
147609 147634 2341
147611 147634 753
147611 147697 2413
147696 147697 797
147706 147697 2415
147706 147708 456
147706 148208 615
147708 147706 456
147708 147714 1066
147712 147714 740
147715 147714 2797
147715 148217 830
148237 148217 2404
148237 148242 729
148240 148242 489
148240 148246 483
148245 148242 248
148250 148256 318
148261 148256 2572
148261 148262 849
148259 148257 1429
148259 148258 903
148259 148294 771
148262 148258 2608
148262 148261 849
148294 148259 771
148294 148260 1225
148294 148295 2591
148294 148296 755
148295 148294 2591
148295 148299 790
148918 148299 665
148918 148919 1907
148919 148918 1907
148919 148920 277
148921 148920 2595
148921 148925 867
148921 148926 876
148930 148314 829
148932 148314 848
148932 148319 784
148925 148921 867
148925 148926 403
148936 148926 756
148935 148319 2474
148935 149045 833
149048 149045 2358
149048 149051 846
149053 149051 707
149053 149058 810
149074 149058 2065
149074 149075 876
149075 149059 1562
149075 149074 876
149075 149078 1063
149079 149078 829
149079 149114 1448
149115 149114 725
212685 212683 2051
149981 146590 1035
149984 149980 1993
149984 149986 791
149990 149986 1919
149990 149989 724
150016 149989 197
150016 150015 310
150016 150017 848
150019 150020 764
150019 150026 2332
150074 150085 60
150087 150085 2440
150087 150094 842
150094 150087 842
150094 150092 887
150094 150093 548
150052 150026 791
150057 150026 2398
150057 150056 763
150062 150056 2259
150093 150060 1134
150093 150094 548
148844 148842 2593
148844 148848 833
149695 148848 2330
149695 149698 822
149698 148850 2280
149698 149695 822
149698 149701 972
149705 149701 2699
149705 149706 1098
149706 149703 2110
149706 149705 1098
149706 150183 896
150183 149706 896
150183 149707 310
150185 149707 1916
140078 150186 804
149798 149800 795
149801 143932 351
149801 149800 2086
143932 143933 256
143932 149801 351
149830 149831 579
149209 149737 919
149734 149737 275
149740 149737 202
149685 149676 759
149685 149689 887
149687 149689 2658
149691 149689 849
149691 149750 1393
149676 149685 759
149676 149748 1669
149736 149748 748
149788 149750 752
149788 149796 805
149756 149752 832
149758 149752 488
149762 149753 609
149765 149753 1384
149791 149790 168
149792 149790 352
149732 149797 1271
149732 149811 832
149796 149788 805
149796 149797 748
149725 149811 545
149727 149729 956
149728 149729 2447
149731 149729 676
150321 150312 404
151660 150314 218
214934 198850 544
214934 214935 732
214935 214934 732
214935 215048 608
214935 215049 168
215050 215049 169
205033 205032 1967
205934 198908 1042
205964 198908 364
205964 214921 1027
213686 214858 510
214857 214858 756
215048 214858 625
215048 214935 608
198836 198832 697
198836 198837 200
198834 198837 764
198830 198831 1326
198814 198816 967
205853 205817 1019
194607 204992 517
204998 204992 1228
205005 204992 3105
205003 205024 1559
205025 205024 669
152117 152115 222
152122 152114 905
152122 162463 630
162462 162461 581
162463 152122 630
162463 162461 872
162460 162477 953
162478 162477 1293
162478 168568 344
168707 168705 202
168707 168706 1355
168707 168711 790
168712 168708 1780
168712 168713 984
168712 168715 808
168687 168686 1114
168688 168686 752
168705 168704 928
168705 168707 202
168713 168704 1780
168713 168712 984
168715 168712 808
168715 168714 885
168855 168714 1857
168858 168716 1142
168375 168376 1344
168375 168377 1183
168375 168745 1952
168377 168375 1183
168377 168378 276
168393 168378 337
168745 168375 1952
168745 168744 1467
168745 168759 3068
168760 168759 1357
168777 168759 1118
168777 168776 1796
168775 168774 1201
168775 168776 1018
168774 168756 672
168774 168775 1201
168800 168799 782
168800 168802 1145
168800 168909 2229
168811 168799 1102
168907 168717 606
168907 168908 2171
168802 168800 1145
168802 168908 1919
168909 168800 2229
168909 168908 927
168847 168709 893
168847 168839 818
168838 168837 848
168838 168839 951
168850 168839 1105
168568 162478 344
168568 168569 2098
168848 168569 713
168848 168846 1616
168845 168837 1065
168845 168846 747
153993 153994 940
154024 153994 2605
154024 154023 790
154023 154021 3043
154023 154024 790
154054 154053 848
154075 154081 2929
154075 154091 829
172282 154081 436
154105 154092 890
154091 154075 829
154091 154090 818
154099 154320 688
154319 154317 1673
154319 154320 337
154322 154312 1375
154322 154325 790
154318 154317 872
154325 154311 1375
154325 154322 790
154325 154326 674
957
218416
218419
218436
218590
218432
218601
218637
218634
224057
218615
218714
222299
216251
217481
222772
217988
222741
224453
222758
222778
222776
222781
222755
219190
222798
222799
222867
222862
222861
222816
222796
222805
222879
222878
222926
222888
222895
222929
222889
222914
222915
222911
223013
223018
222908
150838
150982
150987
151020
151024
151647
149118
149134
149136
149433
149432
149437
149646
149649
149650
149486
149489
149488
149601
149591
149589
146956
146954
146952
149519
149534
149586
148813
148818
149659
149657
149653
148814
146516
146518
151061
151069
151077
151160
151252
151254
151265
151286
151290
142979
139789
143145
147409
147411
147423
147595
147597
147604
147634
147697
148208
147714
148217
148242
148246
148256
148257
148258
148260
148296
148299
148920
148314
148926
148319
149045
149051
149058
149059
149078
149114
212683
146590
149980
149986
149989
150015
150017
150020
150085
150092
150026
150056
150060
148842
148848
148850
149701
149703
149707
150186
149800
143933
149831
149737
149689
149748
149750
149752
149753
149790
149797
149811
149729
150312
150314
198850
215049
205032
198908
214921
214858
198832
198837
198831
198816
205817
204992
205024
152115
152114
162461
162477
168706
168711
168708
168686
168704
168714
168716
168376
168378
168744
168759
168776
168756
168799
168717
168908
168709
168839
168569
168846
168837
153994
154021
154053
154081
154092
154090
154320
154312
154317
154311
154326
154107
154109
154392
157473
157574
152012
157596
158190
157518
157510
157535
157521
157522
157524
157489
157513
157516
155255
154395
154406
154409
154955
154975
154950
155016
155038
155039
155067
155223
157828
157824
157830
157812
155218
155211
155079
155080
155136
155141
155325
155329
155345
155363
155349
157794
157906
157991
157835
157885
157905
155383
155389
155397
157693
157697
155394
155463
157699
172126
157701
155460
157753
157756
157760
157747
157762
157736
178263
177940
178254
178258
178266
177922
178133
177930
178216
178308
178312
178306
178505
178512
178504
178448
185365
158211
158306
158202
158214
158225
158246
158260
158269
158299
157933
158632
157969
158684
158796
158960
158847
158849
159058
158962
158973
172348
159033
159034
159038
159070
159080
159082
158615
158624
158639
158644
158613
158620
161123
161136
172762
168331
168343
168354
168319
168366
168364
161486
161496
161485
161493
161510
161520
161863
161849
161883
161934
161978
161943
162019
161945
161998
162116
162155
162169
162010
162106
162102
162113
162110
162182
162181
172556
169607
169583
161818
169581
169173
169176
169191
169265
169266
169263
169292
170492
168165
170510
170507
168166
168338
168340
170512
170061
170421
170442
170450
170454
170453
170463
170482
170486
172574
170048
169969
170047
169529
169551
169868
169871
169476
169525
169534
169965
169958
169908
170083
169986
169863
169905
170081
169023
169046
169215
169230
169201
169257
169456
169460
169464
169473
169474
169240
118533
94990
95012
95014
95018
97396
102896
94277
94279
108748
108913
108769
101796
94038
95815
102432
94305
94231
94199
101783
95811
94180
94183
101786
97453
97457
97451
102514
102515
97635
93290
94638
94645
95577
95934
101691
101844
93344
93649
93657
93667
93237
93239
98528
102687
102688
98492
98498
191137
194317
191407
191209
191235
191237
191393
191236
118685
118519
118520
118523
118692
118696
118697
118553
108934
108764
108976
109025
109082
106347
110493
109187
109199
109106
109163
110552
110554
110558
110498
110559
36087
36095
36139
36150
36083
36160
36167
36182
36308
36309
36092
36021
105829
110570
110567
110568
105797
113597
106346
36350
36356
35707
36453
35711
35712
44585
35725
35727
37319
37320
37326
37336
37366
37343
37347
37374
37380
37453
37457
37459
37471
37473
37481
37491
36389
36391
36240
36408
36411
36418
36423
35677
36401
36434
37492
37496
37765
37770
37772
37766
46658
46660
37748
37790
37730
37750
37739
37755
37794
37879
37884
37824
37904
37923
37910
37917
37914
37922
41432
41459
41444
41461
46629
36949
46639
46644
46656
46813
46750
46757
46879
46880
46888
46792
46911
46913
46924
46934
46919
46921
47056
47053
46486
47047
47103
46802
47104
127848
127260
127266
127236
127232
127258
127202
127243
127270
127302
127327
126908
126912
126901
126866
126918
126891
126894
46217
46212
46229
127844
127845
46437
46433
46440
46441
46490
46494
46498
44820
46510
46445
46227
46262
127681
127990
127997
127666
127670
127984
127669
127692
127693
127708
127712
127720
128155
127974
127970
127973
127982
128004
127972
128164
128241
130358
130361
130371
130391
131949
127816
128245
127817
127824
127836
128251
128242
128244
127838
129391
129572
129574
129586
129588
129640
129645
129661
129662
129665
129862
129865
130317
130322
130355
121451
121389
121437
70257
70264
70250
129816
129820
129831
129825
129828
129885
129836
130401
130402
121341
121442
129912
130460
218967
218977
218988
218974
218121
218048
218080
218106
218108
218110
218111
218112
218101
218093
218105
218398
218399
218297
218308
218995
219029
220285
224935
218564
218659
218576
218362
218413
218389
218429
218438
218636
218619
224058
218606
224486
224050
216252
217985
217882
217998
222747
222748
224004
222754
222766
222779
222789
222791
222786
219191
224749
222797
222806
222808
224002
222820
222864
222818
222761
222880
222937
218687
222876
222932
222934
222913
222930
222949
222916
222917
223032
223027
223014
223019
150835
150839
151001
151017
151021
151648
149119
149135
149141
149147
149151
149434
149438
149495
149498
149652
149651
149664
149490
149491
149603
149602
149593
149592
149527
149520
149535
149547
148816
148819
149661
149660
149655
141796
146520
151027
151066
151155
151159
151253
151255
150404
150405
151296
143151
143146
151297
147408
147421
147426
147593
147594
147596
147609
147611
147696
147708
147712
147715
148237
148240
148250
148261
148259
148262
148295
148918
148919
148921
148930
148932
148925
148936
148935
149048
149053
149074
149075
149079
149115
212685
149981
149984
149990
150016
150019
150074
150087
150052
150057
150062
150093
148844
149695
149698
149705
149706
150183
150185
140078
149798
149801
143932
149209
149734
149740
149685
149687
149691
149676
149736
149788
149756
149758
149762
149765
149791
149792
149732
149796
149725
149727
149728
149731
151660
214934
205934
205964
213686
214857
215048
198836
198834
198830
198814
205853
194607
205005
205003
205025
152122
162463
162460
168705
168713
168715
168855
168858
168375
168377
168393
168745
168760
168777
168775
168774
168811
168907
168802
168909
168847
168838
168850
168568
168848
168845
153993
154024
154023
154054
154075
154091
154099
154319
154322
