1960
81582 81583 423
81582 81605 408
81603 81609 1336
81603 81612 1324
81610 81609 1275
81610 81674 1114
86146 86147 713
85989 85990 1592
85989 85992 1690
86833 86834 1411
86833 86846 1824
86521 86522 1106
86518 86507 2778
86518 86517 1443
86027 85978 2562
86027 86030 1595
91061 91062 554
91061 91067 1495
86035 86033 693
86035 86119 762
86443 86444 2211
86443 86445 5551
86332 86334 770
86332 86334 770
86332 86348 356
81611 81612 1510
81611 81618 374
90955 90960 2279
86856 86840 2578
86856 90957 920
81492 81493 385
81492 81494 612
81496 81497 1066
81501 81499 1864
81501 81502 1228
81510 81647 1586
81706 81700 790
81706 81703 2190
81694 81697 775
81696 81721 447
81702 81703 699
81702 81721 651
81702 90715 882
86143 86144 1346
86143 86145 608
85925 85923 1561
85925 86115 1069
91071 91070 2752
91071 91074 520
85593 85558 452
85593 85594 1505
85596 85567 957
85939 85938 1068
85939 85947 512
85941 85942 302
85941 90794 1149
85945 85947 882
86008 86006 1187
85970 85962 869
85970 85971 818
85970 85976 2552
86019 85672 963
86025 85962 782
86025 86024 1447
86025 86036 832
85667 85666 611
85924 85923 1427
85978 85977 1397
85978 86027 2562
85980 85968 238
85980 85977 2241
85514 85512 1954
85514 85582 1769
85583 85582 1012
85496 85497 1039
85496 85498 753
85486 90540 2752
90545 90543 3227
90545 90546 1288
85411 85414 633
85411 85540 1089
85412 85413 698
85512 85513 556
85512 85514 1954
85512 85552 333
85551 85550 1069
85551 85552 1111
85538 85541 854
85538 85546 698
89754 89753 1399
89754 89755 437
89947 89753 1353
89945 89935 649
89945 91714 3064
89959 89958 686
89959 90416 562
90415 90417 520
90418 83963 305
90431 90432 1668
90431 90445 1823
90448 90403 1899
90448 91179 881
90424 90423 929
90424 90546 1463
89667 89666 135
89667 89668 130
89667 91870 208
89658 89659 237
89658 89660 85
66709 66710 1947
66709 66732 452
66733 66732 1022
66733 66735 667
66737 66735 3220
66737 66752 1903
66737 66753 770
66746 66748 667
66746 66763 1359
77974 77979 3543
77974 77983 886
77976 77975 1069
77976 77978 3367
77977 77983 1923
77977 77985 1707
77982 77978 1115
79099 79100 505
79099 79101 243
79102 84893 321
91540 84893 260
91540 84894 1091
79104 79105 1607
79145 79146 1146
79145 84865 2418
84840 84839 901
84840 84870 865
78947 79108 2881
57392 57322 735
57392 57384 713
57390 57389 1084
57390 57398 1893
78982 78984 3093
78982 78985 1604
57405 57403 1228
57405 57406 499
57362 57361 1268
57362 57371 755
57367 57366 672
57367 57399 2059
57400 57350 556
57400 57396 1727
57401 57397 1874
57401 57402 428
57376 57375 848
57376 57381 2708
57431 57381 713
57431 57432 672
57432 56901 876
57432 57431 672
79255 79258 1745
79255 79495 1526
79498 79497 1544
79498 79497 1544
79476 79477 667
79476 79478 938
85732 79608 1270
85732 85733 629
79764 79777 1032
79772 79773 893
79772 79777 2613
79789 79788 2223
79566 79567 437
79566 79568 366
79573 79574 1266
79573 79574 1266
79759 79757 1267
79759 79760 1870
79759 90915 2672
79770 79771 3390
79770 90914 1712
90624 79287 245
90624 84896 227
79778 79357 2097
79778 79978 3063
79959 79957 2271
79959 79976 2497
80098 80099 1692
80081 80101 1435
91497 91502 1619
91501 87521 3354
91501 91857 243
79956 79957 2574
79956 79967 1150
79965 79966 2755
79965 79981 1753
79974 79973 1813
79974 79993 611
79973 79974 1813
79973 79991 1228
80037 80039 2384
80037 80117 6739
80068 80067 2913
80096 80095 886
80096 80165 1392
162317 162318 791
162317 162334 782
162335 162273 2229
162335 162336 684
162335 162342 601
162276 162275 675
162276 162277 711
162341 162275 2229
162341 162342 675
170119 162277 2347
162278 162277 591
117121 117112 1213
117121 117122 3629
117135 117125 679
117099 117098 810
117099 117103 85
117126 117096 1357
117126 117127 679
117134 117102 1437
117127 117125 812
117127 117126 679
117283 117100 4729
117283 117281 1508
117286 117287 1347
117294 117287 2490
117294 117292 1397
117316 117317 2241
117369 117370 1100
117298 117296 1039
117298 117300 1156
117298 117301 2340
117064 117065 1338
117064 117116 748
117380 117402 254
117419 117420 1259
117419 117422 830
117422 117419 830
117422 117423 1221
117428 117423 712
117428 117446 1495
117434 118461 183
61274 61272 448
61274 61272 448
61274 117474 1307
117454 117450 812
117454 117455 475
117436 118474 440
117446 117428 1495
117446 117442 1432
117504 117505 31
117504 118312 855
61259 61252 1031
61259 61262 1460
61267 61268 1739
77127 61389 297
77127 61393 621
61478 61479 125
78920 78930 517
78920 78930 517
61496 61497 302
61249 61247 3035
61249 61276 2953
61276 61249 2953
61276 61407 1012
61350 61344 1816
61350 61349 650
61392 60949 4107
61392 61393 1161
61329 61290 1686
61329 61328 2570
61333 61330 1278
61333 61332 1170
61389 61393 521
61389 77127 297
78522 78515 4129
78522 78521 612
77994 78511 1367
58047 58045 1864
58047 58048 1118
58040 58041 2934
58040 58042 374
58040 58043 910
58038 58041 279
76466 76465 651
76467 76459 1634
76467 76465 844
76464 76459 1400
76464 76461 998
58109 58114 6057
78595 58094 2357
78595 78597 1403
58046 58045 1021
58094 78595 2357
58094 78596 1103
68253 68244 1289
68253 68255 1222
58066 58070 1026
58066 58071 884
58068 58071 344
58068 58072 569
57956 57937 757
57956 57957 2709
57916 57917 1243
57916 57918 730
76860 76862 187
76861 77608 99
57949 77382 815
57949 77963 2681
57890 57891 579
79000 78994 248
78336 78334 406
78846 78329 168
78846 78939 1011
78832 78941 645
76672 79012 125
76672 79013 401
78328 78329 469
78328 78332 1002
79012 76672 125
79012 79014 441
57905 57906 1357
78108 78368 251
76776 76778 874
57979 57980 71
57979 76787 1541
76791 76790 240
68234 67982 333
68234 68241 391
67974 67982 333
67974 67982 333
68247 68243 356
68247 68249 1239
68246 68248 1657
68246 68249 624
78970 78977 2998
78970 78978 700
78017 78018 2319
78681 78680 343
78681 78687 1674
78680 78677 1706
78680 78681 343
57335 57334 1072
57335 57334 1072
57335 77996 4539
77997 77996 524
77997 77998 1237
77997 78000 735
87524 87523 2180
87524 87525 915
91504 91505 1619
91504 91506 1612
79460 79459 2362
79364 79365 2692
79364 79366 839
79469 79446 1849
83900 83899 1526
83900 89800 2141
83900 89814 782
89799 89800 605
89799 91797 1580
80438 89827 1344
80438 89828 930
89809 86622 614
89809 89838 338
89816 89815 2371
89816 89825 478
89827 80438 1344
89827 89826 769
89849 89826 1686
89849 89850 831
89724 89726 318
89855 89857 782
89851 89850 1042
89851 89867 2282
89860 89859 2463
89860 89861 2262
89860 89870 988
81105 81101 4874
86228 86224 2440
86228 86226 2512
80974 80958 2566
80974 81104 2317
80923 80924 667
80507 79446 11027
80509 80359 4170
80934 80931 1669
80934 80946 359
81029 81027 5794
81029 81030 2029
81029 81123 4105
81225 81226 2165
81225 81227 911
81299 81300 1296
81299 81303 1935
81282 80902 2000
81282 81281 915
81327 81298 510
81327 81318 903
84286 84285 2019
84286 86795 2884
82969 82967 1558
82969 83154 1773
82969 83175 2381
83177 83176 1141
83177 83179 1576
83181 83180 442
83196 83195 603
83196 83197 2016
83022 83020 2788
83022 83021 1290
83023 83021 713
83023 83027 424
83027 83023 424
83027 83028 2326
83045 83044 1484
83049 83050 778
83049 83209 1961
83168 83166 1625
83168 83167 796
83209 83049 1961
83209 83213 389
83207 83166 1004
83207 83205 3236
83029 83030 2372
83212 83010 774
83212 83050 2804
83211 83210 3481
83089 83090 5878
83089 91830 1818
83108 83109 1780
83108 83109 1780
83400 83398 718
83400 83401 1196
83400 83402 1267
91570 91568 1115
91570 91569 840
91570 91574 1573
90663 90662 631
90663 91571 572
81583 81582 423
81605 81582 408
81605 81674 354
81609 81603 1336
81609 81610 1275
81609 81612 603
81612 81603 1324
81612 81609 603
81612 81611 1510
81612 81619 1358
81674 81605 354
81674 81610 1114
81674 81673 686
86147 86146 713
85990 85989 1592
85990 85991 1210
85992 85989 1690
85992 85993 1250
86834 86830 784
86834 86833 1411
86834 86847 149
86846 86833 1824
86846 86841 984
86846 86845 1040
86522 81358 1274
86522 86521 1106
86507 86506 3000
86507 86508 1274
86507 86518 2778
86517 86508 2561
86517 86515 1231
86517 86518 1443
86030 85977 2443
86030 86027 1595
86030 86031 1100
91062 91061 554
91062 91063 713
91062 91064 554
91067 91061 1495
86033 86032 846
86033 86034 1910
86033 86035 693
86119 86035 762
86119 86109 1556
86119 86120 1274
86444 86443 2211
86445 86443 5551
86334 86332 770
86334 86332 770
86334 86333 793
86348 86332 356
86348 86373 356
81618 81611 374
81618 81617 985
90960 90955 2279
90960 90959 1892
90960 90962 925
86840 86839 770
86840 86841 4633
86840 86856 2578
90957 86856 920
90957 90958 1804
90957 90959 862
81493 81492 385
81493 91412 1284
81494 81492 612
81497 81496 1066
81497 81498 1359
81497 81499 2562
81499 81497 2562
81499 81500 1336
81499 81501 1864
81502 81501 1228
81502 81503 2063
81647 81510 1586
81647 81648 755
81647 81649 2604
81647 81679 1627
81700 81698 2242
81700 81701 838
81700 81706 790
81703 81698 886
81703 81702 699
81703 81706 2190
81697 81694 775
81697 81850 786
81721 81696 447
81721 81702 651
90715 81702 882
86144 86143 1346
86145 86143 608
85923 85922 1550
85923 85924 1427
85923 85925 1561
86115 85922 1089
86115 85925 1069
86115 90797 944
91070 91071 2752
91074 91071 520
85558 85556 893
85558 85593 452
85594 85548 2623
85594 85593 1505
85594 85597 713
85567 85550 1205
85567 85568 1140
85567 85596 957
85938 85909 344
85938 85939 1068
85938 85948 633
85947 85939 512
85947 85945 882
85947 86007 561
85942 85941 302
85942 90795 729
90794 85941 1149
86006 85666 1186
86006 85935 713
86006 85948 793
86006 86008 1187
85962 85963 1891
85962 85970 869
85962 86025 782
85962 86037 834
85971 85970 818
85971 85972 769
85971 85973 880
85976 85970 2552
85672 85668 424
85672 85673 508
85672 86019 963
86024 85673 338
86024 86025 1447
86024 90650 677
86036 86025 832
86036 86037 829
86036 90649 1032
86036 90650 1426
85666 85667 611
85666 85668 130
85666 85674 748
85666 86006 1186
85977 85978 1397
85977 85980 2241
85977 86030 2443
85977 86039 1222
85968 85967 1781
85968 85980 238
85582 85514 1769
85582 85568 419
85582 85583 1012
85497 85496 1039
85498 85496 753
90540 85486 2752
90543 90453 893
90543 90544 1021
90543 90545 3227
90546 90424 1463
90546 90545 1288
90546 90547 1004
85414 85411 633
85414 85413 1021
85414 85533 1720
85540 85411 1089
85413 85412 698
85413 85414 1021
85413 85534 2037
85513 85512 556
85552 85512 333
85552 85551 1111
85552 85568 2024
85550 85548 1686
85550 85551 1069
85550 85567 1205
85541 85538 854
85541 85542 1274
85541 85543 1467
85546 85472 2774
85546 85530 1311
85546 85538 698
89753 89752 889
89753 89754 1399
89753 89947 1353
89755 89754 437
89935 89931 718
89935 89934 818
89935 89945 649
89935 91715 1912
91714 89945 3064
89958 89959 686
90416 89959 562
90417 90415 520
83963 83962 1722
83963 90418 305
90432 90431 1668
90432 90433 906
90432 90441 986
90432 90442 880
90445 90431 1823
90403 90402 1885
90403 90404 1487
90403 90448 1899
91179 90448 881
90423 90424 929
90423 90437 1443
90423 90479 1906
89666 89664 104
89666 89667 135
89666 91871 207
89668 89667 130
91870 89667 208
89659 89658 237
89660 89658 85
89660 89661 186
89660 91873 249
66710 66709 1947
66732 66709 452
66732 66733 1022
66732 66734 3223
66735 66733 667
66735 66737 3220
66752 66737 1903
66752 66750 2128
66752 66755 476
66753 66737 770
66753 66754 1268
66753 66756 762
66748 66746 667
66748 66756 762
66748 66758 1828
66748 66764 1016
66763 66746 1359
77979 77974 3543
77979 77978 1538
77979 77980 658
77983 77974 886
77983 77977 1923
77983 77984 362
77975 77976 1069
77975 77981 3396
77978 77976 3367
77978 77979 1538
77978 77982 1115
77985 77977 1707
79100 79099 505
79101 79099 243
84893 79102 321
84893 84894 956
84893 91540 260
84894 84893 956
84894 84895 303
84894 91538 157
84894 91540 1091
79105 79104 1607
79105 79106 483
79146 79145 1146
79146 79147 2922
79146 79898 1690
84865 79145 2418
84865 84866 84
84865 84875 1413
84839 79793 4990
84839 84840 901
84839 84868 1043
84870 84840 865
84870 84867 1663
84870 84871 912
79108 78947 2881
79108 79107 1637
57322 57320 3102
57322 57325 4606
57322 57392 735
57384 57382 2996
57384 57385 3308
57384 57392 713
57389 57387 1227
57389 57388 1720
57389 57390 1084
57398 57390 1893
57398 57397 1796
57398 57403 358
78984 78982 3093
78985 78982 1604
57403 57398 358
57403 57405 1228
57403 77412 1211
57406 57405 499
57406 77988 616
57406 78593 714
57361 57359 686
57361 57360 374
57361 57362 1268
57371 57362 755
57371 57372 3774
57371 57373 713
57366 57353 2044
57366 57363 782
57366 57367 672
57399 57350 539
57399 57353 782
57399 57367 2059
57350 57349 2408
57350 57399 539
57350 57400 556
57396 57388 1792
57396 57397 905
57396 57400 1727
57397 57396 905
57397 57398 1796
57397 57401 1874
57402 57401 428
57375 57374 688
57375 57376 848
57375 57380 2352
57381 57376 2708
57381 57380 950
57381 57431 713
56901 56896 895
56901 56900 2027
56901 57432 876
79258 56981 2158
79258 79255 1745
79258 79491 689
79495 79255 1526
79495 79496 500
79495 79497 862
79497 79495 862
79497 79498 1544
79497 79498 1544
79477 79476 667
79478 79476 938
79478 79479 1128
79478 79480 1162
79608 79607 1592
79608 79607 1592
79608 85732 1270
85733 85732 629
79777 79764 1032
79777 79772 2613
79777 79775 765
79773 79772 893
79773 79774 886
79773 79775 2915
79788 79783 218
79788 79789 2223
79567 79566 437
79568 79566 366
79574 79573 1266
79574 79573 1266
79574 79575 359
79757 79358 2658
79757 79758 714
79757 79759 1267
79760 79759 1870
79760 79761 755
79760 79762 1496
90915 79759 2672
90915 90916 1459
90915 90921 1361
79771 79770 3390
79771 79786 9264
90914 79770 1712
79287 90624 245
84896 90624 227
79357 79356 1799
79357 79360 1551
79357 79778 2097
79978 79356 140
79978 79778 3063
79978 79977 1956
79957 79956 2574
79957 79958 838
79957 79959 2271
79976 79959 2497
79976 79977 1769
79976 79983 1123
80099 80098 1692
80099 80100 1188
80099 80101 1720
80101 80081 1435
80101 80099 1720
80101 80102 755
91502 87523 2937
91502 91497 1619
91502 91503 3149
87521 87520 506
87521 87522 844
87521 91501 3354
91857 80134 15
91857 91501 243
79967 79956 1150
79967 79966 1415
79967 79968 1816
79966 79965 2755
79966 79967 1415
79966 79980 957
79981 79965 1753
79981 79982 1596
79981 79996 1636
79981 79997 2674
79993 79974 611
79993 79994 1511
79993 79995 2717
79991 79973 1228
79991 80059 3586
80039 80037 2384
80039 80040 819
80039 80116 524
80117 80037 6739
80117 80066 3921
80117 80118 1955
80067 80068 2913
80067 80069 3431
80095 80091 1258
80095 80096 886
80165 80096 1392
80165 80163 2842
80165 80188 3141
162318 162317 791
162318 162319 631
162318 162333 889
162334 162270 2340
162334 162317 782
162334 162333 684
162334 162337 684
162273 162272 675
162273 162274 684
162273 162335 2229
162336 162272 2340
162336 162335 684
162336 162337 759
162342 162274 2224
162342 162335 601
162342 162341 675
162275 162274 591
162275 162276 675
162275 162341 2229
162277 162276 711
162277 162278 591
162277 170119 2347
117112 117111 1068
117112 117120 279
117112 117121 1213
117122 117109 419
117122 117110 2966
117122 117121 3629
117125 117109 1815
117125 117127 812
117125 117135 679
117098 117088 2571
117098 117097 611
117098 117099 810
117103 117099 85
117103 117101 356
117103 117102 1231
117096 117094 1088
117096 117097 3266
117096 117126 1357
117102 117101 1504
117102 117103 1231
117102 117134 1437
117100 117101 876
117100 117282 3160
117100 117283 4729
117281 117038 3955
117281 117280 333
117281 117283 1508
117287 117286 1347
117287 117294 2490
117292 117293 1578
117292 117294 1397
117292 117296 1612
117317 117316 2241
117370 117327 2162
117370 117369 1100
117296 117291 2023
117296 117292 1612
117296 117298 1039
117296 117299 2556
117300 117298 1156
117300 117302 632
117300 117303 1780
117301 117298 2340
117301 117299 846
117301 117303 1099
117065 117062 4082
117065 117064 1338
117116 117064 748
117116 117117 1056
117116 117118 2254
117402 117329 4925
117402 117380 254
117402 117403 1358
117420 117403 1508
117420 117419 1259
117420 117423 754
117420 117442 1633
117423 117420 754
117423 117422 1221
117423 117428 712
118461 117434 183
61272 61273 299
61272 61273 299
61272 61274 448
61272 61274 448
117474 61274 1307
117450 61261 3225
117450 117448 337
117450 117454 812
117455 61266 2206
117455 117454 475
118474 117436 440
117442 117420 1633
117442 117443 1508
117442 117446 1432
117505 117504 31
118312 117504 855
61252 61253 431
61252 61255 838
61252 61259 1031
61262 61259 1460
61262 76549 1063
61268 61267 1739
61393 61389 521
61393 61392 1161
61393 77127 621
61479 61478 125
78930 78920 517
78930 78920 517
78930 78931 586
61497 61496 302
61247 61248 475
61247 61249 3035
61407 61276 1012
61344 61342 2651
61344 61350 1816
61344 61357 1212
61349 61347 613
61349 61348 713
61349 61350 650
60949 60950 143
60949 61392 4107
61290 61291 3711
61290 61297 2286
61290 61329 1686
61328 61296 419
61328 61297 475
61328 61329 2570
61330 61323 809
61330 61327 1117
61330 61333 1278
61332 61327 1212
61332 61333 1170
61332 61336 977
78515 78511 364
78515 78514 2712
78515 78522 4129
78521 78063 723
78521 78522 612
78511 77994 1367
78511 78510 3299
78511 78515 364
58045 58043 238
58045 58046 1021
58045 58047 1864
58048 58047 1118
58041 58038 279
58041 58040 2934
58042 58040 374
58043 58040 910
58043 58044 3066
58043 58045 238
76465 76461 437
76465 76466 651
76465 76467 844
76459 76444 404
76459 76461 986
76459 76464 1400
76459 76467 1634
76461 76459 986
76461 76464 998
76461 76465 437
58114 58109 6057
78597 78595 1403
78597 78596 2040
78597 78599 2510
78596 58094 1103
78596 78597 2040
78596 78598 2868
68244 68243 1648
68244 68253 1289
68255 68253 1222
58070 58066 1026
58070 76432 1415
58070 76450 447
58071 58066 884
58071 58068 344
58071 58073 437
58072 58068 569
58072 58073 330
57937 57938 978
57937 57939 481
57937 57956 757
57957 57956 2709
57917 57916 1243
57918 57916 730
76862 57926 206
76862 76860 187
76862 76863 381
77608 76861 99
77382 57949 815
77382 78113 418
77382 78114 565
77963 57949 2681
77963 78103 677
77963 78109 1073
57891 57890 579
57891 57897 364
57891 57898 716
78994 78995 118
78994 78996 93
78994 79000 248
78334 78335 291
78334 78336 406
78334 78939 624
78329 78328 469
78329 78846 168
78329 78934 1078
78939 78334 624
78939 78846 1011
78939 78935 157
78941 78335 917
78941 78832 645
78941 78943 407
79013 76672 401
78332 78328 1002
78332 78934 432
78332 78938 260
79014 79012 441
57906 57905 1357
78368 78108 251
76778 76776 874
57980 57974 1167
57980 57979 71
57980 57984 850
76787 57979 1541
76787 76788 1513
76787 76789 1462
76790 76789 452
76790 76791 240
67982 67974 333
67982 67974 333
67982 68234 333
68241 68234 391
68243 68244 1648
68243 68247 356
68243 68248 2161
68249 68246 624
68249 68247 1239
68249 68248 1761
68248 68243 2161
68248 68246 1657
68248 68249 1761
78977 78970 2998
78978 78970 700
78978 78979 2119
78978 78980 1917
78018 78017 2319
78018 78020 1305
78018 78021 660
78687 78677 1939
78687 78681 1674
78687 78688 906
78677 78465 2643
78677 78680 1706
78677 78687 1939
78677 78689 2185
57334 57335 1072
57334 57335 1072
57334 57336 3397
57334 57338 921
77996 57335 4539
77996 57337 1183
77996 77997 524
77998 77997 1237
77998 77999 1016
78000 77997 735
87523 87524 2180
87523 91502 2937
87525 87524 915
91505 91504 1619
91506 91504 1612
79459 79457 1150
79459 79460 2362
79459 87518 944
79365 79364 2692
79366 79364 839
79446 79447 1110
79446 79469 1849
79446 80507 11027
83899 83898 782
83899 83900 1526
89800 83900 2141
89800 87875 621
89800 89799 605
89800 91798 1531
89814 83898 1526
89814 83900 782
89814 87875 2042
89814 89813 699
91797 89799 1580
89828 80438 930
89828 89826 1222
89828 89838 677
86622 86621 1358
86622 86623 740
86622 89809 614
86622 89825 478
86622 89864 812
89838 86623 905
89838 89809 338
89838 89828 677
89815 89816 2371
89815 89842 338
89825 86622 478
89825 89816 478
89825 89865 1690
89826 86623 909
89826 89827 769
89826 89828 1222
89826 89849 1686
89850 86621 905
89850 89849 831
89850 89851 1042
89850 89868 1822
89726 89724 318
89726 89727 1086
89726 89857 1542
89857 89726 1542
89857 89855 782
89857 89858 818
89857 89861 875
89867 89851 2282
89867 89866 673
89867 89868 903
89859 89860 2463
89859 89866 1574
89859 89871 1344
89861 89857 875
89861 89860 2262
89861 89862 1032
89870 89860 988
89870 89869 2433
89870 89872 713
81101 81100 4064
81101 81105 4874
81101 81106 2329
86224 86225 1509
86224 86226 2147
86224 86228 2440
86226 86224 2147
86226 86227 873
86226 86228 2512
80958 80957 2686
80958 80974 2566
80958 81103 2807
80958 81118 8056
81104 80974 2317
80924 80923 667
80359 80324 2164
80359 80355 1014
80359 80509 4170
80931 80906 2007
80931 80934 1669
80931 80948 428
80946 80934 359
80946 80945 1022
80946 80948 1637
81027 81025 2430
81027 81028 2624
81027 81029 5794
81030 81029 2029
81030 81031 1565
81123 81029 4105
81123 81120 1525
81123 81121 3837
81226 81225 2165
81227 81225 911
81227 81237 2824
81300 81299 1296
81300 81301 751
81300 81302 2158
81303 81299 1935
80902 80903 2897
80902 80904 308
80902 81282 2000
81281 81282 915
81281 81329 5165
81298 81297 1336
81298 81327 510
81318 81317 2259
81318 81319 2577
81318 81327 903
84285 81244 3060
84285 84286 2019
84285 87945 427
86795 84286 2884
86795 86796 1677
86795 91783 1585
82967 82965 1738
82967 82968 1459
82967 82969 1558
83154 82965 1541
83154 82969 1773
83154 83153 905
83154 83173 2423
83175 82969 2381
83175 83174 766
83175 83178 453
83176 83162 689
83176 83177 1141
83176 83178 752
83176 83191 1547
83179 83161 1123
83179 83177 1576
83179 83180 833
83179 83199 3922
83180 83179 833
83180 83181 442
83180 83195 2609
83195 83180 2609
83195 83196 603
83195 83198 2127
83197 83196 2016
83197 83198 593
83020 83021 2568
83020 83022 2788
83020 83028 2376
83021 83020 2568
83021 83022 1290
83021 83023 713
83028 83020 2376
83028 83027 2326
83028 83044 2297
83044 83028 2297
83044 83045 1484
83044 83050 2815
83050 83044 2815
83050 83049 778
83050 83212 2804
83166 83165 796
83166 83168 1625
83166 83204 3250
83166 83207 1004
83167 83165 1625
83167 83168 796
83167 83213 1140
83213 83167 1140
83213 83209 389
83213 83214 1316
83205 83170 1467
83205 83204 893
83205 83207 3236
83030 83029 2372
83010 83212 774
83210 83070 734
83210 83201 3457
83210 83211 3481
83090 83089 5878
83090 83398 1051
91830 82761 2046
91830 83089 1818
91830 91831 965
83109 83108 1780
83109 83108 1780
83109 83110 562
83398 83090 1051
83398 83399 1285
83398 83400 718
83401 83400 1196
83402 83400 1267
91568 91566 1361
91568 91569 792
91568 91570 1115
91569 91567 463
91569 91568 792
91569 91570 840
91574 91567 1772
91574 91570 1573
91574 91733 391
90662 83433 3705
90662 83468 2875
90662 90663 631
91571 90663 572
91571 91566 1422
91571 91572 1031
91571 91573 544
81619 81590 374
81619 81612 1358
81619 81617 1511
81673 81589 1016
81673 81672 2248
81673 81674 686
85991 85990 1210
85993 85992 1250
86830 86831 3903
86830 86832 2406
86830 86834 784
86847 86828 3783
86847 86834 149
86841 86840 4633
86841 86846 984
86845 86842 1031
86845 86846 1040
81358 81350 4550
81358 81356 2161
81358 86522 1274
86506 86507 3000
86506 86829 333
86508 86507 1274
86508 86509 1274
86508 86517 2561
86515 86511 1190
86515 86516 688
86515 86517 1231
86031 86021 1334
86031 86030 1100
91063 91062 713
91064 91062 554
91064 91065 554
91064 91066 1459
86032 86033 846
86032 86084 33
86032 86109 697
86034 86033 1910
86109 86032 697
86109 86107 1222
86109 86108 1231
86109 86119 1556
86120 86108 1336
86120 86119 1274
86120 86121 508
86333 85892 1668
86333 86334 793
86373 86348 356
86373 86372 141
86373 86374 2243
86373 86384 3720
81617 81591 951
81617 81618 985
81617 81619 1511
90959 81769 848
90959 90957 862
90959 90960 1892
90962 90960 925
86839 81751 7848
86839 86838 6842
86839 86840 770
90958 90957 1804
91412 81493 1284
91412 91413 1494
91412 91414 872
91412 91521 1145
81498 81497 1359
81500 81499 1336
81503 81502 2063
81503 81699 614
81648 81647 755
81648 81816 555
81649 81647 2604
81679 81647 1627
81698 81699 876
81698 81700 2242
81698 81703 886
81701 81699 2040
81701 81700 838
81701 90956 452
81850 81697 786
81850 81868 942
85922 85923 1550
85922 86115 1089
90797 86115 944
90797 90798 1927
90797 90799 385
85556 85557 1372
85556 85558 893
85556 85576 905
85548 85549 925
85548 85550 1686
85548 85594 2623
85597 85594 713
85568 85552 2024
85568 85567 1140
85568 85582 419
85909 85908 581
85909 85910 1069
85909 85938 344
85948 85936 848
85948 85938 633
85948 86006 793
85948 86007 888
86007 85947 561
86007 85948 888
90795 85911 1225
90795 85942 729
90795 90796 1171
85935 85674 1265
85935 85934 688
85935 85936 754
85935 86006 713
85963 85962 1891
85963 85964 423
85963 85967 1000
86037 85962 834
86037 86036 829
86037 86038 2873
86037 86105 619
85972 85971 769
85973 85971 880
85973 85974 607
85973 85975 344
85668 85666 130
85668 85672 424
85673 85672 508
85673 85676 1445
85673 86024 338
90650 86024 677
90650 86036 1426
90649 86036 1032
90649 86077 1524
90649 91059 2127
85674 85666 748
85674 85675 651
85674 85935 1265
86039 85977 1222
86039 86038 778
85967 85963 1000
85967 85968 1781
85967 86038 677
90453 90439 2127
90453 90450 931
90453 90543 893
90544 90479 1190
90544 90543 1021
90547 90546 1004
85533 85414 1720
85533 85534 754
85534 85413 2037
85534 85533 754
85542 85541 1274
85543 85541 1467
85472 85546 2774
85530 85546 1311
89752 89753 889
89931 89935 718
89934 89935 818
91715 89935 1912
83962 83963 1722
90433 90432 906
90441 90432 986
90442 90432 880
90402 90403 1885
90404 90403 1487
90437 90423 1443
90479 90423 1906
90479 90544 1190
89664 89666 104
91871 89666 207
89661 89660 186
91873 89660 249
66734 57338 2348
66734 66732 3223
66750 66752 2128
66755 57360 2112
66755 66752 476
66754 66753 1268
66756 66748 762
66756 66753 762
66758 66748 1828
66764 66748 1016
77980 77979 658
77984 77983 362
77981 77975 3396
84895 84894 303
91538 84894 157
79106 79105 483
79106 79107 9111
79147 79146 2922
79147 79898 1241
79898 79146 1690
79898 79147 1241
84866 84865 84
84866 84867 2524
84875 84865 1413
79793 84839 4990
84868 84839 1043
84868 84867 1398
84867 84866 2524
84867 84868 1398
84867 84870 1663
84871 84870 912
79107 79106 9111
79107 79108 1637
57320 57322 3102
57320 57382 1405
57325 57322 4606
57382 57320 1405
57382 57384 2996
57385 57384 3308
57385 57387 359
57387 57385 359
57387 57389 1227
57388 57389 1720
57388 57396 1792
77412 57403 1211
77988 57406 616
78593 57406 714
57359 57361 686
57360 57361 374
57360 66755 2112
57372 57371 3774
57373 57371 713
57373 57374 512
57353 57366 2044
57353 57399 782
57363 57366 782
57349 57350 2408
57374 57373 512
57374 57375 688
57380 57375 2352
57380 57381 950
56896 56901 895
56900 56901 2027
56981 79258 2158
79491 79258 689
79496 79495 500
79479 79478 1128
79480 79478 1162
79607 79608 1592
79607 79608 1592
79775 79773 2915
79775 79777 765
79774 79773 886
79783 79788 218
79575 79574 359
79358 79356 1466
79358 79757 2658
79758 79757 714
79761 79760 755
79762 79360 2090
79762 79760 1496
90916 90915 1459
90921 90915 1361
79786 79771 9264
79356 79357 1799
79356 79358 1466
79356 79978 140
79360 79357 1551
79360 79762 2090
79977 79976 1769
79977 79978 1956
79958 79957 838
79983 79976 1123
79983 79982 1869
80100 80099 1188
80102 80101 755
91503 91502 3149
87520 87521 506
87522 87521 844
80134 91857 15
79968 79967 1816
79980 79966 957
79982 79981 1596
79982 79983 1869
79996 79981 1636
79996 79995 2131
79997 79981 2674
79994 79993 1511
79995 79993 2717
79995 79996 2131
80059 79991 3586
80040 80039 819
80116 80039 524
80066 80117 3921
80118 80117 1955
80069 80067 3431
80091 80095 1258
80163 80165 2842
80188 80165 3141
162319 162318 631
162333 162318 889
162333 162334 684
162270 162334 2340
162337 162334 684
162337 162336 759
162272 162273 675
162272 162336 2340
162274 162273 684
162274 162275 591
162274 162342 2224
117111 117112 1068
117111 117118 1313
117120 117110 558
117120 117112 279
117109 117122 419
117109 117125 1815
117110 117120 558
117110 117122 2966
117088 117098 2571
117097 117096 3266
117097 117098 611
117101 117100 876
117101 117102 1504
117101 117103 356
117094 117096 1088
117282 117100 3160
117282 117280 2454
117038 117281 3955
117280 117281 333
117280 117282 2454
117293 117292 1578
117327 117329 611
117327 117370 2162
117291 117296 2023
117299 117296 2556
117299 117301 846
117302 117300 632
117303 117300 1780
117303 117301 1099
117062 117065 4082
117117 117116 1056
117118 117111 1313
117118 117116 2254
117329 117327 611
117329 117402 4925
117403 117402 1358
117403 117420 1508
61273 61272 299
61273 61272 299
61261 61266 685
61261 61266 685
61261 117450 3225
117448 117450 337
61266 61261 685
61266 61261 685
61266 117455 2206
117443 117442 1508
61253 61252 431
61255 61252 838
76549 61262 1063
78931 78930 586
61248 61247 475
61342 61344 2651
61357 61344 1212
61347 61349 613
61348 61349 713
60950 60949 143
61291 61290 3711
61297 61290 2286
61297 61328 475
61296 61328 419
61323 61330 809
61327 61330 1117
61327 61332 1212
61336 61332 977
78514 78515 2712
78063 78521 723
78510 78511 3299
58044 58043 3066
76444 76459 404
78599 78597 2510
78599 78598 2332
78598 78596 2868
78598 78599 2332
76432 58070 1415
76450 58070 447
58073 58071 437
58073 58072 330
57938 57937 978
57939 57937 481
57926 76862 206
76863 76862 381
78113 77382 418
78113 78109 1078
78114 77382 565
78103 77963 677
78109 77963 1073
78109 78113 1078
57897 57891 364
57898 57891 716
78995 78994 118
78996 78994 93
78335 78334 291
78335 78941 917
78934 78329 1078
78934 78332 432
78934 78935 341
78935 78934 341
78935 78939 157
78943 78941 407
78938 78332 260
57974 57980 1167
57984 57980 850
76788 76787 1513
76788 76789 303
76789 76787 1462
76789 76788 303
76789 76790 452
78979 78978 2119
78980 78978 1917
78020 78018 1305
78021 78018 660
78688 78687 906
78465 78677 2643
78689 78677 2185
57336 57334 3397
57336 57337 961
57338 57334 921
57338 66734 2348
57337 57336 961
57337 77996 1183
77999 77998 1016
79457 79459 1150
87518 79459 944
79447 79446 1110
83898 83899 782
83898 89814 1526
87875 89800 621
87875 89814 2042
91798 89800 1531
89813 89814 699
86621 86622 1358
86621 89850 905
86621 89864 1359
86623 86622 740
86623 89826 909
86623 89838 905
89864 86621 1359
89864 86622 812
89864 89868 752
89842 89815 338
89865 89825 1690
89868 89850 1822
89868 89864 752
89868 89867 903
89727 89726 1086
89727 89858 1641
89858 89727 1641
89858 89857 818
89866 89859 1574
89866 89867 673
89871 89859 1344
89862 89861 1032
89869 89870 2433
89872 89870 713
81100 81101 4064
81100 81120 1727
81106 81101 2329
86225 86224 1509
86227 86226 873
80957 80958 2686
81103 80958 2807
81118 80958 8056
80324 80359 2164
80355 80359 1014
80906 80931 2007
80948 80931 428
80948 80946 1637
80945 80946 1022
81025 81027 2430
81028 81027 2624
81031 81030 1565
81120 81100 1727
81120 81121 3557
81120 81123 1525
81121 81120 3557
81121 81123 3837
81237 81227 2824
81301 81300 751
81302 81300 2158
80903 80902 2897
80903 80904 2764
80904 80902 308
80904 80903 2764
81329 81281 5165
81297 81298 1336
81317 81318 2259
81319 81318 2577
81244 84285 3060
87945 84285 427
86796 86795 1677
91783 86795 1585
82965 82967 1738
82965 83154 1541
82968 82967 1459
83153 83154 905
83173 83154 2423
83173 83174 1059
83174 83173 1059
83174 83175 766
83178 83175 453
83178 83176 752
83162 83161 788
83162 83176 689
83191 83176 1547
83161 83162 788
83161 83170 4009
83161 83179 1123
83199 83170 821
83199 83179 3922
83198 83195 2127
83198 83197 593
83165 83166 796
83165 83167 1625
83204 83166 3250
83204 83205 893
83214 83213 1316
83170 83161 4009
83170 83199 821
83170 83205 1467
83070 83210 734
83201 83210 3457
82761 91830 2046
91831 91830 965
83110 83109 562
83399 83398 1285
91566 91567 837
91566 91568 1361
91566 91571 1422
91567 91566 837
91567 91569 463
91567 91574 1772
91733 91574 391
83433 90662 3705
83468 90662 2875
91572 91571 1031
91573 91571 544
81590 81589 854
81590 81591 1529
81590 81619 374
81589 81590 854
81589 81673 1016
81672 81673 2248
86831 86830 3903
86831 86832 2567
86832 86830 2406
86832 86831 2567
86828 86829 1828
86828 86847 3783
86842 86845 1031
81350 81358 4550
81356 81358 2161
86829 86506 333
86829 86828 1828
86509 86508 1274
86509 86511 3361
86511 86509 3361
86511 86515 1190
86516 86515 688
86021 86031 1334
91065 91064 554
91066 91064 1459
86084 86032 33
86107 86109 1222
86108 86109 1231
86108 86120 1336
86121 86120 508
85892 86333 1668
86372 86373 141
86374 86373 2243
86384 86373 3720
81591 81590 1529
81591 81617 951
81769 90959 848
81751 86839 7848
86838 86839 6842
91413 91412 1494
91414 91412 872
91521 91412 1145
81699 81503 614
81699 81698 876
81699 81701 2040
81816 81648 555
90956 81701 452
81868 81850 942
90798 90797 1927
90799 90797 385
85557 85556 1372
85576 85556 905
85549 85548 925
85908 85909 581
85908 85936 754
85910 85909 1069
85910 85911 1308
85936 85908 754
85936 85935 754
85936 85948 848
85911 85910 1308
85911 90795 1225
90796 90795 1171
85934 85675 1463
85934 85935 688
85964 85963 423
86038 85967 677
86038 86037 2873
86038 86039 778
86105 86037 619
85974 85973 607
85975 85973 344
85676 85673 1445
85676 85675 338
86077 90649 1524
91059 90649 2127
85675 85674 651
85675 85676 338
85675 85934 1463
90439 90453 2127
90450 90453 931
487
81582
81603
81610
86146
85989
86833
86521
86518
86027
91061
86035
86443
86332
81611
90955
86856
81492
81496
81501
81510
81706
81694
81696
81702
86143
85925
91071
85593
85596
85939
85941
85945
86008
85970
86019
86025
85667
85924
85978
85980
85514
85583
85496
85486
90545
85411
85412
85512
85551
85538
89754
89947
89945
89959
90415
90418
90431
90448
90424
89667
89658
66709
66733
66737
66746
77974
77976
77977
77982
79099
79102
91540
79104
79145
84840
78947
57392
57390
78982
57405
57362
57367
57400
57401
57376
57431
57432
79255
79498
79476
85732
79764
79772
79789
79566
79573
79759
79770
90624
79778
79959
80098
80081
91497
91501
79956
79965
79974
79973
80037
80068
80096
162317
162335
162276
162341
170119
162278
117121
117135
117099
117126
117134
117127
117283
117286
117294
117316
117369
117298
117064
117380
117419
117422
117428
117434
61274
117454
117436
117446
117504
61259
61267
77127
61478
78920
61496
61249
61276
61350
61392
61329
61333
61389
78522
77994
58047
58040
58038
76466
76467
76464
58109
78595
58046
58094
68253
58066
58068
57956
57916
76860
76861
57949
57890
79000
78336
78846
78832
76672
78328
79012
57905
78108
76776
57979
76791
68234
67974
68247
68246
78970
78017
78681
78680
57335
77997
87524
91504
79460
79364
79469
83900
89799
80438
89809
89816
89827
89849
89724
89855
89851
89860
81105
86228
80974
80923
80507
80509
80934
81029
81225
81299
81282
81327
84286
82969
83177
83181
83196
83022
83023
83027
83045
83049
83168
83209
83207
83029
83212
83211
83089
83108
83400
91570
90663
90453
90544
85533
85534
85542
85472
85530
89752
89931
89934
83962
90433
90441
90442
90402
90404
90437
90479
89664
89661
66734
66750
66755
66756
66758
66764
77980
84895
91538
79106
79147
79898
84866
79793
84868
84871
79107
57320
57325
57382
57385
57387
57388
77412
57359
57360
57372
57373
57353
57363
57349
57374
57380
56896
56900
56981
79491
79480
79607
79775
79783
79358
79762
90916
79786
79360
79977
79983
80102
87520
80134
79982
79996
79997
79995
80040
80116
80066
80118
80069
80091
80163
80188
162319
162333
162270
162337
162272
117111
117120
117109
117110
117088
117097
117094
117282
117038
117280
117327
117291
117299
117302
117303
117062
117117
117329
117403
61273
61261
117448
61266
117443
61253
61255
76549
61342
61357
61347
61348
61291
61297
61296
61323
61327
78514
78063
78510
58044
76444
78599
78598
76432
58073
57939
57926
78103
78109
78335
78934
78935
57974
57984
76788
78021
78465
78689
57336
57338
77999
79457
79447
83898
87875
89813
89842
89727
89858
89866
89862
89869
89872
81100
80957
81103
81118
80324
80355
80906
80948
80945
81025
81031
81121
81237
80903
81297
81317
81319
81244
87945
86796
91783
82965
83153
83173
83174
83178
83162
83191
83161
83165
83204
83170
83070
83201
82761
91831
83433
83468
81589
81672
86831
86832
86842
81350
81356
86829
86509
86511
86021
86084
86107
86108
85892
86372
86374
86384
81591
81769
81751
86838
91414
81816
81868
85557
85576
85549
85908
85910
85936
85911
85934
85964
86038
86105
85676
86077
91059
85675
90439
90450
