864
105741 105742 760
105741 105745 866
191523 191524 1679
192019 191815 277
192019 191931 484
192128 191727 775
193853 192129 62
191928 191581 1518
191928 191930 214
191930 191577 6665
191930 191928 214
191584 191579 3231
191584 191580 3115
191585 191586 1292
191585 191822 155
191899 191900 990
192111 192112 2502
192111 192854 567
192835 192833 920
192835 192836 1124
194219 194217 2737
194219 194221 4707
192854 192111 567
192854 192855 16766
193023 193019 1531
193023 193022 1504
193026 193027 1766
193026 193027 1766
193026 193956 97
193966 193968 713
193966 193969 324
107597 107598 905
107597 107617 1014
107597 107626 1031
109833 109834 672
109833 109836 1959
107707 107706 903
107707 107711 1483
107710 107636 1267
107710 107711 1114
107710 109822 2124
107681 107684 1141
107681 107699 1809
107717 107718 452
107717 107730 2124
107736 107731 503
107736 107737 1742
107705 107706 1693
107705 107725 562
107723 107722 420
107723 107724 787
107652 107651 2712
107652 107678 278
107679 107678 3057
107679 107684 344
107654 107648 675
107654 107655 3916
107598 107597 905
107598 107599 1361
107626 107597 1031
107626 107615 1014
107627 107616 3310
113639 113637 762
107584 107586 1688
107584 107649 344
107674 107675 796
107674 107676 2407
107642 107643 373
107642 107644 2414
107690 107692 1426
107690 107696 1208
107714 107754 2005
107715 107698 2887
107715 107716 818
107735 107729 1671
107735 113581 1510
107839 107840 1447
107849 107850 893
107849 107851 508
111017 111016 764
111017 111018 1786
111011 111118 1691
111136 111137 1682
111131 111116 1233
111936 111937 1639
111936 111943 1375
111947 111946 1978
111960 111946 788
111960 111961 1955
111967 111961 847
111967 111971 2044
111994 111971 868
111994 112094 2044
112096 112094 598
112096 112098 1809
112104 112098 764
112104 112106 2153
112104 112125 848
112017 112030 1344
112021 112020 1160
112028 112025 847
112028 112277 788
112028 112280 1611
112277 112028 788
112277 112279 1700
112125 112104 848
112125 112126 2192
112125 112279 847
33612 33613 1055
33626 112300 681
113430 112345 672
113430 113436 2138
113437 113436 1611
112346 112340 847
112346 112345 2044
112346 113436 764
112347 112340 2578
112347 112348 840
112452 112457 2375
112451 112448 764
112451 112449 2237
112451 112462 672
112465 112440 1611
112465 112448 1483
112465 113153 445
113153 112450 869
113153 112465 445
113153 113154 1014
112460 112458 847
112460 112459 1576
112462 112451 672
112462 112458 2028
112461 112455 1454
112461 112459 847
112455 112456 764
112455 112461 1454
113116 112394 796
113116 113114 889
113121 113125 344
112393 112392 580
112393 112394 764
112393 113147 1611
112907 112895 1453
112920 112681 3508
112920 112919 1875
112920 112936 1031
112936 112682 2960
112936 112920 1031
112952 112949 847
112952 112955 2028
112956 112385 2468
112956 112955 764
112957 112385 788
112957 112388 1014
112957 113112 764
113112 112397 505
113112 112398 556
113112 112957 764
113114 112396 333
113114 112397 473
113114 113116 889
112683 112682 1167
112683 112684 1344
112938 112684 1982
112938 112943 1139
112983 112943 2364
112983 112985 1030
113000 112999 1062
113000 113164 1031
113163 113164 2311
113163 113169 1031
113172 113169 2663
113106 113107 836
113106 113108 2751
113106 113267 337
113268 113270 1142
112662 112661 905
112662 112667 1223
112661 112662 905
112661 112663 1280
112661 113038 782
113488 113038 1612
113488 113492 475
113099 113100 1544
112973 112979 1713
113243 113244 909
113170 113166 2335
113170 113169 1139
113221 113166 1139
113221 113219 1143
113222 113219 1161
113222 113220 765
113225 113085 869
113225 113220 1139
112975 112974 950
112975 113085 818
105716 105715 403
105716 113509 1160
113500 113492 344
113500 113496 796
113496 113494 869
113496 113495 713
113496 113500 796
113505 113495 1280
113505 113503 924
113505 113512 1701
113512 113505 1701
113512 113509 847
105299 105294 762
105299 105307 982
105306 105294 1776
105306 105715 884
105291 105290 924
105291 105294 2478
105341 104645 1036
105341 105342 1057
105346 105347 764
105346 105357 1571
105357 105346 1571
105357 105358 757
105357 105364 1179
105302 105301 1777
105302 105303 646
105302 105304 322
105333 104653 1549
105333 105304 1120
104629 104630 936
104629 104633 866
104651 104633 1382
104651 104654 751
104646 104637 2695
104646 104645 1126
103479 103481 904
103479 103575 1093
103479 103578 1447
103482 103481 649
103736 103481 1544
103736 103738 1160
105396 105397 1671
105391 105361 526
105391 105393 2508
105393 105376 886
105393 105391 2508
105362 104689 698
105362 105361 716
105364 105357 1179
105364 105360 757
39887 39885 139
39887 39888 1742
39888 39887 1742
39888 39900 688
39882 39876 947
39882 39893 2057
39879 50256 1451
39926 39925 2367
39926 39989 556
39928 39927 789
39928 39987 1254
39850 39849 1073
39850 39853 975
39850 39856 2090
39854 39853 1073
39861 39858 511
39862 39859 872
40056 40059 279
40071 50438 353
40071 50438 353
40072 40073 483
40072 40073 483
40072 105261 337
104884 104885 1438
104884 104889 2230
104931 104930 344
104931 105142 677
105143 105144 557
105163 105162 2280
105163 105164 884
105163 105218 836
105232 105230 630
105232 105243 339
105192 105191 431
104989 104988 676
104991 104988 1533
104991 104992 418
104991 105194 399
104986 40053 435
104986 104987 1145
105256 105255 480
105256 113707 1671
105220 105231 288
105165 105123 2147
105165 105129 969
105128 105126 737
105128 110010 2003
105129 105122 2151
105129 105165 969
105129 105226 558
105427 105125 420
105447 105448 553
105447 105449 2903
103575 103479 1093
103575 103586 975
103575 103703 1344
103578 103479 1447
103578 103737 1781
103666 103739 2064
103701 103703 2068
103701 103706 227
103741 103739 1248
103741 105384 2814
105385 105384 1468
105385 105386 1573
105091 105386 1350
105431 105449 1471
105449 105431 1471
105449 105447 2903
39989 39926 556
39924 39925 672
41096 41113 2453
41113 41096 2453
55368 55367 3339
55367 55368 3339
49368 49373 772
49373 49368 772
49164 49165 796
49165 49164 796
49692 49797 1085
49797 49692 1085
144387 144388 793
144388 144387 793
144381 144380 370
144380 144381 370
144409 144410 593
144410 144409 593
144595 144596 420
144596 144595 420
144596 144600 933
144600 144596 933
196722 196363 1254
196363 196722 1254
196372 196416 1764
196416 196372 1764
141544 141538 999
139858 139861 266
139861 139858 266
140234 141538 1258
141538 140234 1258
141538 141544 999
142374 142375 872
141526 141527 1723
142377 142376 870
141841 141827 851
141827 141841 851
141829 141837 792
141837 141829 792
141527 141526 1723
142375 142374 872
142375 142376 689
142376 142375 689
142376 142377 870
56267 56268 139
56268 56267 139
196629 196630 1611
196630 196629 1611
207616 207621 709
207621 207616 709
207627 207638 846
207638 207627 846
207638 207639 755
207639 207638 755
207639 207661 797
207661 207639 797
207661 207663 796
207505 207514 715
207512 207509 727
207509 207512 727
207673 207672 1151
207742 207743 183
207743 207742 183
207671 207672 499
207672 207671 499
207672 207673 1151
207663 207661 796
196824 196851 583
196851 196824 583
145459 145463 849
145463 145459 849
145994 145995 336
145995 145994 336
146004 146025 773
151431 151428 915
151428 151431 915
146025 146004 773
151367 151369 2230
151369 151367 2230
139760 139758 802
139760 139758 802
139758 139760 802
139758 139760 802
203674 203587 808
203587 203674 808
204029 204023 709
204106 204103 955
204103 204106 955
204103 204119 774
204119 204103 774
203753 203754 1668
203754 203753 1668
204007 204012 499
204012 204007 499
204024 204025 750
204025 204024 750
204023 204029 709
207964 207961 1023
207557 207558 1010
207558 207557 1010
207961 207964 1023
207564 207561 944
207561 207564 944
207514 207505 715
207587 207588 947
207588 207587 947
207588 207593 346
207592 207593 451
207593 207588 346
207593 207592 451
208124 208128 782
208128 208124 782
208153 208163 796
208163 208153 796
208379 208381 705
208381 208379 705
208341 208424 801
208424 208341 801
163705 163715 2024
166849 185011 1014
185011 166849 1014
163715 163705 2024
180552 180543 2653
180543 180552 2653
182264 182263 1099
182263 182264 1099
173733 173735 2192
173735 173733 2192
176380 176373 344
176373 176380 344
176383 176385 905
176385 176383 905
173650 173737 5120
173737 173650 5120
174546 174644 2297
174644 174546 2297
174739 174738 766
174738 174739 766
174738 174745 766
174745 174738 766
175282 175299 849
175299 175282 849
175540 175539 873
175539 175540 873
174472 174473 709
174473 174472 709
210847 210952 633
210952 210847 633
210968 210970 901
210970 210968 901
211034 211035 1098
211035 211034 1098
211035 211037 1963
211037 211035 1963
163546 163544 421
163544 163546 421
163756 163754 2334
163754 163756 2334
163766 163767 842
163767 163766 842
163031 163042 2036
163042 163031 2036
164179 164201 2461
164201 164179 2461
164158 164157 537
164157 164158 537
164128 164129 606
164129 164128 606
212374 212376 606
212376 212374 606
212376 212390 622
212390 212376 622
164487 164483 745
164487 164483 745
164483 164487 745
164483 164487 745
212133 212134 820
212134 212133 820
114451 114452 2484
114452 114451 2484
115660 115662 419
115662 115660 419
106700 106884 1343
106884 106700 1343
105760 105761 3059
105761 105760 3059
105749 105745 1669
105742 105741 760
105745 105741 866
105745 105749 1669
191524 191523 1679
191815 191931 325
191815 192019 277
191931 191815 325
191931 192019 484
191727 192128 775
192129 193853 62
191581 191928 1518
191577 191930 6665
191579 191580 1725
191579 191584 3231
191580 191579 1725
191580 191584 3115
191586 191585 1292
191822 191585 155
191900 191899 990
192112 192111 2502
192833 192835 920
192836 192835 1124
194217 194219 2737
194221 194219 4707
192855 192854 16766
193019 193023 1531
193022 193023 1504
193027 193026 1766
193027 193026 1766
193956 193026 97
193968 193966 713
193969 193966 324
107617 107597 1014
107617 107615 1361
109834 109833 672
109836 109833 1959
107706 107705 1693
107706 107707 903
107706 107725 1794
107711 107707 1483
107711 107710 1114
107711 107724 1981
107636 107710 1267
109822 107710 2124
109822 107722 1268
107684 107679 344
107684 107681 1141
107699 107681 1809
107699 107698 1160
107718 107717 452
107730 107717 2124
107730 107731 1234
107731 107729 1711
107731 107730 1234
107731 107736 503
107737 107736 1742
107725 107705 562
107725 107706 1794
107725 107724 796
107722 107723 420
107722 109822 1268
107724 107711 1981
107724 107723 787
107724 107725 796
107651 107652 2712
107678 107652 278
107678 107679 3057
107648 107649 549
107648 107654 675
107655 107654 3916
107599 107598 1361
107615 107616 336
107615 107617 1361
107615 107626 1014
107616 107615 336
107616 107627 3310
113637 113639 762
107586 107584 1688
107649 107584 344
107649 107648 549
107675 107644 788
107675 107674 796
107676 107674 2407
107643 107642 373
107644 107642 2414
107644 107675 788
107692 107690 1426
107696 107690 1208
107754 107714 2005
107754 107716 607
107698 107699 1160
107698 107715 2887
107716 107715 818
107716 107754 607
107729 107731 1711
107729 107735 1671
113581 107735 1510
107840 107839 1447
107850 107849 893
107851 107849 508
111016 111017 764
111018 111017 1786
111118 111011 1691
111137 111136 1682
111116 111131 1233
111937 111936 1639
111937 111943 764
111943 111936 1375
111943 111937 764
111943 111946 868
111946 111943 868
111946 111947 1978
111946 111960 788
111961 111960 1955
111961 111967 847
111971 111967 2044
111971 111994 868
112094 111994 2044
112094 112096 598
112098 112096 1809
112098 112104 764
112106 112104 2153
112106 112126 681
112030 112017 1344
112020 112021 1160
112025 112028 847
112280 112028 1611
112280 112279 681
112279 112125 847
112279 112277 1700
112279 112280 681
112126 112106 681
112126 112125 2192
33613 33612 1055
112300 33626 681
112345 112346 2044
112345 113430 672
113436 112346 764
113436 113430 2138
113436 113437 1611
112340 112346 847
112340 112347 2578
112348 112347 840
112457 112452 2375
112448 112440 764
112448 112451 764
112448 112465 1483
112449 112451 2237
112449 112458 788
112440 112448 764
112440 112450 1827
112440 112465 1611
112450 112440 1827
112450 113153 869
113154 113153 1014
112458 112449 788
112458 112460 847
112458 112462 2028
112459 112456 1466
112459 112460 1576
112459 112461 847
112456 112455 764
112456 112459 1466
112394 112393 764
112394 112396 788
112394 113116 796
113125 113121 344
112392 112393 580
113147 112393 1611
112895 112907 1453
112681 112682 1393
112681 112920 3508
112919 112920 1875
112682 112681 1393
112682 112683 1167
112682 112936 2960
112949 112952 847
112955 112952 2028
112955 112956 764
112385 112956 2468
112385 112957 788
112388 112398 809
112388 112957 1014
112397 112396 336
112397 112398 751
112397 113112 505
112397 113114 473
112398 112388 809
112398 112397 751
112398 113112 556
112396 112394 788
112396 112397 336
112396 113114 333
112684 112683 1344
112684 112938 1982
112943 112938 1139
112943 112983 2364
112985 112983 1030
112999 113000 1062
113164 113000 1031
113164 113163 2311
113169 113163 1031
113169 113170 1139
113169 113172 2663
113107 113106 836
113108 113106 2751
113267 113106 337
113270 113268 1142
112667 112662 1223
112663 112661 1280
113038 112661 782
113038 113488 1612
113492 113488 475
113492 113500 344
113100 113099 1544
112979 112973 1713
113244 113243 909
113166 113170 2335
113166 113221 1139
113219 113221 1143
113219 113222 1161
113220 113222 765
113220 113225 1139
113085 112975 818
113085 113225 869
112974 112975 950
105715 105306 884
105715 105716 403
113509 105716 1160
113509 113512 847
113494 113496 869
113495 113496 713
113495 113505 1280
113503 113505 924
105294 105291 2478
105294 105299 762
105294 105306 1776
105307 105299 982
105290 105291 924
104645 104646 1126
104645 105341 1036
105342 105341 1057
105342 105347 759
105347 105342 759
105347 105346 764
105358 105357 757
105358 105360 1091
105301 105302 1777
105303 105302 646
105303 105304 616
105304 105302 322
105304 105303 616
105304 105333 1120
104653 104654 496
104653 105333 1549
104630 104629 936
104630 104637 1160
104633 104629 866
104633 104651 1382
104654 104651 751
104654 104653 496
104637 104630 1160
104637 104646 2695
103481 103479 904
103481 103482 649
103481 103736 1544
103481 103737 1015
103738 103736 1160
103738 103737 1444
103738 105397 1411
105397 103738 1411
105397 105396 1671
105361 105362 716
105361 105391 526
105376 105393 886
104689 105360 641
104689 105362 698
105360 104689 641
105360 105358 1091
105360 105364 757
39885 39859 1979
39885 39887 139
39900 39888 688
39876 39882 947
39893 39882 2057
50256 39879 1451
39925 39924 672
39925 39926 2367
39927 39928 789
39987 39928 1254
39849 39850 1073
39853 39850 975
39853 39854 1073
39853 40053 1344
39856 39850 2090
39858 39859 975
39858 39861 511
39859 39858 975
39859 39862 872
39859 39885 1979
40059 40056 279
50438 40071 353
50438 40071 353
50438 40073 438
50438 40073 438
40073 40072 483
40073 40072 483
40073 50438 438
40073 50438 438
105261 40072 337
104885 104884 1438
104889 104884 2230
104930 104931 344
105142 104931 677
105144 105143 557
105162 105163 2280
105164 105163 884
105218 105163 836
105218 105230 1946
105230 105218 1946
105230 105231 1066
105230 105232 630
105243 105232 339
105191 105192 431
104988 104989 676
104988 104991 1533
104992 104991 418
105194 104991 399
40053 39853 1344
40053 104986 435
104987 104986 1145
105255 105256 480
113707 105256 1671
105231 105220 288
105231 105230 1066
105123 105122 1003
105123 105165 2147
105126 105125 2736
105126 105128 737
110010 105128 2003
105122 105123 1003
105122 105129 2151
105226 105129 558
105125 105126 2736
105125 105427 420
105448 105447 553
103586 103575 975
103703 103575 1344
103703 103701 2068
103737 103481 1015
103737 103578 1781
103737 103738 1444
103737 103739 1472
103739 103666 2064
103739 103737 1472
103739 103741 1248
103706 103701 227
105384 103741 2814
105384 105385 1468
105386 105091 1350
105386 105385 1573
942
105741
191523
192019
192128
193853
191928
191930
191584
191585
191899
192111
192835
194219
192854
193023
193026
193966
107597
109833
107707
107710
107681
107717
107736
107705
107723
107652
107679
107654
107598
107626
107627
113639
107584
107674
107642
107690
107714
107715
107735
107839
107849
111017
111011
111136
111131
111936
111947
111960
111967
111994
112096
112104
112017
112021
112028
112277
112125
33612
33626
113430
113437
112346
112347
112452
112451
112465
113153
112460
112462
112461
112455
113116
113121
112393
112907
112920
112936
112952
112956
112957
113112
113114
112683
112938
112983
113000
113163
113172
113106
113268
112662
112661
113488
113099
112973
113243
113170
113221
113222
113225
112975
105716
113500
113496
113505
113512
105299
105306
105291
105341
105346
105357
105302
105333
104629
104651
104646
103479
103482
103736
105396
105391
105393
105362
105364
39887
39888
39882
39879
39926
39928
39850
39854
39861
39862
40056
40071
40072
104884
104931
105143
105163
105232
105192
104989
104991
104986
105256
105220
105165
105128
105129
105427
105447
103575
103578
103666
103701
103741
105385
105084
105091
105431
105449
39989
39913
39918
39969
39973
39983
39924
39932
40013
40038
40047
40050
41263
41096
41113
41119
41115
41126
41213
41315
50418
41214
41209
41238
41245
41233
41237
41366
53269
53399
53423
55051
55120
55122
55287
55300
55302
53598
55368
55306
55312
55367
53407
53409
48648
53436
41544
49203
49227
49368
49376
49373
49416
49402
49404
49405
49412
49259
49164
49353
49165
49169
49360
50365
49447
50347
48979
35717
49471
49630
49801
48178
49636
49660
49665
49692
49796
49797
53807
53809
53819
144387
144388
144381
142455
144380
142439
142400
142401
142436
144400
144409
144410
144450
144464
144466
144580
144595
144596
144600
144632
196688
196691
196696
196704
196722
196363
196414
196427
196372
196416
141537
141542
141543
141544
148161
151970
141555
141556
141489
141519
150666
139858
139861
139862
139872
140174
140218
140223
140238
140234
141538
141547
140153
140165
142374
142380
142397
146995
151931
141526
142260
142296
142303
142305
142377
141841
141827
141829
141837
141840
142255
141527
141534
141776
141781
141783
141808
141811
141842
142375
142376
56067
56080
56003
55932
55957
55985
55989
55992
56000
55906
56091
56097
56267
56268
56272
56275
56279
56288
56302
196631
196629
196630
204346
204741
204743
204749
207616
207621
207627
207638
207639
207661
207505
207512
207509
207738
203557
207673
207742
207743
207671
207672
207663
196823
196824
196851
196857
196863
196866
196880
196816
196820
145357
145358
145446
145457
145459
145463
145988
145994
145995
146004
151409
151414
151415
151376
151431
151428
146025
146029
151367
151369
151345
151344
139760
151378
203675
139758
203674
203572
203587
204029
194999
204106
204103
204115
204119
204117
204325
204328
204331
203582
203606
203588
203589
203688
203690
203724
203729
203753
203754
203760
204005
204007
204012
204024
204025
204023
207964
207605
207608
207596
207600
207551
207557
207558
207961
207962
207564
207567
207569
207561
207514
207521
207587
207588
207592
207593
207607
207985
207987
207989
207997
208082
208124
208128
208135
208136
208151
208153
208163
208374
208379
208373
208381
208386
208392
208393
208341
208424
208439
208444
210687
210690
178673
178689
178707
178773
178789
180613
180272
180274
180312
163712
163705
163709
166352
185085
185072
185071
185143
185135
185131
185153
163694
166593
166408
166599
166598
166358
166641
160137
166852
166886
160139
166888
166841
166849
185011
163689
163715
180765
180793
180514
180791
180528
180552
180557
180543
182397
182406
182457
182459
182522
182264
182420
182263
182450
181967
181956
182005
182246
182539
182463
185248
173733
173741
173760
173735
182557
182562
185178
152181
152199
152184
176300
176322
176380
176373
176383
176385
152266
152267
185113
185124
173963
173648
173650
173809
173898
173737
174546
174644
174739
174671
174662
174666
174738
174745
175215
175221
186024
175282
175305
174286
175298
175299
175324
175266
175295
174748
175388
175392
175398
175247
175228
175248
175451
175452
175439
175694
175603
175710
175743
185708
175741
175737
176777
174784
175547
175611
185794
175540
175539
175673
175684
175638
175647
175690
174469
174529
174543
174472
174466
174473
174463
210847
210952
210968
210970
210975
211034
211035
211037
211043
211047
211098
211100
211766
211770
211773
211046
211076
211080
211096
203018
211792
211807
211815
163511
163527
163532
163546
163544
163732
163802
163739
163807
163756
163754
163766
163767
163770
163862
163716
166354
163687
163719
163801
163724
163031
163468
163465
163519
163024
163437
163455
163042
164013
164286
164207
164208
164179
164201
164205
164272
164190
164203
164197
164298
164274
164300
164107
164158
164154
164157
164156
164128
164142
164129
212374
212376
212390
164487
212392
164136
164145
164148
164483
211811
198919
211822
211965
212133
212134
212142
212144
212160
212323
212335
212162
214316
198591
212379
178713
178778
114619
115390
114636
114666
114592
114597
114447
114459
114461
114451
114441
114452
115037
115162
115154
115215
114868
114894
114905
114875
114881
115040
115065
92087
92124
115124
115122
115322
115350
115364
115656
115660
115662
106814
107021
107173
107362
107309
113635
107003
107301
106870
92882
92918
92926
92938
92939
106889
106700
106884
106910
106486
105754
105756
105760
105761
116041
116043
116111
116114
116122
105749
105737
105742
105745
191524
191815
191931
191727
192129
191581
191577
191579
191822
191900
192833
192836
194217
192855
193019
193022
193027
193968
107617
109834
109836
107636
109822
107684
107699
107718
107730
107722
107651
107678
107648
107655
113637
107649
107675
107676
107644
107692
107696
107698
107729
107851
111016
111118
111116
111937
111943
111946
111961
111971
112094
112098
112106
112020
112025
112280
112279
112126
112300
112345
112340
112348
112457
112448
112449
112440
112450
112458
112459
112456
112394
112392
112895
112681
112919
112949
112955
112385
112388
112398
112396
112684
112943
112985
112999
113164
113169
113107
113108
113267
113270
113038
113492
113100
112979
113166
113219
113220
113085
112974
105715
113509
113494
113495
113503
105294
105290
104645
105342
105358
105303
105304
104653
104630
104633
104654
104637
105397
105361
105376
104689
39885
39876
39925
39927
39849
39853
39856
39858
39859
40073
105261
104885
104889
104930
105142
105144
105162
105218
105230
105243
105191
104988
104992
104987
113707
105231
105123
105126
105122
105125
103739
105384
105386
