462
110946 110948 668
109840 109841 905
109840 110955 1777
111169 110967 1376
111172 111171 982
111094 111093 713
111094 111097 238
111093 111094 713
111093 111095 1558
111167 111095 836
111167 111173 2031
111187 111173 737
111187 111192 1420
110964 110965 893
111002 110965 1610
111193 111192 889
111193 111319 1480
111193 111458 872
111196 111458 1420
111196 111460 672
103344 103343 557
103344 111465 418
103346 103342 782
103346 111531 1432
111217 111218 737
111217 111466 1223
111217 111467 672
111209 111221 1696
111209 111223 23
111898 111233 2186
111898 111902 344
111903 111902 201
112032 112033 2089
112037 111554 1437
112037 112033 473
112037 112038 737
112038 112036 975
112038 112037 737
112038 112042 809
112042 112038 809
112042 112043 279
112052 112043 840
112031 111552 1091
112031 112035 782
111547 111548 796
111547 111550 1931
111547 111552 610
111590 111548 1515
111590 111591 778
112063 111591 1679
112064 111583 1767
112077 112066 354
112077 112111 778
112111 112071 168
112111 112077 778
112114 112085 336
112114 112119 796
112119 111723 3366
112119 112114 796
112119 112141 818
112152 112142 672
112207 112156 796
112207 112209 434
112209 112207 434
112209 112210 782
112211 112210 764
112211 112212 672
112212 112167 1466
112212 112211 672
112226 112167 764
112226 112228 782
112350 112352 1344
112355 112352 764
112258 112352 931
112231 112229 847
111781 111757 1445
111781 111767 840
111781 111788 840
111782 111751 672
111782 111767 1447
111788 111774 1454
111788 111781 840
111775 111774 847
111746 111733 1085
111746 111745 516
112584 111677 354
112584 111678 222
112584 112585 580
112646 112585 764
112647 112648 562
111743 111734 672
111743 111737 1558
111743 111749 598
111751 111749 1447
111751 111782 672
112612 112611 1336
112654 112648 434
112171 111773 252
112171 112174 588
112180 112179 1556
112180 112181 354
112181 112180 354
112181 112184 1592
112191 112190 2171
112195 112190 1208
112195 112194 672
112195 112205 809
112193 112184 869
112193 112188 1466
112640 112607 279
112689 112728 2014
112729 112728 747
112727 103368 2079
112727 112719 836
112703 112696 473
112703 112704 696
112703 112719 1944
112353 112352 1576
112237 112214 788
112237 112229 1576
112205 112195 809
112205 112214 1234
113012 113018 836
113350 113351 1955
113351 113350 1955
104327 113377 2065
113377 104327 2065
113011 113010 1466
113010 113011 1466
113018 113012 836
104611 104610 1593
104526 104519 1901
104519 104526 1901
104517 104567 435
104567 104517 435
104434 104435 418
104435 104434 418
39810 39809 511
39608 39609 927
39609 39608 927
39805 39605 884
39809 39810 511
39605 39805 884
104824 104971 336
104971 104824 336
104610 104611 1593
104459 105046 1615
105046 104459 1615
39656 39662 697
39662 39656 697
39648 39665 1085
39665 39648 1085
41008 41020 2381
41020 41008 2381
41054 41136 673
41136 41054 673
40864 40645 2368
40892 40895 2559
40895 40892 2559
40645 40864 2368
40985 40981 933
40981 40985 933
40984 41662 1344
41662 40984 1344
55455 55457 948
48659 48664 1027
48664 48659 1027
48664 48681 1303
48681 48664 1303
48788 48789 738
48789 48788 738
49068 49069 558
49069 49068 558
48966 48967 1228
48967 48966 1228
49111 49110 713
49110 49111 713
129928 131885 1484
131885 129928 1484
54401 54402 789
54402 54401 789
53851 53852 984
53852 53851 984
53795 53796 3291
53796 53795 3291
53833 53926 418
53926 53833 418
55158 55197 837
55197 55158 837
144477 142524 2367
144477 144485 2554
144485 144477 2554
144485 144522 2737
144522 144485 2737
150684 150402 1592
150402 150684 1592
142316 142318 774
142524 144477 2367
142318 142288 752
142318 142316 774
141645 141917 552
141917 141645 552
142560 142568 552
142568 142560 552
142288 142318 752
55457 55455 948
56131 55480 2321
55480 56131 2321
204673 204688 857
204688 204673 857
204688 204691 1500
204691 204688 1500
204738 204740 349
204740 204738 349
145326 145328 1132
145328 145326 1132
145328 145329 1003
145329 145328 1003
145337 145487 1246
145487 145337 1246
145560 145561 774
145561 145560 774
145561 145570 851
145570 145561 851
145404 145406 740
145747 145746 762
145746 145747 762
145406 145404 740
145814 145815 654
145815 145814 654
146043 146044 762
146044 146043 762
146049 146060 552
146060 146049 552
146060 146061 330
146061 146060 330
151539 151542 859
151542 151539 859
203778 203780 773
203780 203778 773
203809 203813 884
203813 203809 884
204416 204427 914
204427 204416 914
208526 208120 1129
208120 208526 1129
208564 208565 793
208565 208564 793
208176 208175 960
208175 208176 960
208177 208121 834
208121 208177 834
207795 207799 821
207799 207795 821
208195 208409 1963
208409 208195 1963
210758 210757 1593
210757 210758 1593
210757 210772 1936
210772 210757 1936
166524 166529 893
166529 166524 893
166664 166663 1907
167077 167078 1396
167078 167077 1396
166663 166664 1907
152395 152393 2484
180423 180424 1363
180424 180423 1363
173602 173603 551
173603 173602 551
181929 181944 599
181944 181929 599
182205 182209 1161
182209 182205 1161
152393 152395 2484
176437 176447 1263
173635 173637 1137
173637 173635 1137
176447 176437 1263
176454 176459 2233
176459 176454 2233
155512 155513 552
155513 155512 552
175988 175989 2283
175989 175988 2283
175876 175885 861
176998 176999 1602
176999 176998 1602
175844 175835 849
176102 176099 677
176099 176102 677
175885 175876 861
175835 175844 849
176888 176887 789
176887 176888 789
211410 211409 998
211412 211417 765
211417 211412 765
211440 212061 1264
211011 211026 522
211026 211011 522
211325 211349 709
211349 211325 709
211409 211410 998
165294 165295 789
165295 165294 789
165020 165019 333
165019 165020 333
164382 164366 630
164366 164382 630
164413 164466 1447
164466 164413 1447
212061 211440 1264
211475 211473 836
211473 211475 836
212422 212431 359
212431 212422 359
114918 114903 4018
114903 114918 4018
107026 106920 796
106920 107026 796
115989 116003 1780
116003 115989 1780
115999 115996 796
115996 115999 796
109869 109883 950
109883 109869 950
110948 110946 668
109841 109840 905
110955 109840 1777
110967 110965 696
110967 111169 1376
111171 111172 982
111097 111094 238
111095 111093 1558
111095 111167 836
111173 111167 2031
111173 111187 737
111192 111187 1420
111192 111193 889
110965 110964 893
110965 110967 696
110965 111002 1610
111319 111193 1480
111458 111193 872
111458 111196 1420
111460 111196 672
111460 111467 168
103343 103344 557
111465 103344 418
111465 111466 511
103342 103346 782
111531 103346 1432
111218 111217 737
111466 111217 1223
111466 111465 511
111467 111217 672
111467 111460 168
111221 111209 1696
111223 111209 23
111233 111898 2186
111902 111898 344
111902 111903 201
112033 112032 2089
112033 112037 473
111554 112037 1437
112036 112035 756
112036 112038 975
112043 112035 252
112043 112042 279
112043 112052 840
111552 111547 610
111552 112031 1091
112035 112031 782
112035 112036 756
112035 112043 252
111548 111547 796
111548 111590 1515
111550 111547 1931
111591 111583 893
111591 111590 778
111591 112063 1679
111583 111591 893
111583 112064 1767
112066 112077 354
112071 112111 168
112085 112114 336
111723 112119 3366
112141 112119 818
112141 112142 905
112142 112141 905
112142 112152 672
112156 112207 796
112156 112210 516
112210 112156 516
112210 112209 782
112210 112211 764
112167 112212 1466
112167 112226 764
112228 112226 782
112228 112229 796
112352 112258 931
112352 112350 1344
112352 112353 1576
112352 112355 764
112229 112228 796
112229 112231 847
112229 112237 1576
111757 111774 672
111757 111781 1445
111767 111749 840
111767 111781 840
111767 111782 1447
111774 111757 672
111774 111775 847
111774 111788 1454
111733 111734 788
111733 111746 1085
111745 111678 434
111745 111746 516
111677 111678 354
111677 112584 354
111678 111677 354
111678 111745 434
111678 112584 222
112585 112584 580
112585 112646 764
112648 112647 562
112648 112654 434
111734 111733 788
111734 111743 672
111737 111743 1558
111749 111743 598
111749 111751 1447
111749 111767 840
112611 112612 1336
111773 112171 252
112174 112171 588
112174 112179 252
112179 112174 252
112179 112180 1556
112184 112181 1592
112184 112193 869
112190 112191 2171
112190 112194 1014
112190 112195 1208
112194 112190 1014
112194 112195 672
112194 112214 672
112188 112193 1466
112607 112640 279
112728 112689 2014
112728 112729 747
103368 112727 2079
112719 112703 1944
112719 112727 836
112696 112703 473
112704 112703 696
112214 112194 672
112214 112205 1234
112214 112237 788
989
110946
109840
111169
111172
111094
111093
111167
111187
110964
111002
111193
111196
103344
103346
111217
111209
111898
111903
112032
112037
112038
112042
112052
112031
111547
111590
112063
112064
112077
112111
112114
112119
112152
112207
112209
112211
112212
112226
112350
112355
112258
112231
111781
111782
111788
111775
111746
112584
112646
112647
111743
111751
112612
112654
112171
112180
112181
112191
112195
112193
112640
112689
112729
112727
112703
112353
112237
112205
103371
112731
112733
113008
113012
113330
113348
113347
113350
105720
113351
113364
104327
113377
113384
113402
113407
113011
113013
113010
113018
103302
113055
113843
103320
112767
112776
112810
103311
103315
104522
104530
104502
104330
104504
104611
104524
104538
104526
104519
104517
104567
104434
113911
104428
104435
39797
39800
39810
39608
39610
39609
39624
39626
39805
39809
39605
39780
39792
39794
104760
104755
104801
104822
104824
104971
104940
104948
105054
105049
105031
105058
104610
104459
105021
105046
105017
105033
39578
39614
39649
39618
39620
39656
39662
39648
39679
39455
39689
39665
39686
39696
39737
39750
40507
40511
41008
40524
41020
40516
41029
41054
41136
41138
41143
41144
40565
40581
40637
40864
40866
40875
40880
40892
40895
40897
40970
41346
41350
41351
40969
40975
40638
40645
40985
40989
40981
40984
41661
41662
41665
55131
55213
55217
55218
55385
55401
55395
55397
55435
55438
55449
55455
48397
41657
48422
48430
48604
48659
48664
48681
48415
48691
48744
48755
48758
48753
48762
48769
48773
48788
48789
48791
48815
49127
49088
49125
48926
48923
49057
49068
49077
49081
49069
48925
48966
48967
49102
49111
49110
49020
49022
49023
49192
49182
49607
49614
49615
49618
48333
131404
131411
131408
131664
131670
131823
131893
132524
49702
50489
49699
129928
131885
131895
131881
131883
54340
54334
54343
54439
54441
54491
54510
54391
54401
54402
56724
54498
54507
54669
54653
49674
53851
53854
53852
53856
53858
53795
53796
53833
53926
53929
55142
55157
55158
55197
55203
144477
144485
144522
144530
144535
144611
144619
144621
144649
144658
145276
145280
213720
139896
150684
139897
150402
150593
150624
150586
150632
150589
145283
150678
140183
140185
140200
140264
140267
141574
141576
142316
142322
142490
142486
142514
142517
142524
142318
141591
141645
141917
141918
142010
142020
142027
142030
142040
142049
142559
142560
142568
142572
142602
142288
142330
142606
55457
56102
56112
56119
56131
55480
56142
204660
204668
204673
204688
204691
204738
204740
204765
207793
207787
207709
207732
207710
207718
207733
144672
145289
144746
144745
144751
145304
144749
139772
196745
145282
145320
145331
145326
145328
145329
145337
145487
145505
145504
145513
145560
145561
145570
145403
145404
145401
145747
145746
145584
145588
145585
145590
145406
145426
145430
145808
145814
145815
145835
145837
145844
146043
146044
146049
146060
146061
146065
151453
151539
151540
151469
151471
151518
151528
151542
151458
151487
151527
151532
151526
203778
204504
203780
203809
203813
203827
203828
204408
204416
204427
204432
204488
204489
204436
208526
208527
208120
208537
208541
208532
208542
208564
208559
208565
208569
208574
208176
208175
208177
208121
207795
207799
207839
207864
214692
208554
208180
208191
208195
208409
208419
208469
208474
208493
208497
208499
210705
210707
210728
210758
210757
210736
210734
210772
210773
180633
180676
180252
185568
180301
185570
176648
180642
180648
166500
166498
166517
166520
166524
166529
166534
166574
166692
166646
166673
166679
166664
166670
166642
166697
166696
166700
167075
167179
167160
167172
167077
167078
166663
166713
167006
167069
167015
167071
166957
166382
167134
167144
167150
167158
152395
162549
180650
180783
180683
180492
180644
180385
180400
180405
180445
179693
179699
180436
180439
180423
180424
180481
180478
180428
185268
173602
173603
185270
181987
182173
181921
181929
181944
182134
182138
182151
182158
182204
182205
182208
182209
181994
182350
182351
173611
152188
152259
166384
166968
152262
152393
152406
164060
152295
152887
176426
176435
176433
176437
152930
152306
152217
152894
152900
186061
185775
173870
173566
173569
173635
173660
173662
173719
176678
185766
185985
173831
173836
173885
173637
173921
176447
152912
176454
174680
175321
175316
175320
153028
175318
176459
152021
152047
152045
155515
155512
155513
175368
174679
175328
175967
175950
175998
175496
176484
175958
176482
175944
175988
175989
175492
155684
175488
175493
152030
152038
152056
152053
175911
175970
175965
175443
175846
175830
175854
175876
175901
176972
176974
176998
176999
177002
177005
177007
176936
176949
177026
175844
175889
176094
176102
176099
176072
176084
176095
176071
175885
176037
176038
175894
176068
176053
176101
175808
175811
175814
175835
176060
175726
175788
175789
175777
175799
176669
176775
176772
176888
176887
176893
176882
176901
174826
174991
174988
185791
175019
175030
210741
210994
210997
211410
211412
199594
211417
211440
211005
211009
211011
211026
211325
211349
211409
165028
166439
166444
166430
163761
165216
165041
165088
165260
165294
165304
165295
165240
165247
165244
165253
165292
165299
165315
165297
165307
166456
166464
166459
166457
166468
164995
165016
165012
165014
165023
165020
165017
165019
172656
163063
165128
165127
172685
172686
164375
164449
164459
165167
172679
164382
164336
164366
164369
164370
164427
164408
164424
164413
164466
164471
161385
161381
161377
161379
164526
164255
164338
164340
164343
164345
164523
164566
164557
164543
164573
164555
164709
164530
164540
164551
212061
212093
211464
211470
212109
211444
212192
198867
211475
211473
212365
212366
212237
212435
212437
212423
212422
212431
114637
114645
114387
116164
114585
114589
114599
114043
116257
119153
119349
119415
119423
119421
119424
114844
91977
114918
114903
114931
114927
115023
115029
92109
92135
92203
115338
115401
115330
115431
115433
115395
115429
115436
115713
115670
115690
115726
115443
105812
107026
106979
107043
106956
107134
107369
107370
107373
107293
107131
107231
107381
107287
109506
107489
107506
107332
109503
92814
92908
102820
92838
92904
106711
106740
106922
106920
105815
115987
115989
116003
116008
115999
92755
115996
191914
191511
191792
191736
192760
191936
191940
191838
191774
192779
192782
192981
193120
192982
192984
193132
194067
109457
109782
109789
109855
109862
109869
109883
107770
110992
110948
109841
110967
111097
111095
111173
111192
110965
111319
111458
111460
103343
111465
103342
111466
111467
111221
111223
111233
111902
112033
111554
112036
111552
111548
111550
111591
111583
112066
112071
112085
111723
112141
112142
112156
112167
112229
111757
111767
111774
111733
111677
111678
112585
112648
111737
111749
112611
111773
112174
112179
112184
112190
112194
112188
112607
112728
103368
112719
112696
112704
112214
