626
140184 139894 1715
140184 140192 232
140193 140202 656
140193 140204 2089
140209 140204 681
140209 140248 980
140249 140252 225
140253 140252 858
140253 140255 827
140253 140266 1860
140265 140266 778
140265 140268 2244
140269 140268 812
140269 141579 1600
141577 141579 711
141577 141592 776
141588 141592 204
141588 141594 2352
142323 142327 779
142323 142492 2443
142491 142492 851
142491 142502 2383
142501 142502 869
142501 142530 2371
142515 142519 2533
142515 142530 719
142518 142519 834
142518 142527 2522
142526 142527 801
142325 142326 860
141594 141588 2352
141594 141595 859
141906 141595 2383
141906 141905 868
141922 141907 426
141922 141924 686
141924 141907 597
141924 141922 686
141924 141925 829
141924 141926 837
142011 141926 531
142011 142017 2444
142021 142019 320
142021 142028 1242
142028 142021 1242
142028 142031 257
142029 142042 221
142041 142043 1043
142041 142051 1929
142050 142054 1096
142561 142054 949
142561 142562 2393
142567 142562 984
142567 142573 767
142573 142567 767
142573 142576 954
142573 142577 2295
142574 142577 1124
142574 142603 2341
142600 142603 993
142600 142608 2340
142607 142608 918
142607 142718 2376
142319 142326 823
142319 142331 644
142494 142333 1485
142494 142500 767
142717 142508 773
142717 142718 845
142717 142723 2295
55462 55458 1422
55462 55463 751
56104 55463 1346
56104 56105 751
56107 56105 1483
56107 56108 751
56108 54994 1422
56108 56107 751
56108 56120 1275
55471 55470 6298
55471 56135 615
55473 55472 445
204512 204513 1748
204663 204513 868
204663 204664 1702
204672 195577 1248
204672 204664 773
204720 204704 1169
204720 204723 824
204737 204727 1150
204737 204760 774
204737 214521 822
204739 214521 145
204734 204733 2295
204766 204768 255
207735 207736 4822
204867 204865 3401
204867 214480 1529
207719 214566 556
207734 207871 1658
144671 144668 847
144671 144670 1981
144743 144670 805
144743 144734 2069
144667 139774 1249
144667 144668 1963
144744 144734 836
144744 144737 2087
144738 144736 1952
144738 144737 826
144750 144742 1926
144750 144752 815
145306 144752 2083
145306 145307 154
144739 144736 793
144739 144741 2051
144739 144742 649
145318 145317 323
145318 145319 316
145318 145321 1053
145322 144780 1321
145325 144776 2257
145325 144780 745
144777 144764 2399
144777 144776 776
144777 144781 955
145118 144781 72
145118 145117 104
145478 145117 1666
145478 145479 826
145486 145485 805
145486 145488 1429
145488 145486 1429
145488 145489 493
145488 145490 458
145506 145508 353
145506 145509 2161
145507 145514 2241
145508 145490 604
145508 145506 353
145515 145514 744
145515 145519 1430
145572 145519 858
145572 145573 744
145572 145575 1471
145573 145572 744
145573 145576 780
145573 145577 1468
145576 145573 780
145576 145578 1510
145407 145427 777
145407 145751 1791
145750 145751 751
145750 145752 1238
145749 145748 774
145749 145752 851
145749 145758 1440
145748 145749 774
145748 145753 1382
145589 145753 806
145589 145754 1468
145591 145614 1451
145591 145754 777
145587 145578 819
145587 145607 1361
145612 145607 830
145612 145613 1385
145612 145614 773
145427 145407 777
145427 145763 1738
145764 145763 767
145764 145769 1454
145768 145769 797
145768 145771 1393
145810 145771 779
145810 145819 1511
145822 145819 672
145822 145823 726
145822 145824 1382
145823 145822 726
145823 145825 1324
145838 145825 680
145838 145840 1475
145843 145840 668
145843 145865 1733
145866 145865 795
145866 146045 1734
146046 146045 735
146046 146048 809
146046 146051 735
146048 146046 809
146048 146053 523
146068 146053 786
146068 146069 2543
146070 146069 777
146070 146073 1794
146081 146073 775
146081 151454 1899
151456 151454 816
151456 151477 1939
151544 151546 1724
151544 151549 3133
151545 151575 1793
151488 151575 726
151486 151477 743
204511 204501 402
204494 204493 724
204493 204494 724
204501 204511 402
208583 208584 936
208571 208543 662
208543 208571 662
208179 208178 802
208178 208179 802
208584 208583 936
207801 207736 2316
208475 208476 760
208476 208475 760
210759 210763 1638
210763 210759 1638
210763 210774 2419
210774 210763 2419
180674 180680 682
166526 166525 842
166525 166526 842
166575 166723 1004
166723 166575 1004
166672 166671 842
166671 166672 842
167178 167177 818
167177 167178 818
180680 180674 682
180390 180401 1151
180401 180390 1151
182211 182210 2192
182121 182137 1779
182137 182121 1779
182137 182150 562
182150 182137 562
182157 182203 1739
182203 182157 1739
182218 182219 1293
182210 182211 2192
182219 182218 1293
152398 152405 2838
152405 152398 2838
176438 176446 1352
173564 173565 1619
173565 173564 1619
176446 176438 1352
176455 176460 2369
176460 176455 2369
155505 155506 355
155506 155505 355
175995 175993 2341
175993 175995 2341
152055 152054 782
152054 152055 782
177023 177024 2365
177024 177023 2365
175851 175836 849
176083 176103 952
176103 176083 952
176103 176097 751
176097 176103 751
176067 176075 1032
176075 176067 1032
175836 175851 849
174992 174989 1421
174989 174992 1421
211002 211003 1157
211003 211002 1157
211003 211008 927
211008 211003 927
165239 165238 581
165238 165239 581
165022 165029 475
165029 165022 475
161382 161397 767
161397 161382 767
164574 164575 808
164575 164574 808
164531 164541 1689
164541 164531 1689
212195 212196 1759
212196 212195 1759
211461 211458 892
211458 211461 892
211458 211472 706
211472 211458 706
212460 212463 544
212463 212460 544
212436 212438 752
212438 212436 752
212438 212443 745
212443 212438 745
119418 119419 679
119419 119418 679
106760 106759 782
107384 107385 1111
107385 107384 1111
107330 107331 1653
107331 107330 1653
106739 106738 1426
106738 106739 1426
106759 106760 782
115778 115779 1498
115779 115778 1498
115986 115983 2700
115983 115986 2700
111318 111346 557
111346 111318 557
111234 111544 1264
111544 111234 1264
111553 105274 1084
105274 105275 877
105274 111553 1084
111588 111586 889
105275 105274 877
111586 111588 889
111728 111729 889
111729 111728 889
112143 112144 905
112144 112143 905
111756 111744 756
111674 112578 344
112578 111674 344
112603 112604 975
111744 111756 756
112604 112603 975
112893 112889 222
113334 112889 610
103329 103328 737
103328 103329 737
103322 112769 1167
112769 103322 1167
112889 112893 222
112889 113334 610
104333 104336 747
104336 104333 747
104439 104441 672
104441 104439 672
104819 104826 1669
104826 104819 1669
105039 105042 1141
105042 105039 1141
39638 39644 610
39644 39638 610
39640 39643 697
39468 39469 511
39643 39640 697
39469 39468 511
39680 39684 2299
39684 39680 2299
40861 40639 2412
40884 40887 572
40887 40884 572
40980 40979 828
40639 40861 2412
40939 40950 1268
40979 40980 828
40950 40939 1268
55215 55219 807
55219 55215 807
55446 55458 890
48411 48419 796
48419 48411 796
48672 48673 561
48673 48672 561
48673 48685 390
48685 48673 390
48695 48752 828
48752 48695 828
48781 48783 1447
48783 48781 1447
48900 48902 713
48902 48900 713
49000 50318 365
50318 49000 365
49039 49181 1320
49181 49039 1320
49610 49602 374
49602 49610 374
131897 131898 2930
131898 131897 2930
54348 54346 789
54346 54348 789
54581 54657 1300
54657 54581 1300
55163 55161 751
55161 55163 751
144479 142527 2444
144479 144487 2479
144487 144479 2479
144487 144524 2782
144524 144487 2782
144533 144537 1130
144537 144533 1130
144666 144668 713
139775 139774 886
139893 139899 909
139894 140184 1715
150610 150605 2030
150612 150613 671
150613 150612 671
150605 150610 2030
150637 150647 463
150647 150637 463
150650 150652 831
150652 150650 831
139899 139893 909
140192 140184 232
140202 140193 656
140204 140193 2089
140204 140209 681
140248 140209 980
140252 140249 225
140252 140253 858
140255 140253 827
140266 140253 1860
140266 140265 778
140268 140265 2244
140268 140269 812
141579 140269 1600
141579 141577 711
141592 141577 776
141592 141588 204
142327 142323 779
142492 142323 2443
142492 142491 851
142502 142491 2383
142502 142501 869
142530 142501 2371
142530 142515 719
142519 142515 2533
142519 142518 834
142527 142518 2522
142527 142526 801
142527 144479 2444
142326 142319 823
142326 142325 860
141595 141594 859
141595 141906 2383
141905 141906 868
141905 141907 2301
141907 141905 2301
141907 141922 426
141907 141924 597
141925 141924 829
141926 141924 837
141926 142011 531
142017 142011 2444
142017 142019 311
142019 142017 311
142019 142021 320
142031 142028 257
142042 142029 221
142042 142043 1707
142043 142041 1043
142043 142042 1707
142051 142041 1929
142054 142050 1096
142054 142561 949
142562 142561 2393
142562 142567 984
142562 142576 985
142576 142562 985
142576 142573 954
142577 142573 2295
142577 142574 1124
142603 142574 2341
142603 142600 993
142608 142600 2340
142608 142607 918
142718 142607 2376
142718 142717 845
142331 142319 644
142331 142333 1677
142333 142331 1677
142333 142494 1485
142500 142494 767
142500 142508 1610
142508 142500 1610
142508 142717 773
142723 142717 2295
55458 55446 890
55458 55462 1422
55463 55462 751
55463 56104 1346
56105 54994 810
56105 56104 751
56105 56107 1483
54994 56105 810
54994 56108 1422
56120 56108 1275
55470 55471 6298
56135 55471 615
55472 55473 445
204513 204512 1748
204513 204663 868
204664 204663 1702
204664 204672 773
195577 204672 1248
195577 204704 834
204704 195577 834
204704 204720 1169
204723 204720 824
204727 204737 1150
204760 204737 774
214521 204737 822
214521 204739 145
204733 204734 2295
204768 204766 255
207736 207735 4822
207736 207801 2316
204865 204867 3401
214480 204867 1529
214566 207719 556
207871 207734 1658
144668 144666 713
144668 144667 1963
144668 144671 847
144670 144671 1981
144670 144743 805
144734 144743 2069
144734 144744 836
139774 139775 886
139774 144667 1249
144737 144738 826
144737 144744 2087
144736 144738 1952
144736 144739 793
144742 144739 649
144742 144750 1926
144752 144750 815
144752 145306 2083
145307 145306 154
144741 144739 2051
145317 145318 323
145319 145318 316
145321 145318 1053
144780 145322 1321
144780 145325 745
144776 144777 776
144776 145325 2257
144764 144777 2399
144781 144777 955
144781 145117 73
144781 145118 72
145117 144781 73
145117 145118 104
145117 145478 1666
145479 145478 826
145485 145486 805
145489 145488 493
145490 145488 458
145490 145508 604
145509 145506 2161
145509 145514 823
145514 145507 2241
145514 145509 823
145514 145515 744
145519 145515 1430
145519 145572 858
145575 145572 1471
145575 145577 726
145577 145573 1468
145577 145575 726
145577 145578 809
145578 145576 1510
145578 145577 809
145578 145587 819
145751 145407 1791
145751 145750 751
145751 145763 788
145752 145749 851
145752 145750 1238
145758 145749 1440
145758 145753 779
145753 145589 806
145753 145748 1382
145753 145758 779
145754 145589 1468
145754 145591 777
145614 145591 1451
145614 145612 773
145607 145587 1361
145607 145612 830
145613 145612 1385
145763 145427 1738
145763 145751 788
145763 145764 767
145769 145764 1454
145769 145768 797
145771 145768 1393
145771 145810 779
145819 145810 1511
145819 145822 672
145824 145822 1382
145824 145825 722
145825 145823 1324
145825 145824 722
145825 145838 680
145840 145838 1475
145840 145843 668
145865 145843 1733
145865 145866 795
146045 145866 1734
146045 146046 735
146051 146046 735
146051 146053 761
146053 146048 523
146053 146051 761
146053 146068 786
146069 146068 2543
146069 146070 777
146073 146070 1794
146073 146081 775
151454 146081 1899
151454 151456 816
151477 151456 1939
151477 151486 743
151546 151544 1724
151549 151544 3133
151575 151488 726
151575 151545 1793
992
140184
140193
140209
140249
140253
140265
140269
141577
141588
142323
142491
142501
142515
142518
142526
142325
141594
141906
141922
141924
142011
142021
142028
142029
142041
142050
142561
142567
142573
142574
142600
142607
142319
142494
142717
55462
56104
56107
56108
55471
55473
204512
204663
204672
204720
204737
204739
204734
204766
207735
204867
207719
207734
144671
144743
144667
144744
144738
144750
145306
144739
145318
145322
145325
144777
145118
145478
145486
145488
145506
145507
145508
145515
145572
145573
145576
145407
145750
145749
145748
145589
145591
145587
145612
145427
145764
145768
145810
145822
145823
145838
145843
145866
146046
146048
146068
146070
146081
151456
151544
151545
151488
151529
151530
151543
151486
203808
204511
203810
203812
203826
203830
203835
204413
204415
204428
204485
204494
204493
204501
208583
208571
208543
208544
208540
208560
208575
208578
208179
208178
208584
207800
207801
207847
208553
207870
208190
208602
208650
208410
208420
208470
208475
208476
208498
208728
210729
210759
210763
210774
210999
180634
180673
180674
180238
180259
185572
176649
176653
180641
166518
166526
166525
166533
166575
166723
166648
166672
166721
166676
166671
166699
166711
166701
166708
167199
167210
167178
167180
167176
167177
167166
167173
167093
167092
166682
166714
167004
167070
172666
172668
167036
167146
167157
152399
162548
180680
180682
180410
180493
180169
180390
180394
180401
180176
179695
180407
180422
180482
178646
170625
185269
173601
169508
181988
182242
182211
181919
181926
181928
182121
182137
182150
182157
182203
182201
182218
182210
182219
181993
182239
182352
173610
173612
152189
152257
152303
152260
152328
152398
152405
152463
152886
152888
176434
176436
176440
176438
152307
152897
152216
152893
152911
152927
152891
185774
185777
173866
173564
173571
173565
173689
173840
173843
173844
173884
176446
152905
152913
153008
176455
175333
176464
153029
153027
176460
152044
155517
155511
155505
155506
175331
175951
175997
176480
176483
175992
176467
175943
176003
175995
175993
175487
155685
152062
186094
152039
155574
152055
155606
152054
152068
175910
175981
175985
175818
175845
175831
175828
176973
177103
177001
177004
177006
176935
176941
176948
177023
177024
175851
175884
176083
176093
176103
176097
176085
176067
175895
176075
176932
177160
175810
175812
175823
175836
176931
176942
176668
176790
176796
176875
176886
176881
176883
176900
173864
174978
174992
174989
176641
175021
175032
176636
210778
195861
211414
199595
211418
211002
211003
211008
211324
211345
166448
166446
166428
165040
165042
165077
165302
165239
165256
165248
165238
165298
165316
165314
165326
165327
165329
166462
166463
166458
166460
166479
166470
165021
165015
165039
165022
165024
165034
165029
165031
165064
163062
164472
172687
164376
164436
164450
164433
164460
165166
164381
164360
164365
164362
164384
164429
164425
164434
164414
161384
161380
161382
161397
161400
164352
164342
164344
164536
164558
164574
164575
164704
164708
164552
164714
164563
161392
164531
164541
164550
164579
164537
211446
211465
212095
211443
212111
212189
212195
212196
212105
211461
211476
211458
211472
212456
212460
212463
161407
212514
212235
212236
212247
212436
212438
212443
212424
161388
114656
114650
114386
114305
114590
114574
114039
119117
119414
119422
119412
119418
119419
119425
114897
114917
114902
114928
115024
115036
92076
92108
92134
92137
92285
92286
115403
115402
115331
115336
115393
115424
115427
115712
115714
115672
115674
115688
115734
115736
115441
115442
105810
106760
107027
107053
107060
106957
107049
107133
107152
107384
107385
107291
107115
107230
107227
107288
107387
107163
107485
107488
107524
107320
107507
107330
107331
109502
92816
92965
102819
92836
92868
92944
92951
106739
106738
106742
106759
115778
115779
115986
115983
116006
116001
92726
115998
191539
191507
191791
190881
191714
192763
191059
191782
191875
191956
192778
192780
192783
192994
193958
193928
109458
109783
109788
109790
109870
107768
110949
109842
110953
110968
111096
111100
111174
111323
111318
111346
111461
103341
111348
111464
103359
111225
111234
111544
111553
105274
111549
111588
105275
111584
111586
112065
112070
111721
111692
111728
111729
112143
112144
112157
112159
111755
111756
111735
111674
112578
111675
112586
112603
111736
111744
112604
111771
112170
112161
112187
112189
112606
112695
112705
112721
112771
112893
113334
113339
113341
104305
105718
104316
104329
112782
112786
103329
103328
103322
112769
112715
112716
112723
112712
112766
112796
112798
112779
112889
112812
113845
104507
104513
104333
104336
104437
104439
104441
104564
104431
104565
39230
39598
39600
39573
39536
39538
39593
39594
39777
104758
39214
104746
104753
104819
104839
104871
113615
104826
104928
104942
104916
104945
104952
105048
104421
105014
113924
104461
105019
105039
105042
39561
39577
39638
39644
39640
39468
39643
39469
39474
39472
39389
39441
39454
39485
39680
39684
39694
39695
39746
39753
40486
40490
40513
40534
40542
40532
40533
41132
41134
40555
40553
40633
40636
40861
40863
40867
40882
40884
40887
40898
40956
40961
40980
40623
40639
40987
40939
40947
40979
40950
40943
55205
55215
55219
55386
55392
55396
55416
55442
55446
48387
40942
41654
48411
48419
48426
48541
48657
48665
48672
48396
48412
50387
48673
48685
48690
48695
48752
48725
48766
48778
48781
48783
49082
49086
48900
48914
48918
49050
49051
49049
49055
48902
48924
48943
48945
48940
48959
48976
48977
49000
49014
50318
49040
49039
49181
49198
49594
49610
49602
49033
49599
49608
48328
48331
131393
131394
131416
131419
131661
131422
131646
131650
131671
129987
131897
49706
49709
131888
131890
131898
54338
54357
54348
54350
54353
54345
54346
54409
54428
54438
54493
54512
54373
54380
54399
54581
52913
52662
52740
54677
54673
54657
49687
53860
53774
53906
53863
53912
53924
55147
55167
55163
55161
55201
144479
144487
144524
144533
144537
144674
144625
144624
144651
144666
139775
139893
139894
150610
150612
150613
150628
150605
150637
150647
150653
150650
150652
150685
139899
140192
140202
140204
140255
140266
140268
141579
141592
142327
142492
142502
142530
142519
142527
142326
141595
141905
141907
141925
141926
142017
142019
142031
142042
142043
142051
142054
142562
142576
142577
142603
142608
142718
142331
142333
142500
142508
142723
55458
55463
56105
54994
55470
55472
204513
204664
195577
204704
204723
204727
204760
214521
204733
204768
204865
214566
207871
144668
144670
144734
144737
144736
144742
144752
145307
144741
145317
145319
144780
144776
144764
144781
145117
145479
145485
145489
145490
145509
145514
145519
145575
145577
145578
145751
145752
145758
145753
145754
145614
145607
145613
145763
145769
145771
145819
145824
145825
145840
145865
146045
146051
146053
146069
146073
151454
151477
151546
151549
151575
