720
48082 48066 709
48082 48084 1248
48111 48084 1182
48080 48079 790
48080 48084 951
48080 48086 2454
48089 48086 1145
47934 47931 1771
47934 47932 912
47934 48017 918
47965 47919 1027
47965 47964 1730
47965 47967 947
48005 48003 954
48005 48011 914
48008 48006 807
48008 48009 837
48008 48011 1396
48013 48009 761
47978 47962 789
47978 47976 4131
47978 48009 740
48034 47962 741
48034 48033 714
47996 47993 879
47996 48033 885
47996 48037 697
48041 48039 2089
48041 48044 879
48035 48033 1413
48090 48086 2430
48090 48088 717
48090 48154 2191
48170 48155 1269
48169 48155 371
47414 47412 539
47414 47464 1016
47414 48351 58
47466 47465 1759
47466 47467 810
47470 47467 2284
47470 47483 810
47986 47485 873
47986 47988 697
130531 130530 511
47989 47988 2887
47989 47990 890
130761 130727 2739
130761 130762 1178
130769 130768 878
130767 130731 1118
130773 130735 202
130792 130781 1471
130792 130784 556
130792 131307 2506
46267 46266 3430
46267 48307 2231
49579 49580 1436
131313 130879 2466
131313 131310 672
131312 131310 1941
131312 131315 893
131316 131314 667
131316 131318 672
131317 131314 1854
131317 131315 562
130888 130887 452
130888 130903 1185
130904 130894 850
130896 130894 1258
130896 130908 837
130909 130908 475
130902 130901 5349
130902 131169 1780
131169 130902 1780
131169 131166 1813
131169 131170 2679
131193 131170 552
131193 131192 976
131196 131194 1011
131197 131185 508
131197 131195 1636
131197 131206 333
131464 131520 1055
131276 131210 1616
131276 131278 2007
131276 131517 1557
131208 131207 790
131209 131205 344
131209 131210 1124
131524 131523 1065
131524 131528 2279
131536 131528 678
131536 131537 752
131537 131536 752
131537 131539 374
131542 131565 650
131545 131564 590
131545 131567 951
131603 131567 1735
131603 131604 747
131603 131607 1857
131607 125243 953
131607 131603 1857
131607 131608 885
125243 125242 469
125243 131607 953
131625 131621 506
131705 131626 739
131705 131706 2740
131708 131706 874
131714 131706 2563
131714 131712 874
132224 131721 358
132224 132219 1010
132224 132225 610
132228 132229 1764
132250 132229 808
132250 132255 2645
132254 132255 1169
132254 132265 2413
132268 132265 808
132268 132291 1300
131721 131712 2520
131721 132218 1090
131721 132224 358
132291 132268 1300
132291 132273 811
54173 54174 1546
54173 54178 202
54122 54123 276
54122 54133 1029
54125 54126 1546
54125 54137 697
54160 54137 2090
54160 54153 928
54127 54128 1686
54135 54133 697
54176 54131 475
54176 54169 337
54179 54178 940
54129 54130 1686
54129 54131 751
54164 54153 2364
54164 54161 928
54164 54204 1546
54204 54164 1546
54204 54209 418
54208 54161 2293
54208 54167 1160
54212 54167 2308
54212 54285 1161
54271 54276 1479
54297 54290 808
54297 54292 1116
54299 54292 477
54289 54241 678
54290 54288 476
54290 54291 1161
54290 54297 808
54294 54302 697
54303 54302 1283
54303 54306 789
54303 54319 552
54741 54740 337
54743 54744 7458
54311 54315 511
54311 54316 537
54301 54300 606
54301 54304 837
54301 54305 1212
150532 150542 1679
150532 151895 1047
150702 150542 377
150702 150703 485
150703 150551 1862
150703 150702 485
150720 150725 609
150720 150726 810
150748 150726 996
150748 150749 1160
150750 150749 596
140312 140313 195
140307 140300 524
140309 140319 1823
140406 140413 311
140406 140414 395
150468 140480 1760
140412 140410 1899
140412 140481 797
140414 140406 395
140414 140413 340
140484 140481 2337
140484 140486 834
140500 140486 2476
140500 140499 753
140500 140502 2335
140502 140500 2335
140502 140504 779
140536 140504 2435
140541 141968 886
140541 141969 2135
141969 140541 2135
141969 141971 1469
141972 141971 882
141972 143172 1203
143299 139781 2850
143299 143303 894
139780 139781 753
139780 139783 238
139780 143308 2592
143301 143302 829
143414 143442 2618
143440 143441 809
143435 143302 1305
143435 143436 871
143435 143441 1163
143454 143442 750
143454 143455 4154
143456 143455 933
143456 143461 2256
143509 143461 881
143509 143584 343
143509 143585 2392
143506 143511 2197
143512 143511 924
143512 143589 2319
143516 143518 875
143516 143526 1991
143523 143525 2282
143523 143526 1181
143524 143525 799
143524 143589 892
143524 143602 1750
142835 142831 726
142835 142838 821
142835 142839 2126
142837 142838 1671
142837 142845 795
142844 142842 804
142844 142845 1433
142829 142832 807
142829 143956 2021
142831 142832 2053
142831 142835 726
143788 143787 827
143788 143794 2527
143788 143956 841
143781 143783 2003
143787 143783 839
143787 143788 827
143787 143793 2371
143782 143770 803
143782 143783 800
143782 143789 2280
143770 143776 897
143770 143782 803
143718 143719 861
143721 143719 602
143721 143724 1419
143519 143520 164
143518 143516 875
143520 143519 164
142821 142820 868
142841 142842 773
142820 142821 868
142856 142854 993
142856 142869 239
142869 142856 239
144890 144891 496
144891 144890 496
142854 142856 993
143183 143186 2047
143186 143183 2047
139783 139780 238
144809 144815 785
144815 144809 785
144859 144879 1733
144879 144859 1733
204637 204638 773
204638 204637 773
207717 207723 968
207723 207717 968
145070 145062 841
145062 145070 841
145090 145091 844
145091 145090 844
145183 145219 810
145219 145183 810
145670 145726 830
145726 145670 830
145726 146668 1477
146668 145726 1477
209632 210848 1013
210848 209632 1013
152679 152797 1769
152797 152679 1769
168506 168501 985
168501 168506 985
167597 167605 848
167605 167597 848
167634 167647 1376
167647 167634 1376
167653 167654 374
167654 167653 374
178606 178653 6921
178653 178606 6921
180056 180058 2920
180058 180056 2920
179968 179969 1500
179969 179968 1500
180001 180030 1031
152851 152850 1505
152850 152851 1505
153213 153214 790
153214 153213 790
156097 156015 789
156015 156097 789
156159 156176 778
156176 156159 778
153351 153353 828
153353 153351 828
155897 155889 747
155889 155897 747
180026 180022 778
180030 180001 1031
180022 180026 778
178208 178209 1161
178209 178208 1161
178182 178181 1115
178181 178182 1115
174855 174873 836
174873 174855 836
177351 176604 1268
176604 177351 1268
156383 156384 1969
177347 177304 1531
177304 177347 1531
156384 156383 1969
177302 177389 1428
177389 177302 1428
176733 176749 1022
176749 176733 1022
165623 165624 848
165570 165556 747
165624 165623 848
165556 165570 747
167683 167684 1447
167684 167683 1447
165476 165477 1505
165477 165476 1505
167450 167451 710
167451 167450 710
167471 167470 767
167470 167471 767
164855 164922 713
213241 213240 894
213240 213241 894
212561 212577 901
212577 212561 901
164922 164855 713
165683 165685 713
165685 165683 713
114243 114242 2995
114242 114243 2995
118842 118845 3117
118845 118842 3117
119014 119015 2202
119099 119100 705
119100 119099 705
119015 119014 2202
93134 93135 373
93135 93134 373
108398 107248 2790
107248 108398 2790
108475 108476 836
108476 108475 836
108623 108622 1032
108622 108623 1032
92979 92981 1780
92981 92979 1780
93093 93095 1124
93095 93093 1124
93111 93115 3495
93115 93111 3495
93099 93027 1905
93027 93099 1905
92485 92481 1224
92481 92485 1224
92698 92705 1457
92705 92698 1457
114164 114163 664
114163 114164 664
114277 114284 474
114284 114277 474
109400 109396 802
109396 109400 802
104025 104023 201
104023 104025 201
104070 104086 1008
104086 104070 1008
39257 39258 2879
39258 39257 2879
38187 38191 1411
38191 38187 1411
38431 38436 673
38436 38431 673
38453 38456 1004
38468 38467 796
38467 38468 796
38456 38453 1004
38589 40344 418
40344 38589 418
40351 40355 1258
40355 40351 1258
40697 40711 2424
40711 40697 2424
41567 41570 2613
41570 41567 2613
41573 47659 2481
47726 47734 796
47735 47734 865
47734 47726 796
47734 47735 865
47659 41573 2481
47739 47744 773
47744 47739 773
48093 48062 1901
48062 48093 1901
48066 48082 709
48084 48080 951
48084 48082 1248
48084 48111 1182
48079 48080 790
48086 48080 2454
48086 48089 1145
48086 48090 2430
47931 47934 1771
47932 47934 912
48017 47934 918
47919 47965 1027
47964 47965 1730
47967 47965 947
48003 48005 954
48011 48005 914
48011 48008 1396
48006 48008 807
48009 47978 740
48009 48008 837
48009 48013 761
47962 47978 789
47962 48034 741
47976 47978 4131
48033 47996 885
48033 48034 714
48033 48035 1413
47993 47996 879
48037 47996 697
48037 48039 879
48039 48037 879
48039 48041 2089
48044 48041 879
48088 48090 717
48154 48090 2191
48154 48155 1025
48155 48154 1025
48155 48169 371
48155 48170 1269
47412 47414 539
47464 47414 1016
48351 47414 58
47465 47466 1759
47467 47466 810
47467 47470 2284
47483 47470 810
47483 47485 1546
47485 47483 1546
47485 47986 873
47988 47986 697
47988 47989 2887
130530 130531 511
47990 47989 890
130727 130761 2739
130762 130761 1178
130768 130769 878
130731 130735 1124
130731 130767 1118
130735 130731 1124
130735 130773 202
130781 130792 1471
130784 130792 556
131307 130792 2506
46266 46267 3430
48307 46267 2231
49580 49579 1436
130879 131313 2466
131310 131312 1941
131310 131313 672
131315 131312 893
131315 131317 562
131314 131316 667
131314 131317 1854
131318 131316 672
130887 130888 452
130903 130888 1185
130894 130896 1258
130894 130904 850
130908 130896 837
130908 130901 1906
130908 130909 475
130901 130902 5349
130901 130908 1906
131166 131169 1813
131170 131169 2679
131170 131192 1004
131170 131193 552
131192 131170 1004
131192 131193 976
131192 131194 672
131194 131192 672
131194 131195 672
131194 131196 1011
131185 131197 508
131195 131194 672
131195 131197 1636
131206 131197 333
131206 131207 238
131520 131464 1055
131520 131517 202
131520 131523 202
131210 131209 1124
131210 131276 1616
131278 131276 2007
131517 131276 1557
131517 131520 202
131207 131205 672
131207 131206 238
131207 131208 790
131205 131207 672
131205 131209 344
131523 131520 202
131523 131524 1065
131528 131524 2279
131528 131536 678
131539 131537 374
131565 131542 650
131565 131564 688
131564 131545 590
131564 131565 688
131567 131545 951
131567 131603 1735
131604 131603 747
131604 131608 1892
131608 131604 1892
131608 131607 885
125242 125243 469
131621 131625 506
131621 131626 948
131626 131621 948
131626 131705 739
131706 131705 2740
131706 131708 874
131706 131714 2563
131712 131714 874
131712 131721 2520
132219 132218 371
132219 132224 1010
132225 132224 610
132229 132228 1764
132229 132250 808
132255 132250 2645
132255 132254 1169
132265 132254 2413
132265 132268 808
132265 132273 1439
132218 131721 1090
132218 132219 371
132273 132265 1439
132273 132291 811
54174 54173 1546
54178 54169 558
54178 54173 202
54178 54179 940
54123 54122 276
54133 54122 1029
54133 54135 697
54126 54125 1546
54137 54125 697
54137 54160 2090
54153 54160 928
54153 54164 2364
54128 54127 1686
54131 54129 751
54131 54176 475
54169 54176 337
54169 54178 558
54130 54129 1686
54161 54164 928
54161 54208 2293
54209 54204 418
54167 54208 1160
54167 54212 2308
54285 54212 1161
54285 54300 537
54276 54271 1479
54292 54291 678
54292 54297 1116
54292 54299 477
54241 54289 678
54288 54290 476
54291 54290 1161
54291 54292 678
54302 54294 697
54302 54303 1283
54302 54304 928
54306 54303 789
54306 54304 1276
54306 54305 928
54319 54303 552
54740 54741 337
54744 54743 7458
54315 54305 279
54315 54311 511
54316 54311 537
54300 54285 537
54300 54301 606
54304 54301 837
54304 54302 928
54304 54306 1276
54305 54301 1212
54305 54306 928
54305 54315 279
150542 150532 1679
150542 150702 377
151895 150532 1047
150551 150703 1862
150725 150720 609
150726 150720 810
150726 150748 996
150749 150748 1160
150749 150750 596
140313 140312 195
140300 140307 524
140319 140309 1823
140413 140406 311
140413 140410 302
140413 140414 340
140480 150468 1760
140410 140412 1899
140410 140413 302
140481 140412 797
140481 140484 2337
140486 140484 834
140486 140500 2476
140499 140500 753
140499 140504 2334
140504 140499 2334
140504 140502 779
140504 140536 2435
141968 140541 886
141968 141971 1203
141971 141968 1203
141971 141969 1469
141971 141972 882
143172 141972 1203
139781 139780 753
139781 143299 2850
143303 143299 894
143303 143302 905
143308 139780 2592
143302 143301 829
143302 143303 905
143302 143435 1305
143442 143414 2618
143442 143454 750
143441 143435 1163
143441 143440 809
143436 143435 871
143455 143454 4154
143455 143456 933
143461 143456 2256
143461 143509 881
143584 143509 343
143584 143511 490
143585 143509 2392
143511 143506 2197
143511 143512 924
143511 143584 490
143589 143512 2319
143589 143524 892
143526 143516 1991
143526 143523 1181
143525 143523 2282
143525 143524 799
143602 143524 1750
142838 142835 821
142838 142837 1671
142839 142832 898
142839 142835 2126
142845 142837 795
142845 142844 1433
142842 142841 773
142842 142844 804
142832 142829 807
142832 142831 2053
142832 142839 898
143956 142829 2021
143956 143788 841
143794 143788 2527
143794 143793 658
143783 143781 2003
143783 143782 800
143783 143787 839
143793 143787 2371
143793 143794 658
143789 143782 2280
143776 143770 897
143719 143718 861
143719 143721 602
143724 143721 1419
965
48082
48111
48080
48089
47934
47965
48005
48008
48013
47978
48034
47996
48041
48035
48090
48170
48169
47414
47466
47470
47986
130531
47989
130761
130769
130767
130773
130792
46267
49579
131313
131312
131316
131317
130888
130904
130896
130909
130902
131169
131193
131196
131197
131464
131276
131208
131209
131524
131536
131537
131542
131545
131603
131607
125243
131625
131705
131708
131714
132224
132228
132250
132254
132268
131721
132291
54173
54122
54125
54160
54127
54135
54176
54179
54129
54164
54204
54208
54212
54271
54297
54299
54289
54290
54294
54303
54741
54743
54311
54301
150532
150702
150703
150720
150748
150750
140312
140307
140309
140406
150468
140412
140414
140484
140500
140502
140536
140541
141969
141972
143299
139780
143301
143414
143440
143435
143454
143456
143509
143506
143512
143516
143523
143524
142835
142837
142844
142829
142831
143788
143781
143787
143782
143770
143718
143721
143701
143714
143519
143518
143520
142821
142841
142883
142820
142860
142872
142877
142856
142869
144890
144891
142854
143183
143184
143186
143198
143201
143283
139783
139784
142865
144809
144815
144862
144863
144859
144879
204573
204579
204588
204637
204640
204641
204929
204928
204638
204820
204825
204942
204945
207717
207723
144884
144886
145070
145062
145074
145090
145091
145183
145219
145224
145231
145237
145241
145244
145632
145653
145657
145661
145668
145670
145726
146668
146679
146812
146875
146916
146914
146947
209544
214925
209414
209632
210848
167573
167600
152662
152666
152679
152669
152676
152797
153592
153533
152072
152070
152624
152626
152649
162512
168506
167257
168501
167597
167605
167642
167634
167647
167653
167654
167656
167805
167766
168440
177691
178606
178629
178632
178637
178653
180056
180058
180132
179890
179881
179757
179946
179968
179974
179969
179998
180001
185278
152629
152836
152851
152850
152857
152785
152790
152787
152820
152748
152831
152745
152636
152769
152766
152770
152780
152845
153213
153214
153217
153232
153237
153242
156097
156098
156101
156015
156024
156031
156123
156120
156159
156176
156095
153308
153312
153315
153339
153351
153353
153385
153429
153434
153368
153481
154681
155846
155918
155850
155881
153504
153505
153510
155893
155867
155871
155865
155888
155897
155889
180019
180020
172978
172981
172989
180025
180027
180026
180030
180022
172985
173047
173023
178541
177755
178197
178208
178209
185517
173241
173250
173067
173070
172973
173125
178061
178073
178182
178181
178172
178175
178191
173258
174838
174855
174755
174878
174835
174873
185508
173464
174872
174946
176592
177334
177343
177560
177351
176604
177571
186085
177574
176575
176612
176613
156383
156381
156382
176617
177347
177304
156511
160191
156514
156531
160210
156535
156503
156384
156390
156401
156464
156466
156559
156561
156495
156844
156858
156850
156859
156598
156666
156701
156657
156866
156875
156853
156886
156865
156675
156952
156635
156911
156699
156945
156981
177491
177509
177493
177387
177517
177324
177360
177363
177365
177302
177389
176728
176733
176734
174908
176749
165870
165867
165884
165623
165883
165570
165573
165575
165633
165651
165624
164830
165553
165556
167695
167717
167785
167683
167684
167576
167664
165476
165506
167442
165477
165495
167450
167451
167471
167447
167470
167526
167537
167541
165882
165880
165901
165906
165969
165976
165989
167444
165992
164832
164855
164931
213230
213235
212508
213241
213240
212560
212561
212577
212578
164630
164882
164888
164897
164896
164607
172156
164922
164926
164934
165669
164944
165683
164973
165685
164961
114243
114242
114260
114287
114291
113965
113968
114000
114126
114147
114179
118829
118842
118845
119228
119235
119237
119308
119318
119230
118581
119060
119024
119066
119014
119099
119100
119109
119015
119096
118981
119029
102205
94386
94392
94399
102910
94403
92166
92172
92162
92180
92186
94433
94436
94509
94514
94489
94507
92295
92466
92469
92472
92510
92553
92506
92508
93134
93135
93137
94088
107080
108116
108160
108171
109564
94152
105611
105609
107259
108201
108205
108158
107250
108176
108398
107472
108414
107248
107467
108430
108434
108438
108405
108475
108476
108542
108623
108618
108622
92979
92981
93093
93095
93101
92857
92862
93707
93710
93026
93111
93115
93787
93099
93027
93104
93130
92543
92546
92740
92741
92757
92759
92768
92544
92581
92586
92530
92557
94344
92560
92485
92481
92489
92492
92662
92663
92610
92782
92689
92691
92697
92698
92705
192684
192693
191400
191835
194401
191564
191844
191620
191624
191832
191056
191057
192637
191192
194288
192652
192663
192672
119223
114063
114093
114166
114164
114163
114334
114347
114277
114280
114282
114284
109240
109275
109277
109400
109438
109446
109396
109572
109440
109681
109675
109348
109649
109623
109729
109733
110006
110140
110002
110104
110159
110175
110190
110196
110193
112476
112478
110818
110258
110260
110759
110808
110275
110282
110290
111371
110223
110253
103863
103867
103966
103956
103960
103968
112851
112832
103950
103994
104035
104025
104023
112498
112557
112559
112563
112540
112757
112527
112566
110912
110919
110922
110835
112471
112521
112519
104294
104256
104042
104070
104067
104086
104003
104020
104710
104716
104715
104250
104259
39106
39108
39257
39258
39267
39289
37211
37202
37238
37105
37109
37116
37089
37090
38187
37207
38191
38363
38366
38429
38431
38436
38452
38453
38468
38550
38467
38456
38461
38552
38559
38555
38570
38586
38589
40344
40351
40355
38594
38881
40668
40660
40678
40677
40699
50317
40704
40697
39003
39007
39004
39015
40711
40763
38980
41575
41562
41567
41570
41573
47774
47778
47785
47792
47656
47658
47720
47726
47735
47734
47659
47739
47744
47773
47800
47810
47802
47766
47769
48093
48062
48063
48066
48084
48079
48086
47931
47932
48017
47919
47964
47967
48003
48011
48006
48009
47962
47976
48033
47993
48037
48039
48044
48088
48154
48155
47412
47464
47465
47467
47483
47485
47988
130530
47990
130727
130762
130768
130731
130735
130781
130784
131307
46266
130879
131310
131315
131314
130887
130903
130894
130901
131166
131170
131185
131195
131210
131278
131517
131205
131523
131528
131564
131567
131604
131608
125242
131621
131626
131706
131712
132219
132225
132229
132255
132265
132218
132273
54133
54137
54153
54131
54169
54161
54167
54285
54276
54241
54288
54306
54740
54744
54315
54305
150551
140300
140319
140413
140480
140410
140481
140486
140499
140504
141968
143172
139781
143303
143308
143442
143441
143436
143455
143461
143585
143511
143589
143526
143525
143602
142838
142839
142845
142842
142832
143956
143794
143783
143793
143789
143776
143719
143724
