1752
200571 200568 1402
200571 200572 1952
200571 200579 819
200561 200527 1457
200561 200564 2363
200562 200575 448
195068 195067 3320
195068 195067 3320
200620 200621 1003
200620 200626 1767
200634 200621 994
200625 198932 2771
200625 200624 165
198904 198903 493
198904 200602 861
200594 200595 421
200603 198903 529
200638 200608 838
200638 200640 443
200652 200633 2508
200652 200656 1226
200631 200632 846
200631 200633 2783
200648 200643 774
200648 200649 2785
225051 225052 2509
225051 225064 8064
225067 225054 1475
225436 225439 947
225440 234271 975
225440 235086 1041
225445 225444 531
225471 225469 1234
225478 225480 1174
225479 225481 4125
225053 225054 1654
235061 235186 2352
235063 235187 2623
235054 235053 4284
235054 235187 1494
226868 226869 2668
226868 226871 1187
226870 226864 460
226879 226880 2611
226879 226881 4033
226880 226879 2611
226880 234305 2031
227288 226911 1688
227288 226913 1225
227289 227285 1398
227289 227295 1813
227282 234923 2838
227282 234928 2618
227284 227283 1019
227284 234923 3595
225816 225814 6369
225816 225819 747
225845 225862 2101
225845 225866 1669
225908 225918 1054
225902 225870 2170
225902 225873 1296
235000 235001 1157
227283 227284 1019
227283 227299 3258
227311 227295 3249
227311 234911 1103
227376 227375 1489
227376 234913 4009
234913 227376 4009
234913 234914 2950
227348 227322 251
227348 227349 2900
227352 227349 1688
227352 227356 2003
227380 227375 445
227380 227381 2262
227404 227405 1203
227404 227406 950
227412 227413 1124
227412 227414 1004
227414 227412 1004
227414 227438 2662
227364 227356 1739
227364 227358 2770
227558 227557 1675
227558 227577 2604
227541 227452 2699
227541 227546 562
227575 227576 257
227575 227838 742
227831 227838 1180
234321 227576 757
235519 235520 109
235522 235521 425
227609 227608 1344
227609 227610 502
227587 227579 1139
227587 227657 844
227584 227583 782
227584 234320 666
227589 227586 1094
227589 227854 2303
227657 227587 844
227657 227591 924
227854 227589 2303
227854 227592 753
233986 233988 2038
233990 233989 153
233990 234120 5048
233944 233945 1375
233944 233946 1059
233951 233946 627
233951 233969 1225
233972 233971 1004
233972 233976 1193
233884 233854 2034
233884 233886 706
233884 233891 748
233936 233932 804
233937 225142 1187
233937 233945 1099
234363 233909 1549
233979 233976 753
234055 234054 928
234055 234056 762
234055 234057 1466
234071 234056 921
234071 234072 1445
234071 234073 586
234076 234063 1423
234076 234075 1004
234078 234079 926
234112 234081 1423
234178 234173 1083
234178 234179 1443
234203 234204 1031
234203 234206 817
234203 234207 1011
234207 234203 1011
234207 234208 696
234216 234210 2006
234216 234222 1339
234131 234127 1979
234131 234130 1372
234784 234785 167
234120 233990 5048
234120 234119 3091
234120 234779 3666
234124 234119 1141
234124 234119 1141
234124 234138 1938
226836 226941 1713
226836 226942 1511
226937 225281 1987
226937 226827 1967
226938 225282 1095
226938 226939 71
226938 226940 1730
234725 234726 1516
234725 234727 1051
227052 227054 1234
227052 227055 980
227055 227052 980
227055 227057 3812
227088 227057 1137
227088 227100 982
227099 227104 679
227099 232570 3460
227104 227099 679
227104 227106 1139
227445 227796 867
227446 227447 1780
227446 227448 3129
226981 226982 2005
226981 226983 284
227808 227803 1929
227808 234732 2002
235160 235159 991
235160 235165 1339
226894 226895 4975
226894 226915 2138
227112 227022 776
227112 227163 4851
227185 227182 1254
227185 227186 3388
227448 227446 3129
227448 227453 6944
227450 227447 853
227460 227505 844
227509 227506 3249
227509 227518 1000
227509 227595 1594
227515 227517 3446
227515 227518 1094
227516 227517 1176
227530 227533 1344
227530 227625 1342
227598 227615 560
227532 227517 1011
227532 227518 3449
227533 227530 1344
227533 227625 505
6666 6665 685
6666 6668 1755
6671 6672 4367
6671 6699 289
227186 227185 3388
227186 227187 1406
6748 6700 703
6759 6758 918
6759 34966 1440
6775 6774 1322
6780 6788 523
6780 6789 1720
34602 34626 704
34602 34627 877
6786 6785 742
6786 6788 876
7204 6784 1909
7204 34937 1264
7180 6973 1846
7153 7151 2586
7153 7191 5955
7153 7192 3699
7189 7190 584
7198 7197 1033
7198 7201 451
7202 7199 1905
7202 7203 3600
7221 7632 1630
7205 6784 1508
7616 7615 830
7291 7286 3794
7291 7355 10083
7362 7364 2711
7375 7376 6054
7375 7379 2323
7796 7798 1374
7819 7818 1342
7819 7908 7778
7908 7819 7778
7908 7824 3018
7914 7825 2012
7914 7922 1042
7881 7880 1270
7881 7931 739
7907 7932 450
7907 7933 1195
34199 7723 1312
225510 225508 2705
225510 225509 1466
225814 225481 5161
225814 225815 3029
225814 225816 6369
225861 225860 510
225861 225863 1239
225896 225894 1124
225896 225897 678
225904 225881 1000
225904 225905 1009
225935 225936 124
225590 225575 2936
225590 235443 546
225591 225592 928
225597 234399 413
225570 225569 1000
225570 225571 251
225588 225574 2317
225587 225582 1529
225587 234285 1613
225599 234230 4024
225599 234232 915
225670 234285 315
225678 225677 883
225678 225679 747
225679 225678 747
225679 225680 409
225686 225682 1809
225686 225711 1175
225713 225696 3183
225713 225712 274
225726 225708 556
225726 225725 783
225726 234284 1148
226383 226384 1592
226383 226385 905
226383 226390 1175
226392 226391 943
225516 225604 2084
225516 235109 1072
225607 225606 817
225607 225609 352
225636 225632 1570
225636 225637 2037
225638 225632 1730
225638 225639 417
225635 225619 1438
225635 225637 924
226389 226387 334
226389 226396 3481
226406 235501 591
226406 235502 907
7848 7849 2039
7848 7877 365
7889 34641 535
7884 7882 1712
7884 7892 120
7935 7932 2392
7935 35436 1684
7950 7896 1195
7950 7948 1804
7964 7963 3763
7964 8305 2005
8318 8317 871
8318 34242 641
8621 8620 2812
8621 8630 2299
8628 8659 932
8628 8665 3676
8658 8660 1165
8658 8661 1363
8669 8661 1294
8669 8673 1401
8735 8732 832
8746 8747 553
8746 8748 2039
15974 15970 1352
15974 15975 770
15973 15970 1241
15973 15992 1058
16373 15996 1035
16373 16376 1729
16576 16231 857
16576 16571 2116
16572 16231 2126
16572 16571 708
16584 16580 892
16584 16582 1369
16584 16585 1413
16232 16226 1972
16232 16590 803
16598 16596 1463
16598 16612 1004
16633 16585 497
16614 16612 696
16614 16617 1101
16617 16605 758
16617 16614 1101
16617 16622 955
16674 16703 1003
16674 16705 1030
16859 16870 1086
16859 16871 1052
16865 16868 260
16865 16869 744
16867 16869 1061
16867 16872 302
16867 16873 848
21619 21621 847
21619 21625 1196
21619 21626 2376
11239 11255 556
22345 22344 1447
22375 22376 1117
22375 22380 1124
22375 22447 556
22447 22375 556
22447 22377 2018
22447 22382 201
11265 11267 1124
11265 22449 681
22448 22383 755
22448 22449 1234
11254 11253 1786
11254 11255 1181
11356 11253 3040
11356 11359 747
22396 22388 889
22390 22389 782
22390 22403 755
22390 22408 1558
11278 22388 1850
11278 22453 782
11266 11267 588
22424 22409 236
22413 22115 756
22413 22414 1889
22466 22417 667
22466 22467 1175
22126 22113 764
22126 22115 2223
22124 22113 1778
22124 22122 681
22125 22122 2223
22120 22109 1556
22120 22117 756
22120 22122 840
22121 22105 672
22121 22117 2126
22227 22225 756
22227 22230 796
22233 22229 1336
22233 22231 580
22225 22226 1139
22225 22227 756
22251 22231 1306
22251 22256 598
22260 22257 598
22260 22261 950
22262 22261 1031
22262 22263 1560
22041 22038 3344
22041 22191 475
22207 22202 373
22689 22690 806
22689 22695 1161
22689 22696 1025
22696 22689 1025
22696 22704 1901
22862 22705 1848
22869 22706 1025
22869 22870 588
22870 22869 588
22870 22874 1055
22891 22874 975
22891 22890 950
22891 22895 562
22895 22891 562
22895 22898 561
22900 22893 612
22900 22898 600
22894 22893 947
22894 22907 336
22908 22907 904
22908 22910 1932
22690 22689 806
22690 22691 1161
22039 22037 818
22040 22037 1964
22040 22038 884
22040 22049 1576
22743 22724 1188
22743 22741 404
22750 22726 276
22750 22744 847
22816 22803 3749
22816 22815 847
22815 22805 3655
22815 22816 847
22815 22820 847
22820 22815 847
22820 22817 1653
22820 22826 847
22976 22826 1730
22977 22974 826
22977 22978 1426
22978 22829 826
22978 22977 1426
22845 22846 187
22845 23001 344
22860 22859 2516
22860 23159 847
23013 22859 905
23196 23159 1653
23194 7437 1777
23195 23193 951
23195 28204 2243
28207 28204 676
28207 28205 924
23169 23142 1653
23153 23139 649
23153 23152 1808
23153 23163 475
23160 23155 905
23160 23162 475
23160 23167 78
23161 23155 2359
23161 23159 818
23139 23137 1850
23139 23151 847
23139 23153 649
23170 23151 1455
28206 28200 1179
28206 28208 688
28277 28276 1179
28277 28284 344
28205 28195 1827
28205 28207 924
28210 28208 688
28210 28209 1102
28284 28277 344
28284 28278 452
28286 28278 445
28286 28281 238
28239 28231 3141
28280 28262 1577
28280 28279 672
28290 28288 252
28290 28295 905
28298 28295 1779
28298 28300 688
28397 28300 1337
28397 28411 688
28415 28411 1337
28415 28413 688
28416 28413 1739
28416 28418 796
28459 28640 2853
28789 28668 722
28810 28811 697
28794 28795 809
28794 28800 511
28794 28811 1877
24130 28857 605
24130 28934 1484
24393 24388 939
24387 24388 1209
24387 24395 562
24403 24399 836
24403 24405 1613
24404 24405 1299
24404 24520 605
28819 28815 905
28819 28816 1810
28847 27397 975
28847 28815 1274
27398 27397 2084
27398 28848 3536
28817 28811 806
28817 28816 931
24521 24520 697
24559 24565 1501
24559 24566 873
24559 24573 676
24573 24559 676
24573 24567 1585
24573 24575 873
24576 24575 2272
24576 24627 738
24630 24628 418
24630 24631 738
24631 24630 738
24631 24632 672
24631 24633 1209
24634 24633 650
24634 24656 1209
24660 24661 672
24660 24662 475
24663 24665 788
24663 25189 1280
25208 25192 545
20107 10802 30
24781 24776 765
188592 188591 769
188592 189015 938
189014 189015 917
189014 189018 2319
189018 189014 2319
189018 189025 3135
189018 189028 768
189023 189024 802
189023 189025 892
189023 189052 1560
189024 189023 802
189024 189051 1537
189049 189051 843
189049 189053 1552
189054 189053 834
189054 189205 1591
188591 188588 810
188591 188592 769
188591 189020 1388
189206 189205 744
189206 189217 605
189218 189217 829
189218 189220 876
189218 189221 319
189220 189218 876
189220 189219 812
189220 189224 2180
189222 189224 785
189264 189266 2643
189264 189283 4637
190767 190768 1035
190767 190825 833
190767 190826 638
190771 190769 81
190771 190770 320
190771 190826 147
190826 190767 638
190826 190771 147
190826 190825 382
188588 188591 810
188588 189019 1876
189021 188515 805
189021 189019 1007
189021 189031 359
188436 188426 832
188436 188448 1603
188446 188448 859
188446 188471 2745
188428 188426 1096
188428 188427 828
186833 186834 801
186833 188427 1167
188515 188516 2861
188515 189021 805
188515 189031 744
188507 188506 923
188507 189042 1653
189041 189042 736
189041 189048 1496
189083 189048 776
189083 189145 1585
189103 189104 793
189103 189147 1546
189146 189145 851
189146 189147 812
189146 189152 1503
189077 189081 818
189077 189090 1560
189088 189090 785
189088 189117 1587
189082 188614 752
189082 189081 1642
189108 189117 901
189108 189128 1510
189101 189104 802
189101 189106 1593
189105 189106 778
189105 189110 1494
189112 189110 834
189112 189128 795
189112 189159 2196
188603 188585 828
188603 188602 1561
188617 188602 851
188617 188622 1517
188629 188622 778
188629 188630 917
188629 188632 1637
188627 188767 1577
188627 188827 827
188631 188630 801
188631 188767 826
188631 188836 1650
188826 188822 802
188826 188827 1512
188630 188629 917
188630 188631 801
188630 188634 1521
188764 188762 1616
188764 188763 787
188769 188762 817
188769 188771 1501
188769 188820 899
188821 188820 1537
188821 188822 819
190641 190642 1719
190641 190662 1229
188471 188446 2745
188471 188470 786
188517 188470 2628
188517 188474 794
188467 188457 2757
188467 188468 878
188467 188469 728
188474 188469 2653
188474 188517 794
188475 188460 2705
188475 188476 746
190646 190645 2845
190646 190657 1693
189311 188296 809
189311 190524 7932
187094 187093 460
187283 187282 959
187283 187293 819
187283 187296 2460
187295 187275 833
187295 187293 1315
188295 187093 810
188295 188296 44
190769 189275 337
190769 190771 81
189305 189622 1327
189608 189273 1709
189608 189276 184
189613 189614 486
189613 189631 538
189613 189632 425
199200 199198 802
199200 199272 863
199274 199267 1355
199274 199272 766
199280 199268 824
199199 199197 747
199199 199198 1630
214726 199268 1013
214726 214727 2025
199205 199197 1483
199205 199203 730
199205 199207 1432
199209 199207 838
199209 199245 1502
199245 199209 1502
199245 199244 857
199245 199249 824
199249 199245 824
199249 199247 885
199249 199251 1668
199301 199251 766
199255 199251 1668
199255 199254 766
199255 199257 1795
199306 199257 838
199306 199451 1668
199451 199306 1668
199451 199384 766
199451 199391 2220
199453 199391 747
199453 199460 1117
199484 199497 1996
214335 214337 537
199468 199416 930
199468 199467 1564
199470 199467 684
199944 200215 793
199944 200270 2362
199945 199967 666
199945 200270 1054
200052 200059 662
200052 200060 2354
200053 200060 659
200053 200202 1863
200203 200202 1010
200203 200216 2798
200215 199944 793
200215 200216 1118
200215 200271 2363
200034 200035 683
200038 200035 1185
200038 200040 769
200038 200041 1805
200039 200041 587
200039 200054 936
199993 199997 1020
199993 214344 1785
199993 214354 1367
199997 199993 1020
199997 199994 1465
199997 214355 1549
200001 199995 1010
200001 200040 2279
199971 199968 937
199971 199972 1899
200531 200533 797
200940 200938 1424
200940 200945 457
200944 200949 1345
200944 201001 2971
200977 200651 2343
200977 200982 955
200977 200990 2432
200979 200982 1253
200979 200986 1446
200980 200981 2836
200510 199968 213
200510 200511 681
200510 200512 724
214723 200533 263
200514 200525 342
200514 200526 769
200514 200527 2525
200515 200512 255
200515 200526 1690
200515 200661 275
200568 200558 826
200568 200567 934
200568 200571 1402
200572 200571 1952
200572 200575 845
200572 200580 846
200579 200558 1327
200579 200571 819
200579 200580 2011
200579 200581 683
200527 200514 2525
200527 200561 1457
200527 200677 772
200564 200561 2363
200564 200566 774
200564 200575 458
200564 200583 1576
200575 200562 448
200575 200564 458
200575 200572 845
195067 194912 2337
195067 195068 3320
195067 195068 3320
200621 200620 1003
200621 200634 994
200621 201184 717
200626 200620 1767
200626 214837 8154
198932 198931 2744
198932 200625 2771
198932 201200 466
198932 215179 436
200624 200625 165
198903 198904 493
198903 198905 549
198903 200603 529
200602 198904 861
200602 200598 458
200602 200604 328
200595 200594 421
200595 200596 622
200595 200596 622
200608 200605 440
200608 200609 184
200608 200610 499
200608 200638 838
200640 200638 443
200640 200643 787
200633 200631 2783
200633 200652 2508
200633 200654 751
200633 200655 2275
200656 200652 1226
200656 200657 1807
200656 200659 2318
200632 200631 846
200632 200637 781
200643 200612 1277
200643 200640 787
200643 200644 2936
200643 200648 774
200649 200644 647
200649 200648 2785
225052 225051 2509
225052 234265 745
225064 225051 8064
225064 234242 488
225064 234243 3438
225054 225053 1654
225054 225067 1475
225439 225436 947
225439 225438 2211
234271 225440 975
234271 225441 804
235086 225440 1041
235086 235085 7213
235086 235479 535
225444 225445 531
225444 234270 2910
225469 225470 1234
225469 225471 1234
225469 225472 2018
225480 225478 1174
225480 225482 893
225480 225483 1694
225481 225479 4125
225481 225809 401
225481 225814 5161
235186 235061 2352
235186 235184 611
235187 235054 1494
235187 235063 2623
235053 235054 4284
235053 235056 1562
226869 226868 2668
226871 226868 1187
226864 226865 6914
226864 226870 460
226881 226879 4033
226881 226887 1709
226881 234906 830
234305 226880 2031
234305 234304 702
234305 234907 2455
226911 226908 1218
226911 227279 3011
226911 227288 1688
226913 226910 3104
226913 227288 1225
226913 227290 510
227285 227286 1897
227285 227287 2187
227285 227289 1398
227295 227289 1813
227295 227290 3828
227295 227311 3249
234923 227282 2838
234923 227284 3595
234923 234925 1273
234928 227282 2618
225819 225816 747
225819 225817 535
225862 225845 2101
225862 225863 1548
225862 225866 452
225866 225845 1669
225866 225862 452
225866 225867 502
225918 225908 1054
225870 225869 3618
225870 225901 2638
225870 225902 2170
225873 225871 4774
225873 225876 1522
225873 225902 1296
235001 235000 1157
227299 227283 3258
227299 227287 782
234911 227311 1103
227375 227376 1489
227375 227380 445
234914 234913 2950
227322 227348 251
227349 227348 2900
227349 227352 1688
227356 227352 2003
227356 227364 1739
227381 227380 2262
227405 227404 1203
227406 227404 950
227413 227412 1124
227438 227414 2662
227358 227364 2770
227557 227558 1675
227577 227558 2604
227452 227541 2699
227546 227541 562
227576 227575 257
227576 234321 757
227838 227575 742
227838 227831 1180
235520 235519 109
235521 235522 425
227608 227609 1344
227610 227609 502
227579 227583 1669
227579 227587 1139
227583 227579 1669
227583 227584 782
227583 227586 844
234320 227584 666
227586 227583 844
227586 227589 1094
227591 227592 1380
227591 227657 924
227592 227591 1380
227592 227854 753
233988 233986 2038
233988 233989 182
233989 233988 182
233989 233990 153
233945 233937 1099
233945 233944 1375
233946 233944 1059
233946 233951 627
233969 233951 1225
233971 233972 1004
233976 233972 1193
233976 233979 753
233854 233884 2034
233886 233884 706
233891 233884 748
233932 233936 804
225142 233937 1187
233909 234363 1549
234054 234055 928
234056 234055 762
234056 234071 921
234057 234055 1466
234072 234071 1445
234073 234071 586
234063 234076 1423
234075 234076 1004
234079 234078 926
234079 234081 2475
234081 234079 2475
234081 234112 1423
234173 234178 1083
234179 234178 1443
234204 234203 1031
234206 234203 817
234208 234207 696
234210 234216 2006
234222 234216 1339
234127 234131 1979
234130 234131 1372
234785 234784 167
234119 234120 3091
234119 234124 1141
234119 234124 1141
234779 234120 3666
234138 234124 1938
226941 226836 1713
226942 226836 1511
225281 225282 1226
225281 226937 1987
226827 226937 1967
225282 225281 1226
225282 226938 1095
226939 226938 71
226940 226938 1730
234726 234725 1516
234727 234725 1051
227054 227052 1234
227054 227057 4350
227057 227054 4350
227057 227055 3812
227057 227088 1137
227100 227088 982
232570 227099 3460
227106 227104 1139
227796 227445 867
227447 227446 1780
227447 227450 853
226982 226981 2005
226983 226981 284
227803 227808 1929
234732 227808 2002
235159 235160 991
235165 235160 1339
226895 226894 4975
226915 226894 2138
227022 227112 776
227163 227112 4851
227182 227185 1254
227453 227448 6944
227505 227460 844
227505 227506 1357
227506 227505 1357
227506 227509 3249
227518 227509 1000
227518 227515 1094
227518 227532 3449
227595 227509 1594
227517 227515 3446
227517 227516 1176
227517 227532 1011
227625 227530 1342
227625 227533 505
227615 227598 560
6665 6666 685
6668 6666 1755
6672 6671 4367
6699 6671 289
6699 6700 930
227187 227186 1406
6700 6699 930
6700 6748 703
6758 6759 918
6758 6774 1005
34966 6759 1440
6774 6758 1005
6774 6775 1322
6788 6780 523
6788 6786 876
6789 6780 1720
34626 34602 704
34627 34602 877
6785 6786 742
6784 7204 1909
6784 7205 1508
34937 7204 1264
6973 7180 1846
7151 7153 2586
7191 7153 5955
7192 7153 3699
7190 7189 584
7197 7198 1033
7201 7198 451
7199 7202 1905
7203 7202 3600
7632 7221 1630
7615 7616 830
7286 7291 3794
7355 7291 10083
7364 7362 2711
7376 7375 6054
7379 7375 2323
7798 7796 1374
7818 7819 1342
7824 7908 3018
7825 7914 2012
7922 7914 1042
7880 7881 1270
7931 7881 739
7931 7932 1571
7931 7948 3328
7932 7907 450
7932 7931 1571
7932 7935 2392
7933 7907 1195
7723 34199 1312
225508 225509 2919
225508 225510 2705
225509 225508 2919
225509 225510 1466
225815 225814 3029
225860 225861 510
225863 225861 1239
225863 225862 1548
225894 225896 1124
225897 225896 678
225881 225904 1000
225905 225904 1009
225936 225935 124
225575 225574 1279
225575 225590 2936
235443 225590 546
225592 225591 928
234399 225597 413
225569 225570 1000
225571 225570 251
225574 225575 1279
225574 225588 2317
225582 225587 1529
234285 225587 1613
234285 225670 315
234230 225599 4024
234232 225599 915
225677 225678 883
225680 225679 409
225680 225682 794
225682 225680 794
225682 225686 1809
225682 225711 2415
225711 225682 2415
225711 225686 1175
225711 225712 1252
225696 225713 3183
225712 225711 1252
225712 225713 274
225708 225726 556
225725 225726 783
234284 225726 1148
226384 226383 1592
226385 226383 905
226390 226383 1175
226391 226392 943
225604 225516 2084
235109 225516 1072
225606 225607 817
225609 225607 352
225632 225636 1570
225632 225637 2138
225632 225638 1730
225637 225632 2138
225637 225635 924
225637 225636 2037
225639 225638 417
225619 225635 1438
226387 226389 334
226396 226389 3481
235501 226406 591
235502 226406 907
7849 7848 2039
7877 7848 365
34641 7889 535
7882 7884 1712
7892 7884 120
35436 7935 1684
7896 7950 1195
7948 7931 3328
7948 7950 1804
7963 7964 3763
8305 7964 2005
8317 8318 871
34242 8318 641
8620 8621 2812
8630 8621 2299
8659 8628 932
8665 8628 3676
8660 8658 1165
8661 8658 1363
8661 8669 1294
8673 8669 1401
8732 8735 832
8747 8746 553
8748 8746 2039
15970 15973 1241
15970 15974 1352
15975 15974 770
15992 15973 1058
15992 15996 880
15996 15992 880
15996 16373 1035
16376 16373 1729
16231 16572 2126
16231 16576 857
16571 16572 708
16571 16576 2116
16580 16584 892
16582 16584 1369
16582 16585 1852
16585 16582 1852
16585 16584 1413
16585 16633 497
16226 16232 1972
16590 16232 803
16596 16598 1463
16612 16598 1004
16612 16605 1063
16612 16614 696
16605 16612 1063
16605 16617 758
16622 16617 955
16703 16674 1003
16705 16674 1030
16870 16859 1086
16871 16859 1052
16868 16865 260
16869 16865 744
16869 16867 1061
16872 16867 302
16873 16867 848
21621 21619 847
21625 21619 1196
21626 21619 2376
11255 11239 556
11255 11254 1181
22344 22345 1447
22376 22375 1117
22380 22375 1124
22377 22447 2018
22382 22383 588
22382 22447 201
11267 11265 1124
11267 11266 588
11267 22453 764
22449 11265 681
22449 22448 1234
22449 22453 1114
22383 22382 588
22383 22448 755
11253 11254 1786
11253 11356 3040
11359 11356 747
22388 11278 1850
22388 22396 889
22389 22390 782
22403 22390 755
22408 22390 1558
22408 22409 1000
22453 11267 764
22453 11278 782
22453 22449 1114
22409 22408 1000
22409 22424 236
22115 22126 2223
22115 22413 756
22414 22413 1889
22417 22466 667
22467 22466 1175
22113 22124 1778
22113 22126 764
22122 22120 840
22122 22124 681
22122 22125 2223
22109 22120 1556
22117 22120 756
22117 22121 2126
22105 22121 672
22230 22227 796
22230 22229 580
22229 22226 708
22229 22230 580
22229 22233 1336
22231 22233 580
22231 22251 1306
22226 22225 1139
22226 22229 708
22256 22251 598
22256 22257 672
22257 22256 672
22257 22260 598
22261 22260 950
22261 22262 1031
22263 22262 1560
22038 22040 884
22038 22041 3344
22191 22041 475
22202 22207 373
22695 22689 1161
22695 22691 806
22704 22696 1901
22704 22705 982
22705 22704 982
22705 22706 1635
22705 22862 1848
22706 22705 1635
22706 22869 1025
22874 22870 1055
22874 22891 975
22890 22891 950
22898 22895 561
22898 22900 600
22893 22894 947
22893 22900 612
22907 22894 336
22907 22908 904
22910 22908 1932
22691 22690 1161
22691 22695 806
22037 22039 818
22037 22040 1964
22049 22040 1576
22724 22743 1188
22724 22744 870
22741 22743 404
22726 22750 276
22726 22803 950
22744 22724 870
22744 22750 847
22803 22726 950
22803 22805 580
22803 22816 3749
22805 22803 580
22805 22815 3655
22817 22820 1653
22826 22820 847
22826 22976 1730
22974 22829 1426
22974 22977 826
22829 22974 1426
22829 22978 826
22846 22845 187
22846 23001 413
23001 22845 344
23001 22846 413
22859 22860 2516
22859 23013 905
23159 22860 847
23159 23161 818
23159 23196 1653
7437 23194 1777
23193 23195 951
28204 23195 2243
28204 28207 676
23142 23151 747
23142 23169 1653
23152 23137 788
23152 23153 1808
23163 23153 475
23163 23167 295
23155 23160 905
23155 23161 2359
23162 23160 475
23167 23160 78
23167 23163 295
23137 23139 1850
23137 23152 788
23151 23139 847
23151 23142 747
23151 23170 1455
28200 28206 1179
28208 28206 688
28208 28210 688
28276 28277 1179
28195 28205 1827
28209 28210 1102
28278 28284 452
28278 28286 445
28281 28279 796
28281 28286 238
28231 28239 3141
28262 28280 1577
28279 28280 672
28279 28281 796
28288 28290 252
28295 28290 905
28295 28298 1779
28300 28298 688
28300 28397 1337
28411 28397 688
28411 28415 1337
28413 28415 688
28413 28416 1739
28418 28416 796
28640 28459 2853
28668 28789 722
28811 28794 1877
28811 28810 697
28811 28816 610
28811 28817 806
28795 28794 809
28800 28794 511
28857 24130 605
28934 24130 1484
28934 24388 1475
24388 24387 1209
24388 24393 939
24388 28934 1475
24395 24387 562
24395 24399 2335
24399 24395 2335
24399 24403 836
24405 24403 1613
24405 24404 1299
24520 24404 605
24520 24521 697
28815 28819 905
28815 28847 1274
28816 28811 610
28816 28817 931
28816 28819 1810
27397 27398 2084
27397 28847 975
28848 27398 3536
24565 24559 1501
24565 24567 738
24566 24559 873
24567 24565 738
24567 24573 1585
24575 24573 873
24575 24576 2272
24627 24576 738
24627 24628 672
24628 24627 672
24628 24630 418
24632 24631 672
24633 24631 1209
24633 24634 650
24656 24634 1209
24656 24662 418
24661 24660 672
24662 24656 418
24662 24660 475
24662 24665 2884
24665 24662 2884
24665 24663 788
25189 24663 1280
25192 25208 545
10802 20107 30
24776 24781 765
189015 188592 938
189015 189014 917
189015 189020 916
189015 189028 1837
189025 189018 3135
189025 189023 892
189028 189015 1837
189028 189018 768
189052 189023 1560
189052 189051 769
189051 189024 1537
189051 189049 843
189051 189052 769
189053 189049 1552
189053 189054 834
189205 189054 1591
189205 189206 744
189020 188591 1388
189020 189015 916
189020 189019 899
189217 189206 605
189217 189218 829
189217 189219 867
189221 189218 319
189219 189217 867
189219 189220 812
189224 189220 2180
189224 189222 785
189266 189264 2643
189283 189264 4637
190768 190767 1035
190825 190767 833
190825 190770 93
190825 190826 382
190770 189275 132
190770 190771 320
190770 190825 93
189019 188588 1876
189019 189020 899
189019 189021 1007
189031 188515 744
189031 189021 359
188426 188428 1096
188426 188436 832
188448 188436 1603
188448 188446 859
188448 188470 2727
188427 186833 1167
188427 188428 828
186834 186833 801
188516 188515 2861
188506 188507 923
189042 188507 1653
189042 189041 736
189048 189041 1496
189048 189083 776
189145 189083 1585
189145 189146 851
189104 189101 802
189104 189103 793
189147 189103 1546
189147 189146 812
189152 189146 1503
189081 189077 818
189081 189082 1642
189090 189077 1560
189090 189088 785
189117 189088 1587
189117 189108 901
188614 189082 752
189128 189108 1510
189128 189112 795
189106 189101 1593
189106 189105 778
189110 189105 1494
189110 189112 834
189159 189112 2196
188585 188603 828
188602 188603 1561
188602 188617 851
188622 188617 1517
188622 188629 778
188632 188629 1637
188632 188634 894
188767 188627 1577
188767 188631 826
188827 188627 827
188827 188826 1512
188836 188631 1650
188836 188634 768
188822 188821 819
188822 188826 802
188634 188630 1521
188634 188632 894
188634 188836 768
188762 188764 1616
188762 188769 817
188763 188764 787
188771 188769 1501
188820 188769 899
188820 188821 1537
190642 190641 1719
190662 190641 1229
188470 188448 2727
188470 188469 787
188470 188471 786
188470 188517 2628
188457 188467 2757
188468 188467 878
188469 188467 728
188469 188470 787
188469 188474 2653
188460 188475 2705
188476 188475 746
190645 190646 2845
190657 190646 1693
188296 188295 44
188296 189311 809
190524 189311 7932
187093 187094 460
187093 188295 810
187282 187283 959
187293 187283 819
187293 187295 1315
187296 187283 2460
187275 187295 833
189275 189276 111
189275 190769 337
189275 190770 132
189622 189305 1327
189273 189608 1709
189276 189275 111
189276 189608 184
189614 189613 486
189614 189632 245
189631 189613 538
189631 189632 310
189632 189613 425
189632 189614 245
189632 189631 310
199198 199199 1630
199198 199200 802
199272 199200 863
199272 199274 766
199267 199274 1355
199268 199280 824
199268 214726 1013
199197 199199 747
199197 199205 1483
214727 214726 2025
199203 199205 730
199207 199205 1432
199207 199209 838
199207 199244 1484
199244 199207 1484
199244 199245 857
199244 199247 1062
199247 199244 1062
199247 199249 885
199251 199249 1668
199251 199255 1668
199251 199301 766
199254 199255 766
199257 199255 1795
199257 199306 838
199257 199384 1666
199384 199257 1666
199384 199451 766
199391 199451 2220
199391 199453 747
199460 199453 1117
199497 199484 1996
214337 214335 537
199416 199468 930
199467 199468 1564
199467 199470 684
200270 199944 2362
200270 199945 1054
200270 199967 772
200270 200271 792
199967 199945 666
199967 200270 772
199967 200511 2471
200059 200052 662
200060 200052 2354
200060 200053 659
200202 200053 1863
200202 200203 1010
200216 200203 2798
200216 200215 1118
200271 200215 2363
200271 200270 792
200035 200034 683
200035 200038 1185
200040 200001 2279
200040 200038 769
200041 200038 1805
200041 200039 587
200054 200039 936
214344 199993 1785
214354 199993 1367
199994 199995 1245
199994 199997 1465
214355 199997 1549
199995 199994 1245
199995 200001 1010
199968 199971 937
199968 200510 213
199972 199971 1899
200533 200531 797
200533 214723 263
200938 200940 1424
200945 200940 457
200949 200944 1345
201001 200944 2971
201001 200981 473
200651 200977 2343
200982 200977 955
200982 200979 1253
200990 200977 2432
200986 200979 1446
200981 200980 2836
200981 201001 473
200511 199967 2471
200511 200510 681
200511 200512 328
200512 200510 724
200512 200511 328
200512 200515 255
200512 200661 237
200525 200514 342
200526 200514 769
200526 200515 1690
200526 200677 2452
200661 200512 237
200661 200515 275
200558 200568 826
200558 200579 1327
200567 200568 934
200580 200572 846
200580 200579 2011
200581 200579 683
200677 200526 2452
200677 200527 772
200566 200564 774
200583 200564 1576
194912 195067 2337
201184 200621 717
214837 200626 8154
198931 198932 2744
201200 198932 466
215179 198932 436
198905 198903 549
200598 200602 458
200598 200605 785
200604 200602 328
200596 200595 622
200596 200595 622
200605 200598 785
200605 200608 440
200609 200608 184
200610 200608 499
200654 200633 751
200654 200637 1539
200655 200633 2275
200657 200656 1807
200659 200656 2318
200637 200632 781
200637 200654 1539
200612 200643 1277
200644 200643 2936
200644 200649 647
234265 225052 745
234242 225064 488
234243 225064 3438
225438 225439 2211
225441 234271 804
235085 235086 7213
235479 235086 535
234270 225444 2910
225470 225469 1234
225472 225469 2018
225482 225480 893
225483 225480 1694
225809 225481 401
235184 235186 611
235056 235053 1562
226865 226864 6914
226887 226881 1709
234906 226881 830
234304 234305 702
234907 234305 2455
226908 226910 1565
226908 226911 1218
227279 226911 3011
226910 226908 1565
226910 226913 3104
227290 226913 510
227290 227295 3828
227286 227285 1897
227287 227285 2187
227287 227299 782
234925 234923 1273
225817 225819 535
225867 225866 502
225869 225870 3618
225869 225871 1097
225901 225870 2638
225871 225869 1097
225871 225873 4774
225876 225873 1522
821
200571
200561
200562
195068
200620
200634
200625
198904
200594
200603
200638
200652
200631
200648
225051
225067
225436
225440
225445
225471
225478
225479
225053
235061
235063
235054
226868
226870
226879
226880
227288
227289
227282
227284
225816
225845
225908
225902
235000
227283
227311
227376
234913
227348
227352
227380
227404
227412
227414
227364
227558
227541
227575
227831
234321
235519
235522
227609
227587
227584
227589
227657
227854
233986
233990
233944
233951
233972
233884
233936
233937
234363
233979
234055
234071
234076
234078
234112
234178
234203
234207
234216
234131
234784
234120
234124
226836
226937
226938
234725
227052
227055
227088
227099
227104
227445
227446
226981
227808
235160
226894
227112
227185
227448
227450
227460
227509
227515
227516
227530
227598
227532
227533
6666
6671
227186
6748
6759
6775
6780
34602
6786
7204
7180
7153
7189
7198
7202
7221
7205
7616
7291
7362
7375
7796
7819
7908
7914
7881
7907
34199
225510
225814
225861
225896
225904
225935
225590
225591
225597
225570
225588
225587
225599
225670
225678
225679
225686
225713
225726
226383
226392
225516
225607
225636
225638
225635
226389
226406
7848
7889
7884
7935
7950
7964
8318
8621
8628
8658
8669
8735
8746
15974
15973
16373
16576
16572
16584
16232
16598
16633
16614
16617
16674
16859
16865
16867
21619
11239
22345
22375
22447
11265
22448
11254
11356
22396
22390
11278
11266
22424
22413
22466
22126
22124
22125
22120
22121
22227
22233
22225
22251
22260
22262
22041
22207
22689
22696
22862
22869
22870
22891
22895
22900
22894
22908
22690
22039
22040
22743
22750
22816
22815
22820
22976
22977
22978
22845
22860
23013
23196
23194
23195
28207
23169
23153
23160
23161
23139
23170
28206
28277
28205
28210
28284
28286
28239
28280
28290
28298
28397
28415
28416
28459
28789
28810
28794
24130
24393
24387
24403
24404
28819
28847
27398
28817
24521
24559
24573
24576
24630
24631
24634
24660
24663
25208
20107
24781
188592
189014
189018
189023
189024
189049
189054
188591
189206
189218
189220
189222
189264
190767
190771
190826
188588
189021
188436
188446
188428
186833
188515
188507
189041
189083
189103
189146
189077
189088
189082
189108
189101
189105
189112
188603
188617
188629
188627
188631
188826
188630
188764
188769
188821
190641
188471
188517
188467
188474
188475
190646
189311
187094
187283
187295
188295
190769
189305
189608
189613
199200
199274
199280
199199
214726
199205
199209
199245
199249
199301
199255
199306
199451
199453
199484
214335
199468
199470
199944
199945
200052
200053
200203
200215
200034
200038
200039
199993
199997
200001
199971
200531
200940
200944
200977
200979
200980
200510
214723
200514
200515
227299
227375
227322
227349
227356
227381
227358
227557
227577
227452
227546
227608
227610
227579
227586
227591
227592
233989
233945
233946
233969
233971
233976
233854
233886
233891
233932
225142
233909
234054
234056
234057
234072
234063
234075
234079
234081
234173
234179
234204
234210
234222
234127
234130
225281
226827
225282
234727
227054
227100
227106
227796
227447
226982
226983
227803
226895
226915
227022
227163
227182
227453
227505
227506
227595
227615
6665
6699
6758
6774
6788
6789
6785
6784
6973
7151
7191
7192
7199
7286
7355
7379
7798
7818
7824
7825
7922
7880
7932
7723
225508
225509
225815
225860
225894
225881
225569
225571
225574
225582
234285
225677
225680
225696
225712
225708
225725
226385
226390
225604
225606
225632
225619
226387
226396
235501
235502
7877
7882
7892
7896
7948
7963
8317
8620
8630
8659
8665
8660
8661
8732
8747
15970
15992
15996
16376
16231
16580
16582
16226
16590
16596
16612
16605
16622
16703
16705
16869
16873
21621
21625
21626
11255
22344
22376
22380
22377
22382
22449
22383
11253
11359
22388
22389
22403
22408
22453
22409
22115
22417
22113
22122
22109
22117
22105
22230
22231
22226
22256
22257
22261
22263
22038
22191
22202
22695
22704
22706
22874
22890
22893
22907
22691
22037
22724
22741
22726
22744
22803
22805
22817
22826
22974
22829
22846
23001
22859
23159
7437
23193
28204
23142
23152
23155
23137
23151
28200
28208
28276
28195
28209
28278
28281
28231
28262
28279
28288
28295
28300
28411
28413
28418
28640
28668
28800
28857
28934
24388
24395
24399
24405
24520
28815
28816
27397
28848
24565
24566
24567
24575
24627
24628
24632
24633
24656
24665
25192
10802
24776
189025
189028
189052
189051
189053
189205
189020
189219
189224
189266
189283
190768
190825
190770
189019
189031
188426
188448
188427
186834
188516
188506
189042
189048
189145
189104
189147
189152
189081
189090
189117
188614
189128
189106
189110
189159
188585
188602
188622
188632
188767
188827
188836
188822
188634
188762
188763
188771
188820
190642
190662
188457
188468
188469
188460
188476
190645
190657
190524
187282
187293
187296
187275
189275
189622
189273
189614
189631
189632
199198
199272
199267
199268
199197
199203
199207
199244
199247
199251
199254
199257
199384
199391
199460
199497
214337
199416
199467
200270
199967
200059
200060
200202
200216
200271
200040
200041
200054
199994
199995
199968
200938
200945
200949
201001
200651
200982
200990
200986
200981
200511
200526
200661
200558
200580
200581
200677
200566
200583
194912
201184
214837
198931
201200
215179
200598
200596
200605
200609
200610
200654
200655
200657
200659
200637
200612
200644
234265
234242
225438
225441
235085
235479
234270
225472
225482
225483
225809
235184
235056
226865
226887
234304
226908
226910
227290
227287
234925
225817
225867
225871
225876
