552
204690 204693 179
204690 204694 730
204763 204761 363
204763 204762 2122
204763 204764 447
207767 207783 2076
207767 207784 924
207782 207778 1825
207782 207783 593
207772 207775 755
207772 207776 1325
207775 207772 755
207775 207777 963
207775 207778 846
207774 207776 906
207712 212820 578
207721 207722 1519
207728 207730 355
145291 145290 851
145291 145290 851
145291 145292 1961
145293 144747 1956
145293 145292 882
145299 145303 1916
145302 144747 750
145302 144748 2157
145302 145303 764
145298 145300 198
145298 145300 198
196746 145288 849
196746 145290 1355
196746 196747 687
196753 196751 673
196756 196744 1628
196756 196752 801
196776 196744 800
145333 145281 415
145333 145323 727
145333 145341 548
145334 145330 826
145334 145335 813
145334 145336 620
145510 145338 597
145510 145511 867
145510 145512 1569
145510 145558 750
145558 145510 750
145558 145559 1638
145558 145565 805
145565 145558 805
145565 145566 1625
145397 145395 861
145397 145396 568
145397 145398 893
145399 145386 744
145399 145398 812
145399 145400 2124
145394 145395 868
145394 145414 530
145384 145387 830
145384 145582 1953
145580 145582 822
145580 145583 1361
145386 145387 1999
145386 145399 744
145569 145566 803
145569 145571 1442
145581 145571 783
145581 145583 841
145581 145586 1469
145392 145413 947
145392 145414 1213
145392 145415 853
145415 145392 853
145415 145405 911
145415 145416 1798
145419 145416 765
145419 145428 1718
145429 145428 817
145429 145452 2028
145453 145452 728
145453 145809 1719
145453 145811 600
145811 145453 600
145811 145812 1903
145816 145812 612
145816 145817 1278
145831 145817 666
145831 145836 1497
145841 145836 758
145841 145842 1378
146017 145842 819
146017 146018 765
146017 146019 1454
146018 146017 765
146018 146020 1451
146023 146020 794
146023 146047 1791
146057 146047 840
146057 146059 1526
146063 146059 775
146063 146064 428
146066 146064 739
146066 146067 1903
151511 151512 834
151511 151513 1780
151451 151463 1774
151451 151513 890
151462 151463 873
151462 151465 1547
151464 151465 739
151464 151468 1903
151508 151515 1297
151508 151516 797
151509 151516 372
151509 151517 563
151512 151511 834
151512 151514 1773
151512 151515 644
151466 151455 1098
151466 151457 955
151467 151457 849
151467 151468 770
151467 151470 1702
151510 151522 983
151452 146067 780
151452 151455 1581
151521 151522 1360
151521 151525 769
151524 151408 1007
151524 151523 330
151524 151525 1406
151407 151408 1410
151407 151408 1410
151407 203777 771
204492 204503 201
204492 204505 549
204505 204492 549
204505 204510 980
204509 204510 219
204509 204657 797
204661 204657 802
204661 204662 603
204665 204666 421
203722 203776 841
203722 203777 791
203776 203722 841
203776 203779 1129
203781 203779 773
203781 203783 1466
203781 203784 839
203784 203781 839
203784 203785 1360
203802 203785 584
204426 204434 907
204434 204426 907
204480 204479 1055
204479 204480 1055
204479 204503 1258
208094 208109 867
208109 208094 867
207784 207767 924
207784 207833 805
207833 207784 805
207833 207834 751
207834 207833 751
207860 208547 1185
208547 207860 1185
207856 207858 864
207858 207856 864
180640 180646 1984
166893 166891 766
166904 166905 1293
166905 166904 1293
161235 167000 2232
167000 161235 2232
166883 166917 2454
166917 166883 2454
180646 180640 1984
180490 180488 1919
180488 180490 1919
182254 182252 1560
182167 182168 629
182168 182167 629
182131 182139 452
182139 182131 452
182252 182254 1560
166891 166893 766
166938 166941 517
166941 166938 517
176451 176457 2340
176457 176451 2340
155522 175375 976
175375 155522 976
175375 175372 276
175372 175375 276
175946 175959 253
175959 175946 253
175879 175878 672
175878 175879 672
176066 176065 1498
176065 176066 1498
175891 175890 562
175890 175891 562
176054 176055 336
176055 176054 336
176047 176048 788
176048 176047 788
175036 175038 3205
175047 175049 1108
175049 175047 1108
175038 175036 3205
210942 210943 1516
210943 210942 1516
212067 212081 213
212081 212067 213
163762 163759 600
163759 163762 600
163902 163901 842
165285 165245 885
165286 165282 1000
165282 165286 1000
165245 165285 885
163901 163902 842
166389 166406 421
166406 166389 421
165009 165006 796
165006 165009 796
161349 161354 713
161349 161373 2210
161354 161349 713
161373 161349 2210
164525 161370 818
161370 164525 818
212069 212084 1628
212084 212069 1628
212761 212167 371
212167 212761 371
212368 212419 853
212419 212368 853
114848 114849 969
114849 114848 969
106933 106855 905
106855 106933 905
107376 107374 788
107379 107380 696
107374 107376 788
107380 107379 696
92900 92941 2257
92941 92900 2257
106751 106750 929
106750 106751 929
109888 109887 1013
109887 109888 1013
111916 111924 872
111924 111916 872
112039 112040 889
112040 112039 889
112040 112041 872
112041 112040 872
112075 112078 893
112078 112075 893
112112 112113 1357
112113 112112 1357
112151 112208 354
112208 112151 354
112233 112227 756
112227 112233 756
112361 112362 1466
111787 111790 840
111790 111787 840
112242 112238 333
112238 112242 333
112362 112361 1466
112966 112965 884
112965 112966 884
113346 113349 252
113349 113346 252
113363 113376 2065
113376 113363 2065
113383 113390 1099
113390 113383 1099
113014 113015 796
113019 113024 1877
113024 112934 1813
113024 113019 1877
113015 113014 796
113046 113047 764
112808 113050 1197
113047 113046 764
113050 112808 1197
112934 113024 1813
104641 104640 450
104640 104641 450
104536 104537 818
104537 104536 818
104541 104514 1930
104514 104541 1930
104426 104427 336
104427 104426 336
39818 39811 610
39811 39818 610
39781 39785 1863
39785 39781 1863
104823 104890 847
104890 104823 847
105056 105115 769
105115 105056 769
105034 105035 194
105035 105034 194
39668 39670 2340
39670 39668 2340
39956 40510 1224
40510 39956 1224
40523 41009 1438
41009 40523 1438
41145 41152 1188
41152 41145 1188
41152 41156 1066
41156 41152 1066
40868 40647 2297
41369 41345 682
41345 41369 682
40644 40647 1908
40647 40644 1908
40647 40868 2297
40991 40986 758
40986 40991 758
55129 55119 837
55297 55384 677
55384 55297 677
56099 56100 890
48398 48414 344
48398 48592 796
48592 48398 796
48655 48660 906
48660 48655 906
48414 48398 344
48600 48603 435
48603 48600 435
49130 49134 848
49134 49130 848
48968 48970 2106
48970 48968 2106
49103 49104 885
49104 49103 885
129927 131880 649
131880 129927 649
56677 56678 1977
56678 56677 1977
53798 53801 3361
53801 53798 3361
53835 53928 374
53928 53835 374
55077 55117 474
55117 55077 474
55119 55129 837
144476 142523 2444
144476 144484 2499
144484 144476 2499
144484 144520 2751
144520 144484 2751
144520 144528 1885
144528 144520 1885
196773 196775 815
196775 196744 1812
196775 196773 815
139890 150680 1587
150680 139890 1587
141581 141590 2382
142315 142314 1259
142314 142315 1259
142523 144476 2444
141590 141581 2382
141923 142013 1506
142013 141923 1506
142558 142570 408
142570 142558 408
142291 142293 1970
142293 142291 1970
56100 56099 890
204667 204666 678
204671 204687 773
204687 204671 773
204687 204693 1080
204693 204687 1080
204693 204690 179
204694 204690 730
204761 204763 363
204762 204763 2122
204764 204763 447
207783 207767 2076
207783 207782 593
207778 207775 846
207778 207782 1825
207776 207772 1325
207776 207774 906
207776 207777 790
207777 207775 963
207777 207776 790
212820 207712 578
207722 207721 1519
207730 207728 355
145290 145291 851
145290 145291 851
145290 196746 1355
145292 145291 1961
145292 145293 882
144747 145293 1956
144747 145302 750
145303 145299 1916
145303 145302 764
144748 145302 2157
145300 145298 198
145300 145298 198
145288 196746 849
196747 196746 687
196747 196751 278
196751 196747 278
196751 196752 2921
196751 196753 673
196744 196756 1628
196744 196775 1812
196744 196776 800
196752 196751 2921
196752 196756 801
145281 145333 415
145323 145333 727
145341 145333 548
145330 145334 826
145335 145334 813
145335 145336 1014
145336 145334 620
145336 145335 1014
145336 145338 2892
145338 145336 2892
145338 145510 597
145511 145510 867
145512 145510 1569
145512 145559 821
145559 145512 821
145559 145558 1638
145559 145566 751
145566 145559 751
145566 145565 1625
145566 145569 803
145395 145394 868
145395 145397 861
145396 145397 568
145398 145397 893
145398 145399 812
145400 145387 717
145400 145399 2124
145414 145392 1213
145414 145394 530
145387 145384 830
145387 145386 1999
145387 145400 717
145582 145384 1953
145582 145580 822
145583 145580 1361
145583 145581 841
145571 145569 1442
145571 145581 783
145586 145581 1469
145413 145392 947
145405 145415 911
145416 145415 1798
145416 145419 765
145428 145419 1718
145428 145429 817
145452 145429 2028
145452 145453 728
145809 145453 1719
145809 145812 675
145812 145809 675
145812 145811 1903
145812 145816 612
145817 145816 1278
145817 145831 666
145836 145831 1497
145836 145841 758
145842 145841 1378
145842 146017 819
146019 146017 1454
146019 146020 748
146020 146018 1451
146020 146019 748
146020 146023 794
146047 146023 1791
146047 146057 840
146059 146057 1526
146059 146063 775
146064 146063 428
146064 146066 739
146067 146066 1903
146067 151452 780
151513 151451 890
151513 151511 1780
151513 151514 797
151463 151451 1774
151463 151462 873
151465 151462 1547
151465 151464 739
151468 151464 1903
151468 151467 770
151515 151508 1297
151515 151512 644
151516 151508 797
151516 151509 372
151516 151517 456
151517 151509 563
151517 151516 456
151514 151512 1773
151514 151513 797
151455 151452 1581
151455 151457 1019
151455 151466 1098
151457 151455 1019
151457 151466 955
151457 151467 849
151470 151467 1702
151522 151510 983
151522 151521 1360
151525 151521 769
151525 151524 1406
151408 151407 1410
151408 151407 1410
151408 151524 1007
151523 151524 330
203777 151407 771
203777 203722 791
203777 203779 748
204503 204479 1258
204503 204492 201
204510 204505 980
204510 204509 219
204657 204509 797
204657 204661 802
204662 204661 603
204662 204666 387
204666 204662 387
204666 204665 421
204666 204667 678
203779 203776 1129
203779 203777 748
203779 203781 773
203783 203781 1466
203783 203785 864
203785 203783 864
203785 203784 1360
203785 203802 584
991
204690
204763
207767
207782
207772
207775
207774
207712
207721
207728
145291
145293
145299
145302
145298
196746
196753
196756
196776
145333
145334
145510
145558
145565
145397
145399
145394
145384
145580
145386
145569
145581
145392
145415
145419
145429
145453
145811
145816
145831
145841
146017
146018
146023
146057
146063
146066
151511
151451
151462
151464
151508
151509
151512
151466
151467
151510
151452
151521
151524
151407
204492
204505
204509
204661
204665
203722
203776
203781
203784
203802
204405
204419
204423
204426
204434
204480
204479
208113
208114
208511
208529
208530
208536
208550
208094
208109
208110
208116
207784
207833
207834
207838
207860
208546
208547
208523
207856
207858
208170
208174
208193
208407
208417
208458
208460
208466
208482
208490
208492
208487
210702
210712
210727
210723
210738
210751
210749
210747
210766
180658
180631
180664
180277
180281
180283
180285
180295
180266
180609
180640
180662
180661
166893
166904
166905
185191
185198
166387
166390
166415
166513
166497
166521
166530
166686
166675
166657
166628
166639
166689
166687
161235
161237
167000
167073
166661
166747
166996
167017
166882
166883
166917
166962
167136
167148
167154
180760
180646
180670
180490
180572
180569
180404
179687
180465
180434
180480
180476
180488
182323
182386
182254
173605
182163
181984
182167
182168
179718
181927
181935
181943
182131
182139
182154
182159
182172
181975
182363
182252
182373
173618
173622
173625
166900
185179
166946
166891
166938
166941
166907
152243
166971
166963
152255
152391
166973
152250
166366
166955
176411
161239
176424
176420
176427
161240
152284
152219
152282
173952
174779
174780
176627
173633
173665
173721
185983
173728
173833
172924
173816
173888
173630
173891
173925
176431
176450
176451
174682
175310
175311
176457
152024
155522
152028
175375
175364
175372
175386
175378
175477
175962
175949
175963
175495
175946
175959
175490
152058
152036
152051
175913
175444
175848
175853
175861
175874
175879
175878
175899
175897
177094
176976
176989
176987
176982
176994
176014
176031
176016
176066
176065
175891
175890
176054
176055
176047
176048
176062
175816
175822
175841
175825
175806
175802
175794
176040
175717
175727
175771
175780
175036
176671
176903
177062
175658
177067
177079
177082
176924
177078
177090
174796
174827
175606
175046
175047
175049
175038
210942
210943
210745
210960
210965
210998
211013
211413
211429
211430
211438
212053
212054
212058
208014
211024
211033
212067
212081
163567
163564
163574
165026
163762
163828
166438
166441
166445
163759
165075
165223
163902
165285
165286
165282
165245
165242
165251
165290
163899
163901
163830
163890
166453
166372
166389
166406
166425
163445
164292
164004
165008
165009
163577
165006
163053
164006
163066
172684
164379
164440
164458
164259
164320
164330
164334
164332
164367
164257
164389
164411
164421
164418
164469
164253
212415
161349
161354
161375
212429
164244
164348
164520
164547
164568
161373
164525
161367
161370
212069
212084
212098
212101
212231
212110
212360
212761
212167
212367
212368
212419
212421
114398
114411
114641
114389
115195
114354
114433
114409
114588
114413
114005
115213
119407
114848
114849
114923
114933
114925
115021
92097
92142
92160
115339
115327
115437
115457
115683
115345
115743
115414
115692
115725
105813
115766
106933
106855
106975
106982
107042
107045
107376
107357
107365
107359
107129
107379
107374
107380
107285
107314
107322
109519
92809
92878
102830
102832
92900
92941
92942
106157
106709
106916
106751
106913
106750
106213
116004
116020
116049
116028
116082
116078
116091
191514
191913
191530
191531
191510
192758
192762
192061
192064
191941
191776
191961
192847
192784
192787
192974
192978
192988
192985
190985
107623
109830
109859
109865
109888
109872
109887
107772
109839
111177
111164
111170
111168
111186
111111
111003
110959
110962
111191
111194
103345
111207
111901
111916
111924
112039
112040
112041
112053
112054
111589
112056
112075
112078
112080
112110
112076
112112
112113
112118
112151
112208
112215
112217
112317
112357
112289
112354
112349
112233
112227
112225
112363
112361
111787
111790
111789
111747
112583
112649
111750
112653
112172
112182
112204
112196
112192
112197
112641
112655
112690
112726
112637
112242
112236
112259
112271
112239
112250
112238
112356
112359
112362
112688
112940
112966
112965
112967
113017
113328
113331
113346
113349
113352
113360
113363
113376
113383
113390
113399
113014
113019
113024
113015
103303
103305
113046
113073
113061
103319
112781
112808
113047
113050
103310
112934
104529
104534
104550
113405
113406
104503
104520
104641
104640
104662
104536
104537
104539
104541
104514
104516
104566
104597
104426
104571
104427
104569
39798
39818
39799
39813
39612
39622
39625
39807
39811
39820
39781
39785
39793
39795
104761
104765
104802
104823
104890
104951
104949
105056
105115
105052
105053
105030
105064
104609
104458
105043
105016
105034
105035
105092
39579
39582
39650
39651
39615
39627
39661
39667
39668
39670
39678
39666
39688
39702
39739
39742
39744
39956
40510
41004
41011
40523
41009
41031
41036
41051
41055
41145
41152
41162
40626
40627
41158
41156
40868
40872
40877
40894
40896
40900
40903
41369
41348
41349
41345
41371
40976
40640
40644
40647
40991
40992
40986
41664
48594
55129
55137
55139
55297
55384
55399
55402
55411
55434
55447
56099
48398
48592
48431
48606
48655
48660
48683
48414
48600
48603
48743
48747
48768
48800
48774
48787
48772
48811
48790
48792
49138
49124
49130
48929
49064
49058
49078
49073
49135
49134
49070
48927
48968
48970
49103
49104
49112
49171
49021
49194
49193
49595
49613
49616
48334
131406
131409
131666
131672
131809
131811
128077
131892
49697
49698
129927
131795
131880
121427
121544
54332
56677
56678
54436
54437
54503
54504
54396
54400
54501
54654
54655
54656
49673
53849
53850
53798
53801
53835
53928
55060
55144
55062
55077
55117
55119
144476
144484
144520
144528
144534
144608
144618
144620
144646
144656
144664
145275
196721
213728
196738
196773
196775
139890
139891
150680
150592
150623
150587
150681
150598
151727
140179
140182
140199
140201
140246
140260
141570
141581
142315
142314
142321
142489
142485
142488
142516
142523
142285
141590
141640
141919
141923
142013
142024
142025
142037
142045
142556
142558
142570
142571
142286
142291
142293
142601
56100
56103
56124
56126
56127
204667
204671
204687
204693
204761
204762
204764
207783
207778
207777
212820
207722
207730
145290
145292
144747
145303
144748
145288
196747
196744
196752
145281
145323
145330
145335
145336
145338
145511
145512
145559
145566
145395
145398
145400
145387
145582
145583
145571
145586
145413
145405
145416
145428
145452
145809
145812
145817
145836
145842
146019
146020
146047
146059
146064
146067
151513
151463
151465
151468
151515
151516
151517
151514
151455
151457
151470
151522
151525
151408
203777
204503
204510
204657
204662
203779
203783
203785
