3460
119388 119156 9187
119388 119389 1610
119401 119400 1405
119401 119400 1405
114865 114866 1114
114865 114867 1174
115008 115007 1556
115008 116207 1217
114864 114863 787
114864 114866 1220
92025 92024 1098
92025 102247 312
92002 92003 4728
92002 102932 1637
92017 91987 1402
92017 102246 2060
92033 92036 2227
92037 92038 2694
92052 92044 825
92052 92050 2562
92052 92062 4335
92116 102191 1126
92118 92117 1827
102210 102209 580
102210 102211 1013
94381 94376 2123
94381 94378 4039
94383 94378 1884
94383 103230 3094
102341 101789 1189
92261 92244 4427
92284 94465 10858
92255 92244 3661
92255 92257 2493
94460 94457 763
94473 94472 1186
94473 95903 2827
94478 94465 1262
94478 94479 1558
94478 94480 3802
94464 94471 5065
94464 94474 3872
115827 115826 1611
115842 115859 485
92405 92341 1878
92405 92410 2026
92405 92443 6705
92434 92435 1874
92434 92436 4134
92426 92324 846
92426 92429 1357
92498 92439 2456
92498 92496 884
105802 116054 402
107071 107072 1139
107071 107111 2193
107101 107100 506
93189 93188 550
107069 94120 336
107069 107070 4282
107099 107100 2443
107099 107106 889
107099 113746 1347
107106 107099 889
107106 107107 1096
107206 107207 561
107206 107226 1007
107215 107216 1347
107215 108490 1344
108493 108494 1595
108493 108495 562
108502 108503 1025
108502 108504 836
107432 107431 418
108507 108508 645
108507 108518 3237
107423 107424 1362
107423 107534 2613
109219 107534 598
109219 109221 598
107502 109225 847
109220 109221 604
109220 109227 2480
109218 109217 950
109218 109225 2367
109217 109218 950
109217 109231 3566
109244 109245 475
109244 109260 839
109483 109484 1527
109483 109485 1234
92970 92968 2358
92970 93064 2271
101885 101886 2668
101885 103123 585
93014 93013 1625
93043 93042 472
93043 101884 817
93056 93061 1635
93056 93062 1532
93057 93058 238
92780 92779 3115
92780 92781 3998
92603 92600 5024
92603 92839 333
115792 115793 2387
115792 115798 8341
115819 115820 4263
115819 115830 474
115834 115835 1871
115834 115836 1190
115857 115858 539
190862 191888 192
190863 190864 304
190863 192017 832
191544 191545 768
191544 193924 728
190888 190887 356
190890 190889 87
190890 194163 116
191680 191672 1399
191680 191683 861
191680 191696 888
191868 191905 140
191701 191696 718
191701 191706 1731
192742 191039 401
191492 191706 1226
191492 191738 211
194139 194038 1049
191760 191759 2676
191760 191761 225
194140 194141 1882
191632 191633 225
191632 191635 1849
191632 191640 1125
191769 191752 671
192741 191039 1288
193926 192712 2881
192701 192700 1004
192704 192703 2147
192704 192706 1686
192805 192803 610
192805 192804 445
192804 192803 418
192804 192805 445
114074 114075 433
114107 114100 1124
114107 114106 836
114088 114086 746
114088 114263 2021
114104 114106 474
114104 114251 201
114263 114088 2021
114263 114251 674
114263 114264 847
114371 114372 521
109467 109468 134
109261 109257 2858
109371 109260 672
113897 113903 774
109431 109430 1853
109431 109430 1853
109654 109653 1007
109654 109653 1007
109654 109653 1007
103273 103272 76
103273 103274 797
109515 109380 2612
109538 109536 1431
109538 109537 2216
109805 103274 467
109805 109561 243
109382 109383 979
109382 109963 1014
109936 109935 2667
109936 109944 3163
109927 109926 925
109927 109940 1327
109918 109917 681
109918 109920 1719
109917 109918 681
109917 109919 1796
109917 109922 1007
109939 109940 923
111028 111038 672
111028 111041 1897
111037 111039 1124
111040 110147 1447
111040 111041 504
109945 109947 516
109945 110147 598
109922 109917 1007
109922 109919 2179
111050 111039 3475
111050 111047 750
110981 110982 1292
111006 110984 1917
111006 110987 946
111006 111053 1409
111052 111053 836
111052 111063 1207
111069 111063 737
111064 111062 1420
111066 111061 1072
111060 111057 604
111078 111079 737
111242 110152 1483
111242 111243 975
111242 111248 672
111248 111242 672
111248 111247 2289
111254 111247 809
111254 111253 279
111278 111253 473
111278 111279 201
111275 111277 1072
111275 111284 696
111279 111278 201
111279 111280 536
103352 103367 699
111287 103366 1213
111287 111288 1161
111350 111297 1630
111350 111310 344
111350 111352 1500
111362 111363 333
103364 103365 453
111489 111490 1608
111489 111509 1179
111509 111489 1179
111509 111510 782
111516 111517 452
111529 111530 667
111529 111610 504
111616 111603 1181
111616 111610 796
111621 111613 1375
111621 111618 434
111609 111446 628
111609 111608 511
111618 111607 930
111618 111612 1292
111618 111621 434
111617 111613 434
111617 111614 778
111614 111604 504
111614 111617 778
111445 111453 111
111411 111409 1501
111411 111410 2340
111432 111431 747
111432 111446 1775
111434 111436 950
111446 111430 788
111446 111432 1775
111446 111609 628
112481 112482 649
112481 112625 1344
104133 104132 950
104092 104099 2613
104092 104104 1780
104092 104105 1098
104093 104094 886
104162 104151 1306
104162 104163 672
104104 104092 1780
104104 104106 435
104102 103979 2368
104102 104103 1956
104102 112828 1672
112878 112873 713
112645 112618 1114
112645 112628 2346
112738 112739 806
112738 112742 948
112746 112747 598
112746 112752 580
104355 104356 836
104355 104368 872
104123 104124 869
104347 104204 975
104347 104348 737
104347 104399 737
104368 104348 1762
104368 104355 872
104398 104399 1811
104398 104449 737
104448 104449 2410
104448 104450 806
104448 113442 1066
39502 39301 1015
39502 39503 672
39505 39309 420
39503 39502 672
39503 39508 344
39182 39183 581
39171 39170 2205
39171 39174 1357
39186 39183 904
104235 104233 1206
104240 104237 1398
104731 104724 279
104726 104723 238
104728 39063 418
104737 104738 2194
104769 104768 747
104769 104770 2103
104773 104231 1022
104773 113699 1152
104777 104776 464
104280 104209 6740
104280 104279 1481
104389 104388 1362
104389 104800 2111
104787 104788 1894
104787 104800 1085
104797 104798 605
104797 104799 809
104289 104290 188
104782 104781 1715
104782 104783 536
39178 39166 363
39178 50298 1529
39166 39164 848
39166 39178 363
39168 39143 3742
39168 39165 1014
39170 39148 1633
39170 39171 2205
104841 104800 2271
104841 104842 610
104374 104373 649
104382 104383 2407
104382 104846 1223
104847 104846 884
104842 104388 889
104842 104841 610
104480 104474 672
104480 104479 1085
104480 104496 672
104482 104474 1420
104482 104892 737
104908 104907 336
104908 104911 279
104911 104908 279
104911 104912 1283
104500 104501 947
104914 104501 975
104914 104913 1008
104453 104452 122
104603 104599 738
104600 104497 276
104600 104599 2087
104490 104478 2212
104490 104489 836
104490 104491 750
104497 104499 473
104497 104600 276
39377 39356 697
39379 39436 537
39320 39283 475
39307 39300 3291
39330 39283 2273
39330 39311 2441
37261 37254 788
37261 37258 418
37276 37273 1254
37276 37277 1085
39364 37277 1902
39364 39366 738
37279 37270 5392
37279 39393 1079
37279 39394 336
37254 37251 1026
37254 37261 788
39358 39347 418
39394 37279 336
39394 37286 2365
37289 37283 697
37289 37288 1338
37289 39403 629
39405 39403 952
39405 39407 1716
39407 39405 1716
39407 50257 229
40216 38419 629
40216 40217 677
40217 40216 677
40217 40219 951
40218 40219 844
40218 50412 1639
40220 40219 156
40220 40221 2407
40276 40273 790
40276 40443 452
40275 40273 2358
40275 40277 337
40308 40304 1143
40308 40307 1111
40291 40290 1640
40291 40294 562
40291 40304 924
40306 40294 517
40284 40282 2237
40288 40266 1697
40288 40289 1810
40328 40327 984
40328 40329 738
40372 50312 157
40379 40376 810
40379 40380 751
40380 40379 751
40380 40381 1008
40392 40381 836
40392 40393 939
50258 40418 190
40419 40420 2359
40419 40431 252
40419 40435 1212
40436 40435 406
40436 40438 210
40438 40428 1178
40438 40436 210
40570 40744 1188
40570 40820 355
40742 40741 709
40742 40744 1022
40742 40746 1124
50405 50404 244
40842 40797 4802
40798 40797 878
40798 40801 2566
40807 40806 828
40807 40808 619
40801 40795 1258
40801 40798 2566
40801 40806 5561
55186 51716 1010
55186 55179 4239
51716 51715 612
51716 55186 1010
51716 55194 928
56344 56324 355
56344 56345 1206
56346 56347 374
56346 56352 1206
55425 56357 751
40783 40780 605
40783 40782 1447
40783 40785 2690
40785 40783 2690
40785 40784 790
40785 41615 1695
41614 41606 445
41614 41607 558
41614 41615 418
41606 41603 1592
41606 41612 432
41606 41614 445
41619 41612 751
41619 47681 1907
47683 47681 790
47683 47708 1438
48454 48455 420
48454 48457 747
48454 50379 422
48459 48457 1181
48459 48463 615
48469 48468 906
48469 48475 612
48533 48536 330
48535 48534 408
48535 48537 309
41651 41652 1074
41651 48544 452
48534 48535 408
48534 48537 388
47711 47702 1181
47711 47709 1161
47711 47710 1293
47710 47704 1428
47710 47706 688
47710 47711 1293
47715 47706 1855
47715 48360 818
48360 47715 818
48360 47716 1181
48360 48359 474
48375 50377 678
50378 48437 484
50378 50377 744
47709 47708 1104
47709 47711 1161
48820 48495 2536
48820 48501 1656
48820 48821 2348
48828 48821 1242
48562 48560 871
48562 48561 2560
48563 48561 709
48564 48519 630
48564 48567 893
48567 48564 893
48567 48565 790
48831 48520 486
48827 48821 1780
48827 48825 1028
48826 48125 168
48826 48825 476
48849 48129 436
48849 48851 1153
48851 48131 848
48851 48849 1153
48852 48131 1591
48852 48858 648
48861 48858 1380
48187 48181 1357
48224 48223 772
48224 48225 972
48200 48193 1776
48200 48197 257
48232 48199 807
48232 48233 1419
49006 49588 2593
49582 49584 1222
48273 48266 1429
48273 48267 1258
48278 48276 1228
48278 48279 610
131362 131358 1304
131362 131359 1811
131369 131360 1154
131369 131468 3061
49587 49586 1139
131469 131468 1118
131469 131470 2273
131470 131439 1105
131470 131454 1979
131470 131469 2273
131474 131454 1028
131474 131488 1023
131486 131458 789
131486 131484 1484
131487 131484 1065
131487 131488 202
131490 131488 906
131458 131457 1735
131458 131467 848
131458 131486 789
131504 131500 1028
131504 131505 818
131504 131512 1182
131512 131504 1182
131512 131513 818
131680 131592 1631
131680 131683 951
131680 131684 558
131741 131737 1229
131741 131740 450
131742 131738 2798
131742 131739 948
131742 131756 777
131748 131743 1194
131771 131768 811
131771 131772 738
131771 131785 502
131835 131845 1568
131779 131769 814
131779 131772 11
131779 131791 1083
131837 131845 739
131837 131849 2739
131850 131849 874
131850 131866 2650
131850 131867 276
131851 131856 739
131854 131855 1494
54543 54545 752
54544 53888 371
54544 56776 1377
54042 50739 2925
54449 54454 885
54449 54455 1413
54451 54455 789
54451 54459 2353
54549 54545 1855
54549 54563 890
54549 54569 2783
54569 54549 2783
54569 54572 1140
54569 54573 3249
54569 54609 807
54573 54569 3249
54573 54634 874
54573 54636 2505
54633 54638 673
54633 54639 751
54643 54636 874
54643 54639 747
54643 54644 1577
56332 56331 558
52746 52745 2251
52746 52747 2076
52746 52751 1545
54459 54451 2353
54459 54458 650
54477 54458 2353
54477 54476 928
54481 54476 2292
54481 54480 747
54704 54703 552
54704 54705 1345
54704 54706 476
54706 54704 476
54706 54713 1399
54723 54724 276
51249 51148 869
51249 51300 909
52658 52661 646
54644 54643 1577
54644 54647 890
53880 53878 374
53880 53881 3440
53883 53881 837
53883 53899 3241
53895 53944 691
53895 53945 418
53954 53899 837
53954 53943 818
53954 53958 810
53945 53895 418
53945 53947 677
53945 56731 611
53953 53951 1210
53953 53964 418
53967 53970 650
53967 53972 238
53972 53967 238
53972 53973 1620
55183 53973 890
55183 55178 948
55183 55193 2844
55173 55179 2219
55178 51715 3577
55178 55179 810
55178 55183 948
52569 51905 405
52569 52444 2074
52792 52444 404
55175 55179 697
144546 144547 789
150495 150493 790
150495 150533 1646
150501 150533 840
150619 150536 2469
150489 150483 815
150491 150483 1711
150491 150486 827
150491 150493 1448
150695 150696 843
150602 150733 755
150602 150738 1064
150733 150602 755
150733 150736 759
140278 140284 674
140278 140285 1469
140284 140278 674
140284 140287 746
140284 140302 1141
140286 140287 1420
140286 150741 559
140286 150743 511
150741 140286 559
150741 150743 791
150742 141817 278
150742 150738 307
150742 150743 321
150742 150744 309
140437 140394 1398
140437 151817 2208
140438 140450 1613
140438 140451 2258
140438 140455 807
140455 140438 807
140455 140456 2259
140457 140456 742
140451 140438 2258
140451 140456 806
140451 140459 828
140460 140459 2376
140460 140475 828
141869 140456 2450
141885 140475 2376
141885 141884 739
141899 141884 2480
141899 141891 797
141903 141891 2263
141903 141904 772
140530 140523 2407
140530 140529 791
140530 141941 838
141943 141941 2244
141943 141944 750
140529 140509 2411
140529 140528 797
140529 140530 791
141947 140528 2305
141947 141945 747
141947 141956 2356
141956 141947 2356
141956 141959 834
141956 141960 2348
141960 141956 2348
141960 141978 846
141992 141978 2504
141992 141994 1037
141992 142005 912
143266 143265 651
143266 143268 524
143419 143420 1014
143462 143464 449
143462 143466 560
143462 143468 435
142119 142120 904
142133 142136 1360
142133 142658 2930
142135 142120 1004
142135 142137 956
142135 143483 1029
142130 142127 313
142130 142655 3091
142656 142655 847
142656 142658 973
142656 142663 2834
142109 142110 721
142109 142643 3296
142643 142109 3296
142643 142644 791
142643 142651 2869
142650 142651 882
142650 142675 2447
142674 142672 901
142674 142675 826
142674 142689 2476
142672 142671 879
142672 142674 901
142672 142682 2485
142081 142084 1535
142633 142084 1580
142633 142638 1076
142646 142645 898
142646 142668 2435
142671 142668 813
142671 142672 879
142671 142681 2364
142008 142004 1322
142008 142007 1474
143263 143259 645
143263 143264 255
142080 142084 996
142080 142588 2484
142588 142080 2484
142588 142597 1176
142588 142598 1006
142596 142619 1025
142596 142620 2345
142618 142620 1106
142618 142627 2321
142626 142627 922
142626 142747 2378
142745 142747 1007
142745 142748 2251
142746 142748 1182
142746 142759 2373
142758 142759 971
142758 142784 2307
142782 142784 975
142782 142792 2318
142783 142792 991
142783 144788 1195
144512 144547 2458
144787 144797 1222
144786 144795 392
144786 144796 1676
144802 144803 495
144514 144515 457
144791 144552 1557
144792 144552 1341
144792 144818 860
144792 144820 802
144819 144818 505
204531 204466 1781
204591 204467 960
204591 204592 1259
204559 204550 2050
204568 204566 755
204568 204598 710
204568 204599 1902
214417 203853 6408
204776 204774 674
204776 204777 1701
204777 204775 776
204777 204776 1701
204777 204786 1811
204806 204809 346
204806 204810 1808
204811 204810 774
204811 204830 1920
204880 204830 849
204880 204883 1808
204884 204886 1936
204884 204894 510
204885 204883 755
204885 204886 864
204885 204889 1810
204872 204878 679
204875 204876 408
204875 212239 428
204899 204877 449
204899 204900 329
204899 204904 683
144550 144549 662
144550 144552 845
144832 144817 877
144832 144821 1338
144833 144821 820
144833 144834 953
144833 144835 465
144838 144835 1341
144840 144835 715
144847 144843 591
144847 144845 1252
144849 144843 2282
144849 144851 1009
144837 144834 511
145046 144851 2359
145046 145047 1007
145057 145047 905
145057 145058 1085
145057 145059 1305
145059 145057 1305
145059 145106 385
145059 145134 226
145106 145059 385
145106 145134 376
145130 145148 900
145130 145155 1484
145522 145155 805
145522 145525 1398
145530 145525 719
145530 145531 1393
145532 145531 809
145532 145536 1715
145549 145536 822
145549 145552 1744
139770 145552 586
145642 144131 1675
145642 145644 223
145673 144131 690
145673 145674 741
145673 145679 1797
145674 145673 741
145674 145683 1806
145677 145683 683
145677 145685 1084
145696 145697 426
145696 145700 351
145702 145700 450
145702 145704 410
145704 145702 410
145704 145705 2340
145807 145855 708
145807 145900 1525
145899 145897 777
145899 145900 792
145899 145902 2537
145897 145895 783
145897 145898 2390
145897 145899 777
145895 145896 2368
145895 145897 783
145886 145896 846
145886 145903 1634
145904 145903 861
145904 145920 2066
145706 145705 751
145706 145889 1746
145891 145889 735
145891 145911 2023
145919 145911 818
145919 145920 816
145919 145923 1851
145855 145807 708
145855 145856 1277
145857 145856 923
145936 145934 811
145936 145937 1448
145937 145935 805
145937 145936 1448
145937 145944 1751
145945 145944 802
146085 145947 3095
146085 146090 1874
146091 146090 877
146091 146097 1718
151595 151594 1332
151595 151594 1332
151595 197577 1327
151595 203846 1974
151595 204546 1055
197577 151595 1327
197577 197578 1022
197577 203845 1128
203847 203845 634
203847 214999 921
151803 151594 391
151803 151594 391
203844 204447 522
203844 204449 1826
145956 145948 1644
145956 145958 800
145956 145959 694
145960 145955 1461
145960 145959 1799
146112 145958 1834
151626 145963 2219
151626 151597 5044
146097 146091 1718
146097 146096 817
146110 145958 848
146110 146093 1672
146110 146095 745
204457 204444 936
204457 204458 1917
204460 204458 846
204460 204466 1685
204440 204439 1368
204440 204444 959
204440 204448 1917
204447 203844 522
204447 204448 846
204447 204450 1809
207731 197579 622
207731 214947 372
214947 197641 1330
214947 207731 372
213040 214401 1031
214479 214695 2099
214479 214854 838
214479 214855 1746
208703 208755 1742
208703 208761 1375
214855 214479 1746
214855 214482 7000
208702 208705 765
208704 208705 1676
208704 208759 773
197018 195834 1289
197018 208756 607
197018 208768 759
208752 208755 780
208754 208755 1461
208754 208756 417
208768 197018 759
208768 208770 1304
208773 195326 617
208773 208770 670
211111 208776 1304
211123 208775 623
211123 211124 197
195326 208773 617
195326 208788 1230
211124 211123 197
211124 211125 1559
208778 208777 143
211119 211122 1566
211119 211158 867
211122 211119 1566
211122 211159 748
211122 211178 897
211145 211180 510
211178 211122 897
211178 211180 1110
211169 211163 748
211169 211185 1782
211198 211185 864
211198 211203 683
211162 211160 709
211162 211163 1893
211369 211366 843
211373 211374 894
211376 211374 748
167352 167351 2106
167352 167354 885
167357 167358 782
167357 167363 1516
167357 167568 162
167363 167357 1516
167363 167362 1432
167373 167371 893
167373 167560 688
167373 167582 1449
167552 172869 435
167586 167567 816
167371 167372 505
167371 167373 893
167371 167551 1470
167550 166738 253
167550 167551 688
152549 152559 590
152549 152567 401
152568 152567 1282
152568 152573 707
152568 152597 715
152578 152577 1311
152578 152581 1438
152582 152581 404
152582 152591 1919
152582 162526 752
162527 162525 562
162527 167271 1300
167270 167267 885
167270 167271 1734
152540 152468 889
152540 152537 1661
152554 152553 1114
152554 152571 70
152537 152539 818
152537 152540 1661
152538 152539 1380
152538 162541 688
172488 172487 238
167115 167229 74
167126 167127 503
167242 167243 962
167253 167249 1063
167250 167248 1179
167250 167259 1000
166778 167580 1919
166778 167628 810
167627 167628 1447
167627 167629 581
166814 166818 1101
166814 166821 2749
166816 166798 1154
166816 166821 879
166816 167616 2005
166819 166769 889
166819 166820 505
166798 166799 337
166798 166813 2059
166798 166816 1154
166738 166739 1586
166738 167550 253
166769 166771 600
166769 166790 1101
166769 166819 889
166790 166769 1101
166790 167043 782
167046 166817 2780
167046 167053 782
167047 167043 1938
167059 167053 2022
167055 167053 778
167055 167056 1516
167055 168411 671
168411 167055 671
168411 167060 1035
167065 167066 751
167065 167068 2516
167102 167101 1257
167102 168416 2005
167068 167040 552
167068 167065 2516
167081 167228 404
167117 167118 879
167117 168430 558
167120 167121 513
167120 172868 531
152428 152443 1200
152438 152439 372
152438 152443 1000
152438 152460 436
152439 152438 372
152439 172862 423
152441 152440 893
152441 152443 1004
152442 152440 2129
152442 152539 688
152442 162541 1380
162540 162541 905
152453 152487 905
152455 152454 1121
152455 152488 517
185316 180117 784
179604 177680 826
179604 179605 202
179652 179605 2507
179652 179650 1496
179657 179655 905
179657 180115 1115
179659 179660 1454
179659 179662 1393
179659 180096 827
180145 180144 511
180145 180147 581
180145 180165 983
180150 180147 188
180150 180153 1870
180162 180115 733
180173 180123 1415
180173 180174 929
182070 182069 1543
182072 179708 673
179709 179708 3834
182080 182069 551
182077 182081 1966
182077 182086 726
182175 179883 580
182177 179887 1120
182177 182187 735
180033 179982 1696
180033 179984 1544
182192 179873 1222
182273 179983 672
182273 182292 1446
182280 182291 1429
182295 182291 1466
182295 182343 124
182301 182302 599
182301 182303 1565
152976 152963 1024
152970 152971 837
152970 152971 837
152962 152390 228
152967 152966 806
152967 152973 549
172829 172830 493
172817 152985 2930
152519 152696 558
152519 152702 2880
152653 152651 2859
152653 152652 796
152724 152723 2777
152724 152727 965
152718 152717 100
152729 152728 1780
152729 152735 304
152729 152737 965
152721 152722 1588
152721 152739 389
152739 152721 389
152739 152740 2942
152386 152378 663
152386 152975 285
152374 152375 711
152374 152977 1237
152991 152964 1119
152984 152985 2765
152984 152986 3023
152999 152998 670
152999 153106 325
153146 153106 616
153146 153154 6989
152383 152377 512
152383 152390 801
152378 152377 429
152378 152386 663
152378 152972 815
152503 152502 445
152503 172237 674
152508 152693 761
152694 152515 694
155734 155732 1734
155734 155736 796
155740 155742 1221
155755 155742 1363
155780 155770 2283
155780 155795 879
155798 155797 810
155798 155968 2215
155966 155968 789
155966 155994 2416
155980 155978 837
155980 155994 789
155980 156004 940
155690 155689 1532
155690 155982 610
155975 155977 1948
155975 155982 1117
155695 155696 452
155974 155977 751
155974 155979 2349
155978 155979 697
155978 155980 837
155747 155743 605
155747 155745 713
155758 155759 650
155758 155760 1009
155770 155759 2752
155770 155763 2556
155770 155780 2283
153100 153099 606
153416 153413 511
153416 155731 344
155732 155731 688
155732 155734 1734
153155 153154 4347
153155 153162 1444
153184 153183 4642
153184 153203 196
153184 153410 5246
153194 153195 296
153194 153197 1507
153198 153197 667
153198 153199 232
153498 155808 1284
153498 155809 673
153483 153480 436
153483 153484 1737
153483 155808 1880
153414 153413 1139
153414 153422 374
153420 153421 738
153420 155812 1308
155809 153498 673
155809 155811 2284
155809 155812 810
173031 173032 1455
173031 173033 4007
173031 173043 404
173043 173031 404
173043 173042 2216
173526 173525 203
173538 173537 756
173110 173098 452
173543 173542 672
173156 173134 2520
173156 173695 708
173157 173136 1188
173157 173549 1416
173677 173678 113
173677 186093 500
173697 173695 1349
173697 173698 672
173679 173678 766
173679 173699 1565
173708 173692 452
173708 173706 583
173709 173703 840
173709 173704 1455
173176 173173 4322
173176 173202 4977
173201 173200 4167
173201 173202 937
173205 173206 4558
173049 173048 2363
173049 185990 229
173115 173120 1738
173115 173199 2237
173172 173173 5719
173172 177743 3009
174758 173213 2644
174758 174756 877
174829 174849 2666
174829 174862 1962
174850 174851 2189
174850 174911 967
185702 173214 425
185702 185768 363
152922 152923 4132
152922 155501 782
153130 153129 2620
153130 155502 1117
153114 153118 1161
153114 153131 1009
153121 153119 1104
153121 153122 697
153121 153127 373
153117 153118 1380
153126 153120 2819
153126 155498 277
153068 153067 1682
153068 172640 630
153060 153061 810
153060 153087 537
153078 153077 1902
153078 153084 612
155476 155477 279
155476 155531 738
155534 155533 873
155534 155546 403
156240 156223 600
156257 156223 1852
156257 156260 1431
176172 176173 1263
176172 176260 2095
176547 176259 2048
176547 176546 924
176547 176584 344
176540 176550 3481
176546 176547 924
176546 176548 1716
176537 176538 1114
176537 176551 2361
176197 176194 1435
176197 176198 672
176527 176196 673
176527 176526 2559
156260 156257 1431
156260 156264 713
156271 156263 1100
156271 156272 2903
176536 176533 1010
176528 176526 1022
176528 176566 1206
176159 176158 2151
176159 176160 713
176183 176180 1189
176183 176184 952
155661 155662 674
155661 155713 1889
156242 156241 1111
156242 156286 2019
156061 156059 1344
156061 156292 1763
156286 156241 1532
156286 156242 2019
152923 152922 4132
152923 155562 778
155566 155562 3621
156340 156339 709
156340 156352 3898
156334 156300 511
156334 156345 3454
156334 156360 782
156336 156338 1352
156336 156359 778
156336 156361 766
156267 156266 576
156279 156268 562
156279 156278 2887
156277 156231 337
156277 156282 1780
156284 156285 924
156284 156285 924
156318 156317 688
156318 156323 1866
156324 156323 713
156324 156332 630
156299 156300 713
156299 156348 906
156414 156411 2377
156414 156420 790
156411 156410 842
156411 156414 2377
156330 156329 568
156056 156048 2024
156056 156309 3565
156056 156539 1357
156289 156287 1779
156289 156288 1763
156305 156304 355
156305 156603 848
156355 156353 1432
156355 156548 3335
156352 156340 3898
156352 156356 849
156566 156310 505
156566 156604 418
156602 156601 517
156602 156603 1085
156608 156623 924
155542 155543 1260
155542 155559 1124
155542 155588 884
155587 155567 758
177151 177149 1344
177134 177136 558
177139 177141 757
177139 177454 3912
177154 177153 1551
177154 177500 782
177054 177053 905
177054 177131 1687
177055 177053 1436
177055 177056 222
177236 177053 889
177236 177244 279
177240 177239 952
177240 177249 842
177240 177255 2229
177244 177236 279
177244 177424 874
177251 177252 778
177251 177427 589
177131 177054 1687
177131 177137 932
177131 177423 558
177280 177282 276
177289 177290 528
177289 177316 984
177230 177231 1483
177230 177232 435
177230 177248 673
177262 177248 2237
177262 177265 757
177266 177265 2138
177266 177267 842
177274 177269 2233
177274 177269 2233
177272 177271 2639
177272 177316 1181
177316 177272 1181
177316 177289 984
177316 177355 1598
176234 176232 713
177279 177284 1181
177285 177284 1836
176243 176232 2723
176243 176244 1146
176165 176166 452
176165 176167 1104
176218 176167 556
176218 176229 1733
176229 176218 1733
176229 176230 789
176229 176241 924
176230 176229 789
176230 176233 871
177231 177230 1483
177231 177241 1498
176855 176853 1114
176855 176860 2022
176860 176855 2022
176860 176859 1124
174911 174850 967
174911 174914 2977
176718 176719 682
176718 176742 2240
174898 174899 1085
174898 174900 2040
176764 176763 905
176764 176840 1897
176845 176840 435
176845 176853 1702
174955 174956 782
176716 176715 1225
176716 176811 870
176812 176797 672
176812 176811 238
165113 172167 506
165429 165430 818
165429 167341 2278
167335 167333 1432
165372 165371 953
165372 165382 476
165373 165370 810
165373 165375 337
165369 165374 673
165278 165378 747
167331 167332 673
167331 167345 1867
167354 167352 885
167354 167353 2530
167366 167365 1264
167366 172493 562
167388 167393 169
167390 167389 905
167390 167392 610
167391 167389 1188
167391 167405 933
167297 167298 278
167297 167345 537
167302 167375 1135
165179 165178 837
165179 165584 476
165528 165527 848
165528 165584 818
165528 165585 1340
165532 165531 610
165532 165545 222
165532 165597 1118
165537 165535 1420
165537 165536 672
165537 165538 1349
165156 165157 612
165156 165184 1105
165183 165184 818
165183 165204 1307
165194 165193 238
165194 165204 672
165360 165361 927
165383 165361 1577
165383 165382 751
165384 165391 758
165384 167432 1780
165464 167508 850
167480 167479 630
167480 167500 2405
165451 165488 683
165451 172696 170
172693 167513 363
165188 165192 881
165190 165185 475
165190 165413 1857
165415 165412 710
165415 165418 1261
164775 164774 885
164767 164765 1261
164665 164666 475
164764 164763 759
164764 164765 782
164769 164766 667
164794 164793 445
164794 164795 344
164781 164780 1138
211372 211370 1367
211372 211371 785
211487 211486 710
211487 211492 1505
211487 211496 680
211488 211496 1441
211498 211495 164
211498 211497 786
208762 208763 936
208762 208774 286
208762 208783 848
208780 208781 440
208780 208789 432
208780 211129 1364
211139 211128 759
211194 211195 1448
211194 211252 750
211194 211254 1577
211197 211260 560
211197 211273 402
211195 211154 808
211195 211194 1448
211149 211137 858
211149 211150 163
215016 211136 410
215016 211148 456
211179 211159 2138
211179 211180 848
211179 211182 681
211182 211179 681
211182 211183 768
211205 211203 346
211205 211370 664
211208 211273 1064
211208 211276 944
211209 211277 1395
211209 211281 802
211281 211209 802
211281 211282 1488
211284 211282 727
211480 195350 594
211480 199692 810
211486 199692 802
211486 211487 710
211486 211489 706
211516 211522 7853
211516 211523 1695
212269 212218 639
212287 212291 806
212272 212220 463
212293 212294 990
212293 212295 2118
212296 212291 891
212296 212477 1422
212289 212297 788
212290 212297 1264
212290 212298 901
212474 212475 1796
212521 212522 690
212521 212523 691
212526 212523 1672
212526 212542 649
212526 212544 1980
160141 160142 445
160141 164597 837
164612 164597 581
164612 164611 872
164861 164860 61
164861 164862 710
164865 164859 688
164865 164913 631
164611 164612 872
164611 164864 1055
212544 161426 692
212544 212526 1980
212544 212545 717
212292 212476 736
212292 212479 1765
212480 212488 665
114308 114309 510
114308 114319 746
114325 114318 502
114325 114327 1470
116159 116160 359
116159 116255 1043
113984 113983 1426
113984 113985 730
113984 114009 1454
114173 114008 2450
114173 114174 1119
114210 114211 3015
114028 114029 889
114028 114032 2070
114033 114032 747
119213 119225 402
119270 119267 674
119270 119274 667
119282 119274 1205
119282 119283 819
119280 119279 1847
119280 119281 488
119297 119262 475
119297 119268 887
118568 118569 2086
119129 118515 1605
119129 119130 1653
119140 119141 1331
119140 119144 847
119378 119379 268
119378 119383 356
119156 119034 4744
119156 119388 9187
119389 119388 1610
119400 119401 1405
119400 119401 1405
114866 114859 1932
114866 114864 1220
114866 114865 1114
114867 114858 503
114867 114865 1174
114867 114945 1253
115007 115008 1556
116207 115008 1217
114863 114860 2358
114863 114862 835
114863 114864 787
92024 92025 1098
102247 92025 312
92003 92002 4728
102932 92002 1637
102932 102923 664
102932 102933 1096
91987 91986 2957
91987 92017 1402
91987 102919 2947
102246 92017 2060
92036 92033 2227
92038 92037 2694
92038 102248 9300
92038 102249 2470
92044 92041 611
92044 92047 2145
92044 92049 2306
92044 92052 825
92050 92049 671
92050 92052 2562
92062 92052 4335
102191 92116 1126
102191 102193 1037
92117 92118 1827
92117 94369 4633
102209 102210 580
102211 102210 1013
94376 94381 2123
94378 94381 4039
94378 94383 1884
103230 94383 3094
101789 102341 1189
92244 92255 3661
92244 92261 4427
94465 92284 10858
94465 94478 1262
94465 94480 2956
92257 92255 2493
94457 94460 763
94472 94473 1186
94472 94474 4182
95903 94473 2827
94479 94478 1558
94480 94465 2956
94480 94478 3802
94471 94464 5065
94474 94464 3872
94474 94472 4182
115826 115827 1611
115859 115842 485
92341 92405 1878
92410 92405 2026
92443 92405 6705
92435 92434 1874
92436 92434 4134
92324 92426 846
92429 92426 1357
92439 92498 2456
92496 92498 884
116054 105802 402
107072 107071 1139
107111 107071 2193
107100 107099 2443
107100 107101 506
93188 93189 550
94120 107069 336
107070 107069 4282
113746 107099 1347
107107 107106 1096
107207 107206 561
107226 107206 1007
107216 107215 1347
108490 107215 1344
108494 108493 1595
108495 108493 562
108503 108502 1025
108504 108502 836
107431 107432 418
107431 108518 610
108508 108507 645
108518 107431 610
108518 108507 3237
107424 107423 1362
107534 107423 2613
107534 109219 598
109221 109219 598
109221 109220 604
109225 107502 847
109225 109218 2367
109227 109220 2480
109231 109217 3566
109245 109244 475
109260 109244 839
109260 109371 672
109484 109483 1527
109485 109483 1234
92968 92970 2358
93064 92970 2271
101886 101885 2668
103123 101885 585
93013 93014 1625
93042 93043 472
101884 93043 817
93061 93056 1635
93062 93056 1532
93058 93057 238
92779 92780 3115
92781 92780 3998
92600 92603 5024
92839 92603 333
115793 115792 2387
115798 115792 8341
115820 115819 4263
115830 115819 474
115835 115834 1871
115836 115834 1190
115858 115857 539
191888 190862 192
190864 190863 304
192017 190863 832
191545 191544 768
193924 191544 728
190887 190888 356
190889 190890 87
194163 190890 116
191672 191680 1399
191683 191680 861
191683 191696 1449
191696 191680 888
191696 191683 1449
191696 191701 718
191905 191640 730
191905 191868 140
191706 191492 1226
191706 191701 1731
191039 192741 1288
191039 192742 401
191738 191492 211
194038 194139 1049
191759 191760 2676
191761 191760 225
194141 194140 1882
191633 191632 225
191635 191632 1849
191635 191752 1137
191640 191632 1125
191640 191905 730
191752 191635 1137
191752 191769 671
192712 193926 2881
192700 192701 1004
192703 192704 2147
192706 192704 1686
192803 192804 418
192803 192805 610
114075 114074 433
114100 114107 1124
114106 114104 474
114106 114107 836
114086 114088 746
114086 114264 2078
114251 114104 201
114251 114263 674
114264 114086 2078
114264 114263 847
114372 114371 521
109468 109467 134
109257 109261 2858
113903 113897 774
109430 109431 1853
109430 109431 1853
109653 109654 1007
109653 109654 1007
109653 109654 1007
103272 103273 76
103274 103273 797
103274 109805 467
109380 109515 2612
109536 109537 2347
109536 109538 1431
109537 109536 2347
109537 109538 2216
109561 109805 243
109383 109382 979
109963 109382 1014
109935 109936 2667
109944 109936 3163
109926 109927 925
109940 109927 1327
109940 109939 923
109940 109947 1916
109920 109918 1719
109920 109919 839
109919 109917 1796
109919 109920 839
109919 109922 2179
111038 111028 672
111038 111039 452
111041 111028 1897
111041 111040 504
111039 111037 1124
111039 111038 452
111039 111050 3475
110147 109945 598
110147 111040 1447
109947 109940 1916
109947 109945 516
111047 111050 750
110982 110981 1292
110982 110984 750
110984 110982 750
110984 111006 1917
110987 111006 946
111053 111006 1409
111053 111052 836
111063 111052 1207
111063 111062 946
111063 111069 737
111062 111063 946
111062 111064 1420
111061 111066 1072
111057 111060 604
111079 111078 737
110152 111242 1483
111243 111242 975
111247 111248 2289
111247 111254 809
111253 111254 279
111253 111278 473
111277 111275 1072
111284 111275 696
111280 111279 536
103367 103352 699
103366 103365 1351
103366 111287 1213
111288 111287 1161
111297 111350 1630
111310 111350 344
111352 111350 1500
111363 111362 333
103365 103364 453
103365 103366 1351
111490 111489 1608
111510 111509 782
111510 111517 782
111517 111510 782
111517 111516 452
111530 111529 667
111610 111529 504
111610 111616 796
111603 111604 905
111603 111616 1181
111613 111604 893
111613 111612 551
111613 111617 434
111613 111621 1375
111608 111607 378
111608 111609 511
111607 111608 378
111607 111618 930
111612 111613 551
111612 111618 1292
111604 111603 905
111604 111613 893
111604 111614 504
111453 111445 111
111409 111411 1501
111410 111411 2340
111431 111430 1700
111431 111432 747
111436 111434 950
111430 111431 1700
111430 111446 788
112482 112481 649
112625 112481 1344
104132 104133 950
104132 104151 418
104099 104092 2613
104105 104092 1098
104094 104093 886
104151 104132 418
104151 104162 1306
104163 104162 672
104106 104104 435
103979 104102 2368
104103 104102 1956
112828 104102 1672
112873 112878 713
112618 112645 1114
112628 112645 2346
112739 112738 806
112742 112738 948
112747 112746 598
112752 112746 580
104356 104355 836
104124 104123 869
104204 104347 975
104348 104347 737
104348 104368 1762
104399 104347 737
104399 104398 1811
104449 104398 737
104449 104448 2410
104450 104448 806
113442 104448 1066
39301 39502 1015
39309 39505 420
39508 39503 344
39183 39182 581
39183 39186 904
39174 39171 1357
104233 104235 1206
104237 104240 1398
104724 104731 279
104723 104726 238
39063 104728 418
104738 104737 2194
104768 104769 747
104770 104769 2103
104231 104773 1022
113699 104773 1152
104776 104777 464
104209 104280 6740
104279 104280 1481
104388 104389 1362
104388 104842 889
104800 104389 2111
104800 104787 1085
104800 104841 2271
104788 104787 1894
104798 104797 605
104799 104797 809
104290 104289 188
104781 104782 1715
104783 104782 536
50298 39178 1529
39164 39165 905
39164 39166 848
39143 39168 3742
39165 39164 905
39165 39168 1014
39148 39170 1633
104373 104374 649
104383 104382 2407
104846 104382 1223
104846 104847 884
104474 104480 672
104474 104482 1420
104479 104478 750
104479 104480 1085
104496 104480 672
104496 104907 1115
104892 104482 737
104907 104496 1115
104907 104908 336
104907 104913 672
104912 104911 1283
104501 104491 1393
104501 104500 947
104501 104914 975
104913 104907 672
104913 104914 1008
104452 104453 122
104599 104600 2087
104599 104603 738
104478 104479 750
104478 104490 2212
104489 104490 836
104491 104490 750
104491 104501 1393
104499 104497 473
39356 39377 697
39436 39379 537
39283 39320 475
39283 39330 2273
39300 39307 3291
39311 39330 2441
37258 37261 418
37273 37276 1254
37277 37276 1085
37277 39364 1902
39366 39364 738
37270 37279 5392
39393 37279 1079
37251 37254 1026
39347 39358 418
37286 37288 1152
37286 39394 2365
37283 37289 697
37288 37286 1152
37288 37289 1338
39403 37289 629
39403 39405 952
50257 39407 229
38419 40216 629
40219 40217 951
40219 40218 844
40219 40220 156
50412 40218 1639
40221 40220 2407
40273 40275 2358
40273 40276 790
40443 40276 452
40277 40275 337
40304 40291 924
40304 40308 1143
40307 40308 1111
40290 40291 1640
40294 40291 562
40294 40306 517
40282 40284 2237
40266 40288 1697
40289 40288 1810
40327 40328 984
40329 40328 738
50312 40372 157
40376 40379 810
40381 40380 1008
40381 40392 836
40393 40392 939
40418 50258 190
40420 40419 2359
40431 40419 252
40435 40419 1212
40435 40436 406
40428 40438 1178
40744 40570 1188
40744 40742 1022
40820 40570 355
40741 40742 709
40746 40742 1124
50404 50405 244
40797 40795 1695
40797 40798 878
40797 40842 4802
40806 40801 5561
40806 40807 828
40808 40807 619
40795 40797 1695
40795 40801 1258
55179 55173 2219
55179 55175 697
55179 55178 810
55179 55186 4239
51715 51716 612
51715 55178 3577
55194 51716 928
55194 55193 1546
55194 56324 3180
56324 55194 3180
56324 56344 355
56345 56344 1206
56347 56346 374
56352 56346 1206
56357 55425 751
40780 40782 1188
40780 40783 605
40780 40784 2882
40782 40780 1188
40782 40783 1447
40784 40780 2882
40784 40785 790
41615 40785 1695
41615 41614 418
41607 41614 558
41603 41606 1592
41612 41606 432
41612 41619 751
47681 41619 1907
47681 47683 790
47708 47683 1438
47708 47702 1188
47708 47709 1104
48455 48437 459
48455 48454 420
48457 48454 747
48457 48459 1181
50379 48454 422
48463 48459 615
48468 48469 906
48475 48469 612
48536 41652 726
48536 48533 330
48536 48537 872
48537 48534 388
48537 48535 309
48537 48536 872
41652 41651 1074
41652 48536 726
48544 41651 452
48544 48561 1426
47702 47704 1161
47702 47708 1188
47702 47711 1181
47704 47702 1161
47704 47710 1428
47706 47710 688
47706 47715 1855
47716 48359 1086
47716 48360 1181
48359 47716 1086
48359 48360 474
50377 48375 678
50377 50378 744
48437 48455 459
48437 50378 484
48495 48520 1064
48495 48820 2536
48501 48820 1656
48821 48820 2348
48821 48827 1780
48821 48828 1242
48560 48562 871
48561 48544 1426
48561 48562 2560
48561 48563 709
48519 48564 630
48519 48565 924
48565 48519 924
48565 48567 790
48520 48495 1064
48520 48831 486
48825 48826 476
48825 48827 1028
48125 48129 2318
48125 48826 168
48129 48125 2318
48129 48849 436
48131 48851 848
48131 48852 1591
48858 48852 648
48858 48861 1380
48181 48187 1357
48223 48224 772
48225 48224 972
48193 48200 1776
48197 48199 2447
48197 48200 257
48199 48197 2447
48199 48232 807
48233 48232 1419
49588 49006 2593
49584 49582 1222
48266 48273 1429
48266 48276 893
48267 48273 1258
48276 48266 893
48276 48278 1228
48279 48278 610
131358 131362 1304
131359 131360 885
131359 131362 1811
131360 131359 885
131360 131369 1154
131468 131369 3061
131468 131439 2036
131468 131469 1118
49586 49587 1139
131439 131468 2036
131439 131470 1105
131454 131470 1979
131454 131474 1028
131488 131474 1023
131488 131487 202
131488 131490 906
131484 131486 1484
131484 131487 1065
131457 131458 1735
131467 131458 848
131467 131500 985
131500 131467 985
131500 131504 1028
131505 131504 818
131513 131512 818
131592 131680 1631
131683 131680 951
131684 131680 558
131737 131740 1154
131737 131741 1229
131740 131737 1154
131740 131738 762
