568
40882 40853 1181
40882 40857 2334
40884 40883 69
40884 40887 572
40887 40884 572
40887 40890 2272
40898 40958 691
40956 40955 1181
40956 40958 1383
40956 40959 1831
40961 40962 364
40961 40964 927
40980 40974 1664
40980 40979 828
40623 40620 829
40623 40621 1154
40623 40625 2746
40639 40625 769
40987 41000 322
40939 40930 2504
40939 40948 1111
40939 40950 1268
40947 40946 1104
40947 40968 1901
40979 40968 709
40979 40973 1560
40979 40980 828
40950 40939 1268
40950 40949 683
40943 40940 1484
40943 40949 1810
55205 55202 789
55205 55214 1275
55215 55214 789
55215 55219 807
55219 55215 807
55219 55223 837
55386 55224 1624
55392 55390 605
55392 55393 1394
55396 55247 2412
55416 55415 707
55442 55443 1758
55442 55444 837
55446 55444 2767
55446 55458 890
48387 41635 677
48387 48385 445
48387 48393 139
40942 40940 3565
40942 40941 758
41654 40941 1124
41654 41650 843
48411 48410 952
48411 48419 796
48419 48406 738
48419 48411 796
48426 48424 984
48426 48538 1323
48541 48527 2442
48541 48542 984
48541 48656 677
48657 48548 1323
48657 48656 709
48657 48661 1172
48665 48661 346
48672 48671 1339
48672 48673 561
48396 48384 940
48396 48390 1032
48396 48401 1701
48412 48401 2285
50387 50388 651
48673 48668 1363
48673 48672 561
48673 48685 390
48685 48673 390
48685 48675 168
48685 48687 1322
48690 48687 519
48695 48687 1428
48695 48694 650
48695 48752 828
48752 48695 828
48752 48764 713
48725 48722 1144
48766 48727 1301
48766 48770 744
48778 48777 202
48781 48780 404
48781 48783 1447
48783 48781 1447
48783 49083 279
49082 48721 355
49086 49075 144
48900 48899 1380
48900 48902 713
48914 48908 747
48914 48909 476
48914 48916 752
48918 48910 975
49050 48916 780
49050 48917 823
49051 48917 575
49049 48917 834
49049 49046 1341
49049 49047 571
49055 49047 1053
49055 49053 612
48902 48893 1458
48902 48900 713
48902 48920 924
48924 48920 630
48924 48938 837
48943 48939 276
48945 48942 279
48945 48949 890
48945 48957 552
48940 48932 752
48940 48937 202
48940 48939 751
48959 48957 985
48959 48972 1429
48976 48972 871
48977 48960 2407
48977 48975 818
49000 48997 1021
49000 48999 183
49000 49001 199
49000 50318 365
49014 48999 481
49014 50486 218
50318 49000 365
50318 50487 719
50318 50488 142
49040 49036 500
49039 49038 2779
49039 49178 380
49039 49181 1320
49181 49039 1320
49181 49178 1425
49181 49183 1103
49181 49184 1764
49198 49466 413
49594 49593 1458
49610 49602 374
49610 49609 436
49602 49609 630
49602 49610 374
49033 49034 12481
49033 49591 1115
49599 49591 409
49608 49598 368
49608 49609 356
48328 48318 2790
48331 48330 1032
131393 131390 1345
131393 131391 436
131393 131410 872
131394 131392 1357
131394 131396 1458
131416 131415 597
131416 131417 238
131419 131418 672
131661 131420 713
131897 131898 2930
131898 131897 2930
54348 54346 789
54346 54348 789
54581 54657 1300
54657 54581 1300
55163 55161 751
55161 55163 751
55161 55202 885
55201 55202 1880
144479 142527 2444
144479 144487 2479
144487 144479 2479
144487 144524 2782
144524 144487 2782
144533 144537 1130
144537 144533 1130
144666 144668 713
139893 139899 909
150610 150605 2030
150612 150613 671
150613 150612 671
150605 150610 2030
150637 150647 463
150647 150637 463
150650 150652 831
150652 150650 831
139899 139893 909
142527 144479 2444
141905 141907 2301
141907 141905 2301
142017 142019 311
142019 142017 311
142042 142043 1707
142043 142042 1707
142562 142576 985
142576 142562 985
142331 142333 1677
142333 142331 1677
142500 142508 1610
142508 142500 1610
55458 55446 890
56105 54994 810
54994 56105 810
204513 204514 597
195577 204704 834
204704 195577 834
144668 144666 713
144781 145117 73
145117 144781 73
145509 145514 823
145514 145509 823
145575 145577 726
145577 145575 726
145577 145578 809
145578 145577 809
145751 145763 788
145758 145753 779
145753 145758 779
145763 145751 788
145824 145825 722
145825 145824 722
146051 146053 761
146053 146051 761
151546 151576 830
151549 151548 1980
151576 151546 830
151578 142100 744
151533 151534 801
151534 151533 801
151548 151549 1980
142100 151578 744
204514 204506 686
204514 204513 597
203837 204412 1808
203837 204417 1026
204412 203837 1808
204417 203837 1026
204506 204514 686
208595 208594 1685
208594 208595 1685
208181 208588 885
208588 208181 885
208651 208655 1875
208655 208651 1875
210760 210764 1650
210764 210760 1650
167209 167211 879
167211 167209 879
167085 167087 2132
167087 167085 2132
152397 152407 3273
180172 180170 1225
180170 180172 1225
173604 173609 878
173609 173604 878
182120 182129 1779
182129 182120 1779
182129 182143 1266
182143 182129 1266
182217 182223 1293
182223 182217 1293
181992 182240 1505
182240 181992 1505
152407 152397 3273
173841 173842 4042
173842 173841 4042
155487 153030 517
153030 155487 517
152042 155526 1029
155526 152042 1029
175953 175955 782
175996 175984 1558
176005 176004 777
175955 175953 782
176004 176005 777
175984 175996 1558
177022 177019 3110
177019 177022 3110
177033 177039 2791
177039 177033 2791
176088 176080 751
176080 176088 751
176946 176943 1086
176943 176946 1086
211352 211358 2522
211358 211352 2522
211419 211421 1059
211416 211420 885
211416 211421 1988
211000 211001 1180
211001 211000 1180
166449 166469 2335
165261 165257 818
165257 165261 818
166469 166449 2335
164357 164388 673
164388 164357 673
164702 164701 778
164701 164702 778
211420 211416 885
211421 211416 1988
211421 211419 1059
211467 211469 759
211469 211467 759
211459 211457 822
211471 211474 779
211474 211471 779
211457 211459 822
212466 212513 1440
212513 212466 1440
119417 119420 1558
119420 119417 1558
115397 115399 418
115399 115397 418
115711 115710 1013
115710 115711 1013
115737 115738 1669
115738 115737 1669
106735 106734 782
107229 107166 571
107166 107229 571
107441 107442 6091
107441 107484 1699
107484 107441 1699
107442 107441 6091
107321 107505 1334
107505 107321 1334
106726 106723 1845
106723 106726 1845
106741 106758 562
106734 106735 782
106758 106741 562
115982 115993 838
115993 115982 838
109785 109784 1489
109784 109785 1489
103338 103340 927
111472 111471 279
103340 103338 927
111471 111472 279
111581 111574 1014
111574 111581 1014
111598 111599 778
111599 111598 778
111730 111731 778
111731 111730 778
111753 111741 756
111457 112577 688
112577 111457 688
111741 111753 756
113335 112890 788
104317 104322 238
104322 104317 238
104324 104334 809
103323 112768 1901
112768 103323 1901
112890 113335 788
104334 104324 809
104334 104335 788
104335 104334 788
39588 39591 1484
39591 39588 1484
104818 104828 2180
113951 113949 430
113949 113951 430
104828 104818 2180
39560 39562 1672
39562 39560 1672
39460 39450 612
39450 39460 612
39683 39698 873
39698 39683 873
39748 39755 505
39755 39748 505
40831 40625 2372
40853 40882 1181
40857 40882 2334
40883 40884 69
40890 40887 2272
40890 40958 370
40958 40890 370
40958 40898 691
40958 40956 1383
40955 40956 1181
40959 40956 1831
40959 40962 587
40962 40959 587
40962 40961 364
40964 40961 927
40974 40973 789
40974 40980 1664
40620 40623 829
40621 40623 1154
40625 40623 2746
40625 40639 769
40625 40831 2372
41000 40987 322
40930 40939 2504
40948 40939 1111
40946 40947 1104
40968 40947 1901
40968 40979 709
40973 40974 789
40973 40979 1560
40949 40940 1303
40949 40943 1810
40949 40950 683
40940 40942 3565
40940 40943 1484
40940 40949 1303
55202 55161 885
55202 55201 1880
55202 55205 789
55214 55205 1275
55214 55215 789
55214 55223 738
55223 55214 738
55223 55219 837
55223 55224 1080
55224 55223 1080
55224 55386 1624
55224 55390 537
55390 55224 537
55390 55392 605
55393 55392 1394
55247 55396 2412
55415 55416 707
55443 55442 1758
55444 55442 837
55444 55446 2767
41635 48387 677
48385 48387 445
48393 48387 139
48393 48390 333
40941 40942 758
40941 41654 1124
41650 41654 843
48410 48406 884
48410 48411 952
48406 48410 884
48406 48419 738
48424 48426 984
48538 48426 1323
48538 48527 475
48527 48538 475
48527 48541 2442
48542 48541 984
48656 48541 677
48656 48657 709
48548 48657 1323
48548 48668 1106
48661 48657 1172
48661 48665 346
48661 48671 715
48671 48661 715
48671 48668 586
48671 48672 1339
48384 48396 940
48390 48393 333
48390 48396 1032
48401 48396 1701
48401 48412 2285
50388 50387 651
48668 48548 1106
48668 48671 586
48668 48673 1363
48675 48685 168
48687 48685 1322
48687 48690 519
48687 48695 1428
48694 48695 650
48764 48752 713
48722 48725 1144
48727 48766 1301
48770 48766 744
48777 48778 202
48780 48781 404
49083 48783 279
48721 49082 355
49075 49086 144
48899 48893 747
48899 48900 1380
48908 48914 747
48908 48917 1434
48908 49046 948
48909 48914 476
48916 48914 752
48916 49050 780
48910 48918 975
48917 48908 1434
48917 49049 834
48917 49050 823
48917 49051 575
49046 48908 948
49046 49049 1341
49047 49049 571
49047 49055 1053
49053 49055 612
48893 48899 747
48893 48902 1458
48920 48902 924
48920 48924 630
48938 48924 837
48938 48937 1484
48939 48940 751
48939 48943 276
48942 48945 279
48949 48945 890
48957 48945 552
48957 48959 985
48932 48940 752
48937 48938 1484
48937 48940 202
48972 48959 1429
48972 48960 747
48972 48976 871
48960 48972 747
48960 48977 2407
48975 48977 818
48997 49000 1021
48999 49000 183
48999 49014 481
49001 49000 199
50486 49014 218
50487 50318 719
50488 50318 142
49036 49040 500
49038 49039 2779
49178 49039 380
49178 49181 1425
49183 49181 1103
49183 49184 671
49184 49181 1764
49184 49183 671
49466 49198 413
49593 49594 1458
49609 49602 630
49609 49608 356
49609 49610 436
49034 49033 12481
49591 49033 1115
49591 49599 409
49598 49608 368
48318 48328 2790
48330 48331 1032
131390 131391 1055
131390 131393 1345
131391 131390 1055
131391 131392 474
131391 131393 436
131410 131393 872
131392 131391 474
131392 131394 1357
131396 131394 1458
131415 131416 597
131417 131416 238
131417 131418 475
131418 131417 475
131418 131419 672
131418 131420 2069
131420 131418 2069
131420 131661 713
980
40882
40884
40887
40898
40956
40961
40980
40623
40639
40987
40939
40947
40979
40950
40943
55205
55215
55219
55386
55392
55396
55416
55442
55446
48387
40942
41654
48411
48419
48426
48541
48657
48665
48672
48396
48412
50387
48673
48685
48690
48695
48752
48725
48766
48778
48781
48783
49082
49086
48900
48914
48918
49050
49051
49049
49055
48902
48924
48943
48945
48940
48959
48976
48977
49000
49014
50318
49040
49039
49181
49198
49594
49610
49602
49033
49599
49608
48328
48331
131393
131394
131416
131419
131661
131422
131646
131650
131671
129987
131897
49706
49709
131888
131890
131898
54338
54357
54348
54350
54353
54345
54346
54409
54428
54438
54493
54512
54373
54380
54399
54581
52913
52662
52740
54677
54673
54657
49687
53860
53774
53906
53863
53912
53924
55147
55167
55163
55161
55201
144479
144487
144524
144533
144537
144674
144625
144624
144651
144666
139893
139894
150610
150612
150613
150628
150605
150637
150647
150653
150650
150652
150685
139899
140192
140202
140204
140255
140266
140268
141579
141592
142327
142492
142502
142530
142519
142527
142326
141595
141905
141907
141925
141926
142017
142019
142031
142042
142043
142051
142054
142562
142576
142577
142603
142608
142718
142331
142333
142500
142508
142723
55458
55463
56105
54994
55470
55472
204513
204664
195577
204704
204723
204727
204760
214521
204733
204768
204865
214566
207871
144668
144670
144734
144737
144736
144742
144752
145307
144741
145317
145319
144780
144776
144764
144781
145117
145479
145485
145489
145490
145509
145514
145519
145575
145577
145578
145751
145752
145758
145753
145754
145614
145607
145613
145763
145769
145771
145819
145824
145825
145840
145865
146045
146051
146053
146069
146073
151454
151477
151546
151549
151575
151576
151578
151531
151533
151534
151548
142100
203816
204514
203811
203819
203831
203836
204409
203837
204412
204417
204486
204487
204495
204506
208573
208611
208595
208593
208594
208561
208562
208580
208181
208588
208589
207843
207844
208600
208604
208653
208651
208655
208670
208471
208494
208495
208723
208729
211155
210760
210764
180672
180675
180677
180237
180239
185722
176652
180412
166402
166508
166522
166576
166706
166746
166720
166678
166712
167194
167205
167209
167184
167187
167182
167191
167151
167174
167211
167085
172667
166681
166715
166756
167003
172478
167037
167072
167087
167035
167145
152397
152402
162547
186057
180172
180386
180389
180395
180170
180177
179696
180409
180442
178647
186064
170263
170621
173604
173609
169507
169840
181989
182238
182241
182317
182222
179715
181924
181930
182120
182129
182143
182148
182145
182200
182217
182220
182223
181992
182240
182334
182353
173608
173640
152213
152309
152304
152310
152261
152327
152407
152462
152332
152889
152896
152215
152910
152925
152892
185772
185776
185941
173865
173867
173572
173644
173517
173688
173841
173842
173852
173858
173883
152902
152914
153007
153015
175332
155487
153030
153026
175306
152042
155514
155526
155504
155489
175953
175996
176005
175990
176489
176468
176488
175955
176004
176002
176007
175994
172799
152061
176466
152040
155525
155575
155608
155570
155607
155611
155612
152067
175909
175980
175984
175834
175832
177104
177022
177019
177018
176937
176947
176940
177032
177035
177033
177039
175852
176082
176104
176098
177175
176088
175906
176080
176945
177159
176946
176943
176667
176786
176789
176779
176854
176874
176885
176884
176895
176878
173863
176646
174979
174980
185817
175023
176663
176635
176755
210776
211352
211358
211419
211416
211000
211001
211318
211322
211343
166449
166447
166404
165038
165071
165076
167278
165261
165257
165259
165249
165311
165323
165317
165325
167290
166461
166465
166487
166467
167279
166478
166469
165046
165044
165063
165065
164473
164437
164438
164814
164432
165168
164355
164359
164380
164357
164388
164417
164415
164464
161383
161387
161386
161398
161401
164351
164699
164535
164706
164702
164564
164701
164553
164711
164719
164713
161393
164528
164549
164577
164538
211420
211421
211447
211467
211469
211456
211554
211555
212170
212190
212197
212201
211459
211471
211474
211457
211463
212462
212466
161406
212513
212515
212233
212240
212248
212249
212441
212442
114663
114385
114651
114304
114306
114583
114572
114038
114040
119118
119119
119411
119417
119420
119406
114850
114916
114904
114929
92001
102181
102183
92133
92215
92216
92213
115397
115404
115399
115332
115335
115416
115418
115711
115710
115675
115680
115689
115733
115735
115732
115440
115737
115738
105809
115799
106735
107024
107054
107055
107132
106959
107052
107116
107390
107168
107229
107166
107441
107484
107442
107525
107321
107505
113864
107333
107533
109501
92826
103138
92966
102818
92830
92869
92870
92945
92949
106726
106723
106756
106741
106734
106758
115777
115969
115780
115982
115993
116033
116000
92724
92725
115851
191502
191508
191790
190882
191715
191735
192764
192765
191060
191482
191783
191839
191876
191773
191957
192777
192727
192815
192816
114403
193961
109459
109785
109784
109786
113808
109798
109871
107765
110950
110989
110969
111090
111099
111322
111320
111340
103338
111472
103340
111463
103358
111471
111237
111238
111235
111534
111230
111541
111581
105276
111585
111595
111574
111598
112067
111599
111593
111693
111725
111730
111731
112146
112148
112162
111753
111754
111670
111671
111457
111673
112577
112581
112587
111701
111741
112605
111770
112169
112164
112186
112608
112698
112699
112706
112770
113335
113337
104304
104307
104317
104322
104324
112784
103327
103323
112768
112714
112710
112711
112765
112886
112797
112799
112777
112890
104339
104508
104334
104335
104340
104407
104409
39228
39595
39535
39574
39537
39588
39591
39222
104756
39213
39217
104748
104751
104818
104837
113951
104872
105023
113616
113949
104828
104423
104929
104876
104915
104425
104927
105015
105010
104462
105026
105036
104668
39560
39562
39635
39636
39460
39467
39450
39470
39453
39390
39392
39440
39413
39477
39481
39491
39499
39683
39697
39698
39704
39748
39755
40482
40487
40498
40504
40520
40529
40537
40540
40528
41026
40617
41131
40561
40549
40631
40635
40831
40836
40840
40853
40857
40883
40890
40955
40959
40962
40964
40974
40620
40621
40625
40930
40948
40946
40968
40973
40940
55202
55223
55224
55390
55393
55247
55415
55444
41635
48385
40941
41650
48410
48406
48424
48527
48542
48656
48548
48384
48390
48401
48668
48675
48694
48722
48727
48770
48777
48780
49083
48721
49075
48899
48908
48909
48916
48910
49046
49047
49053
48893
48920
48938
48939
48942
48949
48957
48932
48937
48960
48975
48997
48999
49001
50486
50488
49036
49038
49178
49183
49184
49466
49034
49591
49598
48318
48330
131390
131391
131392
131396
131415
131418
