3688
170442 170444 818
170450 170444 1227
170454 170453 355
170454 170456 1270
170453 170454 355
170453 170459 848
170463 170469 222
170463 170535 1858
170482 170481 796
170482 170487 445
170486 170481 333
172574 170542 954
170048 170049 1004
169969 169971 1357
169969 170043 1336
170047 170046 253
169529 169528 436
169529 169538 1786
169551 169550 337
169868 169867 811
169871 169872 191
169871 169873 674
169476 169475 484
169476 169477 986
169525 169526 477
169525 169527 562
169534 169535 497
169965 169966 1143
169965 169971 885
169958 169956 276
169958 169959 562
169908 169909 810
169908 169922 475
170083 170084 1293
169986 169976 782
169986 169985 1248
169863 169864 590
169863 169865 6314
169905 170087 2012
169905 170090 713
170081 170082 880
170081 170087 951
169023 169022 1364
169023 169024 948
169046 169022 739
169215 169217 811
169215 169238 1411
169230 169238 698
169201 169200 337
169257 169259 613
169456 169455 1212
169456 169458 2134
169460 169459 279
169460 169464 538
169464 169460 538
169464 169466 1067
169473 169466 1258
169473 169471 1032
169473 169514 907
169474 169475 717
169474 172807 268
169240 169200 558
169240 169238 977
118533 118534 3018
118533 118798 1521
94990 94991 434
94990 94992 1248
94990 102603 1276
95012 95013 931
95014 95013 2824
95014 95137 2417
95018 95024 3322
97396 97395 201
102896 102897 1168
94277 94252 200
94277 101870 730
94279 94280 1813
94279 94292 696
108748 108749 2056
108748 108964 4237
108913 108901 1483
108913 108925 1795
108769 108990 344
101796 101797 577
101796 101801 716
94038 94164 1528
95815 95816 122
95815 101809 272
102432 102433 221
94305 94324 834
94305 94326 681
94231 94232 1008
94231 94247 722
94199 94200 1279
94199 94201 672
101783 101784 789
95811 95812 445
95811 95812 445
94180 94178 1801
94180 102411 3005
94183 101877 884
101786 101787 474
97453 97419 3039
97453 97455 1376
97457 97460 1342
97457 97461 737
97451 97452 3866
97451 97459 1868
102514 103169 2083
102515 103148 2041
97635 97637 1205
97635 97638 752
93290 93242 4052
93290 93289 784
93290 93291 1322
94638 94639 546
94645 94643 394
95577 95576 428
95934 102272 340
101691 101690 2324
101691 102485 325
101844 101843 77
93344 93345 1354
93344 93650 823
93649 93650 1344
93649 93651 420
93657 93656 3965
93657 94068 2259
93667 93671 959
93667 93672 912
93237 93238 1718
93239 93241 1220
93239 93243 518
98528 98527 312
98528 98547 2832
102687 102689 2020
102687 102690 663
102688 98498 1261
102688 102689 339
98492 98490 1317
98492 98493 3696
98498 98493 877
98498 98502 487
98498 102688 1261
191137 191138 2464
191137 191152 2328
194317 194316 1459
191407 191414 2567
191407 192087 171
191209 191208 1284
191235 191387 1733
191235 191405 851
191237 191236 6213
191237 193952 2164
191393 191394 1656
191236 191237 6213
191236 191282 428
118685 118687 836
118685 118705 109
118519 118645 889
118520 118521 967
118520 119500 211
118520 119500 211
118523 118645 4887
118692 118646 1766
118692 119462 1004
118696 118648 580
118696 118697 1700
118697 118696 1700
118697 119473 352
118553 118556 2026
108934 108935 5334
108764 108763 2790
108976 108967 5405
109025 109009 1181
109025 109026 1273
109025 109027 1878
109082 109074 3015
106347 106346 1161
106347 110487 685
110493 110494 604
109187 109188 2237
109187 109212 676
109199 35490 449
109199 109200 2020
109106 109105 604
109106 109107 826
109163 109107 2305
109163 109162 750
110552 110553 950
110552 110558 279
110554 109197 2175
110554 113816 961
110558 110552 279
110558 110560 947
110498 110565 1730
110559 110560 1533
110559 110565 1078
36087 36085 252
36095 36076 516
36095 50400 1005
36139 36140 1984
36139 36147 4058
36150 36133 2356
36150 36151 1268
36083 36081 1530
36160 36151 2188
36167 36168 672
36167 36169 672
36182 36148 1344
36182 36189 2093
36308 50236 688
36309 36300 905
36309 36310 605
36092 36102 672
36092 36103 893
36021 36013 2557
36021 36028 747
36021 36031 847
105829 105830 354
105829 110572 951
110570 110562 1151
110570 110569 1120
110570 110571 1357
110567 110565 1102
110567 110568 610
110568 110567 610
110568 110569 884
105797 105798 244
105797 105799 203
113597 113598 325
113597 113667 450
106346 106347 1161
106346 110492 950
36350 36328 747
36350 36349 551
36356 36357 645
36356 36358 878
35707 35703 627
35707 50343 1349
36453 35702 1050
35711 44583 2832
35711 44617 605
35712 44583 354
44585 44573 2666
44585 44619 1188
35725 35723 2829
35725 35726 3871
35727 35723 3349
35727 35761 1418
37319 37320 976
37319 37321 905
37320 37319 976
37320 37322 1205
37326 50244 824
37336 37337 1351
37336 37338 778
37366 37365 697
37366 37369 951
37343 37342 1633
37343 37373 222
37347 37341 1099
37374 37373 2047
37374 37380 537
37380 37374 537
37380 37375 751
37453 37451 1168
37457 37455 697
37457 37456 927
37459 37455 1354
37459 37471 713
37471 37459 713
37471 37472 1467
37473 37472 537
37481 37478 1669
37481 37491 751
37491 37481 751
37491 37493 927
36389 36388 403
36391 36384 708
36391 36385 2694
36240 36237 1357
36240 36384 2005
36408 36241 279
36408 36409 1283
36411 36278 889
36411 36418 1475
36418 36282 1505
36418 36411 1475
36418 36420 1274
36423 36420 2004
36423 36426 1885
35677 35675 2270
35677 36387 1066
36401 50240 872
36434 36454 420
36434 36457 1919
37492 37493 336
37496 37486 1210
37496 37490 836
37765 37764 878
37765 37771 418
37770 37768 677
37770 37781 3578
37772 37766 1357
37772 37771 1483
37766 37761 1578
37766 37768 2226
37766 37772 1357
46658 46656 709
46658 46661 790
46658 46739 1612
46660 46661 2714
37748 37747 2133
37790 37769 1375
37790 37781 984
37730 35886 984
37730 37734 612
37730 37738 605
37750 37739 511
37750 37751 1544
37739 37738 1614
37739 37743 1115
37739 37750 511
37755 37741 2143
37755 37744 1655
37794 37781 1227
37879 37846 373
37884 37878 1141
37884 37887 2058
37884 37888 2241
37824 37820 747
37904 37888 1858
37923 35537 3032
37910 35537 552
37917 37912 1045
37914 37912 1421
37914 37915 610
37922 37915 2598
41432 41425 3633
41432 41428 1085
41432 41445 581
41459 46628 78
41444 37874 2483
41444 41428 984
41461 46629 253
41461 46630 3628
46629 41461 253
46629 46632 3377
36949 46632 505
46639 46632 2449
46639 46638 1034
46644 46642 1419
46644 46649 1375
46656 46658 709
46656 46735 683
46656 46736 1530
46813 46745 6592
46750 46747 952
46750 46749 789
46757 46748 1117
46757 46749 928
46757 46758 1023
46879 46761 456
46880 46761 1027
46880 46765 789
46888 46763 879
46888 46790 2418
46792 46790 752
46792 46907 1323
46792 46908 1009
46911 46908 837
46911 46912 1282
46913 46912 713
46924 46921 605
46924 46940 789
46934 46912 807
46934 46921 1534
46934 46935 1396
46919 46794 1211
46919 46802 1577
46919 46915 789
46921 46917 752
46921 46924 605
46921 46934 1534
47056 47047 1011
47056 47061 511
47053 47049 3011
47053 47055 828
47053 47101 849
46486 46484 1210
46486 46510 2311
46486 47045 1919
47047 47045 674
47047 47056 1011
47103 46795 1889
47103 47102 790
46802 46799 1153
46802 46919 1577
47104 46795 1086
47104 46801 2877
127848 127235 1307
127848 127236 2557
127260 127257 933
127260 127258 1055
127266 127265 51
127236 127232 1161
127236 127234 1355
127236 127848 2557
127232 127231 1422
127232 127236 1161
127232 127255 1055
127258 127255 1035
127258 127260 1055
127202 127085 2025
127202 127204 789
127243 127204 1615
127243 127242 1085
127243 127248 790
127270 127203 747
127270 127301 333
127302 127271 1075
127302 127301 671
127302 127305 452
127327 127310 238
126908 126907 807
126908 126912 747
126912 126908 747
126912 126943 1477
126901 126900 828
126901 126902 1260
126901 126907 1855
126866 126864 801
126918 126890 1419
126918 126891 889
126918 126919 796
126891 126889 2049
126891 126918 889
126894 126892 2370
126894 127845 885
46217 46214 462
46217 46220 583
46212 46209 418
46229 46221 202
127844 127843 1783
127845 126894 885
127845 127840 202
46437 46431 477
46433 46428 2042
46433 46430 276
46440 46428 807
46440 46441 807
46440 46459 1115
46441 46440 807
46441 46487 1115
46441 46488 1206
46490 46461 796
46490 46487 677
46490 46494 873
46494 46490 873
46494 46497 202
46498 46497 612
46498 46499 476
44820 44821 538
44820 50255 1343
46510 46485 873
46510 46486 2311
46445 46444 1029
46227 46261 2736
46227 50324 62
46262 46261 769
46262 46432 2649
127681 127375 893
127681 127666 1700
127990 127375 1617
127990 127989 556
127997 127989 1989
127666 127355 1413
127666 127369 782
127666 127668 1920
127666 127671 2016
127666 127681 1700
127670 127669 2709
127670 127683 1437
127984 127985 970
127984 127993 713
127669 127670 2709
127669 128141 964
127692 127691 590
127693 127690 767
127693 127691 1336
127693 127706 1375
127708 127706 767
127708 127709 1375
127712 127709 872
127712 127719 111
127720 127719 452
127720 127721 1004
128155 127721 2425
128155 128156 1576
127974 127965 1719
127974 127970 790
127974 128011 600
127970 127968 674
127970 127969 1810
127970 127974 790
127973 127968 2840
127982 127972 511
127982 127980 1484
128004 127995 1867
128004 128007 713
127972 127961 906
127972 127971 3401
127972 127982 511
128164 128156 1119
128241 128239 356
128241 128242 751
130358 130359 1169
130361 130359 810
130361 130364 1116
130371 130364 752
130391 130392 238
130391 130393 631
131949 130398 85
127816 127812 672
127816 127813 934
127816 127817 1483
128245 128235 2652
128245 128244 355
127817 127815 337
127817 127816 1483
127824 127821 1018
127824 127823 1344
127824 127825 1483
127836 127825 2507
127836 127837 1576
128251 127837 2635
128242 128240 739
128242 128241 751
128244 128240 1827
128244 128245 355
127838 127832 2616
127838 127837 1357
129391 129388 1018
129391 129390 1624
129572 129396 1284
129572 129574 1368
129574 129572 1368
129574 129575 782
129586 129575 1201
129586 129588 782
129588 129578 1308
129588 129586 782
129588 129589 688
129640 129591 2468
129640 129641 924
129640 129644 656
129645 129646 1221
129661 129662 829
129661 129663 1933
129662 129661 829
129662 129664 1831
129665 129664 631
129665 129851 1458
129862 129699 1308
129865 129851 355
130317 130321 631
130322 130321 811
130322 130354 811
130355 130354 1308
130355 130359 739
121451 121362 9329
121451 121446 1748
121389 121388 1364
121389 121429 1010
121437 121434 829
121437 121438 2016
70257 69998 5841
70264 70265 606
70250 69991 888
70250 69993 1535
70250 70252 3354
129816 129741 1748
129816 129815 1067
129820 129815 1010
129820 129818 928
129831 129809 1897
129831 129884 4203
129825 129778 667
129825 129779 474
129825 129826 1169
129828 129822 611
129828 129824 475
129885 129884 1142
129885 129890 1781
129885 130401 1010
129836 129826 1587
130401 129885 1010
130401 129890 1919
130401 130402 238
130402 130401 238
130402 130413 2338
130402 130414 949
121341 121342 558
121341 121343 3965
121442 121443 2134
129912 129910 767
129912 129913 1116
130460 130461 374
218967 218969 904
218967 218970 777
218967 218971 413
218977 218978 1665
218988 218149 222
218988 224592 377
218974 218133 1088
218974 218975 1153
218121 218081 1030
218121 218122 1607
218048 218138 521
218080 218076 9364
218080 218081 4343
218080 218138 680
218106 218116 182
218108 218107 1088
218108 218975 395
218110 218976 706
218110 218980 1612
218110 218981 728
218111 218113 2444
218112 218116 417
218112 218118 229
218101 218113 949
218101 218117 756
218101 218992 1502
218093 218092 366
218093 218138 220
218093 218139 1317
218105 218092 1356
218398 218399 1024
218398 218408 2947
218399 218398 1024
218399 218401 2377
218297 218298 1162
218297 218965 740
218308 218965 1203
218995 218454 2184
218995 219001 572
219029 219026 822
219029 219030 3038
220285 224579 540
224935 224936 157
224935 224937 129
218564 218562 2809
218564 218575 420
218659 218654 496
218659 218655 1067
218659 218660 3034
218576 218575 1043
218362 218361 1659
218362 218412 632
218413 218412 876
218389 218390 2951
218389 218427 807
218429 218428 1265
218429 218437 825
218429 218593 4126
218438 218594 305
218438 218596 999
218636 218638 2436
218636 218646 16
218619 218598 156
224058 218606 804
224058 218609 805
218606 218605 983
218606 218607 1576
218606 218612 1025
218606 224058 804
224486 224052 252
224050 224048 518
224050 224052 1115
216252 217147 354
216252 217882 1753
217985 217994 604
217882 216252 1753
217882 217995 481
217998 217994 385
217998 222791 720
222747 222749 1079
222747 222750 733
222748 222749 311
222748 222751 1300
224004 224005 654
224004 224006 409
222754 222751 984
222754 222752 1301
222766 222763 1667
222766 222783 532
222779 224540 1440
222789 222790 675
222789 222792 1278
222791 217998 720
222791 222973 1031
222786 222785 1154
222786 222792 1006
219191 222818 735
219191 222977 1950
224749 224750 386
224749 224872 1121
222797 222784 1477
222806 222784 1720
222806 222787 831
222808 222974 2048
222808 224454 510
224002 222873 702
222820 222865 239
222864 222874 338
222864 222875 881
222818 219191 735
222818 222979 733
222818 222980 1181
222761 222753 1805
222761 222794 3116
222880 218689 2650
222880 222881 796
222937 222934 891
222937 222942 289
218687 218686 203
218687 222997 510
222876 222874 341
222932 222933 1700
222932 222935 590
222934 222937 891
222934 222950 504
222913 222919 836
222913 222930 744
222930 222913 744
222930 222931 1284
222930 222948 1823
222949 222954 594
222949 222956 270
222916 222921 751
222916 222923 859
222917 223034 567
222917 223035 1185
223032 223027 1737
223032 223039 562
223027 223032 1737
223027 223033 959
223014 223015 499
223014 223016 466
223019 223017 475
223019 223020 1163
223019 223021 1058
150835 150836 765
150835 150837 2413
150839 150837 859
150839 151001 2259
151001 150839 2259
151001 150999 845
151017 151018 856
151017 151019 1921
151021 151019 874
151648 150999 221
151648 151018 246
151648 151649 688
149119 149120 716
149135 149120 1373
149141 149121 905
149141 149142 2313
149147 149146 689
149147 149149 815
149151 149150 800
149151 149152 815
149434 149435 934
149434 149436 1292
149438 149499 554
149495 149436 496
149495 149494 429
149495 149498 329
149498 149495 329
149498 149499 888
149498 149500 2404
149652 149654 2420
149651 149654 683
149651 149665 2433
149664 149665 758
149664 149668 2355
149490 149668 830
149490 149670 2545
149491 149603 705
149491 149670 786
149603 149491 705
149603 149605 423
149603 149608 704
149602 149604 927
149602 149605 554
149593 149211 716
149593 149604 699
149592 149211 1026
149592 149547 966
149592 149595 352
149527 149520 255
149527 149526 376
149520 149527 255
149520 149529 757
149535 149536 719
149535 149587 512
149547 149537 1205
149547 149592 966
148816 148841 2617
148819 148841 842
148819 149662 2316
149661 149662 837
149660 149663 2405
149660 149693 2506
149655 149654 810
149655 149663 983
149655 149667 2384
141796 146519 942
146520 146519 995
146520 146522 1278
146520 146524 1962
151027 151019 2372
151027 151032 757
151066 151032 2377
151066 151068 780
151155 151068 2401
151155 151149 820
151159 151149 2311
151159 151157 779
151253 151157 2359
151253 151165 869
151255 150404 512
151255 151165 1822
151255 151270 802
150404 150403 853
150404 151255 512
150405 150403 2530
150405 151287 388
151296 147412 136
143151 147413 2302
143151 151299 310
143146 147407 918
143146 151293 2413
151297 151292 2371
151297 151293 834
151297 151299 427
147408 147406 851
147408 147407 1808
147408 147421 468
147421 147408 468
147421 147415 786
147426 147422 1115
147426 147425 1079
147426 147576 701
147593 147578 662
147593 147591 953
147594 147450 634
147594 147591 643
147596 147450 2487
147596 147592 797
147596 147609 2247
147609 147596 2247
147609 147608 808
147611 147608 2322
147611 147610 843
147696 147610 2469
147696 147695 740
147696 147705 2378
147708 147705 324
147712 147698 367
147712 147710 329
147712 147713 2777
147715 147713 755
147715 147735 2446
148237 147735 801
148237 148238 377
148240 148238 753
148240 148247 2244
148250 148247 438
148261 148262 849
148261 148867 269
148261 148868 2612
148259 148263 2588
148262 148261 849
148262 148263 887
148262 148872 2632
148295 148263 789
148295 148914 725
148918 148914 762
148918 148919 1907
148919 148915 794
148919 148918 1907
148921 148917 480
148921 148923 697
148921 148925 867
148930 148931 809
148930 148933 1034
148932 148933 793
148925 148921 867
148925 148937 748
148936 148931 849
148936 148937 530
148936 148941 1452
148935 148941 776
148935 148969 2622
149048 149049 502
149048 149050 538
149053 149050 806
149053 149066 2254
149074 149066 751
149074 149075 876
149074 149076 1580
149075 149074 876
149075 149077 834
149079 149080 760
149079 149093 703
149115 149080 1706
149115 149116 899
149115 149120 1875
212685 212684 2313
149981 142419 2644
149981 146593 634
149984 149326 550
149984 149992 2073
149990 149992 792
149990 150018 742
150016 150018 878
150019 150018 1710
150019 150024 723
150074 150073 825
150087 145709 191
150052 150024 2389
150052 150051 829
150052 150058 2500
150057 150058 830
150057 150061 2413
150062 150097 1436
150093 145712 1301
150093 150097 820
148844 148841 776
148844 149694 2256
149695 149694 824
149695 149696 2588
149695 149698 822
149698 149695 822
149698 149702 2651
149705 149706 1098
149705 149710 427
149706 149705 1098
149706 149712 1014
149706 150183 896
150183 149706 896
150183 150184 1457
150185 140077 403
150185 150184 1313
140078 140077 104
140078 150196 1191
149798 149793 791
149798 149799 290
149801 143932 351
149801 149809 346
143932 149801 351
143932 149832 1025
149209 149208 2193
149734 149610 839
149734 149670 1823
149734 149735 771
149740 149738 518
149740 149741 1167
149740 149743 803
149685 149676 759
149685 149686 502
149685 149688 2639
149687 149677 2384
149687 149688 891
149687 149690 827
149691 149690 2642
149691 149721 797
149676 149674 2643
149676 149675 779
149676 149685 759
149736 149675 1694
149736 149735 859
149788 149721 1348
149788 149796 805
149756 149746 762
149756 149757 1198
149758 149760 87
149762 149759 484
149762 149763 972
149765 149759 767
149765 149804 532
149765 149806 756
149791 149802 818
149791 149805 469
149792 149793 418
149792 149805 205
149732 149722 815
149732 149724 1692
149796 149722 1300
149796 149788 805
149725 149719 1932
149727 149708 2365
149727 149726 756
149728 149708 916
149728 149711 186
149728 149714 858
149731 150206 183
151660 151661 1023
214934 214933 111
205934 205927 555
205934 213683 2125
205964 214912 9894
213686 213683 715
213686 215051 497
214857 205865 2001
214857 213683 504
214857 215046 649
215048 215046 709
198836 198835 193
198834 198817 703
198834 198833 456
198830 198807 897
198830 198833 769
198814 198813 223
198814 198815 503
205853 198817 2589
205853 205855 116
194607 194608 902
205005 205006 1220
205005 205014 556
205005 205016 1310
205003 205001 2208
205003 205004 437
205003 205022 702
205025 205022 1546
205025 205027 775
205025 205028 2004
152122 152119 767
152122 152121 1032
152122 162463 630
162463 152122 630
162463 162464 562
162460 162458 683
162460 162459 1505
168705 168851 1735
168713 168851 1023
168715 168852 752
168715 168853 1534
168855 168854 1161
168855 168857 893
168858 168857 1201
168858 168906 924
168375 168377 1183
168375 168745 1952
168375 168746 928
168377 168375 1183
168377 168388 345
168393 168388 474
168745 168375 1952
168745 168751 2006
168760 168761 1018
168760 168779 782
168777 168778 2153
168777 168805 1018
168775 168774 1201
168775 168805 2016
168774 168775 1201
168774 168812 1521
168774 168813 1576
168811 168808 1096
168811 168881 1669
168907 168906 752
168802 168801 830
168909 168883 1201
168909 168906 1796
168847 168849 985
168838 168859 1105
168850 168849 747
168850 168859 951
168850 168860 710
168568 162459 1018
168568 168872 778
168568 168887 1087
168848 168865 924
168848 168887 1657
168845 168859 951
168845 168861 808
153993 153995 476
153993 154025 2171
154024 154023 790
154024 154025 767
154024 154029 1827
154023 154024 790
154023 154028 2731
154054 154055 1304
154054 172280 818
154075 154073 2623
154075 154091 829
154091 154075 829
154091 154097 518
154099 154098 518
154099 154100 796
154099 154327 683
154319 154321 1472
154322 154321 850
154108 154355 169
154361 154362 674
154361 154394 187
154391 154390 759
154391 154393 1225
154389 154388 906
157526 157527 418
157526 157577 1023
157575 157578 111
157573 157571 778
157593 157572 475
157593 157594 2335
157593 157597 850
157597 157593 850
157597 157598 672
158189 158188 688
158189 158217 1264
157525 157530 475
157534 157530 374
157534 157537 600
157523 157531 436
157527 157526 418
157527 157531 418
157527 157576 650
157536 157537 111
157536 157583 934
157584 157583 238
157584 157586 683
157590 157589 1447
157590 157595 953
154408 154354 436
154408 154435 562
154408 154436 2133
154410 154436 782
154963 154436 1185
154963 154954 2530
154963 154979 796
154956 154957 337
154951 154958 795
154951 154960 590
154952 154953 1018
154952 154961 905
155017 154961 1884
155017 155037 893
155036 155007 953
155036 155035 905
155036 155037 893
155035 154994 1884
155035 155036 905
155043 155042 445
155043 155071 2236
155069 155070 767
155069 155209 1124
155222 155209 683
157817 157816 923
157829 157863 2969
157769 157770 323
157769 157771 1101
157853 157857 300
157838 157839 2098
157838 157851 562
155210 155073 796
155210 155077 1553
155219 155073 2050
155077 155051 1553
155077 155075 905
155077 155210 1553
155081 155051 782
155081 155082 1907
155134 155125 238
155135 155131 600
155135 155137 2623
155135 155140 1201
155139 155140 767
155139 155323 1719
155324 155323 1500
155324 155332 202
155331 155332 1420
155346 155339 948
155348 155339 1989
157790 157791 358
157834 157839 790
157834 157856 1161
157834 157858 2133
157886 157858 2957
157886 157889 630
157886 157897 1293
157900 157898 436
157900 157901 1268
155433 172585 398
155385 155365 1185
155385 155386 1352
155385 155388 474
155388 155385 474
155388 155387 1065
155388 155390 1280
155391 155390 1266
159849 159844 848
159849 159847 954
157695 159843 511
155395 155396 510
155395 155447 1014
155434 155435 333
155434 155447 1349
155438 155437 556
155438 155439 518
157729 157728 1349
155459 157691 12749
157752 157750 710
157752 157965 1293
157949 157950 1261
157949 157965 872
157757 157758 678
157757 157943 1023
157946 157945 202
157946 157950 631
157759 157758 879
157759 157939 581
157748 157749 333
157748 157765 1147
157774 157765 1347
157774 157938 1547
157774 157940 837
157738 157739 1438
157738 157740 781
157738 157767 1606
157749 157748 333
157749 157767 796
178242 178240 252
178242 178243 2798
178253 178252 1528
178253 178265 1031
178255 178256 713
178265 178253 1031
178265 178268 252
177923 177924 580
177923 178135 551
178134 178135 796
178267 178248 2184
178267 178268 927
178435 178434 696
178435 179958 635
178217 178218 539
178217 178271 608
178269 178228 2858
178269 178278 562
178282 178280 806
178282 178283 1556
178283 178272 333
178283 178282 1556
178313 178314 139
178307 178272 778
178307 178277 764
178498 178499 1097
178498 178500 778
178500 178491 445
178500 178498 778
178511 178492 1445
178511 185370 516
178503 178502 777
178419 178417 5175
178419 178420 982
186188 178423 1120
186188 185364 398
158203 158204 848
158291 158230 562
157932 157930 905
157932 158629 421
158631 158629 782
158631 158633 355
158634 158633 2224
158634 172766 222
157968 157970 872
157968 158694 1258
158685 158686 1018
158685 158789 796
158797 158789 1201
158797 158801 818
158963 158801 1036
158963 158964 905
159065 158987 672
159065 172119 1357
158972 158964 1018
158972 158974 713
159029 158977 1284
159029 158986 688
158987 158986 905
158987 158988 436
158987 159065 672
159081 159086 929
159081 159088 767
159083 159094 1334
159087 159085 177
159087 159086 1192
159087 159095 779
159101 159102 713
159101 172141 2017
158614 158193 1856
158614 158623 562
158192 158191 713
158192 158193 2089
158231 158191 2089
158231 158230 782
158302 158303 1225
158608 158232 767
158608 158609 1225
158621 158609 674
158621 158626 889
158626 158621 889
158626 172338 590
161137 161138 2051
161137 161141 672
161144 161143 927
161144 161145 3793
172755 172754 5553
168323 168324 276
168341 168346 374
168344 168345 374
168355 168351 610
168367 168392 275
161481 161480 452
161481 161482 601
161481 161483 782
161483 161438 767
161483 161481 782
161483 161489 893
161484 161476 1354
161484 161508 1124
161488 161503 344
161458 161457 4727
161458 161474 1302
161508 161474 672
161508 161475 1181
161508 161484 1124
161856 161857 677
161856 161862 817
161862 161856 817
161862 161861 759
161851 161852 1969
161851 161853 565
161855 161854 323
161994 161995 187
161994 161997 1165
213268 213267 473
162011 162012 698
162002 162001 1122
162002 162009 2183
162002 162015 698
161997 161994 1165
161997 161996 508
161997 162000 1631
162000 161991 1484
162000 161997 1631
162000 161999 1241
162000 162004 1545
162000 162005 813
162163 162161 1527
162163 162164 870
162184 162171 222
162009 162002 2183
162009 162018 752
162105 162017 1706
162112 162185 2570
162187 162186 1632
162187 162193 951
159968 159967 1082
162220 162214 709
172555 169609 1653
172555 172559 753
169580 169582 1087
161817 161815 202
161817 169630 1161
169601 169602 558
169601 169603 891
169604 169603 1613
169604 172796 601
169605 169595 1354
169605 169613 724
169595 169596 796
169595 169605 1354
169174 169227 874
169245 169244 558
169217 169215 811
169217 169226 1680
169192 169193 811
169192 169194 891
169267 169270 829
169269 169270 1395
169269 169272 949
169262 169261 1030
169262 169272 1621
169290 169289 678
169290 169291 1067
170497 170493 518
170497 170508 1094
168325 168324 879
168325 168334 511
170500 170501 667
170500 170529 1774
168335 168334 928
168342 168347 436
168349 168348 238
170515 170529 1014
170532 168360 1399
170532 170530 1322
170532 170533 276
170062 170063 355
170445 170444 1114
170445 170446 1300
170445 170456 907
170444 170442 818
170444 170445 1114
170444 170450 1227
170456 170445 907
170456 170454 1270
170456 170457 581
170459 170453 848
170459 170457 1433
170459 170464 818
170469 170463 222
170469 170464 64
170469 170538 344
170535 170463 1858
170535 170536 984
170535 170541 1505
170535 170542 984
170481 170482 796
170481 170486 333
170481 170495 934
170487 170482 445
170487 170488 1225
170487 170534 872
170542 170535 984
170542 170543 202
170542 172574 954
170049 170048 1004
170049 170050 1234
170049 170065 953
169971 169965 885
169971 169969 1357
169971 170043 1284
170043 169969 1336
170043 169971 1284
170043 170042 893
170046 170042 422
170046 170045 782
170046 170047 253
169528 169529 436
169528 169530 851
169528 169552 1114
169538 169529 1786
169550 169551 337
169550 169552 1354
169550 169882 905
169867 169866 419
169867 169868 811
169867 169890 169
169872 169871 191
169873 169871 674
169873 169874 980
169475 169474 717
169475 169476 484
169475 172793 300
169477 169469 872
169477 169476 986
169477 169478 475
169526 169525 477
169527 169469 333
169527 169525 562
169527 169532 1438
169535 169534 497
169966 169957 889
169966 169965 1143
169966 170042 518
169956 169957 843
169956 169958 276
169956 169979 475
169959 169958 562
169909 169908 810
169909 169989 256
169922 169908 475
169922 169921 1081
169922 170084 880
170084 169922 880
170084 170083 1293
169976 169977 2135
169976 169986 782
169985 169983 2971
169985 169986 1248
169985 169989 1248
169864 169863 590
169865 167162 2419
169865 167163 2174
169865 169863 6314
170087 169905 2012
170087 170081 951
170087 170089 796
170087 170091 2015
170090 169905 713
170090 170089 1687
170090 172082 977
170082 169921 1907
170082 170081 880
169022 169023 1364
169022 169046 739
169024 161687 651
169024 169023 948
169024 170689 1859
169238 169215 1411
169238 169226 747
169238 169230 698
169238 169240 977
169200 169199 874
169200 169201 337
169200 169240 558
169259 169257 613
169259 169260 674
169259 169455 1624
169455 169254 1995
169455 169259 1624
169455 169280 1211
169455 169456 1212
169458 169254 1229
169458 169456 2134
169458 169459 874
169458 169463 1624
169459 169458 874
169459 169460 279
169459 169465 1624
169466 169464 1067
169466 169467 698
169466 169473 1258
169471 169470 3747
169471 169472 344
169471 169473 1032
169514 169473 907
169514 169486 1770
169514 169513 791
172807 169474 268
172807 172808 615
172807 172809 866
118534 118533 3018
118534 118535 3784
118534 118536 3815
118534 119443 1680
118798 118533 1521
94991 94990 434
94992 94990 1248
102603 94990 1276
95013 95012 931
95013 95014 2824
95013 95015 1114
95137 95014 2417
95137 95136 2146
95137 95147 600
95024 95018 3322
95024 95029 279
97395 97376 2693
97395 97396 201
102897 102896 1168
94252 94251 4046
94252 94276 1025
94252 94277 200
101870 94277 730
94280 94274 718
94280 94279 1813
94280 94281 836
94292 94279 696
94292 94281 1809
94292 94294 649
108749 108748 2056
108749 108989 1639
108964 108748 4237
108901 108900 516
108901 108913 1483
108901 108924 3180
108925 108913 1795
108990 108769 344
108990 108991 747
101797 101796 577
101797 101825 202
101797 101827 340
101801 101796 716
101801 101807 676
101801 101809 650
94164 94038 1528
94164 94165 526
94164 102297 431
95816 95815 122
95816 102297 242
101809 95815 272
101809 101801 650
101809 101810 570
102433 102432 221
94324 94305 834
94324 94320 491
94324 94325 585
94324 103185 753
94326 50059 562
94326 94305 681
94326 94327 394
94232 94231 1008
94247 94231 722
94247 94246 216
94247 102322 937
94200 94199 1279
94201 94199 672
94201 94202 778
94201 94225 3166
101784 101783 789
101784 102436 2370
95812 95811 445
95812 95811 445
94178 94177 580
94178 94180 1801
102411 94180 3005
102411 102412 752
102411 102413 1599
101877 94183 884
101787 101786 474
101787 101873 2157
101787 102447 747
97419 97417 1851
97419 97453 3039
97455 97424 1452
97455 97453 1376
97455 97462 2087
97460 97457 1342
97461 97457 737
97461 97467 1320
97452 97451 3866
97452 97492 139
97459 97451 1868
103169 102514 2083
103148 102515 2041
103148 103149 2174
97637 97613 3058
97637 97635 1205
97638 97635 752
97638 102737 793
93242 93243 434
93242 93290 4052
93289 93288 939
93289 93290 784
93291 93290 1322
93291 102005 1553
93291 102228 80
94639 94638 546
94639 94640 522
94643 94642 348
94643 94645 394
95576 95565 518
95576 95577 428
95576 95686 400
102272 93688 492
102272 95934 340
101690 93345 2616
101690 97685 1097
101690 101691 2324
102485 101691 325
101843 100620 2449
101843 101844 77
93345 93344 1354
93345 101690 2616
93345 101769 1732
93650 93344 823
93650 93649 1344
93651 93649 420
93656 93346 2767
93656 93657 3965
93656 102004 2337
94068 93482 5580
94068 93657 2259
94068 94069 1977
93671 93667 959
93671 93672 48
93671 93672 48
93671 93673 564
93672 93667 912
93672 93671 48
93672 93671 48
93238 93237 1718
93238 93240 3432
93241 93239 1220
93241 102001 533
93243 93239 518
93243 93242 434
98527 93240 199
98527 98528 312
98527 102660 459
98547 98528 2832
102689 102687 2020
102689 102688 339
102690 102687 663
98490 98488 1571
98490 98491 2230
98490 98492 1317
98493 98492 3696
98493 98498 877
98493 98501 736
98502 98498 487
98502 98501 944
98502 98511 6746
191138 191137 2464
191138 191288 370
191152 191137 2328
194316 194080 1251
194316 194317 1459
191414 191364 431
191414 191407 2567
192087 191407 171
191208 191209 1284
191208 191210 3095
191208 191214 3286
191387 191232 419
191387 191235 1733
191387 191388 1769
191405 191235 851
193952 191237 2164
191394 191393 1656
191282 191236 428
191282 191364 99
118687 118614 4359
118687 118685 836
118687 118688 826
118687 118713 865
118705 118672 1735
118705 118676 3563
118705 118685 109
118645 118519 889
118645 118523 4887
118521 118520 967
119500 118520 211
119500 118520 211
119500 119507 983
118646 118647 472
118646 118648 473
118646 118692 1766
119462 118692 1004
118648 118646 473
118648 118696 580
118648 119472 808
119473 118697 352
118556 118553 2026
108935 108934 5334
108935 108969 1063
108763 108764 2790
108763 108991 847
108967 108966 1000
108967 108968 434
108967 108976 5405
108967 108980 562
109009 109008 4307
109009 109025 1181
109026 109018 1420
109026 109025 1273
109027 109025 1878
109027 109034 434
109074 109072 931
109074 109082 3015
110487 106347 685
110494 110493 604
110494 113815 649
109188 109187 2237
109188 109189 452
109188 109215 551
109212 35489 531
109212 109187 676
109212 109213 1919
35490 35491 62
35490 109199 449
109200 109199 2020
109200 110548 1598
109105 109106 604
109107 109106 826
109107 109108 764
109107 109163 2305
109162 109108 2068
109162 109109 2809
109162 109161 750
109162 109163 750
110553 110551 1457
110553 110552 950
110553 110561 806
109197 36019 1257
109197 110554 2175
113816 110554 961
110560 110558 947
110560 110559 1533
110560 110561 1022
110560 110566 1102
110565 110498 1730
110565 110559 1078
110565 110566 1395
110565 110567 1102
36085 36086 908
36085 36087 252
36085 50401 772
36076 36073 2746
36076 36079 1234
36076 36095 516
50400 36095 1005
36140 36139 1984
36147 36139 4058
36147 36145 612
36133 36132 4718
36133 36134 1739
36133 36150 2356
36151 36052 6854
36151 36055 796
36151 36150 1268
36151 36160 2188
36081 36078 1778
36081 36079 2321
36081 36083 1530
36168 36167 672
36169 36167 672
36148 36146 5159
36148 36182 1344
36148 36186 1114
36148 36187 1497
36189 36182 2093
36189 50238 1599
50236 36308 688
36300 36299 904
36300 36309 905
36300 36335 2340
36300 36346 1105
36310 36309 605
36310 36311 2615
36310 36312 1533
36102 36092 672
36103 36092 893
36013 36012 1062
36013 36020 1768
36013 36021 2557
36013 36022 847
36028 36021 747
36028 36025 2185
36028 36029 1553
36031 36021 847
36031 50477 279
105830 105829 354
110572 105829 951
110572 110571 649
110572 110573 1493
110562 110561 1151
110562 110563 1299
110562 110566 1120
110562 110570 1151
110569 110566 1151
110569 110568 884
110569 110570 1120
110571 110563 1280
110571 110570 1357
110571 110572 649
105798 105797 244
105799 105797 203
113598 113597 325
113667 113597 450
110492 106346 950
36328 36311 1234
36328 36350 747
36328 36359 1220
36349 36347 354
36349 36350 551
36357 36356 645
36358 36356 878
35703 35698 1853
35703 35707 627
50343 35707 1349
50343 50344 568
50343 50509 776
35702 35693 1885
35702 35694 1066
35702 36453 1050
44583 35711 2832
44583 35712 354
44583 44584 599
44617 35711 605
44617 44584 3067
44617 44618 593
44573 41722 905
44573 44539 2314
44573 44582 951
44573 44585 2666
44619 44585 1188
44619 44621 818
44619 44625 788
35723 35722 1055
35723 35725 2829
35723 35727 3349
35726 35725 3871
35761 35727 1418
35761 37345 709
35761 37400 1873
37321 37319 905
37321 37322 1631
37321 50244 785
37322 37320 1205
37322 37321 1631
37322 37323 1205
50244 37321 785
50244 37326 824
37337 37336 1351
37337 37339 672
37337 37340 517
37338 37332 1016
37338 37336 778
37338 37341 344
37365 37366 697
37369 37366 951
37342 37331 1467
37342 37341 667
37342 37343 1633
37373 37343 222
37373 37348 1558
37373 37374 2047
37341 37338 344
37341 37342 667
37341 37347 1099
37375 37348 952
37375 37376 927
37375 37380 751
37451 37376 751
37451 37452 1513
37451 37453 1168
37455 37419 1254
37455 37448 1307
37455 37457 697
37455 37459 1354
37456 37448 827
37456 37457 927
37456 37458 435
37472 37454 2017
37472 37471 1467
37472 37473 537
37472 37478 1206
37478 37472 1206
37478 37477 2017
37478 37481 1669
37493 37491 927
37493 37492 336
37493 37494 1022
36388 36385 435
36388 36386 788
36388 36389 403
36384 36240 2005
36384 36382 435
36384 36391 708
36385 36383 1140
36385 36388 435
36385 36391 2694
36237 36223 905
36237 36230 951
36237 36240 1357
36237 36241 2816
36241 36237 2816
36241 36270 557
36241 36408 279
36409 36408 1283
36278 36270 1073
36278 36272 2515
36278 36411 889
36282 36277 238
36282 36418 1505
36282 36424 2113
36420 36418 1274
36420 36423 2004
36420 36425 947
36426 36423 1885
36426 36497 931
36426 36498 475
36426 50398 681
35675 35674 1534
35675 35677 2270
35675 35687 452
36387 35677 1066
36387 36386 418
36387 36386 418
50240 36401 872
36454 36434 420
36454 36455 806
36454 36456 1188
36457 36434 1919
37486 37446 1544
37486 37489 927
37486 37496 1210
37490 37489 1153
37490 37496 836
37490 37763 373
37764 37762 1338
37764 37763 807
37764 37765 878
37771 37761 1534
37771 37765 418
37771 37772 1483
37768 37766 2226
37768 37767 84
37768 37770 677
37781 37769 878
37781 37770 3578
37781 37790 984
37781 37794 1227
37761 37720 1815
37761 37728 1994
37761 37766 1578
37761 37771 1534
46661 46658 790
46661 46660 2714
46661 46744 1612
46661 46745 709
46739 46658 1612
46739 46736 828
46739 46738 1032
46739 46744 790
37747 37746 738
37747 37748 2133
37747 37769 751
37769 37747 751
37769 37767 3526
37769 37781 878
37769 37790 1375
35886 35885 1854
35886 37730 984
37734 37730 612
37734 37733 511
37738 37730 605
37738 37735 336
37738 37739 1614
37751 37750 1544
37743 37737 788
37743 37739 1115
37743 37744 751
37741 35904 2283
37741 37755 2143
37741 37843 238
37744 37742 836
37744 37743 751
37744 37755 1655
37846 37847 1778
37846 37877 697
37846 37879 373
37878 37877 1476
37878 37883 2320
37878 37884 1141
37887 37884 2058
37887 37885 435
37888 37884 2241
37888 37889 174
37888 37904 1858
37820 37821 1153
37820 37824 747
35537 35538 159
35537 37910 552
35537 37923 3032
37912 37913 605
37912 37914 1421
37912 37917 1045
37915 37874 818
37915 37913 1757
37915 37914 610
37915 37922 2598
41425 41419 1886
41425 41427 751
41425 41432 3633
41428 41427 3386
41428 41432 1085
41428 41444 984
41445 41432 581
46628 41459 78
37874 37915 818
37874 41444 2483
46630 41461 3628
46630 46632 683
46630 46638 2117
46632 36949 505
46632 46629 3377
46632 46630 683
46632 46639 2449
46638 46630 2117
46638 46639 1034
46638 46642 747
46642 46638 747
46642 46644 1419
46649 46644 1375
46649 46735 1592
46735 46649 1592
46735 46656 683
46736 46656 1530
46736 46739 828
46745 46661 709
46745 46747 600
46745 46813 6592
46747 46745 600
46747 46750 952
46749 46750 789
46749 46757 928
46748 46744 630
46748 46757 1117
46758 46757 1023
46761 46879 456
46761 46880 1027
46765 46763 885
46765 46880 789
46763 46765 885
46763 46888 879
46790 46792 752
46790 46888 2418
46907 46792 1323
46908 46792 1009
46908 46911 837
46912 46911 1282
46912 46913 713
46912 46934 807
46940 46924 789
46935 46934 1396
46794 46919 1211
46915 46917 650
46915 46919 789
46917 46915 650
46917 46921 752
47061 47055 168
47061 47056 511
47049 47053 3011
47055 47053 828
47055 47061 168
47101 47053 849
47101 47102 842
46484 46485 2320
46484 46486 1210
47045 46486 1919
47045 47047 674
46795 47103 1889
46795 47104 1086
47102 47101 842
47102 47103 790
46799 46801 612
46799 46802 1153
46801 46799 612
46801 47104 2877
127235 127848 1307
127257 127255 1140
127257 127260 933
127265 127266 51
127234 127231 789
127234 127236 1355
127231 127232 1422
127231 127234 789
127255 127232 1055
127255 127257 1140
127255 127258 1035
127085 127202 2025
127204 127202 789
127204 127243 1615
127242 127243 1085
127248 127243 790
127203 127270 747
127301 127270 333
127301 127302 671
127271 127302 1075
127305 127302 452
127305 127310 3295
127310 127305 3295
127310 127327 238
126907 126901 1855
126907 126908 807
126943 126912 1477
126900 126901 828
126900 126902 885
126902 126900 885
126902 126901 1260
126864 126866 801
126890 126889 890
126890 126918 1419
126919 126918 796
126889 126890 890
126889 126891 2049
126892 126894 2370
46214 46217 462
46220 46217 583
46220 46221 1423
46209 46212 418
46221 46220 1423
46221 46229 202
127843 127840 1023
127843 127844 1783
127840 127843 1023
127840 127845 202
46431 46261 2689
46431 46432 1152
46431 46437 477
46428 46433 2042
46428 46440 807
46430 46433 276
46459 46440 1115
46459 46487 807
46487 46441 1115
46487 46459 807
46487 46490 677
46488 46441 1206
46461 46490 796
46497 46494 202
46497 46498 612
46499 46485 1534
46499 46498 476
44821 44820 538
44821 46432 1210
44821 46444 558
50255 44820 1343
46485 46484 2320
46485 46499 1534
46485 46510 873
46444 44821 558
46444 46445 1029
46261 46227 2736
46261 46262 769
46261 46431 2689
50324 46227 62
46432 44821 1210
46432 46262 2649
46432 46431 1152
127375 127369 1718
127375 127681 893
127375 127990 1617
127989 127990 556
127989 127997 1989
127355 127666 1413
127369 127375 1718
127369 127666 782
127668 127666 1920
127671 127666 2016
127683 127670 1437
127985 127984 970
127993 127984 713
128141 127669 964
127691 127692 590
127691 127693 1336
127690 127693 767
127706 127693 1375
127706 127708 767
127709 127708 1375
127709 127712 872
