1550
29609 29838 372
29609 29853 1052
29662 29605 365
31044 34828 451
31044 35274 448
29882 29883 192
29882 29896 208
29766 29767 454
29873 29884 225
29873 29982 254
30998 31002 1601
30998 31010 1789
24001 24006 1686
24001 29620 1321
30989 30990 1890
30959 30961 4109
31004 31005 1938
31385 31383 782
31416 31417 1230
31416 31424 1041
31418 31424 1532
31418 31431 3053
31417 31416 1230
31417 31423 1567
31421 31422 343
31421 31423 1889
31289 31282 1045
31289 31292 2910
31282 31289 1045
31282 31297 639
31249 31239 1321
31249 31250 884
31257 31284 1018
31257 31285 2641
31283 31298 976
31283 31300 1834
22352 22350 1011
22352 27434 1475
31015 31002 240
31015 31013 1826
31018 31016 1933
31018 31098 1624
31102 31105 157
31450 31438 633
31450 31448 1612
31454 31451 888
31454 31474 1744
31474 31454 1744
31474 31475 1295
31172 31170 3839
31172 31484 1663
31522 31523 1406
31522 31529 3056
31622 31621 489
31622 31623 311
31630 31636 594
31634 31635 1230
31634 31674 1572
31626 31624 1033
31626 31638 2568
31871 31872 796
31875 31872 1951
31875 31909 1097
31675 31674 785
31676 31674 1420
31676 31678 589
31914 31913 888
31910 31876 1592
31910 31909 398
31929 31930 1611
31934 31936 2044
31934 31937 2169
33258 33256 868
33280 33279 672
33282 33279 1793
33282 33305 1638
33389 33387 805
33389 33390 1022
33389 33391 1624
33391 33389 1624
33391 33394 924
33398 33397 1825
33398 33399 746
33398 33400 1086
33401 34561 591
14590 14540 562
14590 33404 1096
14598 14600 1437
14598 14603 924
14614 14603 1257
14614 14615 282
14615 14614 282
14615 34818 577
14617 14676 146
14617 14677 1161
14619 14677 1032
14714 14683 1714
14714 14715 1292
14718 14719 713
14731 14732 395
14731 19211 586
14731 34119 581
15043 15044 2798
15043 15045 1061
15052 15048 420
15102 15104 1447
15107 15108 1150
15111 15117 835
11778 11777 418
11778 15236 2088
15234 15269 2211
15279 15277 1532
15279 15278 420
15278 15277 1816
15278 15279 420
17680 17673 369
17680 17682 1253
17676 15276 473
17676 17671 2248
19040 15555 884
19040 19039 1208
34519 34555 939
34519 34556 321
17656 15235 952
17659 17670 927
17659 17675 2951
17592 17553 982
17592 17590 1188
17594 17591 1689
17594 17595 735
17611 17623 492
17611 17624 2023
19232 19236 1509
18046 18042 434
18052 18043 511
18052 18053 2002
18135 18134 2004
18131 18141 1188
19298 19296 1622
20476 20478 1025
20476 20479 905
13070 20351 1958
13070 20426 504
20484 20478 649
20484 20479 764
20489 20431 2203
20489 20488 826
20431 20430 536
20431 20489 2203
20495 20507 452
20495 20510 473
20506 20507 924
20506 20507 924
20469 20468 547
20469 25480 63
20472 20453 709
20472 20468 2920
20429 20430 562
20454 20440 1657
20513 20517 950
20513 20518 947
20519 20510 1493
20519 20517 938
20526 20527 818
20526 20529 473
20815 20816 654
20815 20823 975
20804 20792 1070
25558 25555 1408
25558 25565 649
25565 25557 513
25565 25558 649
25563 25561 612
25563 25562 475
25567 25561 2212
25623 25618 951
25623 25619 1167
25575 25576 475
25575 34122 2493
25579 25576 872
25579 25583 1623
25585 25583 750
25585 25587 557
25585 25588 612
20823 20803 1408
20823 20815 975
20823 20822 1028
25583 25571 672
25583 25579 1623
25583 25585 750
25588 25585 612
25588 25589 697
25497 25496 1612
25497 25498 836
25497 25507 697
25509 25498 1542
25509 25516 750
25509 25517 947
25512 25507 1609
25512 25513 788
25512 25515 2353
25513 25511 806
25513 25512 788
25513 25598 612
25601 25598 1676
25601 25599 697
25605 25599 1676
25605 25619 836
25619 25605 836
25619 25617 877
25619 25623 1167
25523 25522 1481
25529 25528 612
25529 25531 747
25535 25531 2011
25527 25525 747
25527 25526 3162
25533 25531 927
25525 25524 3162
25525 25527 747
25525 26859 747
26863 26859 2682
26863 27447 222
27462 27461 1420
27462 27479 747
26895 26890 1877
26895 26893 750
26893 26873 1814
26893 26895 750
26893 26901 889
27471 27469 1140
27471 27472 403
26907 26903 947
26907 27000 1672
27472 26905 947
27472 27471 403
27002 27000 872
27002 27003 1762
27008 26997 2087
27008 27003 605
27008 27009 872
26864 26856 2413
26864 26866 950
26864 26890 927
27463 26866 2079
27463 27446 836
27446 26867 2347
27446 27445 975
27446 27463 836
27479 27445 2282
27479 27462 747
27009 27006 1993
27009 27008 872
27010 27006 809
27010 27012 1533
27029 27012 738
27612 27618 708
27612 27620 818
25241 27790 2223
25241 27791 2015
25241 27798 104
27669 27650 122
27798 25241 104
27798 27859 576
27689 27688 672
27689 35451 1180
27712 27688 875
27712 27711 558
27620 27612 818
27620 27622 1115
27684 27857 2415
27684 34577 2406
27654 27655 1821
27654 27668 1875
27654 35452 147
27022 27019 605
27018 27012 1623
27018 27017 806
27018 27019 2180
27021 27020 360
27026 27025 1440
27124 27117 738
27124 27224 1585
27126 27127 605
27126 27128 1120
27225 27224 474
27225 27229 1299
27231 27230 2636
27231 27250 1431
27130 27128 2515
27130 27239 975
27263 27261 1031
27268 27269 196
27218 27215 276
27421 27420 4522
50813 50810 5464
50681 50682 2030
50681 50683 497
51211 51223 2305
51211 51368 884
51211 51369 878
51214 51200 878
51214 51215 3400
51214 51216 677
51218 51216 3361
51218 51220 1577
51218 51230 878
51220 51218 1577
51220 51221 927
51222 51223 355
51197 51196 2871
51197 52775 710
51200 51214 878
51200 52784 3461
50815 50814 4181
50833 50830 1757
50659 50658 2191
50898 50897 2489
50898 55379 2640
50907 50903 905
50907 50905 452
51370 51369 713
51370 51371 1354
51371 51370 1354
51371 51402 1032
51371 51403 1457
51377 51387 238
51395 51394 1022
51395 51396 951
51395 51397 1579
51388 51378 782
51388 51390 552
51390 51388 552
51390 51389 713
51390 51393 1227
51394 51393 650
51394 51395 1022
51394 51450 1483
194873 194862 711
194873 194866 1676
194899 194834 650
194899 194900 929
194899 194904 1420
140544 140545 2502
140544 140546 849
140544 140553 1359
140553 140544 1359
140553 140554 815
140553 140794 2901
140794 140553 2901
140794 140795 810
140824 140825 810
140824 140836 2092
140802 140795 2155
140802 140803 815
140802 140825 2126
186386 186257 1935
186386 186389 690
186398 186399 707
186436 186399 1459
186436 186435 847
186435 186434 1013
186435 186436 847
186437 186433 2111
186437 186439 801
186452 186454 1519
186452 186457 856
186452 186519 2328
186519 186452 2328
186519 186520 835
186527 186520 2057
186527 186528 737
186751 186528 2246
186751 186750 766
187091 186750 2243
187091 187095 785
187091 187098 2255
187098 187091 2255
187098 187097 778
187109 187100 2090
187109 187119 716
187156 187155 199
190745 190744 2187
51788 51789 418
51323 51270 713
51323 51326 403
51269 51270 807
51269 51329 1345
51326 51323 403
51326 51327 613
51318 51320 1022
51381 51329 1779
51381 51383 747
51444 51383 1282
51444 51443 511
51472 51448 493
51472 56797 559
51453 51452 1103
51453 51456 848
51476 51456 1104
51476 51477 713
51479 51477 1210
51479 51513 581
51519 51513 1027
51512 51491 1227
51512 51513 884
51512 51514 581
51521 51517 884
51521 51520 1281
51534 51528 1730
51534 52422 1132
52422 51534 1132
52422 52855 3997
52861 52862 517
52861 52863 1398
52867 52863 790
52867 52877 871
52867 55748 1140
52878 52877 475
56466 56473 790
56466 56476 1375
56477 56476 871
56477 56478 1483
56489 56478 766
56489 56490 1467
56489 56498 849
56496 56497 871
56496 56498 1375
56500 56497 1467
56500 56501 709
56516 56501 1483
56516 56517 1034
56515 56517 1344
56515 56518 2197
56641 50652 1038
56641 52907 538
56727 50653 547
50652 50653 697
50652 56641 1038
189759 189732 2695
189759 189758 752
189759 190140 730
189784 189773 714
189784 189790 1516
189785 189775 862
189785 190715 2025
190140 189758 456
190140 189759 730
190140 189790 517
186240 186238 2767
186240 186243 711
189732 186243 2676
189732 189755 238
189732 189759 2695
186239 186238 706
186239 186259 3078
186257 186259 752
186257 186386 1935
194864 194866 228
194681 194679 3925
194681 194998 168
214811 194680 262
194651 194656 868
194651 194863 1355
194651 194868 877
194651 194889 1550
194651 194890 836
194656 194651 868
194656 194866 810
194675 194676 189
195055 195059 335
195055 195060 681
195055 195061 2244
195056 195060 2115
195056 195062 709
195058 195062 2129
195058 195235 796
195048 195050 1336
195048 195059 495
195049 195051 823
195049 195069 212
195151 195076 908
195151 195235 1683
195076 195151 908
195076 195152 2026
195076 195153 774
195169 195153 184
195173 195249 201
195173 195251 247
195202 195204 774
195202 195249 1021
195202 195251 797
195203 195204 2359
195172 195153 845
195172 195248 2040
195172 195249 844
195208 195204 755
195233 195275 790
195233 195276 1692
195234 195615 772
195275 195233 790
195275 195277 1142
195275 195278 939
198570 198344 773
198570 198572 2131
198571 195932 2356
198571 198572 756
195930 195931 2229
195930 195932 773
195891 195921 207
195891 195931 756
195919 195920 1810
195919 195921 773
195682 195683 2011
195682 195684 705
195626 195625 908
195626 195631 259
195663 195633 623
195663 195747 1228
195667 195669 237
195668 195784 651
195668 214833 391
195774 195750 540
195661 195695 220
195617 195627 363
195617 195741 449
195625 195626 908
195625 195627 2222
195684 195682 705
195684 195690 1931
195703 195690 588
195703 195702 794
195707 195708 2460
195707 195908 333
195707 196568 388
195910 195912 509
195910 195913 594
195911 195913 164
195911 195923 683
195916 195923 2356
195916 195924 748
195917 195920 963
195917 195924 549
195908 195707 333
195908 195909 2476
195966 195962 508
195976 195962 1302
195976 195975 791
195977 195975 1437
195977 195982 796
195935 195933 683
195935 195934 2231
195935 195945 1913
195936 195934 863
195936 198573 2368
198575 198354 2120
198575 198573 846
198355 198352 2139
198355 198354 683
198355 198357 777
198357 198353 2120
198357 198355 777
198356 198353 846
195987 195985 813
195987 196087 1010
196087 195987 1010
196087 196088 846
196089 196088 929
196986 196987 61
196994 196993 607
196994 196997 1757
196998 196999 1757
197003 196999 1031
197003 197004 1674
197025 197009 933
202136 197032 364
197087 197032 1609
203133 203132 1344
203133 203142 1321
203152 203142 1846
203152 203154 1302
203190 203154 274
203190 203193 1003
203205 203196 363
203207 203195 883
203207 203211 987
203207 203213 667
203209 203211 1259
203209 203212 750
203361 203212 1179
203418 203157 246
203418 203419 876
203418 203452 271
203360 203359 656
203360 203364 1333
203360 203365 322
203374 203365 514
203374 203375 395
203385 203376 1264
203393 203379 1777
203393 203392 1089
203393 203396 750
203396 203393 750
203396 203394 2049
203396 203397 1067
203414 203397 870
203414 203420 2183
203414 203421 893
203422 203490 1011
203422 214366 1615
203511 203514 1137
203511 214366 724
202629 202524 2090
202629 202638 717
202684 202691 377
202684 202692 1939
202693 202692 859
202693 202704 2080
202711 202704 835
203115 203113 901
203115 203117 1111
203117 203115 1111
203117 203134 680
203132 203133 1344
203132 203134 2021
197033 197032 927
197033 197063 1863
197066 197063 698
197066 197064 1079
197088 197068 1279
197069 197068 751
197069 197070 892
197069 197073 1656
197070 197069 892
197070 197074 1681
197077 197074 738
197077 197078 274
197077 197079 478
197092 197079 1823
202188 202184 389
202188 202190 129
202192 202190 1544
202192 202195 1151
202192 202203 1641
202203 202192 1641
202203 202196 974
202524 202196 2064
202524 202629 2090
202524 203116 578
202186 202183 447
215077 202184 173
205589 205587 956
205589 205593 522
205622 205593 486
205622 205626 1817
214318 205625 85
205624 205625 621
205624 205632 1531
205631 205632 939
214323 205625 132
205587 205589 956
205587 205592 828
205597 205592 789
205597 205600 2607
205605 205606 1083
205608 205606 1098
205608 205610 2118
205609 205610 852
205609 205653 724
205644 205648 1862
205644 205650 747
205646 205647 1059
205646 205659 1186
205684 199662 411
205684 203419 283
205684 205685 168
199662 199661 91
199662 199874 91
199662 199977 107
199662 199978 261
199662 205684 411
214940 203452 207
205636 205632 2130
205636 205805 723
214319 205805 2134
214319 205811 782
205811 205810 2165
205811 205812 843
205811 214319 782
205818 205812 1918
205818 205820 1078
205820 205818 1078
205820 205863 330
205862 205868 575
205862 205874 1389
205873 205874 808
205859 205858 681
214737 205858 1956
198347 198348 773
198347 198352 2367
198342 198352 773
198342 198354 2151
198344 198354 918
198344 198570 773
198344 198573 2130
198348 198347 773
198348 198353 2368
205877 205874 1531
205877 205878 683
205877 206545 1945
206544 206545 912
206544 206548 845
206175 206177 765
206175 206548 2656
206176 206177 1119
206192 206195 1904
206195 206192 1904
206611 206270 1349
206270 206611 1349
181067 181066 796
181066 181067 796
184152 184153 782
184153 184152 782
214026 214089 1275
214089 214026 1275
214089 214094 2105
214094 214089 2105
181822 181823 1935
181823 181822 1935
181593 181595 980
181595 181593 980
214052 214054 1078
214031 214036 164
214036 214031 164
214054 214052 1078
210063 210064 855
210063 210265 826
210265 210063 826
210083 210082 742
210064 210063 855
209500 209982 827
209982 209500 827
210028 210029 669
210029 210028 669
210082 210083 742
210287 210340 1575
210340 210287 1575
214240 214012 1113
213979 214119 912
213984 213985 597
214119 213979 912
213985 213984 597
214012 214240 1113
201644 201646 1306
201646 201644 1306
29838 29609 372
29853 29609 1052
29605 29662 365
34828 31044 451
34828 35274 67
35274 31044 448
35274 34828 67
29883 29882 192
29896 29882 208
29767 29766 454
29884 29873 225
29982 29873 254
31002 30998 1601
31002 31015 240
31010 30998 1789
24006 24001 1686
29620 24001 1321
30990 30989 1890
30961 30959 4109
31005 31004 1938
31383 31292 943
31383 31300 830
31383 31385 782
31424 31416 1041
31424 31418 1532
31424 31423 823
31431 31418 3053
31423 31417 1567
31423 31421 1889
31423 31424 823
31422 31421 343
31292 31289 2910
31292 31383 943
31297 31282 639
31297 31298 808
31239 31249 1321
31250 31249 884
31284 31257 1018
31285 31257 2641
31298 31283 976
31298 31297 808
31300 31283 1834
31300 31383 830
22350 22352 1011
27434 22352 1475
31013 31015 1826
31016 31018 1933
31098 31018 1624
31105 31102 157
31438 31450 633
31448 31450 1612
31451 31454 888
31475 31474 1295
31170 31172 3839
31484 31172 1663
31523 31522 1406
31529 31522 3056
31621 31622 489
31623 31622 311
31623 31624 786
31636 31630 594
31635 31634 1230
31674 31634 1572
31674 31675 785
31674 31676 1420
31624 31623 786
31624 31626 1033
31638 31626 2568
31872 31871 796
31872 31875 1951
31909 31875 1097
31909 31910 398
31678 31676 589
31913 31914 888
31876 31910 1592
31930 31929 1611
31936 31934 2044
31937 31934 2169
33256 33258 868
33279 33280 672
33279 33282 1793
33305 33282 1638
33387 33389 805
33390 33389 1022
33390 33394 1849
33394 33390 1849
33394 33391 924
33394 33397 580
33397 33394 580
33397 33398 1825
33399 33398 746
33400 33398 1086
33400 33404 1117
34561 33401 591
14540 14590 562
33404 14590 1096
33404 33400 1117
14600 14598 1437
14603 14598 924
14603 14614 1257
34818 14615 577
14676 14617 146
14677 14617 1161
14677 14619 1032
14683 14714 1714
14715 14714 1292
14719 14718 713
14732 14731 395
19211 14731 586
34119 14731 581
15044 15043 2798
15044 15048 1178
15045 15043 1061
15048 15044 1178
15048 15052 420
15104 15102 1447
15108 15107 1150
15117 15111 835
11777 11778 418
11777 15235 1651
15236 11778 2088
15269 15234 2211
15269 15276 1340
15269 15277 975
15277 15269 975
15277 15278 1816
15277 15279 1532
17673 17680 369
17682 17675 871
17682 17680 1253
15276 15269 1340
15276 17676 473
17671 17676 2248
15555 19040 884
19039 19040 1208
34555 34519 939
34556 34519 321
15235 11777 1651
15235 17656 952
17670 17659 927
17670 17675 3115
17675 17659 2951
17675 17670 3115
17675 17682 871
17553 17592 982
17590 17591 707
17590 17592 1188
17591 17590 707
17591 17594 1689
17595 17594 735
17623 17611 492
17624 17611 2023
19236 19232 1509
18042 18046 434
18043 18052 511
18053 18052 2002
18134 18135 2004
18141 18131 1188
19296 19298 1622
20478 20476 1025
20478 20484 649
20479 20476 905
20479 20484 764
20479 20488 672
20351 13070 1958
20426 13070 504
20488 20430 2085
20488 20479 672
20488 20489 826
20430 20429 562
20430 20431 536
20430 20488 2085
20507 20495 452
20507 20506 924
20507 20506 924
20510 20495 473
20510 20519 1493
20468 20469 547
20468 20472 2920
25480 20469 63
20453 20472 709
20440 20454 1657
20517 20513 950
20517 20519 938
20518 20513 947
20527 20526 818
20529 20526 473
20816 20815 654
20792 20804 1070
25555 25558 1408
25557 25565 513
25561 25563 612
25561 25567 2212
25562 25563 475
25618 25617 1115
25618 25623 951
25576 25571 1639
25576 25575 475
25576 25579 872
34122 25575 2493
25587 25585 557
20803 20823 1408
20822 20823 1028
25571 25576 1639
25571 25583 672
25589 25588 697
25496 25497 1612
25498 25497 836
25498 25509 1542
25507 25497 697
25507 25512 1609
25516 25509 750
25517 25509 947
25515 25512 2353
25511 25513 806
25598 25513 612
25598 25601 1676
25599 25601 697
25599 25605 1676
25617 25618 1115
25617 25619 877
25522 25523 1481
25528 25529 612
25531 25529 747
25531 25533 927
25531 25535 2011
25526 25527 3162
25524 25525 3162
26859 25525 747
26859 26863 2682
27447 26863 222
27461 27462 1420
26890 26864 927
26890 26873 836
26890 26895 1877
26873 26890 836
26873 26893 1814
26901 26893 889
26901 27469 612
27469 26901 612
27469 27471 1140
26903 26905 1085
26903 26907 947
27000 26907 1672
27000 27002 872
26905 26903 1085
26905 27472 947
27003 27002 1762
27003 27008 605
26997 27006 806
26997 27008 2087
26856 26864 2413
26866 26864 950
26866 26867 950
26866 27463 2079
26867 26866 950
26867 27446 2347
27445 27446 975
27445 27479 2282
27006 26997 806
27006 27009 1993
27006 27010 809
27012 27010 1533
27012 27018 1623
27012 27029 738
27618 27612 708
27790 25241 2223
27790 27791 2079
27791 25241 2015
27791 27650 648
27791 27790 2079
27650 27669 122
27650 27791 648
27859 27798 576
27688 27689 672
27688 27712 875
35451 27689 1180
27711 27712 558
27622 27620 1115
27857 27684 2415
34577 27684 2406
27655 27654 1821
27668 27654 1875
35452 27654 147
27019 27018 2180
27019 27020 2142
27019 27022 605
27017 27018 806
27020 27019 2142
27020 27021 360
27025 27026 1440
27025 27250 1882
27117 27124 738
27224 27124 1585
27224 27225 474
27127 27126 605
27128 27126 1120
27128 27130 2515
27229 27225 1299
27229 27230 765
27230 27229 765
27230 27231 2636
27250 27025 1882
27250 27231 1431
27239 27130 975
27261 27263 1031
27269 27268 196
27215 27218 276
27420 27421 4522
50810 50813 5464
50682 50681 2030
50683 50681 497
51223 51211 2305
51223 51222 355
51368 51211 884
51369 51211 878
51369 51370 713
51369 51402 1958
51215 51214 3400
51215 52784 751
51216 51214 677
51216 51218 3361
51230 51218 878
51221 51220 927
51196 51197 2871
52775 51197 710
52784 51200 3461
52784 51215 751
50814 50815 4181
50830 50833 1757
50658 50659 2191
50897 50898 2489
55379 50898 2640
50903 50907 905
50905 50907 452
51402 51369 1958
51402 51371 1032
51403 51371 1457
51403 51387 511
51387 51377 238
51387 51396 1104
51387 51403 511
51396 51387 1104
51396 51395 951
51397 51395 1579
51397 51450 848
51378 51388 782
51378 51389 905
51389 51378 905
51389 51390 713
51393 51390 1227
51393 51394 650
51450 51394 1483
51450 51397 848
194862 194863 1301
194862 194868 1473
194862 194873 711
194866 194656 810
194866 194864 228
194866 194868 129
194866 194873 1676
194834 194899 650
194834 194904 1513
194900 194899 929
194904 194834 1513
194904 194889 367
194904 194899 1420
140545 140544 2502
140546 140544 849
140546 140554 1381
140554 140546 1381
140554 140553 815
140554 140795 2866
140795 140554 2866
140795 140794 810
140795 140802 2155
140825 140802 2126
140825 140824 810
140836 140824 2092
140803 140802 815
186389 186259 1860
186389 186386 690
186399 186398 707
186399 186436 1459
186434 186433 916
186434 186435 1013
186433 186434 916
186433 186437 2111
186439 186437 801
186439 186454 652
186454 186439 652
186454 186452 1519
186457 186452 856
186457 186520 2400
186520 186457 2400
186520 186519 835
186520 186527 2057
186528 186527 737
186528 186751 2246
186750 186751 766
186750 187091 2243
187095 187091 785
187095 187097 2270
187097 187095 2270
187097 187098 778
187100 187109 2090
187119 187109 716
187155 187156 199
190744 190745 2187
51789 51788 418
51270 51269 807
51270 51323 713
51329 51269 1345
51329 51381 1779
51327 51326 613
51320 51318 1022
51383 51381 747
51383 51444 1282
51443 51444 511
51443 51448 1354
51448 51443 1354
51448 51452 1120
51448 51472 493
56797 51472 559
51452 51448 1120
51452 51453 1103
51456 51453 848
51456 51476 1104
51477 51476 713
51477 51479 1210
51513 51479 581
51513 51512 884
51513 51519 1027
51491 51512 1227
51514 51512 581
51514 51520 202
51517 51521 884
51520 51514 202
51520 51521 1281
51528 51534 1730
52855 52422 3997
52862 52861 517
52863 52861 1398
52863 52867 790
52877 52867 871
52877 52878 475
55748 52867 1140
56473 56466 790
56476 56466 1375
56476 56477 871
56478 56477 1483
56478 56489 766
56490 56489 1467
56498 56489 849
56498 56496 1375
56497 56496 871
56497 56500 1467
56501 56500 709
56501 56516 1483
56517 56515 1344
56517 56516 1034
56518 56515 2197
52907 50653 1111
52907 56641 538
50653 50652 697
50653 52907 1111
50653 56727 547
189758 189759 752
189758 190140 456
189773 189775 1331
189773 189784 714
189790 189784 1516
189790 190140 517
189775 189773 1331
189775 189785 862
190715 189785 2025
186238 186239 706
186238 186240 2767
186243 186240 711
186243 189732 2676
189755 189732 238
186259 186239 3078
186259 186257 752
186259 186389 1860
194679 194680 1114
194679 194681 3925
194679 194998 4020
194998 194679 4020
194998 194681 168
194680 194679 1114
194680 214811 262
194863 194651 1355
194863 194862 1301
194863 194889 615
194868 194651 877
194868 194862 1473
194868 194866 129
194889 194651 1550
194889 194863 615
194889 194904 367
194890 194651 836
194890 194676 2025
194676 194675 189
194676 194890 2025
195059 195048 495
195059 195050 1449
195059 195055 335
195060 195055 681
195060 195056 2115
195061 195051 794
195061 195055 2244
195062 195056 709
195062 195058 2129
195235 195058 796
195235 195151 1683
195235 195152 839
195050 195048 1336
195050 195051 960
195050 195059 1449
195051 195049 823
195051 195050 960
195051 195061 794
195069 195049 212
195152 195076 2026
195152 195235 839
195153 195076 774
195153 195169 184
195153 195172 845
195249 195172 844
195249 195173 201
195249 195202 1021
195249 195251 283
195251 195173 247
195251 195202 797
195251 195249 283
195204 195202 774
195204 195203 2359
195204 195208 755
195248 195172 2040
195276 195233 1692
195276 195615 796
195615 195234 772
195615 195276 796
195277 195275 1142
195278 195275 939
198572 195934 2356
198572 198570 2131
198572 198571 756
198572 198573 773
195932 195930 773
195932 195933 2241
195932 195934 756
195932 198571 2356
195931 195891 756
195931 195930 2229
195931 195933 864
195921 195891 207
195921 195919 773
195920 195917 963
195920 195919 1810
195920 195924 863
195683 195682 2011
195683 195690 796
195683 195695 756
195631 195626 259
195633 195663 623
195747 195663 1228
195747 195750 796
195669 195667 237
195669 195784 1283
195784 195668 651
195784 195669 1283
214833 195668 391
195750 195747 796
195750 195774 540
195695 195661 220
195695 195683 756
195627 195617 363
195627 195625 2222
195741 195617 449
195690 195683 796
195690 195684 1931
195690 195702 557
195690 195703 588
195702 195690 557
195702 195703 794
195708 195707 2460
195708 195909 774
196568 195707 388
195912 195909 722
195912 195910 509
195913 195910 594
195913 195911 164
195923 195911 683
195923 195916 2356
195924 195916 748
195924 195917 549
195924 195920 863
195909 195708 774
195909 195908 2476
195909 195912 722
195962 195945 594
195962 195966 508
195962 195976 1302
195975 195976 791
195975 195977 1437
195982 195977 796
195982 195985 691
195933 195931 864
195933 195932 2241
195933 195935 683
195934 195932 756
195934 195935 2231
195934 195936 863
195934 198572 2356
195945 195935 1913
195945 195962 594
198573 195936 2368
198573 198344 2130
198573 198572 773
198573 198575 846
198354 198342 2151
198354 198344 918
198354 198355 683
198354 198575 2120
198352 198342 773
198352 198347 2367
198352 198353 773
198352 198355 2139
198353 198348 2368
198353 198352 773
198353 198356 846
198353 198357 2120
195985 195982 691
195985 195987 813
196088 196087 846
196088 196089 929
196987 196986 61
196993 196994 607
196997 196994 1757
196997 196999 955
196999 196997 955
196999 196998 1757
196999 197003 1031
197004 197003 1674
197004 197009 759
197009 197004 759
197009 197025 933
197032 197033 927
197032 197087 1609
197032 202136 364
203142 203133 1321
203142 203134 1305
203142 203152 1846
203154 203152 1302
203154 203190 274
203193 203190 1003
203193 203196 1099
203196 203193 1099
203196 203195 1296
203196 203205 363
203195 203196 1296
203195 203207 883
203211 203207 987
203211 203209 1259
203213 203207 667
203212 203209 750
203212 203361 1179
203157 203418 246
203419 203418 876
203419 205684 283
203452 203418 271
203452 214940 207
203359 203360 656
203364 203360 1333
203365 203360 322
203365 203374 514
203375 203374 395
203375 203376 671
203376 203375 671
203376 203385 1264
203376 203392 410
203379 203393 1777
203379 203394 750
203392 203376 410
203392 203393 1089
203394 203379 750
203394 203396 2049
203397 203396 1067
203397 203414 870
203420 203414 2183
203421 203414 893
203421 203490 814
203490 203421 814
203490 203422 1011
214366 203422 1615
214366 203511 724
203514 203511 1137
202638 202629 717
202691 202684 377
202692 202684 1939
202692 202693 859
202704 202693 2080
202704 202711 835
202704 203113 1091
203113 202704 1091
203113 203115 901
203134 203117 680
203134 203132 2021
203134 203142 1305
197063 197033 1863
197063 197066 698
197064 197066 1079
197064 197068 802
197068 197064 802
197068 197069 751
197068 197088 1279
197073 197069 1656
197073 197074 894
197074 197070 1681
197074 197073 894
197074 197077 738
197078 197077 274
197079 197077 478
197079 197092 1823
202184 202183 184
202184 202188 389
202184 215077 173
202190 202188 129
202190 202192 1544
202195 202192 1151
202195 202196 2057
202196 202195 2057
202196 202203 974
202196 202524 2064
203116 202524 578
202183 202184 184
202183 202186 447
205593 205589 522
205593 205622 486
205626 205622 1817
205626 205625 886
205625 205624 621
205625 205626 886
205625 214318 85
205625 214323 132
205632 205624 1531
205632 205631 939
205632 205636 2130
205592 205587 828
205592 205597 789
205600 205597 2607
205606 205605 1083
205606 205608 1098
205610 205608 2118
205610 205609 852
205653 205609 724
205648 205644 1862
205648 205647 662
205650 205644 747
205647 205646 1059
205647 205648 662
205659 205646 1186
205685 205684 168
199661 199662 91
199874 199662 91
199874 199977 45
199977 199662 107
199977 199874 45
199977 199978 204
199978 199662 261
199978 199977 204
205805 205636 723
205805 205810 811
205805 214319 2134
205810 205805 811
205810 205811 2165
205812 205811 843
205812 205818 1918
205863 205820 330
205863 205868 1817
205868 205862 575
205868 205863 1817
205874 205862 1389
205874 205873 808
205874 205877 1531
205858 205859 681
205858 214737 1956
205878 205877 683
206545 205877 1945
206545 206544 912
206548 206175 2656
206548 206544 845
206177 206175 765
206177 206176 1119
884
29609
29662
31044
29882
29766
29873
30998
24001
30989
30959
31004
31385
31416
31418
31417
31421
31289
31282
31249
31257
31283
22352
31015
31018
31102
31450
31454
31474
31172
31522
31622
31630
31634
31626
31871
31875
31675
31676
31914
31910
31929
31934
33258
33280
33282
33389
33391
33398
33401
14590
14598
14614
14615
14617
14619
14714
14718
14731
15043
15052
15102
15107
15111
11778
15234
15279
15278
17680
17676
19040
34519
17656
17659
17592
17594
17611
19232
18046
18052
18135
18131
19298
20476
13070
20484
20489
20431
20495
20506
20469
20472
20429
20454
20513
20519
20526
20815
20804
25558
25565
25563
25567
25623
25575
25579
25585
20823
25583
25588
25497
25509
25512
25513
25601
25605
25619
25523
25529
25535
25527
25533
25525
26863
27462
26895
26893
27471
26907
27472
27002
27008
26864
27463
27446
27479
27009
27010
27029
27612
25241
27669
27798
27689
27712
27620
27684
27654
27022
27018
27021
27026
27124
27126
27225
27231
27130
27263
27268
27218
27421
50813
50681
51211
51214
51218
51220
51222
51197
51200
50815
50833
50659
50898
50907
51370
51371
51377
51395
51388
51390
51394
194873
194899
140544
140553
140794
140824
140802
186386
186398
186436
186435
186437
186452
186519
186527
186751
187091
187098
187109
187156
190745
51788
51323
51269
51326
51318
51381
51444
51472
51453
51476
51479
51519
51512
51521
51534
52422
52861
52867
52878
56466
56477
56489
56496
56500
56516
56515
56641
56727
50652
189759
189784
189785
190140
186240
189732
186239
186257
194864
194681
214811
194651
194656
194675
195055
195056
195058
195048
195049
195151
195076
195169
195173
195202
195203
195172
195208
195233
195234
195275
198570
198571
195930
195891
195919
195682
195626
195663
195667
195668
195774
195661
195617
195625
195684
195703
195707
195910
195911
195916
195917
195908
195966
195976
195977
195935
195936
198575
198355
198357
198356
195987
196087
196089
196986
196994
196998
197003
197025
202136
197087
203133
203152
203190
203205
203207
203209
203361
203418
203360
203374
203385
203393
203396
203414
203422
203511
202629
202684
202693
202711
203115
203117
203132
197033
197066
197088
197069
197070
197077
197092
202188
202192
202203
202524
202186
215077
205589
205622
214318
205624
205631
214323
205587
205597
205605
205608
205609
205644
205646
205684
199662
214940
205636
214319
205811
205818
205820
205862
205873
205859
214737
198347
198342
198344
198348
205877
206544
206175
206176
206181
206188
206192
206610
206195
206606
206609
206611
206270
206271
206802
206810
206849
206850
206465
206796
206859
206868
206867
206870
209182
181024
181060
181054
181067
181066
181297
181303
179475
179508
179517
181291
181285
181444
184152
184163
184153
184151
184162
184119
194839
214085
214026
214089
184150
214094
214250
181451
181463
181822
181823
185831
185743
181593
181595
182928
182821
185854
182930
182933
182934
182944
182951
183007
214041
214045
214052
214028
214031
214036
214054
214057
179512
179513
210063
210265
210270
210284
210061
210083
210064
210065
198779
209463
214824
209500
209982
209983
210024
210028
210029
210068
210082
210287
210347
210349
210340
210344
213929
214203
214209
213954
214229
214232
214237
213998
214240
214219
214221
213997
213979
214048
213984
214119
213985
213987
214007
214008
214013
214012
214040
201641
201644
201646
179398
179404
179442
193352
193554
193606
193605
193298
105849
115906
113558
106006
106025
106028
105921
105931
106017
106022
105986
106150
105989
105977
106172
105884
114791
105701
192482
192428
192405
192416
193886
193311
193307
193537
29591
29615
30267
30285
30507
30626
30499
30517
30523
30681
30694
30730
30663
34026
30742
30746
31046
29761
34621
29838
29605
34828
35274
29767
31010
24006
29620
30990
30961
31383
31292
31297
31239
31284
31285
31298
31300
22350
27434
31013
31016
31105
31438
31448
31451
31170
31484
31523
31529
31621
31623
31624
31638
31872
31913
31876
31936
31937
33256
33279
33305
33387
33397
14540
33404
14600
14603
14676
14677
14683
14715
14719
15044
15108
15117
11777
17673
17682
15276
17671
15555
15235
17670
17553
17590
17591
17595
17623
17624
19236
18042
18043
18053
18134
18141
19296
20478
20351
20426
20510
20468
25480
20453
20440
20517
20529
20792
25555
25557
25561
25618
34122
20803
20822
25571
25496
25498
25507
25516
25517
25511
25598
25599
25617
25522
26859
27447
26890
26873
26901
27469
26903
27000
26905
27003
26997
26856
26866
26867
27445
27006
27012
27618
27790
27791
27650
27859
35452
27019
27017
27020
27117
27224
27128
27229
27230
27239
27261
27269
27215
27420
50810
50683
51223
51369
51215
51216
51230
51221
51196
52775
52784
50814
50830
50658
50897
50903
50905
51402
51403
51396
51397
51378
51389
51393
51450
194834
194900
194904
140546
140554
140795
140825
140803
186389
186399
186434
186433
186439
186454
186457
186520
186528
186750
187095
187097
187100
187119
187155
190744
51329
51383
51443
51452
51456
51477
51513
51491
51514
51517
51520
51528
52855
52862
52863
52877
55748
56473
56476
56478
56490
56498
56497
56501
56517
56518
52907
189758
189773
189790
189775
186238
186243
189755
186259
194998
194680
194889
194890
194676
195060
195061
195062
195235
195069
195152
195153
195249
195248
195276
195615
195277
195278
195931
195921
195920
195683
195631
195633
195747
195669
195784
195750
195695
195627
195741
195702
195708
195913
195923
195924
195909
195962
195975
195982
195933
195945
195985
196088
196987
196993
196997
196999
197004
197009
203142
203154
203193
203195
203211
203213
203212
203157
203359
203364
203375
203379
203392
203394
203397
203420
203421
203490
214366
203514
202638
202692
203113
197063
197064
197068
197073
197074
202184
202190
202195
202196
202183
205593
205626
205625
205632
205592
205600
205606
205610
205653
205648
205647
205659
205685
199661
199874
199977
199978
205805
205810
205812
205863
205868
205874
205878
206545
206548
206177
