1718
65309 65298 989
65309 65311 5087
77170 77171 1983
77170 77172 587
65263 65262 211
65285 65289 770
65285 65295 2262
65272 65292 943
65412 65413 1111
65447 65446 1520
65451 65446 1805
65451 65464 686
65605 65606 3498
78138 65606 2895
78138 65629 791
65407 65408 889
65407 65409 1668
66127 66128 374
66140 66129 607
66140 66141 1225
66140 66142 1486
66141 66140 1225
66141 66142 761
66143 66219 2032
65560 65468 510
65561 65474 4754
65561 65569 840
66124 66083 602
66124 66125 893
65552 66125 1893
78248 78249 740
78248 78250 1115
78252 78255 915
78252 78256 780
87357 87355 478
87357 87358 951
87359 87358 1286
87359 87358 1286
69213 69214 490
69213 78237 764
69296 69299 1314
69296 69657 1044
78223 78224 2234
78223 78225 1758
78238 78236 2163
78238 78239 1312
78238 78240 754
87342 87343 429
84882 84883 324
84882 88668 675
84885 84884 614
84885 88665 790
87767 87766 1909
87767 87768 3496
87767 88667 580
88678 88679 1641
88678 88682 694
87753 87754 1145
87753 87755 1228
87753 88679 608
88681 88702 650
87758 87756 633
87758 87759 478
88656 88674 601
87694 87695 2746
87750 88454 667
88453 88454 1622
73143 76400 742
88665 84885 790
88665 84887 882
88665 88684 984
88686 88685 337
88686 88734 607
88685 88684 476
88685 88686 337
88735 91750 277
88254 88255 202
88260 88247 1876
88260 88251 889
87353 87354 743
87353 87446 950
87465 87464 1358
87465 87466 3163
87463 87464 1031
87481 87462 2667
87481 87468 1372
88216 88217 1527
88216 88220 1315
88221 88222 3100
88221 88246 831
88210 88211 1003
88210 88212 1162
88248 88247 1086
88248 88250 1106
88781 88780 1580
89174 89173 1977
89174 89457 754
89176 89172 632
89176 89178 1874
88708 88761 374
88705 88703 651
88705 88706 1785
88784 88785 1518
88784 88785 1518
88594 88595 374
88749 88748 512
88749 90843 452
84222 84223 728
84222 88816 670
84222 88819 2359
84225 84189 1975
84225 84224 666
84189 84186 540
84189 84188 2459
84189 84225 1975
84309 84308 1173
84309 88747 2454
88817 88816 1804
88817 89456 1189
88608 88609 405
91760 91761 478
91760 91762 1222
91763 91764 678
91763 91765 569
88390 88282 1779
88390 88418 1953
88398 88416 452
88414 88415 680
88414 88420 1481
88415 88414 680
88415 88917 734
88261 88252 2266
88261 88396 1686
88421 88420 1456
88421 88915 1301
88423 88419 1014
88423 88907 2018
83862 83861 731
83864 88595 1820
91134 91135 522
84305 84307 1048
89473 89474 2624
89473 89478 1185
89001 89474 909
88995 89504 2980
88995 89565 1068
89002 89480 875
89478 89473 1185
89478 89486 672
89487 89488 1551
89487 91230 219
88974 88973 476
88986 88987 744
88986 88988 451
88905 88906 2202
88905 91605 1074
91604 91605 1162
91604 91606 574
88913 88912 2695
88913 88914 2617
88937 88936 2389
88937 91605 1707
88937 91607 1564
88943 88944 2077
88943 88945 1580
88950 88951 1901
88950 88956 333
88958 88959 838
88958 89071 2037
89091 89060 2189
89091 89092 2193
90057 89059 2848
90057 91753 1105
90095 87171 950
90065 89529 1325
90065 89977 3811
90065 90105 796
91170 89997 1961
91170 91216 1032
90097 90098 5739
73631 58156 635
73631 73627 761
77232 73643 1422
77232 77231 971
73558 73555 942
73084 73083 2132
73084 73083 2132
74954 74953 829
74954 74953 829
73544 73527 978
73549 73550 1227
73549 73556 1449
66245 66244 1347
66245 66265 853
66245 66270 1106
66273 66272 614
66273 66382 1607
66419 66400 3665
66419 66420 889
66554 66555 1153
66554 66556 1472
66389 66390 796
66389 73527 1831
66446 66447 875
66563 66556 1140
66563 66561 1122
66581 66449 2610
66581 66573 1822
66596 66573 3111
66578 66577 3242
66578 66591 333
66582 66580 831
66608 66580 2356
66608 66603 698
66613 66603 2356
66613 66610 892
73754 73755 423
73759 73612 2217
73825 73829 452
73827 73828 893
73827 73829 1274
75716 75717 713
75737 75719 748
75737 75740 838
75735 75717 1980
75735 75736 889
75383 75393 1106
75383 75738 2138
75398 75395 931
75398 75436 4245
75398 75745 905
75426 75434 339
75426 75436 905
75430 75573 1707
75433 75434 893
75433 75435 603
75576 75577 713
75576 75579 1637
75576 75584 2543
77349 75609 354
73970 73965 313
73970 73971 930
73980 64062 233
73980 74012 2381
73968 73964 877
73968 73969 503
73959 73957 1206
73959 73966 2603
64063 64062 642
64063 73979 1455
73966 73959 2603
73966 73979 2817
75722 75720 2006
78260 78261 1021
78260 78262 911
75725 73865 990
56954 73853 978
56954 74024 1369
74016 74017 670
75714 75715 543
75714 76746 1139
78216 79088 855
78216 79089 850
75775 75776 1703
75775 75777 1481
75775 77330 1067
75623 75624 1248
75842 75626 1016
75844 75845 1443
75844 75849 1114
75904 75906 1235
75904 75907 1312
75905 76665 1689
61866 61867 83
76055 63770 941
76055 76056 874
77605 69643 4528
77605 78038 1493
77605 78155 1526
75665 75662 216
75665 75666 412
75676 75675 635
75676 75675 635
61188 61187 838
61188 61187 838
75680 75922 836
75680 75937 1963
61185 75700 1174
61185 75701 926
61186 77604 125
170196 170194 506
170196 170197 333
170196 170207 1558
170199 170198 235
170204 170205 518
170204 170206 562
170207 170196 1558
170207 170205 2445
170207 170208 518
172614 172615 4569
172614 172616 445
172805 159892 2112
172805 172841 5819
95916 96930 1566
100674 100609 3367
102161 100609 4325
100668 100617 1969
100668 100623 2967
102150 102152 516
100717 100718 6358
100717 100720 3656
102158 100693 1441
100721 100720 2897
100744 102357 5078
116730 116734 202
116731 116430 3769
116731 116736 698
116731 116738 600
58338 58339 538
58338 58354 2113
58344 116823 1643
58348 58354 2846
58348 58355 1364
58356 58355 2372
58356 58659 1226
58653 58657 2558
58653 58659 2495
58653 58665 1169
58656 58657 1087
58656 58675 2422
58675 58656 2422
58675 58677 1030
58675 58677 1030
58675 119548 928
116578 116596 1447
116578 116597 1582
116797 116794 631
116797 116798 475
116801 116802 404
116801 116803 2784
116803 116801 2784
116803 116822 739
116600 116597 1548
116600 116601 611
116604 116605 1087
116703 116608 2891
116703 116701 837
119514 119515 966
119514 119557 1622
119514 119561 2322
119526 119528 1277
119526 119564 1116
119529 119528 1116
119529 119564 1277
119530 119528 404
119530 119535 474
119544 119545 1286
119544 119546 2007
119544 119547 1561
119544 119590 3905
119604 119602 811
119604 119635 1781
119636 119635 811
119646 119641 1814
119646 119651 1010
119650 119651 1814
119650 119754 1412
119601 119598 874
119601 119602 1485
119766 119764 1344
119766 120124 1114
120126 59474 1357
120126 120124 935
59471 59474 656
59471 59474 656
59479 59480 3432
59479 59481 2578
59482 59483 782
59482 59792 2194
59792 59482 2194
59792 59793 778
59798 59799 338
119654 119653 1885
119654 120114 977
119754 119650 1412
119754 119652 1642
119764 119765 1898
119764 119766 1344
120116 119765 1814
120116 120115 1030
120116 120117 1087
59505 59506 1858
59505 59564 475
59508 56842 871
59508 59510 3884
59853 59854 721
59853 59857 1229
59863 59856 924
59863 59868 848
59863 59872 1431
59566 59558 675
59566 59559 2111
59855 59854 1298
59855 59857 1025
59856 59854 2368
59856 59863 924
59856 59871 1184
59879 59871 848
59574 59569 1320
59722 77634 288
59722 77635 166
76964 59582 1411
76964 76965 1217
59723 79037 1502
59727 59728 516
59726 59725 507
60186 59734 558
60186 60189 808
59807 59808 1336
59827 59826 436
59187 59184 617
59187 59188 2380
59187 59373 837
59197 59198 747
59197 59203 1422
59593 59594 3376
77568 59592 612
77568 77569 1574
59598 59594 613
59735 60188 475
60192 60189 941
59681 59606 1776
59681 59680 222
77574 59615 591
77573 59615 187
60187 59710 56
60187 59734 3413
76969 59694 842
77677 77678 573
58529 58234 5111
58529 58527 1415
58529 58530 1213
77490 60915 1130
58518 58222 1536
58522 58524 1162
59090 59089 1097
59090 77499 342
77502 58993 363
77502 77503 867
59009 59008 896
59064 59003 873
59064 59062 905
59064 59067 830
59074 61048 1247
59086 59087 1344
59086 59088 1011
60690 60689 1567
60690 60693 1548
60690 60694 1486
60697 60698 277
60697 60700 1619
60853 60849 3597
60853 60928 1664
78180 78179 335
60976 60975 2615
60976 60991 773
60990 60992 512
59162 59161 811
59162 59171 1309
59172 59171 1277
59166 59143 1664
59166 59165 808
59166 59169 873
59170 59169 2307
59176 76523 720
59168 59167 1636
59168 59169 632
59168 59181 908
59181 59168 908
59181 59182 1527
59181 59184 766
59184 59181 766
59184 59185 283
59184 59187 617
59188 59187 2380
59188 59199 711
59210 59207 818
62598 62599 711
62598 62600 1300
62603 62612 1600
62603 62613 1169
60936 60935 303
60936 60937 1010
60946 60945 373
60946 78426 1206
76917 76929 573
76917 77610 2427
76935 76907 1169
76935 76928 2490
60952 60951 1807
60952 60956 476
60961 60956 1169
60961 60963 469
60889 60872 7244
60889 60890 1411
60958 60943 816
60958 61035 2004
61041 60907 1919
61040 60887 1561
61040 60907 6933
61086 61087 433
61123 61124 3352
61123 61127 1370
61017 60975 1011
61017 76943 695
76912 76914 121
76912 78353 428
62734 62726 1058
62734 76560 1061
62723 62722 208
62723 62724 1261
62724 62723 1261
62724 62725 2611
62834 62832 929
62833 62832 2237
62833 62839 688
62837 62838 1032
62840 62839 818
62840 62862 452
62860 62858 769
62860 62859 2248
62862 62840 452
62862 62859 792
62858 62819 845
62858 62857 2248
62858 62860 769
62867 62823 1661
62867 62866 1234
62825 62823 1832
62825 63677 1940
62825 63682 984
63682 62825 984
63682 63678 2055
63682 63705 761
63717 63713 1083
63691 63689 818
63691 63690 874
63714 63689 1343
63714 63713 924
63702 63692 796
63702 63700 2022
63702 63703 672
63661 63606 1957
63761 63759 166
66074 66077 937
66074 66084 796
66079 66080 2043
66079 66081 848
66075 66077 1796
66075 66089 769
66076 66089 1669
66076 66090 202
64893 64892 1979
64893 66091 885
64893 66093 2044
66090 66076 202
66090 66092 297
64892 58131 752
64892 64893 1979
64923 64922 538
64923 64924 740
64925 58131 1077
64925 64924 1023
64925 64927 538
64922 64923 538
64922 64928 1365
64929 64928 740
64939 64930 2095
64939 64940 1077
64942 64945 1012
64942 64959 1922
64942 64961 1048
64952 64956 752
64952 64961 433
64952 64962 698
64956 64952 752
64956 64958 613
63866 63865 752
63866 63869 2201
63878 63875 1012
63878 63877 892
63878 63880 1396
63879 63877 977
63883 63869 660
62216 62215 752
62216 62218 1031
62216 62223 1632
62199 62198 1667
62199 62215 2358
62224 62223 1529
62224 62223 1529
62494 62467 1549
62494 62500 348
62501 62502 1366
62501 62504 1952
63664 63663 1899
63620 63611 1750
63620 63636 140
63621 63617 1761
63621 63619 762
63634 63633 1088
63634 63637 2674
63637 63634 2674
63637 63636 950
63830 63827 759
63830 63829 632
63830 63831 642
62332 61476 463
62332 62367 1287
62332 62418 1170
62366 61476 2168
62366 62368 813
62419 62420 1227
62419 62423 875
62419 62435 1807
62471 62469 337
62471 62472 1355
62495 62493 1481
62495 62500 400
62415 62538 659
62313 62314 4207
62313 62380 1012
62313 76769 502
65232 65234 651
62309 62308 3343
62309 78883 1080
57045 57042 374
57069 57073 338
57106 57118 3101
78072 78070 687
78075 78074 1763
78068 78069 5421
57021 57022 4837
78355 78476 777
57030 57031 1637
56998 56997 1980
56998 57010 3334
78452 78451 1345
65865 65872 1564
65877 65876 445
65932 78538 1514
65932 78538 1514
76898 60972 1203
76898 77006 605
65695 65690 1853
65695 65698 2267
65890 77393 310
65890 77393 310
68468 68546 1322
77214 65301 920
77214 78839 1198
78842 78208 437
65694 65687 1411
65298 65296 2079
65298 65309 989
65298 65609 2390
65311 65309 5087
65311 65312 1456
65311 65313 1644
77171 77170 1983
77172 77170 587
65262 65228 864
65262 65263 211
65262 65300 796
65289 65285 770
65295 65285 2262
65295 65293 1358
65295 65294 2095
65292 65272 943
65292 65293 2836
65292 65294 1763
65413 65409 512
65413 65412 1111
65413 65414 603
65446 65447 1520
65446 65448 607
65446 65451 1805
65464 65451 686
65464 65462 1014
65464 65465 342
65606 65605 3498
65606 65607 1719
65606 65629 2973
65606 65631 1372
65606 78138 2895
65629 65475 3656
65629 65606 2973
65629 65630 1015
65629 78138 791
65408 65407 889
65409 65407 1668
65409 65413 512
65409 65415 1293
66128 66127 374
66128 66129 1068
66128 66134 929
66129 66128 1068
66129 66135 876
66129 66140 607
66129 66144 1536
66142 66140 1486
66142 66141 761
66142 66144 679
66142 66146 2743
66219 66143 2032
66219 66220 4143
66219 66223 2515
65468 65463 1108
65468 65465 2624
65468 65560 510
65474 65471 248
65474 65475 1954
65474 65561 4754
65569 65561 840
65569 65570 522
65569 65571 420
66083 66081 892
66083 66088 853
66083 66124 602
66083 66130 885
66125 65552 1893
66125 66124 893
66125 66131 1273
66125 66132 838
78249 78248 740
78250 78248 1115
78255 78252 915
78255 78256 838
78255 78257 554
78256 78252 780
78256 78255 838
78256 78258 527
87355 87356 2449
87355 87357 478
87355 87432 1509
87358 87357 951
87358 87359 1286
87358 87359 1286
69214 69213 490
69214 69320 844
69214 69322 1865
78237 69213 764
69299 69296 1314
69299 69300 2379
69299 69554 1568
69657 69296 1044
69657 69656 380
69657 69804 1299
78224 78223 2234
78224 87204 1358
78225 78223 1758
78225 78226 2330
78225 78227 1353
78236 78235 998
78236 78238 2163
78236 78241 2490
78236 78243 1050
78239 78238 1312
78240 78238 754
87343 87342 429
87343 87344 806
87343 87345 641
84883 84882 324
84883 84884 287
84883 84888 245
84883 88667 757
88668 84882 675
84884 84883 287
84884 84885 614
84884 84887 1012
87766 87764 1357
87766 87767 1909
87766 88670 1486
87768 87767 3496
87768 88702 1561
88667 84883 757
88667 84887 1381
88667 87767 580
88679 87753 608
88679 88678 1641
88682 87755 1632
88682 88678 694
88682 91126 853
87754 87753 1145
87754 88695 2575
87755 87753 1228
87755 87756 322
87755 88682 1632
88702 86295 919
88702 87768 1561
88702 88681 650
88702 88698 632
87756 87755 322
87756 87757 689
87756 87758 633
87759 87758 478
87759 87760 1301
87759 87761 632
88674 88656 601
87695 87694 2746
88454 87750 667
88454 88453 1622
88454 91117 1225
76400 73143 742
76400 76387 3578
76400 76388 3419
76400 76404 1333
84887 84884 1012
84887 84888 781
84887 88665 882
84887 88667 1381
84887 88670 925
88684 88665 984
88684 88670 740
88684 88685 476
88684 88692 1257
88734 88686 607
91750 88735 277
88255 88247 839
88255 88254 202
88255 88256 437
88247 88248 1086
88247 88249 423
88247 88255 839
88247 88260 1876
88251 88250 1185
88251 88252 870
88251 88260 889
87354 87353 743
87354 87450 67
87446 87353 950
87446 87447 810
87446 87448 1603
87446 87456 882
87464 87463 1031
87464 87465 1358
87464 87467 5246
87466 87465 3163
87462 87459 581
87462 87460 2334
87462 87481 2667
87468 87469 1394
87468 87470 1140
87468 87481 1372
87468 90829 476
88217 88216 1527
88217 88218 258
88217 88219 563
88220 88203 3979
88220 88214 456
88220 88216 1315
88222 88206 876
88222 88221 3100
88222 88246 2833
88246 88207 853
88246 88221 831
88246 88222 2833
88211 88210 1003
88212 88201 880
88212 88210 1162
88212 88250 877
88250 88212 877
88250 88248 1106
88250 88251 1185
88780 88779 2327
88780 88781 1580
89173 89172 1268
89173 89174 1977
89173 89189 988
89457 89174 754
89172 89173 1268
89172 89176 632
89172 89177 988
89178 89176 1874
89178 89177 848
89178 89186 512
88761 87762 876
88761 88692 1728
88761 88708 374
88703 88688 708
88703 88704 1893
88703 88705 651
88706 88704 688
88706 88705 1785
88706 90842 712
88785 88784 1518
88785 88784 1518
88785 88786 1019
88595 83864 1820
88595 88594 374
88748 88747 419
88748 88749 512
88748 91130 405
90843 88749 452
90843 90844 337
90843 90845 1205
84223 84222 728
84223 84224 1127
84223 84231 999
84223 84233 1645
88816 84222 670
88816 88817 1804
88816 88820 2475
88819 84222 2359
84224 84186 1848
84224 84223 1127
84224 84225 666
84186 84187 2504
84186 84189 540
84186 84224 1848
84186 84233 690
84188 84187 550
84188 84189 2459
84188 84311 602
84308 84307 1303
84308 84309 1173
84308 91131 851
88747 84309 2454
88747 88748 419
88747 90845 1561
89456 88817 1189
88609 88608 405
91761 91760 478
91762 91760 1222
91764 91763 678
91765 91763 569
88282 88281 705
88282 88284 1424
88282 88390 1779
88418 88390 1953
88418 88417 770
88418 88430 1960
88416 88398 452
88416 88417 508
88416 88427 1187
88420 88414 1481
88420 88421 1456
88420 88916 688
88917 88415 734
88917 88915 624
88252 88201 500
88252 88251 870
88252 88261 2266
88252 88389 1271
88396 88261 1686
88396 88389 1100
88396 91121 666
88915 88421 1301
88915 88917 624
88915 91430 419
88419 85209 2229
88419 88423 1014
88419 88424 1149
88907 88423 2018
88907 88906 3477
83861 83862 731
91135 91134 522
84307 84305 1048
84307 84308 1303
89474 89001 909
89474 89473 2624
89504 88995 2980
89565 88995 1068
89480 89002 875
89486 89478 672
89488 89487 1551
91230 89487 219
88973 88974 476
88987 88986 744
88988 88986 451
88906 88905 2202
88906 88907 3477
91605 88905 1074
91605 88937 1707
91605 91604 1162
91606 91604 574
88912 88913 2695
88912 88936 597
88914 88913 2617
88936 88912 597
88936 88937 2389
91607 88937 1564
88944 88943 2077
88945 88943 1580
88951 88950 1901
88956 88950 333
88959 88958 838
89071 88958 2037
89060 89059 277
89060 89091 2189
89092 89091 2193
89059 89060 277
89059 90057 2848
91753 90057 1105
87171 90095 950
89529 90065 1325
89977 90065 3811
90105 90065 796
89997 91170 1961
91216 91170 1032
90098 90097 5739
58156 73631 635
73627 73631 761
73643 77232 1422
77231 74953 1509
77231 77232 971
73555 73556 554
73555 73558 942
73083 73084 2132
73083 73084 2132
74953 74954 829
74953 74954 829
74953 77231 1509
73527 66389 1831
73527 73544 978
73550 73549 1227
73556 73549 1449
73556 73555 554
66244 66245 1347
66265 66245 853
66270 66245 1106
66272 66273 614
66272 66382 2078
66382 66272 2078
66382 66273 1607
66400 66419 3665
66420 66419 889
66555 66554 1153
66556 66554 1472
66556 66563 1140
66390 66389 796
66447 66446 875
66561 66563 1122
66449 66581 2610
66573 66581 1822
66573 66596 3111
66577 66578 3242
66577 66580 1012
66591 66578 333
66580 66577 1012
66580 66582 831
66580 66608 2356
66603 66608 698
66603 66613 2356
66610 66613 892
73755 73754 423
73612 73759 2217
73829 73825 452
73829 73827 1274
73828 73827 893
75717 75716 713
75717 75719 812
75717 75735 1980
75719 75717 812
75719 75736 1347
75719 75737 748
75740 75737 838
75736 75719 1347
75736 75735 889
75736 75738 686
75393 75383 1106
75393 75395 1040
75738 75383 2138
75738 75736 686
75395 75393 1040
75395 75398 931
75436 75398 4245
75436 75426 905
75745 75398 905
75434 75426 339
75434 75433 893
75573 75430 1707
75573 75435 2324
75573 75584 438
75435 75433 603
75435 75573 2324
75577 75576 713
75579 75576 1637
75584 75573 438
75584 75576 2543
75609 77349 354
73965 73964 7
73965 73970 313
73971 73970 930
64062 64063 642
64062 73980 233
74012 73980 2381
73964 73965 7
73964 73968 877
73969 73968 503
73957 73959 1206
73979 64063 1455
73979 73966 2817
75720 73865 1923
75720 75722 2006
78261 78260 1021
78262 78260 911
73865 75720 1923
73865 75725 990
73853 56954 978
74024 56954 1369
74017 74016 670
75715 75714 543
76746 75714 1139
79088 78216 855
79089 78216 850
75776 75775 1703
75777 75775 1481
77330 75775 1067
75624 75623 1248
75626 75842 1016
75845 75844 1443
75849 75844 1114
75906 75904 1235
75907 75904 1312
76665 75905 1689
76665 75922 1513
61867 61866 83
63770 76055 941
76056 76055 874
69643 77605 4528
78038 77605 1493
78155 77605 1526
75662 75665 216
75666 75665 412
75675 75676 635
75675 75676 635
61187 61188 838
61187 61188 838
75922 75680 836
75922 76665 1513
75937 75680 1963
75700 61185 1174
75701 61185 926
77604 61186 125
170194 170196 506
170194 170208 1669
170197 170196 333
170198 170199 235
170205 170204 518
170205 170207 2445
170206 170204 562
170208 170194 1669
170208 170207 518
172615 172614 4569
172616 172614 445
159892 172805 2112
172841 172805 5819
96930 95916 1566
100609 100674 3367
100609 102161 4325
100617 100668 1969
100623 100668 2967
102152 102150 516
100718 100717 6358
100720 100717 3656
100720 100721 2897
100693 102158 1441
102357 100744 5078
116734 116730 202
116430 116731 3769
116736 116731 698
116738 116731 600
58339 58338 538
58354 58338 2113
58354 58348 2846
116823 58344 1643
116823 116822 752
58355 58348 1364
58355 58356 2372
58659 58356 1226
58659 58653 2495
58657 58653 2558
58657 58656 1087
58657 58677 2358
58665 58653 1169
58677 58657 2358
58677 58675 1030
58677 58675 1030
119548 58675 928
116596 116578 1447
116596 116597 1558
116596 116597 1558
116597 116578 1582
116597 116596 1558
116597 116596 1558
116597 116600 1548
116794 116797 631
116798 116797 475
116802 116801 404
116822 116803 739
116822 116823 752
116601 116600 611
116601 116605 2689
116605 116601 2689
116605 116604 1087
116608 116703 2891
116701 116703 837
119515 119514 966
119557 119514 1622
119561 119514 2322
119561 119564 1011
119528 119526 1277
119528 119529 1116
119528 119530 404
119564 119526 1116
119564 119529 1277
119564 119561 1011
119535 119530 474
119545 119544 1286
119546 119544 2007
119546 119547 1285
119547 119544 1561
119547 119546 1285
119590 119544 3905
119602 119601 1485
119602 119604 811
119635 119604 1781
119635 119636 811
119635 119641 1143
119641 119635 1143
119641 119646 1814
119651 119646 1010
119651 119650 1814
119651 119652 1284
119598 119601 874
120124 119766 1114
120124 120126 935
59474 59471 656
59474 59471 656
59474 120126 1357
59480 59479 3432
59481 59479 2578
59483 59482 782
59483 59793 2109
59793 59483 2109
59793 59792 778
59799 59798 338
119653 119652 2093
119653 119654 1885
120114 119654 977
120114 120115 2286
119652 119651 1284
119652 119653 2093
119652 119754 1642
119765 119764 1898
119765 120116 1814
120115 120114 2286
120115 120116 1030
120117 120116 1087
59506 59505 1858
59564 59505 475
56842 59508 871
59510 59508 3884
59854 59853 721
59854 59855 1298
59854 59856 2368
59857 59853 1229
59857 59855 1025
59868 59863 848
59872 59863 1431
59872 59871 789
59558 59559 2000
59558 59566 675
59558 59569 4550
59559 59558 2000
59559 59566 2111
59871 59856 1184
59871 59872 789
59871 59879 848
59569 59558 4550
59569 59574 1320
77634 59722 288
77635 59722 166
59582 76964 1411
76965 76964 1217
79037 59723 1502
59728 59725 273
59728 59727 516
59725 59726 507
59725 59728 273
59734 60186 558
59734 60187 3413
59734 60188 885
60189 60186 808
60189 60188 977
60189 60192 941
59808 59807 1336
59826 59827 436
59373 59187 837
59198 59197 747
59198 59199 951
59203 59197 1422
59594 59593 3376
59594 59598 613
59592 77568 612
77569 77568 1574
60188 59734 885
60188 59735 475
60188 60189 977
59606 59681 1776
59680 59681 222
59615 77573 187
59615 77574 591
59710 60187 56
59694 76969 842
77678 77677 573
58234 58529 5111
58527 58529 1415
58530 58529 1213
60915 77490 1130
58222 58518 1536
58524 58522 1162
59089 59090 1097
77499 59090 342
58993 77502 363
77503 77502 867
59008 59009 896
59003 59064 873
59062 59064 905
59067 59064 830
61048 59074 1247
59087 59086 1344
59088 59086 1011
60689 60690 1567
60693 60690 1548
60694 60690 1486
60694 60698 1479
60698 60694 1479
60698 60697 277
60700 60697 1619
60849 60853 3597
60928 60853 1664
78179 78180 335
60975 60976 2615
60975 60992 2399
60975 61017 1011
60991 60976 773
60991 60992 556
60992 60975 2399
60992 60990 512
60992 60991 556
59161 59162 811
59171 59162 1309
59171 59172 1277
59143 59166 1664
59165 59166 808
59169 59166 873
59169 59168 632
59169 59170 2307
76523 59176 720
59167 59168 1636
59167 59182 758
59182 59167 758
59182 59181 1527
59185 59184 283
59199 59188 711
59199 59198 951
59207 59210 818
62599 62598 711
62600 62598 1300
62612 62603 1600
62613 62603 1169
60935 60936 303
60937 60936 1010
60945 60946 373
78426 60946 1206
76929 76917 573
77610 76917 2427
76907 76935 1169
76928 76935 2490
60951 60952 1807
60956 60952 476
60956 60961 1169
60963 60961 469
60872 60889 7244
60890 60889 1411
60943 60958 816
61035 60958 2004
60907 61040 6933
60907 61041 1919
60887 61040 1561
60887 61087 3207
61087 60887 3207
61087 61086 433
61124 61123 3352
61127 61123 1370
76943 61017 695
76914 76912 121
78353 76912 428
62726 62734 1058
76560 62734 1061
62722 62723 208
62722 62725 1152
62725 62722 1152
62725 62724 2611
62832 62833 2237
62832 62834 929
62839 62833 688
62839 62840 818
62838 62837 1032
62859 62857 769
62859 62860 2248
62859 62862 792
62819 62858 845
62857 62858 2248
62857 62859 769
62823 62825 1832
62823 62867 1661
62866 62867 1234
63677 62825 1940
63677 63678 1056
63678 63677 1056
63678 63682 2055
63705 63682 761
63713 63714 924
63713 63717 1083
63689 63691 818
63689 63714 1343
63690 63691 874
63690 63692 713
63692 63690 713
63692 63702 796
63700 63702 2022
63703 63702 672
63606 63661 1957
63759 63761 166
66077 66074 937
66077 66075 1796
66084 66074 796
66080 66079 2043
66081 66079 848
66081 66083 892
66089 66075 769
66089 66076 1669
66089 66092 1632
66091 64893 885
66091 66092 443
66093 64893 2044
66092 66089 1632
66092 66090 297
66092 66091 443
58131 64892 752
58131 64925 1077
64924 64923 740
64924 64925 1023
64927 64925 538
64927 64928 1310
64927 64930 1149
64928 64922 1365
64928 64927 1310
64928 64929 740
64930 64927 1149
64930 64939 2095
64940 64939 1077
64940 64945 698
64945 64940 698
64945 64942 1012
64959 64942 1922
64961 64942 1048
64961 64952 433
64962 64952 698
64962 64958 838
64958 64956 613
64958 64962 838
63865 62218 1287
63865 63866 752
63869 63866 2201
63869 63877 1396
63869 63883 660
63875 63878 1012
63877 63869 1396
63877 63878 892
63877 63879 977
63880 63878 1396
62215 62199 2358
62215 62216 752
62218 62216 1031
62218 63865 1287
62223 62216 1632
62223 62224 1529
62223 62224 1529
62198 62199 1667
62467 62493 713
62467 62494 1549
62500 62494 348
62500 62495 400
62502 62501 1366
62504 62501 1952
63663 63664 1899
63611 63617 752
63611 63620 1750
63636 63620 140
63636 63637 950
63617 63611 752
63617 63621 1761
63619 63621 762
63633 63634 1088
63827 63830 759
63829 63830 632
63831 63830 642
61476 62332 463
61476 62366 2168
62367 62332 1287
62418 62332 1170
62368 62366 813
62420 62419 1227
62423 62419 875
62435 62419 1807
62469 62471 337
62469 62493 1088
62472 62471 1355
62493 62467 713
62493 62469 1088
62493 62495 1481
62538 62415 659
62314 62313 4207
62380 62313 1012
76769 62313 502
65234 65232 651
65234 65300 3418
62308 62309 3343
78883 62309 1080
57042 57045 374
57073 57069 338
57118 57106 3101
57118 78069 1098
78070 78072 687
78074 78075 1763
78069 57118 1098
78069 78068 5421
57022 57021 4837
78476 78355 777
78476 78451 4193
57031 57030 1637
56997 56998 1980
57010 56998 3334
78451 78452 1345
78451 78476 4193
65872 65865 1564
65876 65877 445
78538 65932 1514
78538 65932 1514
60972 76898 1203
77006 76898 605
65690 65687 2977
65690 65695 1853
65698 65695 2267
77393 65890 310
77393 65890 310
68546 68468 1322
65301 65300 419
65301 77214 920
78839 77214 1198
78208 78842 437
65687 65690 2977
65687 65694 1411
65296 65298 2079
65609 65298 2390
65312 65311 1456
65313 65311 1644
65228 65262 864
65300 65234 3418
65300 65262 796
65300 65301 419
65293 65292 2836
65293 65294 1558
65293 65295 1358
65294 65292 1763
65294 65293 1558
65294 65295 2095
65414 65413 603
65448 65446 607
65462 65463 1954
65462 65464 1014
65465 65464 342
65465 65468 2624
65607 65606 1719
65631 65606 1372
65475 65474 1954
65475 65629 3656
65630 65629 1015
65415 65409 1293
66134 66128 929
66134 66132 512
66134 66135 1347
66135 66129 876
66135 66134 1347
66144 66129 1536
66144 66142 679
66146 66142 2743
66220 66219 4143
66223 66219 2515
65463 65462 1954
65463 65468 1108
65471 65474 248
65570 65569 522
65571 65569 420
66088 66083 853
66130 66083 885
66130 66132 984
66131 66125 1273
66132 66125 838
66132 66130 984
66132 66134 512
78257 78255 554
78258 78256 527
87356 87355 2449
87432 87355 1509
87432 87450 741
69320 69214 844
69322 69214 1865
69300 69299 2379
69554 69299 1568
69656 69657 380
69804 69657 1299
87204 78224 1358
78226 78225 2330
78226 78241 992
78227 78225 1353
78235 78236 998
78241 78226 992
78241 78236 2490
78243 78236 1050
87344 87343 806
87345 87343 641
84888 84883 245
84888 84887 781
87764 87766 1357
88670 84887 925
88670 87766 1486
88670 88684 740
91126 88682 853
88695 87754 2575
86295 88702 919
88698 88702 632
87757 87756 689
87760 87759 1301
87761 87759 632
91117 88454 1225
76387 76388 712
76387 76400 3578
76388 76387 712
76388 76400 3419
76404 76400 1333
88692 88684 1257
88692 88761 1728
88256 88255 437
88249 88247 423
87450 87354 67
87450 87432 741
87450 87447 950
87447 87446 810
87447 87450 950
87448 87446 1603
87456 87446 882
87467 87464 5246
87459 87462 581
87460 87462 2334
87469 87468 1394
87470 87468 1140
90829 87468 476
88218 88217 258
88219 88217 563
88203 88220 3979
88214 88220 456
88206 88207 2374
88206 88222 876
88207 88206 2374
88207 88246 853
88201 88212 880
88201 88252 500
88779 88780 2327
89189 89173 988
89177 89172 988
89177 89178 848
89186 89178 512
87762 88761 876
88688 88703 708
88704 88703 1893
88704 88706 688
90842 88706 712
88786 88785 1019
91130 88748 405
90844 90843 337
90845 88747 1561
90845 90843 1205
84231 84223 999
84233 84186 690
84233 84223 1645
88820 88816 2475
84187 84186 2504
84187 84188 550
84311 84188 602
91131 84308 851
88281 88282 705
88284 88282 1424
88417 88416 508
88417 88418 770
88430 88418 1960
88427 88416 1187
88916 88420 688
88389 88252 1271
88389 88396 1100
91121 88396 666
91430 88915 419
85209 88419 2229
88424 88419 1149
732
65309
77170
65263
65285
65272
65412
65447
65451
65605
78138
65407
66127
66140
66141
66143
65560
65561
66124
65552
78248
78252
87357
87359
69213
69296
78223
78238
87342
84882
84885
87767
88678
87753
88681
87758
88656
87694
87750
88453
73143
88665
88686
88685
88735
88254
88260
87353
87465
87463
87481
88216
88221
88210
88248
88781
89174
89176
88708
88705
88784
88594
88749
84222
84225
84189
84309
88817
88608
91760
91763
88390
88398
88414
88415
88261
88421
88423
83862
83864
91134
84305
89473
89001
88995
89002
89478
89487
88974
88986
88905
91604
88913
88937
88943
88950
88958
89091
90057
90095
90065
91170
90097
73631
77232
73558
73084
74954
73544
73549
66245
66273
66419
66554
66389
66446
66563
66581
66596
66578
66582
66608
66613
73754
73759
73825
73827
75716
75737
75735
75383
75398
75426
75430
75433
75576
77349
73970
73980
73968
73959
64063
73966
75722
78260
75725
56954
74016
75714
78216
75775
75623
75842
75844
75904
75905
61866
76055
77605
75665
75676
61188
75680
61185
61186
170196
170199
170204
170207
172614
172805
95916
100674
102161
100668
102150
100717
102158
100721
100744
116730
116731
58338
58344
58348
58356
58653
58656
58675
116578
116797
116801
116803
116600
116604
116703
119514
119526
119529
119530
119544
119604
119636
119646
119650
119601
119766
120126
59471
59479
59482
59792
59798
119654
119754
119764
120116
59505
59508
59853
59863
59566
59855
59856
59879
59574
59722
76964
59723
59727
59726
60186
59807
59827
59187
59197
59593
77568
59598
59735
60192
59681
77574
77573
60187
76969
77677
58529
77490
58518
58522
59090
77502
59009
59064
59074
59086
60690
60697
60853
78180
60976
60990
59162
59172
59166
59170
59176
59168
59181
59184
59188
59210
62598
62603
60936
60946
76917
76935
60952
60961
60889
60958
61041
61040
61086
61123
61017
76912
62734
62723
62724
62834
62833
62837
62840
62860
62862
62858
62867
62825
63682
63717
63691
63714
63702
63661
63761
66074
66079
66075
66076
64893
66090
64892
64923
64925
64922
64929
64939
64942
64952
64956
63866
63878
63879
63883
62216
62199
62224
62494
62501
63664
63620
63621
63634
63637
63830
62332
62366
62419
62471
62495
62415
62313
65232
62309
57045
57069
57106
78072
78075
78068
57021
78355
57030
56998
78452
65865
65877
65932
76898
65695
65890
68468
77214
78842
65694
65298
88907
84307
89474
89504
89565
89480
89486
89488
91230
88973
88988
88906
88914
88936
91607
88951
88959
89071
89092
89059
91753
87171
89529
89977
90105
89997
90098
58156
73627
73643
77231
73555
73083
73527
73556
66244
66265
66270
66272
66382
66400
66420
66556
66561
66449
66573
66580
66603
66610
73612
73829
73828
75740
75393
75738
75395
75436
75745
75434
75435
75577
75579
75584
75609
73957
73979
75720
73865
74024
74017
75715
76746
79088
75776
75777
77330
75624
75626
75849
75907
63770
76056
69643
75662
75666
75675
61187
75922
75937
75701
170194
170205
170208
159892
172841
100617
100623
102152
100718
100693
102357
116734
116430
116736
116738
58339
58354
116823
58355
58659
58657
58665
58677
116794
116822
116601
116605
116608
116701
119515
119557
119561
119545
119546
119547
119590
119602
119635
119641
119651
119598
120124
59474
59480
59481
59483
59793
59799
119653
120114
119765
120115
120117
59506
59564
56842
59510
59868
59872
59558
59559
59582
79037
59725
59734
59826
59373
59198
59592
77569
59606
59680
59615
59710
59694
58234
58527
58530
60915
58222
58524
58993
59008
59003
59062
59067
61048
59088
60693
60694
60698
60849
60928
60991
59161
59171
59143
59165
59169
59167
59199
59207
62600
62612
62613
60935
60945
76929
76907
76928
60951
60956
60963
60872
60890
60943
61035
60907
60887
61087
61124
61127
76943
62726
76560
62722
62725
62832
62839
62819
62857
62823
62866
63677
63678
63705
63713
63689
63690
63692
63700
63606
63759
66077
66081
66089
66091
66093
58131
64927
64930
64940
64945
64959
64962
64958
63865
63869
63875
63877
63880
62215
62218
62198
62467
62500
62502
63663
63611
63636
63617
63619
63633
63827
63829
61476
62367
62368
62420
62423
62435
62469
62472
62314
62380
76769
65234
62308
78883
57042
57073
57118
78070
57022
57031
56997
57010
78451
65872
65876
78538
60972
77006
65690
65698
78839
78208
65687
65296
65609
65228
65448
65462
65465
65607
65631
65475
65630
66135
66144
66146
66220
66223
65463
65471
65571
66088
66130
66132
87432
69320
69322
69300
69554
87204
78226
78241
87764
88670
88695
86295
88698
76387
76388
76404
88692
87447
87448
87459
87460
87470
88203
88214
88206
88207
88201
88779
89189
89177
87762
88688
88704
90845
84231
84233
88820
84187
88281
88284
88417
88430
88427
88389
85209
