1216
94313 94312 1008
94313 94328 731
49890 49879 1935
50065 50042 3834
50065 50075 2251
97445 97446 2759
97445 97483 1643
97479 97480 5831
97479 97481 420
97435 97434 795
97436 97437 9
97570 97560 511
97570 97571 950
97571 97558 826
97571 97570 950
97571 97572 1220
97601 101893 556
97566 101987 410
97585 97583 1447
97572 97571 1220
97572 97573 982
97576 97563 950
97576 98128 1085
97628 98130 1743
98137 98132 403
98137 98140 2841
98166 98168 373
98178 98169 1500
98178 98180 1362
98178 98181 604
98180 98178 1362
98180 98258 611
98180 98260 1364
98257 102735 61
98165 98170 1151
93296 93297 3773
93296 93376 222
93298 93297 1139
93329 93330 1744
93447 93330 1973
93462 93461 716
93462 95716 811
93485 93421 1377
93485 93487 556
93489 93487 2298
93489 102241 437
93512 93517 950
93515 94083 7879
94945 94926 257
94945 95291 750
95079 94926 739
95079 95098 1207
95307 95291 1156
95307 95343 683
98557 98556 669
98183 98181 836
98183 98184 1639
98183 98259 1306
98187 98176 1265
98187 98186 511
98187 98188 279
98262 98193 2820
98274 98263 1010
98267 98277 475
98273 98275 111
98269 98305 275
98269 98307 788
98303 98308 1220
98307 98269 788
98307 98308 1181
98259 98183 1306
98259 98258 750
98314 98317 788
98314 98319 924
98558 98559 924
98558 98561 2376
102526 102842 499
191108 191109 7237
191108 191220 3271
191118 191119 2114
191118 191274 1690
118508 118507 1582
118508 119493 786
119487 118500 3136
119487 119492 511
118496 119482 1298
118497 118498 65
118497 119486 1003
193902 191481 1380
190997 190999 1639
191221 191222 721
191221 191230 1486
191004 191000 625
191004 191367 174
108947 108929 420
108947 108948 1225
108949 108948 420
50078 50076 344
50078 50077 475
50080 50085 434
50081 50088 238
109015 109014 475
109179 109184 1257
109201 113665 373
109104 109094 1584
109104 109102 473
109115 109094 737
109115 113654 201
109135 109098 676
109135 109136 872
109139 109138 826
109139 109140 983
109138 109139 826
109138 109184 610
35544 35516 2470
35544 35545 2443
36041 35545 751
36041 50353 626
36043 36044 3807
36043 36046 1069
35556 35559 713
35603 35608 599
35578 35579 4050
35578 35580 950
35584 35585 599
35606 35610 1766
36191 35611 1894
36191 36192 629
35547 35548 1784
35547 35549 1009
36209 36208 3303
36209 36234 1000
36248 36211 951
36265 36234 1114
109181 109184 713
109183 109140 610
109183 109207 2085
109183 109209 818
109209 50197 1026
109209 109183 818
35506 35504 750
35506 35507 1542
35506 35519 2410
35518 35519 951
35518 42201 1223
49920 50191 536
49920 50192 275
50186 50184 788
50186 50190 1393
50191 49920 536
50191 50190 536
44148 44145 2545
44148 44166 905
44168 44166 952
44128 44125 1188
44128 44127 1468
50517 44157 980
50517 50520 619
44149 44150 21
44155 41850 924
44155 44143 1916
44171 44169 2365
44536 44534 168
44552 44553 344
44540 44529 1518
44540 44543 612
44544 44535 354
44590 44551 6983
44598 44600 475
44602 44603 1138
44602 44605 1357
44602 44606 11900
44605 44602 1357
44605 44604 2110
44612 44613 8068
44612 44672 3787
44635 35730 1351
44635 35731 2262
35738 35732 562
39068 39067 440
39068 39245 120
39070 39067 548
39070 40120 367
39070 44630 928
39384 39439 146
39566 39565 129
39566 39972 729
40286 39884 864
40286 40285 1434
40286 44597 1014
35744 35737 2506
35749 35739 2808
35751 35747 905
35751 35768 2190
35792 35789 1494
35792 35793 927
35832 35837 599
37440 50247 558
35586 35587 3737
35586 35588 1160
35586 35612 747
35623 35629 847
35623 36212 1033
35628 35629 1223
35628 36193 1482
36212 35623 1033
36212 36213 581
36207 36208 847
36207 36234 3696
35619 35601 276
35619 35620 1426
35795 35786 789
35797 35805 1031
35814 35805 3070
35814 35808 836
35861 35876 512
35793 35780 3440
35793 35792 927
35808 35804 3038
35808 35810 697
35808 35814 836
35810 35807 2824
35810 35808 697
35812 35809 2751
35812 35819 836
35866 35864 355
35871 35968 1484
35975 35970 418
35975 35971 1394
35943 35941 1115
35943 35942 2684
35974 35971 726
35991 35992 1819
37841 37853 2507
37841 37854 2530
37856 37857 581
37853 37841 2507
37853 37854 836
35956 35955 878
35956 35961 1533
35966 35964 1428
35966 41384 927
35944 35940 2430
35944 35941 890
35944 35959 1394
35962 35959 738
35941 35939 2691
35941 35943 1115
35941 35944 890
41394 41385 403
41396 41395 403
41396 41400 4641
41400 41396 4641
41400 41402 1299
41400 41422 915
41421 46572 3090
46573 46576 3871
46592 46576 253
46594 46597 775
46594 46604 1719
46607 46603 276
46607 46609 517
46609 46607 517
46609 46662 2878
46663 46662 940
46663 46666 2719
46667 46666 677
46667 46674 1260
46690 46675 951
46676 46675 2255
46676 46694 650
46697 46694 1104
46697 46725 1181
46695 46692 1323
46705 46693 400
46704 46702 432
46393 46405 2719
46701 46700 2006
46701 46709 823
127163 127158 3018
127159 127158 738
127034 127017 1185
127029 127027 1398
127029 127033 474
127031 127030 2036
126164 126163 710
127086 127090 337
127086 127097 374
127026 127020 2056
127026 127047 1029
127026 127058 818
127048 127046 1577
127058 127026 818
127058 127030 752
127049 127046 673
127056 127053 828
127056 127154 2929
126177 126178 1224
126177 126180 850
127146 127145 630
127448 127449 1032
45888 45881 1074
45888 45886 705
45888 46140 1282
126760 126747 2549
126805 126803 828
126802 126801 711
126818 126819 200
126804 126797 1575
126804 126803 2481
126820 126821 1221
126852 126821 2088
126852 126851 1074
126773 126753 476
126773 126797 1117
126829 132571 492
126829 132581 787
126832 127043 5072
126832 127050 1009
127050 126832 1009
127050 127051 1255
127151 127052 2969
127150 127052 677
127150 127154 418
127155 127154 404
127155 127158 738
46156 46157 2081
46156 46158 2208
46169 46168 2233
46170 46148 600
46170 46168 336
46237 46167 848
46236 46167 766
46236 46245 3015
46342 46340 276
46342 46341 1686
46245 46236 3015
46245 46340 885
46346 46345 1532
46346 46381 1248
46403 46400 1560
46385 46374 1901
46385 46380 906
46385 46400 709
127464 127463 747
127464 127465 1105
127464 127466 475
127484 127463 2533
127484 127483 713
127486 127488 1261
127486 127489 848
127632 127633 1140
127650 127645 404
127652 127649 1868
127652 127651 752
127652 127738 1494
127730 127728 650
127736 127734 1276
127735 127732 678
127735 127734 475
127614 127607 1201
127614 127615 1357
127617 127615 759
127732 127591 1018
127732 127735 678
127625 127618 537
127625 127622 1142
127627 127599 374
127627 127628 1010
127769 127628 404
127769 127770 1546
129140 129123 1390
129317 129139 2182
129319 129137 874
129319 129320 811
129322 129320 1920
129322 129328 238
129329 129330 751
129332 129330 1699
129332 129347 1225
129353 129347 1010
129353 129355 518
129353 129357 606
129357 129353 606
129357 129355 1036
129357 129369 697
129399 129400 2600
129599 129600 1454
129603 129600 951
129603 129609 778
129630 129631 673
129630 129632 537
129632 129630 537
129632 129680 890
129626 129627 374
129634 129635 273
121252 121250 1356
121252 121286 1669
121289 121286 1181
121289 121291 1111
121300 121291 1012
121284 121182 1212
121312 121309 928
121312 121311 2568
121312 121320 2229
121323 121310 506
121320 121312 2229
121320 121318 844
121321 121318 782
121321 121561 2506
121321 121565 2358
58016 70078 1550
58016 70101 2554
58016 70102 2843
70261 70272 1184
70261 70293 1625
70262 70291 1983
70272 70261 1184
70272 70312 1412
70274 70371 672
70274 70375 2052
78776 78777 1532
70397 70377 672
70397 70400 474
70405 70399 1037
70405 70402 1000
70405 70407 1479
70406 70407 789
70406 70456 698
70406 70457 1684
70456 70406 698
70456 70459 1479
69961 69962 601
69923 69922 1013
69923 69927 984
69911 69908 675
69911 77106 229
69916 69918 1786
69910 69908 1014
69910 69921 739
69927 69923 984
69927 69925 1114
69943 69942 778
69919 69918 851
69919 69946 1004
69848 69844 2763
69848 69849 2901
69855 69854 499
69877 69871 1154
69877 69893 4387
69896 69894 1951
70046 70045 6577
129504 129499 752
129504 129505 1780
129507 129503 1081
129510 129496 1082
129510 129498 1673
129620 129621 1206
129727 129622 848
129624 129622 953
129624 129623 1394
129624 129628 976
129511 129498 279
129511 129512 1717
129528 129512 949
129528 129529 752
129530 129526 752
129530 129529 1547
129541 129526 2035
129541 129536 613
129545 129536 1484
129545 129542 613
121188 121189 1622
129542 129535 1485
129542 129545 613
129542 129566 337
129566 129542 337
129566 129563 422
121191 121185 404
121191 121207 1958
121207 121191 1958
121207 121210 752
121211 121210 874
121211 121215 511
218187 218186 526
218192 218186 389
219386 219388 792
219416 219415 1757
219060 219059 2163
219071 219066 1446
219071 219070 675
224103 224106 1075
224103 224912 292
224108 224101 891
224108 224107 743
219049 219404 472
219049 219407 771
219407 219049 771
219407 219423 832
219407 219458 2105
219412 219415 980
219421 219424 902
219421 219427 3182
219422 219424 924
219422 219425 838
219422 219426 2732
219423 219407 832
219423 219460 2576
219423 219463 776
218731 218728 1136
218731 218735 774
218793 218735 3234
218793 218874 831
218877 218901 777
218945 218946 915
218945 218956 749
218949 218952 766
218949 218953 1578
218951 218953 711
218951 218956 1246
218950 218952 2054
218950 222134 767
218903 218901 1646
218903 218905 518
218919 218906 941
218919 218917 920
218921 218917 1995
218921 218930 790
218929 218930 1658
218929 218935 933
218935 218929 933
218935 218933 1727
222101 218934 676
222101 222096 2398
222101 222105 766
222109 222105 1634
222109 222110 879
222112 222110 729
222112 222111 1616
222112 222129 741
222131 222129 614
222131 222133 331
222131 222175 907
217993 217991 256
222134 218950 767
222134 222135 909
222141 222142 1941
222141 222143 843
222133 222131 331
222133 222166 1141
222133 222168 271
222143 222141 843
222164 222166 845
219578 219587 736
219587 219578 736
218728 218731 1136
223094 223095 995
223095 223094 995
223126 223123 1542
223126 223200 1435
223146 223136 2423
223200 223126 1435
223136 223146 2423
223123 223126 1542
150843 150845 1989
150845 150843 1989
149175 151845 1629
151845 149175 1629
149270 149287 471
149287 149270 471
147371 147394 2321
147394 147371 2321
147947 147946 534
147945 147952 1168
147946 147947 534
147952 147945 1168
148861 148880 755
148880 148861 755
149001 149010 1670
149010 149001 1670
212694 212720 785
212720 212694 785
212830 212832 368
212832 212830 368
212825 212841 469
212841 212825 469
150043 150047 2186
150135 150047 2426
150047 150043 2186
150047 150135 2426
150223 150252 1375
150252 150223 1375
171228 171237 1848
171237 171228 1848
168948 168957 850
168957 168948 850
154267 154271 518
154370 154426 683
154271 154267 518
154426 154370 683
154478 154479 518
154479 154478 518
154552 154556 222
154556 154552 222
155105 155106 1140
155106 155105 1140
158011 158012 953
158012 158011 953
158712 158034 808
158034 158712 808
213183 213185 1577
213185 213183 1577
213290 213294 1354
213294 213290 1354
213342 213339 977
213358 213364 621
213364 213358 621
213339 213342 977
170577 170588 678
170588 170577 678
94819 94821 279
94821 94819 279
94941 94942 275
94942 94941 275
94312 94313 1008
94328 94313 731
49879 49890 1935
50042 50065 3834
50075 50065 2251
50075 50076 580
97446 97445 2759
97483 97445 1643
97480 97479 5831
97481 97479 420
97434 97435 795
97437 97436 9
97560 97570 511
97558 97571 826
97558 97573 1161
101893 97601 556
101987 97566 410
97583 97585 1447
97573 97558 1161
97573 97563 905
97573 97572 982
97563 97573 905
97563 97576 950
98128 97576 1085
98130 97628 1743
98130 98132 1408
98132 98130 1408
98132 98137 403
98140 98137 2841
98168 98166 373
98169 98178 1500
98181 98178 604
98181 98183 836
98181 98258 1223
98258 98180 611
98258 98181 1223
98258 98259 750
98260 98180 1364
102735 98257 61
98170 98165 1151
93297 93296 3773
93297 93298 1139
93376 93296 222
93330 93329 1744
93330 93447 1973
93461 93462 716
95716 93462 811
93421 93485 1377
93487 93485 556
93487 93489 2298
102241 93489 437
93517 93512 950
94083 93515 7879
94926 94945 257
94926 95079 739
95291 94945 750
95291 95307 1156
95098 95079 1207
95343 95307 683
98556 98557 669
98184 98183 1639
98184 98186 1723
98176 98187 1265
98186 98184 1723
98186 98187 511
98188 98187 279
98193 98262 2820
98263 98274 1010
98277 98267 475
98277 98275 1142
98275 98273 111
98275 98277 1142
98305 98269 275
98308 98303 1220
98308 98307 1181
98308 98319 1769
98317 98314 788
98317 98559 1114
98319 98308 1769
98319 98314 924
98559 98317 1114
98559 98558 924
98561 98558 2376
102842 102526 499
191109 191108 7237
191220 191108 3271
191119 191118 2114
191274 191118 1690
118507 118508 1582
119493 118508 786
118500 119487 3136
119492 119487 511
119482 118496 1298
118498 118497 65
119486 118497 1003
191481 193902 1380
190999 190997 1639
190999 191000 1948
191222 191221 721
191230 191221 1486
191000 190999 1948
191000 191004 625
191367 191004 174
108929 108947 420
108948 108947 1225
108948 108949 420
50076 50075 580
50076 50077 354
50076 50078 344
50077 50076 354
50077 50078 475
50085 50080 434
50088 50081 238
109014 109015 475
109184 109138 610
109184 109179 1257
109184 109181 713
113665 109201 373
109094 109104 1584
109094 109115 737
109102 109098 947
109102 109104 473
113654 109115 201
109098 109102 947
109098 109135 676
109136 109135 872
109140 109139 983
109140 109183 610
35516 35544 2470
35545 35544 2443
35545 36041 751
50353 36041 626
36044 36043 3807
36046 36043 1069
35559 35556 713
35608 35603 599
35579 35578 4050
35580 35578 950
35580 35612 344
35585 35584 599
35610 35606 1766
35610 35611 1559
35610 35611 1559
35611 35610 1559
35611 35610 1559
35611 36191 1894
36192 36191 629
35548 35547 1784
35549 35547 1009
36208 36207 847
36208 36209 3303
36234 36207 3696
36234 36209 1000
36234 36265 1114
36211 36248 951
109207 109183 2085
50197 109209 1026
35504 35506 750
35507 35506 1542
35519 35506 2410
35519 35518 951
42201 35518 1223
50192 49920 275
50184 50186 788
50190 50186 1393
50190 50191 536
44145 44148 2545
44166 44148 905
44166 44168 952
44166 44169 966
44125 44127 1762
44125 44128 1188
44127 44125 1762
44127 44128 1468
44157 50517 980
50520 50517 619
44150 44149 21
41850 44155 924
44143 44155 1916
44169 44166 966
44169 44171 2365
44534 44535 947
44534 44536 168
44553 44552 344
44529 44540 1518
44543 44535 848
44543 44540 612
44535 44534 947
44535 44543 848
44535 44544 354
44551 44590 6983
44600 44598 475
44603 44602 1138
44606 44602 11900
44604 44597 235
44604 44605 2110
44613 44612 8068
44672 44612 3787
35730 35731 2305
35730 35732 276
35730 44635 1351
35731 35730 2305
35731 44635 2262
35732 35730 276
35732 35738 562
39067 39068 440
39067 39070 548
39245 39068 120
40120 39070 367
44630 39070 928
39439 39384 146
39565 39566 129
39972 39566 729
39884 40286 864
40285 40286 1434
44597 40286 1014
44597 44604 235
35737 35739 1494
35737 35744 2506
35739 35737 1494
35739 35749 2808
35747 35751 905
35768 35751 2190
35768 35789 828
35789 35768 828
35789 35792 1494
35837 35832 599
50247 37440 558
35587 35586 3737
35588 35586 1160
35612 35580 344
35612 35586 747
35629 35623 847
35629 35628 1223
36193 35628 1482
36213 36212 581
35601 35619 276
35620 35619 1426
35786 35795 789
35805 35797 1031
35805 35814 3070
35876 35861 512
35780 35793 3440
35804 35807 581
35804 35808 3038
35807 35804 581
35807 35809 713
35807 35810 2824
35809 35807 713
35809 35812 2751
35819 35812 836
35864 35866 355
35968 35871 1484
35968 35970 738
35970 35968 738
35970 35975 418
35971 35974 726
35971 35975 1394
35942 35943 2684
35992 35991 1819
37854 37841 2530
37854 37853 836
37857 37856 581
35955 35956 878
35961 35956 1533
35964 35966 1428
41384 35966 927
35940 35939 848
35940 35944 2430
35959 35944 1394
35959 35962 738
35939 35940 848
35939 35941 2691
41385 41394 403
41385 41395 403
41395 41385 403
41395 41396 403
41402 41400 1299
41422 41400 915
46572 41421 3090
46576 46573 3871
46576 46592 253
46597 46594 775
46604 46594 1719
46604 46603 435
46603 46604 435
46603 46607 276
46662 46609 2878
46662 46663 940
46666 46663 2719
46666 46667 677
46674 46667 1260
46674 46675 848
46675 46674 848
46675 46676 2255
46675 46690 951
46694 46676 650
46694 46692 517
46694 46697 1104
46725 46697 1181
46692 46694 517
46692 46695 1323
46693 46702 848
46693 46705 400
46702 46693 848
46702 46704 432
46405 46393 2719
46700 46701 2006
46709 46701 823
127158 127155 738
127158 127159 738
127158 127163 3018
127017 127034 1185
127027 127029 1398
127033 127029 474
127030 127031 2036
127030 127058 752
126163 126164 710
127090 127086 337
127097 127086 374
127020 127026 2056
127047 127026 1029
127046 127048 1577
127046 127049 673
127053 127052 3224
127053 127056 828
127154 127056 2929
127154 127150 418
127154 127155 404
126178 126177 1224
126180 126177 850
127145 127146 630
127449 127448 1032
45881 45888 1074
45886 45888 705
46140 45888 1282
126747 126760 2549
126803 126804 2481
126803 126805 828
126801 126802 711
126819 126818 200
126819 126821 828
126797 126773 1117
126797 126804 1575
126821 126819 828
126821 126820 1221
126821 126852 2088
126851 126852 1074
126753 126773 476
132571 126829 492
132581 126829 787
127043 126832 5072
127051 127050 1255
127051 127052 828
127052 127051 828
127052 127053 3224
127052 127150 677
127052 127151 2969
46157 46156 2081
46158 46156 2208
46168 46148 355
46168 46169 2233
46168 46170 336
46148 46168 355
46148 46170 600
46167 46236 766
46167 46237 848
46340 46245 885
46340 46342 276
46341 46342 1686
46341 46345 933
46345 46341 933
46345 46346 1532
46381 46346 1248
46400 46385 709
46400 46403 1560
46374 46385 1901
46380 46385 906
127463 127464 747
127463 127484 2533
127465 127464 1105
127466 127464 475
127483 127484 713
127488 127486 1261
127489 127486 848
127633 127632 1140
127645 127649 1458
127645 127650 404
127649 127645 1458
127649 127652 1868
127651 127652 752
127738 127652 1494
127728 127730 650
127734 127735 475
127734 127736 1276
127607 127614 1201
127615 127614 1357
127615 127617 759
127615 127618 1225
127591 127732 1018
127618 127615 1225
127618 127625 537
127622 127625 1142
127599 127627 374
127599 127628 985
127628 127599 985
127628 127627 1010
127628 127769 404
127770 127769 1546
129123 129140 1390
129139 129317 2182
129137 129319 874
129320 129319 811
129320 129322 1920
129328 129322 238
129330 129329 751
129330 129332 1699
129347 129332 1225
129347 129353 1010
129355 129353 518
129355 129357 1036
129369 129357 697
129400 129399 2600
129600 129599 1454
129600 129603 951
129609 129603 778
129631 129630 673
129680 129632 890
129627 129623 747
129627 129626 374
129635 129628 537
129635 129634 273
121250 121252 1356
121286 121252 1669
121286 121289 1181
121291 121289 1111
121291 121300 1012
121291 121310 1014
121182 121284 1212
121309 121312 928
121311 121310 169
121311 121312 2568
121310 121291 1014
121310 121311 169
121310 121323 506
121318 121320 844
121318 121321 782
121561 121321 2506
121565 121321 2358
70078 58016 1550
70101 58016 2554
70102 58016 2843
70293 70261 1625
70293 70291 713
70293 70312 1266
70291 70262 1983
70291 70293 713
70312 70272 1412
70312 70293 1266
70371 70274 672
70375 70274 2052
78777 78776 1532
70377 70397 672
70377 70399 1019
70400 70397 474
70399 70377 1019
70399 70405 1037
70402 70405 1000
70407 70405 1479
70407 70406 789
70457 70406 1684
70457 70459 848
70459 70456 1479
70459 70457 848
69962 69961 601
69922 69923 1013
69908 69910 1014
69908 69911 675
77106 69911 229
69918 69916 1786
69918 69919 851
69921 69910 739
69921 69925 905
69925 69921 905
69925 69927 1114
69942 69943 778
69946 69919 1004
69844 69848 2763
69849 69848 2901
69854 69855 499
69871 69877 1154
69893 69877 4387
69894 69896 1951
70045 70046 6577
129499 129504 752
129505 129504 1780
129503 129507 1081
129496 129510 1082
129498 129510 1673
129498 129511 279
129621 129620 1206
129621 129622 1120
129621 129623 751
129622 129621 1120
129622 129624 953
129622 129727 848
129623 129621 751
129623 129624 1394
129623 129627 747
129628 129624 976
129628 129635 537
129512 129511 1717
129512 129528 949
129529 129528 752
129529 129530 1547
129526 129530 752
129526 129541 2035
129536 129535 891
129536 129541 613
129536 129545 1484
121189 121188 1622
129535 129536 891
129535 129542 1485
129563 129566 422
121185 121191 404
121210 121207 752
121210 121211 874
121215 121211 511
218186 218187 526
218186 218192 389
219388 219386 792
219415 219412 980
219415 219416 1757
219059 219060 2163
219066 219071 1446
219070 219071 675
224106 224103 1075
224912 224103 292
224101 224108 891
224107 224108 743
219404 219049 472
219458 219407 2105
219424 219421 902
219424 219422 924
219427 219421 3182
219425 219422 838
219426 219422 2732
219460 219423 2576
219463 219423 776
218735 218731 774
218735 218793 3234
218874 218793 831
218901 218877 777
218901 218903 1646
218946 218945 915
218956 218945 749
218956 218951 1246
218952 218949 766
218952 218950 2054
218953 218949 1578
218953 218951 711
218905 218903 518
218905 218906 751
218906 218905 751
218906 218919 941
218917 218919 920
218917 218921 1995
218930 218921 790
218930 218929 1658
218930 218933 830
218933 218930 830
218933 218934 347
218933 218935 1727
218934 218933 347
218934 222101 676
222096 222101 2398
222105 222101 766
222105 222109 1634
222110 222109 879
222110 222112 729
222111 222112 1616
222129 222112 741
222129 222131 614
222175 222131 907
217991 217993 256
217991 222135 787
222135 217991 787
222135 222134 909
222142 222141 1941
222166 222133 1141
222166 222164 845
222168 222133 271
903
94313
49890
50065
97445
97479
97435
97436
97570
97571
97601
97566
97585
97572
97576
97628
98137
98166
98178
98180
98257
98165
93296
93298
93329
93447
93462
93485
93489
93512
93515
94945
95079
95307
98557
98183
98187
98262
98274
98267
98273
98269
98303
98307
98259
98314
98558
102526
191108
191118
118508
119487
118496
118497
193902
190997
191221
191004
108947
108949
50078
50080
50081
109015
109179
109201
109104
109115
109135
109139
109138
35544
36041
36043
35556
35603
35578
35584
35606
36191
35547
36209
36248
36265
109181
109183
109209
35506
35518
49920
50186
50191
44148
44168
44128
50517
44149
44155
44171
44536
44552
44540
44544
44590
44598
44602
44605
44612
44635
35738
39068
39070
39384
39566
40286
35744
35749
35751
35792
35832
37440
35586
35623
35628
36212
36207
35619
35795
35797
35814
35861
35793
35808
35810
35812
35866
35871
35975
35943
35974
35991
37841
37856
37853
35956
35966
35944
35962
35941
41394
41396
41400
41421
46573
46592
46594
46607
46609
46663
46667
46690
46676
46697
46695
46705
46704
46393
46701
127163
127159
127034
127029
127031
126164
127086
127026
127048
127058
127049
127056
126177
127146
127448
45888
126760
126805
126802
126818
126804
126820
126852
126773
126829
126832
127050
127151
127150
127155
46156
46169
46170
46237
46236
46342
46245
46346
46403
46385
127464
127484
127486
127632
127650
127652
127730
127736
127735
127614
127617
127732
127625
127627
127769
129140
129317
129319
129322
129329
129332
129353
129357
129399
129599
129603
129630
129632
129626
129634
121252
121289
121300
121284
121312
121323
121320
121321
58016
70261
70262
70272
70274
78776
70397
70405
70406
70456
69961
69923
69911
69916
69910
69927
69943
69919
69848
69855
69877
69896
70046
129504
129507
129510
129620
129727
129624
129511
129528
129530
129541
129545
121188
129542
129566
121191
121207
121211
218187
218192
219386
219416
219060
219071
224103
224108
219049
219407
219412
219421
219422
219423
218731
218793
218877
218945
218949
218951
218950
218903
218919
218921
218929
218935
222101
222109
222112
222131
217993
222134
222141
222133
222143
222164
219577
219578
219579
219587
224634
219604
218728
218730
218775
218750
218751
218757
218756
221943
221940
223316
223078
223094
223317
223095
223134
223126
223146
223200
223136
223123
223190
150843
150845
151084
150938
149175
151845
151639
149264
149270
149287
149298
149509
149510
149514
149543
151086
151109
151113
147276
151206
151187
147368
151185
151172
147371
151169
147394
147427
147435
147440
147533
147534
147654
147672
147687
147692
147724
147947
147945
147946
147952
147959
148861
148880
148883
151743
149001
149010
149012
149016
149161
212691
212694
212716
212720
212726
212732
212734
212830
212832
212819
212822
212825
212837
212779
212840
212841
212772
212773
150043
150135
150143
150152
150155
150047
150125
150126
150213
150217
150223
150252
150288
150290
198797
204980
204988
205050
205052
204981
154149
162447
162451
154148
154162
172590
170683
170740
170741
170753
170762
171220
171228
171236
171237
171217
168950
171300
168948
168957
168972
162410
168979
168967
162421
162419
154174
154172
154153
154166
154245
154247
154266
154267
154250
154117
154342
154370
154271
154471
154365
154367
154426
154478
154479
154500
154532
154542
154452
154455
154526
154552
154556
155101
155105
155106
155116
155123
159607
159619
159636
159728
159740
159744
159750
159789
159813
155467
157797
158011
159834
158012
160016
158712
158718
158034
158041
158044
158049
158016
178445
178453
178588
178462
178464
158767
158779
172875
158791
158995
159002
159024
160065
160078
160071
161250
161113
161288
161289
213153
213139
213174
213183
213185
213186
213290
213307
213302
213210
213294
213191
213208
213342
213358
213364
213372
213336
213339
213310
161247
162212
162223
162239
169642
169647
169651
170690
170574
170575
170603
170623
170577
170664
170588
170723
170666
170670
170706
170804
94819
94821
94859
94407
94900
94941
94942
94957
95211
102353
95538
94987
94986
94996
95040
95075
95045
95085
95170
95163
95175
95177
95217
95220
94919
94961
94962
49879
50042
97446
97480
97481
97434
97437
97560
97558
101893
97583
97573
97563
98130
98132
98140
98168
98169
98181
98258
98260
102735
98170
93376
93330
93461
93421
93487
102241
94083
94926
95291
98556
98184
98176
98186
98188
98193
98263
98277
98275
98305
98317
98319
98559
191109
191220
191119
191274
118507
118500
118498
191481
191222
191230
191367
108929
108948
50077
50085
50088
109094
109102
109098
109136
109140
35516
35545
35559
35579
35580
36208
36211
50197
35504
35519
42201
50184
50190
44145
44125
44127
44157
50520
41850
44143
44529
44551
44600
44603
44606
44604
44613
44672
35731
35732
39067
40120
39565
39884
40285
44597
35737
35739
35747
35789
35587
35588
35612
35629
36193
36213
35601
35786
35805
35780
35804
35809
35819
35864
35968
35971
35942
37854
35955
35961
35964
41384
35940
35959
35939
41385
41395
41402
46572
46576
46597
46604
46603
46662
46666
46674
46692
46693
46702
46405
46700
46709
127017
127027
127033
127030
126163
127090
127020
127047
127046
127053
127145
127449
45881
45886
46140
126747
126803
126801
126819
126797
126851
126753
132581
127043
127051
46168
46148
46167
46340
46341
46345
46381
46400
46374
46380
127463
127465
127466
127483
127488
127489
127645
127649
127651
127738
127728
127734
127607
127615
127591
127618
127622
127599
129123
129139
129137
129320
129328
129330
129347
129355
129369
129400
129600
129609
129627
121250
121286
121291
121182
121309
121311
121318
121561
121565
70078
70101
70102
70291
70312
70371
70375
78777
70377
70402
70407
70457
70459
69908
69918
69921
69925
69844
69849
69854
69871
69893
69894
70045
129499
129505
129503
129496
129498
129628
129512
129529
129526
129536
129535
129563
121185
121210
121215
218186
219388
219415
219059
219066
219070
224106
224101
219458
219424
219427
219425
219426
219460
219463
218735
218874
218901
218946
218956
218952
218953
218905
218906
218917
218930
218934
222096
222105
222110
222111
222129
222175
217991
222135
222142
222166
222168
