1436
68394 68393 837
68394 68396 3160
68394 68416 2022
68419 68396 1117
68419 71540 2224
68422 68413 1120
71537 71531 404
71537 71536 1310
71576 71545 3496
71576 71577 1358
71703 71701 768
71703 71716 2407
71741 71732 602
71741 71735 1531
71745 71743 1636
71748 71750 1535
71748 71906 1108
71911 71907 1056
71911 71912 1423
72004 72005 796
72004 72068 3637
72063 72064 752
71912 71909 924
71912 71911 1423
71930 71934 477
71930 71936 277
71931 71988 538
71931 71989 873
71986 71990 562
71986 72003 279
71985 71990 581
72019 72008 830
72015 72012 1004
72015 72190 581
72016 72008 1032
72016 72014 711
72192 72188 1144
72229 61941 788
72229 72238 1000
72230 72200 685
72233 72234 792
72233 72236 2668
72228 72227 1228
72228 72252 1474
72250 72155 782
72250 72258 1423
72257 72258 747
72257 72261 873
72155 72173 1619
72155 72250 782
68939 68927 1535
68939 68941 1256
68927 68922 739
68927 68934 1486
68927 68939 1535
68882 69000 606
68933 68931 814
68934 68926 808
68934 68927 1486
68934 68931 1643
68937 69007 1551
72169 72173 893
72169 72174 1148
72405 72406 973
72405 72407 570
72412 72407 658
72412 72639 1268
72642 72639 632
72642 72644 1505
72642 72645 711
72430 72653 1086
72430 72654 740
72645 72642 711
72645 72646 1376
72431 72432 1936
72656 72432 685
72656 72658 1732
72695 72696 496
72695 72697 1432
72711 72701 1004
72711 72710 507
72712 72714 796
72697 72666 713
72697 72695 1432
72697 72706 2021
72701 72711 1004
72701 72716 1030
72539 72538 590
72539 72810 1203
72809 72810 796
72809 72826 1286
72825 72824 717
72830 72824 987
72830 72831 602
220863 221034 995
220940 220941 575
221036 221044 1048
221022 221023 232
221022 221025 969
221040 221041 1050
221040 221042 2327
221020 221019 355
221020 221021 764
221020 221023 814
220948 224306 390
220934 220935 1072
220936 220935 814
223330 223329 670
223330 224530 572
224530 223330 572
224530 224531 1340
217429 217428 1580
217429 217446 743
217429 224652 18
221051 221050 310
220560 220561 809
220562 220563 259
220562 220575 4473
220564 220565 2800
220070 220066 1168
220072 220074 1198
220072 220080 1122
220079 220061 951
220081 220153 1728
220083 220153 1403
220083 220178 2418
220100 220178 1152
220100 220194 213
220194 220100 213
220194 220195 2076
220422 220472 870
220186 220197 360
220186 220200 801
220200 220186 801
220200 220198 902
220200 220201 208
220474 220472 1477
220476 224528 929
220476 224532 1100
224689 220490 1060
224689 224688 723
220503 220506 866
220514 220506 2199
220514 220561 681
221678 221679 723
221678 221696 1996
221680 221696 789
221716 221734 427
221716 221735 1996
221719 221720 776
221719 221721 1562
221667 218540 606
221667 221668 746
221667 221679 2138
221666 221682 687
221666 221937 631
221681 219779 776
221681 221682 556
221681 221684 841
221657 221717 2455
221712 221717 504
221712 221718 1528
221732 221808 466
221732 221809 234
219948 219964 609
219961 219963 470
219778 219779 825
221683 221684 145
219954 219953 1130
219954 221821 531
221691 221692 797
221775 221776 952
221775 221823 1271
221775 224916 1244
219951 219957 325
219951 219959 1300
219953 219954 1130
219953 219955 1013
219898 221375 952
221714 221717 765
221714 221791 2256
221758 221654 1166
221758 221757 650
221758 221790 2152
221792 221791 762
221792 221801 636
221792 221812 2297
221653 221654 1988
221420 221375 892
221432 221386 801
221432 221433 1318
224404 221433 345
224404 224554 988
221437 224554 192
221454 224554 705
221434 221433 2476
221434 221441 848
221434 221508 2729
221456 221520 803
221459 221520 1959
221738 221524 1263
221738 221739 876
221740 221742 815
221740 221747 2997
221746 221747 837
221746 221755 808
221746 221765 2078
221755 221746 808
221755 221757 833
221755 221759 2052
221756 221654 690
221756 221757 1093
220956 224306 636
220956 224662 1375
220957 220976 1548
220957 224662 803
220977 220976 614
220977 220981 816
220977 220982 1791
220973 220970 816
220973 220974 834
220980 220974 1503
220980 220981 752
220970 220972 704
220970 220973 816
220970 220975 1574
220971 220972 1941
219261 219262 944
219261 219263 1284
219263 219261 1284
219263 219264 704
221297 221301 7302
221303 221319 533
221303 221320 867
221303 224327 1739
221308 221249 951
221308 221309 213
221249 221308 951
221249 221365 168
221366 221309 767
221366 221460 2699
221367 221462 1018
221376 221377 892
221379 221382 990
221384 221383 865
216652 224373 117
216718 216716 417
216693 216671 1213
216693 216694 907
216693 224841 716
216671 216693 1213
216671 216716 196
216695 216696 883
216523 216524 749
216523 216525 2748
216581 216525 777
216791 216794 723
216791 216796 1528
216791 216800 985
216798 216800 337
216802 216818 684
216802 216823 1562
216755 216754 716
216755 216759 1990
216697 216696 1154
216697 216746 260
224191 216760 1177
216754 216755 716
216754 216756 1914
216754 216760 803
216821 216823 737
216821 216883 906
216880 216886 1101
216880 216887 710
216880 216888 1828
216758 216759 892
216758 216886 1706
216085 216550 112
216543 216542 775
216543 216545 259
216539 216540 834
216539 216542 1086
216518 216517 1129
216518 216540 1413
217162 217161 722
217162 217176 1086
217176 217162 1086
217176 217164 573
217156 217153 996
217156 217155 864
217156 217170 2215
217166 217174 516
217166 217175 1517
217202 217174 1422
217202 217204 1008
217204 217202 1008
217204 217213 354
215593 217203 462
215593 217229 450
217229 215593 450
217229 217228 580
217238 217236 1300
217238 217240 917
217241 217240 1766
217241 217260 563
217249 224739 310
216736 216734 596
216736 216737 825
216736 216740 1176
217442 217444 422
217445 217444 1102
217445 217449 573
217449 217445 573
217449 217461 1900
217452 217453 621
217452 217456 380
217452 217467 1020
217466 217464 846
217466 217467 721
217439 217438 3080
215371 215374 234
215371 224383 207
217440 217233 228
217440 217438 949
217686 217691 751
217686 217692 875
217713 217714 303
217727 217717 789
217727 217729 2299
217764 217729 849
217764 217766 897
217764 217768 3011
217765 217766 1352
217765 224390 1070
217781 217770 1088
217781 217783 2305
217457 217455 271
217459 217455 842
217459 217473 716
217474 217473 847
217474 217479 756
217474 217518 1260
217521 217518 884
217513 217515 47
217531 217536 1782
217263 217535 1236
217263 217602 343
217526 217525 838
217526 217530 1486
217526 217606 779
217786 217850 750
217852 217853 669
217852 217857 1447
217852 217870 758
217873 217870 566
217873 217874 1612
217877 217874 243
217877 217883 395
217879 217883 490
217879 217929 344
217925 217929 312
217537 217538 423
217537 217546 410
217625 217623 1270
217625 217630 297
220990 217547 386
217630 217625 297
217630 217629 599
217645 217644 647
217645 217651 2057
217673 217650 612
217673 217675 299
217931 217932 920
217933 217934 2334
217936 224394 636
217946 217947 1323
217946 217951 592
217946 217952 2483
222566 222567 1631
224214 224215 301
224214 224216 697
224215 224214 301
224215 224218 3006
224143 224145 1067
224143 224228 672
222586 222585 1118
222586 222585 1118
223837 223839 585
223860 224424 908
223860 224424 908
223861 223866 1046
223861 223867 827
223835 223834 1051
223835 223844 1277
223838 223851 1879
223838 223852 905
223850 223844 441
223850 223851 453
223692 223687 934
223692 223842 3930
223834 223835 1051
223834 223843 855
223864 223866 1701
223869 223866 854
223869 223884 856
223869 223885 755
223880 223875 803
223880 223881 1771
223880 223882 355
223894 223884 452
223894 223893 1012
223723 224025 542
223874 223875 643
223874 223876 809
216240 216241 731
216240 216246 1997
216245 216246 665
216245 216938 2045
216083 216082 725
216083 216241 2259
216935 216937 1959
216936 216937 827
216936 216938 753
216936 216940 1095
216232 216238 819
216232 216248 746
216232 216253 1954
216248 216232 746
216248 216254 2059
216238 216232 819
216238 216235 807
216238 216250 1951
216235 216238 807
216235 216272 1913
216271 216272 751
216282 216281 534
216282 216283 911
216282 216285 1225
216282 217589 1072
216287 216288 1550
216287 222547 791
215527 215526 2173
215527 222534 753
215527 222547 2282
222535 215526 845
222535 220449 853
220449 220448 1814
220449 222535 853
216278 216281 499
216278 216283 793
216284 216283 1155
216284 216299 945
216299 216284 945
216299 216285 1195
216299 216300 573
216303 216300 1240
216303 216304 829
216325 216304 1063
216325 216327 759
216331 216327 837
216331 216332 2538
216345 216347 2320
216346 216347 706
216346 216350 2077
216346 216953 1341
216263 216273 3858
219987 219988 196
219987 224334 1304
224335 224334 712
222491 222475 1058
222491 222492 675
222489 222488 1148
222489 222492 1053
222489 222498 852
222488 222489 1148
222488 222490 878
222528 222527 1398
222528 222529 1580
223685 223687 725
223685 223688 938
223799 223777 841
223799 223804 1468
223809 223810 623
223809 223812 112
223813 223816 469
223813 223819 697
223814 223815 1078
223686 223687 754
223686 223822 2345
223784 223788 697
223784 223840 753
223822 223686 2345
223822 223823 812
223822 223840 2620
223787 223786 708
223787 224012 909
223774 223779 638
223774 223780 503
223775 223781 1023
223777 223789 1286
223777 223799 841
139799 139798 1326
147744 147743 415
147744 147819 739
147743 147742 901
147743 147744 415
147758 147753 625
147758 147760 1352
147763 147769 866
147763 147770 435
148079 147772 718
147767 147768 1302
147767 147772 1805
198705 198701 579
198705 198737 96
171706 171705 747
171706 171707 3591
171707 171706 3591
171707 171709 767
171590 171592 703
159533 159534 753
159554 159534 2810
159541 159540 475
159541 159549 238
159549 159541 238
159549 159548 851
159550 159548 2859
159550 159551 276
171384 171385 1010
171384 171402 650
171387 171388 739
171387 171654 1811
171671 171670 2089
171671 171674 1818
171671 171677 1023
171044 171045 874
171676 171045 2914
171676 171677 698
95933 95931 1119
95933 95932 574
95933 101975 1643
95937 101929 1044
95473 95467 3351
95473 95472 2017
96009 96011 713
96009 96013 1526
95281 95290 1594
95281 95293 2268
95281 95308 2
95293 95281 2268
95293 95284 1494
95323 95306 3204
95323 95326 3511
95464 95468 344
95464 95469 222
95329 95463 1945
95329 95465 1268
95465 95329 1268
95465 95463 3030
95830 94762 706
95830 95832 13269
102569 102563 3985
102569 102570 1914
102569 102571 1002
95926 95927 401
95930 95931 1126
96335 96334 2271
96335 96344 1427
96334 96335 2271
96334 96336 337
96348 96349 1133
96348 96351 1725
96040 96248 1212
96012 96013 448
94345 101223 678
94345 101436 1166
96042 96338 2459
96042 96339 1008
96360 96358 1054
96360 96363 2428
96364 96363 1101
96364 96419 1211
96419 96364 1211
96419 96373 2668
96424 96423 3107
96436 96441 504
95993 95992 499
95993 96440 1386
95993 101921 866
96454 96457 778
96460 98994 504
98996 98994 1177
98996 99002 672
99002 98996 672
99002 99000 765
99002 99003 1257
99019 99003 139
99019 99020 983
99426 99410 1223
99426 99424 1362
99417 99418 678
99417 100090 514
99437 99438 939
99437 99439 2888
101729 100213 6461
101729 101734 2847
99364 99360 664
99364 102885 2274
99405 99365 1831
99405 99406 931
99113 99112 782
99126 99119 504
99155 99158 1622
102858 102859 1987
99168 99159 5001
99168 99173 1033
99366 99175 1115
99366 99380 803
99369 99367 2167
99369 99370 1455
102122 102860 975
102122 103049 811
99171 99367 454
99128 99130 456
42389 42385 1103
42389 42391 3454
42393 42391 682
42415 42418 872
42521 42395 1739
42521 42520 3014
42425 42426 475
42526 42419 1344
42591 42594 84
42291 42523 629
42291 42524 941
42270 42268 878
42270 42520 5524
42229 42228 488
42842 42834 562
42842 42841 1675
42846 42841 2816
42311 42312 2614
42856 42857 2028
42856 42861 1199
42881 42869 2199
42881 42873 1334
42881 42878 1906
42929 42926 3372
42929 42931 1055
42944 42874 796
42944 42933 796
42954 42950 2982
42954 43172 452
42807 42808 880
42807 42809 1053
43180 42808 2823
43180 43173 629
42918 42917 309
45004 44995 333
44995 45004 333
41918 41919 253
41919 41918 253
123007 123008 2423
123008 123007 2423
125709 125708 418
125707 124103 2650
125708 125709 418
124103 124988 2233
124103 125707 2650
124988 124103 2233
124996 125011 3157
125011 124996 3157
128655 128646 1023
128646 128655 1023
120521 120523 1866
120525 120531 837
120523 120521 1866
120531 120525 837
120533 120547 511
120547 120533 511
68443 68449 2401
68073 68075 796
68075 68073 796
68449 68443 2401
68825 68829 1277
68829 68825 1277
68919 68922 2092
68921 68922 789
71181 71183 2468
71183 71181 2468
71377 71382 936
71382 71377 936
71432 71435 356
71435 71432 356
71676 71728 1531
71728 71676 1531
71581 71577 809
71583 71577 889
68393 68394 837
68396 68394 3160
68396 68419 1117
68416 68394 2022
71540 68419 2224
68413 68422 1120
71531 71537 404
71536 71537 1310
71545 71576 3496
71577 71576 1358
71577 71581 809
71577 71583 889
71701 71703 768
71716 71703 2407
71716 71732 553
71732 71716 553
71732 71741 602
71735 71741 1531
71735 71743 711
71743 71735 711
71743 71745 1636
71743 71750 873
71750 71743 873
71750 71748 1535
71906 71748 1108
71906 71907 753
71907 71906 753
71907 71909 1474
71907 71911 1056
72005 71990 1619
72005 72004 796
72068 72004 3637
72068 72064 1212
72064 72063 752
72064 72068 1212
71909 71907 1474
71909 71912 924
71934 71930 477
71936 71930 277
71988 71931 538
71989 71931 873
71990 71985 581
71990 71986 562
71990 72005 1619
72003 71986 279
72008 72016 1032
72008 72019 830
72012 72014 437
72012 72015 1004
72190 72015 581
72014 72012 437
72014 72016 711
72188 72192 1144
61941 72229 788
72238 72229 1000
72200 72230 685
72234 72233 792
72236 72233 2668
72227 72228 1228
72252 72228 1474
72258 72173 713
72258 72250 1423
72258 72257 747
72261 72257 873
72173 72155 1619
72173 72169 893
72173 72258 713
68941 68939 1256
68922 68919 2092
68922 68921 789
68922 68926 1535
68922 68927 739
69000 68882 606
68931 68933 814
68931 68934 1643
68926 68922 1535
68926 68934 808
69007 68937 1551
72174 72169 1148
72174 72406 643
72406 72174 643
72406 72405 973
72407 72405 570
72407 72412 658
72639 72412 1268
72639 72642 632
72644 72642 1505
72644 72646 768
72653 72430 1086
72654 72430 740
72654 72432 277
72646 72644 768
72646 72645 1376
72432 72431 1936
72432 72654 277
72432 72656 685
72658 72656 1732
72696 72695 496
72710 72711 507
72714 72712 796
72714 72716 1140
72666 72697 713
72706 72697 2021
72716 72701 1030
72716 72714 1140
72538 72539 590
72810 72539 1203
72810 72809 796
72826 72809 1286
72826 72824 672
72824 72825 717
72824 72826 672
72824 72830 987
72831 72830 602
221034 220863 995
220941 220940 575
221044 221036 1048
221023 221020 814
221023 221022 232
221025 221022 969
221041 221040 1050
221042 221040 2327
221019 221020 355
221021 221020 764
224306 220948 390
224306 220956 636
220935 220934 1072
220935 220936 814
223329 223330 670
224531 224530 1340
217428 217429 1580
217446 217429 743
224652 217429 18
221050 221051 310
220561 220514 681
220561 220560 809
220563 220562 259
220575 220562 4473
220565 220564 2800
220066 220070 1168
220074 220072 1198
220080 220072 1122
220061 220079 951
220153 220081 1728
220153 220083 1403
220178 220083 2418
220178 220100 1152
220195 220194 2076
220472 220422 870
220472 220474 1477
220197 220186 360
220198 220200 902
220198 220201 882
220201 220198 882
220201 220200 208
224528 220476 929
224528 224532 1148
224532 220476 1100
224532 224528 1148
220490 224689 1060
224688 224689 723
220506 220503 866
220506 220514 2199
221679 221667 2138
221679 221678 723
221696 221678 1996
221696 221680 789
221734 221716 427
221735 221716 1996
221735 221809 672
221720 221719 776
221721 221719 1562
218540 221667 606
221668 221667 746
221682 221666 687
221682 221681 556
221937 221666 631
219779 219778 825
219779 221681 776
221684 221681 841
221684 221683 145
221717 221657 2455
221717 221712 504
221717 221714 765
221717 221718 1523
221718 221712 1528
221718 221717 1523
221808 221732 466
221809 221732 234
221809 221735 672
219964 219948 609
219963 219961 470
221821 219954 531
221692 221691 797
221776 221775 952
221823 221775 1271
224916 221775 1244
219957 219951 325
219957 219955 742
219959 219951 1300
219955 219953 1013
219955 219957 742
221375 219898 952
221375 221386 1048
221375 221420 892
221791 221714 2256
221791 221792 762
221654 221653 1988
221654 221756 690
221654 221758 1166
221757 221755 833
221757 221756 1093
221757 221758 650
221790 221758 2152
221790 221801 258
221801 221790 258
221801 221792 636
221812 221792 2297
221386 221375 1048
221386 221383 1058
221386 221432 801
221433 221432 1318
221433 221434 2476
221433 224404 345
224554 221437 192
224554 221454 705
224554 224404 988
221441 221434 848
221508 221434 2729
221508 221524 959
221520 221456 803
221520 221459 1959
221520 221524 821
221524 221508 959
221524 221520 821
221524 221738 1263
221739 221738 876
221742 221740 815
221747 221740 2997
221747 221746 837
221765 221746 2078
221765 221759 812
221759 221755 2052
221759 221765 812
224662 220956 1375
224662 220957 803
220976 220957 1548
220976 220977 614
220981 220977 816
220981 220980 752
220982 220977 1791
220974 220973 834
220974 220980 1503
220972 220970 704
220972 220971 1941
220975 220970 1574
219262 219261 944
219264 219263 704
221301 221297 7302
221319 221303 533
221320 221303 867
224327 221303 1739
221309 221308 213
221309 221366 767
221365 221249 168
221460 221366 2699
221462 221367 1018
221377 221376 892
221382 221379 990
221383 221384 865
221383 221386 1058
224373 216652 117
216716 216671 196
216716 216718 417
216694 216693 907
224841 216693 716
216696 216695 883
216696 216697 1154
216524 216523 749
216525 216523 2748
216525 216581 777
216794 216791 723
216796 216791 1528
216800 216791 985
216800 216798 337
216818 216802 684
216823 216802 1562
216823 216821 737
216759 216755 1990
216759 216756 731
216759 216758 892
216746 216697 260
216760 216754 803
216760 224191 1177
216756 216754 1914
216756 216759 731
216883 216821 906
216883 216887 770
216886 216758 1706
216886 216880 1101
216887 216880 710
216887 216883 770
216888 216880 1828
216550 216085 112
216542 216539 1086
216542 216543 775
216545 216543 259
216540 216518 1413
216540 216539 834
216517 216518 1129
217161 217162 722
217164 217153 2690
217164 217176 573
217153 217156 996
217153 217164 2690
217155 217156 864
217170 217156 2215
217174 217166 516
217174 217202 1422
217174 217228 3391
217175 217166 1517
217213 217204 354
217203 215593 462
217228 217174 3391
217228 217229 580
217236 217238 1300
217240 217238 917
217240 217241 1766
217260 217241 563
224739 217249 310
216734 216736 596
216734 216740 1145
216737 216736 825
216740 216734 1145
216740 216736 1176
217444 217442 422
217444 217445 1102
217461 217449 1900
217461 217464 916
217453 217452 621
217456 217452 380
217467 217452 1020
217467 217466 721
217464 217461 916
217464 217466 846
217438 217439 3080
217438 217440 949
215374 215371 234
224383 215371 207
217233 217440 228
217691 217686 751
217692 217686 875
217714 217713 303
217714 217717 403
217717 217714 403
217717 217727 789
217729 217727 2299
217729 217764 849
217766 217764 897
217766 217765 1352
217768 217764 3011
224390 217765 1070
217770 217781 1088
217783 217781 2305
217783 217850 834
217455 217457 271
217455 217459 842
217473 217459 716
217473 217474 847
217479 217474 756
217518 217474 1260
217518 217521 884
217518 217525 238
217515 217513 47
217536 217531 1782
217536 217538 1008
217535 217263 1236
217602 217263 343
217525 217518 238
217525 217526 838
217530 217526 1486
217606 217526 779
217850 217783 834
217850 217786 750
217850 217853 1464
217853 217850 1464
217853 217852 669
217857 217852 1447
217870 217852 758
217870 217873 566
217874 217873 1612
217874 217877 243
217883 217877 395
217883 217879 490
217929 217879 344
217929 217925 312
217538 217536 1008
217538 217537 423
217546 217537 410
217546 217547 258
217623 217625 1270
217547 217546 258
217547 220990 386
217629 217630 599
217644 217645 647
217644 217650 1994
217651 217645 2057
217651 217650 806
217650 217644 1994
217650 217651 806
217650 217673 612
217675 217673 299
217932 217931 920
217934 217933 2334
224394 217936 636
224394 217947 372
217947 217946 1323
217947 224394 372
217951 217946 592
217952 217946 2483
222567 222566 1631
224216 224214 697
224218 224215 3006
224218 224228 697
224145 222585 667
224145 224143 1067
224145 224228 1000
224228 224143 672
224228 224145 1000
224228 224218 697
222585 222586 1118
222585 222586 1118
222585 224145 667
223839 223837 585
223839 223852 765
224424 223860 908
224424 223860 908
223866 223861 1046
223866 223864 1701
223866 223869 854
223867 223861 827
223844 223835 1277
223844 223843 669
223844 223850 441
223851 223838 1879
223851 223850 453
223852 223838 905
223852 223839 765
223687 223685 725
223687 223686 754
223687 223692 934
223687 223823 2240
223842 223692 3930
223842 223843 879
223843 223834 855
223843 223842 879
223843 223844 669
223884 223869 856
223884 223894 452
223885 223869 755
223875 223874 643
223875 223880 803
223881 223880 1771
223882 223880 355
223893 223894 1012
224025 223723 542
223876 223874 809
216241 216083 2259
216241 216240 731
216246 216240 1997
216246 216245 665
216938 216245 2045
216938 216936 753
216082 216083 725
216937 216254 781
216937 216935 1959
216937 216936 827
216940 216936 1095
216253 216232 1954
216253 216250 779
216253 216254 802
216254 216248 2059
216254 216253 802
216254 216937 781
216250 216238 1951
216250 216253 779
216250 216272 852
216272 216235 1913
216272 216250 852
216272 216271 751
216281 216278 499
216281 216282 534
216283 216278 793
216283 216282 911
216283 216284 1155
216283 216285 608
216285 216282 1225
216285 216283 608
216285 216299 1195
216285 217589 1309
217589 216282 1072
217589 216285 1309
216288 216287 1550
222547 215527 2282
222547 216287 791
215526 215527 2173
215526 222527 178
215526 222535 845
222534 215527 753
220448 220449 1814
216300 216299 573
216300 216303 1240
216304 216303 829
216304 216325 1063
216327 216325 759
216327 216331 837
216332 216331 2538
216332 216347 924
216347 216332 924
216347 216345 2320
216347 216346 706
216350 216346 2077
216953 216273 2249
216953 216346 1341
216273 216263 3858
216273 216953 2249
219988 219987 196
224334 219987 1304
224334 224335 712
222475 222491 1058
222492 222489 1053
222492 222491 675
222498 222489 852
222498 222490 1170
222490 222488 878
222490 222498 1170
222490 222529 483
222527 215526 178
222527 222528 1398
222529 222490 483
222529 222528 1580
223688 223685 938
223804 223799 1468
223810 223809 623
223812 223809 112
223816 223813 469
223816 223815 1099
223819 223813 697
223815 223814 1078
223815 223816 1099
223788 223784 697
223788 223786 937
223840 223784 753
223840 223822 2620
223823 223687 2240
223823 223822 812
223786 223787 708
223786 223788 937
224012 223787 909
223779 223774 638
223780 223774 503
223780 223781 470
223781 223775 1023
223781 223780 470
223789 223777 1286
139798 139799 1326
147819 147744 739
147742 147743 901
147753 147758 625
147760 147758 1352
147769 147763 866
147770 147763 435
147770 147772 1121
147772 147767 1805
147772 147770 1121
147772 148079 718
147768 147767 1302
198701 198705 579
198737 198705 96
171705 171706 747
171709 171707 767
171592 171590 703
159534 159533 753
159534 159554 2810
159540 159541 475
159548 159549 851
159548 159550 2859
159551 159550 276
171385 171384 1010
171402 171384 650
171388 171387 739
171654 171387 1811
171670 171671 2089
171674 171671 1818
171677 171671 1023
171677 171676 698
171045 171044 874
171045 171676 2914
95931 95930 1126
95931 95933 1119
95932 95933 574
101975 95933 1643
101975 101929 300
101929 95937 1044
101929 101975 300
95467 95463 1115
95467 95473 3351
95472 95473 2017
96011 96009 713
96013 96009 1526
96013 96012 448
95290 95281 1594
95290 95306 1265
95308 95281 2
95284 95293 1494
95306 95290 1265
95306 95323 3204
95326 95323 3511
95468 95464 344
95469 95464 222
95463 95329 1945
95463 95465 3030
95463 95467 1115
94762 95830 706
95832 95830 13269
102563 102569 3985
102563 102570 3249
102570 102563 3249
102570 102569 1914
102570 102571 921
102571 102569 1002
102571 102570 921
95927 95926 401
96344 96335 1427
96336 96334 337
96336 96349 4109
96349 96336 4109
96349 96348 1133
96351 96348 1725
96248 96040 1212
101223 94345 678
101436 94345 1166
96338 96042 2459
96339 96042 1008
96358 96360 1054
96363 96360 2428
96363 96364 1101
96373 96419 2668
96423 96424 3107
96441 96436 504
95992 95993 499
96440 95993 1386
101921 95993 866
96457 96454 778
98994 96460 504
98994 98996 1177
99000 99002 765
99003 99002 1257
99003 99019 139
99020 99019 983
99410 99426 1223
99424 99426 1362
99418 99417 678
100090 99417 514
99438 99437 939
99439 99437 2888
100213 101729 6461
101734 101729 2847
99360 99364 664
99360 99365 806
102885 99364 2274
99365 99360 806
99365 99405 1831
99406 99405 931
99112 99113 782
99112 99119 672
99119 99112 672
99119 99126 504
99158 99155 1622
102859 102858 1987
99159 99168 5001
99173 99168 1033
99173 99175 1033
99175 99173 1033
99175 99366 1115
99380 99366 803
99380 102860 395
99367 99171 454
99367 99369 2167
99370 99369 1455
102860 99380 395
102860 102122 975
103049 102122 811
99130 99128 456
42385 42389 1103
42391 42389 3454
42391 42393 682
42418 42415 872
42418 42419 788
42418 42426 809
42395 42521 1739
42520 42270 5524
42520 42521 3014
42426 42418 809
42426 42425 475
42419 42418 788
42419 42526 1344
42594 42591 84
42523 42291 629
42524 42291 941
42268 42270 878
42228 42229 488
42834 42842 562
42841 42842 1675
42841 42846 2816
42312 42311 2614
42857 42856 2028
42861 42856 1199
42869 42881 2199
42873 42874 562
42873 42881 1334
42878 42881 1906
42926 42929 3372
42931 42929 1055
42931 42950 1502
42874 42873 562
42874 42944 796
42933 42944 796
42950 42931 1502
42950 42954 2982
43172 42954 452
43172 43173 682
42808 42807 880
42808 43180 2823
42809 42807 1053
43173 43172 682
43173 43180 629
42917 42918 309
892
68394
68419
68422
71537
71576
71703
71741
71745
71748
71911
72004
72063
71912
71930
71931
71986
71985
72019
72015
72016
72192
72229
72230
72233
72228
72250
72257
72155
68939
68927
68882
68933
68934
68937
72169
72405
72412
72642
72430
72645
72431
72656
72695
72711
72712
72697
72701
72539
72809
72825
72830
220863
220940
221036
221022
221040
221020
220948
220934
220936
223330
224530
217429
221051
220560
220562
220564
220070
220072
220079
220081
220083
220100
220194
220422
220186
220200
220474
220476
224689
220503
220514
221678
221680
221716
221719
221667
221666
221681
221657
221712
221732
219948
219961
219778
221683
219954
221691
221775
219951
219953
219898
221714
221758
221792
221653
221420
221432
224404
221437
221454
221434
221456
221459
221738
221740
221746
221755
221756
220956
220957
220977
220973
220980
220970
220971
219261
219263
221297
221303
221308
221249
221366
221367
221376
221379
221384
216652
216718
216693
216671
216695
216523
216581
216791
216798
216802
216755
216697
224191
216754
216821
216880
216758
216085
216543
216539
216518
217162
217176
217156
217166
217202
217204
215593
217229
217238
217241
217249
216736
217442
217445
217449
217452
217466
217439
215371
217440
217686
217713
217727
217764
217765
217781
217457
217459
217474
217521
217513
217531
217263
217526
217786
217852
217873
217877
217879
217925
217537
217625
220990
217630
217645
217673
217931
217933
217936
217946
222566
224214
224215
224143
222586
223837
223860
223861
223835
223838
223850
223692
223834
223864
223869
223880
223894
223723
223874
216240
216245
216083
216935
216936
216232
216248
216238
216235
216271
216282
216287
215527
222535
220449
216278
216284
216299
216303
216325
216331
216345
216346
216263
219987
224335
222491
222489
222488
222528
223685
223799
223809
223813
223814
223686
223784
223822
223787
223774
223775
223777
139799
147744
147743
147758
147763
148079
147767
198705
171706
171707
171590
159533
159554
159541
159549
159550
171384
171387
171671
171044
171676
95933
95937
95473
96009
95281
95293
95323
95464
95329
95465
95830
102569
95926
95930
96335
96334
96348
96040
96012
94345
96042
96360
96364
96419
96424
96436
95993
96454
96460
98996
99002
99019
99426
99417
99437
101729
99364
99405
99113
99126
99155
102858
99168
99366
99369
102122
99171
99128
42389
42393
42415
42521
42425
42526
42591
42291
42270
42229
42842
42846
42311
42856
42881
42929
42944
42954
42807
43180
42918
43075
43190
43186
43040
43031
43070
43295
41692
41439
43076
43059
43085
43080
43083
44946
44950
44963
44960
44981
44998
44997
45012
45004
45007
44995
125460
125458
125494
125492
125521
125539
125679
125763
125687
125777
41918
123058
41919
41925
45061
123055
123075
123092
123110
122993
123005
123007
123008
123089
123626
123629
132472
123655
123737
122468
123240
122472
123632
45070
45073
44933
44934
125780
125875
125830
125734
125821
125822
125824
125887
125709
125715
125733
125707
125708
124103
124095
124981
124988
124985
124994
124996
125011
128395
128396
128428
128548
128567
128570
128652
132426
128655
128646
128660
124881
128681
128686
120437
128664
128672
120521
120525
120523
120531
120533
120547
120457
120488
120491
67645
120439
120453
76606
68434
68435
68443
120637
120639
68005
68006
68046
68053
68073
68078
68087
68075
68081
68185
68181
68190
76607
68268
68299
68323
68341
68342
68345
68449
68578
68581
68825
68829
68858
68861
68919
68921
72626
72885
73099
73101
73102
71181
71183
71422
71377
71368
71399
71400
71382
71432
71435
71457
71510
76563
71676
71728
71262
71462
71454
71789
71580
71581
71583
68305
68870
68393
68396
68416
68413
71531
71536
71545
71701
71716
71732
71735
71743
71750
71906
72005
72068
72064
71909
71934
71936
71988
71989
72003
72008
72012
72190
72014
72188
61941
72238
72200
72234
72236
72227
72252
72258
72261
72173
68931
68926
72406
72407
72639
72644
72654
72646
72658
72696
72714
72666
72706
72716
72538
72810
72826
72831
220941
221044
221023
221025
221041
221042
224306
220935
223329
217428
224652
221050
220561
220563
220066
220074
220061
220153
220178
220195
220472
220198
220201
224528
220490
224688
220506
221679
221696
221735
221720
221721
218540
221668
221682
221937
221718
221808
221809
219964
219963
221821
221692
221823
219957
219959
219955
221791
221757
221790
221801
221812
221386
221433
221441
221508
221524
221739
221742
221747
221765
221759
224662
220976
220981
220982
220974
220972
220975
219262
221301
221319
221320
224327
221309
221460
221462
221377
221382
221383
216716
216694
216696
216524
216525
216794
216796
216800
216818
216823
216759
216746
216760
216756
216883
216886
216887
216888
216550
216542
216545
216540
216517
217161
217153
217155
217170
217228
217236
217240
216734
216737
216740
217444
217461
217453
217456
217467
217464
217438
217233
217692
217714
217717
217729
217766
217768
224390
217770
217783
217455
217473
217479
217536
217535
217602
217525
217530
217606
217850
217853
217857
217870
217874
217883
217929
217538
217623
217547
217629
217644
217675
217932
217934
217947
217951
217952
224216
224218
223839
224424
223867
223844
223851
223852
223842
223843
223884
223875
223881
223893
223876
216241
216246
216938
216082
216937
217589
216288
222547
215526
222534
216300
216304
216327
216332
216347
216350
216953
216273
219988
224334
222475
222492
222498
222527
222529
223804
223810
223812
223819
223815
223788
223840
223823
223786
224012
223781
223789
139798
147742
147753
147770
147772
198701
198737
171705
171709
159534
159540
159548
171402
171388
171670
171674
171677
171045
95931
95932
95467
95472
96011
95290
95284
95306
95469
94762
95832
102563
102571
96344
96336
96349
96351
96248
96339
96358
96363
96373
96423
96441
95992
96440
101921
96457
98994
99000
99003
99020
99410
99424
99438
99439
100213
101734
99360
102885
99365
99406
99112
99119
99158
99159
99173
99175
99380
99367
99370
102860
99130
42385
42395
42520
42419
42268
42228
42834
42841
42312
42861
42869
42873
42878
42926
42931
42874
42933
42950
43172
42808
42809
42917
