784
143227 143231 653
143227 143232 477
143229 143232 815
143229 143238 2662
143292 143238 877
143292 143294 2609
143296 143294 869
143296 143357 2831
143361 143357 998
143361 143366 2601
143367 143370 254
143367 143388 1002
144918 144920 713
144918 144921 2287
144962 144921 826
144962 144970 2307
144981 144970 896
144981 144974 1021
144981 144987 976
144973 144971 721
144973 144972 917
144973 144978 1133
144974 144981 1021
144974 144984 271
144974 144986 315
144966 144972 272
144971 144972 573
144971 144973 721
204933 204787 1949
204933 204936 755
204936 204933 755
204936 204937 1935
204940 204937 797
204950 204965 28526
204921 214524 494
207725 207726 2557
207725 207727 547
144977 144979 724
145165 144979 686
145165 145166 766
145165 145167 1904
145166 145165 766
145166 145168 1898
145166 145169 891
145169 145166 891
145169 145171 1850
145180 145171 770
145180 145184 1682
145185 145184 854
145185 145188 795
145185 145189 1676
145187 145188 1658
145227 145188 855
145227 145229 1670
145232 145229 834
145232 145250 1738
145251 145250 887
145251 145264 1794
145263 145264 741
145267 145270 854
145267 145272 1704
145273 145272 1361
146443 146441 1245
146443 146445 1023
146443 146446 1572
146605 146612 912
146605 146613 822
146606 146613 853
146606 146616 2295
146616 146606 2295
146616 146617 818
146616 146620 724
146674 146621 818
146674 146689 1339
146625 146673 830
146625 146676 2204
146675 146676 805
146675 146690 793
146675 146696 2478
146673 146625 830
146673 146677 2176
146683 146677 864
146683 146684 2515
146685 146686 2438
146687 146684 807
146687 146686 839
146687 146820 648
146815 146686 790
146817 146820 2322
146817 146821 814
146868 146846 882
146869 146846 2408
146869 146867 778
146869 146871 585
146827 146823 2407
146827 146825 924
146827 146839 723
146832 146825 2275
146832 146833 818
146845 146843 724
146845 146846 879
146845 146867 2444
146889 146833 2653
146889 146890 847
146892 146890 2445
146892 146891 856
146918 148965 3384
146921 146920 17
146926 151628 355
150132 146920 2029
150132 150131 11268
209842 211083 416
211396 211713 1150
210732 210950 557
210012 210013 1870
172262 172263 436
152793 152800 600
152798 152801 1226
152688 152800 984
152808 152801 1234
152808 152806 683
152808 153792 782
153792 152808 782
153792 153809 951
172675 172673 403
172675 172674 217
172675 172676 738
153544 153543 890
153544 153545 1055
153556 153537 1935
153556 153596 1705
153556 153599 562
153595 153596 951
153603 153602 276
153603 172672 1577
153535 153536 790
153535 153549 1447
153550 153549 355
153523 153542 828
153540 153539 1867
153540 153546 905
153548 153547 2318
153548 162506 848
153536 153535 790
153536 153542 1398
162507 162504 1812
162507 168524 475
152659 152660 952
168523 168507 1779
168523 168524 506
168505 162498 2600
168505 168500 789
168507 162500 1105
168507 168523 1779
168451 168452 222
168451 168500 1935
167621 167644 796
167612 167750 1055
167702 167806 782
167702 167807 2194
167797 167798 672
167797 167806 2485
167807 167702 2194
167807 167808 1111
167807 168468 843
178612 178613 2171
178612 178621 2901
178612 178846 2087
178642 178643 474
178642 178644 1115
178642 178856 3267
178856 178642 3267
178856 178857 1466
178860 178861 765
178842 178843 600
180046 180040 765
180046 180047 2126
180046 180049 2700
180049 180046 2700
180049 180050 504
173040 173041 1335
173040 177669 5683
179777 179775 452
179777 179857 2146
179867 179945 226
179869 179870 697
179869 179893 945
179942 179944 672
179942 181781 707
179952 179934 743
179952 179959 214
179959 179952 214
179959 179960 228
179955 179956 518
179955 179964 1796
152871 152873 1919
152871 152878 276
152868 152869 933
152868 152878 3240
152872 152876 238
152861 153823 828
152861 153824 3760
153842 153826 404
153842 153843 337
152804 152800 985
152804 152805 1336
152811 152805 766
152811 152814 758
152811 152815 1334
152814 152811 758
152814 152816 1334
152823 152816 710
152823 153811 688
153822 153820 600
153822 153823 2334
152844 152843 766
152844 152869 1344
172254 172255 677
172254 172256 344
172246 172242 924
172246 172247 630
152843 152844 766
152843 152870 1558
153248 152870 850
153248 153250 674
153223 153238 758
153223 153262 1445
153249 153251 1667
153249 153262 850
153250 153248 674
153250 153251 674
153238 153223 758
153238 153244 674
153238 153272 1556
153245 153278 1114
153244 153238 674
153244 153277 1447
153244 153278 842
156107 156105 605
156107 156114 697
156022 156020 650
156022 156105 1029
156016 156017 276
156016 156125 1560
156125 156016 1560
156125 156169 605
156170 156171 1004
156170 156184 333
156171 156170 1004
156171 156172 1012
156174 156164 1014
156174 156180 517
156181 156180 1011
156582 156581 683
156582 156716 344
153332 153334 2347
153332 153350 842
153332 153356 672
153364 153362 887
153374 153375 893
153374 153376 927
153374 153447 933
153370 153371 3297
153370 154832 818
153370 154836 2350
153403 153402 1343
153403 153404 511
153487 153497 905
153487 154847 953
154845 154846 1300
153490 153496 890
153491 153492 464
153491 153493 553
154842 154843 2749
154842 157020 276
154872 154864 2515
154863 154864 1484
154863 157003 552
153408 154837 1602
154868 154867 2237
154868 154871 475
154870 154869 766
155915 155914 1193
155915 155933 2652
155923 155580 890
155923 155933 751
155923 155957 738
155577 155578 1910
155577 155585 797
155912 155914 2423
155912 155934 890
155912 156134 810
156115 156112 696
156115 172313 337
156113 156112 1747
156113 156114 810
155584 155585 1121
155903 155902 630
155902 155903 630
179964 179955 1796
177335 177390 673
160224 160222 3217
160222 160224 3217
156894 156882 1307
156882 156894 1307
156888 156887 590
156887 156888 590
177390 177335 673
165929 165930 808
165930 165929 808
165636 165637 837
165636 165638 789
165637 165636 837
165557 165559 818
165638 165636 789
167692 167760 2797
167760 167692 2797
167753 167672 3034
167789 167798 782
167672 167753 3034
167674 167680 1956
167680 167674 1956
167833 167834 1035
165996 165995 337
165995 165996 337
167834 167833 1035
165559 165557 818
165671 165670 818
213403 214585 227
214585 213403 227
164884 164899 2718
164899 164884 2718
165670 165671 818
165732 165729 404
165729 165732 404
119081 119080 672
119080 119081 672
92521 92523 929
108456 108470 903
108470 108456 903
108613 108612 1234
108612 108613 1234
93127 93124 1224
93124 93125 1114
93124 93127 1224
93125 93124 1114
92523 92521 929
92711 92716 1209
92716 92711 1209
191837 191856 247
191856 191837 247
192634 192631 1413
192631 192634 1413
191052 192639 537
192639 191052 537
113962 114054 651
114054 113962 651
109740 109741 1223
109741 109740 1223
110244 111367 747
111367 110244 747
104711 104722 1797
104722 104711 1797
39098 39094 2561
39094 39098 2561
39251 39266 1337
39266 39251 1337
37070 37073 1111
37073 37070 1111
38176 38190 939
38190 38176 939
37151 37160 1742
37160 37151 1742
38212 38367 1116
38367 38212 1116
38441 38445 1124
38445 38441 1124
38492 38493 747
38500 38501 810
38493 38492 747
38501 38500 810
38866 38868 1412
38868 38866 1412
40686 40687 1768
40687 40686 1768
40692 39000 2452
39000 40692 2452
38961 38962 2322
38962 38961 2322
41553 41555 2510
38970 38974 630
38974 38970 630
41555 41553 2510
47868 47873 904
47873 47868 904
47939 47863 853
47944 47949 1255
47863 47939 853
47949 47944 1255
47952 47954 789
47954 47952 789
130871 130845 1880
130871 130889 782
130889 130871 782
130845 130871 1880
131274 126187 443
126187 131274 443
131614 131623 1892
131623 131614 1892
131716 131717 747
131722 132204 1160
131717 131716 747
132204 131722 1160
132209 132222 1616
132222 132209 1616
132230 132232 874
132232 132230 874
132232 132252 808
132252 132232 808
132252 132257 837
132257 132252 837
132259 132261 1735
132261 132259 1735
54147 54149 650
54149 54147 650
54159 54166 807
54166 54159 807
54234 54235 1161
54235 54234 1161
143391 143388 197
143605 143826 892
143972 143816 804
143816 143972 804
143750 143751 1432
143751 143750 1432
143744 143738 384
143826 143605 892
143738 143744 384
144902 144907 916
144905 144922 366
144907 144902 916
144922 144905 366
144920 144918 713
143226 143231 383
143231 143226 383
143231 143227 653
143231 143232 647
143232 143227 477
143232 143229 815
143232 143231 647
143238 143229 2662
143238 143292 877
143294 143292 2609
143294 143296 869
143357 143296 2831
143357 143361 998
143366 143361 2601
143366 143370 755
143370 143366 755
143370 143367 254
143388 143367 1002
143388 143391 197
144921 144918 2287
144921 144962 826
144970 144962 2307
144970 144981 896
144987 144981 976
144987 144986 1278
144972 144966 272
144972 144971 573
144972 144973 917
144978 144973 1133
144978 144979 297
144984 144974 271
144984 144986 356
144986 144974 315
144986 144984 356
144986 144987 1278
204787 204933 1949
204787 204937 776
204937 204787 776
204937 204936 1935
204937 204940 797
204965 204950 28526
214524 204921 494
207726 207725 2557
207727 207725 547
144979 144977 724
144979 144978 297
144979 145165 686
145167 145165 1904
145167 145168 523
145168 145166 1898
145168 145167 523
145168 145171 827
145171 145168 827
145171 145169 1850
145171 145180 770
145184 145180 1682
145184 145185 854
145188 145185 795
145188 145187 1658
145188 145227 855
145189 145185 1676
145229 145227 1670
145229 145232 834
145250 145232 1738
145250 145251 887
145264 145251 1794
145264 145263 741
145270 145267 854
145272 145267 1704
145272 145273 1361
146441 146443 1245
146445 146443 1023
146446 146443 1572
146612 146605 912
146612 146613 405
146613 146605 822
146613 146606 853
146613 146612 405
146613 146617 2202
146617 146613 2202
146617 146616 818
146620 146616 724
146620 146621 1338
146621 146620 1338
146621 146674 818
146689 146674 1339
146689 146690 858
146676 146625 2204
146676 146675 805
146676 146677 854
146690 146675 793
146690 146689 858
146696 146675 2478
146677 146673 2176
146677 146676 854
146677 146683 864
146684 146683 2515
146684 146687 807
146684 146823 2321
146686 146685 2438
146686 146687 839
146686 146815 790
146820 146687 648
146820 146817 2322
146821 146817 814
146846 146845 879
146846 146868 882
146846 146869 2408
146867 146845 2444
146867 146869 778
146871 146869 585
146823 146684 2321
146823 146827 2407
146825 146827 924
146825 146832 2275
146839 146827 723
146833 146832 818
146833 146889 2653
146843 146845 724
146890 146889 847
146890 146892 2445
146891 146892 856
148965 146918 3384
148965 146920 792
146920 146921 17
146920 148965 792
146920 150132 2029
151628 146926 355
150131 150132 11268
211083 209842 416
211083 210950 2318
211713 211396 1150
210950 210732 557
210950 211083 2318
210013 210012 1870
172263 172262 436
152800 152688 984
152800 152793 600
152800 152801 893
152800 152804 985
152801 152798 1226
152801 152800 893
152801 152805 933
152801 152808 1234
152806 152808 683
153809 153792 951
153809 172674 413
172673 172675 403
172674 153809 413
172674 172675 217
172676 172675 738
153543 153542 169
153543 153544 890
153543 153549 276
153545 153537 355
153545 153544 1055
153537 153545 355
153537 153556 1935
153596 153556 1705
153596 153595 951
153596 153602 1856
153599 153556 562
153602 153596 1856
153602 153603 276
172672 153603 1577
153549 153535 1447
153549 153543 276
153549 153550 355
153542 153523 828
153542 153536 1398
153542 153543 169
153539 153540 1867
153546 153540 905
153546 153547 667
153547 153546 667
153547 153548 2318
162506 153548 848
162504 162507 1812
168524 162507 475
168524 168523 506
152660 152659 952
162498 168505 2600
168500 168451 1935
168500 168505 789
162500 168507 1105
168452 168451 222
167644 167621 796
167750 167612 1055
167806 167702 782
167806 167797 2485
167806 167808 2318
167798 167789 782
167798 167797 672
167808 167806 2318
167808 167807 1111
168468 167807 843
178613 178612 2171
178621 178612 2901
178621 178846 3911
178846 178612 2087
178846 178621 3911
178643 178642 474
178644 178642 1115
178857 178856 1466
178861 178860 765
178843 178842 600
180040 180046 765
180047 180046 2126
180050 180049 504
173041 173040 1335
177669 173040 5683
179775 179777 452
179857 179777 2146
179857 179893 153
179945 179867 226
179945 179944 291
179870 179869 697
179893 179857 153
179893 179869 945
179944 179942 672
179944 179945 291
181781 179942 707
179934 179952 743
179960 179959 228
179956 179955 518
152873 152871 1919
152878 152868 3240
152878 152871 276
152869 152844 1344
152869 152868 933
152869 152870 683
152876 152872 238
153823 152861 828
153823 153822 2334
153824 152861 3760
153824 153826 476
153826 153824 476
153826 153842 404
153843 153842 337
152805 152801 933
152805 152804 1336
152805 152811 766
152815 152811 1334
152815 152816 758
152816 152814 1334
152816 152815 758
152816 152823 710
153811 152823 688
153820 153822 600
172255 172254 677
172256 172254 344
172242 172246 924
172247 172246 630
152870 152843 1558
152870 152869 683
152870 153248 850
153262 153223 1445
153262 153249 850
153262 153272 766
153251 153249 1667
153251 153250 674
153272 153238 1556
153272 153262 766
153272 153277 766
153278 153244 842
153278 153245 1114
153277 153244 1447
153277 153272 766
156105 156022 1029
156105 156107 605
156114 156020 1683
156114 156107 697
156114 156113 810
156020 156022 650
156020 156112 751
156020 156114 1683
156017 156016 276
156169 156125 605
156184 156170 333
156172 156171 1012
156164 156174 1014
156164 156716 2132
156180 156174 517
156180 156181 1011
156581 156582 683
156716 156164 2132
156716 156582 344
153334 153332 2347
153350 153332 842
153356 153332 672
153356 153362 590
153362 153356 590
153362 153364 887
153375 153374 893
153376 153374 927
153447 153374 933
153371 153370 3297
154832 153370 818
154836 153370 2350
153402 153403 1343
153404 153403 511
153497 153487 905
153497 153496 924
154847 153487 953
154847 154846 848
154846 154845 1300
154846 154847 848
153496 153490 890
153496 153497 924
153492 153491 464
153493 153491 553
154843 154842 2749
157020 154842 276
154864 154863 1484
154864 154872 2515
157003 154863 552
154837 153408 1602
154867 154868 2237
154871 154868 475
154869 154870 766
155914 155912 2423
155914 155915 1193
155914 155934 2323
155933 155915 2652
155933 155923 751
155933 155934 697
155580 155578 837
155580 155923 890
155957 155923 738
155578 155577 1910
155578 155580 837
155585 155577 797
155585 155584 1121
155934 155912 890
155934 155914 2323
155934 155933 697
156134 155912 810
156112 156020 751
156112 156113 1747
156112 156115 696
172313 156115 337
953
143227
143229
143292
143296
143361
143367
144918
144962
144981
144973
144974
144966
144971
204933
204936
204940
204950
204921
207725
144977
145165
145166
145169
145180
145185
145187
145227
145232
145251
145263
145267
145273
146443
146605
146606
146616
146674
146625
146675
146673
146683
146685
146687
146815
146817
146868
146869
146827
146832
146845
146889
146892
146918
146921
146926
150132
209842
211396
210732
210012
172262
152793
152798
152688
152808
153792
172675
153544
153556
153595
153603
153535
153550
153523
153540
153548
153536
162507
152659
168523
168505
168507
168451
167621
167612
167702
167797
167807
178612
178642
178856
178860
178842
180046
180049
173040
179777
179867
179869
179942
179952
179959
179955
152871
152868
152872
152861
153842
152804
152811
152814
152823
153822
152844
172254
172246
152843
153248
153223
153249
153250
153238
153245
153244
156107
156022
156016
156125
156170
156171
156174
156181
156582
153332
153364
153374
153370
153403
153487
154845
153490
153491
154842
154872
154863
153408
154868
154870
155915
155923
155577
155912
156115
156113
155584
153437
153462
153464
155937
154850
155873
155900
155903
155902
155582
155931
179964
180021
172945
172275
172930
172537
178123
185764
178429
178521
177748
178537
173292
173079
186148
172970
177741
178022
178162
178163
178109
178166
178145
173255
173273
173342
174775
173499
174919
174924
173492
185503
173470
174926
174940
176683
176692
177565
177568
177584
177580
177589
156392
177593
156396
160148
177335
160213
160204
160209
160197
156507
156529
160259
160228
160258
160190
156482
156478
156589
160224
156838
160368
160222
160350
160374
156841
156894
156882
156706
156650
156702
156714
156653
156870
156954
156960
156678
156993
156964
156968
156991
156990
156996
160494
156638
156910
156888
156905
156913
156915
156948
156887
156943
156696
156975
156938
156982
158413
158429
177319
177379
177415
177381
177390
176689
176721
176738
176723
174904
176701
165895
165896
165935
165929
165930
165636
165637
165658
165664
165652
165865
165655
165557
165580
165638
167692
167760
167753
167755
167789
167698
167735
167696
167817
167787
167678
167624
167672
167674
167680
165474
165458
167836
167833
167533
167931
167544
167930
165903
165910
165919
165984
166003
166005
165996
167462
165995
167834
165559
165671
165686
161522
161572
213250
213257
213258
213403
214283
214585
212706
164634
164867
164874
164884
164899
164675
165670
165673
165699
165700
165679
165728
165732
164970
165729
164977
114299
114137
113959
114145
119288
118641
118846
118639
119189
119192
119255
119332
119315
119337
119215
119071
119088
119081
119069
119080
118967
119001
119007
91988
94384
94394
94425
94404
94388
92150
92225
92355
92356
94568
94490
98115
94540
92514
92521
93119
93141
93164
93797
93840
94141
94146
94145
108051
105625
108132
108195
108136
108187
108197
105791
108225
108234
108227
108048
108098
107469
108140
108142
108416
108426
108456
108471
108470
108545
108557
108546
108599
108613
108612
108627
108630
93602
93611
93718
93790
93716
93792
93114
93127
93124
93125
92523
92537
103141
94527
92629
92679
92648
92652
92711
92716
191357
191993
191976
194398
191837
191856
191613
191666
191860
191831
191187
192629
192634
191186
192631
191052
192639
192654
190939
194255
119356
113962
114054
114056
114111
114342
114350
114301
108605
108608
109272
109340
109318
109328
109406
109524
109660
108643
109337
109356
109359
109351
109595
109645
109629
109739
109726
109740
109759
109741
110075
110097
110138
110100
110014
110113
110119
110172
110225
110240
110161
110186
110242
110244
110824
110822
110864
110829
110862
110224
110732
110760
110746
110750
110780
110272
110277
111367
110237
110239
110256
103861
103855
103859
112857
112801
112804
112815
103906
103991
103992
103894
112495
112546
110850
110846
110860
110828
104021
103932
103939
104706
104711
104722
39058
39098
39090
39094
39233
39253
39246
39249
39251
39266
37181
37204
37099
37100
37107
37114
37070
37085
37073
37081
37063
37078
37205
38176
38183
38190
37151
37157
37160
38208
38212
38367
38370
38371
38394
38389
38392
38404
38441
38445
38543
38549
38492
38500
38493
38505
38501
38535
38572
38578
38866
38882
38883
38868
40655
40652
40654
40662
40686
40687
40692
38987
38989
38997
39000
38961
38948
38962
38972
38971
41553
38970
38974
41555
41568
47533
47602
47607
47650
47724
47728
47746
47751
47756
48049
48054
48061
47922
47927
47926
48053
48068
47868
47914
47873
47939
47946
47944
47863
47949
47952
47954
47958
47979
47982
130523
130526
46199
47402
47407
47459
47461
47476
130718
130706
130720
130608
130712
130747
130750
130775
130790
130821
130822
130858
130865
130870
130871
130889
130893
130845
130847
130854
131128
131154
131127
131158
131172
131176
131180
131191
131274
126187
131282
131188
131526
131286
131549
131302
131551
131552
131573
131614
131623
131631
131716
131636
131722
132157
131717
132163
132210
132211
132204
132209
132222
132230
132232
132252
132256
132257
132259
132261
132276
54147
54149
54156
54159
54166
54234
54097
54108
54110
54118
54112
54114
54115
54266
54268
54235
54226
54242
140330
140369
140340
140345
140487
140490
143449
143369
143530
143531
143391
140295
143534
143542
143550
143594
143596
143600
143605
143609
143634
143636
142852
143967
143965
143971
143972
143811
143816
143778
143800
143812
143753
143756
143797
143750
143751
143757
143741
143744
143826
143738
143742
142888
143969
142887
142885
142892
144902
144905
144907
144922
144926
144929
144933
144920
143176
143181
143203
143226
143232
143238
143294
143357
143366
143370
143388
144921
144970
144987
144978
144984
144986
204787
204965
207727
144979
145167
145168
145171
145184
145188
145189
145229
145250
145264
145270
145272
146441
146445
146446
146612
146617
146620
146621
146689
146676
146690
146696
146677
146684
146820
146821
146867
146823
146825
146839
146833
146843
146890
146891
146920
150131
211713
210013
152806
153809
172673
153537
153596
153599
153602
172672
153539
153546
153547
162506
162504
168524
162498
168500
162500
168452
167750
167806
167798
167808
178613
178621
178846
178644
178861
178843
180040
180050
177669
179775
179857
179945
179893
179944
179934
179956
152873
152878
152869
152876
153823
153824
153826
153843
152805
152815
153811
153820
172242
152870
153262
153251
153272
153278
153277
156105
156114
156020
156017
156164
156180
156581
156716
153334
153350
153356
153362
153376
153447
153371
154832
154836
153402
153497
154847
153496
153493
154843
157020
154864
154837
154867
154871
154869
155933
155580
155578
155585
155934
156134
156112
