1218
154475 154476 672
154475 154483 848
154485 154498 843
154521 154508 1353
154521 154511 344
154512 154511 562
154512 154513 893
154549 154513 1437
154549 154555 1014
154555 154514 1701
154555 154549 1014
154555 154557 1225
155097 154557 2384
155097 155098 1445
155109 155098 601
155109 155113 1375
155113 155109 1375
155113 155110 1000
159561 159562 238
159573 159571 2818
159573 159577 1161
159612 159577 767
159612 159616 1234
159637 159616 1534
159637 159638 1467
159729 159638 1284
159729 159730 1114
159732 159730 1438
159732 159755 1114
159788 159787 480
159788 172360 4167
159781 159782 368
159781 172361 4962
155464 155465 1284
159811 159812 253
159811 159824 905
159811 172128 2886
157997 157993 2739
157997 157996 791
157993 157992 791
157993 157997 2739
157993 159980 1810
159979 159980 767
159979 159983 1919
158057 158055 848
158057 158058 1201
158053 158052 3461
158053 159835 688
158055 158056 1201
158055 158057 848
159832 159831 872
159832 159985 782
159974 159973 10506
160014 160015 1658
158065 158069 1485
158042 158043 70
158064 158050 1439
158074 158050 2720
158074 158075 697
186175 186176 69
186175 186177 1028
178466 178467 1124
158076 158073 928
158076 158077 879
158073 158072 879
158073 158076 928
158073 158770 697
158783 158770 2090
158785 158770 789
158785 158772 1081
158785 158808 751
158812 158808 2019
158812 158811 789
158809 158811 789
158809 158816 848
158809 160021 1960
158815 158814 1346
158815 160033 951
158992 158993 2000
159004 159005 2358
159022 159021 778
159022 159045 422
160063 160064 1114
160063 160083 1898
160079 161254 1221
160082 160083 279
160082 161256 2517
161252 161253 767
161252 161254 1189
161253 161252 767
161253 161256 796
161284 160097 1886
161270 161287 1259
213115 213116 1270
213115 213117 3689
213117 213115 3689
213117 213124 363
213117 213132 1019
213132 213117 1019
213132 213134 330
214565 213182 563
213144 213140 774
213144 213147 549
213144 213182 1797
213147 213144 549
213147 213146 346
213150 213522 376
213150 213523 402
213150 213526 237
213151 213526 1611
213565 213533 743
213318 213312 606
213318 213320 896
213300 213608 302
213300 213609 959
213312 213313 1513
213312 213318 606
213314 213608 1306
213314 213611 560
213315 213313 336
213315 213620 545
213315 213632 674
213596 213595 739
213597 213598 826
213597 213608 894
213566 213533 883
213566 213567 1804
213572 213570 734
213572 213573 377
213350 213351 1152
213363 213365 220
213369 213365 691
213369 213370 1754
213369 213371 763
213346 213347 796
213346 213348 893
213346 213353 1119
161248 161249 448
161248 162294 1948
213664 213656 2172
213664 213662 1359
213668 213662 1395
213668 213666 835
213668 213679 1765
162195 160036 1198
162227 162228 1116
162227 162241 475
169639 169640 2196
170692 170691 782
170692 170713 2468
170712 170710 907
170712 170716 562
170655 170654 796
170655 170656 553
170642 170643 713
170642 172581 791
170579 170580 747
170579 170608 601
170700 170697 821
170700 170699 1575
170806 170807 222
170806 170808 684
170814 170815 109
170814 170816 475
170673 170674 650
170673 170675 1934
94823 94825 2368
94823 101910 1539
94826 102345 2486
94862 94858 2223
94862 101904 1473
94863 94866 1352
94863 94870 900
92702 94866 1205
92702 94869 336
94871 94866 403
94871 94872 611
94873 94867 598
94873 94872 511
94895 94891 3614
94895 94893 826
94939 102889 141
97431 97430 1667
101912 102117 384
95540 95539 375
95541 95544 231
95560 95561 1209
95560 95562 1385
95569 95570 2035
94705 94704 6471
94977 94714 2940
94977 94972 1139
94995 94982 538
94995 102997 562
94974 94975 551
94974 94982 905
94979 94978 1181
94979 94980 1483
95031 94725 708
95031 94980 604
95042 95032 1497
95042 101918 433
95053 95051 672
95081 95082 2557
95081 95084 2481
95082 95081 2557
95082 95084 557
95160 95096 1516
95160 95162 1663
95192 95193 931
95192 95194 373
95199 95196 1663
95199 95200 344
95199 95201 788
95221 95229 610
95221 95232 1863
95498 95499 3126
95498 95503 2318
95505 95506 344
95505 101805 1148
94935 94934 207
94935 103165 226
94955 94947 689
94955 94956 1830
49851 49812 14258
50033 50034 362
50033 50041 1078
50038 50037 473
50038 50039 1878
97735 97736 625
97735 97737 847
97484 97485 307
97427 97426 3800
97552 97551 3089
97552 97561 1055
97553 97551 1139
97561 97552 1055
97561 98118 1542
98120 98119 2146
93378 93379 543
97450 97449 220
93446 93389 2492
93446 93391 3555
102011 102012 405
102011 102231 553
93455 93454 106
93403 93400 1684
93416 93417 3427
93416 93418 2001
93422 93424 810
93486 93423 2253
93486 93493 1901
93490 93491 1280
93490 93493 2028
93520 93507 435
94084 94085 406
94719 94718 892
94719 94917 2498
98627 98550 4769
98627 98638 1748
98632 98633 1598
98632 98634 889
97448 97447 2927
97448 102222 2645
97663 97664 205
98153 98152 7104
98174 98172 403
98214 98200 1593
98214 98213 950
98214 98215 750
98220 98215 1160
98280 98281 590
98280 98282 1179
98282 98280 1179
98282 98287 586
98282 102992 839
98508 98565 1474
98508 102846 1781
98510 98543 1046
98510 98544 627
191275 191054 1816
191277 191110 506
191277 194457 2594
118637 118636 582
118637 119497 3161
118503 119433 5978
119430 119431 960
119430 119432 1838
119430 119490 828
119483 118483 1149
119483 119484 2760
190992 191224 2134
190993 190994 1452
191229 191375 3282
50083 50047 4002
50083 50054 1474
50089 50090 4043
50099 50104 946
109028 109029 672
109028 109032 418
109028 109097 1811
109097 109028 1811
109097 109089 557
109100 109101 403
109100 109205 836
109100 109208 1676
50354 50402 758
35583 44060 756
42136 42135 1209
42171 42112 971
42171 42137 1352
42171 42172 806
42173 42174 2212
42173 42175 672
35539 35540 1811
35539 42200 2960
42204 45220 633
42204 45226 815
50181 50180 528
50181 50471 178
50181 50472 695
50183 109103 475
109205 109100 836
109205 109103 536
109205 109206 402
44132 43947 3309
44132 44140 2170
44135 44130 2439
44135 44133 551
44119 42015 676
44119 44120 2404
44117 44113 3017
44117 44115 1140
41862 41863 670
41862 41863 670
42013 41864 1188
42013 42028 505
44121 42015 2748
44121 44122 806
44133 44131 1180
44133 44135 551
44275 44276 4842
44275 44277 650
44275 44527 905
44302 44300 841
44306 44291 2283
44306 44305 581
44327 44326 168
44601 44563 1682
44366 44360 3855
44366 44365 3221
44366 44444 984
44457 44458 984
44457 44459 924
44642 44644 673
44642 44645 1458
44643 44645 1027
44643 44648 1612
44342 44343 2370
44342 44587 2849
44652 44649 1619
44652 44676 750
44675 44674 1533
44675 44676 1000
44674 44675 1533
44674 44677 1669
44685 44677 3606
44685 44679 3017
44685 44686 1323
44685 44688 111
44615 44614 2672
44615 44639 709
44639 44615 709
44639 44691 2859
44639 44832 631
39568 39569 228
39568 39833 315
39834 39833 543
39834 39833 543
35591 35590 1554
35591 44064 1466
44043 44042 435
44043 44044 3357
35592 35593 827
35592 35597 1438
35615 35618 2125
36195 36204 511
35600 35640 878
35600 35641 2614
35641 35600 2614
35641 35642 435
35646 35643 947
35646 35647 2052
44833 44693 952
44718 35801 1379
44718 44717 828
44718 44720 2139
35802 35800 511
35802 44838 1063
44832 44639 631
44832 50336 1956
35806 35800 1933
35806 35801 1080
35815 35816 1168
35815 35817 1004
35815 35818 1716
35818 35815 1716
35818 35822 1664
35824 35822 709
35824 35865 1103
35824 35919 884
35865 35824 1103
35865 35927 650
35926 35925 1080
35926 35929 1120
35937 35929 677
35950 44817 751
35954 44819 355
35954 44859 1955
35948 35946 828
35952 44855 828
44860 44863 139
41378 41379 1716
41378 41380 1153
41380 41378 1153
41380 41381 1307
35933 35915 476
35933 35929 1438
35934 35913 1141
35917 35495 395
35917 35918 952
41382 41381 650
41382 46081 3397
41388 41389 1248
41388 46082 1641
41391 41403 4210
41391 46281 1763
41403 41391 4210
41403 46299 1458
41403 46306 1380
46306 41403 1380
46306 46310 2623
46590 46313 435
46599 46321 299
46600 46602 757
46601 46362 2091
46601 46602 378
46362 46361 552
46362 46601 2091
46364 46360 752
46364 46366 2216
46366 46364 2216
46366 46365 906
46366 46367 1594
127014 126077 1560
127016 126079 1101
126160 126159 421
126167 126173 374
126167 126173 374
126168 126169 678
127093 127091 476
127093 127094 713
127096 127103 89
126075 126076 238
126075 126077 562
127140 127141 1672
127140 127142 678
127144 127447 879
127445 127444 2171
127445 127451 84
45878 45876 175
45870 45860 1987
45870 45869 905
45870 46133 1717
45884 45872 1184
45884 45873 1275
46134 46133 796
126743 126742 333
126745 126684 1685
126746 126739 1000
126792 126777 837
126792 126791 404
126795 126761 337
126779 126777 1346
126779 126780 3479
126783 45834 1885
126813 126814 428
45877 45876 677
126788 126785 605
126788 126789 612
126788 126817 697
126751 126749 1010
126751 126750 605
126765 129557 791
126767 126722 202
126772 126770 2144
126772 126771 612
127013 127005 1346
46145 46133 1966
46145 46138 905
46149 46138 1635
46136 46119 789
46136 46124 1182
46137 46131 1866
46137 46135 924
46137 46138 581
46154 46061 1457
46234 46232 565
46160 46153 741
46160 46163 855
46163 46160 855
46163 46162 637
46111 46233 1017
46109 46107 1470
46109 46329 2016
46336 46329 906
46367 46358 828
46367 46366 1594
46368 46358 2645
46338 46334 849
46338 46357 4308
127087 127088 3712
127087 127423 777
127453 127451 1654
132365 127460 301
127429 127470 928
127472 127478 739
127476 127478 951
127491 127495 355
127491 127497 337
127646 127497 808
127646 127647 1731
127647 127498 710
127647 127646 1731
127725 127498 1933
127725 127587 752
127726 127587 2143
127726 127590 1010
127590 127588 1968
127590 127589 739
127590 127726 1010
127596 127597 1036
127581 127576 3043
127581 127580 829
127584 127575 752
127584 127577 752
127575 127480 1868
127575 127574 1381
127575 127583 752
127575 127584 752
127589 127583 2679
127589 127590 739
127612 127620 474
129406 129408 673
121248 121249 1258
121249 121248 1258
121180 121244 333
121244 121180 333
70107 70108 1887
70108 70107 1887
70060 70061 760
70061 70060 760
70490 70481 688
70481 70490 688
129408 129406 673
129489 129490 739
129490 129488 1726
129490 129489 739
129488 129490 1726
121197 120055 949
120055 121197 949
224115 224116 1249
219522 219523 827
219523 219522 827
224116 224115 1249
218794 218796 664
218796 218794 664
224361 215322 1170
222170 222193 910
215322 222193 1161
215322 224361 1170
222193 215322 1161
222193 222170 910
219601 219585 460
219585 219601 460
218786 218784 834
218784 218786 834
218771 218773 745
218773 218771 745
218774 221948 202
221948 218774 202
223323 223142 815
223142 223323 815
223220 223224 636
223221 223204 1024
223204 223221 1024
217688 223139 730
223139 217688 730
223224 223220 636
223160 223161 1503
223161 223160 1503
151091 151100 2461
149550 149553 1383
149553 149550 1383
151100 151091 2461
151138 151133 947
151133 151138 947
147381 147392 2367
147392 147381 2367
147938 147939 819
147939 147938 819
147917 147963 776
147963 147917 776
212802 212849 1931
212849 212802 1931
212780 212784 584
212784 212780 584
150228 150232 1372
150232 150228 1372
170735 170691 2802
171279 171293 1032
171293 171279 1032
168988 168989 1375
168989 168988 1375
154181 154253 1701
154253 154181 1701
154275 154481 1349
154476 154475 672
154481 154275 1349
154483 154475 848
154498 154485 843
154508 154521 1353
154511 154512 562
154511 154521 344
154513 154512 893
154513 154514 1114
154513 154549 1437
154514 154513 1114
154514 154555 1701
154557 154555 1225
154557 155097 2384
155098 155097 1445
155098 155109 601
155110 155113 1000
159562 159561 238
159562 159571 1014
159571 159562 1014
159571 159573 2818
159577 159573 1161
159577 159612 767
159616 159612 1234
159616 159637 1534
159638 159637 1467
159638 159729 1284
159730 159729 1114
159730 159732 1438
159755 159732 1114
159787 159788 480
172360 159788 4167
159782 159781 368
172361 159781 4962
155465 155464 1284
159812 159811 253
159824 159811 905
172128 159811 2886
157996 157997 791
157992 157993 791
159980 157993 1810
159980 159979 767
159983 159979 1919
158058 158057 1201
158052 158053 3461
159835 158053 688
158056 158055 1201
159831 159832 872
159985 159832 782
159973 159974 10506
160015 160014 1658
158069 158065 1485
158043 158042 70
158050 158064 1439
158050 158074 2720
158075 158074 697
186176 186175 69
186177 186175 1028
178467 178466 1124
158077 158076 879
158072 158073 879
158770 158073 697
158770 158783 2090
158770 158785 789
158772 158785 1081
158808 158785 751
158808 158812 2019
158811 158809 789
158811 158812 789
158816 158809 848
158816 158814 673
160021 158809 1960
158814 158815 1346
158814 158816 673
160033 158815 951
158993 158992 2000
159005 159004 2358
159021 159022 778
159045 159022 422
160064 160063 1114
160083 160063 1898
160083 160082 279
161254 160079 1221
161254 161252 1189
161256 160082 2517
161256 161253 796
160097 161284 1886
161287 161270 1259
213116 213115 1270
213124 213117 363
213134 213132 330
213182 213144 1797
213182 214565 563
213140 213144 774
213146 213147 346
213522 213150 376
213522 213523 143
213523 213150 402
213523 213522 143
213526 213150 237
213526 213151 1611
213533 213565 743
213533 213566 883
213320 213318 896
213608 213300 302
213608 213314 1306
213608 213597 894
213609 213300 959
213313 213312 1513
213313 213315 336
213611 213314 560
213620 213315 545
213632 213315 674
213595 213596 739
213598 213597 826
213567 213566 1804
213567 213570 1367
213570 213567 1367
213570 213572 734
213573 213572 377
213351 213350 1152
213365 213363 220
213365 213369 691
213370 213369 1754
213370 213371 1500
213371 213369 763
213371 213370 1500
213347 213346 796
213348 213346 893
213353 213346 1119
161249 161248 448
162294 161248 1948
213656 213664 2172
213662 213664 1359
213662 213668 1395
213666 213668 835
213679 213668 1765
160036 162195 1198
162228 162227 1116
162241 162227 475
169640 169639 2196
170691 170692 782
170691 170735 2802
170713 170692 2468
170710 170712 907
170716 170712 562
170654 170655 796
170656 170655 553
170643 170642 713
172581 170642 791
170580 170579 747
170608 170579 601
170697 170700 821
170699 170700 1575
170807 170806 222
170808 170806 684
170815 170814 109
170816 170814 475
170674 170673 650
170675 170673 1934
94825 94823 2368
101910 94823 1539
102345 94826 2486
94858 94862 2223
101904 94862 1473
94866 92702 1205
94866 94863 1352
94866 94871 403
94870 94863 900
94869 92702 336
94872 94867 473
94872 94871 611
94872 94873 511
94867 94872 473
94867 94873 598
94891 94895 3614
94893 94895 826
102889 94939 141
97430 97431 1667
102117 101912 384
95539 95540 375
95544 95541 231
95561 95560 1209
95562 95560 1385
95562 95570 4169
95570 95562 4169
95570 95569 2035
94704 94705 6471
94714 94977 2940
94972 94977 1139
94982 94974 905
94982 94995 538
102997 94995 562
94975 94974 551
94978 94979 1181
94980 94979 1483
94980 95031 604
94725 95031 708
94725 95032 2777
95032 94725 2777
95032 95042 1497
101918 95042 433
95051 95053 672
95084 95081 2481
95084 95082 557
95096 95160 1516
95162 95160 1663
95193 95192 931
95194 95192 373
95194 95196 788
95196 95194 788
95196 95199 1663
95200 95199 344
95201 95199 788
95229 95221 610
95232 95221 1863
95499 95498 3126
95503 95498 2318
95506 95505 344
101805 95505 1148
94934 94935 207
103165 94935 226
94947 94955 689
94956 94955 1830
49812 49851 14258
50034 50033 362
50041 50033 1078
50037 50038 473
50039 50038 1878
97736 97735 625
97737 97735 847
97485 97484 307
97426 97427 3800
97551 97552 3089
97551 97553 1139
98118 97561 1542
98118 98119 418
98119 98118 418
98119 98120 2146
93379 93378 543
97449 97450 220
93389 93391 1983
93389 93446 2492
93391 93389 1983
93391 93446 3555
102012 102011 405
102231 102011 553
93454 93455 106
93400 93403 1684
93417 93416 3427
93418 93416 2001
93424 93422 810
93424 93423 600
93423 93424 600
93423 93486 2253
93493 93486 1901
93493 93490 2028
93491 93490 1280
93507 93520 435
94085 94084 406
94718 94719 892
94917 94719 2498
98550 98627 4769
98638 98627 1748
98633 98632 1598
98634 98632 889
97447 97448 2927
102222 97448 2645
97664 97663 205
98152 98153 7104
98172 98174 403
98200 98214 1593
98213 98214 950
98215 98214 750
98215 98220 1160
98281 98280 590
98281 98287 1179
98287 98281 1179
98287 98282 586
102992 98282 839
98565 98508 1474
102846 98508 1781
98543 98510 1046
98544 98510 627
191054 191275 1816
191110 191277 506
194457 191277 2594
118636 118637 582
119497 118637 3161
119433 118503 5978
119433 119432 1873
119431 119430 960
119432 119430 1838
119432 119433 1873
119490 119430 828
118483 119483 1149
119484 119483 2760
191224 190992 2134
190994 190993 1452
191375 191229 3282
50047 50083 4002
50054 50083 1474
50090 50089 4043
50104 50099 946
109029 109028 672
109032 109028 418
109089 109097 557
109089 109101 672
109101 109089 672
109101 109100 403
109101 109103 809
109208 109100 1676
50402 50354 758
44060 35583 756
42135 42136 1209
42135 42137 3198
42112 42171 971
42137 42135 3198
42137 42171 1352
42172 42171 806
42174 42173 2212
42175 42173 672
42175 42200 1701
35540 35539 1811
42200 35539 2960
42200 42175 1701
45220 42204 633
45226 42204 815
50180 50181 528
50180 109103 1695
50471 50181 178
50472 50181 695
109103 50180 1695
109103 50183 475
109103 109101 809
109103 109205 536
109206 109205 402
43947 44130 713
43947 44132 3309
44140 44132 2170
44130 43947 713
44130 44135 2439
42015 41864 470
42015 44119 676
42015 44121 2748
44120 44119 2404
44113 44117 3017
44115 44117 1140
41863 41862 670
41863 41862 670
41863 41864 411
41864 41863 411
41864 42013 1188
41864 42015 470
42028 42013 505
44122 44121 806
44131 44133 1180
44276 44275 4842
44277 44275 650
44527 44275 905
44300 44302 841
44291 44306 2283
44305 44306 581
44326 44327 168
44563 44601 1682
44360 44365 1458
44360 44366 3855
44365 44360 1458
44365 44366 3221
44444 44366 984
44458 44457 984
44459 44457 924
44644 44642 673
44645 44642 1458
44645 44643 1027
44648 44643 1612
44648 44649 630
44343 44342 2370
44587 44342 2849
44649 44648 630
44649 44652 1619
44676 44652 750
44676 44675 1000
44677 44674 1669
44677 44679 1628
44677 44685 3606
44679 44677 1628
44679 44685 3017
44686 44685 1323
44688 44685 111
44688 44691 1103
44614 44615 2672
44691 44639 2859
44691 44688 1103
44691 44693 1418
39569 39568 228
39833 39568 315
39833 39834 543
39833 39834 543
35590 35591 1554
35590 35593 1505
44064 35591 1466
44042 44043 435
44044 44043 3357
35593 35590 1505
35593 35592 827
35597 35592 1438
35597 35640 1008
35618 35615 2125
36204 36195 511
35640 35597 1008
35640 35600 878
35642 35641 435
35642 35647 1120
35643 35646 947
35647 35642 1120
35647 35646 2052
44693 44691 1418
44693 44833 952
35801 35800 2080
35801 35806 1080
35801 44718 1379
44717 44718 828
44720 44718 2139
35800 35801 2080
35800 35802 511
35800 35806 1933
44838 35802 1063
50336 44832 1956
35816 35815 1168
35817 35815 1004
35817 35822 2044
35822 35817 2044
35822 35818 1664
35822 35824 709
35919 35824 884
35927 35865 650
35927 35925 1438
35925 35926 1080
35925 35927 1438
35929 35926 1120
35929 35933 1438
35929 35937 677
44817 35950 751
44817 44855 884
44819 35954 355
44859 35954 1955
35946 35948 828
44855 35952 828
44855 44817 884
44863 44860 139
41379 41378 1716
41379 41381 1100
41381 41379 1100
41381 41380 1307
41381 41382 650
35915 35913 747
35915 35933 476
35913 35915 747
35913 35918 1221
35913 35934 1141
35495 35917 395
35918 35913 1221
35918 35917 952
46081 41382 3397
46081 46082 1153
41389 41388 1248
46082 41388 1641
46082 46081 1153
46281 41391 1763
46299 41403 1458
46310 46306 2623
46310 46313 1184
46313 46310 1184
46313 46590 435
46321 46599 299
46602 46600 757
46602 46601 378
46361 46362 552
46360 46364 752
46360 46365 2273
46365 46358 1560
46365 46360 2273
46365 46366 906
126077 126075 562
126077 127014 1560
126079 127016 1101
126159 126160 421
126173 126167 374
126173 126167 374
126169 126168 678
127091 127093 476
127094 127093 713
127103 127096 89
126076 126075 238
127141 127140 1672
127142 127140 678
127447 127144 879
127444 127445 2171
127451 127445 84
127451 127453 1654
45876 45877 677
45876 45878 175
45860 45870 1987
45860 45872 581
45869 45870 905
46133 45870 1717
46133 46134 796
46133 46145 1966
45872 45860 581
45872 45873 688
45872 45884 1184
45873 45872 688
45873 45884 1275
126742 126743 333
126684 126745 1685
126739 126746 1000
126777 126779 1346
126777 126792 837
126791 126792 404
126761 126795 337
126780 126779 3479
45834 126783 1885
126814 126813 428
126785 126788 605
126789 126788 612
126817 126788 697
126749 126751 1010
126750 126751 605
129557 126765 791
126722 126767 202
126770 126772 2144
126771 126772 612
127005 127013 1346
46138 46137 581
46138 46145 905
46138 46149 1635
46119 46136 789
46124 46135 562
46124 46136 1182
46131 46137 1866
46135 46124 562
46135 46137 924
46061 46154 1457
46232 46234 565
46153 46160 741
46153 46162 913
46162 46153 913
46162 46163 637
46233 46111 1017
46107 46109 1470
46329 46109 2016
46329 46336 906
46358 46357 790
46358 46365 1560
46358 46367 828
46358 46368 2645
46334 46338 849
46357 46338 4308
46357 46358 790
127088 127087 3712
127423 127087 777
127460 132365 301
127470 127429 928
127478 127472 739
127478 127476 951
127495 127491 355
127497 127491 337
127497 127498 1534
127497 127646 808
127498 127497 1534
127498 127647 710
127498 127725 1933
127587 127588 976
127587 127725 752
127587 127726 2143
127588 127583 872
127588 127587 976
127588 127590 1968
127597 127596 1036
127576 127577 436
127576 127581 3043
127580 127581 829
127577 127576 436
127577 127584 752
127480 127575 1868
127574 127575 1381
127583 127575 752
127583 127588 872
127583 127589 2679
127620 127612 474
884
154475
154485
154521
154512
154549
154555
155097
155109
155113
159561
159573
159612
159637
159729
159732
159788
159781
155464
159811
157997
157993
159979
158057
158053
158055
159832
159974
160014
158065
158042
158064
158074
186175
178466
158076
158073
158783
158785
158812
158809
158815
158992
159004
159022
160063
160079
160082
161252
161253
161284
161270
213115
213117
213132
214565
213144
213147
213150
213151
213565
213318
213300
213312
213314
213315
213596
213597
213566
213572
213350
213363
213369
213346
161248
213664
213668
162195
162227
169639
170692
170712
170655
170642
170579
170700
170806
170814
170673
94823
94826
94862
94863
92702
94871
94873
94895
94939
97431
101912
95540
95541
95560
95569
94705
94977
94995
94974
94979
95031
95042
95053
95081
95082
95160
95192
95199
95221
95498
95505
94935
94955
49851
50033
50038
97735
97484
97427
97552
97553
97561
98120
93378
97450
93446
102011
93455
93403
93416
93422
93486
93490
93520
94084
94719
98627
98632
97448
97663
98153
98174
98214
98220
98280
98282
98508
98510
191275
191277
118637
118503
119430
119483
190992
190993
191229
50083
50089
50099
109028
109097
109100
50354
35583
42136
42171
42173
35539
42204
50181
50183
109205
44132
44135
44119
44117
41862
42013
44121
44133
44275
44302
44306
44327
44601
44366
44457
44642
44643
44342
44652
44675
44674
44685
44615
44639
39568
39834
35591
44043
35592
35615
36195
35600
35641
35646
44833
44718
35802
44832
35806
35815
35818
35824
35865
35926
35937
35950
35954
35948
35952
44860
41378
41380
35933
35934
35917
41382
41388
41391
41403
46306
46590
46599
46600
46601
46362
46364
46366
127014
127016
126160
126167
126168
127093
127096
126075
127140
127144
127445
45878
45870
45884
46134
126743
126745
126746
126792
126795
126779
126783
126813
45877
126788
126751
126765
126767
126772
127013
46145
46149
46136
46137
46154
46234
46160
46163
46111
46109
46336
46367
46368
46338
127087
127453
132365
127429
127472
127476
127491
127646
127647
127725
127726
127590
127596
127581
127584
127575
127589
127612
127603
127604
129122
129127
129138
129147
129146
129351
129356
129360
129362
129365
129374
129403
129406
121242
121248
121249
121255
121179
121180
121204
121206
121244
121306
121313
121282
121315
121563
121566
70094
77486
70107
70108
70158
69878
70060
70061
70074
69825
70292
70295
70310
70380
70373
76625
70392
70410
70417
70460
70469
70489
70490
70474
70480
70481
69907
69828
77474
69869
69872
69887
69890
70048
129408
129489
129490
129488
129492
129479
129522
129523
129531
129533
129534
121197
120055
121213
218194
219417
224418
219053
219063
219068
224115
219430
219522
219438
219452
219482
219523
224116
219466
219478
219479
218794
218795
218796
218827
218964
219588
218960
218826
218836
218918
222098
221974
222004
222103
222104
222115
222126
222192
224361
222169
222170
215322
222193
222149
222158
222173
222178
224884
219601
219585
219593
219618
218780
218786
218765
218784
218771
218773
218774
221947
221948
221965
221977
221981
222052
223321
222044
223323
223148
223149
223142
223220
223221
223204
223205
217688
223139
223224
223160
223161
223197
150842
150949
151091
150922
149178
149338
149180
149260
149268
149324
149353
149342
149361
149368
149370
149550
149553
149557
149569
149570
149571
151100
140305
150931
151128
147273
151205
147278
151142
151138
151133
147281
147381
147392
147399
147432
147516
147520
147537
147540
147564
147676
147682
147885
147935
147938
147939
147917
147957
147963
147968
147975
147981
148890
149005
205146
205148
212697
212690
212699
212724
212802
212849
212780
212784
212794
150148
150150
150160
150228
150232
150257
150280
150297
150303
198723
198727
198771
198772
205059
205067
205069
205179
205060
170735
170755
170773
170775
170758
171231
171279
171293
171302
171243
168978
171319
171452
171317
168988
168975
168989
152142
154223
162397
162403
154180
154181
154253
154260
154338
154275
154476
154481
154483
154498
154508
154514
154557
155098
155110
159562
159571
159577
159616
159638
159730
159755
159787
159782
155465
159812
159824
157996
157992
159980
159983
158052
159835
159831
159985
159973
160015
158050
158075
158770
158772
158808
158811
158816
160021
158814
160033
159005
159021
160064
160083
161254
161256
160097
161287
213124
213134
213140
213146
213522
213523
213526
213533
213320
213313
213611
213620
213632
213595
213598
213567
213570
213573
213365
213370
213371
213348
161249
213656
213662
213666
213679
160036
162228
162241
170691
170713
170710
170654
170643
170580
170697
170699
170815
170816
170674
94858
94870
94867
94891
94893
102889
97430
95539
95544
95570
94714
94972
94982
94978
94980
94725
95032
95051
95084
95096
95162
95194
95196
95229
95232
95499
95503
95506
101805
94934
94947
49812
50034
50037
97736
97737
97485
97426
97551
98118
98119
93379
97449
93389
93391
102012
93454
93400
93417
93418
93424
93423
93493
93491
93507
94085
94718
98550
98638
98634
97664
98152
98172
98200
98213
98215
98281
98287
98565
191110
118636
119497
119433
119432
119490
191224
191375
50047
50054
50090
50104
109029
109089
42135
42112
42137
42175
35540
42200
50180
109103
43947
44140
44130
42015
44113
44115
44131
44277
44300
44291
44305
44326
44563
44360
44365
44444
44459
44645
44648
44649
44676
44679
44688
44691
39569
44064
44042
44044
35593
35597
35640
35642
35643
35647
44693
35801
44717
44720
35816
35817
35822
35919
35927
35925
35929
44817
44819
44859
35946
44855
44863
41379
35915
35913
35495
35918
46081
46082
46281
46299
46310
46313
46321
46602
46361
46360
46365
126077
126079
126159
126173
127091
127103
127142
127444
45876
45860
45869
46133
45872
45873
126742
126684
126739
126777
126791
126761
126780
45834
126785
126789
126817
126749
126750
126722
126770
126771
127005
46138
46119
46124
46131
46135
46061
46232
46153
46107
46329
46334
46357
127088
127423
127460
127470
127478
127495
127498
127587
127588
127597
127576
127580
127577
127480
127574
127583
