762
41562 41558 952
41562 41560 1161
41562 41561 610
41562 41563 1161
41567 41561 630
41567 41570 2613
41570 41566 751
41570 41567 2613
41570 41571 2111
41573 41571 709
41573 47659 2481
47774 47775 2063
47778 47775 953
47778 47783 1742
47785 47790 1742
47792 47790 709
47656 47654 2511
47656 47655 828
47656 47661 2035
47658 47654 906
47658 47719 2852
47720 47719 871
47720 47721 1286
47726 47721 905
47726 47727 1742
47726 47734 796
47735 47734 865
47735 47737 1768
47734 47726 796
47734 47729 1763
47734 47735 865
47659 41573 2481
47659 47649 790
47739 47737 888
47739 47743 2209
47739 47744 773
47744 47739 773
47744 47761 2192
47744 47777 790
47773 47775 790
47773 47777 1742
47800 47799 1339
47800 47809 1505
47810 47808 517
47802 47803 584
47802 48491 807
47766 47755 630
47766 47765 1161
47766 47767 581
47769 47763 871
47769 47796 2171
47769 47803 1513
48093 48056 1774
48093 48062 1901
48062 48060 1848
48062 48093 1901
48062 48423 1141
48063 48060 276
48066 48077 407
48066 48083 1855
48084 48083 992
48079 48078 355
48079 48081 2429
48079 48083 366
48086 48081 710
47931 47930 784
47931 47933 2400
47931 47935 852
47932 47923 958
47932 47930 1567
47932 48002 1128
48017 47935 1817
48017 48018 815
48017 48019 892
47919 47915 629
47919 48000 2003
47964 47889 423
47964 47948 801
47964 50103 796
47967 47963 799
47967 47972 467
47967 47975 2332
48003 47975 879
48003 48004 885
48011 48004 879
48006 47970 807
48006 48004 1357
48006 48007 337
48009 47977 1614
47962 47956 4120
47962 47961 697
47976 47956 812
47976 47957 723
48033 47961 807
47993 47959 2435
47993 47961 928
47993 47994 793
48037 47995 1206
48037 48039 879
48039 48037 879
48039 48040 837
48044 48040 1758
48044 48045 879
48088 48081 2431
48088 48149 382
48088 48150 1785
48154 48151 202
48154 48153 779
48154 48155 1025
48155 48154 1025
48155 48157 441
47412 40267 416
47412 40268 499
47412 47411 81
47464 40268 68
47464 47410 769
47465 47409 697
47465 47410 202
47467 47409 1883
47467 47463 928
47483 47480 890
47483 47484 1422
47483 47485 1546
47485 47483 1546
47485 47984 1534
47988 47987 837
130530 130529 1346
130530 130760 374
47990 47987 2954
47990 47991 890
130727 130721 1142
130727 130729 1256
130727 130766 1747
130762 130760 1529
130768 130728 2538
130768 130730 355
130768 130766 581
130731 130726 1420
130731 130735 1124
130735 130725 3400
130735 130731 1124
130781 130751 421
130781 130782 452
130781 130783 404
130784 130783 1769
130784 130785 782
131307 131306 2329
46266 48304 2381
130879 130861 333
130879 130866 445
131310 130880 2424
131310 131311 893
131315 131311 1941
131314 131311 667
130887 130884 782
130887 131320 1838
130903 130876 600
130894 130892 202
130894 130895 404
130901 130898 713
131166 131157 837
131166 131165 1009
131166 131168 593
131170 131167 1617
131185 131178 1802
131185 131184 1368
131185 131202 349
131195 131178 1500
131210 131272 1264
131210 131275 1786
131278 126181 720
131278 131518 1353
131278 131519 1014
131517 131518 1344
131205 131204 759
131523 131521 1124
131528 131525 872
131564 131563 518
131564 131566 1221
131567 131568 1581
131567 131569 848
131604 131569 1781
131604 131605 818
131604 131608 1892
131608 131604 1892
131608 131619 688
131608 131620 1430
125242 125891 446
125242 131618 241
131621 131618 404
131621 131620 202
131621 131626 948
131626 131621 948
131626 131627 606
131626 131629 2600
131706 131629 752
131712 131629 2740
131712 131719 1212
132219 132207 2285
132219 132218 371
132219 132220 673
132225 132226 1781
132229 132226 740
132229 132253 2691
132255 132253 739
132255 132270 2254
132265 132270 811
132265 132273 1439
132218 132206 249
132218 132219 371
132273 132265 1439
132273 132274 976
132273 132293 291
54133 54134 1075
54137 54152 747
54153 54152 2015
54153 54154 928
54131 54132 2019
54169 54170 1546
54161 54154 2364
54161 54165 1116
54167 54165 2423
54167 54168 976
54285 54282 1686
54285 54287 1206
54276 54119 2249
54241 54239 1485
54241 54248 1206
54241 54286 1067
54288 54248 739
54306 54305 928
54306 54314 678
54740 54737 337
54740 54746 7199
54744 54747 3325
54744 56460 2600
54315 54305 279
54315 54317 476
54305 54306 928
54305 54315 279
54305 54318 476
150551 150552 6100
140300 140299 612
140319 140322 2206
140413 140410 302
140413 149309 1111
140480 140322 285
140480 149309 169
140480 149312 452
140410 140411 786
140410 140413 302
140481 140344 793
140481 140411 1885
140486 140344 2344
140486 140483 823
140499 140483 2447
140499 140489 840
140499 140504 2334
140504 140499 2334
140504 140503 760
141968 141970 173
139781 143304 873
139781 143309 2552
143303 143304 2736
143303 143437 812
143308 139782 240
143308 143309 740
143308 143363 2787
143442 143443 818
143442 143445 2404
143441 143443 1074
143436 143437 591
143436 143439 821
143436 143443 1077
143455 143459 751
143455 143460 2254
143461 143460 948
143526 143522 987
142839 142832 898
142832 142839 898
143794 143793 658
143793 143794 658
143719 143715 1082
143715 143719 1082
143522 143526 987
143728 143521 604
143521 143728 604
142864 142863 2572
142863 142864 2572
139782 143308 240
144810 144816 621
144816 144810 621
144919 144864 981
144861 144880 1605
144864 144919 981
144880 144861 1605
144880 144881 669
144881 144880 669
204642 204643 845
204643 204642 845
145071 145072 812
145072 145071 812
145654 145655 1682
145655 145654 1682
167574 167575 713
167599 167598 951
152656 152665 951
152665 152656 951
152667 152668 848
152680 152681 650
152668 152667 848
152668 152675 697
152675 152668 697
152681 152680 650
153551 153554 1284
153554 153551 1284
168520 168519 202
168519 168520 202
167598 167599 951
167607 167606 1032
167606 167607 1032
168462 167770 1704
167770 168462 1704
180052 180054 2900
180054 180052 2900
179963 179991 893
179991 179963 893
152855 152856 421
152856 152855 421
152792 152791 871
152791 152792 871
152768 152767 1268
152767 152768 1268
153222 153220 758
153220 153222 758
153218 153235 600
153235 153218 600
156099 156100 789
156100 156099 789
156584 156573 782
156573 156584 782
155848 155849 2152
155849 155848 2152
173069 173071 931
173071 173069 931
173123 173126 504
173126 173123 504
178070 178069 252
178069 178070 252
177341 177561 667
177561 177341 667
177572 177573 373
177573 177572 373
160211 156538 766
156538 160211 766
156597 156599 630
156599 156597 630
156664 156667 436
156667 156664 436
156953 156951 906
156676 156987 1604
156987 156676 1604
156951 156953 906
176722 174907 3153
174907 176722 3153
165890 165892 751
165892 165890 751
165574 165578 818
165520 165519 688
165578 165574 818
167666 167665 796
167575 167574 713
167665 167666 796
167535 167870 934
167870 167535 934
165979 165978 606
165978 165979 606
165519 165520 688
164929 164930 848
213229 213236 674
213236 213229 674
212580 212579 914
212579 212580 914
164930 164929 848
114127 114125 753
114125 114127 753
119104 119103 926
119103 119104 926
92479 92482 582
92515 92554 1827
92554 92515 1827
93132 93131 445
93108 93102 2443
108179 108177 168
108177 108179 168
107466 108129 1114
108129 107466 1114
108431 108444 764
108444 108431 764
108617 108624 2228
108624 108617 2228
93102 93108 2443
93117 93795 1004
93795 93117 1004
93131 93132 445
92482 92479 582
92714 92704 981
92704 92714 981
191605 191061 5043
191549 191565 4825
191565 191549 4825
191061 191605 5043
109447 109525 809
109525 109447 809
109349 109593 1415
109593 109349 1415
109734 109735 478
109735 109734 478
110188 110195 1584
110195 110188 1584
110820 110832 1032
110832 110820 1032
110250 110248 713
110248 110250 713
112555 112564 610
112564 112555 610
104718 104720 713
104720 104718 713
37201 37163 2666
37163 37201 2666
37113 37118 818
37118 37113 818
38437 38442 337
38442 38437 337
40658 40659 344
40659 40658 344
40695 40698 2421
40698 40695 2421
39018 41563 435
41558 41560 848
41558 41562 952
41560 41558 848
41560 41562 1161
41561 41562 610
41561 41566 2542
41561 41567 630
41563 39018 435
41563 41562 1161
41566 41561 2542
41566 41570 751
41571 41570 2111
41571 41573 709
41571 47649 2511
47775 47773 790
47775 47774 2063
47775 47778 953
47783 47778 1742
47783 47790 1064
47790 47783 1064
47790 47785 1742
47790 47792 709
47790 47808 1120
47654 47656 2511
47654 47658 906
47655 47649 2377
47655 47656 828
47661 47656 2035
47719 47658 2852
47719 47720 871
47721 47720 1286
47721 47726 905
47727 47726 1742
47727 47729 709
47737 47729 871
47737 47735 1768
47737 47739 888
47729 47727 709
47729 47734 1763
47729 47737 871
47649 41571 2511
47649 47655 2377
47649 47659 790
47743 47739 2209
47743 47761 729
47761 47743 729
47761 47744 2192
47777 47744 790
47777 47773 1742
47799 47800 1339
47809 47800 1505
47809 47808 355
47808 47790 1120
47808 47809 355
47808 47810 517
47803 47769 1513
47803 47802 584
48491 47802 807
47755 47766 630
47755 47767 885
47765 47763 713
47765 47766 1161
47767 47755 885
47767 47766 581
47763 47765 713
47763 47769 871
47796 47769 2171
48056 48093 1774
48060 48062 1848
48060 48063 276
48423 48062 1141
48077 48066 407
48083 48066 1855
48083 48078 544
48083 48079 366
48083 48084 992
48078 48079 355
48078 48083 544
48081 48079 2429
48081 48086 710
48081 48088 2431
47930 47931 784
47930 47932 1567
47933 47931 2400
47935 47931 852
47935 48017 1817
47923 47932 958
47923 48000 1018
48002 47932 1128
48018 48017 815
48019 48017 892
47915 47919 629
48000 47919 2003
48000 47923 1018
47889 47964 423
47948 47963 806
47948 47964 801
50103 47964 796
47963 47948 806
47963 47967 799
47972 47967 467
47975 47967 2332
47975 48003 879
48004 48003 885
48004 48006 1357
48004 48011 879
47970 47977 789
47970 48006 807
48007 48006 337
47977 47957 2582
47977 47970 789
47977 48009 1614
47956 47962 4120
47956 47976 812
47961 47962 697
47961 47993 928
47961 48033 807
47957 47976 723
47957 47977 2582
47959 47993 2435
47994 47993 793
47995 48037 1206
48040 48039 837
48040 48044 1758
48045 48044 879
48149 48088 382
48150 48088 1785
48150 48153 369
48151 48154 202
48151 48157 1173
48153 48150 369
48153 48154 779
48157 48151 1173
48157 48155 441
40267 40268 275
40267 47412 416
40268 40267 275
40268 47412 499
40268 47464 68
47411 47412 81
47411 130529 1121
47410 47464 769
47410 47465 202
47409 47465 697
47409 47467 1883
47463 47467 928
47480 47483 890
47484 47483 1422
47484 47984 1343
47984 47484 1343
47984 47485 1534
47984 47987 873
47987 47984 873
47987 47988 837
47987 47990 2954
130529 47411 1121
130529 130530 1346
130760 130530 374
130760 130762 1529
47991 47990 890
130721 130727 1142
130729 130727 1256
130729 130728 511
130729 130730 2017
130766 130727 1747
130766 130730 475
130766 130768 581
130728 130726 581
130728 130729 511
130728 130768 2538
130730 130729 2017
130730 130766 475
130730 130768 355
130726 130728 581
130726 130731 1420
130725 130735 3400
130751 130781 421
130782 130781 452
130783 130781 404
130783 130784 1769
130785 130784 782
131306 131307 2329
48304 46266 2381
130861 130879 333
130861 130880 556
130866 130879 445
130880 130861 556
130880 131310 2424
131311 131310 893
131311 131314 667
131311 131315 1941
130884 130887 782
131320 130887 1838
130876 130903 600
130892 130894 202
130895 130894 404
130898 130901 713
131157 131165 355
131157 131166 837
131165 131157 355
131165 131166 1009
131168 131166 593
131167 131170 1617
131178 131184 1336
131178 131185 1802
131178 131195 1500
131184 131178 1336
131184 131185 1368
131202 131185 349
131272 131210 1264
131275 131210 1786
126181 131278 720
131518 131278 1353
131518 131517 1344
131518 131521 337
131519 131278 1014
131204 131205 759
131521 131518 337
131521 131523 1124
131521 131525 1234
131525 131521 1234
131525 131528 872
131563 131564 518
131566 131564 1221
131568 131567 1581
131569 131567 848
131569 131604 1781
131605 131604 818
131605 131619 1857
131619 131605 1857
131619 131608 688
131620 131608 1430
131620 131618 374
131620 131621 202
125891 125242 446
131618 125242 241
131618 131620 374
131618 131621 404
131627 131626 606
131629 131626 2600
131629 131706 752
131629 131712 2740
131719 131712 1212
132207 132219 2285
132220 132219 673
132226 132225 1781
132226 132229 740
132253 132229 2691
132253 132255 739
132270 132255 2254
132270 132265 811
132206 132218 249
132274 132273 976
132293 132273 291
54134 54133 1075
54152 54137 747
54152 54153 2015
54154 54153 928
54154 54161 2364
54132 54131 2019
54170 54169 1546
54165 54161 1116
54165 54167 2423
54168 54167 976
54168 54282 739
54282 54168 739
54282 54285 1686
54287 54285 1206
54287 54286 1067
54119 54276 2249
54239 54241 1485
54248 54241 1206
54248 54288 739
54286 54241 1067
54286 54287 1067
54314 54306 678
54737 54740 337
54746 54740 7199
54746 54747 1336
54747 54744 3325
54747 54746 1336
56460 54744 2600
54317 54315 476
54318 54305 476
150552 150551 6100
140299 140300 612
140322 140319 2206
140322 140480 285
149309 140411 269
149309 140413 1111
149309 140480 169
149309 149312 401
149312 140480 452
149312 149309 401
140411 140410 786
140411 140481 1885
140411 149309 269
140344 140481 793
140344 140486 2344
140483 140486 823
140483 140499 2447
140489 140499 840
140489 140503 2432
140503 140489 2432
140503 140504 760
141970 141968 173
143304 139781 873
143304 143303 2736
143309 139781 2552
143309 143308 740
143437 143303 812
143437 143436 591
143363 143308 2787
143443 143436 1077
143443 143441 1074
143443 143442 818
143445 143442 2404
143445 143459 2071
143439 143436 821
143459 143445 2071
143459 143455 751
143460 143455 2254
143460 143461 948
964
41562
41567
41570
41573
47774
47778
47785
47792
47656
47658
47720
47726
47735
47734
47659
47739
47744
47773
47800
47810
47802
47766
47769
48093
48062
48063
48066
48084
48079
48086
47931
47932
48017
47919
47964
47967
48003
48011
48006
48009
47962
47976
48033
47993
48037
48039
48044
48088
48154
48155
47412
47464
47465
47467
47483
47485
47988
130530
47990
130727
130762
130768
130731
130735
130781
130784
131307
46266
130879
131310
131315
131314
130887
130903
130894
130901
131166
131170
131185
131195
131210
131278
131517
131205
131523
131528
131564
131567
131604
131608
125242
131621
131626
131706
131712
132219
132225
132229
132255
132265
132218
132273
54133
54137
54153
54131
54169
54161
54167
54285
54276
54241
54288
54306
54740
54744
54315
54305
150551
140300
140319
140413
140480
140410
140481
140486
140499
140504
141968
139781
143303
143308
143442
143441
143436
143455
143461
143585
143511
143589
143526
143525
143602
142838
142839
142845
142842
142832
143956
143794
143783
143793
143789
143776
143719
143724
143771
143703
143704
143715
143726
143522
143728
143521
142843
142879
142864
142863
142873
142878
144893
144892
144895
142866
143178
143193
143200
143282
143285
139782
139786
144810
144816
144916
144919
144861
144864
144880
144881
204574
204582
204642
204644
204930
204935
204927
204643
204822
204939
204944
204947
207716
214413
144885
144887
145071
145072
145077
145179
145221
145230
145238
145240
145242
145631
145654
145655
146607
146608
146623
146670
146672
146680
146873
146877
146844
146915
146924
209545
209653
209415
167574
167599
152656
152665
152667
152680
152668
152675
152681
152795
153551
153594
153532
153554
152069
153525
162508
152648
162511
168520
168504
168519
168449
167598
167607
167606
167643
167618
167610
167658
167704
168462
167767
167770
177692
178607
178633
178639
178648
180052
180054
179780
179758
179950
179963
179992
179991
180005
172252
152852
152854
152855
152856
152858
152786
152792
152803
152789
152791
152817
152821
152746
152835
172258
152768
172250
152767
152771
152783
152838
153222
153216
153220
153218
153235
153236
153239
153309
156099
156102
156109
156100
156104
156117
156119
156162
156160
156584
156573
153311
153340
153355
153445
153383
153431
153367
153488
154855
153407
155848
155917
155919
155849
155884
153508
153506
153512
153519
155894
154852
155870
155892
155896
155885
176626
185281
172979
172990
172982
186153
179996
180023
180000
172988
173021
178540
181842
177751
177753
178195
185518
173240
173238
173254
178550
173069
173071
172972
173123
173126
178060
178070
178069
178173
178169
178179
178192
173257
173270
174771
174881
185506
173465
173468
174948
177341
177344
177345
177561
177562
177352
176605
177570
177572
177573
176614
176610
156380
176615
176618
177303
156512
160198
156515
160215
160217
160211
160220
156504
156538
156398
156403
156463
156467
156481
156596
156597
156494
156847
156843
156893
156860
156863
156599
156664
156667
156707
156656
156864
156873
156957
156876
156953
156676
156987
156951
156988
156636
156907
156917
156698
156937
158415
177317
177362
177383
176727
176729
176722
174907
165886
165890
165924
165892
165574
165577
165634
165642
165657
165650
165520
165554
165578
167694
167763
167700
167718
172502
167788
167682
167666
167575
167626
167665
167671
165478
167445
165480
165454
167449
167446
167524
167535
167542
167870
165900
165979
165978
165998
165993
165990
165519
164929
165552
213229
213237
213236
213251
213242
213245
212562
212563
212580
212579
164631
164895
164898
172438
164930
164933
165668
165678
164945
165681
164968
165701
164962
164965
114240
114294
113966
113967
113996
114127
114125
114095
114165
119286
118843
118643
119232
119233
119253
119301
119317
119319
119216
118582
119058
119023
119085
119090
119084
119104
119103
118982
119026
102940
102942
94391
94423
94402
92164
92155
92173
92157
94429
94435
94444
94512
94519
94488
94562
92479
92480
92456
92474
94525
92515
92551
92554
92507
92519
93132
93108
93139
93838
107079
108159
108165
108170
109560
109565
94151
105610
108045
105622
107260
108134
108199
105793
108101
108179
107249
108177
108180
108166
107471
107466
108129
108431
108433
108444
108439
108408
108481
108543
108549
108617
108624
93097
93106
93102
92852
92861
93607
93712
93720
93788
93113
93117
93795
93131
92532
92541
92733
92739
92751
92769
92542
92531
92533
92561
92564
92482
92637
92688
92655
92707
94636
92714
92704
191193
192686
191605
192690
191595
191600
192042
191549
191565
192083
191615
191623
191670
191671
191061
192636
191189
194286
192633
192655
194256
192673
119374
114053
114061
114114
114344
114273
114279
114359
108601
109335
109274
109317
109278
109439
109445
109447
109525
109397
109603
108668
109680
109347
109676
109349
109593
109647
109624
109628
109728
109734
109735
110096
109738
110102
110105
110011
110162
110171
110178
110188
110195
111301
110825
110820
110832
110250
110259
110744
110248
110263
110819
110274
110289
111369
111370
110220
110254
103864
103866
103967
103963
103961
110935
112818
112852
112833
103869
104009
104038
112497
112555
112558
112528
112564
110918
112473
104278
104257
104041
104073
104004
104018
103943
104704
104718
104720
104727
104251
39100
39103
39104
39117
39286
39261
39268
39290
37201
37209
37163
37200
37239
37102
37103
37111
37113
37086
37098
37084
37088
37118
38189
37162
38195
38350
38365
38396
38430
38393
38437
38442
38447
38551
38463
38507
38545
38553
38558
38576
38585
38590
40345
38593
38581
38591
38878
40658
40659
40664
40673
40666
40676
40690
40701
50441
40693
40695
38991
39001
39008
38992
39013
40698
38973
39018
41558
41560
41561
41563
41566
41571
47775
47783
47654
47655
47719
47721
47727
47737
47729
47649
47743
47761
47777
47799
47809
47803
47755
47765
47767
47763
47796
48056
48060
48077
48078
48081
47930
47933
47935
47923
48002
48018
48019
47915
48000
47889
47948
50103
47963
47972
47975
47970
47956
47961
47957
47959
47994
47995
48040
48045
48149
48151
48153
48157
40267
47410
47409
47463
47480
47484
47987
130529
130760
47991
130721
130766
130726
130725
130751
130783
130785
131306
130861
130866
130880
131311
130884
131320
130876
130892
130895
130898
131157
131165
131168
131167
131178
131184
131272
131275
126181
131518
131519
131204
131525
131563
131566
131569
131605
131619
131620
131627
131629
131719
132207
132220
132226
132253
132270
132206
132274
54134
54152
54154
54165
54168
54282
54287
54119
54239
54248
54286
54737
140322
149312
140411
140344
140483
140489
140503
143304
143309
143437
143363
143443
143445
143439
143459
143460
