4910
197635 197636 750
197594 197595 1193
197594 197599 762
197614 197615 776
197618 197617 2083
197618 197637 788
197595 197594 1193
197595 197611 737
197595 197615 1162
197463 197464 673
197463 197636 517
197463 197637 232
214493 214724 32
199130 199133 3335
199136 199151 711
199136 199154 1670
199154 199136 1670
199154 199152 766
199153 199148 839
199153 199152 1230
199142 198925 1590
199142 199141 791
199142 199149 439
199146 199144 766
199146 199145 1230
199146 199148 846
199574 199575 915
199578 199575 709
199603 199589 1610
199603 199604 791
199604 199603 791
199604 199605 615
199609 199605 1742
199609 199610 810
199609 200122 1338
200110 200122 573
200120 200121 1431
200120 200153 2101
200125 200134 694
200125 200135 706
200156 200157 575
200156 200162 1799
200153 200120 2101
200153 200154 1220
200153 200164 2904
200157 200156 575
200157 200164 991
200090 200091 747
200159 200158 1110
200159 200160 765
199420 214563 1180
214569 214563 1066
199504 214787 384
214781 199527 116
199588 199575 1270
199588 199589 810
199534 199533 256
200307 200309 883
200307 200698 2362
200676 200693 2411
200676 200698 682
200675 200693 829
200675 200695 328
200695 200675 328
200695 200696 781
200093 200094 1230
200095 200094 758
200095 200098 1448
200095 200099 839
200096 200239 838
200096 200242 1339
200238 200239 1565
200238 200240 747
200234 200240 659
200234 200250 593
200250 200234 593
200250 200251 439
200250 200252 2791
200254 200252 549
200254 200293 1589
200290 200308 793
200290 200309 2466
200088 200091 1558
200088 200094 864
200755 200725 758
200755 200754 855
200755 200759 1048
200755 200760 2567
200770 200759 1217
200770 200773 915
200776 200773 908
200772 200762 1313
200772 200771 774
200772 200773 1448
200772 200782 2111
200786 200782 778
200786 200788 1892
200789 200790 1668
200789 200791 274
200791 200789 274
200791 200960 965
201037 200960 393
201037 201038 598
201042 201040 817
201042 201044 2609
201059 201044 856
201059 201061 938
201064 201061 824
201064 201072 1814
201120 201072 840
201123 201074 2377
201151 201146 692
201151 201341 364
201151 201371 1905
201333 201336 779
201333 201348 810
201339 201348 774
201343 201344 1317
201341 194947 1876
201341 201151 364
201252 201258 833
201252 201334 1703
201332 201334 715
201332 201336 1559
201250 201257 594
201255 201254 706
201255 201256 804
201255 201266 1305
201267 201271 730
201267 201272 774
201310 201272 1738
201310 201311 1145
201313 201314 1145
201317 201314 871
201317 201320 1722
201323 201320 756
201323 201427 1594
201327 201329 885
201327 201431 1487
201428 201427 778
201428 201431 797
201428 201432 1253
201328 201329 1827
201328 201490 938
201493 201490 885
201493 201494 973
201495 201496 1540
201607 201608 357
193472 193460 1866
225020 225019 3683
225020 225022 1368
225022 225020 1368
225022 225021 1904
226885 226884 700
233767 233774 155
233769 233753 1689
233795 233794 333
233876 234581 1067
233843 233841 603
233843 235525 922
29863 29852 680
29863 34296 311
29851 29852 660
29868 29875 1785
29868 29878 951
29880 29879 300
29880 29881 2347
29881 29880 2347
29881 29906 661
29878 29868 951
29878 29874 1842
29878 29879 828
29986 29988 801
29986 29991 1497
22545 21427 393
22545 22544 4192
22545 23425 958
22545 29992 1070
23933 35181 213
23939 23425 1298
23939 34326 620
6546 6547 1398
31995 6541 1277
31995 34269 1424
31939 30038 1391
31939 31942 2979
31942 31939 2979
31942 31943 291
30039 30038 3006
30039 30052 677
31945 30053 1427
31945 31947 1313
31945 31959 2822
31964 31963 192
31964 31965 2501
226807 226806 4006
226807 226884 1272
6636 6638 1134
6553 6549 889
6553 6554 3057
6563 6561 243
6563 6562 5108
6632 6633 879
6632 6639 1405
6606 6600 1806
6619 6618 966
6619 6627 3240
6623 6627 1002
6623 6685 796
6625 6626 3225
6625 6630 1033
6939 6613 4954
6939 6936 5332
6938 6936 3638
7131 7132 869
7131 7133 1878
6954 6953 637
6956 6931 1725
6956 6977 1046
7265 6988 1137
7265 13515 1495
7266 7263 285
7302 7081 1106
7302 13431 695
7303 7318 486
7336 7304 1369
7320 7318 1269
7320 7321 740
7330 7329 629
7330 7334 1390
7343 7346 1924
7343 7347 1299
7589 7588 2915
7600 7602 2050
7601 7608 915
7601 8534 1632
8546 8537 4832
8546 8547 837
8538 8537 747
8538 8539 2965
8541 8543 2084
8556 8555 2866
8556 15282 6016
12229 33441 600
15284 15283 1404
15285 15317 9443
15285 15347 1272
8571 8570 579
8571 8575 1966
8586 8587 2500
8586 8592 1052
15330 15645 1076
15330 33441 499
15331 15333 1183
15331 15336 4675
15331 15337 2057
15331 15338 3102
15645 15330 1076
15645 15351 12000
225517 225519 4023
231468 231469 2202
231468 231470 7901
225556 225546 1454
15345 15343 1379
15345 15346 1490
15411 15406 695
15411 15413 541
15746 15770 556
15772 15771 150
15772 15774 510
15736 15774 697
15736 15780 2291
15736 15802 858
15803 15804 955
15803 15805 598
15809 15802 767
15809 15807 1925
15809 15813 2192
15815 15813 758
15815 15814 1556
15818 15822 648
15827 15828 1042
15827 15829 1478
15884 15885 770
15824 15826 353
15892 15891 446
15904 15903 892
15904 16300 986
15897 15896 242
15897 15898 842
15924 15903 3455
15928 15930 811
15933 15930 2430
15933 16129 826
15933 16130 2654
16070 16066 2680
16070 16140 3148
16070 16149 701
16160 16161 718
16160 16164 561
16206 34412 356
14482 14483 1292
14482 14485 1835
16170 34411 1176
16302 16301 1897
16302 35472 364
16304 16301 1264
16304 16317 2480
16319 16317 1292
16319 16318 787
16319 34177 359
16320 16321 1141
16320 16322 924
16324 16325 624
16324 16716 1141
16327 16322 344
16327 19796 452
19801 19798 1531
19801 19802 580
21435 21436 869
21435 21437 731
21438 19806 452
21438 21434 672
21439 19806 868
21439 21441 2126
21492 21494 1454
21492 21495 681
21531 21529 1818
21587 21586 1949
21587 21588 574
21654 21657 1225
21644 21497 755
21644 21502 1336
21646 21502 755
21646 21650 1000
21655 21656 782
21677 21738 562
21788 21741 588
21788 21787 1558
21805 21802 220
21805 34892 589
21749 21747 764
21749 21748 2889
21751 21750 1445
21751 34063 839
21771 21755 2856
21771 21772 667
21832 21840 782
21832 21846 839
21841 21840 924
21841 21848 1091
21774 21772 893
21774 21773 764
21779 21617 1683
21779 21778 562
21781 21766 756
21767 21763 1007
21767 21766 3482
21767 22051 1558
21767 35417 830
22051 21767 1558
22051 21926 930
22055 21925 756
22055 21926 1889
21935 21934 782
21939 21938 3474
21953 21940 4284
21953 21954 782
22082 22077 1008
22079 22078 3342
22079 22088 2186
22079 22089 782
22020 21990 1929
22020 22004 139
22168 22162 511
22168 22167 511
22089 22079 782
22089 22161 1599
22089 22218 1931
21978 20315 672
21980 21984 950
21980 21985 452
21958 21957 2555
21967 21966 708
21967 21983 889
22007 21993 29
22007 21994 28
22007 22008 126
22012 22011 1377
22012 22015 713
22670 22668 1205
21270 21267 1349
22782 22781 285
23109 23093 475
23111 23095 1223
23098 23096 1062
23098 23108 1062
23100 21415 4206
23100 23097 1139
23108 23098 1062
23108 23099 905
25978 25968 2879
25978 26056 1657
26057 26008 951
26057 26056 672
26063 26022 210
26069 26065 869
26069 26070 1611
26070 26069 1611
26070 26071 924
26076 26071 1467
26076 26077 713
28497 28256 252
28511 28513 788
21418 21409 4753
28319 28513 1530
28319 28517 629
28517 28319 629
28517 28514 1592
28519 28514 788
28612 28615 1577
28612 28618 1031
28516 28514 672
28516 28515 708
28532 28510 435
28532 28540 676
28532 28555 889
28540 28532 676
28540 28560 581
28556 28555 581
28556 28557 1225
28556 28560 610
28557 28556 1225
28557 28559 893
28563 28565 1810
28570 28569 510
28570 28571 931
28571 28570 931
28571 28584 1009
28573 28572 418
28710 28709 610
28711 28712 649
19715 19716 1760
19715 19727 677
19727 19715 677
19727 28662 2352
28661 28662 1066
28907 28906 893
28907 34804 405
28908 28909 778
28669 28662 751
28669 28670 1533
28672 28670 751
28691 28721 1023
28691 28732 2007
24417 23505 209
28964 28962 818
28964 28965 1613
28980 28962 1031
28980 28970 2453
24453 24452 2012
24453 28985 697
24454 24452 612
24454 24473 873
28984 28970 1063
28984 28985 1226
24475 24473 605
24475 24477 1993
24475 24478 738
24730 24727 672
24730 24729 1631
24736 24732 1357
24736 24737 873
189347 189349 2449
189350 189349 750
188670 188663 3069
188670 188667 812
188670 188679 1494
188678 188679 762
188678 188705 1576
188703 188705 860
188703 188725 1537
188724 188725 851
188724 188751 1519
188890 188751 828
188890 188894 2155
188893 188894 833
188893 188905 1040
188893 188932 817
188886 188884 778
188886 188902 2262
188892 188902 780
188892 188904 914
188903 188946 1126
188903 188953 1132
188905 188893 1040
188905 188906 81
187549 187480 1365
187549 187543 839
187550 187543 1184
187550 187552 786
188663 187552 2719
188663 188664 786
188663 188670 3069
188897 188862 762
188897 188942 2343
188941 187414 2081
188941 188940 813
188941 188942 803
188884 188886 778
188884 188901 2155
188900 188901 778
188900 188908 2310
188940 187413 2130
188940 188908 752
188940 188941 813
188862 188897 762
188862 188943 2317
188867 188943 812
188867 188948 2028
188949 188948 812
188949 188951 2090
189352 189351 426
189383 188951 751
189383 189382 139
187424 187482 2726
187480 187482 834
187480 187549 1365
187430 187498 834
187430 187508 2677
187509 187482 818
187509 187508 746
187509 187542 1755
187330 187332 802
187330 187341 2145
187343 187342 535
187333 187332 1804
187333 187335 744
187501 187342 772
187501 187500 2727
187498 187430 834
187498 187500 785
187498 187506 2668
197509 197513 1345
197509 197522 1084
197512 197524 686
197755 197606 473
197756 197758 603
197756 197761 1098
197762 197525 1356
197762 197530 814
197762 197761 957
194670 194669 702
194670 197506 1383
197544 197565 767
197544 197566 1230
197293 197292 900
197293 197294 1671
197295 197294 715
197295 197297 1567
197297 197295 1567
197297 197552 1090
197557 197555 491
197557 197558 238
197557 197566 1117
197570 197571 1161
197620 197571 1863
197620 197575 1212
197622 197575 751
197622 197624 623
197624 197622 623
197624 197623 514
197624 197627 1371
197636 197463 517
197636 197627 2383
197636 197635 750
197636 197638 826
197599 197594 762
197599 197598 893
197599 197611 1191
197615 197595 1162
197615 197612 788
197615 197614 776
197617 197612 724
197617 197618 2083
197617 197619 734
197617 197760 3141
197637 197463 232
197637 197618 788
197637 197619 2230
197637 197785 647
197611 197595 737
197611 197599 1191
197611 197600 854
197611 197612 1188
197464 197463 673
197464 197638 483
197464 197785 234
197464 198359 946
214724 199261 348
214724 214493 32
214724 214725 621
199133 199130 3335
199133 199145 839
199133 199148 1120
199133 199152 845
199151 199136 711
199151 199150 1374
199151 199152 1667
199152 199133 845
199152 199151 1667
199152 199153 1230
199152 199154 766
199148 199133 1120
199148 199146 846
199148 199153 839
198925 198924 793
198925 198929 638
198925 199142 1590
199141 198927 846
199141 199140 1101
199141 199142 791
199141 199144 748
199149 199142 439
199144 199141 748
199144 199143 1210
199144 199146 766
199145 199133 839
199145 199143 747
199145 199146 1230
199575 199574 915
199575 199578 709
199575 199588 1270
199589 199588 810
199589 199590 1486
199589 199603 1610
199605 199590 1995
199605 199604 615
199605 199606 885
199605 199609 1742
199610 199606 1575
199610 199609 810
199610 199611 696
199610 200136 2422
200122 199609 1338
200122 200110 573
200122 200134 1128
200121 200120 1431
200121 200135 1852
200121 200140 713
200121 200154 2153
200134 200122 1128
200134 200125 694
200134 200136 758
200135 200121 1852
200135 200125 706
200135 200136 767
200135 200137 652
200162 200156 1799
200162 200160 1336
200162 200163 1466
200162 200324 766
200154 200121 2153
200154 200153 1220
200154 200166 2965
200154 200169 681
200164 200153 2904
200164 200157 991
200164 200165 182
200091 200088 1558
200091 200090 747
200091 200158 522
200158 200091 522
200158 200097 405
200158 200159 1110
200160 200098 1336
200160 200159 765
200160 200162 1336
200160 200322 839
214563 199420 1180
214563 214567 1625
214563 214569 1066
214787 199087 751
214787 199504 384
199527 199528 458
199527 199530 219
199527 214353 204
199527 214781 116
199533 199534 256
199533 214602 839
200309 200290 2466
200309 200307 883
200309 200699 791
200309 200700 2289
200698 200307 2362
200698 200676 682
200698 200700 894
200698 200707 2212
200693 200675 829
200693 200676 2411
200693 200696 959
200693 200722 640
200693 200753 696
200696 200693 959
200696 200695 781
200696 200753 337
200696 200754 745
200094 200088 864
200094 200093 1230
200094 200095 758
200094 200097 1320
200098 200095 1448
200098 200097 602
200098 200160 1336
200098 200161 866
200099 200095 839
200099 200161 1667
200099 200242 612
200239 200096 838
200239 200238 1565
200239 200241 766
200239 200243 1455
200242 200096 1339
200242 200099 612
200242 200243 918
200242 200244 1565
200240 200234 659
200240 200238 747
200240 200241 1566
200240 200251 594
200251 200240 594
200251 200250 439
200251 200253 1676
200251 200255 1118
200252 200250 2791
200252 200254 549
200252 200291 486
200252 200292 824
200293 200254 1589
200293 200295 897
200293 200308 930
200308 200290 793
200308 200293 930
200308 200296 1020
200308 200310 774
200725 200723 1608
200725 200754 682
200725 200755 758
200725 200756 881
200754 200696 745
200754 200725 682
200754 200753 885
200754 200755 855
200759 200755 1048
200759 200761 1783
200759 200762 1154
200759 200770 1217
200760 200755 2567
200760 200758 846
200760 200761 674
200760 200764 2130
200773 200762 686
200773 200770 915
200773 200772 1448
200773 200776 908
200762 200759 1154
200762 200771 1009
200762 200772 1313
200762 200773 686
200771 200761 846
200771 200762 1009
200771 200767 2227
200771 200772 774
200782 200767 839
200782 200772 2111
200782 200785 1564
200782 200786 778
200788 200785 756
200788 200786 1892
200788 200790 838
200788 200867 2801
200790 200788 838
200790 200789 1668
200790 200868 2801
200790 200869 774
200960 200791 965
200960 200869 791
200960 201037 393
201038 200869 504
201038 201037 598
201038 201039 286
201040 201039 649
201040 201042 817
201040 201043 2292
201044 201042 2609
201044 201059 856
201044 201066 348
201061 201059 938
201061 201064 824
201061 201069 1341
201072 201064 1814
201072 201073 617
201072 201120 840
201074 201071 1530
201074 201073 466
201074 201075 579
201074 201123 2377
201146 201140 885
201146 201142 1469
201146 201151 692
201146 201169 1868
201371 201151 1905
201371 201169 796
201371 201374 1376
201336 201332 1559
201336 201333 779
201336 201337 679
201336 201349 945
201348 201333 810
201348 201339 774
201348 201349 846
201344 201343 1317
201344 201347 894
201344 201372 919
194947 194948 1395
194947 201341 1876
201258 201252 833
201258 201257 1414
201258 201260 901
201258 201335 1696
201334 201252 1703
201334 201332 715
201334 201335 816
201334 201337 1424
201257 201250 594
201257 201256 352
201257 201258 1414
201254 200989 1407
201254 201253 466
201254 201255 706
201256 201255 804
201256 201257 352
201256 201259 522
201266 200989 789
201266 201255 1305
201266 201268 828
201266 201269 237
201271 201267 730
201272 201267 774
201272 201268 709
201272 201273 1244
201272 201310 1738
201311 201273 1419
201311 201310 1145
201311 201312 1685
201311 201314 594
201314 201311 594
201314 201313 1145
201314 201315 1722
201314 201317 871
201320 201315 871
201320 201317 1722
201320 201323 756
201320 201414 1589
201427 201323 1594
201427 201414 774
201427 201428 778
201427 201430 1274
201329 201327 885
201329 201328 1827
201329 201531 1572
201329 201532 686
201431 201327 1487
201431 201428 797
201431 201434 1380
201431 201531 848
201432 201428 1253
201432 201430 691
201432 201433 920
201432 201434 864
201490 201328 938
201490 201491 1828
201490 201493 885
201494 201493 973
201494 201496 709
201494 201499 828
201496 201494 709
201496 201495 1540
201496 201502 709
201496 201503 1295
201608 201607 357
201608 201611 1108
193460 193459 1197
193460 193468 1534
193460 193472 1866
225019 225016 3276
225019 225020 3683
225021 225017 2002
225021 225022 1904
226884 226807 1272
226884 226885 700
233774 233767 155
233774 233772 1490
233774 233773 1124
233753 233754 389
233753 233760 1676
233753 233766 2319
233753 233769 1689
233794 233687 749
233794 233793 535
233794 233795 333
233794 235295 8814
234581 233876 1067
233841 233840 3953
233841 233842 1559
233841 233843 603
235525 233843 922
29852 29851 660
29852 29863 680
34296 29863 311
29875 29868 1785
29875 29874 902
29879 29876 1717
29879 29878 828
29879 29880 300
29906 29881 661
29906 29890 365
29874 29875 902
29874 29878 1842
29874 34303 828
29988 29986 801
29988 29990 3587
29988 29992 2062
29991 29986 1497
21427 21428 1013
21427 22545 393
21427 22546 3823
22544 22545 4192
22544 22546 459
22544 30228 445
23425 22545 958
23425 23939 1298
23425 29993 1399
23425 35181 497
29992 22545 1070
29992 29988 2062
29992 34264 618
35181 23425 497
35181 23933 213
35181 35184 336
34326 23939 620
6547 6546 1398
6547 6548 769
6547 6549 3143
6541 6540 3591
6541 16881 357
6541 31995 1277
6541 31996 1639
34269 17128 1122
34269 31995 1424
30038 30037 1838
30038 30039 3006
30038 31939 1391
31943 31942 291
30052 30039 677
30052 30049 1265
30052 30053 2734
30053 30050 1274
30053 30052 2734
30053 31945 1427
30053 31948 3713
31947 31945 1313
31947 31951 1228
31947 31959 2250
31959 31945 2822
31959 31947 2250
31959 31962 1246
31963 31953 1088
31963 31962 1055
31963 31964 192
31965 31954 1333
31965 31964 2501
31965 31985 3979
226806 226807 4006
6638 6636 1134
6549 6547 3143
6549 6553 889
6549 6557 1848
6554 6553 3057
6561 6552 1670
6561 6557 1526
6561 6563 243
6562 6563 5108
6562 6567 641
6562 6568 339
6633 6632 879
6639 6632 1405
6600 6601 1251
6600 6606 1806
6600 29840 243
6618 6619 966
6618 6628 444
6618 32612 1464
6627 6619 3240
6627 6623 1002
6627 6686 2438
6685 6623 796
6626 6625 3225
6630 6625 1033
6630 6631 2089
6613 6611 2487
6613 6939 4954
6613 34715 818
6936 6937 1684
6936 6938 3638
6936 6939 5332
7132 7131 869
7133 7131 1878
7133 7145 1179
7133 7146 1883
6953 6951 784
6953 6954 637
6931 6930 3577
6931 6955 2273
6931 6956 1725
6977 6956 1046
6977 6979 1353
6988 6989 2649
6988 7013 1086
6988 7263 1138
6988 7265 1137
13515 7265 1495
7263 6988 1138
7263 7266 285
7081 7079 3180
7081 7296 5170
7081 7302 1106
13431 7302 695
13431 13429 792
13431 13432 549
7318 7303 486
7318 7310 2272
7318 7319 807
7318 7320 1269
7304 7305 1537
7304 7306 2081
7304 7336 1369
7321 7319 1174
7321 7320 740
7321 7329 832
7329 7321 832
7329 7323 986
7329 7326 747
7329 7330 629
7334 7327 604
7334 7330 1390
7334 7335 1487
7346 7343 1924
7347 7343 1299
7347 7344 634
7347 7348 1136
7588 7589 2915
7588 7596 1036
7588 7602 1848
7602 7588 1848
7602 7600 2050
7602 7603 1567
7608 7601 915
7608 7606 5644
7608 7609 1241
8534 7601 1632
8534 8535 243
8537 8535 836
8537 8538 747
8537 8546 4832
8547 8546 837
8539 8538 2965
8543 8541 2084
8555 8556 2866
15282 8556 6016
15282 15289 1643
15282 15290 651
33441 12229 600
33441 15330 499
15283 15284 1404
15283 15290 370
15283 15313 803
15317 15285 9443
15317 15316 330
15317 18495 1150
15347 15285 1272
15347 15348 832
15347 15349 2792
8570 8571 579
8575 8571 1966
8587 8586 2500
8592 8586 1052
15333 15331 1183
15333 15334 1464
15333 15335 3397
15336 15331 4675
15336 15357 1507
15337 15331 2057
15337 15360 2589
15337 15361 2229
15338 15331 3102
15338 15335 1035
15338 15361 1511
15338 15394 975
15351 15350 5894
15351 15604 6053
15351 15645 12000
225519 225517 4023
225519 225527 6197
231469 231468 2202
231470 231468 7901
225546 225547 842
225546 225549 3356
225546 225556 1454
15343 15342 1429
15343 15344 2249
15343 15345 1379
15346 15345 1490
15406 15403 584
15406 15407 276
15406 15411 695
15413 15411 541
15413 15412 1673
15413 15755 747
15770 15746 556
15770 15761 872
15770 15771 857
15771 15770 857
15771 15772 150
15771 15773 2314
15774 15736 697
15774 15772 510
15774 15776 2259
15780 15736 2291
15780 15776 742
15780 15781 1604
15780 15810 755
15802 15736 858
15802 15804 1820
15802 15809 767
15802 15810 2300
15804 15802 1820
15804 15803 955
15804 15806 294
15804 15807 599
15805 15803 598
15805 15807 963
15805 15808 216
15807 15804 599
15807 15805 963
15807 15809 1925
15813 15809 2192
15813 15810 846
15813 15811 1536
15813 15815 758
15814 15811 697
15814 15815 1556
15814 15838 603
15822 15818 648
15828 15827 1042
15828 15830 790
15828 15831 3373
15829 15827 1478
15829 15885 1762
15885 15829 1762
15885 15884 770
15885 15891 230
15826 15824 353
15826 15825 167
15826 15838 166
15891 15885 230
15891 15892 446
15891 34673 3052
15903 15904 892
15903 15923 784
15903 15924 3455
16300 15904 986
15896 15897 242
15898 15897 842
15930 15928 811
15930 15932 922
15930 15933 2430
16129 15932 2300
16129 15933 826
16129 16041 801
16129 16131 2942
16130 15933 2654
16066 16067 474
16066 16070 2680
16140 16052 346
16140 16070 3148
16149 16070 701
16149 16150 747
16149 16151 1702
16161 16160 718
16161 16162 2205
16161 16162 2205
16164 16160 561
16164 16165 1115
16164 16204 206
16164 34790 166
34412 16204 174
34412 16206 356
34412 34411 88
14483 14482 1292
14483 16249 1820
14483 16257 1109
14485 14482 1835
14485 16154 1850
14485 16242 454
34411 16170 1176
34411 34412 88
34411 34790 46
16301 16302 1897
16301 16304 1264
16301 16315 3591
35472 16302 364
16317 16304 2480
16317 16319 1292
16317 16325 790
16318 16315 168
16318 16319 787
34177 16319 359
16321 16320 1141
16322 16320 924
16322 16323 1178
16322 16327 344
16325 16317 790
16325 16324 624
16716 16324 1141
19796 16327 452
19796 19797 1335
19796 19798 688
19798 19788 713
19798 19796 688
19798 19799 1768
19798 19801 1531
19802 19788 1575
19802 19801 580
19802 21429 667
21436 21435 869
21437 21434 613
21437 21435 731
21437 35465 964
19806 19803 3141
19806 19808 1014
19806 21438 452
19806 21439 868
21434 19804 3024
21434 21437 613
21434 21438 672
21441 21439 2126
21441 21445 1007
21441 21449 2458
21441 21455 869
21494 21492 1454
21494 21496 672
21494 21498 755
21495 21492 681
21495 21497 681
21495 21498 1336
21529 21462 475
21529 21530 1234
21529 21531 1818
21586 21587 1949
21586 21714 1091
21588 21587 574
21588 21589 3398
21657 21654 1225
21657 21658 782
21497 21495 681
21497 21499 1222
21497 21644 755
21502 21499 681
21502 21644 1336
21502 21646 755
21502 21648 1000
21650 21646 1000
21650 21652 1014
21656 21652 839
21656 21655 782
21656 21658 681
21656 21717 1111
21738 21677 562
21738 21735 1013
21738 21739 889
21741 21739 504
21741 21788 588
21787 21788 1558
21802 21801 611
21802 21803 363
21802 21805 220
34892 21805 589
21747 21731 681
21747 21746 2779
21747 21749 764
21748 21746 672
21748 21749 2889
21748 21750 755
21750 21742 1000
21750 21748 755
21750 21751 1445
21750 21797 755
34063 21751 839
34063 34285 2137
21755 21752 1343
21755 21754 1031
21755 21756 713
21755 21771 2856
21772 21768 1343
21772 21771 667
21772 21774 893
21840 21832 782
21840 21841 924
21840 21847 923
21846 21832 839
21848 21841 1091
21773 21774 764
21617 21615 1934
21617 21758 782
21617 21764 782
21617 21779 1683
21778 21779 562
21766 21764 516
21766 21767 3482
21766 21781 756
21763 21762 3495
21763 21767 1007
21763 21922 840
21763 21926 1667
35417 21767 830
21926 21763 1667
21926 21924 930
21926 22051 930
21926 22055 1889
21925 21924 2007
21925 21932 681
21925 21934 1234
21925 22055 756
21934 21925 1234
21934 21933 588
21934 21935 782
21938 21914 905
21938 21937 1014
21938 21939 3474
21940 21899 1160
21940 21941 1022
21940 21953 4284
21954 21953 782
21954 21955 713
21954 22077 1097
22077 21954 1097
22077 22078 667
22077 22082 1008
22078 22077 667
22078 22079 3342
22078 22080 1225
22088 22079 2186
22088 22145 788
21990 21989 252
21990 22020 1929
21990 22163 420
22004 21989 1575
22004 22003 628
22004 22020 139
22162 22159 1861
22162 22161 1120
22162 22168 511
22167 22164 1279
22167 22166 750
22167 22168 511
22161 22080 1712
22161 22089 1599
22161 22162 1120
22218 22089 1931
22218 22145 756
22218 22219 1357
20315 20313 924
20315 20316 1454
20315 21977 2514
20315 21978 672
21984 20316 681
21984 21980 950
21985 21980 452
21985 21987 344
21957 21958 2555
21966 21967 708
21983 21967 889
21993 21994 3
21993 22007 29
21994 21993 3
21994 22007 28
21994 22014 1485
22008 22007 126
22008 22009 531
22011 22010 420
22011 22012 1377
22011 22015 1015
22015 22011 1015
22015 22012 713
22015 22014 778
22668 22666 473
22668 22667 672
22668 22669 452
22668 22670 1205
21267 21180 4448
21267 21226 931
21267 21269 1447
21267 21270 1349
22781 22776 452
22781 22782 285
23093 23091 2445
23093 23095 924
23093 23109 475
23095 23092 2364
23095 23093 924
23095 23099 950
23095 23111 1223
23096 23090 672
23096 23097 924
23096 23098 1062
21415 21414 629
21415 23100 4206
23097 23096 924
23097 23100 1139
23097 23101 435
23099 23094 2124
23099 23095 950
23099 23108 905
25968 25963 1684
25968 25973 1611
25968 25977 2210
25968 25978 2879
26056 25969 610
26056 25978 1657
26056 26057 672
26008 25966 1139
26008 26009 629
26008 26012 1457
26008 26057 951
26022 26018 599
26022 26063 210
26065 26024 708
26065 26064 452
26065 26066 4170
26065 26069 869
26071 26070 924
26071 26072 610
26071 26076 1467
26077 26076 713
26077 26093 681
26077 26095 818
28256 28244 202
28256 28497 252
28513 28319 1530
28513 28511 788
28513 28514 827
21409 21406 599
21409 21418 4753
28514 28513 827
28514 28516 672
28514 28517 1592
28514 28519 788
28615 28612 1577
28618 28612 1031
28515 28516 708
28510 28509 708
28510 28532 435
28555 28532 889
28555 28556 581
28560 28540 581
28560 28556 610
28559 28557 893
28559 28565 403
28559 28568 475
28565 28559 403
28565 28563 1810
28565 28569 809
28569 28565 809
28569 28570 510
28569 28572 473
28584 28571 1009
28572 28569 473
28572 28573 418
28572 28580 629
28709 28708 889
28709 28710 610
28712 28711 649
28712 28713 557
19716 19715 1760
19716 28663 283
28662 19727 2352
28662 28661 1066
28662 28669 751
28906 28898 1903
28906 28907 893
28906 28909 2030
34804 28907 405
28909 28906 2030
28909 28908 778
28909 28930 765
28670 28669 1533
28670 28671 336
28670 28672 751
28721 28691 1023
28721 34149 1675
28732 28691 2007
23505 23506 904
23505 24417 209
23505 28898 609
28962 28963 1684
28962 28964 818
28962 28980 1031
28965 28964 1613
28970 28967 344
28970 28980 2453
28970 28984 1063
24452 24453 2012
24452 24454 612
24452 24456 788
28985 24453 697
28985 24457 1205
28985 28984 1226
28985 28988 1268
24473 24454 873
24473 24474 1022
24473 24475 605
24473 24476 1307
24477 24475 1993
24477 24483 751
24477 24485 1357
24477 24487 751
24478 24475 738
24478 24487 1854
24478 24688 976
24478 24725 276
24727 24726 537
24727 24728 1730
24727 24730 672
24729 24728 605
24729 24730 1631
24729 24732 738
24729 24733 1220
24732 24729 738
24732 24734 1120
24732 24735 677
24732 24736 1357
24737 23500 403
24737 24735 1205
24737 24736 873
24737 24751 650
189349 189347 2449
189349 189350 750
189349 189351 436
188667 188664 3020
188667 188666 769
188667 188670 812
188667 188680 1565
188679 188670 1494
188679 188678 762
188679 188680 900
188679 188727 1608
188705 188678 1576
188705 188703 860
188705 188727 785
188705 188746 1534
188725 188703 1537
188725 188724 851
188725 188746 778
188725 188750 1536
188751 188724 1519
188751 188750 883
188751 188890 828
188751 188913 2194
188894 188890 2155
188894 188893 833
188894 188913 745
188894 188931 767
188932 188893 817
188932 188934 1485
188932 190820 318
188902 188886 2262
188902 188892 780
188902 188901 788
188902 188910 841
188904 188892 914
188904 188944 1306
188946 188903 1126
188946 188944 776
188946 188953 213
188946 188956 2164
188953 188903 1132
188953 188946 213
188953 188954 157
188953 188957 2031
188906 188905 81
188906 188954 1258
187543 187482 1617
187543 187542 823
187543 187549 839
187543 187550 1184
187552 187542 922
187552 187550 786
187552 187557 801
187552 188663 2719
188664 187557 2710
188664 188663 786
188664 188665 803
188664 188667 3020
188942 187415 2123
188942 188897 2343
188942 188941 803
188942 188943 810
187414 187413 786
187414 187415 765
187414 188941 2081
188901 188884 2155
188901 188900 778
188901 188902 788
188901 188907 2244
188908 187412 2156
188908 188900 2310
188908 188907 816
188908 188940 752
187413 187412 843
187413 187414 786
187413 188940 2130
188943 187416 2132
188943 188862 2317
188943 188867 812
188943 188942 810
188948 187416 778
188948 188867 2028
188948 188949 812
188951 188949 2090
188951 188950 689
188951 189383 751
189351 189349 436
189351 189352 426
189351 189353 1015
189382 189353 1121
189382 189383 139
189382 189385 796
189382 189403 327
187482 187424 2726
187482 187480 834
187482 187509 818
187482 187543 1617
187508 187430 2677
187508 187506 819
187508 187509 746
187508 187544 1797
187542 187509 1755
187542 187543 823
187542 187544 785
187542 187552 922
187332 187330 802
187332 187333 1804
187332 187334 793
187332 187340 2149
187341 187330 2145
187341 187339 686
187342 187339 769
187342 187343 535
187342 187496 2710
187342 187501 772
187335 187333 744
187335 187334 1789
187335 187337 802
187500 187496 741
187500 187498 785
187500 187501 2727
187500 187505 2669
187506 187498 2668
187506 187505 826
187506 187508 819
187506 187545 1926
197513 197509 1345
197513 197523 1084
197513 197524 275
197522 197506 213
197522 197509 1084
197522 197520 519
197524 197512 686
197524 197513 275
197524 197525 1164
197606 197603 894
197606 197607 1292
197606 197755 473
197758 197607 417
197758 197756 603
197761 197756 1098
197761 197762 957
197761 197763 606
197525 197524 1164
197525 197526 1279
197525 197762 1356
197530 197527 2660
197530 197762 814
197530 197764 1557
197530 197768 750
194669 194670 702
194669 197515 1931
194669 197517 603
197506 194670 1383
197506 197518 2822
197506 197522 213
197565 197544 767
197565 197567 523
197566 197544 1230
197566 197557 1117
197566 197568 285
197566 197574 1240
197566 197576 2152
197292 197287 834
197292 197289 1540
197292 197291 2750
197292 197293 900
197294 197289 882
197294 197293 1671
197294 197295 715
197552 197297 1090
197552 197311 736
197552 197553 1028
197555 197315 641
197555 197316 1295
197555 197557 491
197558 197313 1153
197558 197557 238
197558 197559 815
197571 197567 368
197571 197570 1161
197571 197620 1863
197575 197573 1314
197575 197574 1190
197575 197581 736
197575 197620 1212
197575 197622 751
197575 197623 1434
197623 197575 1434
197623 197582 509
197623 197624 514
197623 197630 1344
197627 197624 1371
197627 197630 1245
197627 197636 2383
197627 197642 1228
197638 197464 483
197638 197636 826
197638 197645 906
197598 197599 893
197598 197600 1177
197598 197601 830
197612 197611 1188
197612 197615 788
197612 197616 842
197612 197617 724
197619 197617 734
197619 197637 2230
197619 197765 995
197619 197766 3035
197760 197617 3141
197760 197759 869
197760 197764 1221
197760 197766 801
197785 197464 234
197785 197637 647
197785 197644 929
197785 197765 2239
197600 197598 1177
197600 197602 763
197600 197611 854
197600 197616 1084
198359 197464 946
198359 197787 699
199261 199262 767
199261 214724 348
214725 214724 621
199150 199151 1374
198924 198923 1098
198924 198925 793
198924 198927 766
198929 198925 638
198927 198924 766
198927 198926 1208
198927 199141 846
199140 198926 747
199140 199139 678
199140 199141 1101
199140 199143 774
199143 199140 774
199143 199144 1210
199143 199145 747
199590 199589 1486
199590 199591 774
199590 199593 933
199590 199605 1995
199606 199593 2214
199606 199605 885
199606 199607 700
199606 199610 1575
199611 199607 1501
199611 199610 696
199611 200123 275
200136 199610 2422
200136 200134 758
200136 200135 767
200140 200121 713
200140 200141 488
200137 200135 652
200137 200138 680
200163 200162 1466
200163 200165 2097
200163 200326 877
200163 200332 1146
200324 200162 766
200324 200322 1337
200324 200325 237
200166 200154 2965
200166 200165 1296
200166 200167 636
200166 200332 2048
200169 200154 681
200169 200171 625
200165 200163 2097
200165 200164 182
200165 200166 1296
200097 200094 1320
200097 200098 602
200097 200158 405
200322 200160 839
200322 200161 1117
200322 200323 935
200322 200324 1337
214567 214563 1625
199087 199086 749
199087 214787 751
199528 199527 458
199528 199529 1457
199528 214782 207
199528 214783 183
199528 214784 164
199530 199527 219
199530 214865 566
214353 198949 229
214353 199513 571
214353 199527 204
214602 199533 839
214602 214866 237
200699 200309 791
200699 200312 774
200699 200701 838
200699 200702 1009
200700 200309 2289
200700 200698 894
200700 200703 787
200700 200708 1099
200707 200698 2212
200707 200719 750
200707 200722 289
200707 200723 164
200722 200693 640
200722 200707 289
200722 200723 238
200722 200753 1002
200753 200693 696
200753 200696 337
200753 200722 1002
200753 200754 885
200161 200098 866
200161 200099 1667
200161 200244 839
200161 200322 1117
200241 200239 766
200241 200240 1566
200241 200253 583
200241 200259 1576
200243 200239 1455
200243 200242 918
200243 200245 1558
200243 200259 864
200244 200161 839
200244 200242 1565
200244 200245 845
200244 200323 1229
200253 200241 583
200253 200251 1676
200253 200257 684
200253 200260 1448
200255 200251 1118
200255 200256 747
200255 200257 1685
200291 200252 486
200291 200256 766
200291 200265 1778
200291 200292 917
200292 200252 824
200292 200291 917
200292 200294 2001
200292 200295 846
200295 200292 846
200295 200293 897
200295 200296 774
200296 200295 774
200296 200308 1020
200296 200311 796
200310 200308 774
200310 200311 1128
200310 200312 756
200723 200707 164
200723 200722 238
200723 200724 772
200723 200725 1608
200756 200725 881
200756 200727 864
200756 200758 1455
200761 200759 1783
200761 200760 674
200761 200765 2220
200761 200771 846
200758 200734 2230
200758 200756 1455
200758 200757 774
200758 200760 846
200764 200734 766
200764 200760 2130
200764 200765 845
200764 200766 1448
200767 200765 774
200767 200771 2227
200767 200782 839
200767 200784 1449
200785 200782 1564
200785 200784 774
200785 200788 756
200785 200866 2803
200867 200788 2801
200867 200866 773
200867 200868 839
200867 200872 1558
200868 200790 2801
200868 200867 839
200868 200875 1338
200868 200876 845
200869 200790 774
200869 200876 2793
200869 200960 791
200869 201038 504
201039 201038 286
201039 201040 649
201039 201041 2458
201043 201040 2292
201043 201066 623
201066 201043 623
201066 201044 348
201066 201049 684
201066 201067 336
201069 201061 1341
201069 201067 1870
201069 201068 1265
201069 201073 417
201073 201069 417
201073 201072 617
201073 201074 466
201071 201068 883
201071 201070 936
201071 201074 1530
201075 201074 579
201075 201076 341
201140 201128 715
201140 201139 1986
201140 201146 885
201140 201166 1923
201142 201141 435
201142 201146 1469
201169 201146 1868
201169 201166 785
201169 201171 1401
201169 201371 796
201374 194948 230
201374 201171 709
201374 201371 1376
201374 201378 883
201337 201334 1424
201337 201336 679
201337 201356 900
201337 201362 1234
201349 201336 945
201349 201348 846
201349 201352 697
201349 201362 773
201347 201344 894
201347 201346 893
201347 201351 779
201347 201375 2020
201372 201344 919
201372 201373 1088
194948 194947 1395
194948 201374 230
194948 201382 133
194948 201387 2414
201260 201258 901
201260 201259 1328
201260 201270 715
201260 201354 1797
201335 201258 1696
201335 201334 816
201335 201354 867
201335 201356 1457
200989 200988 469
200989 201254 1407
200989 201266 789
201253 201254 466
201259 201256 522
201259 201260 1328
201259 201268 797
201268 201259 797
201268 201266 828
201268 201270 1278
201268 201272 709
201269 201266 237
201273 201270 901
201273 201272 1244
201273 201311 1419
201273 201358 1668
201312 201311 1685
201312 201315 774
201312 201358 1055
201312 201410 1594
201315 201312 774
201315 201314 1722
201315 201320 871
201315 201413 1590
201414 201320 1589
201414 201413 872
201414 201427 774
201414 201429 1256
201430 201427 1274
201430 201429 846
201430 201432 691
201430 201436 786
201531 201329 1572
201531 201431 848
201531 201533 797
201532 201329 686
201532 201491 346
201532 201533 1505
201434 201431 1380
201434 201432 864
201434 201535 785
201434 201536 893
201433 201432 920
201433 201536 756
201491 201490 1828
201491 201497 523
201491 201532 346
201499 201494 828
201499 201497 623
201499 201500 1661
201502 201496 709
201502 201501 833
201502 201505 1296
201503 201496 1295
201503 201504 1329
201503 201505 709
201611 201608 1108
201611 201612 336
193459 193453 1787
193459 193460 1197
193468 193460 1534
193468 193465 3096
225016 225015 10683
225016 225017 2658
225016 225019 3276
225017 225016 2658
225017 225021 2002
233772 233764 1461
233772 233765 556
233772 233766 687
233772 233774 1490
233773 233748 905
233773 233765 1260
233773 233774 1124
233754 233715 2006
233754 233753 389
233760 233715 2303
233760 233753 1676
233760 234287 2830
233766 233753 2319
233766 233772 687
233766 234251 186
233687 233688 4576
233687 233794 749
233687 233796 335
233793 233686 667
233793 233788 1276
233793 233794 535
233793 234481 545
235295 233680 1362
235295 233794 8814
233840 29664 4536
233840 233841 3953
233842 233841 1559
29876 29877 728
29876 29879 1717
29890 29891 2067
29890 29902 889
29890 29906 365
34303 29874 828
29990 29561 10908
29990 29988 3587
29990 29989 608
21428 21427 1013
21428 21553 731
21428 22552 3038
22546 21427 3823
22546 22544 459
22546 22552 657
30228 22544 445
29993 23425 1399
34264 29992 618
35184 35181 336
6548 6547 769
6540 6541 3591
6540 6550 724
16881 6541 357
16881 17193 636
16881 17196 281
16881 17199 526
31996 6541 1639
31996 22722 2174
31996 31994 1229
17128 17129 1179
17128 25816 547
17128 34269 1122
30037 30032 2128
30037 30038 1838
30049 30044 1661
30049 30050 3225
30049 30052 1265
30050 30049 3225
30050 30051 1274
30050 30053 1274
30050 30054 3300
31948 30053 3713
31948 30054 1226
31948 31950 195
31951 31947 1228
31951 31952 1214
31951 31962 1764
31962 31951 1764
31962 31959 1246
31962 31963 1055
31953 31952 195
31953 31954 2420
31953 31963 1088
31954 31949 1358
31954 31953 2420
31954 31965 1333
31985 27626 2527
31985 31965 3979
31985 31986 724
6557 6549 1848
6557 6558 966
6557 6561 1526
6552 6550 2284
6552 6556 1240
6552 6561 1670
6567 6562 641
6567 6566 1426
6568 6562 339
6568 6570 655
6568 6574 985
6601 6599 453
6601 6600 1251
6601 34611 1336
29840 6600 243
29840 6603 975
29840 29914 374
6628 6618 444
6628 6629 1608
6628 6631 2441
32612 6618 1464
6686 6627 2438
6631 6628 2441
6631 6630 2089
6631 35085 1470
6611 6610 548
6611 6613 2487
6611 19030 3169
34715 6613 818
34715 35083 834
34715 35083 834
6937 6933 2466
6937 6936 1684
6937 35471 659
7145 7133 1179
7146 7133 1883
6951 6929 3165
6951 6950 1601
6951 6953 784
6930 6921 366
6930 6928 479
6930 6931 3577
6930 6932 3296
6955 6931 2273
6955 6976 2162
6979 6976 1921
6979 6977 1353
6979 7157 2723
6989 6982 6549
6989 6988 2649
7013 6988 1086
7013 7012 1024
7079 7022 1664
7079 7080 1519
7079 7081 3180
7296 7081 5170
13429 7015 794
13429 13430 811
13429 13431 792
13432 13431 549
7310 7089 3542
7310 7309 734
7310 7311 802
7310 7318 2272
7319 7311 2233
7319 7318 807
7319 7321 1174
7319 7323 742
7305 7304 1537
7306 7304 2081
7323 7312 2322
7323 7319 742
7323 7324 747
7323 7329 986
7326 7324 884
7326 7327 741
7326 7329 747
7327 7325 719
7327 7326 741
7327 7331 730
7327 7334 604
7335 7333 606
7335 7334 1487
7335 7344 2609
7335 7510 638
7344 7335 2609
7344 7345 986
7344 7347 634
7348 7347 1136
7348 7561 1818
7348 7562 3056
7596 7588 1036
7596 7597 332
7596 14896 2304
7603 7602 1567
7606 7604 870
7606 7607 2781
7606 7608 5644
7609 7608 1241
7609 7610 3705
8535 8534 243
8535 8536 5620
8535 8537 836
15289 15282 1643
15289 15287 685
15289 15288 2547
15290 15282 651
15290 15283 370
15313 15283 803
15313 15312 2008
15316 15309 2440
15316 15317 330
18495 15317 1150
18495 35424 1302
15348 15347 832
15349 15347 2792
15334 15333 1464
15334 15335 3310
15335 15333 3397
15335 15334 3310
15335 15338 1035
15357 15336 1507
15357 15352 1489
15357 15359 713
15360 15337 2589
15360 15362 793
15360 15365 2140
15361 15337 2229
15361 15338 1511
15361 15395 1612
15394 15338 975
15394 15342 346
15350 15351 5894
15350 15591 572
15350 15604 776
15350 15637 1470
15604 15350 776
15604 15351 6053
15604 15600 67
225527 225371 2167
225527 225519 6197
225527 225525 782
225547 225544 1162
225547 225546 842
225547 235093 3289
225549 225546 3356
225549 225550 489
225549 225551 4886
15342 15339 1871
