1166
180992 180993 333
180206 180207 3070
180206 180945 1752
180941 180942 517
180941 181111 1222
180933 180935 1181
180937 180930 435
180937 180931 238
180989 180935 373
180989 180988 2755
181159 181154 1004
181159 181158 1550
181161 181160 252
181161 181169 1456
181165 181164 1598
181165 181166 344
181173 181174 452
181173 181175 344
181170 181171 276
181197 181196 1111
181253 181245 238
181253 181496 2617
181517 181518 1576
181517 181545 870
181519 181520 688
181521 181520 1259
181521 185845 475
181585 185841 610
185842 185843 581
185842 185844 337
184283 184285 810
184283 184302 1636
184417 184414 2063
184417 184438 766
184433 184434 279
184433 184435 1678
184303 184297 905
184303 184302 709
184303 184415 709
184415 184303 709
184415 184414 906
184282 184267 562
184266 184264 893
184266 184267 2215
184220 184224 2971
184276 184224 808
184276 184274 906
184276 184279 3324
184268 184269 751
184268 184272 610
184270 184269 1746
184270 184277 837
184264 184265 2755
184264 184266 893
184272 184268 610
184272 184289 673
184203 184225 2738
184223 184224 752
184223 184225 807
184223 184342 3225
184145 184143 220
184145 184144 729
184145 184144 729
184322 184143 498
184322 184323 1108
184322 184327 1055
184325 184327 795
184325 184331 1022
184333 184330 677
184333 184335 2088
184337 184340 807
184337 184346 3110
184339 184225 879
184339 184340 3110
184344 184343 752
184344 184346 807
184344 184359 1949
184319 184334 789
184343 184344 752
184343 184345 828
184343 184358 1811
184419 184427 605
184424 184429 1780
184426 184427 537
184426 184427 537
184482 184483 435
184430 184429 1837
184430 184432 418
184229 184228 766
184229 184485 2334
181887 181888 796
181887 181903 1357
181899 181908 517
181896 181897 1100
181896 181907 1454
181898 181897 1919
183091 181897 933
183091 181911 2138
183091 183094 589
183097 183094 517
183097 183095 650
183136 183135 552
183136 184501 1632
183136 184620 2509
183136 185907 1712
184228 184229 766
184228 184236 667
184235 184236 1507
184500 184498 332
181812 181811 984
181812 181878 1447
181879 181878 1346
181879 181880 1067
181880 181879 1067
181880 181901 1014
181888 181887 796
181888 181902 1184
185609 185610 746
176656 173511 920
176656 173511 920
180254 180255 740
180254 180255 740
184609 184610 1233
181876 181810 924
181876 183062 4065
183063 183055 747
183063 183087 677
183073 183072 1114
183073 183085 789
185660 185665 3042
185660 185667 769
185664 185666 719
185193 185909 511
185505 185504 511
185505 185975 1016
181589 181503 4459
185593 185594 1110
185593 185608 347
185961 185970 275
185961 185971 363
182663 182664 984
182676 182670 590
182676 182677 475
181717 181606 2347
181717 181718 3644
181717 182702 5236
182716 182702 889
182716 182715 1686
182730 182729 505
182730 182734 558
182732 182734 1055
182732 182740 202
182737 182744 836
182737 182749 757
182740 182732 202
182740 182741 1262
182901 182747 403
182748 182747 2033
182748 182749 1769
182766 182767 711
182766 185727 993
182768 182769 120
185727 182766 993
185727 182810 1129
182805 182806 95
182805 185739 981
182782 182783 230
182910 182909 782
182910 182911 284
182910 182966 952
182967 182966 905
182967 182984 1387
182984 182967 1387
182984 182982 782
182983 182979 836
182983 182982 421
182983 182986 1435
182986 182981 782
182986 182983 1435
182986 183506 849
183510 183506 688
183529 183521 672
183529 183530 849
183544 183542 778
183544 183545 841
183588 183597 932
183588 183625 1077
183623 183621 2118
183623 183639 1346
183587 183542 1514
183587 183586 796
183616 183617 1544
183616 183725 1772
183722 183708 2218
183724 183710 807
183559 183560 709
183559 183573 1268
183741 183573 765
183741 185637 889
183561 183560 426
183210 183211 870
183210 183266 1560
183266 183210 1560
183266 183265 924
183575 183279 1267
183575 183574 932
183575 185634 667
183276 183225 952
183276 183263 688
183276 183280 335
183279 183280 2112
183279 183575 1267
183619 183646 682
185864 183652 918
183187 183188 334
183187 183191 2585
183187 183235 1120
183232 183245 848
183232 183248 709
183249 183248 1685
183249 183251 682
183253 183254 713
183253 183260 796
183261 183260 667
183261 183271 1810
183070 183071 3853
183070 183071 3853
183080 183072 2007
183080 183078 682
183078 183080 682
183078 183086 905
214199 184122 2060
214202 184121 1007
214202 184122 866
214201 184131 434
214201 215035 446
184124 184123 500
214196 184140 870
214196 184144 655
184129 184127 431
184128 184127 1388
184128 184133 871
184128 184136 2064
184134 184133 1242
184134 184139 1060
210324 210327 918
210326 210328 1120
210326 210394 883
210389 210202 2342
210389 210390 787
210392 210393 804
210392 210394 1782
209223 209221 406
209223 209224 3130
202137 202138 1044
209249 209224 433
209416 209253 2360
209416 209418 649
209423 209422 1817
209431 209429 750
209431 209432 1953
209432 209430 883
209432 209431 1953
209432 209444 1768
209446 209444 815
209446 209447 2441
209487 209447 743
209487 209595 1907
209596 209595 834
209596 209617 875
209618 209617 846
209618 209625 508
210116 210118 584
210128 210126 969
210128 210129 221
210196 210200 810
210196 210205 563
210199 210200 278
210199 210202 346
210380 210381 1159
162642 162649 1248
162650 162649 276
162648 162649 871
162806 162807 984
162562 162563 248
162562 162564 900
162562 184121 1145
162562 184121 1145
162804 162681 475
162804 162807 511
162810 162809 238
162810 162812 344
162813 162823 202
161315 210503 689
179157 179156 1476
179157 179158 709
179215 179158 1307
179215 185552 562
179197 179156 2758
179197 179195 1421
179197 179198 1080
179195 179196 1585
179195 179197 1421
179195 179354 1882
179359 179354 1545
179359 179358 1640
179359 179367 1456
179367 179359 1456
179367 179366 905
179421 179422 342
179363 179360 848
179363 179364 605
179363 179420 554
179419 179410 336
179427 179411 893
179427 186121 370
179425 179424 1004
179425 180969 1143
180970 180969 1796
180970 180973 1034
115629 115557 2956
115629 115631 1651
115920 115916 201
115921 115918 736
115921 115925 1381
106101 106479 2049
106446 106447 3669
106446 106452 1138
106446 106476 871
106439 106440 1207
106277 106278 687
106279 106280 796
106774 106280 786
106774 106775 452
106308 106309 275
106308 106310 796
106364 106365 335
106361 106360 580
106429 106430 4341
106429 106431 333
32364 32363 884
106075 106076 535
106075 106106 736
106092 106093 464
106092 106094 555
106080 106078 418
106080 106105 1005
106084 106085 808
106084 106086 1786
116214 113855 601
116214 115012 517
114679 114781 433
114785 114780 983
114784 114772 1313
114784 114783 789
191718 191719 2136
191718 193098 2137
191796 191629 16048
191796 193096 914
191796 194095 5170
192140 192141 286
192140 194115 1314
193170 193171 75
193105 193104 2183
193272 193269 1111
193272 193274 436
193218 193200 748
193218 193202 869
193231 193227 418
192433 192425 144
192433 192434 108
192558 192164 2451
192558 192564 1333
192557 192563 139
192557 192564 156
190897 190898 108
192520 192521 929
192520 192591 2058
194129 192408 2319
194129 194477 1523
194130 194131 2305
190860 192185 1004
190860 192551 340
192269 192592 976
192269 193920 91
192276 192592 1184
35137 35138 2551
35137 35140 779
35166 35169 198
35166 35170 184
35057 35058 1162
35059 35060 2890
35059 35123 597
30243 30244 841
30243 30245 1093
30322 30321 351
30322 30323 1579
30326 30328 2137
30326 30348 414
30265 30355 1986
30265 30356 1043
30266 30356 6225
30266 30360 405
30297 30424 2035
30312 30571 1166
30312 30573 1078
30569 30570 587
30569 30571 461
30572 30571 2011
30572 30578 1363
30319 30565 904
30319 30567 762
30439 30433 913
30439 30440 413
30475 30476 1124
30475 30580 3834
30434 30432 235
30434 30433 1506
30445 30443 2510
30430 30429 1279
30430 30443 840
30436 30448 311
30450 30448 849
30367 30364 3207
30368 30369 610
30368 30372 1020
30375 30372 1742
30375 30453 416
30525 30528 375
30827 30702 8408
30861 30863 560
30862 30873 2156
30527 30526 3480
30527 34960 1397
30552 30784 483
30553 30665 526
30553 30794 1288
30700 30702 435
30349 30348 1089
30349 30352 1579
30341 30337 1178
30341 30347 1269
31705 31704 1288
31705 31710 1319
31725 31726 2230
31725 31728 1427
31087 31086 1487
31087 31089 671
31090 31146 2423
31073 31074 1251
31073 31147 2410
31147 31073 2410
31147 31730 1650
31728 31725 1427
31728 31729 647
31150 34440 1278
34442 31145 946
34442 31145 946
31154 31146 206
31154 31156 899
31786 31783 1381
31786 31787 1633
31789 31788 1552
31789 34923 924
31517 31788 771
31811 31806 795
31811 31814 2968
31823 31814 384
31823 31824 2441
31849 31826 1114
31849 31851 1639
31852 31851 1920
31852 31855 632
31858 31859 195
31858 31862 777
32849 31860 1608
32849 32850 1500
32950 32895 1123
32950 35428 1031
32895 32850 2152
32895 32894 671
32895 32950 1123
32951 32955 1498
32951 32956 937
32956 32951 937
32956 32962 557
32964 32962 557
32987 32984 1195
32989 32994 503
32989 33001 1622
33036 33001 946
33036 33037 1220
33037 33035 707
33037 33036 1220
33039 33035 750
33162 33161 1932
23782 23783 386
23782 33161 1628
33180 34053 147
33180 34054 6869
33180 34055 1080
33181 33182 2898
33181 33184 1351
33181 33185 2813
33184 33181 1351
33184 33186 610
17143 17144 1031
17144 17143 1031
17578 17640 3183
17640 17578 3183
17053 17496 2697
17496 17053 2697
17844 17845 96
17845 17844 96
17939 17942 2796
17942 17939 2796
18755 18756 713
18763 18756 994
18756 18755 713
18756 18763 994
18903 18906 2577
18906 18903 2577
25322 25323 1768
25322 25324 1901
25323 25322 1768
25316 25317 747
25392 25393 2068
25317 25316 747
25324 25322 1901
25393 25392 2068
26917 26919 1022
26919 26917 1022
27065 27067 418
27067 27065 418
26486 26354 373
26354 26486 373
55717 55718 709
140846 140842 857
195100 195103 834
140943 140933 738
140842 140846 857
140933 140943 738
186272 186298 734
186298 186272 734
186765 186771 800
186771 186765 800
187130 187143 425
187143 187130 425
55718 55717 709
55866 55867 790
55867 55866 790
55878 55879 766
55879 55878 766
56569 56567 871
56567 56569 871
189804 189802 1394
189804 190193 1052
190192 190193 449
189802 189804 1394
190193 189804 1052
190193 190192 449
190239 190234 1395
190239 190240 366
190240 190239 366
190233 190234 769
190234 190233 769
190234 190239 1395
195103 195099 858
195103 195100 834
195099 195103 858
195832 195833 314
195833 195832 314
202741 202749 559
202749 202741 559
202750 203146 1990
203146 202750 1990
203230 203247 1975
203247 203230 1975
203445 203446 648
203446 203445 648
203464 203463 1226
203463 203464 1226
202544 202560 1445
202560 202544 1445
202717 202721 1389
202721 202717 1389
196114 196115 573
196115 196114 573
197100 197112 524
197112 197100 524
205764 205925 1604
205925 205764 1604
205912 206578 867
206578 205912 867
206578 206580 1133
206580 206578 1133
206826 195321 2692
195321 206826 2692
206841 206840 1228
206840 206841 1228
206876 206894 1620
209197 209213 864
209213 209197 864
209208 209217 1510
209217 209208 1510
209221 209223 406
206894 206876 1620
180973 180970 1034
180993 180992 333
180207 180206 3070
180945 180206 1752
180942 180941 517
181111 180941 1222
180935 180933 1181
180935 180989 373
180930 180931 474
180930 180937 435
180931 180930 474
180931 180937 238
180988 180989 2755
181154 181159 1004
181158 181159 1550
181158 181160 562
181160 181158 562
181160 181161 252
181169 181161 1456
181169 181164 1004
181164 181165 1598
181164 181169 1004
181164 181175 344
181166 181165 344
181174 181173 452
181175 181164 344
181175 181173 344
181171 181170 276
181196 181197 1111
181196 181245 2778
181245 181196 2778
181245 181253 238
181496 181253 2617
181496 181518 344
181518 181496 344
181518 181517 1576
181545 181517 870
181520 181519 688
181520 181521 1259
185845 181521 475
185841 181585 610
185843 185842 581
185844 185842 337
184285 184265 1260
184285 184283 810
184302 184283 1636
184302 184303 709
184414 184415 906
184414 184417 2063
184438 184417 766
184434 184432 238
184434 184433 279
184435 184433 1678
184297 184303 905
184267 184265 612
184267 184266 2215
184267 184282 562
184224 184220 2971
184224 184223 752
184224 184276 808
184274 184276 906
184279 184276 3324
184269 184268 751
184269 184270 1746
184277 184270 837
184265 184264 2755
184265 184267 612
184265 184285 1260
184289 184272 673
184225 184203 2738
184225 184223 807
184225 184339 879
184342 184223 3225
184143 184144 599
184143 184145 220
184143 184322 498
184144 184143 599
184144 184145 729
184144 184145 729
184144 214196 655
184323 184322 1108
184327 184322 1055
184327 184325 795
184331 184325 1022
184330 184333 677
184335 184333 2088
184335 184334 807
184340 184337 807
184340 184339 3110
184346 184337 3110
184346 184344 807
184359 184344 1949
184359 184358 790
184334 184319 789
184334 184335 807
184334 184345 2045
184345 184334 2045
184345 184343 828
184358 184343 1811
184358 184359 790
184427 184419 605
184427 184426 537
184427 184426 537
184429 184424 1780
184429 184430 1837
184483 184482 435
184483 184485 355
184432 184430 418
184432 184434 238
184485 184229 2334
184485 184483 355
181903 181887 1357
181903 181907 562
181908 181899 517
181897 181896 1100
181897 181898 1919
181897 183091 933
181907 181896 1454
181907 181903 562
181911 181901 1827
181911 183091 2138
183094 183091 589
183094 183097 517
183095 183097 650
183135 183136 552
184501 183136 1632
184620 183136 2509
185907 183136 1712
184236 184228 667
184236 184235 1507
184498 184500 332
181811 181812 984
181878 181812 1447
181878 181879 1346
181901 181880 1014
181901 181902 766
181901 181911 1827
181902 181888 1184
181902 181901 766
185610 185609 746
173511 176656 920
173511 176656 920
180255 180254 740
180255 180254 740
184610 184609 1233
181810 181876 924
183062 181876 4065
183055 183063 747
183087 183063 677
183072 183071 766
183072 183073 1114
183072 183080 2007
183085 183073 789
183085 183086 2118
183085 183191 421
185665 185660 3042
185667 185660 769
185667 185666 1502
185666 185664 719
185666 185667 1502
185909 185193 511
185504 185505 511
185975 185505 1016
181503 181589 4459
185594 185593 1110
185608 185593 347
185970 185961 275
185971 185961 363
182664 182663 984
182664 182670 3116
182670 182664 3116
182670 182676 590
182677 182676 475
181606 181717 2347
181718 181717 3644
182702 181717 5236
182702 182716 889
182715 182716 1686
182729 182730 505
182729 182734 475
182734 182729 475
182734 182730 558
182734 182732 1055
182744 182737 836
182749 182737 757
182749 182748 1769
182741 182740 1262
182747 182748 2033
182747 182901 403
182767 182766 711
182769 182768 120
182810 185727 1129
182806 182805 95
185739 182805 981
182783 182782 230
182909 182910 782
182911 182910 284
182966 182910 952
182966 182967 905
182966 182982 1447
182982 182966 1447
182982 182983 421
182982 182984 782
182979 182981 1864
182979 182983 836
182981 182979 1864
182981 182986 782
183506 182986 849
183506 183510 688
183521 183529 672
183530 183529 849
183542 183544 778
183542 183587 1514
183545 183544 841
183597 183588 932
183625 183588 1077
183621 183623 2118
183639 183623 1346
183586 183587 796
183617 183616 1544
183725 183616 1772
183708 183722 2218
183710 183724 807
183560 183559 709
183560 183561 426
183573 183559 1268
183573 183741 765
185637 183741 889
183211 183210 870
183265 183225 1140
183265 183266 924
183574 183575 932
185634 183575 667
183225 183265 1140
183225 183276 952
183263 183276 688
183280 183276 335
183280 183279 2112
183646 183619 682
183652 185864 918
183188 183187 334
183191 183085 421
183191 183187 2585
183235 183187 1120
183245 183232 848
183248 183232 709
183248 183249 1685
183251 183249 682
183254 183253 713
183260 183253 796
183260 183261 667
183271 183261 1810
183071 183070 3853
183071 183070 3853
183071 183072 766
183086 183078 905
183086 183085 2118
184122 184123 912
184122 214199 2060
184122 214202 866
184121 162562 1145
184121 162562 1145
184121 162564 422
184121 214202 1007
184131 184127 445
184131 214201 434
215035 214201 446
184123 184122 912
184123 184124 500
184140 184139 132
184140 214196 870
184127 184128 1388
184127 184129 431
184127 184131 445
184133 184128 871
184133 184134 1242
184136 184128 2064
184139 184134 1060
184139 184140 132
210327 210324 918
210327 210328 790
210328 210326 1120
210328 210327 790
210394 210326 883
210394 210392 1782
210202 210199 346
210202 210200 231
210202 210389 2342
210390 210389 787
210393 210392 804
209224 209223 3130
209224 209249 433
209224 209253 1486
202138 202137 1044
209253 209224 1486
209253 209416 2360
209418 209416 649
209422 209423 1817
209429 209430 2004
209429 209431 750
209430 209429 2004
209430 209432 883
209444 209432 1768
209444 209446 815
209447 209446 2441
209447 209487 743
209595 209487 1907
209595 209596 834
209617 209596 875
209617 209618 846
209625 209618 508
210118 210116 584
210118 210126 987
210126 210118 987
210126 210128 969
210129 210128 221
210200 210196 810
210200 210199 278
210200 210202 231
210205 210196 563
210381 210380 1159
162649 162642 1248
162649 162648 871
162649 162650 276
162807 162804 511
162807 162806 984
162563 162562 248
162564 162562 900
162564 184121 422
162681 162804 475
162809 162810 238
162812 162810 344
162823 162813 202
210503 161315 689
179156 179157 1476
179156 179197 2758
179158 179157 709
179158 179215 1307
185552 179215 562
179198 179197 1080
179196 179195 1585
179354 179195 1882
179354 179359 1545
179358 179359 1640
179358 179360 1879
179358 179366 893
179366 179358 893
179366 179367 905
179422 179421 342
179360 179358 1879
179360 179363 848
179360 179410 2420
179364 179363 605
179420 179363 554
179410 179360 2420
179410 179419 336
179411 179424 2199
179411 179427 893
186121 179427 370
179424 179411 2199
179424 179425 1004
180969 179425 1143
180969 180970 1796
115557 115629 2956
115631 115629 1651
115916 115920 201
115918 115921 736
115925 115921 1381
106479 106101 2049
106447 106446 3669
106452 106446 1138
106476 106446 871
106440 106439 1207
106278 106277 687
106280 106279 796
106280 106774 786
106775 106774 452
106309 106308 275
106310 106308 796
106365 106364 335
106360 106361 580
106430 106429 4341
106431 106429 333
32363 32364 884
106076 106075 535
106076 106078 1556
106106 106075 736
106093 106092 464
106094 106092 555
106078 106076 1556
106078 106080 418
106105 106080 1005
106085 106084 808
106086 106084 1786
113855 116214 601
115012 116214 517
114781 114679 433
114781 114780 2034
114780 114781 2034
114780 114785 983
114772 114784 1313
114783 114784 789
191719 191718 2136
193098 191718 2137
191629 191796 16048
193096 191796 914
194095 191796 5170
192141 192140 286
194115 192140 1314
193171 193170 75
193104 193105 2183
193269 193272 1111
193274 193272 436
193200 193218 748
193202 193218 869
193227 193231 418
192425 192433 144
192425 192434 219
192434 192425 219
192434 192433 108
192164 192558 2451
192564 192557 156
192564 192558 1333
192564 192563 133
192563 192557 139
192563 192564 133
190898 190897 108
192521 192520 929
192591 192520 2058
192408 194129 2319
194477 194129 1523
194131 194130 2305
192185 190860 1004
192551 190860 340
192592 192269 976
192592 192276 1184
193920 192269 91
35138 35137 2551
35140 35137 779
35169 35166 198
35170 35166 184
35058 35057 1162
35060 35059 2890
35123 35059 597
30244 30243 841
30245 30243 1093
30321 30322 351
30323 30322 1579
30328 30326 2137
30348 30326 414
30348 30349 1089
30355 30265 1986
30356 30265 1043
30356 30266 6225
30356 30352 3064
30360 30266 405
30424 30297 2035
30571 30312 1166
30571 30569 461
30571 30572 2011
30573 30312 1078
30570 30569 587
30578 30572 1363
30578 30580 1374
30565 30319 904
30567 30319 762
30433 30434 1506
30433 30439 913
30440 30439 413
30476 30475 1124
30580 30475 3834
30580 30578 1374
30432 30434 235
30432 30443 566
30443 30430 840
30443 30432 566
30443 30445 2510
30429 30430 1279
30448 30436 311
30448 30450 849
30364 30367 3207
30369 30368 610
30372 30368 1020
30372 30375 1742
30453 30375 416
30528 30525 375
30702 30700 435
30702 30827 8408
30863 30861 560
30873 30862 2156
30526 30527 3480
34960 30527 1397
30784 30552 483
30665 30553 526
30794 30553 1288
30352 30349 1579
30352 30356 3064
30337 30341 1178
30347 30341 1269
31704 31705 1288
31710 31705 1319
31726 31725 2230
31726 31729 1290
31726 31729 1290
31086 31087 1487
31089 31087 671
31146 31090 2423
31146 31154 206
31074 31073 1251
31730 31147 1650
31729 31726 1290
31729 31726 1290
31729 31728 647
34440 31150 1278
31145 34442 946
31145 34442 946
31156 31154 899
31783 31786 1381
31787 31786 1633
31788 31517 771
31788 31789 1552
34923 31789 924
31806 31811 795
31814 31811 2968
31814 31823 384
31824 31823 2441
31826 31849 1114
31851 31849 1639
31851 31852 1920
31855 31852 632
31859 31858 195
31862 31858 777
31860 32849 1608
32850 32849 1500
32850 32895 2152
35428 32950 1031
32894 32895 671
32955 32951 1498
32962 32956 557
32962 32964 557
32984 32987 1195
32994 32989 503
33001 32989 1622
33001 33035 835
33001 33036 946
33035 33001 835
33035 33037 707
33035 33039 750
33161 23782 1628
33161 33162 1932
23783 23782 386
34053 33180 147
34054 33180 6869
34055 33180 1080
33182 33181 2898
33182 33185 1077
33185 33181 2813
33185 33182 1077
33186 33184 610
906
180992
180206
180941
180933
180937
180989
181159
181161
181165
181173
181170
181197
181253
181517
181519
181521
181585
185842
184283
184417
184433
184303
184415
184282
184266
184220
184276
184268
184270
184264
184272
184203
184223
184145
184322
184325
184333
184337
184339
184344
184319
184343
184419
184424
184426
184482
184430
184229
181887
181899
181896
181898
183091
183097
183136
184228
184235
184500
181812
181879
181880
181888
185609
176656
180254
184609
181876
183063
183073
185660
185664
185193
185505
181589
185593
185961
182663
182676
181717
182716
182730
182732
182737
182740
182901
182748
182766
182768
185727
182805
182782
182910
182967
182984
182983
182986
183510
183529
183544
183588
183623
183587
183616
183722
183724
183559
183741
183561
183210
183266
183575
183276
183279
183619
185864
183187
183232
183249
183253
183261
183070
183080
183078
214199
214202
214201
184124
214196
184129
184128
184134
210324
210326
210389
210392
209223
202137
209249
209416
209423
209431
209432
209446
209487
209596
209618
210116
210128
210196
210199
210380
162642
162650
162648
162806
162562
162804
162810
162813
161315
179157
179215
179197
179195
179359
179367
179421
179363
179419
179427
179425
180970
115629
115920
115921
106101
106446
106439
106277
106279
106774
106308
106364
106361
106429
32364
106075
106092
106080
106084
116214
114679
114785
114784
191718
191796
192140
193170
193105
193272
193218
193231
192433
192558
192557
190897
192520
194129
194130
190860
192269
192276
35137
35166
35057
35059
30243
30322
30326
30265
30266
30297
30312
30569
30572
30319
30439
30475
30434
30445
30430
30436
30450
30367
30368
30375
30525
30827
30861
30862
30527
30552
30553
30700
30349
30341
31705
31725
31087
31090
31073
31147
31728
31150
34442
31154
31786
31789
31517
31811
31823
31849
31852
31858
32849
32950
32895
32951
32956
32964
32987
32989
33036
33037
33039
33162
23782
33180
33181
33184
33418
33423
33461
33486
33491
33475
33492
14698
16963
17006
16967
17015
15064
17002
17051
17130
17143
17144
17148
17050
17538
17056
17534
34455
17562
17576
17578
17640
17505
17522
17053
17496
17489
17492
17481
17643
17696
17697
9080
17844
17845
17848
17855
17939
17942
17952
17946
17949
17966
18731
18733
18737
18755
18763
17914
17962
17968
17896
18520
18290
18529
18759
20326
18555
18756
18760
18778
18780
18783
18772
18785
18893
18897
18903
18906
35299
18870
18838
18841
18847
35460
25322
19002
19004
19005
25323
25316
25382
25392
25386
25317
25328
25324
25393
25368
25405
25417
25424
26734
26820
26929
26917
26924
26925
26922
26919
26753
26757
26774
26775
26762
26716
26718
26752
27044
27049
27047
27048
27057
27065
27066
27067
27071
27150
14345
26498
26486
26501
26503
14343
26354
26536
26537
27187
27410
27417
34082
53375
53376
52759
52765
55546
55717
55519
55539
54846
54870
54873
55505
55521
55540
53672
53698
53699
140846
140855
140856
195100
195270
195316
214445
195319
195325
144182
140590
140863
140870
140885
140891
140893
140840
140844
140943
140842
140938
140933
140948
140949
186268
186287
186272
186298
186420
186429
186459
186461
186644
186653
186672
186765
186771
186774
186798
186792
186810
186817
186823
187130
186928
186906
186908
187139
186923
186925
190519
140650
140653
140627
140633
140635
140651
187143
55718
55720
55723
55726
55796
55810
55764
55768
55866
55867
55878
55879
55895
55880
55898
56550
56551
56563
56569
55578
56567
189804
190192
189802
189724
190193
190199
190239
190240
190206
190233
190234
195103
195097
195099
194735
214906
195273
195306
195760
195768
195822
195821
195848
195841
195842
195832
195833
196021
196105
202741
202749
202750
203146
203230
203247
203282
203445
203446
203457
203293
203428
203499
203509
203524
203450
203460
203539
205679
205703
203455
203464
203463
202508
202512
202544
202560
202566
202676
202717
202721
196114
196115
196110
196553
196555
197101
197106
197100
197112
197130
197164
202502
205897
205916
205980
205998
205918
205898
205706
205755
205764
205753
205925
205928
205938
205912
214746
206578
206580
206603
206590
206642
206652
206826
195321
206841
206840
206875
206876
206893
209197
209212
209213
209208
209210
209217
209221
209225
206892
206894
180967
180973
180207
180945
180942
180935
180930
180931
180988
181154
181158
181160
181169
181175
181171
181196
181245
181496
181518
181545
184285
184302
184414
184438
184434
184435
184297
184224
184274
184279
184269
184277
184289
184225
184342
184143
184323
184331
184330
184335
184340
184346
184359
184345
184358
184429
184483
184432
184485
181903
181897
181907
181911
183094
183095
183135
184501
184620
185907
184236
184498
181811
181878
181901
181902
173511
180255
184610
181810
183062
183055
183087
185665
185667
185666
185909
185504
181503
185594
185970
182664
182670
181606
181718
182702
182715
182729
182744
182749
182741
182747
182810
182806
185739
182783
182909
182966
182979
182981
183506
183521
183542
183597
183625
183621
183639
183586
183617
183725
183708
183710
183573
183211
183265
183574
183225
183263
183646
183652
183188
183191
183245
183248
183251
183254
183260
183271
183086
184122
184123
184127
184133
184136
184139
210327
210328
210394
210390
210393
209224
209253
209418
209422
209429
209430
209444
209447
209595
209617
209625
210118
210126
210129
210200
210205
210381
162807
162564
162681
162809
162812
162823
210503
179156
179158
179198
179196
179354
179358
179366
179360
179364
179420
179410
179411
186121
179424
180969
115557
115916
115918
115925
106447
106452
106476
106280
106775
106309
106365
106360
106431
32363
106076
106094
106078
113855
115012
114781
114780
114772
114783
191719
193098
191629
193096
194095
192141
194115
193171
193104
193269
193274
193200
193202
193227
192425
192164
192563
190898
192521
192591
192408
192185
192551
35138
35140
35060
35123
30321
30323
30328
30348
30356
30360
30424
30573
30578
30565
30433
30476
30580
30432
30429
30448
30364
30372
30863
30873
30526
34960
30784
30665
30794
30352
30337
30347
31704
31710
31146
31074
31730
34440
31145
31156
31783
31788
31806
31814
31826
31851
31855
31860
32850
32894
32955
32962
32984
32994
33161
23783
33182
33185
33186
