1112
189945 189947 772
190335 189947 1311
190335 190337 787
190345 190346 472
190345 190365 1387
190363 190584 401
190399 190400 595
190399 190461 887
190395 190380 880
190395 190396 888
190395 190400 729
190395 190401 498
190365 190345 1387
190365 190380 371
140037 140028 590
140037 140042 447
140037 140046 932
140041 140048 989
140041 140049 1678
140042 140037 447
140042 140046 537
140042 140047 660
140074 140049 701
140074 140075 1661
139974 140024 695
139978 139977 1068
140028 140024 912
140028 140036 956
140028 140037 590
141442 140075 883
141442 140568 761
141442 141443 1332
140568 140566 476
140568 140570 1295
140568 141442 761
187276 187277 580
190418 190403 443
187266 187268 634
187266 190035 1062
187266 190397 173
187268 187266 634
187268 190035 442
188350 188349 68
190389 189625 508
190419 188333 29
139915 139917 1551
139915 139918 532
139918 139915 532
139918 139919 353
139918 139926 302
139925 139926 615
139934 139935 238
139934 139969 440
139967 139965 1827
139967 140030 470
139967 140032 403
139967 140034 330
139967 140035 837
139971 139969 314
139971 139970 719
139971 139972 816
139979 139980 549
139979 139981 1356
139979 139984 255
139979 139985 391
140034 139967 330
140034 139984 683
140034 140053 931
139965 139966 138
139965 139967 1827
139973 139975 459
139973 139976 299
190422 190423 761
190422 190430 401
190422 190441 1028
190429 190428 850
190429 190457 590
190430 190422 401
190430 190428 315
190430 190443 997
188332 188333 152
188332 188349 100
189624 189625 84
190393 190391 1082
190393 190392 672
190455 190457 1002
190459 190260 874
190459 190457 434
190314 190471 1790
190404 190406 523
190404 190461 332
141117 141121 1877
141145 141121 867
141145 141146 772
141145 141158 1434
141146 141145 772
141146 141159 1450
141164 141159 792
141164 141346 1397
141098 141099 1526
141098 141148 805
141148 141098 805
141148 141100 1788
141148 141149 1027
141148 141150 496
141166 141170 1678
141166 141348 1395
141168 141150 1606
141168 141169 1080
141168 141170 1413
141347 141346 809
141347 141348 830
141347 141351 1451
142140 141101 2098
142140 141731 1887
142140 142141 894
141709 141707 1009
141709 141710 58
141709 141720 332
141713 141717 742
141713 141718 613
141713 141732 1284
141717 141713 742
141717 141718 973
141717 141721 862
141720 141709 332
141720 141721 354
141720 141750 1602
141732 141713 1284
141732 141731 2032
141732 141734 777
141731 141732 2032
141731 141733 842
141731 142140 1887
141093 141099 724
141101 141099 2236
141101 141102 932
141101 142140 2098
55632 55940 238
56008 56007 2117
56008 56009 1636
56007 56008 2117
56007 56036 796
56037 56036 1366
56037 56040 778
56037 56043 1436
56043 56037 1436
56043 56044 782
56043 56145 600
56145 56043 600
56145 56146 782
56147 56146 849
56147 56151 892
56158 56151 1436
56158 56160 782
56177 56160 1352
56177 56181 222
56177 56182 1449
56180 56182 893
56615 56234 1242
56615 56791 270
56788 56234 2169
189848 189847 1431
189848 189851 700
189882 189830 860
189882 189851 663
189882 189920 738
189830 189882 860
189830 189921 672
196642 196637 1424
196642 196639 879
196642 196651 677
196653 196639 846
196649 196641 1150
196649 196648 686
196651 196642 677
196651 196652 1008
197235 197236 407
197242 197238 364
197242 197240 605
197244 197269 901
197244 197271 2375
202587 202589 756
202587 202591 2332
202590 197271 593
202590 202591 684
202589 202587 756
202589 202595 2361
202596 202595 929
202765 202769 2120
202766 202769 766
204198 204200 809
204198 204205 2623
204187 204195 779
204187 204204 1804
204203 204204 779
204203 204205 833
204203 204208 1662
203927 203946 640
203927 203949 2234
204180 203949 766
204180 204183 346
204183 204180 346
204183 204184 605
203863 203862 300
203929 203933 1029
203929 203934 961
203932 203933 724
203932 203943 1318
203946 203927 640
203946 203947 219
204200 204198 809
204200 204202 844
204200 204207 2724
204202 204200 844
204202 204253 711
204202 204259 1155
204251 204233 882
204251 204252 2215
204229 204230 822
204233 204251 882
204233 204255 2537
204234 204255 808
204234 204256 1738
204269 204256 796
204269 204272 2137
204275 204272 751
204275 204280 2106
207071 204280 817
207071 207073 833
207071 207075 1510
207070 207079 1009
207070 207083 1996
207076 207077 1662
207073 207071 833
207073 207077 908
207073 207078 1400
202783 202769 756
197273 197272 4914
203860 203862 355
203860 203867 473
203860 203869 3951
203861 203865 766
203861 203870 1712
203861 203875 769
207115 207116 745
207115 207128 1741
207116 207115 745
207116 207129 1650
207304 207305 476
207325 207389 817
207381 207382 1073
207381 207389 932
207306 207307 365
207306 207333 2800
207328 207326 925
207328 207329 1142
207332 207329 1178
207332 207334 649
196507 196503 760
196507 196508 978
196508 196504 1150
196508 196507 978
196508 196510 384
196521 196605 892
196525 196605 1472
196525 196634 806
196581 196580 572
196581 196634 751
196646 196635 1276
196646 196647 1007
206054 207402 784
206054 207409 1833
206698 206697 955
206698 206699 1227
207124 207382 1007
207385 207387 573
207385 207405 566
207386 207401 915
207386 207402 1056
206697 206696 724
206697 206698 955
206719 206701 986
206719 206720 1734
206719 206721 867
206718 206721 715
206718 206725 1458
206773 206725 572
208020 208021 1032
207926 206722 1212
207926 207928 834
207926 207929 473
208000 208001 1017
208004 208005 946
208004 208006 1719
208004 208018 1271
208197 208021 817
208197 208200 440
208197 208204 955
206949 206964 603
206949 208207 143
206964 206949 603
206964 208223 860
206966 208223 1407
206966 208230 731
208292 208294 707
208311 208312 630
208311 208313 894
208311 208858 145
198878 207035 782
209325 209327 329
209366 209328 2160
209366 209367 724
209322 209321 1687
209322 209326 779
209319 209318 750
209319 209320 2365
209360 209320 779
209360 209365 1380
209369 209370 1023
209390 210606 347
209390 210623 395
209397 209398 1119
209397 210633 1005
210623 209390 395
210623 210627 183
210626 210627 278
210626 210632 737
209394 209398 1388
209394 209564 759
209563 209564 1296
178835 178836 1155
178835 178902 202
178756 178755 222
178756 178757 827
178899 178898 1177
178899 178983 1518
178940 178939 905
178940 178978 1365
178979 178980 344
178979 178997 1613
178999 178997 999
178885 178886 4219
178885 178919 2458
178989 178988 476
179028 178990 1281
174098 174123 836
174098 181131 339
180330 180324 1412
180330 180346 983
180319 180317 1000
180319 180318 2142
180319 180324 806
180338 180339 292
180350 180349 870
180350 180357 667
180358 180355 1115
180358 180357 2013
180709 180708 589
180709 180740 878
180737 180738 2533
180737 180739 915
163162 163165 786
163589 163165 758
163589 163590 2446
163586 163587 238
163346 163350 222
163185 163184 1334
163185 163199 758
163185 163202 279
163194 163195 202
163163 163164 925
163183 163174 713
163183 163189 790
163183 172653 742
163174 163172 849
163174 163183 713
183431 184861 805
184857 184858 552
184857 184860 672
183445 183450 683
185644 184877 802
185644 185645 167
184846 184847 848
184843 184842 552
184843 184855 2204
184779 184781 818
184786 184781 1064
184786 184790 818
184923 184790 1181
184923 184924 848
184923 184927 1823
184856 184855 828
184856 184907 2241
184892 184907 752
184892 184908 1798
184894 184895 849
184894 184911 1798
184910 184909 435
184910 184911 752
184895 184894 849
184895 184948 697
184938 184939 796
184938 184948 2015
184936 184929 1226
184936 184937 905
184936 184939 1773
184929 184927 924
184929 184936 1226
184752 166222 116
166220 166192 373
166221 166193 238
184767 184765 848
184767 184780 1144
166185 163233 344
166185 166186 790
184749 166188 148
184751 166190 77
184780 184767 1144
184780 184781 1064
184780 184782 818
180728 180727 1924
180728 186172 2271
180689 180688 1481
180819 180816 1505
177527 177528 924
182037 182033 3903
182034 182033 4141
182036 182031 2104
182475 182474 1234
183460 182499 688
183460 182596 765
182596 182597 1448
182596 183460 765
182874 182875 944
182655 182630 3852
182655 182653 2529
185238 185239 238
185238 185242 2348
185240 173786 1104
185240 185239 104
185425 185427 6358
185873 185874 1420
185873 185877 909
186142 186143 6456
182565 182564 2138
182565 182611 1143
184036 184038 452
174163 174164 796
174163 174190 490
185217 185213 416
184048 184049 782
184085 184087 713
184087 184085 713
184089 184091 951
184091 184089 951
174128 185213 650
174271 174272 336
174272 174271 336
174181 174180 1674
174180 174181 1674
183884 183883 1184
183883 183884 1184
209566 209564 773
209566 209567 915
209567 209566 915
209591 209592 908
209592 209591 908
211615 211631 278
211631 211615 278
211689 211700 2063
211692 211694 945
211694 211692 945
211695 211699 1124
211699 211695 1124
211700 211689 2063
211842 211843 1697
163381 163392 1000
163392 163381 1000
211843 211842 1697
211928 211930 751
211930 211928 751
179047 179046 599
179070 179071 807
179155 179141 605
179141 179155 605
179071 179070 807
179046 179047 599
179236 179239 782
179239 179236 782
179088 179087 827
179087 179088 827
115169 115166 1083
115166 115169 1083
106327 106329 515
106329 106327 515
34939 33064 1372
33064 34939 1372
107904 107903 452
107903 107904 452
107955 107953 434
107953 107955 434
108023 108022 846
108031 108030 778
108022 108023 846
108030 108031 778
108030 108032 796
108032 108030 796
33517 33515 764
33515 33517 764
33697 33702 2453
33702 33697 2453
33702 33731 2110
33731 33702 2110
33829 33831 884
33831 33829 884
33831 33836 1161
33838 33836 750
33836 33831 1161
33836 33838 750
33861 33846 434
33846 33861 434
17317 17316 1568
17316 17317 1568
17316 17329 48
17329 17316 48
26133 26135 1951
26135 26133 1951
18855 8809 544
8809 18855 544
26184 26179 2319
26179 26184 2319
105549 105551 1438
105551 105549 1438
29368 29103 418
29103 29368 418
52483 53087 474
52957 53020 807
53020 52957 807
53030 53040 2516
53040 53030 2516
53047 53048 1168
53048 53047 1168
53312 53314 373
53314 53312 373
53087 52483 474
52920 52922 673
52922 52920 673
52922 52927 873
52927 52922 873
54787 54784 848
54784 54787 848
54796 54791 1242
54918 54917 848
54917 54918 848
54928 54940 933
54940 54928 933
55597 55600 751
55600 55597 751
53483 53504 445
53504 53483 445
49725 49726 2028
49726 49725 2028
53678 53706 2262
53710 53711 610
53711 53709 1664
53711 53710 610
53706 53678 2262
53709 53711 1664
54791 54796 1242
144296 144297 401
144297 144296 401
144306 144304 801
144304 144306 801
195557 195541 965
195541 195557 965
195542 196300 1264
196300 195542 1264
196291 196312 1459
196274 196275 337
196275 196274 337
196312 196291 1459
141387 141389 884
141389 141387 884
141120 141121 722
141120 141134 1418
141134 141120 1418
189847 189848 1431
189944 189947 957
189947 189944 957
189947 189945 772
189947 190335 1311
190337 190335 787
190337 190346 1712
190346 190337 1712
190346 190345 472
190346 190380 1409
190584 190363 401
190400 190395 729
190400 190399 595
190400 190401 771
190461 190399 887
190461 190404 332
190461 190406 667
190380 190346 1409
190380 190365 371
190380 190395 880
190396 190395 888
190401 190395 498
190401 190400 771
140046 140036 985
140046 140037 932
140046 140042 537
140046 140047 277
140048 140041 989
140048 140047 410
140049 140041 1678
140049 140074 701
140047 140042 660
140047 140046 277
140047 140048 410
140075 140074 1661
140075 141442 883
140024 139974 695
140024 139976 876
140024 140028 912
140024 140030 556
139977 139978 1068
140036 140028 956
140036 140032 383
140036 140035 294
140036 140046 985
141443 141442 1332
140566 140568 476
140570 140568 1295
187277 187276 580
190403 190397 560
190403 190418 443
190035 187266 1062
190035 187268 442
190397 187266 173
190397 190403 560
188349 188332 100
188349 188350 68
189625 189624 84
189625 190389 508
188333 188332 152
188333 190419 29
139917 139915 1551
139919 139918 353
139926 139918 302
139926 139925 615
139935 139934 238
139969 139934 440
139969 139971 314
140030 139967 470
140030 140024 556
140032 139967 403
140032 140036 383
140035 139967 837
140035 140036 294
139970 139971 719
139972 139971 816
139972 139980 648
139980 139972 648
139980 139979 549
139980 139981 989
139981 139979 1356
139981 139980 989
139984 139979 255
139984 139985 312
139984 140034 683
139984 140053 730
139985 139979 391
139985 139984 312
140053 139984 730
140053 140034 931
139966 139965 138
139966 139976 412
139975 139973 459
139976 139966 412
139976 139973 299
139976 140024 876
190423 190422 761
190441 190422 1028
190441 190443 644
190428 190429 850
190428 190430 315
190457 190429 590
190457 190455 1002
190457 190459 434
190443 190430 997
190443 190441 644
190391 190393 1082
190392 190393 672
190260 190459 874
190471 190314 1790
190406 190404 523
190406 190461 667
141121 141117 1877
141121 141120 722
141121 141145 867
141158 141145 1434
141158 141159 793
141159 141146 1450
141159 141158 793
141159 141164 792
141346 141164 1397
141346 141347 809
141099 141093 724
141099 141098 1526
141099 141100 860
141099 141101 2236
141100 141099 860
141100 141102 2183
141100 141148 1788
141149 141148 1027
141150 141148 496
141150 141168 1606
141170 141166 1678
141170 141168 1413
141348 141166 1395
141348 141347 830
141169 141168 1080
141351 141347 1451
142141 141102 2113
142141 141733 1889
142141 142140 894
141707 141709 1009
141710 141709 58
141718 141713 613
141718 141717 973
141721 141717 862
141721 141720 354
141721 141750 1767
141750 141720 1602
141750 141721 1767
141734 141732 777
141734 141733 2025
141733 141731 842
141733 141734 2025
141733 142141 1889
141102 141100 2183
141102 141101 932
141102 142141 2113
55940 55632 238
56009 56008 1636
56036 56007 796
56036 56037 1366
56040 56037 778
56040 56044 1352
56044 56040 1352
56044 56043 782
56044 56146 600
56146 56044 600
56146 56145 782
56146 56147 849
56151 56147 892
56151 56158 1436
56160 56158 782
56160 56177 1352
56181 56177 222
56182 56177 1449
56182 56180 893
56234 56615 1242
56234 56788 2169
56791 56615 270
189851 189848 700
189851 189882 663
189920 189882 738
189920 189921 905
189921 189830 672
189921 189920 905
196637 196641 888
196637 196642 1424
196639 196642 879
196639 196647 556
196639 196653 846
196641 196637 888
196641 196649 1150
196648 196649 686
196652 196651 1008
197236 197235 407
197236 197238 962
197238 197236 962
197238 197240 448
197238 197242 364
197240 197238 448
197240 197242 605
197269 197244 901
197271 197244 2375
197271 202590 593
202591 202587 2332
202591 202590 684
202591 202595 846
202595 202589 2361
202595 202591 846
202595 202596 929
202769 202765 2120
202769 202766 766
202769 202783 756
204205 204198 2623
204205 204203 833
204205 204207 872
204195 204187 779
204204 204187 1804
204204 204203 779
204208 204203 1662
203949 203927 2234
203949 204180 766
204184 204183 605
203862 203860 355
203862 203863 300
203933 203929 1029
203933 203932 724
203933 203947 1857
203934 203929 961
203943 203932 1318
203947 203933 1857
203947 203946 219
204207 204200 2724
204207 204205 872
204253 204202 711
204253 204252 1232
204259 204202 1155
204252 204251 2215
204252 204253 1232
204252 204255 807
204230 204229 822
204255 204233 2537
204255 204234 808
204255 204252 807
204256 204234 1738
204256 204269 796
204272 204269 2137
204272 204275 751
204280 204275 2106
204280 207071 817
207075 207071 1510
207075 207078 867
207079 207070 1009
207083 207070 1996
207083 207077 867
207077 207073 908
207077 207076 1662
207077 207083 867
207078 207073 1400
207078 207075 867
197272 197273 4914
203867 203860 473
203867 203865 1581
203869 203860 3951
203865 203861 766
203865 203867 1581
203870 203861 1712
203875 203861 769
207128 207115 1741
207128 207129 724
207129 207116 1650
207129 207128 724
207305 207304 476
207305 207307 990
207389 207325 817
207389 207381 932
207382 207124 1007
207382 207381 1073
207382 207387 993
207307 207305 990
207307 207306 365
207333 207306 2800
207326 207328 925
207329 207328 1142
207329 207332 1178
207334 207332 649
196503 196504 923
196503 196507 760
196504 196503 923
196504 196508 1150
196510 196508 384
196605 196521 892
196605 196525 1472
196634 196525 806
196634 196581 751
196634 196635 482
196580 196581 572
196635 196634 482
196635 196646 1276
196647 196639 556
196647 196646 1007
207402 206054 784
207402 207386 1056
207409 206054 1833
206699 206698 1227
206699 206701 825
207387 207382 993
207387 207385 573
207405 207385 566
207401 207386 915
206696 206697 724
206701 206699 825
206701 206719 986
206720 206719 1734
206720 206722 1036
206721 206718 715
206721 206719 867
206721 206722 1571
206725 206718 1458
206725 206722 457
206725 206773 572
208021 208020 1032
208021 208197 817
206722 206720 1036
206722 206721 1571
206722 206725 457
206722 207926 1212
207928 207926 834
207929 207926 473
208001 208000 1017
208001 208005 1400
208005 208001 1400
208005 208004 946
208006 208004 1719
208018 208004 1271
208200 208197 440
208204 208197 955
208207 206949 143
208223 206964 860
208223 206966 1407
208230 206966 731
208294 208292 707
208294 208312 1437
208312 208294 1437
208312 208311 630
208312 208313 1246
208313 208311 894
208313 208312 1246
208858 207035 2034
208858 208311 145
207035 198878 782
207035 208858 2034
209327 209325 329
209327 209326 697
209327 209328 709
209328 209320 911
209328 209327 709
209328 209365 955
209328 209366 2160
209367 209365 2970
209367 209366 724
209321 209318 882
209321 209322 1687
209326 209318 2043
209326 209320 675
209326 209322 779
209326 209327 697
209318 209319 750
209318 209321 882
209318 209326 2043
209320 209319 2365
209320 209326 675
209320 209328 911
209320 209360 779
209365 209328 955
209365 209360 1380
209365 209367 2970
209370 209369 1023
209370 210606 538
210606 209370 538
210606 209390 347
209398 209394 1388
209398 209397 1119
210633 209397 1005
210627 210623 183
210627 210626 278
210632 210626 737
209564 209394 759
209564 209563 1296
209564 209566 773
178836 178835 1155
178902 178835 202
178755 178756 222
178757 178756 827
178898 178899 1177
178983 178899 1518
178939 178940 905
178978 178940 1365
178980 178979 344
178997 178979 1613
178997 178999 999
178886 178885 4219
178919 178885 2458
178988 178989 476
178988 178990 1014
178990 178988 1014
178990 179028 1281
174123 174098 836
181131 174098 339
180324 180319 806
180324 180330 1412
180346 180330 983
180346 180349 765
180317 180318 1502
180317 180319 1000
180318 180317 1502
180318 180319 2142
180339 180338 292
180349 180346 765
180349 180350 870
180357 180350 667
180357 180358 2013
180355 180358 1115
180708 180709 589
180740 180709 878
180738 180737 2533
180739 180737 915
163165 163162 786
163165 163164 758
163165 163589 758
163590 163589 2446
163587 163586 238
163350 163346 222
163184 163185 1334
163199 163185 758
163202 163185 279
163195 163194 202
163164 163163 925
163164 163165 758
163189 163172 581
163189 163183 790
172653 163183 742
163172 163174 849
163172 163189 581
184861 183431 805
184858 184857 552
184860 184857 672
183450 183445 683
184877 185644 802
185645 185644 167
184847 184842 823
184847 184846 848
184842 184843 552
184842 184847 823
184855 184843 2204
184855 184856 828
184781 184779 818
184781 184780 1064
184781 184786 1064
184790 184786 818
184790 184923 1181
184924 184923 848
184927 184923 1823
184927 184929 924
184927 184937 1145
184907 184856 2241
184907 184892 752
184908 184892 1798
184908 184909 336
184911 184894 1798
184911 184910 752
184909 184908 336
184909 184910 435
184948 184895 697
184948 184938 2015
184939 184936 1773
184939 184938 796
184937 184927 1145
184937 184936 905
166222 184752 116
166192 166193 790
166192 166220 373
166193 166192 790
166193 166221 238
184765 184767 848
184765 184782 1064
163233 166185 344
166186 166185 790
166186 166188 581
166188 166186 581
166188 184749 148
166190 184751 77
184782 184765 1064
184782 184780 818
180727 180728 1924
186172 180728 2271
180688 180689 1481
180816 180819 1505
177528 177527 924
182033 182034 4141
182033 182037 3903
182031 182036 2104
182474 182475 1234
182499 183460 688
182597 182596 1448
182875 182874 944
182630 182655 3852
182653 182655 2529
185239 185238 238
185239 185240 104
185242 185238 2348
173786 185240 1104
185427 185425 6358
185874 185873 1420
185877 185873 909
186143 186142 6456
182564 182565 2138
182611 182565 1143
184038 184036 452
174164 174163 796
174190 174163 490
185213 174128 650
185213 185217 416
184049 184048 782
943
189945
190335
190345
190363
190399
190395
190365
140037
140041
140042
140074
139974
139978
140028
141442
140568
187276
190418
187266
187268
188350
190389
190419
139915
139918
139925
139934
139967
139971
139979
140034
139965
139973
190422
190429
190430
188332
189624
190393
190455
190459
190314
190404
141117
141145
141146
141164
141098
141148
141166
141168
141347
142140
141709
141713
141717
141720
141732
141731
141093
141101
55632
56008
56007
56037
56043
56145
56147
56158
56177
56180
56615
56788
189848
189882
189830
196642
196653
196649
196651
197235
197242
197244
202587
202590
202589
202596
202765
202766
204198
204187
204203
203927
204180
204183
203863
203929
203932
203946
204200
204202
204251
204229
204233
204234
204269
204275
207071
207070
207076
207073
202783
197273
203860
203861
207115
207116
207304
207325
207381
207306
207328
207332
196507
196508
196521
196525
196581
196646
206054
206698
207124
207385
207386
206697
206719
206718
206773
208020
207926
208000
208004
208197
206949
206964
206966
208292
208311
198878
209325
209366
209322
209319
209360
209369
209390
209397
210623
210626
209394
209563
178835
178756
178899
178940
178979
178999
178885
178989
179028
174098
180330
180319
180338
180350
180358
180709
180737
163162
163589
163586
163346
163185
163194
163163
163183
163174
183431
184857
183445
185644
184846
184843
184779
184786
184923
184856
184892
184894
184910
184895
184938
184936
184929
184752
166220
166221
184767
166185
184749
184751
184780
180728
180689
180819
177527
182037
182034
182036
182475
183460
182596
182874
182655
185238
185240
185425
185873
186142
182565
184036
174163
185217
184048
184085
184087
184089
184091
174128
184106
173988
173918
174389
173900
174343
174345
174391
174397
174361
174386
174381
174567
174581
175169
175172
174577
175183
175108
175109
174276
174284
174271
174116
174120
174113
174272
174181
174183
174185
174180
183830
183950
183884
183883
183930
183446
183873
183890
183894
183900
183889
183885
183898
183897
209566
209567
209575
209587
209591
209592
210868
210875
210887
210894
211589
211615
211629
211631
211633
211675
211681
211689
211636
211692
211694
211695
211699
211700
211679
211842
162657
162664
162663
162699
163349
163337
163343
163354
163359
163381
163392
163002
163295
163303
161337
162735
162734
162723
211843
211851
211897
211907
163925
163958
163961
198595
199734
214261
211935
212001
211910
211903
211923
211928
211930
179049
179100
179047
179061
179070
179059
179057
179081
179155
178819
179141
179071
179046
179236
179239
179223
179088
179087
114692
114693
114540
114699
115244
115242
115249
115472
115169
115167
115073
115247
115077
115166
115291
115172
115294
115574
115583
115581
106327
106332
106329
106384
106376
106481
106485
105207
105208
32362
32412
106582
106608
106634
106539
106592
106513
106515
193002
193007
193005
192056
191805
191812
193977
192877
192879
192904
192922
192923
192952
192912
193845
193063
193286
193288
193054
192455
192577
192467
192265
192291
192536
192251
192198
192207
192392
32716
32685
32643
32628
32692
32801
32730
32826
14321
34939
32759
32445
29572
29574
30743
32482
32483
32487
32634
32641
33064
33069
34940
107884
107904
107903
107913
107879
103508
103510
107955
107953
107866
108023
108031
107984
107990
108000
108022
105906
107979
111833
108030
108032
33502
111838
33508
33517
33512
33515
33572
33574
33593
33691
33696
33697
33702
33731
33739
33742
33816
33829
33831
33838
33826
33836
17244
33861
33846
17248
17250
17265
17272
17317
17316
17329
17331
33879
33903
113452
33910
17357
17377
17402
17407
33999
18333
113471
18350
33977
18416
18430
18433
18436
18624
18630
18652
18653
18462
18479
18476
18445
18448
103516
103529
103600
103537
103598
103519
103615
103624
18648
25271
25273
26133
26135
26153
26546
18855
8809
19179
26184
18857
26179
26189
26205
26128
29196
41681
105545
105177
103554
105552
103700
105549
105551
105565
40204
40211
40213
29143
29212
29231
34321
29288
29285
29287
29303
29299
29318
29307
29290
29296
29316
27331
27358
27349
27350
29351
29367
29368
27280
27400
29097
29099
29437
29103
52483
52957
53020
53022
52954
53019
53026
53030
53040
53052
53047
53048
53312
53314
53322
53323
53332
53080
53087
52920
52922
52927
52930
52932
53581
54787
54876
54784
54833
54877
54796
54799
54889
54918
54917
54922
54924
54928
54940
54941
54942
55008
55022
55597
55600
55604
53483
53504
53508
53532
49738
49772
49725
49724
49726
49774
49776
49777
49764
53678
53686
53690
53710
53711
53706
53709
54791
141316
144337
144296
144297
144299
144266
144208
144213
144215
144308
195487
195495
144306
144304
195543
195545
195557
195541
195542
196300
196292
196303
196306
196309
196291
196274
196275
196312
141332
141343
141387
141389
141403
144204
141120
141137
141317
141134
189847
189852
189929
189944
189936
189947
190337
190346
190380
190396
190401
140046
140048
140049
140047
140075
141443
140566
140570
187277
190403
190035
190397
188349
189625
139917
139919
139926
139935
139969
140032
140035
139970
139972
139981
139985
140053
190423
190441
190428
190457
190443
190391
190392
190260
190471
190406
141121
141158
141159
141346
141100
141149
141150
141170
141348
141169
141351
142141
141707
141710
141718
141721
141750
141734
141733
141102
55940
56009
56036
56040
56044
56151
56160
56181
56182
56234
56791
189851
189920
189921
196637
196639
196648
197236
197238
197240
197269
197271
204205
204195
204204
204208
203949
204184
203933
203934
203947
204207
204253
204259
204255
204256
204272
204280
207075
207079
207083
207077
207078
197272
203867
203869
203865
203870
203875
207389
207382
207307
207333
207326
207329
207334
196503
196504
196510
196605
196634
196635
196647
207402
207409
206699
207387
207405
207401
206701
206720
208021
207928
207929
208001
208005
208006
208018
208200
208204
208207
208223
208230
208294
208312
208313
207035
209367
209365
209370
210606
209398
210633
210627
210632
209564
178836
178902
178757
178898
178939
178997
178886
178919
178990
174123
181131
180324
180346
180317
180318
180349
180357
180355
180708
163165
163590
163587
163350
163184
163199
163202
163164
163189
172653
163172
184861
184858
184860
183450
184877
185645
184842
184855
184781
184790
184924
184927
184907
184908
184911
184909
184948
184939
184937
166222
166192
166193
184765
163233
166186
166190
184782
180727
180688
180816
177528
182033
182031
182474
182499
182597
182630
182653
185242
173786
185427
185877
182564
182611
174164
174190
185213
184049
