4826
199085 199047 1561
199085 199050 894
199085 214338 863
214338 195530 950
214338 199085 863
214345 214341 1263
214356 214348 766
200441 200443 2573
200448 200443 846
200448 200453 2910
200454 200453 774
200454 205459 2357
200454 206055 402
200821 200828 684
200821 200832 2910
200825 200827 929
200825 200828 2573
200826 200827 1448
200826 200829 779
200829 200826 779
200829 200831 1338
200829 200836 1793
200829 200837 834
200836 200829 1793
200836 200839 756
200845 200842 884
200845 200843 1119
200843 200840 755
200843 200845 1119
200844 200837 907
200844 200842 1228
200844 200847 893
200847 200844 893
200847 200846 774
200847 200852 2568
200854 200852 755
200854 200857 2336
200893 200857 765
206091 206096 2024
206091 206098 787
206096 206091 2024
206096 206100 791
206097 206103 756
206097 206282 2171
206277 206284 2002
206283 206282 947
206283 206284 630
206283 206288 2679
206287 206284 986
206287 206300 2335
206301 206300 871
206301 206325 1632
206379 206390 1600
206379 206404 1125
206325 206301 1632
206325 206322 817
206325 206328 1874
206387 206328 901
206387 206338 1676
206389 206392 2028
206389 206405 779
206391 206392 872
206391 206397 556
206384 206408 641
206384 206410 1933
208835 206410 779
208835 208836 1906
208837 208836 779
208837 208838 784
208837 208839 1996
208838 208837 784
208838 208854 1967
194881 208854 827
208893 194909 863
194908 194909 387
208896 208899 758
208883 208885 2002
208883 208886 825
208884 208885 918
208884 208908 1835
208907 208908 832
208907 208909 180
208882 208887 1796
208886 208883 825
208886 208887 796
208886 208888 2129
208968 208975 526
208969 208971 286
208969 208972 741
208970 208887 866
208970 208973 716
208970 208981 2003
208971 208969 286
208971 208973 1857
201591 201592 915
208974 208975 1005
201600 201592 1379
201600 208987 870
209050 209041 1603
209050 209051 714
209053 209672 715
209053 209673 361
209671 201788 773
209671 209672 1540
201788 201791 806
201788 209671 773
201788 209676 1384
201792 201791 928
201792 201793 2066
201796 201797 1170
201796 201798 556
201841 201840 2284
201841 201842 918
201841 201847 736
201845 201836 2102
201845 201949 1078
201948 201925 927
201948 201947 1176
201948 201949 800
201966 201952 860
201966 201968 1471
201966 201969 573
201969 201966 573
201969 201970 1545
202014 202015 557
202014 202020 1896
202023 202015 2648
202023 202024 1424
201972 201973 1190
201972 201973 1190
209745 201984 589
209745 201987 1184
201979 201981 1931
201994 201970 2692
201994 201993 1076
201994 202000 728
202019 202022 97
209059 209044 2602
209059 209058 827
209681 209675 804
209060 201567 4002
209685 209062 2309
209685 209686 1765
209698 209699 779
209698 209702 1766
209736 209735 1090
209736 209740 2272
209741 209740 779
209699 209698 779
209699 209700 1637
209706 209700 801
209706 209710 2361
209739 209710 825
209739 209740 834
209677 209673 779
209677 209679 866
209679 209677 866
209679 209687 556
209692 201797 614
209692 209687 1425
201986 198913 1322
201986 201987 217
209851 201976 1983
201977 201976 741
201977 209861 883
209856 209857 1069
209856 209862 2303
209861 201977 883
209861 209862 755
205426 205427 290
209854 209853 813
209854 209873 781
209854 209891 742
209870 209859 572
209870 209900 1065
201713 201712 671
201713 201718 486
201804 201803 1132
201804 201805 920
201811 201820 750
201811 201821 897
201816 201817 867
201816 201820 1722
201814 201759 1253
201814 201817 1399
201814 201818 796
194794 201812 810
193816 193815 4340
193816 193817 1041
193388 193387 2153
234117 234116 5975
224994 225000 15346
224994 225001 15609
224998 224997 6875
193792 193788 59
193792 194445 1601
193895 193893 3100
193895 193897 2069
193803 193802 2299
193803 193867 1092
193805 105669 3557
193782 193778 8070
193782 194387 6605
192359 192366 937
192359 192366 937
193716 193705 179
193723 193725 17671
193724 193725 17422
193724 193727 6985
193734 193735 6566
193734 193742 1130
193747 193746 657
193747 193751 833
194071 194491 302
29687 25059 2487
29687 29701 5852
34087 34820 1609
34087 34821 1244
34087 35284 1110
29693 29691 1131
29716 28716 2758
29716 29715 1025
29939 29936 549
29819 29785 1774
29819 30070 2953
30062 30063 2707
30191 30172 636
29769 29770 1404
29769 30069 776
29770 29769 1404
29770 30074 1486
30202 30196 445
32018 30217 1030
32019 30220 1079
32019 30222 740
32037 32039 461
32045 31367 145
31368 31363 1374
31369 31364 1291
31369 32054 705
32056 32054 2881
32056 32062 1118
32064 32065 348
32064 32066 388
32066 32064 388
32066 32065 385
32087 32068 2230
32087 32129 1297
32129 32087 1297
32129 32101 1235
32132 32106 1044
32132 32134 1669
6961 6965 1927
6961 35215 2174
32146 32136 1323
32166 32159 1703
27660 27659 996
27660 32212 3343
32220 32221 2391
32220 32222 3105
7002 7005 853
7002 7007 1535
32150 32128 1079
32150 32151 3902
32193 32162 1235
32193 32194 2065
7411 7412 386
7001 7005 1771
7454 7453 254
7454 7455 1147
7464 7459 1845
7464 7461 1673
7466 7461 844
7453 7454 254
7453 7462 754
7533 7532 1382
7534 7482 1178
7534 14757 2163
14757 7534 2163
14757 14428 810
14757 14758 979
14770 14758 1036
14770 14772 744
14776 14772 1118
14776 34077 926
14832 14791 1559
14832 14833 1817
14832 14834 2352
14832 34076 1153
14831 14841 2637
14831 14848 339
14910 14859 572
14910 14860 275
14946 14947 782
14942 14957 1710
14942 14957 1710
15166 15156 2062
15533 15457 281
15534 15535 688
15715 15698 868
15715 15718 3384
15684 15681 709
15684 35129 1114
19116 19117 7446
15671 15667 1268
15563 15536 1980
15563 15562 2055
15579 15582 2284
225403 225397 48
225403 225427 4749
16087 15721 1584
16096 16083 1225
16096 16095 876
19593 19592 516
19593 19594 1827
19599 19594 1598
19599 19601 3335
19600 19609 1768
19600 19621 2242
19755 19734 1178
19755 19756 2216
19756 19755 2216
19756 34509 780
19766 19624 885
19766 19759 2756
19760 19705 2559
19760 19758 420
19852 19848 580
19852 19851 787
19874 19875 1797
19877 19875 787
19877 19878 750
19936 19945 927
19936 19947 1610
19936 19950 788
19923 19920 336
19923 19924 1719
19949 19945 1097
19949 19951 1085
19949 19958 373
19960 19953 1178
19960 19956 2304
19960 19961 903
19961 19960 903
19961 19963 2347
19965 19963 1141
20186 20180 707
20186 20184 1061
21556 35164 374
21883 21872 950
21883 21885 598
21884 21885 1695
20111 20112 1025
20111 20130 847
20131 20130 3202
20131 20134 818
20131 20174 1415
20134 20127 3121
20134 20128 747
20134 20131 818
20176 20128 1222
20188 20172 1257
20188 20183 778
20188 20193 1656
21874 20193 889
21874 21876 1196
21876 21874 1196
21876 21878 475
21876 21881 516
21896 34286 275
20005 20004 1885
20005 20020 1452
20014 20015 118
20014 20015 118
20081 34563 2343
19494 19441 1729
19505 19493 511
19510 19511 373
20034 14208 371
20034 20033 1576
20035 20031 1208
20035 20036 611
20043 20042 1008
20043 20045 1085
20046 20045 950
20046 20052 222
20047 20053 889
20047 20064 751
20253 20102 1306
20253 20254 1608
20253 20255 238
20102 20093 1072
20102 20101 1205
20102 20253 1306
20104 20101 1007
20104 20103 1167
20106 20103 1072
20106 20964 1306
20965 20964 1273
20965 20967 1113
21102 20967 1008
21102 20972 975
20948 20949 1943
20948 20950 1138
20948 20953 1072
20968 20953 1208
20968 20966 1028
20972 20966 1007
20972 21102 975
20615 20614 1055
20615 20899 1085
20620 20614 2216
20620 20632 1114
20905 20899 2625
20905 20907 889
20916 20917 551
20928 20923 1410
20928 20927 1161
20945 20931 279
20945 20934 713
21010 21008 2585
21010 21009 1344
21010 21011 1543
21011 21010 1543
21011 21013 2376
21044 21042 818
21043 21042 1209
21043 21068 884
21072 21068 1344
21072 21074 713
21078 21075 2204
25862 25865 554
25862 25870 998
21358 21344 2171
21358 21357 1099
21358 25865 818
25860 25854 2477
21332 21330 1182
21332 21344 1031
21348 21344 1098
25846 25844 990
25898 25897 904
25916 25900 445
25916 26027 2101
25900 25899 5899
25900 25916 445
25917 25901 2142
25904 25901 2883
25904 25919 5090
25904 25921 353
25921 25904 353
25921 35003 577
27813 27811 872
27818 27817 605
27818 27911 536
27818 27912 1667
27908 27916 1336
27921 27919 1015
27921 27935 2216
27953 27935 84
27953 27958 925
27958 27953 925
27958 28001 1145
21076 21036 1577
21076 21079 983
21313 21034 5364
21313 21304 809
21303 21302 516
21303 21304 1268
21318 21079 713
21318 21317 1378
21329 21330 599
21329 21331 1161
28004 28005 975
28006 28005 832
28014 28033 721
28025 28018 336
28026 28022 750
28026 28028 846
27787 27786 1742
27792 27794 316
27792 35404 1122
27793 28159 2368
51082 51083 1146
51082 51084 697
51035 51034 2282
51035 51048 810
51035 51073 2003
51037 51036 1008
51073 51035 2003
51073 51074 168
51073 51077 984
51122 51119 2316
51122 56740 1937
51539 51538 418
51539 51542 2231
51542 51539 2231
51542 51543 1231
51542 51545 879
51577 51558 1623
51577 51578 951
51577 51579 476
51598 51581 1205
51601 51581 677
51601 51588 1066
51613 51588 806
51613 51614 788
51613 56626 784
51617 56626 709
51647 51615 373
51650 51593 878
51650 51655 751
51650 51964 1438
51655 51650 751
51655 51967 1458
51969 51967 738
51969 51975 836
52607 51975 806
52607 52609 418
51976 51977 775
51976 52620 139
52622 52621 836
52622 52623 1684
50620 50623 884
50620 50630 1281
52623 52622 1684
52623 52646 884
52650 50623 1885
52650 52646 1745
52650 52649 747
50630 50620 1281
50630 50622 848
56698 50636 6879
56698 56699 527
189423 189419 3053
189423 189421 1510
189423 189422 777
189424 189421 778
189447 189437 917
189447 189449 2198
189448 189449 777
189448 189453 2238
189452 189453 817
189437 186988 796
189437 186992 2188
189437 189447 917
186940 186936 778
186940 186939 1537
186940 189421 1599
186945 186939 827
186945 186944 1553
186988 186944 817
186988 186987 911
186988 189437 796
187000 186990 473
187000 186999 860
187000 187002 796
187033 187026 402
187033 187031 1280
187191 190669 6400
190666 190667 32
190666 190750 31
187037 187036 1385
197425 197424 2432
197425 197430 791
197425 197432 790
197434 197432 1711
197434 197436 867
197442 194690 751
197442 197436 379
197284 197443 1625
197285 197350 1681
197285 197443 1802
197285 197452 1626
197347 197283 882
197347 197346 2562
197347 197348 730
197283 197343 2332
197283 197347 882
197342 197327 1797
197342 197343 796
197279 197278 751
197279 197465 446
197279 197466 1002
197456 197452 1860
197456 197458 963
188995 188994 1044
188995 188996 1268
189402 188994 1982
189402 189386 1070
189402 190572 867
190574 189398 718
190574 190571 360
189397 189398 1408
189419 187541 1453
189419 189418 754
189419 189423 3053
187391 187365 1252
187391 187389 765
187519 187389 2686
187519 187518 793
187519 187527 2761
187526 187527 793
187526 187541 1265
187365 187364 173
187365 187391 1252
187366 187364 89
187541 187526 1265
187541 189414 830
187541 189419 1453
50619 50618 1407
52592 56383 726
52597 52716 1970
52596 52571 1515
52596 52595 968
52596 56588 797
190812 187364 212
190815 190811 255
187361 187359 1480
187361 187360 735
189649 187360 1600
190498 189648 994
190498 190502 744
190816 190817 176
190505 189672 2470
190505 190607 884
198000 198028 763
198000 198031 2715
198002 197996 1645
198002 198006 814
198002 198028 2857
197328 197324 810
197328 197344 1703
197345 197344 797
197345 197346 1696
197324 189400 1936
197324 197327 1709
197324 197328 810
197349 197346 695
197349 197348 2647
197359 197351 2866
197359 197362 709
197350 197285 1681
197350 197348 805
197350 197351 805
197362 197359 709
197362 197363 1436
197362 197364 1067
197401 197364 1612
197401 197407 805
197402 197407 1760
197408 197406 1496
197408 197407 745
197408 197416 867
197414 197416 1902
197414 197418 1211
197418 197414 1211
197418 197419 2039
197420 197419 734
197420 197422 1452
197420 197423 537
197694 197423 343
197694 197494 1486
197694 197697 686
197695 197696 877
197695 197697 2291
197696 197695 877
197696 197704 2320
197708 197706 730
197708 198447 1391
197708 198454 892
197706 197704 745
197706 197708 730
197706 198446 1399
197739 198455 2593
198454 197708 892
198454 198450 1578
198454 198455 802
198011 198012 880
198011 198017 2598
198004 198003 1098
198004 198017 749
197996 198002 1645
197996 198003 917
197948 197945 3248
197948 197952 751
198079 198082 2227
198079 198086 879
198079 198087 906
197744 198463 2180
197744 198464 1038
197745 197754 905
197745 198464 2057
197752 197753 751
197752 197754 1908
197915 197753 3024
197915 197920 670
197920 197915 670
197920 197916 2975
197920 197921 953
197924 197921 2423
197924 197925 649
197924 197926 990
197925 197924 649
197925 197927 750
197925 197941 2920
197940 197941 476
197940 197943 868
197945 197943 1993
197945 197948 3248
197945 197953 730
198456 198455 805
198456 198458 231
198456 198459 277
198012 198011 880
198012 198015 745
198012 198018 2761
198013 198014 930
198013 198015 2728
198014 198013 930
198014 198016 805
198014 198023 2727
198108 198090 444
198089 198095 521
198091 198090 449
198091 198107 846
198091 214406 596
214869 214868 1107
199424 199113 146
199424 214867 147
199424 215097 1205
202310 202234 2688
202310 202306 843
202310 202311 938
202317 202306 2603
202317 202315 962
202316 199120 955
202316 202315 1178
202855 199119 797
202855 199427 449
202311 202300 2642
202311 202310 938
202311 202319 724
202862 202319 2567
202862 202863 853
202869 202863 2853
202869 202870 573
202968 202985 223
203014 203015 1072
203014 203016 469
203014 214841 150
203044 203048 681
203044 203055 1699
203045 203055 681
203045 203073 1785
203046 203047 827
203046 203048 1875
203070 203073 1011
203070 205212 1619
203067 205197 1564
203067 205199 834
203068 205197 846
205199 203067 834
205199 205198 2348
205199 205211 833
205200 205198 876
205200 205202 1486
205208 205202 696
205208 205213 1890
205214 205213 866
205214 205216 458
205214 205229 1102
200375 200376 834
200375 205269 2077
200375 205272 2569
205269 200375 2077
205269 205270 619
205396 205270 738
205396 205284 1473
205396 205410 717
205411 205410 1241
205412 205421 2217
205412 205438 640
205402 205404 1782
205446 205404 774
205414 205415 844
205448 205404 787
205448 205418 1783
205448 205447 748
205407 205415 410
205417 205415 928
205417 205451 620
205439 205438 745
205439 205441 737
205439 205451 2018
200442 200443 845
200442 200450 3013
200439 200450 755
200439 205449 2368
205447 205419 1893
205447 205448 748
205447 205449 683
198652 195530 2545
198652 195531 371
198652 195538 833
199334 195538 984
214331 199035 77
199047 199043 1865
199047 199046 533
199047 199085 1561
199050 199049 1760
199050 199085 894
199050 199088 342
195530 195531 2804
195530 198652 2545
195530 199093 955
195530 199095 2466
195530 199107 901
195530 214338 950
214341 195538 921
214341 214345 1263
214341 215108 166
214348 199425 165
214348 214356 766
214348 215108 373
214348 215109 168
200443 200441 2573
200443 200442 845
200443 200448 846
200443 200451 2903
200453 200448 2910
200453 200451 773
200453 200454 774
200453 205458 2350
205459 200454 2357
205459 205458 701
205459 205462 1892
205459 205463 846
206055 200454 402
206055 200832 346
206055 206056 2525
200828 200821 684
200828 200825 2573
200828 200830 936
200828 200833 2787
200832 200821 2910
200832 200833 838
200832 206055 346
200827 200825 929
200827 200826 1448
200827 200830 2682
200827 200831 774
200831 200827 774
200831 200829 1338
200831 200834 2575
200831 200846 755
200837 200829 834
200837 200839 2009
200837 200844 907
200837 200846 1120
200839 200836 756
200839 200837 2009
200839 200840 864
200842 200840 1023
200842 200844 1228
200842 200845 884
200840 200839 864
200840 200842 1023
200840 200843 755
200846 200831 755
200846 200837 1120
200846 200847 774
200846 200850 2573
200852 200847 2568
200852 200850 846
200852 200854 755
200852 200855 2474
200857 200854 2336
200857 200855 839
200857 200893 765
206098 206091 787
206098 206099 553
206098 206100 2115
206100 206096 791
206100 206098 2115
206100 206103 773
206103 206097 756
206103 206100 773
206103 206101 2024
206103 206105 1009
206103 206106 2368
206282 206097 2171
206282 206106 834
206282 206283 947
206282 206307 2933
206284 206277 2002
206284 206283 630
206284 206287 986
206284 206289 2520
206288 206283 2679
206288 206289 805
206288 206307 1008
206288 206323 1199
206300 206287 2335
206300 206289 749
206300 206301 871
206300 206322 1487
206390 206379 1600
206390 206404 1331
206390 206407 679
206404 206379 1125
206404 206390 1331
206404 206408 907
206322 206300 1487
206322 206321 715
206322 206325 817
206322 206327 1797
206328 206325 1874
206328 206327 709
206328 206387 901
206338 206337 1862
206338 206387 1676
206338 206397 756
206392 206389 2028
206392 206391 872
206392 206401 1128
206392 206406 702
206405 206389 779
206405 206406 1921
206405 206407 901
206397 206338 756
206397 206391 556
206397 206400 399
206408 206384 641
206408 206404 907
206408 206409 1875
206410 206384 1933
206410 206409 796
206410 206413 1555
206410 208835 779
208836 208835 1906
208836 208837 779
208836 208840 1038
208836 208843 1575
208839 208837 1996
208839 208845 364
208839 208854 755
208854 194881 827
208854 208838 1967
208854 208839 755
194909 194908 387
194909 208893 863
208899 208896 758
208899 208900 156
208885 208883 2002
208885 208884 918
208885 208888 796
208885 208914 1805
208908 208884 1835
208908 208907 832
208908 208914 891
208908 215072 1460
208909 208907 180
208909 208910 156
208887 208882 1796
208887 208886 796
208887 208970 866
208887 208982 1996
208888 208885 796
208888 208886 2129
208888 208982 808
208888 209004 1706
208975 208968 526
208975 208972 1692
208975 208974 1005
208975 208976 833
208972 208969 741
208972 208975 1692
208972 208978 1252
208972 208979 880
208973 208970 716
208973 208971 1857
208973 208978 900
208973 208983 1916
208981 208970 2003
208981 208982 884
208981 208983 751
208981 208985 1689
201592 201591 915
201592 201600 1379
201592 208976 774
208987 201600 870
208987 208976 2002
208987 208988 932
209041 208990 2917
209041 209042 745
209041 209050 1603
209051 209042 1793
209051 209050 714
209051 209052 894
209672 209053 715
209672 209671 1540
209672 209676 820
209673 209053 361
209673 209056 815
209673 209675 1891
209673 209677 779
201791 201788 806
201791 201792 928
201791 201794 1516
209676 201788 1384
209676 201794 712
209676 209672 820
201793 201792 2066
201793 201794 867
201793 201797 677
201797 201793 677
201797 201796 1170
201797 209692 614
201798 201796 556
201840 201836 827
201840 201838 323
201840 201841 2284
201842 201839 1527
201842 201841 918
201842 201846 1306
201847 201841 736
201836 201835 649
201836 201840 827
201836 201845 2102
201949 201844 1393
201949 201845 1078
201949 201948 800
201925 201921 2371
201925 201948 927
201925 201952 815
201947 201844 963
201947 201946 716
201947 201948 1176
201952 201925 815
201952 201951 781
201952 201966 860
201952 201967 1421
201968 201966 1471
201968 201967 606
201968 201970 606
201968 201971 1877
201970 201968 606
201970 201969 1545
201970 201994 2692
202015 202014 557
202015 202023 2648
202015 202033 927
202015 213693 1671
202020 202014 1896
202020 202021 2322
202020 213689 781
202024 202023 1424
202024 202029 997
202024 202031 1760
202024 202034 1046
201973 201972 1190
201973 201972 1190
201973 201980 690
201984 198914 974
201984 209745 589
201987 201986 217
201987 209745 1184
201981 201979 1931
201981 201980 485
201993 201945 822
201993 201971 759
201993 201994 1076
201993 201999 815
202000 201994 728
202000 201999 877
202000 202001 741
202022 202019 97
202022 202021 406
209044 194627 1142
209044 201567 329
209044 209043 1023
209044 209059 2602
209058 209049 523
209058 209057 261
209058 209059 827
209675 209673 1891
209675 209674 796
209675 209681 804
201567 201566 1314
201567 209044 329
201567 209045 255
201567 209060 4002
209062 209061 842
209062 209063 654
209062 209685 2309
209686 209065 1961
209686 209685 1765
209686 209702 867
209686 209713 2375
209702 209686 867
209702 209698 1766
209702 209700 751
209702 209703 2360
209735 209736 1090
209740 209736 2272
209740 209739 834
209740 209741 779
209700 209699 1637
209700 209702 751
209700 209704 2344
209700 209706 801
209710 209704 796
209710 209706 2361
209710 209739 825
209710 209754 2063
209687 201794 491
209687 209679 556
209687 209692 1425
198913 198914 259
198913 201986 1322
201976 201977 741
201976 209851 1983
201976 209860 127
209857 209856 1069
209857 209858 853
209857 209863 1943
209862 209856 2303
209862 209861 755
209862 209863 733
205427 205426 290
205427 209889 747
209853 209804 465
209853 209854 813
209873 202170 327
209873 209854 781
209891 209854 742
209891 209890 337
209859 209858 3411
209859 209866 1564
209859 209870 572
209900 202040 1498
209900 209870 1065
209900 209901 344
201712 201713 671
201712 201718 327
201712 214836 1711
201718 201712 327
201718 201713 486
201718 201721 1613
201718 201723 1328
201718 201803 1517
201803 201718 1517
201803 201758 937
201803 201804 1132
201805 201758 1110
201805 201759 936
201805 201804 920
201820 201811 750
201820 201816 1722
201820 201827 417
201821 201811 897
201821 201812 1143
201821 201822 132
201817 201814 1399
201817 201816 867
201817 201819 709
201817 201823 1487
201759 201758 1474
201759 201805 936
201759 201813 440
201759 201814 1253
201818 201776 779
201818 201814 796
201818 201819 1375
201812 194794 810
201812 201821 1143
201812 201831 804
193815 193814 9228
193815 193816 4340
193817 193816 1041
193817 193818 1411
193817 193819 1440
193387 193386 368
193387 193388 2153
193387 193390 551
234116 234117 5975
225000 224994 15346
225001 224994 15609
224997 224998 6875
193788 193344 984
193788 193792 59
193788 193799 797
194445 193792 1601
194445 194443 3665
194445 194446 3116
193893 193894 2872
193893 193895 3100
193893 194010 864
193897 193895 2069
193802 193801 1259
193802 193803 2299
193802 193804 422
193867 193803 1092
193867 193804 785
105669 105583 6401
105669 193805 3557
193778 193777 835
193778 193779 942
193778 193782 8070
194387 193782 6605
192366 192359 937
192366 192359 937
192366 192365 5320
192366 192378 5444
193705 193703 568
193705 193704 2610
193705 193706 1710
193705 193716 179
193725 193723 17671
193725 193724 17422
193725 193726 1926
193727 193724 6985
193727 193935 4797
193727 194099 4106
193735 193734 6566
193735 193994 236
193735 193998 607
193742 193734 1130
193742 193741 926
193742 193746 260
193746 193742 260
193746 193747 657
193746 193748 1186
193751 193747 833
193751 193748 449
193751 193753 692
194491 194071 302
194491 194492 1662
25059 25060 1159
25059 29687 2487
25059 29976 863
29701 29687 5852
29701 29712 1593
34820 34087 1609
34820 35285 81
34820 35286 1003
34821 34087 1244
35284 34087 1110
29691 29692 1132
29691 29693 1131
28716 28715 1713
28716 29705 807
28716 29716 2758
29715 29716 1025
29715 29721 2440
29715 29721 2440
29936 29933 384
29936 29939 549
29785 29784 2664
29785 29814 1719
29785 29818 3279
29785 29819 1774
30070 29819 2953
30070 30071 2413
30070 34862 1293
30063 30062 2707
30063 30067 2125
30172 30168 628
30172 30191 636
30172 30194 584
30069 29769 776
30069 30067 167
30069 30068 1556
30074 29770 1486
30074 30075 2011
30196 30195 4195
30196 30202 445
30217 30216 1904
30217 30222 907
30217 32018 1030
30220 30221 639
30220 30223 490
30220 32019 1079
30222 30217 907
30222 32019 740
30222 32025 1540
32039 31367 694
32039 32037 461
31367 31365 1272
31367 31366 795
31367 32039 694
31367 32045 145
31363 31354 339
31363 31358 590
31363 31359 1261
31363 31368 1374
31364 31359 1042
31364 31369 1291
32054 31369 705
32054 32055 2646
32054 32056 2881
32062 32056 1118
32062 32059 2203
32062 32063 712
32065 32064 348
32065 32066 385
32065 32067 297
32068 32067 2586
32068 32087 2230
32101 32099 1735
32101 32129 1235
32106 32104 1462
32106 32107 1498
32106 32132 1044
32106 32135 1668
32134 32132 1669
32134 34657 658
6965 6961 1927
35215 6961 2174
32136 32107 1337
32136 32137 1815
32136 32146 1323
32159 32158 1766
32159 32162 1789
32159 32165 617
32159 32166 1703
27659 27658 2320
27659 27660 996
27659 32189 190
32212 27660 3343
32221 32220 2391
32222 32220 3105
32222 32257 651
7005 7001 1771
7005 7002 853
7005 7024 1522
7007 7002 1535
32128 32127 2322
32128 32150 1079
32128 32192 1187
32151 32148 571
32151 32150 3902
32162 32159 1789
32162 32160 1722
32162 32193 1235
32194 32193 2065
7412 7411 386
7412 34906 631
7412 34907 872
7455 7454 1147
7455 34193 367
7459 7460 90
7459 7461 2395
7459 7464 1845
7461 7459 2395
7461 7464 1673
7461 7466 844
7462 7453 754
7462 7470 1032
7462 7471 581
7532 7482 1778
7532 7530 834
7532 7533 1382
7482 7481 1016
7482 7532 1778
7482 7534 1178
7482 14428 2284
14428 7482 2284
14428 14425 889
14428 14757 810
14758 14757 979
14758 14768 349
14758 14770 1036
14772 14770 744
14772 14771 713
14772 14776 1118
34077 14776 926
34077 34560 631
34077 34584 273
14791 14790 1849
14791 14792 1220
14791 14832 1559
14833 14832 1817
14833 14837 1221
14833 14848 667
14834 14832 2352
14834 14854 744
34076 14832 1153
34076 34584 1487
14841 14831 2637
14841 14842 1085
14841 14843 2954
14848 14831 339
14848 14833 667
14859 14847 1486
14859 14851 2029
14859 14910 572
14860 14853 1546
14860 14862 1188
14860 14910 275
14947 14946 782
14957 14942 1710
14957 14942 1710
14957 14950 247
15156 15155 1849
15156 15165 1778
15156 15166 2062
15156 15167 1357
15457 15456 550
15457 15459 1357
15457 15533 281
15535 15534 688
15535 15536 688
15698 15696 1101
15698 15713 1530
15698 15715 868
15718 15715 3384
15718 15716 981
15718 15721 1398
15681 15667 2081
15681 15684 709
15681 15685 3908
35129 15684 1114
19117 19116 7446
19117 19124 252
19117 19126 6361
19117 19137 2041
15667 15582 1300
15667 15671 1268
15667 15681 2081
15536 15535 688
15536 15537 818
15536 15563 1980
15562 15563 2055
15582 15579 2284
15582 15665 1113
15582 15666 2810
15582 15667 1300
225397 225398 10050
225397 225403 48
225427 225403 4749
225427 225410 2801
15721 15717 1729
15721 15718 1398
15721 16086 1592
15721 16087 1584
16083 16080 1383
16083 16081 1014
16083 16096 1225
16095 16096 876
19592 19562 367
19592 19593 516
19594 19579 884
19594 19593 1827
19594 19599 1598
19601 19599 3335
19601 19612 826
19601 19614 1222
19609 19600 1768
19609 19610 826
19621 19600 2242
19621 19620 3123
19621 19620 3123
19734 19610 1141
19734 19754 1935
19734 19755 1178
34509 19756 780
19624 19622 2177
19624 19766 885
19759 19758 213
19759 19766 2756
19705 19704 1279
19705 19760 2559
19705 19848 847
19758 19638 628
19758 19759 213
19758 19760 420
19848 19705 847
19848 19852 580
19848 19856 924
19851 19852 787
19851 19854 672
19851 19855 550
19875 19863 275
19875 19874 1797
19875 19877 787
19878 19877 750
19878 19879 1741
19878 19880 818
19878 19881 868
19945 19936 927
19945 19946 1885
19945 19948 924
19945 19949 1097
19947 19936 1610
19950 19936 788
19920 19916 551
19920 19923 336
19924 19923 1719
19951 19948 950
19951 19949 1085
19951 19952 2322
19951 19953 1101
19958 19949 373
19953 19951 1101
19953 19959 373
19953 19960 1178
19956 19952 2004
19956 19955 2376
19956 19960 2304
19956 19963 1101
19963 19956 1101
19963 19961 2347
19963 19964 2242
19963 19965 1141
20180 19964 1178
20180 20171 1120
20180 20186 707
20184 20185 989
20184 20186 1061
20184 20187 1085
20184 21557 1478
35164 21556 374
35164 21557 703
35164 21557 703
21872 21871 818
21872 21873 764
21872 21883 950
21885 21883 598
21885 21884 1695
20112 20111 1025
20112 20129 1530
20130 20111 847
20130 20127 847
20130 20131 3202
20174 20131 1415
20127 20121 1031
20127 20129 1141
20127 20130 847
20127 20134 3121
20128 20121 3299
20128 20126 905
20128 20134 747
20128 20176 1222
20172 20126 1178
20172 20188 1257
20183 20171 924
20183 20173 1061
20183 20188 778
20183 20189 1769
20193 20188 1656
20193 20189 672
20193 21874 889
21878 21876 475
21881 21876 516
34286 21892 354
34286 21896 275
20004 19999 649
20004 20003 826
20004 20005 1885
20004 34967 1636
20020 20005 1452
20020 20019 810
20020 34513 654
20015 20014 118
20015 20014 118
34563 20081 2343
19441 19439 3538
19441 19494 1729
19493 19492 2352
19493 19505 511
19493 19506 418
19511 19508 649
19511 19510 373
14208 14209 1035
14208 20034 371
14208 34592 537
20033 20030 511
20033 20031 688
20033 20034 1576
20031 20029 1340
20031 20033 688
20031 20035 1208
20036 20035 611
20042 19536 737
20042 19540 1504
20042 20043 1008
20045 19540 788
20045 20043 1085
20045 20046 950
20045 20048 1161
20052 20046 222
20052 20049 950
20052 20053 1072
20053 20047 889
20053 20052 1072
20053 20063 1344
20064 20047 751
20064 20061 788
20064 20069 809
20254 20253 1608
20255 20253 238
20255 20256 373
20093 20094 1629
20093 20097 1114
20093 20102 1072
20101 20097 1145
20101 20100 1167
20101 20102 1205
20101 20104 1007
20103 20100 1007
20103 20104 1167
20103 20105 1254
20103 20106 1072
20964 20105 1008
20964 20106 1306
20964 20962 1066
20964 20965 1273
20967 20962 1207
20967 20965 1113
20967 20966 1114
20967 21102 1008
20949 20946 1022
20949 20948 1943
20949 29643 648
20950 20946 1609
20950 20948 1138
20950 20951 1161
20950 20961 604
20953 20948 1072
20953 20963 1114
20953 20968 1208
20966 20963 1282
20966 20967 1114
20966 20968 1028
20966 20972 1007
20614 20612 1066
20614 20615 1055
20614 20617 416
20614 20620 2216
20899 20615 1085
20899 20896 561
20899 20905 2625
20632 20620 1114
20632 20631 1225
20632 20919 581
20632 20920 473
20907 20905 889
20907 20906 872
20907 20910 2228
20917 20916 551
20923 20920 947
20923 20926 975
20923 20928 1410
20927 20926 1809
20927 20928 1161
20927 20932 344
20931 20930 3224
20931 20932 3432
20931 20945 279
20934 20933 3024
20934 20937 818
20934 20945 713
21008 21001 1544
21008 21010 2585
21008 21012 580
21008 21013 1426
21009 20937 475
21009 20998 473
21009 21010 1344
21013 21008 1426
21013 21011 2376
21013 21016 927
21013 21017 1880
21042 21017 747
21042 21043 1209
21042 21044 818
21068 21017 1208
21068 21043 884
21068 21071 818
21068 21072 1344
21074 21069 747
21074 21072 713
21075 21033 1258
21075 21036 1395
21075 21069 2272
21075 21078 2204
25865 21358 818
25865 25862 554
25865 25866 765
25870 25862 998
21344 21332 1031
21344 21333 1182
21344 21348 1098
21344 21358 2171
21357 21356 1139
21357 21358 1099
21357 25852 676
21357 25864 545
25854 25850 1102
25854 25851 847
25854 25856 983
25854 25860 2477
21330 21329 599
21330 21332 1182
21330 21333 1031
25844 25843 809
25844 25846 990
25844 25855 1085
25897 25843 3077
25897 25898 904
26027 25916 2101
25899 25838 5434
25899 25896 1744
25899 25900 5899
25901 25838 4693
25901 25904 2883
25901 25917 2142
25919 25904 5090
25919 27796 5179
35003 25921 577
27811 27812 939
27811 27813 872
27811 27815 809
27811 27817 672
27817 27811 672
27817 27816 836
27817 27818 605
27911 27818 536
27912 27818 1667
27912 27913 1897
27912 27918 675
27916 27908 1336
27916 27918 771
27916 27919 1810
27919 27914 848
27919 27916 1810
27919 27921 1015
27935 27915 2500
27935 27921 2216
27935 27952 782
27935 27953 84
28001 27958 1145
21036 21035 1179
21036 21075 1395
21036 21076 1577
21036 21077 924
21079 21076 983
21079 21077 1426
21079 21318 713
21034 21023 383
21034 21310 877
21034 21313 5364
21034 21314 3634
21304 21299 672
21304 21303 1268
21304 21313 809
21302 21299 950
21302 21303 516
21302 21317 847
21317 21077 818
21317 21302 847
21317 21318 1378
21331 21329 1161
21331 21333 932
21331 21354 1115
28005 28004 975
28005 28006 832
28005 28015 649
28033 28014 721
28018 28016 1115
28018 28021 336
28018 28025 336
28022 28020 827
28022 28021 1292
28022 28026 750
28028 28026 846
28028 28040 475
28028 28086 1745
27786 27782 2698
27786 27784 1932
27786 27787 1742
27794 27792 316
27794 27795 139
27794 28125 5351
35404 27792 1122
28159 27793 2368
28159 28151 4521
51083 51082 1146
51083 51092 1530
51083 51093 1115
51084 51082 697
51084 51106 951
51034 51032 1559
51034 51035 2282
51034 51036 612
51048 51035 810
51048 51041 976
51048 51047 738
51048 51049 1559
51036 50967 238
51036 51034 612
51036 51037 1008
51074 51049 599
51074 51053 1426
51074 51073 168
51077 51073 984
51077 51079 688
51119 51118 1074
51119 51121 2630
51119 51122 2316
56740 51121 833
56740 51122 1937
56740 56741 800
51538 51539 418
51543 51542 1231
51545 51542 879
51558 51556 1955
51558 51577 1623
51558 51583 650
51578 51577 951
51579 51577 476
51579 51580 2365
51579 51581 606
51579 51600 558
51581 51579 606
51581 51587 1023
51581 51598 1205
51581 51601 677
51588 51587 606
51588 51589 1258
51588 51601 1066
51588 51613 806
51614 51591 337
51614 51613 788
51614 51615 2360
56626 51613 784
56626 51617 709
51615 51595 884
51615 51614 2360
51615 51647 373
51593 51585 1022
51593 51592 3368
51593 51595 747
51593 51650 878
51964 51650 1438
51964 51963 806
51964 51966 747
51964 51967 951
51967 51655 1458
51967 51964 951
51967 51968 836
51967 51969 738
51975 51968 738
51975 51969 836
51975 52606 373
51975 52607 806
52609 52607 418
51977 51976 775
51977 56634 656
52620 51976 139
52620 52613 884
52620 52621 2159
52621 52614 747
52621 52620 2159
52621 52622 836
52621 52646 1815
50623 50620 884
50623 50622 1353
50623 50629 650
50623 52650 1885
52646 52621 1815
52646 52623 884
52646 52645 788
52646 52650 1745
52649 50629 1829
52649 52645 1815
52649 52647 697
52649 52650 747
50622 50623 1353
50622 50628 893
50622 50630 848
50636 50635 665
50636 56698 6879
56699 56698 527
56699 56700 108
189421 186937 754
189421 186940 1599
189421 189423 1510
189421 189424 778
189422 186337 696
189422 186937 1477
189422 189418 3087
189422 189423 777
189449 186992 860
189449 187003 1699
189449 189447 2198
189449 189448 777
189453 187002 722
189453 189448 2238
189453 189452 817
186992 186990 1722
186992 186991 834
186992 189437 2188
186992 189449 860
186936 186935 746
186936 186937 1592
186936 186938 1544
186936 186940 778
186939 186938 752
186939 186940 1537
186939 186943 1511
186939 186945 827
186944 186943 787
186944 186945 1553
186944 186950 848
186944 186988 817
186987 186950 705
186987 186988 911
186987 186991 1322
186990 186989 913
186990 186992 1722
186990 187000 473
186990 187003 785
186999 186989 572
186999 187000 860
186999 187001 859
186999 187031 238
187002 187000 796
187002 187003 530
187002 189453 722
187026 187025 482
187026 187031 1209
187026 187033 402
187031 186999 238
187031 187026 1209
187031 187030 2364
187031 187033 1280
190669 187191 6400
190669 194537 1272
190667 187025 473
190667 190666 32
190750 187036 1394
190750 190666 31
187036 187035 1834
187036 187037 1385
187036 190695 1776
187036 190750 1394
197424 197425 2432
197430 197425 791
197430 197428 2282
197430 197431 869
197432 197425 790
197432 197431 876
197432 197434 1711
197432 197437 805
197436 194691 770
197436 197434 867
197436 197437 1718
197436 197442 379
194690 194691 674
194690 197442 751
194690 197445 815
197443 197284 1625
197443 197285 1802
197452 197285 1626
197452 197361 1760
197452 197456 1860
197452 197459 1080
197346 197343 816
197346 197345 1696
197346 197347 2562
197346 197349 695
197348 197347 730
197348 197349 2647
197348 197350 805
197343 197283 2332
197343 197342 796
197343 197344 1588
197343 197346 816
197327 197324 1709
197327 197342 1797
197327 197344 866
197278 197279 751
197278 197352 127
197278 197445 866
197465 197279 446
197465 197455 679
197465 214754 1119
197466 197279 1002
197466 197467 1547
197466 197468 300
197466 197470 892
197458 197456 963
197458 197459 1812
197458 197468 260
197458 197469 866
188994 188992 1295
188994 188995 1044
188994 189387 949
188994 189402 1982
188996 188995 1268
188996 188997 783
188996 188999 1886
189386 189387 1802
189386 189389 3940
189386 189402 1070
190572 189402 867
190572 190571 2658
190572 190571 2658
189398 189389 523
189398 189397 1408
189398 190574 718
190571 190572 2658
190571 190572 2658
190571 190574 360
189418 189414 1240
189418 189419 754
189418 189420 819
189418 189422 3087
187389 187384 778
187389 187390 571
187389 187391 765
187389 187519 2686
187518 187384 2735
187518 187519 793
187518 187520 746
187518 187528 2710
187527 187519 2761
187527 187526 793
187527 187528 737
187527 189414 1437
187364 187365 173
187364 187366 89
187364 187390 910
187364 190811 278
187364 190812 212
189414 187527 1437
189414 187541 830
189414 189413 790
189414 189418 1240
50618 50619 1407
50618 52511 4639
56383 52586 609
56383 52592 726
52716 52597 1970
52571 52568 3125
52571 52570 630
52571 52596 1515
52595 52596 968
56588 52596 797
56588 56587 142
190811 187359 377
190811 187364 278
190811 190810 556
190811 190815 255
190811 190817 474
187359 187358 725
187359 187361 1480
187359 187386 922
187359 190810 401
187359 190811 377
187360 187358 1390
187360 187361 735
187360 187363 828
187360 189649 1600
189648 187363 1756
189648 190498 994
190502 190498 744
190502 190501 599
190502 190504 735
190817 190811 474
190817 190816 176
189672 189647 231
189672 190505 2470
190607 189671 405
190607 189753 557
190607 190505 884
198028 198000 763
198028 198002 2857
198028 198029 869
198028 198032 2790
198031 198000 2715
198031 198032 814
198006 198002 814
198006 198003 1655
198006 198007 801
198006 198029 2932
197344 197327 866
197344 197328 1703
197344 197343 1588
197344 197345 797
189400 189390 2872
189400 197324 1936
197351 197350 805
197351 197359 2866
197351 197361 742
197363 197361 1681
197363 197362 1436
197363 197365 1002
197364 197362 1067
197364 197365 1343
197364 197401 1612
197364 197403 841
197407 197401 805
197407 197402 1760
197407 197403 1485
197407 197408 745
197406 197403 729
197406 197405 1485
197406 197408 1496
197406 197409 870
197416 197408 867
197416 197409 1627
197416 197414 1902
197416 197417 685
197419 197417 731
197419 197418 2039
197419 197420 734
197419 197421 1430
197422 197420 1452
197422 197421 770
197422 197423 1508
197422 197492 1409
197422 197494 790
197423 197420 537
197423 197422 1508
197423 197694 343
197494 197422 790
197494 197493 1436
197494 197495 742
197494 197694 1486
197697 197495 1445
197697 197694 686
197697 197695 2291
197697 197704 790
197704 197696 2320
197704 197697 790
197704 197706 745
197704 198445 1436
198447 197708 1391
198447 198446 746
198447 198449 665
198447 198450 813
198446 197706 1399
198446 198445 805
198446 198447 746
198446 198448 1211
198455 197739 2593
198455 198454 802
198455 198456 805
198455 198457 781
198450 198447 813
198450 198454 1578
198450 198460 205
198450 198461 394
198017 198004 749
198017 198005 1214
198017 198011 2598
198017 198018 756
198003 197996 917
198003 198004 1098
198003 198005 742
198003 198006 1655
197952 197948 751
197952 197953 3390
197952 197954 496
197952 198082 367
198082 197952 367
198082 198079 2227
198086 198079 879
198086 198087 82
198086 198088 315
198087 198079 906
198087 198083 2277
198087 198086 82
198087 198088 276
198463 197744 2180
198463 198459 684
198463 198465 1172
198464 197744 1038
198464 197745 2057
198464 198465 1425
198464 198467 764
197754 197745 905
197754 197752 1908
197754 197917 686
197754 198467 2185
197753 197752 751
197753 197915 3024
197753 197916 751
197753 197917 1943
197916 197753 751
197916 197918 2085
197916 197919 805
197916 197920 2975
197921 197919 2914
197921 197920 953
197921 197924 2423
197921 197928 669
197926 197924 990
197926 197927 1268
197926 197928 1850
197926 197931 875
197927 197925 750
197927 197926 1268
197927 197942 2464
197927 197960 805
197941 197925 2920
197941 197940 476
197941 197942 923
197943 197940 868
197943 197942 876
197943 197945 1993
197943 197946 805
197953 197945 730
197953 197946 1943
197953 197952 3390
197953 197955 805
198458 198456 231
198458 198457 1021
198458 198462 93
198459 198456 277
198459 198462 254
198459 198463 684
198015 198012 745
198015 198013 2728
198015 198020 2636
198015 198023 956
198018 198012 2761
198018 198017 756
198018 198019 1150
198018 198020 929
198016 198014 805
198016 198024 2666
198016 198027 955
198023 198014 2727
198023 198015 956
198023 198022 2705
198023 198024 731
198090 198091 449
198090 198092 1960
198090 198108 444
198095 198089 521
198095 198094 238
198095 198096 2010
198095 198109 274
198107 198091 846
198107 198112 779
198107 214406 942
214406 198091 596
214406 198107 942
214406 198109 1146
214868 214869 1107
214868 215090 135
199113 199111 1132
199113 199112 1258
199113 199423 1279
199113 199424 146
214867 199424 147
214867 215091 245
215097 199424 1205
215097 215096 50
202234 202231 684
202234 202233 724
202234 202299 915
202234 202310 2688
202306 199433 955
202306 202233 2635
202306 202310 843
202306 202317 2603
202315 199433 2585
