3996
154270 154141 1010
154270 154266 850
154270 154267 843
154144 154250 1919
154119 154117 767
154119 154142 3043
154115 154116 169
154115 154272 1114
154343 154342 674
154369 154342 2007
154369 154370 767
154272 154115 1114
154272 154271 927
154272 154471 1780
154368 154365 3725
154368 154367 667
154425 154365 893
154425 154426 927
154470 154478 889
154470 154531 1012
154480 154479 843
154480 154500 1447
154480 172105 600
154531 154470 1012
154531 154532 2139
154534 154532 872
154534 154542 1796
154456 154452 905
154456 154455 796
154529 154455 954
154529 154530 418
154546 154452 1657
154530 154526 613
154530 154529 418
154540 154542 506
154551 154552 1801
154551 154556 1774
154551 155101 747
155103 155101 850
155104 155101 1014
155104 155105 1018
155104 155115 1114
155115 155104 1114
155115 155106 850
155115 155116 1334
155122 155116 2319
155122 155123 1919
155164 155123 1354
155164 159607 1234
155371 159607 1450
155371 159619 1234
159634 159619 1354
159634 159636 905
159727 159636 1450
159727 159728 1344
159739 159728 872
159739 159740 1483
159741 159740 850
159741 159744 1248
159741 159750 934
159746 159750 934
159746 159789 1447
159807 159789 1018
159807 159813 672
155468 155467 1323
155468 159813 1438
155470 155471 672
157999 172321 951
157798 157797 829
157798 158011 828
157798 159834 2691
158009 158008 796
158009 158012 818
158007 158006 1279
160017 160016 337
158713 158712 879
158713 158718 3990
158036 158034 848
158036 158037 1061
158033 158034 808
158033 158071 1439
158047 158041 1255
158047 158070 747
158026 158027 558
158026 158048 1234
158046 158044 948
158046 158048 537
158046 158049 1906
158001 158013 1906
158027 158026 558
158027 158028 940
158015 158014 1308
158015 158016 673
178126 178127 111
178485 186106 794
178129 178128 475
178129 185367 788
178444 178445 475
178444 178584 344
178455 178453 788
178455 178588 2272
178584 178444 344
178584 178587 697
178461 178462 1447
178604 178462 1964
178604 178464 1145
158716 158717 1578
158758 158767 829
158758 158779 2366
158781 172875 137
158781 172875 137
158807 158791 1241
158807 172354 222
158996 158995 889
159001 159002 796
159025 159002 3471
159025 159024 1701
160066 160065 179
160077 160065 875
160077 160078 789
160073 160071 791
160073 160078 3325
160069 160070 1076
160072 160071 872
160072 161250 2372
161109 160070 1696
161109 161110 879
161112 161111 474
161112 161113 848
161272 161288 1341
161274 161289 922
213155 213153 797
213155 213156 1342
213162 213139 346
213162 213174 684
213176 213174 278
213180 213183 774
213180 213195 808
213190 213185 243
213190 213186 440
213190 213192 331
213195 213180 808
213195 213185 1066
213308 213305 755
213308 213309 238
213291 213209 1370
213291 213290 673
213305 213307 2168
213305 213308 755
213306 213302 807
213306 213307 1183
213207 213206 930
213207 213210 522
213209 213210 2269
213209 213291 1370
213209 213294 870
213197 213191 1541
213197 213193 1007
213206 213193 1040
213206 213207 930
213206 213208 1360
213356 213343 1080
213357 213342 947
213357 213358 817
213360 213361 197
213360 213364 507
213360 213372 1263
213340 213336 1865
213340 213339 508
213344 213343 499
213332 213310 756
213332 213336 1145
162210 161247 597
162211 162212 333
162222 162223 1484
162222 162240 1613
162240 162222 1613
162240 162239 1140
169655 162239 3573
169655 169642 611
169643 169642 3290
169623 169647 811
169623 169651 1283
169652 169651 339
170688 170690 606
170093 170094 678
170093 170574 1334
170573 170574 2372
170573 170575 688
170602 170603 477
170602 170623 355
170604 170577 518
170604 170603 678
170619 170620 418
170637 170664 951
170637 170668 753
170586 170587 986
170586 170588 276
170569 170570 1055
172476 170723 603
170668 170637 753
170668 170666 984
170668 170670 791
170669 170670 1561
170707 170670 710
170707 170706 753
170707 170804 848
94817 94819 737
94817 94820 1356
94820 94817 1356
94820 94821 580
95116 95117 2948
94864 94859 1008
95145 95146 1223
94874 94407 428
94902 94900 1234
94902 101913 928
94949 94941 571
94949 94942 600
94954 94957 533
95210 95168 201
95210 95211 238
95528 102353 7053
95529 95537 1028
95529 95538 1033
94999 94987 572
94997 94986 924
94997 94996 1610
95044 95040 1301
95044 95075 818
95077 95045 612
95077 95075 1558
95077 95080 1887
95086 95085 306
95167 95169 938
95172 95170 354
95172 95173 688
95173 95172 688
95173 95178 598
95164 95163 2593
95164 95175 818
95164 95177 927
95180 95178 344
95180 95217 373
95182 95220 1631
95132 95133 1754
95158 95133 884
95135 95133 884
94912 94914 2489
94920 94919 2213
94920 103178 733
94923 94961 364
94924 94961 2019
94924 94962 924
94306 94307 611
94308 94309 1680
94308 94310 557
94313 94312 1008
94313 94328 731
49890 49879 1935
50065 50042 3834
50065 50075 2251
97445 97446 2759
97445 97483 1643
97479 97480 5831
97479 97481 420
97435 97434 795
97436 97437 9
97570 97560 511
97570 97571 950
97571 97558 826
97571 97570 950
97571 97572 1220
97601 101893 556
97566 101987 410
97585 97583 1447
97572 97571 1220
97572 97573 982
97576 97563 950
97576 98128 1085
97628 98130 1743
98137 98132 403
98137 98140 2841
98166 98168 373
98178 98169 1500
98178 98180 1362
98178 98181 604
98180 98178 1362
98180 98258 611
98180 98260 1364
98257 102735 61
98165 98170 1151
93296 93297 3773
93296 93376 222
93298 93297 1139
93329 93330 1744
93447 93330 1973
93462 93461 716
93462 95716 811
93485 93421 1377
93485 93487 556
93489 93487 2298
93489 102241 437
93512 93517 950
93515 94083 7879
94945 94926 257
94945 95291 750
95079 94926 739
95079 95098 1207
95307 95291 1156
95307 95343 683
98557 98556 669
98183 98181 836
98183 98184 1639
98183 98259 1306
98187 98176 1265
98187 98186 511
98187 98188 279
98262 98193 2820
98274 98263 1010
98267 98277 475
98273 98275 111
98269 98305 275
98269 98307 788
98303 98308 1220
98307 98269 788
98307 98308 1181
98259 98183 1306
98259 98258 750
98314 98317 788
98314 98319 924
98558 98559 924
98558 98561 2376
102526 102842 499
191108 191109 7237
191108 191220 3271
191118 191119 2114
191118 191274 1690
118508 118507 1582
118508 119493 786
119487 118500 3136
119487 119492 511
118496 119482 1298
118497 118498 65
118497 119486 1003
193902 191481 1380
190997 190999 1639
191221 191222 721
191221 191230 1486
191004 191000 625
191004 191367 174
108947 108929 420
108947 108948 1225
108949 108948 420
50078 50076 344
50078 50077 475
50080 50085 434
50081 50088 238
109015 109014 475
109179 109184 1257
109201 113665 373
109104 109094 1584
109104 109102 473
109115 109094 737
109115 113654 201
109135 109098 676
109135 109136 872
109139 109138 826
109139 109140 983
109138 109139 826
109138 109184 610
35544 35516 2470
35544 35545 2443
36041 35545 751
36041 50353 626
36043 36044 3807
36043 36046 1069
35556 35559 713
35603 35608 599
35578 35579 4050
35578 35580 950
35584 35585 599
35606 35610 1766
36191 35611 1894
36191 36192 629
35547 35548 1784
35547 35549 1009
36209 36208 3303
36209 36234 1000
36248 36211 951
36265 36234 1114
109181 109184 713
109183 109140 610
109183 109207 2085
109183 109209 818
109209 50197 1026
109209 109183 818
35506 35504 750
35506 35507 1542
35506 35519 2410
35518 35519 951
35518 42201 1223
49920 50191 536
49920 50192 275
50186 50184 788
50186 50190 1393
50191 49920 536
50191 50190 536
44148 44145 2545
44148 44166 905
44168 44166 952
44128 44125 1188
44128 44127 1468
50517 44157 980
50517 50520 619
44149 44150 21
44155 41850 924
44155 44143 1916
44171 44169 2365
44536 44534 168
44552 44553 344
44540 44529 1518
44540 44543 612
44544 44535 354
44590 44551 6983
44598 44600 475
44602 44603 1138
44602 44605 1357
44602 44606 11900
44605 44602 1357
44605 44604 2110
44612 44613 8068
44612 44672 3787
44635 35730 1351
44635 35731 2262
35738 35732 562
39068 39067 440
39068 39245 120
39070 39067 548
39070 40120 367
39070 44630 928
39384 39439 146
39566 39565 129
39566 39972 729
40286 39884 864
40286 40285 1434
40286 44597 1014
35744 35737 2506
35749 35739 2808
35751 35747 905
35751 35768 2190
35792 35789 1494
35792 35793 927
35832 35837 599
37440 50247 558
35586 35587 3737
35586 35588 1160
35586 35612 747
35623 35629 847
35623 36212 1033
35628 35629 1223
35628 36193 1482
36212 35623 1033
36212 36213 581
36207 36208 847
36207 36234 3696
35619 35601 276
35619 35620 1426
35795 35786 789
35797 35805 1031
35814 35805 3070
35814 35808 836
35861 35876 512
35793 35780 3440
35793 35792 927
35808 35804 3038
35808 35810 697
35808 35814 836
35810 35807 2824
35810 35808 697
35812 35809 2751
35812 35819 836
35866 35864 355
35871 35968 1484
35975 35970 418
35975 35971 1394
35943 35941 1115
35943 35942 2684
35974 35971 726
35991 35992 1819
37841 37853 2507
37841 37854 2530
37856 37857 581
37853 37841 2507
37853 37854 836
35956 35955 878
35956 35961 1533
35966 35964 1428
35966 41384 927
35944 35940 2430
35944 35941 890
35944 35959 1394
35962 35959 738
35941 35939 2691
35941 35943 1115
35941 35944 890
41394 41385 403
41396 41395 403
41396 41400 4641
41400 41396 4641
41400 41402 1299
41400 41422 915
41421 46572 3090
46573 46576 3871
46592 46576 253
46594 46597 775
46594 46604 1719
46607 46603 276
46607 46609 517
46609 46607 517
46609 46662 2878
46663 46662 940
46663 46666 2719
46667 46666 677
46667 46674 1260
46690 46675 951
46676 46675 2255
46676 46694 650
46697 46694 1104
46697 46725 1181
46695 46692 1323
46705 46693 400
46704 46702 432
46393 46405 2719
46701 46700 2006
46701 46709 823
127163 127158 3018
127159 127158 738
127034 127017 1185
127029 127027 1398
127029 127033 474
127031 127030 2036
126164 126163 710
127086 127090 337
127086 127097 374
127026 127020 2056
127026 127047 1029
127026 127058 818
127048 127046 1577
127058 127026 818
127058 127030 752
127049 127046 673
127056 127053 828
127056 127154 2929
126177 126178 1224
126177 126180 850
127146 127145 630
127448 127449 1032
45888 45881 1074
45888 45886 705
45888 46140 1282
126760 126747 2549
126805 126803 828
126802 126801 711
126818 126819 200
126804 126797 1575
126804 126803 2481
126820 126821 1221
126852 126821 2088
126852 126851 1074
126773 126753 476
126773 126797 1117
126829 132571 492
126829 132581 787
126832 127043 5072
126832 127050 1009
127050 126832 1009
127050 127051 1255
127151 127052 2969
127150 127052 677
127150 127154 418
127155 127154 404
127155 127158 738
46156 46157 2081
46156 46158 2208
46169 46168 2233
46170 46148 600
46170 46168 336
46237 46167 848
46236 46167 766
46236 46245 3015
46342 46340 276
46342 46341 1686
46245 46236 3015
46245 46340 885
46346 46345 1532
46346 46381 1248
46403 46400 1560
46385 46374 1901
46385 46380 906
46385 46400 709
127464 127463 747
127464 127465 1105
127464 127466 475
127484 127463 2533
127484 127483 713
127486 127488 1261
127486 127489 848
127632 127633 1140
127650 127645 404
127652 127649 1868
127652 127651 752
127652 127738 1494
127730 127728 650
127736 127734 1276
127735 127732 678
127735 127734 475
127614 127607 1201
127614 127615 1357
127617 127615 759
127732 127591 1018
127732 127735 678
127625 127618 537
127625 127622 1142
127627 127599 374
127627 127628 1010
127769 127628 404
127769 127770 1546
129140 129123 1390
129317 129139 2182
129319 129137 874
129319 129320 811
129322 129320 1920
129322 129328 238
129329 129330 751
129332 129330 1699
129332 129347 1225
129353 129347 1010
129353 129355 518
129353 129357 606
129357 129353 606
129357 129355 1036
129357 129369 697
129399 129400 2600
129599 129600 1454
129603 129600 951
129603 129609 778
129630 129631 673
129630 129632 537
129632 129630 537
129632 129680 890
129626 129627 374
129634 129635 273
121252 121250 1356
121252 121286 1669
121289 121286 1181
121289 121291 1111
121300 121291 1012
121284 121182 1212
121312 121309 928
121312 121311 2568
121312 121320 2229
121323 121310 506
121320 121312 2229
121320 121318 844
121321 121318 782
121321 121561 2506
121321 121565 2358
58016 70078 1550
58016 70101 2554
58016 70102 2843
70261 70272 1184
70261 70293 1625
70262 70291 1983
70272 70261 1184
70272 70312 1412
70274 70371 672
70274 70375 2052
78776 78777 1532
70397 70377 672
70397 70400 474
70405 70399 1037
70405 70402 1000
70405 70407 1479
70406 70407 789
70406 70456 698
70406 70457 1684
70456 70406 698
70456 70459 1479
69961 69962 601
69923 69922 1013
69923 69927 984
69911 69908 675
69911 77106 229
69916 69918 1786
69910 69908 1014
69910 69921 739
69927 69923 984
69927 69925 1114
69943 69942 778
69919 69918 851
69919 69946 1004
69848 69844 2763
69848 69849 2901
69855 69854 499
69877 69871 1154
69877 69893 4387
69896 69894 1951
70046 70045 6577
129504 129499 752
129504 129505 1780
129507 129503 1081
129510 129496 1082
129510 129498 1673
129620 129621 1206
129727 129622 848
129624 129622 953
129624 129623 1394
129624 129628 976
129511 129498 279
129511 129512 1717
129528 129512 949
129528 129529 752
129530 129526 752
129530 129529 1547
129541 129526 2035
129541 129536 613
129545 129536 1484
129545 129542 613
121188 121189 1622
129542 129535 1485
129542 129545 613
129542 129566 337
129566 129542 337
129566 129563 422
121191 121185 404
121191 121207 1958
121207 121191 1958
121207 121210 752
121211 121210 874
121211 121215 511
218187 218186 526
218192 218186 389
219386 219388 792
219416 219415 1757
219060 219059 2163
219071 219066 1446
219071 219070 675
224103 224106 1075
224103 224912 292
224108 224101 891
224108 224107 743
219049 219404 472
219049 219407 771
219407 219049 771
219407 219423 832
219407 219458 2105
219412 219415 980
219421 219424 902
219421 219427 3182
219422 219424 924
219422 219425 838
219422 219426 2732
219423 219407 832
219423 219460 2576
219423 219463 776
218731 218728 1136
218731 218735 774
218793 218735 3234
218793 218874 831
218877 218901 777
218945 218946 915
218945 218956 749
218949 218952 766
218949 218953 1578
218951 218953 711
218951 218956 1246
218950 218952 2054
218950 222134 767
218903 218901 1646
218903 218905 518
218919 218906 941
218919 218917 920
218921 218917 1995
218921 218930 790
218929 218930 1658
218929 218935 933
218935 218929 933
218935 218933 1727
222101 218934 676
222101 222096 2398
222101 222105 766
222109 222105 1634
222109 222110 879
222112 222110 729
222112 222111 1616
222112 222129 741
222131 222129 614
222131 222133 331
222131 222175 907
217993 217991 256
222134 218950 767
222134 222135 909
222141 222142 1941
222141 222143 843
222133 222131 331
222133 222166 1141
222133 222168 271
222143 222141 843
222143 222144 1025
222164 222148 1520
222164 222166 845
219577 219603 842
219577 219606 1453
219578 219587 736
219578 219606 907
219579 219581 1623
219579 219582 756
219587 219578 736
219587 219581 928
224634 219572 556
219604 219603 991
219604 224084 1365
218728 218731 1136
218728 218732 813
218730 218732 1380
218730 218776 790
218775 218753 896
218775 218782 442
218750 218752 1355
218750 218753 777
218751 218759 322
218757 218762 959
218756 218758 425
221943 221949 646
221943 221950 749
221940 221941 485
221940 221958 702
221940 221968 15
223316 221945 672
223316 223319 1346
223078 218767 907
223078 223079 1021
223094 220223 797
223094 223093 219
223094 223095 995
223317 223318 467
223095 223094 995
223095 223099 708
223134 223137 1344
223134 223140 726
223126 223123 1542
223126 223199 912
223126 223200 1435
223146 223136 2423
223146 223145 935
223146 223219 836
223200 223126 1435
223200 223219 956
223136 223137 2006
223136 223146 2423
223123 223125 864
223123 223126 1542
223190 223159 2080
223190 223191 790
150843 150844 691
150843 150845 1989
150845 150843 1989
150845 150846 1163
151084 150941 324
151084 151088 1839
150938 150846 1156
150938 150939 587
150938 150941 2434
149175 149176 488
149175 151845 1629
151845 149175 1629
151845 149181 1075
151639 149181 457
151639 149182 879
149264 149258 315
149264 149265 680
149270 149265 973
149270 149269 737
149270 149287 471
149287 149270 471
149287 149289 458
149298 149299 329
149509 149305 385
149509 151807 328
149510 149358 257
149510 149362 507
149514 149548 2626
149514 149551 686
149543 149544 777
151086 151101 482
151109 151108 573
151113 150908 1331
151113 151112 1142
151113 151126 1113
147276 147274 817
147276 147275 2287
151206 147275 757
151206 151177 2507
151187 151175 1726
151187 151177 801
147368 147274 2464
147368 147367 688
151185 151170 924
151185 151175 840
151172 151129 2381
151172 151170 749
147371 147367 2325
147371 147384 794
147371 147394 2321
151169 151126 2041
151169 151129 746
147394 147371 2321
147394 147391 725
147427 147391 2367
147427 147400 822
147435 147400 979
147435 147434 963
147440 147434 1246
147440 147514 776
147533 147514 2650
147533 147517 845
147534 147517 2059
147534 147539 757
147654 147539 2293
147654 147542 765
147672 147542 2404
147672 147671 716
147687 147671 2408
147687 147674 805
147692 147674 2429
147692 147690 819
147724 147690 2324
147724 147694 797
147947 147937 414
147947 147946 534
147945 147934 1232
147945 147952 1168
147946 147937 446
147946 147947 534
147952 147945 1168
147952 147951 533
147952 147953 462
147959 147955 786
147959 147961 2524
148861 147961 755
148861 148880 755
148861 151636 795
148880 148861 755
148880 148881 2828
148880 148882 570
148883 148882 468
151743 148910 916
149001 149002 879
149001 149010 1670
149010 149001 1670
149010 149011 924
149012 149003 1940
149012 149011 704
149012 149013 593
149016 149024 717
149016 149164 845
149161 149164 801
212691 212692 990
212691 212695 1188
212691 214764 1229
212694 212717 508
212694 212720 785
212716 212719 238
212720 212694 785
212720 212719 221
212720 212722 777
212726 212727 308
212732 212729 670
212732 212733 875
212732 212735 434
212734 212730 779
212734 212735 1431
212830 212827 255
212830 212832 368
212832 212830 368
212832 212835 1356
212819 212827 1400
212819 212828 434
212822 212828 710
212822 212835 1399
212825 212841 469
212825 212845 2990
212837 212838 765
212779 212776 1455
212779 212781 881
212779 212839 589
212840 212835 773
212840 212842 346
212840 212843 416
212841 212825 469
212841 212842 1506
212772 212774 1122
212773 212774 678
212773 212775 702
150043 150044 599
150043 150047 2186
150135 150047 2426
150135 150136 907
150135 150141 2294
150143 150141 737
150143 150153 2323
150152 150153 828
150152 150156 1776
150155 150156 741
150047 150043 2186
150047 150045 927
150047 150135 2426
150125 150127 863
150126 150127 1490
150126 150129 775
150126 150130 587
150213 150214 385
150217 150207 518
150217 150218 1053
150217 150221 1313
150223 150221 456
150223 150252 1375
150252 150223 1375
150252 150253 391
150288 150286 298
150288 150289 1316
150290 150289 405
150290 150298 1719
198797 198792 43
198797 198798 1630
204980 204982 833
204980 204989 2217
204988 204989 751
204988 205051 2777
205050 205051 686
205050 205177 2318
205052 205177 751
204981 204982 1699
204981 205056 690
154149 154150 2339
162447 172708 1942
162451 154045 386
154148 154170 428
154162 154154 893
154162 154163 357
172590 170731 603
172590 172591 169
170683 170684 778
170683 170686 1349
170740 170684 422
170741 170742 672
170753 170732 1160
170753 170742 1354
170762 170733 1636
170762 170757 1248
171220 171219 374
171220 172601 907
171228 171229 511
171228 171237 1848
171236 171233 2162
171236 171297 928
171237 171228 1848
171237 171276 720
171217 171218 954
171217 171225 848
168950 168949 1270
168950 168955 1189
171300 171301 1357
168948 168949 796
168948 168957 850
168957 168948 850
168957 168971 1662
168972 168973 767
162410 152144 2532
162410 162409 556
168979 168980 333
168979 168984 422
168967 168973 1004
162421 162420 843
162421 172100 672
162419 162420 1036
162419 172085 713
154174 154173 730
154172 154155 465
154172 154167 2384
154172 154171 782
154153 154154 672
154153 154158 927
154166 154167 1032
154166 154173 139
154245 154246 1096
154245 154251 778
154247 154249 480
154141 154142 552
154141 154270 1010
154266 154256 759
154266 154270 850
154267 154268 581
154267 154270 843
154267 154271 518
154250 154144 1919
154250 154249 453
154250 154256 111
154117 154116 2824
154117 154118 355
154117 154119 767
154142 154116 829
154142 154119 3043
154142 154141 552
154116 154115 169
154116 154117 2824
154116 154142 829
154342 154341 1111
154342 154343 674
154342 154364 767
154342 154369 2007
154370 154364 2007
154370 154369 767
154370 154426 683
154271 154267 518
154271 154272 927
154271 154273 1669
154471 154272 1780
154471 154273 1101
154471 154472 276
154365 154366 672
154365 154368 3725
154365 154425 893
154367 154366 3641
154367 154368 667
154367 154474 672
154426 154370 683
154426 154425 927
154426 154427 445
154478 154470 889
154478 154479 518
154478 154524 1344
154478 154533 1534
154479 154478 518
154479 154480 843
154479 154499 1344
154500 154480 1447
154500 154499 767
154500 154528 778
154500 172106 683
172105 154480 600
154532 154531 2139
154532 154533 850
154532 154534 872
154532 154541 1686
154542 154534 1796
154542 154540 506
154542 154541 850
154452 154451 1114
154452 154456 905
154452 154546 1657
154455 154453 924
154455 154456 796
154455 154529 954
154526 154525 613
154526 154527 811
154526 154530 613
154552 154551 1801
154552 154553 2613
154552 154556 222
154556 154548 2551
154556 154551 1774
154556 154552 222
154556 154558 1004
155101 154551 747
155101 154558 2035
155101 155103 850
155101 155104 1014
155105 155096 1102
155105 155104 1018
155105 155106 1140
155106 155105 1140
155106 155107 276
155106 155115 850
155116 155108 1201
155116 155115 1334
155116 155117 1796
155116 155122 2319
155123 155117 2384
155123 155122 1919
155123 155164 1354
155123 159572 1293
159607 155164 1234
159607 155371 1450
159607 159572 1102
159607 159608 1140
159619 155371 1234
159619 159608 1354
159619 159620 1032
159619 159634 1354
159636 159620 1284
159636 159634 905
159636 159643 1344
159636 159727 1450
159728 159643 1450
159728 159727 1344
159728 159731 1344
159728 159739 872
159740 159731 1018
159740 159739 1483
159740 159741 850
159740 159742 1234
159744 159741 1248
159744 159742 934
159744 159751 850
159750 159741 934
159750 159746 934
159750 159751 1454
159789 159746 1447
159789 159751 850
159789 159780 672
159789 159807 1018
159813 155468 1438
159813 159780 1018
159813 159807 672
159813 159818 1098
155467 155466 984
155467 155468 1323
155467 159819 1201
155471 155470 672
172321 157999 951
157797 157798 829
157797 157799 345
157797 159978 2691
158011 157798 828
158011 158012 953
158011 158059 837
159834 157798 2691
159834 158054 710
159834 159833 2171
159834 159978 829
158008 158006 383
158008 158009 796
158008 158014 601
158012 158009 818
158012 158011 953
158012 158060 1032
158006 158007 1279
158006 158008 383
160016 159975 1395
160016 160017 337
158712 158034 808
158712 158713 879
158712 158720 2505
158718 158713 3990
158718 158717 879
158718 158719 739
158034 158033 808
158034 158036 848
158034 158068 2552
158034 158712 808
158037 158036 1061
158071 158033 1439
158041 158040 874
158041 158047 1255
158041 158067 1624
158041 158068 2162
158070 158047 747
158048 158013 1658
158048 158026 1234
158048 158046 537
158044 158045 948
158044 158046 948
158044 158063 1023
158049 158014 276
158049 158046 1906
158049 158062 1375
158013 158001 1906
158013 158014 667
158013 158048 1658
158028 158027 940
158014 158008 601
158014 158013 667
158014 158015 1308
158014 158049 276
158016 158015 673
158016 158017 558
158016 172632 474
178127 178126 111
186106 178485 794
178128 178129 475
185367 178129 788
178445 178444 475
178445 178446 336
178445 178586 612
178453 178451 708
178453 178454 1161
178453 178455 788
178453 178591 893
178588 178455 2272
178588 178589 3344
178588 178590 1825
178587 178584 697
178462 178461 1447
178462 178463 2016
178462 178604 1964
178464 178463 938
178464 178465 983
178464 178604 1145
158717 158716 1578
158717 158718 879
158717 158767 610
158767 158717 610
158767 158758 829
158767 158766 1615
158767 158784 928
158779 158758 2366
158779 158780 811
158779 158782 829
158779 158810 2228
172875 158780 1693
172875 158781 137
172875 158781 137
158791 158790 117
158791 158807 1241
172354 158807 222
158995 158994 1868
158995 158996 889
159002 159001 796
159002 159003 796
159002 159025 3471
159024 159023 667
159024 159025 1701
159024 159037 759
160065 160062 418
160065 160066 179
160065 160077 875
160078 160073 3325
160078 160077 789
160078 160080 404
160071 160072 872
160071 160073 791
160071 160081 713
160070 160069 1076
160070 161109 1696
161250 160072 2372
161250 161110 1210
161250 161251 732
161110 161109 879
161110 161113 2143
161110 161250 1210
161111 161112 474
161113 161110 2143
161113 161112 848
161113 172092 355
161288 161272 1341
161288 161286 1972
161289 161271 1017
161289 161274 922
213153 213118 684
213153 213133 3689
213153 213154 1256
213153 213155 797
213156 213155 1342
213139 213133 522
213139 213135 1007
213139 213162 346
213174 213162 684
213174 213176 278
213174 213177 1208
213183 213177 787
213183 213180 774
213183 213185 1577
213185 213183 1577
213185 213184 741
213185 213190 243
213185 213195 1066
213186 213148 237
213186 213149 1158
213186 213189 1346
213186 213190 440
213186 213192 255
213192 213186 255
213192 213190 331
213192 213191 452
213309 213308 238
213309 213310 346
213290 213291 673
213290 213294 1354
213290 213295 405
213307 213305 2168
213307 213306 1183
213307 213317 630
213302 213299 1494
213302 213303 326
213302 213306 807
213302 213311 1105
213210 213207 522
213210 213209 2269
213210 213211 1717
213210 213297 1099
213294 213209 870
213294 213290 1354
213294 213296 337
213191 213192 452
213191 213193 1148
213191 213194 883
213191 213197 1541
213193 213191 1148
213193 213197 1007
213193 213206 1040
213208 213194 2071
213208 213206 1360
213208 213569 1220
213208 213592 510
213343 213344 499
213343 213356 1080
213342 213339 977
213342 213352 705
213342 213357 947
213358 213352 1349
213358 213357 817
213358 213364 621
213361 213360 197
213364 213358 621
213364 213360 507
213364 213362 1486
213364 213373 557
213372 213360 1263
213372 213374 882
213336 213332 1145
213336 213340 1865
213336 213345 573
213339 213340 508
213339 213341 1765
213339 213342 977
213310 213309 346
213310 213316 1685
213310 213332 756
161247 161246 302
161247 162210 597
161247 213669 1541
162212 162194 1222
162212 162211 333
162223 162222 1484
162223 162226 880
162239 162226 2089
162239 162240 1140
162239 169655 3573
162239 169656 2158
169642 169641 1669
169642 169643 3290
169642 169655 611
169647 169623 811
169647 169648 2099
169647 172884 1082
169651 169623 1283
169651 169649 1143
169651 169652 339
170690 170688 606
170690 170693 1065
170094 170093 678
170574 170093 1334
170574 170573 2372
170574 170576 1087
170575 170573 688
170575 170576 1472
170575 170594 1396
170603 170602 477
170603 170604 678
170603 170638 1505
170623 170602 355
170623 170622 1029
170623 170641 818
170577 170578 848
170577 170588 678
170577 170604 518
170620 170619 418
170664 170637 951
170664 170665 374
170587 170586 986
170588 170577 678
170588 170586 276
170588 170589 511
170570 170569 1055
170723 170704 325
170723 170724 1508
170723 172476 603
170666 170667 140
170666 170668 984
170670 170668 791
170670 170669 1561
170670 170671 1055
170670 170707 710
170706 170705 713
170706 170707 753
170706 170813 710
170804 160085 791
170804 170672 238
170804 170707 848
94819 94817 737
94819 94821 279
94819 94822 2428
94821 94819 279
94821 94820 580
94821 94824 1830
95117 95116 2948
94859 94860 2299
94859 94861 747
94859 94864 1008
95146 95145 1223
94407 92701 6
94407 94408 183
94407 94874 428
94900 94896 336
94900 94902 1234
101913 94902 928
94941 94942 275
94941 94946 452
94941 94949 571
94942 94938 753
94942 94940 489
94942 94941 275
94942 94949 600
94957 94954 533
94957 101914 2214
94957 101915 2552
95168 95133 2667
95168 95169 676
95168 95210 201
95211 95210 238
95211 95212 1222
95211 95212 1222
102353 95528 7053
102353 97432 2696
102353 101911 749
95537 95529 1028
95538 95529 1033
95538 95542 331
95538 95568 3622
94987 94988 1182
94987 94999 572
94986 94985 931
94986 94989 1847
94986 94997 924
94996 94989 869
94996 94997 1610
95040 94984 1528
95040 95041 1322
95040 95044 1301
95075 95043 818
95075 95044 818
95075 95077 1558
95045 95043 1208
95045 95052 2528
95045 95077 612
95045 95078 336
95080 95077 1887
95085 95086 306
95085 102318 3174
95169 95167 938
95169 95168 676
95169 95170 1889
95170 95169 1889
95170 95172 354
95170 95179 904
95178 95173 598
95178 95180 344
95178 95217 252
95163 95164 2593
95163 102340 40
95175 95161 2625
95175 95164 818
95175 95195 452
95177 95164 927
95177 95176 1391
95217 95178 252
95217 95180 373
95217 95218 1945
95220 95182 1631
95220 95219 1945
95220 95497 982
95133 95132 1754
95133 95135 884
95133 95158 884
95133 95168 2667
94914 94912 2489
94919 94920 2213
94919 94944 2444
103178 94920 733
94961 94923 364
94961 94924 2019
94961 94958 336
94962 94924 924
94962 94963 3648
94962 94964 865
94307 94306 611
94309 94308 1680
94310 94308 557
94312 94313 1008
94328 94313 731
49879 49852 420
49879 49890 1935
50042 50036 1102
50042 50043 348
50042 50065 3834
50075 50065 2251
50075 50076 580
97446 97445 2759
97446 102346 1509
97483 97445 1643
97480 97479 5831
97480 97487 344
97481 97479 420
97481 97482 1313
97434 97428 1589
97434 97435 795
97437 97436 9
97437 103264 188
97560 97557 672
97560 97559 1797
97560 97570 511
97558 97554 806
97558 97556 2822
97558 97571 826
97558 97573 1161
101893 97601 556
101893 102850 1008
101987 97566 410
97583 97582 1052
97583 97584 2328
97583 97585 1447
97573 97558 1161
97573 97562 788
97573 97563 905
97573 97572 982
97563 97562 889
97563 97573 905
97563 97576 950
97563 98121 1160
98128 97576 1085
98130 97628 1743
98130 98131 353
98130 98132 1408
98132 98130 1408
98132 98133 1013
98132 98137 403
98140 98137 2841
98140 98139 1331
98168 98166 373
98168 98167 79
98169 98167 649
98169 98178 1500
98169 98182 418
98181 98178 604
98181 98182 1680
98181 98183 836
98181 98258 1223
98258 98180 611
98258 98181 1223
98258 98259 750
98258 98261 1778
98260 98180 1364
98260 102736 471
102735 98257 61
102735 102736 764
98170 98165 1151
98170 98167 1041
98170 98171 649
93297 93296 3773
93297 93298 1139
93376 93296 222
93376 93377 1014
93330 93329 1744
93330 93445 2368
93330 93447 1973
93461 93456 2331
93461 93457 2334
93461 93458 1979
93461 93462 716
95716 93462 811
93421 93419 5522
93421 93459 1422
93421 93485 1377
93487 93485 556
93487 93488 1556
93487 93489 2298
102241 93489 437
102241 102335 270
93517 93512 950
94083 93515 7879
94083 93519 1346
94083 102243 605
94926 94907 574
94926 94945 257
94926 95079 739
95291 94945 750
95291 95307 1156
95291 95309 856
95098 95079 1207
95343 95307 683
98556 98557 669
98556 98637 778
98556 98643 1642
98184 98182 1028
98184 98183 1639
98184 98186 1723
98176 98175 536
98176 98187 1265
98186 98184 1723
98186 98185 279
98186 98187 511
98188 98187 279
98188 98189 1362
98188 98190 201
98188 98192 336
98193 98192 279
98193 98262 2820
98263 98222 1356
98263 98274 1010
98277 98267 475
98277 98275 1142
98277 98278 2371
98275 98273 111
98275 98276 3202
98275 98277 1142
98305 98269 275
98305 98304 564
98305 98306 3139
98308 98303 1220
98308 98307 1181
98308 98319 1769
98317 98314 788
98317 98318 610
98317 98559 1114
98319 98308 1769
98319 98314 924
98319 98320 463
98559 98317 1114
98559 98558 924
98559 98562 1151
98561 98558 2376
102842 102526 499
191109 191108 7237
191109 191370 2618
191220 191108 3271
191220 191366 3321
191119 191118 2114
191119 191276 207
191274 191118 1690
191274 191365 1214
118507 118506 1976
118507 118508 1582
118507 119494 476
119493 118508 786
118500 118501 3322
118500 118502 1389
118500 119487 3136
119492 119487 511
119482 118496 1298
118498 118497 65
118498 118499 470
118498 119485 867
119486 118497 1003
191481 190991 368
191481 193902 1380
190999 190997 1639
190999 191000 1948
191222 191082 1601
191222 191221 721
191222 191475 1502
191230 191087 1191
191230 191221 1486
191000 190999 1948
191000 191004 625
191367 191004 174
191367 191366 371
108929 108927 336
108929 108930 1225
108929 108947 420
108948 108930 420
108948 108947 1225
108948 108949 420
50076 50075 580
50076 50077 354
50076 50078 344
50077 50043 3088
50077 50076 354
50077 50078 475
50085 50068 1225
50085 50080 434
50088 50081 238
50088 50084 344
109014 109015 475
109184 109138 610
109184 109179 1257
109184 109181 713
113665 109201 373
109094 109093 279
109094 109095 604
109094 109104 1584
109094 109115 737
109102 109096 336
109102 109098 947
109102 109104 473
113654 109115 201
109098 109099 1114
109098 109102 947
109098 109135 676
109136 109135 872
109136 109137 1160
109140 109139 983
109140 109141 1884
109140 109183 610
35516 35515 3327
35516 35543 1270
35516 35544 2470
35545 35544 2443
35545 36041 751
35545 50352 1842
50353 36041 626
36044 36043 3807
36046 36043 1069
35559 35556 713
35559 35561 373
35608 35603 599
35579 35576 2352
35579 35578 4050
35579 35581 950
35580 35578 950
35580 35581 4050
35580 35612 344
35585 35584 599
35610 35606 1766
35610 35611 1559
35610 35611 1559
35611 35610 1559
35611 35610 1559
35611 36191 1894
36192 36191 629
35548 35547 1784
35549 35547 1009
36208 36205 1031
36208 36207 847
36208 36209 3303
36234 36207 3696
36234 36209 1000
36234 36265 1114
36211 36205 1533
36211 36247 344
36211 36248 951
109207 109183 2085
50197 50198 889
50197 109209 1026
35504 35505 2526
35504 35506 750
35504 42191 1407
35507 35506 1542
35519 35506 2410
35519 35518 951
35519 42139 3164
42201 35518 1223
42201 42198 373
42201 42202 2027
50192 49920 275
50184 50182 373
50184 50186 788
50184 50187 769
50190 50186 1393
50190 50189 201
50190 50191 536
44145 44144 870
44145 44147 1935
44145 44148 2545
44166 44148 905
44166 44168 952
44166 44169 966
44125 44124 1881
44125 44127 1762
44125 44128 1188
44127 44124 476
44127 44125 1762
44127 44128 1468
44157 44118 304
44157 50517 980
44157 50518 1655
50520 50517 619
50520 50521 855
50520 50522 695
44150 44149 21
41850 41851 461
41850 41852 604
41850 44155 924
44143 44123 1353
44143 44144 1979
44143 44146 2361
44143 44155 1916
44169 44166 966
44169 44171 2365
44534 44535 947
44534 44536 168
44553 44552 344
44529 44301 1394
44529 44540 1518
44543 44535 848
44543 44540 612
44535 44534 947
44535 44543 848
44535 44544 354
44551 44328 1116
44551 44590 6983
44600 44596 848
44600 44598 475
44603 44602 1138
44603 50351 483
44603 50569 1000
44606 44455 2233
44606 44602 11900
44606 44641 445
44604 44586 3422
44604 44597 235
44604 44605 2110
44613 44612 8068
44613 44646 709
44613 44651 1063
44672 44612 3787
44672 44673 1009
44672 44684 2104
35730 35731 2305
35730 35732 276
35730 44635 1351
35731 35730 2305
35731 44635 2262
35731 44638 688
35732 35730 276
35732 35733 1022
35732 35738 562
39067 39068 440
39067 39070 548
39067 44631 490
39245 39068 120
40120 39070 367
40120 40121 353
40120 40200 446
44630 39070 928
39439 39384 146
39565 39566 129
39565 39567 500
39565 39567 500
39972 39566 729
39884 39877 233
39884 39889 601
39884 40286 864
40285 40226 164
40285 40286 1434
40285 40287 737
44597 40286 1014
44597 44596 2629
44597 44604 235
35737 35736 751
35737 35739 1494
35737 35744 2506
35739 35733 873
35739 35737 1494
35739 35749 2808
35747 35734 1227
35747 35751 905
35747 35752 1636
35768 35751 2190
35768 35789 828
35789 35768 828
35789 35790 1428
35789 35792 1494
35837 35832 599
50247 37440 558
35587 35586 3737
35587 35589 1031
35587 44061 562
35588 35586 1160
35588 35589 3421
35588 35594 1438
35588 35595 983
35612 35580 344
35612 35586 747
35612 35614 2720
35629 35623 847
35629 35628 1223
35629 36194 747
36193 35628 1482
36193 36194 511
36193 36196 1545
36213 36212 581
36213 36214 1115
35601 35599 1702
35601 35619 276
35601 35650 4227
35620 35619 1426
35786 35784 2164
35786 35794 3973
35786 35795 789
35805 35797 1031
35805 35803 202
35805 35814 3070
35876 35861 512
35780 35781 1000
35780 35782 738
35780 35783 1140
35780 35793 3440
35804 35803 344
35804 35807 581
35804 35808 3038
35807 35804 581
35807 35809 713
35807 35810 2824
35809 35807 713
35809 35811 688
35809 35812 2751
35819 35811 2491
35819 35812 836
35819 35823 788
35819 35825 1080
35864 35825 605
35864 35866 355
35864 35867 2321
35968 35871 1484
35968 35967 403
35968 35969 820
35968 35970 738
35970 35968 738
35970 35975 418
35971 35972 344
35971 35974 726
35971 35975 1394
35942 35938 336
35942 35943 2684
35942 35972 836
35992 35991 1819
37854 37841 2530
37854 37853 836
37854 37859 418
37857 37856 581
35955 35949 713
35955 35953 445
35955 35956 878
35961 35951 1275
35961 35956 1533
35961 35960 751
35964 35957 2685
35964 35965 927
35964 35966 1428
41384 35966 927
41384 41383 336
35940 35935 336
35940 35936 713
35940 35939 848
35940 35944 2430
35959 35944 1394
35959 35945 1815
35959 35960 927
35959 35962 738
35939 35938 650
35939 35940 848
35939 35941 2691
41385 41383 1614
41385 41394 403
41385 41395 403
41395 41385 403
41395 41387 2231
41395 41396 403
41402 41390 5118
41402 41400 1299
41402 46292 344
41422 41400 915
46572 41421 3090
46572 46588 279
46572 46589 445
46576 46573 3871
46576 46591 355
46576 46592 253
46597 46594 775
46597 46596 1012
46597 46598 1138
46604 46594 1719
46604 46603 435
46604 46605 452
46603 46604 435
46603 46607 276
46603 46608 558
46662 46363 752
46662 46371 3061
46662 46609 2878
46662 46663 940
46666 46375 848
46666 46663 2719
46666 46667 677
46666 46672 552
46674 46667 1260
46674 46673 796
46674 46675 848
46674 46677 828
46675 46674 848
46675 46676 2255
46675 46690 951
46694 46676 650
46694 46692 517
46694 46697 1104
46725 46697 1181
46692 46677 828
46692 46694 517
46692 46695 1323
46693 46377 790
46693 46677 1530
46693 46702 848
46693 46705 400
46702 46397 828
46702 46693 848
46702 46703 660
46702 46704 432
46405 46393 2719
46405 46401 374
46700 46402 603
46700 46701 2006
46709 46701 823
46709 46706 3023
127158 127155 738
127158 127159 738
127158 127163 3018
127017 127015 766
127017 127034 1185
127017 127037 2352
127027 127025 610
127027 127029 1398
127033 127024 1221
127033 127029 474
127033 127037 906
127030 127028 476
127030 127031 2036
127030 127058 752
126163 126161 276
126163 126162 1556
126163 126164 710
127090 126170 2173
127090 127086 337
127090 127095 537
127097 127086 374
127020 127019 1055
127020 127022 807
127020 127025 713
127020 127026 2056
127047 127026 1029
127047 127044 1716
127047 127057 552
127046 127044 873
127046 127048 1577
127046 127049 673
127053 127045 871
127053 127052 3224
127053 127056 828
127154 127056 2929
127154 127150 418
127154 127155 404
126178 126177 1224
126180 126177 850
127145 127143 678
127145 127146 630
127449 127448 1032
127449 127450 3194
45881 45879 810
45881 45882 673
45881 45888 1074
45886 45885 778
45886 45888 705
46140 45888 1282
46140 46139 605
46140 46141 1211
126747 126744 2884
126747 126760 2549
126803 126763 1704
126803 126804 2481
126803 126805 828
126801 126794 65
126801 126798 533
126801 126802 711
126819 126782 1708
126819 126818 200
126819 126821 828
126797 126773 1117
126797 126796 1851
126797 126804 1575
126821 126819 828
126821 126820 1221
126821 126852 2088
126851 45883 1611
126851 126790 810
126851 126852 1074
126753 126752 2893
126753 126769 3698
126753 126773 476
132571 126829 492
132581 126829 787
132581 132582 797
132581 132583 799
127043 126832 5072
127043 127042 766
127043 127045 2404
127051 127045 3353
127051 127050 1255
127051 127052 828
127052 127051 828
127052 127053 3224
127052 127150 677
127052 127151 2969
46157 46156 2081
46158 46156 2208
46168 46148 355
46168 46150 2042
46168 46169 2233
46168 46170 336
46148 46144 1200
46148 46147 1117
46148 46168 355
46148 46170 600
46167 46161 1686
46167 46166 2092
46167 46235 1868
46167 46236 766
46167 46237 848
46340 46245 885
46340 46331 553
46340 46342 276
46341 46330 850
46341 46342 1686
46341 46343 1686
46341 46345 933
46345 46341 933
46345 46344 1454
46345 46346 1532
46381 46344 1181
46381 46346 1248
46381 46379 1334
46400 46385 709
46400 46395 1798
46400 46401 906
46400 46403 1560
46374 46369 2481
46374 46370 953
46374 46385 1901
46374 46395 752
46380 46378 1181
46380 46383 818
46380 46384 951
46380 46385 906
127463 127462 689
127463 127464 747
127463 127484 2533
127465 127428 1642
127465 127464 1105
127465 127467 874
127466 127464 475
127466 127475 511
127483 127454 848
127483 127462 2457
127483 127484 713
127488 127475 1229
127488 127486 1261
127488 127490 475
127489 127486 848
127489 127494 1458
127633 127632 1140
127645 127642 337
