1870
217085 217087 785
217100 217087 1414
217100 217105 790
171079 170289 355
171079 171078 778
171079 171080 782
171084 171078 2793
171084 171083 796
171074 171073 672
171074 171076 601
171105 171106 140
171115 171114 558
171115 171802 739
170325 170324 893
171057 170288 355
171057 171062 422
171057 172211 778
171065 171066 778
171060 171064 506
171083 171066 2877
171083 171084 796
95844 102271 750
95846 95847 2282
95846 95849 1565
96113 96114 1124
96113 96114 1124
96117 96116 1015
96117 96120 672
96117 96121 1447
96147 96121 1357
96147 96151 1015
96151 96147 1015
96151 96152 1454
96151 96153 3289
96153 96151 3289
96153 96260 445
95942 95938 276
95942 95943 1248
95968 95940 1797
95968 95969 1934
95972 95971 782
95972 95973 983
95989 96000 1099
95989 96002 2376
95981 95979 1993
95987 95985 1466
95987 95988 1337
101507 102643 201
96277 96317 1022
96277 96545 4737
96277 96547 1502
96498 96499 612
96501 102854 1400
96511 96513 2041
96511 96514 537
96514 96511 537
96514 96515 2378
100132 100131 610
100217 100214 1957
100217 100221 809
100221 100217 809
100221 100218 1640
100238 100236 676
100238 100239 2508
100241 100239 947
100241 100262 2113
100264 100262 672
100266 100255 2438
100266 100261 1168
100266 100566 775
100269 102714 369
100289 100288 810
100289 100290 1640
100292 100290 836
100292 103087 318
100295 100306 1831
100295 100309 1210
100296 100360 1411
100296 100365 1205
100359 100360 1456
100363 100360 3256
100363 100364 403
95833 95838 932
99559 99560 1530
99559 99561 4451
100097 100098 3669
100097 100100 1302
100098 100097 3669
100098 100099 1984
96565 96566 457
96571 96592 557
96571 96593 1357
96563 96629 840
96527 96525 1115
96527 96528 1745
96527 96560 605
96525 96522 2954
96525 96526 836
96525 96527 1115
96537 96526 2818
96537 96573 1344
96575 96573 2012
96575 96578 1028
96588 96578 3085
96588 96584 1085
99241 99230 1851
99241 99276 2394
99243 99240 983
99243 99295 1731
99295 99243 1731
99295 99298 1357
99300 99248 1585
99300 99298 1777
99303 99305 1394
99303 99307 3761
99331 99332 1974
99331 99333 1411
102810 102805 946
102810 102807 498
102805 102806 914
102805 102810 946
99220 99566 3027
99573 99570 1099
99573 99594 713
99593 99575 1901
99593 99595 168
99249 99250 2216
99249 99250 2216
99249 99252 1681
99253 99254 1124
99253 99261 1797
97174 97173 878
102803 102802 6366
102804 102807 3360
41701 41702 3542
41701 41703 1085
41701 50582 1157
41711 41703 5566
101800 102785 142
103204 102886 1446
103204 103203 2604
103204 103209 1228
100444 100446 1114
100444 100451 2864
100478 100477 2645
100478 100485 100
103206 103210 1090
103206 103220 978
101609 101614 1897
101609 101615 1218
103076 103077 2159
103059 103067 806
103060 103061 597
103060 103062 336
101635 101632 842
101635 101634 1556
101635 101637 1565
122601 122597 557
122601 122600 2985
122630 101655 6112
122630 101661 926
122636 122637 2686
122679 122677 1029
122705 101576 355
122705 122599 1742
122709 122707 1704
122708 122707 537
122662 122660 751
122681 122659 1618
122681 122677 2092
123206 123191 871
123206 123207 2138
123494 123495 1381
123503 123504 1085
123503 123505 2481
123862 123868 452
123968 123967 562
123968 123969 672
123968 132278 560
117967 118341 662
117967 118399 2839
117971 117959 3267
117971 118462 1574
118306 118305 1582
117940 117930 3940
117940 117957 7798
117954 117957 1482
117954 117958 1957
122133 122119 3812
122133 122134 276
122133 122152 4753
122149 122167 2696
122149 122172 1719
122184 122182 1323
122184 122189 2246
122191 122154 3002
122191 122189 2702
122197 122188 516
122197 132456 1381
122085 122086 1284
122085 122093 2972
122096 122095 488
122042 122035 3680
122076 122075 1447
122076 122079 1255
122283 122254 1147
122283 122284 940
122287 122254 1307
122287 122294 874
120454 120455 1363
120454 121772 1020
122100 122209 1116
122208 122091 2144
122208 122210 612
122481 122486 511
122481 122487 452
122488 122494 1302
122489 122490 862
122489 122493 567
122360 122348 1188
122360 122361 758
122360 122407 2942
129930 122274 1817
129930 122365 1095
122407 122360 2942
122407 122406 1000
122667 122658 1028
122667 122664 1499
122669 121916 558
122669 122670 1483
123160 122698 890
123160 123189 1282
123193 123190 1140
123193 123200 1553
123198 123199 1228
123198 123200 1395
123209 123207 333
123209 123212 1255
117999 117994 1849
117999 118001 1669
117999 118002 1023
118115 118116 1642
118115 118117 3044
118119 118107 3676
118119 118121 1085
123418 123423 650
123421 123423 751
123421 123424 713
122562 122554 791
122562 122563 2005
122565 122563 874
123371 123370 1662
123371 123385 1503
123389 123385 808
123389 123387 2393
123389 123390 1679
123397 123390 1364
123397 123430 2565
123426 123430 436
123426 123439 1825
123580 123581 610
123599 123591 1884
123599 123607 631
123600 123591 791
123571 123467 940
123575 123574 951
123575 123579 506
124627 124626 631
124627 124632 2511
124639 124769 751
123505 123503 2481
123505 123574 710
123578 123579 476
123578 123579 476
124629 124628 1222
124629 124630 963
124629 124631 951
124632 124627 2511
124632 124628 1096
124667 124666 355
124667 124668 238
124669 124664 2115
124800 124665 2092
124670 124662 4097
124670 124665 739
124670 124671 678
124805 124671 2144
124805 124810 890
124814 124676 2423
124814 124678 874
124883 124880 710
124905 124890 1674
124909 124910 540
124909 124911 2418
124911 124909 2418
124911 124921 1706
124925 124924 3460
124929 124924 3348
120270 120304 2785
120270 120315 2040
132310 132459 222
124893 124748 374
124893 124752 4482
124898 124897 2086
124898 124923 2643
120310 120309 844
120312 120306 632
120556 120557 554
120556 120601 1085
66776 66774 195
66776 66777 443
66784 66783 336
66795 66796 990
67750 67747 2109
67750 67799 667
67795 67746 2281
67795 67793 1014
66799 66796 1786
66799 66800 796
66800 66797 1944
66800 66799 796
66800 67110 791
67584 67110 2732
67584 67113 729
67736 67113 811
67792 67793 222
67792 67794 752
67818 67777 111
67752 67751 29
67752 67751 29
67752 67771 2025
67080 67079 2773
67080 67090 550
67080 67092 494
67139 67138 919
67139 67204 255
67134 67129 682
67134 67132 1111
67141 67133 1000
67205 67206 780
67205 67207 2216
67757 67067 674
67757 67142 1750
67757 76601 691
67238 67234 3091
67238 67287 899
67259 67243 1234
67259 67260 873
67259 67262 830
67261 67034 2715
67261 67262 873
67276 67273 611
67276 67277 908
67400 67399 2223
67400 67403 844
67403 67400 844
67403 67402 2347
67244 67239 2738
67244 67265 1765
67246 66876 4857
67246 67249 1780
67290 67250 684
67290 67291 893
67300 67288 2029
67300 67301 782
67301 67289 1860
67301 67295 672
67301 67300 782
67307 67308 768
67307 67313 672
67425 67426 445
67427 67348 2879
67427 67426 672
67427 67428 782
67443 67470 1012
67443 67505 787
67443 76998 688
67195 67173 677
67195 67198 664
67197 67178 89
67160 67159 1535
67160 67174 1111
67182 67159 518
67192 67190 277
67192 67193 688
72974 72977 1056
70932 70920 2863
70932 70931 713
71077 70931 1230
71077 71076 924
71086 71087 1088
71086 71087 1088
70954 70953 740
70954 70953 740
70957 70949 760
70957 70959 1565
70960 70958 768
70960 70959 1336
67356 67347 333
67371 67372 1524
67371 67386 672
67351 67346 277
67351 67352 333
67354 67353 760
67494 67495 1950
67499 67498 415
67499 76989 941
67539 67532 819
67539 77000 760
71081 71075 1783
71081 71082 3093
71090 71082 941
71090 71091 2479
71091 71090 2479
71091 71092 713
70923 67398 1189
70923 70924 1170
70923 71075 713
71763 71764 556
71360 71361 1576
71360 77871 648
64815 73153 957
64815 76420 1037
64818 64817 14211
70965 70773 1004
70965 70774 1234
70975 70973 338
70975 70978 1225
70969 70892 333
70969 70967 929
70989 70988 672
70989 71023 1147
70972 70778 1344
70972 70971 2118
70973 70971 768
70973 70975 338
70998 70999 1114
71007 71004 556
71012 71013 202
71023 70947 1234
71023 70989 1147
71026 71027 796
71026 71028 1778
70779 64569 1231
70794 70793 422
71002 70778 1343
71002 71001 1035
64792 64789 475
70818 70819 1231
70818 70820 782
70825 70824 414
70825 77079 3362
70827 64809 5679
70828 64811 1447
70828 70840 1285
71277 71271 1144
71277 71278 344
71275 71276 1248
71275 71282 711
64793 64789 881
71284 64556 2138
71284 71282 852
71284 71285 1467
64556 64557 2084
64556 71284 2138
64556 71289 740
67466 67467 507
67466 67473 1207
67475 67476 445
67475 67487 2364
67472 67470 530
67481 67528 1656
67481 67534 333
67548 67534 662
67548 67549 747
74341 74342 740
74341 74343 2349
74796 74801 2537
74336 74337 1031
74336 74340 1399
74298 74292 761
74298 74310 477
74310 74287 909
74310 74298 477
74288 74287 365
74288 74313 313
68459 77248 2991
62785 62784 3596
74091 77250 4347
74261 74255 679
74261 74262 2925
74264 74262 740
74264 74640 812
74421 74425 1615
74368 74367 3035
74368 77901 1451
74687 74688 650
74691 74692 2147
74646 74638 740
74646 74647 1117
74686 74692 1117
74686 74695 1623
74686 74700 8760
74653 74654 2118
74653 74666 3471
72781 72782 881
72794 72800 924
217105 217100 790
217105 217101 1501
217105 217109 752
217106 217114 512
217106 217123 854
217124 217128 236
217132 217127 929
217132 217131 391
217086 217087 1637
217086 217103 876
217087 217085 785
217087 217086 1637
217087 217100 1414
217087 217101 765
170289 170290 337
170289 171079 355
171078 171066 782
171078 171079 778
171078 171084 2793
171080 171079 782
171080 171081 672
171080 171094 253
171073 171074 672
171073 171075 591
171073 171106 84
171076 171074 601
171076 171075 782
171076 171091 591
171106 171073 84
171106 171105 140
171106 171802 558
171114 171113 558
171114 171115 558
171114 171798 811
171802 171106 558
171802 171115 739
171802 171798 474
170324 170325 893
170324 170326 2281
170324 171816 672
170324 171858 1266
170288 170287 422
170288 171057 355
171062 171057 422
171062 171063 601
171062 172210 782
172211 171057 778
171066 171065 778
171066 171067 355
171066 171078 782
171066 171083 2877
171064 171060 506
171064 171063 422
171064 172213 1004
102271 95844 750
102271 101757 889
95847 95846 2282
95849 95846 1565
95849 95848 2282
95849 96099 1454
96114 96113 1124
96114 96113 1124
96114 96116 782
96116 96114 782
96116 96117 1015
96116 96118 2149
96116 96119 2949
96120 96117 672
96120 96171 778
96120 96172 1386
96121 96117 1447
96121 96147 1357
96121 96152 1116
96121 96172 796
96152 96121 1116
96152 96151 1454
96152 96159 551
96260 96153 445
96260 96158 452
96260 96278 2913
95938 95939 908
95938 95940 1115
95938 95942 276
95943 95942 1248
95940 95938 1115
95940 95941 1448
95940 95968 1797
95969 95968 1934
95969 95970 445
95969 95971 1334
95971 95969 1334
95971 95972 782
95971 95983 1143
95973 95972 983
96000 95989 1099
96000 96001 1226
96000 96002 2126
96002 95989 2376
96002 96000 2126
96002 96003 682
95979 95978 1026
95979 95981 1993
95985 95970 4487
95985 95986 1613
95985 95987 1466
95988 95987 1337
102643 101507 201
102643 102645 372
96317 96277 1022
96317 96306 2226
96317 96318 1307
96545 96277 4737
96545 96543 581
96545 96546 354
96547 96277 1502
96547 96318 1029
96547 96549 1946
96499 96498 612
96499 96502 169
96499 102868 2959
102854 96501 1400
102854 96502 831
102854 96513 1347
96513 96511 2041
96513 96516 612
96513 102854 1347
96515 96514 2378
100131 100132 610
100214 100215 551
100214 100216 2044
100214 100217 1957
100218 100116 1438
100218 100219 5033
100218 100221 1640
100236 100219 474
100236 100237 2598
100236 100238 676
100239 100237 738
100239 100238 2508
100239 100241 947
100239 100254 2057
100262 100241 2113
100262 100254 1009
100262 100264 672
100262 102257 536
100255 100256 1482
100255 100257 1619
100255 100259 932
100255 100266 2438
100261 100260 476
100261 100266 1168
100261 100267 709
100566 94589 1555
100566 100265 1035
100566 100266 775
102714 100269 369
100288 100289 810
100288 100299 915
100288 100300 1697
100290 100289 1640
100290 100292 836
100290 100300 751
100290 100306 1362
103087 100292 318
100306 100290 1362
100306 100295 1831
100306 100305 788
100309 100295 1210
100309 100312 1161
100309 100365 870
100360 100296 1411
100360 100359 1456
100360 100363 3256
100365 100296 1205
100365 100309 870
100365 100366 1281
100364 100363 403
95838 95828 848
95838 95833 932
95838 95839 1881
95838 100111 468
99560 99559 1530
99560 99795 2223
99560 99795 2223
99561 99559 4451
99561 99790 4876
99561 99799 562
100100 100097 1302
100100 101857 1367
100100 101858 2067
100099 100098 1984
100099 100104 5557
100099 100105 4613
96566 96565 457
96566 96629 755
96592 96571 557
96593 96571 1357
96629 96563 840
96629 96566 755
96629 100545 552
96528 96527 1745
96560 96527 605
96522 96523 418
96522 96524 1254
96522 96525 2954
96526 96520 975
96526 96524 2964
96526 96525 836
96526 96537 2818
96573 96537 1344
96573 96574 975
96573 96575 2012
96578 96574 1946
96578 96575 1028
96578 96588 3085
96584 96582 3220
96584 96588 1085
96584 96609 697
99230 99231 2645
99230 99240 1180
99230 99241 1851
99276 99241 2394
99276 99277 1129
99276 99278 975
99240 99230 1180
99240 99239 1120
99240 99243 983
99298 99242 1103
99298 99295 1357
99298 99300 1777
99248 99246 2636
99248 99300 1585
99248 99301 610
99305 99303 1394
99305 99304 1724
99305 99306 2884
99307 99303 3761
99307 99332 1008
99307 99334 1745
99332 99307 1008
99332 99331 1974
99332 99339 873
99333 99331 1411
99333 99515 373
99333 99517 2189
102807 102804 3360
102807 102806 1206
102807 102810 498
102806 96635 272
102806 102805 914
102806 102807 1206
99566 99220 3027
99570 99569 1612
99570 99573 1099
99594 99569 1085
99594 99573 713
99575 99569 1267
99575 99593 1901
99595 99265 418
99595 99593 168
99595 99596 2391
99250 99249 2216
99250 99249 2216
99252 99249 1681
99254 99253 1124
99254 99255 1222
99254 99256 2787
99261 99253 1797
99261 99259 557
99261 99262 884
97173 96640 765
97173 97174 878
97173 97175 2797
102802 99616 3054
102802 102803 6366
41702 41701 3542
41702 95818 629
41703 41701 1085
41703 41704 2483
41703 41711 5566
50582 41701 1157
50582 50583 1308
50582 50584 1791
102785 100453 1932
102785 101800 142
102886 101798 457
102886 103204 1446
103203 103202 1566
103203 103204 2604
103203 103212 1548
103203 103236 819
103209 103204 1228
103209 103219 440
100446 100442 1362
100446 100444 1114
100446 102369 1385
100451 100444 2864
100451 100448 1610
100451 100490 4004
100477 100411 5562
100477 100472 1008
100477 100476 1545
100477 100478 2645
100485 100478 100
100485 100484 2687
103210 103206 1090
103210 103211 1641
103210 103214 2083
103210 103217 1025
103220 103206 978
101614 101587 1009
101614 101609 1897
101615 101609 1218
101615 101616 1924
101615 102476 959
103077 103076 2159
103067 103059 806
103061 103060 597
103062 103060 336
103062 103063 369
103062 103064 173
101632 101629 421
101632 101635 842
101632 101636 3112
101634 101631 1184
101634 101633 778
101634 101635 1556
101637 101635 1565
101637 101639 1592
101637 101650 589
122597 101643 4545
122597 122598 418
122597 122601 557
122600 122598 2615
122600 122601 2985
122600 122706 1502
101655 101654 650
101655 122630 6112
101661 92371 1184
101661 122630 926
122637 122636 2686
122637 122651 697
122637 122652 3289
122677 122652 2883
122677 122679 1029
122677 122681 2092
101576 101574 1412
101576 122705 355
122599 122598 1255
122599 122705 1742
122599 122706 2551
122707 122706 612
122707 122708 537
122707 122709 1704
122660 122653 3425
122660 122662 751
122660 122663 1210
122659 122652 678
122659 122681 1618
123191 123192 687
123191 123195 1023
123191 123206 871
123207 123200 683
123207 123206 2138
123207 123209 333
123495 123494 1381
123504 123503 1085
123504 123573 552
123504 123574 1664
123868 123862 452
123967 123968 562
123969 123968 672
132278 123968 560
118341 117967 662
118399 117967 2839
117959 117960 3655
117959 117964 808
117959 117971 3267
118462 117971 1574
118305 117699 801
118305 118306 1582
117930 117869 5478
117930 117931 4333
117930 117940 3940
117957 117940 7798
117957 117954 1482
117957 117956 3667
117958 117954 1957
122119 122107 1447
122119 122126 1433
122119 122132 1389
122119 122133 3812
122134 122128 2287
122134 122133 276
122134 122135 1612
122152 122133 4753
122152 122153 1883
122152 122154 1202
122167 122149 2696
122167 122162 631
122167 122168 2646
122172 122149 1719
122182 122147 1735
122182 122181 1188
122182 122184 1323
122189 122148 537
122189 122184 2246
122189 122191 2702
122154 122151 1897
122154 122152 1202
122154 122191 3002
122188 122187 747
122188 122197 516
122188 122205 2486
132456 122197 1381
122086 122085 1284
122093 122085 2972
122095 122092 349
122095 122096 488
122035 122033 1413
122035 122040 1865
122035 122042 3680
122035 122245 1206
122075 122041 948
122075 122076 1447
122079 122076 1255
122079 122077 238
122254 122252 3793
122254 122283 1147
122254 122287 1307
122284 122283 940
122294 122287 874
122294 122295 630
120455 120454 1363
121772 120454 1020
121772 121773 283
121772 122087 245
121772 122221 252
122209 122100 1116
122091 122090 2173
122091 122207 985
122091 122208 2144
122210 122208 612
122210 122211 739
122210 122214 673
122486 122221 3344
122486 122481 511
122486 122484 1147
122487 122481 452
122494 122488 1302
122490 122489 862
122493 122489 567
122348 122347 697
122348 122360 1188
122361 122273 2957
122361 122360 758
122274 122273 2229
122274 122365 1085
122274 129930 1817
122365 122274 1085
122365 122366 1988
122365 129930 1095
122406 122398 1004
122406 122407 1000
122406 122411 3387
122658 122657 848
122658 122663 710
122658 122667 1028
122664 121903 517
122664 122665 452
122664 122667 1499
121916 121914 1950
121916 121915 893
121916 122669 558
122670 122669 1483
122698 122697 924
122698 123160 890
122698 123187 1414
123189 123160 1282
123189 123190 1014
123189 123192 745
123190 123189 1014
123190 123193 1140
123190 123195 1773
123200 123193 1553
123200 123195 889
123200 123198 1395
123200 123207 683
123199 123198 1228
123212 123209 1255
117994 117995 10556
117994 117999 1849
117994 118000 1169
118001 117999 1669
118002 117999 1023
118002 122524 537
118116 118115 1642
118117 118115 3044
118107 118108 3279
118107 118110 4032
118107 118119 3676
118121 118119 1085
118121 118122 452
118121 118123 960
123423 123418 650
123423 123421 751
123423 123425 3074
123424 123421 713
122554 122549 1075
122554 122555 837
122554 122562 791
122563 122562 2005
122563 122565 874
122563 122566 811
122563 123368 948
123370 123368 874
123370 123371 1662
123370 123384 1114
123385 123371 1503
123385 123384 808
123385 123386 2371
123385 123389 808
123387 122594 1395
123387 123386 606
123387 123388 940
123387 123389 2393
123390 123389 1679
123390 123396 976
123390 123397 1364
123430 123397 2565
123430 123426 436
123430 123428 1902
123439 123426 1825
123439 123440 2235
123581 123580 610
123591 123587 1478
123591 123592 575
123591 123599 1884
123591 123600 791
123607 123593 1229
123607 123599 631
123607 123608 575
123467 123468 2684
123467 123523 2461
123467 123571 940
123467 124425 1328
123574 123504 1664
123574 123505 710
123574 123575 951
123579 123575 506
123579 123578 476
123579 123578 476
124626 124625 1367
124626 124627 631
124626 124634 2840
124769 124639 751
124769 124770 1030
124628 124601 1036
124628 124629 1222
124628 124632 1096
124630 124599 1004
124630 124629 963
124631 124629 951
124631 124647 672
124666 124663 872
124666 124667 355
124668 124652 2284
124668 124667 238
124664 124652 673
124664 124660 4134
124664 124665 874
124664 124669 2115
124665 124661 4149
124665 124664 874
124665 124670 739
124665 124800 2092
124662 124661 808
124662 124670 4097
124662 124672 880
124671 124670 678
124671 124672 4085
124671 124673 739
124671 124805 2144
124810 124805 890
124810 124811 139
124676 124675 1414
124676 124726 1116
124676 124814 2423
124676 124877 2694
124678 124677 1381
124678 124812 418
124678 124814 874
124880 124732 1771
124880 124878 1142
124880 124883 710
124890 124889 202
124890 124891 891
124890 124905 1674
124910 124907 1088
124910 124909 540
124921 124908 739
124921 124911 1706
124924 124925 3460
124924 124929 3348
124924 124930 1142
120304 120270 2785
120304 120315 746
120304 132459 1670
120315 120270 2040
120315 120304 746
120315 132459 1850
132459 120304 1670
132459 120315 1850
132459 132310 222
124748 124747 4166
124748 124893 374
124748 124896 1995
124752 120267 2702
124752 124746 2487
124752 124893 4482
124897 124895 1478
124897 124898 2086
124897 124923 1382
124923 124897 1382
124923 124898 2643
124923 124908 1395
120309 120279 1412
120309 120284 374
120309 120310 844
120306 120307 2099
120306 120308 1412
120306 120312 632
120557 120556 554
120557 132480 560
120557 132481 1011
120601 120556 1085
66774 66775 527
66774 66776 195
66774 66778 915
66777 66776 443
66783 66784 336
66783 66785 543
66783 66796 1607
66796 66783 1607
66796 66795 990
66796 66797 667
66796 66799 1786
67747 67738 1175
67747 67748 632
67747 67749 1114
67747 67750 2109
67799 67750 667
67799 67800 684
67799 67801 475
67746 67738 652
67746 67795 2281
67793 67737 2205
67793 67792 222
67793 67795 1014
66797 66785 1627
66797 66796 667
66797 66800 1944
66797 67106 893
67110 66800 791
67110 67106 1851
67110 67111 732
67110 67584 2732
67113 67111 2691
67113 67584 729
67113 67735 927
67113 67736 811
67794 67792 752
67777 67778 684
67777 67817 782
67777 67818 111
67751 67749 1640
67751 67752 29
67751 67752 29
67751 67758 1154
67771 67752 2025
67771 67753 782
67771 67772 1014
67079 67059 821
67079 67080 2773
67079 67123 783
67090 67080 550
67090 67084 659
67092 67080 494
67092 67091 79
67092 77719 567
67138 67091 2109
67138 67094 1932
67138 67139 919
67204 67139 255
67204 67206 1502
67204 77022 495
67129 67125 1908
67129 67127 2425
67129 67134 682
67132 67131 984
67132 67134 1111
67133 67131 1202
67133 67140 778
67133 67141 1000
67133 67143 892
67206 67204 1502
67206 67205 780
67206 77012 1484
67207 67169 960
67207 67205 2216
67207 77013 1341
67067 67066 1476
67067 67068 958
67067 67757 674
67067 67760 877
67142 67066 758
67142 67143 1133
67142 67757 1750
67142 77028 635
76601 67757 691
67234 67233 337
67234 67235 796
67234 67238 3091
67287 67238 899
67243 67020 2044
67243 67231 602
67243 67259 1234
67260 67259 873
67262 67259 830
67262 67261 873
67262 67263 924
67034 67035 682
67034 67037 1786
67034 67231 538
67034 67261 2715
67273 67037 2347
67273 67038 1357
67273 67276 611
67277 67276 908
67399 67038 760
67399 67400 2223
67399 67402 601
67402 67399 601
67402 67401 778
67402 67403 2347
67239 66864 3040
67239 67244 2738
67265 67244 1765
66876 67246 4857
66876 67249 4561
67249 66876 4561
67249 67246 1780
67250 67288 562
67250 67290 684
67291 67290 893
67288 67250 562
67288 67289 818
67288 67300 2029
67289 67288 818
67289 67301 1860
67295 67301 672
67308 67307 768
67313 67307 672
67426 67425 445
67426 67427 672
67348 67427 2879
67428 67427 782
67428 67495 782
67428 67505 3041
67470 67443 1012
67470 67472 530
67505 67428 3041
67505 67443 787
76998 67443 688
67173 67169 783
67173 67195 677
67198 67195 664
67178 67197 89
67159 67160 1535
67159 67182 518
67174 67160 1111
67190 67192 277
67193 67192 688
67193 67401 2405
72977 72974 1056
70920 70932 2863
70931 70932 713
70931 71077 1230
71076 71075 1056
71076 71077 924
71087 71086 1088
71087 71086 1088
70953 70954 740
70953 70954 740
70949 70957 760
70949 70958 2790
70959 70957 1565
70959 70960 1336
70958 70949 2790
70958 70960 768
67347 67356 333
67372 67371 1524
67386 67371 672
67346 67351 277
67352 67351 333
67352 67353 778
67353 67352 778
67353 67354 760
67495 67428 782
67495 67494 1950
67498 67499 415
76989 67499 941
67532 67539 819
77000 67539 760
71075 70923 713
71075 71076 1056
71075 71081 1783
71082 71081 3093
71082 71090 941
71092 71091 713
67398 70923 1189
70924 70923 1170
71764 71763 556
71361 71360 1576
77871 71360 648
73153 64815 957
76420 64815 1037
64817 64818 14211
70773 70965 1004
70773 70967 1203
70774 70965 1234
70978 70975 1225
70892 70969 333
70967 70773 1203
70967 70969 929
70988 70989 672
70778 70972 1344
70778 71002 1343
70971 70972 2118
70971 70973 768
70999 70998 1114
71004 71007 556
71004 71013 1272
71013 71004 1272
71013 71012 202
70947 71023 1234
71027 71026 796
71028 71026 1778
64569 70779 1231
70793 70794 422
71001 71002 1035
64789 64792 475
64789 64793 881
70819 70818 1231
70820 70818 782
70820 70824 1248
70824 70820 1248
70824 70825 414
77079 70825 3362
64809 70827 5679
64811 70828 1447
64811 70840 1278
70840 64811 1278
70840 70828 1285
71271 71277 1144
71278 71277 344
71276 71275 1248
71282 71275 711
71282 71284 852
71285 71284 1467
64557 64556 2084
71289 64556 740
67467 67466 507
67473 67466 1207
67476 67475 445
67487 67475 2364
67528 67481 1656
67534 67481 333
67534 67548 662
67549 67548 747
74342 74341 740
74343 74341 2349
74801 74796 2537
74337 74336 1031
74340 74336 1399
74292 74298 761
74287 74288 365
74287 74310 909
74287 74313 254
74313 74287 254
74313 74288 313
77248 68459 2991
62784 62785 3596
77250 74091 4347
74255 74261 679
74262 74261 2925
74262 74264 740
74640 74264 812
74425 74421 1615
74367 74368 3035
77901 74368 1451
74688 74687 650
74692 74686 1117
74692 74691 2147
74638 74646 740
74647 74646 1117
74695 74686 1623
74700 74686 8760
74654 74653 2118
74666 74653 3471
72782 72781 881
72782 72800 476
72800 72782 476
72800 72794 924
217101 217087 765
217101 217103 1532
217101 217105 1501
217109 217105 752
217109 217114 614
217114 217106 512
217114 217109 614
217123 217106 854
217123 217127 508
217123 217128 591
217128 217123 591
217128 217124 236
217127 217123 508
217127 217132 929
217131 217132 391
217103 217086 876
217103 217101 1532
170290 170289 337
171081 171080 672
171094 171080 253
171075 171073 591
171075 171076 782
171075 171798 778
171091 171076 591
171113 171114 558
171798 171075 778
171798 171114 811
171798 171802 474
170326 170324 2281
171816 170324 672
171858 170324 1266
170287 170288 422
171063 171062 601
171063 171064 422
172210 171062 782
171067 171066 355
172213 171064 1004
101757 102271 889
95848 95849 2282
96099 95849 1454
96099 96118 870
96118 96099 870
96118 96116 2149
96119 96116 2949
96171 96120 778
96172 96120 1386
96172 96121 796
96159 96152 551
96159 96158 2775
96158 96159 2775
96158 96260 452
96278 96260 2913
95939 95938 908
95941 95940 1448
95970 95969 445
95970 95985 4487
95983 95971 1143
96001 96000 1226
96003 96002 682
95978 95979 1026
95986 95985 1613
102645 102643 372
96306 96317 2226
96318 96317 1307
96318 96547 1029
96543 96545 581
96546 96545 354
96549 96547 1946
96502 96499 169
96502 102854 831
102868 96499 2959
96516 96513 612
100215 100214 551
100216 100214 2044
100116 100218 1438
100219 100218 5033
100219 100236 474
100237 100236 2598
100237 100239 738
100254 94589 1354
100254 100239 2057
100254 100262 1009
100254 100265 1344
102257 100262 536
100256 100255 1482
100257 100255 1619
100259 100255 932
100260 100261 476
100267 100261 709
94589 100254 1354
94589 100566 1555
100265 100254 1344
100265 100566 1035
100299 100288 915
100300 100288 1697
100300 100290 751
100300 100305 1501
100305 100300 1501
100305 100306 788
100312 100309 1161
100366 100365 1281
95828 95838 848
95839 95838 1881
100111 95838 468
99795 99560 2223
99795 99560 2223
99790 99561 4876
99799 99561 562
101857 100100 1367
101857 101858 1473
101858 100100 2067
101858 101857 1473
100104 100099 5557
100105 100099 4613
100545 96629 552
96523 96522 418
96524 96522 1254
96524 96526 2964
96520 96526 975
96574 96573 975
96574 96578 1946
96582 96584 3220
96609 96584 697
99231 99230 2645
99277 99276 1129
99278 99276 975
99239 99240 1120
99239 99242 1977
99242 99239 1977
99242 99246 1672
99242 99298 1103
99246 99242 1672
99246 99248 2636
99301 99248 610
99301 99304 1543
99304 99301 1543
99304 99305 1724
99306 99305 2884
99306 99334 474
99334 99306 474
99334 99307 1745
99339 99332 873
99339 99517 208
99515 99333 373
99517 99333 2189
99517 99339 208
96635 102806 272
99569 99570 1612
99569 99575 1267
99569 99594 1085
99265 99256 1008
99265 99595 418
99596 99595 2391
99255 99254 1222
99255 99256 1957
99256 99254 2787
99256 99255 1957
99256 99265 1008
99259 99261 557
99262 99261 884
96640 97173 765
97175 97173 2797
99616 102802 3054
95818 41702 629
41704 41703 2483
50583 50582 1308
50584 50582 1791
100453 100490 1695
100453 102785 1932
101798 102886 457
103202 103203 1566
103212 103203 1548
103236 103203 819
103219 103209 440
100442 100446 1362
102369 100446 1385
100448 100451 1610
100490 100451 4004
100490 100453 1695
100411 100477 5562
100472 100477 1008
100476 100477 1545
100484 100485 2687
103211 103210 1641
103214 103210 2083
103217 103210 1025
101587 101614 1009
101616 101615 1924
102476 101615 959
103063 103062 369
103063 103064 300
103064 103062 173
103064 103063 300
101629 101631 1447
101629 101632 421
101636 101632 3112
101636 101639 674
101631 101629 1447
101631 101634 1184
101633 101634 778
101639 101636 674
101639 101637 1592
101650 101637 589
101643 122597 4545
122598 122597 418
122598 122599 1255
122598 122600 2615
122706 122599 2551
122706 122600 1502
122706 122707 612
101654 101655 650
92371 101661 1184
122651 122637 697
122652 122637 3289
122652 122659 678
122652 122677 2883
101574 101576 1412
122653 122660 3425
122663 122658 710
122663 122660 1210
123192 123189 745
123192 123191 687
123195 123190 1773
123195 123191 1023
123195 123200 889
123573 123504 552
117960 117959 3655
117964 117959 808
117699 118305 801
117869 117930 5478
117931 117930 4333
117956 117957 3667
122107 122119 1447
122126 122119 1433
122132 122119 1389
122128 122134 2287
122135 122134 1612
122153 122152 1883
122162 122167 631
122168 122167 2646
122147 122182 1735
122181 122182 1188
122148 122151 1105
122148 122189 537
122151 122148 1105
122151 122154 1897
122187 122188 747
122205 122188 2486
122092 122090 3112
122092 122095 349
122033 122035 1413
122040 122035 1865
122245 122035 1206
122041 122075 948
122077 122079 238
122252 122254 3793
122295 122294 630
121773 121772 283
121773 122087 194
122087 121772 245
122087 121773 194
122221 121772 252
122221 122486 3344
122090 122091 2173
122090 122092 3112
122207 122091 985
122211 122210 739
122214 122210 673
122484 122486 1147
122347 122348 697
122273 122274 2229
122273 122361 2957
122366 122365 1988
122398 122406 1004
122411 122406 3387
122657 122658 848
121903 122664 517
122665 122664 452
121914 121915 2307
121914 121916 1950
121915 121914 2307
121915 121916 893
122697 122698 924
123187 122698 1414
117995 117994 10556
118000 117994 1169
122524 118002 537
118108 118107 3279
118110 118107 4032
118122 118121 452
118123 118121 960
123425 123423 3074
122549 122554 1075
122555 122554 837
122566 122563 811
123368 122563 948
123368 123370 874
123368 123384 811
123384 123368 811
123384 123370 1114
123384 123385 808
123386 123385 2371
123386 123387 606
122594 123387 1395
123388 123387 940
123396 123390 976
123428 123430 1902
123440 123439 2235
123587 123591 1478
123592 123591 575
123593 123607 1229
123608 123607 575
123468 123467 2684
123523 123467 2461
124425 123467 1328
124625 124601 2379
124625 124626 1367
124625 124634 3572
124634 124625 3572
124634 124626 2840
124770 124769 1030
124601 124625 2379
124601 124628 1036
124599 124630 1004
124647 124631 672
124663 124666 872
124652 124664 673
124652 124668 2284
124660 124661 673
124660 124664 4134
124661 124660 673
124661 124662 808
124661 124665 4149
124672 124662 880
124672 124671 4085
124673 124671 739
124673 124677 1346
124673 124812 337
124811 124810 139
124675 124676 1414
124675 124677 1346
124726 124676 1116
124877 124676 2694
124677 124673 1346
124677 124675 1346
124677 124678 1381
124812 124673 337
124812 124678 418
124732 124880 1771
124878 124880 1142
124889 124890 202
124891 124890 891
124891 124895 2284
124891 124907 684
124907 124891 684
124907 124908 1478
124907 124910 1088
124908 124907 1478
124908 124921 739
124908 124923 1395
124930 124924 1142
124747 124748 4166
124896 124748 1995
124896 124895 1256
120267 124752 2702
124746 124752 2487
124895 124891 2284
124895 124896 1256
124895 124897 1478
120279 120309 1412
120284 120309 374
120307 120306 2099
120308 120306 1412
132480 120557 560
132481 120557 1011
66775 66774 527
66778 66774 915
66785 66783 543
66785 66797 1627
67738 67735 994
67738 67746 652
67738 67747 1175
67748 67747 632
67749 67747 1114
67749 67751 1640
67800 67799 684
67801 67799 475
67737 67735 825
67737 67793 2205
67106 66797 893
67106 67110 1851
67111 67110 732
67111 67113 2691
67735 67113 927
67735 67737 825
67735 67738 994
67778 67777 684
67817 67772 1111
67817 67777 782
67758 67068 1554
67758 67751 1154
67753 67771 782
67772 67771 1014
67772 67817 1111
67059 67079 821
67123 67079 783
67123 67125 1016
67084 67090 659
67091 67092 79
67091 67094 765
67091 67138 2109
77719 67092 567
67094 67091 765
67094 67138 1932
77022 67204 495
67125 67123 1016
67125 67129 1908
67127 67129 2425
67131 67132 984
67131 67133 1202
67140 67066 2025
67140 67133 778
67143 67133 892
67143 67142 1133
77012 67206 1484
67169 67173 783
67169 67207 960
77013 67207 1341
67066 67067 1476
67066 67140 2025
67066 67142 758
67068 67067 958
67068 67758 1554
67760 67067 877
77028 67142 635
67233 67234 337
67235 67234 796
67020 67243 2044
67231 67034 538
67231 67243 602
67263 67262 924
67035 67034 682
67037 67034 1786
67037 67273 2347
67038 67273 1357
67038 67399 760
67401 67193 2405
67401 67402 778
66864 67239 3040
600
217085
217100
171079
171084
171074
171105
171115
170325
171057
171065
171060
171083
95844
95846
96113
96117
96147
96151
96153
95942
95968
95972
95989
95981
95987
101507
96277
96498
96501
96511
96514
100132
100217
100221
100238
100241
100264
100266
100269
100289
100292
100295
100296
100359
100363
95833
99559
100097
100098
96565
96571
96563
96527
96525
96537
96575
96588
99241
99243
99295
99300
99303
99331
102810
102805
99220
99573
99593
99249
99253
97174
102803
102804
41701
41711
101800
103204
100444
100478
103206
101609
103076
103059
103060
101635
122601
122630
122636
122679
122705
122709
122708
122662
122681
123206
123494
123503
123862
123968
117967
117971
118306
117940
117954
122133
122149
122184
122191
122197
122085
122096
122042
122076
122283
122287
120454
122100
122208
122481
122488
122489
122360
129930
122407
122667
122669
123160
123193
123198
123209
117999
118115
118119
123418
123421
122562
122565
123371
123389
123397
123426
123580
123599
123600
123571
123575
124627
124639
123505
123578
124629
124632
124667
124669
124800
124670
124805
124814
124883
124905
124909
124911
124925
124929
120270
132310
124893
124898
120310
120312
120556
66776
66784
66795
67750
67795
66799
66800
67584
67736
67792
67818
67752
67080
67139
67134
67141
67205
67757
67238
67259
67261
67276
67400
67403
67244
67246
67290
67300
67301
67307
67425
67427
67443
67195
67197
67160
67182
67192
72974
70932
71077
71086
70954
70957
70960
67356
67371
67351
67354
67494
67499
67539
71081
71090
71091
70923
71763
71360
64815
64818
70965
70975
70969
70989
70972
70973
70998
71007
71012
71023
71026
70779
70794
71002
64792
70818
70825
70827
70828
71277
71275
64793
71284
64556
67466
67475
67472
67481
67548
74341
74796
74336
74298
74310
74288
68459
62785
74091
74261
74264
74421
74368
74687
74691
74646
74686
74653
72781
72794
217105
217106
217124
217132
217086
67239
66876
67249
67250
67288
67289
67295
67308
67313
67426
67348
67428
67470
67505
76998
67173
67178
67159
67174
67190
67193
70920
70931
71076
71087
70953
70949
70959
70958
67347
67386
67346
67353
67495
67498
67532
71082
67398
70924
71764
71361
77871
73153
64817
70773
70774
70892
70967
70988
70778
70971
71004
71013
70947
64569
70793
71001
64789
70820
64809
64811
70840
71271
71278
71276
71282
71289
67528
67534
67549
74342
74343
74801
74292
74287
74313
62784
74255
74262
74425
74367
77901
74688
74692
74638
74695
74700
74654
74666
72782
72800
217101
217109
217114
217123
217128
217127
217103
170290
171081
171094
171075
171091
171113
171798
170326
171816
171858
170287
171063
101757
95848
96099
96118
96171
96172
96159
96158
95970
95978
102645
96306
96318
96543
96546
96549
102868
96516
100116
100219
100237
100257
100259
94589
100265
100299
100300
100305
100312
100366
95828
100111
99795
99790
99799
101857
101858
100104
96524
96520
96582
96609
99231
99239
99246
99301
99304
99306
99334
99515
99517
96635
99265
99596
99255
99259
99262
96640
97175
99616
95818
41704
50583
100453
101798
103202
103212
103219
100442
100448
100490
100411
100472
100476
100484
103211
103214
103217
101587
101616
102476
103063
101629
101636
101631
101633
101639
101643
101654
92371
101574
122653
122663
117964
117699
117869
122107
122132
122128
122135
122162
122147
122181
122148
122151
122187
122205
122092
122033
122040
122245
122041
122077
122252
121773
122087
122090
122214
122484
122347
122273
122366
122398
122411
122657
121903
122665
121914
121915
118000
122524
118110
123425
122549
122555
122566
123368
123384
123386
122594
123388
123396
123428
123440
123587
123592
123593
123608
123468
123523
124425
124625
124601
124599
124647
124663
124652
124672
124675
124726
124812
124732
124878
124889
124747
120267
124746
124895
120279
120284
132480
66778
66785
67738
67748
67749
67801
67106
67111
67735
67778
67817
67758
67753
67772
67059
67123
67084
67094
67125
67127
67131
67140
67169
67066
67068
67233
67235
67020
67231
67035
67037
67038
67401
66864
