4222
202959 202958 843
202959 202960 2020
202959 202965 853
202965 202959 853
202965 202961 2041
202965 202966 678
202998 202966 2103
202998 202999 827
203007 203009 1506
203007 203011 833
202956 202944 1488
202956 202957 884
202991 202957 1955
202908 202895 211
202908 202905 297
202456 202453 892
202456 202471 2281
202456 202914 992
202472 202471 327
202472 202473 406
202472 214311 358
202458 202453 1191
202458 202910 524
202458 202914 687
202910 202449 1289
202910 202458 524
202910 202911 744
202912 202481 1951
202912 202916 148
202916 202482 1935
202916 202912 148
202916 202918 717
202918 202483 1996
202918 202916 717
202918 202941 944
202954 202941 986
202954 202944 810
202898 202902 152
202901 202900 363
202901 202925 751
202904 202893 424
202904 202905 596
202926 202925 1168
202926 202927 932
203080 203081 2934
203089 203091 897
203092 203091 1099
203092 203093 663
203092 203094 1782
205295 203094 793
205300 203094 2543
205300 205308 772
205311 205308 278
205311 205313 956
205314 205313 1420
205314 205335 718
205341 205335 452
205341 205342 891
205479 205474 406
205479 205478 499
205479 205550 4508
205352 205355 1330
205468 205474 737
205475 205476 1702
205475 205484 839
205484 205475 839
205484 205482 1739
205487 205490 1776
205487 205513 931
205489 205482 713
205489 205490 784
205488 205512 733
205488 205513 1739
198943 198941 846
198943 198942 1914
198943 198945 2356
198984 198965 766
198984 198985 2813
198945 198943 2356
198945 198944 774
198945 198976 446
198993 198985 939
198993 198987 902
198360 198299 3796
198360 198363 1044
198374 198373 497
198374 198375 2568
198374 198376 419
198366 198365 395
198376 198374 419
198376 198377 2488
198987 198985 902
198987 198993 902
198987 198996 1019
199051 198996 937
205539 205535 839
205539 205537 1795
205540 205537 768
205540 205542 1722
214734 201190 1722
214734 214735 734
200629 200630 640
200629 200635 1447
206196 206197 2308
206196 214594 1194
206221 206219 897
206221 206224 1193
206227 206224 902
206485 206486 1338
206485 206496 1218
206438 206427 946
206438 206439 1506
206444 206450 188
206444 206451 395
206445 206451 486
206445 206487 1214
206425 206234 3215
206500 206489 1590
206500 206496 346
208921 208922 1375
208921 208923 1650
208927 208923 363
208930 208926 2052
208930 208931 2087
208943 208941 841
208943 208944 2488
208951 208944 715
208951 208954 2487
208966 209102 346
208966 209107 3009
208954 208951 2487
208954 208953 710
209296 214708 371
214705 214706 471
214705 214708 932
209100 209101 1572
209100 209105 1148
209126 209136 2084
209128 209129 1296
209128 209136 796
213775 213787 2535
179559 179560 2170
179559 179561 1781
181344 181343 1209
181344 181356 1188
181358 181355 849
181358 181357 757
181367 181368 922
181361 181357 2358
181380 181381 682
181350 181351 552
181350 181353 2543
181426 181425 1379
181426 185204 3406
181393 181394 1064
181393 181401 1454
181404 181405 545
181404 181431 517
181435 181436 1225
181435 181771 751
181441 181763 509
179567 179561 435
179567 179568 945
179577 179571 445
201903 201902 79
213768 213767 1595
213765 213767 846
213786 213787 1010
194829 194830 449
194829 213759 451
213757 213758 2075
201885 201881 993
201885 201882 1032
201890 179532 416
201890 194548 504
201890 201892 814
209765 209761 2260
209765 209764 475
209771 209774 846
209771 209776 2180
209802 209776 1419
209814 209810 3944
209905 209835 1157
209905 209906 2079
209907 209908 2520
209907 209909 779
209813 209812 739
209909 209907 779
209909 209912 2507
209911 209912 797
209911 209933 2419
209933 209911 2419
209933 209922 776
209933 209936 1401
209936 209933 1401
209936 209935 1296
209937 209938 2822
209937 209939 867
213890 213893 2525
213890 213894 511
213892 213889 797
213892 213893 755
213892 213920 2102
213880 213887 1131
213883 213882 1373
209888 209895 568
209888 209896 917
209888 209897 1176
213884 213882 342
213885 213896 594
213885 213897 933
213895 213817 759
213895 213896 785
213815 213816 1814
213815 213817 1151
213816 213815 1814
213816 213820 346
201530 201529 709
201692 199264 736
201692 201529 1580
201677 201521 553
201677 201683 701
201677 214593 748
201684 201683 775
201525 201523 955
201525 201524 1122
201667 201666 810
201667 201683 871
201675 201666 2235
201675 201674 744
201675 201732 2244
201703 201704 1605
201703 201731 1853
201704 201703 1605
201704 201733 348
199259 199258 135
201746 201747 1370
201771 201853 1009
201771 201856 1012
201852 201853 775
201856 201771 1012
201856 201858 1069
201857 201853 1423
201857 201855 753
201857 201863 3219
201865 201878 821
201880 201878 1354
201880 201881 844
201874 201873 726
201874 201881 1317
192306 192305 2718
192306 194405 1122
192583 193363 2928
193397 193398 523
193397 193399 965
193398 193397 523
193398 193417 7489
193432 193435 905
193446 193439 983
193447 193448 2948
193575 193578 3376
192598 193564 383
193335 193328 535
193335 193334 335
190916 190918 1005
190916 190919 1343
103424 103423 596
103424 114809 1031
105838 105839 8585
105838 105897 21185
105935 105936 2917
105935 115933 2442
103422 103421 674
103422 103423 4174
114805 114807 417
114805 114809 687
105621 105616 746
105621 105620 1193
105621 105641 5094
105641 105621 5094
105641 105663 1177
105642 105632 1256
105642 105656 9945
192354 192137 1589
192335 192443 13667
192371 192372 1812
192371 192374 1495
192463 192310 657
193481 193858 2927
193502 193870 103
193502 194433 944
193507 193872 94
193514 193487 1166
192480 192400 1288
192373 192374 19772
193495 193493 8163
193544 193543 1126
193629 193603 3574
193629 193625 1501
193634 193602 756
193634 193631 301
193659 193660 826
193622 193623 3029
194372 194371 802
194372 194374 693
193615 191036 2946
193615 193621 1766
193615 194370 726
191036 191035 212
191036 193615 2946
193682 191029 7269
193682 193684 1737
193604 193603 551
193604 193635 434
193602 193601 370
193602 193634 756
193602 193636 466
193641 193636 3364
193641 193644 1240
193644 193641 1240
193644 193642 1713
193645 193646 1374
193645 193657 6743
34887 34747 675
29650 22970 618
29646 29644 4997
29646 29644 4997
29799 29800 2840
29799 29802 818
23969 24077 5999
25792 25422 1989
25792 34278 2385
29726 35175 1919
23157 22993 2719
23157 35177 778
35177 23157 778
35177 35179 2534
35443 34017 537
21411 21412 2030
30617 30614 1164
30617 30616 1066
30618 30712 2188
30618 30714 4465
30712 30618 2188
30712 30718 2622
30622 30621 824
30622 35402 1129
30605 30606 1176
30923 30926 810
30923 30928 3089
30932 30910 715
30932 30925 654
30908 30929 2120
30908 30941 1367
27590 27591 528
29783 27439 804
29783 29740 872
27436 24028 349
27436 27437 1212
34926 27438 1006
34926 27439 385
29842 29845 1284
29843 29846 842
30969 30089 381
30969 30968 3325
29833 29832 208
29833 30968 876
29830 29831 390
29830 34013 395
30057 29789 723
30057 30905 1456
23328 23329 781
23328 23330 421
23331 23997 394
23331 34281 738
30098 30099 1164
30098 30108 1004
30102 30060 2364
30112 30119 2292
30157 30165 678
30164 30159 782
30164 30166 985
30158 30170 632
30158 34328 978
30121 30119 539
30178 30179 755
30178 30189 1334
30182 30181 992
30182 35345 560
30184 30185 284
30184 31215 1118
31313 31311 481
31313 31316 891
31327 31314 2352
31327 35407 569
31328 31333 437
31328 31336 746
31337 31334 869
31337 31339 1781
31337 31370 746
31370 31337 746
31370 31372 1828
31370 31373 294
31324 31321 570
31318 31314 1179
31552 31547 1859
31552 31555 1328
31571 31572 2585
31577 31576 1201
31577 31578 713
31479 31469 6731
31479 31566 1315
31565 31558 3201
31586 31567 243
31586 31584 1447
31587 31584 3081
31587 31593 884
31601 31596 3247
31601 31647 1090
31604 31564 551
31604 31605 398
31660 31654 993
32225 32226 1078
32225 32227 3404
32228 32227 904
32228 32231 894
32268 32250 805
32268 32269 1204
32268 32270 2683
32315 32270 1001
32315 32298 1659
32318 32317 1393
32318 32317 1393
34192 34928 295
32271 32269 654
32271 32273 1965
7435 7432 2224
7435 7434 2496
7436 7433 2251
14418 14416 1061
14418 14420 1482
14420 14418 1482
14420 14429 1031
14467 14468 1100
14467 14472 1889
14780 34898 700
14781 14782 737
14496 14498 688
14458 14439 2350
14458 14445 2453
14458 14460 1935
14460 14458 1935
14460 14505 1445
14508 14509 1046
14508 14512 2110
14513 14527 846
14513 14622 580
14527 14513 846
14527 14623 782
14527 14624 1302
14624 14527 1302
14624 14626 782
14629 14626 1140
14629 14630 2890
14977 14978 818
14977 14985 2766
14978 14977 818
14978 14986 511
14984 14985 1065
14984 15016 981
15016 14984 981
15016 15014 1031
15020 15018 1817
15033 15031 2224
15035 15038 1361
15035 15040 3527
15142 15082 3165
14491 14501 865
14491 15237 558
15237 14491 558
15237 15215 475
15530 15527 1361
15530 15540 846
15530 15541 1666
15538 15539 1031
19066 19067 48
19066 19074 189
19074 19066 189
19074 19069 927
34059 34058 384
34059 34060 666
19083 19081 713
19150 19151 924
19257 19255 1078
19257 19259 2860
19218 19226 1279
19225 19226 1848
19387 19362 713
19387 19388 950
19223 19224 1114
19208 19214 511
19208 19215 1178
19641 19643 713
19641 19652 788
19648 19650 2035
19648 19651 1180
19647 19649 2160
19656 19655 3095
19656 19658 1124
19659 19643 1124
19659 19655 950
19892 19891 300
19364 19361 1700
19364 19363 1222
19389 19362 2125
19389 19390 796
19393 19391 2249
19393 19400 950
19393 19968 1161
19971 19968 1928
19971 19970 1361
19975 19973 1335
19981 19678 782
19981 19970 516
19983 20011 649
19983 20012 628
19998 34708 959
19679 19669 1689
19679 19672 688
19671 19670 2202
19671 19686 782
19672 19668 2396
19672 19679 688
19686 19671 782
19686 19673 588
19680 19657 3617
19680 19658 1234
19228 19227 2311
19228 19684 1061
19684 19228 1061
19684 19673 403
19229 19224 2789
19229 19676 713
19243 19248 708
19243 19250 2160
19243 19260 336
19250 19243 2160
19250 19247 805
19262 19260 4128
19454 19346 1576
19455 19456 562
34548 34547 953
19485 19487 924
19490 19487 1743
19490 20551 1022
20551 19489 1755
20551 19490 1022
20551 20548 1294
20369 19315 344
20369 20359 611
20374 20373 2488
20374 20375 1205
20376 20371 279
19467 19462 672
19467 19465 1719
19467 19476 403
20554 20549 872
20554 20550 1455
20550 20548 450
20550 20554 1455
20405 20403 1025
20405 20404 1483
20411 20410 4022
20652 20653 2501
20652 20658 579
20658 20652 579
20658 20664 673
20696 20698 1160
20696 20699 612
20699 20696 612
20699 20700 1205
20702 20703 877
20702 20706 1420
20665 20664 3688
20665 20704 889
20665 20708 1343
20703 20702 877
20703 20709 1408
20710 20711 279
20854 20685 1719
20864 20857 1055
20864 20867 475
20864 20868 475
20867 20864 475
20867 20886 818
20887 20886 610
20888 20883 604
20888 20886 1437
25729 25736 1336
25737 25731 1008
25737 25736 1114
25737 25739 1124
25818 25815 806
25818 25821 2451
25821 25818 2451
25821 25835 1593
25739 25733 1008
25739 25737 1124
25739 25806 836
25805 25725 1120
25805 25804 649
25805 25806 1160
25809 25804 490
25802 25835 4226
25793 25791 938
25793 27634 856
27632 27510 1079
27632 27515 2694
27632 34146 536
27529 27528 1715
27529 27537 925
27537 27529 925
27537 27536 128
27856 27855 4093
27869 27877 605
27869 27879 568
27880 27881 425
27880 27887 810
27882 27877 1501
27882 27883 2703
27882 28044 809
28045 27887 1421
28045 28046 836
28046 27888 1283
28046 28045 836
28046 28052 750
20671 20659 1609
20671 20713 809
20715 20666 511
20715 20704 872
20715 34399 760
20855 20718 2542
28592 28591 100
28052 28042 1229
28052 28046 750
28052 28054 536
27750 27751 1209
27722 27721 1458
27722 27763 6524
27902 27867 2714
27902 27903 2241
27905 10798 4081
27579 27576 2251
27579 27723 1009
27582 27576 901
27582 27581 737
27582 27730 448
27728 27726 1438
27279 27278 9216
27279 27741 1066
27743 27741 788
28144 28134 4840
50708 50705 1695
50708 50761 747
50759 50760 3674
51188 51190 1354
51189 51191 1555
50857 50840 853
50857 56623 1509
50860 50848 884
50860 50866 1146
50879 50880 3345
50879 51184 373
56621 56620 778
51131 51132 688
51131 51133 748
50713 50715 1978
50910 50715 677
50910 50913 276
50955 50912 778
50955 50978 4390
50958 50960 1811
50958 50971 2031
50980 50984 612
50980 50989 697
50982 50960 163
50982 50988 587
56653 56718 372
50984 50980 612
50984 50983 673
50984 50986 558
50732 50730 605
50732 50747 1307
50732 50777 1394
50779 50777 810
50782 50781 709
50782 50783 1299
50743 50728 878
50743 50729 1115
50747 50729 677
50747 50732 1307
51143 51144 690
51143 51145 1058
51271 51272 605
51253 51252 327
51255 51256 552
51690 51689 3166
51690 51866 697
51690 51867 709
51869 51870 1227
51869 51871 475
51892 51874 279
51892 51893 1008
51893 51892 1008
51893 51916 1762
51917 51903 1907
51917 51916 677
51917 51919 751
51984 51926 884
51984 51986 1009
51986 51934 1716
51986 51984 1009
51994 51934 807
51994 51997 650
51994 51998 807
51995 51998 1855
51995 52015 738
52015 51995 738
52015 52004 1716
52015 52026 537
52027 52026 279
52029 52026 1958
52029 52030 788
52733 52734 1343
52733 52735 3678
52032 52009 1903
52032 52030 928
52032 52035 418
52669 52154 1210
52669 52671 984
52669 52677 354
52677 52669 354
52677 52673 927
52679 52673 2159
52679 52674 697
52674 52672 2087
52674 52679 697
52674 52681 883
52689 52681 2506
52689 52688 713
52030 52028 1815
52030 52029 788
52030 52032 928
186351 186352 762
186321 186320 815
186325 186320 1429
186325 186327 821
186325 186352 1465
186362 186352 1567
186362 186363 792
186362 186374 1550
186373 186374 722
186373 186382 1486
194575 194579 786
194575 194600 1229
214430 194600 1002
214430 214990 794
194604 194664 772
194604 194665 676
194662 194664 183
194661 194687 1699
194653 194659 949
186382 186373 1486
186382 186380 753
186965 186966 496
186965 187038 787
187041 187042 752
187053 187042 898
187053 189376 32
190698 190699 436
190698 190706 231
190706 190698 231
190706 190699 640
187045 186492 2262
187045 187044 810
187045 189375 737
187046 186502 2146
187048 186503 4050
187048 187051 1971
187048 187071 900
187071 187048 900
187071 187072 127
190734 190733 1992
190735 187072 552
190735 190733 614
194579 194575 786
194579 194598 2000
194597 194598 697
194597 194619 774
194625 194623 197
194723 194725 762
194723 194726 1074
194725 194723 762
194725 194736 918
194725 194737 1070
194736 194725 918
194736 194750 709
194760 194761 889
52305 51858 435
52305 52296 788
52305 52310 969
52501 52310 1369
52501 52538 214
52307 52290 1227
52307 52314 788
52308 52293 279
52308 52296 344
52321 52314 1080
52321 52316 884
52323 52316 952
52323 52319 697
52324 52319 1746
51849 51848 1080
51849 51858 2005
51851 51850 1555
51859 52310 426
51855 51854 537
51855 52098 927
52099 52101 418
52102 52100 747
52102 52101 2159
52121 52100 1555
52091 52090 2159
52091 52093 697
52091 52100 788
52122 52093 1555
52122 52117 788
52185 52117 1354
52185 52181 788
52188 52181 1544
52188 52183 836
52195 52193 1080
52195 52197 747
52195 52198 836
52712 52706 827
52712 52715 1895
52335 52330 939
52332 52298 1210
52332 52303 788
52332 52333 713
52334 52333 751
52303 52299 1227
52303 52304 650
52303 52332 788
52318 52304 952
52318 52319 747
52329 52328 1281
52329 52330 836
52329 52333 697
52277 52266 433
52277 52267 471
52278 52266 1303
52278 52331 111
52331 52268 1345
52331 52278 111
52331 52330 1299
52270 52246 878
52270 52267 373
52270 52269 884
52275 52269 1227
52275 52280 238
52280 52275 238
52280 52279 511
52282 52273 1703
52282 52414 747
52387 52256 1227
52387 52257 747
52387 52408 341
52407 52257 1153
52407 52272 848
52410 52389 398
52414 52272 1684
52414 52282 747
52414 52466 630
52413 52389 1655
52413 52412 848
52420 52412 1579
52420 52476 475
52441 52424 1259
52441 52426 562
52447 52443 336
52480 52477 562
52461 52460 452
52449 52459 445
52509 52463 1719
186201 186204 753
186201 186231 2680
186232 186231 867
186232 186320 1740
186204 186201 753
186204 186217 834
186204 186233 2694
186218 186214 813
186218 186217 2702
189743 186214 2598
189743 189742 901
190122 189742 2785
190122 190124 842
189760 189762 811
189760 190125 2531
190124 189741 2735
190124 190122 842
190124 190125 845
136738 136737 3143
136738 136737 3143
136738 139698 3473
136738 139698 3473
136738 139726 1238
214425 194804 468
194921 194919 683
194921 194920 867
194922 194919 774
194922 194925 2024
194922 194926 845
194931 194926 1237
194931 194933 867
194934 194933 797
194934 194935 1902
194939 194935 755
194939 194942 1900
194939 194954 846
194952 194953 920
194952 194954 1902
194950 194951 452
198487 195134 452
198504 195184 1119
198504 198506 239
198505 195184 486
198508 195185 1163
198508 198509 751
198508 198517 723
198512 198515 519
198511 197460 810
198511 198513 679
198511 198515 606
198126 198128 674
198126 198131 330
198510 198515 549
198212 198217 774
198212 198223 2120
198214 198217 1240
198214 198218 942
198229 198218 419
198229 198231 1770
198230 198232 2257
198222 198223 747
198222 198224 2138
198224 198222 2138
198224 198225 838
214295 214294 822
198243 198247 2024
198243 198248 867
198244 214760 378
198144 198132 773
198144 198146 2398
198147 198520 434
198157 198531 594
198157 198535 2029
198524 198526 1576
198524 198527 522
198524 198535 766
198529 198536 164
198529 198540 2106
198196 198202 797
198196 198537 1917
198176 198199 2151
198176 198272 937
198198 198199 846
198201 198203 2356
198201 198205 683
198245 198246 2038
198245 198250 1027
198202 198196 797
198202 198203 846
198202 198546 2132
199014 198996 2134
199014 199012 846
199007 199005 583
199007 199006 2138
199011 198986 2022
199011 199006 867
199011 199012 766
199010 199005 2002
199010 199009 756
199010 202056 1468
202057 202055 342
202057 202056 434
202058 202053 759
202054 198587 867
202054 202053 2238
202054 202063 238
202063 196980 947
202063 202054 238
202063 202064 1903
202068 202064 328
202068 202090 793
202090 202068 793
202090 202087 556
202104 202091 1244
202104 202106 579
202106 202093 1355
202106 202104 579
202106 202107 932
199012 198988 2134
199012 199011 766
199012 199014 846
202112 202095 1616
202112 202107 368
202096 196973 1947
202096 202092 1110
202096 202097 825
202118 202119 573
202248 202119 2511
202248 202250 790
202248 202257 876
202249 214551 723
202253 202256 416
202283 202251 1349
202283 202287 809
202289 202291 342
202289 202292 864
202290 202292 769
202290 202330 1620
202334 202335 469
202350 202351 255
202354 202352 592
202354 202356 810
202276 202277 822
202276 202356 2689
199568 199564 2401
203086 203087 1062
202958 202948 1995
202958 202957 698
202958 202959 843
202960 202948 853
202960 202950 1609
202960 202959 2020
202960 202961 706
202961 202951 1575
202961 202960 706
202961 202962 827
202961 202965 2041
202966 202962 2003
202966 202965 678
202966 202995 844
202966 202998 2103
202999 202995 2012
202999 202998 827
202999 203000 805
202999 214998 522
203009 203007 1506
203009 203010 960
203011 203007 833
203011 203010 1742
203011 203012 1228
202944 202942 474
202944 202943 827
202944 202954 810
202944 202956 1488
202957 202947 2087
202957 202956 884
202957 202958 698
202957 202991 1955
202895 202891 1299
202895 202905 285
202895 202908 211
202895 202909 606
202905 202893 776
202905 202895 285
202905 202904 596
202905 202908 297
202453 202429 3034
202453 202449 809
202453 202452 1541
202453 202456 892
202453 202458 1191
202471 202429 761
202471 202456 2281
202471 202470 1292
202471 202472 327
202914 202456 992
202914 202458 687
202473 202472 406
202473 202474 493
202473 202480 400
202473 214308 343
214311 202472 358
214311 214312 1449
202449 202427 2575
202449 202451 737
202449 202453 809
202449 202910 1289
202911 202451 1306
202911 202909 683
202911 202910 744
202911 202919 874
202481 202480 1719
202481 202482 422
202481 202912 1951
202482 202474 2087
202482 202481 422
202482 202483 679
202482 202916 1935
202483 202476 2019
202483 202482 679
202483 202484 859
202483 202918 1996
202941 202484 1962
202941 202918 944
202941 202942 706
202941 202954 986
202902 202890 275
202902 202896 859
202902 202898 152
202900 202883 1518
202900 202897 289
202900 202901 363
202925 202901 751
202925 202926 1168
202925 202927 833
202893 202892 710
202893 202903 716
202893 202904 424
202893 202905 776
202927 202883 876
202927 202925 833
202927 202926 932
203081 203080 2934
203081 203102 1355
203081 203103 976
203091 203089 897
203091 203092 1099
203093 203092 663
203093 203095 864
203093 203096 1020
203093 203097 755
203094 203092 1782
203094 205295 793
203094 205296 662
203094 205300 2543
205308 205300 772
205308 205302 1097
205308 205311 278
205308 205312 4998
205313 205311 956
205313 205314 1420
205313 205336 710
205335 205314 718
205335 205336 1345
205335 205337 816
205335 205341 452
205342 205341 891
205342 205353 1258
205474 205355 1085
205474 205468 737
205474 205476 606
205474 205479 406
205478 205477 1326
205478 205479 499
205478 205480 645
205478 205491 1240
205550 205479 4508
205550 214885 2665
205355 205352 1330
205355 205474 1085
205476 205474 606
205476 205475 1702
205476 205482 803
205482 205476 803
205482 205484 1739
205482 205489 713
205490 205487 1776
205490 205489 784
205490 205516 913
205513 205487 931
205513 205488 1739
205513 205514 749
205513 205516 1777
205512 205488 733
205512 205514 1720
205512 205515 846
198941 198938 774
198941 198940 1902
198941 198943 846
198941 198944 2366
198942 198940 774
198942 198943 1914
198965 198944 1917
198965 198964 709
198965 198971 2691
198965 198984 766
198985 198971 864
198985 198984 2813
198985 198987 902
198985 198988 1455
198985 198993 939
198944 198939 665
198944 198941 2366
198944 198945 774
198944 198965 1917
198976 198945 446
198299 198258 3590
198299 198360 3796
198363 198360 1044
198363 198361 1436
198363 198364 2362
198363 198368 784
198373 198368 798
198373 198374 497
198375 198369 701
198375 198374 2568
198375 198377 1009
198375 198401 1237
198365 198366 395
198377 198375 1009
198377 198376 2488
198377 198379 756
198377 198404 2347
198996 198987 1019
198996 198988 846
198996 199014 2134
198996 199051 937
205535 205519 860
205535 205536 1722
205535 205539 839
205537 205536 841
205537 205539 1795
205537 205540 768
205537 205541 1722
205542 205540 1722
205542 205541 749
205542 205548 329
205542 205549 2537
201190 201191 788
201190 214734 1722
214735 201191 1574
214735 214734 734
214735 214736 621
200630 200629 640
200630 201276 1459
200630 214736 689
200635 200629 1447
200635 201276 633
206197 206196 2308
206197 206201 674
206197 206203 393
206197 206210 849
214594 206196 1194
214594 206198 948
214594 206210 1834
206219 206199 683
206219 206221 897
206219 206225 449
206224 206221 1193
206224 206225 556
206224 206227 902
206486 206485 1338
206486 206488 198
206486 206496 1159
206496 206485 1218
206496 206486 1159
206496 206500 346
206427 206422 756
206427 206428 1597
206427 206438 946
206439 206428 751
206439 206438 1506
206439 206446 433
206450 206444 188
206450 206446 730
206451 206444 395
206451 206445 486
206451 206452 810
206487 206445 1214
206487 206488 1857
206234 206226 845
206234 206425 3215
206489 206488 1555
206489 206500 1590
206489 206501 1073
208922 206509 522
208922 208921 1375
208922 208926 1493
208923 208921 1650
208923 208926 474
208923 208927 363
208926 208922 1493
208926 208923 474
208926 208930 2052
208931 206510 1082
208931 208930 2087
208931 214529 468
208941 208939 709
208941 208942 2470
208941 208943 841
208944 208942 834
208944 208943 2488
208944 208951 715
208944 208953 2470
209102 208966 346
209102 209103 254
209107 208966 3009
209107 209108 921
208953 208944 2470
208953 208945 845
208953 208954 710
214708 209296 371
214708 214705 932
214706 214705 471
209101 209100 1572
209101 209104 2734
209101 209106 755
209101 209461 797
209105 209100 1148
209105 209106 1637
209105 209109 867
209136 209126 2084
209136 209128 796
209136 209761 2393
209129 209128 1296
209129 209138 278
209129 209148 860
213787 213775 2535
213787 213786 1010
213787 213792 433
179560 179559 2170
179560 179564 1034
179560 179574 818
179560 181336 1153
179561 179559 1781
179561 179562 1410
179561 179567 435
181343 181342 2965
181343 181344 1209
181343 181345 924
181356 181334 766
181356 181344 1188
181356 181355 1124
181355 179546 984
181355 181356 1124
181355 181358 849
181357 179545 1000
181357 181358 757
181357 181361 2358
181368 181367 922
181381 181380 682
181351 179545 2979
181351 181350 552
181351 181352 373
181353 181095 1221
181353 181350 2543
181353 181354 927
181425 181424 6678
181425 181426 1379
185204 181419 1367
185204 181426 3406
181394 181393 1064
181394 181395 2813
181394 181400 1334
181401 181393 1454
181401 181402 589
181401 181403 849
181405 181404 545
181405 181462 488
181431 181404 517
181431 181432 3706
181431 181432 3706
181436 181435 1225
181436 181780 1556
181771 181435 751
181771 181768 1815
181763 181441 509
181763 181762 2607
179568 179567 945
179568 179571 715
179571 179568 715
179571 179572 1375
179571 179577 445
201902 201897 1320
201902 201900 273
201902 201903 79
213767 213765 846
213767 213768 1595
194830 194829 449
194830 213803 673
194830 214806 508
213759 194829 451
213759 213779 2576
213758 213747 909
213758 213757 2075
201881 201874 1317
201881 201879 912
201881 201880 844
201881 201885 993
201882 201879 973
201882 201883 837
201882 201885 1032
179532 179533 443
179532 201890 416
194548 194549 957
194548 201883 452
194548 201890 504
201892 179538 473
201892 201890 814
201892 201896 736
209761 209136 2393
209761 209760 493
209761 209762 1021
209761 209765 2260
209764 209765 475
209774 209771 846
209774 209772 784
209774 209775 2242
209776 209771 2180
209776 209775 937
209776 209802 1419
209776 209810 2168
209810 209776 2168
209810 209811 730
209810 209814 3944
209835 209827 837
209835 209836 1274
209835 209905 1157
209906 209836 867
209906 209905 2079
209906 209908 710
209908 209906 710
209908 209907 2520
209908 209912 801
209908 209921 2216
209812 209811 1117
209812 209813 739
209812 209816 1021
209812 209817 6143
209812 209819 1642
209912 209908 801
209912 209909 2507
209912 209911 797
209912 209922 2332
209922 209912 2332
209922 209921 755
209922 209933 776
209922 209935 2552
209935 209922 2552
209935 209926 846
209935 209936 1296
209935 209941 231
209938 209937 2822
209938 209941 839
209938 209953 1003
209939 209937 867
209939 209952 885
209939 209953 2564
213893 213890 2525
213893 213892 755
213893 213938 1979
213893 213939 490
213894 213890 511
213889 213888 679
213889 213892 797
213889 213916 715
213889 213917 2101
213920 213892 2102
213920 213921 363
213920 213940 323
213887 213880 1131
213887 213882 1483
213887 213906 791
213882 213883 1373
213882 213884 342
213882 213887 1483
213882 213897 433
209895 209888 568
209896 209888 917
209897 209888 1176
213896 213885 594
213896 213895 785
213896 213898 961
213897 213882 433
213897 213885 933
213897 213898 683
213897 213900 649
213817 213815 1151
213817 213826 779
213817 213895 759
213817 213899 1868
213820 213816 346
213820 213819 556
213820 213822 1091
201529 201528 688
201529 201530 709
201529 201692 1580
199264 199265 1338
199264 201528 1610
199264 201692 736
201521 201520 1348
201521 201663 238
201521 201677 553
201683 201667 871
201683 201677 701
201683 201684 775
214593 201677 748
201523 201522 965
201523 201525 955
201523 201528 1074
201523 214596 708
201524 201525 1122
201666 201663 1389
201666 201665 724
201666 201667 810
201666 201675 2235
201674 201665 2142
201674 201673 828
201674 201675 744
201674 201730 2260
201732 201675 2244
201732 201730 274
201732 201731 1065
201731 201703 1853
201731 201732 1065
201731 201733 424
201733 201704 348
201733 201731 424
201733 201734 1784
199258 199259 135
199258 201734 1415
199258 201740 1533
201747 201746 1370
201747 201850 606
201747 201851 937
201853 201771 1009
201853 201852 775
201853 201854 673
201853 201857 1423
201858 201856 1069
201855 179488 3383
201855 194519 296
201855 201854 1143
201855 201857 753
201863 179488 834
201863 201857 3219
201863 201879 806
201878 201865 821
201878 201879 716
201878 201880 1354
201873 201874 726
192305 192306 2718
192305 192316 11682
192305 192321 7367
194405 192306 1122
193363 192583 2928
193363 193375 3117
193399 193397 965
193417 193398 7489
193417 193418 1013
193417 193421 6012
193435 193432 905
193439 193436 3473
193439 193440 1540
193439 193446 983
193448 193447 2948
193578 193575 3376
193578 193577 1470
193564 192598 383
193564 193565 1628
193328 193325 2005
193328 193334 344
193328 193335 535
193334 193328 344
193334 193332 3328
193334 193335 335
190918 190916 1005
190918 190920 705
190918 190928 1045
190919 190916 1343
103423 103422 4174
103423 103424 596
103423 114807 1248
114809 103424 1031
114809 114805 687
114809 114807 344
105839 105663 12484
105839 105838 8585
105839 105840 13617
105897 105838 21185
105897 105896 7940
105897 105896 7940
105936 105935 2917
105936 105937 2878
105936 115935 746
115933 105935 2442
115933 115932 5177
115933 115948 2276
103421 103420 1094
103421 103422 674
103421 114802 8230
114807 103423 1248
114807 114805 417
114807 114809 344
105616 105615 237
105616 105617 2697
105616 105621 746
105620 105621 1193
105663 105641 1177
105663 105662 1786
105663 105839 12484
105663 105933 511
105632 105633 3901
105632 105642 1256
105656 105642 9945
105656 105646 1530
105656 105654 672
192137 192138 649
192137 192354 1589
192443 192335 13667
192372 192369 8754
192372 192371 1812
192374 192371 1495
192374 192373 19772
192374 192420 2152
192310 192138 64
192310 192139 555
192310 192461 654
192310 192463 657
193858 193481 2927
193858 193857 437
193870 193502 103
193870 193871 1401
194433 193502 944
194433 194434 679
193872 193507 94
193872 193934 192
193487 193486 3851
193487 193514 1166
192400 192397 469
192400 192480 1288
193493 193492 2292
193493 193495 8163
193543 193542 2553
193543 193544 1126
193603 193600 1119
193603 193604 551
193603 193629 3574
193625 193624 1075
193625 193629 1501
193631 193632 2427
193631 193634 301
193631 193638 381
193660 193659 826
193660 193933 1574
193623 193622 3029
194371 194368 2120
194371 194372 802
194371 194373 872
194374 194372 693
193621 193615 1766
193621 194368 1093
193621 194369 2087
194370 193615 726
191035 191036 212
191035 191037 1839
191035 193617 289
191029 191030 1161
191029 191038 46
191029 193682 7269
193684 193573 113
193684 193682 1737
193635 193601 1777
193635 193604 434
193601 193602 370
193601 193608 896
193601 193635 1777
193636 193602 466
193636 193639 418
193636 193641 3364
193642 193640 2013
193642 193644 1713
193642 193647 1783
193646 193645 1374
193646 193656 5897
193657 193645 6743
193657 193656 827
193657 193999 983
34747 34720 1496
34747 34887 675
34747 35279 915
22970 22969 4281
22970 22993 4448
22970 29650 618
29644 29645 1388
29644 29646 4997
29644 29646 4997
29800 29799 2840
29802 29799 818
24077 23969 5999
24077 34317 2536
24077 35134 1260
25422 25423 1044
25422 25792 1989
25422 34017 5469
25422 35134 1789
34278 25792 2385
34278 34017 2583
34278 34279 3564
35175 29726 1919
22993 22969 4337
22993 22970 4448
22993 23157 2719
22993 29642 814
35179 35177 2534
34017 25422 5469
34017 34278 2583
34017 35443 537
21412 21411 2030
21412 30655 877
21412 30707 2364
21412 30717 570
30614 30615 2494
30614 30617 1164
30616 30617 1066
30616 30709 1681
30714 30608 2676
30714 30618 4465
30714 30719 1062
30718 30621 898
30718 30712 2622
30718 31021 409
30621 30622 824
30621 30718 898
35402 30622 1129
30606 30605 1176
30926 30923 810
30926 30927 1022
30926 30929 2264
30928 30923 3089
30928 30944 2600
30928 30945 503
30910 30911 3397
30910 30930 441
30910 30932 715
30925 30924 986
30925 30932 654
30929 30908 2120
30929 30926 2264
30929 30942 918
30941 30908 1367
27591 27590 528
27439 27438 879
27439 29783 804
27439 34926 385
29740 29741 837
29740 29782 399
29740 29783 872
24028 14336 242
24028 27436 349
24028 29779 1058
27437 27436 1212
27438 27439 879
27438 29782 405
27438 34926 1006
29845 29842 1284
29846 29843 842
30089 30090 2688
30089 30969 381
30089 31190 587
30968 29833 876
30968 30969 3325
29832 29833 208
29832 30966 2013
29831 29830 390
34013 29830 395
29789 29777 139
29789 29790 157
29789 30057 723
30905 30057 1456
30905 30904 1324
23329 23328 781
23329 35288 1369
23329 35290 386
23330 23328 421
23997 23331 394
34281 23331 738
34281 34280 730
34281 35352 423
30099 30098 1164
30108 30098 1004
30108 30109 1078
30108 30111 950
30060 30061 2075
30060 30097 294
30060 30102 2364
30119 30112 2292
30119 30120 512
30119 30121 539
30165 30157 678
30159 30160 845
30159 30164 782
30159 30166 1333
30166 30159 1333
30166 30164 985
30166 30167 194
30170 30158 632
34328 30158 978
34328 30160 992
30179 30178 755
30189 30178 1334
30181 30182 992
30181 30183 3003
30181 30186 1137
35345 30182 560
30185 30184 284
31215 30184 1118
31311 31227 811
31311 31313 481
31311 31314 1380
31316 31313 891
31316 34434 427
31316 34435 631
31314 31311 1380
31314 31312 1184
31314 31318 1179
31314 31327 2352
35407 31327 569
31333 31328 437
31336 31328 746
31334 31335 884
31334 31337 869
31334 31338 1722
31339 31337 1781
31339 31338 884
31339 31342 1620
31339 31372 832
31372 31339 832
31372 31370 1828
31372 31374 1662
31372 31375 449
31373 31370 294
31321 31320 1428
31321 31324 570
31547 31404 1846
31547 31548 2363
31547 31552 1859
31555 31552 1328
31555 31556 720
31555 31557 1663
31572 31571 2585
31576 31577 1201
31578 31577 713
31469 31468 2229
31469 31471 1140
31469 31479 6731
31566 31479 1315
31566 31561 2824
31558 31550 1011
31558 31565 3201
31558 31570 3412
31567 31564 1759
31567 31568 2399
31567 31586 243
31584 31585 545
31584 31586 1447
31584 31587 3081
31593 31587 884
31596 31563 1144
31596 31600 1001
31596 31601 3247
31647 31601 1090
31564 31562 3921
31564 31567 1759
31564 31604 551
31605 31604 398
31654 31650 2277
31654 31659 703
31654 31660 993
31654 31667 2912
32226 32225 1078
32227 32225 3404
32227 32228 904
32227 32232 695
32231 32228 894
32231 34739 548
32231 34741 753
32250 32249 866
32250 32268 805
32269 32268 1204
32269 32271 654
32270 31697 3916
32270 32268 2683
32270 32315 1001
32298 32296 1413
32298 32303 2774
32298 32315 1659
32317 32318 1393
32317 32318 1393
32317 34042 229
34928 34192 295
32273 32271 1965
7432 7403 2097
7432 7420 3089
7432 7435 2224
7434 7431 515
7434 7433 1031
7434 7435 2496
7433 7430 1710
7433 7434 1031
7433 7436 2251
7433 14416 1700
14416 7433 1700
14416 14395 1532
14416 14417 1278
14416 14418 1061
14429 14420 1031
14429 14430 3038
14429 14436 1221
14468 14431 1494
14468 14436 1278
14468 14467 1100
14472 14442 1031
14472 14467 1889
14472 14475 1140
14472 14477 903
34898 14780 700
14782 14781 737
14498 14496 688
14439 14433 473
14439 14457 796
14439 14458 2350
14445 14441 1221
14445 14442 1322
14445 14458 2453
14505 14460 1445
14505 14507 3414
14509 14508 1046
14512 14508 2110
14512 14582 3654
14512 14622 1221
14622 14512 1221
14622 14513 580
14622 14585 3674
14622 14623 981
14623 14527 782
14623 14622 981
14623 14625 3566
14623 14626 1302
14626 14623 1302
14626 14624 782
14626 14628 3566
14626 14629 1140
14630 14629 2890
14630 14633 672
14630 14636 3022
14985 14977 2766
14985 14984 1065
14985 14987 1257
14985 15014 1335
14986 14978 511
14986 14979 1952
14986 14987 2170
15014 14985 1335
15014 15013 1014
15014 15016 1031
15018 15001 924
15018 15013 344
15018 15020 1817
15031 15029 949
15031 15033 2224
15031 15038 536
15038 15031 536
15038 15035 1361
15038 15039 3510
15040 15035 3527
15040 15039 1278
15040 15081 893
15040 15082 2414
15082 15040 2414
15082 15142 3165
15082 15205 1031
14501 14491 865
15215 15216 1077
15215 15223 1234
15215 15237 475
15527 15526 846
15527 15530 1361
15527 15531 1847
15540 15530 846
15540 15543 923
15540 15544 1669
15541 15274 1014
15541 15530 1666
15541 15531 1849
15541 15544 930
15539 15538 1031
15539 15542 420
15539 15543 2015
19067 19066 48
19069 19068 3011
19069 19074 927
34058 19068 2426
34058 34059 384
34058 34060 573
34060 34058 573
34060 34059 666
34060 34061 1682
19081 19060 1480
19081 19079 809
19081 19083 713
19081 19084 1072
19151 19150 924
19255 17716 737
19255 19238 2457
19255 19257 1078
19259 19257 2860
19226 19218 1279
19226 19225 1848
19226 19390 1014
19362 19357 1532
19362 19387 713
19362 19389 2125
19388 19387 950
19224 19223 1114
19224 19227 713
19224 19229 2789
19214 19208 511
19215 19208 1178
19643 19641 713
19643 19642 1495
19643 19659 1124
19652 19641 788
19650 19648 2035
19651 19648 1180
19651 19649 1298
19651 19653 2192
19649 19647 2160
19649 19651 1298
19649 19667 511
19655 19654 1031
19655 19656 3095
19655 19659 950
19658 19654 3528
19658 19656 1124
19658 19680 1234
19891 19892 300
19361 19360 1257
19361 19364 1700
19361 19368 826
19363 19364 1222
19390 19226 1014
19390 19389 796
19390 19391 1257
19391 19390 1257
19391 19392 443
19391 19393 2249
19400 19393 950
19400 19397 403
19400 19973 598
19968 19393 1161
19968 19969 383
19968 19971 1928
19970 19967 2672
19970 19971 1361
19970 19981 516
19973 19400 598
19973 19974 818
19973 19975 1335
19678 19676 3024
19678 19966 3183
19678 19981 782
20011 19983 649
20012 19983 628
34708 19998 959
19669 19657 1085
19669 19667 750
19669 19679 1689
19670 19662 606
19670 19668 713
19670 19671 2202
19668 19667 1055
19668 19670 713
19668 19672 2396
19673 19665 2416
19673 19684 403
19673 19686 588
19657 19654 905
19657 19669 1085
19657 19680 3617
19227 19224 713
19227 19228 2311
19227 19663 884
19676 19229 713
19676 19674 611
19676 19678 3024
19248 19243 708
19248 19249 1702
19260 19243 336
19260 19262 4128
19247 19244 473
19247 19250 805
19247 19267 1377
19247 19273 275
19346 19329 889
19346 19344 756
19346 19454 1576
19456 19455 562
19456 19463 1503
19456 19464 1375
19456 35079 397
34547 34548 953
19487 19485 924
19487 19489 747
19487 19490 1743
19489 19478 473
19489 19487 747
19489 20551 1755
20548 20547 340
20548 20550 450
20548 20551 1294
19315 19314 4958
19315 20369 344
19315 20373 788
20359 20357 2415
20359 20369 611
20359 20370 336
20373 19315 788
20373 19343 201
20373 20374 2488
20375 19460 2211
20375 20374 1205
20371 20362 557
20371 20370 2280
20371 20376 279
19462 19459 872
19462 19461 924
19462 19467 672
19465 19464 1222
19465 19466 750
19465 19467 1719
19465 19468 1403
19476 19467 403
19476 19477 1299
19476 20539 672
20549 20547 1393
20549 20554 872
20549 20556 336
20403 20387 750
20403 20404 1609
20403 20405 1025
20404 18861 2113
20404 20403 1609
20404 20405 1483
20410 20407 809
20410 20411 4022
20410 20648 747
20653 20652 2501
20664 20658 673
20664 20662 1055
20664 20665 3688
20698 20696 1160
20700 20699 1205
20706 20702 1420
20704 20665 889
20704 20715 872
20704 34397 800
20704 34398 766
20708 20665 1343
20709 20703 1408
20711 20710 279
20711 21002 1954
20685 20681 3326
20685 20854 1719
20857 20856 3271
20857 20864 1055
20868 20864 475
20868 20885 688
20886 20867 818
20886 20887 610
20886 20888 1437
20883 20851 1008
20883 20884 418
20883 20885 1120
20883 20888 604
25736 25729 1336
25736 25735 551
25736 25737 1114
25731 25723 872
25731 25737 1008
25731 25738 511
25815 25777 2271
25815 25810 836
25815 25818 806
25815 25819 747
25835 25799 543
25835 25802 4226
25835 25821 1593
25733 25721 1344
25733 25734 927
25733 25739 1008
25806 25734 938
25806 25739 836
25806 25805 1160
25725 25724 1533
25725 25734 649
25725 25768 139
25725 25805 1120
25804 25767 1008
25804 25770 847
25804 25805 649
25804 25809 490
25791 25685 788
25791 25686 536
25791 25793 938
25791 27506 2598
27634 25793 856
27634 27510 3291
27634 27633 750
27510 27507 806
27510 27513 1493
27510 27632 1079
27510 27634 3291
27515 8675 1556
27515 8675 1556
27515 27632 2694
34146 27632 536
27528 27527 354
27528 27529 1715
27528 27538 947
27528 27588 1671
27536 27537 128
27536 27538 1762
27536 27539 1848
27855 27856 4093
27855 27860 2807
27877 27869 605
27877 27881 247
27877 27882 1501
27879 27869 568
27879 27878 1819
27881 27877 247
27881 27880 425
27881 34401 543
27887 27880 810
27887 27888 809
27887 28045 1421
27883 27882 2703
28044 27882 809
27888 27887 809
27888 27889 612
27888 28042 751
27888 28046 1283
20659 20657 604
20659 20660 927
20659 20671 1609
20713 20671 809
20666 20660 2358
20666 20662 2698
20666 20715 511
34399 20715 760
20718 20683 2903
20718 20855 2542
28591 28592 100
28042 27888 751
28042 28043 1341
28042 28052 1229
28042 28061 53
28054 28052 536
27751 27749 476
27751 27750 1209
27721 27692 2103
27721 27719 2876
27721 27722 1458
27763 27722 6524
27867 27866 2320
27867 27898 3051
27867 27901 2093
27867 27902 2714
