2158
248060 248057 1339
248060 248061 937
248087 248088 1031
248087 248090 1024
248055 248058 1357
248055 257270 469
248056 248057 1796
248056 248058 1443
248077 248079 628
248085 248081 1457
248085 248086 846
255385 235975 632
255385 263609 459
235975 235976 259
235975 255385 632
256211 256210 754
256239 256210 1076
256239 256245 140
256214 256213 638
256241 256242 871
256248 256242 1565
256248 256249 905
256261 256249 1571
256261 256262 740
256261 256264 743
256441 256442 780
256441 256444 332
256487 256488 162
256487 256492 1266
256448 256446 1250
256448 256465 585
248131 248130 868
248131 248135 1555
248312 248311 2527
255559 255587 536
255559 255588 1953
255585 255586 2823
255585 255586 2823
255573 255581 628
255573 255582 1356
255573 255583 787
255574 255575 818
255574 255579 373
255572 255581 275
255572 255598 516
255672 255665 1789
255675 255671 1231
255675 261790 727
256291 256280 1088
256291 256292 587
256483 256484 1072
256483 256486 924
256774 256485 3849
256774 256786 2001
256790 256789 354
256790 256816 418
256790 256820 1622
256788 256813 688
256788 256814 475
256815 256816 672
238936 238322 6744
238936 238940 1540
238937 238885 4028
238937 238939 829
238286 238284 1203
238286 238308 2450
238305 238306 3990
238305 238309 1409
238293 238291 3126
238293 238297 2038
238321 238261 2597
238321 238329 6634
256805 256804 1001
256871 261625 686
257026 257031 868
257026 257038 238
257027 257029 1004
257027 257042 1061
257047 257042 905
257047 257050 1574
257049 257050 796
257116 257117 983
257116 257119 1609
257020 257137 847
257020 261772 1196
238900 238891 939
238909 238908 2929
238909 238910 1522
239022 239023 1148
262838 262842 394
262838 262844 284
244691 244690 441
244691 244780 179
239032 239031 945
239032 239033 5174
239181 239180 3511
239181 263323 709
257918 257919 542
257918 257931 1533
239096 238830 148
239096 238830 148
239096 239095 2084
242845 242841 1819
242845 242852 400
242845 242854 2143
243823 239090 796
243823 261103 234
259741 263385 531
242871 242870 2373
243599 243598 184
242765 263744 1364
242951 242952 516
243237 243201 1771
242734 242735 442
242730 242729 3619
243320 243318 2176
243270 243273 3774
243352 243353 2219
243356 243355 2706
243356 243362 3473
243357 243354 560
243361 243362 1180
243361 243377 1907
243381 243400 2035
243381 261370 764
243399 243391 722
243399 261348 2019
244852 244851 740
244852 261355 782
244922 261849 221
244872 244871 938
244873 261349 501
244902 244911 174
244945 244944 105
244909 244906 1542
244909 244910 1798
244909 244912 787
244909 244913 425
244909 244944 1830
244947 263762 88
244932 263366 476
245283 245286 333
245291 245285 1388
245291 245292 2506
244929 244930 2140
244929 244953 680
244955 244942 2321
244955 244957 1616
261850 261851 524
245071 245072 960
245084 245037 1693
245084 245088 386
244949 263764 57
245087 235633 228
245087 245338 350
245075 245076 122
245360 245362 1464
245360 245363 771
245192 245187 849
245192 245193 427
245192 245201 879
245198 245195 1877
245198 245197 961
245198 245199 202
245049 245045 675
245049 245085 627
245206 245205 517
245206 245222 467
245223 245222 1907
245223 245235 3207
245233 245237 807
245602 245603 842
245620 245612 2076
245620 245618 786
245719 245717 724
245719 245720 201
245720 245719 201
245720 245721 379
245738 245722 658
245738 245741 1125
245739 245741 759
245739 245809 148
245842 245814 1177
245842 245841 373
245842 245844 278
245849 245845 835
245849 245850 1024
243185 243182 634
243185 243187 1371
243185 264280 556
243236 243156 757
261677 261678 347
261677 261679 761
243231 243209 824
243231 243213 404
243214 243213 969
243209 243207 572
243209 243231 824
243203 243204 770
243205 243204 724
243205 243208 671
261535 261532 514
261535 264273 191
243022 243020 386
243022 243024 544
243091 261655 1115
243023 243024 1242
243023 243029 488
243031 243024 1099
243118 243116 1545
243139 243138 1491
243140 243143 362
264289 264290 552
264283 264284 453
264283 264287 356
245850 245846 1007
245850 245849 1024
245865 245864 926
245865 245866 675
245866 245865 675
245866 245867 1714
245868 245869 805
245868 245873 876
245872 245873 1021
245872 245874 1680
245874 245872 1680
245874 247639 511
247641 247640 1530
247641 247646 362
247646 247641 362
247646 247647 1881
247648 247647 1583
247648 247649 924
247685 247651 1177
247939 247927 286
247939 247938 434
247939 247940 1292
247940 247939 1292
247940 247941 537
247942 247930 1583
247942 247941 477
248057 248056 1796
248057 248059 805
248057 248060 1339
248061 248059 1343
248061 248060 937
248061 248090 1714
248088 248087 1031
248088 248089 1811
248088 248092 1686
248090 248061 1714
248090 248087 1024
248090 248091 1334
248058 248055 1357
248058 248056 1443
248058 248062 1330
257270 248055 469
248079 248077 628
248079 248080 335
248079 248081 2317
248081 248079 2317
248081 248085 1457
248086 248085 846
263609 255385 459
235976 235975 259
256210 256211 754
256210 256239 1076
256245 256239 140
256213 256214 638
256213 256215 937
256213 256242 1480
256242 256213 1480
256242 256241 871
256242 256243 987
256242 256248 1565
256249 256243 1586
256249 256248 905
256249 256250 734
256249 256261 1571
256262 256261 740
256262 256357 787
256262 256362 787
256262 256364 805
256264 256261 743
256264 256265 343
256264 256266 384
256442 256441 780
256442 256492 1532
256442 256507 724
256444 256441 332
256488 256363 2145
256488 256487 162
256488 256489 753
256492 256442 1532
256492 256487 1266
256492 256493 717
256446 256447 721
256446 256448 1250
256446 261872 404
256465 256448 585
256465 256464 2048
256465 263969 582
248130 248125 1583
248130 248129 946
248130 248131 868
248135 248131 1555
248135 248134 347
248311 248309 1175
248311 248312 2527
255587 255559 536
255588 255559 1953
255588 255586 1085
255588 255596 434
255586 255585 2823
255586 255585 2823
255586 255588 1085
255581 255572 275
255581 255573 628
255581 255599 610
255582 255573 1356
255582 255584 680
255582 255601 707
255583 255573 787
255583 255584 1425
255583 255624 868
255575 255574 818
255579 255574 373
255579 255577 763
255579 255580 238
255598 255572 516
255665 255646 621
255665 255672 1789
255671 255670 193
255671 255675 1231
261790 255675 727
256280 256276 1701
256280 256279 1527
256280 256291 1088
256292 256281 2252
256292 256291 587
256292 256293 177
256484 256483 1072
256484 256537 1051
256486 256483 924
256486 256485 1019
256486 263999 988
256485 256486 1019
256485 256566 5471
256485 256774 3849
256786 256774 2001
256786 256789 1622
256789 256786 1622
256789 256790 354
256789 256857 1830
256816 256790 418
256816 256815 672
256820 256790 1622
256820 256804 2548
256820 256858 1409
256820 256860 1007
256813 256788 688
256814 256788 475
238322 238323 3813
238322 238930 1687
238322 238936 6744
238940 238936 1540
238940 263079 1458
238940 263080 1339
238885 238884 2730
238885 238937 4028
238885 238938 2205
238939 238937 829
238939 238938 996
238284 238285 3066
238284 238286 1203
238308 238286 2450
238308 238304 3410
238308 263093 2857
238306 238302 3308
238306 238305 3990
238306 263094 5180
238309 238304 3355
238309 238305 1409
238309 238310 2666
238291 238283 6586
238291 238292 1803
238291 238293 3126
238297 238293 2038
238297 238294 1969
238297 243398 1237
238261 238262 3037
238261 238321 2597
238261 263637 4410
238329 238321 6634
256804 256805 1001
256804 256820 2548
256804 256869 1265
261625 256871 686
261625 261626 60
257031 257022 354
257031 257026 868
257031 257032 782
257038 257026 238
257038 257033 452
257038 257039 1574
257029 257027 1004
257042 257027 1061
257042 257047 905
257042 257052 1574
257050 257047 1574
257050 257049 796
257050 257052 905
257117 257116 983
257117 257118 1609
257117 257120 950
257117 257128 1609
257119 257116 1609
257119 257136 344
257119 257138 857
257137 257020 847
257137 257138 569
257137 257139 846
257137 261773 2340
261772 257020 1196
238891 238892 792
238891 238893 1189
238891 238900 939
238908 238686 5862
238908 238909 2929
238908 238944 3580
238910 238909 1522
238910 238917 5781
238910 238918 2729
239023 239022 1148
239023 239026 300
262842 262838 394
262842 262839 1463
262842 262843 1162
262844 262838 284
244690 244686 54
244690 244691 441
244690 244693 754
244780 244691 179
244780 263611 662
239031 239020 2726
239031 239029 1271
239031 239032 945
239033 239032 5174
239033 239038 2607
239033 239043 1073
239180 239181 3511
263323 239181 709
257919 257917 691
257919 257918 542
257919 263330 986
257931 257918 1533
257931 257929 771
257931 257932 692
238830 238831 201
238830 238831 201
238830 239096 148
238830 239096 148
239095 238824 688
239095 239096 2084
239095 239097 970
242841 242840 2469
242841 242844 952
242841 242845 1819
242852 239094 750
242852 242845 400
242854 242845 2143
239090 239089 2115
239090 242868 2955
239090 243823 796
261103 243823 234
263385 259741 531
242870 242869 1654
242870 242871 2373
243598 243599 184
263744 242736 1583
263744 242765 1364
242952 242946 3099
242952 242951 516
243201 243200 3103
243201 243235 317
243201 243237 1771
242735 242734 442
242735 262134 11125
242729 242730 3619
242729 242733 1589
242729 242755 2597
243318 243268 5408
243318 243320 2176
243273 243270 3774
243273 243351 4098
243273 243353 8092
243353 243273 8092
243353 243352 2219
243353 263627 195
243355 243354 616
243355 243356 2706
243362 243356 3473
243362 243361 1180
243362 261118 1978
243354 243348 1660
243354 243355 616
243354 243357 560
243377 243361 1907
243377 243376 1792
243377 243385 842
243400 243381 2035
243400 261371 1857
261370 243381 764
243391 243392 1688
243391 243393 692
243391 243399 722
243391 261345 1999
261348 243399 2019
261348 261347 310
244851 244852 740
244851 244854 473
244851 244855 333
261355 244852 782
261355 261354 1575
261355 261849 429
261849 244922 221
261849 261355 429
244871 244872 938
261349 244650 132
261349 244873 501
244911 244902 174
244911 244910 69
244944 244909 1830
244944 244945 105
244906 244900 835
244906 244901 201
244906 244909 1542
244910 244900 599
244910 244909 1798
244910 244911 69
244912 244909 787
244912 244995 987
244913 244909 425
244913 256547 437
263762 244947 88
263762 263764 560
263366 244919 597
263366 244932 476
263366 263367 275
245286 245283 333
245286 245285 631
245286 264325 1328
245285 245286 631
245285 245291 1388
245285 245297 1718
245292 245291 2506
245292 245299 352
245292 245308 751
244930 244929 2140
244930 263482 786
244930 263483 1736
244953 244929 680
244953 244942 845
244953 244954 1188
244942 244943 786
244942 244953 845
244942 244955 2321
244957 244955 1616
261851 261850 524
245072 245071 960
245072 245073 328
245072 245076 955
245037 245038 600
245037 245079 1297
245037 245084 1693
245088 245084 386
245088 245086 3331
245088 245089 651
263764 244949 57
263764 263762 560
235633 235631 444
235633 243434 49
235633 245087 228
235633 245338 182
245338 235633 182
245338 245074 737
245338 245076 206
245338 245087 350
245076 245072 955
245076 245075 122
245076 245338 206
245362 245360 1464
245362 245361 663
245363 245360 771
245187 245186 770
245187 245188 641
245187 245192 849
245193 245190 688
245193 245192 427
245201 245192 879
245201 245200 2293
245201 245202 1399
245195 245133 744
245195 245194 1011
245195 245196 2225
245195 245198 1877
245197 245191 1114
245197 245194 1869
245197 245198 961
245199 245198 202
245045 245039 1494
245045 245046 1000
245045 245049 675
245045 245085 291
245085 245045 291
245085 245049 627
245085 245083 3147
245085 245086 2628
245205 245206 517
245222 245206 467
245222 245219 951
245222 245223 1907
245235 245223 3207
245235 245236 2574
245237 245233 807
245603 245600 597
245603 245602 842
245603 245605 556
245612 245606 348
245612 245613 1589
245612 245620 2076
245618 245613 2245
245618 245619 2170
245618 245620 786
245717 245619 571
245717 245716 1437
245717 245719 724
245721 245716 1514
245721 245720 379
245721 245722 1000
245722 245721 1000
245722 245738 658
245722 245740 2118
245741 245738 1125
245741 245739 759
245741 245742 776
245809 245739 148
245809 245808 1345
245814 245813 1144
245814 245815 937
245814 245842 1177
245841 245840 336
245841 245842 373
245844 245815 926
245844 245842 278
245844 245845 278
245844 245852 835
245845 245844 278
245845 245846 805
245845 245849 835
243182 243180 680
243182 243185 634
243182 261533 1021
243187 243185 1371
243187 243186 798
243187 261533 550
264280 243185 556
264280 243195 384
243156 243152 2487
243156 243235 241
243156 243236 757
261678 261677 347
261679 261677 761
243213 243208 107
243213 243214 969
243213 243231 404
243207 243204 594
243207 243208 748
243207 243209 572
243204 243203 770
243204 243205 724
243204 243207 594
243208 243205 671
243208 243207 748
243208 243213 107
261532 242825 454
261532 261535 514
264273 261535 191
243020 243019 114
243020 243022 386
243024 243022 544
243024 243023 1242
243024 243031 1099
261655 243091 1115
243029 243021 569
243029 243023 488
243116 243115 495
243116 243118 1545
243116 243120 231
243138 243139 1491
243138 243141 741
243143 243140 362
243143 243145 327
264290 244044 893
264290 264289 552
264284 264283 453
264284 264285 1036
264284 264286 567
264287 264283 356
245846 245845 805
245846 245850 1007
245846 245852 557
245846 245854 1077
245864 245854 736
245864 245856 788
245864 245865 926
245867 245856 675
245867 245866 1714
245867 245869 1120
245869 245867 1120
245869 245868 805
245873 245868 876
245873 245872 1021
245873 245888 926
245873 245889 1741
247639 245874 511
247639 245889 610
247639 247640 1542
247640 247639 1542
247640 247641 1530
247640 247642 1848
247640 247643 1407
247647 247643 2014
247647 247646 1881
247647 247648 1583
247649 247644 2413
247649 247648 924
247649 247651 1611
247651 247649 1611
247651 247650 2140
247651 247685 1177
247927 247926 2361
247927 247939 286
247938 247928 201
247938 247939 434
247941 247940 537
247941 247942 477
247941 262297 133
247930 246740 6750
247930 247935 1719
247930 247942 1583
248059 248057 805
248059 248061 1343
248059 248062 918
248089 248088 1811
248089 248091 1444
248089 248096 1583
248089 248098 2088
248092 248088 1686
248092 248093 238
248091 248089 1444
248091 248090 1334
248091 248100 402
248062 248058 1330
248062 248059 918
248080 248079 335
256215 256213 937
256215 256270 435
256215 256336 745
256243 256242 987
256243 256249 1586
256243 256336 730
256243 256338 680
256250 256249 734
256250 256342 731
256250 256356 1619
256250 256357 745
256357 256250 745
256357 256262 787
256357 256358 1625
256362 256262 787
256362 256363 832
256362 256365 735
256364 256262 805
256364 261622 84
256265 256264 343
256266 256264 384
256507 256442 724
256507 256508 1428
256507 256510 686
256363 256358 800
256363 256362 832
256363 256366 651
256363 256488 2145
256489 256488 753
256489 256491 495
256489 256506 1021
256493 256492 717
256493 256506 585
256493 256508 100
256447 256446 721
261872 256446 404
256464 256465 2048
256464 256479 323
263969 256465 582
248125 248126 714
248125 248129 1919
248125 248130 1583
248129 248105 1409
248129 248125 1919
248129 248130 946
248134 248113 1096
248134 248135 347
248134 261291 1664
248309 248305 755
248309 248311 1175
255596 255588 434
255596 255597 649
255596 255601 1084
255596 255602 1248
255599 255581 610
255599 255600 949
255599 255601 713
255584 255582 680
255584 255583 1425
255584 255625 826
255584 255636 713
255601 255582 707
255601 255596 1084
255601 255599 713
255601 255603 667
255624 255583 868
255624 255625 1292
255624 255626 787
255577 255578 782
255577 255579 763
255577 255629 1465
255580 255579 238
255646 255617 1025
255646 255665 621
255670 255667 418
255670 255671 193
256276 256277 826
256276 256279 834
256276 256280 1701
256279 256276 834
256279 256280 1527
256279 256281 841
256279 256282 614
256281 256279 841
256281 256285 1769
256281 256292 2252
256293 256286 1307
256293 256292 177
256293 256294 789
256537 256484 1051
256537 259077 2980
263999 256486 988
256566 256485 5471
256566 256556 1144
256566 256559 1419
256566 256570 337
256857 256789 1830
256857 261183 173
256858 256820 1409
256858 256823 1222
256860 256820 1007
256860 256876 812
238323 238322 3813
238323 263637 1608
238930 238322 1687
238930 238931 5761
238930 238932 1913
263079 238940 1458
263079 263646 1993
263080 238940 1339
263080 263642 335
263080 264076 1427
238884 238883 6394
238884 238885 2730
238884 255457 4681
238938 238885 2205
238938 238939 996
238285 238284 3066
238285 262282 760
238285 264011 575
238304 238303 11025
238304 238308 3410
238304 238309 3355
263093 238308 2857
238302 238303 1736
238302 238306 3308
238302 238307 6551
263094 238306 5180
238310 238309 2666
238310 238311 2561
238310 238312 1210
238283 238282 7187
238283 238287 2739
238283 238291 6586
238292 238291 1803
238294 238288 4073
238294 238290 1827
238294 238297 1969
238294 263638 1171
243398 238297 1237
238262 238261 3037
263637 238261 4410
263637 238323 1608
256869 256804 1265
261626 261625 60
257022 256878 354
257022 257023 672
257022 257031 354
257032 257030 516
257032 257031 782
257032 257033 930
257033 257032 930
257033 257038 452
257033 257040 688
257033 257041 1414
257039 257038 1574
257039 257041 452
257039 261774 316
257052 257042 1574
257052 257050 905
257052 257057 373
257118 257117 1609
257120 257058 1085
257120 257117 950
257120 257121 949
257120 257129 1531
257128 257117 1609
257128 257136 649
257128 257142 713
257128 257144 2434
257136 257119 344
257136 257128 649
257136 257145 2238
257138 257119 857
257138 257137 569
257138 264187 585
257139 257137 846
257139 257140 1139
257139 257338 884
261773 257137 2340
238892 238891 792
238892 238920 764
238893 238890 2941
238893 238891 1189
238686 238687 1619
238686 238689 2438
238686 238908 5862
238944 238691 6410
238944 238908 3580
238917 238910 5781
238917 238916 2688
238917 264061 1027
238918 238910 2729
238918 238949 4463
239026 239023 300
239026 239025 813
262839 262840 960
262839 262841 689
262839 262842 1463
262843 262842 1162
244686 244684 548
244686 244690 54
244693 244690 754
263611 244780 662
239020 239019 2466
239020 239031 2726
239020 263318 1179
239029 239030 6376
239029 239030 6376
239029 239031 1271
239038 239033 2607
239038 239039 1499
239038 239040 1025
239043 239033 1073
239043 239044 249
257917 257915 1615
257917 257919 691
257917 257930 1109
263330 257919 986
257929 257926 1475
257929 257930 1103
257929 257931 771
257932 257931 692
238831 238814 3860
238831 238819 1749
238831 238830 201
238831 238830 201
238824 238806 1303
238824 238819 116
238824 239095 688
239097 239095 970
239097 239098 1532
239097 239098 1532
242840 238794 1503
242840 238814 1954
242840 242841 2469
242844 242841 952
242844 242847 1138
242844 242849 596
239094 239093 982
239094 242849 233
239094 242852 750
239089 239090 2115
239089 242856 3021
239089 242866 4012
242868 239090 2955
242868 242867 1460
242869 242870 1654
242869 242897 6017
242736 242737 3306
242736 263744 1583
242946 242947 2174
242946 242952 3099
242946 242953 3173
242946 242954 2396
243200 243201 3103
243200 261534 889
243235 243156 241
243235 243201 317
262134 242735 11125
262134 261519 3663
242733 242729 1589
242755 242729 2597
242755 242756 2338
242755 242760 537
243268 243267 1540
243268 243318 5408
243351 243273 4098
243351 243350 5042
263627 243353 195
263627 263628 3944
261118 243362 1978
243348 243347 6872
243348 243354 1660
243376 243359 998
243376 243377 1792
243376 243382 1339
243385 243377 842
243385 243387 2298
261371 243400 1857
261371 261372 1290
261371 261373 411
243392 243391 1688
243392 261359 107
243393 243391 692
243393 261330 271
243393 261341 1973
261345 243391 1999
261345 261343 333
261347 261342 1026
261347 261348 310
244854 244851 473
244854 244855 335
244854 261342 262
244855 244851 333
244855 244854 335
244855 244856 889
261354 261355 1575
244650 244649 458
244650 261349 132
244900 244898 1031
244900 244899 1442
244900 244906 835
244900 244908 251
244900 244910 599
244901 244889 611
244901 244899 1083
244901 244906 201
244995 244912 987
244995 244994 407
256547 244913 437
256547 256548 2584
256547 261650 1448
244919 244917 1312
244919 263366 597
263367 263366 275
264325 245286 1328
245297 245285 1718
245297 245298 892
245297 245299 1637
245299 245292 352
245299 245297 1637
245299 245309 1448
245308 245292 751
263482 244924 988
263482 244930 786
263483 244930 1736
244954 244953 1188
244943 244942 786
245073 245072 328
245073 245074 251
245073 245331 206
245038 245037 600
245038 263897 524
245038 263897 524
245079 245037 1297
245079 245068 2340
245079 245078 1625
245079 245081 728
245079 245083 1569
245086 245085 2628
245086 245088 3331
245089 245088 651
245089 245090 1345
245089 245361 1043
235631 235632 516
235631 235633 444
235631 245070 75
235631 261879 116
243434 235633 49
245074 245070 315
245074 245073 251
245074 245338 737
245361 245089 1043
245361 245362 663
245186 245184 807
245186 245185 928
245186 245187 770
245188 245125 1663
245188 245187 641
245190 245189 817
245190 245191 906
245190 245193 688
245200 245046 1331
245200 245184 1143
245200 245201 2293
245202 245046 2247
245202 245201 1399
245133 245124 902
245133 245131 1282
245133 245134 1374
245133 245195 744
245194 245124 759
245194 245126 979
245194 245195 1011
245194 245197 1869
245196 245195 2225
245196 245207 1472
245196 245209 2167
245196 245212 2089
245196 245213 1004
245196 245214 767
245191 245126 1695
245191 245190 906
245191 245197 1114
245039 245031 1208
245039 245040 392
245039 245045 1494
245046 245045 1000
245046 245200 1331
245046 245202 2247
245083 245079 1569
245083 245082 501
245083 245085 3147
245219 245217 368
245219 245220 2235
245219 245222 951
245236 245235 2574
245236 245239 1313
245236 245241 243
245600 245599 445
245600 245601 247
245600 245603 597
245605 245603 556
245605 245607 1601
245606 245607 1136
245606 245611 1939
245606 245612 348
245613 245612 1589
245613 245618 2245
245613 245641 1199
245619 245618 2170
245619 245716 1510
245619 245717 571
245716 245619 1510
245716 245717 1437
245716 245721 1514
245740 245722 2118
245740 245805 2046
245740 245806 1082
245742 245741 776
245742 245806 2013
245742 245808 1387
245808 245742 1387
245808 245809 1345
245808 245839 926
245813 245812 2409
245813 245814 1144
245813 245827 3877
245815 245814 937
245815 245828 4634
245815 245829 4710
245815 245844 926
245840 245839 373
245840 245841 336
245852 245844 835
245852 245846 557
245852 245853 1905
243180 243151 845
243180 243179 723
243180 243182 680
243180 243183 526
261533 243182 1021
261533 243187 550
243186 243187 798
243186 243191 869
243195 243193 546
243195 264280 384
243152 243153 263
243152 243156 2487
243152 243158 489
242825 242823 327
242825 242826 651
242825 242877 3306
242825 261532 454
243019 243004 558
243019 243005 861
243019 243020 114
243019 261996 1064
243021 243005 1249
243021 243026 184
243021 243029 569
243115 243052 643
243115 243114 772
243115 243116 495
243120 243116 231
243120 243119 458
243141 243138 741
243141 243142 1689
243141 243144 628
243141 243149 831
243145 243143 327
243145 243144 2103
243145 243174 716
244044 244045 1134
244044 264290 893
244044 264291 978
264285 264284 1036
264286 264284 567
245854 245846 1077
245854 245855 788
245854 245864 736
245856 245853 671
245856 245855 736
245856 245864 788
245856 245867 675
245888 245873 926
245888 245887 1752
245889 245873 1741
245889 245887 788
245889 247639 610
247642 247640 1848
247642 247643 1065
247642 247644 1761
247643 247640 1407
247643 247642 1065
247643 247647 2014
247644 247642 1761
247644 247649 2413
247644 247650 2270
247650 247644 2270
247650 247651 2140
247650 247925 1177
247926 247927 2361
247928 247924 1882
247928 247929 696
247928 247938 201
262297 247924 2603
262297 247941 133
246740 246739 950
246740 246741 2242
246740 247930 6750
247935 247930 1719
247935 247931 3897
247935 247952 1263
248096 248089 1583
248096 248094 550
248096 248097 2788
248098 237959 420
248098 248089 2088
248098 248097 1031
248098 248108 1263
248093 247998 782
248093 248092 238
248093 248094 580
248100 248091 402
248100 248101 1334
248100 248102 1305
256270 256215 435
256270 256272 654
256270 256273 2112
256336 256215 745
256336 256243 730
256336 256337 2356
256338 256243 680
256338 256339 1630
256338 256342 888
256342 256250 731
256342 256338 888
256342 256343 1657
256356 256250 1619
256356 256343 786
256356 256358 732
256356 256359 1436
256358 256356 732
256358 256357 1625
256358 256360 1377
256358 256363 800
256365 256362 735
261622 256364 84
256508 256493 100
256508 256507 1428
256508 256509 1218
256510 256507 686
256510 256509 1565
256366 256363 651
256366 256367 829
256366 256368 1076
256491 256489 495
256491 256494 1092
256491 256495 876
256506 256489 1021
256506 256493 585
256479 256464 323
256479 256512 610
248126 248125 714
248105 248104 2425
248105 248127 1663
248105 248129 1409
248113 248110 3218
248113 248134 1096
248113 248136 871
261291 248134 1664
261291 248136 401
261291 248138 728
248305 248279 704
248305 248304 336
248305 248306 1027
248305 248309 755
255597 255596 649
255602 255596 1248
255600 255599 949
255625 255584 826
255625 255624 1292
255625 255627 868
255625 255638 847
255636 255584 713
255636 255606 787
255636 255637 847
255636 255638 868
255603 255601 667
255603 255604 782
255603 255606 846
255626 255624 787
255626 255627 1322
255626 261193 883
255578 255577 782
255629 255577 1465
255617 255616 598
255617 255646 1025
255667 255666 847
255667 255670 418
255667 261440 118
256277 256269 764
256277 256276 826
256277 261789 955
256282 256278 1746
256282 256279 614
256282 256284 1216
256285 256281 1769
256285 256284 751
256285 256346 1732
256286 256287 406
256286 256288 880
256286 256293 1307
256294 256293 789
256294 256312 1105
259077 256537 2980
259077 256546 152
259077 259078 396
256556 256554 809
256556 256565 750
256556 256566 1144
256559 256557 809
256559 256561 805
256559 256562 1532
256559 256566 1419
256570 256566 337
256570 256569 4888
261183 256821 2318
261183 256857 173
261183 261187 804
256823 256822 513
256823 256824 536
256823 256858 1222
256876 256860 812
256876 256875 2881
238931 238930 5761
238932 238875 3469
238932 238930 1913
238932 238933 4630
263646 263079 1993
263642 263080 335
263642 263639 437
263642 263643 2032
264076 263080 1427
238883 238884 6394
238883 238921 3030
255457 238884 4681
255457 255458 1340
262282 238279 4743
262282 238285 760
262282 263097 844
264011 238285 575
238303 238302 1736
238303 238304 11025
238307 238302 6551
238307 243411 894
238311 238310 2561
238312 238310 1210
238282 238264 3325
238282 238281 5213
238282 238283 7187
238287 238283 2739
238287 238290 7713
238287 238290 7713
238288 238264 9149
238288 238271 301
238288 238289 419
238288 238294 4073
238290 238287 7713
238290 238287 7713
238290 238294 1827
263638 238294 1171
256878 256872 434
256878 257022 354
256878 257030 924
257023 257022 672
257030 256878 924
257030 257032 516
257040 257033 688
257040 257037 445
257040 257043 1372
257041 257033 1414
257041 257039 452
257041 257054 628
261774 257039 316
261774 257053 801
257057 257052 373
257057 257056 418
257058 257059 1335
257058 257120 1085
257058 257126 1494
257121 257120 949
257129 257120 1531
257129 257141 475
257129 257142 278
257142 257128 713
257142 257129 278
257142 257143 2476
257144 257128 2434
257144 257143 580
257144 257145 688
257145 257136 2238
257145 257144 688
264187 257138 585
257140 257139 1139
257338 257139 884
238920 238892 764
238920 261170 311
238890 238492 4439
238890 238889 4306
238890 238893 2941
238687 238686 1619
238689 238686 2438
238689 238688 801
238689 238691 2256
238691 238689 2256
238691 238690 2020
238691 238944 6410
238916 238917 2688
238916 238945 8001
264061 238917 1027
238949 238918 4463
238949 238950 444
239025 239024 1030
239025 239026 813
239025 239028 882
262840 262839 960
262841 262839 689
244684 244681 1112
244684 244686 548
244684 244687 131
239019 238971 2858
239019 238976 1582
239019 239020 2466
263318 239020 1179
263318 263319 178
263318 263320 411
239030 239029 6376
239030 239029 6376
239030 239177 979
239030 239178 1202
239039 239038 1499
239040 239038 1025
239040 239041 5683
239040 239042 1274
239044 239043 249
239044 239045 274
239044 239046 2529
257915 257913 683
257915 257916 233
257915 257917 1615
257930 257917 1109
257930 257929 1103
257930 262797 819
257926 257884 2466
257926 257923 746
257926 257929 1475
238814 238815 4604
238814 238831 3860
238814 242840 1954
238819 238816 2796
238819 238820 1591
238819 238824 116
238819 238831 1749
238806 238805 4
238806 238805 4
238806 238821 628
238806 238824 1303
239098 239097 1532
239098 239097 1532
239098 239100 1054
238794 238791 9593
238794 238795 2069
238794 242840 1503
242847 242844 1138
242847 242846 1784
242849 239094 233
242849 242844 596
242849 242850 1409
239093 239094 982
239093 242850 1522
239093 242851 1027
242856 239089 3021
242856 242861 1233
242856 242863 1069
242866 239089 4012
242866 242864 861
242867 242868 1460
242897 242869 6017
242897 242875 75
242737 242732 6424
242737 242736 3306
242947 242946 2174
242947 242948 1850
242953 242946 3173
242953 242974 1418
242953 243061 1919
242954 242946 2396
242954 242955 1860
242954 242961 561
261534 243200 889
261534 261530 956
261519 261133 768
261519 262134 3663
242756 242755 2338
242756 261905 1193
242756 261906 1244
242760 242755 537
242760 242758 806
242760 242761 1679
243267 243268 1540
243267 243269 10654
243350 243349 1065
243350 243351 5042
263628 263627 3944
263628 264173 1030
243347 243346 377
243347 243348 6872
243359 243360 3483
243359 243376 998
243382 243376 1339
243387 243385 2298
243387 261377 393
243387 261379 2353
261372 261371 1290
261373 261371 411
261373 261375 3907
261373 261380 1318
261359 243392 107
261359 261358 51
261330 243367 236
261330 243393 271
261330 261329 1495
261330 261358 1849
261341 243393 1973
261341 261340 318
261343 244861 1100
261343 261345 333
261342 244854 262
261342 244861 724
261342 261346 1092
261342 261347 1026
244856 244855 889
244649 244650 458
244649 244860 50
244898 244897 905
244898 244900 1031
244898 244907 515
244899 244887 201
244899 244888 762
244899 244900 1442
244899 244901 1083
244908 244900 251
244889 244885 671
244889 244888 1556
244889 244901 611
244889 244905 834
244994 244986 835
244994 244995 407
256548 256547 2584
256548 261356 203
261650 256547 1448
244917 244918 2270
244917 244919 1312
244917 244924 1106
245298 245297 892
245309 245299 1448
245309 245300 610
244924 244917 1106
244924 263482 988
245331 245067 1063
245331 245073 206
245331 261879 446
263897 245038 524
263897 245038 524
263897 263906 296
245068 245069 1434
245068 245078 1338
245068 245079 2340
245078 245068 1338
245078 245077 1231
245078 245079 1625
245081 245079 728
245081 245080 1669
245081 245082 1510
245090 245089 1345
235632 235631 516
235632 261356 2513
245070 235631 75
245070 245074 315
261879 235631 116
261879 245331 446
245184 245183 784
245184 245186 807
245184 245200 1143
245185 245120 1376
245185 245186 928
245125 245120 898
245125 245121 758
245125 245188 1663
245189 245190 817
245124 245116 2177
245124 245128 1940
245124 245133 902
245124 245194 759
245131 245129 895
245131 245132 1184
245131 245133 1282
245134 245133 1374
245126 245121 1386
245126 245191 1695
245126 245194 979
245207 245141 743
245207 245196 1472
245207 245208 1949
245209 245196 2167
245209 245208 793
245209 245212 648
245209 245216 796
245212 245196 2089
245212 245209 648
245212 245215 786
245213 245196 1004
245214 245196 767
245214 245215 2197
245214 245217 499
245031 245032 1407
245031 245039 1208
245031 245048 545
245040 245039 392
245040 245044 237
245040 261880 2008
245082 245048 1283
245082 245080 1246
245082 245081 1510
245082 245083 501
245217 245214 499
245217 245218 499
245217 245219 368
245220 245215 1053
245220 245219 2235
245220 245221 762
245239 245236 1313
245239 245240 1237
245239 245246 801
245239 245574 1470
245241 245236 243
245241 245242 325
245241 245243 782
245599 245598 629
245599 245600 445
245601 245600 247
245601 245610 1131
245607 245605 1601
245607 245606 1136
245611 245606 1939
245611 245608 1076
245611 245628 2509
245641 245613 1199
245641 245639 828
245641 245650 1042
245805 245740 2046
245805 245806 1227
245805 245807 543
245806 245740 1082
245806 245742 2013
245806 245805 1227
245839 245808 926
245839 245840 373
245812 236361 6683
245812 245813 2409
245827 245813 3877
245827 245817 788
245827 245828 201
245828 245815 4634
245828 245827 201
245828 245829 1007
245829 245815 4710
245829 245828 1007
245829 245830 825
245853 245852 1905
245853 245856 671
245853 245857 788
245853 245858 1124
243151 243144 780
243151 243150 831
243151 243180 845
243179 243144 792
243179 243172 585
243179 243180 723
243179 243181 435
243183 243180 526
243183 243188 747
243191 243186 869
243191 243189 1936
243191 243190 184
243193 243181 578
243193 243195 546
243153 243148 255
243153 243152 263
243158 243152 489
243158 243157 323
242823 242824 461
242823 242825 327
242826 242825 651
242826 242996 3035
242877 242825 3306
242877 242873 1573
243004 242992 114
243004 243005 768
243004 243019 558
243005 243004 768
243005 243019 861
243005 243021 1249
261996 242990 1489
261996 243019 1064
261996 261997 209
243026 243003 830
243026 243021 184
243026 243028 261
243052 243051 473
243052 243115 643
243052 264277 2085
243114 243113 1010
243114 243115 772
243119 243120 458
243119 243121 1387
243119 243122 985
243142 243141 1689
243144 243141 628
243144 243145 2103
243144 243151 780
243144 243179 792
243149 243141 831
243149 243150 1041
243174 243145 716
243174 261531 894
244045 244044 1134
244045 264293 438
244045 264294 170
264291 244044 978
264291 263841 58
245855 245854 788
245855 245856 736
245887 245888 1752
245887 245889 788
245887 245890 713
247925 246735 2140
247925 247650 1177
247924 246734 3682
247924 247928 1882
247924 262297 2603
247929 247928 696
246739 246729 949
246739 246734 2410
246739 246740 950
246741 246740 2242
246741 246742 3326
246741 247931 2707
247931 246741 2707
247931 247932 2644
247931 247935 3897
247952 247935 1263
248094 247998 336
248094 248093 580
248094 248096 550
248097 248096 2788
248097 248098 1031
237959 248098 420
237959 248101 1110
248108 248098 1263
248108 248104 2335
248108 248127 1407
247998 248093 782
247998 248094 336
248101 237959 1110
248101 248100 1334
248102 248100 1305
256272 256270 654
256273 256270 2112
256337 256336 2356
256337 256339 786
256339 256337 786
256339 256338 1630
256339 256343 796
256343 256339 796
256343 256342 1657
256343 256356 786
256359 256356 1436
256359 256360 648
256360 256358 1377
256360 256359 648
256360 256367 884
256509 256508 1218
256509 256510 1565
256367 256360 884
256367 256366 829
256368 256366 1076
256368 256494 202
256494 256368 202
256494 256491 1092
256495 256491 876
256512 256479 610
248104 248105 2425
248104 248108 2335
248127 248105 1663
248127 248108 1407
248110 248113 3218
248136 248113 871
248136 261291 401
248138 261291 728
248279 248305 704
248304 248305 336
248306 248305 1027
255627 255625 868
255627 255626 1322
255638 255625 847
255638 255636 868
255606 255603 846
255606 255636 787
255637 255636 847
255604 255603 782
261193 255626 883
255616 255617 598
255666 255667 847
261440 255667 118
256269 256277 764
256269 256278 990
261789 256277 955
256278 256269 990
256278 256282 1746
256284 256282 1216
256284 256285 751
256346 256285 1732
256287 256286 406
256288 256286 880
256312 256294 1105
256546 259077 152
259078 259077 396
256554 256556 809
256565 256556 750
256557 256559 809
256561 256559 805
256562 256559 1532
256569 256570 4888
256821 256822 894
256821 261183 2318
261187 261183 804
256822 256821 894
256822 256823 513
256824 256823 536
256875 256876 2881
238875 238932 3469
238933 238932 4630
263639 263642 437
263643 263642 2032
238921 238883 3030
255458 255457 1340
238279 262282 4743
263097 262282 844
243411 238307 894
238264 238282 3325
238264 238288 9149
238281 238282 5213
238271 238288 301
238271 238289 489
238289 238271 489
238289 238288 419
256872 256878 434
257037 257040 445
257043 257040 1372
257054 257041 628
257054 257053 746
257053 257054 746
257053 257056 518
257053 261774 801
257056 257053 518
257056 257057 418
257059 257058 1335
257126 257058 1494
257126 257141 511
257141 257126 511
257141 257129 475
257143 257142 2476
257143 257144 580
261170 238920 311
238492 238890 4439
238889 238890 4306
238688 238689 801
238690 238691 2020
238945 238916 8001
238950 238949 444
239024 239025 1030
239028 239025 882
244681 244684 1112
244687 244684 131
238971 239019 2858
238976 239019 1582
263319 263318 178
263320 263318 411
239177 239030 979
239178 239030 1202
239041 239040 5683
239042 239040 1274
239045 239044 274
239046 239044 2529
257913 257915 683
257916 257915 233
262797 257930 819
257884 257926 2466
257923 257926 746
238815 238814 4604
238816 238819 2796
238820 238805 378
238820 238819 1591
238820 238821 459
238805 238806 4
238805 238806 4
238805 238820 378
238821 238806 628
238821 238820 459
239100 239098 1054
238791 238794 9593
238795 238794 2069
242846 242847 1784
242850 239093 1522
242850 242849 1409
242851 239093 1027
242861 242856 1233
242863 242856 1069
242863 242864 1109
242864 242863 1109
242864 242866 861
242875 242897 75
242732 242737 6424
242948 242947 1850
242974 242953 1418
243061 242953 1919
242955 242954 1860
242961 242954 561
261530 261534 956
261133 261519 768
261905 242756 1193
261906 242756 1244
242758 242760 806
242761 242760 1679
243269 243267 10654
243349 243346 53
243349 243346 53
243349 243350 1065
264173 263628 1030
243346 243347 377
243346 243349 53
243346 243349 53
243360 243359 3483
261377 243387 393
261379 243387 2353
261375 261373 3907
261380 261373 1318
261358 261330 1849
261358 261359 51
243367 261330 236
261329 261330 1495
261340 261341 318
244861 244860 2613
244861 261342 724
244861 261343 1100
261346 261342 1092
244860 244649 50
244860 244861 2613
244897 244898 905
244907 244898 515
244887 244899 201
244888 244889 1556
244888 244899 762
244885 244889 671
244905 244889 834
244986 244994 835
261356 235632 2513
261356 256548 203
244918 244917 2270
245300 245309 610
245067 245069 1355
245067 245331 1063
263906 263897 296
245069 245067 1355
245069 245068 1434
245077 245078 1231
245080 245032 598
245080 245048 968
245080 245081 1669
245080 245082 1246
245183 245184 784
245120 245125 898
245120 245185 1376
245121 245116 690
245121 245125 758
245121 245126 1386
245116 245121 690
245116 245124 2177
245128 245124 1940
245128 245129 867
245129 245128 867
245129 245131 895
245132 245131 1184
245141 245207 743
245208 245207 1949
245208 245209 793
245216 245209 796
245216 245221 2205
245215 245212 786
245215 245214 2197
245215 245220 1053
245032 245031 1407
245032 245080 598
245048 245031 545
245048 245080 968
245048 245082 1283
245044 245040 237
261880 245040 2008
245218 245217 499
245221 245216 2205
245221 245220 762
245240 245239 1237
245246 245239 801
245246 245243 192
245574 245239 1470
245242 245241 325
245243 245241 782
245243 245246 192
245598 245599 629
245610 245601 1131
245608 245611 1076
245628 245611 2509
245639 245641 828
245650 245641 1042
245807 245805 543
236361 245812 6683
245817 245827 788
245830 245829 825
245830 245857 3568
245857 245830 3568
245857 245853 788
245857 245858 736
245858 245853 1124
245858 245857 736
243150 243149 1041
243150 243151 831
243150 243157 639
243172 243179 585
243181 243179 435
243181 243193 578
243188 243183 747
243188 243189 152
243189 243157 336
243189 243188 152
243189 243191 1936
243190 243191 184
243148 243153 255
243157 243150 639
243157 243158 323
243157 243189 336
242824 242823 461
242996 242826 3035
242873 242877 1573
242992 242990 1060
242992 243004 114
242990 242992 1060
242990 261996 1489
261997 261996 209
243003 243026 830
243028 243026 261
243051 243052 473
243051 243113 700
264277 243052 2085
243113 243051 700
243113 243114 1010
243121 243119 1387
243122 243119 985
261531 243174 894
264293 244045 438
264294 244045 170
263841 264291 58
245890 245887 713
246735 247925 2140
246734 246739 2410
246734 247924 3682
246729 246739 949
246742 246741 3326
247932 247931 2644
312
248060
248087
248055
248056
248077
248085
255385
235975
256211
256239
256214
256241
256248
256261
256441
256487
256448
248131
248312
255559
255585
255573
