1838
78801 78803 474
66985 66976 138
66988 66987 476
66993 66991 2578
66993 66992 938
66950 66946 1523
66950 66949 778
60397 60396 601
60397 60399 1111
77047 60463 1634
77047 77771 2398
77052 77773 502
77045 77780 605
77774 77773 1014
66823 66818 3722
66823 66832 1624
67002 67000 935
67002 67003 1392
67002 77768 1140
67005 77769 635
60527 60525 944
60520 60399 4278
60520 60522 1473
60536 60506 524
60536 78437 779
60533 60510 961
60533 60535 1976
60535 60533 1976
60535 77703 1951
60549 60551 1286
66883 60605 1559
66883 66881 1225
60608 60605 702
60608 77736 1181
66891 66893 901
66911 66893 1932
66911 66912 889
70690 64517 672
70707 64517 2459
70707 70706 1014
70709 70710 1689
70709 70712 782
70705 70702 581
70705 70706 1103
66912 66895 1843
66912 66911 889
66915 66914 1357
66915 76978 1945
66920 66919 562
70702 70704 508
70702 70705 581
64544 64542 356
70696 76569 295
63002 62997 1172
63002 63004 1037
63002 76010 995
63015 57679 7
63015 64451 2782
63017 62948 3466
63017 63020 3507
64497 64504 1121
64497 64504 1121
64493 64492 1170
64493 64527 811
64528 64529 1248
64482 64474 711
64482 64479 1225
64491 64485 924
64491 64492 873
63031 63032 1249
78822 63036 660
78822 78823 1331
64552 64504 1348
63035 63036 4072
63035 64589 591
64602 64592 632
64602 64605 650
64603 64610 740
64637 64636 1835
64637 64638 1696
64620 64614 227
64627 64626 1185
64627 64630 1565
64690 64630 996
64670 64669 1897
64670 64671 676
64670 64672 1004
64672 63469 685
64672 64670 1004
64628 64626 1897
64628 64630 1104
63481 63475 852
63481 63482 556
63474 63473 374
63474 63475 782
63479 63477 232
63497 63471 642
63468 63460 2044
63468 63467 1487
63489 63486 782
63489 63487 356
63491 63488 809
63485 63484 344
63485 63486 445
64210 64208 676
64210 64209 1780
64210 64213 2007
64222 64211 778
64222 64224 632
64225 64213 676
64182 64180 2481
64182 64297 1150
64182 64298 4909
74924 77321 1532
77906 77907 899
77906 77908 1205
74936 74937 1023
74051 74046 237
74054 74052 498
74054 74055 671
74061 74063 783
74061 74066 532
74096 73385 924
74096 74097 853
74096 74099 2153
74100 74037 782
74171 74170 662
74181 74184 514
74183 74141 1175
74183 74173 896
74878 74917 831
74878 74972 977
74915 74916 929
74915 74926 1425
74883 74916 1892
74883 74917 838
77735 74992 2979
74480 74460 851
74480 74502 598
74463 74457 476
74463 74457 476
74486 74485 1508
74486 74487 1068
74532 74533 789
74551 74533 4097
74221 74161 682
74221 74989 891
74222 74160 698
74222 75047 1560
74222 75067 443
75068 75059 1619
75068 75066 650
75071 75059 559
75071 75060 1762
75060 75058 752
75060 75064 1346
75060 75071 1762
75065 75064 789
75065 75102 955
75065 75112 789
75084 75085 795
75084 75086 1718
75084 75113 881
75089 75114 1121
75089 75116 1357
76146 76147 556
76146 76179 3211
76257 76258 3805
87253 76261 1377
87253 87255 949
87308 87309 592
76215 76214 602
76210 76211 1393
76210 76219 344
76109 76103 472
76109 76117 466
76112 76105 243
76112 76113 992
76223 76101 1351
76223 76225 740
87210 87211 344
87210 87247 632
87254 87930 1623
75027 75028 581
74769 74719 809
78280 78281 1394
78280 78282 1485
74710 74708 1951
74710 74720 1279
74711 74708 740
74711 77295 183
74212 74210 1268
74212 74214 9377
74556 74555 556
74556 74558 831
74563 74560 905
74574 74575 752
74614 74621 475
74619 74618 650
74619 74621 892
74624 74626 2358
74624 74627 592
75441 75452 3681
75442 74626 848
75442 74628 2519
75301 75292 2989
74537 74493 4208
74498 74489 559
74498 74490 2087
74567 74554 4781
74500 74497 3670
74500 74501 1077
74570 74554 4578
74570 74569 1024
74566 74564 796
74566 74571 672
74594 74595 333
74594 74595 333
74615 74616 1644
74615 74617 809
74630 74629 1213
74632 74633 607
74632 74741 905
74740 74741 2193
74750 74774 1032
74750 74775 554
170346 170336 2450
170346 170347 667
171714 170347 2535
171714 171715 778
171714 171728 2363
171737 172606 318
171728 171714 2363
171728 171729 140
170343 170320 2447
170343 170336 889
170343 170344 1000
170344 170337 2450
170344 170343 1000
170344 170397 778
170408 170397 2450
170408 170407 889
171758 170407 2533
171758 171757 778
171768 170412 778
171768 171757 2363
171770 170412 2532
171770 171769 889
171772 171773 445
171772 171774 2197
171914 171915 889
171902 171901 889
171902 171915 2447
171897 171896 667
171897 171901 2366
171774 171772 2197
171774 171775 667
171774 171896 2534
171942 171940 3446
171942 171945 436
171956 171955 506
171956 171999 3223
171997 171996 506
171997 171999 506
171989 171988 889
171986 171915 2366
171986 171987 781
171986 171988 2534
171946 171945 436
171946 171949 3449
171951 171949 506
171951 171952 2890
171951 171958 422
171960 171958 3449
171960 171963 684
171953 171955 338
171953 172001 3227
171977 171976 506
171977 172002 3223
172000 171995 889
172000 172001 338
172000 172002 506
171968 172014 553
171974 171973 506
171974 172010 1222
171940 171941 2778
171940 171942 3446
171940 171947 422
95851 95858 1004
95865 95871 2712
95865 95872 1153
96183 96642 5008
96186 96187 1514
96186 96190 1576
96221 96217 983
96221 96222 884
96221 96223 2091
96221 96224 3068
96190 96186 1576
96190 96188 905
96661 96216 1140
96661 96662 1267
96216 96661 1140
96216 96695 890
96217 96221 983
96217 96695 2104
96222 96221 884
96222 96231 2641
96228 96227 1120
96228 96229 1210
96230 96229 1395
96230 96232 1353
96227 96228 1120
96227 96287 1628
96232 96230 1353
96232 96231 1768
96288 96229 599
96288 96287 1055
96792 96790 677
96821 96822 1029
96821 96823 650
96823 96821 650
96823 96824 1030
96835 96834 873
96837 96847 139
96837 96851 1322
96847 96837 139
96847 96844 354
96855 97050 421
96855 97051 1357
97271 97245 390
97271 97280 447
97271 97438 599
97223 97232 524
97223 97245 588
97049 97050 1000
97056 97050 682
97058 97057 789
97058 97068 1559
97068 97058 1559
97068 97069 475
97190 97144 1641
97190 103191 782
97192 97197 1823
97226 97216 1628
97226 97227 2057
97226 102403 1927
99685 99684 1115
99685 99686 2737
99697 99686 1027
99697 99700 452
99703 99700 1948
99703 99704 1577
99708 99709 1837
99708 99710 1103
99958 99956 1432
99967 99969 667
99880 99879 1677
99880 99935 2755
99926 99878 650
99926 99894 3293
99976 99879 1677
99976 99881 2223
99986 99980 1447
99986 99988 893
102793 102792 614
99959 99873 1365
99959 99966 2005
99968 99993 4423
99968 100003 2933
99992 100002 682
100507 100005 1120
100507 100508 2164
100508 100507 2164
100508 100509 1168
100510 100509 1357
100516 100003 5130
100014 99993 2979
100014 100015 2684
100518 100016 3118
100518 100519 2682
100519 100518 2682
100519 100523 3120
100587 100584 552
100587 100588 650
100591 100592 322
100591 100596 505
100562 100551 1146
102374 102375 1581
102374 102376 2020
101208 101209 1848
101208 101422 751
101424 101209 475
100556 100554 1108
100556 100557 253
100557 100552 1410
100557 100556 253
100550 100549 3386
100550 102498 856
102789 102788 1070
101512 101508 1181
101459 101456 672
101444 101446 418
101474 101453 2460
101460 101456 1904
101458 101457 2910
101458 101472 517
101454 101453 948
101450 101439 1275
101450 101451 837
101510 101508 279
101449 101448 1343
101449 101451 976
101449 101453 1055
101040 101039 581
101040 101042 1734
101023 101387 1385
101023 101388 1323
101399 101396 337
101399 101400 452
101400 100894 2551
101400 101399 452
101400 101404 1458
101392 101386 1675
101392 103082 2562
101324 101306 2297
101324 101310 1796
101331 101168 1343
101331 101332 2259
101339 103009 1463
101310 101308 2598
101310 101324 1796
101328 101308 2648
101328 101329 1438
101329 101307 4469
101329 101328 1438
101312 101316 637
101314 101054 4648
101314 101315 2092
101309 101307 782
101309 101316 1424
101354 101352 1210
101354 101356 2106
101349 101356 1284
101365 101250 336
101365 101361 948
101243 101242 1282
101243 101264 837
101853 101252 1267
101281 101282 1141
101281 101283 1009
101264 101243 837
101264 101266 1552
101274 101259 1307
101274 101266 2363
101280 101502 1855
101280 101505 435
101286 101283 418
101502 101259 1035
101502 101280 1855
101502 101501 1375
101503 101501 1799
101503 101504 713
101296 101289 1410
100908 100907 3886
100908 100925 713
100914 100910 1786
100914 100915 988
100920 100913 960
100920 100919 2133
117673 117674 667
117673 117679 6297
117689 117679 930
117689 118381 624
117684 117685 3857
121702 121701 3018
121702 121721 613
121720 121719 1674
121720 121727 1673
121720 121730 2402
117671 117668 1284
117671 117679 3133
117648 117647 1114
117648 117766 2352
117665 117661 2679
117665 117666 1257
117724 117654 4244
117724 117710 3390
117724 117728 8077
117771 117765 1939
117771 117769 2948
117789 117769 1942
117789 117790 892
117789 117792 504
117794 117800 1375
117607 117608 266
117607 117609 2846
117880 118322 481
117893 117892 606
121751 121946 760
121751 121954 525
121956 121954 808
121956 121961 1072
121942 121941 374
121942 121943 730
121959 130105 758
121959 130141 552
121951 121952 790
121951 121961 1629
121951 122102 890
121741 121710 374
121741 121713 650
121698 121692 606
121698 121950 252
121711 121708 1967
121711 121736 2084
121740 121710 612
121740 121743 1010
121975 121972 1086
127656 127754 395
127656 127755 275
127656 127833 534
121927 121926 2020
121927 121972 2059
121927 121973 928
121933 121925 3029
121933 121934 959
118276 118274 374
124119 124118 2552
124119 124133 837
124119 124251 2625
124231 124118 747
124231 124233 376
124262 124251 697
124262 124264 1889
124263 124264 558
124263 124298 829
118035 118043 928
118035 118045 404
118042 118043 789
118042 118044 518
118042 118062 1067
118259 118249 474
118259 118260 747
118259 118261 1075
118259 118270 5318
118088 118075 674
118089 118095 3024
118134 118133 977
118134 118135 1949
118140 118135 891
118140 118141 811
118140 118158 2015
124302 124298 474
124302 124304 1081
124304 124301 808
124304 124302 1081
124317 124312 986
124317 124354 673
124357 124358 1735
124357 124359 837
124504 124495 276
124511 124503 553
124511 124510 558
124542 124543 789
124524 124497 1498
124529 124531 924
124693 124619 613
124693 124694 477
124693 124695 511
120290 120289 1642
120290 132482 1744
120157 120156 404
120157 120159 613
120161 120164 202
124756 124755 1075
124756 124758 1085
120175 120172 2277
120175 120176 3688
124568 124534 2423
124558 124559 1308
120206 120203 674
60338 60339 739
120221 60362 782
120221 77031 989
120221 120220 1364
120301 66768 1277
120301 120298 1613
120196 120197 374
66941 66939 2625
66941 66942 2270
66960 66962 1796
66960 66990 3033
66942 66941 2270
66942 66945 1551
66975 66976 751
78803 78801 474
66976 66975 751
66976 66985 138
66987 66977 869
66987 66988 476
66987 66992 482
66991 66989 837
66991 66990 1068
66991 66993 2578
66992 66978 1104
66992 66987 482
66992 66993 938
66946 66944 1060
66946 66947 1427
66946 66950 1523
66946 77760 3272
66949 66948 1114
66949 66948 1114
66949 66950 778
60396 60392 3631
60396 60397 601
60399 60397 1111
60399 60517 1037
60399 60520 4278
60463 60457 1027
60463 60460 1601
60463 60469 2294
60463 77047 1634
77771 77047 2398
77771 77772 450
77773 77052 502
77773 77772 538
77773 77774 1014
77780 77045 605
77780 77777 1244
66818 66819 2516
66818 66823 3722
66818 66824 591
66818 77050 169
66832 66823 1624
66832 66829 1072
66832 66997 957
67000 67001 768
67000 67002 935
67000 77767 980
67003 67002 1392
77768 67002 1140
77769 67005 635
60525 60524 693
60525 60526 1581
60525 60527 944
60522 60519 796
60522 60520 1473
60522 60523 905
60506 60504 286
60506 60536 524
78437 60536 779
60510 60509 306
60510 60533 961
60510 76535 726
77703 60535 1951
77703 60607 1575
77703 76539 1430
60551 60549 1286
60551 60552 867
60551 60597 1623
60551 76979 1964
60605 60598 1887
60605 60608 702
60605 66883 1559
66881 66882 1604
66881 66883 1225
66881 66894 401
77736 60608 1181
66893 66891 901
66893 66895 895
66893 66911 1932
64517 64516 1004
64517 70690 672
64517 70707 2459
64517 77738 1910
70706 64516 2375
70706 70705 1103
70706 70707 1014
70710 70709 1689
70712 70709 782
66895 66893 895
66895 66912 1843
66914 66915 1357
66914 66917 1225
76978 66915 1945
66919 66917 1111
66919 66920 562
66919 66929 1453
70704 64516 2915
70704 70702 508
70704 76475 700
64542 64541 437
64542 64543 889
64542 64544 356
76569 70696 295
62997 60328 1561
62997 62925 3095
62997 63000 476
62997 63002 1172
63004 63002 1037
63004 63003 698
63004 64449 1274
76010 63000 1222
76010 63002 995
76010 63006 300
57679 57680 2647
57679 60464 1301
57679 63015 7
64451 63015 2782
64451 64452 144
64451 69295 1192
64451 78300 1571
62948 62949 4487
62948 63008 1458
62948 63016 2274
62948 63017 3466
63020 63017 3507
64504 64497 1121
64504 64497 1121
64504 64552 1348
64492 64491 873
64492 64493 1170
64492 64523 1102
64527 64493 811
64527 64526 984
64529 64528 1248
64474 64472 1103
64474 64476 1111
64474 64482 711
64479 64478 445
64479 64481 685
64479 64482 1225
64485 64483 848
64485 64489 1708
64485 64491 924
63032 63030 984
63032 63031 1249
63032 77849 3990
63036 63035 4072
63036 77848 1316
63036 78822 660
78823 77848 416
78823 78822 1331
78823 78824 397
64589 63035 591
64589 64588 477
64592 64590 1083
64592 64602 632
64592 64604 3184
64605 64602 650
64605 64606 2967
64605 64608 830
64610 64603 740
64610 64608 1525
64610 64609 2481
64636 64609 581
64636 64621 1020
64636 64637 1835
64638 64637 1696
64614 64607 507
64614 64615 149
64614 64620 227
64626 64618 2376
64626 64627 1185
64626 64628 1897
64630 64627 1565
64630 64628 1104
64630 64690 996
64669 63463 874
64669 64616 818
64669 64670 1897
64671 63464 796
64671 63469 1114
64671 64670 676
63469 63460 632
63469 64671 1114
63469 64672 685
63475 63474 782
63475 63476 452
63475 63481 852
63482 63481 556
63473 63443 1951
63473 63472 562
63473 63474 374
63473 63477 1358
63477 63470 1750
63477 63473 1358
63477 63479 232
63471 63467 893
63471 63470 1272
63471 63497 642
63460 63459 1512
63460 63466 1812
63460 63468 2044
63460 63469 632
63467 63466 1225
63467 63468 1487
63467 63470 1682
63467 63471 893
63486 63450 1778
63486 63485 445
63486 63489 782
63487 63452 930
63487 63488 1454
63487 63489 356
63488 63487 1454
63488 63491 809
63488 64211 519
63484 63449 1788
63484 63476 1000
63484 63485 344
64208 64207 1004
64208 64210 676
64208 64212 1225
64209 63455 356
64209 64205 761
64209 64210 1780
64213 64204 685
64213 64210 2007
64213 64225 676
64211 63455 437
64211 63488 519
64211 64222 778
64224 64222 632
64180 64179 688
64180 64182 2481
64297 64182 1150
64297 64299 3893
64297 64300 1107
64297 64301 2002
64298 64182 4909
64298 64287 8423
77321 74924 1532
77321 74927 730
77907 77906 899
77908 77906 1205
74937 74936 1023
74937 74938 1117
74046 74041 777
74046 74049 802
74046 74051 237
74052 74047 406
74052 74053 275
74052 74054 498
74055 74054 671
74055 74056 594
74055 74057 546
74055 74057 546
74063 74061 783
74066 74060 625
74066 74061 532
74066 74068 741
73385 73210 761
73385 74033 1906
73385 74096 924
74097 73387 519
74097 74096 853
74097 74098 2171
74099 74096 2153
74099 74098 769
74099 74106 2138
74099 74107 900
74037 74034 1032
74037 74100 782
74037 74108 1830
74170 74121 359
74170 74171 662
74170 74172 1078
74184 74181 514
74141 74120 3463
74141 74140 4604
74141 74183 1175
74173 74172 1881
74173 74174 988
74173 74174 988
74173 74183 896
74917 74878 831
74917 74883 838
74917 74918 1845
74917 74919 1751
74972 74878 977
74916 74883 1892
74916 74915 929
74916 74919 748
74916 77325 785
74926 74915 1425
74992 74991 1990
74992 77735 2979
74992 78739 1113
74460 74461 571
74460 74465 509
74460 74480 851
74502 74480 598
74457 74458 1161
74457 74463 476
74457 74463 476
74485 74227 1634
74485 74486 1508
74487 74486 1068
74487 74488 956
74487 74489 789
74533 74496 3048
74533 74532 789
74533 74551 4097
74161 74160 1882
74161 74221 682
74161 74991 805
74989 74221 891
74989 78738 944
74160 74161 1882
74160 74222 698
74160 75013 885
74160 75046 1619
75047 74222 1560
75047 75046 789
75047 75050 1751
75047 75051 698
75067 74222 443
75067 75066 486
75067 78272 853
75059 75051 789
75059 75058 1682
75059 75068 1619
75059 75071 559
75066 75051 1615
75066 75067 486
75066 75068 650
75058 75057 748
75058 75059 1682
75058 75060 752
75058 75063 1416
75064 75060 1346
75064 75063 698
75064 75065 789
75064 75101 955
75102 75065 955
75102 75101 789
75102 75103 942
75102 75104 650
75112 75065 789
75112 75104 942
75112 75113 478
75112 75115 2368
75085 75084 795
75086 75084 1718
75113 75084 881
75113 75112 478
75113 75114 2144
75114 75089 1121
75114 75113 2144
75114 75115 685
75116 75089 1357
76147 76122 1105
76147 76146 556
76147 76149 288
76179 76146 3211
76179 76178 1455
76179 76749 995
76258 76257 3805
76258 76259 2329
76258 76260 1702
76258 76261 1561
76261 76258 1561
76261 87253 1377
87255 87253 949
87255 87256 398
87255 87257 916
87309 87308 592
87309 87315 4908
76214 76215 602
76211 76210 1393
76219 76209 451
76219 76210 344
76219 76218 1939
76103 76100 1173
76103 76105 467
76103 76109 472
76117 76109 466
76105 75175 577
76105 76103 467
76105 76112 243
76113 76112 992
76101 76100 348
76101 76221 584
76101 76223 1351
76225 76223 740
87211 87201 2002
87211 87210 344
87211 87247 520
87247 87172 4004
87247 87210 632
87247 87211 520
87930 87254 1623
87930 87929 1675
87930 87971 344
87930 87973 1184
75028 75027 581
75028 75030 476
74719 74718 675
74719 74769 809
74719 74776 3317
78281 78280 1394
78281 78283 833
78281 78284 1406
78282 78280 1485
74708 74707 1815
74708 74710 1951
74708 74711 740
74720 74710 1279
74720 77302 165
74720 77302 165
77295 74711 183
77295 77296 489
74210 74205 476
74210 74212 1268
74214 73651 17631
74214 74212 9377
74555 74554 782
74555 74556 556
74555 74569 3980
74558 74556 831
74558 74560 1897
74558 74565 670
74560 74558 1897
74560 74561 1279
74560 74563 905
74575 74571 1724
74575 74574 752
74575 74595 2095
74621 74614 475
74621 74619 892
74621 74625 977
74618 74617 713
74618 74619 650
74618 74620 812
74626 74624 2358
74626 75442 848
74626 75443 1310
74627 74624 592
74627 74628 773
74627 74634 1817
75452 75441 3681
75452 75453 3263
75452 77327 311
74628 74627 773
74628 75442 2519
75292 75290 356
75292 75301 2989
74493 74494 955
74493 74495 977
74493 74537 4208
74489 74487 789
74489 74497 698
74489 74498 559
74490 74491 1674
74490 74498 2087
74490 74557 1486
74554 74555 782
74554 74567 4781
74554 74570 4578
74497 74489 698
74497 74496 374
74497 74500 3670
74501 74494 3705
74501 74500 1077
74501 74503 674
74569 74555 3980
74569 74564 1667
74569 74570 1024
74564 74565 1069
74564 74566 796
74564 74569 1667
74571 74561 1068
74571 74566 672
74571 74575 1724
74595 74575 2095
74595 74594 333
74595 74594 333
74616 74615 1644
74617 74615 809
74617 74618 713
74617 74629 475
74629 74617 475
74629 74620 1556
74629 74630 1213
74633 74632 607
74633 74637 3095
74633 74751 713
74741 74632 905
74741 74740 2193
74741 74752 2473
74774 74750 1032
74774 74753 2064
74774 74775 1088
74775 74718 1075
74775 74750 554
74775 74774 1088
170336 170317 2447
170336 170335 778
170336 170343 889
170336 170346 2450
170347 170335 2447
170347 170340 889
170347 170346 667
170347 171714 2535
171715 170340 2532
171715 171714 778
171715 171716 782
171715 171738 2363
172606 171722 851
172606 171737 318
171729 171728 140
171729 171730 338
171729 171731 344
170320 170309 2365
170320 170317 889
170320 170337 1111
170320 170343 2447
170337 170320 1111
170337 170338 2363
170337 170344 2450
170337 170396 667
170397 170344 778
170397 170396 2447
170397 170398 778
170397 170408 2450
170407 170398 2447
170407 170408 889
170407 170409 782
170407 171758 2533
171757 170409 2448
171757 170411 889
171757 171758 778
171757 171768 2363
170412 170411 2366
170412 170413 672
170412 171768 778
170412 171770 2532
171769 171770 889
171773 171772 445
171915 171902 2447
171915 171914 889
171915 171916 889
171915 171986 2366
171901 171897 2366
171901 171900 782
171901 171902 889
171901 171916 2447
171896 171774 2534
171896 171895 672
171896 171897 667
171896 171900 2279
171775 171774 667
171945 171942 436
171945 171946 436
171945 171947 3557
171955 171953 338
171955 171956 506
171955 171998 3224
171999 171956 3223
171999 171997 506
171999 171998 591
171996 171987 2450
171996 171988 778
171996 171994 889
171996 171997 506
171988 171986 2534
171988 171989 889
171988 171996 778
171987 171916 2457
171987 171986 781
171987 171991 1000
171987 171996 2450
171949 171946 3449
171949 171947 506
171949 171950 2779
171949 171951 506
171952 171951 2890
171958 171951 422
171958 171959 2890
171958 171960 3449
171958 171961 675
171963 171960 684
171963 171961 3560
171963 171966 518
172001 171953 3227
172001 171998 422
172001 172000 338
171976 171977 506
172002 171977 3223
172002 172000 506
171995 171994 2363
171995 172000 889
172014 171968 553
171973 171974 506
172010 171974 1222
171941 171940 2778
171947 171940 422
171947 171945 3557
171947 171949 506
95858 95851 1004
95871 95865 2712
95871 95872 1877
95872 95865 1153
95872 95871 1877
96642 96183 5008
96187 96186 1514
96223 96221 2091
96224 96221 3068
96224 96231 1114
96188 96190 905
96662 96661 1267
96695 96216 890
96695 96217 2104
96231 96222 2641
96231 96224 1114
96231 96232 1768
96229 96228 1210
96229 96230 1395
96229 96288 599
96287 96227 1628
96287 96288 1055
96790 96792 677
96822 96821 1029
96824 96823 1030
96834 96835 873
96851 96837 1322
96844 96847 354
97050 96855 421
97050 97049 1000
97050 97056 682
97051 96855 1357
97245 97223 588
97245 97271 390
97280 97271 447
97438 97271 599
97232 97223 524
97057 97058 789
97069 97068 475
97144 97190 1641
103191 97190 782
97197 97192 1823
97216 97226 1628
97227 97226 2057
102403 97226 1927
99684 99685 1115
99686 99685 2737
99686 99697 1027
99700 99697 452
99700 99703 1948
99704 99703 1577
99709 99708 1837
99710 99708 1103
99956 99958 1432
99969 99967 667
99879 99880 1677
99879 99881 1819
99879 99976 1677
99935 99880 2755
99935 99881 1664
99878 99926 650
99894 99926 3293
99881 99879 1819
99881 99935 1664
99881 99976 2223
99980 99986 1447
99988 99986 893
102792 102793 614
99873 99959 1365
99966 99959 2005
99993 99968 4423
99993 100014 2979
100003 99968 2933
100003 100516 5130
100002 99992 682
100002 100005 1628
100005 100002 1628
100005 100507 1120
100005 100509 1889
100509 100005 1889
100509 100508 1168
100509 100510 1357
100015 100014 2684
100016 100518 3118
100523 100519 3120
100584 100587 552
100588 100587 650
100592 100591 322
100596 100591 505
100551 100549 1836
100551 100562 1146
102375 102374 1581
102376 102374 2020
101209 101208 1848
101209 101424 475
101422 101208 751
100554 100552 603
100554 100556 1108
100552 100554 603
100552 100557 1410
100549 100550 3386
100549 100551 1836
102498 100550 856
102788 102789 1070
101508 101504 1032
101508 101510 279
101508 101512 1181
101456 101457 1014
101456 101459 672
101456 101460 1904
101446 101444 418
101446 101448 1029
101446 101453 940
101453 101446 940
101453 101449 1055
101453 101454 948
101453 101474 2460
101457 101456 1014
101457 101458 2910
101472 101458 517
101439 101450 1275
101451 101449 976
101451 101450 837
101448 101446 1029
101448 101449 1343
101039 101040 581
101042 101040 1734
101387 101023 1385
101388 101023 1323
101396 101399 337
100894 101400 2551
101404 101400 1458
101386 101392 1675
103082 101392 2562
101306 101324 2297
101168 101331 1343
101332 101331 2259
103009 101339 1463
101308 101307 1949
101308 101310 2598
101308 101328 2648
101307 101308 1949
101307 101309 782
101307 101329 4469
101316 101309 1424
101316 101312 637
101054 101314 4648
101054 101352 2815
101315 101314 2092
101352 101054 2815
101352 101354 1210
101356 101349 1284
101356 101354 2106
101250 101365 336
101361 101365 948
101242 101243 1282
101252 101853 1267
101282 101281 1141
101283 101281 1009
101283 101286 418
101266 101264 1552
101266 101274 2363
101259 101274 1307
101259 101502 1035
101505 101280 435
101501 101502 1375
101501 101503 1799
101504 101503 713
101504 101508 1032
101289 101296 1410
100907 100908 3886
100925 100908 713
100910 100913 1269
100910 100914 1786
100915 100914 988
100913 100910 1269
100913 100920 960
100919 100920 2133
117674 117673 667
117679 117671 3133
117679 117673 6297
117679 117689 930
118381 117689 624
117685 117684 3857
121701 121702 3018
121721 121702 613
121719 121720 1674
121719 121727 1858
121727 121719 1858
121727 121720 1673
121730 121720 2402
117668 117671 1284
117647 117648 1114
117766 117648 2352
117661 117665 2679
117666 117665 1257
117654 117724 4244
117710 117724 3390
117728 117724 8077
117765 117771 1939
117769 117771 2948
117769 117789 1942
117790 117789 892
117792 117789 504
117800 117794 1375
117608 117607 266
117609 117607 2846
118322 117880 481
117892 117893 606
121946 121751 760
121946 121943 659
121954 121751 525
121954 121956 808
121961 121951 1629
121961 121956 1072
121941 121942 374
121943 121942 730
121943 121946 659
130105 121959 758
130141 121959 552
121952 121951 790
122102 121951 890
121710 121708 2234
121710 121740 612
121710 121741 374
121713 121741 650
121692 121698 606
121950 121698 252
121708 121710 2234
121708 121711 1967
121736 121711 2084
121743 121740 1010
121972 121927 2059
121972 121975 1086
127754 127656 395
127754 127833 139
127755 127656 275
127833 127656 534
127833 127754 139
121926 121927 2020
121973 121927 928
121925 121933 3029
121934 121933 959
118274 118276 374
124118 124119 2552
124118 124231 747
124133 124119 837
124251 124119 2625
124251 124262 697
124233 124231 376
124264 124262 1889
124264 124263 558
124298 124263 829
124298 124302 474
118043 118035 928
118043 118042 789
118045 118035 404
118044 118042 518
118062 118042 1067
118249 118259 474
118260 118259 747
118261 118259 1075
118270 118259 5318
118075 118088 674
118095 118089 3024
118133 118134 977
118135 118134 1949
118135 118140 891
118141 118140 811
118158 118140 2015
124301 124304 808
124312 124317 986
124354 124317 673
124358 124357 1735
124359 124357 837
124495 124504 276
124503 124511 553
124510 124511 558
124543 124542 789
124497 124524 1498
124531 124529 924
124619 124693 613
124694 124693 477
124695 124693 511
120289 120290 1642
132482 120290 1744
120156 120157 404
120159 120157 613
120164 120161 202
124755 124756 1075
124758 124756 1085
120172 120175 2277
120176 120175 3688
124534 124568 2423
124559 124558 1308
120203 120206 674
60339 60338 739
60362 120221 782
77031 120221 989
120220 120221 1364
66768 120301 1277
120298 120301 1613
120197 120196 374
66939 66941 2625
66962 66960 1796
66990 66960 3033
66990 66991 1068
66945 66942 1551
66945 66948 562
66977 66987 869
66989 66978 981
66989 66991 837
66978 66989 981
66978 66992 1104
66944 66946 1060
66947 66946 1427
77760 66946 3272
66948 66945 562
66948 66949 1114
66948 66949 1114
60392 60396 3631
60517 60399 1037
60457 60463 1027
60460 60463 1601
60469 60463 2294
77772 77771 450
77772 77773 538
77777 77780 1244
66819 66818 2516
66824 66818 591
77050 66818 169
66829 66832 1072
66997 66832 957
67001 67000 768
77767 67000 980
60524 60525 693
60526 60525 1581
60519 60522 796
60523 60522 905
60504 60506 286
60509 60510 306
60509 76535 459
76535 60509 459
76535 60510 726
60607 76979 999
60607 77703 1575
76539 77703 1430
60552 60551 867
60597 60551 1623
60597 60598 1436
76979 60551 1964
76979 60607 999
60598 60597 1436
60598 60605 1887
66882 66881 1604
66894 66881 401
64516 64517 1004
64516 70704 2915
64516 70706 2375
77738 64517 1910
66917 66914 1225
66917 66919 1111
66929 66919 1453
76475 70704 700
64541 64542 437
64543 64542 889
60328 62997 1561
62925 62997 3095
63000 62997 476
63000 76010 1222
63003 63004 698
64449 63004 1274
63006 76010 300
57680 57679 2647
60464 57679 1301
64452 64451 144
69295 64451 1192
78300 64451 1571
62949 62948 4487
63008 62948 1458
63016 62948 2274
64523 64492 1102
64526 64527 984
64472 64474 1103
64476 64474 1111
64478 64479 445
64481 64479 685
64483 64485 848
64489 64485 1708
63030 63032 984
77849 63032 3990
77848 63036 1316
77848 78823 416
78824 78823 397
64588 64589 477
64590 64592 1083
64604 64592 3184
64604 64606 936
64604 64607 1867
64606 64604 936
64606 64605 2967
64606 64621 338
64608 64605 830
64608 64609 2782
64608 64610 1525
64609 64608 2782
64609 64610 2481
64609 64636 581
64621 64606 338
64621 64636 1020
64607 64604 1867
64607 64614 507
64615 64614 149
64618 64616 1086
64618 64626 2376
63463 63464 905
63463 64669 874
64616 64618 1086
64616 64669 818
63464 63463 905
63464 64671 796
63476 63475 452
63476 63484 1000
63443 63473 1951
63472 63473 562
63470 63467 1682
63470 63471 1272
63470 63477 1750
63459 63460 1512
63466 63460 1812
63466 63467 1225
63450 63449 672
63450 63486 1778
63452 63487 930
63449 63450 672
63449 63484 1788
64207 64205 782
64207 64208 1004
64212 64204 893
64212 64208 1225
63455 64209 356
63455 64211 437
64205 64207 782
64205 64209 761
64204 64212 893
64204 64213 685
64179 64180 688
64299 64297 3893
64300 64297 1107
64301 64297 2002
64287 64298 8423
74927 74919 3286
74927 77321 730
74938 74937 1117
74041 74046 777
74049 74046 802
74047 74052 406
74053 74052 275
74056 74055 594
74057 74055 546
74057 74055 546
74057 74060 359
74060 74057 359
74060 74066 625
74068 74066 741
73210 73385 761
74033 73385 1906
73387 74097 519
74098 74097 2171
74098 74099 769
74106 74099 2138
74107 74099 900
74034 74037 1032
74108 74037 1830
74121 74120 477
74121 74170 359
74172 74170 1078
74172 74173 1881
74172 74174 893
74120 74121 477
74120 74140 1163
74120 74141 3463
74140 74120 1163
74140 74141 4604
74174 74172 893
74174 74173 988
74174 74173 988
74918 74917 1845
74919 74916 748
74919 74917 1751
74919 74927 3286
77325 74916 785
74991 74161 805
74991 74992 1990
74991 75013 2094
78739 74992 1113
74461 74460 571
74465 74460 509
74458 74457 1161
74227 74485 1634
74488 74487 956
74496 74494 685
74496 74497 374
74496 74533 3048
78738 74989 944
75013 74160 885
75013 74991 2094
75046 74160 1619
75046 75047 789
75050 75047 1751
75050 75057 698
75051 75047 698
75051 75057 1751
75051 75059 789
75051 75066 1615
78272 75067 853
75057 75050 698
75057 75051 1751
75057 75058 748
75063 75058 1416
75063 75064 698
75101 75064 955
75101 75102 789
75103 75102 942
75104 75102 650
75104 75112 942
75115 75112 2368
75115 75114 685
76122 76147 1105
76149 76147 288
76178 76179 1455
76749 76179 995
76259 76258 2329
76260 76258 1702
87256 87255 398
87256 87257 518
87257 87255 916
87257 87256 518
87315 87309 4908
76209 76219 451
76218 76219 1939
76100 76101 348
76100 76103 1173
75175 76105 577
76221 76101 584
87201 87211 2002
87172 87247 4004
87929 87930 1675
87971 87930 344
87973 87930 1184
75030 75028 476
74718 74719 675
74718 74775 1075
74776 74719 3317
78283 78281 833
78284 78281 1406
74707 74708 1815
77302 74720 165
77302 74720 165
77296 77295 489
74205 74210 476
73651 74214 17631
74565 74558 670
74565 74564 1069
74561 74560 1279
74561 74571 1068
74625 74621 977
74620 74618 812
74620 74629 1556
75443 74626 1310
74634 74627 1817
75453 75452 3263
77327 75452 311
75290 75292 356
74494 74493 955
74494 74496 685
74494 74501 3705
74495 74493 977
74495 74503 2513
74491 74490 1674
74557 74490 1486
74503 74495 2513
74503 74501 674
74637 74633 3095
74637 74751 2388
74751 74633 713
74751 74637 2388
74752 74741 2473
74753 74774 2064
170317 170320 889
170317 170336 2447
170335 170336 778
170335 170347 2447
170340 170347 889
170340 171715 2532
171716 171715 782
171716 171722 2447
171738 171715 2363
171738 171731 333
171722 171716 2447
171722 172606 851
171730 171729 338
171731 171729 344
171731 171738 333
170309 170320 2365
170309 170338 1000
170338 170309 1000
170338 170337 2363
170396 170337 667
170396 170397 2447
170398 170397 778
170398 170407 2447
170409 170407 782
170409 171757 2448
170411 170412 2366
170411 171757 889
170413 170412 672
171916 171901 2447
171916 171915 889
171916 171987 2457
171900 171896 2279
171900 171901 782
171895 171896 672
171998 171955 3224
171998 171999 591
171998 172001 422
171994 171991 2447
171994 171995 2363
171994 171996 889
171991 171987 1000
171991 171994 2447
171950 171949 2779
171959 171958 2890
171961 171958 675
171961 171963 3560
171966 171963 518
652
78801
66985
66988
66993
66950
60397
77047
77052
77045
77774
66823
67002
67005
60527
60520
60536
60533
60535
60549
66883
60608
66891
66911
70690
70707
70709
70705
66912
66915
66920
70702
64544
70696
63002
63015
63017
64497
64493
64528
64482
64491
63031
78822
64552
63035
64602
64603
64637
64620
64627
64690
64670
64672
64628
63481
63474
63479
63497
63468
63489
63491
63485
64210
64222
64225
64182
74924
77906
74936
74051
74054
74061
74096
74100
74171
74181
74183
74878
74915
74883
77735
74480
74463
74486
74532
74551
74221
74222
75068
75071
75060
75065
75084
75089
76146
76257
87253
87308
76215
76210
76109
76112
76223
87210
87254
75027
74769
78280
74710
74711
74212
74556
74563
74574
74614
74619
74624
75441
75442
75301
74537
74498
74567
74500
74570
74566
74594
74615
74630
74632
74740
74750
170346
171714
171737
171728
170343
170344
170408
171758
171768
171770
171772
171914
171902
171897
171774
171942
171956
171997
171989
171986
171946
171951
171960
171953
171977
172000
171968
171974
171940
95851
95865
96183
96186
96221
96190
96661
96216
96217
96222
96228
96230
96227
96232
96288
96792
96821
96823
96835
96837
96847
96855
97271
97223
97049
97056
97058
97068
97190
97192
97226
99685
99697
99703
99708
99958
99967
99880
99926
99976
99986
102793
99959
99968
99992
100507
100508
100510
100516
100014
100518
100519
100587
100591
100562
102374
101208
101424
100556
100557
100550
102789
101512
101459
101444
101474
101460
101458
101454
101450
101510
101449
101040
101023
101399
101400
101392
101324
101331
101339
101310
101328
101329
101312
101314
101309
101354
101349
101365
101243
101853
101281
101264
101274
101280
101286
101502
101503
101296
100908
100914
100920
117673
117689
117684
121702
121720
117671
117648
117665
117724
117771
117789
117794
117607
117880
117893
121751
121956
121942
121959
121951
121741
121698
121711
121740
121975
127656
121927
121933
118276
124119
124231
124262
124263
118035
118042
118259
118088
118089
118134
118140
124302
124304
124317
124357
124504
124511
124542
124524
124529
124693
120290
120157
120161
124756
120175
124568
124558
120206
60338
120221
120301
120196
66941
66960
66942
66975
171976
172002
171995
172014
171973
172010
171947
95871
95872
96642
96223
96224
96188
96695
96790
96834
96844
97050
97051
97245
97144
97197
97216
97227
102403
99684
99700
99704
99710
99956
99969
99935
99878
99894
99980
99988
102792
99873
99993
100002
100015
100016
100523
100584
100551
101209
100554
100552
100549
102788
101508
101457
101439
101451
101448
101039
101042
101387
101388
101396
100894
101404
101386
103082
101306
101168
101054
101352
101356
101250
101361
101242
101252
101283
101259
101501
101504
101289
100925
100910
100915
100913
121701
121719
121727
121730
117668
117647
117766
117661
117666
117654
117710
117728
117765
117769
117800
117608
117609
117892
121946
121954
121961
121941
121943
130105
121952
121713
121692
121950
121708
121972
127754
127833
121926
121925
121934
118274
124133
124251
124264
118043
118045
118044
118062
118249
118260
118261
118270
118075
118095
118133
118135
118141
118158
124301
124312
124354
124359
124495
124503
124497
124619
120289
132482
120156
120159
120164
124755
124758
120172
124534
120203
60362
77031
66768
120298
66939
66962
66990
66945
66977
66989
66978
66944
66947
60392
60517
60457
60460
60469
77777
66819
66824
77050
66829
67001
60524
60519
60504
60509
76535
60607
76539
60552
60597
60598
64516
66917
66929
64541
60328
62925
63000
63003
64449
63006
57680
60464
64452
69295
78300
62949
63008
63016
64523
64526
64472
64478
64483
64489
63030
77848
64588
64590
64621
64607
64615
64618
63463
64616
63464
63476
63443
63472
63470
63459
63466
63450
63452
63449
64207
64212
63455
64205
64204
64179
64299
64300
64301
64287
74927
74938
74041
74047
74053
74060
73210
74033
73387
74098
74107
74034
74140
74918
74919
78739
74465
74458
74227
75013
75046
75050
75057
75063
75101
75103
75104
75115
76122
76149
76178
76259
76260
87256
87257
87315
76209
76218
76100
75175
76221
87201
87172
87929
87971
87973
74718
74776
78283
77296
74205
73651
74561
74620
74634
75453
77327
75290
74495
74503
74637
74751
74753
170317
170335
170340
171716
171738
171722
171731
170309
170338
170396
170398
170409
170411
171916
171900
171994
171991
171961
171966
