538
177121 177120 1675
177121 177123 932
177111 177113 517
176996 177012 418
177014 177013 2573
177101 177107 778
176970 177162 677
177163 177164 926
177163 177165 782
177167 177161 333
177167 177165 333
177028 177027 673
177028 177049 1445
177047 177048 1334
177047 177049 682
177046 177048 589
177046 177059 2468
177217 177215 1467
177217 177218 849
177217 177220 1897
177008 177015 796
177008 177126 1864
177008 177128 893
177027 177028 673
177027 177052 1014
177027 177128 1771
177184 177183 747
177186 177183 355
177186 177185 474
177188 177202 418
177192 177193 517
177207 177205 2611
177207 177209 418
176113 177183 1603
176219 176207 2628
176219 176220 1146
176219 176222 1698
176107 176108 2682
176107 176128 1140
176107 176213 698
176202 176201 841
176202 176213 1120
176201 176202 841
176201 176208 984
176201 176214 951
176206 176205 511
176206 176209 424
176207 176205 984
176207 176210 1293
176207 176219 2628
176205 176206 511
176205 176207 984
176205 176208 1161
175147 175148 546
175147 176959 106
177201 176959 1505
177201 177198 562
177194 177198 474
176966 176967 782
176966 176967 782
177161 177165 667
177161 177167 333
177216 177214 870
177216 177224 1612
177168 177193 2543
175011 175012 1891
175014 175015 562
176850 176867 1454
176864 175017 1938
176864 176863 713
176865 175012 1009
173880 174949 610
175010 175001 2004
175010 175009 1337
174984 174894 3296
174984 185781 2477
174970 174972 1932
176768 176767 1140
176768 176767 1140
174959 185689 590
176820 176814 203
176820 176819 445
211359 211338 364
211359 211360 395
165083 165095 1014
165262 165349 563
165232 165233 1375
165232 165273 1269
165268 165267 1017
165268 165273 1375
165265 165266 818
165265 165271 1580
165272 165270 3585
165272 165274 3630
165437 165436 1004
165437 165438 518
165440 165441 933
167286 167293 1307
167286 167304 1226
167319 167318 850
167319 167342 796
167309 165441 1180
167309 167324 2286
167325 167326 1389
167343 167342 1095
167343 167344 475
166548 166558 2224
166549 166558 683
166549 167317 2224
167294 167295 790
167294 167313 168
167295 167294 790
167295 167314 871
165056 165124 238
165134 165111 871
165134 165115 562
165112 165111 581
165098 165097 1458
165101 165097 818
164478 164479 556
164478 164480 778
164481 165141 600
165138 165137 758
165138 165141 1780
165118 165107 953
165118 165117 650
165149 165150 1636
165149 165151 552
165136 165137 344
165136 165148 828
165148 165136 828
165148 165147 562
164452 164800 817
164799 164798 1334
164799 164800 1182
164798 164799 1334
164798 164801 850
164804 164805 1185
164804 164848 562
164836 164838 600
165153 165152 848
165153 165197 2402
165335 157784 433
165335 165334 758
165341 165163 600
165341 165342 672
165353 165352 1813
165197 165153 2402
165197 165198 1032
165197 165380 2216
165142 165144 752
165142 165163 344
164732 164737 581
164725 164809 475
164733 164734 169
164733 164817 872
164734 164733 169
164734 164821 610
164736 164737 710
164736 164782 1188
164736 164822 767
164738 164737 511
211397 211403 583
211505 211507 686
211507 211505 686
211507 211528 750
211528 211507 750
212187 212205 640
212205 212187 640
211403 211397 583
114201 114207 1447
114207 114201 1447
107449 107448 1499
107448 107449 1499
115849 115854 680
115854 115849 680
191700 191967 950
191967 191700 950
191729 192745 1662
192745 191729 1662
192768 192770 3057
192770 192768 3057
114721 114731 1483
114731 114721 1483
109818 109817 2971
109817 109818 2971
109899 109924 756
109924 109899 756
111086 111315 672
111315 111086 672
111315 111317 788
111317 111315 788
111317 111328 672
111328 111317 672
111330 111332 889
111332 111330 889
103350 103347 677
103347 103350 677
111679 111680 778
111680 111679 778
111680 111685 782
111685 111680 782
111685 111687 778
111687 111685 778
111695 111646 788
111695 111698 778
111698 111695 778
111651 111649 826
111637 111639 889
111646 111695 788
111639 111637 889
111649 111651 826
104311 104312 975
104312 104311 975
104364 104363 806
104363 104364 806
39541 39548 581
39548 39541 581
39203 39200 511
39200 39203 511
104843 104852 765
104852 104843 765
104922 104997 750
104994 104924 1585
104924 104994 1585
104997 104922 750
39365 39362 939
39362 39365 939
40812 40910 2068
40910 40812 2068
55230 55192 1560
48345 48339 677
48366 48357 713
48357 48366 713
48339 48345 677
48885 48846 900
48886 48903 1696
48903 48886 1696
48845 48842 1629
48846 48885 900
48865 48864 713
48864 48865 713
48842 48845 1629
131483 131478 1055
131478 131483 1055
131509 131508 747
131507 131508 713
131508 131507 713
131508 131509 747
54445 54514 2291
54514 54445 2291
54514 54520 2353
54557 54562 3666
54562 54557 3666
54590 54593 404
54590 54595 1903
54593 54590 404
54520 54514 2353
54595 54590 1903
55192 55230 1560
144497 144493 2336
144497 144508 2512
144508 144497 2512
144508 144545 2775
144545 144508 2775
150503 150617 1683
150499 150498 508
150498 150499 508
150617 150503 1683
150617 150622 1695
150622 150617 1695
150655 150648 1367
150648 150655 1367
140273 140365 845
140365 140273 845
140189 140368 1981
140368 140189 1981
141865 141867 2383
144493 144497 2336
141867 141865 2383
142096 142105 825
142105 142096 825
142105 142103 890
142102 142103 856
142103 142102 856
142103 142105 890
142074 142587 1866
142587 142074 1866
142548 142549 319
142549 142548 319
144501 142551 798
142551 144501 798
204847 204855 797
204855 204847 797
204855 204856 756
204856 204855 756
144557 144558 904
144558 144557 904
144712 144717 759
144564 144713 681
144713 144564 681
144717 144712 759
145108 145110 1341
145110 145108 1341
145110 145125 1168
145125 145110 1168
145554 145599 830
145599 145554 830
145605 145619 738
145619 145605 738
145619 145620 756
145620 145619 756
145795 145797 753
145801 145791 865
145791 145801 865
145797 145795 753
151478 151479 751
151479 151478 751
207894 207895 1367
207895 207894 1367
205175 208692 1089
208692 205175 1089
208746 208745 237
208745 208746 237
211176 211331 1477
211331 211176 1477
211338 211359 364
180461 180459 1254
180459 180461 1254
167109 167214 789
167214 167109 789
166765 166785 1179
166785 166765 1179
166785 166786 933
166786 166785 933
166786 167010 1095
167010 166786 1095
167030 167021 556
167021 167030 556
180377 180376 827
180376 180377 827
179674 179673 2578
179677 179679 2967
179673 179674 2578
179679 179677 2967
182111 182104 445
182095 182104 445
182104 182095 445
182104 182111 445
182179 182197 1496
182197 182179 1496
152951 152980 376
152980 152951 376
152369 152370 427
152370 152369 427
155536 155547 948
155547 155536 948
176109 176108 984
176109 176110 1334
155595 155598 738
155598 155595 738
176110 176109 1334
177124 177123 1454
177120 177121 1675
177123 177121 932
177123 177124 1454
177113 177111 517
177012 176996 418
177013 177014 2573
177013 177015 556
177013 177107 1116
177107 177013 1116
177107 177101 778
177162 176970 677
177164 177163 926
177165 177161 667
177165 177163 782
177165 177167 333
177049 177028 1445
177049 177047 682
177048 177046 589
177048 177047 1334
177059 177046 2468
177059 177218 765
177215 177214 765
177215 177217 1467
177218 177059 765
177218 177217 849
177220 177217 1897
177015 177008 796
177015 177013 556
177126 177008 1864
177128 177008 893
177128 177027 1771
177052 177027 1014
177183 176113 1603
177183 177184 747
177183 177186 355
177185 176222 751
177185 177186 474
177202 177188 418
177193 177168 2543
177193 177192 517
177205 177207 2611
177209 177207 418
176220 176219 1146
176222 176219 1698
176222 177185 751
176108 176107 2682
176108 176109 984
176128 176107 1140
176213 176107 698
176213 176202 1120
176208 176201 984
176208 176205 1161
176208 176210 1034
176214 176201 951
176209 176206 424
176210 176207 1293
176210 176208 1034
175148 175147 546
176959 175147 106
176959 177201 1505
177198 177194 474
177198 177201 562
176967 176966 782
176967 176966 782
177214 177215 765
177214 177216 870
177224 177216 1612
175012 175011 1891
175012 175017 1334
175012 176865 1009
175015 175014 562
176867 176850 1454
175017 175012 1334
175017 176864 1938
176863 176864 713
174949 173880 610
175001 175010 2004
175009 175010 1337
174894 174984 3296
185781 174984 2477
174972 174970 1932
176767 176768 1140
176767 176768 1140
185689 174959 590
176814 176819 354
176814 176820 203
176819 176814 354
176819 176820 445
211360 211359 395
165095 165083 1014
165349 165262 563
165233 165232 1375
165273 165232 1269
165273 165268 1375
165267 165266 1774
165267 165268 1017
165266 165265 818
165266 165267 1774
165271 165265 1580
165271 165270 893
165270 165271 893
165270 165272 3585
165270 165274 1032
165274 165270 1032
165274 165272 3630
165436 165437 1004
165438 165437 518
165441 165440 933
165441 167309 1180
167293 167286 1307
167304 167286 1226
167318 167319 850
167342 167319 796
167342 167326 1454
167342 167343 1095
167324 167309 2286
167326 167325 1389
167326 167342 1454
167344 167343 475
166558 166548 2224
166558 166549 683
167317 166549 2224
167317 167313 683
167313 167294 168
167313 167317 683
167314 167295 871
165124 165056 238
165124 165115 906
165111 165112 581
165111 165134 871
165115 165124 906
165115 165134 562
165097 165098 1458
165097 165101 818
164479 164478 556
164480 164478 778
165141 164481 600
165141 165138 1780
165137 165136 344
165137 165138 758
165107 165118 953
165117 165118 650
165150 165149 1636
165151 165149 552
165147 165148 562
164800 164452 817
164800 164799 1182
164800 164801 818
164801 164798 850
164801 164800 818
164801 164809 1531
164805 164804 1185
164848 164804 562
164838 164836 600
165152 165153 848
157784 165335 433
165334 165335 758
165163 165142 344
165163 165341 600
165342 165341 672
165352 165353 1813
165198 165197 1032
165380 165197 2216
165144 165142 752
164737 164732 581
164737 164736 710
164737 164738 511
164809 164725 475
164809 164801 1531
164817 164733 872
164821 164734 610
164821 164822 1426
164782 164736 1188
164822 164736 767
164822 164821 1426
976
177121
177111
176996
177014
177101
176970
177163
177167
177028
177047
177046
177217
177008
177027
177184
177186
177188
177192
177207
176113
176219
176107
176202
176201
176206
176207
176205
175147
177201
177194
176966
177161
177216
177168
175011
175014
176850
176864
176865
173880
175010
174984
174970
176768
174959
176820
211359
165083
165262
165232
165268
165265
165272
165437
165440
167286
167319
167309
167325
167343
166548
166549
167294
167295
165056
165134
165112
165098
165101
164478
164481
165138
165118
165149
165136
165148
164452
164799
164798
164804
164836
165153
165335
165341
165353
165197
165142
164732
164725
164733
164734
164736
164738
164771
164742
164746
164595
164584
211387
211397
195335
211400
211505
211191
211383
211399
211507
211528
211538
211537
211545
211560
211564
211561
211574
212180
212182
212186
212187
212205
212243
211395
211403
211442
212471
212512
161412
164588
161430
212518
212532
212254
212258
212264
212451
114380
114322
114324
114218
114221
114201
114207
114214
114568
114016
114191
114023
114036
119123
119467
119198
119310
118562
118565
119387
119343
119380
114857
114936
115010
115005
115019
92009
92011
92022
92028
92065
92059
92072
102182
94413
92208
92291
92275
92280
115807
115815
92402
92406
92315
92316
105805
107031
107091
107022
107035
107087
107211
107124
107201
107176
106963
107120
107419
107449
107448
107453
107436
107446
107504
107514
107479
109494
92820
92956
92961
93036
93037
92848
92803
92805
116019
115788
115849
115854
92730
92517
115831
115861
191889
191537
191903
190884
190902
190900
190893
191700
191967
191662
191716
191729
192745
192752
192743
190879
191553
191891
192006
191823
191895
191841
191949
191866
192730
192737
192768
192770
193847
194015
194059
190967
192717
194248
192808
192813
114071
114365
114367
114721
114728
114731
109464
109774
109516
109808
109794
109802
109811
109791
109818
109817
109899
109912
109924
109929
109938
109933
109910
109892
109904
103362
105186
111032
110978
111008
111083
111074
111086
111315
111317
111328
111330
111332
111333
111336
103350
111290
103334
111361
111482
111498
111496
111505
111503
103347
111539
111555
111557
111527
103698
111679
111680
111685
111687
111706
111695
111719
111698
111763
111642
111651
111637
111634
111646
111639
111438
111440
111454
111649
111703
111660
113583
111779
104299
104136
104145
104119
104122
112881
112882
112753
104311
104350
104312
104361
104364
104363
50476
39224
39521
39511
39541
39548
39553
39556
39520
39522
39203
104735
104739
104283
104285
39158
39191
39181
39200
104843
104850
104852
104377
104379
104810
104897
104899
104919
104922
104487
104994
104924
104997
39545
39339
39285
39328
39365
39387
39362
39417
39421
39432
39430
39486
40442
40463
40467
40494
40603
40453
40473
40476
40562
40564
40475
40374
40384
50259
50407
50409
40823
40824
40827
40834
40846
40848
40856
40907
40909
40577
40586
40812
40816
40910
55230
55239
55241
55243
55422
55429
41625
40817
50384
48383
48409
48531
48550
48556
48345
48366
48357
48371
48373
41631
48339
48580
48698
48699
48702
48704
50272
48731
48884
48885
48585
48587
48886
48903
48845
48846
48840
48865
48864
48873
48878
48954
48955
48842
48239
48983
48993
48992
49009
49011
49032
48313
131366
131372
48312
48388
131367
131370
131385
131479
131483
131478
131509
131507
131652
131508
131655
131746
131777
131778
131833
131834
131842
131828
54364
54411
54417
54416
54427
54445
54514
54368
54552
54557
54562
54584
54590
54593
52743
52744
53778
54520
54527
54728
54595
53864
53913
53914
53950
53772
56773
53935
55153
55154
55192
144497
144508
144543
144684
144545
144682
150503
150499
150498
150617
150622
150655
150648
140291
150730
150646
140272
140273
140365
140189
140368
140433
140440
140446
141865
142536
142546
144493
141867
141879
141915
141937
141896
141933
141939
141954
151749
142111
142114
142132
142096
142105
142088
142102
142103
150721
142064
142065
142070
142074
142587
142591
142615
142624
142722
142736
142740
142548
142549
144501
142551
142775
142771
142772
142777
144783
56362
56363
204526
204701
204533
204709
196123
204771
204730
204735
204796
204801
204847
204857
204855
204856
204866
144694
144685
144705
144557
144558
144711
144712
144564
144713
144717
145037
145041
145042
145043
145049
145054
145108
145110
145125
145494
145498
145529
145543
145544
145554
145599
145602
145605
145619
145620
145795
145796
145801
145791
145792
145881
145693
145882
145797
145845
145849
145859
145873
145877
146083
146089
146100
151478
151479
151485
149091
151804
150368
151571
146115
151570
204463
204442
207894
207895
208648
208644
213041
214820
208689
208690
208696
208682
208683
208685
205175
205283
208678
208691
208692
208677
208712
208720
208734
208735
208738
208739
211114
211116
208746
208745
211166
211176
211331
211338
185565
180417
180461
180430
180459
180450
166539
166561
166582
166584
166569
166586
166565
167548
167347
167348
166743
166745
166728
162530
167238
152547
162531
162534
167109
167110
167124
167219
167241
167214
166752
166767
166780
166789
166741
166765
166785
166786
167010
167026
167030
167021
167022
167051
167063
167094
152418
152434
162535
152415
152426
152445
180128
180377
180376
180361
180373
179674
179677
179673
179679
180164
180167
182322
173561
185272
182331
182338
182074
182108
182113
182111
182095
182096
182097
182104
182179
182197
182272
182277
182287
182307
152336
152953
152957
152951
152993
153001
152937
152980
152322
152692
152714
152726
152733
152369
152371
152359
152357
152364
152370
152384
152449
152475
152485
153108
153135
155727
155703
155784
155776
155788
155969
155787
155751
153365
153137
153143
153205
153211
173536
175128
173599
173596
173576
173579
173533
173547
173552
173683
173684
173161
173209
173170
173197
185448
173875
185441
185706
152919
153046
153049
153090
153041
153056
155520
155535
155481
155536
155547
176109
176121
176147
176474
156244
176501
176176
176190
176525
176531
176141
176149
176152
176154
155657
155648
155650
155681
156296
156290
156321
156302
156325
156063
156297
156306
155641
155683
155622
155645
155539
155594
155595
155598
155605
155626
176110
177124
177120
177123
177107
177049
177048
177059
177215
177218
177015
177126
177128
177052
177185
177202
177193
177205
177209
176220
176108
176128
176213
176208
176214
176210
176959
177198
176967
177214
177224
175015
176867
175017
176863
174949
175001
175009
174894
174972
176767
176814
176819
211360
165095
165349
165233
165273
165267
165266
165271
165274
165436
165441
167293
167304
167318
167324
167326
166558
167317
167313
167314
165111
165115
165097
165141
165137
165107
165117
165151
165147
164800
164801
164805
164848
164838
165152
157784
165334
165163
165352
165198
165380
165144
164809
164817
164821
164782
164822
