4374
62598 62599 711
62598 62600 1300
62603 62612 1600
62603 62613 1169
60936 60935 303
60936 60937 1010
60946 60945 373
60946 78426 1206
76917 76929 573
76917 77610 2427
76935 76907 1169
76935 76928 2490
60952 60951 1807
60952 60956 476
60961 60956 1169
60961 60963 469
60889 60872 7244
60889 60890 1411
60958 60943 816
60958 61035 2004
61041 60907 1919
61040 60887 1561
61040 60907 6933
61086 61087 433
61123 61124 3352
61123 61127 1370
61017 76943 695
76912 76914 121
76912 78353 428
62734 62726 1058
62734 76560 1061
62723 62722 208
62723 62724 1261
62724 62723 1261
62724 62725 2611
62834 62832 929
62833 62832 2237
62833 62839 688
62837 62838 1032
62840 62839 818
62840 62862 452
62860 62858 769
62860 62859 2248
62862 62840 452
62862 62859 792
62858 62819 845
62858 62857 2248
62858 62860 769
62867 62823 1661
62867 62866 1234
62825 62823 1832
62825 63677 1940
62825 63682 984
63682 62825 984
63682 63678 2055
63682 63705 761
63717 63713 1083
63691 63689 818
63691 63690 874
63714 63689 1343
63714 63713 924
63702 63692 796
63702 63700 2022
63702 63703 672
63661 63606 1957
63761 63759 166
66074 66077 937
66074 66084 796
66079 66080 2043
66079 66081 848
66075 66077 1796
66075 66089 769
66076 66089 1669
66076 66090 202
64893 64892 1979
64893 66091 885
64893 66093 2044
66090 66076 202
66090 66092 297
64892 58131 752
64892 64893 1979
64923 64922 538
64923 64924 740
64925 58131 1077
64925 64924 1023
64925 64927 538
64922 64923 538
64922 64928 1365
64929 64928 740
64939 64930 2095
64939 64940 1077
64942 64945 1012
64942 64959 1922
64942 64961 1048
64952 64956 752
64952 64961 433
64952 64962 698
64956 64952 752
64956 64958 613
63866 63865 752
63866 63869 2201
63878 63875 1012
63878 63877 892
63878 63880 1396
63879 63877 977
63883 63869 660
62216 62215 752
62216 62218 1031
62216 62223 1632
62199 62198 1667
62199 62215 2358
62224 62223 1529
62224 62223 1529
62494 62467 1549
62494 62500 348
62501 62502 1366
62501 62504 1952
63664 63663 1899
63620 63611 1750
63620 63636 140
63621 63617 1761
63621 63619 762
63634 63633 1088
63634 63637 2674
63637 63634 2674
63637 63636 950
63830 63827 759
63830 63829 632
63830 63831 642
62332 61476 463
62332 62367 1287
62332 62418 1170
62366 61476 2168
62366 62368 813
62419 62420 1227
62419 62423 875
62419 62435 1807
62471 62469 337
62471 62472 1355
62495 62493 1481
62495 62500 400
62415 62538 659
62313 62314 4207
62313 62380 1012
62313 76769 502
65232 65234 651
62309 62308 3343
62309 78883 1080
57045 57042 374
57069 57073 338
57106 57118 3101
78072 78070 687
78075 78074 1763
78068 78069 5421
57021 57022 4837
78355 78476 777
57030 57031 1637
56998 56997 1980
56998 57010 3334
78452 78451 1345
65865 65872 1564
65877 65876 445
65932 78538 1514
65932 78538 1514
76898 60972 1203
76898 77006 605
65695 65690 1853
65695 65698 2267
65890 77393 310
65890 77393 310
68468 68546 1322
77214 65301 920
77214 78839 1198
78842 78208 437
65694 65687 1411
65298 65296 2079
65298 65609 2390
65311 65312 1456
65311 65313 1644
65262 65228 864
65262 65300 796
65295 65293 1358
65295 65294 2095
65292 65293 2836
65292 65294 1763
65413 65409 512
65413 65414 603
65446 65448 607
65464 65462 1014
65464 65465 342
65606 65607 1719
65606 65629 2973
65606 65631 1372
65629 65475 3656
65629 65606 2973
65629 65630 1015
65409 65413 512
65409 65415 1293
66128 66129 1068
66128 66134 929
66129 66128 1068
66129 66135 876
66129 66144 1536
66142 66144 679
66142 66146 2743
66219 66220 4143
66219 66223 2515
65468 65463 1108
65468 65465 2624
65474 65471 248
65474 65475 1954
65569 65570 522
65569 65571 420
66083 66081 892
66083 66088 853
66083 66130 885
66125 66131 1273
66125 66132 838
78255 78256 838
78255 78257 554
78256 78255 838
78256 78258 527
87355 87356 2449
87355 87432 1509
69214 69320 844
69214 69322 1865
69299 69300 2379
69299 69554 1568
69657 69656 380
69657 69804 1299
78224 87204 1358
78225 78226 2330
78225 78227 1353
78236 78235 998
78236 78241 2490
78236 78243 1050
87343 87344 806
87343 87345 641
84883 84888 245
87766 87764 1357
87766 88670 1486
88682 91126 853
87754 88695 2575
88702 86295 919
88702 88698 632
87756 87757 689
87759 87760 1301
87759 87761 632
88454 91117 1225
76400 76387 3578
76400 76388 3419
76400 76404 1333
84887 84888 781
84887 88670 925
88684 88670 740
88684 88692 1257
88255 88247 839
88255 88256 437
88247 88249 423
88247 88255 839
87354 87450 67
87446 87447 810
87446 87448 1603
87446 87456 882
87464 87467 5246
87462 87459 581
87462 87460 2334
87468 87469 1394
87468 87470 1140
87468 90829 476
88217 88218 258
88217 88219 563
88220 88203 3979
88220 88214 456
88222 88206 876
88222 88246 2833
88246 88207 853
88246 88222 2833
88212 88201 880
88780 88779 2327
89173 89172 1268
89173 89189 988
89172 89173 1268
89172 89177 988
89178 89177 848
89178 89186 512
88761 87762 876
88761 88692 1728
88703 88688 708
88703 88704 1893
88706 88704 688
88706 90842 712
88785 88786 1019
88748 88747 419
88748 91130 405
90843 90844 337
90843 90845 1205
84223 84231 999
84223 84233 1645
88816 88820 2475
84186 84187 2504
84186 84233 690
84188 84187 550
84188 84311 602
84308 84307 1303
84308 91131 851
88747 88748 419
88747 90845 1561
88282 88281 705
88282 88284 1424
88418 88417 770
88418 88430 1960
88416 88417 508
88416 88427 1187
88420 88916 688
88252 88201 500
88252 88389 1271
88396 88389 1100
88396 91121 666
88915 91430 419
88419 85209 2229
88419 88424 1149
88907 88906 3477
88907 91603 2235
84307 84308 1303
84307 91132 805
89474 89481 1122
89504 89482 1140
89504 89503 1086
89565 89503 2789
89565 89570 3848
89480 89481 1032
89480 89483 989
89486 89481 1720
89486 89484 1106
89488 89482 4385
89488 89505 633
89488 91231 223
91230 89493 578
88973 88759 851
88973 88972 2905
88988 88989 316
88988 88990 329
88906 88907 3477
88906 91603 2626
88914 88918 1162
88936 90858 860
91607 91608 539
91607 91935 753
88951 88952 1366
88951 88955 356
88959 88960 2790
88959 88962 2465
89071 89072 4264
89071 89108 1360
89092 89093 2715
89092 89132 2466
89059 89061 3159
91753 91754 2322
91753 91796 693
87171 80693 3545
89529 89528 2040
89529 89530 3426
89977 89594 3249
89977 89976 1956
90105 89998 1248
90105 91171 1562
89997 89996 1154
89997 89998 889
90098 90087 2689
58156 58157 314
73627 73539 1442
73627 73552 2024
73643 73644 1065
77231 73662 1366
73555 73548 848
73555 73556 554
73083 73644 928
73083 73662 1035
73527 66387 2882
73556 73555 554
73556 73557 1358
66244 66224 639
66244 66255 1068
66265 66261 2515
66265 66266 984
66270 66260 1149
66270 66271 951
66272 66271 698
66272 66382 2078
66382 66272 2078
66382 66381 1068
66400 66401 278
66400 66402 1056
66400 68783 1249
66420 66424 748
66420 66426 1624
66556 66559 712
66561 66559 688
66561 66562 1626
66449 66433 559
66449 66450 792
66573 66457 712
66580 66602 831
66603 66601 753
66603 66602 2759
66610 66601 2362
66610 66616 344
73612 73611 672
73829 73830 796
73828 73769 2444
73828 73830 1372
75740 75741 2477
75740 75742 3347
75393 75394 672
75393 75395 1040
75738 75739 1301
75395 75393 1040
75395 75744 3262
75436 75747 893
75436 75769 536
75745 75746 782
75745 75747 4330
75434 75438 1114
75435 75439 3561
75577 75578 989
75579 75439 925
75579 75607 2298
75584 76702 1582
75609 75608 649
75609 77350 258
73957 73956 556
73957 73958 1336
73979 74000 713
75720 73865 1923
75720 75721 1129
73865 73844 494
73865 73846 462
73865 75720 1923
74024 74023 2102
74024 75713 2161
74017 64137 1739
75715 76654 237
75715 78228 1142
76746 76758 548
79088 75733 789
79088 79091 1214
75776 75733 3374
75776 75778 2025
75777 75778 1762
75777 75779 1100
77330 77329 1007
75624 75625 782
75626 75625 1124
75626 75834 508
75626 75837 2894
75849 75852 672
75849 75908 770
75907 75912 202
63770 63771 182
63770 63773 542
76056 76057 1222
76056 76061 669
69643 63769 4127
69643 76349 668
69643 76355 2802
75662 75663 241
75662 75664 416
75662 75667 498
75666 75664 284
75666 75673 581
75675 75673 525
61187 69641 633
75922 75920 766
75937 76697 681
75937 76700 941
75701 76058 925
75701 76059 1097
170194 170192 518
170194 170195 556
170194 170208 1669
170205 170200 518
170208 170194 1669
170208 170200 2445
170208 170203 591
159892 159893 851
172841 172842 1215
172841 172843 936
172841 172844 817
100617 100615 435
100617 100616 373
100623 100616 3290
100623 100670 3482
100623 102151 5811
102152 102151 2418
100718 102356 720
100693 100685 2626
100693 102159 3204
102357 100746 1847
116734 116735 474
116430 116427 606
116736 116735 4041
116736 116739 2600
116738 116724 1815
116738 118424 1622
58339 58333 880
58339 58340 1256
58354 58357 1638
116823 116810 1144
116823 116822 752
58355 58357 1506
58355 58358 1023
58659 58358 2623
58659 58660 1169
58657 58658 1116
58657 58677 2358
58665 58660 2495
58665 58666 1030
58665 58667 1211
58677 58657 2358
58677 58679 1116
58677 58679 1116
58677 119549 1781
116794 116795 512
116794 116796 419
116822 116807 566
116822 116823 752
116601 116605 2689
116601 116606 650
116605 116601 2689
116605 116700 698
116608 116607 837
116608 116609 713
116701 116607 2891
116701 116700 977
119515 132316 2053
119557 119511 1749
119557 119520 1023
119557 119558 698
119561 119563 1684
119545 119568 2558
119545 119577 1111
119546 119547 1285
119546 119578 1348
119546 119579 672
119546 119580 1486
119547 119546 1285
119547 120092 1075
119547 120093 874
119590 119591 1561
119590 119599 1143
119602 119600 739
119635 119608 1087
119635 119641 1143
119641 119635 1143
119641 119640 1226
119651 119642 3090
119598 119599 874
119598 119600 1448
120124 120128 222
59474 59472 851
59474 59472 851
59474 59475 378
59480 59461 844
59480 59486 1576
59480 59487 954
59481 59484 1350
59481 59487 893
59483 59484 581
59483 59793 2109
59793 59483 2109
59793 59794 1004
59793 59796 1267
59799 59796 506
59799 59800 1576
119653 119644 1030
120114 59306 3304
120114 119644 1950
120114 120115 2286
119765 120118 475
120115 59417 1256
120115 120114 2286
120117 59422 984
120117 120119 1148
59506 59492 1414
59564 59504 1019
59564 59556 1345
56842 56843 550
56842 59507 253
59510 59824 562
59510 59836 338
59868 59869 667
59868 59870 1486
59868 59911 1435
59872 59870 747
59558 59559 2000
59558 59562 1066
59559 59556 475
59559 59558 2000
59559 59565 1143
59582 59580 601
59582 59585 2206
79037 79036 333
59725 59719 1391
59734 59733 1230
59826 59821 935
59373 59374 1102
59198 59199 951
59198 59204 935
59592 59591 594
59592 77572 1614
77569 77572 625
77569 77578 1468
59606 59607 3105
59606 59689 2561
59680 59679 222
59615 59612 1434
59615 59614 821
59710 59693 513
59694 59690 667
59694 59693 1836
58234 58231 419
58234 58235 2733
58527 58233 1116
58530 58526 1614
58530 58534 1489
60915 60916 1040
60915 60919 584
58222 58221 2755
58222 76680 3590
58524 56850 475
58524 58528 1617
58993 58643 3901
58993 58992 879
59008 59006 668
59003 59002 650
59003 59063 1140
59062 59002 1155
59062 59061 1000
59067 59066 1675
59067 59069 768
59067 59070 1234
61048 76526 567
59088 59085 809
59088 76527 2006
60693 60676 1749
60693 60692 789
60693 60701 811
60694 60698 1479
60694 60713 1535
60698 60694 1479
60698 60699 1718
60849 60850 893
60928 60929 1126
60928 77540 1697
60991 78292 942
59161 59158 1211
59161 59160 721
59171 59158 606
59143 59134 808
59143 59135 2407
59143 59164 908
59165 59134 1664
59165 59158 519
59169 59164 1769
59167 59150 782
59167 59164 684
59199 59198 951
59199 59206 818
59199 59208 954
59207 59206 713
59207 59213 955
62599 62598 711
62600 62598 1300
62600 62604 783
62600 62606 2200
62612 62603 1600
62612 62609 2103
62612 62615 799
62613 62603 1169
62613 62614 1345
62613 62615 2467
60935 60932 1287
60935 60936 303
60937 60936 1010
60945 60934 2845
60945 60944 1454
60945 60946 373
78426 60946 1206
76929 76917 573
76929 76921 838
76929 78051 2353
77610 76917 2427
76907 76906 856
76907 76906 856
76907 76935 1169
76928 76919 326
76928 76927 1530
76928 76935 2490
60951 60941 523
60951 60952 1807
60956 60952 476
60956 60954 551
60956 60955 1738
60956 60961 1169
60963 60954 1176
60963 60961 469
60963 60965 516
60872 60871 1124
60872 60889 7244
60890 60889 1411
60890 60893 3489
60943 60940 889
60943 60957 641
60943 60958 816
61035 60958 2004
61035 60959 767
60907 60906 337
60907 61040 6933
60907 61041 1919
60887 60884 14019
60887 61040 1561
60887 61077 1812
60887 61087 3207
61087 60887 3207
61087 61086 433
61087 77246 1347
61087 78500 85
61124 61123 3352
61124 61125 1408
61124 77835 2625
61127 61123 1370
61127 61125 1268
61127 61135 3879
61127 78364 2591
76943 61017 695
76943 76944 797
76943 78050 1488
76914 76912 121
78353 76912 428
62726 62721 870
62726 62721 870
62726 62734 1058
76560 62733 119
76560 62734 1061
62722 62721 1442
62722 62723 208
62722 62725 1152
62725 62721 342
62725 62722 1152
62725 62724 2611
62832 62830 581
62832 62833 2237
62832 62834 929
62839 62833 688
62839 62836 760
62839 62840 818
62838 62837 1032
62859 62857 769
62859 62860 2248
62859 62862 792
62819 62818 2127
62819 62824 1484
62819 62858 845
62857 62818 769
62857 62858 2248
62857 62859 769
62823 62816 1708
62823 62822 1121
62823 62825 1832
62823 62867 1661
62866 62822 2061
62866 62824 556
62866 62867 1234
63677 62816 1505
63677 62825 1940
63677 63669 1975
63677 63678 1056
63678 63677 1056
63678 63679 874
63678 63681 796
63678 63682 2055
63705 63682 761
63705 63712 904
63713 63688 1384
63713 63712 688
63713 63714 924
63713 63717 1083
63689 63688 818
63689 63691 818
63689 63714 1343
63690 63685 874
63690 63686 1505
63690 63691 874
63690 63692 713
63692 63690 713
63692 63699 2055
63692 63702 796
63700 63695 2103
63700 63699 688
63700 63701 688
63700 63702 2022
63703 63702 672
63606 63600 740
63606 63661 1957
63759 63760 565
63759 63761 166
66077 66074 937
66077 66075 1796
66077 66085 1114
66077 66095 686
66084 66074 796
66080 66079 2043
66081 66079 848
66081 66082 1394
66081 66083 892
66089 66075 769
66089 66076 1669
66089 66092 1632
66089 66094 686
66089 66096 1098
66091 64893 885
66091 66092 443
66091 66094 1222
66093 64893 2044
66093 66097 592
66093 66101 686
66092 66089 1632
66092 66090 297
66092 66091 443
58131 58130 2302
58131 64892 752
58131 64925 1077
58131 64926 812
64924 64923 740
64924 64925 1023
64927 64925 538
64927 64926 1117
64927 64928 1310
64927 64930 1149
64928 64922 1365
64928 64927 1310
64928 64929 740
64930 64927 1149
64930 64931 1170
64930 64939 2095
64940 64939 1077
64940 64943 1771
64940 64944 1900
64940 64945 698
64945 64940 698
64945 64942 1012
64945 64946 1980
64959 64942 1922
64959 64946 950
64959 64968 650
64959 64970 977
64961 64942 1048
64961 64952 433
64962 64952 698
64962 64958 838
64962 64965 675
64958 64956 613
64958 64962 838
64958 64966 607
63865 62218 1287
63865 63864 279
63865 63866 752
63869 63866 2201
63869 63868 1077
63869 63877 1396
63869 63883 660
63875 63861 875
63875 63863 1031
63875 63876 1170
63875 63878 1012
63877 63863 1012
63877 63869 1396
63877 63878 892
63877 63879 977
63880 63854 374
63880 63876 955
63880 63878 1396
62215 62199 2358
62215 62214 445
62215 62216 752
62218 62216 1031
62218 62219 538
62218 63865 1287
62223 62216 1632
62223 62224 1529
62223 62224 1529
62198 62197 1780
62198 62199 1667
62198 62211 1976
62467 62468 810
62467 62493 713
62467 62494 1549
62467 62496 929
62500 62494 348
62500 62495 400
62500 78461 479
62502 62501 1366
62502 62503 2979
62502 64986 1586
62504 62501 1952
63663 63632 3915
63663 63660 582
63663 63664 1899
63611 63609 1615
63611 63612 838
63611 63617 752
63611 63620 1750
63636 63615 650
63636 63620 140
63636 63637 950
63617 61895 789
63617 63611 752
63617 63616 1548
63617 63621 1761
63619 61895 1659
63619 63621 762
63619 63624 174
63619 63626 969
63633 63629 337
63633 63634 1088
63633 63656 1309
63827 63828 350
63827 63830 759
63829 62150 1127
63829 63830 632
63831 63830 642
61476 61477 1025
61476 62329 1343
61476 62332 463
61476 62366 2168
62367 62329 356
62367 62332 1287
62367 62365 1414
62418 62332 1170
62368 61477 2375
62368 62366 813
62368 62372 538
62368 62373 753
62420 62419 1227
62420 62421 1031
62423 62419 875
62423 62421 1396
62423 62433 478
62435 62419 1807
62435 62433 1301
62435 62436 1751
62469 62470 478
62469 62471 337
62469 62493 1088
62472 62471 1355
62472 77576 354
62472 78460 524
62493 62467 713
62493 62469 1088
62493 62495 1481
62538 62415 659
62314 62313 4207
62314 76770 196
62314 76771 2210
62380 62313 1012
62380 62321 1257
62380 62383 1349
76769 62303 874
76769 62303 874
76769 62313 502
65234 65232 651
65234 65235 356
65234 65300 3418
62308 62309 3343
62308 62310 4788
62308 78865 1869
78883 62309 1080
78883 78877 1548
78883 78905 346
57042 57043 838
57042 57045 374
57073 57069 338
57073 57075 1024
57073 57125 1347
57118 57106 3101
57118 57120 202
57118 78069 1098
57118 78692 93
78070 78071 837
78070 78072 687
78074 78075 1763
78069 57118 1098
78069 78068 5421
57022 57021 4837
57022 57023 1920
57022 57024 403
57022 77961 2533
78476 78355 777
78476 78451 4193
57031 57030 1637
57031 57032 4385
56997 56996 581
56997 56998 1980
57010 56998 3334
57010 57013 763
78451 57015 4438
78451 78452 1345
78451 78476 4193
65872 65865 1564
65872 65871 2039
65872 65873 2989
65876 65877 445
65876 65878 512
65876 65888 1032
78538 65932 1514
78538 65932 1514
78538 78539 857
60972 60971 1652
60972 76898 1203
77006 76898 605
77006 77007 67
77006 78541 1356
65690 65687 2977
65690 65691 1637
65690 65695 1853
65698 65695 2267
65698 65696 1877
65698 65715 2361
77393 65890 310
77393 65890 310
68546 68468 1322
65301 65300 419
65301 77214 920
78839 77214 1198
78839 78840 2104
78208 78209 1039
78208 78842 437
78208 78843 2617
65687 65688 664
65687 65690 2977
65687 65694 1411
65296 65297 1182
65296 65298 2079
65296 65299 715
65609 65298 2390
65609 65608 606
65312 65311 1456
65313 65311 1644
65228 65229 619
65228 65236 430
65228 65262 864
65300 65234 3418
65300 65262 796
65300 65301 419
65293 65292 2836
65293 65294 1558
65293 65295 1358
65294 65292 1763
65294 65293 1558
65294 65295 2095
65414 65413 603
65448 65418 709
65448 65446 607
65462 65438 2000
65462 65463 1954
65462 65464 1014
65465 65464 342
65465 65466 1211
65465 65468 2624
65607 65606 1719
65607 65621 2041
65631 65606 1372
65631 65651 2812
65631 77154 3757
65475 60363 3220
65475 65474 1954
65475 65629 3656
65630 65629 1015
65630 65638 792
65415 65409 1293
66134 66128 929
66134 66132 512
66134 66135 1347
66135 66129 876
66135 66134 1347
66135 66136 679
66135 66137 1486
66144 66129 1536
66144 66137 812
66144 66142 679
66144 66145 1536
66146 66142 2743
66146 66222 1122
66220 65586 1949
66220 66219 4143
66220 66221 512
66223 66219 2515
66223 66222 1088
65463 65461 882
65463 65462 1954
65463 65468 1108
65471 65470 1163
65471 65473 629
65471 65474 248
65570 65569 522
65571 65569 420
65571 65572 979
65571 65573 414
66088 66083 853
66088 66086 611
66088 66110 405
66130 66083 885
66130 66132 984
66130 66133 2007
66130 66147 614
66131 66125 1273
66132 66125 838
66132 66130 984
66132 66134 512
66132 66136 1644
78257 78255 554
78258 78256 527
87356 87355 2449
87432 87355 1509
87432 87433 892
87432 87450 741
69320 69214 844
69320 69321 677
69320 69579 843
69322 69214 1865
69322 69321 844
69322 70232 741
69300 69299 2379
69300 69811 1494
69300 70229 1093
69554 69299 1568
69554 69321 1528
69554 69635 983
69656 69657 380
69804 69657 1299
87204 78224 1358
87204 87203 4090
78226 78225 2330
78226 78241 992
78226 78568 1352
78227 78225 1353
78235 78236 998
78241 78226 992
78241 78236 2490
78241 78242 1926
78243 78236 1050
87344 87343 806
87345 87343 641
84888 84883 245
84888 84887 781
87764 87765 813
87764 87766 1357
88670 84887 925
88670 87766 1486
88670 88683 1182
88670 88684 740
91126 88682 853
88695 87754 2575
88695 88694 1563
88695 88696 785
86295 86294 389
86295 88702 919
88698 88699 951
88698 88702 632
88698 88788 1942
87757 87756 689
87760 87759 1301
87761 87759 632
91117 88454 1225
76387 76384 3381
76387 76386 790
76387 76388 712
76387 76400 3578
76388 76387 712
76388 76397 708
76388 76398 1086
76388 76400 3419
76404 76400 1333
76404 76401 598
76404 76405 1098
88692 88683 728
88692 88684 1257
88692 88761 1728
88256 88255 437
88249 88247 423
87450 87354 67
87450 87432 741
87450 87447 950
87447 87433 675
87447 87446 810
87447 87449 1401
87447 87450 950
87448 87441 1685
87448 87446 1603
87448 87449 883
87448 87455 598
87456 87446 882
87467 87464 5246
87459 87443 2264
87459 87462 581
87459 87562 419
87460 87461 1781
87460 87462 2334
87469 87468 1394
87470 87468 1140
87470 87471 603
87470 87472 818
90829 87468 476
88218 88217 258
88219 88217 563
88203 88202 1955
88203 88204 675
88203 88220 3979
88214 88213 2020
88214 88220 456
88214 88245 1739
88206 88204 755
88206 88207 2374
88206 88222 876
88207 88206 2374
88207 88208 713
88207 88246 853
88201 88202 1913
88201 88212 880
88201 88252 500
88779 83524 1658
88779 88780 2327
88779 89126 4254
88779 89188 2138
89189 89173 988
89189 89185 1310
89177 89172 988
89177 89178 848
89177 89185 554
89186 89178 512
87762 87763 1145
87762 88761 876
88688 88687 848
88688 88689 1922
88688 88703 708
88704 88689 659
88704 88703 1893
88704 88706 688
88704 90841 831
90842 88706 712
88786 88785 1019
91130 88748 405
90844 90843 337
90845 88747 1561
90845 90843 1205
90845 90846 476
84231 84223 999
84231 84232 1725
84231 88977 922
84233 84186 690
84233 84223 1645
84233 84232 954
84233 84313 1533
88820 88816 2475
88820 88983 861
84187 84186 2504
84187 84188 550
84187 84312 54
84311 84188 602
91131 84308 851
88281 87633 5993
88281 88282 705
88281 88285 1347
88284 88282 1424
88284 88283 3046
88284 88392 790
88417 88416 508
88417 88418 770
88417 88429 1592
88430 88418 1960
88430 88428 291
88430 88441 918
88427 88416 1187
88427 88425 1069
88427 88451 790
88916 88420 688
88389 88252 1271
88389 88276 626
88389 88396 1100
91121 88396 666
91430 88915 419
85209 85204 2125
85209 85208 2157
85209 88419 2229
88424 88419 1149
91603 88906 2626
91603 88907 2235
91603 91610 475
91132 84307 805
89481 89474 1122
89481 89480 1032
89481 89486 1720
89482 89483 1039
89482 89488 4385
89482 89504 1140
89503 89502 1417
89503 89504 1086
89503 89565 2789
89570 89502 452
89570 89565 3848
89570 90071 1576
89483 89480 989
89483 89482 1039
89483 89484 2497
89484 89483 2497
89484 89485 713
89484 89486 1106
89505 89488 633
89505 91232 436
91231 89488 223
91231 89492 777
89493 89492 1542
89493 89492 1542
89493 91230 578
88759 88757 2207
88759 88973 851
88759 89462 1125
88972 88973 2905
88972 88975 1200
88972 88984 627
88989 88988 316
88990 88988 329
88918 88914 1162
88918 88919 2168
88918 88963 5715
90858 88936 860
91608 91607 539
91608 91609 1652
91608 91610 614
91935 91607 753
88952 88951 1366
88952 88953 950
88952 88954 790
88955 88951 356
88960 88959 2790
88960 88961 854
88962 88959 2465
88962 88963 865
88962 89085 1122
89072 89071 4264
89072 89073 2327
89072 89107 1279
89072 89120 4331
89108 89071 1360
89093 80656 3745
89093 89092 2715
89093 89131 2883
89132 89092 2466
89061 80647 4586
89061 89059 3159
89061 91751 460
91754 91752 471
91754 91753 2322
91754 91755 1819
91796 91753 693
80693 80692 1727
80693 80694 1579
80693 87169 1013
80693 87171 3545
89528 89527 1576
89528 89529 2040
89528 89598 1956
89530 89529 3426
89530 89531 680
89530 89534 2442
89530 90084 831
89594 89590 1697
89594 89595 1348
89594 89977 3249
89976 89974 2544
89976 89977 1956
89976 89999 1697
89998 89997 889
89998 89999 2204
89998 90105 1248
91171 90105 1562
89996 89995 2652
89996 89997 1154
89996 91217 1675
90087 87169 4138
90087 90098 2689
58157 58156 314
58157 73628 213
58157 78386 688
73539 73533 1274
73539 73537 1324
73539 73627 1442
73552 73551 1740
73552 73553 893
73552 73627 2024
73644 73083 928
73644 73643 1065
73644 73675 1054
73662 73083 1035
73662 77231 1366
73548 73543 698
73548 73553 3289
73548 73555 848
66387 66381 1536
66387 66385 876
66387 73527 2882
73557 73556 1358
66224 66222 5735
66224 66244 639
66255 66244 1068
66255 66258 957
66255 66260 2188
66261 66239 686
66261 66262 782
66261 66265 2515
66266 66262 2827
66266 66265 984
66266 66268 688
66260 66255 2188
66260 66270 1149
66260 66363 1353
66271 66270 951
66271 66272 698
66271 66380 2574
66381 66380 1766
66381 66382 1068
66381 66387 1536
66401 65926 713
66401 66400 278
66401 66403 912
66402 66400 1056
66402 66406 1484
66402 66424 2963
68783 66400 1249
68783 68773 1336
68783 68773 1336
66424 66402 2963
66424 66420 748
66424 66425 607
66426 66420 1624
66559 66556 712
66559 66560 883
66559 66561 688
66562 66561 1626
66433 66431 2912
66433 66449 559
66433 66454 581
66450 66449 792
66457 66452 853
66457 66458 1234
66457 66573 712
66602 66580 831
66602 66600 554
66602 66603 2759
66601 66600 2973
66601 66603 753
66601 66609 374
66601 66610 2362
66616 66610 344
66616 66614 698
73611 73610 770
73611 73612 672
73611 73613 1564
73830 73828 1372
73830 73829 796
73830 73841 603
73769 73770 4432
73769 73828 2444
73769 73946 97
73769 73955 476
75741 75740 2477
75741 75744 782
75741 75750 1016
75742 75740 3347
75742 75750 905
75742 75752 1208
75394 75393 672
75394 75739 2752
75394 75743 2672
75739 75394 2752
75739 75738 1301
75739 75743 846
75744 75395 3262
75744 75741 782
75744 75743 438
75747 75436 893
75747 75745 4330
75747 75759 778
75769 75436 536
75769 75768 960
75769 75768 960
75746 75745 782
75746 75748 782
75746 75749 2803
75438 75434 1114
75438 75437 1951
75438 75768 805
75439 75435 3561
75439 75574 985
75439 75579 925
75578 75577 989
75578 75604 812
75578 75607 279
75607 75578 279
75607 75579 2298
76702 75584 1582
75608 75582 2262
75608 75609 649
77350 75609 258
77350 77351 1195
77350 77352 212
73956 73955 1344
73956 73957 556
73958 73957 1336
73958 73960 688
74000 73979 713
74000 73998 336
75721 75720 1129
75721 77329 351
73844 73845 824
73844 73846 213
73844 73865 494
73846 73844 213
73846 73865 462
73846 73934 817
73846 77339 277
74023 74024 2102
74023 74025 1398
74023 76654 1196
75713 74024 2161
75713 78571 698
64137 64138 176
64137 74017 1739
76654 74023 1196
76654 75715 237
78228 75715 1142
76758 76746 548
75733 75730 925
75733 75776 3374
75733 79088 789
79091 79088 1214
75778 75776 2025
75778 75777 1762
75778 75779 1234
75778 75780 2427
75778 75781 1386
75779 75777 1100
75779 75778 1234
77329 75721 351
77329 77330 1007
77329 77331 348
75625 75624 782
75625 75626 1124
75834 75582 1022
75834 75626 508
75837 75626 2894
75837 75840 667
75852 75849 672
75852 75850 1683
75852 75853 889
75908 75849 770
75912 75907 202
75912 75913 356
75912 75914 654
63771 63770 182
63773 63770 542
76057 63946 1178
76057 76056 1222
76057 76059 754
76061 63818 458
76061 76056 669
63769 63768 617
63769 69643 4127
63769 75941 2338
76349 69643 668
76349 76350 548
76355 69643 2802
76355 76356 10106
76355 76357 11078
75663 75662 241
75664 75662 416
75664 75666 284
75667 75662 498
75673 75666 581
75673 75674 387
75673 75675 525
69641 61187 633
69641 69642 782
69641 69642 782
75920 75918 1434
75920 75921 827
75920 75922 766
76697 75937 681
76697 75940 860
76697 78229 1236
76700 75937 941
76700 76699 2353
76700 76701 708
76058 71782 871
76058 75701 925
76058 75702 465
76059 75701 1097
76059 76057 754
76059 76060 1415
170192 170190 436
170192 170193 556
170192 170194 518
170192 170203 1556
170195 170194 556
170200 170201 601
170200 170202 445
170200 170205 518
170200 170208 2445
170203 170189 422
170203 170192 1556
170203 170201 2334
170203 170208 591
159893 159892 851
159893 159894 506
172842 172841 1215
172843 172841 936
172844 172841 817
100615 100613 336
100615 100616 336
100615 100617 435
100616 100615 336
100616 100617 373
100616 100622 1863
100616 100623 3290
100670 100623 3482
100670 102142 2144
102151 100623 5811
102151 102152 2418
102356 100718 720
100685 100684 1855
100685 100687 202
100685 100693 2626
102159 100693 3204
100746 100745 431
100746 102357 1847
116735 116734 474
116735 116736 4041
116735 116737 789
116427 116426 1011
116427 116428 374
116427 116430 606
116739 116736 2600
116739 116745 2084
116739 116746 3434
116724 116725 1944
116724 116738 1815
118424 116738 1622
58333 58334 1262
58333 58335 1258
58333 58339 880
58340 58335 1082
58340 58339 1256
58340 58350 436
58357 58354 1638
58357 58355 1506
58357 58359 1032
116810 116805 811
116810 116823 1144
58358 58355 1023
58358 58359 1782
58358 58363 1148
58358 58659 2623
58660 58363 2487
58660 58659 1169
58660 58661 1030
58660 58665 2495
58658 58657 1116
58658 58667 1285
58658 58678 1169
58658 58679 2358
58666 58661 2495
58666 58665 1030
58666 58668 1277
58666 58669 1256
58667 58658 1285
58667 58665 1211
58667 58668 1087
58679 58658 2358
58679 58677 1116
58679 58677 1116
58679 58680 1169
58679 58680 1169
58679 119552 2510
119549 58677 1781
116795 116794 512
116796 116794 419
116807 116805 645
116807 116809 703
116807 116822 566
116606 116601 650
116606 116607 1023
116606 116700 2759
116700 116605 698
116700 116606 2759
116700 116701 977
116607 116606 1023
116607 116608 837
116607 116701 2891
116609 116608 713
116609 119511 3484
132316 119515 2053
119511 116609 3484
119511 119550 3795
119511 119556 2274
119511 119557 1749
119520 119518 928
119520 119521 808
119520 119557 1023
119558 119557 698
119558 119562 808
119558 119563 1578
119563 119556 1749
119563 119558 1578
119563 119561 1684
119568 119545 2558
119568 119569 789
119568 119570 1958
119577 119545 1111
119577 119569 1950
119577 119578 893
119578 58831 3005
119578 119546 1348
119578 119572 1548
119578 119577 893
119579 58833 3122
119579 119546 672
119579 119581 1030
119580 119546 1486
119580 119581 837
119580 120095 977
120092 119547 1075
120092 120094 789
120092 120095 238
120093 119547 874
120093 119593 739
120093 120094 811
119591 119590 1561
119591 119592 1148
119591 119605 880
119591 119606 2286
119599 119590 1143
119599 119598 874
119599 119605 1625
119600 119598 1448
119600 119602 739
119600 119605 1030
119600 119608 1951
119608 119600 1951
119608 119607 977
119608 119635 1087
119608 119640 1148
119640 119608 1148
119640 119609 1921
119640 119641 1226
119640 119642 941
119642 119640 941
119642 119643 2006
119642 119644 1414
119642 119651 3090
120128 59472 1161
120128 120121 1439
120128 120124 222
59472 59432 1535
59472 59432 1535
59472 59435 1335
59472 59474 851
59472 59474 851
59472 120128 1161
59475 59474 378
59461 59439 1111
59461 59460 851
59461 59480 844
59461 59485 1454
59486 59480 1576
59486 59485 935
59486 59489 851
59486 59490 1906
59487 59480 954
59487 59481 893
59487 59488 768
59487 59489 1454
59484 59481 1350
59484 59483 581
59484 59496 452
59794 59496 1941
59794 59793 1004
59794 59797 1271
59794 59814 778
59796 59793 1267
59796 59797 893
59796 59799 506
59800 59799 1576
119644 119642 1414
119644 119653 1030
119644 120112 2617
119644 120114 1950
59306 59303 2740
59306 120114 3304
120118 119765 475
120118 120119 667
120118 120120 675
59417 59415 650
59417 120115 1256
59422 59423 558
59422 120117 984
120119 120117 1148
120119 120118 667
120119 120121 333
59492 59491 1576
59492 59493 768
59492 59506 1414
59504 59493 3092
59504 59533 2618
59504 59564 1019
59556 59533 2457
59556 59559 475
59556 59564 1345
56843 56842 550
59507 56842 253
59507 59500 562
59507 59823 1267
59824 59510 562
59824 59823 2781
59824 59825 1014
59836 59510 338
59836 59837 1860
59869 59868 667
59870 59868 1486
59870 59872 747
59870 59911 796
59911 59868 1435
59911 59870 796
59911 59912 793
59562 59517 109
59562 59558 1066
59562 59563 2171
59565 59559 1143
59580 59577 1136
59580 59582 601
59580 59583 2354
59585 59582 2206
59585 59583 713
59585 59720 608
79036 79037 333
59719 59583 3164
59719 59725 1391
59719 76966 775
59733 59706 2849
59733 59734 1230
59821 59820 279
59821 59822 1891
59821 59826 935
59374 59373 1102
59374 59375 108
59204 59198 935
59591 59590 1071
59591 59592 594
59591 59604 1652
77572 59592 1614
77572 59604 650
77572 77569 625
77572 77577 1473
77578 77569 1468
77578 77571 716
77578 77577 641
77578 77579 506
59607 59606 3105
59689 59606 2561
59679 59614 1285
59679 59678 1008
59679 59680 222
59612 59611 743
59612 59615 1434
59612 59616 381
59612 77577 958
59614 59611 1452
59614 59613 1016
59614 59615 821
59614 59679 1285
59693 59694 1836
59693 59706 408
59693 59710 513
59690 59691 4592
59690 59692 1603
59690 59694 667
58231 58230 1486
58231 58234 419
58235 58234 2733
58235 58532 810
58235 58533 1407
58233 58230 4592
58233 58232 1076
58233 58527 1116
58526 56850 674
58526 58525 2017
58526 58530 1614
58534 58530 1489
58534 58538 1233
60916 60915 1040
60919 60915 584
58221 58219 837
58221 58222 2755
76680 58222 3590
76680 76679 541
76680 77512 1877
56850 56851 1457
56850 58524 475
56850 58526 674
58528 58228 337
58528 58524 1617
58528 61122 750
58643 58639 651
58643 58993 3901
58643 77501 197
58992 58618 698
58992 58639 3731
58992 58993 879
58992 58994 926
59006 59007 582
59006 59008 668
59002 58999 885
59002 59003 650
59002 59062 1155
59063 59003 1140
59061 58999 1632
59061 59031 796
59061 59062 1000
59061 59066 768
59066 59061 768
59066 59067 1675
59066 59068 684
59069 59067 768
59069 59068 1686
59069 59071 951
59069 59079 711
59070 59067 1234
76526 61048 567
76526 76527 163
59085 59083 2909
59085 59088 809
59085 59159 1486
76527 59088 2006
76527 76526 163
60676 60671 2154
60676 60675 837
60676 60677 688
60676 60693 1749
60692 60675 1815
60692 60691 698
60692 60693 789
60701 60677 2154
60701 60693 811
60701 60703 747
60713 60694 1535
60713 60699 1358
60713 60704 1486
60699 60698 1718
60699 60713 1358
60699 60716 951
60699 60793 1633
60850 60847 553
60850 60849 893
60929 60928 1126
60929 60930 1262
77540 60856 1936
77540 60928 1697
77540 77541 649
78292 60991 942
59158 59157 977
59158 59161 1211
59158 59165 519
59158 59171 606
59160 59159 557
59160 59161 721
59160 79086 667
59134 59132 2884
59134 59143 808
59134 59156 792
59134 59165 1664
59135 59131 581
59135 59132 1187
59135 59143 2407
59135 59144 768
59164 59143 908
59164 59145 837
59164 59167 684
59164 59169 1769
59150 59145 1120
59150 59149 1399
59150 59167 782
59206 59199 818
59206 59207 713
59206 59209 1230
59208 59199 954
59213 59207 955
62604 62600 783
62604 62605 440
62604 62607 1665
62606 62600 2200
62606 62607 785
62606 62609 1687
62609 62606 1687
62609 62612 2103
62609 62620 573
62615 62612 799
62615 62613 2467
62615 62616 315
62614 62613 1345
60932 60931 672
60932 60934 3201
60932 60935 1287
60934 60932 3201
60934 60933 1612
60934 60945 2845
60944 60933 3057
60944 60945 1454
60944 61007 2721
76921 76919 207
76921 76929 838
76921 76932 2232
78051 76929 2353
76906 76907 856
76906 76907 856
76906 76933 2353
76919 76920 671
76919 76921 207
76919 76928 326
76927 76924 1260
76927 76928 1530
76927 76933 214
60941 60939 1014
60941 60951 523
60954 60953 1624
60954 60956 551
60954 60962 570
60954 60963 1176
60955 60953 616
60955 60956 1738
60965 60959 777
60965 60962 1213
60965 60963 516
60871 60866 1083
60871 60867 581
60871 60872 1124
60893 60890 3489
60893 60894 425
60893 60895 1636
60940 60939 2690
60940 60942 359
60940 60943 889
60957 60943 641
60957 60959 1299
60957 60964 472
60959 60957 1299
60959 60965 777
60959 61035 767
60906 60899 1732
60906 60907 337
60906 61038 3647
60884 60883 2865
60884 60885 1562
60884 60887 14019
60884 60888 4013
61077 60887 1812
61077 61078 1004
77246 61087 1347
77246 61091 1993
78500 61087 85
78500 78364 3030
61125 61124 1408
61125 61126 3952
61125 61127 1268
77835 61124 2625
61135 61127 3879
61135 76544 60
78364 61127 2591
78364 61147 34
78364 78500 3030
76944 76936 1031
76944 76936 1031
76944 76943 797
78050 76943 1488
78050 78045 1001
78050 78049 413
62721 62722 1442
62721 62725 342
62721 62726 870
62721 62726 870
62733 59708 280
62733 62727 943
62733 76560 119
62830 62831 1545
62830 62832 581
62830 62835 1849
62836 62798 1884
62836 62800 222
62836 62839 760
62818 62798 581
62818 62819 2127
62818 62857 769
62824 62819 1484
62824 62821 2407
62824 62866 556
62816 62815 1189
62816 62823 1708
62816 63668 1975
62816 63677 1505
62822 62815 1584
62822 62821 1121
62822 62823 1121
62822 62866 2061
63669 63587 2184
63669 63668 1505
63669 63671 924
63669 63677 1975
63679 63671 1148
63679 63678 874
63679 63680 1612
63681 63678 796
63681 63684 818
63681 63706 1666
63712 63687 1343
63712 63705 904
63712 63713 688
63688 63686 830
63688 63687 796
63688 63689 818
63688 63713 1384
63685 63676 1148
63685 63683 1956
63685 63690 874
63686 63684 924
63686 63688 830
63686 63690 1505
63699 63676 818
63699 63692 2055
63699 63694 2076
63699 63700 688
63695 63694 796
63695 63696 792
63695 63698 688
63695 63700 2103
63701 63698 2103
63701 63700 688
63701 63704 1575
63600 63601 3049
63600 63606 740
63760 63759 565
66085 66077 1114
66095 66077 686
66095 66096 688
66095 66105 846
66095 66107 1505
66082 66081 1394
66094 66089 686
66094 66091 1222
66094 66097 254
66096 66089 1098
66096 66095 688
66097 66093 592
66097 66094 254
66097 66098 1014
66101 58130 650
66101 66093 686
66101 66163 769
58130 58131 2302
58130 58132 787
58130 66101 650
64926 58131 812
64926 58132 1589
64926 64927 1117
64926 64931 1088
64931 64926 1088
64931 64930 1170
64931 64943 2057
64931 66164 1909
64943 64931 2057
64943 64940 1771
64943 66181 846
64944 64940 1900
64944 64960 356
64944 66181 1372
64944 66275 344
64946 64945 1980
64946 64959 950
64946 64960 344
64968 64959 650
64968 64963 140
64968 64969 1486
64970 64959 977
64970 64969 602
64970 64971 1076
64970 64972 452
64965 64962 675
64965 64963 790
64965 64966 929
64965 64967 1257
64966 64958 607
64966 64965 929
64966 64974 602
63864 62212 812
63864 63865 279
63864 63867 1200
63868 63863 1310
63868 63867 807
63868 63869 1077
63861 63858 875
63861 63860 1031
63861 63874 1031
63861 63875 875
63863 63860 875
63863 63868 1310
63863 63875 1031
63863 63877 1012
63876 63874 881
63876 63875 1170
63876 63880 955
63854 63855 1979
63854 63880 374
62214 62211 562
62214 62215 445
62214 62217 1536
62219 62218 538
62197 62193 2358
62197 62198 1780
62197 62207 1634
62211 62198 1976
62211 62207 1919
62211 62214 562
62468 62467 810
62496 62467 929
78461 62500 479
62503 62502 2979
64986 62502 1586
63632 63631 1751
63632 63656 512
63632 63663 3915
63660 63658 652
63660 63663 582
63609 61888 838
63609 63610 514
63609 63611 1615
63612 61888 1615
63612 63611 838
63612 63614 838
63612 63615 1686
63615 63612 1686
63615 63630 752
63615 63636 650
61895 61887 1682
61895 61894 950
61895 63617 789
61895 63619 1659
63616 61887 752
63616 63610 324
63616 63617 1548
63624 63619 174
63624 63623 156
63624 63625 1862
63626 63619 969
63629 63613 1751
63629 63630 977
63629 63633 337
63656 63632 512
63656 63633 1309
63828 63826 324
63828 63827 350
62150 62132 1713
62150 63826 606
62150 63829 1127
61477 61476 1025
61477 62355 1349
61477 62356 675
61477 62368 2375
62329 61476 1343
62329 62350 337
62329 62367 356
62365 62364 1257
62365 62367 1414
62365 62417 1966
62372 62356 2361
62372 62368 538
62372 62374 374
62373 62368 753
62373 62438 1344
62421 62420 1031
62421 62422 1088
62421 62423 1396
62433 62423 478
62433 62429 3298
62433 62435 1301
62436 62435 1751
62436 62437 1351
62436 62443 2063
62470 62469 478
77576 62472 354
78460 62472 524
76770 62311 1496
76770 62312 1877
76770 62314 196
76771 62314 2210
76771 76772 94
76771 76773 748
62321 62317 1466
62321 62380 1257
62321 62383 1780
62383 62321 1780
62383 62380 1349
62383 62384 617
62303 62304 715
62303 76769 874
62303 76769 874
65235 65234 356
62310 62308 4788
78865 62306 1608
78865 62308 1869
78865 78875 1372
78877 78876 3329
78877 78883 1548
78877 78884 947
78905 78883 346
78905 78906 467
78905 78906 467
57043 57042 838
57043 67739 2809
57043 67740 1903
57075 57073 1024
57075 57074 1702
57075 57127 1158
57075 57134 748
57125 57073 1347
57125 57126 374
57125 57130 768
57120 57118 202
57120 57121 438
78692 57118 93
78692 70132 353
78071 78070 837
57023 57022 1920
57023 57442 4476
57023 57453 1975
57024 57022 403
57024 57455 1980
77961 57015 4423
77961 57022 2533
57032 57031 4385
57032 57464 3653
57032 57465 6211
57032 76488 2645
56996 56995 826
56996 56997 581
57013 56999 2549
57013 57010 763
57013 71153 3482
57015 57014 2817
57015 77959 2945
57015 77961 4423
57015 78451 4438
65871 65870 832
65871 65872 2039
65873 65872 2989
65873 65874 610
65878 65876 512
65878 65884 344
65878 65888 1118
65888 65876 1032
65888 65878 1118
65888 65889 832
78539 78538 857
78539 78726 431
78539 78728 622
60971 60972 1652
60971 65928 285
60971 76899 728
77007 77006 67
77007 77454 1191
78541 77006 1356
78541 78540 815
65691 65690 1637
65696 65697 804
65696 65698 1877
65696 65703 2751
