1282
26641 26592 913
26641 26640 1025
26641 26640 1025
26595 26593 1315
26595 26594 757
26253 26220 1409
26253 26252 1022
26254 26219 1073
26254 26255 884
26252 26221 1409
26252 26235 1160
26252 26253 1022
26281 26235 612
26268 26265 1810
26268 26269 1697
26269 26265 1008
26269 26268 1697
26201 26196 1475
26201 26216 1158
26222 26194 202
26218 26216 1659
26218 26221 1307
26218 26235 1612
26441 26310 1073
26441 29191 1073
26310 26311 1168
26310 26312 1008
26310 26441 1073
26444 26445 474
26444 26461 1864
26466 26463 738
26466 26467 252
26467 26449 983
26467 26466 252
105529 105528 109
105529 105532 878
105529 105570 904
29006 29005 1684
29006 29009 1901
29006 29134 2750
29115 29120 836
29115 29127 738
34318 34319 736
29132 29153 1254
29132 29156 602
29132 34319 841
29182 29184 738
29182 29190 1205
29183 29184 2230
29199 29191 2180
26458 26447 1140
26458 26473 697
26469 26447 836
26469 26449 336
26460 26457 1342
26460 26476 474
26473 26457 738
26473 26458 697
27296 26455 1085
27296 27295 747
27296 34304 2304
27305 27302 1008
27305 27303 1967
27314 27307 951
27314 27315 1417
20117 27315 1338
20117 27384 1014
27315 20117 1338
27315 27314 1417
27315 27319 951
26476 26460 474
26476 26477 747
29388 29380 807
29388 29392 558
29413 29411 1022
29410 29408 780
29410 29411 1427
29383 29378 1438
29383 29382 474
29376 29109 810
29376 29109 810
29376 29381 1317
29376 53146 2460
53148 53146 807
53148 53147 1394
53125 53122 878
53125 53124 2690
53125 53158 1763
53165 53124 873
53165 53196 2738
53205 53196 738
53205 53200 2477
53202 53201 751
53212 53211 738
53212 53213 2752
53215 53067 2752
53215 53213 828
53215 53218 932
53220 53222 4345
53220 53223 878
53234 53236 747
53249 53075 1629
53249 53251 336
53250 53075 713
53121 53118 1275
53121 53119 884
53100 53094 1746
53100 53102 713
53100 53117 747
53119 53117 1476
53119 53121 884
53136 53102 1812
53099 53073 1410
53099 53102 1085
53099 53134 984
53135 53134 673
53135 53138 1115
53140 53138 807
53140 53145 1623
53147 53145 836
53147 53148 1394
53349 53348 773
53385 53384 2751
53385 53386 2043
54899 54892 926
54910 54903 562
54910 54914 1260
54914 54910 1260
54914 54913 562
54970 54913 1282
54970 55004 355
54971 54988 674
54971 54989 1000
54990 54988 1467
55020 54989 3230
55020 55015 796
55020 55033 1769
55020 55591 1934
55606 55591 373
55607 55612 279
55607 55619 751
55615 55620 928
55615 55677 1412
55675 55677 697
55675 55680 807
55680 55675 807
55680 55678 713
53605 53567 253
49749 49747 435
49751 49750 421
49751 49754 2956
49751 49759 476
49767 49770 758
53756 53755 476
54758 54761 984
141216 141218 755
141216 141245 2171
141245 141216 2171
141245 141246 959
141245 141249 219
141249 141245 219
141249 141250 743
141291 141292 863
141293 141292 1478
141293 141294 787
195463 195345 2588
195463 195462 3072
195463 195466 2333
195463 195476 929
195473 195480 372
195509 195480 1666
195509 195513 832
195509 195514 534
195510 195506 791
195510 195513 1428
195428 195432 607
195506 195510 791
195506 195512 1535
195511 195512 691
195511 195524 806
195511 195525 160
195431 195432 1111
195440 195441 878
195440 196183 2953
195434 195444 842
195434 195447 1298
195446 195441 793
195446 195447 665
195446 195448 1021
196180 196203 1143
196182 196186 377
141296 141297 548
141296 141337 982
141300 141298 775
141384 141383 169
141384 151747 380
141305 141298 1418
141305 141299 851
141393 141383 1427
141393 141398 313
140608 151891 181
140620 140711 1304
140713 140711 793
140713 140995 1417
140999 140995 739
140999 141001 1505
141013 141001 760
141013 141018 1187
141018 141013 1187
141018 141016 842
141022 139797 1638
141022 141017 219
141022 141023 41
141023 141022 41
141023 141024 1023
141023 141107 1349
141028 141107 495
141028 141112 1898
141111 141112 813
141111 141123 1362
141127 141128 776
141127 141215 1411
141214 141215 813
141214 141218 1478
141123 141111 1362
141123 141124 790
141123 141128 1451
190284 190290 1139
190284 190298 714
190306 190298 486
190306 190299 1205
190301 190299 737
190301 190300 1045
190350 190349 730
190352 190349 1791
190352 190357 762
190367 189703 827
190367 190366 872
186589 186577 726
186589 186591 1277
186595 186591 728
186595 186600 1457
186595 186601 834
186599 186601 1178
186577 186572 759
186577 186576 1317
186577 186589 726
189703 189702 659
189703 190367 827
189703 190371 720
186572 186574 637
186572 186577 759
186572 186578 1056
186574 186572 637
186574 189702 859
186617 186601 1006
186617 186621 816
139804 139805 715
139804 139808 784
189689 189690 2196
189689 190523 285
186640 139922 5919
189664 187960 320
189664 189687 1673
189664 190730 391
190432 187960 279
190432 190433 207
190432 190523 326
186608 186607 707
186608 186609 762
186626 186615 657
186624 186623 578
186624 186625 219
186630 186623 2167
186621 186601 1624
186621 186617 816
140712 140711 757
140712 140718 1034
140717 140718 349
140717 140996 1189
141003 140996 277
141003 141005 548
141011 141015 1424
141011 150397 759
141036 141033 968
141036 141058 243
144289 144336 907
144289 146937 967
141059 141072 1007
141059 141073 1436
139797 141022 1638
139797 144336 1015
141060 141062 764
141060 141064 1363
141075 141064 777
141075 141073 744
141075 141081 1371
141051 141062 813
141661 140751 907
141658 140751 881
141658 141659 931
140750 140751 2825
140750 140752 840
140769 140752 1859
140769 140772 377
140769 140775 209
140772 140769 377
140772 140775 435
140773 140775 181
140773 140777 365
140773 140778 2171
140774 141052 892
140774 141065 504
140774 141066 790
141052 140774 892
141052 141061 1134
55685 55683 807
55685 55686 336
55700 55701 1449
55700 55840 238
55851 55845 1344
55851 55850 926
55844 55699 2872
55844 55845 111
55844 55848 344
55862 55854 1436
55862 56149 672
55913 56226 344
55913 56227 953
56784 55912 165
56784 56785 911
56165 56149 1352
56165 56167 782
56165 56172 1436
55912 56784 165
55912 56785 921
56603 56609 461
56605 56604 580
56605 56610 194
189867 189866 146
189867 189873 828
189869 189873 1364
189869 189887 271
189888 189886 395
189888 189887 114
189824 189823 1920
189824 189825 700
189824 189866 1074
189823 189824 1920
189823 189831 1871
190276 190269 863
190287 190267 844
190287 190270 754
190287 190286 469
190287 190288 436
190305 190270 1191
190305 190304 661
190304 190269 1139
190304 190305 661
189892 189886 741
189892 189897 73
189892 190269 1522
196229 196203 1028
196229 196238 1008
196237 196238 197
197188 197155 1010
197188 197178 1021
197188 197189 1100
197191 197189 766
197190 197177 670
197190 197179 892
197190 197189 787
197180 197173 1179
197180 197181 1273
197180 197185 675
197186 197187 557
197185 197174 559
197185 197180 675
197199 197187 1529
197199 197200 787
197206 197228 751
197206 197234 2002
202582 197234 938
202601 214642 470
202603 202606 1894
202603 202610 1010
202603 202611 478
202787 202836 469
202842 202838 1902
202842 202843 707
202842 215000 478
204137 204139 704
204137 204140 1765
204138 204143 1631
204138 214392 883
212154 203566 463
212154 203911 3550
204150 204139 197
204150 204152 346
204161 204152 1338
204161 204156 701
204161 204163 686
204162 204163 1400
204162 204165 395
204165 204162 395
204165 204166 685
204213 204166 1065
204213 204214 238
204213 204215 497
204216 204215 91
204241 204220 238
204129 204125 1594
204240 204248 759
204240 204250 1199
204240 207041 638
204248 204240 759
204248 204243 416
204248 204249 3170
204126 204125 1009
204126 207039 796
207038 207040 1842
207038 207046 796
207039 204126 796
207039 207042 2845
207039 207043 420
203266 202851 1161
203266 203267 1770
202847 202844 1037
202847 202845 2010
202849 202848 1555
202849 202854 1139
202849 203268 548
202852 202845 995
202852 203623 989
202854 202849 1139
202854 203270 573
203623 202852 989
203623 208060 301
203628 203629 1902
203628 203630 756
198695 198694 1519
198695 206910 639
206910 198695 639
206910 198716 677
206910 198731 722
203636 203630 880
203636 203857 598
203636 203859 2370
194739 207100 1323
207099 207097 183
207052 207053 1997
207046 207038 796
207046 207050 1892
207049 207050 918
207049 207051 2779
207049 207053 666
207284 205975 1893
207284 207285 860
207286 207287 1973
207288 207289 1611
207288 207309 364
207280 207281 1657
207290 207281 363
207290 207291 394
207105 207106 1169
207292 207293 1233
197140 196604 804
197140 197152 395
197152 197140 395
197152 197175 787
197155 197175 1784
197155 197188 1010
196455 196266 1413
196455 196458 876
196461 196497 694
196461 196511 2515
196512 196511 670
196512 196517 2452
196573 196517 892
196573 196577 137
196257 195107 1956
196257 196260 231
196260 196257 231
196260 196261 585
196269 196261 1078
196269 196266 810
196574 196575 581
214640 196583 1772
196603 196599 805
196603 196604 2368
206031 206044 724
206031 206048 2794
206048 206031 2794
206048 206691 390
206676 206677 469
206694 206677 1100
205974 205975 882
205974 206034 1212
206032 206033 844
206032 206044 2364
206704 206677 613
206704 206692 2455
206704 206705 853
206708 206705 1102
206708 206712 997
206716 206712 709
206716 206717 1908
206765 206717 876
206765 206770 2793
206771 206787 836
206782 206792 1059
206782 206930 1439
206930 206782 1439
206930 206931 1138
206932 206931 871
206932 206939 197
206939 206932 197
206939 206944 1058
206953 206954 1840
206956 206957 1953
206962 206957 751
206962 206963 591
207017 207018 734
209312 209315 571
209374 209386 1274
209374 209529 797
209375 209377 710
209375 209379 469
209382 209383 1256
209382 209384 821
178950 178830 2790
178950 178951 765
178957 178958 2590
178957 178959 765
178946 179001 72
179010 179007 562
179003 179002 354
179003 179007 778
179023 179024 1014
179035 179034 775
179020 179019 435
179020 179024 1268
179301 179295 849
179272 179261 1248
179272 179271 765
179272 179294 667
179261 179260 765
179261 179272 1248
179261 179328 1357
179321 179320 765
179326 179320 1467
179326 179328 765
181114 181115 907
181126 181124 1409
181126 181124 1409
181128 181129 373
181125 181124 474
181125 181157 265
180691 180692 796
180691 180693 1636
180702 180701 688
180702 180752 1821
163178 163324 1470
163324 163178 1470
184601 184602 1225
184602 184601 1225
184723 184721 1661
184721 184723 1661
184757 184754 404
184774 184822 2087
184822 184774 2087
184727 184734 1225
184739 184734 807
184734 184727 1225
184734 184739 807
184754 184757 404
180820 180845 2086
180845 180820 2086
174021 174018 697
174018 174021 697
182572 182599 672
182599 182572 672
183478 183479 1055
183479 183478 1055
174111 174112 1430
174112 174111 1430
183786 183812 672
183812 183786 672
183782 183781 796
183781 183782 796
183580 183772 849
183772 183580 849
209529 209374 797
209535 209546 1048
209546 209535 1048
209549 209579 694
209579 209549 694
209640 209647 164
209647 209640 164
211579 211583 867
211583 211579 867
211595 211597 804
211597 211595 804
211600 211601 593
210226 210227 785
210226 210233 1494
210227 210226 785
211601 211600 593
210233 210226 1494
210251 210446 238
210446 210251 238
163280 163281 789
163281 163280 789
179262 179260 765
193049 193056 1192
193056 193049 1192
29559 29560 1359
29560 29559 1359
29563 29570 2983
29570 29563 2983
108040 108034 1113
108011 108034 671
108034 108011 671
108034 108040 1113
33519 33521 398
33519 33521 398
33521 33519 398
33521 33519 398
17818 17816 1264
17816 17818 1264
16950 17208 818
17208 16950 818
33937 33946 1807
17390 17439 982
33946 33937 1807
17439 17390 982
17439 17441 1062
17441 17439 1062
16878 18178 170
18178 16878 170
18175 18323 222
18323 18175 222
18265 18267 713
18267 18265 713
18598 18614 1576
18614 18598 1576
18496 18497 1906
18497 18496 1906
18928 18929 982
18945 18946 713
18946 18945 713
18929 18928 982
26592 26594 651
26592 26641 913
26640 26641 1025
26640 26641 1025
26593 26594 1056
26593 26595 1315
26594 26592 651
26594 26593 1056
26594 26595 757
26220 26219 697
26220 26221 1022
26220 26253 1409
26219 26220 697
26219 26254 1073
26255 26254 884
26221 26218 1307
26221 26220 1022
26221 26252 1409
26235 26218 1612
26235 26252 1160
26235 26281 612
26265 26268 1810
26265 26269 1008
26196 26194 836
26196 26201 1475
26216 26201 1158
26216 26218 1659
26194 26196 836
26194 26222 202
29191 26441 1073
29191 29184 1140
29191 29199 2180
26311 26310 1168
26312 26310 1008
26445 26444 474
26461 26444 1864
26463 26466 738
26449 26467 983
26449 26469 336
105528 105529 109
105532 105529 878
105570 105529 904
29005 29006 1684
29009 29006 1901
29134 29006 2750
29120 29115 836
29127 29115 738
34319 29132 841
34319 34318 736
29153 29132 1254
29156 29132 602
29184 29182 738
29184 29183 2230
29184 29191 1140
29190 29182 1205
26447 26458 1140
26447 26469 836
26457 26460 1342
26457 26473 738
26455 26477 1161
26455 27296 1085
27295 27296 747
34304 27296 2304
27302 27305 1008
27303 27305 1967
27303 27307 1613
27307 27303 1613
27307 27314 951
27307 27319 1417
27384 20117 1014
27319 27307 1417
27319 27315 951
26477 26455 1161
26477 26476 747
29380 29378 1345
29380 29388 807
29392 29388 558
29411 29410 1427
29411 29413 1022
29408 29410 780
29378 29380 1345
29378 29383 1438
29382 29383 474
29109 29376 810
29109 29376 810
29381 29376 1317
53146 29376 2460
53146 53145 1115
53146 53148 807
53122 53125 878
53124 53125 2690
53124 53165 873
53158 53125 1763
53196 53165 2738
53196 53205 738
53200 53201 609
53200 53205 2477
53201 53200 609
53201 53202 751
53211 53212 738
53213 53212 2752
53213 53215 828
53067 53215 2752
53218 53215 932
53218 53222 646
53222 53218 646
53222 53220 4345
53223 53220 878
53236 53234 747
53075 53249 1629
53075 53250 713
53251 53249 336
53118 53117 924
53118 53121 1275
53094 53100 1746
53102 53099 1085
53102 53100 713
53102 53136 1812
53117 53100 747
53117 53118 924
53117 53119 1476
53073 53099 1410
53134 53099 984
53134 53135 673
53138 53135 1115
53138 53140 807
53145 53140 1623
53145 53146 1115
53145 53147 836
53348 53349 773
53384 53385 2751
53386 53385 2043
54892 54899 926
54903 54910 562
54903 54913 1260
54913 54903 1260
54913 54914 562
54913 54970 1282
55004 54970 355
55004 54989 1470
54988 54971 674
54988 54990 1467
54989 54971 1000
54989 55004 1470
54989 55020 3230
55015 55020 796
55033 55020 1769
55591 55020 1934
55591 55606 373
55612 55607 279
55612 55619 752
55619 55607 751
55619 55612 752
55619 55620 612
55620 55615 928
55620 55619 612
55677 55615 1412
55677 55675 697
55677 55678 1009
55678 55677 1009
55678 55680 713
55678 55683 1560
53567 53605 253
49747 49749 435
49750 49751 421
49754 49751 2956
49759 49751 476
49770 49767 758
53755 53756 476
54761 54758 984
141218 141214 1478
141218 141216 755
141218 141246 1583
141246 141218 1583
141246 141245 959
141246 141250 843
141250 141246 843
141250 141249 743
141292 141291 863
141292 141293 1478
141292 141299 741
141294 141293 787
141294 141298 867
141294 141299 1512
195345 195463 2588
195345 195466 1150
195462 195463 3072
195466 195345 1150
195466 195463 2333
195476 195463 929
195476 195480 1692
195480 195473 372
195480 195476 1692
195480 195509 1666
195513 195509 832
195513 195510 1428
195513 195512 893
195514 195509 534
195432 195428 607
195432 195431 1111
195512 195506 1535
195512 195511 691
195512 195513 893
195524 195511 806
195525 195511 160
195441 195440 878
195441 195446 793
196183 195440 2953
196183 196186 857
195444 195434 842
195447 195434 1298
195447 195446 665
195447 195448 1140
195448 195446 1021
195448 195447 1140
196203 196180 1143
196203 196229 1028
196186 196182 377
196186 196183 857
141297 141296 548
141337 141296 982
141298 141294 867
141298 141300 775
141298 141305 1418
141383 141384 169
141383 141393 1427
151747 141384 380
141299 141292 741
141299 141294 1512
141299 141305 851
141398 141393 313
151891 140608 181
140711 140620 1304
140711 140712 757
140711 140713 793
140995 140713 1417
140995 140999 739
141001 140999 1505
141001 141013 760
141001 141016 1113
141016 141001 1113
141016 141018 842
141017 141015 656
141017 141022 219
141024 141023 1023
141107 141023 1349
141107 141028 495
141112 141028 1898
141112 141111 813
141112 141124 1328
141128 141123 1451
141128 141127 776
141215 141127 1411
141215 141214 813
141124 141112 1328
141124 141123 790
190290 190284 1139
190290 190286 253
190298 190284 714
190298 190306 486
190299 190301 737
190299 190306 1205
190300 190301 1045
190300 190349 1308
190349 190300 1308
190349 190350 730
190349 190352 1791
190357 190352 762
190357 190366 677
190366 190357 677
190366 190367 872
190366 190371 775
186591 186576 728
186591 186589 1277
186591 186595 728
186600 186595 1457
186601 186595 834
186601 186599 1178
186601 186617 1006
186601 186621 1624
186576 186577 1317
186576 186578 814
186576 186591 728
189702 186574 859
189702 186578 724
189702 189703 659
190371 189703 720
190371 190366 775
186578 186572 1056
186578 186576 814
186578 189702 724
139805 139804 715
139808 139804 784
189690 189689 2196
189690 190523 2190
190523 189689 285
190523 189690 2190
190523 190432 326
139922 186640 5919
187960 189664 320
187960 190432 279
187960 190433 329
187960 190730 533
189687 189664 1673
189687 190730 1283
190730 187960 533
190730 189664 391
190730 189687 1283
190433 187960 329
190433 190432 207
186607 186608 707
186607 186609 1045
186607 186615 1050
186609 186607 1045
186609 186608 762
186615 186607 1050
186615 186626 657
186623 186624 578
186623 186630 2167
186625 186624 219
140718 140712 1034
140718 140717 349
140996 140717 1189
140996 141003 277
141005 141003 548
141015 141011 1424
141015 141017 656
150397 141011 759
141033 141036 968
141058 141036 243
141058 141072 877
144336 139797 1015
144336 144289 907
146937 144289 967
141072 141058 877
141072 141059 1007
141073 141059 1436
141073 141075 744
141062 141051 813
141062 141060 764
141062 141061 708
141064 141060 1363
141064 141075 777
141081 141075 1371
140751 140750 2825
140751 141658 881
140751 141661 907
141659 141658 931
140752 140750 840
140752 140769 1859
140775 140769 209
140775 140772 435
140775 140773 181
140777 140773 365
140777 141065 1816
140777 141066 2168
140778 140773 2171
141065 140774 504
141065 140777 1816
141066 140774 790
141066 140777 2168
141066 141061 1695
141061 141052 1134
141061 141062 708
141061 141066 1695
55683 55678 1560
55683 55685 807
55686 55685 336
55701 55700 1449
55840 55700 238
55845 55844 111
55845 55851 1344
55850 55851 926
55699 55844 2872
55848 55844 344
55848 55854 782
55854 55848 782
55854 55862 1436
56149 55862 672
56149 56165 1352
56226 55913 344
56226 56172 222
56227 55913 953
56785 55912 921
56785 56784 911
56167 56165 782
56172 56165 1436
56172 56226 222
56609 56603 461
56609 56610 1965
56604 56605 580
56604 56610 539
56610 56604 539
56610 56605 194
56610 56609 1965
189866 189824 1074
189866 189825 791
189866 189867 146
189873 189867 828
189873 189869 1364
189887 189869 271
189887 189888 114
189886 189888 395
189886 189892 741
189825 189824 700
189825 189866 791
189831 189823 1871
190269 189892 1522
190269 190270 686
190269 190276 863
190269 190304 1139
190267 190287 844
190270 190269 686
190270 190287 754
190270 190305 1191
190286 190287 469
190286 190290 253
190288 190287 436
189897 189892 73
196238 195107 702
196238 196229 1008
196238 196237 197
197178 197179 1288
197178 197188 1021
197189 197188 1100
197189 197190 787
197189 197191 766
197177 197174 891
197177 197190 670
197179 197178 1288
197179 197190 892
197173 197180 1179
197181 197180 1273
197187 197186 557
197187 197199 1529
197174 197177 891
197174 197185 559
197200 197199 787
197228 197206 751
197234 197206 2002
197234 202582 938
214642 202601 470
202606 202603 1894
202610 202603 1010
202611 202603 478
202836 202787 469
202838 202842 1902
202843 202842 707
202843 202844 749
215000 202842 478
204139 204137 704
204139 204150 197
204140 204137 1765
204140 204143 701
204143 204138 1631
204143 204140 701
214392 204138 883
203566 212154 463
203911 212154 3550
204152 204150 346
204152 204161 1338
204156 204161 701
204163 204161 686
204163 204162 1400
204166 204165 685
204166 204213 1065
204214 204213 238
204214 204215 437
204215 204213 497
204215 204214 437
204215 204216 91
204220 204241 238
204125 204126 1009
204125 204129 1594
204125 207041 135
204250 204240 1199
207041 204125 135
207041 204240 638
204243 204248 416
204249 204248 3170
207040 207038 1842
207040 207043 385
207040 207050 527
207042 207039 2845
207043 207039 420
207043 207040 385
202851 202848 1373
202851 203266 1161
203267 203266 1770
202844 202843 749
202844 202847 1037
202844 202848 751
202845 202847 2010
202845 202852 995
202848 202844 751
202848 202849 1555
202848 202851 1373
203268 202849 548
203270 202854 573
208060 203623 301
203629 203628 1902
203630 203628 756
203630 203636 880
198694 198695 1519
198694 198716 1358
198716 198694 1358
198716 198731 775
198716 206910 677
198731 198716 775
198731 206910 722
203857 203636 598
203859 203636 2370
207100 194739 1323
207100 207106 641
207097 207099 183
207053 207049 666
207053 207052 1997
207050 207040 527
207050 207046 1892
207050 207049 918
207051 207049 2779
205975 205974 882
205975 207284 1893
207285 207284 860
207287 207281 779
207287 207286 1973
207287 207289 751
207289 207287 751
207289 207288 1611
207309 207288 364
207281 207280 1657
207281 207287 779
207281 207290 363
207291 207290 394
207106 207100 641
207106 207105 1169
207293 207292 1233
196604 196603 2368
196604 197140 804
197175 197152 787
197175 197155 1784
196266 196261 1283
196266 196269 810
196266 196455 1413
196458 196455 876
196497 196461 694
196511 196461 2515
196511 196512 670
196517 196512 2452
196517 196573 892
196577 196573 137
195107 196238 702
195107 196257 1956
196261 196260 585
196261 196266 1283
196261 196269 1078
196575 196574 581
196583 214640 1772
196599 196603 805
206044 206031 724
206044 206032 2364
206691 206048 390
206677 206676 469
206677 206694 1100
206677 206704 613
206034 205974 1212
206033 206032 844
206692 206704 2455
206705 206704 853
206705 206708 1102
206712 206708 997
206712 206716 709
206717 206716 1908
206717 206765 876
206770 206765 2793
206787 206771 836
206792 206782 1059
206931 206930 1138
206931 206932 871
206944 206939 1058
206954 206953 1840
206954 206957 1235
206957 206954 1235
206957 206956 1953
206957 206962 751
206963 206962 591
207018 207017 734
209315 209312 571
209386 209374 1274
209386 209384 593
209377 209375 710
209379 209375 469
209379 209383 885
209383 209379 885
209383 209382 1256
209384 209382 821
209384 209386 593
178830 178950 2790
178951 178950 765
178958 178957 2590
178959 178957 765
179001 178946 72
179007 179003 778
179007 179010 562
179002 179003 354
179024 179020 1268
179024 179023 1014
179034 179035 775
179019 179020 435
179295 179294 1140
179295 179301 849
179271 179272 765
179294 179272 667
179294 179295 1140
179260 179261 765
179260 179262 765
179328 179261 1357
179328 179326 765
179320 179321 765
179320 179326 1467
181115 181114 907
181124 181125 474
181124 181126 1409
181124 181126 1409
181129 181128 373
181157 181125 265
180692 180691 796
180693 180691 1636
180701 180702 688
180752 180702 1821
938
26641
26595
26253
26254
26252
26281
26268
26269
26201
26222
26218
26441
26310
26444
26466
26467
105529
29006
29115
34318
29132
29182
29183
29199
26458
26469
26460
26473
27296
27305
27314
20117
27315
26476
29388
29413
29410
29383
29376
53148
53125
53165
53205
53202
53212
53215
53220
53234
53249
53250
53121
53100
53119
53136
53099
53135
53140
53147
53349
53385
54899
54910
54914
54970
54971
54990
55020
55606
55607
55615
55675
55680
53605
49749
49751
49767
53756
54758
141216
141245
141249
141291
141293
195463
195473
195509
195510
195428
195506
195511
195431
195440
195434
195446
196180
196182
141296
141300
141384
141305
141393
140608
140620
140713
140999
141013
141018
141022
141023
141028
141111
141127
141214
141123
190284
190306
190301
190350
190352
190367
186589
186595
186599
186577
189703
186572
186574
186617
139804
189689
186640
189664
190432
186608
186626
186624
186630
186621
140712
140717
141003
141011
141036
144289
141059
139797
141060
141075
141051
141661
141658
140750
140769
140772
140773
140774
141052
55685
55700
55851
55844
55862
55913
56784
56165
55912
56603
56605
189867
189869
189888
189824
189823
190276
190287
190305
190304
189892
196229
196237
197188
197191
197190
197180
197186
197185
197199
197206
202582
202601
202603
202787
202842
204137
204138
212154
204150
204161
204162
204165
204213
204216
204241
204129
204240
204248
204126
207038
207039
203266
202847
202849
202852
202854
203623
203628
198695
206910
203636
194739
207099
207052
207046
207049
207284
207286
207288
207280
207290
207105
207292
197140
197152
197155
196455
196461
196512
196573
196257
196260
196269
196574
214640
196603
206031
206048
206676
206694
205974
206032
206704
206708
206716
206765
206771
206782
206930
206932
206939
206953
206956
206962
207017
209312
209374
209375
209382
178950
178957
178946
179010
179003
179023
179035
179020
179301
179272
179261
179321
179326
181114
181126
181128
181125
180691
180702
181527
181526
181531
181632
184586
184582
184592
163156
163178
163324
163146
184601
184595
184602
184594
163140
183417
183425
184797
184800
184794
184796
184711
184713
184723
184721
184757
184774
184716
184820
184822
184718
184727
184739
184748
184734
184754
183339
183384
183398
183395
183414
185598
180833
185807
180749
180744
185809
180820
180845
182028
180841
182061
182064
177706
182581
183664
183660
183676
183702
174021
174015
174018
173998
174022
183571
182572
182599
183478
183479
183497
184023
184026
172903
172905
174125
185221
185878
174111
174112
174330
174331
174337
174358
174371
174079
174354
174051
174091
174089
174127
183786
183809
183812
183821
183853
183855
184006
183404
183860
183770
183782
183781
183858
183392
183418
183420
183580
183772
210462
209529
209530
209535
209546
209549
209579
209582
209633
209640
209647
209662
209670
211579
211583
211595
211597
211600
210226
210227
211649
211601
210233
210237
210251
210444
210446
162652
162654
162696
162835
163241
163257
162884
163264
162922
162935
162942
163267
163276
163305
163280
162947
163281
161342
162708
210539
214399
210509
210511
210528
179098
179106
179120
179117
178702
179145
179164
179165
179111
179246
179262
179286
179296
179304
115379
115518
115288
115538
115628
113575
106350
32393
32397
106588
106595
106556
106560
32421
32427
32417
114743
191909
191800
192887
192906
192926
192927
193174
192959
192962
192967
192968
193049
193056
190958
192113
193253
192460
192573
192221
191497
192384
192253
192246
34531
32620
32626
32582
32583
34841
32618
32624
32662
32740
32748
16266
32715
32711
29526
29559
29560
29563
30389
29570
30764
30769
32455
32467
34838
32493
32507
32525
32533
32537
32569
31797
32867
32770
32773
32862
32851
32870
32927
33086
33055
33075
32385
33102
33105
33104
107890
107896
103291
33228
108040
103287
108011
108034
33519
33521
33525
33528
34847
33544
33557
33678
31663
35380
33751
33753
33767
17818
17821
17815
17816
16950
17110
17208
17214
17236
17238
17336
17344
17347
17414
33934
33937
33953
33932
33926
33961
33968
17381
17384
17390
33946
17439
17441
17455
16878
18178
18175
18323
18383
33973
18265
6524
18267
18404
18405
18588
18223
18589
18592
18595
18418
18419
18598
18614
18210
18618
18669
18688
17631
18716
18948
18958
18504
18496
18493
18926
18497
103487
103489
103594
18928
18945
18946
18929
26601
26607
26628
26538
26542
26575
26660
26636
26637
26645
26592
26640
26593
26220
26219
26255
26221
26265
26196
26216
26194
29191
26311
26312
26445
26463
26449
105528
105532
105570
29009
29134
29127
29153
29156
29190
26447
26457
26455
27295
34304
27302
27303
27307
27384
27319
26477
29380
29408
29378
29109
29381
53146
53122
53124
53196
53200
53201
53211
53213
53067
53222
53223
53236
53075
53118
53094
53102
53117
53073
53134
53138
53145
53384
53386
54892
54903
54913
55004
54989
55015
55033
55591
55612
55620
55677
53567
49747
49750
49754
49759
49770
53755
54761
141218
141246
141250
195345
195462
195466
195476
195480
195514
195432
195512
195524
195525
195441
196183
195444
195447
195448
196203
196186
141297
141337
141383
141398
140711
140995
141001
141016
141017
141024
141107
141112
141128
141215
141124
190290
190298
190299
190300
190349
190357
190366
186591
186600
186601
186576
189702
190371
186578
139805
139808
189690
139922
187960
189687
190433
186607
186609
186615
186623
186625
140718
140996
141005
141015
141033
141058
146937
141072
141073
141062
141064
141081
140751
141659
140752
140775
140777
140778
141066
141061
55683
55686
55840
55845
55850
55699
55848
55854
56149
56227
56167
56172
56609
56604
189866
189873
189887
189886
189825
189831
190267
190270
190288
189897
197178
197177
197173
197181
197187
197174
197200
197228
197234
202606
202610
202611
202836
202838
202843
204139
204140
204143
214392
203566
203911
204152
204156
204163
204166
204214
204215
204220
204125
204243
204249
207042
207043
202844
202845
208060
203630
198694
198731
203857
203859
207097
207053
207050
207051
205975
207285
207287
207289
207309
207281
207291
207106
207293
196604
197175
196266
196458
196497
196511
196517
196577
195107
196583
196599
206044
206691
206034
206033
206692
206705
206712
206717
206770
206787
206792
206931
206944
206954
207018
209315
209386
209377
209379
209383
209384
178830
178958
178959
179001
179007
179002
179024
179019
179295
179271
179260
179328
179320
181129
181157
180693
180701
180752
