1706
61896 61877 1480
61896 61893 698
61896 61897 1647
63618 63622 323
63608 61831 1751
63608 63563 812
63627 63563 1416
62151 62149 1620
62129 62091 2023
62129 62127 891
62129 62130 748
62134 62133 2508
62134 63825 358
62333 62334 1336
62333 62354 955
62349 62331 1149
62349 62348 950
62359 62353 712
62359 62358 1162
62361 62360 1227
62361 62363 909
62416 60974 1668
62416 62357 1585
62426 62425 1324
62426 62427 405
62427 62426 405
62427 62428 1552
62221 62222 1837
62221 62442 156
62315 62316 2598
62315 62335 3877
62301 62302 3212
62301 76762 1673
62305 62302 748
62305 62307 6281
78874 78881 1679
78878 78676 848
78878 78879 1659
78878 78879 1659
78885 78887 211
78885 78888 367
57058 57059 2058
57058 67404 2506
67726 67727 1252
67726 77410 834
67726 78507 1297
57048 57046 574
57048 67727 896
57133 57131 1086
57133 57150 1024
57133 57152 1967
57143 57137 882
57143 57144 985
57143 57150 1621
57136 57138 512
57137 57143 882
57137 57145 1032
57131 57132 216
57131 57133 1086
57131 57151 319
57128 57107 807
57115 57109 892
57115 57111 3951
57119 57108 2836
57119 59622 877
57439 57440 3324
57439 57441 533
57444 57445 5723
57444 57446 438
57454 57457 973
76489 57463 2589
57485 57483 1541
57485 57603 2237
57485 57604 957
57602 57623 1495
56878 57000 1828
56878 57001 687
57003 57000 2107
77958 57440 67
65880 57098 559
78078 78079 1203
78078 78082 702
78078 78092 399
65881 57098 2020
65881 65882 748
65885 65886 374
78729 77458 496
78729 78731 630
65929 65930 238
77453 78761 461
77453 78761 461
65704 78952 600
65721 76578 781
78133 78131 1106
65717 65713 674
65717 65719 591
65611 65612 579
65611 65613 453
65611 65617 515
65616 65619 765
65616 65624 299
65420 65421 555
65420 65422 559
65420 65453 638
77156 77160 1344
65643 65644 1347
65643 65645 2688
65653 65645 1762
65653 65728 2516
65724 65729 1611
65655 65654 1547
65655 78548 807
77161 77166 951
77161 77618 1469
60294 60295 341
60294 60298 498
60309 60330 438
60309 60332 729
77223 60331 1578
77223 60332 1863
77223 77224 849
76586 68565 1643
65636 65634 697
65636 65647 364
65636 65649 5638
66152 66158 848
66152 66195 1893
66156 66159 675
66156 66162 2324
66161 66162 740
66161 66240 3096
65581 65579 1336
65594 65589 1069
65594 65595 680
65583 65579 3391
65583 65584 344
65602 65595 1974
65602 65604 2062
66230 66231 520
66230 66235 1021
77436 65469 687
77436 77437 874
65576 65578 375
65576 68565 690
65576 77218 438
66112 66113 950
66120 66122 1336
66120 66123 761
66154 66153 810
83956 83957 604
83956 83958 950
87364 87363 1259
87494 87493 2732
87494 91240 588
87501 87500 1359
87501 87504 1816
88108 88107 2716
88579 88578 2367
88579 88580 480
88579 89142 222
87668 87669 1353
87668 87670 469
88110 88111 984
88790 88771 790
88790 89149 1644
89148 89147 1997
89148 89149 754
76374 76373 789
76376 76394 752
76380 76373 2896
76380 76381 1686
76390 76393 688
76390 76394 4118
83958 83956 950
83958 83959 502
83958 87439 753
87457 87458 279
87457 87506 344
87451 87367 1865
87478 87477 1417
87478 88223 2224
87564 87565 732
87564 87566 2373
87567 87568 1248
87567 88224 883
88242 88241 307
88236 88237 755
88236 88238 1762
88773 88772 885
88773 88774 1586
88825 88824 790
88825 89205 2453
89129 89130 264
89129 89171 1659
89179 89180 1291
89179 89205 838
89181 89180 1627
89181 89211 1162
88796 88794 1347
88796 88797 1539
89210 89209 1186
89210 90865 559
88818 88802 1031
88818 88810 1086
84244 84304 2614
89197 89196 1120
89197 89198 427
89200 89201 356
89200 89202 793
89192 89191 2024
89192 89193 929
87631 87630 614
87631 88240 1702
88277 88240 2618
88277 88278 1426
87635 87636 2421
91531 88437 3041
88271 88269 653
88271 88393 2036
85206 85205 2854
88442 88443 893
88442 88452 3287
88431 88433 1222
88431 88444 607
88439 88438 3338
88439 88446 812
88266 88268 1669
88266 88397 419
88394 88268 2155
88394 88395 581
88925 89068 2070
88925 90856 1875
89500 89499 1997
89500 89571 1145
89573 89572 2764
89573 90075 3227
89616 89587 929
89616 89588 562
89471 89465 1880
89937 89506 170
89464 89463 818
89460 89463 2024
89459 89472 603
88922 88923 1504
88922 88924 1260
89113 89114 581
89113 89115 1443
89079 89078 1228
89081 89082 153
89076 89062 1689
89076 90861 1746
89102 89101 1268
89102 90146 2691
89104 89105 427
89104 89106 572
83977 83976 1397
80651 80652 1186
80651 80678 875
80653 80652 3638
80653 80674 7943
80644 80645 4229
80644 80679 1013
80679 80644 1013
80679 80678 1040
80649 80707 1464
90116 90101 1643
90116 91173 4878
80690 80689 6896
80769 80768 1222
80769 81415 8555
80769 81416 1140
87144 80780 5485
87144 87160 4403
87144 90094 3386
87143 81416 23145
89517 89515 2368
89517 89518 677
89524 89525 679
89524 89526 635
89537 89538 846
89537 89539 672
89540 89541 804
89540 90079 2034
83133 83132 1403
83133 85869 3727
83133 85870 3267
89972 89971 2513
89972 89991 3790
89992 89991 106
89992 91722 1445
73625 76704 631
73632 73624 3837
73632 79059 1187
76505 77230 1237
66256 66251 929
66256 66357 1550
66226 66227 452
66226 66228 1949
66235 66230 1021
66235 66236 1190
66361 66357 1301
66361 66365 876
66361 66366 1031
66366 66361 1031
66366 66368 675
78177 77194 5398
65756 65755 437
65756 65757 905
66396 65758 1084
66396 66397 3386
66399 66405 957
66407 66410 1523
66407 66414 2347
66423 77225 945
68770 66236 2305
68770 68769 604
68770 77195 69
68774 68771 558
68774 68771 558
66428 76589 628
66429 77228 1698
66434 66415 957
66434 66436 603
78141 77228 1404
78141 78142 2186
66438 66436 2161
66438 66451 1667
66533 66528 1511
66604 58034 559
66604 66605 1350
66604 66611 2025
66611 59625 790
66611 66604 2025
66547 66545 790
66547 66548 755
66760 66761 1297
73940 73935 5567
56985 56986 1590
56985 73623 2235
73944 73941 3449
73944 73945 277
73608 73614 1517
75756 75758 1506
75760 75761 1124
75770 75771 1891
75770 75772 741
75755 75758 3471
75581 75792 846
75581 75801 1334
73623 56985 2235
73623 73614 1124
73623 73950 812
73961 73983 910
73961 73984 1980
73961 73987 686
73963 73987 344
73991 74001 374
78230 78231 327
78230 78232 956
73996 73997 310
73996 74003 445
73996 74006 878
73997 73996 310
73997 74003 676
73997 74004 476
74004 73994 1385
74004 73997 476
75786 56946 2717
75786 75790 554
75787 75789 1768
75787 75790 372
75821 75820 428
75821 75832 2136
75821 75896 782
75893 75894 1637
75893 75896 710
75893 75897 626
77334 77335 612
77334 77336 714
75867 75860 686
75867 75868 889
75855 75887 667
75855 75888 1123
75911 75916 1694
75911 75917 782
75916 75911 1694
75916 75923 843
75945 75950 812
75945 75954 539
75946 75958 848
75946 75959 1824
78783 76346 2203
78783 76353 1550
76353 73140 3179
76353 78783 1550
63820 63821 1415
75925 75926 1567
75925 75930 513
75928 75923 118
75938 75930 2299
75938 75939 1234
75943 75950 582
170168 170169 436
170186 170161 518
170186 170169 2557
170186 170184 1721
159883 159881 1786
159883 159884 518
159883 159887 3002
100682 100629 2870
100682 100683 1613
116749 116760 538
116765 118428 1484
116765 118429 648
116766 116767 1122
116766 116768 1087
116433 116742 279
58332 58331 1306
116776 116771 276
116776 116811 4035
58337 58369 518
58337 58373 949
58351 58352 678
58351 58353 1268
58361 58353 2156
58361 58362 1032
116791 116786 948
116791 116790 1078
116791 116792 1208
116808 116813 874
116808 116815 1625
58663 58362 3473
58663 58664 1256
58671 58664 2649
58671 58672 941
58672 58671 941
58672 58673 893
58686 58687 891
119553 119559 474
119565 58793 1121
119565 58795 1162
119567 119573 404
119567 119574 558
58826 58825 475
58826 58827 667
58829 58827 929
58829 58832 782
119574 58817 672
119574 58818 928
119574 119567 558
119576 58820 392
119576 132386 981
119576 132387 651
58832 58829 782
58832 58848 698
58832 58851 673
58835 58852 445
58835 59262 477
59242 59243 1044
120102 120107 752
120102 120108 1075
120108 59257 1226
120108 120102 1075
120108 120110 613
59428 59426 475
59434 79033 513
59427 59426 3559
59427 59431 759
59427 59451 1234
59456 59451 333
59456 59452 556
59452 59453 601
59452 59454 667
59452 59456 556
59257 59256 1448
59257 120108 1226
59259 59256 739
59259 59260 1503
59259 59261 811
59323 59324 1248
59323 59418 2878
59418 59323 2878
59418 59440 1004
59418 59441 1013
59419 76528 1039
59454 59445 796
59454 59452 667
59454 59455 759
59464 59462 851
59465 59462 1445
59465 59468 1780
59532 59527 1944
59532 59534 1161
59560 59536 768
59560 59561 1719
59552 59544 3276
59579 59705 1014
77685 77686 712
77685 79035 1057
59371 59370 3152
59551 59550 711
59609 59608 502
59609 77582 888
77582 59609 888
77582 77693 1863
58225 58223 2249
77489 78170 470
58217 58216 279
58485 58493 1252
58520 58491 542
58520 58493 278
76520 76517 1328
76520 77510 533
58472 58471 870
58472 58490 3196
58472 58491 2235
77509 77508 390
77509 78356 362
58611 58610 611
58637 58608 374
58616 58607 1108
58616 58609 2788
58990 58988 558
58990 58995 747
58997 58987 1486
58997 58988 2084
58995 58990 747
58995 58996 848
58987 58985 1256
58987 58997 1486
59029 59027 889
59029 59037 1120
59038 59037 760
59038 59053 893
59038 59058 1439
60623 60619 2017
60623 60622 752
60623 60665 789
60661 60622 2017
60661 60660 789
60668 60665 2022
60668 60669 1397
60663 60660 1952
60681 60682 713
60705 60682 1984
60705 60706 1259
60715 60706 2110
60715 60717 675
60795 60718 2356
60795 60798 2139
60795 60804 1249
60820 60782 2537
60820 60809 951
60820 60830 611
60827 60809 2490
60827 60826 574
60829 60830 2568
60829 60831 747
60851 76611 1531
60851 77534 735
59058 59038 1439
59058 59057 893
59059 59057 1351
59059 59126 889
59129 59125 581
59129 59126 2303
59129 59141 1202
59146 59142 399
76900 60996 1157
76900 78054 1482
60863 60861 679
60898 76542 1244
60900 60901 3277
60900 61037 1646
60880 60879 987
60876 60875 1651
61059 61060 2731
61059 61062 1027
61133 61132 75
61179 61130 611
61179 61180 632
61179 61183 871
61182 61191 2491
78054 60997 1709
78054 76900 1482
76974 76975 1017
62730 62731 246
62730 62732 1077
61190 61191 405
62713 62714 1225
62713 62716 473
62796 62786 333
62796 62794 2917
62826 62827 238
62826 62828 3705
62793 62788 1614
62805 62801 1226
62805 62806 1799
62805 62807 1704
62762 62761 1227
62762 62812 2022
62810 62761 2462
62810 62804 1347
62809 62806 748
62809 62808 740
63583 63581 853
63583 63584 2880
63584 63583 2880
63584 63594 1056
63595 63594 712
63597 63593 874
63597 63594 1956
78657 77990 755
63571 63570 650
63571 63575 1867
63577 63575 809
66102 66104 636
66166 66169 831
66167 66168 1942
66185 66168 1433
66185 66186 611
66187 66186 1269
66187 66279 672
66278 66283 853
66278 66286 223
64980 66297 1021
64980 66298 1674
64980 66307 405
66283 66278 853
66283 66285 686
66283 66288 1234
66285 66283 686
66285 66300 333
66297 64980 1021
66297 66298 1344
64978 64979 809
64978 73167 559
64978 73189 1149
64979 64978 809
64979 73166 1149
64985 64983 257
64985 73186 2616
62166 62165 812
62166 62204 1068
62166 63832 789
62209 62204 955
62209 62205 2698
62175 62176 2425
62175 62190 848
62200 62157 893
62200 62201 831
62205 62203 1592
62205 62209 2698
63574 63561 1732
63574 63562 838
63574 63573 838
63562 63555 1750
63562 63563 748
63562 63574 838
61818 61811 1615
61818 61817 748
61818 61827 752
61830 61827 1690
61830 61831 613
61886 61817 1682
61886 61884 891
61868 61850 1750
61868 61869 752
61868 61870 838
61871 61869 1615
61871 61875 838
61884 61870 1615
61884 61886 891
61884 76556 498
61877 61875 1886
61877 61882 674
61877 61893 1633
61877 61896 1480
61893 61877 1633
61893 61882 1615
61893 61896 698
61893 61921 674
61897 61896 1647
61897 63622 508
63622 61897 508
63622 63618 323
61831 61826 1750
61831 61830 613
61831 63557 875
61831 63608 1751
63563 63557 1682
63563 63562 748
63563 63608 812
63563 63627 1416
62149 62140 554
62149 62151 1620
62091 62089 812
62091 62090 1686
62091 62126 812
62091 62129 2023
62127 62109 2323
62127 62128 1802
62127 62129 891
62130 62126 1761
62130 62129 748
62130 62131 752
62133 62125 607
62133 62134 2508
63825 62134 358
62334 62331 2602
62334 62333 1336
62334 77132 808
62354 62333 955
62354 62339 3301
62354 62341 3576
62331 62330 1449
62331 62334 2602
62331 62349 1149
62348 61526 698
62348 62349 950
62348 62351 613
62353 62352 1031
62353 62359 712
62358 62352 881
62358 62359 1162
62358 62360 810
62360 62358 810
62360 62361 1227
62360 62362 607
62363 62357 811
62363 62361 909
62363 62362 1481
60974 60973 562
60974 62416 1668
60974 77124 685
62357 61527 2665
62357 62363 811
62357 62416 1585
62357 77123 1368
62425 62424 611
62425 62426 1324
62428 62427 1552
62428 78157 65
62222 62221 1837
62442 62221 156
62442 62446 1310
62316 62315 2598
62335 62315 3877
62335 62336 2230
62335 62344 2665
62302 62301 3212
62302 62305 748
76762 58159 954
76762 62301 1673
62307 62305 6281
78881 78872 929
78881 78874 1679
78881 78882 2322
78676 77130 1139
78676 77131 1091
78676 78878 848
78879 77130 819
78879 78878 1659
78879 78878 1659
78887 78885 211
78887 78889 403
78887 78890 425
78888 78885 367
57059 57058 2058
57059 67429 2841
57059 77411 1694
67404 57058 2506
67404 67429 861
67404 67429 861
67727 57048 896
67727 67726 1252
67727 77404 936
77410 67726 834
78507 67726 1297
57046 57047 793
57046 57048 574
57150 57133 1024
57150 57143 1621
57150 57154 1864
57150 57156 985
57152 57133 1967
57152 57153 182
57152 57154 1222
57152 57203 327
57144 57143 985
57144 57145 254
57144 57147 279
57144 57156 1621
57138 57136 512
57138 57139 476
57138 57141 506
57145 57137 1032
57145 57144 254
57145 57147 478
57132 57129 461
57132 57131 216
57151 57131 319
57151 57148 1372
57107 57108 3115
57107 57128 807
57107 57129 810
57109 57110 1140
57109 57115 892
57109 76691 1689
57111 57112 614
57111 57114 889
57111 57115 3951
57108 57107 3115
57108 57119 2836
59622 57119 877
59622 60570 2182
59622 60586 1914
57440 57439 3324
57440 77958 67
57440 78450 1816
57441 57439 533
57445 57444 5723
57445 57448 7878
57445 76883 1748
57446 57444 438
57446 57447 3808
57457 57454 973
57463 57449 12461
57463 76489 2589
57483 57475 1831
57483 57481 370
57483 57484 1527
57483 57485 1541
57603 57484 1459
57603 57485 2237
57603 57627 581
57604 57485 957
57604 57605 1124
57604 57606 680
57623 57602 1495
57623 57624 1492
57623 76495 1982
57623 78751 2846
57000 56878 1828
57000 57002 1980
57000 57003 2107
57001 56878 687
57098 57099 1703
57098 57100 753
57098 65880 559
57098 65881 2020
78079 78078 1203
78079 78080 314
78082 78078 702
78082 78081 781
78082 78090 1605
78092 78078 399
65882 57100 1818
65882 65881 748
65886 65885 374
77458 77457 1447
77458 78729 496
77458 78730 858
78731 78729 630
65930 57113 16558
65930 65929 238
65930 65933 2944
78761 77453 461
78761 77453 461
78761 77457 504
78952 65704 600
78952 78953 503
76578 65721 781
78131 77398 628
78131 78133 1106
65713 65714 1332
65713 65714 1332
65713 65717 674
65719 65717 591
65719 65720 611
65719 65779 1150
65612 65611 579
65613 65611 453
65613 65614 728
65613 65615 1108
65617 65611 515
65619 65616 765
65619 65620 520
65619 65622 901
65619 65623 562
65624 65616 299
65624 65625 710
65624 65626 265
65421 65420 555
65422 65416 704
65422 65420 559
65422 65426 968
65453 65420 638
77160 77156 1344
77160 77163 283
77160 77166 1186
65644 65643 1347
65645 65643 2688
65645 65653 1762
65645 65659 1897
65728 65653 2516
65728 65727 556
65728 65734 1769
65729 65724 1611
65729 65730 1114
65729 65746 1671
65654 65655 1547
65654 65660 2069
78548 65655 807
77166 77160 1186
77166 77161 951
77166 77167 340
77618 77161 1469
60295 60261 1260
60295 60294 341
60295 77224 1104
60298 60294 498
60330 60309 438
60332 60309 729
60332 60331 569
60332 77223 1863
60331 60332 569
60331 60337 693
60331 77223 1578
77224 60261 663
77224 60295 1104
77224 77223 849
68565 65576 690
68565 68564 736
68565 76586 1643
65634 65635 447
65634 65636 697
65634 65637 356
65647 65636 364
65647 65648 463
65647 65650 410
65649 65636 5638
65649 77192 878
66158 66152 848
66158 66159 812
66158 66196 2019
66195 66152 1893
66195 66153 790
66195 66194 1481
66195 66196 651
66159 66156 675
66159 66158 812
66159 66160 838
66159 66197 1817
66162 66156 2324
66162 66161 740
66162 66240 2985
66240 66161 3096
66240 66162 2985
65579 65581 1336
65579 65583 3391
65589 65594 1069
65595 65594 680
65595 65602 1974
65584 65583 344
65604 65602 2062
65604 66231 680
66231 65604 680
66231 66230 520
65469 77436 687
77437 77436 874
65578 65576 375
77218 65576 438
66113 66112 950
66122 66120 1336
66122 66153 1117
66123 66120 761
66153 66122 1117
66153 66154 810
66153 66195 790
83957 83956 604
87363 87364 1259
87493 87494 2732
87493 91240 2215
91240 87493 2215
91240 87494 588
87500 87501 1359
87504 87501 1816
88107 88108 2716
88578 88579 2367
88580 88579 480
89142 88579 222
87669 87668 1353
87670 87668 469
88111 88110 984
88771 88772 1227
88771 88790 790
89149 88790 1644
89149 89148 754
89147 89148 1997
76373 76374 789
76373 76380 2896
76394 76376 752
76394 76390 4118
76381 76380 1686
76393 76390 688
83959 83958 502
87439 83958 753
87458 87457 279
87506 87457 344
87367 87451 1865
87477 87478 1417
88223 87478 2224
88223 88224 1346
87565 87564 732
87566 87564 2373
87568 87567 1248
88224 87567 883
88224 88223 1346
88241 88237 387
88241 88242 307
88237 88236 755
88237 88241 387
88238 88236 1762
88238 88278 1506
88772 88771 1227
88772 88773 885
88774 88773 1586
88824 88825 790
88824 89205 2137
89205 88824 2137
89205 88825 2453
89205 89179 838
89130 89129 264
89171 89129 1659
89180 89179 1291
89180 89181 1627
89211 89181 1162
88794 88796 1347
88797 88796 1539
89209 89210 1186
90865 89210 559
88802 88818 1031
88810 88818 1086
84304 84244 2614
89196 89197 1120
89198 89197 427
89201 89200 356
89202 89200 793
89191 89192 2024
89193 89192 929
87630 87631 614
88240 87631 1702
88240 88277 2618
88278 88238 1506
88278 88277 1426
87636 87635 2421
88437 88438 985
88437 91531 3041
88269 88268 989
88269 88271 653
88393 88271 2036
85205 85206 2854
85205 88452 356
88443 88433 2119
88443 88442 893
88452 85205 356
88452 88442 3287
88433 88431 1222
88433 88443 2119
88444 88431 607
88438 88437 985
88438 88439 3338
88438 88446 2810
88446 88438 2810
88446 88439 812
88268 88266 1669
88268 88269 989
88268 88394 2155
88397 88266 419
88395 88394 581
89068 88925 2070
90856 88925 1875
89499 89500 1997
89571 89500 1145
89571 89572 1633
89572 89571 1633
89572 89573 2764
90075 89573 3227
89587 89588 633
89587 89588 633
89587 89616 929
89588 89587 633
89588 89587 633
89588 89616 562
89465 89471 1880
89506 89937 170
89463 89460 2024
89463 89464 818
89463 89472 838
89472 89459 603
89472 89463 838
88923 88922 1504
88924 88922 1260
89114 89113 581
89115 89113 1443
89078 89079 1228
89082 89081 153
89062 89076 1689
90861 89076 1746
89101 89102 1268
90146 89102 2691
89105 89104 427
89106 89104 572
83976 83977 1397
80652 80651 1186
80652 80653 3638
80678 80651 875
80678 80679 1040
80674 80653 7943
80645 80644 4229
80707 80649 1464
90101 90116 1643
91173 90116 4878
80689 80690 6896
80768 80769 1222
81415 80769 8555
81416 80769 1140
81416 87143 23145
80780 87144 5485
87160 87144 4403
90094 87144 3386
89515 89517 2368
89518 89517 677
89525 89524 679
89526 89524 635
89538 89537 846
89539 89537 672
89541 89540 804
90079 89540 2034
83132 83133 1403
85869 83133 3727
85870 83133 3267
89971 89972 2513
89991 89972 3790
89991 89992 106
91722 89992 1445
76704 73625 631
73624 73632 3837
79059 73632 1187
77230 76505 1237
66251 66256 929
66357 66256 1550
66357 66361 1301
66227 66226 452
66228 66226 1949
66236 66235 1190
66236 68770 2305
66365 66361 876
66368 66366 675
77194 78177 5398
65755 65756 437
65757 65756 905
65757 65758 1215
65758 65757 1215
65758 66396 1084
66397 66396 3386
66397 66410 1438
66405 66399 957
66410 66397 1438
66410 66407 1523
66414 66407 2347
66414 66415 1558
77225 66423 945
68769 68770 604
68769 68771 423
77195 68770 69
68771 68769 423
68771 68774 558
68771 68774 558
76589 66428 628
77228 66429 1698
77228 78141 1404
66415 66414 1558
66415 66434 957
66436 66434 603
66436 66438 2161
78142 78141 2186
66451 66438 1667
66528 66533 1511
58034 59625 2089
58034 66604 559
66605 66604 1350
59625 58034 2089
59625 66611 790
66545 66547 790
66548 66547 755
66761 66760 1297
73935 73940 5567
56986 56985 1590
73941 73944 3449
73945 73944 277
73614 73608 1517
73614 73623 1124
75758 75755 3471
75758 75756 1506
75761 75760 1124
75771 75770 1891
75772 75770 741
75792 75581 846
75801 75581 1334
73950 73623 812
73983 73961 910
73983 73984 1576
73984 73961 1980
73984 73983 1576
73987 73961 686
73987 73963 344
74001 73991 374
74001 73994 1392
78231 78230 327
78232 78230 956
74003 73994 497
74003 73996 445
74003 73997 676
74006 73996 878
73994 74001 1392
73994 74003 497
73994 74004 1385
56946 75786 2717
75790 75786 554
75790 75787 372
75789 75787 1768
75820 75821 428
75832 75821 2136
75896 75821 782
75896 75893 710
75896 75897 1056
75894 75893 1637
75897 75893 626
75897 75896 1056
77335 77334 612
77336 77334 714
75860 75867 686
75868 75867 889
75887 75855 667
75888 75855 1123
75888 75917 438
75917 75888 438
75917 75911 782
75923 75916 843
75923 75928 118
75950 75943 582
75950 75945 812
75954 75945 539
75954 75958 559
75958 75946 848
75958 75954 559
75959 75946 1824
76346 78783 2203
73140 76353 3179
63821 63820 1415
75926 75925 1567
75930 75925 513
75930 75938 2299
75939 75938 1234
170169 170168 436
170169 170186 2557
170161 170186 518
170184 170186 1721
159881 159883 1786
159884 159883 518
159887 159883 3002
100629 100682 2870
100683 100682 1613
116760 116749 538
118428 116765 1484
118429 116765 648
116767 116766 1122
116768 116766 1087
116768 116771 1814
116742 116433 279
58331 58332 1306
58331 58369 675
116771 116768 1814
116771 116776 276
116811 116776 4035
116811 116813 1211
58369 58331 675
58369 58337 518
58373 58337 949
58352 58351 678
58353 58351 1268
58353 58361 2156
58362 58361 1032
58362 58663 3473
116786 116791 948
116790 116791 1078
116792 116791 1208
116813 116808 874
116813 116811 1211
116815 116808 1625
58664 58663 1256
58664 58671 2649
58673 58672 893
58687 58686 891
119559 119553 474
58793 119565 1121
58795 119565 1162
119573 119567 404
58825 58826 475
58827 58826 667
58827 58829 929
58817 119574 672
58818 119574 928
58820 119576 392
132386 119576 981
132387 119576 651
58848 58832 698
58851 58832 673
58852 58835 445
59262 58835 477
59243 59242 1044
120107 120102 752
120107 120110 1082
120110 120107 1082
120110 120108 613
59426 59427 3559
59426 59428 475
79033 59434 513
59431 59427 759
59431 59441 1187
59451 59427 1234
59451 59456 333
59453 59452 601
59256 59257 1448
59256 59259 739
59260 59259 1503
59261 59259 811
59324 59323 1248
59440 59418 1004
59441 59418 1013
59441 59431 1187
59441 76528 680
76528 59419 1039
76528 59441 680
59445 59454 796
59445 59462 844
59455 59454 759
59462 59445 844
59462 59464 851
59462 59465 1445
59468 59465 1780
59527 59532 1944
59534 59532 1161
59534 59536 1032
59536 59534 1032
59536 59560 768
59561 59560 1719
59544 59552 3276
59705 59579 1014
77686 77685 712
79035 77685 1057
59370 59371 3152
59550 59551 711
59608 59609 502
77693 77582 1863
58223 58225 2249
78170 77489 470
58216 58217 279
58493 58485 1252
58493 58520 278
58491 58472 2235
58491 58520 542
76517 76520 1328
76517 77508 1838
77510 76520 533
58471 58472 870
58490 58472 3196
77508 76517 1838
77508 77509 390
78356 77509 362
58610 58611 611
58608 58637 374
58607 58616 1108
58609 58616 2788
58988 58990 558
58988 58997 2084
58996 58995 848
58985 58987 1256
59027 59029 889
59037 59029 1120
59037 59038 760
59053 59038 893
59053 59057 1439
60619 60623 2017
60622 60623 752
60622 60661 2017
60665 60623 789
60665 60668 2022
60660 60661 789
60660 60663 1952
60669 60668 1397
60682 60681 713
60682 60705 1984
60706 60705 1259
60706 60715 2110
60717 60715 675
60717 60718 546
60718 60717 546
60718 60795 2356
60798 60795 2139
60804 60795 1249
60782 60820 2537
60809 60820 951
60809 60827 2490
60830 60820 611
60830 60829 2568
60826 60827 574
60831 60829 747
76611 60851 1531
77534 60851 735
59057 59053 1439
59057 59058 893
59057 59059 1351
59126 59059 889
59126 59129 2303
59125 59129 581
59141 59129 1202
59141 59142 552
59142 59141 552
59142 59146 399
60996 60997 535
60996 76900 1157
60861 60863 679
76542 60898 1244
60901 60900 3277
61037 60900 1646
60879 60880 987
60875 60876 1651
61060 61059 2731
61062 61059 1027
61132 61133 75
61130 61179 611
61180 61179 632
61183 61179 871
61191 61182 2491
61191 61190 405
60997 60996 535
60997 78054 1709
76975 76974 1017
62731 62730 246
62732 62730 1077
62714 62713 1225
62716 62713 473
62786 62796 333
62794 62788 811
62794 62796 2917
62827 62826 238
62828 62826 3705
62788 62793 1614
62788 62794 811
62801 62805 1226
62806 62805 1799
62806 62808 337
62806 62809 748
62807 62805 1704
62761 62762 1227
62761 62810 2462
62812 62762 2022
62804 62810 1347
62808 62806 337
62808 62809 740
63581 63583 853
63594 63584 1056
63594 63595 712
63594 63597 1956
63593 63597 874
77990 78657 755
63570 63571 650
63575 63571 1867
63575 63573 538
63575 63577 809
66104 66102 636
66169 66166 831
66168 66167 1942
66168 66185 1433
66186 66185 611
66186 66187 1269
66279 66187 672
66279 66286 706
66286 66278 223
66286 66279 706
66298 64980 1674
66298 66297 1344
66307 64980 405
66307 73166 512
66288 66283 1234
66288 66300 1121
66300 66285 333
66300 66288 1121
73167 64978 559
73189 64978 1149
73166 64979 1149
73166 66307 512
64983 64985 257
73186 64985 2616
62165 62166 812
62204 62166 1068
62204 62209 955
63832 62166 789
62176 62175 2425
62176 62190 1709
62190 62175 848
62190 62176 1709
62157 62200 893
62201 62200 831
62203 62205 1592
63561 63574 1732
63573 63574 838
63573 63575 538
63555 63557 848
63555 63562 1750
61811 61818 1615
61817 61818 748
61817 61870 838
61817 61886 1682
61827 61818 752
61827 61826 838
61827 61830 1690
61850 61868 1750
61869 61868 752
61869 61871 1615
61870 61817 838
61870 61868 838
61870 61884 1615
61875 61871 838
61875 61877 1886
76556 61884 498
61882 61877 674
61882 61893 1615
61921 61893 674
61826 61827 838
61826 61831 1750
63557 61831 875
63557 63555 848
63557 63563 1682
62140 62149 554
62089 62091 812
62089 62128 297
62090 62091 1686
62126 62091 812
62126 62130 1761
62109 62127 2323
62128 62089 297
62128 62127 1802
62131 62130 752
62125 62133 607
77132 62334 808
62339 62341 1347
62339 62354 3301
62341 62339 1347
62341 62344 1208
62341 62354 3576
62330 62331 1449
61526 62348 698
62351 61527 3301
62351 62348 613
62351 62352 1084
62352 62351 1084
62352 62353 1031
62352 62358 881
62362 62360 607
62362 62363 1481
60973 60974 562
60973 62424 544
77124 60974 685
77124 77123 1150
61527 62351 3301
61527 62357 2665
77123 62357 1368
77123 77124 1150
62424 60973 544
62424 62425 611
78157 62428 65
62446 62442 1310
62336 62335 2230
62344 62335 2665
62344 62341 1208
58159 76762 954
78872 78881 929
78882 78881 2322
77130 77131 507
77130 78676 1139
77130 78879 819
77131 77130 507
77131 78676 1091
78889 78887 403
78890 78887 425
67429 57059 2841
67429 67404 861
67429 67404 861
77411 57059 1694
77404 67727 936
57047 57046 793
57154 57150 1864
57154 57152 1222
57156 57144 1621
57156 57150 985
57153 57148 936
57153 57152 182
57203 57152 327
57147 57144 279
57147 57145 478
57139 57138 476
57141 57138 506
57129 57107 810
57129 57132 461
57148 57151 1372
57148 57153 936
57110 57109 1140
57110 57114 2347
76691 57109 1689
57112 57111 614
57112 57113 848
57114 57110 2347
57114 57111 889
60570 59622 2182
60570 60586 1091
60586 59622 1914
60586 60570 1091
78450 57440 1816
57448 57445 7878
57448 57449 9419
76883 57445 1748
57447 57446 3808
57449 57448 9419
57449 57463 12461
57475 57483 1831
57481 57483 370
57484 57483 1527
57484 57603 1459
57627 57603 581
57605 57604 1124
57606 57604 680
57624 57623 1492
76495 57623 1982
78751 57623 2846
57002 57000 1980
57099 57098 1703
57100 57098 753
57100 65882 1818
78080 78079 314
78081 78082 781
78090 78082 1605
77457 77458 1447
77457 78761 504
78730 77458 858
57113 57112 848
57113 65930 16558
65933 65930 2944
78953 78952 503
77398 78131 628
65714 65713 1332
65714 65713 1332
65720 65719 611
65779 65719 1150
65614 65613 728
65615 65613 1108
65615 65622 791
65620 65619 520
65622 65615 791
65622 65619 901
65623 65619 562
65625 65624 710
65626 65624 265
65626 77163 1402
65416 65422 704
65426 65422 968
77163 65626 1402
77163 77160 283
65659 65645 1897
65727 65728 556
65727 65730 1259
65734 65728 1769
65730 65727 1259
65730 65729 1114
65746 65729 1671
65660 65654 2069
77167 77166 340
60261 60295 1260
60261 77224 663
60337 60331 693
68564 68565 736
65635 65634 447
65637 65634 356
65648 65647 463
65650 65647 410
77192 65649 878
66196 66158 2019
66196 66195 651
66196 66197 790
66194 66195 1481
66160 66159 838
66197 66159 1817
66197 66196 790
745
61896
63618
63608
63627
62151
62129
62134
62333
62349
62359
62361
62416
62426
62427
62221
62315
62301
62305
78874
78878
78885
57058
67726
57048
57133
57143
57136
57137
57131
57128
57115
57119
57439
57444
57454
76489
57485
57602
56878
57003
77958
65880
78078
65881
65885
78729
65929
77453
65704
65721
78133
65717
65611
65616
65420
77156
65643
65653
65724
65655
77161
60294
60309
77223
76586
65636
66152
66156
66161
65581
65594
65583
65602
66230
77436
65576
66112
66120
66154
83956
87364
87494
87501
88108
88579
87668
88110
88790
89148
76374
76376
76380
76390
83958
87457
87451
87478
87564
87567
88242
88236
88773
88825
89129
89179
89181
88796
89210
88818
84244
89197
89200
89192
87631
88277
87635
91531
88271
85206
88442
88431
88439
88266
88394
88925
89500
89573
89616
89471
89937
89464
89460
89459
88922
89113
89079
89081
89076
89102
89104
83977
80651
80653
80644
80679
80649
90116
80690
80769
87144
87143
89517
89524
89537
89540
83133
89972
89992
73625
73632
76505
66256
66226
66235
66361
66366
78177
65756
66396
66399
66407
66423
68770
68774
66428
66429
66434
78141
66438
66533
66604
66611
66547
66760
73940
56985
73944
73608
75756
75760
75770
75755
75581
73623
73961
73963
73991
78230
73996
73997
74004
75786
75787
75821
75893
77334
75867
75855
75911
75916
75945
75946
78783
76353
63820
75925
75928
75938
75943
170168
170186
159883
100682
116749
116765
116766
116433
58332
116776
58337
58351
58361
116791
116808
58663
58671
58672
58686
119553
119565
119567
58826
58829
119574
119576
58832
58835
59242
120102
120108
59428
59434
59427
59456
59452
59257
59259
59323
59418
59419
59454
59464
59465
59532
59560
59552
59579
77685
59371
59551
59609
77582
58225
77489
58217
58485
58520
76520
58472
77509
58611
58637
58616
58990
58997
58995
58987
59029
59038
60623
60661
60668
60663
60681
60705
60715
60795
60820
60827
60829
60851
59058
59059
59129
59146
76900
60863
60898
60900
60880
60876
61059
61133
61179
61182
78054
76974
62730
61190
62713
62796
62826
62793
62805
62762
62810
62809
63583
63584
63595
63597
78657
63571
63577
66102
66166
66167
66185
66187
66278
64980
66283
66285
66297
64978
64979
64985
62166
62209
62175
62200
62205
63574
63562
61818
61830
61886
61868
61871
61884
61877
66162
66240
65579
65589
65595
65604
66231
65469
65578
77218
66113
66122
66123
66153
83957
87363
87493
91240
87500
87504
88107
88578
88580
89142
87670
88771
89149
89147
76373
76394
76381
76393
83959
87458
87506
87367
88223
87568
88224
88241
88238
88772
88774
88824
89130
89171
89180
88794
88797
89209
88802
88810
89196
89191
89193
87630
88240
88278
87636
88437
88269
85205
88443
88433
88446
89068
90856
89499
89571
89572
89465
89506
89115
89078
89082
89062
89101
83976
80652
80674
80645
80707
90101
91173
80689
80768
81415
81416
80780
87160
90094
89515
89518
89541
90079
83132
85869
85870
89971
89991
76704
73624
79059
77230
66251
66357
66365
66368
77194
65755
65757
65758
66397
66410
66414
77225
68769
76589
66415
66436
66451
66528
58034
59625
66545
66548
73935
56986
73941
73945
75758
75761
75771
75792
75801
73950
73983
73984
73987
74001
78231
73994
56946
75790
75789
75820
75832
75894
75897
75860
75868
75887
75888
75917
75923
75950
75954
75958
75959
76346
73140
75930
75939
170169
170161
170184
159881
159884
159887
100629
116767
116768
116742
116771
116811
58369
58373
58353
58362
116786
116790
116792
116813
58664
58673
58687
58793
58795
58827
58817
58818
58820
58848
58851
58852
59243
120107
120110
59426
59431
59453
59256
59260
59261
59324
59441
59445
59468
59527
59534
59536
59544
59705
77686
59370
59550
59608
58216
58493
58491
76517
58471
58490
77508
78356
58608
58607
58609
58988
58996
58985
59027
59037
59053
60619
60622
60665
60660
60669
60682
60706
60717
60718
60798
60804
60782
60809
60830
60826
60831
77534
59057
59126
59125
59141
59142
60996
60861
60875
61060
61062
61132
61130
60997
62714
62716
62786
62794
62788
62801
62761
62812
62804
62808
63581
63594
63593
77990
63570
63575
66169
66168
66186
66279
66286
66298
66307
66288
66300
73167
73189
73166
64983
62165
62204
63832
62176
62190
62157
62203
63561
63573
63555
61811
61817
61827
61850
61869
61870
61875
61882
61921
61826
63557
62140
62089
62090
62126
62109
62128
62131
62125
62339
62330
61526
77124
61527
77123
62424
62336
62344
58159
78872
77131
78889
57047
57154
57156
57203
57147
57139
57141
57148
57110
57114
60570
60586
57448
57449
57475
57481
57627
57606
57624
76495
78751
57002
57099
57100
78080
78090
65933
77398
65720
65779
65615
65622
65626
65416
65426
77163
65659
65727
65734
65730
65746
65660
60261
68564
77192
66196
66194
66160
66197
