1120
154518 154547 851
159371 159309 1124
159371 159372 253
159371 159401 767
159401 159310 688
159401 159371 767
159305 159306 905
159311 159310 1210
159416 159306 169
159416 159413 1114
159407 159406 1121
159407 159570 553
159414 159373 2719
159414 159413 1032
159414 159415 893
159570 159407 553
159570 159440 986
159404 159405 778
159617 159618 684
159617 159646 1140
159642 159646 684
159642 159650 2590
159666 159650 851
159666 159668 1796
159669 159668 872
159669 159674 1114
159673 159674 791
159673 159679 2590
159759 159679 851
159759 159760 767
159759 159820 2578
159760 159759 767
159760 159761 851
159760 159836 2590
159761 159760 851
159761 159764 2578
159766 159767 796
159766 159803 3169
157713 157714 2485
157713 159821 1248
157716 157717 333
157716 157718 1018
159816 159817 2320
159938 157792 382
159956 159957 905
159992 159991 850
159992 160001 5095
159991 159992 850
159991 160004 355
159998 159997 850
159998 160008 2184
159950 159949 3572
159950 159999 2002
159997 159998 850
159997 159999 2284
172650 159842 990
158731 158730 587
158733 158734 872
160040 158734 2768
159009 159010 1458
159009 160052 1221
159017 159011 2934
159017 159016 818
160052 159009 1221
160052 159010 238
161267 161266 393
161267 172143 447
161266 161267 393
161266 172142 537
160099 160098 1002
160099 160106 812
160099 160108 1038
160095 160094 4741
213089 213086 522
213089 213119 1577
213074 213072 1403
213074 213075 1496
213074 213086 700
213075 213065 1023
213075 213074 1496
213075 213111 2285
213111 213075 2285
213111 213108 706
213095 213094 1488
213095 213099 491
213094 213090 165
213094 213095 1488
213125 213098 801
213125 213126 744
213126 213125 744
213126 213452 2232
213453 213452 939
213459 213457 690
213465 213463 1061
213465 213466 867
213465 213472 271
213472 213465 271
213472 213473 715
213472 213474 615
213510 213511 884
213510 213512 554
213515 213512 684
213515 213516 1359
213515 213538 773
204964 204916 385
204964 204918 641
213606 204916 1818
213606 213614 1116
213606 213615 845
213622 213623 335
213622 213624 2568
213623 213622 335
213623 213628 729
213630 213624 766
213630 213634 1321
213648 213660 1642
213589 213578 843
213589 213586 1047
213589 213591 2897
213538 213515 773
213538 213539 1360
213542 213539 675
213542 213544 709
213542 213545 1239
213546 213544 444
213546 213574 1095
213583 213574 1232
213583 213584 897
213674 213680 623
213634 213615 1609
213634 213630 1321
162235 162236 1234
162235 162237 601
170617 170475 688
170617 170618 553
170647 170648 344
170647 172584 710
170584 170103 2274
170584 170585 477
170592 170103 907
170101 170100 713
170101 170102 601
170823 170824 1284
170809 170810 393
170809 170868 1968
170809 170870 905
170809 170873 2351
102894 102602 84
94885 94884 788
94885 94886 275
102893 102895 280
95550 95535 588
95555 95548 1301
95555 95556 672
95556 95552 2290
95556 95555 672
95582 95558 4248
95582 95584 707
95582 95585 4995
95583 95588 2559
94728 94727 1085
94728 94729 872
94730 94727 2028
94730 94732 1114
95058 95055 1762
95058 95059 672
95059 95058 672
95059 95061 836
95059 95062 836
95063 95056 750
95063 95062 747
95087 95088 580
95100 95102 1102
95074 95071 756
95190 95186 1684
95190 95191 361
95610 95609 607
95610 95620 1621
95610 102547 1302
95533 95535 333
95534 95536 877
95520 95521 1280
95520 95522 975
95520 95547 2091
95513 95514 1098
95513 95521 649
94928 102047 437
94928 102279 212
94537 94536 1702
49817 49816 1408
49821 49822 2477
49815 49804 1696
49815 49816 1344
49997 49995 2010
50022 50020 571
50022 50507 2319
50000 49998 1322
50000 50001 1181
50014 50013 1754
50014 50015 1008
97665 97666 154
102740 102742 1006
102740 102763 396
102762 102764 394
102762 102765 1216
97750 97749 222
97750 97772 1092
97501 97502 445
97501 97503 1303
97771 97772 1445
97771 97776 1683
97779 97507 678
97779 102730 882
97738 97739 1139
97738 102760 734
97780 97507 840
97780 97781 1004
93374 93375 758
102675 103196 65
102675 103197 595
102912 93393 914
93392 93393 1572
93392 93394 1334
93398 93401 716
93409 93407 1878
93409 93410 666
94339 94336 957
94339 94338 483
93433 93432 639
93433 93435 151
93434 93502 1375
93434 93503 1334
93440 93439 410
93440 93441 2708
93443 93442 1358
93443 93444 736
93441 93440 2708
93441 93502 1000
93505 93504 1092
93505 93506 2428
101671 101679 212
101671 101682 593
101672 101673 1501
101674 101678 1768
101674 102035 427
98646 98585 708
98646 98645 1576
100702 93375 1695
102006 94607 1013
102006 98639 1116
98149 98148 473
98232 97829 931
98232 98233 778
98235 98233 1528
98235 98236 667
97851 94842 662
98248 98249 1293
98244 98245 1072
98244 98247 1810
98254 98252 667
98250 98053 12828
97782 96496 1086
97782 97781 2372
97782 102523 841
98124 96497 1066
98124 98125 2132
98125 98124 2132
98125 98141 486
98143 98144 950
98159 98157 927
98159 98158 1062
98159 98196 1161
98204 98157 1025
98204 98205 1730
98211 98230 3030
98211 98251 1220
98212 98226 826
98225 98226 788
98225 98228 1225
98229 98228 1560
98288 98292 877
98289 98294 1055
98289 98295 904
98297 98295 884
98297 102999 5591
98570 102998 1497
98582 98321 8727
98582 98585 11252
191047 191049 4380
191047 191106 196
191280 191089 4405
191280 191386 2696
191226 191089 1478
191226 191227 543
191226 191478 833
191227 191226 543
191227 191479 2381
49974 42006 7657
49975 49916 610
49977 49978 750
50048 50112 1680
50048 50115 1500
42071 42070 6475
42071 50126 1945
50131 50132 551
50131 50133 418
50135 50137 809
50135 50138 2005
50136 50143 228
50170 49283 1883
50175 50173 435
42122 42121 1209
42155 50295 1244
42144 42142 1713
42179 42164 1560
35525 35524 1683
35525 35531 3911
35531 35525 3911
35531 42185 1385
43940 43941 2305
43940 43942 1026
43942 43940 1026
43942 43948 2273
43936 43934 883
43936 43935 827
43952 43953 2068
41413 44126 239
41413 44184 12
44126 41386 153
44126 41413 239
43852 43853 328
43852 43867 3132
44080 44078 806
44282 44281 849
44282 44283 688
44292 44285 1014
44292 50548 719
44294 44285 673
44295 44266 905
44295 44285 1901
44312 44317 1483
44312 44318 2047
44318 44312 2047
44318 44322 2110
44329 44331 1458
44329 44333 476
44333 44329 476
44333 44335 2192
44336 44335 605
44362 44330 1810
44362 44361 2338
44353 44351 1027
44353 44352 2947
42033 50228 419
42033 50229 419
44354 44415 751
44417 44394 474
44417 44428 4483
44426 44428 924
44448 44428 984
44448 44430 1055
44430 44427 932
44430 44448 1055
44430 44450 818
44463 44442 3832
44463 44453 1757
44656 44655 1530
44662 44655 2506
44662 44670 738
44667 44668 789
44694 44695 2585
44018 44016 3303
44018 44017 3212
44032 44026 951
44032 44029 3089
44035 44037 1261
44035 44038 2737
44037 44035 1261
44037 44041 1391
44085 44089 557
44087 44088 1809
44087 44098 818
44099 44098 2085
44079 44077 2989
44079 44091 951
44091 44075 2871
44091 44079 951
44091 44098 713
44698 44699 747
44698 44703 355
44669 44668 1120
44671 44670 1209
44671 44743 562
44700 44668 807
44707 44776 650
44707 44777 1080
44844 44783 336
44844 44845 751
44848 44845 537
44822 44806 1268
44822 44807 884
44824 44807 1275
44824 44830 2365
45933 45929 1206
45937 44830 605
44780 44751 747
44780 44753 3070
44780 44796 1673
45941 46078 475
45941 46079 558
44788 44785 713
44788 44786 475
44790 44783 697
44790 44786 1949
45935 45948 836
45935 45949 1354
45965 45968 1672
46084 45968 926
46084 45969 1624
46087 45970 2599
46087 46088 337
46088 46087 337
46088 46089 933
46284 46285 475
46297 46288 1503
46301 46302 418
46347 46348 605
46347 46349 1967
126153 126141 2133
126144 126143 476
126146 126152 1118
126146 126174 3872
127131 127130 885
127131 127378 1706
127132 127130 1776
127381 127377 710
127381 127378 889
127381 127382 893
127391 127382 2257
127391 127392 789
127391 127394 1780
45821 45810 3629
45829 45822 1255
45829 45840 2104
45841 45840 1104
45841 45843 3125
126642 126641 1716
126642 126648 1477
126660 45780 1976
126660 126656 789
45785 45782 202
126668 126667 791
126668 126669 2388
126669 45813 3677
126669 126668 2388
126671 45815 3783
126648 126627 807
126648 126642 1477
126649 126627 1140
126649 126646 436
45442 45440 1966
125403 125372 1837
125399 125398 1905
125405 125351 605
45816 45814 355
45811 45809 924
45811 45812 1436
45823 45768 3171
126687 126674 552
126687 126688 558
126689 126688 879
126682 126679 940
126682 126688 1624
126681 125440 2381
126681 126680 1831
126716 126700 976
126718 126719 537
126720 126702 1483
126707 126705 848
126707 126706 1611
126705 126704 2618
126705 126707 848
126705 126710 948
126730 126732 1494
126730 126735 677
126736 126732 673
126050 126045 752
126050 126698 751
126991 126698 1380
126991 126715 1234
126992 126046 850
126992 126993 1669
126067 126064 606
126067 126998 810
126996 126993 1694
126996 126997 1029
132362 132361 749
127001 126069 890
127001 127002 837
45836 45802 1121
45836 45803 879
45837 45686 952
45837 45845 789
45846 45845 1890
45846 45847 951
45846 45848 1779
45843 45841 3125
45843 45842 1144
46114 45848 751
45728 45724 1579
45728 45847 713
46021 46022 708
46019 46038 2334
46022 46021 708
46038 46019 2334
126617 126618 893
126618 126617 893
129166 129252 650
129252 129166 650
129277 129278 1919
129278 129277 1919
121225 121226 111
121226 121225 111
121011 121145 698
121145 121011 698
69240 69241 63
69241 69240 63
70120 70116 905
70116 70120 905
70001 70009 2920
70009 70001 2920
70493 70498 698
70510 70511 796
70498 70493 698
70511 70510 796
216121 216317 697
216317 216121 697
221991 221987 693
222012 224880 541
224880 222012 541
215306 215329 549
215329 215306 549
221987 221991 693
215229 215226 715
215226 215229 715
221999 222001 760
222001 221999 760
222087 222080 1382
222080 222087 1382
223218 223260 566
223260 223218 566
150935 150954 2457
150954 150935 2457
149311 149310 404
149310 149311 404
149334 149401 846
149401 149334 846
147299 147386 2322
147386 147299 2322
147468 147473 453
147473 147468 453
147525 147543 385
147543 147525 385
148006 148007 229
148007 148006 229
148031 148032 403
148032 148031 403
205125 205128 2201
205128 205125 2201
154199 154201 782
171459 171539 951
171539 171459 951
154209 154207 850
154209 154214 759
154214 154209 759
154207 154209 850
154201 154199 782
154547 154518 851
159309 159310 940
159309 159371 1124
159372 159371 253
159310 159309 940
159310 159311 1210
159310 159401 688
159306 159305 905
159306 159416 169
159413 159414 1032
159413 159416 1114
159406 159405 1934
159406 159407 1121
159373 159414 2719
159415 159414 893
159415 159440 1467
159440 159415 1467
159440 159570 986
159405 159404 778
159405 159406 1934
159405 159618 850
159618 159405 850
159618 159617 684
159646 159617 1140
159646 159642 684
159650 159642 2590
159650 159666 851
159668 159666 1796
159668 159669 872
159674 159669 1114
159674 159673 791
159679 159673 2590
159679 159759 851
159820 159759 2578
159820 159836 851
159836 159760 2590
159836 159764 767
159836 159820 851
159764 159761 2578
159764 159836 767
159767 159766 796
159803 159766 3169
157714 157713 2485
157714 157718 789
159821 157713 1248
157717 157716 333
157718 157714 789
157718 157716 1018
159817 159816 2320
157792 159938 382
159957 159956 905
160001 159992 5095
160004 159991 355
160008 159998 2184
159949 159950 3572
159999 159950 2002
159999 159997 2284
159842 172650 990
158730 158731 587
158734 158733 872
158734 160040 2768
159010 159009 1458
159010 159011 650
159010 160052 238
159011 159010 650
159011 159017 2934
159016 159017 818
172143 161267 447
172142 161266 537
160098 160099 1002
160106 160099 812
160108 160099 1038
160094 160095 4741
213086 213074 700
213086 213089 522
213119 213089 1577
213072 213074 1403
213065 213075 1023
213108 213111 706
213099 213095 491
213090 213094 165
213098 213125 801
213452 213126 2232
213452 213453 939
213457 213459 690
213457 213466 277
213463 213465 1061
213466 213457 277
213466 213465 867
213473 213472 715
213474 213472 615
213511 213510 884
213512 213510 554
213512 213515 684
213516 213515 1359
213516 213539 773
204916 204964 385
204916 213606 1818
204918 204964 641
213614 213606 1116
213615 213606 845
213615 213634 1609
213624 213622 2568
213624 213630 766
213628 213623 729
213660 213648 1642
213578 213589 843
213586 213584 623
213586 213589 1047
213591 213589 2897
213539 213516 773
213539 213538 1360
213539 213542 675
213544 213542 709
213544 213546 444
213545 213542 1239
213574 213546 1095
213574 213583 1232
213584 213583 897
213584 213586 623
213680 213674 623
162236 162235 1234
162237 162235 601
170475 170617 688
170618 170617 553
170648 170647 344
172584 170647 710
170103 170584 2274
170103 170592 907
170585 170584 477
170100 170101 713
170102 170101 601
170824 170823 1284
170810 170809 393
170868 170809 1968
170870 170809 905
170873 170809 2351
102602 102894 84
94884 94885 788
94886 94885 275
102895 102047 363
102895 102893 280
95535 95533 333
95535 95550 588
95548 95547 1085
95548 95555 1301
95552 95547 950
95552 95556 2290
95558 95582 4248
95584 95582 707
95585 95582 4995
95588 95583 2559
94727 94728 1085
94727 94730 2028
94729 94728 872
94732 94730 1114
95055 95056 1223
95055 95058 1762
95061 95059 836
95062 95059 836
95062 95063 747
95056 95055 1223
95056 95063 750
95088 95087 580
95102 95100 1102
95071 95074 756
95186 95190 1684
95191 95190 361
95609 95610 607
95620 95610 1621
102547 95610 1302
95536 95534 877
95521 95513 649
95521 95520 1280
95522 95520 975
95547 95520 2091
95547 95548 1085
95547 95552 950
95514 95513 1098
102047 94928 437
102047 102895 363
102279 94928 212
94536 94537 1702
49816 49815 1344
49816 49817 1408
49822 49821 2477
49804 49815 1696
49995 49997 2010
50020 50022 571
50507 50022 2319
49998 50000 1322
50001 50000 1181
50013 50014 1754
50015 50014 1008
97666 97665 154
102742 102740 1006
102763 102740 396
102763 102764 360
102764 102762 394
102764 102763 360
102765 102762 1216
97749 97739 1466
97749 97750 222
97772 97750 1092
97772 97771 1445
97502 97501 445
97503 97501 1303
97503 97507 3005
97776 96496 1373
97776 97771 1683
97776 97781 1234
97507 97503 3005
97507 97779 678
97507 97780 840
102730 97779 882
97739 97738 1139
97739 97749 1466
102760 97738 734
97781 97776 1234
97781 97780 1004
97781 97782 2372
93375 93374 758
93375 100702 1695
103196 102675 65
103197 102675 595
93393 93392 1572
93393 102912 914
93394 93392 1334
93401 93398 716
93407 93409 1878
93410 93409 666
93410 94336 528
94336 93410 528
94336 94339 957
94338 94339 483
93432 93433 639
93435 93433 151
93502 93434 1375
93502 93441 1000
93502 93444 1308
93502 93504 931
93503 93434 1334
93439 93440 410
93442 93443 1358
93444 93443 736
93444 93502 1308
93504 93502 931
93504 93505 1092
93504 93506 3308
93506 93504 3308
93506 93505 2428
101679 101671 212
101679 101682 645
101682 101671 593
101682 101679 645
101673 101672 1501
101678 101674 1768
102035 101674 427
98585 98582 11252
98585 98646 708
98645 98646 1576
94607 102006 1013
98639 102006 1116
98148 98149 473
97829 98232 931
98233 98232 778
98233 98235 1528
98236 98235 667
94842 97851 662
98249 98248 1293
98245 98244 1072
98247 98244 1810
98252 98251 672
98252 98254 667
98053 98250 12828
96496 96497 1495
96496 97776 1373
96496 97782 1086
102523 97782 841
96497 96496 1495
96497 98124 1066
98141 98125 486
98144 98143 950
98157 98159 927
98157 98204 1025
98158 98159 1062
98196 98159 1161
98205 98204 1730
98230 98211 3030
98251 98211 1220
98251 98252 672
98226 98212 826
98226 98225 788
98228 98225 1225
98228 98229 1560
98292 98288 877
98292 98294 253
98294 98289 1055
98294 98292 253
98295 98289 904
98295 98297 884
102999 98297 5591
102998 98570 1497
98321 98582 8727
191049 191047 4380
191106 191047 196
191089 191226 1478
191089 191280 4405
191386 191280 2696
191478 191226 833
191479 191227 2381
42006 49974 7657
49916 49975 610
49978 49977 750
50112 50048 1680
50115 50048 1500
42070 42071 6475
50126 42071 1945
50132 50131 551
50133 50131 418
50137 50135 809
50138 50135 2005
50138 50143 764
50143 50136 228
50143 50138 764
49283 50170 1883
50173 50175 435
42121 42122 1209
50295 42155 1244
42142 42144 1713
42164 42179 1560
35524 35525 1683
42185 35531 1385
43941 43940 2305
43948 43942 2273
43934 43936 883
43935 43936 827
43953 43952 2068
44184 41413 12
41386 44126 153
43853 43852 328
43867 43852 3132
44078 44080 806
44281 44282 849
44283 44282 688
44285 44292 1014
44285 44294 673
44285 44295 1901
50548 44292 719
44266 44295 905
44317 44312 1483
44322 44318 2110
44331 44329 1458
44335 44333 2192
44335 44336 605
44330 44362 1810
44361 44362 2338
44351 44352 2852
44351 44353 1027
44352 44351 2852
44352 44353 2947
50228 42033 419
50229 42033 419
44415 44354 751
44394 44417 474
44428 44417 4483
44428 44426 924
44428 44427 1268
44428 44448 984
44427 44428 1268
44427 44430 932
44450 44430 818
44442 44463 3832
44453 44463 1757
44655 44656 1530
44655 44662 2506
44670 44662 738
44670 44671 1209
44668 44667 789
44668 44669 1120
44668 44695 557
44668 44700 807
44695 44668 557
44695 44694 2585
44016 44018 3303
44017 44018 3212
44026 44032 951
44029 44032 3089
44029 44038 1028
44038 44029 1028
44038 44035 2737
44041 44037 1391
44089 44085 557
44088 44087 1809
44098 44087 818
44098 44091 713
44098 44099 2085
44077 44075 884
44077 44079 2989
44075 44077 884
44075 44091 2871
44699 44698 747
44703 44698 355
44743 44671 562
44743 44776 1027
44776 44707 650
44776 44743 1027
44777 44707 1080
44783 44790 697
44783 44844 336
44845 44844 751
44845 44848 537
44806 44807 1074
44806 44822 1268
44807 44806 1074
44807 44822 884
44807 44824 1275
44830 44824 2365
44830 45937 605
45929 45933 1206
45929 45949 789
44751 44780 747
44751 44785 344
44753 44780 3070
44796 44780 1673
46078 45941 475
46079 45941 558
44785 44751 344
44785 44788 713
44786 44788 475
44786 44790 1949
45948 45935 836
45949 45929 789
45949 45935 1354
45968 45965 1672
45968 46084 926
45969 45970 1209
45969 46084 1624
45970 45969 1209
45970 46087 2599
46089 46088 933
46089 46285 1672
46089 46288 2021
46285 46089 1672
46285 46284 475
46285 46288 1864
46288 46089 2021
46288 46285 1864
46288 46297 1503
46302 46301 418
46348 46347 605
46349 46347 1967
126141 126153 2133
126143 126144 476
126152 126146 1118
126174 126146 3872
127130 127131 885
127130 127132 1776
127378 127131 1706
127378 127381 889
127377 127381 710
127382 127381 893
127382 127391 2257
127392 127391 789
127394 127391 1780
45810 45821 3629
45822 45829 1255
45840 45829 2104
45840 45841 1104
45840 45842 2988
126641 126642 1716
45780 126660 1976
126656 126660 789
45782 45785 202
126667 126668 791
45813 45812 421
45813 126669 3677
45815 45814 337
45815 126671 3783
126627 126648 807
126627 126649 1140
126646 126649 436
45440 45442 1966
125372 125403 1837
125398 125351 1200
125398 125399 1905
125351 125398 1200
125351 125405 605
45814 45812 677
45814 45815 337
45814 45816 355
45809 45811 924
45812 45811 1436
45812 45813 421
45812 45814 677
45768 45823 3171
126674 126687 552
126688 126682 1624
126688 126687 558
126688 126689 879
126679 126682 940
125440 126681 2381
126680 126681 1831
126700 126702 879
126700 126716 976
126719 126718 537
126702 126700 879
126702 126720 1483
126706 126707 1611
126704 126705 2618
126710 126705 948
126732 126730 1494
126732 126736 673
126735 126730 677
126045 126050 752
126698 126050 751
126698 126991 1380
126715 126991 1234
126046 126992 850
126993 126992 1669
126993 126996 1694
126064 126067 606
126998 126067 810
126997 126996 1029
132361 132362 749
126069 127001 890
127002 127001 837
45802 45836 1121
45802 45842 1179
45803 45836 879
45686 45837 952
45845 45837 789
45845 45846 1890
45847 45728 713
45847 45846 951
45847 45848 2091
45848 45846 1779
45848 45847 2091
45848 46114 751
45842 45802 1179
45842 45840 2988
45842 45843 1144
45724 45728 1579
891
154518
159371
159401
159305
159311
159416
159407
159414
159570
159404
159617
159642
159666
159669
159673
159759
159760
159761
159766
157713
157716
159816
159938
159956
159992
159991
159998
159950
159997
172650
158731
158733
160040
159009
159017
160052
161267
161266
160099
160095
213089
213074
213075
213111
213095
213094
213125
213126
213453
213459
213465
213472
213510
213515
204964
213606
213622
213623
213630
213648
213589
213538
213542
213546
213583
213674
213634
162235
170617
170647
170584
170592
170101
170823
170809
102894
94885
102893
95550
95555
95556
95582
95583
94728
94730
95058
95059
95063
95087
95100
95074
95190
95610
95533
95534
95520
95513
94928
94537
49817
49821
49815
49997
50022
50000
50014
97665
102740
102762
97750
97501
97771
97779
97738
97780
93374
102675
102912
93392
93398
93409
94339
93433
93434
93440
93443
93441
93505
101671
101672
101674
98646
100702
102006
98149
98232
98235
97851
98248
98244
98254
98250
97782
98124
98125
98143
98159
98204
98211
98212
98225
98229
98288
98289
98297
98570
98582
191047
191280
191226
191227
49974
49975
49977
50048
42071
50131
50135
50136
50170
50175
42122
42155
42144
42179
35525
35531
43940
43942
43936
43952
41413
44126
43852
44080
44282
44292
44294
44295
44312
44318
44329
44333
44336
44362
44353
42033
44354
44417
44426
44448
44430
44463
44656
44662
44667
44694
44018
44032
44035
44037
44085
44087
44099
44079
44091
44698
44669
44671
44700
44707
44844
44848
44822
44824
45933
45937
44780
45941
44788
44790
45935
45965
46084
46087
46088
46284
46297
46301
46347
126153
126144
126146
127131
127132
127381
127391
45821
45829
45841
126642
126660
45785
126668
126669
126671
126648
126649
45442
125403
125399
125405
45816
45811
45823
126687
126689
126682
126681
126716
126718
126720
126707
126705
126730
126736
126050
126991
126992
126067
126996
132362
127001
45836
45837
45846
45843
46114
45728
46125
46013
46018
46021
46019
46022
46038
46057
46072
46065
46100
46101
126382
127417
127414
127400
127404
127411
126617
126618
127546
127553
127525
127512
127524
129081
129085
129061
129170
129161
129165
129166
129252
129254
129260
129172
129261
129264
129277
129278
129418
129424
121225
121226
121088
121081
121221
121236
121263
121265
121011
121155
121145
121158
121267
121269
121120
121547
121551
69108
69239
69240
69241
69249
69876
70169
70191
70127
69997
70120
70118
70119
70116
69722
69723
69762
69809
69719
62898
69772
69773
69785
72495
72498
69830
70001
70009
70352
70325
70322
70324
70382
78780
70548
70566
70394
70415
70424
70443
70493
70510
70498
70511
69846
69310
69314
69339
69342
69304
69725
129426
129440
129448
129453
129468
129460
121124
121131
216121
216317
216409
219096
217836
218183
218234
218254
218257
218162
224241
219227
219512
219248
219092
219497
219493
219531
224415
221991
221992
222000
222012
221979
224880
222123
222202
222189
222204
220434
222222
222252
222249
222226
222210
215316
215306
215308
215329
215311
218424
215214
215343
215344
215359
215360
215340
215394
215390
215387
222032
222298
222302
222303
215435
219506
219565
219569
221987
222013
215229
215226
221999
222024
222001
222027
222026
222073
222070
222087
222080
222064
222062
223236
223288
223306
223305
224465
223218
223282
223297
223239
223242
223169
215846
223252
223248
223258
223260
223264
150935
150954
150823
150832
150874
150879
150928
149029
149031
149036
149038
149042
149188
149221
149222
149199
149205
151690
149308
149311
149241
149310
149334
149401
149239
149247
149631
149630
149629
143863
151114
143877
151123
151201
151115
147237
147238
147242
147226
147284
147285
147299
147386
147460
147468
147473
147479
147525
147543
147548
147552
147557
147565
147566
147679
147789
147802
147804
147805
147814
147893
147820
147909
147988
151635
148006
148007
148009
148024
148031
148030
148032
148036
148984
148035
205120
205125
205128
205152
205156
205166
205169
212807
212882
212885
150266
150269
150282
150347
150353
198717
198749
198754
198755
205079
205083
205087
205080
170766
171244
171290
171287
171327
171304
171343
171478
171311
171462
170799
171271
154199
159107
162392
171459
171539
162391
162389
154225
152139
154284
154278
154209
154214
154221
154220
154207
154201
154187
154300
154547
159309
159306
159413
159406
159373
159415
159440
159405
159618
159646
159650
159668
159674
159679
159820
159836
159764
159767
159803
157714
159821
157792
159957
160001
160004
160008
159949
159999
159842
158734
159011
159016
160098
160106
160108
160094
213086
213119
213072
213065
213108
213099
213090
213098
213452
213457
213463
213473
213474
213512
213516
204916
204918
213615
213624
213578
213591
213539
213544
213545
213574
213584
162237
170475
170648
170103
170100
170824
170868
170870
170873
102602
94884
94886
95535
95548
95552
95558
95584
95585
95588
94727
94732
95055
95056
95088
95102
95071
95186
95191
95609
95620
102547
95522
94536
49816
49822
49804
49995
50020
49998
50001
50013
97666
102764
97749
97772
97503
97776
97739
93375
103197
93407
93410
94336
94338
93432
93435
93503
93439
93506
101679
101682
101673
101678
98585
98645
94607
98639
98148
97829
98233
98236
94842
98249
98053
96497
98141
98144
98157
98230
98226
98228
98292
98294
98295
98321
191049
191089
191479
42006
49916
49978
50112
42070
50137
50138
50143
49283
50173
42121
42142
42164
35524
42185
43934
43935
41386
43867
44078
44281
44285
44266
44317
44322
44331
44330
44361
44351
44352
44394
44427
44450
44442
44453
44655
44670
44016
44017
44026
44029
44038
44041
44077
44075
44743
44776
44777
44783
44806
44807
44830
45929
44751
44753
44796
44785
44786
45948
45949
45968
45969
45970
46089
126141
126143
126152
126174
127130
127378
127377
127382
127392
127394
45810
45822
45840
126641
45780
126656
45782
126667
126627
126646
45440
125372
125351
45809
45768
126674
126679
125440
126680
126700
126706
126704
126710
126732
126045
126698
126715
126046
126993
126064
126998
126997
132361
126069
45802
45803
45686
45845
45847
45724
