558
152044 152042 1327
152044 172798 1090
155517 155514 673
155517 155526 1641
155511 155504 873
155511 155514 2058
155505 155504 2587
155505 155506 355
155506 155489 605
155506 155505 355
175331 155489 1398
175331 175332 709
175951 175952 828
175951 175953 796
175997 175996 202
175997 176005 2237
176480 176481 893
176483 176481 673
175992 175990 1448
175992 176489 2988
176467 176468 782
176467 176488 3300
175943 175955 238
175943 176004 1178
176003 176002 1100
176003 176007 2335
175995 175993 2341
175995 175994 2229
175993 175994 849
175993 175995 2341
175487 176481 421
155685 172799 5329
152062 152061 1010
186094 176466 2026
152039 152040 1111
152039 155525 751
155574 155525 2283
155574 155575 893
152055 152054 782
152055 155608 2035
155606 155570 1282
155606 155607 1016
155606 155611 1114
152054 152055 782
152054 155612 766
152068 152067 1055
152068 155612 2241
175910 175909 751
175910 175980 1873
175981 175980 871
175985 175984 1225
175985 175986 581
175818 175813 667
175818 175817 1010
175845 175817 782
175845 175834 1100
175831 175832 1436
175831 175834 778
175828 175829 889
176973 177104 2002
177103 177106 571
177001 177022 673
177004 177019 629
177006 177018 664
176935 176937 673
176935 176947 1467
176941 176940 122
176948 176947 682
176948 177032 682
176948 177035 1344
177023 177024 2365
177023 177033 952
177024 177023 2365
177024 177039 926
175851 175836 849
175851 175852 672
175851 175888 673
175884 175852 757
176083 176082 884
176083 176086 677
176083 176103 952
176093 176086 1188
176103 176083 952
176103 176097 751
176103 176104 1221
176097 176098 517
176097 176103 751
176097 177175 818
176085 176086 709
176067 176075 1032
176067 176082 3980
176067 176088 1209
175895 175906 1124
176075 176067 1032
176075 176080 373
176932 176933 765
176932 176934 452
176932 176945 344
177160 177159 952
177160 185339 3002
175810 175813 893
175810 185474 682
175812 175813 926
175812 175817 672
175823 175817 1094
175823 175834 672
175836 175829 672
175836 175851 849
176931 176946 782
176942 176943 476
176668 176667 796
176668 176786 757
176790 176789 667
176796 176779 673
176796 176854 878
176875 176854 202
176875 176874 677
176886 176885 893
176881 176884 3112
176881 176895 505
176883 176878 1334
176883 176885 1114
176900 176899 939
176900 177081 810
173864 173863 3377
173864 173865 11353
173864 176646 3028
174978 174979 105
174978 174980 71
174992 174989 1421
174992 185230 1483
174989 174992 1421
174989 185817 2126
176641 176642 884
175021 175022 517
175021 175023 924
175021 175029 276
175032 176663 434
176636 176635 1402
176636 176755 8386
210778 210776 1004
195861 195860 285
195861 211352 815
211414 211358 750
199595 211419 238
211418 211416 822
211418 211419 2004
211002 211000 779
211002 211003 1157
211003 211001 767
211003 211002 1157
211003 211008 927
211008 211003 927
211008 211318 2350
211008 211319 110
211324 211322 286
211345 195860 1306
211345 211343 426
211345 211346 507
166448 166449 683
166446 166447 927
166446 166449 1447
166428 166404 766
166428 166429 672
166428 166447 1445
165040 165043 355
165042 165038 1366
165239 165238 581
165238 165239 581
165039 165038 1095
165022 165029 475
165029 165022 475
161382 161397 767
161397 161382 767
164574 164575 808
164575 164574 808
164531 164541 1689
164541 164531 1689
212195 212196 1759
212196 212195 1759
211461 211458 892
211458 211461 892
211458 211472 706
211472 211458 706
212460 212463 544
212463 212460 544
212436 212438 752
212438 212436 752
212438 212443 745
212443 212438 745
119418 119419 679
119419 119418 679
106760 106759 782
107384 107385 1111
107385 107384 1111
107330 107331 1653
107331 107330 1653
106739 106738 1426
106738 106739 1426
106759 106760 782
115778 115779 1498
115779 115778 1498
115986 115983 2700
115983 115986 2700
111318 111346 557
111346 111318 557
111234 111544 1264
111544 111234 1264
111553 105274 1084
105274 105275 877
105274 111553 1084
111588 111586 889
105275 105274 877
111586 111588 889
111728 111729 889
111729 111728 889
112143 112144 905
112144 112143 905
111756 111744 756
111674 112578 344
112578 111674 344
112603 112604 975
111744 111756 756
112604 112603 975
112893 112889 222
113334 112889 610
103329 103328 737
103328 103329 737
103322 112769 1167
112769 103322 1167
112889 112893 222
112889 113334 610
104333 104336 747
104336 104333 747
104439 104441 672
104441 104439 672
104819 104826 1669
104826 104819 1669
105039 105042 1141
105042 105039 1141
39638 39644 610
39644 39638 610
39640 39643 697
39468 39469 511
39643 39640 697
39469 39468 511
39680 39684 2299
39684 39680 2299
40861 40639 2412
40884 40887 572
40887 40884 572
40980 40979 828
40639 40861 2412
40939 40950 1268
40979 40980 828
40950 40939 1268
55215 55219 807
55219 55215 807
55446 55458 890
48411 48419 796
48419 48411 796
48672 48673 561
48673 48672 561
48673 48685 390
48685 48673 390
48695 48752 828
48752 48695 828
48781 48783 1447
48783 48781 1447
48900 48902 713
48902 48900 713
49000 50318 365
50318 49000 365
49039 49181 1320
49181 49039 1320
49610 49602 374
49602 49610 374
131897 131898 2930
131898 131897 2930
54348 54346 789
54346 54348 789
54581 54657 1300
54657 54581 1300
55163 55161 751
55161 55163 751
144479 142527 2444
144479 144487 2479
144487 144479 2479
144487 144524 2782
144524 144487 2782
144533 144537 1130
144537 144533 1130
144666 144668 713
139893 139899 909
150610 150605 2030
150612 150613 671
150613 150612 671
150605 150610 2030
150637 150647 463
150647 150637 463
150650 150652 831
150652 150650 831
139899 139893 909
142527 144479 2444
141905 141907 2301
141907 141905 2301
142017 142019 311
142019 142017 311
142042 142043 1707
142043 142042 1707
142562 142576 985
142576 142562 985
142331 142333 1677
142333 142331 1677
142500 142508 1610
142508 142500 1610
55458 55446 890
56105 54994 810
54994 56105 810
204513 204514 597
195577 204704 834
204704 195577 834
144668 144666 713
144781 145117 73
145117 144781 73
145509 145514 823
145514 145509 823
145575 145577 726
145577 145575 726
145577 145578 809
145578 145577 809
145751 145763 788
145758 145753 779
145753 145758 779
145763 145751 788
145824 145825 722
145825 145824 722
146051 146053 761
146053 146051 761
151546 151576 830
151549 151548 1980
151576 151546 830
151578 142100 744
151533 151534 801
151534 151533 801
151548 151549 1980
142100 151578 744
204514 204506 686
204514 204513 597
203837 204412 1808
203837 204417 1026
204412 203837 1808
204417 203837 1026
204506 204514 686
208595 208594 1685
208594 208595 1685
208181 208588 885
208588 208181 885
208651 208655 1875
208655 208651 1875
210760 210764 1650
210764 210760 1650
210764 210775 2261
210775 210764 2261
210775 210776 677
167209 167211 879
167211 167209 879
167085 167087 2132
167087 167085 2132
152397 152407 3273
180172 180170 1225
180170 180172 1225
173604 173609 878
173609 173604 878
182120 182129 1779
182129 182120 1779
182129 182143 1266
182143 182129 1266
182217 182223 1293
182223 182217 1293
181992 182240 1505
182240 181992 1505
152407 152397 3273
173865 173864 11353
173841 173842 4042
173842 173841 4042
175332 175331 709
155487 153030 517
153030 155487 517
152042 152044 1327
152042 155526 1029
172798 152044 1090
155514 155511 2058
155514 155517 673
155526 152042 1029
155526 155517 1641
155504 155505 2587
155504 155511 873
155489 155506 605
155489 175331 1398
175952 175951 828
175953 175951 796
175953 175955 782
175996 175984 1558
175996 175997 202
176005 175997 2237
176005 176004 777
176481 175487 421
176481 176480 893
176481 176483 673
175990 175992 1448
176489 175992 2988
176468 176467 782
176488 176467 3300
175955 175943 238
175955 175953 782
176004 175943 1178
176004 176005 777
176002 176003 1100
176007 176003 2335
175994 175993 849
175994 175995 2229
172799 155685 5329
152061 152062 1010
176466 186094 2026
152040 152039 1111
155525 152039 751
155525 155574 2283
155575 155574 893
155608 152055 2035
155570 155606 1282
155607 155606 1016
155611 155606 1114
155612 152054 766
155612 152068 2241
152067 152068 1055
175909 175910 751
175980 175910 1873
175980 175981 871
175984 175985 1225
175984 175996 1558
175986 175985 581
175813 175810 893
175813 175812 926
175813 175818 667
175817 175812 672
175817 175818 1010
175817 175823 1094
175817 175845 782
175834 175823 672
175834 175831 778
175834 175845 1100
175832 175831 1436
175829 175828 889
175829 175836 672
175829 175852 849
177104 176973 2002
177106 177103 571
177022 177001 673
177022 177019 3110
177019 177004 629
177019 177022 3110
177018 177006 664
176937 176935 673
176947 176935 1467
176947 176948 682
176940 176941 122
177032 176948 682
177035 176948 1344
177033 177023 952
177033 177039 2791
177039 177024 926
177039 177033 2791
175852 175829 849
175852 175851 672
175852 175884 757
175888 175851 673
176082 176067 3980
176082 176083 884
176086 176083 677
176086 176085 709
176086 176093 1188
176104 176103 1221
176098 176097 517
177175 176097 818
176088 176067 1209
176088 176080 751
175906 175895 1124
176080 176075 373
176080 176088 751
176933 176932 765
176934 176932 452
176945 176932 344
177159 177160 952
185339 177160 3002
185474 175810 682
176946 176931 782
176946 176943 1086
176943 176942 476
176943 176946 1086
176667 176668 796
176786 176668 757
176789 176790 667
176779 176796 673
176854 176796 878
176854 176875 202
176874 176875 677
176885 176883 1114
176885 176886 893
176884 176881 3112
176895 176881 505
176895 176899 1254
176878 176883 1334
176899 176895 1254
176899 176900 939
177081 176900 810
173863 173864 3377
176646 173864 3028
174979 174978 105
174980 174978 71
185230 174992 1483
185817 174989 2126
176642 176641 884
175022 175021 517
175023 175021 924
175029 175021 276
176663 175032 434
176635 176636 1402
176755 176636 8386
210776 210775 677
210776 210778 1004
195860 195861 285
195860 211345 1306
211352 195861 815
211352 211358 2522
211358 211352 2522
211358 211414 750
211419 199595 238
211419 211418 2004
211416 211418 822
211000 211001 1180
211000 211002 779
211001 211000 1180
211001 211003 767
211318 211008 2350
211319 211008 110
211322 211324 286
211343 211345 426
211346 211345 507
166449 166446 1447
166449 166448 683
166447 166428 1445
166447 166446 927
166404 166428 766
166429 166428 672
165043 165040 355
165038 165039 1095
165038 165042 1366
976
152044
155517
155511
155505
155506
175331
175951
175997
176480
176483
175992
176467
175943
176003
175995
175993
175487
155685
152062
186094
152039
155574
152055
155606
152054
152068
175910
175981
175985
175818
175845
175831
175828
176973
177103
177001
177004
177006
176935
176941
176948
177023
177024
175851
175884
176083
176093
176103
176097
176085
176067
175895
176075
176932
177160
175810
175812
175823
175836
176931
176942
176668
176790
176796
176875
176886
176881
176883
176900
173864
174978
174992
174989
176641
175021
175032
176636
210778
195861
211414
199595
211418
211002
211003
211008
211324
211345
166448
166446
166428
165040
165042
165077
165302
165239
165256
165248
165238
165298
165316
165314
165326
165327
165329
166462
166463
166458
166460
166479
166470
165021
165015
165039
165022
165024
165034
165029
165031
165064
163062
164472
172687
164376
164436
164450
164433
164460
165166
164381
164360
164365
164362
164384
164429
164425
164434
164414
161384
161380
161382
161397
161400
164352
164342
164344
164536
164558
164574
164575
164704
164708
164552
164714
164563
161392
164531
164541
164550
164579
164537
211446
211465
212095
211443
212111
212189
212195
212196
212105
211461
211476
211458
211472
212456
212460
212463
161407
212514
212235
212236
212247
212436
212438
212443
212424
161388
114656
114650
114386
114305
114590
114574
114039
119117
119414
119422
119412
119418
119419
119425
114897
114917
114902
114928
115024
115036
92076
92108
92134
92137
92285
92286
115403
115402
115331
115336
115393
115424
115427
115712
115714
115672
115674
115688
115734
115736
115441
115442
105810
106760
107027
107053
107060
106957
107049
107133
107152
107384
107385
107291
107115
107230
107227
107288
107387
107163
107485
107488
107524
107320
107507
107330
107331
109502
92816
92965
102819
92836
92868
92944
92951
106739
106738
106742
106759
115778
115779
115986
115983
116006
116001
92726
115998
191539
191507
191791
190881
191714
192763
191059
191782
191875
191956
192778
192780
192783
192994
193958
193928
109458
109783
109788
109790
109870
107768
110949
109842
110953
110968
111096
111100
111174
111323
111318
111346
111461
103341
111348
111464
103359
111225
111234
111544
111553
105274
111549
111588
105275
111584
111586
112065
112070
111721
111692
111728
111729
112143
112144
112157
112159
111755
111756
111735
111674
112578
111675
112586
112603
111736
111744
112604
111771
112170
112161
112187
112189
112606
112695
112705
112721
112771
112893
113334
113339
113341
104305
105718
104316
104329
112782
112786
103329
103328
103322
112769
112715
112716
112723
112712
112766
112796
112798
112779
112889
112812
113845
104507
104513
104333
104336
104437
104439
104441
104564
104431
104565
39230
39598
39600
39573
39536
39538
39593
39594
39777
104758
39214
104746
104753
104819
104839
104871
113615
104826
104928
104942
104916
104945
104952
105048
104421
105014
113924
104461
105019
105039
105042
39561
39577
39638
39644
39640
39468
39643
39469
39474
39472
39389
39441
39454
39485
39680
39684
39694
39695
39746
39753
40486
40490
40513
40534
40542
40532
40533
41132
41134
40555
40553
40633
40636
40861
40863
40867
40882
40884
40887
40898
40956
40961
40980
40623
40639
40987
40939
40947
40979
40950
40943
55205
55215
55219
55386
55392
55396
55416
55442
55446
48387
40942
41654
48411
48419
48426
48541
48657
48665
48672
48396
48412
50387
48673
48685
48690
48695
48752
48725
48766
48778
48781
48783
49082
49086
48900
48914
48918
49050
49051
49049
49055
48902
48924
48943
48945
48940
48959
48976
48977
49000
49014
50318
49040
49039
49181
49198
49594
49610
49602
49033
49599
49608
48328
48331
131393
131394
131416
131419
131661
131422
131646
131650
131671
129987
131897
49706
49709
131888
131890
131898
54338
54357
54348
54350
54353
54345
54346
54409
54428
54438
54493
54512
54373
54380
54399
54581
52913
52662
52740
54677
54673
54657
49687
53860
53774
53906
53863
53912
53924
55147
55167
55163
55161
55201
144479
144487
144524
144533
144537
144674
144625
144624
144651
144666
139893
139894
150610
150612
150613
150628
150605
150637
150647
150653
150650
150652
150685
139899
140192
140202
140204
140255
140266
140268
141579
141592
142327
142492
142502
142530
142519
142527
142326
141595
141905
141907
141925
141926
142017
142019
142031
142042
142043
142051
142054
142562
142576
142577
142603
142608
142718
142331
142333
142500
142508
142723
55458
55463
56105
54994
55470
55472
204513
204664
195577
204704
204723
204727
204760
214521
204733
204768
204865
214566
207871
144668
144670
144734
144737
144736
144742
144752
145307
144741
145317
145319
144780
144776
144764
144781
145117
145479
145485
145489
145490
145509
145514
145519
145575
145577
145578
145751
145752
145758
145753
145754
145614
145607
145613
145763
145769
145771
145819
145824
145825
145840
145865
146045
146051
146053
146069
146073
151454
151477
151546
151549
151575
151576
151578
151531
151533
151534
151548
142100
203816
204514
203811
203819
203831
203836
204409
203837
204412
204417
204486
204487
204495
204506
208573
208611
208595
208593
208594
208561
208562
208580
208181
208588
208589
207843
207844
208600
208604
208653
208651
208655
208670
208471
208494
208495
208723
208729
211155
210760
210764
210775
180672
180675
180677
180237
180239
185722
176652
180412
166402
166508
166522
166576
166706
166746
166720
166678
166712
167194
167205
167209
167184
167187
167182
167191
167151
167174
167211
167085
172667
166681
166715
166756
167003
172478
167037
167072
167087
167035
167145
152397
152402
162547
186057
180172
180386
180389
180395
180170
180177
179696
180409
180442
178647
186064
170263
170621
173604
173609
169507
169840
181989
182238
182241
182317
182222
179715
181924
181930
182120
182129
182143
182148
182145
182200
182217
182220
182223
181992
182240
182334
182353
173608
173640
152213
152309
152304
152310
152261
152327
152407
152462
152332
152889
152896
152215
152910
152925
152892
185772
185776
185941
173865
173867
173572
173644
173517
173688
173841
173842
173852
173858
173883
152902
152914
153007
153015
175332
155487
153030
153026
175306
152042
155514
155526
155504
155489
175953
175996
176005
175990
176489
176468
176488
175955
176004
176002
176007
175994
172799
152061
176466
152040
155525
155575
155608
155570
155607
155611
155612
152067
175909
175980
175984
175834
175832
177104
177022
177019
177018
176937
176947
176940
177032
177035
177033
177039
175852
176082
176104
176098
177175
176088
175906
176080
176945
177159
176946
176943
176667
176786
176789
176779
176854
176874
176885
176884
176895
176878
173863
176646
174979
174980
185817
175023
176663
176635
176755
210776
211352
211358
211419
211416
211000
211001
211318
211322
211343
166449
166447
166404
165043
165038
