1722
235455 235620 861
235455 235621 859
228938 225292 1917
228938 228937 1051
228919 228920 2422
228919 228921 2178
228925 228923 2262
228925 228927 1906
234315 234312 747
234315 234316 1058
228992 234316 658
228992 234318 791
228995 235325 610
228923 228924 1112
228923 228925 2262
228999 228997 1955
228999 229417 2353
228999 234398 2320
229001 229003 1334
229001 229421 2037
229003 229001 1334
229003 229044 1928
229093 229090 1004
229134 229132 460
229134 229135 1991
229135 229134 1991
229135 229140 782
229102 228118 844
229102 229100 3275
229104 229105 589
226658 226657 1817
226658 226657 1817
228170 228174 587
228170 228176 502
228178 228176 335
228110 228106 2865
228110 228115 1014
228110 228172 672
228117 228115 844
228117 228118 433
228172 228109 2930
228172 228110 672
228172 228132 275
229166 234790 372
229166 234791 905
234571 234568 381
234571 234591 405
234568 234570 237
234568 234571 381
229479 229481 335
229479 229482 927
229436 229433 947
229436 229435 1171
229474 229424 1841
229474 229433 1222
229506 229505 2821
229506 229508 1332
227949 227942 2468
227949 227948 1111
227949 227951 251
228486 227950 2113
228486 228483 679
228487 228488 796
228010 228001 866
228010 228008 1014
228010 228018 1005
228497 228488 697
228139 228140 946
228139 228144 260
228144 228139 260
228144 228140 779
228145 228019 1344
228157 228142 1788
228157 228155 373
228020 228016 2358
228020 228528 586
228164 228162 2036
228195 228192 672
228196 228193 778
228185 228175 893
228199 228198 687
228199 228200 433
228187 228186 667
234700 228173 3226
228441 228384 4960
228442 228437 2473
228513 228511 1807
228513 228512 1435
228215 227208 3940
228309 228310 344
228295 228244 2700
228295 228294 796
228295 228303 433
228316 228314 1668
228316 228317 1080
228350 228305 537
228350 228351 2042
228352 228353 2719
228334 228317 1249
228334 228335 646
228370 228279 2085
228370 228363 1188
228383 228384 2002
228383 228389 3283
235290 235291 1308
235290 235292 1509
228365 228371 445
228363 228358 1759
228363 228370 1188
228571 228390 535
228571 228574 1277
228816 228817 1897
228816 228817 1897
228873 234717 392
228873 234718 64
228449 228438 2887
228449 228450 1790
228452 228440 1498
228452 228471 1753
228473 228472 3201
228473 228475 1621
228475 228471 3106
228475 228473 1621
6880 6878 730
228787 6886 867
6883 6881 793
6891 6890 6840
10516 10515 51
226346 226341 1678
226346 226654 2278
226655 226654 927
226655 226654 927
230870 230865 340
226245 226243 672
226245 226244 1075
226290 226243 1593
226313 226312 289
226313 235460 858
226162 226160 626
226162 226161 950
226162 226165 273
226163 226160 1071
226163 234253 604
226201 226196 1623
226201 226202 562
226206 226202 823
226206 226210 1611
226210 226205 1174
226210 226206 1611
226174 226175 1271
226174 226176 1028
226174 226177 1176
234245 234246 1314
234247 226452 1640
234247 234248 1505
226199 226200 342
226199 226457 685
226187 226182 1687
226187 226186 782
226188 226183 1569
226188 226184 1614
226478 226475 803
226478 226484 1900
226568 226606 769
226568 234679 112
226323 226319 1685
226323 226324 688
226320 226318 1180
226320 229445 117
229554 229550 1304
229554 229555 1343
226333 226330 3793
226333 226341 2186
229560 229549 1014
229470 229465 1088
229557 229556 1088
229557 229558 1504
34255 10515 2265
6689 35437 169
6689 35439 1263
7985 7994 1503
7980 7979 996
7980 7981 1671
8107 8108 1229
8096 8093 1101
8096 8097 2438
8115 8045 3939
8115 8129 1395
8115 34202 2668
8136 8135 883
8136 8158 811
8849 8851 507
8163 8155 803
8163 16305 164
8148 8142 937
8148 8164 945
8140 8130 1203
8140 8139 1863
8140 8142 701
8075 8073 1976
8075 8143 377
8076 8072 998
8076 8145 4442
8150 8256 2797
8150 8354 4297
8366 8354 380
8366 8367 2652
8382 8367 896
8382 8384 1244
8387 8388 850
8387 8389 1569
8404 8386 452
8421 8423 961
8434 8433 1181
8434 34981 1537
8438 8433 945
8438 8439 343
8442 8439 1189
8442 34773 520
8442 34774 48
8476 8467 2659
8476 8479 152
8471 8464 2334
8471 8472 1541
8480 8479 1910
8480 9152 243
8482 8479 686
8482 34653 924
8412 8411 522
8412 8518 691
8412 9165 551
8470 8464 977
8470 8469 2307
9209 9207 1328
9209 9221 1219
9209 9522 2789
9580 9578 427
16465 16464 1372
16465 16466 945
9598 9592 937
16466 16462 2579
16466 16465 945
16466 16468 705
16470 16468 2581
16470 16471 803
9595 9593 509
16477 16476 955
16477 16531 557
16888 16887 1026
16888 16889 752
16887 16888 1026
16887 16896 193
9644 12711 2366
9644 12718 2660
9720 9649 760
9720 9717 1551
9739 9745 561
9749 9750 1953
9749 9751 811
9742 9744 649
16808 16793 547
16808 16807 972
16810 16807 1462
16810 16809 826
16910 16560 882
16910 16930 1239
16930 16910 1239
16930 16913 512
16792 16752 2334
16792 16793 762
16792 16798 777
16812 16798 2030
16812 16816 833
16821 16816 1311
16821 16822 617
16821 16933 1317
9726 9725 666
9726 9728 3118
9770 9771 264
9770 9773 737
9842 9851 486
9862 9863 1138
9862 35048 1006
9859 9860 1148
9885 9879 780
9885 9886 1477
9888 9887 1516
9897 11381 1129
11394 11389 504
11394 11395 1595
11394 35001 298
11401 11399 817
11402 11399 1008
11402 11403 2224
12319 12322 839
12319 12324 288
12321 12320 2302
10502 10503 2209
10502 35152 3627
12328 12325 839
12328 12336 278
12339 12338 2147
12341 12338 755
12341 12365 782
12400 12399 667
12400 34229 1417
12420 12423 667
12405 12368 3532
12405 12399 1004
12405 12406 2016
12424 12414 1827
12424 12423 373
12422 13276 202
12599 12600 1025
12606 34230 556
12626 12627 354
12425 12423 1175
12428 12427 598
12428 12429 556
12415 12411 839
12474 12465 847
12474 12476 2790
12457 12453 1004
12457 12476 868
11504 11487 1766
11504 11488 672
11504 11503 893
11543 11503 1679
11543 11541 778
11546 11774 1102
11546 11775 1114
11544 11541 2027
11544 11548 445
11544 12466 2990
12466 11544 2990
12466 12467 120
11799 11800 1111
12463 12460 2672
12463 12467 253
12464 12461 1780
12464 12465 672
11780 11776 1264
11782 11783 1014
11782 11794 475
12458 12455 847
12416 12411 2451
12416 12412 671
12501 12500 1675
11788 11786 782
11788 11789 756
11728 11726 764
11728 11727 1114
11728 11732 672
11754 11752 672
11754 11755 893
11790 11734 681
11790 11789 1114
11794 11782 475
11794 11787 764
11806 11786 1934
11760 11749 336
11760 11761 3116
11755 11754 893
11755 11756 516
11758 11759 556
11758 11759 556
11864 11647 1432
11888 11884 848
11888 11889 1114
11684 11678 1982
11684 11679 1234
11892 11673 1795
11892 11893 796
11683 11675 1004
11683 11936 452
11893 11675 2111
11893 11892 796
11936 11683 452
11936 11937 1062
11938 11939 869
11940 11941 1222
11940 11948 556
12031 11948 3096
12031 12032 905
12044 12032 2581
12044 12045 778
12044 12050 681
12050 12044 681
12050 12053 869
12055 12038 1779
12055 12040 1395
12055 12054 667
12059 12060 1085
12068 12056 1901
12068 12070 747
12134 12088 1049
12134 34359 459
12088 9830 817
12088 12134 1049
12088 34360 345
12139 12137 904
12139 12143 2305
12145 12143 950
12181 12180 2526
12181 12217 600
12183 12184 1094
12183 12218 373
12188 12189 841
12218 12182 475
12218 12183 373
12185 12174 747
12185 12186 1001
12212 12174 1500
12212 12211 884
12008 12006 1797
12008 12007 788
12199 12174 983
12199 12200 1082
12199 12211 1454
12198 12020 1181
12198 12205 676
12198 12206 1454
23522 23520 475
23537 23531 279
23537 23538 1501
23539 23538 975
23542 23538 938
23542 23541 975
23541 23533 788
23541 23540 2216
23541 23542 975
23601 23533 2145
23601 23603 1631
23601 23681 936
23681 23601 936
23681 23686 1099
23685 23686 669
23685 23693 2457
23692 23610 788
23692 23693 1126
23695 23713 1007
23609 23608 2280
23609 23630 747
23609 23632 806
23610 23607 2377
23610 23692 788
23643 23640 765
23643 23704 1344
23644 23642 1274
23644 23648 418
24801 24231 2369
24838 24839 1393
24198 24204 747
24198 24205 1372
23647 23645 750
23647 23648 1306
24192 24187 928
24191 24187 1521
24841 34800 2582
24333 24334 737
24333 24336 2090
24333 24337 738
24337 24333 738
24337 24340 2091
24337 24933 737
24863 24933 3117
24945 24944 1188
24945 24946 1209
24946 24945 1209
24946 24948 1205
24946 24952 1877
24996 24952 836
25002 24998 939
25002 25003 557
25158 25159 672
25158 25165 202
25164 25167 139
25164 25168 1446
25024 25022 1072
25024 25023 1102
25167 25023 818
25167 25164 139
25111 34295 300
25114 25115 751
25114 25135 735
25112 25113 679
25112 25134 813
25165 25158 202
25165 25166 1008
188074 188073 1757
186657 186656 489
186657 188070 868
188028 188027 1731
187167 187168 213
187167 187587 2786
187263 187587 844
187600 187639 1661
187600 188027 817
187168 187167 213
187168 187602 1419
187168 187603 556
187168 190477 610
190478 190477 6
190691 190480 2224
190691 190692 359
188275 188277 1436
188275 188279 810
188275 188285 328
188285 188275 328
188285 188286 182
188285 190782 754
135147 135143 1447
135147 135149 3232
135147 135150 517
186656 186657 489
186656 188081 1312
186656 188083 828
188082 188081 772
188082 188096 2646
188095 188096 828
188095 188196 2727
188272 188196 809
188277 188275 1436
188277 188280 768
135132 135128 2818
135132 135136 1103
135174 135175 3323
135174 135183 435
135182 135187 827
135172 135138 610
135172 135171 1592
135171 135136 1967
135171 135172 1592
134836 135043 827
134836 135187 1293
135041 135042 551
135041 135043 1322
135057 135062 2441
135058 135372 1322
135042 135041 551
135042 135046 751
135042 135047 1357
135046 135042 751
135046 135048 1357
135371 135048 904
135371 135369 1494
135371 135372 827
135095 135097 841
135095 135387 1530
135386 135062 827
135386 135385 1494
135386 135387 827
135097 135095 841
135097 135447 1831
135448 135447 827
135448 135450 418
135448 135451 1188
135449 135450 1994
135449 135463 378
135107 135466 1867
135107 135468 1063
135109 135468 1932
135109 135854 827
135900 136274 889
135920 135919 682
135920 136295 1558
136294 136274 1601
136294 136281 818
135919 135920 682
135919 135921 1344
135854 135109 827
135854 135469 1932
135854 135856 1378
135868 135870 676
135871 135858 2459
135856 135854 1378
135856 135857 1867
135856 135858 1337
135897 136229 751
135897 136234 202
135899 135898 1258
136120 136298 1378
136120 136417 697
136419 136416 765
136419 136423 1778
136425 136423 757
136425 136427 2224
136429 136427 605
136429 136430 605
136429 136454 673
136430 136429 605
136430 136442 1008
136430 136454 373
136447 136442 951
136447 136448 1225
136449 136450 889
136492 136450 932
136458 136463 254
136458 136464 2117
136510 136508 819
136470 136450 2224
136470 136469 841
136471 136468 1073
136471 136469 1234
136509 136508 222
136509 136514 599
136499 136500 682
136499 136503 3152
136499 136504 3240
136500 136499 682
136500 136505 3167
136819 136505 789
136819 136530 2371
136819 136820 848
136820 136819 848
136820 136821 2371
136823 136828 848
136823 136830 2481
136824 136821 765
136824 136830 765
136829 136828 472
136825 136827 932
136825 136828 765
136825 136832 2481
132597 136827 504
136851 136827 599
136851 139560 544
137515 137800 1426
137793 137794 2358
137793 137800 765
137792 137794 789
137792 137797 1640
137792 137798 2371
137828 137827 1600
137799 137800 765
137799 137803 2481
133903 133896 2390
133903 137841 932
137804 133896 823
137804 137803 870
137804 137809 1375
137841 133897 2371
137841 133903 932
137841 137842 765
137842 137841 765
137842 137843 682
137842 137844 2358
137728 137729 814
137728 137731 2465
137843 137731 682
137843 137842 682
137843 137845 2388
137729 137728 814
137729 137730 1565
137729 137732 2605
137773 137774 745
137776 137775 1305
137740 137849 517
137850 137848 765
137850 137849 2481
137852 137848 2358
137852 137854 1778
137817 137798 238
137817 137814 848
137817 137818 139
137860 137855 3281
137860 137868 1919
137868 137856 3332
137868 137860 1919
137868 137871 2262
137872 137871 765
137872 137880 2468
137880 137872 2468
137880 137879 765
137880 137952 2371
137927 137952 765
137927 137956 848
137927 137958 2262
137910 137911 2156
137910 138503 1740
138502 138503 2388
137967 137956 765
137967 137968 2262
137971 137911 917
137971 137968 789
137971 137977 2481
138510 138503 2616
138510 139672 786
138596 138597 848
138596 138599 2371
138596 138600 932
138605 138600 789
138605 138606 1935
138606 138605 1935
138606 138609 581
139177 139176 789
139177 139295 870
139177 139299 1768
139201 139203 1281
139201 139296 688
139203 139201 1281
139203 139303 713
139294 139295 951
139294 139296 1530
139142 139144 709
139142 139146 1188
139145 139146 827
139143 139138 827
139143 139144 2407
139143 139624 938
139153 139158 827
139153 139162 1322
139163 139162 751
139163 139170 905
139163 139172 1494
139170 139163 905
139170 139173 1560
139176 139173 629
139176 139177 789
139176 139181 796
199620 199663 1119
199628 199663 1960
199628 199679 973
199628 199680 523
199682 214972 495
199629 199631 822
199632 199631 1929
199632 199634 833
199632 199645 1775
199640 199639 1230
199640 199645 907
199639 199640 1230
199639 199641 1926
199639 199642 744
139208 139207 575
139208 139226 373
139277 139227 354
139306 139304 932
139306 139313 1663
139333 134818 23
139333 139338 599
134818 134817 963
134818 139333 23
139343 139345 778
139343 139350 612
139343 139361 1009
139356 139368 332
139359 139360 1022
139279 139227 765
139279 139288 505
139292 139649 1194
139506 139507 2014
139475 139476 1304
139475 139477 452
139478 139480 1919
139478 139481 688
132964 132965 1038
228832 234962 610
229513 229511 1124
229517 229510 237
229472 229467 672
229472 229468 1876
229566 229473 1093
229566 229567 445
225324 225321 288
225336 234255 1596
225318 225285 3065
225322 225321 1629
225338 225266 1203
225338 225341 1433
225341 225338 1433
225341 225340 2353
225343 225342 900
225343 225956 842
225957 225958 358
225957 225965 450
225965 225957 450
225965 229821 1095
234258 234257 2560
226235 226231 678
226235 226237 989
226236 226237 3039
226236 226252 1206
226025 226026 2668
226025 226031 4905
225303 225996 2280
225303 227769 4857
225315 225313 753
225997 225996 228
225997 234480 1122
234483 235206 1775
234483 235550 751
227780 227781 1205
227780 227782 1343
235475 227770 2188
228913 228918 452
227779 227790 927
227779 227792 1260
227779 227797 7098
227792 227779 1260
227792 227793 1031
227792 227794 8034
235620 235455 861
235621 235455 859
225292 225293 1477
225292 228938 1917
225292 234844 718
228937 227820 1222
228937 228938 1051
228920 228919 2422
228920 228921 1611
228920 228922 2514
228921 228919 2178
228921 228920 1611
228921 228929 556
228927 228925 1906
228927 228930 669
228927 228931 1759
234312 226030 2387
234312 234314 1041
234312 234315 747
234316 228992 658
234316 234315 1058
234316 234317 1016
234318 228992 791
235325 228995 610
228924 228923 1112
228924 234863 2390
228997 228999 1955
229417 228999 2353
234398 228999 2320
229421 229001 2037
229044 229003 1928
229044 229424 1647
229090 229093 1004
229132 229134 460
229140 229135 782
228118 228117 433
228118 229102 844
229100 229102 3275
229105 229104 589
226657 226658 1817
226657 226658 1817
226657 228132 675
228174 228170 587
228174 228173 579
228174 228175 2347
228176 228170 502
228176 228178 335
228106 228109 1014
228106 228110 2865
228115 228110 1014
228115 228117 844
228109 228106 1014
228109 228172 2930
228132 226657 675
228132 228172 275
234790 229166 372
234791 229166 905
234591 234571 405
234570 234568 237
229481 229479 335
229482 229479 927
229433 229436 947
229433 229474 1222
229435 229436 1171
229435 229505 671
229424 229044 1647
229424 229474 1841
229505 229435 671
229505 229506 2821
229508 229506 1332
229508 229511 1171
227942 227949 2468
227948 227949 1111
227948 227950 1780
227951 227949 251
227950 227948 1780
227950 228486 2113
228483 228486 679
228488 228487 796
228488 228497 697
228001 228010 866
228008 228010 1014
228018 228010 1005
228018 228528 353
228140 228139 946
228140 228142 2611
228140 228144 779
228019 228016 670
228019 228145 1344
228142 228140 2611
228142 228157 1788
228155 228157 373
228016 228019 670
228016 228020 2358
228528 228018 353
228528 228020 586
228162 228164 2036
228192 228193 762
228192 228195 672
228193 228192 762
228193 228196 778
228175 228174 2347
228175 228185 893
228198 228199 687
228200 228199 433
228186 228187 667
228173 228174 579
228173 234700 3226
228384 228383 2002
228384 228441 4960
228437 228442 2473
228511 228512 373
228511 228513 1807
228512 228511 373
228512 228513 1435
227208 228215 3940
228310 228309 344
228244 228295 2700
228294 228295 796
228303 228295 433
228314 228316 1668
228314 228317 1321
228317 228314 1321
228317 228316 1080
228317 228334 1249
228305 228350 537
228351 228350 2042
228353 228352 2719
228335 228334 646
228279 228370 2085
228389 228383 3283
235291 235290 1308
235292 235290 1509
228371 228365 445
228358 228363 1759
228390 228571 535
228574 228571 1277
228817 228816 1897
228817 228816 1897
234717 228873 392
234718 228873 64
228438 228449 2887
228450 228449 1790
228440 228452 1498
228471 228452 1753
228471 228472 1915
228471 228475 3106
228472 228471 1915
228472 228473 3201
6878 6880 730
6886 228787 867
6881 6883 793
6890 6891 6840
10515 10516 51
10515 34255 2265
226341 226333 2186
226341 226346 1678
226654 226346 2278
226654 226655 927
226654 226655 927
230865 230870 340
226243 226244 1010
226243 226245 672
226243 226290 1593
226244 226243 1010
226244 226245 1075
226312 226313 289
235460 226313 858
226160 226162 626
226160 226163 1071
226161 226162 950
226165 226162 273
234253 226163 604
226196 226201 1623
226202 226201 562
226202 226205 2452
226202 226206 823
226205 226202 2452
226205 226210 1174
226175 226174 1271
226176 226174 1028
226176 226186 1124
226177 226174 1176
234246 234245 1314
226452 234247 1640
234248 234247 1505
226200 226199 342
226457 226199 685
226182 226183 1114
226182 226186 1877
226182 226187 1687
226186 226176 1124
226186 226182 1877
226186 226187 782
226183 226182 1114
226183 226184 746
226183 226188 1569
226184 226183 746
226184 226188 1614
226475 226478 803
226484 226478 1900
226606 226568 769
234679 226568 112
226319 226318 798
226319 226323 1685
226324 226323 688
226318 226319 798
226318 226320 1180
229445 226320 117
229550 229554 1304
229555 229554 1343
226330 226333 3793
229549 229556 1427
229549 229560 1014
229465 229470 1088
229556 229549 1427
229556 229557 1088
229558 229557 1504
35437 6689 169
35439 6689 1263
7994 7985 1503
7979 7980 996
7981 7980 1671
8108 8107 1229
8093 8096 1101
8097 8096 2438
8045 8115 3939
8129 8115 1395
34202 8115 2668
8135 8136 883
8158 8136 811
8851 8849 507
8155 8130 1236
8155 8163 803
16305 8163 164
8142 8140 701
8142 8148 937
8164 8148 945
8130 8140 1203
8130 8155 1236
8139 8140 1863
8073 8072 1017
8073 8075 1976
8143 8075 377
8072 8073 1017
8072 8076 998
8145 8076 4442
8145 8256 941
8256 8145 941
8256 8150 2797
8354 8150 4297
8354 8366 380
8367 8366 2652
8367 8382 896
8384 8382 1244
8388 8387 850
8389 8387 1569
8386 8404 452
8423 8421 961
8433 8434 1181
8433 8438 945
34981 8434 1537
8439 8438 343
8439 8442 1189
34773 8442 520
34774 8442 48
8467 8476 2659
8479 8476 152
8479 8480 1910
8479 8482 686
8464 8470 977
8464 8471 2334
8472 8471 1541
9152 8480 243
34653 8482 924
8411 8412 522
8518 8412 691
9165 8412 551
8469 8470 2307
9207 9209 1328
9221 9209 1219
9522 9209 2789
9578 9580 427
16464 16465 1372
9592 9593 196
9592 9598 937
16462 16466 2579
16468 16466 705
16468 16470 2581
16471 16470 803
9593 9592 196
9593 9595 509
16476 16477 955
16531 16477 557
16889 16888 752
16896 16887 193
12711 9644 2366
12718 9644 2660
9649 9720 760
9717 9720 1551
9745 9739 561
9750 9749 1953
9751 9749 811
9744 9742 649
16793 16792 762
16793 16808 547
16807 16808 972
16807 16810 1462
16809 16810 826
16560 16910 882
16913 16930 512
16752 16792 2334
16798 16792 777
16798 16812 2030
16816 16812 833
16816 16821 1311
16822 16821 617
16822 16933 701
16933 16821 1317
16933 16822 701
9725 9726 666
9728 9726 3118
9771 9770 264
9773 9770 737
9851 9842 486
9863 9862 1138
35048 9862 1006
9860 9859 1148
9879 9885 780
9886 9885 1477
9887 9888 1516
9887 11381 975
11381 9887 975
11381 9897 1129
11381 11389 3558
11389 11381 3558
11389 11394 504
11395 11394 1595
35001 11394 298
11399 11401 817
11399 11402 1008
11403 11402 2224
11403 12320 671
12322 12319 839
12322 12325 681
12324 12319 288
12320 11403 671
12320 12321 2302
10503 10502 2209
35152 10502 3627
12325 12322 681
12325 12328 839
12336 12328 278
12338 12339 2147
12338 12341 755
12365 12341 782
12399 12400 667
12399 12405 1004
34229 12400 1417
12423 12420 667
12423 12424 373
12423 12425 1175
12368 12405 3532
12406 12405 2016
12406 12411 755
12406 12412 2446
12414 12424 1827
12414 12427 536
13276 12422 202
12600 12599 1025
34230 12606 556
12627 12626 354
12427 12414 536
12427 12428 598
12429 12428 556
12411 12406 755
12411 12415 839
12411 12416 2451
12465 12464 672
12465 12474 847
12476 12457 868
12476 12474 2790
12453 12455 672
12453 12457 1004
11487 11488 1929
11487 11504 1766
11488 11487 1929
11488 11504 672
11488 11774 497
11503 11504 893
11503 11543 1679
11541 11543 778
11541 11544 2027
11774 11488 497
11774 11546 1102
11775 11546 1114
11775 11776 889
11548 11544 445
12467 12463 253
12467 12466 120
11800 11799 1111
12460 12461 839
12460 12463 2672
12461 12460 839
12461 12464 1780
11776 11775 889
11776 11780 1264
11783 11782 1014
12455 12453 672
12455 12458 847
12412 12406 2446
12412 12416 671
12412 12500 1234
12500 12412 1234
12500 12501 1675
11786 11787 778
11786 11788 782
11786 11806 1934
11789 11788 756
11789 11790 1114
11726 11728 764
11726 11752 2118
11727 11728 1114
11732 11728 672
11732 11734 756
11752 11726 2118
11752 11754 672
11734 11732 756
11734 11790 681
11787 11786 778
11787 11794 764
11749 11760 336
11761 11760 3116
11756 11755 516
11759 11758 556
11759 11758 556
11647 11864 1432
11884 11679 809
11884 11888 848
11889 11888 1114
11678 11684 1982
11679 11684 1234
11679 11884 809
11673 11675 688
11673 11892 1795
11675 11673 688
11675 11683 1004
11675 11893 2111
11937 11936 1062
11939 11938 869
11939 11941 1139
11941 11939 1139
11941 11940 1222
11948 11940 556
11948 12031 3096
12032 12031 905
12032 12044 2581
12045 12044 778
12045 12054 950
12045 12054 950
12053 12050 869
12038 12055 1779
12040 12055 1395
12040 12056 788
12054 12045 950
12054 12045 950
12054 12055 667
12060 12059 1085
12056 12040 788
12056 12068 1901
12070 12068 747
34359 12134 459
9830 12088 817
34360 12088 345
12137 12139 904
12143 12139 2305
12143 12145 950
12180 12181 2526
12217 12181 600
12217 12182 588
12184 12183 1094
12189 12188 841
12182 12217 588
12182 12218 475
12174 12185 747
12174 12199 983
12174 12212 1500
12186 12185 1001
12211 12199 1454
12211 12212 884
12006 12008 1797
12007 12008 788
12200 12199 1082
12020 12198 1181
12205 12198 676
12205 12206 1188
12206 12198 1454
12206 12205 1188
23520 23522 475
23531 23537 279
23531 23540 580
23538 23537 1501
23538 23539 975
23538 23542 938
23533 23541 788
23533 23601 2145
23540 23531 580
23540 23541 2216
23603 23601 1631
23686 23681 1099
23686 23685 669
23693 23685 2457
23693 23692 1126
23713 23695 1007
23608 23607 1357
23608 23609 2280
23630 23609 747
23632 23609 806
23607 23608 1357
23607 23610 2377
23640 23642 373
23640 23643 765
23704 23643 1344
23642 23640 373
23642 23644 1274
23648 23644 418
23648 23647 1306
24231 24801 2369
24839 24838 1393
24204 24198 747
24205 24198 1372
23645 23647 750
24187 24191 1521
24187 24192 928
34800 24841 2582
24334 24333 737
24336 24333 2090
24336 24340 737
24340 24336 737
24340 24337 2091
24933 24337 737
24933 24863 3117
24944 24945 1188
24944 24948 939
24948 24944 939
24948 24946 1205
24952 24946 1877
24952 24996 836
24952 24998 737
24998 24952 737
24998 25002 939
25003 25002 557
25159 25158 672
25168 25164 1446
25022 25024 1072
25023 25024 1102
25023 25167 818
34295 25111 300
25115 25114 751
25135 25114 735
25135 25134 748
25113 25112 679
25134 25112 813
25134 25135 748
25166 25165 1008
188073 188074 1757
188070 186657 868
188070 188083 311
188027 187600 817
188027 188028 1731
187587 187167 2786
187587 187263 844
187639 187600 1661
187602 187168 1419
187602 187603 1290
187603 187168 556
187603 187602 1290
187603 190477 245
190477 187168 610
190477 187603 245
190477 190478 6
190480 190691 2224
190692 190691 359
188279 188275 810
188279 188280 1396
188286 188285 182
190782 188285 754
135143 135147 1447
135149 135147 3232
135150 135147 517
188081 186656 1312
188081 188082 772
188083 186656 828
188083 188070 311
188096 188082 2646
188096 188095 828
188196 188095 2727
188196 188272 809
188280 188277 768
188280 188279 1396
135128 135132 2818
135136 135132 1103
135136 135138 983
135136 135171 1967
135175 135138 751
135175 135174 3323
135183 135174 435
135187 134836 1293
135187 135182 827
135138 135136 983
135138 135172 610
135138 135175 751
135043 134836 827
135043 135041 1322
135043 135047 476
135062 135057 2441
135062 135372 676
135062 135386 827
135372 135058 1322
135372 135062 676
135372 135371 827
135047 135042 1357
135047 135043 476
135047 135048 751
135048 135046 1357
135048 135047 751
135048 135371 904
135369 135371 1494
135387 135095 1530
135387 135386 827
135387 135447 629
135385 135386 1494
135447 135097 1831
135447 135387 629
135447 135448 827
135450 135448 418
135450 135449 1994
135450 135451 1028
135451 135448 1188
135451 135450 1028
135463 135449 378
135463 135466 332
135466 135107 1867
135466 135463 332
135468 135107 1063
135468 135109 1932
135468 135469 827
136274 135900 889
136274 136294 1601
136295 135920 1558
136295 136298 682
136281 136294 818
135921 135919 1344
135921 136298 238
135469 135468 827
135469 135854 1932
135469 135857 1258
135870 135868 676
135858 135856 1337
135858 135871 2459
135858 136229 476
135857 135469 1258
135857 135856 1867
136229 135858 476
136229 135897 751
136234 135897 202
136234 135898 202
135898 135899 1258
135898 136234 202
136298 135921 238
136298 136120 1378
136298 136295 682
136417 136120 697
136417 136416 1556
136416 136417 1556
136416 136419 765
136423 136419 1778
136423 136425 757
136427 136425 2224
136427 136429 605
136454 136429 673
136454 136430 373
136442 136430 1008
136442 136447 951
136448 136447 1225
136448 136450 757
136448 136469 2223
136450 136448 757
136450 136449 889
136450 136470 2224
136450 136492 932
136463 136458 254
136464 136458 2117
136508 136509 222
136508 136510 819
136469 136448 2223
136469 136470 841
136469 136471 1234
136468 136471 1073
136514 136509 599
136503 136499 3152
136503 136504 848
136503 136505 765
136504 136499 3240
136504 136503 848
136505 136500 3167
136505 136503 765
136505 136819 789
136530 136819 2371
136530 136821 848
136821 136530 848
136821 136820 2371
136821 136824 765
136828 136823 848
136828 136825 765
136828 136829 472
136830 136823 2481
136830 136824 765
136827 132597 504
136827 136825 932
136827 136851 599
136832 136825 2481
139560 136851 544
137800 137515 1426
137800 137793 765
137800 137799 765
137794 137792 789
137794 137793 2358
137797 137792 1640
137798 137792 2371
137798 137817 238
137827 137828 1600
137803 137799 2481
137803 137804 870
133896 133897 895
133896 133903 2390
133896 137804 823
137809 137804 1375
133897 133896 895
133897 137841 2371
133897 137844 682
137844 133897 682
137844 137842 2358
137844 137845 848
137731 137728 2465
137731 137732 870
137731 137843 682
137845 137843 2388
137845 137844 848
137730 137729 1565
137732 137729 2605
137732 137731 870
137732 137848 2481
137732 137849 765
137774 137773 745
137774 137775 348
137775 137774 348
137775 137776 1305
137849 137732 765
137849 137740 517
137849 137850 2481
137848 137732 2481
137848 137850 765
137848 137852 2358
137854 137852 1778
137814 137817 848
137818 137817 139
137855 137856 2307
137855 137860 3281
137856 137855 2307
137856 137868 3332
137871 137868 2262
137871 137872 765
137871 137879 2468
137879 137871 2468
137879 137880 765
137952 137880 2371
137952 137927 765
137956 137927 848
137956 137967 765
137958 137927 2262
137911 137910 2156
137911 137971 917
138503 137910 1740
138503 138502 2388
138503 138510 2616
137968 137967 2262
137968 137971 789
137977 137971 2481
139672 138510 786
138597 138596 848
138599 138596 2371
138600 138596 932
138600 138605 789
138609 138606 581
139295 139177 870
139295 139294 951
139299 139177 1768
139296 139201 688
139296 139294 1530
139296 139303 1364
139303 139203 713
139303 139296 1364
139303 139304 847
139144 139142 709
139144 139143 2407
139146 139142 1188
139146 139145 827
139138 139143 827
139624 139143 938
139158 139153 827
139162 139153 1322
139162 139163 751
139172 139163 1494
139172 139173 789
139173 139170 1560
139173 139172 789
139173 139176 629
139181 139176 796
199663 199620 1119
199663 199628 1960
199679 199628 973
199680 199628 523
214972 199682 495
199631 199629 822
199631 199632 1929
199634 199632 833
199645 199632 1775
199645 199640 907
199641 199639 1926
199642 199639 744
139207 139208 575
139226 139208 373
139227 139277 354
139227 139279 765
139304 139303 847
139304 139306 932
139313 139306 1663
139313 139338 252
139338 139313 252
139338 139333 599
134817 134818 963
139345 139343 778
139350 139343 612
139361 139343 1009
139368 139356 332
139360 139359 1022
139288 139279 505
139649 139292 1194
139507 139506 2014
139476 139475 1304
139477 139475 452
139480 139478 1919
139481 139478 688
132965 132964 1038
234962 228832 610
229511 229508 1171
229511 229510 1466
229511 229513 1124
229510 229511 1466
229510 229517 237
229467 229472 672
229467 229473 1343
229468 229472 1876
229473 229467 1343
229473 229566 1093
229567 229566 445
225321 225322 1629
225321 225324 288
234255 225336 1596
225285 225318 3065
225266 225338 1203
225266 225340 3202
225340 225266 3202
225340 225341 2353
225342 225343 900
225956 225343 842
225958 225957 358
229821 225965 1095
234257 234258 2560
226231 226235 678
226237 226235 989
226237 226236 3039
226252 226236 1206
226026 226025 2668
226031 226025 4905
226031 226030 1549
226031 234314 3833
225996 225303 2280
225996 225997 228
227769 225303 4857
227769 227770 451
225313 225315 753
234480 225997 1122
235206 234483 1775
235550 234483 751
227781 227780 1205
227782 227780 1343
227770 227769 451
227770 235475 2188
228918 228913 452
227790 227779 927
227797 227779 7098
227797 227794 983
227793 227792 1031
227794 227792 8034
227794 227797 983
225293 225292 1477
234844 225292 718
227820 228937 1222
228922 228920 2514
228929 228921 556
228930 228927 669
228931 228927 1759
226030 226031 1549
226030 234312 2387
234314 226031 3833
234314 234312 1041
234317 234316 1016
234863 228924 2390
838
235455
228938
228919
228925
234315
228992
228995
228923
228999
229001
229003
229093
229134
229135
229102
229104
226658
228170
228178
228110
228117
228172
229166
234571
234568
229479
229436
229474
229506
227949
228486
228487
228010
228497
228139
228144
228145
228157
228020
228164
228195
228196
228185
228199
228187
234700
228441
228442
228513
228215
228309
228295
228316
228350
228352
228334
228370
228383
235290
228365
228363
228571
228816
228873
228449
228452
228473
228475
6880
228787
6883
6891
10516
226346
226655
230870
226245
226290
226313
226162
226163
226201
226206
226210
226174
234245
234247
226199
226187
226188
226478
226568
226323
226320
229554
226333
229560
229470
229557
34255
6689
7985
7980
8107
8096
8115
8136
8849
8163
8148
8140
8075
8076
8150
8366
8382
8387
8404
8421
8434
8438
8442
8476
8471
8480
8482
8412
8470
9209
9580
16465
9598
16466
16470
9595
16477
16888
16887
9644
9720
9739
9749
9742
16808
16810
16910
16930
16792
16812
16821
9726
9770
9842
9862
9859
9885
9888
9897
11394
11401
11402
12319
12321
10502
12328
12339
12341
12400
12420
12405
12424
12422
12599
12606
12626
12425
12428
12415
12474
12457
11504
11543
11546
11544
12466
11799
12463
12464
11780
11782
12458
12416
12501
11788
11728
11754
11790
11794
11806
11760
11755
11758
11864
11888
11684
11892
11683
11893
11936
11938
11940
12031
12044
12050
12055
12059
12068
12134
12088
12139
12145
12181
12183
12188
12218
12185
12212
12008
12199
12198
23522
23537
23539
23542
23541
23601
23681
23685
23692
23695
23609
23610
23643
23644
24801
24838
24198
23647
24192
24191
24841
24333
24337
24863
24945
24946
24996
25002
25158
25164
25024
25167
25111
25114
25112
25165
188074
186657
188028
187167
187263
187600
187168
190478
190691
188275
188285
135147
186656
188082
188095
188272
188277
135132
135174
135182
135172
135171
134836
135041
135057
135058
135042
135046
135371
135095
135386
135097
135448
135449
135107
135109
135900
135920
136294
135919
135854
135868
135871
135856
135897
135899
136120
136419
136425
136429
136430
136447
136449
136492
136458
136510
136470
136471
136509
136499
136500
136819
136820
136823
136824
136829
136825
132597
136851
137515
137793
137792
137828
137799
133903
137804
137841
137842
137728
137843
137729
137773
137776
137740
137850
137852
137817
137860
137868
137872
137880
137927
137910
138502
137967
137971
138510
138596
138605
138606
139177
139201
139203
139294
139142
139145
139143
139153
139163
139170
139176
199620
199628
199682
199629
199632
199640
199639
139208
139277
139306
139333
134818
139343
139356
139359
139279
139292
139506
139475
139478
132964
228832
229513
229517
229472
229566
225324
225336
225318
225322
225338
225341
225343
225957
225965
234258
226235
226236
226025
225303
225315
225997
234483
227780
235475
228913
227779
227792
228924
228997
229417
229421
229044
229090
229132
229140
228118
229100
228176
228106
228115
228109
229433
229435
229424
229505
229508
227942
227948
227951
227950
228483
228488
228001
228008
228018
228019
228142
228155
228016
228162
228192
228193
228175
228198
228200
228186
228173
228384
228437
228511
228512
227208
228244
228294
228303
228314
228305
228353
228279
228389
228358
228390
228574
228817
228438
228440
228472
6878
6886
6881
6890
226341
230865
226312
226160
226161
226196
226175
226176
226177
226452
226200
226457
226184
226475
226484
234679
226319
226318
229445
229550
226330
229549
229465
229556
35437
7994
7979
8093
8045
8129
34202
8158
8155
8142
8130
8139
8073
8143
8072
8145
8256
8354
8367
8386
8423
8433
8439
8467
8464
34653
8518
9165
8469
9207
9522
9578
16464
9592
16462
16468
16471
16476
16531
16889
16896
12711
9649
9717
16793
16807
16809
16560
16913
16752
16798
16816
16822
16933
9725
9773
9851
9863
9860
9879
9886
9887
11389
35001
11399
11403
12322
12324
12320
12325
12336
12338
12399
34229
12368
12406
12414
12427
12411
12465
12476
12453
11487
11488
11503
11541
11775
12460
12461
11776
11783
12455
12500
11786
11789
11726
11727
11732
11752
11734
11787
11749
11756
11647
11884
11678
11679
11673
11675
11937
11939
11941
11948
12032
12038
12040
12060
12056
12070
34359
9830
12137
12143
12180
12217
12184
12189
12182
12174
12186
12211
12006
12007
12200
12020
12205
12206
23520
23531
23533
23540
23603
23686
23693
23608
23630
23632
23607
23640
23648
24231
24839
24204
24205
23645
24187
34800
24336
24340
24933
24944
24948
24952
24998
25003
25022
25023
25135
25134
188073
188070
188027
187587
187639
187602
187603
190477
190480
188279
190782
135143
135149
135150
188081
188083
188096
188196
135128
135136
135175
135183
135187
135138
135043
135062
135372
135047
135048
135369
135387
135385
135447
135450
135451
135466
135468
136274
136295
136281
135469
135858
135857
136229
136234
136298
136417
136416
136423
136427
136454
136442
136448
136463
136464
136508
136469
136468
136514
136503
136504
136505
136530
136828
136830
136827
136832
139560
137800
137794
137797
137798
137827
137803
137809
137844
137731
137845
137848
137854
137814
137818
137855
137856
137871
137879
137952
137956
137958
137911
138503
137968
137977
139672
138597
138599
138600
138609
139295
139299
139296
139144
139146
139138
139158
139162
139172
139181
199663
199679
214972
199631
199634
199645
199642
139207
139226
139227
139304
139313
139338
134817
139345
139350
139360
139288
139507
139480
139481
229510
229467
229468
229473
225321
234255
225285
225266
225340
225956
225958
229821
234257
226231
226237
226026
225313
235206
227781
227770
227790
227794
225293
227820
226030
234314
234863
