4092
181545 181546 1614
181545 181577 1445
184285 184286 940
184285 184301 1268
184302 184301 790
184414 184440 1161
184438 184437 790
184438 184450 3140
184434 184432 238
184434 184439 1812
184435 184436 1576
184435 184439 418
184297 184298 418
184297 184442 871
184297 184443 905
184224 184280 3225
184274 184275 562
184274 184278 1161
184279 179586 807
184279 184280 752
184279 184366 3361
184269 184281 837
184269 184290 673
184277 184275 650
184277 184281 1746
184289 184288 807
184289 184290 1345
184225 184341 3165
184342 184280 752
184342 184341 678
184342 184365 789
184143 184142 846
184323 184142 790
184323 184324 1954
184323 184329 790
184331 184329 333
184330 184329 139
184330 184336 2045
184335 184336 752
184335 184356 2088
184340 184341 752
184340 184349 789
184346 184347 808
184346 184386 2143
184359 184358 790
184359 184386 710
184359 184389 818
184345 184356 738
184345 184360 1672
184358 184359 790
184358 184360 871
184429 184431 697
184483 184484 796
184483 184485 355
184432 184431 1812
184432 184434 238
184485 184483 355
184485 184486 849
181903 181904 1034
181903 181907 562
181903 181909 589
181897 181904 2138
181907 181903 562
181907 181910 552
181911 181901 1827
181911 181904 933
181911 183093 1199
183094 183093 1906
183095 183096 1897
183095 183105 1199
183135 183133 421
183135 184612 1299
184501 184497 915
184620 184615 612
184620 184627 2115
185907 184633 4115
184236 184486 1447
184498 184486 2381
184498 184497 667
181811 181809 789
181811 183081 2237
181878 181906 1375
181901 181902 766
181901 181905 828
181901 181911 1827
181902 181901 766
181902 181904 1796
173511 173512 973
180255 181843 1999
184610 185745 1669
184610 185746 1084
181810 181809 3789
183062 181809 1222
183062 183061 688
183055 183056 1034
183055 183140 1275
183087 183038 1904
183087 183088 3058
185665 185662 775
185667 185663 1640
185667 185666 1502
185666 185662 358
185666 185667 1502
185909 185910 654
185909 186007 306
185504 185516 317
185504 186008 1212
181503 181502 3400
181503 181504 1504
185594 185962 1341
185594 186034 368
185970 173509 922
185970 185973 406
182664 181722 1282
182664 182670 3116
182670 182664 3116
182670 182667 849
181606 181605 2028
181606 181607 517
181718 181652 2802
181718 181722 1827
182702 182689 4373
182702 182709 403
182715 182713 252
182715 182728 403
182729 182728 943
182744 182714 2407
182744 182858 1116
182749 182750 1097
182741 182742 452
182741 182743 667
182747 182746 279
182810 182809 513
182810 182811 1614
182806 182807 1382
182806 182808 1251
185739 185737 953
182783 182797 469
182783 182797 469
182909 182912 688
182909 182965 932
182966 182965 672
182979 182965 1447
182979 182978 927
182979 182981 1864
182981 182979 1864
182981 182980 782
182981 183505 1948
183506 183507 1116
183521 183507 782
183521 183520 1364
183521 185630 599
183542 183543 673
183542 183552 778
183597 183462 2458
183597 183596 782
183625 183624 157
183621 183622 354
183621 183640 1902
183639 183638 398
183639 183640 562
183586 183552 1346
183586 183582 782
183617 183653 368
183725 183720 622
183725 183721 1484
183708 183709 850
183710 183711 1199
183573 183572 1199
183211 183212 2139
183211 183212 2139
183265 183225 1140
183265 183267 819
183574 183572 905
183574 185635 1234
183225 183226 932
183225 183227 667
183225 183265 1140
183263 183227 1116
183263 183262 818
183263 183733 3928
183646 183653 3816
183652 183651 452
183188 183189 1526
183188 183190 803
183191 183234 818
183245 183246 688
183245 183299 1225
183248 183298 766
183251 183250 198
183251 183298 1699
183254 183255 407
183254 183288 522
183260 183270 932
183271 183229 682
183271 185618 948
183086 183192 337
184122 162566 842
184122 184123 912
184123 162568 1228
184123 184122 912
184123 184125 1083
184127 184132 984
184133 184137 2063
184133 184141 709
184136 162575 1935
184136 184132 871
184136 184137 871
184139 184141 1955
184139 184142 870
210327 210328 790
210327 210374 774
210328 210327 790
210328 210411 899
210394 210396 787
210394 210411 1277
210390 210201 1505
210390 210385 1001
210393 210395 329
210393 210396 1945
209224 209222 1179
209224 209238 908
209224 209253 1486
209253 209224 1486
209253 209252 1865
209253 209254 1537
209418 209420 579
209418 209421 655
209422 209262 1486
209422 209425 752
209429 209425 882
209429 209430 2004
209430 209426 876
209430 209429 2004
209430 209443 1776
209444 209443 867
209444 209539 2320
209447 209539 767
209447 209594 2275
209595 209597 664
209617 209597 848
209625 209628 417
210118 210117 286
210118 210120 2911
210118 210126 987
210126 210118 987
210126 210127 2905
210129 210130 1573
210129 210177 1011
210200 210201 867
210205 210203 766
210205 210206 473
210381 210382 1590
210381 210384 1187
162807 162808 933
162564 162565 563
162564 162566 1037
162681 162682 238
162809 162557 1525
162809 162559 796
162812 162870 139
162823 162822 752
162823 162868 202
210503 210502 1504
179156 179161 2143
179158 179159 1951
179198 179190 2127
179198 179199 1732
179196 179193 3457
179196 179211 373
179354 179353 562
179354 179355 2692
179358 179355 1222
179358 179360 1879
179358 179366 893
179366 179358 893
179366 179365 738
179360 179358 1879
179360 179361 1023
179360 179410 2420
179364 179365 807
179364 185324 610
179420 185590 285
179410 179343 1161
179410 179360 2420
179411 179337 672
179411 179407 1305
179411 179424 2199
186121 186122 661
186121 186123 438
179424 179411 2199
179424 179412 672
179424 180966 3394
115557 115548 3145
115557 115558 452
115916 115917 1004
115918 115894 353
115925 115926 1436
115925 115927 1424
106447 106448 1113
106447 106451 585
106452 106453 452
106452 106454 1023
106452 106475 1071
106476 106475 1223
106476 106477 1111
106280 106281 1827
106775 106776 687
106309 106781 515
106365 106411 754
106360 106359 713
106360 106776 1345
106431 106432 924
106431 106437 756
32363 32365 4121
32363 32366 5641
106076 106077 1541
106076 106078 1556
106094 106095 494
106094 106096 643
106078 106076 1556
106078 106079 1606
113855 113856 52
113855 116218 630
115012 115013 135
114781 114774 866
114781 114780 2034
114780 114779 511
114780 114781 2034
114772 114761 528
114783 114771 1531
191719 191628 11525
191719 194417 405
193098 191720 4602
193098 193106 1180
191629 191628 2597
191629 191797 1800
193096 194096 381
194095 193095 117
192141 193257 2192
192141 193846 893
194115 194116 382
194115 194117 525
193171 193115 745
193171 193161 2592
193104 191722 1937
193269 191722 1688
193274 193271 451
193274 193882 479
193200 193193 1497
193200 193217 626
193202 193199 1635
193202 193203 807
193202 193221 1005
193227 193220 514
192425 192424 2564
192164 192165 1659
192164 192176 1745
192563 192175 4280
192563 192565 883
190898 194496 835
190898 194498 47
192521 192522 2110
192521 192523 320
192591 194494 734
192591 194499 35
192408 192409 2538
192408 192414 2895
192185 192186 1408
192185 192422 2165
192551 192552 400
192551 192552 400
192551 192552 400
35138 35155 1207
35138 35165 2077
35140 35171 2426
35140 35172 321
35060 35061 161
35060 35062 1304
35123 35127 709
35123 35127 709
30321 30320 1539
30321 30320 1539
30323 30324 1172
30323 30325 940
30328 30325 1866
30328 30327 1450
30348 30336 277
30356 30352 3064
30356 30357 2456
30360 30357 4967
30360 30361 598
30424 30358 4111
30424 30361 438
30573 30574 750
30573 30575 951
30578 30575 458
30578 30580 1374
30565 30566 3592
30565 30568 1430
30433 30431 942
30476 30477 373
30476 30478 261
30580 30578 1374
30580 30589 317
30432 30431 1440
30429 30426 842
30429 30431 616
30448 30365 965
30364 30359 1164
30364 30363 1668
30372 30374 497
30863 30859 609
30873 30877 702
30526 30416 2960
34960 32477 869
34960 34961 1503
30784 30536 883
30784 30786 4854
30665 30666 4305
30665 30667 1186
30794 30797 1027
30794 30810 3471
30352 30353 2053
30352 30356 3064
30337 30333 476
30347 30344 887
31704 31703 1849
31704 31706 1622
31710 31711 2335
31710 31712 1630
31146 31148 1714
31074 31148 1423
31730 31741 842
31730 31742 917
34440 31084 785
34440 34441 1204
34440 34746 158
31145 31084 804
31156 31158 1552
31156 31159 1027
31783 31780 272
31788 31803 196
31806 31804 746
31806 31807 3033
31814 31822 355
31826 31821 2121
31826 31835 1607
31851 31839 1739
31855 31854 1457
31860 31861 48
31860 32847 2110
32850 32848 1195
32850 32893 750
32894 32893 2079
32894 32898 1222
32955 32957 473
32955 32958 418
32962 32963 671
32984 32985 1786
32984 32986 434
32994 32993 336
33161 33141 1419
33161 33163 2645
23783 33169 89
33182 33185 1077
33182 33198 927
33185 33182 1077
33185 33204 1272
33186 33187 1220
33186 33188 3634
33188 33186 3634
33188 33207 1204
33419 33420 2003
33419 33424 1077
33427 33424 649
33427 33428 1077
33466 33453 2184
33466 33469 1156
33488 33489 640
16952 14709 1335
16952 16953 452
33472 33456 1175
33472 33471 2007
33476 33460 1141
33476 33479 1344
33658 33479 658
33658 33659 672
14708 14709 1499
14708 14710 1085
14710 14708 1085
14710 16957 1625
16964 16958 871
16964 16965 1797
16969 16965 869
16969 16970 2623
17008 17009 2224
17008 17010 475
17016 17019 2480
17017 17018 275
17465 9177 452
17465 17466 604
17001 16987 536
17001 17003 1344
17004 17076 1028
17004 17079 1008
17037 17036 750
17037 17048 2880
17049 17048 796
17080 17081 946
17080 17090 672
17139 17136 903
17139 17140 818
17155 17119 2043
17155 17156 1031
17156 17155 1031
17156 17157 788
17179 17176 750
17179 17182 847
17565 17564 434
17569 17570 2085
17569 17571 707
17579 17571 750
17579 17580 2216
17581 17582 893
17581 17583 707
17641 17644 809
17504 17503 847
17047 17045 930
17043 17042 1347
17043 17044 1248
17488 17473 1292
17476 17473 1061
17476 17475 1978
17477 17474 1292
17477 17482 1699
17649 17648 2110
17649 17648 2110
17703 17702 1964
17703 17704 580
17698 17700 893
17698 17701 1139
17701 17698 1139
17701 17702 905
9126 17725 551
17846 17826 788
17839 17835 2126
17839 17836 1483
17838 17826 2376
17838 17829 869
17838 17857 2203
17857 17838 2203
17857 17854 1343
17937 17934 628
17937 17938 2718
17938 17935 708
17938 17937 2718
17944 17943 222
17944 17945 344
17951 17935 610
17951 17943 516
17945 17931 1851
17945 17944 344
17947 17932 354
17947 17948 1730
17948 17947 1730
17948 17967 434
17964 17910 1849
18730 18724 2043
18730 18732 818
18732 18726 737
18732 18730 818
18738 18727 2203
18738 18739 373
18739 18738 373
18739 18740 373
18762 8896 1102
18762 20325 696
17912 17913 580
17961 17958 982
18118 34252 5797
18118 34996 1981
18524 18523 275
18289 18278 908
18516 18530 295
18553 18552 400
18553 34701 3981
18554 18557 397
8893 8896 1188
20325 18762 696
20325 20327 1481
18758 18761 1408
18764 8896 788
18764 18761 1292
18779 18768 2211
18782 18767 2091
18769 18767 1000
18769 18770 279
18771 18770 598
18902 19012 818
19013 19012 826
19025 19026 1323
18834 18807 872
18834 18833 516
18834 18839 598
18836 18833 1979
18836 18837 676
18892 18843 1576
18892 18849 1031
25320 18986 1631
25320 25319 826
25320 25321 1948
19003 19012 1873
18997 18996 904
18997 19001 1768
18986 18985 737
18986 18993 3524
18986 25320 1631
18996 18993 806
18996 18995 1797
18996 18997 904
25315 25312 504
25315 25314 1139
25381 25355 403
25381 25383 713
25384 25363 403
25384 25364 796
25384 25383 924
25309 25308 1558
25309 25353 1015
25312 25310 1786
25312 25315 504
25326 25325 604
25321 25311 737
25321 25320 1948
25321 25325 1120
25365 25361 1258
25365 25364 1533
25366 25360 681
25366 25361 238
25366 25367 1234
34421 25407 1468
34421 25419 770
34421 25420 495
25420 25406 1408
25420 34421 495
25403 25402 90
25403 25410 216
25403 25416 533
26733 26735 1438
26733 26736 511
35016 26819 640
35016 26819 640
26916 26913 551
26916 26915 1022
26923 26921 676
26920 26918 676
26920 26921 1810
26747 26746 1545
26747 26773 836
26747 26921 649
26915 26911 605
26915 26916 1022
26915 26918 1951
26754 26731 927
26756 26731 1273
26756 26732 1575
26772 26748 475
26773 26747 836
26773 26748 872
26712 26710 2180
26712 26711 809
26714 26713 806
26714 26717 2967
26710 26709 738
26710 26712 2180
26751 26706 237
26751 26709 836
27043 26374 1205
27043 26717 1640
27043 27042 806
27045 26374 1745
26717 26714 2967
26717 26715 872
26717 27043 1640
26376 26375 1677
26376 26394 905
27046 26366 2482
26401 26396 1412
26401 26398 927
26401 26400 1206
27069 26400 1677
27069 26412 2751
26398 26397 1878
26398 26401 927
27075 26412 807
27075 26497 2045
14344 26496 60
26497 26495 873
26497 27075 2045
26482 26430 1610
26482 26484 836
26485 26484 1878
26485 26490 1022
26500 26490 2079
26500 26491 884
26502 26491 2282
26502 26526 848
26347 26343 806
26347 26345 605
26347 26353 435
26493 26411 1146
26493 26496 202
26534 26532 738
26534 27185 2045
26535 26532 1810
26535 27378 252
26535 27380 279
27186 27185 807
27411 27418 2589
52769 52754 759
52769 52770 718
53382 53383 488
29438 27405 2774
29438 27405 2774
29438 29434 782
29438 29434 782
53371 53370 268
53371 53372 1309
52758 52757 766
52762 52761 238
55548 55544 1769
55548 55549 807
55552 55549 1494
55552 55553 807
54864 54863 1066
54869 54865 884
54869 54872 1556
54871 54872 650
55502 55518 373
55522 55575 984
55541 55633 747
55541 55638 2160
55542 55551 713
55542 55655 848
55543 55544 952
53671 53664 1146
53694 53673 7565
53694 53700 600
53701 53704 1029
53702 53733 3587
140847 151761 1846
140847 151762 1446
140851 140850 1419
140854 141173 776
140854 141176 2040
141179 141176 842
141179 141181 843
141179 141186 2798
141180 141181 2058
141180 141182 744
195122 195266 184
195122 195269 1107
195355 195274 1384
214433 214434 1598
214433 214435 2419
195320 195274 280
195320 195357 2549
195357 195320 2549
195357 195359 3033
144179 141272 1317
144179 144180 510
144179 144181 662
144181 141272 1260
144181 144179 662
144181 144184 1265
144181 144187 481
144181 151945 496
140591 140867 1080
140591 151925 529
140866 140864 128
140866 140867 862
140866 140879 1487
140864 140865 161
140864 140866 128
140864 140879 1430
140865 140864 161
140865 140868 885
140871 140868 792
140871 140889 1212
140888 140889 809
140888 140895 1941
140892 140895 814
140892 140899 1566
140935 140936 776
140935 140940 1796
140845 140852 810
140845 140945 2097
140945 140845 2097
140945 140947 2120
140945 141172 846
140843 140852 1366
140946 140944 760
140946 140947 220
140941 140940 908
140941 140964 1448
140941 140965 555
140944 140946 760
140944 140952 2594
140950 140952 810
140965 140941 555
140965 140966 661
140967 140966 641
140967 140970 956
140967 141191 1361
186288 186279 436
186288 186289 1038
186271 186273 809
186271 186302 720
186302 186271 720
186302 186295 782
186294 186295 815
186294 186296 761
186463 186296 871
186463 186541 781
186645 186646 510
186550 186541 442
186550 186551 513
186548 186547 344
186548 186551 621
186548 186650 441
186673 186674 642
186673 186677 1110
186688 186689 474
186688 186708 1407
186688 186711 1467
186688 186764 857
186767 186764 613
186767 186766 1377
186768 186766 675
186768 186769 1343
186768 186770 738
186770 186768 738
186770 186772 1376
186776 186772 756
186776 186780 1392
186793 186789 463
186793 186802 698
186800 186802 860
186803 186802 817
186803 186804 443
186818 186804 817
186818 186820 524
186818 186825 737
186824 186825 427
186927 186921 757
186897 186881 1601
186897 186896 790
186897 186903 868
186918 186903 1042
186918 186917 1104
186896 186892 1637
186896 186893 869
186896 186895 701
186896 186897 790
190587 186912 779
190587 186913 1130
186922 186900 860
186922 186916 570
186926 186917 276
186914 186913 676
186914 186915 787
140647 140644 995
140647 140656 1263
140657 140656 796
140657 140699 1413
140661 140699 932
140661 140702 368
140661 140703 1424
140625 140624 1332
140625 140641 892
140625 140644 1534
140662 140664 890
140663 140655 944
140663 140669 924
140663 140670 1101
140655 140658 1104
140655 140663 944
140654 140658 538
140654 140659 1406
187116 186825 662
187116 186915 435
55553 55552 807
55553 55554 1299
55556 55555 677
55556 55661 1594
55662 55661 709
55662 55664 1695
55665 55664 677
55665 55795 475
55672 55671 828
55672 55799 511
55795 55665 475
55795 55667 238
55811 55813 796
55811 55816 1483
55811 55817 790
55812 55802 517
55812 55819 871
55813 55811 796
55813 55819 1357
55813 55825 1115
55814 55815 475
55814 55816 766
55765 55816 1375
55818 55816 871
55818 55817 1505
55868 55817 849
55868 55869 871
55868 55871 2153
55869 55868 871
55869 55873 2171
55877 55873 766
55877 55874 1470
55881 55883 1014
56564 56568 1592
56565 56568 435
56570 56575 688
189803 189776 1077
189803 189808 774
189803 190194 951
189779 189776 349
189779 189778 843
186279 186278 805
186279 186288 436
189723 186278 1342
189723 189722 826
190194 189803 951
190194 190195 298
190200 189815 1040
190200 190202 717
190241 190242 1478
190241 190246 791
190208 190207 329
190208 190210 267
190221 190210 470
190221 190213 337
190221 190214 600
190230 190213 1014
190230 190229 429
190230 190243 326
190243 190230 326
190243 190242 327
195098 195120 1661
195121 195266 1036
195121 195271 658
194734 195272 227
194734 195301 4839
195300 195301 93
195300 195382 963
195300 214907 4863
195383 195392 4914
195763 195764 337
195763 196127 1979
195769 195770 834
195769 195771 2632
195823 195824 1336
195823 195829 768
195828 195829 275
195828 195830 530
195862 195824 868
195849 195846 677
195849 195850 1586
195844 195846 1099
195844 195847 878
195845 195854 2390
195836 195830 352
195836 195837 1684
195836 195996 704
195998 195996 198
195998 195999 671
196018 196017 327
196020 196000 1289
196103 196102 1026
196103 196104 1400
196113 196108 1023
202743 202797 1497
202743 202806 556
202744 202806 897
202744 202807 1705
202751 202807 892
202751 203227 1983
203227 202751 1983
203227 203228 836
203232 203228 2057
203232 203231 761
203232 203244 1967
203244 203232 1967
203244 203250 701
203244 203285 1990
203281 203285 836
203281 203288 2170
203442 203441 104
203447 203443 843
203447 203466 1023
203288 203281 2170
203288 203289 717
203288 203309 2114
203308 203310 1063
203308 203440 263
203310 203308 1063
203310 203441 473
203502 203526 660
203502 203528 1754
203537 203540 1487
203317 203314 2130
203317 203328 2408
203317 203444 1193
203449 203448 254
203449 203465 901
203459 203328 439
203459 203471 769
203473 203471 1470
203543 203551 657
203543 205708 2032
203543 205709 679
205714 205709 1334
205714 205715 781
205707 205773 751
205707 205774 712
203462 203466 434
203465 203449 901
203465 203466 1117
202509 202511 955
202537 202511 892
202537 202536 336
202537 202538 2358
202541 202538 641
202541 202547 1339
202547 202541 1339
202547 202553 745
202547 202568 1672
202569 202568 751
202677 202752 750
202718 202722 1235
202718 202752 1373
202722 202718 1235
202722 202723 680
196112 196108 1164
196112 196111 644
196109 196066 751
196109 196111 933
196472 196471 328
196472 196473 1007
196526 196473 1151
196526 196527 110
196535 196529 1530
196557 196556 774
196557 196558 1719
196557 197095 1008
197098 197097 417
197096 196558 824
197096 197095 1384
197099 196558 1944
197099 196560 868
197099 197111 781
197111 197099 781
197111 197108 876
197111 197114 2593
197113 197114 942
197113 197134 2102
197135 197134 784
197135 202536 508
197166 202505 614
197166 202511 1486
202506 202505 120
202506 214639 285
205899 205905 867
205917 205919 715
205977 205978 897
205984 205978 2278
205984 206004 665
206002 206003 1380
206002 206008 846
205999 206632 1706
205920 205919 1274
205904 205905 1953
205904 205906 751
205757 205758 1692
205759 205760 2862
205759 205766 1389
205765 205768 659
205765 205930 1516
205926 205929 945
205926 205940 1954
205930 205765 1516
205930 214360 1343
205931 205772 774
205931 214360 1709
205939 205940 901
205939 205978 2279
205907 205905 697
205907 205906 2039
205910 205906 325
206587 206588 1576
206587 206589 1116
206589 206587 1116
206589 206591 1594
206605 206631 336
206605 206633 2457
206651 206643 1206
206653 206654 349
206657 206655 2050
206657 206752 1590
206832 206834 793
206915 206916 833
206915 206918 2478
206967 206918 2710
206967 206968 1253
206967 206979 1332
206897 206899 1009
209200 209198 1263
209200 209214 867
209215 209216 1168
209214 198873 810
209214 209200 867
209214 209216 802
209211 209234 1279
209211 209235 1169
209240 209235 1339
209241 209216 1246
209241 209242 417
209234 209211 1279
209234 209237 548
209222 209224 1179
209222 209237 1634
206896 206898 790
206896 206899 1982
206895 206979 1847
206895 206980 1528
180966 179424 3394
180966 180927 688
180193 180194 7743
180218 180219 257
180218 185658 501
180944 177701 419
180944 180943 565
180957 180955 558
180943 177701 435
180943 180944 565
180943 180960 562
180936 180928 354
180936 180929 418
180936 180985 475
180925 179331 3311
180925 180913 672
180925 180927 893
180929 180928 452
180929 180936 418
180984 180985 238
181140 181139 5896
181153 181152 682
181163 181152 1444
181163 181217 276
181214 181212 589
181214 181215 445
181176 181177 452
181176 181230 131
181177 181176 452
181177 181178 1010
181184 181183 202
181184 181236 202
181193 181183 279
181193 181194 517
181193 181233 1821
181194 181193 517
181194 181195 483
181246 181232 238
181246 181490 2812
181497 181490 782
181497 181522 2502
181544 181522 893
181544 181547 511
181544 181549 932
181546 181545 1614
181546 181548 344
181546 181554 2213
181577 181545 1445
181577 181578 502
184286 184285 940
184286 184287 738
184286 184296 1698
184301 184285 1268
184301 184296 562
184301 184302 790
184440 184414 1161
184440 184441 276
184440 184450 871
184440 184455 581
184437 184436 1064
184437 184438 790
184437 184451 2536
184450 184438 3140
184450 184440 871
184450 184452 630
184439 184431 238
184439 184434 1812
184439 184435 418
184439 184484 1853
184436 184435 1576
184436 184437 1064
184436 184456 475
184436 184496 1799
184298 184297 418
184298 184299 279
184298 184300 1534
184442 184297 871
184442 184441 589
184442 184465 2751
184443 184297 905
184443 184444 1234
184443 184466 1873
184280 184224 3225
184280 184279 752
184280 184342 752
184280 184362 3263
184275 184274 562
184275 184277 650
184275 184308 1080
184278 179586 2006
184278 184274 1161
184278 184367 952
179586 179585 697
179586 179587 1027
179586 184278 2006
179586 184279 807
184366 184279 3361
184366 184362 709
184366 184369 752
184366 184377 2543
184281 184269 837
184281 184277 1746
184281 184294 558
184290 184269 673
184290 184289 1345
184290 184291 873
184290 184293 1307
184288 184287 612
184288 184289 807
184288 184291 1255
184341 184225 3165
184341 184340 752
184341 184342 678
184365 184342 789
184365 184349 1429
184365 184364 818
184142 184139 870
184142 184143 846
184142 184146 1954
184142 184323 790
184324 184146 790
184324 184323 1954
184324 184332 789
184324 184352 2085
184329 184323 790
184329 184330 139
184329 184331 333
184329 184332 1956
184336 184330 2045
184336 184335 752
184336 184354 139
184336 184355 2088
184356 163096 2321
184356 184335 2088
184356 184345 738
184356 184355 752
184349 184340 789
184349 184350 789
184349 184365 1429
184347 184346 808
184347 184348 789
184347 184361 1181
184347 184387 2418
184386 184346 2143
184386 184359 710
184386 184387 871
184389 184359 818
184389 184388 277
184389 184392 517
184360 163101 885
184360 184345 1672
184360 184358 871
184431 184429 697
184431 184432 1812
184431 184439 238
184484 184439 1853
184484 184483 796
184484 184497 3433
184484 185672 238
184486 184236 1447
184486 184485 849
184486 184498 2381
181904 181897 2138
181904 181902 1796
181904 181903 1034
181904 181911 933
181909 181903 589
181910 181907 552
183093 181911 1199
183093 183092 1906
183093 183094 1906
183096 183092 1454
183096 183095 1897
183096 183103 766
183105 183095 1199
183105 183104 713
183105 183137 421
183133 183132 421
183133 183134 2126
183133 183135 421
184612 183135 1299
184612 184611 951
184612 184615 1009
184497 184484 3433
184497 184498 667
184497 184501 915
184615 184612 1009
184615 184614 355
184615 184620 612
184627 184620 2115
184627 184626 65
184633 173432 587
184633 184632 2358
184633 185907 4115
181809 181810 3789
181809 181811 789
181809 183062 1222
183081 181811 2237
183081 181906 952
183081 183061 682
181906 181878 1375
181906 181905 1124
181906 183081 952
181905 181901 828
181905 181906 1124
181905 183090 1614
173512 173511 973
173512 176681 806
173512 176681 806
181843 180255 1999
185745 184610 1669
185746 184610 1084
183061 183060 2047
183061 183062 688
183061 183081 682
183056 183055 1034
183056 183057 168
183056 183058 279
183140 183037 952
183140 183055 1275
183140 183153 2669
183038 183037 1565
183038 183039 1000
183038 183087 1904
183088 183039 3455
183088 183087 3058
183088 183141 1682
185662 185663 1050
185662 185665 775
185662 185666 358
185663 185662 1050
185663 185667 1640
185910 185909 654
185910 186008 245
185910 186009 227
186007 185909 306
185516 185504 317
186008 185504 1212
186008 185910 245
186008 186010 439
181502 181501 761
181502 181503 3400
181504 181503 1504
181504 185701 490
185962 185594 1341
185962 185700 2667
185962 185963 675
186034 185594 368
173509 173510 841
173509 185700 514
173509 185970 922
185973 185970 406
181722 181718 1827
181722 181723 1181
181722 182664 1282
182667 181723 2694
182667 182666 765
182667 182670 849
182667 182675 905
181605 181600 2126
181605 181606 2028
181605 182686 589
181607 181606 517
181607 181608 3454
181607 181691 951
181652 181651 924
181652 181653 1236
181652 181698 1810
181652 181718 2802
182689 182043 1918
182689 182690 629
182689 182699 517
182689 182702 4373
182709 182702 403
182709 182710 893
182709 182717 932
182709 182823 177
182713 182714 1010
182713 182715 252
182728 182715 403
182728 182729 943
182728 185605 528
182714 182713 1010
182714 182717 2679
182714 182744 2407
182714 182839 1430
182858 182744 1116
182858 182751 1301
182858 182859 1248
182750 182749 1097
182742 182741 452
182743 182741 667
182746 182745 1022
182746 182747 279
182746 182900 536
182809 182808 1509
182809 182810 513
182809 185860 905
182811 182810 1614
182807 182806 1382
182808 182806 1251
182808 182809 1509
182808 185861 917
185737 185736 284
185737 185738 626
185737 185739 953
182797 182783 469
182797 182783 469
182797 182798 777
182797 182915 554
182912 182899 778
182912 182909 688
182912 182958 1116
182965 182909 932
182965 182958 778
182965 182966 672
182965 182979 1447
182978 182898 713
182978 182958 952
182978 182979 927
182978 182980 2282
182980 182964 778
182980 182978 2282
182980 182981 782
182980 183504 1948
183505 182981 1948
183505 183504 782
183505 183507 672
183505 183508 1435
183507 183505 672
183507 183506 1116
183507 183509 1435
183507 183521 782
183520 183509 667
183520 183521 1364
183520 183525 252
185630 183521 599
183543 183542 673
183552 183542 778
183552 183551 667
183552 183553 1519
183552 183586 1346
183462 183463 849
183462 183464 870
183462 183597 2458
183596 183595 765
183596 183597 782
183624 183463 1234
183624 183625 157
183624 183626 599
183622 183621 354
183622 183635 778
183622 183641 682
183640 183621 1902
183640 183639 562
183640 183641 1558
183638 183636 922
183638 183637 1188
183638 183639 398
183582 183551 1267
183582 183581 2718
183582 183586 782
183653 183617 368
183653 183646 3816
183653 183648 394
183653 183716 2562
183720 183721 1131
183720 183725 622
183721 183720 1131
183721 183725 1484
183709 183708 850
183709 183726 1412
183711 183710 1199
183711 183727 605
183572 183573 1199
183572 183574 905
183572 185636 1111
183212 183211 2139
183212 183211 2139
183212 183213 354
183212 183269 610
183267 183265 819
183267 183268 781
185635 183574 1234
183226 183225 932
183226 183231 870
183226 185620 672
183227 183225 667
183227 183228 3866
183227 183263 1116
183227 183264 893
183262 183263 818
183262 183264 1469
183262 183277 905
183262 183732 630
183733 183263 3928
183733 183734 872
183733 185633 556
183651 183613 1188
183651 183650 932
183651 183652 452
183189 183188 1526
183189 183190 1402
183190 183188 803
183190 183189 1402
183190 185671 836
183234 183043 373
183234 183191 818
183234 183233 2214
183246 183239 226
183246 183245 688
183246 183247 766
183299 183245 1225
183299 183298 782
183299 183300 452
183298 183248 766
183298 183251 1699
183298 183297 517
183298 183299 782
183250 183251 198
183250 183259 856
183250 183287 237
183255 183254 407
183255 183257 761
183255 183258 851
183288 183254 522
183288 183289 615
183270 183260 932
183270 183272 581
183270 183281 222
183229 183228 1031
183229 183230 1515
183229 183271 682
185618 183271 948
183192 183086 337
162566 162564 1037
162566 162567 1483
162566 162568 709
162566 184122 842
162568 162566 709
162568 162569 688
162568 162572 790
162568 184123 1228
184125 162572 1937
184125 184123 1083
184125 184126 758
184125 184132 789
184132 162570 1956
184132 184125 789
184132 184127 984
184132 184136 871
184137 163071 1935
184137 184133 2063
184137 184136 871
184137 184147 790
184141 184133 709
184141 184139 1955
184141 184146 871
184141 184147 2085
162575 162570 790
162575 162573 435
162575 184136 1935
210374 210327 774
210374 210373 793
210374 210375 1701
210374 210377 784
210411 210328 899
210411 210394 1277
210411 210476 346
210396 210393 1945
210396 210394 787
210396 210398 769
210396 210415 1298
210201 210200 867
210201 210385 1389
210201 210390 1505
210385 210201 1389
210385 210208 901
210385 210390 1001
210385 210395 779
210395 210385 779
210395 210393 329
210395 210397 572
209238 209224 908
209238 209237 612
209238 209239 1110
209252 209250 683
209252 209253 1865
209252 209257 691
209254 209253 1537
209254 209261 1200
209254 209421 1626
209420 209418 579
209421 209254 1626
209421 209418 655
209262 209261 775
209262 209263 1203
209262 209264 885
209262 209422 1486
209425 209264 790
209425 209422 752
209425 209426 1872
209425 209429 882
209426 209425 1872
209426 209428 947
209426 209430 876
209426 209433 744
209443 209430 1776
209443 209444 867
209443 209518 840
209443 209538 2562
209539 209444 2320
209539 209447 767
209539 209538 955
209539 209593 1873
209594 209447 2275
209594 209593 930
209594 209608 197
209597 209595 664
209597 209608 710
209597 209617 848
209597 214703 674
209628 209625 417
209628 209626 802
209628 209629 1145
209628 210100 683
210117 210105 1262
210117 210118 286
210117 210119 736
210120 210118 2911
210120 210127 969
210120 210135 797
210120 210137 1764
210127 210120 969
210127 210126 2905
210127 210184 526
210127 214700 1279
210130 210129 1573
210130 210178 1029
210130 210184 1222
210177 210129 1011
210177 210178 1576
210177 210182 1099
210203 210197 1009
210203 210204 1342
210203 210205 766
210206 210205 473
210206 210207 893
210206 210208 1419
210382 210378 942
210382 210381 1590
210382 210482 774
210382 210497 1547
210384 210381 1187
210384 214472 607
162808 162807 933
162565 162564 563
162565 172814 218
162682 162681 238
162682 162683 1064
162682 162824 906
162682 162828 984
162557 162556 830
162557 162809 1525
162559 162558 688
162559 162809 796
162870 162812 139
162870 162871 111
162822 162823 752
162822 162824 871
162822 162866 951
162868 162823 202
162868 162866 1221
162868 162869 752
210502 196644 1726
210502 210501 1806
210502 210503 1504
179161 179156 2143
179161 179160 464
179161 179180 373
179159 179158 1951
179159 179160 1814
179159 179174 1085
179190 179180 1143
179190 179189 1446
179190 179198 2127
179190 179199 1398
179199 179190 1398
179199 179198 1732
179199 186114 438
179193 179191 890
179193 179196 3457
179211 179196 373
179211 179206 418
179211 179213 2176
179353 179213 677
179353 179351 890
179353 179354 562
179355 179346 2171
179355 179350 1063
179355 179354 2692
179355 179358 1222
179355 179361 1275
179365 179364 807
179365 179366 738
179365 185323 1299
179361 179355 1275
179361 179360 1023
179361 179362 673
185324 179364 610
185590 179420 285
179343 179308 1698
179343 179344 751
179343 179410 1161
179337 179333 782
179337 179338 2046
179337 179411 672
179337 179412 2199
179407 179406 1109
179407 179411 1305
186122 186121 661
186123 186121 438
179412 179331 893
179412 179337 2199
179412 179424 672
179412 180927 3311
115548 115549 6461
115548 115550 2747
115548 115557 3145
115558 115557 452
115558 115643 11845
115917 115916 1004
115894 115893 754
115894 115895 1084
115894 115918 353
115926 115925 1436
115927 115925 1424
106448 106447 1113
106448 106449 2496
106448 106450 1807
106451 106447 585
106453 106452 452
106454 106452 1023
106454 106455 5444
106454 106782 275
106475 106452 1071
106475 106473 804
106475 106476 1223
106475 106782 1055
106477 106476 1111
106281 106280 1827
106281 106282 475
106281 106283 845
106776 106283 562
106776 106360 1345
106776 106775 687
106781 106309 515
106781 106411 2881
106781 106780 328
106411 106365 754
106411 106412 1111
106411 106781 2881
106359 106283 1194
106359 106360 713
106432 106431 924
106432 106433 3545
106432 106434 1504
106437 106431 756
106437 106438 793
32365 32363 4121
32365 32369 1889
32365 32370 5025
32366 32363 5641
32366 32369 2834
32366 32377 17657
106077 106076 1541
106095 106094 494
106096 106094 643
106096 106097 1225
106096 106100 1791
106079 106078 1606
113856 113855 52
116218 113855 630
115013 115012 135
114774 114773 523
114774 114775 344
114774 114781 866
114774 114782 2117
114779 114761 1461
114779 114780 511
114779 114782 224
114761 114760 2099
114761 114762 500
114761 114772 528
114761 114779 1461
114771 114770 237
114771 114783 1531
191628 190876 465
191628 191629 2597
191628 191719 11525
191628 191723 6765
194417 191719 405
191720 191721 409
191720 193098 4602
191720 193106 5294
193106 191720 5294
193106 193098 1180
191797 191629 1800
191797 191793 1618
194096 193096 381
194096 193100 4412
193095 193090 2057
193095 194095 117
193095 194108 2723
193257 192141 2192
193257 193256 84
193846 192141 893
194116 194115 382
194117 194115 525
193115 193116 2106
193115 193171 745
193161 191557 972
193161 193171 2592
191722 191723 8602
191722 192896 1092
191722 193104 1937
191722 193269 1688
193271 192896 2126
193271 193274 451
193271 193275 1393
193882 193274 479
193193 193186 926
193193 193200 1497
193217 193195 1064
193217 193200 626
193217 193219 670
193217 193224 869
193199 193196 752
193199 193201 1556
193199 193202 1635
193203 193201 549
193203 193202 807
193203 193204 1087
193221 193202 1005
193221 193204 1593
193221 193223 1021
193220 193219 610
193220 193226 602
193220 193227 514
192424 192423 2549
192424 192425 2564
192165 192162 1416
192165 192164 1659
192165 192468 656
192176 192164 1745
192176 192175 769
192176 192468 1102
192175 192176 769
192175 192431 947
192175 192563 4280
192565 192563 883
194496 190898 835
194498 190898 47
192522 192521 2110
192523 192521 320
194494 192591 734
194494 194495 16
194494 194497 566
194499 192591 35
192409 192204 1965
192409 192408 2538
192409 192517 1636
192414 192187 5474
192414 192408 2895
192186 192171 338
192186 192185 1408
192186 192550 783
192422 192154 1487
192422 192185 2165
192552 192551 400
192552 192551 400
192552 192551 400
35155 35135 2103
35155 35138 1207
35155 35156 833
35165 35138 2077
35171 35140 2426
35172 35140 321
35061 35060 161
35061 35063 2690
35061 35127 1946
35062 35060 1304
35127 35061 1946
35127 35123 709
35127 35123 709
30320 29495 1013
30320 30321 1539
30320 30321 1539
30324 29500 945
30324 30323 1172
30324 30327 899
30325 30323 940
30325 30327 1317
30325 30328 1866
30327 30324 899
30327 30325 1317
30327 30328 1450
30336 30335 953
30336 30348 277
30357 30356 2456
30357 30358 1530
30357 30359 3526
30357 30360 4967
30361 23172 1367
30361 30360 598
30361 30424 438
30358 30357 1530
30358 30363 1213
30358 30424 4111
30574 30573 750
30575 30573 951
30575 30578 458
30575 30579 658
30566 30565 3592
30568 30565 1430
30568 30581 1222
30568 30584 2760
30431 30429 616
30431 30432 1440
30431 30433 942
30477 30476 373
30478 30476 261
30478 30479 1875
30478 30480 996
30589 30580 317
30589 30590 1500
30589 30628 663
30426 30427 522
30426 30428 595
30426 30429 842
30365 30362 1275
30365 30428 1535
30365 30448 965
30359 30353 999
30359 30357 3526
30359 30364 1164
30363 30358 1213
30363 30362 1777
30363 30364 1668
30374 30372 497
30859 30849 1040
30859 30863 609
30859 30864 1538
30877 30873 702
30877 31707 1334
30877 31719 3853
30416 30402 1520
30416 30417 755
30416 30526 2960
32477 30532 1100
32477 34960 869
32477 35403 936
34961 34960 1503
30536 30537 2662
30536 30784 883
30536 30785 934
30786 30784 4854
30786 30791 1361
30786 30792 5439
30786 30793 812
30666 30665 4305
30667 30665 1186
30667 30668 3366
30667 30807 634
30797 30794 1027
30797 30796 736
30797 30808 2335
30810 30794 3471
30810 30809 155
30810 30811 503
30353 30352 2053
30353 30359 999
30353 30366 1978
30333 30330 849
30333 30337 476
30333 30338 767
30333 30339 271
30344 30338 384
30344 30342 591
30344 30347 887
31703 31702 770
31703 31704 1849
31706 31704 1622
31706 31707 610
31706 31713 855
31711 31710 2335
31711 31713 507
31711 31715 1281
31712 31710 1630
31712 31715 1363
31712 31716 5033
31148 31074 1423
31148 31146 1714
31148 31158 905
31148 31160 1441
31741 31139 909
31741 31730 842
31742 31139 862
31742 31160 964
31742 31730 917
31742 31744 917
31084 31085 900
31084 31145 804
31084 34440 785
34441 34440 1204
34746 34440 158
31158 31148 905
31158 31156 1552
31158 31161 807
31158 31162 1432
31159 31156 1027
31159 31161 1116
31159 31165 1068
31780 31184 917
31780 31781 183
31780 31783 272
31803 31788 196
31803 31802 787
31803 34921 1740
31804 31802 934
31804 31805 3136
31804 31806 746
31807 31805 836
31807 31806 3033
31807 31821 1370
31807 31822 384
31822 31807 384
31822 31814 355
31822 31825 4236
31821 31807 1370
31821 31820 1788
31821 31826 2121
31835 31820 503
31835 31826 1607
31835 31834 1451
31839 31836 1348
31839 31843 1089
31839 31850 559
31839 31851 1739
31854 31850 1833
31854 31855 1457
31854 32842 975
31854 32845 1557
31861 31860 48
31861 34711 1767
32847 31860 2110
32847 32845 750
32847 32848 604
32848 32846 975
32848 32847 604
32848 32850 1195
32848 32893 1027
32893 32848 1027
32893 32850 750
32893 32891 808
32893 32894 2079
32898 32894 1222
32898 32896 418
32957 32955 473
32958 32955 418
32963 32952 1617
32963 32962 671
32985 32984 1786
32986 32984 434
32993 32975 252
32993 32994 336
33141 33073 1465
33141 33136 1291
33141 33161 1419
33163 33082 1792
33163 33146 761
33163 33161 2645
33169 23783 89
33169 33170 6383
33198 33182 927
33198 33196 1761
33198 33199 2624
33204 33185 1272
33204 33187 1160
33204 33199 1322
33204 33206 3492
33187 33186 1220
33187 33204 1160
33187 33207 3433
33207 33187 3433
33207 33188 1204
33207 33206 1257
33420 33419 2003
33420 33421 1085
33424 33419 1077
33424 33421 2641
33424 33427 649
33428 33426 3085
33428 33427 1077
33428 33430 905
33453 33431 1072
33453 33444 4127
33453 33466 2184
33469 33466 1156
33489 33488 640
33489 35408 1078
33489 35409 357
14709 14708 1499
14709 16952 1335
14709 16957 1161
16953 16952 452
16953 16954 1409
16953 16955 713
33456 33455 1611
33456 33457 1264
33456 33460 1268
33456 33472 1175
33471 33455 1494
33471 33470 778
33471 33472 2007
33460 33456 1268
33460 33476 1141
33460 33478 1728
33479 33476 1344
33479 33478 892
33479 33658 658
33659 33478 487
33659 33647 1584
33659 33658 672
33659 33660 6066
16957 14709 1161
16957 14710 1625
16957 16955 1335
16957 16958 1978
16958 16956 1407
16958 16957 1978
16958 16964 871
16965 16964 1797
16965 16968 2690
16965 16969 869
16970 16968 628
16970 16969 2623
16970 17009 1007
17009 16970 1007
17009 17008 2224
17009 17011 1007
17010 17008 475
17010 17011 2063
17010 17012 787
17019 17016 2480
17019 17020 903
17019 17022 868
17019 17024 2690
17018 17017 275
17018 17020 2858
17018 17021 2501
9177 9176 2298
9177 17021 1085
9177 17465 452
17466 17465 604
16987 16985 2009
16987 16989 938
16987 17001 536
17003 17001 1344
17003 17035 872
17003 17036 889
17076 17004 1028
17076 17074 750
17076 17077 876
17079 17004 1008
17036 17003 889
17036 17037 750
17036 17046 3216
17048 17037 2880
17048 17046 818
17048 17049 796
17081 17080 946
17090 17080 672
17090 17091 737
17090 17092 697
17090 17096 1007
17136 17099 1576
17136 17137 688
17136 17139 903
17140 17139 818
17119 17099 1205
17119 17116 1576
17119 17151 1014
17119 17155 2043
17157 17153 750
17157 17156 788
17157 17158 983
17176 17158 2457
17176 17159 2249
17176 17179 750
17182 17179 847
17182 17181 1150
17182 17183 1576
17564 17183 713
17564 17184 1495
17564 17565 434
17570 17566 1454
