1430
43075 44858 80
43190 43191 873
43190 43294 2420
43186 43187 1283
43186 43189 3893
43040 43038 2085
43040 43039 1074
43040 43045 810
43031 43025 1579
43031 43030 2690
43070 43069 1544
43295 43294 1577
41692 41691 499
41439 41440 350
41439 41441 804
43076 43068 1701
43076 43077 337
43059 43057 3832
43059 43063 1022
43059 43068 2197
43085 43087 344
43080 43067 940
43080 43082 738
43083 44942 1476
44946 44945 4739
44946 44962 884
44950 44939 2723
44950 44945 1055
44950 44955 475
44963 44962 709
44960 44954 1476
44960 44959 1955
44981 44999 418
44981 45000 1502
44998 44994 1470
44998 45001 1730
44997 44996 1339
45012 45011 1121
45004 44923 2298
45004 44995 333
45007 45005 683
45007 45006 677
44995 44924 3803
44995 45004 333
125460 125456 650
125458 125456 2284
125458 125484 928
125494 125493 1413
125494 125493 1413
125492 125491 1747
125492 125497 885
125521 132535 867
125539 125544 475
125539 125545 1617
125679 125674 1615
125679 125680 2419
125679 125761 2461
125763 125762 1234
125763 125764 1065
125687 125684 1664
125777 125778 2552
41918 41878 2273
41918 41878 2273
41918 41919 253
123058 123057 1586
123058 123060 337
41919 41883 2412
41919 41918 253
41919 41921 1141
41925 41923 1947
41925 41926 1768
45061 45062 1545
45061 45069 879
123055 123054 1779
123055 123067 610
123075 123056 2404
123075 123096 2613
123092 123018 985
123092 123091 1116
123110 123118 238
122993 122990 1182
122993 122992 2536
122993 122994 374
123005 122940 238
123005 122994 1225
123007 123006 1426
123007 123008 2423
123008 123007 2423
123008 123085 552
123089 123091 2224
123089 123091 2224
123626 123625 3188
123626 123627 3121
123629 123631 475
132472 132385 893
132472 132473 896
123655 123656 3784
123737 123742 1145
123737 123746 3905
122468 122467 2831
123240 122463 404
123240 123235 1255
122472 122471 600
122472 122473 7192
123632 123631 600
123632 123633 3738
45070 45067 253
45070 45071 452
45073 45069 697
45073 45071 1114
44933 44930 1004
44934 44932 600
125780 125778 906
125780 125781 455
125875 125890 874
125830 125829 2284
125830 125832 558
125734 125731 1210
125734 125820 2115
125821 125820 1010
125822 125823 1029
125822 125825 1768
125824 125823 1276
125824 125825 1995
125887 125888 864
125887 125889 739
125709 125703 518
125709 125708 418
125715 125716 1364
125715 125716 1364
125715 125716 1364
125733 125728 673
125733 125731 1642
125707 124103 2650
125707 125706 1347
125708 125705 1075
125708 125706 2254
125708 125709 418
124103 124100 1478
124103 124988 2233
124103 125707 2650
124095 124094 1958
124095 124096 1423
124095 124977 1116
124981 124977 673
124981 124980 1036
124988 124096 1087
124988 124103 2233
124985 124983 1534
124985 124986 984
124994 124993 1423
124996 124993 2379
124996 125002 1142
124996 125011 3157
125011 124996 3157
125011 125010 1308
128395 128389 1169
128395 128398 936
128396 128439 3983
128428 128431 2424
128428 128434 789
128548 128550 535
128548 128551 1748
128567 128566 404
128570 128568 1010
128570 128568 1010
128652 128656 337
132426 132425 907
132426 132425 907
128655 128646 1023
128655 128654 1030
128646 128645 1213
128646 128655 1023
128660 128659 1365
128660 128661 753
124881 128738 1405
124881 128738 1405
128681 128680 221
128681 132556 1076
128686 128683 977
120437 120436 344
128664 128662 767
128664 128670 202
128672 128670 570
120521 120515 949
120521 120523 1866
120525 120516 1085
120525 120531 837
120523 120511 954
120523 120521 1866
120531 120525 837
120531 120541 1082
120533 120541 949
120533 120547 511
120547 120533 511
120547 120548 880
120457 120456 1535
120457 120458 382
120488 120485 2073
120491 120489 355
67645 67642 935
67645 67646 893
120439 120436 1347
120439 120440 789
120453 120451 2413
120453 120452 2878
76606 68017 863
68434 68018 515
68434 68433 605
68435 68433 675
68435 68436 2340
68443 68436 935
68443 68449 2401
120637 120636 556
120639 120640 1546
120639 120640 1546
68005 66955 111
68005 68004 3823
68006 68004 2006
68006 68054 1696
68046 68047 1815
68046 68049 1745
68046 68055 611
68053 68054 2900
68073 68071 782
68073 68074 2038
68073 68075 796
68078 68071 1019
68078 68077 796
68087 68077 1776
68087 68086 667
68075 68073 796
68075 68076 2053
68081 68260 1970
68185 68186 506
68185 68260 889
68181 68148 3131
68181 68177 782
68181 68182 1336
68190 68195 1256
76607 68184 1059
68268 68267 1578
68268 68269 140
68268 68270 606
68299 68298 1169
68299 68300 3091
68323 68325 796
68323 68330 905
68341 68343 851
68341 68344 2371
68342 68344 753
68345 68332 959
68345 68343 2153
68345 68346 844
68449 68443 2401
68449 68446 635
68578 68576 678
68578 68579 1613
68581 68579 752
68825 68579 1504
68825 68818 674
68825 68829 1277
68829 68825 1277
68829 68828 837
68829 68833 409
68858 68857 954
68858 68859 977
68861 68859 987
68861 68863 1415
72626 72625 819
72626 73090 610
72885 72841 830
72885 72883 893
72885 72886 796
73099 72930 2378
73101 72937 1561
73101 73103 1067
73102 73103 848
73102 73104 581
73102 78117 508
71181 71182 405
71181 71183 2468
71183 71176 853
71183 71181 2468
71183 71248 562
71422 71250 150
71377 71382 936
71377 71423 1760
71377 71425 1357
71368 71366 3072
71368 76880 4068
71399 71394 674
71400 71401 138
71400 71530 3160
71382 71377 936
71382 71427 1484
71432 71429 277
71432 71435 356
71435 71432 356
71435 71437 1612
71457 71456 1084
71510 71515 419
76563 76564 764
71676 71677 1268
71676 71678 753
71676 71728 1531
71728 71676 1531
71728 71702 632
71262 78174 484
71462 71463 792
71454 71455 1213
71789 71811 844
71580 71578 2006
71580 71579 955
71581 71578 674
68305 68304 1632
68870 68868 259
68393 68381 3162
68393 68392 837
68393 68411 2085
68396 68381 698
68396 71528 1617
68416 68411 650
68416 68417 558
68413 68412 2462
68413 68421 789
71531 71530 1143
71531 71532 1124
71536 71529 380
71545 71546 1413
71545 71547 1812
71701 71697 685
71701 71704 2300
71716 71704 792
71716 71731 1531
71716 71732 553
71732 71716 553
71732 71740 818
71735 71731 1148
71735 71742 1221
71735 71743 711
71743 71735 711
71743 71749 1268
71743 71750 873
71750 71743 873
71750 71753 1162
71906 71908 1268
72005 72006 893
72005 72084 3832
72068 72064 1212
72068 72084 747
72064 72065 1234
72064 72068 1212
71909 71932 356
71934 71932 792
71934 71935 2300
71936 71937 2171
71936 71938 792
71988 71987 946
71989 71997 818
72003 72006 1423
72003 72010 2262
72008 72007 2578
72008 72013 519
72012 72010 1111
72012 72014 437
72190 72189 650
72014 72012 437
72014 72013 984
72188 72187 1689
61941 61942 480
61941 72240 485
72238 72246 2667
72238 72247 1156
72200 72197 1666
72234 72231 1107
72234 72235 1669
72236 72237 556
72227 72226 14
72227 72242 1165
72252 72253 613
72258 72173 713
72258 72259 987
72261 72259 698
72261 72263 462
72261 72264 711
72173 72258 713
72173 72260 1229
68931 68929 613
68931 68930 2263
68926 68928 587
68926 68929 1486
72406 72260 287
72407 72638 766
72639 72638 84
72639 72641 1427
72644 72641 754
72644 72646 768
72644 72647 925
72654 72655 713
72646 72644 768
72646 72648 1820
72658 72657 951
72658 72660 456
72696 57893 302
72696 72659 366
72714 72715 792
72714 72716 1140
72666 72659 2224
72666 72668 789
72666 72707 1974
72706 72707 848
72706 72720 713
72706 72722 274
72716 72714 1140
72716 72720 253
72538 72805 206
72810 72806 818
72810 72811 1229
72826 72811 924
72826 72827 1503
72831 72827 688
72831 72876 1229
220941 220942 1033
220941 220943 876
220941 220944 1356
221044 221043 313
221044 221045 302
221023 221024 2220
221025 221026 2014
221025 221038 744
221041 221038 969
221041 224650 2348
221042 224648 1743
221042 224650 923
224306 224310 1425
220935 220937 354
223329 221024 1659
223329 223300 1073
217428 221094 522
224652 224656 2096
224652 224657 600
221050 221052 2941
221050 221065 3060
221050 224648 376
220561 224954 1114
220563 224298 415
220066 220067 702
220074 220067 626
220074 220075 1089
220074 220076 1774
220061 220062 123
220061 224421 294
220153 220147 1534
220153 220154 2166
220178 220179 1128
220178 220182 845
220195 224422 868
220472 220473 400
220198 220199 278
220198 220201 882
220201 220198 882
220201 220477 3054
224528 224533 131
220490 220485 1697
220490 220504 1055
224688 224533 1087
224688 224690 377
220506 220504 2767
220506 220507 4775
221679 221695 786
221679 221697 1626
221696 221723 537
221735 221809 672
221735 221817 486
221735 221933 2454
221720 221722 1576
221720 221727 737
221721 221722 738
221721 221725 2080
218540 218541 575
221668 221669 659
221668 221670 173
221668 221686 278
221682 221685 825
221682 221936 323
221937 221671 443
221718 221800 775
221808 221800 427
221808 221935 2626
221809 221735 672
221809 221810 3092
219964 219962 380
219964 219965 330
219963 219962 1131
219963 224343 892
221821 221824 1485
221692 221693 1300
221823 221827 1650
221823 221831 861
221823 221840 1873
219957 219955 742
219957 219958 893
219959 219967 577
219959 219968 1047
219955 219956 550
219955 219957 742
221791 221806 686
221791 221931 2308
221757 221789 2084
221790 221793 388
221790 221801 258
221801 221790 258
221801 221803 2286
221812 221803 622
221812 221929 1099
221812 221931 634
221386 221383 1058
221386 221430 574
221433 221431 729
221441 221436 690
221441 221501 1225
221441 221505 307
221508 221521 884
221508 221523 2355
221508 221524 959
221524 221508 959
221524 221525 813
221739 221525 1220
221739 221741 812
221742 221741 571
221742 221743 723
221742 221748 1560
221747 221760 765
221747 221764 2107
221765 221759 812
221765 221764 907
221765 221796 2026
221759 221765 812
221759 221789 791
224662 224309 1603
220976 220978 1711
220976 224309 889
220981 220983 727
220981 220984 1835
220982 220978 572
220982 220984 898
220982 220991 2216
220974 220985 721
220972 221266 1590
220972 224524 1192
220975 220985 890
220975 221266 695
220975 221273 630
219262 220660 1909
219262 221263 1058
221301 221312 1478
221301 221314 2963
221319 221316 1644
221319 224329 1036
221320 221321 1581
224327 221285 1095
224327 224328 541
221309 221310 2577
221460 221310 792
221460 221463 832
221462 221463 671
221462 221464 1886
221377 221464 810
221382 221464 479
221382 221474 734
221383 221385 824
221383 221386 1058
216716 216717 938
216694 216741 401
216694 216743 629
216696 216741 791
216524 216535 717
216524 216537 2689
216525 216537 852
216525 216587 179
216794 216792 814
216794 216795 765
216796 216803 945
216796 216804 775
216796 216806 2593
216800 216803 1509
216818 216803 1061
216818 216822 1535
216823 216822 811
216823 216882 897
216759 216756 731
216759 216763 1736
216746 216745 903
216746 216748 200
216760 216749 734
216760 216762 2016
216756 216759 731
216756 216762 717
216756 216782 1675
216883 216882 721
216883 216887 770
216886 216763 848
216886 216896 1849
216887 216883 770
216887 216889 1772
216888 216889 727
216888 216896 1070
216550 216086 801
216550 216549 775
216550 216554 2021
216542 216541 969
216542 216544 270
216545 216546 223
216540 216541 1216
216540 216559 950
216517 216519 793
216517 216529 1512
217161 215722 1827
217161 217163 839
217153 215722 1356
217153 217152 1863
217155 217154 511
217155 217168 1061
217170 217169 785
217170 217171 329
217228 217227 1603
217236 217235 2335
217236 217437 937
217240 217437 1369
216734 216735 310
216734 216740 1145
216737 216764 271
216737 216773 907
216737 224192 687
216740 216734 1145
216740 216773 1280
216740 217696 841
216740 217699 2976
217444 217460 2109
217461 217460 1001
217461 217463 857
217461 217464 916
217453 217454 442
217456 217454 658
217456 217472 557
217467 217468 822
217464 217461 916
217464 217469 878
217438 217437 504
217233 217234 6655
217692 217699 426
217714 217699 1379
217714 217717 403
217717 217714 403
217783 217850 834
217455 217454 543
217455 217472 607
217473 217472 775
217536 217538 1008
217850 217783 834
217850 217853 1464
217853 217850 1464
217538 217536 1008
223839 223852 765
223844 223843 669
223852 223839 765
223842 223843 879
223843 223842 879
223843 223844 669
216082 216086 853
215526 222527 178
216332 216347 924
216347 216332 924
216953 216273 2249
216273 216953 2249
222527 215526 178
223788 223786 937
223786 223788 937
147770 147772 1121
147772 147770 1121
95290 95306 1265
95306 95290 1265
96336 96349 4109
96349 96336 4109
99360 99365 806
99365 99360 806
99112 99119 672
99119 99112 672
99173 99175 1033
99175 99173 1033
99380 102860 395
102860 99380 395
42873 42874 562
42931 42950 1502
42874 42873 562
42950 42931 1502
44858 43075 80
43191 43187 2033
43191 43190 873
43294 43187 452
43294 43190 2420
43294 43295 1577
43187 43186 1283
43187 43191 2033
43187 43294 452
43189 43186 3893
43038 43040 2085
43039 43040 1074
43045 43040 810
43025 43031 1579
43030 43031 2690
43069 43070 1544
41691 41692 499
41440 41439 350
41441 41439 804
43068 43059 2197
43068 43076 1701
43077 43076 337
43057 43059 3832
43063 43059 1022
43087 43085 344
43067 43080 940
43082 43080 738
44942 43083 1476
44945 44946 4739
44945 44950 1055
44962 44946 884
44962 44963 709
44939 44950 2723
44955 44950 475
44955 44954 2104
44954 44955 2104
44954 44960 1476
44959 44960 1955
44959 44999 1897
44999 44959 1897
44999 44981 418
45000 44981 1502
44994 44996 890
44994 44998 1470
45001 44998 1730
44996 44924 1211
44996 44994 890
44996 44997 1339
45011 45006 906
45011 45012 1121
44923 44924 3877
44923 45004 2298
44923 45005 2561
45005 44923 2561
45005 45006 452
45005 45007 683
45006 45005 452
45006 45007 677
45006 45011 906
44924 44923 3877
44924 44995 3803
44924 44996 1211
125456 125458 2284
125456 125460 650
125484 125458 928
125493 125491 474
125493 125494 1413
125493 125494 1413
125491 125492 1747
125491 125493 474
125497 125492 885
132535 125521 867
125544 125539 475
125545 125539 1617
125674 125679 1615
125680 125679 2419
125761 125679 2461
125761 125762 518
125762 125761 518
125762 125763 1234
125764 125763 1065
125684 125687 1664
125778 125777 2552
125778 125780 906
41878 41883 202
41878 41918 2273
41878 41918 2273
123057 123058 1586
123060 123058 337
41883 41878 202
41883 41919 2412
41921 41919 1141
41921 41923 1620
41923 41921 1620
41923 41925 1947
41923 41926 2152
41926 41923 2152
41926 41925 1768
45062 45061 1545
45069 45061 879
45069 45073 697
123054 123055 1779
123054 123056 1786
123067 123055 610
123056 123054 1786
123056 123075 2404
123056 123096 951
123096 123056 951
123096 123075 2613
123018 123092 985
123091 123089 2224
123091 123089 2224
123091 123092 1116
123118 123110 238
122990 122993 1182
122992 122993 2536
122994 122993 374
122994 123005 1225
122940 123005 238
123006 123007 1426
123085 123008 552
123625 123626 3188
123625 123627 1074
123627 123625 1074
123627 123626 3121
123631 123629 475
123631 123632 600
132385 132472 893
132385 132473 426
132473 132385 426
132473 132472 896
123656 123655 3784
123742 123737 1145
123746 123737 3905
122467 122468 2831
122463 123240 404
123235 123240 1255
122471 122472 600
122473 122472 7192
123633 123632 3738
45067 45070 253
45071 45070 452
45071 45073 1114
44930 44932 796
44930 44933 1004
44932 44930 796
44932 44934 600
125781 125780 455
125890 125875 874
125829 125830 2284
125832 125830 558
125731 125733 1642
125731 125734 1210
125820 125734 2115
125820 125821 1010
125823 125822 1029
125823 125824 1276
125825 125822 1768
125825 125824 1995
125888 125887 864
125889 125887 739
125703 125705 631
125703 125709 518
125716 125715 1364
125716 125715 1364
125716 125715 1364
125728 125733 673
125706 125707 1347
125706 125708 2254
125705 125703 631
125705 125708 1075
124100 124096 2042
124100 124103 1478
124094 124095 1958
124096 124095 1423
124096 124100 2042
124096 124988 1087
124977 124095 1116
124977 124980 837
124977 124981 673
124980 124977 837
124980 124981 1036
124983 124985 1534
124986 124985 984
124986 124993 279
124993 124986 279
124993 124994 1423
124993 124996 2379
125002 124996 1142
125002 125010 3431
125010 125002 3431
125010 125011 1308
128389 128395 1169
128398 128395 936
128439 128396 3983
128431 128428 2424
128431 128550 810
128434 128428 789
128550 128431 810
128550 128548 535
128551 128548 1748
128566 128567 404
128566 128568 1503
128568 128566 1503
128568 128570 1010
128568 128570 1010
128656 128652 337
128656 128654 650
132425 132426 907
132425 132426 907
128654 128655 1030
128654 128656 650
128645 128646 1213
128659 128660 1365
128661 128660 753
128661 128662 452
128738 124881 1405
128738 124881 1405
128680 128681 221
132556 128681 1076
128683 128686 977
120436 120437 344
120436 120439 1347
128662 128661 452
128662 128664 767
128670 128664 202
128670 128672 570
120515 120516 3024
120515 120521 949
120516 120515 3024
120516 120525 1085
120511 120523 954
120541 120531 1082
120541 120533 949
120548 120547 880
120456 120457 1535
120458 120457 382
120485 120488 2073
120489 120491 355
67642 67645 935
67646 67645 893
120440 120439 789
120451 120452 475
120451 120453 2413
120452 120451 475
120452 120453 2878
68017 68018 844
68017 76606 863
68018 68017 844
68018 68434 515
68433 68434 605
68433 68435 675
68436 68435 2340
68436 68443 935
68436 68446 2518
120636 120637 556
120640 120639 1546
120640 120639 1546
66955 68005 111
68004 68005 3823
68004 68006 2006
68054 68006 1696
68054 68053 2900
68047 68046 1815
68049 68046 1745
68055 68046 611
68071 68073 782
68071 68078 1019
68074 68073 2038
68077 68078 796
68077 68087 1776
68086 68087 667
68076 68075 2053
68260 68081 1970
68260 68185 889
68186 68185 506
68148 68181 3131
68177 68181 782
68182 68181 1336
68195 68190 1256
68195 68267 374
68184 76607 1059
68267 68195 374
68267 68268 1578
68269 68268 140
68270 68268 606
68298 68299 1169
68300 68299 3091
68325 68323 796
68330 68323 905
68343 68341 851
68343 68345 2153
68344 68341 2371
68344 68342 753
68332 68345 959
68346 68345 844
68446 68436 2518
68446 68449 635
68576 68578 678
68579 68578 1613
68579 68581 752
68579 68825 1504
68818 68825 674
68818 68828 1423
68828 68818 1423
68828 68829 837
68833 68829 409
68857 68858 954
68859 68858 977
68859 68861 987
68863 68861 1415
72625 72626 819
72625 72876 422
73090 72626 610
72841 72885 830
72883 72885 893
72886 72885 796
72930 72937 632
72930 73099 2378
72937 72930 632
72937 73101 1561
73103 73101 1067
73103 73102 848
73104 73102 581
78117 73102 508
71182 71181 405
71176 71183 853
71248 71183 562
71250 71422 150
71423 71377 1760
71425 71377 1357
71366 71368 3072
76880 71368 4068
71394 71399 674
71394 71401 885
71401 71394 885
71401 71400 138
71530 71400 3160
71530 71531 1143
71427 71382 1484
71427 71429 437
71429 71427 437
71429 71432 277
71437 71435 1612
71456 71457 1084
71515 71510 419
76564 76563 764
71677 71676 1268
71678 71676 753
71678 71702 1612
71702 71678 1612
71702 71697 2217
71702 71704 792
71702 71728 632
78174 71262 484
71463 71462 792
71455 71454 1213
71811 71789 844
71578 71579 2000
71578 71580 2006
71578 71581 674
71579 71578 2000
71579 71580 955
68304 68305 1632
68868 68870 259
68381 68393 3162
68381 68396 698
68392 68393 837
68411 68393 2085
68411 68416 650
71528 68396 1617
68417 68416 558
68412 68413 2462
68421 68413 789
71532 71531 1124
71532 71546 1212
71529 71536 380
71546 71532 1212
71546 71545 1413
71547 71545 1812
71697 71701 685
71697 71702 2217
71704 71701 2300
71704 71702 792
71704 71716 792
71731 71716 1531
71731 71735 1148
71740 71732 818
71742 71735 1221
71749 71743 1268
71753 71750 1162
71908 71906 1268
72006 72003 1423
72006 72005 893
72006 72007 562
72084 72005 3832
72084 72068 747
72065 72064 1234
71932 71909 356
71932 71934 792
71935 71934 2300
71937 71936 2171
71938 71936 792
71987 71988 946
71997 71989 818
72010 72003 2262
72010 72012 1111
72010 72013 908
72007 72006 562
72007 72008 2578
72013 72008 519
72013 72010 908
72013 72014 984
72189 72190 650
72187 72188 1689
61942 61941 480
72240 61941 485
72246 72238 2667
72247 72238 1156
72197 72200 1666
72231 72234 1107
72235 72234 1669
72237 72236 556
72226 72227 14
72242 72227 1165
72253 72252 613
72259 72258 987
72259 72260 838
72259 72261 698
72263 72261 462
72263 72264 1018
72264 72261 711
72264 72263 1018
72264 72641 519
72260 72173 1229
72260 72259 838
72260 72406 287
68929 68926 1486
68929 68931 613
68930 68931 2263
68928 68926 587
72638 72407 766
72638 72639 84
72641 72264 519
72641 72639 1427
72641 72644 754
72647 72644 925
72655 72654 713
72648 72646 1820
72648 72657 337
72657 72648 337
72657 72658 951
72660 72658 456
72660 72659 418
57893 72696 302
72659 72660 418
72659 72666 2224
72659 72696 366
72715 72714 792
72668 72666 789
72707 72666 1974
72707 72706 848
72720 72706 713
72720 72716 253
72722 72706 274
72805 72538 206
72805 72806 1120
72806 72805 1120
72806 72810 818
72811 72810 1229
72811 72826 924
72827 72826 1503
72827 72831 688
72876 72625 422
72876 72831 1229
220942 220941 1033
220942 221043 1979
220943 220941 876
220944 220941 1356
221043 220942 1979
221043 221044 313
221045 221044 302
221024 221023 2220
221024 223329 1659
221026 221025 2014
221038 221025 744
221038 221041 969
224650 221041 2348
224650 221042 923
224648 221042 1743
224648 221050 376
224310 224306 1425
220937 220935 354
223300 223329 1073
221094 217428 522
221094 221052 1268
224656 224652 2096
224657 224652 600
221052 221050 2941
221052 221094 1268
221065 221050 3060
224954 220561 1114
224298 220563 415
220067 220066 702
220067 220074 626
220075 220074 1089
220076 220074 1774
220076 220147 695
220062 220061 123
224421 220061 294
220147 220076 695
220147 220153 1534
220154 220153 2166
220154 220179 212
220179 220154 212
220179 220178 1128
220182 220178 845
224422 220195 868
220473 220472 400
220199 220198 278
220477 220201 3054
224533 224528 131
224533 224688 1087
220485 220490 1697
220504 220490 1055
220504 220506 2767
224690 224688 377
220507 220506 4775
221695 221679 786
221697 221679 1626
221697 221723 367
221723 221696 537
221723 221697 367
221817 221735 486
221933 221735 2454
221722 221720 1576
221722 221721 738
221727 221720 737
221725 221721 2080
218541 218540 575
221669 221668 659
221670 221668 173
221670 221671 919
221670 221686 172
221686 221668 278
221686 221670 172
221685 221682 825
221936 221682 323
221671 221670 919
221671 221937 443
221800 221718 775
221800 221806 182
221800 221808 427
221935 221808 2626
221935 221810 929
221810 221809 3092
221810 221935 929
219962 219963 1131
219962 219964 380
219965 219964 330
224343 219963 892
221824 221821 1485
221693 221692 1300
221827 221823 1650
221831 221823 861
221840 221823 1873
219958 219957 893
219967 219959 577
219968 219959 1047
219956 219955 550
221806 221791 686
221806 221800 182
221931 221791 2308
221931 221812 634
221789 221757 2084
221789 221759 791
221789 221793 362
221793 221789 362
221793 221790 388
221803 221801 2286
221803 221812 622
221929 221812 1099
221430 221385 1175
221430 221386 574
221430 221431 760
221431 221430 760
221431 221433 729
221436 221441 690
221501 221441 1225
221505 221441 307
221521 221508 884
221523 221508 2355
221525 221524 813
221525 221739 1220
221741 221739 812
221741 221742 571
221743 221742 723
221748 221742 1560
221760 221747 765
221764 221747 2107
221764 221765 907
221796 221765 2026
224309 220976 889
224309 224662 1603
220978 220976 1711
220978 220982 572
220983 220981 727
220983 220985 794
220984 220981 1835
220984 220982 898
220991 220982 2216
220985 220974 721
220985 220975 890
220985 220983 794
221266 220972 1590
221266 220975 695
224524 220972 1192
221273 220975 630
220660 219262 1909
221263 219262 1058
221312 221301 1478
221312 221321 686
221314 221301 2963
221316 221319 1644
224329 221319 1036
224329 221321 820
221321 221312 686
221321 221320 1581
221321 224329 820
221285 224327 1095
224328 224327 541
221310 221309 2577
221310 221460 792
221463 221460 832
221463 221462 671
221464 221377 810
221464 221382 479
221464 221462 1886
221474 221382 734
221385 221383 824
221385 221430 1175
216717 216716 938
216717 216743 666
216741 216694 401
216741 216696 791
216743 216694 629
216743 216717 666
216535 216524 717
216537 216524 2689
216537 216525 852
216587 216525 179
216792 216794 814
216795 216794 765
216795 216804 730
216803 216796 945
216803 216800 1509
216803 216818 1061
216804 216795 730
216804 216796 775
216806 216796 2593
216806 216822 945
216822 216806 945
216822 216818 1535
216822 216823 811
216882 216823 897
216882 216883 721
216763 216759 1736
216763 216782 760
216763 216886 848
216745 216746 903
216748 216746 200
216748 216749 1197
216749 216748 1197
216749 216760 734
216762 216756 717
216762 216760 2016
216782 216756 1675
216782 216763 760
216896 216886 1849
216896 216888 1070
216889 216887 1772
216889 216888 727
216086 216082 853
216086 216550 801
216549 216550 775
216554 216550 2021
216541 216540 1216
216541 216542 969
216544 216542 270
216546 216545 223
216559 216519 219
216559 216540 950
216519 216517 793
216519 216559 219
216529 216517 1512
215722 217153 1356
215722 217161 1827
217163 217161 839
217152 217153 1863
217152 217154 898
217154 217152 898
217154 217155 511
217168 217155 1061
217168 217169 671
217169 217168 671
217169 217170 785
217171 217170 329
217227 217228 1603
217235 217236 2335
217437 217236 937
217437 217240 1369
217437 217438 504
216735 216734 310
216764 216737 271
216773 216737 907
216773 216740 1280
224192 216737 687
217696 216740 841
217699 216740 2976
217699 217692 426
217699 217714 1379
217460 217444 2109
217460 217461 1001
217463 217461 857
217454 217453 442
217454 217455 543
217454 217456 658
217472 217455 607
217472 217456 557
217472 217473 775
217468 217467 822
217469 217464 878
217234 217233 6655
899
43075
43190
43186
43040
43031
43070
43295
41692
41439
43076
43059
43085
43080
43083
44946
44950
44963
44960
44981
44998
44997
45012
45004
45007
44995
125460
125458
125494
125492
125521
125539
125679
125763
125687
125777
41918
123058
41919
41925
45061
123055
123075
123092
123110
122993
123005
123007
123008
123089
123626
123629
132472
123655
123737
122468
123240
122472
123632
45070
45073
44933
44934
125780
125875
125830
125734
125821
125822
125824
125887
125709
125715
125733
125707
125708
124103
124095
124981
124988
124985
124994
124996
125011
128395
128396
128428
128548
128567
128570
128652
132426
128655
128646
128660
124881
128681
128686
120437
128664
128672
120521
120525
120523
120531
120533
120547
120457
120488
120491
67645
120439
120453
76606
68434
68435
68443
120637
120639
68005
68006
68046
68053
68073
68078
68087
68075
68081
68185
68181
68190
76607
68268
68299
68323
68341
68342
68345
68449
68578
68581
68825
68829
68858
68861
72626
72885
73099
73101
73102
71181
71183
71422
71377
71368
71399
71400
71382
71432
71435
71457
71510
76563
71676
71728
71262
71462
71454
71789
71580
71581
68305
68870
68393
68396
68416
68413
71531
71536
71545
71701
71716
71732
71735
71743
71750
71906
72005
72068
72064
71909
71934
71936
71988
71989
72003
72008
72012
72190
72014
72188
61941
72238
72200
72234
72236
72227
72252
72258
72261
72173
68931
68926
72406
72407
72639
72644
72654
72646
72658
72696
72714
72666
72706
72716
72538
72810
72826
72831
220941
221044
221023
221025
221041
221042
224306
220935
223329
217428
224652
221050
220561
220563
220066
220074
220061
220153
220178
220195
220472
220198
220201
224528
220490
224688
220506
221679
221696
221735
221720
221721
218540
221668
221682
221937
221718
221808
221809
219964
219963
221821
221692
221823
219957
219959
219955
221791
221757
221790
221801
221812
221386
221433
221441
221508
221524
221739
221742
221747
221765
221759
224662
220976
220981
220982
220974
220972
220975
219262
221301
221319
221320
224327
221309
221460
221462
221377
221382
221383
216716
216694
216696
216524
216525
216794
216796
216800
216818
216823
216759
216746
216760
216756
216883
216886
216887
216888
216550
216542
216545
216540
216517
217161
217153
217155
217170
217228
217236
217240
216734
216737
216740
217444
217461
217453
217456
217467
217464
217438
217233
217692
217714
217717
217729
217766
217768
224390
217770
217783
217455
217473
217479
217536
217535
217602
217525
217530
217606
217850
217853
217857
217870
217874
217883
217929
217538
217623
217547
217629
217644
217675
217932
217934
217947
217951
217952
224216
224218
223839
224424
223867
223844
223851
223852
223842
223843
223884
223875
223881
223893
223876
216241
216246
216938
216082
216937
217589
216288
222547
215526
222534
216300
216304
216327
216332
216347
216350
216953
216273
219988
224334
222475
222492
222498
222527
222529
223804
223810
223812
223819
223815
223788
223840
223823
223786
224012
223781
223789
139798
147742
147753
147770
147772
198701
198737
171705
171709
159534
159540
159548
171402
171388
171670
171674
171677
171045
95931
95932
95467
95472
96011
95290
95284
95306
95469
94762
95832
102563
102571
96344
96336
96349
96351
96248
96339
96358
96363
96373
96423
96441
95992
96440
101921
96457
98994
99000
99003
99020
99410
99424
99438
99439
100213
101734
99360
102885
99365
99406
99112
99119
99158
99159
99173
99175
99380
99367
99370
102860
99130
42385
42395
42520
42419
42268
42228
42834
42841
42312
42861
42869
42873
42878
42926
42931
42874
42933
42950
43172
42808
42809
42917
43191
43189
43038
43039
43025
43030
43069
41691
41440
41441
43068
43057
43063
43067
44942
44945
44962
44939
44955
44954
44959
44999
44994
45011
44923
44924
125456
125484
125491
125497
132535
125544
125674
125680
125761
125762
125684
41878
123057
123060
41883
41921
41926
45069
123054
123067
123018
122990
122992
122994
122940
123006
123085
123625
123627
123631
132385
132473
123656
123742
123746
122467
122463
123235
122471
122473
123633
45067
45071
44930
44932
125781
125731
125820
125823
125825
125703
125716
125728
125706
125705
124100
124094
124096
124977
124980
124983
124986
125002
125010
128389
128398
128439
128431
128566
128568
128654
128645
128659
128661
128738
128680
128683
120436
128662
128670
120515
120516
120511
120541
120548
120456
120458
120485
120489
67642
67646
120440
120451
120452
68017
68018
68433
68436
120640
66955
68004
68047
68049
68055
68071
68077
68086
68260
68148
68177
68182
68184
68269
68270
68298
68300
68332
68346
68446
68576
68579
68818
68828
68833
68859
68863
72625
73090
72841
72883
72886
72930
72937
73103
71182
71176
71250
71423
71425
71366
76880
71394
71427
71429
71456
71515
76564
71678
78174
71463
71455
71579
68304
68868
68381
68392
68411
68412
68421
71532
71529
71546
71547
71697
71704
71731
71753
71908
72006
72084
72065
71932
71938
71987
71997
72010
72007
72189
72187
72240
72246
72197
72231
72237
72242
72253
72263
72264
68929
72638
72647
72648
72657
72660
57893
72715
72668
72707
72720
72722
72805
72806
72811
72827
72876
220942
220943
220944
221045
221024
221038
224650
224648
224310
220937
223300
221094
224656
224657
221052
221065
220067
220075
220076
220147
220154
220179
220182
224422
220477
224533
220485
220504
224690
220507
221695
221697
221723
221817
221933
221722
221727
221725
218541
221669
221670
221686
221685
221936
221671
221935
221810
219965
224343
221824
221693
221827
221831
221840
219967
219968
221806
221931
221789
221793
221803
221431
221436
221501
221505
221521
221523
221525
221741
221743
221748
221760
221764
221796
224309
220978
220983
220984
220991
220985
221266
224524
220660
221312
221316
224329
221321
221285
221310
221463
221464
221474
221385
216717
216741
216743
216535
216537
216587
216792
216795
216804
216806
216822
216882
216763
216745
216749
216762
216782
216896
216889
216086
216549
216554
216541
216546
216559
216519
216529
215722
217152
217154
217168
217169
217171
217227
217235
216773
224192
217696
217699
217460
217463
217472
217468
217469
217234
