866
146883 146830 2513
146883 146884 778
146894 146884 2317
146894 146888 788
146911 146895 1273
146911 146912 948
146913 146900 1027
146913 146910 816
150158 150159 682
212107 212215 758
210573 213379 2886
153810 153808 848
153804 153805 1556
153804 153806 710
153804 153807 828
153806 153804 710
153806 153805 1494
153538 153574 452
153598 153597 1857
153598 153604 1780
153598 153605 438
153597 153598 1857
153597 153608 434
153600 153574 807
153600 153607 1450
153604 153598 1780
153604 153620 491
153818 153629 1284
153818 153814 789
153818 153817 537
153555 153567 1004
153568 153557 111
153568 153566 1857
153561 153557 452
153561 153560 344
162505 153564 2839
162503 152076 1389
162503 168526 612
162501 162502 552
152091 152080 650
152091 152092 238
162497 152080 3114
162499 152079 1743
168529 168530 452
167809 167810 782
167813 167814 84
167813 168435 1017
168466 168467 782
178615 178616 5807
178622 178623 2929
178622 178624 3752
178622 178656 2417
178645 178851 2002
178645 178852 403
178852 178645 403
178852 178848 2004
180041 180042 1705
180041 180076 2679
180051 180075 667
180051 180076 682
175071 175072 279
175071 175072 279
175071 178825 878
179774 179773 841
179774 179835 818
179774 179858 1258
179858 179774 1258
179858 179859 713
177715 177714 128
179935 179933 3628
179953 179954 1748
179953 180011 460
152874 152875 337
152874 153260 1011
152874 153864 688
152885 152879 1576
152885 153260 1344
152879 152884 933
152879 152885 1576
152877 153866 820
153851 153852 1343
153851 153867 279
153812 153813 2032
153812 153815 885
153825 153632 2144
153825 153816 537
153827 153634 404
153827 153828 279
153827 153841 739
153841 153827 739
153841 153840 279
153844 153845 789
153844 153853 1888
153844 153855 276
153819 153808 1883
153821 153807 1095
153821 153815 1675
152880 152881 889
152880 153253 1533
153273 153276 683
153273 153283 1919
153252 153284 1014
153274 153275 893
153274 153279 766
153280 153281 1000
153320 153319 2076
153320 153321 758
153279 153274 766
153279 153282 600
153279 153293 452
156018 156019 610
156132 155959 418
156132 172112 1284
156165 156166 2216
156165 156204 924
156165 156717 2369
156580 156579 1017
156580 156731 1458
156725 156726 418
156725 156727 1966
156717 156165 2369
156717 156718 562
153335 153336 1348
153346 153317 590
153347 153300 758
153347 153318 1447
153357 153358 843
153360 153359 850
153360 153452 2408
153378 153379 1032
153378 153380 505
153378 153381 1124
154834 154835 518
154673 154661 2556
154673 154671 905
153401 153400 600
153401 154669 2783
155879 153458 710
155879 155877 355
154848 154849 276
154848 155875 3121
153458 153457 1293
153458 155879 710
153494 153495 139
154849 154848 276
154849 157001 552
157017 157018 871
157017 157019 1933
157017 157026 581
154865 154866 790
157019 157017 1933
157019 157024 1154
154709 153396 758
154840 154839 2243
154873 154874 1505
154861 154859 476
155958 155960 402
155955 155954 1086
155955 155956 474
153466 153457 1742
153466 153457 1742
155935 155926 1357
155935 155961 766
157079 155963 1210
157079 157078 2083
157079 157081 1483
157077 157076 436
157077 157078 1111
154854 153457 985
155876 155875 871
155876 157002 1323
157005 157006 600
157005 157011 558
157015 157075 2240
155930 155927 688
155926 155927 1678
155926 155935 1357
180011 177703 915
180011 179953 460
172925 172926 1565
172463 185284 1090
172983 172919 3556
172983 185286 1852
172918 172917 516
172918 172922 2358
172917 172918 516
172917 172919 764
180016 180015 756
180016 180017 1151
180017 180015 610
180017 180016 1151
178112 178111 2877
178116 178115 4039
178533 178531 709
178554 178555 742
178554 178556 598
173281 173280 826
173281 173282 2271
178575 178574 697
178575 178576 708
178577 178578 138
172968 172967 1014
172968 178063 1466
178066 178063 1033
178019 177987 3677
178019 178021 5904
178031 178018 473
178031 178032 2205
177987 177985 3438
177987 177988 877
177987 178019 3677
178033 178000 2340
178033 178030 2409
178084 178083 1223
178030 178032 1206
178030 178033 2409
178151 178149 1426
178151 178158 333
178193 178157 893
178193 178159 1961
173288 173287 139
173263 173307 2004
173338 173339 1036
174773 173339 996
174773 174772 944
173496 173497 788
173458 173459 1197
173458 173460 818
176747 176746 4861
176747 185501 1168
185680 185681 2908
185680 185685 748
173473 173474 252
173473 173475 1015
174937 173475 1447
174937 174933 756
174929 173497 420
174929 174932 3017
174932 174929 3017
174932 174931 1681
174943 174944 1719
174943 174945 2016
176686 176685 1675
176686 176711 5506
176710 176711 796
176694 176695 1031
176694 176708 2030
177577 177601 683
177599 177398 1786
177599 177401 758
177606 177605 1184
177606 177609 905
177579 177596 1560
177611 177610 1179
177611 177637 2823
177595 177596 849
160159 160158 1684
160159 160165 667
160156 160153 1901
160156 160162 2444
160151 160150 905
160151 160160 2697
160150 160151 905
160150 160160 3032
160155 160154 1594
177337 177338 355
177337 177398 751
177393 177392 788
177393 177398 873
160207 160208 1701
160207 160244 435
156524 156520 683
156524 160270 713
160249 160248 1114
160249 160269 2788
156527 156525 1615
156527 160333 1948
160280 160281 1248
160280 160334 344
160279 160283 747
160267 160287 562
160284 160283 2953
160284 160288 674
160165 160159 667
160165 160164 1100
160194 160199 2156
160201 160199 782
160201 160200 766
156574 156576 766
160371 160366 1268
160371 160377 667
160366 160364 344
160366 160371 1268
160352 160353 1276
160352 160353 1276
160355 160356 2481
160355 160386 766
160385 160386 1675
160385 160425 2024
160423 160422 766
160423 160424 452
160290 160286 674
160290 160289 1124
160372 160576 905
160372 160585 758
160413 160414 1796
160413 160577 766
156898 156899 848
156898 160376 1145
156896 156897 683
156896 156901 2623
156884 156867 3934
156884 156897 674
156782 156781 738
156782 156783 713
156647 156646 1114
156721 156646 1856
156721 156722 1014
156721 156729 3629
156783 156729 1258
156783 156782 713
156868 156867 782
156868 156904 1432
156904 156868 1432
156904 156903 672
156904 156963 710
156962 156961 2496
172853 172854 204
160461 160462 517
160472 160462 421
160472 160473 1101
160477 160476 344
160488 160487 2317
160488 160489 344
156998 172854 1712
156998 172855 267
160509 160508 1837
160508 160509 1837
160498 160502 610
160502 160498 610
156820 156821 436
156821 156820 436
156932 156933 333
156933 156932 333
177369 177370 1344
177370 177369 1344
177392 177393 788
177392 177401 1742
176688 176708 1675
165660 165663 789
165663 165660 789
165640 165643 747
167792 167815 850
167811 167810 766
167815 167792 850
165405 165406 1742
165406 165405 1742
165643 165640 747
165689 165690 650
165690 165689 650
161547 161578 893
161578 161547 893
94359 94360 1004
94360 94359 1004
100639 92229 2762
92229 100639 2762
92273 94530 870
93845 93848 1943
93848 93845 1943
108424 108450 924
108204 108233 681
108110 108237 1181
108237 108110 1181
108233 108204 681
108450 108424 924
108459 108465 1264
108465 108459 1264
108555 108554 847
108554 108555 847
108593 108594 2612
108594 108593 2612
93794 93806 2277
93806 93794 2277
94530 92273 870
92625 92628 1426
92628 92625 1426
109722 109723 192
109723 109722 192
109752 109763 672
109763 109752 672
110795 110841 304
110841 110795 304
103885 104713 751
104713 103885 751
39061 39062 1261
39062 39061 1261
39242 39250 1103
39250 39242 1103
37025 37024 1585
37024 37025 1585
38377 38378 650
38378 38377 650
38531 38537 1111
38537 38531 1111
38887 38908 630
38908 38887 630
38994 38918 743
38939 38942 2280
38918 38994 743
38946 38942 3153
38942 38939 2280
38942 38946 3153
47532 47596 560
47596 47532 560
47904 47913 744
47913 47904 744
47457 47473 837
47473 47457 837
130699 130705 1010
130705 130699 1010
130787 130789 1111
130789 130787 1111
130814 130813 1114
130813 130814 1114
130824 130812 1000
130812 130824 1000
131145 131146 1594
131146 131145 1594
131553 131555 954
131555 131553 954
131616 131617 747
131617 131616 747
132233 132234 789
132234 132233 789
132234 132235 837
132235 132234 837
132239 132246 673
132246 132239 673
54223 54222 789
54035 54085 1023
54102 54105 337
54105 54102 337
54085 54035 1023
54222 54223 789
140335 140337 1766
140337 140335 1766
143548 143547 1647
143559 143394 188
143547 143548 1647
143575 143613 823
143613 143575 823
143981 143822 894
143822 143981 894
143828 143829 851
143829 143828 851
144938 144939 918
144939 144938 918
143360 143375 1625
143375 143360 1625
143394 143559 188
145191 145174 870
145174 145191 870
146453 146456 2189
146456 146453 2189
146618 146635 1311
146635 146618 1311
146651 146654 911
146654 146651 911
146692 146697 1499
146697 146692 1499
146830 146883 2513
146884 146883 778
146884 146894 2317
146888 146894 788
146895 146911 1273
146912 146910 543
146912 146911 948
146900 146910 812
146900 146913 1027
146910 146900 812
146910 146912 543
146910 146913 816
150159 150158 682
212215 212107 758
213379 210573 2886
153808 153807 1206
153808 153810 848
153808 153819 1883
153805 153804 1556
153805 153806 1494
153805 153814 1161
153807 153804 828
153807 153808 1206
153807 153815 1907
153807 153821 1095
153574 153538 452
153574 153600 807
153605 153598 438
153608 153597 434
153608 153607 414
153607 153600 1450
153607 153608 414
153620 153604 491
153629 153818 1284
153814 153805 1161
153814 153813 1081
153814 153818 789
153817 153816 202
153817 153818 537
153567 153555 1004
153567 153566 139
153557 153561 452
153557 153568 111
153566 153567 139
153566 153568 1857
153560 153561 344
153560 153564 562
153564 153560 562
153564 162505 2839
152076 162503 1389
168526 162502 337
168526 162503 612
162502 162501 552
162502 168526 337
152080 152091 650
152080 162497 3114
152092 152091 238
152079 162499 1743
168530 168529 452
167810 167809 782
167810 167811 766
167810 167814 2286
167814 167810 2286
167814 167813 84
168435 167813 1017
168467 168466 782
178616 178615 5807
178623 178622 2929
178624 178622 3752
178656 178622 2417
178851 178645 2002
178848 178852 2004
180042 180041 1705
180076 180041 2679
180076 180051 682
180075 178825 2004
180075 180051 667
175072 175071 279
175072 175071 279
178825 175071 878
178825 180075 2004
179773 179774 841
179835 179774 818
179835 179859 1223
179859 179835 1223
179859 179858 713
177714 177715 128
179933 179935 3628
179954 179953 1748
152875 152874 337
153260 152874 1011
153260 152885 1344
153864 152874 688
153864 153866 562
152884 152879 933
153866 152877 820
153866 153864 562
153852 153851 1343
153852 153853 1343
153867 153851 279
153813 153812 2032
153813 153814 1081
153813 153816 940
153815 153807 1907
153815 153812 885
153815 153821 1675
153632 153634 610
153632 153825 2144
153816 153813 940
153816 153817 202
153816 153825 537
153634 153632 610
153634 153827 404
153634 153828 475
153828 153634 475
153828 153827 279
153840 153841 279
153840 153845 1813
153845 153840 1813
153845 153844 789
153853 153844 1888
153853 153852 1343
153855 153844 276
152881 152880 889
153253 152880 1533
153276 153273 683
153276 153275 253
153283 153273 1919
153283 153284 683
153284 153252 1014
153284 153283 683
153275 153274 893
153275 153276 253
153281 153280 1000
153281 153282 333
153319 153318 737
153319 153320 2076
153321 153317 1656
153321 153320 758
153321 153336 1017
153282 153279 600
153282 153281 333
153293 153279 452
156019 156018 610
155959 155960 5128
155959 156132 418
172112 156132 1284
156166 156165 2216
156204 156165 924
156579 156580 1017
156579 156731 747
156731 156579 747
156731 156580 1458
156731 156727 747
156726 156725 418
156727 156725 1966
156727 156731 747
156718 156717 562
153336 153321 1017
153336 153335 1348
153317 153318 893
153317 153321 1656
153317 153346 590
153300 153347 758
153318 153317 893
153318 153319 737
153318 153347 1447
153358 153357 843
153359 153360 850
153359 153452 2113
153452 153359 2113
153452 153360 2408
153379 153378 1032
153380 153378 505
153381 153378 1124
154835 154834 518
154661 154673 2556
154671 154669 810
154671 154673 905
153400 153401 600
153400 154669 2920
154669 153400 2920
154669 153401 2783
154669 154671 810
155877 155875 436
155877 155879 355
155875 154848 3121
155875 155876 871
155875 155877 436
153457 153458 1293
153457 153466 1742
153457 153466 1742
153457 154854 985
153495 153494 139
157001 154849 552
157001 157002 1664
157018 157017 871
157026 157017 581
154866 154865 790
157024 157019 1154
153396 154709 758
154839 154840 2243
154839 154874 2557
154874 154839 2557
154874 154873 1505
154859 154861 476
155960 155958 402
155960 155959 5128
155954 155955 1086
155956 155955 474
155961 155935 766
155961 155963 558
155963 155961 558
155963 157079 1210
157078 157077 1111
157078 157079 2083
157081 157079 1483
157076 157077 436
157002 155876 1323
157002 157001 1664
157006 157005 600
157011 157005 558
157075 157015 2240
155927 155926 1678
155927 155930 688
177703 180011 915
172926 172925 1565
185284 172463 1090
172919 172917 764
172919 172983 3556
185286 172983 1852
172922 172918 2358
180015 180016 756
180015 180017 610
178111 178112 2877
178115 178116 4039
178531 178533 709
178555 178554 742
178556 178554 598
173280 173281 826
173282 173281 2271
178574 178575 697
178576 178575 708
178578 178577 138
172967 172968 1014
178063 172968 1466
178063 178066 1033
178021 178019 5904
178018 178031 473
178032 178030 1206
178032 178031 2205
177985 177987 3438
177988 177987 877
178000 178033 2340
178083 178084 1223
178149 178151 1426
178158 178151 333
178158 178157 1265
178157 178158 1265
178157 178193 893
178159 178193 1961
173287 173288 139
173307 173263 2004
173339 173338 1036
173339 174773 996
174772 174773 944
173497 173496 788
173497 174929 420
173459 173458 1197
173460 173458 818
176746 176747 4861
185501 176747 1168
185681 185680 2908
185685 185680 748
173474 173473 252
173475 173473 1015
173475 174937 1447
174933 174931 475
174933 174937 756
174931 174932 1681
174931 174933 475
174944 174943 1719
174945 174943 2016
176685 176686 1675
176711 176686 5506
176711 176710 796
176695 176694 1031
176708 176688 1675
176708 176694 2030
177601 177577 683
177398 177337 751
177398 177393 873
177398 177599 1786
177401 177392 1742
177401 177599 758
177605 177606 1184
177609 177606 905
177609 177610 766
177596 177579 1560
177596 177595 849
177610 177609 766
177610 177611 1179
177610 177637 2679
177637 177610 2679
177637 177611 2823
160158 160159 1684
160153 160156 1901
160162 160156 2444
160160 160150 3032
160160 160151 2697
160160 160154 849
160154 160155 1594
160154 160160 849
177338 177337 355
160208 160207 1701
160244 160207 435
160244 160248 1940
156520 156524 683
160270 156524 713
160270 160269 782
160248 160244 1940
160248 160249 1114
160269 160249 2788
160269 160270 782
156525 156527 1615
156525 160333 889
160333 156525 889
160333 156527 1948
160333 160334 445
160281 160280 1248
160281 160289 1225
160334 160280 344
160334 160333 445
160283 160279 747
160283 160284 2953
160287 160267 562
160287 160286 4548
160288 160284 674
160164 160165 1100
160164 160199 2153
160199 160164 2153
160199 160194 2156
160199 160201 782
160200 160201 766
156576 156574 766
156576 156781 2111
160377 160371 667
160364 160366 344
160353 160352 1276
160353 160352 1276
160356 160355 2481
160386 160355 766
160386 160385 1675
160425 160385 2024
160425 160422 581
160422 160423 766
160422 160425 581
160424 160423 452
160286 160287 4548
160286 160290 674
160289 160281 1225
160289 160290 1124
160576 160372 905
160576 160577 3118
160585 160372 758
160414 160413 1796
160577 160413 766
160577 160576 3118
156899 156898 848
160376 156898 1145
156897 156884 674
156897 156896 683
156901 156896 2623
156867 156868 782
156867 156884 3934
156781 156576 2111
156781 156782 738
156646 156647 1114
156646 156721 1856
156722 156721 1014
156729 156721 3629
156729 156783 1258
156903 156904 672
156963 156904 710
156963 156961 1000
156961 156962 2496
156961 156963 1000
172854 156998 1712
172854 172853 204
160462 160461 517
160462 160472 421
160473 160472 1101
160476 160477 344
160487 160488 2317
160489 160488 344
172855 156998 267
940
146883
146894
146911
146913
150158
212107
210573
153810
153804
153806
153538
153598
153597
153600
153604
153818
153555
153568
153561
162505
162503
162501
152091
162497
162499
168529
167809
167813
168466
178615
178622
178645
178852
180041
180051
175071
179774
179858
177715
179935
179953
152874
152885
152879
152877
153851
153812
153825
153827
153841
153844
153819
153821
152880
153273
153252
153274
153280
153320
153279
156018
156132
156165
156580
156725
156717
153335
153346
153347
153357
153360
153378
154834
154673
153401
155879
154848
153458
153494
154849
157017
154865
157019
154709
154840
154873
154861
155958
155955
153466
155935
157079
157077
154854
155876
157005
157015
155930
155926
180011
172925
172463
172983
172918
172917
180016
180017
178112
178116
178533
178554
173281
178575
178577
172968
178066
178019
178031
177987
178033
178084
178030
178151
178193
173288
173263
173338
174773
173496
173458
176747
185680
173473
174937
174929
174932
174943
176686
176710
176694
177577
177599
177606
177579
177611
177595
160159
160156
160151
160150
160155
177337
177393
160207
156524
160249
156527
160280
160279
160267
160284
160165
160194
160201
156574
160371
160366
160352
160355
160385
160423
160290
160372
160413
156898
156896
156884
156782
156647
156721
156783
156868
156904
156962
172853
160461
160472
160477
160488
156998
156682
160509
160508
160498
160502
156640
156643
156814
156816
156813
156820
156821
156922
156925
156890
158331
156932
156927
156933
156973
156980
158330
156669
158353
158471
160691
177327
177369
177404
177413
177370
177395
177403
177392
177396
176688
165932
165660
165663
165863
165640
165644
165661
167792
167811
167815
167736
167723
172189
167775
167821
168432
165405
165406
167831
167851
167531
167936
167937
167872
167855
165981
166009
166011
165643
165689
165690
161536
161547
161544
161578
161424
164637
164694
169066
164889
164671
164686
164615
165705
165779
165789
165713
165753
165748
165751
165737
164975
169366
169307
114297
114139
118848
119045
119113
119186
119243
119168
119247
119207
119328
119336
119333
119200
118807
119003
119005
118990
118999
119091
102177
102030
94427
97353
94359
94360
102952
92146
100639
92229
94517
94521
92382
92361
92359
94572
94483
99737
92273
93158
93163
93842
93845
93848
94135
94136
94126
94144
94148
108424
108417
108189
108204
105818
108110
108237
108235
108233
108464
108069
108450
108451
108428
108458
108459
108469
108465
106117
108555
108554
108595
108597
108593
108594
108631
109290
108638
109288
108633
93589
93612
93699
93728
93729
93794
93806
93800
103143
94530
92625
92628
92630
92678
92640
92657
92659
103112
191177
191178
191921
190952
193913
192039
191307
191338
191988
192600
191685
191637
193937
191197
191315
192627
192647
194070
192674
119369
114143
114340
109330
109344
109325
108642
109338
108665
116317
109322
109310
109355
109599
109610
113804
109635
109722
109723
109744
106208
109754
109752
110021
109763
109765
109757
110036
109768
110157
110109
110116
110118
110208
110226
110232
113826
110775
110795
110796
110841
110848
110221
110730
110734
110753
110742
103854
103843
112819
112823
112825
103914
103897
112492
106182
110907
110903
110787
103937
103926
103940
103885
104713
39053
39057
39061
39062
39092
39096
39089
39237
39242
39250
37175
37179
37192
37198
38789
37092
37054
37059
37108
38174
37025
37049
37069
37024
37065
37067
38186
36998
37150
37154
37148
37155
37002
38207
38213
38377
38378
38398
38401
38405
38484
38487
38488
38504
38510
38531
38532
38537
38528
38540
38870
38872
38874
38887
38908
38910
38916
36216
38984
38994
38939
38918
38946
38957
38942
38959
38808
38960
41550
41547
41554
47532
47596
47598
47606
47632
47633
47641
47639
47643
48050
48052
47904
47908
47907
47857
47861
47864
47883
47913
47871
47869
47445
47941
47358
47938
47447
47455
47452
47457
47473
130518
130516
130521
46231
47397
47399
47391
47431
130508
130522
130699
130705
130710
130538
130549
130590
130609
130736
130739
130756
130786
130787
130789
130814
130820
130826
130868
130813
130824
130808
130812
132378
130841
130851
130899
131125
131122
131132
131144
131145
131146
131260
131266
131279
131285
131149
131257
131301
131553
131555
131560
121339
131609
131616
131617
132149
132151
132160
132146
132159
132166
132183
132213
132233
132234
132235
132239
132246
132248
132244
54144
54146
53987
53992
53995
54223
54043
50640
54106
54107
56437
54092
56450
54035
54102
54105
56681
54085
54277
50823
54222
54068
54077
54229
54247
54252
140334
140335
146967
150771
150806
140337
140354
143548
143559
143547
143552
143575
143613
143832
143850
143637
139777
143630
143978
143979
143975
143981
143815
143822
143801
143808
143820
143760
143804
143805
143761
141155
143747
143828
143827
143829
142891
144003
142901
142895
142897
144935
144938
144927
144947
144939
144951
144952
144968
144997
144990
144999
145002
143034
143175
143037
143036
143039
143205
143223
143225
143235
143239
143355
143360
143375
143373
143389
143394
144982
145015
145191
145174
198793
212584
145246
145206
145210
145249
145258
145256
146420
146440
146432
146448
146453
146456
146618
146635
146651
146654
146692
146697
146706
146713
146830
146884
146888
146895
146912
146900
146910
150159
212215
213379
153574
153605
153607
153620
153629
153817
153567
153557
153566
153560
153564
152076
168526
162502
152080
152092
152079
168530
167810
167814
168435
178616
178624
178656
178851
178848
180076
180075
178825
179773
179835
179859
177714
179933
179954
153260
153864
152884
153866
153852
153867
153632
153634
153828
153840
153845
153853
153855
152881
153276
153283
153284
153275
153281
153321
153282
155959
156166
156204
156579
156727
156718
153336
153300
153358
153359
153452
154661
154671
153400
155877
157001
157018
154866
157024
153396
154839
154859
155961
155963
157078
157081
157002
157006
157011
155927
177703
172926
172919
185286
172922
180015
178111
178115
178531
178555
178556
173280
173282
178574
172967
178063
178018
178032
177985
177988
178000
178083
178149
178158
178157
178159
173287
173307
173339
174772
173497
173459
173460
176746
185501
173475
174933
174931
176708
177601
177401
177605
177609
177596
177637
160158
160153
160162
160154
160208
160244
156520
160270
160248
160269
156525
160281
160334
160283
160288
160164
160200
156576
160377
160364
160353
160356
160386
160425
160422
160286
160289
160576
160585
160414
160577
156899
160376
156897
156901
156867
156781
156646
156722
156729
156903
156963
156961
160462
160473
160476
160487
