1082
179021 179026 932
179021 179280 1686
179293 179276 849
179293 179280 1700
179270 179269 673
173999 173430 332
173999 181130 709
180336 180327 557
180336 180337 3692
180694 180348 713
180694 180711 1888
180712 180353 2379
180712 180711 796
180699 180700 354
180750 180751 2691
180747 180751 1140
163151 163152 871
163151 172652 491
163154 163152 1530
163154 163158 709
163325 163326 378
163122 163121 777
163122 163180 1017
163180 163122 1017
163180 163181 1774
163119 163120 406
163150 163149 1614
163150 163168 782
163170 163168 893
163170 163171 552
184603 163192 1140
184608 163197 1140
184608 184606 807
163186 163149 688
163186 163168 1499
163186 163190 790
163191 163190 818
184728 184607 1483
184728 184732 1614
163157 163158 790
163157 163166 818
163157 163176 709
183427 183428 355
183427 183434 1592
183433 183432 3483
183433 184841 505
184839 184838 3675
184839 184841 683
184805 184813 2204
184814 184812 2377
184814 184838 403
184807 184808 1114
184807 184816 1282
184817 184816 848
184808 184807 1114
184808 184815 1656
184773 184771 848
184773 184777 600
184775 184777 1064
184775 184784 713
184919 184784 1144
184919 184918 1306
184919 184921 796
184830 184854 828
184830 184887 2104
184888 184889 789
184834 184833 279
184834 184889 1181
184833 184834 279
184833 184836 1029
184833 184890 1184
184837 184825 610
184837 184836 1660
184828 184827 796
184828 184829 552
184918 184919 1306
184918 184920 782
184918 184934 790
184823 184815 688
184742 184741 404
184742 184746 476
184746 184742 476
184746 184758 2322
184756 184755 807
184756 184760 2560
184730 184732 2031
184730 184738 1786
184730 184743 404
184755 184756 807
184755 184764 1530
184768 184764 709
184768 184770 435
183385 183386 420
183385 183390 763
183396 183401 2248
183402 183401 952
183402 183409 355
183402 183438 1357
183410 183409 435
183411 183429 435
180736 180729 2162
180822 180817 723
180828 180826 2903
182018 182019 2457
182018 185806 4858
182511 182509 1350
182511 182512 1345
182511 182894 474
182585 182586 932
182590 182588 1178
182590 182591 238
185740 182592 1542
185740 185741 757
183666 183501 751
183666 183663 3156
182651 182613 3605
182651 182650 599
183656 183654 2282
183656 183663 788
183659 183658 517
185236 173981 1181
185236 185237 279
173980 173978 344
173980 173981 2262
174014 173978 818
173995 173992 811
174001 174002 668
174001 174003 281
174004 174005 2254
174004 183585 1420
173979 173978 1619
173979 173981 2218
182569 182568 1180
182569 183493 3526
183493 182569 3526
183493 182615 1430
183502 183503 939
183502 183654 3189
183501 183503 677
183501 183666 751
184033 184030 3647
184033 184032 1085
172902 172907 1357
172902 174134 1153
174132 172913 2860
174132 174139 858
174132 186070 416
174137 172910 1112
184046 184045 1199
184108 174131 355
184108 184105 279
172907 172902 1357
172907 174135 1555
173990 173989 1307
173990 173991 2748
173958 173936 4225
174333 174328 3994
174339 174340 3581
174339 174341 1447
174359 174341 1501
174359 174363 2754
174367 174364 784
174367 174368 1532
174374 185945 2034
174394 174393 1659
174387 174380 605
174387 174558 3359
174560 175093 4608
174395 174396 915
174082 174081 5839
174082 174095 5061
174087 174086 1100
174087 174118 893
174173 174172 2282
174173 174213 884
174138 172913 1009
174138 174175 874
183807 183806 276
183824 183825 562
183818 183817 924
183818 184007 600
183828 183825 2367
183828 183827 667
184007 183818 600
184007 184031 1438
184030 184031 1357
184030 184033 3647
183865 183866 778
183865 183871 1448
183870 183815 3122
183870 183871 782
183816 183814 1267
183816 183815 889
183816 183845 672
183877 183845 2535
183877 183846 2638
183388 183387 1153
183415 183401 758
183415 183441 1344
183422 183867 758
183422 183886 1344
183864 183862 758
183864 183867 2688
183443 183441 766
183443 183447 1576
183443 183886 766
183578 183806 589
214544 214545 272
209555 209557 451
209555 209559 810
209561 209570 1742
209561 209578 937
209562 209559 796
209562 209570 1008
209578 209561 937
209578 209581 2084
209583 209589 679
209641 209642 683
209641 209644 183
209644 209641 183
209644 209645 2708
209663 209645 796
209663 210873 1611
209664 210873 779
209664 210885 1533
210888 210885 867
210888 210891 1487
211580 210891 802
211580 211588 2419
211590 211588 785
211590 211593 2337
211590 211602 867
211586 211591 804
211603 211591 1511
211602 211590 867
211602 211591 915
211602 211604 591
211608 211604 1598
211608 211609 785
211651 211653 764
211651 211655 852
211653 211651 764
211653 211654 2471
211653 211655 346
211657 211654 778
211657 211663 1429
211662 211665 274
211659 211610 759
211659 211660 1661
211661 211696 568
211661 211697 337
210238 211655 438
210238 211656 744
211670 211666 1399
211670 211671 1100
211671 211670 1100
211671 211672 805
211671 211826 1933
210448 210470 1698
210448 211826 769
210450 210466 874
210450 210467 774
210450 210468 1680
210467 210450 774
210467 210469 1626
210467 210470 897
162673 162668 790
162673 162674 1505
162691 162674 790
162691 162694 1530
162697 162694 710
162697 162706 924
162667 162655 709
162667 162668 1055
163332 163321 782
163332 163331 2368
163332 163333 672
163262 163263 497
163262 163273 934
163272 163270 3915
162944 162951 1182
162949 162951 1293
162949 163003 790
163362 163361 517
163362 163363 1283
163363 163362 1283
163363 163364 241
163309 163316 850
163318 163317 1276
163318 163361 688
163318 163366 477
163287 163286 1906
163289 163285 1906
163289 163364 447
163283 163284 111
163283 163291 1282
163291 163283 1282
163291 163298 789
163291 163300 1355
163292 163293 905
163292 163304 1824
161340 161339 710
161340 162731 2348
162729 162730 2192
162729 162731 710
162728 162721 2691
162728 162730 790
162713 162714 606
162713 162721 683
210523 210522 1843
210523 210534 878
210536 210534 1934
210536 210535 214
210524 210475 1676
210524 210522 769
210524 211846 897
211893 211846 1677
211893 211886 879
211896 211886 2191
211896 211898 775
163928 163927 137
199738 199711 3112
199738 214259 2013
211913 211911 897
211913 211912 364
211913 211925 1207
210474 210473 675
210472 210468 679
210472 210471 1262
210472 210518 1699
210517 210518 724
210521 210520 706
210521 210533 1489
210532 210533 897
179121 179102 511
179121 179122 354
179065 179066 537
179065 179069 650
179080 179083 452
179147 179148 2218
179147 179162 2183
179144 179092 208
179153 179139 1418
179153 179152 751
179086 179076 1221
179086 179092 738
179228 179136 354
179228 179229 1322
179245 179251 796
179245 179252 1034
179265 179266 782
179265 179267 765
179265 179279 2153
179233 179226 354
179233 179234 848
179248 179243 890
179248 179249 329
115382 115381 2099
115386 115385 2451
114694 114538 950
114694 114695 670
114700 114695 1234
114700 114697 596
114700 115517 1004
115520 115521 541
115520 115522 1834
115524 115522 3094
115265 115276 550
115265 115533 7179
115267 115268 2340
115267 115269 674
115269 115267 674
115269 115270 2122
115272 114815 1694
115272 115075 2329
115540 115295 2584
115540 115565 597
115556 115555 603
115556 115566 1139
115554 115555 433
115554 115563 1955
115575 115573 5248
115575 115578 473
106324 106325 1519
106324 106331 1179
106382 106373 782
106382 113720 434
32352 32353 2241
32352 32354 843
32358 32356 913
32358 32359 643
32394 32359 1022
32394 32405 696
32399 32405 1548
32399 32406 1770
34020 32400 374
106585 106584 1234
106585 113627 587
106509 106508 2340
106553 106534 587
106553 106552 1234
113724 113726 1174
106561 106533 4165
106563 106562 1591
106563 106564 104
114715 192999 278
192037 191858 2634
191802 191803 17147
191802 191813 1729
192886 192883 1916
192886 194481 362
192882 192881 2007
192882 192902 4002
192883 192881 2679
192883 192886 1916
192940 192941 1537
192940 192945 748
192940 192950 1948
193173 192950 1234
192936 192932 1021
192936 192933 556
192936 192938 787
192954 192938 2873
192954 192961 783
192933 192914 2349
192933 192930 787
192933 192936 556
192947 192930 1748
192947 192946 1175
193059 193061 877
193280 193061 1484
193280 193282 590
193052 193057 5163
193963 193964 565
193963 194247 790
190961 190962 637
192188 192189 1025
192188 192194 3569
192228 192502 317
192241 192240 1120
192241 192578 520
192234 192235 921
192234 192248 918
192240 192241 1120
192240 192466 485
192270 192260 955
192270 192277 1727
32585 35234 2363
32515 32520 1313
32520 32515 1313
32530 32531 1296
32531 32530 1296
35234 32585 2363
32776 32779 1379
32779 32776 1379
32791 32865 1457
32865 32791 1457
17342 17343 688
17343 17342 688
33906 33916 1885
33916 33906 1885
18488 18490 764
18490 18488 764
26547 26548 2212
26548 26547 2212
26193 26204 836
26204 26193 836
29159 29160 806
29160 29159 806
27321 27328 870
27328 27321 870
29107 52939 917
52939 29107 917
53130 53129 1299
53194 53197 1120
53197 53194 1120
53199 53037 1022
53037 53199 1022
53084 53086 878
53086 53084 878
53093 53091 1115
53129 53130 1299
53091 53093 1115
55014 55017 1782
55017 55014 1782
55611 55621 1275
55621 55611 1275
141312 141326 704
141326 141312 704
195348 195349 1218
195470 195349 856
195349 195348 1218
195349 195470 856
196192 196206 1367
196206 196192 1367
141330 141331 2246
141331 141330 2246
141031 141034 826
141114 141126 1379
141126 141114 1379
189896 189928 1808
189928 189896 1808
190334 190339 385
190339 190334 385
190339 190341 1164
190341 190339 1164
190407 190408 538
190408 190407 538
190462 190463 582
190463 190462 582
141034 141031 826
141038 141077 1074
141077 141038 1074
141070 141069 2125
141070 141728 1887
141728 141070 1887
141069 141070 2125
55705 55849 1352
55849 55705 1352
56148 56150 849
56150 56148 849
189874 189828 862
189884 189891 848
189891 189884 848
189828 189874 862
196662 196663 1207
196663 196662 1207
202618 202762 755
202762 202618 755
202785 202786 1010
202786 202785 1010
204154 204157 796
204158 204182 731
204182 204158 731
203917 203920 1956
203920 203917 1956
204157 204154 796
207298 207323 751
207323 207298 751
207320 207313 879
207313 207320 879
196598 196601 747
196601 196598 747
206050 206042 1936
198917 206039 363
206039 198917 363
206039 206042 969
206042 206039 969
206042 206050 1936
214369 206709 751
206709 214369 751
207014 207015 1016
207015 207014 1016
207021 207031 893
207031 207021 893
209392 209381 382
209381 209392 382
209556 209557 909
179009 179025 1357
179025 179009 1357
179026 179021 932
179280 179021 1686
179280 179293 1700
179276 179269 2044
179276 179293 849
179269 179267 709
179269 179270 673
179269 179276 2044
173430 173999 332
181130 173999 709
180327 180336 557
180337 180336 3692
180348 180694 713
180711 180694 1888
180711 180712 796
180353 180712 2379
180700 180699 354
180751 180747 1140
180751 180750 2691
163152 163151 871
163152 163154 1530
172652 163151 491
163158 163154 709
163158 163157 790
163326 163120 953
163326 163325 378
163121 163120 2452
163121 163122 777
163121 163181 2716
163181 163121 2716
163181 163180 1774
163120 163119 406
163120 163121 2452
163120 163326 953
163149 163150 1614
163149 163186 688
163168 163150 782
163168 163170 893
163168 163186 1499
163171 163170 552
163192 184603 1140
163197 184608 1140
184606 184607 202
184606 184608 807
163190 163186 790
163190 163191 818
184607 184606 202
184607 184728 1483
184732 184728 1614
184732 184730 2031
163166 163157 818
163176 163157 709
183428 183427 355
183434 183427 1592
183432 183433 3483
184841 183433 505
184841 184839 683
184838 184814 403
184838 184839 3675
184813 184805 2204
184813 184812 600
184813 184815 828
184813 184854 2543
184812 184813 600
184812 184814 2377
184816 184807 1282
184816 184815 747
184816 184817 848
184815 184808 1656
184815 184813 828
184815 184816 747
184815 184823 688
184771 184770 435
184771 184773 848
184777 184773 600
184777 184775 1064
184784 184775 713
184784 184919 1144
184921 184919 796
184921 184920 1064
184854 184813 2543
184854 184830 828
184887 184830 2104
184887 184890 752
184889 184834 1181
184889 184888 789
184889 184890 610
184836 184833 1029
184836 184837 1660
184890 184833 1184
184890 184887 752
184890 184889 610
184825 184837 610
184827 184828 796
184827 184934 985
184829 184828 552
184920 184918 782
184920 184921 1064
184934 184827 985
184934 184918 790
184741 184742 404
184741 184743 738
184758 184746 2322
184758 184760 709
184760 184756 2560
184760 184758 709
184738 184730 1786
184743 184730 404
184743 184741 738
184764 184755 1530
184764 184768 709
184770 184768 435
184770 184771 435
183386 183385 420
183386 183387 103
183390 183385 763
183401 183396 2248
183401 183402 952
183401 183415 758
183409 183402 355
183409 183410 435
183409 183429 1344
183438 183402 1357
183438 183429 435
183429 183409 1344
183429 183411 435
183429 183438 435
180729 180736 2162
180817 180822 723
180826 180828 2903
182019 182018 2457
185806 182018 4858
182509 182511 1350
182512 182511 1345
182894 182511 474
182586 182585 932
182586 182588 562
182588 182586 562
182588 182590 1178
182591 182590 238
182591 182592 1652
182592 182591 1652
182592 185740 1542
185741 185740 757
183663 183503 4176
183663 183656 788
183663 183666 3156
182613 182651 3605
182650 182651 599
183654 183502 3189
183654 183656 2282
183658 183659 517
183658 185237 2272
173981 173979 2218
173981 173980 2262
173981 185236 1181
185237 183658 2272
185237 185236 279
173978 173979 1619
173978 173980 344
173978 174014 818
173992 173995 811
174002 174001 668
174003 174001 281
174005 174004 2254
183585 174004 1420
182568 182569 1180
182615 183493 1430
183503 183501 677
183503 183502 939
183503 183663 4176
184032 184033 1085
174134 172902 1153
174134 174135 1467
172913 174132 2860
172913 174138 1009
174139 174132 858
186070 174132 416
172910 174137 1112
184045 184046 1199
174131 184108 355
184105 184108 279
174135 172907 1555
174135 174134 1467
173989 173990 1307
173991 173990 2748
173936 173958 4225
174328 174333 3994
174340 174339 3581
174341 174339 1447
174341 174359 1501
174363 174359 2754
174363 174364 621
174364 174363 621
174364 174367 784
174368 174367 1532
185945 174374 2034
174393 174394 1659
174380 174387 605
174558 174387 3359
175093 174560 4608
174396 174395 915
174081 174082 5839
174095 174082 5061
174086 174087 1100
174118 174087 893
174172 174173 2282
174213 174173 884
174175 174138 874
183806 183578 589
183806 183807 276
183825 183824 562
183825 183828 2367
183817 183818 924
183827 183828 667
184031 184007 1438
184031 184030 1357
183866 183865 778
183871 183865 1448
183871 183870 782
183815 183816 889
183815 183870 3122
183814 183816 1267
183845 183816 672
183845 183846 782
183845 183877 2535
183846 183845 782
183846 183877 2638
183387 183386 103
183387 183388 1153
183441 183415 1344
183441 183443 766
183867 183422 758
183867 183864 2688
183886 183422 1344
183886 183443 766
183862 183864 758
183447 183443 1576
214545 210466 757
214545 214544 272
209557 209555 451
209557 209556 909
209557 209559 830
209559 209555 810
209559 209557 830
209559 209562 796
209570 209561 1742
209570 209562 1008
209570 209581 1044
209581 209570 1044
209581 209578 2084
209581 209589 756
209589 209581 756
209589 209583 679
209589 209642 163
209642 209589 163
209642 209641 683
209645 209644 2708
209645 209663 796
210873 209663 1611
210873 209664 779
210885 209664 1533
210885 210888 867
210891 210888 1487
210891 211580 802
211588 211580 2419
211588 211590 785
211593 211590 2337
211591 211586 804
211591 211602 915
211591 211603 1511
211604 211602 591
211604 211608 1598
211609 211608 785
211609 211610 828
211655 210238 438
211655 211651 852
211655 211653 346
211655 211656 913
211654 211653 2471
211654 211657 778
211663 211657 1429
211663 211665 1288
211665 211662 274
211665 211663 1288
211610 211609 828
211610 211659 759
211660 211659 1661
211660 211697 602
211696 211661 568
211697 211660 602
211697 211661 337
211656 210238 744
211656 211655 913
211656 211666 657
211666 211656 657
211666 211670 1399
211672 211671 805
211826 210448 769
211826 211671 1933
210470 210448 1698
210470 210467 897
210470 210475 1605
210466 210450 874
210466 214545 757
210468 210450 1680
210468 210469 800
210468 210472 679
210469 210467 1626
210469 210468 800
210469 210475 769
210469 210522 1677
162668 162667 1055
162668 162673 790
162674 162673 1505
162674 162691 790
162694 162691 1530
162694 162697 710
162706 162697 924
162655 162667 709
163321 163332 782
163331 163332 2368
163333 163332 672
163263 163262 497
163273 163262 934
163270 163272 3915
163270 163316 796
162951 162944 1182
162951 162949 1293
162951 163003 1546
163003 162949 790
163003 162951 1546
163003 163284 984
163361 163285 782
163361 163318 688
163361 163362 517
163364 163289 447
163364 163363 241
163316 163270 796
163316 163309 850
163317 163318 1276
163366 163318 477
163286 163285 796
163286 163287 1906
163286 163304 818
163285 163286 796
163285 163289 1906
163285 163361 782
163284 163003 984
163284 163283 111
163298 163291 789
163300 163291 1355
163293 163292 905
163304 163286 818
163304 163292 1824
161339 161340 710
162731 161340 2348
162731 162729 710
162730 162728 790
162730 162729 2192
162721 162713 683
162721 162728 2691
162714 162713 606
210522 210469 1677
210522 210523 1843
210522 210524 769
210534 210520 724
210534 210523 878
210534 210536 1934
210535 210520 1702
210535 210533 791
210535 210536 214
210475 210469 769
210475 210470 1605
210475 210524 1676
211846 210524 897
211846 211893 1677
211886 211893 879
211886 211896 2191
211898 211896 775
163927 163928 137
199711 199738 3112
214259 199738 2013
211911 211912 860
211911 211913 897
211912 211911 860
211912 211913 364
211925 211913 1207
210473 210474 675
210471 210472 1262
210518 210472 1699
210518 210517 724
210518 210520 1770
210520 210518 1770
210520 210521 706
210520 210534 724
210520 210535 1702
210533 210521 1489
210533 210532 897
210533 210535 791
179102 179121 511
179122 179121 354
179066 179065 537
179066 179076 1221
179069 179065 650
179083 179080 452
179148 179147 2218
179148 179162 738
179162 179147 2183
179162 179148 738
179092 179086 738
179092 179144 208
179139 179153 1418
179152 179153 751
179076 179066 1221
179076 179086 1221
179136 179228 354
179229 179228 1322
179251 179245 796
179252 179245 1034
179266 179265 782
179267 179265 765
179267 179269 709
179279 179265 2153
179226 179233 354
179234 179233 848
179234 179243 796
179243 179234 796
179243 179248 890
179249 179248 329
115381 115382 2099
115381 115385 1124
115385 115381 1124
115385 115386 2451
114538 114694 950
114695 114694 670
114695 114700 1234
114697 114700 596
115517 114700 1004
115521 115520 541
115522 115520 1834
115522 115524 3094
115276 115265 550
115533 115265 7179
115268 115267 2340
115270 115269 2122
114815 115272 1694
115075 115272 2329
115295 115540 2584
115565 115540 597
115565 115566 344
115555 115554 433
115555 115556 603
115555 115566 1630
115566 115555 1630
115566 115556 1139
115566 115565 344
115563 115554 1955
115573 115575 5248
115578 115575 473
106325 106324 1519
106331 106324 1179
106373 106382 782
113720 106382 434
32353 32352 2241
32354 32352 843
32354 32356 320
32356 32354 320
32356 32358 913
32359 32358 643
32359 32394 1022
32405 32394 696
32405 32399 1548
32406 32399 1770
32400 34020 374
106584 106585 1234
113627 106585 587
106508 106509 2340
106534 106533 419
106534 106553 587
106552 106553 1234
113726 113724 1174
106533 106534 419
106533 106561 4165
106562 106563 1591
106564 106563 104
192999 114715 278
191858 192037 2634
191803 191802 17147
191813 191802 1729
194481 192886 362
192881 192882 2007
192881 192883 2679
192902 192882 4002
192941 192940 1537
192945 192940 748
192950 192940 1948
192950 193173 1234
192932 192936 1021
192938 192936 787
192938 192954 2873
192961 192954 783
192914 192933 2349
192930 192933 787
192930 192947 1748
192946 192947 1175
193061 193059 877
193061 193280 1484
193282 193280 590
193057 193052 5163
193964 193963 565
194247 193963 790
190962 190961 637
192189 192188 1025
192194 192188 3569
192502 192228 317
192578 192241 520
192235 192234 921
192248 192234 918
192466 192240 485
192260 192270 955
192277 192270 1727
929
179021
179293
179270
173999
180336
180694
180712
180699
180750
180747
163151
163154
163325
163122
163180
163119
163150
163170
184603
184608
163186
163191
184728
163157
183427
183433
184839
184805
184814
184807
184817
184808
184773
184775
184919
184830
184888
184834
184833
184837
184828
184918
184823
184742
184746
184756
184730
184755
184768
183385
183396
183402
183410
183411
180736
180822
180828
182018
182511
182585
182590
185740
183666
182651
183656
183659
185236
173980
174014
173995
174001
174004
173979
182569
183493
183502
183501
184033
172902
174132
174137
184046
184108
172907
173990
173958
174333
174339
174359
174367
174374
174394
174387
174560
174395
174082
174087
174173
174138
183807
183824
183818
183828
184007
184030
183865
183870
183816
183877
183388
183415
183422
183864
183443
183578
214544
209555
209561
209562
209578
209583
209641
209644
209663
209664
210888
211580
211590
211586
211603
211602
211608
211651
211653
211657
211662
211659
211661
210238
211670
211671
210448
210450
210467
162673
162691
162697
162667
163332
163262
163272
162944
162949
163362
163363
163309
163318
163287
163289
163283
163291
163292
161340
162729
162728
162713
210523
210536
210524
211893
211896
163928
199738
211913
210474
210472
210517
210521
210532
179121
179065
179080
179147
179144
179153
179086
179228
179245
179265
179233
179248
115382
115386
114694
114700
115520
115524
115265
115267
115269
115272
115540
115556
115554
115575
106324
106382
32352
32358
32394
32399
34020
106585
106509
106553
113724
106561
106563
114715
192037
191802
192886
192882
192883
192940
193173
192936
192954
192933
192947
193059
193280
193052
193963
190961
192188
192228
192241
192234
192240
192270
192289
192519
192242
192200
192390
192489
192389
32680
32681
32585
32688
32693
32749
32762
32745
32782
32443
29568
29581
32454
31059
32473
29587
32494
32515
32520
32528
32530
32531
32635
32570
35234
32776
32778
32779
32791
32865
32873
32876
33084
32875
34049
33058
107873
107876
107882
107893
105671
107899
107916
103379
108037
103381
107985
108014
33495
108042
33501
33547
33581
33582
35385
33743
33749
33756
33755
33760
16949
33828
17219
17217
17222
17234
17240
17323
17342
17343
18167
33918
33906
33927
33924
33931
33956
17207
33916
17378
17436
16856
27165
18330
18336
34003
18177
33981
33979
18321
18326
33991
33992
33995
18345
18347
33983
33984
18408
18620
18600
18601
18612
18617
18643
18644
18689
18695
18696
18466
18488
18491
18490
103491
103550
103557
103558
103522
18635
18639
18699
18815
26626
26142
26152
26547
26548
26559
26610
26568
26574
26651
26271
26583
26618
26582
26588
26620
26589
26193
26204
26209
26246
26250
26212
26249
26261
26202
29189
26451
29201
105538
105541
103687
29007
29012
29013
29136
29140
29163
29159
29160
26313
27293
29203
27284
27304
27300
27320
27321
27328
27386
27342
27345
29374
27403
29407
29106
29107
29372
52939
53144
53130
53109
53112
53116
53111
53123
53192
53194
53197
53199
53037
53053
53065
53061
53063
53328
53254
53256
53071
53084
53086
53098
53068
53093
53129
53091
53607
54878
54882
54893
54932
54936
55014
55017
55592
55593
55596
55611
55621
53564
49744
49743
49752
49761
53681
53726
54763
141312
141326
195348
144259
195469
195470
195349
195519
195532
195539
196290
196192
195455
195453
195454
195450
196198
196202
196200
196206
141334
141330
141331
141395
141399
141400
141031
141039
141114
141130
141309
141126
189896
189928
190294
189931
190329
190334
190339
190341
190343
186602
186604
189698
189700
190372
139807
140025
140069
140071
190411
190413
190431
190407
190408
190690
139916
139928
139929
190420
190427
190462
190463
190465
190256
186605
189693
141034
141038
141077
141079
141143
141089
141094
141095
141161
141697
141070
141702
141705
141706
141728
141069
141082
55630
55690
55705
55849
56148
56150
56166
56170
56228
56612
56786
56792
189874
189884
189891
189828
196660
196662
196659
196663
197212
197230
197245
202593
202608
202618
202761
202762
202767
202785
202786
204154
204158
203925
204149
204182
203914
203917
203920
203921
204157
204172
204176
204179
204226
204244
204232
204273
207066
207067
203652
202792
203574
203536
203472
203642
207095
207109
207111
207056
207064
206036
207317
207298
207314
207323
207320
207313
207296
203960
207301
196283
196492
196286
196495
196513
196506
196518
196523
196586
196595
196598
196601
206050
206052
198917
206037
206039
206042
206695
214369
206709
206711
206724
206791
206775
206943
206946
207011
207014
207015
207021
207031
207032
209317
209361
209364
209389
209392
209381
209556
178833
178841
178962
178976
178982
179005
178986
179009
179025
179026
179280
179276
173430
180327
180348
180711
180353
180700
180751
163152
172652
163158
163326
163121
163181
163120
163149
163192
163197
184606
163190
184732
163166
163176
183428
183434
183432
184841
184838
184812
184771
184777
184784
184921
184854
184887
184836
184890
184825
184827
184920
184934
184741
184758
184760
184738
184743
184764
184770
183401
183438
183429
180729
180817
180826
182019
185806
182509
182894
182586
182588
182591
182592
182613
182650
183654
183658
173981
185237
173992
174002
174003
174005
182568
182615
184032
174134
172913
172910
184045
174131
184105
174135
173989
173936
174328
174341
174364
174393
174380
174558
175093
174396
174081
174086
174118
174172
174213
174175
183806
183825
183817
183827
184031
183866
183871
183815
183814
183845
183846
183441
183867
183886
183862
183447
209557
209559
209570
209581
209642
209645
210873
210885
210891
211588
211593
211604
211609
211654
211663
211665
211610
211660
211696
211697
211656
211666
211672
211826
210470
210468
162668
162674
162694
162655
163321
163331
163333
163273
163270
163003
163316
163317
163366
163286
163284
163298
163293
163304
161339
162731
162730
162721
210522
210534
210475
211846
211886
211898
163927
199711
214259
211911
211912
211925
210518
179102
179122
179066
179069
179083
179148
179162
179092
179139
179152
179076
179136
179251
179267
179279
179226
179234
179243
179249
115381
115385
114538
114695
114697
115522
115276
115533
114815
115075
115295
115565
115563
115573
115578
106325
106331
106373
32353
32354
32356
32359
32405
32406
32400
106584
106508
106552
106533
106562
106564
192999
191858
191803
191813
192881
192902
192945
192950
192932
192938
192961
192914
192930
192946
193061
193282
193057
192189
192578
192466
192260
