608
109815 109814 2183
109815 109894 452
109854 109853 475
109854 109906 1221
105184 105183 201
110998 110995 2443
110998 113822 452
110970 110971 876
110972 110973 2040
110972 110974 750
110972 111088 1306
111089 111088 889
111089 111091 1445
111101 111091 672
111321 111098 1973
111321 111327 672
111337 111327 1778
111337 111338 672
111337 111344 696
111339 111341 2488
111339 111347 805
103337 103333 790
103337 103339 411
103337 111469 1016
111475 111474 1630
111475 111478 418
111478 111475 418
111478 111481 903
103339 103337 411
103339 111358 962
111476 103356 681
111476 111358 889
111477 103356 1472
111477 111347 496
111347 103357 1639
111347 111339 805
111347 111477 496
111226 111227 1007
111480 111479 782
111480 111540 2310
111236 111532 1599
111239 111532 778
111533 111532 778
111533 111867 813
111535 111229 672
111535 113674 1444
111232 111227 1599
111519 111520 809
111519 111521 403
105277 111227 1594
111564 111565 688
111564 111566 847
111587 111565 2354
111587 111594 782
111596 111594 1683
111596 111597 672
111575 111571 924
111577 111560 782
111577 111567 1683
111577 111578 778
111597 111560 2186
111597 111596 672
111578 111576 2354
111578 111577 778
111592 111579 756
111592 111682 782
111682 111580 672
111682 111592 782
111682 111684 1675
111722 111690 419
111726 111691 1428
111726 111727 889
111727 111707 1432
111727 111718 672
111727 111726 889
111732 111718 2195
112147 112158 434
111766 111716 2445
111766 111765 667
112149 112150 681
112149 112165 1375
111742 111739 1445
111742 111740 756
111752 111712 344
111752 111739 672
111653 111652 750
111653 111657 610
111669 111666 1008
111669 111668 905
111672 111636 1891
111672 111667 672
111456 111450 336
111456 111452 889
111658 111654 1926
111652 111653 750
111652 111654 904
112580 112589 1055
112580 113582 814
112588 112589 836
112588 112590 201
111700 111705 1004
111700 111715 950
111740 111715 1225
111740 111742 756
112602 112599 1234
112602 112601 806
112602 112615 1457
112610 112613 836
111768 111760 950
111768 111769 750
112168 111760 826
112168 112166 1234
112165 112149 1375
112165 112166 764
112668 112613 1542
112668 112656 747
112632 112631 747
112632 112634 1078
112656 112614 1609
112656 112634 750
112656 112668 747
112631 112632 747
112631 112633 2412
112631 112697 672
112700 112633 1124
112700 112702 1248
112701 112702 676
112701 112707 418
112772 112773 279
104306 104310 927
104308 104309 336
104308 104318 599
104318 104308 599
104318 104321 1341
104323 104321 836
104320 104300 1917
104320 104321 737
104320 104325 737
103326 103325 672
103324 103325 938
103324 112774 2195
112774 103324 2195
112774 112773 737
112713 112598 782
112713 112708 1004
112709 112708 1139
112598 112597 777
112598 112713 782
112644 112595 556
105729 105726 778
112885 105727 826
112887 105728 445
112887 112891 354
112763 112750 7428
105723 105724 1304
104337 104338 889
104509 104512 975
104325 104301 1863
104325 104320 737
104325 104326 737
104326 104302 1950
104326 104325 737
104326 104338 737
104341 104297 2040
104341 104338 737
104296 104297 877
104405 104359 1265
39227 39212 1854
39227 39226 452
39229 39212 672
39229 39584 3294
39585 39586 476
39585 39587 2230
39530 39529 1138
39530 39534 841
39564 39547 202
39564 39550 1919
39555 39550 1878
39555 39557 927
39531 39525 2041
39592 39587 64
39592 46102 1045
39221 39219 1280
39221 39223 1066
104742 104743 1085
104757 104766 2316
113700 104794 925
113700 113701 1205
39193 39190 1945
39193 39192 1696
39197 39194 336
39197 39198 905
39198 39197 905
39198 39199 818
39218 39199 2366
39218 39219 1344
104749 104750 556
104816 104814 878
104816 104830 2458
104830 104816 2458
39559 39557 2782
39446 39448 788
39448 39446 788
39500 39498 1302
39498 39500 1302
40497 40500 677
40500 40497 677
40521 40535 238
40535 40521 238
40828 40596 2357
40596 40828 2357
40938 40936 1114
40936 40938 1114
41634 41636 2069
41636 41634 2069
48404 48403 670
48529 48540 2454
48540 48529 2454
48552 48667 1104
48347 48343 511
48343 48347 511
48403 48404 670
48667 48552 1104
48676 48688 1408
48688 48676 1408
131397 131399 3104
131397 131400 476
131397 131641 1995
131399 131397 3104
131400 131397 476
131641 131397 1995
131677 131679 7006
131679 131677 7006
120738 120739 1508
120739 120738 1508
54360 54361 562
54361 54360 562
54446 54496 2291
54496 54446 2291
53921 53908 404
53908 53921 404
55149 55164 374
55164 55149 374
144481 142529 2398
144481 144489 2542
144489 144481 2542
144489 144526 2767
144526 144489 2767
144655 144669 778
151769 150660 361
150659 150660 262
150660 150659 262
150660 151769 361
150687 139903 1633
139903 150687 1633
139906 140186 458
140186 139906 458
140205 140206 2049
140206 140205 2049
141575 141874 2359
142529 144481 2398
141874 141575 2359
141877 141914 2325
141914 141877 2325
141931 141932 399
141932 141931 399
142575 142580 1367
142580 142575 1367
55465 55478 810
55478 55465 810
204697 204700 335
204700 204697 335
144669 144655 778
144723 144724 969
144759 144756 1545
144767 144772 800
144724 144723 969
144756 144759 1545
144772 144767 800
144730 144722 774
144722 144730 774
145518 145521 801
145521 145518 801
145596 145597 744
145597 145596 744
145597 145609 757
145609 145597 757
145772 145767 747
145762 145757 823
145757 145762 823
145767 145772 747
145852 145861 729
145861 145852 729
146056 146071 809
146071 146056 809
151491 151492 977
151492 151491 977
148163 149314 2038
151559 149314 1523
149314 148163 2038
149314 151559 1523
204515 204518 261
204518 204515 261
208613 208614 756
208613 208615 1007
208614 208613 756
208601 208609 843
207866 207865 547
208615 208613 1007
207865 207866 547
208609 208601 843
208629 208666 884
208666 208629 884
166452 166493 758
166493 166452 758
167196 167197 2088
167197 167196 2088
167175 167169 650
167169 167175 650
167088 167089 1980
166750 166759 766
166759 166750 766
166759 166763 1017
166763 166759 1017
167033 167061 933
167061 167033 933
167089 167088 1980
180382 180391 737
180391 180382 737
180397 179703 789
179703 180397 789
169973 170751 682
170751 169973 682
182212 182213 2174
182213 182212 2174
182215 182314 1556
182314 182215 1556
152349 152348 351
152348 152349 351
152348 152944 775
152944 152348 775
152319 152333 1766
152333 152319 1766
176124 176130 667
176485 176486 1565
176505 176477 667
176486 176485 1565
176130 176124 667
176477 176505 667
176954 176952 1124
176952 176954 1124
176969 177037 849
177037 176969 849
177182 177187 709
177187 177182 709
176091 176096 1346
176076 176200 1498
176200 176076 1498
176200 176199 365
176096 176091 1346
176199 176200 365
176896 176897 1222
176897 176896 1222
167311 167312 279
167312 167311 279
165054 165068 279
165061 165060 475
165068 165054 279
165060 165061 475
165515 165173 344
165173 165515 344
164580 164533 953
164533 164580 953
211550 211552 278
211552 211550 278
212172 212174 805
212174 212172 805
212200 212202 347
212202 212200 347
212202 212230 469
212230 212202 469
212516 212529 1682
212529 212516 1682
114908 114910 3299
114910 114908 3299
106961 106966 949
106966 106961 949
106730 106731 746
106731 106730 746
115971 115979 755
115979 115971 755
92721 92720 1398
92720 92721 1398
191501 191506 1843
191506 191501 1843
109814 109815 2183
109894 109815 452
109853 109854 475
109906 109854 1221
105183 105184 201
110995 110998 2443
113822 110998 452
110971 110970 876
110973 110972 2040
110974 110972 750
111088 110972 1306
111088 111089 889
111091 111089 1445
111091 111101 672
111098 111321 1973
111327 111321 672
111327 111337 1778
111338 111337 672
111344 111337 696
111341 111339 2488
103333 103337 790
111469 103337 1016
111469 111474 580
111474 111469 580
111474 111475 1630
111481 111478 903
111481 111479 983
111358 103339 962
111358 111476 889
103356 111476 681
103356 111477 1472
103357 111347 1639
111227 105277 1594
111227 111226 1007
111227 111229 782
111227 111232 1599
111479 111480 782
111479 111481 983
111540 111480 2310
111532 111236 1599
111532 111239 778
111532 111533 778
111867 111533 813
111229 111227 782
111229 111535 672
113674 111535 1444
111520 111519 809
111521 111519 403
111565 111564 688
111565 111587 2354
111566 111564 847
111594 111587 782
111594 111596 1683
111571 111575 924
111560 111577 782
111560 111597 2186
111567 111577 1683
111576 111578 2354
111576 111579 782
111579 111576 782
111579 111580 778
111579 111592 756
111580 111579 778
111580 111682 672
111684 111682 1675
111684 111690 421
111690 111684 421
111690 111691 816
111690 111722 419
111691 111690 816
111691 111707 778
111691 111726 1428
111707 111691 778
111707 111727 1432
111718 111716 672
111718 111727 672
111718 111732 2195
112158 112147 434
111716 111718 672
111716 111766 2445
111765 111766 667
112150 112149 681
112150 112166 1398
111739 111715 708
111739 111742 1445
111739 111752 672
111712 111752 344
111657 111653 610
111657 111666 1111
111666 111657 1111
111666 111669 1008
111668 111667 893
111668 111669 905
111636 111672 1891
111667 111668 893
111667 111672 672
111450 111452 713
111450 111456 336
111452 111450 713
111452 111456 889
111654 111652 904
111654 111658 1926
112589 112580 1055
112589 112588 836
113582 112580 814
112590 112588 201
112590 112599 1014
111705 111700 1004
111715 111700 950
111715 111739 708
111715 111740 1225
112599 112590 1014
112599 112602 1234
112601 112602 806
112615 112602 1457
112615 112614 279
112613 112610 836
112613 112614 649
112613 112668 1542
111760 111768 950
111760 112168 826
111769 111768 750
112166 112150 1398
112166 112165 764
112166 112168 1234
112634 112632 1078
112634 112656 750
112614 112613 649
112614 112615 279
112614 112656 1609
112633 112631 2412
112633 112700 1124
112697 112631 672
112702 112700 1248
112702 112701 676
112702 112707 747
112707 112701 418
112707 112702 747
112707 112708 713
112773 103325 2179
112773 112772 279
112773 112774 737
104310 104306 927
104310 104309 708
104309 104308 336
104309 104310 708
104321 104318 1341
104321 104320 737
104321 104323 836
104300 104301 806
104300 104320 1917
103325 103324 938
103325 103326 672
103325 112773 2179
112708 112707 713
112708 112709 1139
112708 112713 1004
112597 112598 777
112595 112644 556
105726 105729 778
105727 112885 826
105728 112887 445
112891 112887 354
112750 112763 7428
105724 105723 1304
104338 104326 737
104338 104337 889
104338 104341 737
104512 104509 975
104301 104300 806
104301 104302 809
104301 104325 1863
104302 104301 809
104302 104326 1950
104297 104296 877
104297 104341 2040
104359 104405 1265
39212 39227 1854
39212 39229 672
39226 39223 1393
39226 39227 452
39584 39229 3294
39586 39585 476
39587 39585 2230
39587 39592 64
39529 39530 1138
39534 39530 841
39547 39564 202
39550 39555 1878
39550 39564 1919
39557 39555 927
39557 39559 2782
39525 39531 2041
46102 39592 1045
39219 39218 1344
39219 39221 1280
39223 39221 1066
39223 39226 1393
104743 104742 1085
104766 104757 2316
104794 113700 925
113701 113700 1205
39190 39192 1454
39190 39193 1945
39192 39190 1454
39192 39193 1696
39192 39194 796
39194 39192 796
39194 39197 336
39199 39198 818
39199 39218 2366
104750 104749 556
104814 104816 878
973
109815
109854
105184
110998
110970
110972
111089
111101
111321
111337
111339
103337
111475
111478
103339
111476
111477
111347
111226
111480
111236
111239
111533
111535
111232
111519
105277
111564
111587
111596
111575
111577
111597
111578
111592
111682
111722
111726
111727
111732
112147
111766
112149
111742
111752
111653
111669
111672
111456
111658
111652
112580
112588
111700
111740
112602
112610
111768
112168
112165
112668
112632
112656
112631
112700
112701
112772
104306
104308
104318
104323
104320
103326
103324
112774
112713
112709
112598
112644
105729
112885
112887
112763
105723
104337
104509
104325
104326
104341
104296
104405
39227
39229
39585
39530
39564
39555
39531
39592
39221
104742
104757
113700
39193
39197
39198
39218
104749
104816
104835
104882
105022
105025
104865
104830
104424
104906
104877
104926
105001
105003
105009
104464
105005
105027
104669
39559
39345
39464
39463
39446
39466
39448
39391
39451
39416
39443
39414
39475
39484
39500
39498
39701
40439
39707
40460
40484
40489
40497
40500
40505
40519
40521
40526
40535
40538
40609
40527
40616
41129
40558
40390
40552
40618
40632
40828
40835
40837
40851
40854
40858
40953
40957
40921
40585
40592
40596
40622
40924
40926
40938
40945
40923
40944
40936
55225
55245
55248
55414
55460
55467
41634
41636
48391
41646
41645
48405
48404
48525
48529
48540
48552
48347
48370
48343
48403
48667
48676
48688
48710
48711
48776
48739
48742
48737
48716
49054
48898
48907
48906
48913
49052
48891
48897
48934
48935
48948
48950
48958
48870
48919
48974
49016
48996
48986
48995
48998
49024
50485
49029
49037
49177
49197
49468
49035
48317
48322
48327
48310
131381
131389
131387
131397
131399
131400
131641
131644
131649
131660
131677
131679
131820
131821
120738
120739
131901
54369
53779
54356
54360
54361
54420
54442
54446
54496
54379
54551
54575
54578
54582
52717
54535
54538
54540
54676
54682
54666
53868
56780
53921
53918
53908
53930
55149
55164
55168
55170
55211
144481
144489
144526
144540
142093
144676
144689
144655
139788
139795
143290
150607
146998
151769
150659
150660
150687
139903
139904
139906
140186
140205
140206
140258
140259
140271
141575
142496
142504
142532
142543
142529
141874
141877
141914
141931
141932
151667
142089
151756
142056
142057
142058
142072
142563
142575
142580
142581
142604
142611
142720
142498
142507
142726
142763
142730
142768
142765
55465
55478
56361
56380
56367
204537
204697
204700
204718
204519
204719
204795
204800
204840
207873
207874
207779
144669
144731
144701
144725
144723
144759
144767
145309
144724
144756
144771
144772
145315
144730
144762
144770
144722
145098
145102
145114
145116
145499
145502
145516
145518
145521
145592
145596
145597
145609
145772
145761
145762
145757
145780
145781
145611
145622
145767
145777
145820
145850
145852
145861
145867
145876
146052
146056
146071
146102
151475
151491
151492
151553
151731
151581
151565
148163
151583
151558
203814
151559
149314
151497
203824
204453
204515
204518
204534
208613
208598
208614
208617
208606
208601
207866
194685
208634
208623
208620
208615
207791
207798
207884
207849
207850
207865
208609
208629
208665
208666
208659
208662
208657
208672
208710
208709
208724
208731
211107
211172
180260
180262
180250
180269
180466
185574
180414
166398
166452
166493
166503
166547
166545
166578
166730
172661
166704
167201
167207
167202
167196
167197
167175
167167
167169
167213
167088
166717
166750
166759
166760
166763
167033
167061
167096
172176
167089
167011
152420
152424
162545
152403
152412
180498
180126
180382
180391
180397
179703
180175
180189
177718
180186
169973
170751
182312
179713
181915
182117
182128
182124
182147
182190
182212
182213
182215
182314
152317
152349
152350
152942
152312
152348
152940
152944
152319
152333
152340
152343
152325
152409
152472
152479
153005
153101
155706
155724
152929
153102
173871
173574
173673
173583
173551
173713
173521
173164
173166
173712
173849
173853
173855
186040
186160
152916
153013
153017
153021
155486
153024
153035
153038
155507
155510
155528
155568
155482
176117
176124
176485
176505
176470
176496
176504
176486
176515
176498
176517
176132
176130
176009
176136
176134
176477
176475
155680
156237
156249
155628
155636
155638
155640
155621
155590
155619
175977
175974
177112
177118
177122
177074
177021
176997
185715
176954
176952
176969
177030
177043
177042
177037
177010
177040
177176
177182
177187
176091
176076
176200
176096
176199
176962
176964
177155
176758
176793
176848
176869
176889
176896
176897
173862
174954
174952
174976
176760
174965
176634
174961
174958
176713
185688
211336
211347
211364
211019
211326
211329
166473
165073
165079
165093
165236
165309
165264
165322
165230
165330
167288
167311
167308
167312
166484
166492
166553
166551
166474
166490
166541
165048
165049
165051
165054
165058
165061
165068
165060
165070
164475
165140
165120
165122
164454
164448
164444
164812
164803
165515
165173
165175
165169
165355
165368
164457
161395
164723
164726
164717
164715
164721
164730
164739
164740
164580
164532
164533
161409
164593
211398
211407
214931
211527
211535
211534
211550
211552
211556
211557
212172
212174
212179
212193
212199
212200
212202
212230
211406
212458
212465
161404
161428
212516
212529
212251
212252
212440
114654
114303
114197
114199
114429
114602
114570
114018
114020
119125
119322
119151
119154
119399
119402
114914
114939
114908
114910
114900
114934
91998
92000
92068
92121
92111
92205
92214
115422
115748
115809
115811
92308
92312
105807
107036
107085
107179
106970
106961
106966
107118
107416
107451
107439
107481
107482
107444
107529
107532
109492
107518
107477
107474
109490
92822
92828
103135
92962
93034
93192
102816
92825
92832
106727
106730
106731
115971
115979
115964
115785
115985
115995
115992
92721
92518
92720
115852
115863
191501
191506
191512
191528
191534
190886
190895
191969
191697
194079
191733
192754
191559
191854
191785
191552
191840
191946
191772
191955
192123
192666
192772
192775
193851
194020
192721
192728
192810
114065
114405
194382
107564
109461
109769
109800
109820
109814
109894
109853
105183
110995
110974
111088
111091
111098
111327
111338
111341
103333
111469
111474
111481
111358
103356
103357
111479
111229
111520
111565
111566
111594
111571
111560
111567
111576
111579
111580
111684
111691
111707
111718
111716
111765
112150
111739
111712
111657
111666
111636
111667
111450
111452
111654
112589
113582
112590
111705
111715
112599
112601
112615
111760
111769
112166
112634
112633
112702
104310
104309
104321
104300
112597
112595
105726
105727
105728
112891
112750
105724
104338
104302
104297
104359
39212
39226
39584
39587
39529
39534
39547
39550
39557
39525
46102
39219
39223
104743
104794
113701
39190
39194
39199
104814
