3492
211547 211533 401
211547 211534 123
212176 212174 816
212176 212179 1734
212176 212193 817
212191 212193 1465
212194 212193 883
212194 212199 1767
212194 212200 833
212198 212200 368
212198 212202 469
212229 212230 973
211452 211451 787
211452 211460 1143
211460 211452 1143
211460 211453 622
211454 211398 507
211454 211406 1477
212457 212458 781
212464 212458 1757
212464 212465 797
161405 161404 4345
161405 172425 667
161408 161428 2576
212510 212465 1742
212510 212516 744
212527 212529 448
212527 212530 1695
212250 212251 780
212250 212252 1356
212253 212252 781
212253 212440 1356
212439 212440 735
114384 114383 1276
114384 114654 1084
114653 114652 4431
114302 114303 1561
114198 114197 475
114198 114199 748
114428 114429 3887
114582 114602 749
114603 114570 735
114603 114602 1582
114603 116193 1831
114019 114018 1165
114019 114020 887
119126 119125 2043
119126 119322 3667
119152 119353 16865
119150 119151 3643
119150 119154 827
119404 119399 2109
119405 119402 417
114915 114914 2607
114915 114939 445
114951 114908 2038
114951 114910 2590
114899 114900 562
114930 114934 306
91999 91998 5098
91999 92000 12185
92075 92068 11671
92122 92121 8154
92112 92111 9886
92211 92205 1382
92211 92212 736
92212 92211 736
92212 92214 4016
115398 115439 2143
115400 115439 2264
115419 115422 2428
115419 115425 335
115420 115421 2406
115722 115723 640
115722 115747 301
115723 115722 640
115723 115748 777
115723 115752 603
115753 115754 888
115753 115755 402
115677 115678 884
115677 115679 749
115810 115809 2130
115810 115811 301
92309 92308 168
92309 115728 1727
115729 115728 434
92311 92312 737
115730 115460 1292
105808 105807 1551
105808 105807 1551
106736 106737 672
107025 106737 2026
107048 107036 1263
107048 107047 3847
107092 107085 3058
107092 107179 1625
106969 106968 3482
106969 106970 278
106960 106961 905
106960 106967 930
106967 106960 930
106967 106966 796
106967 106968 1166
107117 107118 2750
107117 107391 2687
107389 107391 1933
107417 107416 1584
107417 107451 2365
107440 107439 1918
107440 107481 763
107483 107482 345
107483 116327 3287
107443 107444 2950
116313 116314 1231
107528 107529 835
107528 107532 2496
113747 109492 100
113747 113748 76
107519 107518 2030
107476 107477 588
109709 107474 186
109709 109490 1968
92827 92822 515
92827 92828 723
103136 103135 872
103136 103140 602
92963 92962 587
93033 93034 889
93193 93192 3886
102817 102816 7047
92824 92825 707
92824 92835 553
92831 92832 2043
92831 92835 3593
102594 102593 597
102594 102595 576
92872 92873 1055
92872 92874 1334
92948 102598 2879
92948 102599 1334
92948 102600 1374
102598 92948 2879
102598 102767 759
106725 106724 2100
106725 106727 1408
106724 106725 2100
106724 106730 889
106744 106745 763
106757 106730 2855
106733 106731 336
115970 115971 1257
115970 115979 1124
115966 115964 1321
115966 115967 233
115967 115966 233
115967 115968 1375
115782 115783 1047
115782 115784 749
115782 115785 1827
115984 115985 303
115984 115995 144
115994 115992 1248
115994 115995 793
92723 92721 1024
92723 92722 1504
92728 92518 2228
92722 92720 1077
92722 92723 1504
115850 115852 2131
115850 115862 889
115850 115863 1031
115990 115992 139
191500 191501 1056
191505 191506 2656
191505 191512 767
191789 191528 725
191789 192011 484
192011 191534 1034
192011 191789 484
190885 190886 2844
190885 190895 403
191713 191712 409
191713 191969 1238
191971 191697 560
191971 194079 1144
191712 191713 409
191712 191733 354
191734 192748 2929
191734 192749 3303
194225 194226 1830
194225 194226 1830
194222 192754 2075
194222 194223 2187
191483 194431 874
191560 191559 1127
191560 191854 538
191784 191785 1597
191551 191552 6363
191551 191840 5709
191938 191946 1853
191938 191947 1756
191601 191602 6120
191601 191772 3433
191879 191880 3061
191879 191955 7622
191958 191959 102
192665 192123 1162
192665 192666 1108
192774 192772 2215
192774 192775 704
194014 193851 2228
194014 194020 1194
192723 192721 8028
192811 192728 2035
192811 192810 3212
114064 114065 7699
114404 114405 502
114404 114655 4181
114404 114720 3063
194384 194382 317
194384 194385 237
107565 107564 1586
107565 107566 3312
109460 109461 418
109460 109777 1207
109781 107566 927
109781 109769 1407
109781 109800 4088
113871 107566 343
109799 109820 2105
109815 109814 2183
109815 109894 452
109854 109853 475
109854 109906 1221
105184 105183 201
110998 110995 2443
110998 113822 452
110970 110971 876
110972 110973 2040
110972 110974 750
110972 111088 1306
111089 111088 889
111089 111091 1445
111101 111091 672
111321 111098 1973
111321 111327 672
111337 111327 1778
111337 111338 672
111337 111344 696
111339 111341 2488
111339 111347 805
103337 103333 790
103337 103339 411
103337 111469 1016
111475 111474 1630
111475 111478 418
111478 111475 418
111478 111481 903
103339 103337 411
103339 111358 962
111476 103356 681
111476 111358 889
111477 103356 1472
111477 111347 496
111347 103357 1639
111347 111339 805
111347 111477 496
111226 111227 1007
111480 111479 782
111480 111540 2310
111236 111532 1599
111239 111532 778
111533 111532 778
111533 111867 813
111535 111229 672
111535 113674 1444
111232 111227 1599
111519 111520 809
111519 111521 403
105277 111227 1594
111564 111565 688
111564 111566 847
111587 111565 2354
111587 111594 782
111596 111594 1683
111596 111597 672
111575 111571 924
111577 111560 782
111577 111567 1683
111577 111578 778
111597 111560 2186
111597 111596 672
111578 111576 2354
111578 111577 778
111592 111579 756
111592 111682 782
111682 111580 672
111682 111592 782
111682 111684 1675
111722 111690 419
111726 111691 1428
111726 111727 889
111727 111707 1432
111727 111718 672
111727 111726 889
111732 111718 2195
112147 112158 434
111766 111716 2445
111766 111765 667
112149 112150 681
112149 112165 1375
111742 111739 1445
111742 111740 756
111752 111712 344
111752 111739 672
111653 111652 750
111653 111657 610
111669 111666 1008
111669 111668 905
111672 111636 1891
111672 111667 672
111456 111450 336
111456 111452 889
111658 111654 1926
111652 111653 750
111652 111654 904
112580 112589 1055
112580 113582 814
112588 112589 836
112588 112590 201
111700 111705 1004
111700 111715 950
111740 111715 1225
111740 111742 756
112602 112599 1234
112602 112601 806
112602 112615 1457
112610 112613 836
111768 111760 950
111768 111769 750
112168 111760 826
112168 112166 1234
112165 112149 1375
112165 112166 764
112668 112613 1542
112668 112656 747
112632 112631 747
112632 112634 1078
112656 112614 1609
112656 112634 750
112656 112668 747
112631 112632 747
112631 112633 2412
112631 112697 672
112700 112633 1124
112700 112702 1248
112701 112702 676
112701 112707 418
112772 112773 279
104306 104310 927
104308 104309 336
104308 104318 599
104318 104308 599
104318 104321 1341
104323 104321 836
104320 104300 1917
104320 104321 737
104320 104325 737
103326 103325 672
103324 103325 938
103324 112774 2195
112774 103324 2195
112774 112773 737
112713 112598 782
112713 112708 1004
112709 112708 1139
112598 112597 777
112598 112713 782
112644 112595 556
105729 105726 778
112885 105727 826
112887 105728 445
112887 112891 354
112763 112750 7428
105723 105724 1304
104337 104338 889
104509 104512 975
104325 104301 1863
104325 104320 737
104325 104326 737
104326 104302 1950
104326 104325 737
104326 104338 737
104341 104297 2040
104341 104338 737
104296 104297 877
104405 104359 1265
39227 39212 1854
39227 39226 452
39229 39212 672
39229 39584 3294
39585 39586 476
39585 39587 2230
39530 39529 1138
39530 39534 841
39564 39547 202
39564 39550 1919
39555 39550 1878
39555 39557 927
39531 39525 2041
39592 39587 64
39592 46102 1045
39221 39219 1280
39221 39223 1066
104742 104743 1085
104757 104766 2316
113700 104794 925
113700 113701 1205
39193 39190 1945
39193 39192 1696
39197 39194 336
39197 39198 905
39198 39197 905
39198 39199 818
39218 39199 2366
39218 39219 1344
104749 104750 556
104816 104814 878
104816 104817 350
104816 104830 2458
104835 104834 795
104835 104836 713
104882 104881 737
104882 104938 1918
105022 105024 1401
105025 105024 1886
105025 105024 1886
104865 104855 2944
104865 104864 1208
104830 104816 2458
104830 104831 737
104424 104904 3436
104906 104895 3162
104906 104904 889
104877 104878 634
104877 104879 479
104926 104903 279
104926 104925 889
105001 105002 148
105003 105004 108
105003 105011 1028
105009 105013 1249
104464 104607 279
105005 104998 738
105005 105000 2529
105027 105028 319
104669 105006 1085
39559 39557 2782
39559 39558 354
39345 39338 2305
39345 39346 836
39464 39461 1353
39464 39634 511
39463 39462 2506
39446 39447 751
39446 39448 788
39446 39456 847
39466 39465 476
39448 39446 788
39448 39449 336
39391 39386 373
39451 39444 1095
39416 39385 2085
39443 39438 71
39443 39444 902
39443 39445 598
39414 39412 379
39414 39415 336
39475 39422 517
39475 39437 2115
39475 39476 505
39484 39483 192
39500 39498 1302
39500 39682 252
39498 39495 202
39498 39500 1302
39701 39699 476
39701 40440 2694
40439 40440 848
40439 40454 951
39707 39708 435
39707 39747 2273
40460 39747 629
40460 40459 1663
40460 40461 827
40484 40461 827
40484 40488 1867
40489 40491 673
40489 40496 551
40497 40496 168
40497 40500 677
40500 40497 677
40500 40501 1022
40505 40501 932
40505 40512 1161
40519 40518 697
40519 40525 788
40521 40522 336
40521 40535 238
40526 40525 827
40535 40521 238
40535 40536 279
40538 40539 1530
40609 40539 474
40609 40610 476
40527 40525 1146
40616 40614 807
40616 40615 2714
41129 40615 344
41129 41130 1730
40558 40480 1897
40558 40548 476
40390 40386 476
40390 40546 1357
40390 40547 1394
40552 40551 1149
40552 50502 883
40618 40619 1613
40618 40630 1144
40632 40630 730
40828 40595 848
40828 40596 2357
40828 40830 2104
40835 40830 778
40835 40833 2347
40837 40833 883
40837 40839 2511
40851 40839 813
40851 40852 2322
40854 40852 734
40854 40855 1741
40858 40855 1338
40858 40860 1823
40953 40918 3060
40953 40954 1742
40957 40917 1254
40921 40915 963
40585 40584 2361
40592 40591 704
40592 40593 2765
40596 40593 686
40596 40828 2357
40622 40630 195
40924 40925 984
40924 40928 752
40924 40929 418
40926 40925 1272
40926 40927 566
40938 40931 612
40938 40936 1114
40945 40927 1964
40923 40916 1069
40923 40920 807
40923 40927 1364
40944 40920 1778
40936 40934 766
40936 40938 1114
55225 55227 404
55245 55226 952
55245 55246 2216
55248 55246 906
55248 55250 2204
55248 55252 985
55414 55252 2085
55414 55417 1080
55460 55468 948
55467 55426 1147
41634 41630 76
41634 41636 2069
41636 41634 2069
41636 41638 1672
48391 48392 1263
41646 40937 778
41646 41642 842
41645 41642 1114
41645 41648 505
48405 48380 1181
48405 48400 1689
48405 48407 747
48404 48400 418
48404 48403 670
48525 48523 752
48525 48526 1357
48529 48526 1053
48529 48539 255
48529 48540 2454
48540 48529 2454
48540 48547 459
48552 48547 1409
48552 48551 688
48552 48667 1104
48347 48343 511
48347 48344 751
48347 48369 2168
48370 48369 831
48370 48372 1811
48370 48399 1027
48343 48338 1987
48343 48347 511
48403 48400 446
48403 48404 670
48667 48552 1104
48667 48670 610
48676 48674 762
48676 48688 1408
48676 48689 1220
48688 48676 1408
48688 48693 452
48710 48689 1457
48710 48693 747
48711 48709 2683
48711 48726 1188
48776 48738 683
48739 48733 871
48739 48738 951
48739 48740 1085
48742 48740 276
48742 48741 890
48737 48736 600
48737 48741 612
48716 48715 1457
48716 48720 848
48716 48735 565
49054 48720 1457
48898 48889 1340
48907 48590 1458
48907 48905 274
48906 48905 474
48913 48717 1012
48913 48912 435
49052 49048 386
48891 48890 344
48891 48892 747
48897 48892 1355
48897 48896 848
48934 48869 828
48934 48933 848
48935 48933 356
48935 48941 928
48948 48941 253
48950 48947 202
48950 48951 1013
48950 48952 1105
48958 48952 747
48870 48866 1343
48870 48869 610
48870 48931 923
48919 48896 829
48974 48961 1107
48974 48962 932
49016 48962 2398
48996 48989 1931
48986 48985 2186
48995 48994 591
48998 48989 2061
49024 49004 1350
50485 50484 474
49029 49027 637
49029 49028 666
49037 49030 834
49177 49043 482
49197 49467 5883
49468 49470 5124
49035 49043 1185
48317 48315 2442
48317 48316 445
48322 48319 1028
48322 48326 1364
48327 131376 1675
48310 48311 2399
131381 131379 1081
131381 131382 2600
131389 131378 1902
131389 131388 1221
131387 131382 1211
131387 131386 2322
131397 131386 1228
131397 131399 3104
131397 131400 476
131397 131641 1995
131399 131397 3104
131399 131398 1161
131400 131397 476
131400 131398 1837
131641 131397 1995
131641 131638 751
131641 131640 713
131644 131642 2711
131644 131643 1769
131649 131643 1630
131660 131657 2379
131677 131678 1868
131677 131679 7006
131677 131803 1304
131679 131659 5001
131679 131677 7006
131820 131751 1210
131820 131824 202
131821 131825 436
131821 131826 475
131821 131829 2557
120738 120739 1508
120738 120959 2062
120739 120738 1508
120739 131902 1726
131901 131902 2586
54369 54362 558
53779 53780 333
54356 53782 1161
54356 54358 837
54360 54358 1114
54360 54361 562
54361 54360 562
54361 54362 238
54420 54421 686
54420 54424 789
54420 54444 1758
54442 54444 697
54442 54448 2234
54446 54448 751
54446 54496 2291
54496 54446 2291
54496 54494 837
54496 54531 1545
54379 54377 673
54551 54377 1995
54551 54559 279
54575 54576 747
54575 54587 1624
54578 54587 890
54578 54588 1763
54582 54663 476
52717 52718 1531
54535 54534 2270
54535 54745 2181
54538 54533 1004
54540 54539 2755
54540 54542 2583
54676 54678 452
54676 54679 2733
54682 54683 552
54666 54664 697
53868 53867 751
53868 53869 1275
56780 56778 1708
56780 56779 901
53921 53908 404
53921 53922 4766
53918 53869 2449
53918 53919 605
53908 53909 940
53908 53921 404
53930 53922 747
53930 55152 1275
55149 55164 374
55149 55171 475
55164 55149 374
55164 55165 3029
55168 55169 3093
55170 55169 751
55170 55206 404
55211 55212 1032
144481 142529 2398
144481 144489 2542
144481 144495 794
144489 144481 2542
144489 144490 734
144489 144526 2767
144526 144489 2767
144526 144527 761
144526 144541 2238
144540 144541 854
144540 144678 2404
142093 142094 248
144676 144679 2018
144676 144688 793
144689 144688 1995
144689 144690 775
144655 144669 778
144655 144690 2040
139788 150604 765
139788 150614 1055
139795 150614 359
143290 143291 1423
150607 150603 1397
146998 150621 549
146998 150634 717
146998 150644 1116
151769 150656 364
151769 150660 361
151769 151886 1965
150659 150660 262
150659 150688 690
150660 150659 262
150660 150689 893
150660 151769 361
150687 139903 1633
150687 150688 960
139903 139907 1828
139903 150687 1633
139903 150690 986
139904 139907 925
139904 139908 1470
139906 140186 458
139906 140190 411
140186 139906 458
140186 140187 2157
140205 140187 376
140205 140206 2049
140206 140205 2049
140206 140208 735
140206 140211 943
140258 140430 744
140258 140432 1860
140259 140432 786
140259 140442 2335
140271 140442 826
140271 141864 2326
141575 141864 745
141575 141874 2359
142496 142505 2372
142504 142505 855
142504 142533 2401
142532 142533 753
142532 142544 2536
142543 142544 852
142543 144491 2514
142529 144481 2398
142529 144491 759
141874 141575 2359
141874 141875 827
141877 141875 2358
141877 141876 793
141877 141914 2325
141914 141877 2325
141914 141913 759
141931 141913 2040
141931 141932 399
141932 141930 704
141932 141931 399
151667 151666 10333
151667 151754 4223
142089 142090 2950
142089 142091 534
142089 142101 402
151756 140044 1903
151756 151666 719
142056 142059 546
142056 142060 301
142057 142060 888
142057 142063 1997
142058 142071 1047
142072 142071 1053
142072 142565 727
142563 142565 943
142563 142566 729
142575 142566 862
142575 142580 1367
142575 142584 946
142580 142575 1367
142580 142585 973
142580 142593 2273
142581 142593 1067
142581 142605 2337
142604 142605 953
142604 142612 2317
142611 142612 934
142720 142732 2379
142720 142734 1009
142498 142506 639
142507 142509 806
142507 142538 2326
142726 142731 495
142763 142542 1750
142730 142732 1025
142730 142733 628
142768 142766 1742
142765 142542 808
142765 142766 824
142765 142767 2344
55465 55476 537
55465 55478 810
55478 55465 810
55478 55479 418
56361 56360 374
56380 56368 1447
56367 56365 2181
56367 56368 5046
204537 204541 661
204537 204542 301
204697 204542 465
204697 204700 335
204700 204697 335
204700 214698 447
204718 204717 278
204519 204539 1593
204719 204714 1119
204795 204736 779
204795 204797 2039
204800 204797 774
204800 204842 623
204800 204843 556
204840 204848 659
204840 204851 683
207873 207876 826
207873 207877 774
207874 207876 740
207779 207780 592
207779 207781 433
144669 144655 778
144669 144692 2010
144731 144692 756
144731 144699 2025
144701 144699 825
144701 144702 2034
144725 144697 1656
144725 144702 756
144723 144697 686
144723 144706 2068
144723 144724 969
144759 144756 1545
144759 144760 842
144767 144760 2061
144767 144772 800
145309 145312 692
145309 145313 529
144724 144708 2114
144724 144723 969
144724 144726 661
144756 144726 2275
144756 144757 888
144756 144759 1545
144771 144769 739
144772 144767 800
144772 144769 2116
144772 145314 1870
145315 145316 286
144730 144720 2300
144730 144722 774
144730 144729 966
144762 144729 2230
144762 144761 848
144770 144761 2488
144770 144768 718
144722 144719 2358
144722 144730 774
144722 145052 789
145098 145094 658
145098 145097 1433
145098 145100 932
145102 145100 737
145102 145112 1382
145114 145104 679
145114 145112 860
145116 145104 1607
145116 145122 1082
145499 145495 898
145499 145500 1995
145502 145500 499
145516 145537 321
145516 145538 1436
145518 145521 801
145518 145538 747
145518 145545 1354
145521 145518 801
145521 145546 1423
145592 145546 779
145592 145594 1453
145596 145594 822
145596 145597 744
145596 145603 1724
145597 145596 744
145597 145598 1752
145597 145609 757
145609 145597 757
145609 145610 1824
145772 145767 747
145772 145773 1507
145761 145773 758
145761 145775 1378
145762 145757 823
145762 145775 747
145762 145784 1399
145757 145762 823
145757 145783 1386
145780 145782 1791
145780 145783 777
145781 145782 762
145781 145787 1716
145611 145610 833
145611 145621 1727
145622 145621 877
145622 145787 748
145622 145788 1781
145767 145772 747
145767 145774 1478
145777 145774 740
145777 145779 1349
145820 145779 759
145820 145846 1478
145850 145846 712
145850 145851 1809
145852 145851 712
145852 145861 729
145852 145863 1755
145861 145852 729
145861 145864 1776
145867 145864 606
145867 145875 1372
145876 145875 743
145876 145879 2505
146052 145879 842
146052 146087 1753
146056 146071 809
146056 146087 785
146056 146099 2105
146071 146056 809
146071 146101 2062
146102 146101 889
146102 151474 1858
151475 151474 799
151475 151483 1669
151491 151490 26
151491 151492 977
151492 151491 977
151492 151494 1335
151553 151554 1623
151731 151554 744
151731 151811 2099
151581 151811 804
151565 148164 862
151565 151552 1382
148163 148164 1763
148163 149314 2038
148163 151566 841
151583 151584 1449
151558 151560 1501
151558 151560 1501
151558 203821 740
203814 203821 897
203814 203822 962
151559 149314 1523
151559 151560 739
149314 148163 2038
149314 151559 1523
149314 151563 809
151497 151494 948
151497 151584 1307
151497 151585 2032
203824 203822 594
203824 203823 624
203824 203832 337
204453 204441 623
204453 204456 1696
204515 204456 1045
204515 204518 261
204518 204515 261
204518 204521 1350
204518 214876 221
204534 204521 255
208613 208612 683
208613 208614 756
208613 208615 1007
208598 208597 662
208598 208607 846
208614 208613 756
208614 208618 726
208614 214693 635
208617 208607 912
208617 208618 1696
208617 208624 779
208606 208607 894
208606 208608 710
208601 208608 1782
208601 208609 843
207866 207865 547
207866 207867 928
194685 194686 56
194685 208645 1527
194685 208646 1278
194685 212989 3697
208634 208640 2696
208623 208622 687
208623 208637 2698
208620 208630 2684
208615 208613 1007
208615 208621 1542
207791 207788 690
207791 207792 1178
207798 207792 767
207798 207882 929
207884 207882 891
207884 207883 1332
207884 207886 412
207849 207853 647
207849 207863 990
207850 207891 1102
207865 207863 31
207865 207866 547
208609 208601 843
208609 208610 1808
208629 208610 666
208629 208666 884
208629 208679 1667
208665 208667 683
208665 208668 1823
208666 208629 884
208666 208668 683
208666 208680 1686
208659 208661 755
208662 208667 615
208662 208674 1616
208657 208660 793
208672 208660 1120
208672 208673 793
208710 208708 956
208709 208708 702
208709 208717 622
208724 208726 533
208724 208727 805
208731 208727 1010
208731 208732 692
211107 211108 1252
211107 211109 2021
211172 211171 709
211172 211173 1830
211172 211174 2133
180260 180261 1675
180260 180471 932
180260 185573 2224
180262 180183 789
180262 180263 605
180250 180249 1283
180250 185562 1766
180269 180270 889
180466 180467 898
185574 180469 599
185574 185575 672
180414 180415 884
180414 180449 1696
166398 166397 766
166398 166399 445
166398 166400 517
166452 166493 758
166452 166495 1445
166493 166452 758
166493 166510 782
166493 172473 674
166503 166504 421
166503 166554 2335
166547 166546 758
166547 166554 758
166547 166559 2335
166545 166546 782
166545 166571 1264
166578 166579 778
166578 166731 1117
166730 166731 893
166730 172660 1127
172661 166735 1020
166704 166702 556
167201 167200 1883
167201 167236 1848
167201 167262 1419
167207 172234 452
167202 167200 984
167202 167218 952
167196 167197 2088
167196 167223 1664
167196 172180 1064
167197 167196 2088
167197 167224 1530
167175 167169 650
167175 172175 738
167167 167168 1694
167169 167168 751
167169 167175 650
167213 167200 2132
167213 167212 2306
167088 167089 1980
167088 167091 747
166717 166718 3119
166717 166726 4814
166717 166751 850
166750 166749 1014
166750 166759 766
166759 166750 766
166759 166763 1017
166759 166782 893
166760 166762 1857
166760 167009 893
166763 166759 1017
166763 166762 778
167033 167027 850
167033 167038 2224
167033 167061 933
167061 167033 933
167061 167050 2223
167096 167050 842
167096 167098 562
167096 172665 376
172176 167113 612
172176 172177 885
172176 172665 850
167089 167088 1980
167089 167104 837
167011 167027 445
152420 152419 796
152424 152423 871
162545 152414 2724
152403 152410 1615
152403 152411 893
152412 152411 1307
152412 152414 796
180498 186058 167
180126 180127 905
180382 180384 230
180382 180391 737
180391 180382 737
180391 180393 1675
180397 179703 789
180397 180378 1891
180397 180398 672
179703 179702 3828
179703 179704 2007
179703 180397 789
180175 177717 1891
180175 177720 629
180189 180190 1167
180189 180192 738
177718 177716 809
177718 180192 1533
180186 180187 1022
180186 180421 3347
169973 170751 682
169973 182346 951
170751 169973 682
170751 173588 1188
182312 182311 688
179713 179712 1115
179713 181916 452
181915 181914 445
181915 182116 2364
182117 182116 333
182117 182127 1769
182128 182127 344
182124 182115 1601
182124 182123 581
182124 182126 452
182147 182099 796
182147 182144 1115
182147 182183 1304
182190 182183 1293
182190 182189 1223
182212 182189 1505
182212 182213 2174
182213 182199 1558
182213 182212 2174
182213 182283 1182
182215 182308 2155
182215 182314 1556
182314 182215 1556
182314 182311 1398
152317 152316 1096
152317 152361 1058
152349 152334 164
152349 152348 351
152349 152950 718
152350 152351 632
152350 152360 368
152942 152943 2002
152312 152313 385
152312 152353 946
152312 152367 1181
152348 152349 351
152348 152353 632
152348 152944 775
152940 152939 2501
152940 152947 502
152944 152348 775
152944 152945 436
152944 152950 358
152319 152320 3264
152319 152333 1766
152333 152319 1766
152333 152342 1715
152340 152338 430
152340 152346 949
152343 152344 1748
152343 152347 674
152325 152324 2085
152409 152410 2324
152409 152450 1032
152409 152473 2341
152472 152473 1161
152472 152483 2694
152479 152483 1188
153005 153091 707
153101 153103 1962
153101 153132 672
155706 155705 1111
155706 155781 3314
155724 153132 1950
155724 155725 789
152929 153107 341
153102 153103 4750
153102 153112 2289
153102 153140 1768
173871 173872 668
173574 173523 2416
173673 173593 474
173673 173594 120
173673 173674 559
173583 173581 672
173583 173584 403
173551 173559 1778
173551 173687 344
173713 173687 3237
173713 185433 2104
173521 173523 4805
173521 186087 2039
173164 173163 5253
173164 173711 5764
173166 173167 1768
173166 173690 2223
173712 173711 2798
173712 173716 3098
173849 173714 1543
173849 173850 5357
173853 173854 2956
173853 185445 4105
173855 173873 8689
186040 185444 3585
186040 186161 1619
186160 186185 567
186160 186186 788
186160 186187 1087
152916 152917 3377
152916 153012 552
153013 153014 344
153017 153018 581
153017 153039 1412
153021 153023 984
153021 155490 927
155486 155485 673
153024 153023 545
153035 153032 890
153035 153034 1210
153035 153044 650
153038 153020 2019
153038 153037 747
155507 155509 1673
155507 172641 810
155510 155509 948
155510 155519 1976
155528 155519 810
155528 155549 1975
155568 155550 336
155482 155484 810
155482 155495 418
176117 176116 355
176124 176116 2578
176124 176123 1100
176124 176130 667
176485 176486 1565
176485 176509 766
176505 176477 667
176505 176506 2714
176470 176471 1263
176470 176495 3009
176496 176493 1014
176496 176495 630
176504 176503 848
176486 176485 1565
176486 176514 842
176515 176513 2192
176515 176516 1530
176498 176520 893
176517 176516 790
176517 176522 738
176132 176133 758
176130 176124 667
176130 176131 1010
176130 176133 1336
176009 176510 683
176009 176511 333
176136 176137 766
176136 176510 1225
176134 176133 1356
176134 176137 1334
176134 176138 932
176477 176476 3039
176477 176505 667
176475 176143 1032
176475 176476 672
155680 155671 527
155680 155678 2370
156237 156248 1184
156249 156252 373
155628 155635 1000
155636 155635 849
155636 155637 1483
155638 155637 552
155640 155630 373
155621 155620 650
155621 155632 766
155590 155538 2017
155590 155592 818
155619 155600 1365
155619 155618 3223
175977 175973 1014
175974 175973 709
177112 177109 2248
177112 177116 517
177118 177115 782
177118 177146 1578
177122 177098 1004
177122 177145 517
177074 177100 778
177021 177016 562
177021 177102 899
176997 176995 131
185715 185696 109
185715 185716 562
176954 176952 1124
176954 176957 1410
176952 176954 1124
176952 176955 452
176969 176968 599
176969 177037 849
176969 177166 1576
177030 177029 673
177030 177045 1447
177043 177044 1234
177043 177045 765
177042 177044 789
177037 176969 849
177037 177213 1565
177010 177009 344
177010 177011 2458
177040 177011 751
177176 177177 1080
177176 177179 713
177182 177181 984
177182 177187 709
177182 177190 1161
177187 177182 709
177187 177189 1640
177187 177191 1275
176091 176096 1346
176091 176112 1284
176076 176077 1502
176076 176106 1217
176076 176200 1498
176200 176076 1498
176200 176199 365
176200 176203 1081
176096 176091 1346
176096 176114 1810
176199 176200 365
176199 176204 539
176962 176961 474
176962 177172 279
176964 176965 1698
176964 176971 4621
177155 177170 1918
177155 177171 738
176758 175013 2526
176793 176784 778
176848 176849 1778
176848 176868 1015
176869 176783 1632
176889 176890 562
176896 176897 1222
176896 176898 827
176897 176896 1222
176897 176902 421
173862 173879 6658
173862 177066 2203
174954 174950 2662
174952 174951 1853
174952 174981 4030
174976 174975 537
174976 176631 3689
176760 176761 1009
174965 174964 556
176634 174964 2189
176634 186132 561
174961 174960 2537
174958 174957 2354
176713 176757 681
185688 174960 2295
211336 211334 876
211347 211334 1682
211347 214550 310
211364 211361 460
211019 211328 828
211326 211327 219
211329 211327 805
211329 211330 680
166473 166495 766
166473 166536 2556
165073 165086 158
165079 165080 1145
165079 165081 758
165093 165082 2130
165093 165092 517
165236 165237 1636
165236 165250 581
165309 165321 985
165264 165263 1340
165322 165263 688
165322 165321 848
165322 172166 1970
165230 165231 1494
165230 165269 710
165330 165439 253
167288 167287 1553
167311 167312 279
167311 167320 828
167308 167307 1783
167312 167311 279
167312 167330 837
166484 166485 505
166492 166543 758
166492 166550 2224
166553 166552 778
166553 167285 436
166551 166550 766
166551 166552 556
166551 167296 1004
166474 166475 421
166490 166536 337
166541 166538 2335
166541 166542 758
166541 166543 2224
165048 165084 672
165048 165085 1017
165049 165086 175
165051 165050 175
165051 165091 156
165054 165055 344
165054 165068 279
165058 165057 1081
165061 165060 475
165061 165102 828
165068 165054 279
165068 165133 828
165060 165061 475
165060 165069 1085
165060 165100 710
165070 165069 927
165070 165090 778
164475 164476 355
164475 164477 2451
164475 165139 276
165140 165139 1564
165120 165119 518
165120 165135 713
165122 165123 1731
165122 165123 1731
164454 164453 758
164454 164455 767
164454 164697 2007
164448 164451 452
164444 164443 1004
164812 164446 475
164812 164451 710
164803 164802 777
164803 165516 1096
165515 165173 344
165515 165516 818
165173 164837 357
165173 165515 344
165175 165176 436
165175 165514 612
165169 165165 250
165355 165340 1780
165355 165354 2118
165355 165381 562
165368 165143 688
164457 164456 375
161395 164582 879
164723 164722 893
164723 164731 2278
164726 164724 688
164726 164731 713
164726 164735 790
164717 164698 1447
164717 164727 767
164715 164698 410
164721 164722 238
164721 164729 562
164730 164729 710
164730 164744 924
164739 164741 1188
164739 164743 2017
164740 164594 1055
164740 164741 829
164580 164533 953
164580 164581 789
164532 161410 2273
164533 161410 752
164533 164580 953
164533 164583 1055
161409 161402 1768
161409 161410 829
161409 164585 710
164593 164585 2377
164593 164594 710
211450 211451 799
211398 211389 3551
211398 211454 507
211407 211402 2213
211407 211525 1023
214931 211216 4844
214931 211388 2452
214931 211389 1973
211527 211526 381
211527 211531 416
211535 211532 1825
211535 211533 420
211534 211533 363
211534 211539 2063
211534 211547 123
211550 211549 474
211550 211552 278
211552 211550 278
211552 211551 1260
211556 211558 1211
211556 211559 867
211557 211546 2331
211557 211551 824
211557 211558 704
212172 211559 2088
212172 212173 1074
212172 212174 805
211533 211534 363
211533 211535 420
211533 211547 401
212174 212172 805
212174 212176 816
212179 212176 1734
212193 212176 817
212193 212191 1465
212193 212194 883
212199 212194 1767
212200 212194 833
212200 212198 368
212200 212202 347
212202 212198 469
212202 212200 347
212202 212230 469
212230 212202 469
212230 212229 973
211451 211450 799
211451 211452 787
211451 211453 1456
211453 211451 1456
211453 211460 622
211406 211454 1477
212458 212457 781
212458 212464 1757
212465 212464 797
212465 212510 1742
161404 161405 4345
172425 161405 667
161428 161408 2576
212516 212510 744
212516 212529 1682
212529 212516 1682
212529 212527 448
212530 212527 1695
212251 212250 780
212252 212250 1356
212252 212253 781
212440 212253 1356
212440 212439 735
114383 114384 1276
114654 114384 1084
114654 114655 1219
114652 114653 4431
114303 114302 1561
114197 114198 475
114199 114198 748
114429 114428 3887
114602 114582 749
114602 114603 1582
114570 114603 735
116193 114603 1831
114018 114019 1165
114020 114019 887
119125 119126 2043
119322 119126 3667
119353 119152 16865
119151 119150 3643
119154 119150 827
119399 119404 2109
119402 119405 417
114914 114915 2607
114939 114915 445
114908 114910 3299
114908 114951 2038
114910 114908 3299
114910 114951 2590
114900 114899 562
114934 114930 306
91998 91999 5098
92000 91999 12185
92068 92075 11671
92121 92122 8154
92111 92112 9886
92205 92211 1382
92214 92212 4016
115439 115398 2143
115439 115400 2264
115439 115460 6513
115422 115419 2428
115422 115421 763
115425 115419 335
115421 115420 2406
115421 115422 763
115747 115722 301
115748 115723 777
115752 115723 603
115754 115753 888
115755 115753 402
115678 115677 884
115679 115677 749
115809 115810 2130
115811 115810 301
92308 92309 168
115728 92309 1727
115728 115460 1024
115728 115729 434
92312 92311 737
115460 115439 6513
115460 115728 1024
115460 115730 1292
105807 105808 1551
105807 105808 1551
106737 106736 672
106737 107025 2026
107036 107048 1263
107047 106970 3258
107047 107048 3847
107085 107092 3058
107179 107092 1625
106968 106967 1166
106968 106969 3482
106970 106969 278
106970 107047 3258
106961 106960 905
106961 106966 949
106966 106961 949
106966 106967 796
107118 107117 2750
107118 107391 950
107391 107117 2687
107391 107118 950
107391 107389 1933
107416 107417 1584
107451 107417 2365
107439 107440 1918
107481 107440 763
107482 107483 345
116327 107483 3287
107444 107443 2950
116314 116313 1231
107529 107528 835
107532 107528 2496
109492 113747 100
113748 113747 76
107518 107519 2030
107477 107476 588
107474 109709 186
109490 109709 1968
92822 92827 515
92828 92827 723
103135 103136 872
103140 103136 602
92962 92963 587
93034 93033 889
93192 93193 3886
102816 102817 7047
92825 92824 707
92835 92824 553
92835 92831 3593
92832 92831 2043
102593 102594 597
102595 102594 576
92873 92872 1055
92874 92872 1334
102599 92948 1334
102600 92948 1374
102767 102598 759
106727 106725 1408
106730 106724 889
106730 106731 746
106730 106757 2855
106745 106744 763
106731 106730 746
106731 106733 336
115971 115970 1257
115971 115979 755
115979 115970 1124
115979 115971 755
115964 115966 1321
115968 115967 1375
115783 115782 1047
115784 115782 749
115785 115782 1827
115985 115984 303
115995 115984 144
115995 115994 793
115992 115990 139
115992 115994 1248
92721 92720 1398
92721 92723 1024
92518 92728 2228
92720 92721 1398
92720 92722 1077
115852 115850 2131
115862 115850 889
115863 115850 1031
191501 191500 1056
191501 191506 1843
191506 191501 1843
191506 191505 2656
191512 191505 767
191528 191789 725
191534 192011 1034
190886 190885 2844
190895 190885 403
191969 191713 1238
191697 191971 560
194079 191971 1144
191733 191712 354
192748 191734 2929
192749 191734 3303
194226 194225 1830
194226 194225 1830
192754 194222 2075
194223 194222 2187
194431 191483 874
191559 191560 1127
191854 191560 538
191785 191784 1597
191552 191551 6363
191840 191551 5709
191946 191938 1853
191947 191938 1756
191602 191601 6120
191772 191601 3433
191880 191879 3061
191955 191879 7622
191959 191958 102
192123 192665 1162
192666 192665 1108
192772 192774 2215
192775 192774 704
193851 194014 2228
194020 194014 1194
192721 192723 8028
192728 192811 2035
192810 192811 3212
114065 114064 7699
114405 114404 502
114655 114404 4181
114655 114654 1219
114655 114720 1119
114720 114404 3063
114720 114655 1119
194382 194384 317
194385 194384 237
107564 107565 1586
107566 107565 3312
107566 109781 927
107566 113871 343
109461 109460 418
109777 109460 1207
109769 109781 1407
109800 109781 4088
109820 109799 2105
109814 109815 2183
109894 109815 452
109853 109854 475
109906 109854 1221
105183 105184 201
110995 110998 2443
113822 110998 452
110971 110970 876
110973 110972 2040
110974 110972 750
111088 110972 1306
111088 111089 889
111091 111089 1445
111091 111101 672
111098 111321 1973
111327 111321 672
111327 111337 1778
111338 111337 672
111344 111337 696
111341 111339 2488
103333 103337 790
111469 103337 1016
111469 111474 580
111474 111469 580
111474 111475 1630
111481 111478 903
111481 111479 983
111358 103339 962
111358 111476 889
103356 111476 681
103356 111477 1472
103357 111347 1639
111227 105277 1594
111227 111226 1007
111227 111229 782
111227 111232 1599
111479 111480 782
111479 111481 983
111540 111480 2310
111532 111236 1599
111532 111239 778
111532 111533 778
111867 111533 813
111229 111227 782
111229 111535 672
113674 111535 1444
111520 111519 809
111521 111519 403
111565 111564 688
111565 111587 2354
111566 111564 847
111594 111587 782
111594 111596 1683
111571 111575 924
111560 111577 782
111560 111597 2186
111567 111577 1683
111576 111578 2354
111576 111579 782
111579 111576 782
111579 111580 778
111579 111592 756
111580 111579 778
111580 111682 672
111684 111682 1675
111684 111690 421
111690 111684 421
111690 111691 816
111690 111722 419
111691 111690 816
111691 111707 778
111691 111726 1428
111707 111691 778
111707 111727 1432
111718 111716 672
111718 111727 672
111718 111732 2195
112158 112147 434
111716 111718 672
111716 111766 2445
111765 111766 667
112150 112149 681
112150 112166 1398
111739 111715 708
111739 111742 1445
111739 111752 672
111712 111752 344
111657 111653 610
111657 111666 1111
111666 111657 1111
111666 111669 1008
111668 111667 893
111668 111669 905
111636 111672 1891
111667 111668 893
111667 111672 672
111450 111452 713
111450 111456 336
111452 111450 713
111452 111456 889
111654 111652 904
111654 111658 1926
112589 112580 1055
112589 112588 836
113582 112580 814
112590 112588 201
112590 112599 1014
111705 111700 1004
111715 111700 950
111715 111739 708
111715 111740 1225
112599 112590 1014
112599 112602 1234
112601 112602 806
112615 112602 1457
112615 112614 279
112613 112610 836
112613 112614 649
112613 112668 1542
111760 111768 950
111760 112168 826
111769 111768 750
112166 112150 1398
112166 112165 764
112166 112168 1234
112634 112632 1078
112634 112656 750
112614 112613 649
112614 112615 279
112614 112656 1609
112633 112631 2412
112633 112700 1124
112697 112631 672
112702 112700 1248
112702 112701 676
112702 112707 747
112707 112701 418
112707 112702 747
112707 112708 713
112773 103325 2179
112773 112772 279
112773 112774 737
104310 104306 927
104310 104309 708
104309 104308 336
104309 104310 708
104321 104318 1341
104321 104320 737
104321 104323 836
104300 104301 806
104300 104320 1917
103325 103324 938
103325 103326 672
103325 112773 2179
112708 112707 713
112708 112709 1139
112708 112713 1004
112597 112598 777
112595 112644 556
105726 105729 778
105727 112885 826
105728 112887 445
112891 112887 354
112750 112763 7428
105724 105723 1304
104338 104326 737
104338 104337 889
104338 104341 737
104512 104509 975
104301 104300 806
104301 104302 809
104301 104325 1863
104302 104301 809
104302 104326 1950
104297 104296 877
104297 104341 2040
104359 104405 1265
39212 39227 1854
39212 39229 672
39226 39223 1393
39226 39227 452
39584 39229 3294
39586 39585 476
39587 39585 2230
39587 39592 64
39529 39530 1138
39534 39530 841
39547 39564 202
39550 39555 1878
39550 39564 1919
39557 39555 927
39557 39559 2782
39525 39531 2041
46102 39592 1045
39219 39218 1344
39219 39221 1280
39223 39221 1066
39223 39226 1393
104743 104742 1085
104766 104757 2316
104794 113700 925
113701 113700 1205
39190 39192 1454
39190 39193 1945
39192 39190 1454
39192 39193 1696
39192 39194 796
39194 39192 796
39194 39197 336
39199 39198 818
39199 39218 2366
104750 104749 556
104814 104816 878
104814 104831 2560
104817 104816 350
104834 104835 795
104834 104855 893
104836 104835 713
104881 104879 1397
104881 104882 737
104938 104882 1918
105024 105022 1401
105024 105025 1886
105024 105025 1886
104855 104834 893
104855 104865 2944
104864 104865 1208
104831 104814 2560
104831 104830 737
104904 104424 3436
104904 104903 809
104904 104906 889
104895 104906 3162
104878 104877 634
104879 104877 479
104879 104881 1397
104903 104904 809
104903 104926 279
104925 104926 889
104925 105002 2405
105002 104925 2405
105002 105001 148
105004 105003 108
105011 105003 1028
105013 105009 1249
104607 104464 279
104607 104998 1810
104998 104607 1810
104998 105005 738
105000 105005 2529
105028 105027 319
105006 104669 1085
39558 39559 354
39338 39345 2305
39346 39345 836
39461 39464 1353
39634 39464 511
39462 39463 2506
39447 39445 562
39447 39446 751
39456 39446 847
39465 39466 476
39449 39448 336
39386 39385 418
39386 39391 373
39444 39443 902
39444 39451 1095
39385 39386 418
39385 39415 474
39385 39416 2085
39438 39443 71
39445 39443 598
39445 39447 562
39412 39414 379
39415 39385 474
39415 39414 336
39422 39475 517
39437 39475 2115
39476 39475 505
39483 39484 192
39682 39500 252
39495 39498 202
39699 39701 476
39699 40454 1022
40440 39701 2694
40440 40439 848
40454 39699 1022
40454 40439 951
39708 39707 435
39747 39707 2273
39747 40460 629
40459 40460 1663
40461 40460 827
40461 40484 827
40488 40484 1867
40488 40491 252
40491 40488 252
40491 40489 673
40496 40489 551
40496 40497 168
40501 40500 1022
40501 40505 932
40512 40505 1161
40518 40519 697
40525 40519 788
40525 40526 827
40525 40527 1146
40522 40521 336
40536 40535 279
40539 40538 1530
40539 40609 474
40610 40609 476
40614 40616 807
40615 40616 2714
40615 41129 344
41130 41129 1730
40480 40558 1897
40548 40558 476
40386 40390 476
40546 40390 1357
40547 40390 1394
