1076
168772 168773 1075
171210 171209 2354
171210 171275 613
168784 168785 650
168784 171211 1494
168830 168829 843
168830 171274 1485
168828 168940 927
168828 168941 672
168829 168830 843
168829 168941 759
168829 171278 1908
168935 168936 843
168931 168932 1023
168931 168942 848
168931 168947 2727
168932 168931 1023
168932 172549 1261
162413 162412 684
162413 168965 445
168961 168962 1590
168961 168965 759
168964 168959 62
162424 162423 1030
162424 162423 1030
162426 162427 337
162429 154176 1147
162429 162430 610
162432 154156 2287
162432 162434 778
162452 168892 778
168873 162448 782
168873 168891 1939
154037 154038 1849
154037 154146 683
154128 154131 688
154128 154139 893
154146 154037 683
154146 154145 767
154131 154128 688
154131 154137 683
154138 154122 518
154138 154137 1454
154122 154120 796
154122 154138 518
154111 154114 590
154345 154344 844
154345 154363 672
158196 158197 337
154449 154450 404
154449 154466 674
154467 154466 1268
154467 154469 631
154441 154468 1226
154441 154535 1796
154990 154535 1180
154990 154991 1897
154998 154991 1118
154998 155086 1796
155087 155086 1018
154543 154538 3437
154543 154539 1014
154543 154544 1357
155085 154539 2300
154544 154543 1357
154544 154545 2568
154544 154550 1667
155091 154550 3862
155092 155093 1636
155092 155150 713
157926 157927 790
157926 157927 790
155119 155118 2371
155119 155120 1140
155119 155150 1014
155151 155121 1471
155162 155163 253
155162 155370 1140
155368 155369 556
155368 155408 2852
155408 155368 2852
155408 159733 684
155408 159736 1293
159735 159736 1308
159735 159747 968
159749 159745 796
159749 159809 934
159808 155469 1454
159808 159745 1534
157776 157775 713
157776 157801 1485
157776 158010 674
159977 159976 1587
157984 158032 570
158711 158709 1145
158711 158714 452
158019 158020 1375
158019 158035 954
158021 158020 811
158021 158025 279
158005 158002 452
157788 157789 713
157998 157789 2220
157998 158000 837
157998 158003 940
178483 178484 1614
178480 178130 1073
178490 178489 240
178441 178442 1861
178441 178456 610
178459 178460 708
178459 178605 1014
157928 157927 678
158702 158710 279
158708 158715 808
158708 158721 2644
158726 158721 808
158726 158755 2228
158757 158756 804
158757 172137 470
158760 158761 1813
158760 158806 222
158793 158805 889
158980 158981 562
158984 158985 1340
158984 172351 796
158998 158999 688
159027 158999 3232
159027 159026 789
159027 159028 477
159056 159047 2511
159056 160076 710
160067 160068 2334
160067 160074 1956
159093 159106 752
160068 160067 2334
160068 160075 1561
159105 159106 452
159105 172093 872
161096 161097 1114
161096 172094 506
172095 172096 581
172095 172097 404
161290 161273 1227
161281 161275 1202
213159 213157 1129
213159 213161 868
213159 213178 1900
213167 213178 504
213181 213179 1477
213181 213196 1982
213157 213158 800
213157 213159 1129
213270 213266 1214
213270 213273 559
213279 213273 197
213279 213282 2111
213266 213270 1214
213266 213271 674
213287 213288 198
213287 213289 814
213292 213274 848
213292 213289 1295
213292 213293 2150
213203 213204 420
213203 213205 2011
162020 213359 410
213337 213335 1129
213337 213338 750
213286 213331 572
213333 213334 550
213333 213335 807
162022 162196 1114
159962 159961 1770
159962 162221 1770
159962 162297 1212
161984 161983 753
159960 159959 3059
169645 162296 4408
169645 169644 1834
169625 169624 1920
169625 169626 436
169624 169622 1029
169624 169625 1920
169619 169620 1010
169619 169664 436
169619 169677 1903
169667 169668 1004
169667 169673 2756
170525 170524 1813
170520 170521 1014
170073 170074 238
170473 170572 333
170595 170596 713
170595 170634 1229
170598 170597 1029
170598 170600 1459
170598 170605 521
170632 170633 511
170632 170635 1696
170561 170560 355
170561 170635 344
170600 170598 1459
170600 170606 384
170600 172576 752
170560 170561 355
170560 170571 404
170562 170524 2451
170562 170563 1323
170562 170695 337
170563 170562 1323
170563 170703 1111
170568 170567 1146
170568 170703 253
170568 170708 1936
169689 172193 916
169673 169667 2756
169673 169674 710
169678 169685 2506
169681 169680 1576
169681 169684 1010
169542 169543 404
169680 169681 1576
169680 169682 891
95120 94818 1356
95120 95118 826
95142 94865 947
95142 95143 672
94903 94875 1101
94903 94901 2978
94950 94951 1257
94950 94952 1819
95213 95209 551
95216 95527 1576
95020 94998 1084
95020 95000 1114
95020 95021 222
95025 95023 1560
95025 95076 747
95025 101750 1771
95128 95129 1085
95128 95153 2488
95152 95153 947
95152 95156 511
95156 95152 511
95156 95159 1352
95157 95171 950
95157 95174 580
95157 95181 1062
95129 95128 1085
95129 95130 938
95131 95134 923
95131 95140 2476
94908 94909 1900
103152 94905 712
103152 103153 1274
94921 94913 614
94921 94922 610
94243 102437 777
94240 94235 718
94267 101871 1173
94264 94266 610
94269 94271 1008
94269 94287 1028
94289 94287 1208
94289 101869 456
94302 94303 676
94302 94304 782
108932 108960 588
94316 94314 778
94316 94331 638
49985 49983 3030
49985 50057 1161
50017 49987 13267
50017 50070 1142
50070 50017 1142
50070 50066 452
50231 50232 152
94236 94235 475
94212 94214 539
97413 97415 1002
102043 102044 942
102043 103263 138
102784 97478 926
97468 97443 1069
97567 97568 1675
97569 97565 578
97592 97586 889
97588 97589 1564
97577 97575 877
97577 97607 1208
97577 98129 1493
97607 97577 1208
97607 97631 1481
97578 97579 807
97578 101736 331
97578 102841 914
98134 97627 861
98134 98138 1768
98134 98160 750
97641 98177 1299
97641 98179 672
98162 98163 1483
98162 98177 877
98160 98134 750
98160 98163 826
98160 98164 1671
97642 97646 3387
98253 103179 552
98209 98210 1026
102284 93328 2342
102284 102285 2025
102014 93615 472
102016 94630 925
102016 102015 1617
102236 100627 1133
100628 100627 3603
94631 93449 996
94631 94630 411
102286 93449 1142
102286 102700 1162
93450 93448 222
93450 93460 445
93464 93463 2433
93464 93468 1993
93464 103037 639
93466 93463 836
93511 93510 2480
93511 93513 836
93481 93516 1851
93481 93518 2224
94960 94959 595
94960 95207 1323
98554 98555 2700
98554 98641 1234
98135 98154 448
98135 98191 2128
98270 98264 963
98270 98272 826
98299 98268 1225
98299 98300 2153
98299 98301 629
98266 97645 836
98312 98301 1849
98312 98313 1139
98316 98560 2613
97625 97624 359
97625 97632 3880
97625 101997 268
191461 191460 1524
191461 194458 404
191218 191219 513
191369 191140 2909
191369 191390 2441
118504 118505 5220
119480 118495 1310
119480 119481 2081
191099 191100 574
191099 191231 423
191103 190998 1027
191103 191005 2344
191103 191104 1376
191466 194418 207
191462 191460 1720
191462 191463 327
118624 118625 982
118624 118626 834
118631 118632 1542
118634 118635 924
118689 118635 1409
108952 108953 601
108952 108965 452
108945 108946 504
108945 108950 1114
108951 108950 681
108951 108953 240
50095 50233 953
50082 50079 1179
109013 109012 435
109013 109024 1222
108954 108971 3246
108985 108986 418
108973 109020 5118
109017 109022 5335
109017 116298 1002
50221 50220 927
50218 50220 788
49803 49802 806
49803 49802 806
109177 109178 452
109177 113666 588
109153 109123 322
109042 109036 1592
109042 109043 336
109042 109121 676
109117 109114 809
109117 109118 1393
109117 109134 1672
109133 109130 1533
109133 109132 847
109043 109042 336
109043 109129 475
109124 109123 1622
109124 109125 688
109145 109122 688
109145 113780 681
109126 109122 499
109126 109127 428
36040 36039 1159
36040 36042 2246
35567 35557 2772
36198 36199 1268
35570 35560 3136
35570 50279 757
35607 35602 750
35607 35604 2682
35607 35609 890
35572 35573 765
35535 35550 1530
36202 36201 2360
36202 36203 672
36243 36201 950
36251 36250 1063
36251 36252 1234
36252 36249 1033
36252 36251 1234
36252 36254 3449
36351 36353 504
36048 36065 1700
36048 36066 354
109204 109182 1120
109204 109210 826
109203 109185 1797
109203 109202 1293
35521 35520 557
50193 49919 248
50193 50188 403
44164 44161 2281
44164 44163 951
44175 44167 403
44175 44176 1458
44153 44151 1115
44153 44154 1672
44161 44163 1977
44161 44164 2281
44187 44163 226
44187 50571 696
44176 44172 2783
44176 44175 1458
44178 44172 1281
44178 44566 873
44569 44565 1946
44569 44567 947
44571 44567 890
44530 44531 1140
44530 44546 475
44555 44531 1259
44555 44554 848
44545 44542 354
44548 44537 905
44548 44550 836
44592 44591 757
44588 44589 202
50543 35763 352
35762 35763 227
35762 50538 207
50534 50538 272
44608 44607 789
44608 44610 6030
44633 44634 893
44633 44636 1074
39353 39069 574
35777 35778 2004
35778 35777 2004
37425 37423 2459
37423 37425 2459
35617 35622 950
35622 35617 950
36219 36236 2674
36236 36219 2674
36273 36254 796
37428 37430 2204
37430 37428 2204
46584 46595 505
46595 46584 505
46714 46722 279
46722 46714 279
127039 127068 2588
127068 127039 2588
46185 46189 2085
46189 46185 2085
127288 127294 2363
127294 127288 2363
127758 127767 1612
127767 127758 1612
129342 129343 673
129343 129342 673
129617 129669 879
129669 129617 879
129607 129616 1485
129616 129607 1485
129873 129876 1447
129876 129873 1447
121290 121299 355
121299 121290 355
121326 121331 2002
121331 121326 2002
70270 70275 404
70275 70270 404
129517 129515 977
129515 129517 977
129519 129538 1411
129721 129718 891
129718 129721 891
129785 129710 1364
129710 129785 1364
129711 129875 751
129875 129711 751
129538 129519 1411
218682 218290 496
218936 218939 893
218939 218936 893
218910 218912 857
218912 218910 857
218290 218682 496
218741 218740 1083
218740 218741 1083
223124 223120 1619
223135 223129 955
223129 223135 955
223120 223124 1619
150857 150859 2264
150859 150857 2264
149284 149290 912
149290 149284 912
149523 149525 351
149525 149523 351
146603 146599 406
146599 146603 406
147377 147380 2301
147380 147377 2301
147429 147445 547
147445 147429 547
147445 147436 330
147436 147445 330
147453 147648 2114
147648 147453 2114
147665 147658 831
147658 147665 831
148900 148912 563
148912 148900 563
212752 212762 739
212762 212752 739
150041 150042 2207
150070 150042 2382
150042 150041 2207
150042 150070 2382
150113 150123 1964
150123 150113 1964
162446 162448 796
162437 162434 610
168769 168785 333
171207 168785 850
168773 168772 1075
171209 171210 2354
171209 171211 2107
171275 171210 613
171275 171274 940
168785 168769 333
168785 168784 650
168785 171207 850
171211 168784 1494
171211 171209 2107
171274 168830 1485
171274 171275 940
171274 171278 879
168940 168828 927
168941 168828 672
168941 168829 759
171278 168829 1908
171278 171274 879
168936 168935 843
168936 168942 818
168942 168931 848
168942 168936 818
168947 168931 2727
168947 168959 1786
172549 168932 1261
162412 162413 684
168965 162413 445
168965 168961 759
168962 168961 1590
168959 168947 1786
168959 168964 62
162423 162424 1030
162423 162424 1030
162427 162426 337
154176 162429 1147
162430 162429 610
154156 162432 2287
162434 162432 778
162434 162437 610
168892 162452 778
168892 168891 169
162448 162446 796
162448 168873 782
168891 168873 1939
168891 168892 169
154038 154037 1849
154139 154128 893
154145 154146 767
154137 154131 683
154137 154138 1454
154120 154122 796
154114 154111 590
154344 154345 844
154363 154345 672
158197 158196 337
154450 154449 404
154466 154449 674
154466 154467 1268
154469 154467 631
154469 154468 1105
154468 154441 1226
154468 154469 1105
154535 154441 1796
154535 154990 1180
154991 154990 1897
154991 154998 1118
155086 154998 1796
155086 155087 1018
154538 154543 3437
154539 154543 1014
154539 155085 2300
154545 154544 2568
154545 154550 2809
154550 154544 1667
154550 154545 2809
154550 155091 3862
155093 155092 1636
155150 155092 713
155150 155119 1014
157927 157926 790
157927 157926 790
157927 157928 678
155118 155119 2371
155120 155119 1140
155120 155121 1268
155121 155120 1268
155121 155151 1471
155163 155162 253
155370 155162 1140
155370 155369 1784
155369 155368 556
155369 155370 1784
159733 155408 684
159736 155408 1293
159736 159735 1308
159747 159735 968
159745 159749 796
159745 159808 1534
159809 159749 934
155469 159808 1454
157775 157776 713
157775 157789 848
157801 157776 1485
158010 157776 674
159976 159977 1587
158032 157984 570
158709 158710 879
158709 158711 1145
158714 158711 452
158020 158019 1375
158020 158021 811
158035 158019 954
158025 158021 279
158002 158005 452
157789 157775 848
157789 157788 713
157789 157998 2220
158000 157998 837
158003 157998 940
178484 178483 1614
178130 178480 1073
178489 178490 240
178442 178441 1861
178456 178441 610
178460 178459 708
178605 178459 1014
158710 158702 279
158710 158709 879
158710 158715 1673
158715 158708 808
158715 158710 1673
158721 158708 2644
158721 158726 808
158755 158726 2228
158755 158756 1010
158756 158755 1010
158756 158757 804
172137 158757 470
158761 158760 1813
158806 158760 222
158806 158805 1284
158805 158793 889
158805 158806 1284
158981 158980 562
158985 158984 1340
172351 158984 796
158999 158998 688
158999 159027 3232
159026 159027 789
159028 159027 477
159047 159056 2511
160076 159056 710
160076 160074 951
160074 160067 1956
160074 160076 951
159106 159093 752
159106 159105 452
160075 160068 1561
172093 159105 872
172093 161097 667
161097 161096 1114
161097 172093 667
172094 161096 506
172096 172095 581
172097 172095 404
161273 161290 1227
161275 161281 1202
213161 213159 868
213178 213159 1900
213178 213167 504
213179 213181 1477
213196 213181 1982
213158 213157 800
213273 213270 559
213273 213271 1108
213273 213279 197
213282 213279 2111
213282 213331 956
213271 213266 674
213271 213273 1108
213271 213274 1036
213288 213287 198
213289 213287 814
213289 213292 1295
213289 213293 1696
213274 213271 1036
213274 213292 848
213293 213289 1696
213293 213292 2150
213204 213203 420
213205 213203 2011
213359 162020 410
213335 213333 807
213335 213337 1129
213338 213337 750
213331 213282 956
213331 213286 572
213334 213333 550
162196 162022 1114
159961 159959 796
159961 159962 1770
162221 159962 1770
162297 159962 1212
161983 161984 753
159959 159960 3059
159959 159961 796
162296 169645 4408
169644 169645 1834
169626 169625 436
169622 169624 1029
169620 169619 1010
169664 169619 436
169677 169619 1903
169668 169667 1004
170524 170525 1813
170524 170562 2451
170521 170520 1014
170074 170073 238
170572 170473 333
170596 170595 713
170596 170597 238
170634 170595 1229
170597 170596 238
170597 170598 1029
170605 170598 521
170605 170606 1442
170633 170632 511
170635 170561 344
170635 170632 1696
170606 170600 384
170606 170605 1442
172576 170600 752
170571 170560 404
170695 170562 337
170703 170563 1111
170703 170568 253
170567 170568 1146
170708 170568 1936
172193 169684 1412
172193 169689 916
169674 169673 710
169674 169685 684
169685 169674 684
169685 169678 2506
169684 169681 1010
169684 172193 1412
169543 169542 404
169682 169680 891
94818 95120 1356
95118 95120 826
94865 95142 947
95143 95142 672
94875 94903 1101
94901 94903 2978
94951 94950 1257
94951 94952 1352
94952 94950 1819
94952 94951 1352
95209 95213 551
95527 95216 1576
94998 95020 1084
95000 95020 1114
95021 95020 222
95021 95023 747
95023 95021 747
95023 95025 1560
95076 95025 747
101750 95025 1771
95153 95128 2488
95153 95152 947
95159 95156 1352
95159 95171 1257
95171 95157 950
95171 95159 1257
95174 95157 580
95181 95157 1062
95130 95129 938
95134 95131 923
95140 95131 2476
94909 94908 1900
94905 103152 712
103153 103152 1274
94913 94921 614
94922 94921 610
102437 94243 777
94235 94236 475
94235 94240 718
101871 94267 1173
94266 94264 610
94266 94271 889
94271 94266 889
94271 94269 1008
94287 94269 1028
94287 94289 1208
101869 94289 456
94303 94302 676
94304 94302 782
108960 108932 588
94314 94316 778
94331 94316 638
49983 49985 3030
50057 49985 1161
49987 50017 13267
50066 50070 452
50232 50231 152
50232 50233 726
94214 94212 539
97415 97413 1002
102044 102043 942
103263 102043 138
97478 102784 926
97443 97468 1069
97568 97567 1675
97565 97569 578
97565 97586 1532
97586 97565 1532
97586 97592 889
97589 97588 1564
97575 97577 877
98129 97577 1493
97631 97607 1481
97579 97578 807
101736 97578 331
102841 97578 914
97627 98134 861
98138 98134 1768
98138 98164 708
98177 97641 1299
98177 98162 877
98179 97641 672
98163 98160 826
98163 98162 1483
98164 98138 708
98164 98160 1671
97646 97642 3387
97646 97645 284
103179 98253 552
98210 98209 1026
93328 102284 2342
102285 102284 2025
93615 102014 472
93615 102015 652
94630 94631 411
94630 102016 925
102015 93615 652
102015 102016 1617
100627 100628 3603
100627 102236 1133
93449 94631 996
93449 102286 1142
102700 102286 1162
93448 93450 222
93460 93450 445
93463 93464 2433
93463 93466 836
93468 93464 1993
103037 93464 639
93510 93511 2480
93513 93511 836
93516 93481 1851
93518 93481 2224
94959 94960 595
95207 94960 1323
98555 98554 2700
98641 98554 1234
98154 98135 448
98191 98135 2128
98264 98270 963
98272 98270 826
98268 98299 1225
98300 98299 2153
98301 98299 629
98301 98312 1849
97645 97646 284
97645 98266 836
98313 98312 1139
98560 98316 2613
97624 97625 359
97632 97625 3880
101997 97625 268
191460 191461 1524
191460 191462 1720
194458 191461 404
191219 191218 513
191140 191369 2909
191390 191369 2441
118505 118504 5220
118495 119480 1310
119481 119480 2081
191100 191099 574
191231 191099 423
191231 191104 747
190998 191103 1027
191005 191103 2344
191104 191103 1376
191104 191231 747
194418 191466 207
191463 191462 327
118625 118624 982
118626 118624 834
118632 118631 1542
118635 118634 924
118635 118689 1409
108953 108951 240
108953 108952 601
108965 108952 452
108946 108945 504
108950 108945 1114
108950 108951 681
50233 50095 953
50233 50232 726
50079 50082 1179
109012 109013 435
109024 109013 1222
108971 108954 3246
108986 108985 418
108986 109036 373
109020 108973 5118
109022 109017 5335
116298 109017 1002
50220 49802 1257
50220 50218 788
50220 50221 927
49802 49803 806
49802 49803 806
49802 50220 1257
109178 109177 452
113666 109177 588
109123 109122 1209
109123 109124 1622
109123 109153 322
109036 108986 373
109036 109042 1592
109121 109042 676
109114 109117 809
109118 109117 1393
109134 109117 1672
109130 109133 1533
109132 109133 847
109129 109043 475
109125 109124 688
109122 109123 1209
109122 109126 499
109122 109145 688
113780 109145 681
109127 109126 428
36039 36040 1159
36042 36040 2246
35557 35567 2772
36199 36198 1268
35560 35570 3136
50279 35570 757
35602 35607 750
35604 35607 2682
35609 35607 890
35573 35572 765
35550 35535 1530
36201 36202 2360
36201 36243 950
36203 36202 672
36203 36250 1426
36250 36203 1426
36250 36251 1063
36249 36252 1033
36254 36252 3449
36254 36273 796
36353 36351 504
36065 36048 1700
36066 36048 354
109182 109204 1120
109210 109204 826
109185 109202 1179
109185 109203 1797
109202 109185 1179
109202 109203 1293
35520 35521 557
49919 50193 248
50188 50193 403
44163 44161 1977
44163 44164 951
44163 44187 226
44167 44175 403
44151 44153 1115
44154 44153 1672
50571 44187 696
44172 44176 2783
44172 44178 1281
44566 44178 873
44565 44569 1946
44567 44569 947
44567 44571 890
44531 44530 1140
44531 44555 1259
44546 44530 475
44546 44542 452
44554 44555 848
44542 44545 354
44542 44546 452
44537 44548 905
44550 44548 836
44591 44592 757
44589 44588 202
35763 35762 227
35763 50543 352
50538 35762 207
50538 50534 272
44607 44608 789
44610 44608 6030
44634 44633 893
44634 44636 789
44636 44633 1074
44636 44634 789
39069 39353 574
906
168772
171210
168784
168830
168828
168829
168935
168931
168932
162413
168961
168964
162424
162426
162429
162432
162452
168873
154037
154128
154146
154131
154138
154122
154111
154345
158196
154449
154467
154441
154990
154998
155087
154543
155085
154544
155091
155092
157926
155119
155151
155162
155368
155408
159735
159749
159808
157776
159977
157984
158711
158019
158021
158005
157788
157998
178483
178480
178490
178441
178459
157928
158702
158708
158726
158757
158760
158793
158980
158984
158998
159027
159056
160067
159093
160068
159105
161096
172095
161290
161281
213159
213167
213181
213157
213270
213279
213266
213287
213292
213203
162020
213337
213286
213333
162022
159962
161984
159960
169645
169625
169624
169619
169667
170525
170520
170073
170473
170595
170598
170632
170561
170600
170560
170562
170563
170568
169689
169673
169678
169681
169542
169680
95120
95142
94903
94950
95213
95216
95020
95025
95128
95152
95156
95157
95129
95131
94908
103152
94921
94243
94240
94267
94264
94269
94289
94302
108932
94316
49985
50017
50070
50231
94236
94212
97413
102043
102784
97468
97567
97569
97592
97588
97577
97607
97578
98134
97641
98162
98160
97642
98253
98209
102284
102014
102016
102236
100628
94631
102286
93450
93464
93466
93511
93481
94960
98554
98135
98270
98299
98266
98312
98316
97625
191461
191218
191369
118504
119480
191099
191103
191466
191462
118624
118631
118634
118689
108952
108945
108951
50095
50082
109013
108954
108985
108973
109017
50221
50218
49803
109177
109153
109042
109117
109133
109043
109124
109145
109126
36040
35567
36198
35570
35607
35572
35535
36202
36243
36251
36252
36351
36048
109204
109203
35521
50193
44164
44175
44153
44161
44187
44176
44178
44569
44571
44530
44555
44545
44548
44592
44588
50543
35762
50534
44608
44633
39353
39551
35770
35828
35835
35836
35841
35777
35778
37425
50357
37423
50245
47351
35638
35617
35622
36219
36236
36273
35658
37428
37430
35798
35839
35850
35852
35854
35849
35877
35863
35870
35868
35977
35981
35989
37840
37865
37864
35995
35997
37855
35996
41397
41404
41412
41436
46578
46579
46583
46584
46595
46610
46622
46670
46684
46698
46714
46718
46722
46717
46463
46467
127168
127166
127171
127036
127039
127105
127062
127065
127068
127071
127073
127100
127112
127113
127108
127183
127148
127277
127317
46176
46200
126809
126811
126854
126831
126837
126838
126849
46173
46185
46177
46186
46247
46418
46410
46412
46388
46189
46389
46453
127288
127294
127299
127487
127631
127323
127343
127653
127639
127664
127794
127316
130316
130326
130327
127742
127749
127740
127756
127760
127776
127758
127767
127768
127774
129325
129342
129371
129337
129343
129583
129617
129669
129607
129616
129678
129683
129689
129692
129705
129708
129873
129876
121290
121294
121299
121303
121375
121328
121326
121331
70081
70259
70270
70275
70280
70455
78774
70284
69963
69964
70233
69935
69934
69915
69931
69949
69951
69950
69936
76619
69852
69856
69883
69899
129509
129517
129515
129519
129720
129721
129718
129728
129733
129784
129785
129710
129711
129875
129874
129538
129743
129544
129756
121187
129570
121192
121292
121373
219698
224033
219387
224412
219400
219409
218475
224102
219024
219045
219047
219406
219396
218702
218681
218710
218711
218682
218723
218734
218871
218876
218936
218937
218939
218940
218910
218912
218927
222150
219586
224072
218290
218721
218747
218741
218740
218754
223075
223084
223074
223089
223124
223135
223129
223115
223119
223120
150857
150859
151008
151979
150947
151304
149168
149173
149023
149284
149290
149295
149504
149515
149507
149511
149523
149525
146603
146599
151092
151103
151152
147364
147366
151190
151189
147377
151179
151171
151151
147380
147429
147445
147436
147438
147453
147648
147651
147665
147658
147686
147689
147738
147944
147949
148859
148863
148885
148893
148897
148900
148912
148954
148960
148911
148961
148974
148977
149015
149156
212709
212712
212753
212754
212759
212760
212752
212818
196153
212762
196154
212768
212823
212769
150041
150070
150140
150145
150042
150162
150168
150171
150172
150113
150090
150123
150239
150215
150243
150246
150248
150256
150275
151918
198795
204984
204986
205048
204979
154016
153898
153899
154033
162444
162446
154165
162437
162439
168395
170745
170746
168769
171207
170748
171209
171275
171211
168940
168941
171278
168936
168942
168947
162412
168965
168962
168959
162423
162427
154176
162430
154156
162434
168892
162448
168891
154038
154139
154145
154137
154120
154114
154344
154363
154450
154466
154469
154468
154535
154991
155086
154538
154539
154545
154550
155093
155150
155118
155120
155121
155163
155370
155369
159733
159736
159747
159745
155469
157775
157801
158010
159976
158709
158714
158020
158025
158002
158000
178484
178130
178489
178442
178456
178460
158715
158721
158755
158756
172137
158806
158805
158981
172351
158999
159026
159047
160076
160074
159106
160075
172093
161097
161273
161275
213161
213178
213179
213196
213282
213289
213274
213293
213204
213205
213359
213335
213338
213331
162196
159961
162221
162297
159959
162296
169644
169626
169622
169620
169664
169677
169668
170524
170521
170074
170572
170597
170605
170633
170635
170606
170571
170695
170703
170567
170708
172193
169674
169685
169684
94818
95118
94865
95143
94875
94901
94951
94952
95209
95527
94998
95000
95076
101750
95153
95159
95171
95174
95181
95130
95134
95140
94909
94905
94913
94922
94266
94271
94287
94304
94314
49983
49987
50066
97478
97443
97568
97565
97586
97575
98129
97631
97627
98138
98177
98179
98163
98164
98210
93328
93615
94630
102015
93449
93448
93463
93468
93510
93513
93518
94959
98555
98641
98154
98191
98264
98272
98268
98300
98301
97645
98313
98560
191460
191219
191140
118505
118495
191100
191231
190998
191005
191104
194418
118626
118632
108953
108946
108950
50079
109024
108971
109020
109022
49802
109178
109114
109118
109134
109130
109132
36039
36042
35557
35560
35602
35604
35609
35550
36201
36203
36249
36254
109182
109210
109185
109202
35520
49919
50188
44167
44151
44154
44172
44566
44565
44567
44531
44554
44542
44537
44591
44589
35763
50538
44607
44610
44634
44636
39069
