1382
95743 95744 1549
95743 95745 1273
97715 97712 697
97715 97714 6946
94738 94746 336
95253 95254 187
95273 95271 678
95273 95274 2335
95345 95349 279
95345 95376 336
95346 95350 634
95346 95351 782
95346 102531 554
95418 95415 1780
95418 95421 708
95779 97906 336
95663 95659 924
95663 95665 279
102542 95426 750
102542 102543 1129
95653 95659 1306
95653 95660 354
101695 101696 4220
101695 101712 1016
101695 101716 1392
101712 101695 1016
101712 101714 76
101713 101714 333
49827 50274 1329
49932 49933 2920
49932 49934 1273
41936 41937 1567
41936 41938 139
41955 41966 3567
41955 41983 435
49825 49832 1225
49825 49833 1612
49828 49829 1151
49828 49832 1663
49882 49881 2006
49882 49889 688
49901 49903 1054
49904 49903 1007
97756 97675 3377
97756 97757 2690
97759 97676 2229
97759 97757 1161
97759 97760 1066
97765 97760 1955
97659 102051 217
97659 102052 1067
93532 98892 2389
93532 102032 1818
94652 94340 356
94652 94613 1166
94652 94655 241
94617 94618 703
94617 94619 449
94656 94613 581
94656 94657 297
93546 93547 1143
93551 93549 1517
98906 98905 2698
98906 98937 475
98906 98939 1420
98945 98946 2778
93568 93569 2859
93568 93571 1132
102037 102038 1002
102037 102039 2376
102039 102037 2376
102039 102704 406
92787 92548 722
92787 92786 2545
92548 92549 1018
92548 92787 722
92710 92549 797
95733 95732 715
95733 98925 842
95733 98926 1114
98895 98891 1069
98895 98894 1762
98929 98930 1862
98897 98894 418
98897 98900 2427
98902 98901 1335
98902 98903 2698
98949 98951 931
98959 98961 556
98970 98961 942
101684 101723 3544
101684 102749 5057
98629 98616 1248
98629 98631 2187
98630 98631 778
98630 98655 756
98654 98655 778
97807 97724 5834
97807 97809 1880
97808 97809 452
97808 97810 1197
97827 97834 796
97810 97808 1197
97810 97834 1014
102465 97836 448
97821 97820 336
98046 98045 2417
98046 98047 579
98055 98040 708
98055 98056 1115
98113 98112 1044
98339 98341 1457
92170 102535 60
97909 98040 357
97761 97678 4112
97761 97760 1066
97798 97722 3706
98324 98323 688
98324 98334 1684
98331 98334 667
98596 98334 2859
98596 98597 1022
98596 98607 2775
98606 98607 672
98606 98609 1352
191086 191077 997
191086 191470 1234
191094 191093 563
191372 191373 818
191469 194420 1520
41966 41955 3567
41966 41993 1209
41968 41994 975
41968 41999 1612
42017 42018 806
42017 42019 1007
42004 42005 2367
42004 42007 750
42007 42004 750
42007 42011 4057
42012 42011 1481
42012 42014 3355
49897 49895 475
49898 49896 789
49898 49899 1161
42020 42021 5028
42031 42022 6677
42031 42034 1612
42049 42051 1393
42049 42052 557
42053 42054 354
42053 42055 667
50167 50166 1117
50167 50493 536
42088 42087 3247
42088 42092 877
42099 42094 939
42099 42097 2892
42099 42108 806
42146 48167 228
42146 48167 228
42108 42099 806
42108 50292 678
42115 42110 2347
42115 42114 1926
42114 42109 139
42114 42115 1926
43678 43671 1780
43678 43671 1780
43956 43697 672
43961 43966 1353
43961 43967 1293
43967 43961 1293
43967 43965 1755
43978 43980 778
43979 43998 2243
43979 43999 2806
35773 35774 622
35773 35775 416
44056 44057 1539
44056 44058 822
50316 44059 1266
43919 43915 2817
43918 43889 4174
43918 43916 474
43829 43828 2378
43829 43831 2613
43829 43899 2598
43905 43899 6340
43905 43906 1074
43851 43850 373
43851 43857 354
43851 44194 418
44232 44226 1957
44232 44234 1205
44243 44208 3289
44264 50309 279
44235 44236 1777
44235 44520 585
44253 44240 1302
44253 44391 951
44379 44373 227
44379 44376 944
44389 44381 1438
44389 44390 1578
44377 44375 1103
44377 44391 3936
44381 44382 1022
44381 44389 1438
44386 44382 222
44386 44384 252
44386 44387 905
44471 44472 2139
44471 44475 3865
44479 44472 789
44482 44481 1981
44727 44726 2216
44727 44730 1323
43748 43719 1363
43748 43729 2586
43748 43747 2092
43758 43757 975
43758 43759 870
43729 43728 1559
43729 43748 2586
43764 44006 581
44008 44003 418
44008 44009 1209
44005 44004 1028
44005 44011 1715
44013 44014 336
43714 43712 1167
43714 43721 1421
43739 43740 336
43739 47859 513
42498 43768 1812
42498 43771 1755
43904 43898 435
43904 43902 847
43909 43906 3238
43909 43911 1099
44760 44759 747
44526 44522 1210
44526 44523 2852
45612 45605 1345
45891 45605 6119
45891 45631 836
44524 44523 3485
44524 44754 617
45901 45900 828
45901 45910 697
45918 45906 751
45907 45906 1346
45907 45909 1534
45961 45962 1623
45992 45976 1483
45924 45909 1281
45924 45978 789
126021 125958 2799
126021 126020 2738
125980 125960 1011
125980 126080 1592
126081 126080 674
126082 126083 888
126082 126086 782
126114 126113 562
132501 126121 92
126185 126125 790
126185 126183 1686
126185 126196 796
126199 126197 828
126486 126202 253
126488 126484 683
126488 126489 2371
45739 45736 537
45739 45738 2551
45739 45741 948
45754 45438 2331
45754 45737 418
45435 45432 337
45435 45433 747
45438 45753 1268
45438 45754 2331
125226 125194 677
125235 125229 1624
125235 125234 404
125275 125273 418
125275 125276 1284
45323 45322 688
45323 45361 710
45324 35705 1161
45324 45322 1812
45348 35705 4498
45348 45439 1147
125313 125312 677
125313 125318 1104
125313 125328 390
125317 125318 1004
125319 125318 984
125321 125361 1495
125324 125336 1028
125324 125337 436
125338 125337 605
125342 125340 1064
125342 125343 1426
125343 125341 1200
125343 125342 1426
125378 125387 893
125378 125388 1905
125382 125380 738
125382 125385 2181
125382 125394 1080
125389 125388 976
125389 125397 752
125914 125955 6823
125423 125395 2283
125423 125422 807
125397 125389 752
125397 125396 1116
125427 125395 1345
125390 125387 556
125390 125391 890
125393 125387 2032
125393 125396 697
125391 125390 890
125391 125995 1343
125996 125995 1206
125996 125997 940
125996 126000 2350
126000 125996 2350
126000 126009 890
126019 126032 1255
126036 126037 752
126041 126037 837
126041 126042 612
126040 126037 848
126001 125952 2219
126001 126002 697
126005 126020 1085
120189 120190 248
120189 120222 1958
126002 125998 2156
126002 126001 697
45559 45557 697
45559 45558 202
45704 45678 355
45700 45697 948
45700 45699 3339
45981 45701 928
45981 45703 238
45988 45987 2160
45985 45701 344
126465 126464 782
126477 126471 202
126477 126478 874
126551 126548 829
126553 126541 890
126553 126555 976
126555 126553 976
126555 126556 1255
127501 126604 739
127501 127502 1753
127504 127505 1097
127504 127506 789
120153 120154 2926
120153 126548 1954
126560 126557 518
126572 126559 558
126572 126606 1500
126563 126428 1269
126563 126564 1124
128903 128900 436
128903 128904 829
128913 128911 710
128913 128914 1268
128917 128914 986
128917 128918 1696
128918 128915 739
128918 128917 1696
128929 128927 5537
128929 128930 553
128947 128949 610
128947 129075 1154
128948 128955 1423
128948 128964 808
129089 129088 672
129099 123785 794
129099 129030 592
129099 129098 355
126586 126556 1949
126615 126607 276
126615 126616 2132
126588 126601 2707
126602 126603 1759
126602 126604 874
129097 129098 506
129193 129189 337
129193 129195 1055
129197 129192 1663
129197 129196 1785
129033 129031 949
129034 129031 811
129034 129196 1731
129243 129240 924
129243 129242 140
129289 129293 1977
129289 129294 1075
120947 120946 2673
120947 121034 1111
121035 121034 1618
121035 121037 1004
121037 121035 1004
121037 121036 1691
121027 121028 595
121038 121026 1004
120875 120872 1663
120875 120877 688
121041 120877 753
121041 120878 928
121042 120878 2020
121042 121051 789
121042 121053 1616
121053 121042 1616
121053 121052 789
121053 121065 1687
121066 121096 1030
121066 121097 1284
120953 120949 1522
121097 121066 1284
121097 121098 1143
121519 121518 1011
121510 121509 4270
121510 121514 739
121510 121518 1613
121525 121518 837
69099 69098 2053
69164 69128 3418
69164 69165 1064
69180 69184 667
69182 69179 468
73052 73050 238
70182 70184 713
70206 70185 1066
70206 70202 747
70219 70214 747
70219 70222 1936
70225 70230 477
73035 73036 1952
69736 69565 1019
69738 69743 519
69731 69729 1484
69731 69730 601
69445 69446 1536
69445 69450 667
69664 69433 955
69664 69667 445
69668 69667 1524
69668 69678 1124
69679 69677 1124
69679 69678 792
69729 69560 768
69729 69731 1484
69570 69568 422
69566 69567 1698
69528 69516 1673
69528 69534 477
69578 69577 279
69578 69582 1540
69535 69534 951
69535 69536 830
69582 69576 1704
69582 69578 1540
69596 69595 344
69572 69569 556
69586 69537 1030
72319 69537 928
72319 72316 830
72309 72307 3390
72313 72308 1908
72313 72317 880
72316 69533 885
72316 72314 679
72316 72319 830
72317 72313 880
72317 72314 984
72045 72239 987
72047 72048 648
72033 72025 3120
72036 72035 1226
72036 72038 672
72043 76638 9049
72359 72350 3719
72359 72361 1004
72359 72523 3033
72359 72525 632
72522 72523 1664
70012 70014 606
70012 70015 3563
70041 70038 1202
70041 70343 344
70344 70342 672
70344 70343 601
70344 70351 1228
70627 70625 1029
70627 70647 275
70642 70622 811
70642 70625 1996
70647 70626 1017
70647 70627 275
70649 70632 851
70649 70650 581
70650 70635 908
70650 70649 581
70650 70654 1004
70654 70650 1004
70654 70651 684
70660 70661 672
70660 70662 436
70672 70669 1086
70672 70671 1014
70680 70670 1973
70680 70681 970
70680 78293 310
70351 70344 1228
70351 70363 672
70585 70363 1473
70585 70587 818
70599 70587 2110
70599 70600 796
70605 70600 1391
70605 70606 796
70605 70617 1383
70617 70605 1383
70617 70618 905
70617 70619 885
70619 70617 885
70619 70623 206
70622 70624 1996
70622 70642 811
69275 69271 768
69275 69278 796
69290 69280 1721
69290 69287 688
69333 69335 631
69333 69336 2044
69334 69289 768
69334 69336 422
69334 69690 2109
69340 69335 2300
129309 129294 538
129312 129310 337
120957 120958 1578
219164 219165 733
219164 219174 169
219180 219179 1123
219149 219179 905
219149 219186 1017
218232 218233 244
218232 219115 2034
218232 219119 1301
219160 219161 788
218188 220774 555
218188 220775 608
218223 218222 1285
218223 218224 702
218271 218272 284
218271 224255 341
215456 215457 516
215456 224255 606
215456 224743 280
220833 220800 524
220833 220835 220
220841 220839 856
220841 224860 610
220857 220854 952
220857 220858 714
216045 216035 1080
216045 224584 722
218265 219105 356
216035 216036 818
216035 216045 1080
219146 219145 294
219146 219148 1486
216419 216421 385
216419 219109 346
219121 219108 2412
219121 219123 770
219121 220858 2414
218031 218039 7962
218031 224943 3861
220582 216080 405
220582 224945 245
220313 219949 307
220315 220289 1062
220315 220316 706
220315 220590 1230
220585 220583 1438
220585 220588 2117
220309 220306 318
220309 224248 283
224249 220312 2964
224249 224248 296
220306 220304 306
220306 220309 318
216526 220269 243
218337 218141 4992
218337 220273 579
218337 220293 885
218343 220236 851
218343 220273 3197
218343 220284 740
220268 220269 1096
220268 224793 312
220284 218343 740
220284 220236 510
218055 218054 1269
218055 218165 958
224637 224636 548
224637 224753 432
224270 218054 537
224270 224245 926
219276 219277 564
219276 219281 380
219276 219286 1981
219292 224630 199
219292 224631 493
220644 219268 969
220644 219277 651
219285 224631 468
219285 224633 406
219286 219276 1981
219286 219287 777
219321 219322 64
219319 219333 477
219319 219334 1013
219319 219656 1979
224349 219335 51
219255 219161 1648
219268 220644 969
215443 215446 1686
215446 215443 1686
215261 215260 724
219799 219809 127
219809 219799 127
215260 215261 724
223444 223443 788
223443 223444 788
223423 223403 2587
223403 223423 2587
215284 215283 816
215283 215284 816
223178 223180 873
223180 223178 873
150431 150430 851
150430 150431 851
150909 150900 835
147164 147148 873
147148 147164 873
150900 150909 835
148047 148051 505
148051 148047 505
148135 149373 424
149373 148135 424
212870 212896 838
212896 212870 838
212962 212963 786
212963 212962 786
171518 171521 1735
171521 171518 1735
159220 159225 1014
159225 159220 1014
159385 159384 759
159384 159385 759
159719 159698 1612
159698 159719 1612
172759 172859 3836
172859 172759 3836
213414 213405 1462
213405 213414 1462
95744 95743 1549
95744 97712 1014
95745 95743 1273
97712 95744 1014
97712 97715 697
97714 97715 6946
94746 94738 336
95254 95253 187
95271 95273 678
95274 95273 2335
95349 95345 279
95376 95345 336
95350 95346 634
95351 95346 782
102531 95346 554
95415 95418 1780
95421 95418 708
97906 95779 336
95659 95653 1306
95659 95663 924
95665 95663 279
95426 102542 750
102543 102542 1129
95660 95653 354
101696 101695 4220
101696 102749 2278
101696 102749 2278
101716 101695 1392
101714 101712 76
101714 101713 333
50274 49827 1329
49933 49932 2920
49934 49932 1273
41937 41936 1567
41938 41936 139
41983 41955 435
49832 49825 1225
49832 49828 1663
49833 49825 1612
49829 49828 1151
49881 49882 2006
49889 49882 688
49903 49895 884
49903 49901 1054
49903 49904 1007
97675 97756 3377
97757 97756 2690
97757 97759 1161
97676 97759 2229
97760 97759 1066
97760 97761 1066
97760 97765 1955
102051 97659 217
102052 97659 1067
98892 93532 2389
98892 98894 3299
102032 93532 1818
94340 94652 356
94613 94652 1166
94613 94656 581
94655 94652 241
94618 94617 703
94619 94617 449
94657 94656 297
93547 93546 1143
93547 93549 2612
93549 93547 2612
93549 93551 1517
98905 98900 1416
98905 98906 2698
98937 98906 475
98939 98906 1420
98946 98945 2778
93569 93568 2859
93571 93568 1132
102038 102037 1002
102704 102039 406
92786 92787 2545
92549 92548 1018
92549 92710 797
95732 95733 715
98925 95733 842
98926 95733 1114
98891 98895 1069
98894 98892 3299
98894 98895 1762
98894 98897 418
98930 98929 1862
98900 98897 2427
98900 98901 917
98900 98905 1416
98901 98900 917
98901 98902 1335
98903 98902 2698
98951 98949 931
98961 98959 556
98961 98970 942
101723 101684 3544
102749 101684 5057
102749 101696 2278
102749 101696 2278
98616 98629 1248
98631 98629 2187
98631 98630 778
98655 98630 756
98655 98654 778
97724 97807 5834
97809 97807 1880
97809 97808 452
97834 97810 1014
97834 97827 796
97836 102465 448
97820 97821 336
98045 98046 2417
98047 98046 579
98040 97909 357
98040 98055 708
98040 98056 1111
98056 98040 1111
98056 98055 1115
98112 98113 1044
98341 98339 1457
102535 92170 60
97678 97761 4112
97722 97798 3706
98323 98324 688
98334 98324 1684
98334 98331 667
98334 98596 2859
98597 98596 1022
98607 98596 2775
98607 98606 672
98609 98606 1352
191077 191086 997
191470 191086 1234
191093 191094 563
191373 191372 818
194420 191469 1520
41993 41966 1209
41993 41994 806
41994 41968 975
41994 41993 806
41999 41968 1612
42018 42017 806
42019 42017 1007
42005 42004 2367
42011 42007 4057
42011 42012 1481
42014 42012 3355
49895 49897 475
49895 49903 884
49896 49898 789
49899 49898 1161
42021 42020 5028
42022 42031 6677
42034 42031 1612
42051 42049 1393
42052 42049 557
42052 42055 612
42054 42053 354
42054 42055 649
42055 42052 612
42055 42053 667
42055 42054 649
50166 50167 1117
50493 50167 536
42087 42088 3247
42092 42088 877
42094 42099 939
42097 42099 2892
48167 42146 228
48167 42146 228
50292 42108 678
50292 42110 1567
42110 42109 513
42110 42115 2347
42110 50292 1567
42109 42110 513
42109 42114 139
43671 43678 1780
43671 43678 1780
43697 43956 672
43966 43961 1353
43966 43965 1254
43965 43966 1254
43965 43967 1755
43980 43978 778
43998 43979 2243
43999 43979 2806
35774 35773 622
35775 35773 416
44057 44056 1539
44058 44056 822
44059 50316 1266
43915 43919 2817
43889 43918 4174
43916 43918 474
43828 43829 2378
43831 43829 2613
43899 43829 2598
43899 43905 6340
43906 43905 1074
43906 43909 3238
43850 43851 373
43857 43851 354
44194 43851 418
44226 44232 1957
44234 44232 1205
44208 44243 3289
50309 44264 279
44236 44235 1777
44520 44235 585
44240 44253 1302
44391 44253 951
44391 44377 3936
44373 44379 227
44376 44375 713
44376 44379 944
44390 44389 1578
44375 44376 713
44375 44377 1103
44382 44381 1022
44382 44384 336
44382 44386 222
44384 44382 336
44384 44386 252
44384 44387 984
44387 44384 984
44387 44386 905
44472 44471 2139
44472 44479 789
44475 44471 3865
44481 44482 1981
44726 44727 2216
44730 44727 1323
43719 43728 2627
43719 43748 1363
43747 43748 2092
43747 43757 1008
43757 43747 1008
43757 43758 975
43759 43758 870
43728 43719 2627
43728 43721 474
43728 43729 1559
44006 43764 581
44003 44004 1283
44003 44008 418
44009 44008 1209
44004 44003 1283
44004 44005 1028
44011 44005 1715
44014 44013 336
43712 43714 1167
43721 43714 1421
43721 43728 474
43740 43739 336
47859 43739 513
43768 42498 1812
43771 42498 1755
43898 43904 435
43902 43904 847
43911 43909 1099
44759 44760 747
44522 44526 1210
44523 44524 3485
44523 44526 2852
45605 45612 1345
45605 45891 6119
45631 45891 836
44754 44524 617
45900 45901 828
45910 45901 697
45906 45907 1346
45906 45918 751
45909 45907 1534
45909 45924 1281
45962 45961 1623
45976 45978 789
45976 45992 1483
45978 45924 789
45978 45976 789
125958 126021 2799
126020 126005 1085
126020 126021 2738
125960 125980 1011
126080 125980 1592
126080 126081 674
126083 126082 888
126086 126082 782
126113 126114 562
126121 132501 92
126125 126185 790
126183 126185 1686
126196 126185 796
126196 126197 1576
126197 126196 1576
126197 126199 828
126197 126202 1902
126202 126197 1902
126202 126486 253
126484 126488 683
126489 126488 2371
45736 45737 948
45736 45739 537
45738 45739 2551
45741 45739 948
45737 45736 948
45737 45754 418
45432 45435 337
45433 45435 747
45753 45438 1268
125194 125226 677
125229 125235 1624
125234 125235 404
125273 125275 418
125276 125275 1284
45322 45323 688
45322 45324 1812
45361 45323 710
35705 45324 1161
35705 45348 4498
45439 45348 1147
125312 125313 677
125318 125313 1104
125318 125317 1004
125318 125319 984
125318 125336 418
125328 125313 390
125361 125321 1495
125336 125318 418
125336 125324 1028
125337 125324 436
125337 125338 605
125340 125341 2006
125340 125342 1064
125341 125340 2006
125341 125343 1200
125387 125378 893
125387 125390 556
125387 125393 2032
125388 125378 1905
125388 125389 976
125388 125396 738
125380 125382 738
125385 125382 2181
125385 125422 1080
125394 125382 1080
125394 125395 673
125394 125422 2181
125955 125914 6823
125395 125394 673
125395 125423 2283
125395 125427 1345
125422 125385 1080
125422 125394 2181
125422 125423 807
125396 125388 738
125396 125393 697
125396 125397 1116
125995 125391 1343
125995 125996 1206
125997 125996 940
126009 120190 238
126009 120222 1913
126009 126000 890
126032 126019 1255
126037 126036 752
126037 126040 848
126037 126041 837
126042 126041 612
125952 125998 751
125952 126001 2219
120190 120189 248
120190 126009 238
120222 120189 1958
120222 125998 994
120222 126009 1913
125998 120222 994
125998 125952 751
125998 126002 2156
45557 45559 697
45558 45559 202
45678 45704 355
45697 45700 948
45699 45700 3339
45699 45701 1704
45701 45699 1704
45701 45981 928
45701 45985 344
45703 45981 238
45703 45987 511
45987 45703 511
45987 45988 2160
126464 126465 782
126471 126477 202
126478 126477 874
126548 120153 1954
126548 126551 829
126541 126553 890
126556 126555 1255
126556 126586 1949
126556 126606 1445
126604 126602 874
126604 127501 739
127502 127501 1753
127505 127504 1097
127506 127504 789
120154 120153 2926
126557 126560 518
126559 126572 558
126606 126556 1445
126606 126572 1500
126606 126616 953
126428 126563 1269
126564 126563 1124
128900 128903 436
128904 128903 829
128904 128911 791
128911 128904 791
128911 128913 710
128914 128913 1268
128914 128915 1950
128914 128917 986
128915 128914 1950
128915 128918 739
128927 128929 5537
128930 128929 553
128949 128947 610
129075 128947 1154
128955 128948 1423
128964 128948 808
129088 129089 672
123785 129099 794
129030 129099 592
129098 129097 506
129098 129099 355
126607 126615 276
126616 126606 953
126616 126615 2132
126601 126588 2707
126603 126602 1759
129189 129193 337
129195 129193 1055
129192 129196 688
129192 129197 1663
129196 129034 1731
129196 129192 688
129196 129197 1785
129031 129033 949
129031 129034 811
129240 129243 924
129242 129243 140
129293 129289 1977
129294 129289 1075
129294 129309 538
129294 129310 2557
120946 120947 2673
121034 120947 1111
121034 121035 1618
121036 121037 1691
121028 121027 595
121026 121038 1004
120872 120875 1663
120877 120875 688
120877 121041 753
120878 121041 928
120878 121042 2020
121051 121042 789
121051 121052 1616
121052 121051 1616
121052 121053 789
121065 121053 1687
121065 121096 404
121096 121065 404
121096 121066 1030
121096 121098 1010
120949 120953 1522
121098 121096 1010
121098 121097 1143
121518 121510 1613
121518 121519 1011
121518 121525 837
121509 121510 4270
121514 121510 739
69098 69099 2053
69128 69164 3418
69165 69164 1064
69184 69180 667
69179 69182 468
73050 73052 238
70184 70182 713
70184 70185 1029
70185 70184 1029
70185 70206 1066
70202 70206 747
70214 70219 747
70222 70219 1936
70222 70230 672
70230 70222 672
70230 70225 477
73036 73035 1952
69565 69730 1796
69565 69736 1019
69743 69738 519
69730 69565 1796
69730 69731 601
69446 69445 1536
69450 69445 667
69433 69664 955
69667 69664 445
69667 69668 1524
69678 69668 1124
69678 69679 792
69677 69679 1124
69560 69729 768
69568 69569 1124
69568 69570 422
69567 69566 1698
69516 69528 1673
69534 69528 477
69534 69535 951
69577 69576 562
69577 69578 279
69536 69535 830
69536 69537 1696
69576 69577 562
69576 69582 1704
69595 69596 344
69569 69568 1124
69569 69572 556
69537 69533 753
69537 69536 1696
69537 69586 1030
69537 72319 928
72307 72309 3390
72308 72313 1908
69533 69537 753
69533 72316 885
72314 72316 679
72314 72317 984
72239 72045 987
72048 72047 648
72025 72033 3120
72035 72036 1226
72038 72036 672
76638 72043 9049
72350 72359 3719
72361 72359 1004
72523 72359 3033
72523 72522 1664
72525 72359 632
70014 70012 606
70015 70012 3563
70038 70041 1202
70343 70041 344
70343 70344 601
70342 70344 672
70342 70363 1228
70625 70624 811
70625 70626 782
70625 70627 1029
70625 70642 1996
70626 70625 782
70626 70632 667
70626 70647 1017
70632 70626 667
70632 70635 796
70632 70649 851
70635 70632 796
70635 70650 908
70635 70651 818
70651 70635 818
70651 70654 684
70661 70660 672
70662 70660 436
70669 70671 591
70669 70672 1086
70671 70669 591
70671 70672 1014
70670 70680 1973
70681 70680 970
78293 70680 310
70363 70342 1228
70363 70351 672
70363 70585 1473
70587 70585 818
70587 70599 2110
70600 70599 796
70600 70605 1391
70606 70605 796
70606 70618 1342
70618 70606 1342
70618 70617 905
70618 70623 601
70623 70618 601
70623 70619 206
70623 70624 477
70624 70622 1996
70624 70623 477
70624 70625 811
69271 69275 768
69278 69275 796
69278 69280 782
69280 69278 782
69280 69290 1721
69287 69289 905
69287 69290 688
69335 69333 631
69335 69340 2300
69336 69333 2044
69336 69334 422
69289 69287 905
69289 69334 768
69690 69334 2109
129310 129294 2557
129310 129312 337
120958 120957 1578
219165 219164 733
219174 219164 169
219179 219149 905
219179 219180 1123
219186 219149 1017
218233 218232 244
219115 218232 2034
219119 218232 1301
219161 219160 788
219161 219255 1648
220774 218188 555
220775 218188 608
218222 218223 1285
218224 218223 702
218272 218271 284
224255 215456 606
224255 218271 341
215457 215456 516
224743 215456 280
220800 220833 524
220835 220833 220
220835 220839 2377
220839 220835 2377
220839 220841 856
224860 220841 610
220854 220857 952
220858 219121 2414
220858 220857 714
224584 216045 722
219105 218265 356
216036 216035 818
219145 216421 340
219145 219109 360
219145 219146 294
219148 219146 1486
216421 216419 385
216421 219145 340
219109 216419 346
219109 219108 921
219109 219145 360
219108 219109 921
219108 219121 2412
219123 219121 770
218039 218031 7962
224943 218031 3861
216080 220582 405
224945 220582 245
219949 220313 307
220289 220315 1062
220316 220315 706
220590 220315 1230
220583 220585 1438
220588 220585 2117
224248 220309 283
224248 224249 296
220312 224249 2964
220304 220306 306
220269 216526 243
220269 220268 1096
218141 218337 4992
220273 218337 579
220273 218343 3197
220293 218337 885
220236 218343 851
220236 220284 510
224793 220268 312
218054 218055 1269
218054 224270 537
218165 218055 958
224636 224637 548
224753 224637 432
224245 224270 926
219277 219276 564
219277 220644 651
219281 219276 380
224630 219292 199
224631 219285 468
224631 219292 493
224633 219285 406
219287 219286 777
219322 219321 64
219333 219319 477
219334 219319 1013
219656 219319 1979
219335 224349 51
879
95743
97715
94738
95253
95273
95345
95346
95418
95779
95663
102542
95653
101695
101712
101713
49827
49932
41936
41955
49825
49828
49882
49901
49904
97756
97759
97765
97659
93532
94652
94617
94656
93546
93551
98906
98945
93568
102037
102039
92787
92548
92710
95733
98895
98929
98897
98902
98949
98959
98970
101684
98629
98630
98654
97807
97808
97827
97810
102465
97821
98046
98055
98113
98339
92170
97909
97761
97798
98324
98331
98596
98606
191086
191094
191372
191469
41966
41968
42017
42004
42007
42012
49897
49898
42020
42031
42049
42053
50167
42088
42099
42146
42108
42115
42114
43678
43956
43961
43967
43978
43979
35773
44056
50316
43919
43918
43829
43905
43851
44232
44243
44264
44235
44253
44379
44389
44377
44381
44386
44471
44479
44482
44727
43748
43758
43729
43764
44008
44005
44013
43714
43739
42498
43904
43909
44760
44526
45612
45891
44524
45901
45918
45907
45961
45992
45924
126021
125980
126081
126082
126114
132501
126185
126199
126486
126488
45739
45754
45435
45438
125226
125235
125275
45323
45324
45348
125313
125317
125319
125321
125324
125338
125342
125343
125378
125382
125389
125914
125423
125397
125427
125390
125393
125391
125996
126000
126019
126036
126041
126040
126001
126005
120189
126002
45559
45704
45700
45981
45988
45985
126465
126477
126551
126553
126555
127501
127504
120153
126560
126572
126563
128903
128913
128917
128918
128929
128947
128948
129089
129099
126586
126615
126588
126602
129097
129193
129197
129033
129034
129243
129289
120947
121035
121037
121027
121038
120875
121041
121042
121053
121066
120953
121097
121519
121510
121525
69099
69164
69180
69182
73052
70182
70206
70219
70225
73035
69736
69738
69731
69445
69664
69668
69679
69729
69570
69566
69528
69578
69535
69582
69596
69572
69586
72319
72309
72313
72316
72317
72045
72047
72033
72036
72043
72359
72522
70012
70041
70344
70627
70642
70647
70649
70650
70654
70660
70672
70680
70351
70585
70599
70605
70617
70619
70622
69275
69290
69333
69334
69340
129309
129312
120957
219164
219180
219149
218232
219160
218188
218223
218271
215456
220833
220841
220857
216045
218265
216035
219146
216419
219121
218031
220582
220313
220315
220585
220309
224249
220306
216526
218337
218343
220268
220284
218055
224637
224270
219276
219292
220644
219285
219286
219321
219319
224349
219326
219243
219255
219204
219268
215440
215978
215443
215446
215589
215633
215772
215261
215300
215498
215575
215576
222294
222318
222327
219834
219796
219799
219809
219815
215260
223725
223727
223444
223440
223443
223423
223402
223403
215284
215291
215292
215283
223178
223180
223387
223392
223393
224461
150431
150409
150423
149778
149777
150429
150430
150460
150895
150909
147164
147169
147170
147089
147130
147131
147148
147139
147136
150913
150900
147245
147252
147243
147173
147260
147324
147328
147326
147341
147344
147346
147348
147354
147351
142909
142463
148047
148049
148051
148054
148060
148073
148077
148135
149373
149378
212858
212870
212896
212935
212939
212962
212963
214655
198682
171406
171340
171518
171570
171421
171563
171560
171521
171523
162372
159130
159157
159156
152153
159175
159204
159138
159136
159148
159215
159220
159225
159389
159385
159384
159426
159376
159429
159436
159399
159443
159594
159693
159719
159698
159774
159796
158744
172759
172859
161105
213046
213051
213414
213405
213407
213427
213431
170911
171354
170935
171358
171357
171361
170841
170915
170835
170831
170833
170939
95728
95742
97647
97651
97682
97656
97670
95744
95745
97712
97714
95254
95271
95274
95349
95376
95350
95351
102531
95415
95421
97906
95659
95665
95426
95660
101716
101714
50274
49933
49934
41938
41983
49832
49829
49881
49889
97675
97757
97676
97760
102051
98892
94340
94613
94618
94657
93549
98939
98946
93569
93571
102038
92786
92549
95732
98925
98926
98891
98894
98901
98903
98951
98961
98616
98631
98655
97724
97809
97834
97836
97820
98045
98047
98040
98056
98112
98341
97678
97722
98323
98334
98597
98607
98609
191077
191373
41993
41994
41999
49895
49896
49899
42022
42034
42052
42054
42087
42092
42094
42097
42109
43671
43697
43966
43965
43980
35774
44058
44059
43915
43889
43916
43828
43831
43899
43906
43850
43857
44194
44226
44208
44236
44240
44391
44373
44375
44384
44387
43719
43747
44004
44011
43712
43721
43768
43771
43898
43902
43911
44759
44522
44523
45605
45631
44754
45900
45906
45909
45976
45978
125958
125960
126080
126083
126113
126121
126125
126183
126197
126484
126489
45736
45738
45741
45737
45432
45433
125194
125229
125234
125273
125276
35705
125312
125318
125328
125336
125337
125340
125341
125380
125385
125955
125995
125997
125952
120190
45557
45558
45678
45697
45699
45703
45987
126464
126471
126478
126548
126541
126556
126604
126557
126559
126428
126564
128900
128904
128911
128914
128915
128927
128930
128949
129075
128955
128964
129088
123785
129030
126607
126616
129189
129192
129031
129240
129242
120946
121034
121036
121028
121026
120872
120877
120878
121051
121052
121065
120949
121098
121509
121514
69098
69128
69165
69184
69179
73050
70184
70185
70202
70214
70222
70230
69565
69730
69450
69433
69667
69678
69677
69560
69568
69516
69534
69577
69536
69576
69595
69569
72307
72308
69533
72314
72239
72048
72025
72035
72038
76638
72350
72361
72523
70014
70015
70038
70342
70625
70626
70632
70635
70651
70661
70662
70669
70670
70681
78293
70363
70587
70600
70606
70618
69271
69278
69280
69287
69336
69289
69690
129310
120958
219174
219179
219186
219115
219119
219161
220774
220775
218222
218224
224255
220800
220835
220839
220854
220858
224584
219105
216036
219148
216421
219109
219108
219123
224943
216080
219949
220289
220316
220590
220583
220588
224248
220312
220304
220269
218141
220273
220293
220236
224793
218054
218165
224636
224245
219277
219281
224631
219287
219322
219334
219656
219335
