4386
216548 216556 775
216548 216563 837
216548 216573 1632
216562 216563 1554
216562 216564 944
216531 216534 1884
223974 223975 823
223978 223975 348
223978 223979 351
223979 223978 351
223979 223982 615
224014 223983 533
224014 224435 646
217172 217173 829
217172 217223 865
217483 223989 1643
217173 217172 829
217173 217224 890
217231 217230 2163
217231 217232 846
223999 223997 581
223999 224495 219
216774 216767 839
216774 216775 889
216765 216766 777
216765 216767 1367
216775 216774 889
216775 216777 2354
216775 217705 721
217697 217704 482
217697 217705 2202
217700 217701 324
217465 217482 1987
217465 224152 369
217476 217486 1152
224152 217465 369
224152 217486 655
223995 223968 559
223995 223994 841
223995 224000 478
223996 223993 337
217725 217724 457
217725 217726 2461
217774 217806 2227
217805 217806 695
217805 217808 1638
217794 217789 694
217794 217790 766
217795 217797 857
217795 217798 1882
217807 217798 795
217807 217812 376
217787 217806 773
217787 217810 1440
217885 217886 1392
217891 217892 1501
217891 217903 516
217480 217490 2790
217487 217485 916
217487 217489 1904
217619 217617 533
217619 217620 463
217613 217608 401
217613 217614 345
217529 217528 925
217608 217613 401
217608 217616 856
217611 217610 483
217892 217891 1501
217892 217902 599
217901 217908 479
217901 217910 336
217876 217881 866
217876 217910 745
217876 222559 1415
217881 217876 866
217881 221925 737
217626 217618 478
217626 217627 461
217627 217626 461
217627 217640 2551
217642 217637 1777
217955 217913 3038
217955 217966 711
217965 217962 579
217965 217963 479
217965 217966 259
217949 217960 702
217949 217967 1606
217964 217960 714
217964 217962 612
223904 223905 530
223904 223906 260
223854 223853 1829
223854 223857 229
223857 223854 229
223857 223858 1761
223934 223886 405
223934 223935 972
223897 223895 1112
223897 223898 1521
223897 223902 221
223939 223936 355
223895 223896 1114
223895 223897 1112
223895 223900 1830
223903 223955 1060
223903 223956 1172
223949 223948 690
223949 223954 2448
216929 216931 762
216929 216934 2121
216933 216934 794
216933 216949 1083
216941 216956 1059
216294 224257 789
224259 224018 762
224259 224257 689
224259 224826 898
216104 216105 845
216104 216106 1637
216291 216106 859
222542 215596 2312
222542 216105 1700
222542 222549 705
215596 222542 2312
215596 222549 2505
216310 216311 1259
216310 216335 816
216333 216335 1235
216333 216340 826
216334 216340 969
216334 216352 895
216354 216352 634
216354 216361 301
217027 217032 1161
217027 217034 1658
217027 217048 522
216961 216954 2206
216961 224507 395
217028 216962 1551
217028 217031 937
216951 216956 3747
216951 216958 889
216954 216959 1025
216954 216961 2206
216954 216962 694
219985 220691 1094
219985 224341 552
219986 220011 299
217990 222470 762
217990 222471 814
222471 217990 814
222471 222496 775
222495 222496 2108
222495 222497 737
222500 222497 1102
222500 222501 790
222539 222501 1039
222539 222530 452
222539 222531 815
222530 222531 867
222530 222539 452
223806 223808 824
223806 223905 283
223808 223806 824
223808 223911 309
223910 223911 639
223910 223912 981
223910 223921 666
223023 223022 681
150407 150406 762
147749 147747 122
147749 151942 497
171400 171399 698
171400 171678 1212
171650 171651 1161
171650 171685 202
171182 171185 1995
171184 171168 1950
171184 171185 606
171184 171193 808
171190 171191 641
171190 171682 2293
171048 171141 337
171048 171180 1225
95289 102534 487
95316 95312 889
95316 95315 848
102578 102575 4194
102578 102580 1162
102564 102565 1527
102564 102566 2037
96365 96366 1894
96365 96370 1268
96361 96362 1739
96249 96239 1009
96264 96265 788
96264 96267 1797
96029 96368 1283
96029 96369 3197
96029 96371 1501
96044 96341 2142
96044 96375 475
96371 96029 1501
96371 96370 1066
96430 96427 799
96430 96431 7871
102962 102961 101
102994 102995 202
96464 96463 1055
98997 96463 676
99024 99025 629
99030 99031 877
99030 99035 2821
99413 99414 1182
99413 99427 1873
99415 99416 139
99415 99419 2660
94888 94887 490
99431 99432 2468
99431 99433 1268
99453 99454 1458
94533 94532 470
94533 103010 1387
100211 100210 872
100211 101727 1115
100186 100183 336
100186 100185 1337
101730 100352 476
101730 101728 1623
99356 99357 3089
99356 99358 788
99385 99384 1183
99385 99387 1334
99388 99387 1426
99388 99390 1454
99409 99392 818
99409 99442 5043
99068 99067 1132
99068 101935 503
99124 99123 3697
99124 102884 852
99203 99201 511
99177 99283 2109
99379 99394 2090
99386 99391 1014
99386 99392 2007
99136 99137 477
42514 42265 1974
42514 42515 796
42517 42265 2313
42264 42265 1993
41698 35686 1593
41698 41696 3783
41698 42219 3830
42813 42819 112
42840 42821 2282
42840 42858 1234
42305 42243 1732
42305 42245 1906
42720 42245 1629
42720 42806 3431
42739 42737 4325
42739 42806 1225
42739 42810 4716
42858 42823 2458
42858 42840 1234
42877 42863 1305
42831 42827 893
42831 42830 337
42862 42863 673
42870 42865 1114
42867 42832 682
42867 42892 1140
42930 42893 932
42930 42934 677
42941 42942 600
42941 42953 1259
42949 42938 952
42949 42951 951
42966 42953 2561
42966 42967 2110
44823 44836 689
44787 44843 376
42924 42923 1498
42924 43023 818
43034 43020 612
43034 43023 2420
43020 43019 3189
43020 43024 952
43020 43034 612
42971 42968 1281
42971 42970 713
43022 43021 2005
43022 43024 1695
43013 43007 1258
43013 43016 738
43001 42999 1345
43001 43000 10732
43015 42999 1631
41686 41667 523
41686 41687 941
41653 41666 1308
41653 41685 925
43000 41811 4584
43000 43001 10732
43000 43003 6179
43062 43079 871
44882 44885 650
44882 44947 2369
44949 44947 612
44937 44878 2887
44952 44948 1263
44952 44953 2481
44953 44886 1503
44953 44952 2481
44884 44880 1502
44884 44887 884
44920 44900 1366
44920 44919 2273
44922 44917 2019
44922 44919 3501
125486 125478 1142
125486 125495 1210
125481 125480 3432
125481 125495 610
125499 125500 612
125507 125502 1381
125513 125537 501
125538 125516 1299
125538 125656 2727
125671 125670 906
125671 125676 3016
125676 125671 3016
125676 125672 879
125686 125666 2386
125686 132417 947
41872 41871 1896
41872 41871 1896
122845 122841 1009
122845 122847 537
123038 122848 1656
123038 123032 1934
123031 122849 1398
123031 123033 2929
123039 123035 475
123039 123040 2197
123042 123040 1532
123061 123063 1447
41879 41876 605
41879 41880 837
41882 41906 418
41882 41908 2381
41906 41882 418
41906 41909 1380
41910 41909 475
41916 41908 2731
41916 41914 1695
41916 44906 2033
123045 123046 2407
123045 123050 590
123046 123037 1336
123046 123045 2407
123052 123051 1283
123041 123037 1699
123041 123040 1505
123068 123069 2223
123068 123077 1937
123071 123069 610
123071 123070 677
123078 123070 1275
123078 123077 1768
122999 123011 697
123014 123015 1268
123004 123001 796
123004 123003 1304
123004 123021 1055
123020 123021 1532
123020 123022 3630
122924 122923 344
122961 122894 517
122962 122951 3776
122962 122960 873
122966 122963 1783
122966 122967 1000
122966 122997 2453
122997 122966 2453
122997 122998 1004
122936 122925 1095
122936 122938 667
122941 123048 2223
122941 123051 850
123012 123011 616
123017 123011 2362
123484 123482 3297
123484 123483 1065
123484 123802 2589
123640 123639 418
123644 123642 1413
123644 123658 3294
123645 123658 1636
123645 123659 1601
123663 123665 1009
123663 123738 2509
123748 123732 2184
123748 123775 2844
123751 123750 337
123751 123753 2006
123752 123765 3034
123752 123776 807
123716 123718 1104
123716 123730 739
132526 132527 689
132526 132528 1146
123249 122513 1372
123249 130488 5570
122515 122503 723
122454 122453 1920
122454 122460 889
122460 122454 889
122460 122461 1004
123232 123183 1560
123232 123233 552
123237 123239 940
123237 123247 751
123238 123234 1300
123238 123239 1536
122520 122518 1010
122520 122522 552
123314 123310 970
123315 123316 934
123315 123634 436
44910 44906 1483
44914 44908 4465
44914 44926 1565
44927 44926 1283
125729 125724 2461
125816 125732 404
125701 125698 279
125701 125699 537
125701 125700 404
125725 125697 1110
125725 132348 1344
124098 124088 1674
124098 124091 1920
124098 124097 1612
124088 124085 2015
124088 124098 1674
124500 124501 1122
124500 124526 984
124055 124056 773
124091 124086 3208
124091 124098 1920
124058 124050 2756
124058 124053 1212
124058 124057 1399
124093 124059 837
124976 124059 905
124945 124942 811
124945 124944 1201
124946 124943 556
124946 124947 789
124949 124940 1781
124949 124947 276
124950 124951 1075
124950 124953 4085
125000 124953 279
125000 125005 2371
125005 125000 2371
125005 125007 3260
125008 125007 1581
125008 125013 404
128388 128446 111
128391 128458 1116
128391 128476 333
128391 128477 678
128399 128474 789
128399 128478 874
128479 128492 1395
128479 128496 337
128442 128556 890
128442 128559 2217
128559 128442 2217
128559 128556 2323
128648 128637 710
128648 128647 279
128636 128632 538
128638 128504 1818
128642 128520 2309
128642 128643 2116
128675 128674 739
128675 128677 1308
128675 128678 678
128472 120344 562
128472 128737 684
128523 128521 880
128523 128526 1933
128523 128677 1030
128525 128524 2364
128525 128526 601
120430 120431 1293
128678 128675 678
128678 128677 1581
120504 120503 1143
120504 120505 1412
67622 67616 1069
120507 120482 253
120507 120508 1256
120510 120503 3424
120510 120508 1010
120543 67632 2043
120543 120544 2263
120627 120544 767
120449 120407 4300
120449 120498 1221
120480 120482 3381
67618 67616 1010
67618 67623 1030
67618 67627 885
67626 67623 2100
67626 67625 1169
67625 67624 2700
67625 67626 1169
67644 120544 581
67631 67629 553
67631 67633 562
67634 67633 562
67634 67635 475
120445 120431 1558
120445 120444 1673
68009 67978 1132
68014 67641 562
68014 68015 759
77094 68035 444
68023 68025 889
68023 68026 692
68024 68026 821
68024 68032 2668
67910 67907 71
67910 68041 333
68003 68002 5059
68048 77615 2034
67923 67922 1355
67923 67948 893
68057 67948 1535
68057 68082 672
67960 67954 1772
68067 67952 2619
68067 68066 796
68084 68066 1772
68084 68083 905
67485 67483 6791
67485 68178 3365
67456 67453 584
67456 67457 3560
68146 68139 2570
68146 68149 1013
67888 67887 2340
68150 68149 760
68150 68151 1675
68173 67935 1103
68173 67937 581
68180 68194 1942
68180 68198 829
68193 68205 2117
68194 68180 1942
68194 68205 874
67959 67958 796
68210 68205 698
68210 68209 277
68347 68348 1685
68347 68349 811
68348 68347 1685
68348 68351 752
68336 68337 1638
68336 68338 972
68336 68765 307
68775 68776 2274
68775 68779 1169
68032 68024 2668
68032 68029 844
68032 68034 2893
68787 68785 2287
68787 68788 1109
68813 68788 811
68813 68815 1424
68815 68813 1424
68815 68814 891
68822 68819 396
68822 68827 736
68855 68851 747
72818 72815 905
72833 72815 1203
72833 72835 818
72842 72835 1557
72842 72838 924
72888 72838 955
72888 72865 1056
72927 72922 1696
72927 72926 1307
72927 72929 1531
72936 72931 955
72936 72934 1056
72936 72940 1148
72940 72936 1148
72940 72939 1056
72940 73109 1067
56846 56847 1712
56846 68563 147
73109 72940 1067
73109 73108 1056
73109 73110 1108
73111 73112 1540
73111 73113 1399
71179 71173 667
71179 71175 519
71168 71169 437
71168 71171 2237
71168 71174 2138
71175 71174 845
71175 71179 519
71243 71242 437
71245 71244 613
71247 71252 2732
71253 71252 686
71428 71430 688
68236 68238 1727
68236 68251 1065
68236 71392 2468
71152 71149 1125
71391 71392 1210
71395 68259 2282
71452 71449 449
71503 71499 356
71513 71506 607
71514 71516 253
71521 71517 6247
71521 71679 1198
71521 71680 2113
63033 63034 632
71230 71213 1796
71230 71228 1370
71230 71231 796
71230 71232 688
71498 71499 602
71267 71351 1507
71553 71552 1030
71553 71554 1014
68211 68196 404
68213 68215 613
68214 68306 1683
68869 78807 285
68377 68375 698
68377 68378 1011
68372 68370 698
68372 68375 2891
68372 68387 2423
68389 68387 747
68362 68361 873
68362 68363 445
68362 68388 908
68407 68388 2144
68407 68414 553
71535 71538 796
71739 63034 1310
71739 71751 752
71915 71918 344
71993 71995 1357
71993 71996 873
71996 71993 873
71996 72001 1189
72181 72180 2700
72245 72244 205
72296 72298 3116
72183 72182 3306
72196 72195 1301
72297 72299 5556
72649 72273 581
68866 68851 1322
72729 72730 1698
72802 72803 71
72664 72669 875
72667 72669 1440
72670 72669 811
72670 72680 1117
72670 72681 607
72703 72681 1486
72703 72705 809
72724 72723 581
72724 72725 2646
72726 72725 782
72726 72822 1540
72816 72820 562
72816 72822 889
72816 72823 1067
72731 72817 452
72731 72820 374
72814 72730 688
72814 72815 2021
221055 221056 967
221055 221057 187
221068 224290 310
221098 221110 627
221098 221112 1267
221098 221113 2019
221076 221075 1125
221076 221093 549
221086 221077 1499
221086 221087 1120
220117 220039 1455
220117 220118 818
220117 220119 520
220122 220120 845
220124 220042 880
220124 220120 1153
220124 220127 1715
220128 220149 1064
220128 224752 214
220151 220149 260
220151 220152 2618
220155 220152 713
220155 220157 805
220155 220166 2929
220157 220155 805
220157 220181 756
220157 220187 2911
220181 220157 756
220181 220188 2902
220181 220192 805
220190 220191 1211
220190 220202 573
220205 220214 297
220205 220216 532
220481 220216 445
220481 220480 962
220480 217256 418
220480 220481 962
224299 224300 665
224299 224301 477
224299 224302 796
224302 224299 796
224302 224303 906
220489 220496 259
221733 221862 1787
221871 221870 697
221871 221876 1771
220025 220026 739
220025 220917 1848
220025 224437 935
224437 220025 935
224437 221939 377
221728 221862 589
221832 221834 760
221855 221834 1568
221855 221857 779
221689 224617 686
221861 221860 561
224613 224914 424
221849 221850 1085
221849 221898 1647
221847 221848 413
219973 219976 909
219975 221897 686
219975 221899 802
219970 219972 1064
219970 219997 1282
221805 221815 1146
221805 222601 1943
221503 221504 663
221509 221504 1331
221510 221504 802
221513 221478 874
221513 221514 502
221513 221515 818
221518 221515 1707
221518 221519 842
221528 221519 1469
221530 221517 1732
221530 221519 613
221530 221531 851
221535 221531 1518
221535 221537 769
221750 221537 2103
221750 221753 803
221753 221539 2214
221753 221750 803
221753 221754 935
221754 221751 2424
221754 221753 935
221754 221774 725
221763 224712 647
221798 221768 1558
220993 220994 1934
221275 221274 729
221275 221279 638
221276 221278 1006
221276 221279 865
221274 221275 729
221274 221282 695
224708 224709 2577
224708 224710 40
219265 221191 1299
221326 221485 679
221326 221486 1039
221293 221291 713
221315 221589 2349
221315 221590 1010
221315 221591 734
221325 221327 734
221325 221328 1938
221327 221325 734
221327 221485 686
221327 221487 1929
221289 221290 1395
221289 221291 1905
221469 221467 1631
221469 221470 1397
221469 221471 622
221467 221469 1631
221467 221473 632
221467 221476 2321
221476 221467 2321
221476 221477 679
216738 216739 384
216530 216534 853
216589 216584 660
216589 216590 2148
216593 216590 840
216593 216600 2444
216593 216603 817
216599 216598 338
216599 224506 234
224506 216599 234
224506 216603 1957
216807 216808 910
216811 216808 1669
216811 216812 836
216826 216812 917
216826 216827 891
216826 216828 2132
216832 216828 761
216832 216892 1762
216891 216892 812
216891 216893 906
216891 216895 2066
216893 216891 906
216893 216898 2016
216897 216898 853
216897 217693 2269
216753 216752 2031
216753 216776 310
216776 216753 310
216776 216769 1050
216776 216779 1030
216780 216786 182
216785 216787 863
216931 216929 762
216931 216943 2031
216553 216556 868
216553 216574 1701
216558 216574 842
216558 216944 2035
216942 216943 870
216942 216946 249
216533 216534 750
216564 216562 944
216564 216565 1372
216564 216567 994
216556 216548 775
216556 216553 868
216556 216572 1684
216563 216548 837
216563 216562 1554
216563 216565 928
216563 216575 1570
216573 216548 1632
216573 216572 777
216573 216575 928
216573 216578 892
216534 216530 853
216534 216531 1884
216534 216533 750
223975 223974 823
223975 223976 683
223975 223978 348
223982 223979 615
223982 223981 302
223982 223983 327
223983 223982 327
223983 224014 533
223983 224427 376
224435 224014 646
217223 217172 865
217223 217224 762
217223 217226 1038
223989 217483 1643
223989 223986 558
223989 223987 420
217224 217173 890
217224 217223 762
217224 217225 632
217224 217232 2204
217230 217225 154
217230 217231 2163
217232 217224 2204
217232 217231 846
217232 223998 664
223997 223993 507
223997 223998 885
223997 223999 581
224495 223999 219
224495 224496 105
216767 216765 1367
216767 216770 831
216767 216774 839
216766 216752 1240
216766 216765 777
216766 216768 532
216777 216769 710
216777 216775 2354
216777 216779 1262
216777 216784 749
217705 216775 721
217705 216784 2326
217705 217697 2202
217705 217730 876
217704 217697 482
217704 217706 655
217704 217724 1152
217701 217700 324
217701 217702 939
217701 217703 714
217482 217465 1987
217482 217488 1080
217482 217489 548
217486 217476 1152
217486 224152 655
223968 223967 1561
223968 223992 806
223968 223995 559
223994 223991 423
223994 223995 841
224000 223995 478
223993 223990 1918
223993 223991 777
223993 223996 337
223993 223997 507
217724 217703 695
217724 217704 1152
217724 217725 457
217726 217725 2461
217726 217731 1338
217726 217744 670
217726 217746 1105
217806 217774 2227
217806 217787 773
217806 217805 695
217806 217809 1553
217808 217805 1638
217808 217812 454
217808 217814 362
217789 217744 1009
217789 217790 368
217789 217794 694
217789 224588 1040
217790 217789 368
217790 217791 598
217790 217794 766
217797 217747 2990
217797 217792 564
217797 217795 857
217797 217801 590
217798 217795 1882
217798 217803 813
217798 217807 795
217798 217811 1366
217812 217807 376
217812 217808 454
217812 217813 3067
217810 217787 1440
217810 217887 312
217810 217889 410
217886 217885 1392
217886 217889 319
217886 217894 492
217903 217891 516
217903 217902 1545
217903 224233 171
217490 217480 2790
217490 217489 1147
217485 217484 331
217485 217487 916
217489 217482 548
217489 217487 1904
217489 217490 1147
217489 224001 255
217617 217615 2233
217617 217619 533
217617 217620 71
217620 217617 71
217620 217619 463
217614 217613 345
217614 217615 475
217614 217635 998
217528 217529 925
217616 217608 856
217616 217612 790
217616 221802 654
217610 217611 483
217610 217612 965
217902 217892 599
217902 217903 1545
217902 217904 683
217908 217901 479
217908 217906 292
217908 217909 807
217910 217876 745
217910 217901 336
217910 217912 360
222559 217876 1415
222559 217914 797
222559 221925 1297
221925 217881 737
221925 222559 1297
217618 217615 626
217618 217626 478
217618 224364 841
217640 217627 2551
217640 217639 376
217640 217649 297
217637 217636 186
217637 217642 1777
217637 224158 1398
217913 217914 938
217913 217955 3038
217913 217959 2895
217966 217955 711
217966 217965 259
217966 224428 377
217962 217963 274
217962 217964 612
217962 217965 579
217963 217962 274
217963 217965 479
217963 217967 1214
217960 217949 702
217960 217964 714
217967 217949 1606
217967 217963 1214
223905 223806 283
223905 223904 530
223905 223907 498
223906 223904 260
223853 223854 1829
223853 223858 181
223853 223865 1067
223858 223853 181
223858 223857 1761
223858 223914 2148
223886 223887 766
223886 223916 963
223886 223934 405
223935 223934 972
223935 223936 1638
223935 223937 790
223935 223942 1024
223898 223897 1521
223902 223888 552
223902 223897 221
223902 223980 673
223936 223935 1638
223936 223939 355
223936 223940 709
223896 223895 1114
223900 223895 1830
223900 223985 1214
223900 223986 795
223955 223903 1060
223955 223954 858
223955 223958 202
223956 223903 1172
223956 223960 451
223956 223988 1024
223948 223941 467
223948 223949 690
223948 223950 592
223954 223949 2448
223954 223953 552
223954 223955 858
223954 223957 1001
216934 216929 2121
216934 216933 794
216934 216943 823
216934 216945 1349
216949 216933 1083
216956 216941 1059
216956 216951 3747
216956 216957 912
224257 216294 789
224257 216316 1846
224257 224259 689
224018 216311 1282
224018 216312 748
224018 216506 1339
224018 224259 762
224826 224259 898
216105 216104 845
216105 216307 1965
216105 222542 1700
216105 222550 699
216106 216104 1637
216106 216291 859
216106 216307 880
216106 216316 829
222549 215596 2505
222549 222540 1140
222549 222542 705
216311 216310 1259
216311 216315 765
216311 224018 1282
216311 224020 366
216335 216310 816
216335 216315 1256
216335 216333 1235
216335 216336 777
216340 216333 826
216340 216334 969
216340 216336 1322
216340 216341 804
216352 216334 895
216352 216341 1266
216352 216354 634
216361 216354 301
216361 216356 879
216361 223607 345
217032 216995 2550
217032 217027 1161
217032 217033 532
217034 217027 1658
217048 217027 522
217048 217033 1211
217048 217049 1487
217048 217050 765
224507 216961 395
216962 216954 694
216962 216960 953
216962 216967 761
216962 217028 1551
217031 217028 937
217031 217029 1536
216958 216951 889
216958 216959 1188
216958 216964 1091
216959 216954 1025
216959 216958 1188
216959 216960 719
220691 219985 1094
220691 219992 618
220691 220692 906
220691 224619 519
224341 219985 552
224341 220692 608
224341 224342 366
224341 224516 861
220011 219986 299
220011 220005 1524
220011 220012 853
220011 222470 918
222470 217990 762
222470 220011 918
222470 222504 1551
222496 222471 775
222496 222495 2108
222496 222504 827
222496 222508 880
222497 222495 737
222497 222500 1102
222497 222502 841
222497 222508 2106
222501 222500 790
222501 222502 1108
222501 222503 860
222501 222539 1039
222531 222503 1010
222531 222530 867
222531 222539 815
222531 222540 1423
223911 223808 309
223911 223910 639
223911 223912 1050
223912 223910 981
223912 223911 1050
223912 223923 384
223921 223910 666
223921 223922 167
223921 223923 1587
223022 223023 681
223022 223969 1571
150406 150407 762
150406 151852 888
147747 147746 495
147747 147749 122
151942 147749 497
151942 151943 201
171399 171400 698
171678 171400 1212
171678 171679 747
171678 171684 606
171651 171650 1161
171685 171650 202
171185 171172 1950
171185 171182 1995
171185 171184 606
171168 171169 279
171168 171172 606
171168 171184 1950
171193 171184 808
171193 171192 698
171193 171194 650
171193 171689 2365
171191 171190 641
171191 171192 798
171191 172220 2103
171682 171190 2293
171682 171681 789
171682 171687 678
171682 172221 789
171141 171048 337
171141 171140 433
171141 171145 611
171180 171048 1225
171180 171179 595
171180 171181 759
102534 95289 487
95312 95311 333
95312 95316 889
95315 95313 1395
95315 95316 848
95315 95451 354
102575 102576 517
102575 102578 4194
102580 102578 1162
102580 102579 2709
102580 102581 1242
102565 102564 1527
102565 102566 2525
102565 102567 942
102566 102564 2037
102566 102565 2525
102566 102568 1136
96366 96365 1894
96366 96367 475
96366 96370 1685
96370 96365 1268
96370 96366 1685
96370 96371 1066
96362 96361 1739
96239 96136 2256
96239 96237 1375
96239 96249 1009
96239 96251 782
96265 96067 1344
96265 96264 788
96265 96266 1885
96267 96264 1797
96267 96269 1225
96267 96270 2449
96368 96029 1283
96368 96374 5730
96369 96029 3197
96369 96379 1085
96369 96381 1592
96369 102881 4066
96341 96044 2142
96341 96342 429
96341 96343 3226
96375 96044 475
96427 96428 3281
96427 96430 799
96431 91970 3560
96431 96430 7871
96431 96462 1560
102961 102962 101
102961 102963 173
102995 102994 202
96463 96464 1055
96463 98997 676
99025 99024 629
99025 99026 836
99031 99026 789
99031 99030 877
99031 99032 836
99035 99030 2821
99035 99036 747
99035 99039 202
99414 99413 1182
99427 99413 1873
99427 99432 975
99416 99415 139
99419 99415 2660
94887 94888 490
94887 97520 1124
94887 99433 790
99432 97521 1015
99432 99427 975
99432 99431 2468
99433 94887 790
99433 99431 1268
99454 99453 1458
99454 100087 3011
99454 100088 2953
94532 94533 470
94532 100195 565
103010 94533 1387
100210 100211 872
100210 101726 1409
101727 100211 1115
101727 101726 610
100183 100184 2429
100183 100186 336
100183 100190 1079
100185 100182 589
100185 100186 1337
100185 100321 5748
100352 100343 3590
100352 100353 2007
100352 101730 476
101728 100336 2569
101728 101730 1623
101728 101733 1394
99357 99356 3089
99357 99371 475
99357 99372 475
99358 99356 788
99358 99381 2335
99358 99384 708
99384 99358 708
99384 99382 2103
99384 99385 1183
99387 99383 1224
99387 99385 1334
99387 99388 1426
99390 99383 2578
99390 99388 1454
99390 99393 893
99392 99386 2007
99392 99396 2453
99392 99402 3524
99392 99409 818
99442 99409 5043
99442 99446 3880
99067 99065 751
99067 99068 1132
99067 99069 1742
101935 99068 503
99123 99124 3697
99123 102582 6367
102884 99124 852
102884 99137 329
102884 102883 389
99201 99193 1206
99201 99197 1022
99201 99202 476
99201 99203 511
99283 99177 2109
99283 99284 1357
99283 99455 3079
99394 99379 2090
99394 99395 738
99394 99396 4441
99391 99386 1014
99137 99136 477
99137 102883 329
99137 102884 329
42265 42264 1993
42265 42514 1974
42265 42517 2313
42515 42514 796
35686 35685 8879
35686 41694 3906
35686 41698 1593
41696 41694 1533
41696 41697 605
41696 41698 3783
42219 41698 3830
42219 42221 1188
42219 42222 333
42819 42813 112
42819 42814 2509
42819 42820 1222
42821 42820 682
42821 42823 2788
42821 42840 2282
42243 42242 3786
42243 42305 1732
42245 42244 2586
42245 42305 1906
42245 42720 1629
42806 42720 3431
42806 42721 672
42806 42739 1225
42737 42723 951
42737 42738 2883
42737 42739 4325
42810 42738 1810
42810 42739 4716
42810 42814 1144
42823 42821 2788
42823 42827 782
42823 42858 2458
42863 42862 673
42863 42865 556
42863 42877 1305
42827 42823 782
42827 42828 1010
42827 42831 893
42830 42826 599
42830 42831 337
42830 42832 2578
42865 42863 556
42865 42870 1114
42865 42871 599
42832 42824 2257
42832 42830 2578
42832 42867 682
42832 42890 1031
42892 42867 1140
42892 42890 709
42892 42893 1889
42893 42892 1889
42893 42894 1719
42893 42930 932
42934 42930 677
42934 42935 475
42934 42938 1740
42942 42899 1013
42942 42941 600
42953 42941 1259
42953 42964 1357
42953 42966 2561
42938 42934 1740
42938 42937 796
42938 42949 952
42951 42949 951
42967 42957 2794
42967 42959 905
42967 42966 2110
44836 44823 689
44843 44787 376
42923 42920 3425
42923 42922 1188
42923 42924 1498
43023 42924 818
43023 43019 1456
43023 43034 2420
43019 43012 650
43019 43020 3189
43019 43023 1456
43024 43020 952
43024 43021 1614
43024 43022 1695
42968 42962 1770
42968 42969 562
42968 42971 1281
42970 42959 1357
42970 42969 1379
42970 42971 713
43021 43012 1224
43021 43022 2005
43021 43024 1614
43007 43006 475
43007 43010 1086
43007 43013 1258
43016 43013 738
42999 42998 1063
42999 43001 1345
42999 43015 1631
41667 41668 794
41667 41679 1052
41667 41686 523
41687 41686 941
41687 41688 789
41666 41653 1308
41685 41653 925
41685 41683 835
41685 41683 835
41811 41795 9518
41811 43000 4584
43003 43000 6179
43003 43004 1798
43079 43062 871
44885 44880 1544
44885 44882 650
44885 44886 1656
44947 44882 2369
44947 44948 1111
44947 44949 612
44878 44877 2553
44878 44877 2553
44878 44937 2887
44948 44886 1848
44948 44947 1111
44948 44952 1263
44886 44885 1656
44886 44948 1848
44886 44953 1503
44880 44879 1769
44880 44881 2441
44880 44884 1502
44880 44885 1544
44887 44884 884
44900 44898 2042
44900 44911 1339
44900 44920 1366
44919 44898 1339
44919 44920 2273
44919 44922 3501
44917 44881 2007
44917 44916 1023
44917 44922 2019
125478 125479 1450
125478 125486 1142
125495 125481 610
125495 125486 1210
125480 125479 374
125480 125481 3432
125500 125499 612
125500 125501 1300
125502 125488 650
125502 125503 1716
125502 125504 1276
125502 125507 1381
125537 125513 501
125537 125536 871
125516 125511 1780
125516 125514 1142
125516 125538 1299
125656 125538 2727
125656 125655 1353
125670 125669 1124
125670 125671 906
125670 125672 2877
125672 125668 418
125672 125670 2877
125672 125676 879
125666 125664 2139
125666 125667 1630
125666 125686 2386
132417 125686 947
41871 41872 1896
41871 41872 1896
41871 132533 2276
122841 122829 2819
122841 122845 1009
122847 122845 537
122847 122846 238
122847 122848 1447
122848 122847 1447
122848 123032 1268
122848 123038 1656
123032 122848 1268
123032 122849 1283
123032 123038 1934
122849 122846 1979
122849 122908 1774
122849 123031 1398
122849 123032 1283
123033 122910 1661
123033 123031 2929
123033 123035 1661
123033 123036 3556
123035 123033 1661
123035 123037 2933
123035 123039 475
123040 123039 2197
123040 123041 1505
123040 123042 1532
123063 123061 1447
123063 123065 1853
123063 123065 1853
41876 41870 1210
41876 41879 605
41880 41879 837
41908 41882 2381
41908 41909 1484
41908 41916 2731
41909 41906 1380
41909 41908 1484
41909 41910 475
41914 41913 1698
41914 41915 1516
41914 41916 1695
44906 41916 2033
44906 44908 837
44906 44910 1483
123050 123044 355
123050 123045 590
123050 123051 2229
123037 123035 2933
123037 123036 1117
123037 123041 1699
123037 123046 1336
123051 122941 850
123051 123050 2229
123051 123052 1283
123069 123068 2223
123069 123070 404
123069 123071 610
123077 123068 1937
123077 123078 1768
123077 123079 933
123070 123069 404
123070 123071 677
123070 123078 1275
123011 122999 697
123011 123012 616
123011 123017 2362
123015 123000 933
123015 123014 1268
123015 123019 766
123001 123000 445
123001 123002 202
123001 123004 796
123003 122983 2092
123003 123002 1485
123003 123004 1304
123021 123004 1055
123021 123020 1532
123021 123022 2461
123022 122986 630
123022 123020 3630
123022 123021 2461
122923 122922 782
122923 122924 344
122923 122925 1200
122894 122890 906
122894 122893 1140
122894 122960 1014
122894 122961 517
122951 122943 2036
122951 122956 505
122951 122962 3776
122951 122963 796
122960 122890 1211
122960 122894 1014
122960 122962 873
122963 122951 796
122963 122955 517
122963 122964 1004
122963 122966 1783
122967 122964 1699
122967 122966 1000
122967 122968 1114
122967 122998 2537
122998 122967 2537
122998 122997 1004
122998 123000 581
122925 122923 1200
122925 122935 556
122925 122936 1095
122938 122935 1101
122938 122936 667
122938 122937 556
123048 122941 2223
123048 123044 337
123048 123049 712
123482 123481 2125
123482 123484 3297
123482 123486 475
123483 123320 1268
123483 123477 2090
123483 123484 1065
123802 123484 2589
123802 123637 1205
123802 123803 3398
123802 123804 1422
123639 123640 418
123639 123642 673
123639 123646 778
123642 123639 673
123642 123644 1413
123642 123647 2035
123658 123644 3294
123658 123645 1636
123658 123661 1009
123659 123645 1601
123659 123665 1300
123659 123666 404
123665 123659 1300
123665 123663 1009
123665 123669 1118
123665 123739 2589
123738 123663 2509
123738 123739 953
123738 123740 1225
123732 123718 1906
123732 123748 2184
123732 123773 1948
123775 123748 2844
123775 123776 1116
123775 123777 1169
123750 123741 2234
123750 123744 2005
123750 123751 337
123753 123744 1009
123753 123751 2006
123753 123765 874
123765 123752 3034
123765 123753 874
123765 123755 1086
123765 123767 1009
123776 123752 807
123776 123775 1116
123776 123778 374
123718 123716 1104
123718 123731 452
123718 123732 1906
123718 123733 4640
123730 123714 344
123730 123716 739
132527 132526 689
132528 132526 1146
122513 122501 2752
122513 122511 1101
122513 123249 1372
130488 121820 1810
130488 123249 5570
130488 130487 484
122503 121673 1116
122503 122515 723
122453 122452 1716
122453 122454 1920
122453 125272 1704
122461 122460 1004
123183 123181 2767
123183 123231 860
123183 123232 1560
123233 123232 552
123233 123234 673
123233 123241 1067
123239 123237 940
123239 123238 1536
123239 123246 1081
123247 123237 751
123234 123233 673
123234 123238 1300
123234 123246 2019
122518 122510 2553
122518 122517 1503
122518 122520 1010
122522 122520 552
122522 122523 11826
123310 123311 843
123310 123314 970
123310 123316 1017
123316 123310 1017
123316 123312 2461
123316 123315 934
123634 123315 436
123634 123635 253
123634 123636 1505
44908 44906 837
44908 44909 600
44908 44914 4465
44926 44911 3757
44926 44912 1800
44926 44914 1565
44926 44927 1283
125724 125697 1450
125724 125729 2461
125724 125732 3374
125732 125724 3374
125732 125816 404
125698 125696 2516
125698 125699 600
125698 125701 279
125699 125690 581
125699 125698 600
125699 125700 562
125699 125701 537
125700 125691 1030
125700 125699 562
125700 125701 404
125697 125696 2210
125697 125724 1450
125697 125725 1110
132348 125725 1344
124097 124098 1612
124085 124083 1169
124085 124084 1142
124085 124088 2015
124501 124087 2151
124501 124500 1122
124501 125691 848
124526 124500 984
124056 124054 1584
124056 124055 773
124086 124068 940
124086 124084 2702
124086 124091 3208
124050 124047 1276
124050 124058 2756
124050 124059 2890
124053 124045 1210
124053 124047 2671
124053 124057 890
124053 124058 1212
124057 124052 1426
124057 124053 890
124057 124058 1399
124059 124050 2890
124059 124093 837
124059 124942 1624
124059 124976 905
124942 124049 1356
124942 124059 1624
124942 124944 976
124942 124945 811
124944 124936 684
124944 124942 976
124944 124943 562
124944 124945 1201
124943 124936 740
124943 124944 562
124943 124946 556
124947 124938 1146
124947 124946 789
124947 124949 276
124940 124939 818
124940 124941 818
124940 124949 1781
124951 124941 1814
124951 124950 1075
124951 124952 4039
124953 124950 4085
124953 124999 673
124953 125000 279
125007 124971 169
125007 125005 3260
125007 125008 1581
125013 125008 404
125013 125014 1222
125013 125015 3244
128446 125015 1423
128446 128388 111
128446 132541 1276
128458 128391 1116
128458 128459 1748
128458 128462 1308
128476 128391 333
128476 128474 1030
128477 128391 678
128477 128478 1953
128477 128481 986
128474 128399 789
128474 128475 1396
128474 128476 1030
128478 128399 874
128478 128477 1953
128478 128480 739
128492 128479 1395
128492 128480 202
128492 128493 739
128496 128443 1067
128496 128479 337
128496 128497 1478
128556 128442 890
128556 128557 941
128556 128559 2323
128637 128634 337
128637 128648 710
128647 128635 139
128647 128648 279
128632 128497 1814
128632 128634 1010
128632 128636 538
128504 128499 808
128504 128505 837
128504 128638 1818
128520 128519 1561
128520 128639 811
128520 128642 2309
128520 128643 739
128643 128520 739
128643 128642 2116
128643 128673 246
128643 128674 238
128674 128643 238
128674 128675 739
128677 128523 1030
128677 128675 1308
128677 128678 1581
120344 120337 2372
120344 128472 562
128737 125078 518
128737 128472 684
128521 128517 238
128521 128522 2377
128521 128523 880
128526 128522 843
128526 128523 1933
128526 128525 601
128524 128513 885
128524 128522 928
128524 128525 2364
120431 120430 1293
120431 120444 2279
120431 120445 1558
120503 120423 753
120503 120504 1143
120503 120510 3424
120505 120502 1814
120505 120504 1412
120505 120517 874
67616 67615 885
67616 67617 538
67616 67618 1010
67616 67622 1069
120482 120480 3381
120482 120506 253
120482 120507 253
120508 120501 1578
120508 120507 1256
120508 120510 1010
67632 67624 538
67632 120543 2043
120544 67644 581
120544 120543 2263
120544 120627 767
120407 120406 880
120407 120408 1858
120407 120409 606
120407 120449 4300
120498 120415 1614
120498 120449 1221
120498 120499 1548
67623 67618 1030
67623 67624 344
67623 67626 2100
67627 67610 3439
67627 67618 885
67627 67629 829
67624 67623 344
67624 67625 2700
67624 67632 538
67629 67627 829
67629 67630 951
67629 67631 553
67633 67630 935
67633 67631 562
67633 67634 562
67635 67634 475
67635 67638 601
120444 120431 2279
120444 120443 1087
120444 120445 1673
67978 67979 125
67978 67980 965
67978 68009 1132
67641 67640 951
67641 68014 562
67641 68016 1037
68015 68014 759
68035 68001 1595
68035 77094 444
68025 68012 1703
68025 68023 889
68025 68026 478
68026 68023 692
68026 68024 821
68026 68025 478
68026 68027 1459
67907 67906 253
67907 67908 889
67907 67910 71
68041 67847 106
68041 67910 333
68002 68001 2793
68002 68003 5059
77615 68048 2034
77615 77616 662
67922 67923 1355
67948 67923 893
67948 67947 1692
67948 68057 1535
67948 68062 556
68082 68057 672
68082 68062 1607
68082 68083 782
67954 67952 782
67954 67960 1772
67952 67953 782
67952 67954 782
67952 68067 2619
68066 67953 2366
68066 68064 667
68066 68067 796
68066 68084 1772
68083 68064 1619
68083 68082 782
68083 68084 905
67483 67457 854
67483 67484 1422
67483 67485 6791
68178 67485 3365
68178 68197 2010
68178 68207 844
67453 67449 951
67453 67452 2153
67453 67456 584
67457 67455 1439
67457 67456 3560
67457 67483 854
68139 68140 35
68139 68140 35
68139 68146 2570
68139 68149 2940
68149 68139 2940
68149 68146 1013
68149 68150 760
67887 67886 1225
67887 67888 2340
67887 67930 769
68151 68150 1675
67935 67930 1782
67935 67934 1447
67935 68173 1103
67937 67936 1000
67937 67941 3386
67937 68173 581
68198 68180 829
68205 68193 2117
68205 68194 874
68205 68210 698
67958 67957 667
67958 67959 796
68209 68196 2651
68209 68206 1860
68209 68210 277
68349 68347 811
68349 68350 787
68349 68351 1622
68351 68348 752
68351 68349 1622
68337 68336 1638
68338 68336 972
68338 68339 1044
68338 68544 647
68765 68336 307
68776 68775 2274
68776 68784 1562
68776 68785 880
68779 68775 1169
68779 68780 419
68779 68784 2313
68029 68027 1168
68029 68030 426
68029 68031 2879
68029 68032 844
68034 68031 869
68034 68032 2893
68785 68776 880
68785 68786 584
68785 68787 2287
68788 68784 3230
68788 68787 1109
68788 68813 811
68788 68814 1504
68814 68788 1504
68814 68789 2896
68814 68815 891
68814 68819 1026
68819 68814 1026
68819 68820 757
68819 68822 396
68827 68822 736
68851 68847 880
68851 68855 747
68851 68864 644
68851 68866 1322
72815 72814 2021
72815 72818 905
72815 72819 713
72815 72833 1203
72835 72819 1229
72835 72833 818
72835 72836 905
72835 72842 1557
72838 72836 1474
72838 72842 924
72838 72861 905
72838 72888 955
72865 72861 830
72865 72888 1056
72922 72915 1264
72922 72923 951
72922 72927 1696
72922 72931 956
72926 72915 1799
72926 72927 1307
72929 72927 1531
72931 72922 956
72931 72936 955
72934 72932 1619
72934 72936 1056
72934 72938 1086
72934 72939 1148
72939 72934 1148
72939 72940 1056
72939 73005 1189
72939 73108 1067
56847 56846 1712
56847 78852 1745
56847 78859 389
68563 56846 147
68563 78851 936
68563 78856 594
73108 72939 1067
73108 73006 1221
73108 73109 1056
73108 73115 955
73110 73109 1108
73110 73114 711
73110 73115 1121
73112 73111 1540
73113 73111 1399
71173 71164 476
71173 71178 1019
71173 71179 667
71169 71168 437
71171 71168 2237
71171 71206 2221
71171 71242 277
71174 71167 437
71174 71168 2138
71174 71175 845
71242 71171 277
71242 71243 437
71244 71212 2511
71244 71245 613
71252 71247 2732
71252 71253 686
71252 71255 581
71430 71265 2317
71430 71428 688
68238 68236 1727
68238 68239 1064
68251 68236 1065
68251 78808 2358
71392 68236 2468
71392 71391 1210
71392 78473 505
71149 71146 792
71149 71150 3893
71149 71151 678
71149 71152 1125
68259 68258 2782
68259 71395 2282
71449 71450 206
71449 71452 449
71499 71498 602
71499 71503 356
71506 71505 475
71506 71513 607
71516 71514 253
71516 71517 602
71517 71516 602
71517 71521 6247
71679 71521 1198
71679 76636 524
71680 71521 2113
71680 71751 3557
71680 71776 2705
63034 63033 632
63034 71739 1310
71213 71210 1286
71213 71212 1919
71213 71230 1796
71228 71210 2248
71228 71229 144
71228 71230 1370
71231 71230 796
71231 71232 356
71231 71235 672
71232 71230 688
71232 71231 356
71232 71241 1124
71232 71258 610
71351 71259 796
71351 71267 1507
71351 71338 1083
71552 71538 519
71552 71553 1030
71552 71569 2740
71554 71553 1014
71554 71556 873
71554 71566 1248
68196 68197 698
68196 68204 475
68196 68209 2651
68196 68211 404
68215 68213 613
68215 68224 8217
68306 68214 1683
68306 68307 620
78807 68350 5230
78807 68869 285
68375 68371 885
68375 68372 2891
68375 68376 553
68375 68377 698
68378 68377 1011
68370 68368 928
68370 68371 2760
68370 68372 698
68370 68384 1885
68387 68372 2423
68387 68386 713
68387 68389 747
68361 68358 452
68361 68362 873
68361 68385 238
68363 68362 445
68388 68362 908
68388 68406 768
68388 68407 2144
68414 68407 553
68414 68409 1086
71538 71535 796
71538 71539 1124
71538 71552 519
71751 71680 3557
71751 71739 752
71751 71752 3484
71751 76636 1738
71918 71915 344
71995 71993 1357
72001 71996 1189
72180 72176 1011
72180 72181 2700
72244 72245 205
72244 72281 905
72244 72286 1272
72298 72296 3116
72298 72300 8819
72182 72179 929
72182 72183 3306
72195 68400 4017
72195 72196 1301
72195 72198 2040
72299 72297 5556
72299 72301 6903
72299 72302 6744
72273 72272 268
72273 72649 581
72730 72729 1698
72730 72814 688
72730 72817 344
72803 72802 71
