2128
133636 133642 1600
133637 133642 778
133637 133674 1690
133684 133674 551
133684 133686 1139
133688 133686 869
133688 133690 1504
133690 133687 788
133690 133688 1504
133690 133712 2690
133713 133712 869
133817 133816 1102
133817 133818 796
133817 133818 796
251382 251380 931
251382 251385 796
133860 133857 681
133860 133861 1560
133860 251386 1336
133864 133861 681
133864 133863 1466
133866 133862 1265
133866 133871 764
133871 133866 764
133871 133876 931
133871 133892 1454
133876 133871 931
133876 133893 1385
133876 133895 752
134056 133895 597
134056 134057 736
133898 133893 752
133898 133899 931
134032 134025 1698
134032 134034 186
134050 134053 1467
134050 137311 5400
134054 134055 1032
134054 139658 590
134148 134154 354
137309 137306 1345
137309 137315 2955
139659 139658 683
139659 139660 1130
137316 137317 1426
137316 137318 818
137386 137318 1667
137386 137384 788
133900 133893 1398
133900 133904 2007
133904 133900 2007
133904 133902 869
133253 133252 97
133253 133902 904
134028 134026 475
134028 134029 713
138707 138706 3802
138708 138711 2688
138708 138712 1744
138710 138743 1020
138714 138713 2087
236050 235663 2859
236050 236058 2724
236051 235671 662
236051 236049 586
236051 236054 291
236059 236060 969
236059 236061 941
236111 236063 2833
236111 252433 2028
235954 236055 786
235944 235945 212
236104 236055 1026
236052 236053 1463
236052 236054 860
235983 235984 410
236087 236062 2088
236087 236092 550
236087 237079 1076
236093 236091 1075
236093 236097 1345
236101 236097 1052
236101 236102 1496
236144 236102 833
236144 261723 2112
236149 236155 2700
236156 236157 696
236156 236158 841
236171 236170 945
236171 236172 2881
236209 236210 827
236209 250171 1546
250131 250126 2314
250131 250170 958
235687 235672 533
235687 235688 3099
249081 261382 834
249802 261389 445
236166 236164 989
236166 236168 1152
235680 235682 2541
235680 235683 5400
235809 235808 1410
235809 235810 1066
235816 235820 926
235816 235822 968
235844 235843 627
235844 235846 1841
235844 235852 1437
235856 235855 2743
235856 235857 551
235859 235852 776
235859 235854 1575
235867 235798 1952
235867 235866 1483
235867 235869 503
235879 235880 1558
235879 235887 742
235899 235900 1960
235899 235903 1126
235916 235890 1878
235916 235919 784
235930 235929 661
235930 235931 1010
231728 231727 1496
231728 231727 1496
231195 231191 1714
231195 231199 1469
231679 231677 344
231679 231681 620
231680 231681 1055
231680 231682 2200
231694 231676 2326
231710 231698 1856
231710 231711 1357
231737 231739 782
231741 231740 504
231654 231653 1204
231654 231659 845
231665 231666 2531
231665 231667 6557
231726 231727 801
230561 230559 1344
231755 231751 167
231755 231753 662
231505 231506 1377
234898 234897 765
234898 234899 1053
234901 234900 6307
234901 234902 894
231552 231379 3388
231499 231471 237
234431 231547 1298
231569 231568 1019
231569 231571 1260
231577 231576 1061
231577 234943 1229
231578 231576 830
231578 234946 620
232993 232991 875
232993 232994 1741
231624 231622 562
231624 231631 1042
234947 234941 1166
234947 234951 1741
233010 233003 1630
233010 233013 1921
231712 231713 1675
231712 231714 1011
231719 231721 1631
231719 231722 790
231717 231716 4829
231717 231716 4829
231725 234751 4066
231725 234752 1678
231762 231721 4177
231762 231744 627
231744 231743 1022
231744 231762 627
231753 231743 2060
231753 231755 662
231807 231808 3603
231807 231810 1327
230773 230769 2242
230773 230772 1857
232329 232331 434
232329 234501 2022
231811 230859 1225
231811 232354 4203
230851 230847 1457
230851 230850 1011
230851 230853 515
232354 231811 4203
232354 231817 2514
232337 232317 6650
232337 232336 418
232342 232319 4159
232342 232347 2393
232399 232351 9440
232395 232351 7964
232395 232406 1115
232395 232413 4860
232480 232413 5120
232448 232485 926
232470 235473 1245
232536 232504 1772
232536 232538 556
232537 232542 2110
232537 232551 980
232513 232514 131
232513 232515 945
232540 232508 867
232540 232539 782
232548 232542 818
232548 232552 1513
232600 232602 1014
232604 232599 1258
232604 232602 1004
232620 232618 1012
232620 232621 1299
232620 232622 1111
232769 232770 667
232786 232770 2350
232786 232789 2778
232787 232803 4915
232807 232806 774
232807 235347 1067
232808 232833 587
232835 232830 838
232836 232839 587
10060 10062 596
10833 10830 679
10833 10834 1443
10872 10876 654
10872 10886 1343
11061 11056 113
11061 11062 363
11064 11059 621
11109 11106 1817
14234 14233 4550
14234 14266 1376
14271 14276 2042
13606 13530 6002
13606 13612 475
13610 13611 1712
13610 13614 1375
13614 13610 1375
13614 13616 475
248441 248438 252
248441 248442 168
248858 248803 1222
248858 248807 1398
248866 248879 551
248866 248882 818
248881 261586 82
248884 248893 504
248902 248903 420
248902 249038 672
249030 249031 1447
248443 248440 452
248443 248442 610
248449 248445 252
248803 248799 868
248803 248804 1483
248803 248858 1222
248857 248859 672
248448 248444 598
248448 248454 562
249041 249040 756
249041 249042 2446
249041 249049 764
249049 249041 764
249049 249054 344
249059 249058 676
249059 249064 950
261268 249064 1100
249075 249074 3112
249075 249084 611
249088 249084 1809
249088 249089 927
249102 249169 2377
249179 249172 869
249179 249180 246
249181 249177 1993
249181 249180 1046
132928 132926 847
132928 132988 1516
132931 132987 1197
132917 132918 1188
132917 132934 354
132917 132945 238
132937 132716 1145
132937 132936 238
132937 132941 373
132941 132937 373
132941 132938 938
132941 132939 713
132941 132942 361
132956 132955 1223
132956 132958 2005
132956 132969 1205
132970 132958 737
132970 133028 1167
132971 132972 1268
132971 133037 778
132989 132985 1111
132989 132988 938
139603 132993 553
132990 132985 473
132990 132999 681
132999 132986 1336
132999 132990 681
132992 132993 733
133009 133008 927
133009 133010 2216
133014 133013 2243
133022 133013 516
133022 133087 1572
249198 249166 796
249025 249020 598
249025 249024 983
249012 249010 1072
249012 249022 1097
249188 249190 1398
249186 249166 1690
249186 249168 585
249191 249190 869
133092 133093 254
133092 133096 672
133092 133097 4496
133094 133089 275
133102 133106 642
133110 133109 1467
133111 133108 1032
133111 133109 2417
133201 133197 896
133199 133200 2430
133199 134295 5104
133200 133199 2430
133200 134415 5056
133200 134416 2287
133206 133208 511
133214 133209 1873
133214 133221 1176
133221 133214 1176
133221 133222 1398
133221 133225 336
133225 133221 336
133225 133224 1026
133225 133226 1558
133224 133225 1026
133224 133240 551
133224 133248 1398
133238 133240 1161
133238 133241 1576
133245 133241 932
133245 133251 1558
133245 133487 826
133487 133245 826
133487 134594 1897
133492 133493 2447
133508 133509 2775
133508 134595 1014
133501 133502 947
133501 133503 473
133502 133501 947
133502 133504 1073
133517 133504 1139
133517 133513 681
133396 133373 403
133514 133513 1014
133514 133515 1719
133518 133515 764
133518 133521 551
133518 133522 1919
133378 133380 629
133378 133381 950
133379 133399 884
133379 133436 788
133386 133380 2141
133386 133388 877
133390 133388 1560
133390 133391 1151
133390 133645 2087
133358 133357 354
133645 133390 2087
133645 133646 1279
133639 133646 2555
133639 133655 247
133638 133640 604
133638 133641 1851
133638 133655 1894
133642 133636 1600
133642 133637 778
133642 133641 778
133642 133675 1516
133674 133637 1690
133674 133675 344
133674 133684 551
133686 133680 708
133686 133684 1139
133686 133687 1530
133686 133688 869
133687 133682 708
133687 133686 1530
133687 133690 788
133687 133708 2718
133712 133690 2690
133712 133708 708
133712 133713 869
133816 133814 788
133816 133817 1102
133816 133819 2005
133818 133817 796
133818 133817 796
133818 133820 1979
133818 133820 1979
251380 251381 114
251380 251382 931
251380 251383 1188
251385 133858 1233
251385 251382 796
251385 251383 708
133857 133858 452
133857 133859 1741
133857 133860 681
133861 133859 826
133861 133860 1560
133861 133863 1398
133861 133864 681
251386 133860 1336
133863 133861 1398
133863 133862 1611
133863 133864 1466
133862 133838 708
133862 133859 2665
133862 133863 1611
133862 133866 1265
133862 133879 796
133892 133871 1454
133892 133882 672
133892 133890 1238
133892 133893 1013
133893 133876 1385
133893 133892 1013
133893 133898 752
133893 133900 1398
133895 133876 752
133895 134056 597
134057 134056 736
134057 139607 1978
133899 133898 931
134025 134004 2090
134025 134026 951
134025 134030 708
134025 134032 1698
134034 134031 629
134034 134032 186
134034 134036 222
134053 134050 1467
137311 134050 5400
137311 137381 373
134055 134054 1032
139658 134054 590
139658 139659 683
134154 134148 354
137306 137307 2174
137306 137309 1345
137315 137309 2955
137315 137314 475
137315 137383 2509
137315 137384 676
139660 139659 1130
137317 137316 1426
137318 137316 818
137318 137381 1467
137318 137386 1667
137384 137315 676
137384 137381 1695
137384 137385 2375
137384 137386 788
133902 133253 904
133902 133894 935
133902 133904 869
133252 133253 97
133252 133886 579
134026 134025 951
134026 134027 1322
134026 134028 475
134029 134028 713
138706 137387 3360
138706 138707 3802
138711 138708 2688
138711 138721 697
138711 138722 511
138712 138708 1744
138712 138742 418
138712 138743 320
138743 138710 1020
138743 138712 320
138743 139573 688
138713 137389 983
138713 137407 279
138713 138714 2087
138713 138716 745
235663 235664 5133
235663 236049 1715
235663 236050 2859
236058 236050 2724
236058 236060 411
236058 236065 472
235671 235670 7757
235671 236049 655
235671 236051 662
235671 236054 550
236049 235663 1715
236049 235671 655
236049 236051 586
236054 235671 550
236054 236051 291
236054 236052 860
236060 236058 411
236060 236059 969
236060 236061 186
236060 236066 1867
236061 236059 941
236061 236060 186
236061 236062 102
236061 251123 496
236063 236062 1470
236063 236111 2833
236063 252331 1185
252433 236111 2028
252433 237079 795
252433 252331 656
236055 235954 786
236055 236056 589
236055 236104 1026
235945 235944 212
235945 235946 322
236053 236052 1463
235984 235983 410
236062 236061 102
236062 236063 1470
236062 236087 2088
236062 251118 244
236092 236087 550
236092 236088 982
236092 236091 1867
237079 236087 1076
237079 252331 817
237079 252433 795
236091 236090 1024
236091 236092 1867
236091 236093 1075
236091 236094 1297
236097 236093 1345
236097 236094 1094
236097 236099 1538
236097 236101 1052
236102 236099 955
236102 236101 1496
236102 236144 833
236102 236146 3017
261723 236144 2112
236155 236149 2700
236157 236156 696
236158 236156 841
236170 236168 503
236170 236171 945
236170 236174 1704
236172 236171 2881
236172 236186 446
236210 236209 827
250171 236209 1546
250171 250125 2044
250171 250170 1471
250126 250125 1024
250126 250131 2314
250126 250165 1095
250170 250125 897
250170 250131 958
250170 250171 1471
235672 235673 1743
235672 235687 533
235688 235678 1965
235688 235687 3099
261382 249081 834
261389 236159 1689
261389 249802 445
236164 236161 762
236164 236166 989
236164 236167 1546
236168 236166 1152
236168 236167 713
236168 236170 503
235682 235680 2541
235682 235681 6745
235682 235808 6731
235683 235680 5400
235808 235682 6731
235808 235807 987
235808 235809 1410
235808 262167 773
235810 235807 1053
235810 235809 1066
235810 235813 1312
235810 261054 809
235820 235816 926
235820 235818 766
235820 235821 1398
235822 235816 968
235822 235821 1287
235822 235843 2746
235843 235822 2746
235843 235844 627
235843 235849 1072
235843 235852 1217
235846 235844 1841
235846 235847 664
235846 235848 1328
235852 235843 1217
235852 235844 1437
235852 235853 1629
235852 235859 776
235855 235837 1638
235855 235856 2743
235855 235874 1157
235857 235856 551
235857 235858 1414
235854 235815 1896
235854 235853 803
235854 235859 1575
235798 235799 929
235798 235803 421
235798 235867 1952
235866 235837 1586
235866 235867 1483
235866 235875 1343
235869 235867 503
235869 235870 2507
235869 235871 911
235880 235879 1558
235887 235879 742
235887 235885 1808
235887 235913 1453
235900 235899 1960
235900 235921 843
235900 235924 2824
235903 235899 1126
235890 235884 2036
235890 235914 1372
235890 235916 1878
235919 235916 784
235919 235917 1674
235919 235920 828
235929 235930 661
235931 235930 1010
231727 231726 801
231727 231728 1496
231727 231728 1496
231191 231190 3481
231191 231195 1714
231191 231196 1110
231199 231195 1469
231199 231197 1336
231199 235270 769
231677 231673 1607
231677 231678 1114
231677 231679 344
231681 231679 620
231681 231680 1055
231681 235573 690
231682 230615 549
231682 231680 2200
231682 235577 370
231676 230615 2410
231676 231683 1986
231676 231694 2326
231698 231695 922
231698 231700 1809
231698 231710 1856
231711 231699 1306
231711 231710 1357
231711 231721 2028
231711 231756 2315
231739 231737 782
231739 231740 2277
231739 231742 1014
231740 231739 2277
231740 231741 504
231740 231742 2368
231653 231652 1498
231653 231654 1204
231653 231663 3147
231659 231642 547
231659 231654 845
231666 231665 2531
231667 231182 2667
231667 231665 6557
231667 234764 2962
230559 230555 597
230559 230561 1344
231751 231750 1029
231751 231752 1809
231751 231755 167
231506 231505 1377
231506 231516 1296
231506 231520 1025
234897 234894 1321
234897 234898 765
234899 234898 1053
234900 234901 6307
234900 235410 18
234902 234901 894
231379 231377 3673
231379 231386 947
231379 231543 761
231379 231552 3388
231471 231463 1447
231471 231472 2242
231471 231499 237
231547 231544 360
231547 231548 944
231547 234431 1298
231568 231562 105
231568 231569 1019
231571 231569 1260
231571 231572 732
231571 231573 1267
231576 231575 889
231576 231577 1061
231576 231578 830
234943 231577 1229
234946 231578 620
232991 232992 1929
232991 232993 875
232991 232995 1872
232994 232993 1741
232994 232995 901
232994 232998 3321
231622 231623 960
231622 231624 562
231622 231630 1113
231631 231624 1042
234941 234940 798
234941 234947 1166
234941 234952 2073
234951 234947 1741
233003 233004 329
233003 233010 1630
233003 233012 1541
233013 233010 1921
231713 231712 1675
231713 231721 2965
231713 234433 1435
231714 231684 4194
231714 231712 1011
231714 231715 796
231721 231711 2028
231721 231713 2965
231721 231719 1631
231721 231762 4177
231722 231719 790
231716 231688 983
231716 231717 4829
231716 231717 4829
234751 231725 4066
234751 231802 313
234751 235541 1071
234752 231725 1678
231743 231744 1022
231743 231753 2060
231743 231758 668
231808 231791 1224
231808 231807 3603
231808 231819 1007
231810 231807 1327
230769 230743 3277
230769 230771 1234
230769 230773 2242
230772 230743 2731
230772 230748 660
230772 230773 1857
232331 232326 2011
232331 232329 434
232331 232332 667
234501 232329 2022
230859 230860 670
230859 231811 1225
230859 231815 2370
230847 230835 1670
230847 230851 1457
230850 230848 838
230850 230851 1011
230853 230851 515
230853 230854 597
231817 231815 1451
231817 231818 557
231817 232354 2514
232317 232302 1194
232317 232311 1447
232317 232337 6650
232336 232333 511
232336 232335 2681
232336 232337 418
232319 232289 5189
232319 232342 4159
232319 232344 2034
232347 232342 2393
232347 232348 5988
232347 232351 1076
232351 232347 1076
232351 232395 7964
232351 232399 9440
232406 232395 1115
232406 232396 784
232406 234502 1725
232413 232395 4860
232413 232415 2341
232413 232480 5120
232485 232448 926
235473 232470 1245
232504 232502 1161
232504 232536 1772
232504 232538 1608
232538 232504 1608
232538 232536 556
232538 232539 893
232542 232537 2110
232542 232548 818
232542 232551 1955
232551 232537 980
232551 232542 1955
232551 232552 3712
232514 232509 1382
232514 232513 131
232515 232513 945
232515 232545 1425
232515 232546 871
232508 232502 1375
232508 232535 1593
232508 232540 867
232539 232502 2060
232539 232538 893
232539 232540 782
232552 232548 1513
232552 232551 3712
232602 232600 1014
232602 232603 627
232602 232604 1004
232599 232598 867
232599 232604 1258
232599 232609 3021
232618 232614 1858
232618 232619 1124
232618 232620 1012
232618 234511 587
232621 232610 3134
232621 232620 1299
232622 232620 1111
232770 232769 667
232770 232772 189
232770 232786 2350
232789 232780 1258
232789 232786 2778
232789 232791 2446
232803 232787 4915
232803 232806 1445
232803 232826 782
232803 232829 796
232806 232803 1445
232806 232807 774
235347 232807 1067
232833 232808 587
232830 232829 344
232830 232831 893
232830 232835 838
232839 232832 597
232839 232836 587
10062 10057 4794
10062 10057 4794
10062 10060 596
10830 10770 922
10830 10793 1499
10830 10828 1359
10830 10833 679
10834 10833 1443
10876 10872 654
10876 11144 335
10876 11145 1295
10886 10872 1343
10886 10885 653
10886 11145 822
11056 11053 3365
11056 11061 113
11062 11051 1262
11062 11061 363
11059 11057 2299
11059 11058 1176
11059 11064 621
11106 11107 119
11106 11109 1817
11106 11113 119
14233 14234 4550
14266 14234 1376
14266 14264 3641
14266 14265 950
14276 14271 2042
14276 14290 6547
13530 13526 9848
13530 13597 2646
13530 13606 6002
13612 13606 475
13612 13613 1830
13611 13610 1712
13611 13618 747
13616 13614 475
13616 13617 14123
248438 248439 354
248438 248441 252
248438 248456 451
248442 248441 168
248442 248443 610
248442 248444 681
248807 248804 1114
248807 248858 1398
248807 248861 847
248879 248866 551
248879 248867 707
248882 248866 818
248882 248873 2044
248882 248893 562
261586 248881 82
248893 248882 562
248893 248884 504
248893 248894 1786
248903 248902 420
249038 248898 924
249038 248901 893
249038 248902 672
249038 249037 924
249031 249030 1447
249031 249037 2334
249031 249040 756
248440 248432 504
248440 248443 452
248440 248445 788
248440 248446 950
248445 248440 788
248445 248449 252
248445 248450 924
248799 248450 707
248799 248803 868
248804 248803 1483
248804 248805 763
248804 248806 3343
248804 248807 1114
248859 248857 672
248444 248442 681
248444 248448 598
248444 248453 649
248454 248448 562
249040 249031 756
249040 249039 2446
249040 249041 756
249042 249039 756
249042 249041 2446
249042 249044 1311
249054 249049 344
249054 249055 1225
249054 249057 337
249058 249055 337
249058 249057 1225
249058 249059 676
249064 249059 950
249064 261268 1100
249074 249075 3112
249084 249075 611
249084 249080 681
249084 249088 1809
249089 249087 788
249089 249088 927
249089 249153 354
249089 249155 611
249169 249102 2377
249169 249155 201
249169 249170 1357
249172 249171 336
249172 249176 787
249172 249179 869
249180 249179 246
249180 249181 1046
249180 249182 487
249177 249176 1220
249177 249181 1993
249177 249190 452
132926 132924 1466
132926 132925 869
132926 132928 847
132926 132976 788
132988 132928 1516
132988 132987 1334
132988 132989 938
132987 132931 1197
132987 132988 1334
132987 132993 383
132918 132916 1576
132918 132917 1188
132918 132920 882
132934 132713 840
132934 132917 354
132945 132917 238
132716 132714 696
132716 132937 1145
132936 132713 1225
132936 132935 604
132936 132937 238
132938 132723 612
132938 132939 516
132938 132941 938
132939 132938 516
132939 132940 1768
132939 132941 713
132942 132941 361
132955 132785 4711
132955 132940 747
132955 132956 1223
132958 132956 2005
132958 132970 737
132958 133024 1630
132969 132956 1205
133028 132970 1167
133028 133037 1849
132972 132971 1268
133037 132971 778
133037 133028 1849
133037 133038 1000
132985 132981 1114
132985 132984 1102
132985 132989 1111
132985 132990 473
132993 132987 383
132993 132992 733
132993 139603 553
132986 132666 1334
132986 132981 1008
132986 132999 1336
133008 133009 927
133008 133010 1778
133008 133011 672
133008 133042 4386
133010 133008 1778
133010 133009 2216
133010 133013 516
133010 133080 1612
133013 133010 516
133013 133014 2243
133013 133022 516
133087 133022 1572
133087 133073 2671
249166 249160 782
249166 249186 1690
249166 249198 796
249020 249019 3112
249020 249021 708
249020 249025 598
249024 249023 2237
249024 249023 2237
249024 249025 983
249010 249004 756
249010 249005 1344
249010 249011 982
249010 249012 1072
249022 249012 1097
249022 249019 1066
249022 249023 1205
249190 249177 452
249190 249188 1398
249190 249191 869
249168 249167 299
249168 249186 585
133093 133091 221
133093 133092 254
133096 133092 672
133096 133098 4451
133096 133099 1667
133096 133104 2906
133097 133092 4496
133097 133098 737
133097 133152 1254
133097 133168 314
133089 133088 1223
133089 133090 1028
133089 133094 275
133106 133102 642
133106 133105 340
133109 133105 336
133109 133110 1467
133109 133111 2417
133108 133107 2388
133108 133111 1032
133108 133112 2370
133197 133189 1544
133197 133201 896
134295 133199 5104
134295 134291 646
134415 133200 5056
134415 134369 241
134415 134417 938
134416 133200 2287
134416 134427 2085
134416 134429 1028
134416 134431 1161
133208 133206 511
133208 133209 869
133208 134427 818
133209 133208 869
133209 133214 1873
133209 133246 1115
133209 134428 924
133222 133221 1398
133222 133226 869
133222 133246 713
133226 133222 869
133226 133225 1558
133226 133248 1280
133240 133224 551
133240 133238 1161
133240 133241 551
133240 134452 4902
133248 133224 1398
133248 133226 1280
133248 133249 222
133241 133238 1576
133241 133240 551
133241 133245 932
133241 134453 4384
133251 133245 1558
133251 134454 2322
133251 134594 840
134594 133251 840
134594 133487 1897
134594 134595 840
134594 134596 1809
133493 133492 2447
133493 133503 2243
133493 133505 676
133509 133505 983
133509 133508 2775
133509 133510 139
134595 133508 1014
134595 134594 840
134595 134597 1454
134595 134604 2101
133503 133493 2243
133503 133501 473
133503 133504 1223
133504 133502 1073
133504 133503 1223
133504 133506 2170
133504 133516 681
133504 133517 1139
133513 133514 1014
133513 133516 1357
133513 133517 681
133373 133372 2110
133373 133396 403
133373 133397 947
133373 133399 516
133515 133514 1719
133515 133516 869
133515 133518 764
133515 133519 2796
133521 133518 551
133521 133523 340
133522 133518 1919
133522 133532 1257
133522 134614 4543
133380 133378 629
133380 133386 2141
133380 133389 904
133381 133378 950
133381 133436 747
133381 133442 2514
133399 133373 516
133399 133379 884
133399 133398 3223
133399 133437 904
133436 133379 788
133436 133381 747
133436 133437 950
133436 133441 2556
133388 133386 877
133388 133389 2004
133388 133390 1560
133388 133392 950
133391 133390 1151
133391 133392 1533
133391 133646 2040
133391 133648 826
133357 133358 354
133646 133391 2040
133646 133639 2555
133646 133645 1279
133646 133647 676
133655 133638 1894
133655 133639 247
133655 133643 429
133655 139657 1580
133640 133638 604
133640 133643 1854
133640 133644 1481
133641 133638 1851
133641 133642 778
133641 133644 1004
133641 133677 420
133675 133642 1516
133675 133674 344
133675 133680 796
133680 133675 796
133680 133678 504
133680 133682 1530
133680 133686 708
133682 133680 1530
133682 133681 1222
133682 133687 708
133682 133707 713
133708 133687 2718
133708 133710 708
133708 133712 708
133708 133715 2796
133814 133715 681
133814 133815 1426
133814 133816 788
133819 133815 982
133819 133816 2005
133819 133820 826
133819 133825 2192
133820 133818 1979
133820 133818 1979
133820 133819 826
133820 133831 1635
133820 133831 1635
133820 251381 689
251381 133820 689
251381 251380 114
251383 133831 735
251383 133835 623
251383 251380 1188
251383 251385 708
133858 133857 452
133858 251385 1233
133859 133834 764
133859 133857 1741
133859 133861 826
133859 133862 2665
133838 133834 2796
133838 133839 950
133838 133862 708
133838 133878 2192
133879 133862 796
133879 133880 1014
133879 133881 889
133882 133880 778
133882 133881 1008
133882 133883 1004
133882 133892 672
133890 133883 765
133890 133892 1238
133890 133894 1510
139607 134057 1978
134004 134003 711
134004 134025 2090
134030 134006 826
134030 134025 708
134030 134031 1830
134031 134016 951
134031 134030 1830
134031 134033 688
134031 134034 629
134036 134034 222
134036 134035 2966
137381 137311 373
137381 137318 1467
137381 137384 1695
137307 137306 2174
137307 137308 498
137314 137312 4307
137314 137315 475
137314 137377 1455
137314 137382 6643
137383 137315 2509
137383 137388 2138
137385 137384 2375
137385 137387 2718
133894 133890 1510
133894 133902 935
133886 133252 579
133886 133855 1827
133886 133887 443
133886 133891 1452
134027 134026 1322
137387 137385 2718
137387 138706 3360
138721 138711 697
138721 138723 1426
138722 138711 511
138722 138728 1220
138722 138730 1301
138742 138712 418
139573 138743 688
137389 137388 3439
137389 138713 983
137407 137400 2280
137407 137401 1533
137407 137413 649
137407 138713 279
137407 138716 635
138716 137407 635
138716 138713 745
138716 138715 393
235664 235663 5133
236065 236058 472
236065 236064 1933
236065 236070 114
235670 235668 468
235670 235669 442
235670 235671 7757
236066 236060 1867
236066 236067 557
236066 236072 365
251123 236061 496
251123 251121 751
252331 236063 1185
252331 237079 817
252331 252433 656
236056 236055 589
236056 252309 382
235946 235945 322
251118 236062 244
251118 251119 926
236088 236089 1351
236088 236092 982
236090 236067 930
236090 236078 1462
236090 236089 355
236090 236091 1024
236094 236078 1036
236094 236084 1487
236094 236091 1297
236094 236097 1094
236099 236084 1102
236099 236097 1538
236099 236102 955
236099 236103 1311
236146 236102 3017
236146 236177 1103
236146 236180 646
236146 236208 1104
236174 236170 1704
236174 261450 984
236186 236172 446
250125 250126 1024
250125 250170 897
250125 250171 2044
250165 250126 1095
235673 235672 1743
235673 235674 1494
235673 235675 1018
235678 235677 1255
235678 235688 1965
236159 236082 1554
236159 261389 1689
236161 236162 667
236161 236164 762
236161 236165 1690
236167 236164 1546
236167 236168 713
236167 236181 370
235681 235682 6745
235681 235768 911
235807 235808 987
235807 235810 1053
235807 235812 642
262167 235806 635
262167 235808 773
262167 235826 1486
235813 235810 1312
235813 235818 424
235813 235829 1047
261054 235810 809
235818 235813 424
235818 235819 1779
235818 235820 766
235818 261055 33
235821 235820 1398
235821 235822 1287
235821 235839 2349
235849 235843 1072
235849 235850 550
235849 235851 1651
235847 235846 664
235848 235846 1328
235853 235840 1961
235853 235852 1629
235853 235854 803
235837 235836 2117
235837 235855 1638
235837 235866 1586
235874 235855 1157
235858 235857 1414
235815 235814 732
235815 235840 662
235815 235854 1896
235799 235798 929
235799 235834 2459
235799 235865 2237
235803 235798 421
235803 235800 813
235875 235866 1343
235870 235869 2507
235871 235869 911
235871 235872 1501
235871 235873 875
235885 235883 1706
235885 235886 1106
235885 235887 1808
235913 235886 1105
235913 235887 1453
235913 263342 1110
235921 235900 843
235921 235922 1143
235921 235923 587
235924 235900 2824
235924 235914 1448
235884 235881 2469
235884 235890 2036
235914 235890 1372
235914 235915 1091
235914 235924 1448
235917 235918 979
235917 235919 1674
235917 235925 599
235920 235919 828
231190 231189 950
231190 231191 3481
231196 231191 1110
231196 234430 518
231197 231198 175
231197 231199 1336
231197 231479 998
235270 231199 769
231673 231674 1004
231673 231675 679
231673 231677 1607
231678 231677 1114
235573 231681 690
230615 230613 6305
230615 231676 2410
230615 231682 549
235577 231682 370
231683 231676 1986
231683 231697 1073
231683 234968 3898
231695 231696 1004
231695 231697 445
231695 231698 922
231700 231698 1809
231699 231697 1807
231699 231711 1306
231699 231718 1237
231756 231711 2315
231756 231757 708
231756 234970 2610
231742 231739 1014
231742 231740 2368
231742 231746 1323
231742 231748 1011
231652 231145 1202
231652 231648 443
231652 231653 1498
231663 231653 3147
231663 231664 1322
231642 231643 1365
231642 231649 1921
231642 231659 547
231182 231147 2285
231182 231177 4584
231182 231667 2667
234764 231667 2962
230555 230554 983
230555 230556 1094
230555 230558 580
230555 230559 597
231750 231745 1011
231750 231748 2248
231750 231751 1029
231752 231751 1809
231516 231503 1158
231516 231506 1296
231516 234904 1053
231520 231506 1025
234894 231542 1439
234894 234895 2329
234894 234897 1321
235410 234900 18
231377 231378 761
231377 231379 3673
231377 231380 3118
231386 231378 3744
231386 231379 947
231386 231391 1385
231386 231539 573
231543 231379 761
231543 231536 4174
231543 231551 1344
231463 231462 3222
231463 231471 1447
231463 231492 1336
231472 231466 388
231472 231471 2242
231472 231474 310
231544 231539 1268
231544 231547 360
231548 231547 944
231562 231553 1557
231562 231565 1543
231562 231567 335
231562 231568 105
231572 231565 250
231572 231571 732
231573 231571 1267
231573 231574 596
231573 231575 1234
231575 231573 1234
231575 231576 889
231575 231579 2758
232992 232991 1929
232995 232991 1872
232995 232994 901
232995 232997 1808
232998 232994 3321
232998 232999 1466
232998 233000 787
231623 231622 960
231623 231625 1272
231623 234939 1550
231630 231622 1113
234940 234941 798
234940 234942 1270
234940 234949 614
234952 234941 2073
233004 233003 329
233004 234351 1563
233012 233003 1541
234433 231713 1435
234433 234753 745
231684 231685 184
231684 231686 1445
231684 231714 4194
231715 231714 796
231688 231687 1039
231688 231716 983
231802 231800 1095
231802 231803 2605
231802 234751 313
235541 234751 1071
231758 231743 668
231758 231757 668
231758 231759 432
231758 231760 20
231791 231787 4523
231791 231789 2348
231791 231793 833
231791 231804 783
231791 231808 1224
231819 231793 1242
231819 231808 1007
231819 231821 1354
230743 230744 928
230743 230769 3277
230743 230772 2731
230771 230769 1234
230771 230770 1607
230771 230774 353
230748 230747 852
230748 230772 660
230748 235219 565
232326 232323 251
232326 232327 1778
232326 232331 2011
232332 232330 610
232332 232331 667
232332 232334 1425
230860 230859 670
231815 230859 2370
231815 231816 1206
231815 231817 1451
230835 230612 7753
230835 230847 1670
230848 230846 586
230848 230850 838
230854 230853 597
230854 230855 462
231818 231817 557
232302 232301 4001
232302 232316 1766
232302 232317 1194
232311 232310 1556
232311 232317 1447
232311 232318 754
232333 232330 580
232333 232334 1499
232333 232336 511
232335 232314 2182
232335 232327 445
232335 232336 2681
232289 232288 9921
232289 232319 5189
232344 232319 2034
232344 232320 4835
232344 232345 3125
232348 232347 5988
232348 232349 3795
232348 232350 2815
232396 232349 1114
232396 232406 784
234502 232406 1725
232415 232413 2341
232415 232505 2389
232502 232503 1204
232502 232504 1161
232502 232508 1375
232502 232539 2060
232509 232514 1382
232545 232515 1425
232546 232515 871
232535 232508 1593
232603 232602 627
232598 232599 867
232609 232599 3021
232614 232618 1858
232619 232618 1124
234511 232618 587
232610 232621 3134
232772 232770 189
232780 232789 1258
232791 232789 2446
232826 232803 782
232826 232829 252
232829 232803 796
232829 232826 252
232829 232830 344
232831 232830 893
232831 232832 610
232832 232831 610
232832 232839 597
10057 10062 4794
10057 10062 4794
10770 10830 922
10793 10830 1499
10828 10830 1359
11144 10876 335
11145 10876 1295
11145 10886 822
10885 10886 653
11053 11056 3365
11051 11062 1262
11057 11058 1889
11057 11059 2299
11058 11057 1889
11058 11059 1176
11107 11106 119
11113 11106 119
14264 14266 3641
14265 14266 950
14290 14276 6547
13526 13530 9848
13597 13530 2646
13613 13612 1830
13618 13611 747
13617 13616 14123
248439 248438 354
248456 248438 451
248861 248807 847
248861 248867 1061
248867 248861 1061
248867 248879 707
248873 248882 2044
248894 248893 1786
248894 248898 672
248898 248894 672
248898 249038 924
248901 249038 893
249037 249031 2334
249037 249038 924
249037 249039 681
248432 248440 504
248446 248440 950
248446 248450 868
248450 248445 924
248450 248446 868
248450 248799 707
248805 248804 763
248806 248804 3343
248453 248444 649
249039 249037 681
249039 249040 2446
249039 249042 756
249044 249042 1311
249055 249054 1225
249055 249058 337
249057 249054 337
249057 249058 1225
249080 249084 681
249087 249089 788
249153 249089 354
249155 249089 611
249155 249169 201
249155 249171 610
249170 249169 1357
249171 249155 610
249171 249172 336
249176 249172 787
249176 249177 1220
249182 249180 487
132924 132926 1466
132925 132926 869
132976 132926 788
132976 132984 847
132916 132918 1576
132920 132918 882
132713 132934 840
132713 132935 983
132713 132936 1225
132714 132716 696
132714 132723 252
132935 132713 983
132935 132936 604
132723 132714 252
132723 132938 612
132940 132939 1768
132940 132955 747
132785 132955 4711
133024 132958 1630
133038 133011 2690
133038 133037 1000
132981 132985 1114
132981 132986 1008
132984 132976 847
132984 132985 1102
132666 132986 1334
133011 133008 672
133011 133038 2690
133042 133008 4386
133080 133010 1612
133073 133087 2671
249160 249166 782
249160 249167 1377
249019 249020 3112
249019 249022 1066
249021 249020 708
249023 249022 1205
249023 249024 2237
249023 249024 2237
249004 249010 756
249005 249010 1344
249011 249010 982
249167 249160 1377
249167 249168 299
133091 133090 1066
133091 133093 221
133098 133096 4451
133098 133097 737
133099 133096 1667
133099 133107 1088
133104 133096 2906
133104 133105 256
133152 133097 1254
133168 133097 314
133088 133089 1223
133090 133089 1028
133090 133091 1066
133105 133104 256
133105 133106 340
133105 133109 336
133107 133099 1088
133107 133108 2388
133107 133112 111
133112 133107 111
133112 133108 2370
133189 133197 1544
134291 134295 646
134369 134415 241
134417 134415 938
134427 133208 818
134427 134416 2085
134427 134428 904
134429 134416 1028
134429 134428 2559
134431 134416 1161
133246 133209 1115
133246 133222 713
134428 133209 924
134428 134427 904
134428 134429 2559
134452 133240 4902
134452 134453 677
133249 133248 222
134453 133241 4384
134453 134452 677
134453 134454 604
134454 133251 2322
134454 134453 604
134454 134596 672
134596 134454 672
134596 134594 1809
134596 134597 750
133505 133493 676
133505 133506 927
133505 133509 983
133510 133509 139
133510 134604 884
134597 134595 1454
134597 134596 750
134604 133510 884
134604 134595 2101
133506 133504 2170
133506 133505 927
133516 133504 681
133516 133513 1357
133516 133515 869
133372 133373 2110
133397 133373 947
133519 133515 2796
133523 133521 340
133532 133522 1257
134614 133522 4543
133389 133380 904
133389 133388 2004
133442 133381 2514
133442 133441 847
133398 133399 3223
133437 133399 904
133437 133436 950
133441 133436 2556
133441 133442 847
133392 133388 950
133392 133391 1533
133648 133391 826
133648 133647 1948
133647 133643 2555
133647 133646 676
133647 133648 1948
133643 133640 1854
133643 133647 2555
133643 133655 429
139657 133655 1580
133644 133640 1481
133644 133641 1004
133677 133641 420
133677 133678 764
133678 133677 764
133678 133680 504
133678 133681 1786
133681 133678 1786
133681 133682 1222
133707 133682 713
133707 133710 2005
133710 133707 2005
133710 133708 708
133715 133708 2796
133715 133814 681
133815 133814 1426
133815 133819 982
133825 133819 2192
133825 133831 708
133831 133820 1635
133831 133820 1635
133831 133825 708
133831 251383 735
133835 133834 2665
133835 251383 623
133834 133835 2665
133834 133838 2796
133834 133859 764
133839 133838 950
133878 133838 2192
133878 133881 713
133880 133879 1014
133880 133882 778
133881 133878 713
133881 133879 889
133881 133882 1008
133883 133882 1004
133883 133890 765
134003 134004 711
134006 134016 1901
134006 134030 826
134016 134006 1901
134016 134031 951
134033 134031 688
134035 134036 2966
134035 137308 1225
137308 134035 1225
137308 137307 498
137312 137314 4307
137377 137314 1455
137382 137314 6643
137382 137388 2063
137382 137401 1022
137388 137382 2063
137388 137383 2138
137388 137389 3439
133855 133886 1827
133887 133886 443
133891 133886 1452
138723 138721 1426
138723 138728 750
138728 138722 1220
138728 138723 750
138730 138722 1301
137400 137407 2280
137401 137382 1022
137401 137407 1533
137413 137407 649
138715 138716 393
236064 236065 1933
236064 236067 684
236070 236065 114
235668 235669 482
235668 235670 468
235669 235668 482
235669 235670 442
236067 236064 684
236067 236066 557
236067 236072 261
236067 236090 930
236072 236066 365
236072 236067 261
251121 251123 751
252309 236056 382
251119 251118 926
236089 236088 1351
236089 236090 355
236078 236090 1462
236078 236094 1036
236084 236094 1487
236084 236099 1102
236103 236099 1311
236103 236177 1489
236177 236103 1489
236177 236146 1103
236180 236146 646
236208 236146 1104
261450 236174 984
235674 235673 1494
235675 235673 1018
235677 235678 1255
236082 236159 1554
236162 236161 667
236165 236161 1690
236165 236181 629
236181 236165 629
236181 236167 370
235768 235681 911
235812 235807 642
235812 235826 727
235812 235829 1248
235806 262167 635
235826 235812 727
235826 262167 1486
235829 235812 1248
235829 235813 1047
235829 235819 837
235819 235818 1779
235819 235829 837
235819 235839 1090
261055 235818 33
235839 235819 1090
235839 235821 2349
235850 235849 550
235851 235849 1651
235840 235815 662
235840 235853 1961
235836 235814 3434
235836 235837 2117
235814 235815 732
235814 235836 3434
235834 235799 2459
235865 235799 2237
235800 235803 813
235872 235871 1501
235873 235871 875
235883 235881 867
235883 235885 1706
235886 235885 1106
235886 235913 1105
263342 235913 1110
235922 235921 1143
235923 235921 587
235881 235883 867
235881 235884 2469
235915 235914 1091
235918 235917 979
235925 235917 599
231189 231190 950
234430 231196 518
231198 231197 175
231479 231197 998
231674 231673 1004
231675 231673 679
230613 230615 6305
231697 231683 1073
231697 231695 445
231697 231699 1807
234968 231683 3898
231696 231695 1004
231718 231699 1237
231757 231756 708
231757 231758 668
231757 231759 679
234970 231756 2610
231746 231742 1323
231746 231745 925
231748 231742 1011
231748 231750 2248
231145 231652 1202
231648 231652 443
231664 231663 1322
231643 231642 1365
231649 231642 1921
231147 231182 2285
231177 231182 4584
230554 230555 983
230556 230555 1094
230558 230555 580
231745 231746 925
231745 231750 1011
231745 231759 251
231503 231516 1158
234904 231516 1053
231542 234894 1439
234895 234894 2329
231378 231377 761
231378 231380 3029
231378 231386 3744
231380 231377 3118
231380 231378 3029
231391 231386 1385
231539 231386 573
231539 231544 1268
231536 231543 4174
231551 231543 1344
231462 231463 3222
231492 231463 1336
231466 231472 388
231474 231472 310
231553 231562 1557
231565 231562 1543
231565 231572 250
231567 231562 335
231574 231573 596
231579 231575 2758
232997 232995 1808
232997 232999 1113
232999 232997 1113
232999 232998 1466
233000 232998 787
231625 231623 1272
234939 231623 1550
234942 234940 1270
234949 234940 614
234351 233004 1563
234753 234433 745
231685 231684 184
231686 231684 1445
231687 231688 1039
231800 231802 1095
231803 231802 2605
231759 231745 251
231759 231757 679
231759 231758 432
231760 231758 20
231787 231791 4523
231789 230855 2317
231789 231791 2348
231793 231791 833
231793 231804 249
231793 231819 1242
231804 231791 783
231804 231793 249
231821 231819 1354
230744 230743 928
230770 230771 1607
230774 230771 353
230747 230748 852
235219 230748 565
232323 232326 251
232327 232326 1778
232327 232330 2330
232327 232335 445
232330 232327 2330
232330 232332 610
232330 232333 580
232334 232332 1425
232334 232333 1499
231816 231815 1206
230612 230835 7753
230846 230848 586
230855 230854 462
230855 231789 2317
232301 232302 4001
232316 232302 1766
232310 232311 1556
232318 232311 754
232318 232314 754
232314 232318 754
232314 232335 2182
232288 232289 9921
232320 232344 4835
232345 232344 3125
232349 232348 3795
232349 232396 1114
232350 232348 2815
232505 232415 2389
232503 232502 1204
439
133636
133637
133684
133688
133690
133713
133817
251382
133860
133864
133866
133871
133876
134056
133898
134032
134050
134054
134148
137309
139659
137316
137386
133900
133904
133253
134028
138707
138708
138710
138714
236050
236051
236059
236111
235954
235944
236104
236052
235983
236087
236093
236101
236144
236149
236156
236171
236209
250131
235687
249081
249802
236166
235680
235809
235816
235844
235856
235859
235867
235879
235899
235916
235930
231728
231195
231679
231680
231694
231710
231737
231741
231654
231665
231726
230561
231755
231505
234898
234901
231552
231499
234431
231569
231577
231578
232993
231624
234947
233010
231712
231719
231717
231725
231762
231744
231753
231807
230773
