586
173583 173581 672
173583 173584 403
173551 173559 1778
173551 173687 344
173713 173687 3237
173713 185433 2104
173521 173523 4805
173521 186087 2039
173164 173163 5253
173164 173711 5764
173166 173167 1768
173166 173690 2223
173712 173711 2798
173712 173716 3098
173849 173714 1543
173849 173850 5357
173853 173854 2956
173853 185445 4105
173855 173873 8689
186040 185444 3585
186040 186161 1619
186160 186185 567
186160 186186 788
186160 186187 1087
152916 152917 3377
152916 153012 552
153013 153014 344
153017 153018 581
153017 153039 1412
153021 153023 984
153021 155490 927
155486 155485 673
153024 153023 545
153035 153032 890
153035 153034 1210
153035 153044 650
153038 153020 2019
153038 153037 747
155507 155509 1673
155507 172641 810
155510 155509 948
155510 155519 1976
155528 155519 810
155528 155549 1975
155568 155550 336
155482 155484 810
155482 155495 418
176117 176116 355
176124 176116 2578
176124 176123 1100
176124 176130 667
176485 176486 1565
176485 176509 766
176505 176477 667
176505 176506 2714
176470 176471 1263
176470 176495 3009
176496 176493 1014
176496 176495 630
176504 176503 848
176486 176485 1565
176486 176514 842
176515 176513 2192
176515 176516 1530
176498 176520 893
176517 176516 790
176517 176522 738
176132 176133 758
176130 176124 667
176130 176131 1010
176130 176133 1336
176009 176510 683
176009 176511 333
176136 176137 766
176136 176510 1225
176134 176133 1356
176134 176137 1334
176134 176138 932
176477 176476 3039
176477 176505 667
176475 176143 1032
176475 176476 672
155680 155671 527
155680 155678 2370
156237 156248 1184
156249 156252 373
155628 155635 1000
155636 155635 849
155636 155637 1483
155638 155637 552
155640 155630 373
155621 155620 650
155621 155632 766
155590 155538 2017
155590 155592 818
155619 155600 1365
155619 155618 3223
175977 175973 1014
175974 175973 709
177112 177109 2248
177112 177116 517
177118 177115 782
177118 177146 1578
177122 177098 1004
177122 177145 517
177074 177100 778
177021 177016 562
177021 177102 899
176997 176995 131
185715 185696 109
185715 185716 562
176954 176952 1124
176954 176957 1410
176952 176954 1124
176952 176955 452
176969 176968 599
176969 177037 849
176969 177166 1576
177030 177029 673
177030 177045 1447
177043 177044 1234
177043 177045 765
177042 177044 789
177037 176969 849
177037 177213 1565
177010 177009 344
177010 177011 2458
177040 177011 751
177176 177177 1080
177176 177179 713
177182 177181 984
177182 177187 709
177182 177190 1161
177187 177182 709
177187 177189 1640
177187 177191 1275
176091 176096 1346
176091 176112 1284
176076 176077 1502
176076 176106 1217
176076 176200 1498
176200 176076 1498
176200 176199 365
176200 176203 1081
176096 176091 1346
176096 176114 1810
176199 176200 365
176199 176204 539
176962 176961 474
176962 177172 279
176964 176965 1698
176964 176971 4621
177155 177170 1918
177155 177171 738
176758 175013 2526
176793 176784 778
176848 176849 1778
176848 176868 1015
176869 176783 1632
176889 176890 562
176896 176897 1222
176896 176898 827
176897 176896 1222
176897 176902 421
173862 173879 6658
173862 177066 2203
174954 174950 2662
174952 174951 1853
174952 174981 4030
174976 174975 537
174976 176631 3689
176760 176761 1009
174965 174964 556
176634 174964 2189
176634 186132 561
174961 174960 2537
185688 174960 2295
166473 166495 766
167311 167312 279
167312 167311 279
165054 165068 279
165061 165060 475
165068 165054 279
165060 165061 475
165515 165173 344
165173 165515 344
164580 164533 953
164533 164580 953
211550 211552 278
211552 211550 278
212172 212174 805
212174 212172 805
212200 212202 347
212202 212200 347
212202 212230 469
212230 212202 469
212516 212529 1682
212529 212516 1682
114908 114910 3299
114910 114908 3299
106961 106966 949
106966 106961 949
106730 106731 746
106731 106730 746
115971 115979 755
115979 115971 755
92721 92720 1398
92720 92721 1398
191501 191506 1843
191506 191501 1843
111469 111474 580
111474 111469 580
111481 111479 983
111479 111481 983
111576 111579 782
111579 111576 782
111579 111580 778
111580 111579 778
111691 111707 778
111707 111691 778
111718 111716 672
111716 111718 672
112150 112166 1398
111739 111715 708
111657 111666 1111
111666 111657 1111
111450 111452 713
111452 111450 713
112590 112599 1014
111715 111739 708
112599 112590 1014
112166 112150 1398
104310 104309 708
104309 104310 708
39226 39223 1393
39223 39226 1393
104814 104831 2560
104834 104855 893
104881 104879 1397
104855 104834 893
104831 104814 2560
104904 104903 809
104879 104881 1397
104903 104904 809
104607 104998 1810
104998 104607 1810
39699 40454 1022
40454 39699 1022
40488 40491 252
40491 40488 252
40595 40593 2363
40593 40595 2363
40928 40929 789
40929 40928 789
40934 40937 2799
40937 40934 2799
48551 48670 984
48670 48551 984
48670 48674 552
48674 48670 552
48689 48709 848
48709 48689 848
48736 48735 1253
48735 48736 1253
48889 48890 511
48890 48889 511
48896 48931 773
48952 48961 1224
48931 48896 773
48961 48952 1224
48315 48319 752
48319 48315 752
54448 54494 2353
54494 54448 2353
54559 54576 3774
54576 54559 3774
54534 54679 1014
54679 54534 1014
55152 55171 279
55171 55152 279
55165 55169 890
55169 55165 890
55206 55212 1881
55212 55206 1881
144495 144490 2497
144495 144491 2393
144490 144495 2497
144490 144527 2836
144527 144490 2836
144678 144679 394
144679 144678 394
144690 144692 755
150604 143291 788
143291 150603 573
143291 150604 788
150603 143291 573
150621 150634 430
150634 150621 430
139908 140190 556
140190 139908 556
141864 141875 2400
144491 144495 2393
141875 141864 2400
141876 141913 2407
141913 141876 2407
142090 140044 926
140044 142090 926
142059 142060 486
142060 142059 486
142584 142585 1533
142585 142584 1533
142538 142542 1341
142542 142538 1341
204843 204848 1459
204848 204843 1459
207877 207781 1021
207781 207877 1021
144692 144690 755
144706 144708 905
144708 144706 905
144757 144761 734
144720 144719 293
144761 144757 734
144719 144720 293
145545 145546 771
145546 145545 771
145603 145598 795
145598 145603 795
145598 145610 740
145610 145598 740
145773 145774 792
145784 145783 801
145783 145784 801
145774 145773 792
145863 145864 744
145864 145863 744
146099 146101 770
146101 146099 770
151483 151490 735
151490 151483 735
151566 151563 2064
151560 151563 1536
203821 203823 683
151563 151560 1536
151563 151566 2064
203823 203821 683
208618 208621 1227
208621 208618 1227
207882 207883 972
207883 207882 972
207853 207891 237
207891 207853 237
208679 208680 710
208680 208679 710
208717 208726 800
208726 208717 800
166495 166473 766
167091 167104 1831
166751 166749 1185
166749 166751 1185
166749 166782 842
166782 166749 842
167038 167050 850
167050 167038 850
167104 167091 1831
180378 179704 751
179704 180378 751
181914 182115 2364
182115 181914 2364
182123 182144 782
182144 182123 782
182189 182199 2690
182199 182189 2690
152316 152361 397
152361 152316 397
152361 152360 559
152360 152361 559
152346 152347 764
152347 152346 764
173523 173521 4805
173593 173594 418
173594 173593 418
173581 173583 672
173584 173583 403
173559 173551 1778
173687 173551 344
173687 173713 3237
185433 173713 2104
186087 173521 2039
173163 173164 5253
173711 173164 5764
173711 173712 2798
173711 173714 1974
173167 173166 1768
173690 173166 2223
173716 173712 3098
173714 173711 1974
173714 173849 1543
173850 173849 5357
173854 173853 2956
185445 173853 4105
173873 173855 8689
185444 186040 3585
186161 186040 1619
186185 186160 567
186186 186160 788
186187 186160 1087
152917 152916 3377
153012 152916 552
153014 153013 344
153018 153017 581
153018 153039 1034
153039 153017 1412
153039 153018 1034
153023 153021 984
153023 153024 545
155490 153021 927
155490 155485 2782
155485 155484 403
155485 155486 673
155485 155490 2782
153032 153035 890
153034 153035 1210
153044 153035 650
153020 153038 2019
153037 153038 747
155509 155507 1673
155509 155510 948
172641 155507 810
155519 155510 1976
155519 155528 810
155549 155528 1975
155549 155550 355
155550 155538 511
155550 155549 355
155550 155568 336
155484 155482 810
155484 155485 403
155495 155482 418
176116 176117 355
176116 176124 2578
176123 176124 1100
176123 176131 782
176509 176485 766
176509 176514 1447
176506 176476 848
176506 176505 2714
176471 176470 1263
176495 176470 3009
176495 176496 630
176493 176496 1014
176503 176504 848
176514 176486 842
176514 176509 1447
176513 176515 2192
176516 176515 1530
176516 176517 790
176520 176498 893
176520 176522 2483
176522 176517 738
176522 176520 2483
176133 176130 1336
176133 176132 758
176133 176134 1356
176131 176123 782
176131 176130 1010
176510 176009 683
176510 176136 1225
176510 176143 842
176511 176009 333
176137 176134 1334
176137 176136 766
176137 176143 1344
176138 176134 932
176476 176475 672
176476 176477 3039
176476 176506 848
176143 176137 1344
176143 176475 1032
176143 176510 842
155671 155680 527
155678 155680 2370
156248 156237 1184
156252 156249 373
155635 155628 1000
155635 155636 849
155637 155636 1483
155637 155638 552
155630 155640 373
155620 155618 683
155620 155621 650
155632 155621 766
155538 155550 511
155538 155590 2017
155592 155590 818
155592 155600 1124
155600 155592 1124
155600 155619 1365
155618 155619 3223
155618 155620 683
175973 175974 709
175973 175977 1014
177109 177112 2248
177116 177112 517
177115 177118 782
177146 177118 1578
177098 177122 1004
177145 177122 517
177100 177074 778
177016 177021 562
177102 177021 899
176995 176997 131
176995 177011 373
185696 185715 109
185716 185715 562
176957 176954 1410
176955 176952 452
176955 176971 796
176968 176969 599
177166 176969 1576
177166 177213 765
177029 177030 673
177045 177030 1447
177045 177043 765
177044 177042 789
177044 177043 1234
177213 177037 1565
177213 177166 765
177009 177010 344
177011 176995 373
177011 177010 2458
177011 177040 751
177177 177176 1080
177179 177176 713
177179 177181 789
177181 177179 789
177181 177182 984
177190 177182 1161
177189 177187 1640
177191 177170 238
177191 177187 1275
176112 176091 1284
176112 176114 2093
176077 176076 1502
176106 176076 1217
176203 176200 1081
176114 176096 1810
176114 176112 2093
176114 176204 952
176204 176114 952
176204 176199 539
176961 176962 474
177172 176962 279
177172 177171 810
176965 176964 1698
176971 176955 796
176971 176964 4621
177170 177155 1918
177170 177191 238
177171 177155 738
177171 177172 810
175013 176758 2526
176784 176783 2252
176784 176793 778
176849 176848 1778
176868 176848 1015
176783 176784 2252
176783 176869 1632
176890 176889 562
176898 176896 827
176902 176897 421
173879 173862 6658
177066 173862 2203
174950 174951 2007
174950 174954 2662
174951 174950 2007
174951 174952 1853
174981 174952 4030
174975 174976 537
176631 174976 3689
176761 176760 1009
174964 174965 556
174964 176634 2189
186132 176634 561
174960 174961 2537
174960 185688 2295
973
173583
173551
173713
173521
173164
173166
173712
173849
173853
173855
186040
186160
152916
153013
153017
153021
155486
153024
153035
153038
155507
155510
155528
155568
155482
176117
176124
176485
176505
176470
176496
176504
176486
176515
176498
176517
176132
176130
176009
176136
176134
176477
176475
155680
156237
156249
155628
155636
155638
155640
155621
155590
155619
175977
175974
177112
177118
177122
177074
177021
176997
185715
176954
176952
176969
177030
177043
177042
177037
177010
177040
177176
177182
177187
176091
176076
176200
176096
176199
176962
176964
177155
176758
176793
176848
176869
176889
176896
176897
173862
174954
174952
174976
176760
174965
176634
174961
174958
176713
185688
211336
211347
211364
211019
211326
211329
166473
165073
165079
165093
165236
165309
165264
165322
165230
165330
167288
167311
167308
167312
166484
166492
166553
166551
166474
166490
166541
165048
165049
165051
165054
165058
165061
165068
165060
165070
164475
165140
165120
165122
164454
164448
164444
164812
164803
165515
165173
165175
165169
165355
165368
164457
161395
164723
164726
164717
164715
164721
164730
164739
164740
164580
164532
164533
161409
164593
211398
211407
214931
211527
211535
211534
211550
211552
211556
211557
212172
212174
212179
212193
212199
212200
212202
212230
211406
212458
212465
161404
161428
212516
212529
212251
212252
212440
114654
114303
114197
114199
114429
114602
114570
114018
114020
119125
119322
119151
119154
119399
119402
114914
114939
114908
114910
114900
114934
91998
92000
92068
92121
92111
92205
92214
115422
115748
115809
115811
92308
92312
105807
107036
107085
107179
106970
106961
106966
107118
107416
107451
107439
107481
107482
107444
107529
107532
109492
107518
107477
107474
109490
92822
92828
103135
92962
93034
93192
102816
92825
92832
106727
106730
106731
115971
115979
115964
115785
115985
115995
115992
92721
92518
92720
115852
115863
191501
191506
191512
191528
191534
190886
190895
191969
191697
194079
191733
192754
191559
191854
191785
191552
191840
191946
191772
191955
192123
192666
192772
192775
193851
194020
192721
192728
192810
114065
114405
194382
107564
109461
109769
109800
109820
109814
109894
109853
105183
110995
110974
111088
111091
111098
111327
111338
111341
103333
111469
111474
111481
111358
103356
103357
111479
111229
111520
111565
111566
111594
111571
111560
111567
111576
111579
111580
111684
111691
111707
111718
111716
111765
112150
111739
111712
111657
111666
111636
111667
111450
111452
111654
112589
113582
112590
111705
111715
112599
112601
112615
111760
111769
112166
112634
112633
112702
104310
104309
104321
104300
112597
112595
105726
105727
105728
112891
112750
105724
104338
104302
104297
104359
39212
39226
39584
39587
39529
39534
39547
39550
39557
39525
46102
39219
39223
104743
104794
113701
39190
39194
39199
104814
104834
104881
104938
104855
104864
104831
104904
104895
104879
104903
104925
105004
104607
104998
105000
105006
39558
39338
39346
39461
39462
39447
39456
39465
39438
39412
39415
39422
39437
39476
39483
39495
39699
40440
40454
39747
40459
40461
40488
40491
40496
40501
40539
40610
40614
40615
40480
40548
40386
40551
40595
40830
40833
40839
40852
40855
40860
40918
40915
40584
40591
40593
40925
40928
40929
40927
40916
40934
55226
55246
55250
55252
55417
55468
55426
41630
41638
48392
40937
41642
41648
48407
48523
48526
48539
48547
48551
48344
48369
48372
48338
48670
48674
48689
48709
48726
48738
48733
48740
48736
48715
48735
48889
48590
48905
48912
48890
48892
48896
48869
48933
48941
48947
48951
48952
48866
48931
48961
48962
48989
48985
49004
50484
49028
49030
49043
48315
48319
48326
131376
48311
131379
131382
131386
131638
131642
131643
131657
131803
131659
131751
131826
54362
54421
54424
54444
54448
54494
54531
54377
54559
54576
54587
54588
52718
54534
54745
54533
54539
54542
54679
54683
54664
53867
53869
56778
56779
53922
53919
55152
55171
55165
55169
55206
55212
144495
144490
144527
144541
144678
144679
144688
144690
150604
150614
143291
150603
150621
150634
150644
150656
151886
150689
139907
150690
139908
140190
140187
140208
140211
140430
140432
140442
141864
142505
142533
142544
144491
141875
141876
141913
141930
151754
142090
142091
142101
140044
142059
142060
142063
142071
142565
142566
142584
142585
142593
142605
142612
142732
142734
142509
142538
142542
142733
142766
142767
55476
55479
56360
56368
56365
204541
204717
204539
204714
204736
204797
204842
204843
204848
204851
207876
207877
207781
144692
144699
144702
144697
144706
144708
144726
144757
144720
144729
144761
144719
145052
145094
145097
145100
145112
145104
145122
145495
145500
145537
145538
145545
145546
145594
145603
145598
145610
145773
145775
145784
145783
145782
145787
145621
145788
145774
145779
145846
145851
145863
145864
145875
145879
146087
146099
146101
151474
151483
151490
151494
151554
151811
148164
151552
151566
151584
151560
203821
151563
151585
203823
203832
204441
204521
208618
208624
207867
194686
208645
208646
212989
208640
208637
208630
208621
207788
207792
207882
207883
207886
207853
207891
208610
208679
208667
208668
208680
208674
208708
208717
208726
208727
208732
211108
211171
211173
211174
180261
180471
180183
180263
180249
185562
180467
180469
180415
180449
166495
166510
166504
166554
166546
166559
166571
166579
166731
172660
166735
166702
167200
167236
167262
167223
167212
167091
166718
166726
166751
166749
166782
166762
167009
167027
167038
167050
167098
167113
172177
167104
152419
152423
152414
152410
152411
186058
180127
180384
180393
180378
180398
179702
179704
177720
180187
182346
173588
182311
179712
181916
181914
182115
182123
182099
182144
182183
182189
182199
182283
182308
152316
152361
152334
152950
152351
152360
152943
152313
152353
152367
152939
152947
152945
152320
152342
152338
152346
152344
152347
152324
152450
152473
152483
153091
153132
155705
155781
155725
153112
153140
173523
173593
173594
173581
173559
173687
185433
186087
173163
173167
173690
173854
173873
185444
152917
153012
153018
153039
153023
155490
153032
153034
153044
153020
153037
155509
155519
155549
155484
155495
176116
176123
176509
176506
176471
176495
176493
176503
176514
176513
176516
176520
176522
176131
176510
176138
176143
155671
155678
156248
156252
155635
155630
155620
155632
155538
155592
155600
155618
175973
177109
177116
177115
177146
177098
177145
177100
177016
177102
176995
185696
176957
176955
176968
177166
177029
177045
177044
177213
177009
177177
177179
177181
177190
177189
177191
176112
176077
176106
176203
176114
176204
176961
177172
176965
176971
177170
177171
175013
176849
176868
176783
173879
174950
174951
174981
174975
176631
176761
174964
174960
