602
211238 211236 592
211238 211240 1430
211253 211240 867
211253 211255 1628
211259 211255 892
211259 211261 649
211261 211259 649
211261 211275 1222
215152 215151 268
215152 215153 341
215152 215154 353
211135 211222 817
211135 211225 599
211151 211225 1687
211151 211235 780
211278 211275 756
211278 211280 936
195313 195312 740
195313 211294 724
211521 211509 513
211521 215027 731
213038 213220 1480
212219 212224 1779
212219 214611 475
212277 212224 508
212300 212301 892
212300 212482 1167
212478 212482 769
212478 212486 1953
212490 212486 879
212490 212495 856
212279 212278 1862
212279 212282 793
212299 212282 2188
212299 212302 901
212491 214683 622
212492 212493 278
212492 212494 1211
212493 212492 278
212493 212551 773
212554 212543 2024
212554 212555 683
212543 212547 196
212543 212554 2024
164646 164647 1111
164646 164870 1102
164598 164599 1081
164598 164600 613
164843 164842 558
164858 164857 374
164858 164912 344
164912 164858 344
164912 164911 1065
164914 164915 552
164914 164938 421
164940 164938 1323
164940 164939 710
212546 212547 1683
212546 212548 562
212546 212549 797
114247 114245 139
114315 114314 603
114315 116178 189
114317 114316 649
114317 114326 735
114326 114317 735
114326 114330 649
113981 113979 678
113981 113982 1111
114010 114011 583
114010 114012 2775
114012 113976 1688
114012 114010 2775
113990 113989 452
113990 113991 735
114175 114168 1136
114175 114170 2740
114208 114209 924
119226 119354 5657
118836 118835 1565
118836 118837 8454
119265 118486 2700
119265 119266 2545
119277 119276 670
119277 119291 3115
119275 119276 817
119275 119284 803
119292 119276 1005
119292 119293 170
119278 119311 194
119261 119260 650
119313 119259 261
119263 119264 982
119263 119299 1939
119273 119298 787
118570 118571 433
118570 118573 3771
118574 118514 1786
118574 118575 2798
118514 118513 639
118514 118574 1786
119132 118516 3593
119132 119134 2004
119345 119143 1694
119345 119158 553
119143 119142 1149
119143 119345 1694
119146 119145 2037
119146 119145 2037
119382 119390 631
119033 119032 1342
119033 119157 1337
119035 119036 671
119035 119460 5358
102922 102924 751
102920 102921 3761
92039 92040 238
92039 92042 2700
92043 92042 808
102194 102195 1396
94368 94367 1221
94370 94421 1561
94374 94375 112
102935 102936 875
102200 102201 1524
102200 102948 1589
94419 94418 4677
94419 103257 4187
92196 92197 4745
92196 92198 1924
92196 92201 78
92242 92193 1424
92242 92243 1675
92241 92234 2483
92241 92239 3195
92253 92254 587
92253 92269 1933
92253 92270 503
94458 94470 1868
94493 94492 788
94493 94494 475
97442 97444 747
94451 94450 611
94451 94453 344
115823 115824 1140
92305 92301 2490
92305 92304 1072
92334 94500 12070
92335 92339 1797
92335 92340 785
92342 92340 1192
92344 92345 2679
92344 92346 847
92412 92413 1004
92412 92415 1430
92444 92423 1321
92446 92447 981
92446 92448 1932
92327 101747 748
92441 92495 1949
92430 92431 1452
92430 92438 1065
92447 92446 981
92447 92449 628
107074 107075 344
107074 108115 598
107183 107184 1114
107183 107188 604
107184 107183 1114
107184 107189 1196
107190 107198 893
93081 93080 4373
93081 93174 4740
93173 93087 3415
93173 93090 930
93182 93179 252
93182 93181 503
93185 93148 1007
93185 93186 1625
93194 93187 1444
93194 93195 1466
94112 93207 7426
107068 107067 252
107093 107094 475
107093 108126 598
107186 107185 504
107232 107233 1767
107232 107239 1527
107223 107220 2062
107219 107218 333
107219 107220 777
107218 107219 333
108524 107536 2145
107536 108524 2145
93065 93074 4928
93074 93065 4928
93079 93080 1024
192699 192683 5117
192683 192699 5117
109454 109453 1180
109453 109454 1180
105577 109614 1426
109614 105577 1426
109950 109951 975
109951 109950 975
111266 111269 836
111269 111266 836
111425 111424 1903
111424 111425 1903
104130 104263 1223
104263 104130 1223
112735 112514 713
112514 112735 713
112741 112538 818
112538 112741 818
104201 104200 2652
104200 104201 2652
39161 39162 782
39162 39161 782
104483 104495 1609
104495 104483 1609
40337 40339 1345
40339 40337 1345
40339 40341 1074
40341 40339 1074
56309 55185 1747
39031 40779 2814
40779 39031 2814
41595 41609 751
41609 41595 751
47679 47688 1458
48458 48444 991
48444 48458 991
48470 48474 897
48474 48470 897
48505 48506 222
48506 48505 222
47688 47679 1458
47693 47713 1607
47713 47693 1607
48436 48434 497
48434 48436 497
48516 48517 1217
48517 48516 1217
48109 48123 769
48123 48109 769
48189 48191 885
48210 48213 1717
48213 48210 1717
48191 48189 885
48269 48271 1366
48271 48269 1366
131453 131452 1531
131452 131453 1531
131534 131579 1304
131579 131534 1304
131591 131593 1395
131593 131591 1395
131730 131732 1953
131732 131730 1953
131764 131754 427
131846 132289 2650
131754 131764 427
132289 131846 2650
131859 131861 739
131861 131859 739
53982 54464 2292
54617 54620 1308
54620 54617 1308
54645 54632 2588
54632 54645 2588
54464 53982 2292
53959 54601 810
54601 53959 810
55185 56309 1747
150525 150535 1656
150535 150525 1656
150535 150538 329
150538 150535 329
150712 150740 1768
150740 150712 1768
140426 140424 770
140424 140426 770
141973 141977 2400
141977 141973 2400
141997 141998 1069
141998 141997 1069
143270 143272 352
143272 143270 352
143471 143484 1047
143484 143471 1047
142665 142666 1669
143488 143491 854
142666 142665 1669
143491 143488 854
142661 142660 874
142660 142661 874
143244 143245 399
143245 143244 399
144811 144801 1026
144801 144811 1026
204611 204612 1701
204612 204611 1701
144871 144873 1010
144873 144871 1010
145133 145138 841
145138 145133 841
145686 145687 804
145687 145686 804
145728 145729 390
145729 145728 390
145735 145736 951
145736 145735 951
208766 208765 1671
208765 208766 1671
167587 167571 890
167571 167587 890
162523 167275 600
152467 152469 713
152572 152570 1268
152570 152572 1268
167275 162523 600
168494 168496 232
168496 168494 232
166811 166810 1534
166810 166811 1534
152469 152467 713
152499 152490 2015
152490 152499 2015
180119 180121 3030
180121 180119 3030
180094 180095 796
180095 180094 796
179664 179669 513
179669 179664 513
180086 180092 1336
180092 180086 1336
180092 180098 1935
180098 180092 1935
180138 180136 1014
180136 180138 1014
182084 179888 1304
179888 182084 1304
152743 152744 1283
152744 152743 1283
153149 153164 906
155793 155792 1074
156001 156002 789
155669 156036 1388
156033 155984 789
156033 156034 697
156034 156033 697
155984 156033 789
156002 156001 789
155765 155791 810
155791 155765 810
155792 155793 1074
153164 153149 906
153179 153187 1380
153187 153179 1380
153390 153391 511
153391 153390 511
153439 153473 236
153473 153439 236
173038 173327 672
173327 173038 672
176563 176545 1758
176545 176563 1758
156053 156052 889
156052 156053 889
156449 156450 2368
156450 156449 2368
156431 156432 450
156437 156439 1719
156432 156431 450
156036 155669 1388
156439 156437 1719
177428 177448 2668
177448 177428 2668
177433 177439 475
177439 177433 475
176237 176239 2380
176239 176237 2380
176805 176800 1010
176800 176805 1010
165423 167416 928
167416 165423 928
165595 165544 848
165544 165595 848
165460 165461 837
165461 165460 837
164847 164846 1055
164846 164847 1055
211294 195313 724
211490 211491 522
211491 211490 522
208792 208798 831
208798 208792 831
211131 211222 867
211236 211235 286
211236 211238 592
211240 211238 1430
211240 211253 867
211255 211253 1628
211255 211259 892
211275 211261 1222
211275 211278 756
215151 215152 268
215153 215152 341
215154 215152 353
211222 211131 867
211222 211135 817
211225 211135 599
211225 211151 1687
211235 211151 780
211235 211236 286
211280 211278 936
195312 195313 740
211509 211521 513
211509 215027 606
215027 211509 606
215027 211521 731
213220 213038 1480
212224 212219 1779
212224 212277 508
212224 212278 249
214611 212219 475
212301 212300 892
212482 212300 1167
212482 212478 769
212486 212478 1953
212486 212490 879
212495 212490 856
212495 212494 1094
212278 212224 249
212278 212279 1862
212282 212279 793
212282 212299 2188
212302 212299 901
214683 212491 622
212494 212492 1211
212494 212495 1094
212551 212493 773
212555 212554 683
212547 212543 196
212547 212546 1683
164647 164646 1111
164870 164646 1102
164599 164598 1081
164600 164598 613
164842 164843 558
164857 164858 374
164911 164912 1065
164915 164914 552
164938 164914 421
164938 164940 1323
164939 164940 710
212548 212546 562
212549 212546 797
114245 114247 139
114314 114315 603
114314 114316 887
116178 114315 189
114316 114314 887
114316 114317 649
114316 114330 735
114330 114316 735
114330 114326 649
113979 113981 678
113982 113981 1111
114011 114010 583
113976 114012 1688
113989 113990 452
113991 113990 735
114168 114175 1136
114170 114175 2740
114209 114208 924
119354 119226 5657
118835 118836 1565
118837 118836 8454
118486 119265 2700
118486 119266 1147
119266 118486 1147
119266 119265 2545
119276 119275 817
119276 119277 670
119276 119292 1005
119291 119277 3115
119284 119275 803
119293 119292 170
119311 119278 194
119260 119259 152
119260 119261 650
119259 119260 152
119259 119313 261
119264 119263 982
119299 119263 1939
119299 119298 874
119298 119273 787
119298 119299 874
118571 118570 433
118573 118570 3771
118575 118574 2798
118513 118514 639
118513 118516 999
118516 118513 999
118516 119132 3593
119134 119132 2004
119134 119158 1059
119158 119134 1059
119158 119345 553
119142 119143 1149
119145 119146 2037
119145 119146 2037
119390 119382 631
119032 119033 1342
119157 119033 1337
119036 119035 671
119460 119035 5358
102924 102922 751
102921 102920 3761
92040 92039 238
92042 92039 2700
92042 92043 808
102195 102194 1396
94367 94368 1221
94421 94370 1561
94375 94374 112
102936 102935 875
102201 102200 1524
102948 102200 1589
94418 94419 4677
103257 94419 4187
92197 92196 4745
92198 92196 1924
92201 92196 78
92193 92242 1424
92243 92242 1675
92234 92241 2483
92239 92241 3195
92254 92253 587
92269 92253 1933
92269 94450 4318
92270 92253 503
94470 94458 1868
94492 94493 788
94492 94500 1469
94494 94493 475
97444 97442 747
94450 92269 4318
94450 94451 611
94453 94451 344
115824 115823 1140
92301 92305 2490
92304 92305 1072
94500 92334 12070
94500 94492 1469
92339 92335 1797
92340 92335 785
92340 92342 1192
92345 92344 2679
92346 92344 847
92413 92412 1004
92415 92412 1430
92423 92444 1321
92448 92446 1932
92448 92449 1437
101747 92327 748
92495 92441 1949
92431 92430 1452
92438 92430 1065
92449 92447 628
92449 92448 1437
107075 107074 344
108115 107074 598
107188 107183 604
107189 107184 1196
107198 107190 893
93080 93079 1024
93080 93081 4373
93174 93081 4740
93087 93173 3415
93090 93173 930
93179 93182 252
93181 93182 503
93148 93185 1007
93186 93185 1625
93186 93187 1755
93186 93187 1755
93187 93186 1755
93187 93186 1755
93187 93194 1444
93195 93194 1466
93207 94112 7426
107067 107068 252
107094 107093 475
108126 107093 598
107185 107186 504
107233 107232 1767
107239 107232 1527
107220 107219 777
107220 107223 2062
952
211238
211253
211259
211261
215152
211135
211151
211278
195313
211521
213038
212219
212277
212300
212478
212490
212279
212299
212491
212492
212493
212554
212543
164646
164598
164843
164858
164912
164914
164940
212546
114247
114315
114317
114326
113981
114010
114012
113990
114175
114208
119226
118836
119265
119277
119275
119292
119278
119261
119313
119263
119273
118570
118574
118514
119132
119345
119143
119146
119382
119033
119035
102922
102920
92039
92043
102194
94368
94370
94374
102935
102200
94419
92196
92242
92241
92253
94458
94493
97442
94451
115823
92305
92334
92335
92342
92344
92412
92444
92446
92327
92441
92430
92447
107074
107183
107184
107190
93081
93173
93182
93185
93194
94112
107068
107093
107186
107232
107223
107219
107238
107218
107244
108498
107429
108524
108487
109714
107536
109224
108229
109228
108231
109259
93065
92973
93018
92976
93074
93079
93051
92776
92793
92797
92605
92595
92601
92783
92841
194013
194051
194053
192013
191663
191677
191691
191708
192732
191519
191919
191950
191543
191423
191648
191865
191754
192699
192711
192683
194305
192716
192802
114078
114098
114184
114121
114183
109470
109269
109281
113899
109414
109546
109448
109530
109374
109378
109454
109453
109512
109387
105575
105577
109614
109971
109950
109951
109948
109993
109958
111245
110153
111249
111266
111269
111293
111307
111353
111492
111493
111602
111417
111375
111421
103403
111382
111425
103406
111424
112620
104130
104077
104080
104046
104109
104155
104263
105733
103953
103983
112849
112868
112764
112485
112622
112735
112514
112741
112538
112745
104126
104218
104219
104346
104206
104370
104227
104401
104403
104454
39516
104201
104033
104088
104089
39124
104200
39153
39161
39141
39162
39135
39147
104472
104476
104394
104589
104483
104495
104591
39354
39282
39139
39137
39303
39313
39316
37245
37250
37268
37233
37281
38406
38407
39351
37291
38422
40223
40224
40298
40254
40259
40248
40261
40313
40320
40337
40339
40341
40362
40383
40414
50564
40411
36878
40737
40740
40734
40735
40805
40792
56309
56318
39031
40776
40788
40779
41600
41589
41602
41595
41609
47679
48458
50374
50444
48444
48446
48470
48474
48505
48506
48512
47688
47703
47693
47713
47717
47718
48365
48436
48434
48500
47827
48110
48492
48510
48516
48517
48109
48123
48126
48139
48142
48164
48165
48189
48185
48210
48213
48218
48191
48194
48249
48201
48236
48254
48269
48271
131352
131355
131345
131350
131432
131436
131453
131452
131463
131534
131579
131581
131591
131593
131601
131691
131700
131702
131730
131732
131764
131784
131846
131754
132289
132297
131868
131859
131861
131871
53884
53892
53885
50737
50797
50822
53982
54565
54600
54608
54617
54620
54630
54645
54632
54464
54467
54698
54199
54216
54218
51100
54707
54709
54715
54726
53875
53890
53903
53959
54601
53961
53974
54624
55185
150520
150525
150535
150538
150539
150481
150514
150712
140376
143650
150740
143648
140371
140391
140395
140396
140439
140473
141888
141893
141949
140426
140470
140476
141889
140424
140506
140525
140527
140532
140535
141973
141977
141986
141997
141998
143250
143270
143272
143279
143417
143422
143471
143473
143484
142665
142706
143488
142666
143693
143487
143491
142661
142704
142711
142660
142677
142691
142692
142700
142807
142800
142683
142001
143240
143244
143245
142629
142630
142750
142752
142760
142787
142794
144804
144811
144801
144829
144825
204554
204561
204565
204569
204594
204597
204603
204602
204622
203849
204611
204612
204782
204785
204817
204836
204887
204890
204913
204958
204902
151621
144850
144871
144873
145083
145084
145133
145138
145151
145156
145158
145216
145535
145637
145643
145680
145681
145686
145687
145728
145729
145735
145736
145908
145921
145928
145953
145962
146861
146939
146941
197999
197790
211524
213438
215024
211245
211247
211266
214490
208766
208795
208765
167380
167566
167587
167571
152558
152562
152565
152593
152589
153521
162521
162523
152467
152523
152552
152572
152570
167275
168494
167261
168496
167384
167589
166801
168415
166804
166811
167639
166810
168418
168422
167800
168425
152469
152493
152499
152490
180119
180121
177683
180094
180105
179589
180095
179664
179669
180086
180092
180098
180138
180148
180155
180136
180158
179706
182084
179888
182101
182270
179843
179967
179980
152529
152706
152703
152642
152709
152755
152778
152743
152744
153149
153152
153168
152506
155793
155802
155993
155987
155995
156072
156001
156066
155669
156033
156034
155984
156002
155748
155769
155765
155791
155792
153164
153176
153179
153180
153187
153323
153325
153390
153391
153393
153201
153439
153473
155823
153474
155829
172072
155775
155817
171514
173038
173034
173327
173527
173092
173095
173091
173078
173045
173529
172996
173131
173147
173106
173194
173179
173204
177760
173218
173228
173051
173054
173063
173072
173117
177746
173215
173267
174846
174884
174865
174859
174918
155561
153074
156224
176186
176245
176257
176555
176552
176565
176559
176563
176545
176542
156364
156366
176573
176156
155664
155708
156053
155716
156052
155565
156342
156451
156449
156438
156450
156431
156437
156429
156432
156228
156404
156406
156350
156425
156424
156408
156423
156036
156044
156049
156065
156545
156541
156555
156439
156546
156616
156557
156568
156606
156619
156614
156628
177428
177448
177451
177459
177254
177433
177435
177438
177439
177436
177425
177276
177275
177484
176237
177295
176169
176239
176247
176832
176805
176740
176771
176828
176821
176800
165423
167416
167417
165363
167409
167399
167396
165589
165594
165593
165595
165602
165542
165547
165544
165598
165549
165209
165208
165389
167430
167428
167427
167477
167518
167482
167486
167498
167506
165452
165509
167457
167455
167511
165202
165203
165394
165396
165421
165460
165461
164788
164847
164846
211294
211490
211491
211517
208792
208793
208798
211131
211236
211240
211255
211275
215151
211222
211225
211235
211280
195312
211509
215027
213220
214611
212301
212482
212486
212278
212282
212302
212494
212551
212555
212547
164647
164870
164600
164842
164857
164915
164938
164939
212549
114245
114314
116178
113979
113976
113989
113991
114168
114170
118835
118837
118486
119266
119311
119259
119264
119299
119298
118571
118573
118575
119134
119158
119142
119390
119032
119157
119460
102924
92040
92042
102195
94367
94421
94375
102948
94418
92193
92234
92239
92269
94492
94494
94450
94453
92301
92304
94500
92339
92340
92345
92346
92413
92423
92448
92449
107075
107188
93087
93090
93179
93181
93148
93195
93207
107067
107094
108126
107185
107233
107239
107220
