590
111265 111249 1273
111265 111266 872
111281 111269 1480
111281 111289 672
111289 111281 672
111289 111293 750
111314 111312 750
111314 111313 471
111308 111307 1142
111309 111353 696
111312 111307 946
111312 111314 750
111364 111492 445
111491 111492 333
111491 111493 782
111601 111493 840
111601 111602 893
111605 111417 924
111605 111602 778
111419 111375 1763
111419 111417 778
111419 111420 893
111606 111420 1336
111606 111429 551
111420 111419 893
111420 111421 1260
111420 111606 1336
103404 103403 57
111403 111404 872
111408 111382 1257
111426 111425 803
111426 111427 1775
103408 103406 788
103408 103409 1220
103408 111404 884
103410 103409 925
111427 111424 713
111427 111426 1775
111427 111429 1025
112483 112484 983
112483 112627 938
112626 112620 1481
112626 112627 836
112629 112620 778
104131 104130 1145
104098 104077 884
104098 104170 612
104111 104080 750
104111 104112 473
104110 104046 2153
104110 104109 279
104095 104096 5658
104152 104153 418
104152 113587 975
104154 104155 697
104154 104263 604
105731 105732 788
105731 105733 1073
103980 103953 1208
103980 103983 6254
103980 104060 1145
103981 103953 629
112827 112849 536
112827 112867 927
112866 112867 475
112866 112868 536
112875 112764 761
112619 112620 892
112619 112627 1944
112484 112483 983
112484 112485 847
112630 112622 1008
112630 112735 473
112740 112514 1257
112740 112741 836
112743 112538 904
112743 112744 1336
112744 112743 1336
112744 112745 893
104125 104126 672
104125 104218 1344
104125 104219 1007
104345 104219 848
104345 104346 877
104345 104349 904
104205 104206 1715
104205 104370 3604
104229 104227 473
104402 104401 1160
104402 104403 737
104451 104403 1762
104451 104454 737
39150 39149 3089
39177 39516 1177
39173 39175 905
104234 104096 2002
104234 104201 889
104097 104096 1849
104090 104033 1631
104090 104087 403
104087 104088 511
104087 104089 975
104087 104090 403
39064 39124 1111
104767 104244 2118
104767 104785 318
104246 104230 672
104246 104244 1533
104230 104200 649
104230 104246 672
104207 104206 403
104207 104208 403
104245 104244 3533
104386 104387 452
104780 104785 428
104780 104786 1085
39154 39153 847
39154 39161 1962
39163 39141 2212
39163 39162 672
39144 39141 983
39145 39135 789
39145 39146 238
39146 39145 238
39146 39147 452
104369 104370 1375
104369 104371 1274
104371 104369 1274
104371 104372 299
104473 104472 809
104473 104476 1618
104475 104394 737
104475 104472 1835
104475 104893 1223
104920 104921 750
104598 104589 612
104484 104483 947
104494 104495 403
104590 104589 697
104590 104591 889
39374 39354 279
39374 39375 2237
39281 39282 515
39281 39319 581
39281 39327 1850
39140 39139 2645
39299 39137 2068
39299 39303 252
39318 39313 1198
39318 39316 951
39318 39319 847
39329 39319 2198
39329 39327 927
37248 37245 1152
37248 37260 872
37253 37245 2272
37259 37250 551
37259 37260 897
37274 37268 1906
37274 37275 1085
39395 50251 199
37269 37233 505
37271 37280 521
37271 37281 1055
37272 37281 505
37272 38406 252
37272 38407 475
37275 37268 1903
37275 37274 1085
39370 39351 202
39370 39371 2964
37287 39401 1421
37290 37280 1251
37290 37291 1014
38417 37291 677
38417 40214 713
40222 38422 1338
40222 40223 796
40225 40223 230
40225 40224 927
40271 40272 893
40271 40274 517
40302 40298 1004
40303 40298 709
40280 40254 2510
40280 40259 476
40263 40248 1016
40263 40261 1558
40265 40261 517
40326 40313 986
40326 40320 511
40331 40332 629
40378 40382 673
40382 40378 673
40799 40800 511
40800 40799 511
56317 55187 1612
40777 40781 2822
40781 40777 2822
47682 47700 1357
48440 48438 276
47700 47682 1357
47700 47701 951
47701 47700 951
48438 48440 276
48514 48515 1064
48819 48108 2967
48515 48514 1064
48108 48124 111
48108 48819 2967
48124 48108 111
48195 48252 593
48252 48195 593
48257 48275 782
48275 48257 782
131433 131435 951
131435 131433 951
131435 131438 2243
131438 131435 2243
131502 131515 1226
131515 131502 1226
131515 131589 1504
131589 131515 1504
131685 131698 1657
131698 131685 1657
131731 131753 958
131753 131731 958
131761 131755 461
131755 131761 461
131858 131860 808
131860 131858 808
54456 54463 2363
54610 54611 1395
54611 54610 1395
54463 54456 2363
53877 53879 1546
53879 53877 1546
53955 53957 238
53957 53955 238
55187 56317 1612
150737 150739 1738
141818 150739 536
150739 141818 536
150739 150737 1738
140466 140507 787
140507 140466 787
141948 141958 801
141958 141948 801
141974 141975 2366
141975 141974 2366
141975 141991 800
141991 141975 800
141715 141725 272
143470 143469 1220
143469 143470 1220
142659 142657 1631
142138 142657 2650
142657 142138 2650
142657 142659 1631
142124 142654 3163
142654 142124 3163
142654 142653 927
142653 142654 927
142688 142687 865
142687 142685 879
142687 142688 865
142673 142680 1170
142680 142673 1170
142685 142687 879
143261 141725 214
141725 141715 272
141725 143261 214
144800 144798 952
144798 144800 952
204464 204465 1810
204465 204464 1810
204549 204451 1808
204553 204548 683
204613 204614 1574
204614 204613 1574
145063 145082 914
145082 145063 914
145682 145684 857
145684 145682 857
145698 145701 832
145701 145698 832
204548 204553 683
204551 203848 1009
203848 204551 1009
204451 204549 1808
167360 167359 758
167359 167360 758
167585 167570 202
167570 167585 202
152583 152592 1398
152592 152583 1398
167227 167226 842
168495 168497 374
168497 168495 374
167226 167227 842
152498 152489 2015
152498 152507 1104
152489 152498 2015
180116 180124 778
180085 180149 1796
180149 180085 1796
180146 180134 885
180134 180146 885
180124 180116 778
152695 152701 2216
152701 152695 2216
152704 152713 581
152713 152704 581
152736 152741 1380
152741 152736 1380
152507 152498 1104
155796 155800 558
155800 155796 558
155996 156005 751
156005 155996 751
156032 155983 751
155983 156032 751
173097 173541 1363
173541 173097 1363
173219 173222 1674
173222 173219 1674
173119 173198 869
173198 173119 869
156222 156270 1457
176193 176195 758
176195 176193 758
156058 156294 766
156294 156058 766
156270 156222 1457
156232 156283 1786
156234 156235 1010
156283 156232 1786
156235 156234 1010
177453 177455 452
177455 177453 452
177246 177245 1227
177260 177268 2248
177245 177246 1227
177268 177260 2248
176835 176839 2223
176839 176835 2223
167415 167414 678
167414 167415 678
165586 165591 1674
165591 165586 1674
165207 165206 1420
165206 165207 1420
167478 167481 1731
167481 167478 1731
167458 167456 683
167456 167458 683
164777 164779 984
164779 164777 984
208767 208791 805
208790 211130 1152
208791 208767 805
211130 208790 1152
211259 211261 649
211261 211259 649
212492 212493 278
212493 212492 278
212554 212543 2024
212543 212554 2024
164858 164912 344
164912 164858 344
114317 114326 735
114326 114317 735
114010 114012 2775
114012 114010 2775
118574 118514 1786
118514 118574 1786
119345 119143 1694
119143 119345 1694
92446 92447 981
92447 92446 981
107183 107184 1114
107184 107183 1114
107219 107218 333
107218 107219 333
108524 107536 2145
107536 108524 2145
93065 93074 4928
93074 93065 4928
192699 192683 5117
192683 192699 5117
109454 109453 1180
109453 109454 1180
105577 109614 1426
109614 105577 1426
109950 109951 975
109951 109950 975
111249 111265 1273
111266 111265 872
111266 111269 836
111269 111266 836
111269 111281 1480
111293 111289 750
111313 111314 471
111307 111308 1142
111307 111312 946
111353 111309 696
111492 111364 445
111492 111491 333
111493 111491 782
111493 111601 840
111602 111601 893
111602 111605 778
111417 111419 778
111417 111605 924
111375 111419 1763
111429 111421 1695
111429 111427 1025
111429 111606 551
111421 111420 1260
111421 111429 1695
103403 103404 57
111404 103408 884
111404 111403 872
111382 111408 1257
111425 111424 1903
111425 111426 803
103406 103408 788
103409 103408 1220
103409 103410 925
111424 111425 1903
111424 111427 713
112627 112483 938
112627 112619 1944
112627 112626 836
112620 112619 892
112620 112626 1481
112620 112629 778
104130 104131 1145
104130 104263 1223
104077 104098 884
104170 104098 612
104080 104111 750
104112 104111 473
104046 104060 672
104046 104110 2153
104109 104110 279
104096 104095 5658
104096 104097 1849
104096 104234 2002
104153 104152 418
113587 104152 975
104155 104154 697
104263 104130 1223
104263 104154 604
105732 105731 788
105733 104060 2216
105733 105731 1073
103953 103980 1208
103953 103981 629
103983 103980 6254
104060 103980 1145
104060 104046 672
104060 105733 2216
112849 112827 536
112867 112827 927
112867 112866 475
112868 112866 536
112764 112875 761
112485 112484 847
112622 112630 1008
112735 112514 713
112735 112630 473
112514 112735 713
112514 112740 1257
112741 112538 818
112741 112740 836
112538 112741 818
112538 112743 904
112745 112744 893
104126 104125 672
104218 104125 1344
104219 104125 1007
104219 104345 848
104346 104345 877
104349 104345 904
104206 104205 1715
104206 104207 403
104370 104205 3604
104370 104369 1375
104227 104229 473
104401 104402 1160
104403 104402 737
104403 104451 1762
104454 104451 737
39149 39139 848
39149 39147 1140
39149 39150 3089
39516 39177 1177
39175 39173 905
104201 104200 2652
104201 104234 889
104033 104090 1631
104088 104087 511
104089 104087 975
39124 39064 1111
104244 104245 3533
104244 104246 1533
104244 104767 2118
104785 104767 318
104785 104780 428
104200 104201 2652
104200 104230 649
104208 104207 403
104387 104386 452
104786 104780 1085
39153 39154 847
39161 39154 1962
39161 39162 782
39141 39144 983
39141 39163 2212
39162 39161 782
39162 39163 672
39135 39145 789
39147 39146 452
39147 39149 1140
104372 104371 299
104472 104473 809
104472 104475 1835
104476 104473 1618
104394 104475 737
104893 104475 1223
104921 104920 750
104589 104590 697
104589 104598 612
104483 104484 947
104483 104495 1609
104495 104483 1609
104495 104494 403
104591 104590 889
39354 39374 279
39375 39374 2237
39282 39281 515
39319 39281 581
39319 39318 847
39319 39329 2198
39327 39281 1850
39327 39329 927
39139 39140 2645
39139 39149 848
39137 39299 2068
39303 39299 252
39313 39318 1198
39316 39318 951
37245 37248 1152
37245 37253 2272
37260 37248 872
37260 37259 897
37250 37259 551
37268 37274 1906
37268 37275 1903
50251 39395 199
37233 37269 505
37280 37271 521
37280 37290 1251
37281 37271 1055
37281 37272 505
38406 37272 252
38407 37272 475
39351 39370 202
39371 39370 2964
39401 37287 1421
37291 37290 1014
37291 38417 677
40214 38417 713
38422 40222 1338
40223 40222 796
40223 40225 230
40224 40225 927
40272 40271 893
40274 40271 517
40298 40302 1004
40298 40303 709
40254 40280 2510
40259 40280 476
40248 40263 1016
40261 40263 1558
40261 40265 517
40313 40326 986
40320 40326 511
40332 40331 629
964
111265
111281
111289
111314
111308
111309
111312
111364
111491
111601
111605
111419
111606
111420
103404
111403
111408
111426
103408
103410
111427
112483
112626
112629
104131
104098
104111
104110
104095
104152
104154
105731
103980
103981
112827
112866
112875
112619
112484
112630
112740
112743
112744
104125
104345
104205
104229
104402
104451
39150
39177
39173
104234
104097
104090
104087
39064
104767
104246
104230
104207
104245
104386
104780
39154
39163
39144
39145
39146
104369
104371
104473
104475
104920
104598
104484
104494
104590
39374
39281
39140
39299
39318
39329
37248
37253
37259
37274
39395
37269
37271
37272
37275
39370
37287
37290
38417
40222
40225
40271
40302
40303
40280
40263
40265
40326
40331
40377
40378
40382
40417
40432
40427
50261
40745
40738
40748
43988
40799
40796
40800
56317
56342
40777
40778
40781
41601
41599
41605
41611
47680
47682
48440
48460
50381
48467
48445
48477
48473
48508
47700
47701
47705
47712
48361
48435
48438
48496
48514
48494
48819
48513
48515
48108
48124
48130
48128
48859
48180
48183
48186
48215
48228
48192
48195
48252
48198
48202
48255
48257
48268
48272
48275
48283
131348
131349
131433
131435
131438
131441
131455
131456
131499
131503
131502
131515
131589
131681
131685
131686
131698
131703
131731
131753
131761
131783
131786
131847
131755
131865
132299
132300
131857
131858
131860
131862
131864
53891
53887
50736
50809
53981
54456
54564
54567
54607
54610
54611
54635
54637
56330
54463
54478
54701
54217
54708
54714
54702
53877
53879
53897
53955
53957
53966
53960
53969
53965
53971
55187
150521
150524
150537
150477
150485
150698
150737
140288
140303
141818
150739
143649
140390
140393
140436
140454
140474
141883
141892
141900
140466
140524
141940
141950
140507
140526
140533
140534
141948
141958
141974
141975
141991
141996
142000
142006
141715
143262
143269
143421
143463
143465
143470
143469
142659
142664
142138
142657
143486
142124
142129
142654
142662
142705
142121
142652
142653
142676
142690
142688
142687
142673
142680
142685
142002
142003
143261
141725
142621
142622
142628
142749
142751
142785
142786
142793
144800
144798
144799
144826
144823
204464
204465
204549
204553
204562
204567
204593
204595
204600
204601
203850
204613
204614
204783
204789
204829
204882
204888
204911
204891
204879
204901
144842
144844
144853
145063
145082
145132
145135
145149
145157
145526
145534
145551
145638
144130
145678
145682
145684
145699
145698
145701
145907
145901
145940
145924
145910
145922
145929
145938
145943
204548
204551
203848
145954
145951
145961
146862
146931
151596
204445
204451
197580
197692
214672
211246
208794
208764
211201
167360
167359
167565
167585
167570
152557
152566
152574
152576
152583
152592
152590
162524
167268
167273
152466
152551
152569
167227
168495
167260
168497
167588
167382
168409
168413
166800
166812
166809
167067
168420
168417
167226
167122
168427
152458
152498
152456
152489
180116
180120
177682
179656
180104
180114
179661
179663
180085
180149
180146
180154
180134
180159
180124
179707
182085
179886
182178
179874
179892
179981
182304
152695
152701
152704
152650
152715
152772
152713
152736
172238
152741
153153
153161
152997
153105
152507
152514
155796
155800
155985
155988
155996
156003
156005
155670
156032
155983
155981
155749
155762
155794
153163
153177
153185
153322
153424
153392
153200
153472
155810
153475
172073
155750
155818
155821
171515
173039
173516
173524
173096
173097
173100
173531
173541
173132
173148
173133
173135
173693
173195
173702
173174
173203
173219
173221
173222
173050
173062
185991
173119
173198
173116
177744
173212
174848
174864
174861
155503
155557
153073
155555
153128
155499
153070
153085
155530
155532
156222
176187
176258
176549
176564
176560
176193
176195
176544
156262
156319
176567
176157
176185
155663
155712
155714
156058
156293
156294
155563
156344
156428
156433
156358
156362
156430
156270
156229
156232
156234
156283
156235
156369
156405
156349
156421
156419
156409
156407
156043
156047
156549
156540
156552
156440
156547
156556
156605
156607
156615
156624
155544
155556
155560
177142
177453
177455
177458
177503
177501
177246
177250
177256
177434
177253
177260
177426
177245
177268
177270
177356
176236
176168
176240
176852
176851
176807
176741
176762
176835
176839
176798
176799
165431
167415
167340
167414
165433
165362
165376
167364
167394
172492
167350
167376
167400
165588
165586
165529
165587
165591
165596
165534
165543
165540
165207
165205
165206
165390
167433
167431
167478
167510
167481
167501
167499
165489
167436
167458
167456
167512
165201
165186
165395
165416
165417
165419
164777
164762
164789
164791
164779
164787
211296
211493
211499
208767
208790
208791
211130
211238
211253
211259
211261
215152
211135
211151
211278
195313
211521
213038
212219
212277
212300
212478
212490
212279
212299
212491
212492
212493
212554
212543
164646
164598
164843
164858
164912
164914
164940
212546
114247
114315
114317
114326
113981
114010
114012
113990
114175
114208
119226
118836
119265
119277
119275
119292
119278
119261
119313
119263
119273
118570
118574
118514
119132
119345
119143
119146
119382
119033
119035
102922
102920
92039
92043
102194
94368
94370
94374
102935
102200
94419
92196
92242
92241
92253
94458
94493
97442
94451
115823
92305
92334
92335
92342
92344
92412
92444
92446
92327
92441
92430
92447
107074
107183
107184
107190
93081
93173
93182
93185
93194
94112
107068
107093
107186
107232
107223
107219
107238
107218
107244
108498
107429
108524
108487
109714
107536
109224
108229
109228
108231
109259
93065
92973
93018
92976
93074
93079
93051
92776
92793
92797
92605
92595
92601
92783
92841
194013
194051
194053
192013
191663
191677
191691
191708
192732
191519
191919
191950
191543
191423
191648
191865
191754
192699
192711
192683
194305
192716
192802
114078
114098
114184
114121
114183
109470
109269
109281
113899
109414
109546
109448
109530
109374
109378
109454
109453
109512
109387
105575
105577
109614
109971
109950
109951
109948
109993
109958
111245
110153
111249
111266
111269
111293
111307
111353
111492
111493
111602
111417
111375
111421
103403
111382
111425
103406
111424
112620
104130
104077
104080
104046
104109
104155
104263
105733
103953
103983
112849
112868
112764
112485
112622
112735
112514
112741
112538
112745
104126
104218
104219
104346
104206
104370
104227
104401
104403
104454
39516
104201
104033
104088
104089
39124
104200
39153
39161
39141
39162
39135
39147
104472
104476
104394
104589
104483
104495
104591
39354
39282
39139
39137
39303
39313
39316
37245
37250
37268
37233
37281
38406
38407
39351
37291
38422
40223
40224
40298
40254
40259
40248
40261
40313
40320
