646
167593 167594 1300
167593 167595 807
167563 167564 1121
167563 167594 807
167630 167638 789
167636 167631 474
167636 167637 677
167649 167632 474
167649 167650 951
167649 167662 2010
167662 167649 2010
167662 167663 1121
167802 167803 2005
167802 168443 1536
152524 152527 782
152524 152531 766
177685 177686 9784
177685 177687 1513
185998 185996 2951
185998 186000 652
186000 185965 917
186000 185998 652
186001 186002 1497
186001 186003 1319
180101 180099 1817
180101 180109 599
180106 180099 1454
179592 178626 3054
179592 179603 983
179599 179598 2693
179599 180081 885
179648 179597 796
179648 179649 1769
180100 180099 884
179601 179602 713
179666 179667 605
179666 179667 605
178626 178627 6783
178626 178655 2447
178626 179592 3054
180089 180063 757
180089 180090 2458
180090 180062 682
180090 180089 2458
180090 180093 2347
180093 180065 676
180093 180090 2347
180143 180131 818
180191 180131 1777
179856 179855 1349
179877 179878 400
179877 182269 516
179841 179850 765
179841 179948 1014
179979 179978 2092
179979 179989 2011
179845 179849 473
179965 179970 475
179965 180004 1219
182294 180003 688
152530 152531 418
152532 152534 1074
152711 152710 887
152639 152640 517
152639 152828 2515
152773 152760 276
152773 152775 2515
152640 152639 517
152640 152826 355
152825 152824 828
152825 152827 1919
152631 152633 276
152631 152779 1375
152638 152710 1153
152760 152759 505
152760 152773 276
152753 152752 581
152758 152848 688
153159 153158 873
153159 153173 2184
153160 153158 697
153225 153224 1504
153225 153229 2279
155911 155909 810
155991 155990 697
155991 156006 789
155991 156011 1678
155990 155991 697
155990 156013 1591
156025 155998 789
156025 156010 697
156025 156028 2014
155998 156025 789
155998 156026 2082
156027 156026 697
156027 156076 697
156027 156085 1275
156075 156084 1546
156076 156027 697
156076 156084 789
156076 156086 1211
156067 156068 697
156067 156078 1758
156070 156077 2148
155667 155666 782
155667 155723 421
155722 155721 1114
156037 156073 1664
156068 156067 697
156068 156073 738
155807 155837 1116
155807 155841 677
155907 155841 1620
155907 155904 673
155806 155904 279
153172 153173 810
153172 153306 747
153306 153172 747
153306 153305 906
153328 153304 1536
153328 153327 924
153326 153327 1055
153326 153341 1225
153343 153342 683
153343 153345 1769
153443 153345 476
153443 153441 747
153388 153386 984
153425 153426 610
152288 152289 4037
155815 155813 4834
155834 154002 355
155825 155826 207
155825 155833 1346
155831 155830 1624
155831 155852 738
153948 153949 333
153948 154002 1551
153477 153456 796
153477 153478 3105
153454 153453 713
153454 153455 3000
153501 153502 2180
153515 153513 1630
155862 155861 713
155862 155863 605
155832 155830 752
155832 155833 1827
155843 155842 984
155843 155858 782
155837 155807 1116
155837 155840 2550
155820 155814 1284
185275 180035 1762
185275 185276 1612
185275 185282 139
185276 180031 354
185276 185275 1612
173018 172994 1248
173018 173019 546
173026 173025 1483
173026 173027 951
173029 173030 1093
173093 173025 236
173093 185408 1167
173102 173103 741
173102 173104 455
173003 173004 705
173104 173102 455
173104 182754 1050
173012 173011 893
173012 173129 599
173141 173139 2950
173141 173149 889
173112 173130 782
173108 173130 1446
173138 173130 782
173153 173152 1160
173153 173154 1197
173182 173183 932
173182 173184 562
178211 178199 2044
178211 178212 2113
177758 177757 847
177758 178206 1533
178198 178199 1768
178198 178200 2993
177762 177763 127
186012 173235 1501
173229 173231 1585
173229 173244 957
173233 173236 1114
173233 173247 4010
173057 173058 93
173008 173007 1446
173008 173009 556
173083 173082 1299
173083 173187 1248
172976 172975 1612
172976 178075 556
178184 178183 2413
178189 178075 1008
176588 176587 452
176587 176588 452
176569 176578 2109
176578 176569 2109
176250 176251 713
176251 176250 713
155666 155667 782
155710 155709 2005
155709 155710 2005
155709 155721 1483
156485 156487 1883
156487 156485 1883
156459 156460 1546
156460 156459 1546
156079 156073 1010
156618 156612 778
156612 156618 778
177449 177444 589
177456 177457 757
177457 177456 757
177444 177449 589
177477 177480 1796
177480 177477 1796
165614 165613 818
165613 165614 818
165513 165512 562
165512 165513 562
167515 167517 222
167517 167515 222
165472 165471 789
165471 165472 789
165465 165466 808
165466 165465 808
211289 211292 1295
211292 211289 1295
211312 211313 678
211313 211312 678
211519 211520 774
211316 215025 292
211520 211519 774
215025 211316 292
212284 212285 2700
212485 212499 897
212499 212485 897
212505 212557 897
212238 212280 487
212280 212238 487
212285 212284 2700
212557 212505 897
164652 164653 1012
164876 164879 791
164653 164652 1012
164879 164876 791
107096 108055 750
108055 107096 750
108152 108153 763
108153 108152 763
108511 108515 1454
108515 108511 1454
92735 92746 1932
92746 92735 1932
191654 191750 983
191750 191654 983
192669 192664 3490
192664 192669 3490
109544 109392 2383
109392 109544 2383
110123 110125 950
110125 110123 950
109954 109953 1114
109953 109954 1114
103301 103296 1066
103296 103301 1066
103296 111270 2473
111270 103296 2473
111270 111272 3000
111272 111270 3000
105581 110814 403
110814 105581 403
111396 111394 938
111401 111394 1592
111394 111396 938
111394 111401 1592
104053 104051 814
104051 104053 814
104187 104273 201
112501 112507 1504
112507 112501 1504
104273 104187 201
104192 104193 1409
104193 104192 1409
37231 37234 1015
37234 37231 1015
38409 38423 1116
38423 38409 1116
40250 40251 848
40251 40250 848
40243 38473 1004
38473 40243 1004
40325 40335 1029
40335 40325 1029
40403 40405 873
40405 40403 873
40760 40719 838
40719 40760 838
40719 40770 2414
40770 40719 2414
41590 41587 305
41587 41590 305
47674 47684 452
47684 47674 452
48443 48478 355
48478 48443 355
48484 48483 452
48483 48484 452
48483 48485 1398
47699 47770 752
47770 47699 752
48096 48098 3590
48485 48483 1398
48098 48096 3590
48104 48113 2560
48113 48104 2560
48221 48222 653
48222 48221 653
131323 131328 2578
131328 131323 2578
131331 131338 1124
131338 131331 1124
131423 131424 2007
131424 131423 2007
131427 131428 421
131428 131427 421
131582 131583 1081
131583 131582 1081
131596 131600 1631
131600 131596 1631
131696 131724 1190
131724 131696 1190
131757 131734 433
132266 132285 2600
131734 131757 433
132285 132266 2600
132285 132294 1439
132294 132285 1439
54188 54187 837
54195 54688 2292
54187 54188 837
54688 54195 2292
51101 54720 2027
54720 51101 2027
150522 150530 1571
150530 150522 1571
140311 140399 819
140399 140311 819
140508 140521 2412
140521 140508 2412
141964 141966 2467
141966 141964 2467
141982 141987 1078
143258 143256 285
143494 143501 820
142715 142716 1600
142716 142715 1600
143766 143763 1516
143763 143766 1516
143697 143499 2138
143698 143706 310
143706 143698 310
143501 143494 820
143499 143697 2138
142822 142808 861
142812 142811 2609
142808 142822 861
142811 142812 2609
142806 142804 1053
142804 142806 1053
141987 141982 1078
143188 143192 2016
143192 143188 2016
143247 143252 918
143252 143247 918
143256 143258 285
144856 144869 1372
204576 204571 609
204571 204576 609
204618 204620 849
204620 204618 849
144869 144856 1372
144869 144874 479
144874 144869 479
145069 145079 805
145079 145069 805
145088 145089 801
145089 145088 801
145649 145663 744
145663 145649 744
145722 145725 427
145725 145722 427
145741 145734 1002
145734 145741 1002
145738 145745 607
145745 145738 607
211234 211248 198
211248 211234 198
211302 211303 665
211301 211303 791
211303 211301 791
211303 211302 665
152615 152625 807
152603 152671 1064
152671 152603 1064
152678 152599 747
152599 152678 747
153530 162518 2088
162518 153530 2088
152535 152534 476
152608 152607 558
152607 152608 558
152625 152615 807
168509 168510 951
168510 168509 951
167595 167593 807
167594 167563 807
167594 167593 1300
167564 167563 1121
167638 167630 789
167631 167632 1029
167631 167636 474
167637 167636 677
167632 167631 1029
167632 167649 474
167650 167649 951
167650 167663 1905
167663 167650 1905
167663 167662 1121
167803 167802 2005
168443 167802 1536
152527 152524 782
152531 152524 766
152531 152530 418
177686 177685 9784
177687 177685 1513
177687 179597 893
185996 185998 2951
185965 186000 917
186002 186001 1497
186003 186001 1319
180099 180100 884
180099 180101 1817
180099 180106 1454
180109 180101 599
179603 179592 983
179598 179597 2683
179598 179599 2693
180081 179599 885
179597 177687 893
179597 179598 2683
179597 179648 796
179649 179648 1769
179602 179601 713
179667 179666 605
179667 179666 605
178627 178626 6783
178655 178626 2447
180063 180062 2578
180063 180089 757
180062 180063 2578
180062 180065 2578
180062 180090 682
180065 180062 2578
180065 180093 676
180131 180143 818
180131 180191 1777
179855 179849 122
179855 179856 1349
179878 179877 400
182269 179877 516
179850 179841 765
179948 179841 1014
179978 179979 2092
179978 179989 1114
179989 179978 1114
179989 179979 2011
179849 179845 473
179849 179855 122
179970 179965 475
180004 179965 1219
180004 180003 2265
180003 180004 2265
180003 182294 688
152534 152532 1074
152534 152535 476
152710 152638 1153
152710 152711 887
152828 152639 2515
152828 152775 766
152775 152773 2515
152775 152828 766
152826 152640 355
152826 152827 505
152824 152752 796
152824 152825 828
152827 152825 1919
152827 152826 505
152633 152631 276
152779 152631 1375
152759 152760 505
152752 152753 581
152752 152824 796
152848 152758 688
153158 153159 873
153158 153160 697
153158 153224 677
153173 153159 2184
153173 153172 810
153224 153158 677
153224 153225 1504
153229 153225 2279
155909 155911 810
156006 155991 789
156011 155991 1678
156013 155990 1591
156013 156010 1902
156010 156013 1902
156010 156025 697
156028 156025 2014
156028 156026 837
156026 155998 2082
156026 156027 697
156026 156028 837
156085 156027 1275
156085 156086 789
156084 156075 1546
156084 156076 789
156084 156077 697
156086 156076 1211
156086 156085 789
156078 156067 1758
156078 156077 697
156077 156070 2148
156077 156078 697
156077 156084 697
155723 155667 421
155721 155709 1483
155721 155722 1114
156073 156037 1664
156073 156068 738
156073 156079 1010
155841 155807 677
155841 155907 1620
155904 155806 279
155904 155907 673
153305 153304 948
153305 153306 906
153304 153305 948
153304 153328 1536
153327 153326 1055
153327 153328 924
153341 153326 1225
153341 153342 796
153342 153341 796
153342 153343 683
153345 153343 1769
153345 153443 476
153441 153443 747
153386 153388 984
153426 153425 610
152289 152288 4037
155813 155814 951
155813 155815 4834
154002 153948 1551
154002 155834 355
155826 155825 207
155833 155825 1346
155833 155832 1827
155830 155831 1624
155830 155832 752
155852 155831 738
153949 153948 333
153456 153453 766
153456 153455 2233
153456 153477 796
153478 153477 3105
153453 153454 713
153453 153456 766
153455 153454 3000
153455 153456 2233
153502 153501 2180
153502 153513 1635
153513 153502 1635
153513 153515 1630
155861 155862 713
155863 155862 605
155842 155843 984
155858 155843 782
155840 155837 2550
155814 155813 951
155814 155820 1284
180035 185275 1762
185282 185275 139
180031 185276 354
172994 173018 1248
173019 173018 546
173025 173026 1483
173025 173093 236
173027 173026 951
173030 173029 1093
185408 173093 1167
173103 173102 741
173004 173003 705
182754 173104 1050
173011 173012 893
173129 173012 599
173139 173141 2950
173149 173141 889
173130 173108 1446
173130 173112 782
173130 173138 782
173152 173153 1160
173154 173153 1197
173183 173182 932
173184 173182 562
178199 178198 1768
178199 178211 2044
178212 178211 2113
177757 177758 847
178206 177758 1533
178200 178198 2993
177763 177762 127
173235 186012 1501
173231 173229 1585
173244 173229 957
173236 173233 1114
173247 173233 4010
173058 173057 93
173007 173008 1446
173009 173008 556
173082 173083 1299
173187 173083 1248
172975 172976 1612
178075 172976 556
178075 178189 1008
178183 178184 2413
969
167593
167563
167630
167636
167649
167662
167802
152524
177685
185998
186000
186001
180101
180106
179592
179599
179648
180100
179601
179666
178626
180089
180090
180093
180143
180191
179856
179877
179841
179979
179845
179965
182294
152530
152532
152711
152639
152773
152640
152825
152631
152638
152760
152753
152758
153159
153160
153225
155911
155991
155990
156025
155998
156027
156075
156076
156067
156070
155667
155722
156037
156068
155807
155907
155806
153172
153306
153328
153326
153343
153443
153388
153425
152288
155815
155834
155825
155831
153948
153477
153454
153501
153515
155862
155832
155843
155837
155820
185275
185276
173018
173026
173029
173093
173102
173003
173104
173012
173141
173112
173108
173138
173153
173182
178211
177758
178198
177762
186012
173229
173233
173057
173008
173083
172976
178184
178189
173226
174843
174887
174890
174832
174867
174856
174858
174915
176262
176588
176587
176556
176595
176597
176579
176569
176578
156370
176571
176250
176251
176255
155666
155710
155709
156346
156518
156485
156453
156487
156499
156441
156459
156460
156446
156373
156387
156415
156484
156473
156470
156083
156079
156091
156093
156571
156826
156829
156618
156498
156830
156591
156610
156660
156612
156661
156630
156627
177449
177456
177457
177444
177446
177467
177479
177471
177477
177480
177514
177384
177293
177300
177313
177301
177311
176748
176803
176743
176829
165425
165427
167413
167472
165614
165609
165629
165613
165565
165566
165630
165627
165563
165443
167424
167475
165490
167689
167529
167484
167503
167505
165501
165513
165512
165498
167437
167467
167519
167515
167522
167517
167521
165608
165199
165875
165908
165898
165472
165471
165465
165484
165466
164835
211289
211292
211312
211313
211519
211232
211239
211242
211224
211316
211520
215025
212284
213224
213228
212225
212484
212485
212499
212504
212505
212238
212280
212285
213218
212557
212564
212572
164649
164652
164876
164653
164879
164902
164603
164840
164925
164908
164903
164937
164955
164909
164943
212571
114250
114662
113974
113994
114003
114157
114158
114130
114132
114150
114176
118485
118832
118839
119239
119241
119303
118577
119063
119065
119072
119136
119018
119020
119456
102929
102930
102187
102197
94371
102939
91978
94422
94783
92175
92191
92194
92232
92249
94505
94496
94440
94439
92300
92328
92331
92338
92461
92457
92451
107196
93083
93142
93177
93146
93152
93154
93202
93199
94090
107065
107096
108055
108149
108148
107192
108120
108152
108153
108156
108393
108395
108411
107456
107426
108436
108440
108511
108515
108550
108537
108541
108535
109235
93070
93003
92983
92995
93023
93007
93030
93082
92735
92752
92762
92746
92773
92588
92772
92563
92567
92572
92576
92577
92598
92669
92671
92695
101990
103110
194055
191749
191861
192695
191763
191757
191547
191952
194428
191645
191650
191654
191750
191606
191767
192718
191066
191320
192669
192664
192670
119220
114083
114224
114227
114239
114117
114253
114329
114269
114270
114266
109475
109243
109411
116310
109427
103275
103280
107539
109544
109423
109392
109656
109684
109671
109641
109652
109611
109980
110123
110142
103295
110125
109996
109954
109953
111261
103301
103296
111270
111272
105581
110814
111396
111393
111399
111401
111394
104053
104055
104062
104051
104160
104180
104187
104265
104271
103952
103969
105770
103973
104015
103976
103987
112794
112490
112574
112870
112542
112551
112570
112572
112754
112501
110910
112507
112508
112523
112531
112759
104190
104273
104214
104222
104192
104193
104028
103999
104006
104177
104247
39128
39133
39292
39297
39310
37263
37226
37215
37231
37234
38359
37264
38361
38409
38423
38451
38457
40230
40250
40258
38460
40239
40251
38475
40243
38473
38561
40322
40325
40335
40349
40365
40403
40405
40406
40721
36824
40722
40682
40706
40733
40709
40715
40752
40759
40760
40719
56312
56322
56348
39021
39027
40765
40767
40770
39025
41578
41581
41590
41587
47671
47674
47684
47786
47794
48443
48478
48481
48484
48483
47667
47694
47695
47666
47692
47699
47770
47817
47818
47819
47820
48096
48485
48098
48104
48113
48115
48120
48135
48138
48221
48016
48158
48159
48014
48042
48046
48116
48175
48205
48206
48222
48286
47469
47481
48244
48246
130770
130779
48294
48305
131324
48301
131323
131328
131331
130907
131338
130911
131341
131423
131424
131427
131428
131442
131443
129941
129979
129947
131531
131538
131582
131583
131587
131596
131600
131690
131695
131696
131724
131726
131757
131759
132262
132266
131734
132285
132294
54188
54195
54186
54187
51115
54688
54692
54139
54141
54180
54163
54197
54201
54205
54202
54695
54211
51101
54296
54720
54313
54308
150516
150522
150530
150540
150547
150511
150717
140397
140403
140422
140463
150747
150745
143908
140468
140311
140402
140419
140461
140399
140405
140409
140493
140497
140508
140521
140539
141964
141966
141982
143258
143273
143277
143433
143408
143410
143413
143424
143431
143477
143482
143508
143494
142715
142833
142716
143784
143766
143767
143709
143711
143763
143697
143698
143706
143501
143502
143499
142822
142812
142808
142811
142818
142858
142806
142855
142868
142804
141987
143188
143192
143247
143252
143256
142791
142790
142796
144807
144814
144856
204576
204578
204571
204584
204590
204629
204618
204633
204627
204631
204924
204620
204812
204815
204824
204833
204955
204898
204906
204910
144869
144874
145067
145069
145079
145088
145089
145144
145222
145234
145626
145629
145633
145645
145649
145663
145666
145717
145722
145725
145741
145734
145738
145745
145914
145918
145930
146819
146848
146857
146864
146919
146932
146944
214888
214889
214956
214966
214985
214849
214852
215062
211230
211234
211248
211264
211302
211301
211303
211293
211290
215066
215068
167410
167559
152615
152618
152663
152603
152671
152596
152678
152599
152586
153527
153530
162518
168516
152521
152535
152608
152607
152625
168509
162514
168510
167595
167594
167638
167631
167632
167650
167663
167803
168443
152527
152531
177687
185996
185965
179603
179598
179667
178627
178655
180063
180062
180065
180131
179855
179878
179850
179948
179978
179989
179849
179970
180003
152534
152828
152775
152826
152824
152827
152633
152779
152759
152752
152848
153158
153173
153224
153229
155909
156006
156011
156010
156028
156026
156085
156084
156086
156078
155721
155841
155904
153305
153304
153327
153341
153342
153345
153441
153386
153426
152289
155813
154002
155826
155833
155830
155852
153949
153478
153455
153502
153513
155861
155863
155842
155858
155840
155814
180035
185282
180031
172994
173019
173025
173011
173129
173139
173149
173152
173184
178212
177757
178206
178200
173235
173231
173244
173236
173247
173058
173007
173009
173082
173187
172975
178075
178183
