3432
114191 114190 2303
114191 114203 344
114023 114024 1138
114036 114024 1114
114036 114025 1410
119123 119120 2410
119123 119469 1161
119467 119468 787
119467 119470 2828
119198 119197 10691
119310 119296 1203
119310 119466 1509
118562 118561 9167
118562 118608 2143
118565 118566 1483
118565 119148 1171
119387 119385 580
119343 119348 2089
119380 119381 3211
114857 114856 11867
114936 114941 344
115010 115009 980
115005 114855 926
115005 116236 1166
115019 115020 1853
115019 115020 1853
92009 92007 2554
92009 92008 1224
92011 92010 2165
92011 92014 4543
92022 92020 1861
92022 92029 4675
92028 92029 233
92028 102918 3917
92065 92056 946
92065 92064 888
92059 92057 611
92059 92061 3423
92072 92073 2371
92072 92074 1722
102182 102192 1189
102182 102206 5194
94413 94412 2118
94413 94414 2178
92208 92259 1021
92208 92272 805
92291 92281 4350
92291 92294 1948
92275 92264 1339
92275 92267 2426
92280 92281 1098
92280 92282 11591
92280 94462 899
115807 115804 1504
115807 115816 1727
115815 115818 5668
92402 92398 628
92402 92404 473
92406 92407 1891
92406 92408 1138
92315 92317 937
92315 92318 1060
92316 92325 4791
105805 105804 3019
105805 115978 2003
107031 107032 1114
107031 107064 1007
107091 107064 3351
107091 107090 2694
107022 93206 275
107022 107023 1022
107022 107051 3969
107035 107057 2781
107035 107059 1042
107087 107088 2735
107087 107105 1113
107211 107123 2770
107211 107212 778
107124 107123 1334
107124 107125 3922
107201 107202 587
107176 107125 2724
107176 107126 1963
106963 106964 511
107120 107121 336
107120 107420 5051
107419 108491 4506
107449 107448 1499
107449 107450 475
107448 107449 1499
107448 107454 1000
107453 107454 628
107453 108505 889
107436 107435 2016
107436 107437 1097
107446 107421 150
107504 107500 2270
107514 107516 5873
107514 107517 4111
107479 107480 323
107479 113945 1387
109494 107480 4352
109494 109495 323
92820 92821 1204
92956 92897 515
92956 92957 1565
92961 92957 1096
93036 92972 10513
93036 93038 688
93036 93039 750
93037 93046 888
92848 92952 4044
92848 92953 4756
92803 92789 515
92803 92806 688
92803 92808 888
92805 92792 4970
116019 116009 1499
116019 116221 1278
115788 115789 2102
115788 115838 1530
115849 115840 1392
115849 115854 680
115854 115849 680
115854 115855 713
92730 92731 580
92517 115841 610
115831 115832 5226
115831 115840 238
115861 115841 1299
191889 192008 787
191537 191787 1060
191903 191018 473
190884 190891 304
190884 190894 335
190902 190894 390
190902 190901 931
190900 190901 666
190893 190892 558
190893 190901 359
191700 191967 950
191700 191970 717
191967 191681 1287
191967 191700 950
191662 191658 331
191662 192133 1343
191716 191717 958
191716 191728 3018
191716 191747 623
191729 191728 1097
191729 192745 1662
192745 191729 1662
192745 192750 2557
192752 192750 1187
192752 192750 1187
192743 192744 1193
192743 192746 444
190879 190880 1543
191553 191556 1276
191891 191892 645
192006 194144 334
192006 194145 415
191823 191569 3727
191895 191916 2115
191841 191842 1635
191949 191918 496
191949 191937 4364
191866 191770 5248
192730 192767 3729
192730 193840 604
192730 193842 779
192737 192738 3189
192737 194016 631
192768 192769 865
192768 192770 3057
192770 192757 946
192770 192768 3057
192770 192771 1767
193847 193849 723
193847 194023 159
194015 194021 1122
194059 194063 1029
194059 194068 917
190967 190966 980
192717 192707 5836
192717 192724 2347
194248 194250 4201
192808 192807 1878
192808 192809 847
192813 193837 977
192813 193838 1236
114071 114072 1808
114071 114091 845
114071 114108 1675
114365 114364 1142
114365 114406 874
114367 114368 796
114367 114719 1030
114721 114722 1004
114721 114731 1483
114728 114719 445
114728 114729 1739
114731 114721 1483
114731 116231 465
109464 109465 774
109464 113909 164
109774 109480 3008
109774 113898 1116
109516 109418 4027
109516 109517 3535
109808 109809 1014
109794 109793 707
109794 109795 1695
109794 109825 3668
109802 109824 5229
109802 113958 3730
109811 109812 379
109791 109793 868
109818 109817 2971
109818 109895 2584
109817 109818 2971
109817 109903 1298
109899 109900 2347
109899 109924 756
109899 109925 1786
109912 109908 1031
109924 109899 756
109924 109923 1686
109924 109932 562
109929 111024 681
109929 111030 1675
109938 109923 672
109938 110146 1576
109938 111030 788
109933 105187 354
109933 111022 349
109910 109908 1180
109910 109911 782
109892 109890 506
109892 109891 891
109904 109890 688
109904 109905 1031
103362 111004 707
105186 105187 672
105186 111021 1066
105186 111027 889
111032 111004 1008
111032 111033 1008
110978 110979 672
110978 111071 1344
111008 111071 836
111008 111082 1282
111083 111081 558
111074 111073 809
111074 111075 1480
111074 111081 1084
111086 111080 475
111086 111315 672
111315 111077 884
111315 111086 672
111315 111317 788
111317 111315 788
111317 111316 1541
111317 111328 672
111328 111317 672
111328 111329 1609
111330 111257 1408
111330 111329 809
111330 111332 889
111332 111330 889
111332 111331 1282
111333 111283 1078
111333 111291 696
111333 111331 788
111336 111291 1410
103350 103347 677
103350 103349 1360
111290 103349 598
111290 111291 947
111290 111292 1817
103334 111360 647
111361 111359 750
111482 111359 750
111482 111501 279
111498 111497 737
111496 111497 975
111505 111497 750
111503 116295 353
103347 103348 1325
103347 103350 677
103347 111356 1592
111539 111538 1061
111555 111524 1025
111557 111522 2102
111527 111528 252
103698 111513 840
111679 111633 847
111679 111680 778
111680 111632 847
111680 111679 778
111680 111685 782
111685 111631 764
111685 111680 782
111685 111687 778
111687 111685 778
111687 111688 222
111706 111694 1516
111695 111646 788
111695 111694 667
111695 111698 778
111719 111764 1092
111698 111695 778
111698 111699 598
111763 111778 1055
111642 111643 252
111651 111649 826
111651 111650 1663
111637 111628 840
111637 111639 889
111634 111619 1532
111634 111630 1675
111646 111695 788
111646 111699 475
111639 111637 889
111639 111640 475
111438 111437 606
111440 111439 1695
111440 111441 1593
111454 111439 826
111454 111447 1730
111454 111648 1101
111649 111648 1635
111649 111651 826
111703 111699 238
111660 110834 418
111660 111664 1137
113583 113584 3661
113583 113585 869
111779 111778 750
104299 104140 927
104136 104135 1120
104136 104137 1756
104145 104147 1295
104119 104148 661
104122 104120 2909
104122 105736 1008
112881 105736 275
112882 112880 562
112753 112736 452
104311 104142 713
104311 104312 975
104311 104313 1475
104350 104141 1208
104312 104167 1408
104312 104311 975
104312 104342 927
104361 104342 1676
104361 104352 836
104364 104352 1810
104364 104363 806
104363 104364 806
104363 104366 672
50476 39209 243
39224 39204 474
39224 39206 1715
39521 39507 765
39521 39519 452
39511 39509 841
39511 39513 435
39541 39512 1116
39541 39548 581
39548 39541 581
39548 39543 1085
39553 39544 238
39553 39546 1160
39556 39546 1234
39520 39518 1891
39520 39519 708
39522 39189 667
39522 39518 1115
39522 39523 336
39203 39200 511
39203 39202 1482
39203 39204 202
104735 104238 1426
104735 104733 1254
104735 104734 1906
104739 104779 1265
104283 104282 276
104283 104795 511
104285 104286 762
104285 104287 1234
39158 50249 504
39191 39179 1182
39181 39169 2609
39181 39180 893
39200 39201 1304
39200 39203 511
104843 104807 1554
104843 104845 1336
104843 104852 765
104850 104849 672
104850 104851 765
104852 104843 765
104852 104851 1447
104377 104376 1897
104377 109373 2020
104379 104380 778
104379 104849 757
104810 104808 672
104897 104898 975
104899 104900 336
104919 104910 403
104919 104923 418
104922 104856 809
104922 104997 750
104487 104605 1638
104994 104606 536
104994 104924 1585
104924 104602 806
104924 104860 2390
104924 104994 1585
104997 104860 809
104997 104922 750
39545 39542 884
39339 39512 3906
39285 39279 1602
39285 39323 836
39285 39325 373
39328 39331 252
39328 39333 610
39365 39360 2506
39365 39362 939
39365 39396 418
39387 39410 103
39362 39361 2754
39362 39365 939
39362 39367 697
39417 39398 1903
39417 39418 667
39421 39408 2041
39421 39423 677
39432 39426 1115
39430 39431 549
39486 39493 344
40442 40450 1438
40463 40452 2645
40467 40469 556
40467 40470 849
40494 40470 111
40494 40493 841
40603 40602 738
40603 40606 2104
40453 40448 870
40453 40452 905
40473 40471 1447
40473 40474 337
40476 40278 878
40476 40477 788
40562 40563 435
40562 40597 556
40562 40599 878
40564 40599 1188
40564 40602 751
40475 40311 1008
40475 40477 336
40475 40544 673
40374 40293 581
40384 40373 178
50259 40566 958
50407 40437 405
50407 40569 1363
50409 50408 2012
40823 40589 485
40823 40822 2171
40824 40822 354
40824 40826 1221
40827 40825 419
40834 40841 2273
40846 40841 846
40846 40845 1788
40848 40845 771
40848 40850 1887
40856 40850 714
40856 40904 3833
40907 40904 806
40907 40906 801
40909 40906 1335
40577 40575 550
40577 40578 1188
40577 40583 1594
40586 40571 680
40586 40589 2380
40812 40811 747
40812 40813 3564
40812 40910 2068
40816 40813 1354
40910 40812 2068
40910 40906 2579
55230 55192 1560
55230 55229 713
55239 55190 940
55239 55237 1161
55241 55236 1394
55241 55237 697
55243 56340 1534
55422 55423 873
55429 55423 2646
41625 41618 2111
41625 41622 600
41625 41624 202
40817 40813 2880
40817 40815 1027
50384 50383 2929
50384 50385 664
48383 48379 752
48383 48382 1798
48409 48382 677
48409 48456 837
48531 48465 2358
48531 48532 13
48531 49624 25
48550 48546 664
48556 48554 435
48556 48555 552
48345 48339 677
48345 48354 1258
48366 48354 807
48366 48357 713
48357 48355 905
48357 48366 713
48371 48358 238
48373 48363 828
48373 48374 1798
48373 48379 828
41631 41629 403
48339 41632 751
48339 48345 677
48339 48352 1357
48580 48557 1321
48580 48579 848
48580 48701 673
48698 48700 344
48699 48700 511
48699 48707 222
48702 48701 234
48702 48707 111
48704 48703 280
48704 48705 998
50272 48705 1052
48731 48718 630
48884 48830 1347
48885 48830 1161
48885 48846 900
48585 48570 630
48585 48572 2815
48587 48583 1303
48587 48706 1098
48886 48830 1948
48886 48833 1228
48886 48903 1696
48903 48572 436
48903 48886 1696
48845 48842 1629
48845 48844 890
48846 48844 583
48846 48885 900
48840 48838 905
48840 48854 1816
48840 48855 1482
48865 48855 1380
48865 48864 713
48864 48856 1380
48864 48857 885
48864 48865 713
48873 48857 1552
48873 48874 813
48878 48874 427
48878 48880 631
48954 48964 2326
48955 48881 832
48955 48982 1661
48842 48838 605
48842 48841 789
48842 48845 1629
48239 48230 2747
48983 48982 879
48993 48990 1713
48992 48991 1732
49009 49010 597
49011 49012 574
49032 49013 655
48313 48282 202
131366 131364 1228
131366 131365 2557
131372 131364 2695
131372 131373 511
48312 49590 942
48388 48389 6362
131367 131365 1154
131367 131368 2419
131370 131368 1105
131370 131384 2578
131385 131384 1009
131385 131475 2481
131479 131475 552
131479 131480 874
131483 131478 1055
131483 131482 1735
131478 131473 1933
131478 131483 1055
131478 131506 984
131509 131493 2409
131509 131508 747
131507 131497 2486
131507 131508 713
131507 131511 747
131652 131511 3514
131508 131496 2409
131508 131507 713
131508 131509 747
131655 131510 3437
131655 131516 789
131746 131747 81
131777 131773 1135
131778 131773 1401
131778 131831 505
131778 131832 301
131833 131832 1053
131833 131840 837
131833 131843 108
131834 131841 710
131834 131843 1035
131842 131852 276
131828 131852 951
54364 54366 713
54364 54367 606
54411 54412 518
54411 54413 789
54411 54422 511
54417 54413 807
54416 54403 215
54416 54452 885
54416 54457 1484
54427 54457 837
54427 54469 940
54445 54472 789
54445 54514 2291
54514 54445 2291
54514 54517 789
54514 54520 2353
54368 54367 2922
54368 54550 606
54368 54553 697
54552 54553 697
54557 54553 747
54557 54556 747
54557 54562 3666
54562 54557 3666
54562 54570 747
54562 54586 1919
54584 54586 890
54584 54592 2227
54590 54592 1010
54590 54593 404
54590 54595 1903
54593 54590 404
54593 54594 789
52743 52950 202
52743 56338 558
52743 56339 1010
52744 54686 558
52744 56338 6239
53778 56375 1067
53778 56376 14762
54520 54514 2353
54520 54519 789
54527 54522 374
54527 54526 170
54728 54722 4222
54728 54727 276
54728 54729 276
54595 54590 1903
54595 54640 890
53864 53893 1010
53864 56639 801
53913 53941 890
53914 53941 1447
53914 53942 940
53950 53949 605
53950 53963 1080
53772 52853 364
56773 52853 2082
56773 56774 353
53935 53939 697
55153 55180 650
55153 55181 2485
55154 55181 751
55154 55191 1747
55192 55191 837
55192 55230 1560
144497 144493 2336
144497 144505 815
144497 144508 2512
144508 144497 2512
144508 144509 810
144508 144545 2775
144543 144556 837
144543 144703 1959
144684 144683 433
144545 144508 2775
144545 144553 822
144545 144556 2233
144682 144683 761
150503 150504 776
150503 150617 1683
150499 150494 1565
150499 150498 508
150499 150502 788
150498 150492 1603
150498 150499 508
150617 150503 1683
150617 150505 828
150617 150622 1695
150622 150617 1695
150622 150641 245
150655 150643 1531
150655 150648 1367
150655 150694 764
150648 150645 1192
150648 150655 1367
150648 150706 812
140291 140290 163
140291 150734 955
150730 140274 1771
150730 140290 666
150646 146928 813
150646 150645 203
140272 140274 741
140272 140275 746
140273 140280 920
140273 140281 1767
140273 140365 845
140365 140273 845
140365 140366 1954
140189 140366 844
140189 140368 1981
140368 140189 1981
140368 140367 885
140368 140382 1336
140433 140434 697
140433 140435 750
140440 140435 1170
140440 140444 784
140446 140444 817
140446 140447 483
140446 140448 2285
141865 140448 735
141865 141867 2383
142536 142547 882
142546 142547 834
142546 144494 2491
144493 144494 936
144493 144497 2336
141867 141865 2383
141867 141872 802
141879 141872 2326
141879 141881 1222
141879 141911 688
141915 141912 873
141915 141928 614
141937 141928 2233
141937 141938 725
141896 141887 2411
141896 141895 746
141896 141897 731
141933 141897 2244
141933 141936 746
141939 141895 2203
141939 141901 878
141954 141951 462
141954 141953 337
151749 151750 409
142111 142086 1860
142111 142112 900
142114 142116 729
142132 142126 990
142096 142105 825
142096 142106 732
142096 142641 3199
142105 142096 825
142105 142103 890
142105 142636 3166
142088 142069 513
142088 142082 788
142102 142082 1021
142102 142103 856
142102 142104 784
142103 142102 856
142103 142105 890
142103 142635 3202
150721 143267 950
150721 151750 6692
142064 142066 1150
142064 142067 1385
142065 142075 1036
142070 142075 994
142070 142079 2371
142074 142079 995
142074 142587 1866
142587 142074 1866
142587 142589 954
142587 142592 2248
142591 142592 1005
142591 142616 2321
142615 142616 1080
142615 142623 2374
142624 142623 956
142624 142737 2235
142722 142737 1075
142722 142738 1061
142736 142738 899
142736 142739 644
142740 142739 623
142740 142742 934
142740 142743 2390
142548 142547 696
142548 142549 319
142548 144499 2511
142549 142548 319
142549 142550 1337
144501 142551 798
144501 144502 579
142551 142550 847
142551 144501 798
142551 144503 2925
142775 144503 1422
142775 144782 1718
142771 142743 990
142771 142773 2364
142772 142778 952
142772 142779 2356
142777 142779 805
142777 144784 2362
144783 144784 862
144783 144789 927
144783 144793 504
56362 56354 1168
56363 56355 6727
204526 204522 1179
204526 204529 1102
204701 214929 924
204533 204529 1964
204533 204544 1643
204709 204712 1902
196123 196122 3917
204771 204772 701
204730 204732 1953
204735 204779 598
204796 204791 846
204796 204798 1808
204801 204798 774
204801 204808 1805
204847 204855 797
204847 204860 1823
204857 204808 683
204857 204859 1935
204857 204860 846
204855 204847 797
204855 204856 756
204855 204861 1805
204856 204855 756
204856 204868 773
204856 204870 1917
204866 204868 1917
204866 204869 511
144694 144683 1996
144685 144683 865
144685 144703 421
144705 144556 1914
144557 144553 2117
144557 144556 740
144557 144558 904
144558 144554 2011
144558 144557 904
144558 144559 743
144711 144559 1853
144712 144716 478
144712 144717 759
144564 144563 1975
144564 144713 681
144564 144715 827
144713 144562 2024
144713 144564 681
144713 144567 821
144717 144567 2331
144717 144712 759
145037 145035 860
145037 145040 1357
145041 145039 861
145041 145040 638
145041 145048 893
145042 145048 1301
145043 145039 2318
145043 145044 1044
145049 145048 792
145054 145044 2230
145054 145055 695
145108 145055 1113
145108 145109 1266
145108 145110 1341
145110 145108 1341
145110 145125 1168
145110 145128 699
145125 145110 1168
145125 145126 876
145125 145127 1238
145494 145127 761
145494 145497 1372
145498 145497 747
145498 145527 1465
145529 145527 851
145529 145539 1396
145543 145539 600
145544 145550 182
145544 145553 1809
145554 145553 738
145554 145556 1771
145554 145599 830
145599 145554 830
145599 145601 1748
145602 145601 779
145602 145675 1776
145605 145619 738
145605 145675 840
145605 145688 1658
145619 145605 738
145619 145620 756
145619 145689 1713
145620 145619 756
145620 145692 1727
145795 145797 753
145795 145799 1834
145796 145799 816
145796 145802 1733
145801 145791 865
145801 145802 662
145801 145803 1821
145791 145793 1752
145791 145801 865
145792 145793 825
145792 145883 1655
145881 145883 798
145881 145884 1150
145693 145692 774
145693 145695 1655
145882 145695 761
145882 145884 817
145882 145888 2406
145797 145795 753
145797 145800 1763
145845 145800 712
145845 145848 1795
145849 145848 770
145849 145858 1744
145859 145858 748
145859 145871 495
145873 145871 745
145873 145874 2605
145877 145874 820
145877 146082 1679
146083 146082 714
146083 146088 2100
146089 146088 737
146089 146105 1866
146100 146105 810
146100 146107 1736
151478 146107 795
151478 151479 751
151478 151481 1768
151479 151478 751
151479 151484 1767
151485 151484 883
149091 149092 941
151804 149092 2238
151804 151658 733
150368 151573 814
150368 151658 1802
151571 151572 647
151571 151573 1785
146115 146114 5350
146115 146116 2562
146115 151495 2480
151570 151572 1992
151570 151572 1992
151570 203842 995
204463 204461 1803
204463 204522 352
204442 203841 118
204442 214419 590
207894 207893 1928
207894 207895 1367
207895 207894 1367
207895 207898 4263
207895 215023 675
208648 208649 1360
208644 214862 516
213041 214651 1118
214820 214481 697
208689 208684 1564
208689 208686 839
208689 208695 1954
208690 204849 401
208690 204850 1633
208690 214481 905
208696 204850 1778
208696 214213 566
208682 208684 1675
208683 208684 797
208683 208686 1791
208685 208687 101
205175 205282 1541
205175 208692 1089
205283 205282 533
205283 208747 649
208678 208715 592
208691 208693 1610
208691 208694 901
208692 205175 1089
208692 208693 1681
208677 208713 363
208712 208713 742
208712 208714 2048
208720 208714 730
208720 208721 2180
208734 208736 2048
208734 208740 608
208735 208721 1017
208735 208736 680
208735 208771 2039
208738 208740 477
208739 208742 673
208739 208743 1930
211114 208743 883
211114 211113 606
211114 211115 2188
211116 211115 670
211116 211118 669
211116 211138 1289
208746 208745 237
208746 211175 1998
208745 208746 237
208745 211165 602
211166 211164 1718
211176 211177 793
211176 211331 1477
211331 211176 1477
211331 211332 1145
211331 211333 1885
211338 211356 277
185565 185567 719
180417 180418 452
180417 180462 344
180461 180459 1254
180461 180462 672
180430 180429 1612
180459 180460 1362
180459 180461 1254
180450 180451 667
166539 172475 842
166561 166562 307
166561 167316 3166
166582 166568 842
166584 166583 2025
166584 166585 778
166569 166568 2113
166586 166585 556
166586 167327 1222
166586 167356 842
166565 166566 421
166565 166583 1168
167548 167547 1004
167548 167549 1343
167347 167346 357
167347 167547 842
167347 167554 306
167348 167349 452
167348 167368 1101
166743 166742 1449
166743 167368 688
166745 166733 482
166745 166742 889
166745 166753 710
166728 166733 1110
162530 152580 2129
162530 162529 924
167238 162529 752
167238 167237 630
167238 167245 1438
152547 152542 2097
152547 152546 1375
162531 152546 790
162531 152580 1293
162534 152544 452
167109 167112 1028
167109 167214 789
167110 167111 1460
167110 167128 807
167124 167123 276
167219 167244 1375
167241 167240 871
167241 167244 850
167241 167258 672
167214 167109 789
167214 172178 677
166752 166753 196
166767 166766 1564
166780 166781 77
166789 166788 842
166789 166797 2590
166741 166736 845
166765 166766 688
166765 166785 1179
166785 166765 1179
166785 166784 672
166785 166786 933
166786 166774 778
166786 166785 933
166786 167010 1095
167010 166786 1095
167010 167039 778
167026 167025 452
167026 167039 1941
167030 167021 556
167030 167031 1179
167021 167030 556
167021 167032 1185
167022 167023 1264
167022 172485 782
167051 167052 1336
167051 167057 1011
167063 167064 1630
167063 167083 790
167094 167095 850
152418 152421 1161
152418 152425 790
152418 152429 2666
152434 152433 818
152434 162537 1307
162535 162536 688
162535 162537 796
152415 152435 445
152415 152446 2286
152426 152425 688
152426 152436 1891
152445 152446 562
180128 178863 601
180128 180083 947
180128 180371 672
180377 180365 1254
180377 180370 877
180377 180376 827
180376 180364 1501
180376 180377 827
180361 180359 697
180373 180364 750
180373 180374 2230
179674 179673 2578
179674 179675 4590
179677 179678 4337
179677 179679 2967
179673 179671 4573
179673 179674 2578
179679 179654 1612
179679 179677 2967
180164 180151 1362
180164 180163 475
180167 180179 6212
182322 182321 972
182322 182321 972
173561 173562 1881
173561 173563 1085
185272 182321 2755
182331 182332 2353
182331 182339 2893
182338 182339 1556
182338 182340 2814
182074 182073 788
182074 182075 931
182074 182107 1261
182108 182107 344
182113 182114 536
182111 182104 445
182111 182114 1517
182095 182091 682
182095 182104 445
182096 182093 904
182097 182100 312
182104 182095 445
182104 182105 757
182104 182111 445
182179 182188 924
182179 182197 1496
182197 182179 1496
182197 182196 924
182272 182194 924
182272 182196 1363
182272 182275 590
182277 182276 1015
182277 182289 1114
182287 182285 1350
182287 182330 1504
182307 182309 1539
182307 182329 435
152336 152355 570
152953 152952 2774
152953 152954 994
152957 152956 1146
152957 152958 1173
152951 152934 920
152951 152980 376
152993 152983 1840
152993 152994 1173
152993 153000 1373
153001 153002 1353
153001 153003 262
152937 152936 485
152980 152936 859
152980 152951 376
152322 152691 906
152692 152481 1115
152692 152691 924
152692 152700 1161
152714 152700 906
152714 152731 1715
152726 152720 298
152733 152720 1298
152733 152732 339
152733 153157 898
152369 152370 427
152369 152388 1258
152371 152372 2458
152371 152732 2812
152371 152988 908
152371 153148 2098
152359 152355 1813
152357 152356 2336
152364 152356 481
152364 152959 828
152364 152961 445
152370 152369 427
152370 152385 548
152384 152380 813
152384 152385 1331
152449 152446 2317
152449 152448 2403
152475 152448 713
152475 152486 2644
152485 152486 688
153108 153093 2763
153135 153134 210
155727 155737 905
155727 155739 1532
155703 155702 790
155703 155785 672
155784 155785 2044
155776 155778 928
155776 155965 2083
155788 155692 933
155788 155789 1675
155969 155970 1210
155969 155972 1117
155787 155785 2810
155787 155786 828
155751 155753 1560
155751 155756 789
153365 153096 401
153365 153098 372
153365 153366 667
153137 153136 2143
153137 153206 713
153143 153145 4804
153143 172876 138
153205 153193 1605
153205 172879 275
153211 153210 924
153211 153417 2184
173536 173534 2290
173536 173535 2040
175128 175127 606
175128 175127 606
173599 173562 403
173596 173818 641
173596 179846 113
173576 173575 336
173576 173577 333
173579 173580 994
173533 173534 1998
173533 173540 2487
173547 173544 1946
173547 173546 2674
173552 173553 2501
173552 173554 1226
173683 173681 568
173683 186090 1420
173684 173685 733
173684 173686 735
173161 173158 762
173161 173208 219
173209 173210 4564
173209 183024 3134
173170 173171 6672
173197 185423 3399
185448 185449 1226
185448 185450 2644
173875 174762 1485
173875 174830 1062
185441 185439 1357
185441 185442 1475
185706 185704 289
185706 186068 2313
152919 152920 1959
152919 153109 650
153046 153047 612
153046 153111 1594
153049 153050 1494
153049 153089 435
153090 153088 1357
153090 172264 976
153041 153080 905
153056 153057 610
153056 153058 1979
155520 155480 1758
155535 155479 637
155481 155474 673
155481 155480 890
155536 155474 1683
155536 155547 948
155547 155473 1880
155547 155536 948
176121 176126 688
176121 176146 1418
176147 176146 1268
176474 156238 333
156244 156245 688
156244 156253 1772
176501 156255 452
176176 176175 682
176176 176188 2388
176190 176189 1891
176190 176191 709
176525 156259 452
176525 176534 168
176531 176530 849
176531 176534 1505
176141 176150 1684
176149 176150 905
176152 176151 344
176152 176153 924
176154 176153 774
176154 176178 692
155657 155659 1200
155657 156064 2515
155648 155647 778
155650 152907 2284
155650 155651 2484
155681 155682 1282
155681 155686 747
156296 156295 688
156296 156335 1388
156290 156274 782
156290 156315 1882
156321 156315 976
156321 156322 677
156302 156303 1503
156302 156327 1345
156325 156326 1258
156325 156328 752
156063 156055 906
156063 156064 1283
156297 156295 2322
156297 156307 2429
156306 156312 1458
155641 155643 1095
155641 155676 2731
155683 155682 3005
155683 155688 683
155622 155624 435
155622 155646 752
155645 155644 849
155645 155646 3095
155539 155540 673
155539 155596 873
155539 155597 1698
155594 155596 2262
155595 155596 807
155595 155598 738
155598 155595 738
155598 155597 790
155598 155601 3262
155605 155604 1357
155626 155625 1144
155626 155627 999
176110 176111 789
176110 176120 1145
177124 177123 1454
177124 177127 1631
177120 177119 2033
177120 177138 1086
177120 177144 2468
177123 177124 1454
177123 177138 2358
177107 177125 667
177049 177050 1225
177049 177051 850
177048 177050 789
177059 177058 765
177059 177218 765
177059 177237 1124
177215 177214 765
177215 177221 796
177218 177059 765
177218 177219 1786
177218 177223 1675
177015 177125 1099
177126 177127 782
177126 177132 893
177128 177129 893
177128 177132 1864
177052 177051 333
177052 177129 1698
177185 177204 1086
177202 177203 673
177202 177208 1956
177193 177195 517
177205 177206 1124
177205 177212 672
177209 177208 751
177209 177211 697
176220 176221 2430
176220 176223 738
176220 176231 1363
176108 176125 782
176128 176125 2243
176128 176144 713
176128 176212 1579
176213 176211 418
176208 176210 1034
176208 176215 951
176214 176211 677
176214 176216 337
176210 176208 1034
176210 176221 810
176210 176225 818
176959 176960 673
177198 177199 849
176967 176960 581
177214 177215 765
177214 177229 1357
177224 176960 948
177224 177229 807
175015 175016 672
175015 176825 2358
176867 176866 782
175017 176856 782
176863 176856 2114
176863 176862 333
174949 173876 3099
174949 174938 950
175001 175002 1543
175009 175008 2348
174894 174892 3799
174894 174895 3853
174972 174973 551
174972 174974 2884
176767 176766 947
176814 176815 354
176814 176816 562
176814 176819 354
176819 176814 354
176819 176818 1409
165095 165096 558
165095 165099 355
165349 165348 202
165349 165351 1494
165233 165234 139
165233 165338 1282
165273 165339 581
165267 165266 1774
165267 165366 1124
165266 165267 1774
165266 165281 828
165271 165276 985
165274 165275 790
165436 165434 1933
165436 167338 782
165441 165435 924
167293 167291 344
167304 167303 782
167304 167321 1988
167318 167321 556
167318 167386 1565
167324 165435 3033
167324 167300 713
167326 167322 790
166558 166562 367
166558 167315 2371
167317 167313 683
167317 167315 404
167313 167306 796
167313 167317 683
167314 167305 928
165111 165110 688
165115 165110 828
165115 165116 713
165097 165096 581
165141 165172 789
165137 165160 2468
165107 165106 850
165107 165108 562
165117 165108 710
165117 165116 782
165151 165145 1701
165151 165162 790
165147 165146 1616
165147 165159 1458
164800 164801 818
164800 164811 1420
164801 164800 818
164801 164809 1531
164801 164810 1471
164805 164806 850
164805 164827 1576
164848 164849 713
164848 165526 710
164838 165181 1367
165152 165154 2273
165152 165196 1348
157784 157783 647
157784 165336 1179
165334 165333 600
165334 165356 778
165163 165164 766
165163 165235 1140
165352 165386 9648
165198 165191 1055
165198 165403 518
165380 165401 758
165380 165410 1344
165144 165170 552
164809 164801 1531
164809 164808 872
164817 164816 355
164817 164819 2285
164821 164820 837
164821 164822 1426
164782 164783 790
164822 164783 1293
164822 164821 1426
164822 164825 790
164756 164748 713
164756 164755 683
164667 164668 1544
164667 164761 752
164759 164752 1065
164759 164758 924
164759 172429 279
164748 164749 1114
164748 164754 850
164748 164756 713
211385 211211 792
211385 211378 1034
211386 211384 261
211386 211393 511
211393 211386 511
211393 211392 1360
211408 211401 833
211408 211503 697
211408 211504 346
211401 211408 833
211401 211484 821
195337 211503 1295
211506 211510 691
211506 211513 670
211187 211132 1514
211187 211186 745
211187 211190 665
211187 211193 2464
211187 214690 2491
211188 211186 4190
211188 211189 575
211188 211211 1690
211213 211193 1099
211213 211214 470
211213 211215 773
211380 211218 774
211380 211381 827
211382 211381 797
211382 211478 811
211483 211478 779
211483 211481 1394
211483 211484 647
211513 211506 670
211513 211511 1358
211513 211514 751
211514 211513 751
211514 211515 1865
211514 211536 775
211529 211536 2347
211541 211536 817
211541 211542 1865
211544 211542 756
211544 211567 2193
212208 212209 683
212209 212208 683
212244 212255 848
212267 212273 1259
212273 212267 1259
211394 211392 779
212453 212447 781
212536 212535 342
212535 212536 342
212255 212244 848
212447 212453 781
114320 114321 695
114321 114320 695
114202 114203 781
114190 114191 2303
114203 114191 344
114203 114202 781
114024 114023 1138
114024 114025 1571
114024 114036 1114
114025 114024 1571
114025 114036 1410
119120 119123 2410
119469 119123 1161
119468 119467 787
119470 119467 2828
119197 119198 10691
119296 119310 1203
119466 119310 1509
118561 118562 9167
118608 118562 2143
118566 118565 1483
119148 118565 1171
119385 119387 580
119348 119343 2089
119381 119380 3211
114856 114855 12313
114856 114857 11867
114941 114936 344
115009 115010 980
114855 114856 12313
114855 115005 926
116236 115005 1166
115020 115019 1853
115020 115019 1853
92007 92009 2554
92008 92009 1224
92008 92010 251
92010 92008 251
92010 92011 2165
92014 92011 4543
92020 92022 1861
92029 92022 4675
92029 92028 233
102918 92028 3917
92056 92065 946
92064 92065 888
92057 92059 611
92061 92059 3423
92073 92072 2371
92074 92072 1722
102192 102182 1189
102206 94414 3108
102206 102182 5194
94412 94413 2118
94414 94413 2178
94414 102206 3108
92259 92208 1021
92272 92208 805
92281 92280 1098
92281 92291 4350
92294 92291 1948
92264 92275 1339
92267 92275 2426
92282 92280 11591
94462 92280 899
115804 115807 1504
115816 115807 1727
115818 115815 5668
92398 92402 628
92404 92402 473
92407 92406 1891
92407 92408 1583
92408 92406 1138
92408 92407 1583
92317 92315 937
92318 92315 1060
92325 92316 4791
105804 105805 3019
115978 105805 2003
107032 107031 1114
107064 107031 1007
107064 107091 3351
107090 107091 2694
93206 107022 275
107023 107022 1022
107051 107022 3969
107051 107059 434
107051 107059 434
107057 107035 2781
107059 107035 1042
107059 107051 434
107059 107051 434
107088 107087 2735
107105 107087 1113
107123 107121 3609
107123 107124 1334
107123 107211 2770
107212 107211 778
107125 107124 3922
107125 107126 1979
107125 107176 2724
107202 107201 587
107126 107125 1979
107126 107176 1963
106964 106963 511
107121 107120 336
107121 107123 3609
107420 107120 5051
108491 107419 4506
107450 107449 475
107454 107448 1000
107454 107453 628
108505 107453 889
107435 107436 2016
107437 107436 1097
107421 107446 150
107500 107504 2270
107516 107514 5873
107517 107514 4111
107480 107479 323
107480 109494 4352
113945 107479 1387
109495 109494 323
92821 92808 3194
92821 92820 1204
92897 92956 515
92957 92956 1565
92957 92961 1096
92972 93036 10513
93038 93036 688
93039 93036 750
93046 93037 888
92952 92848 4044
92953 92848 4756
92789 92803 515
92806 92803 688
92808 92803 888
92808 92821 3194
92792 92805 4970
116009 116019 1499
116221 116019 1278
115789 115788 2102
115838 115788 1530
115838 115840 1322
115840 115831 238
115840 115838 1322
115840 115849 1392
115855 115854 713
92731 92730 580
115841 92517 610
115841 115832 884
115841 115861 1299
115832 115831 5226
115832 115841 884
192008 191889 787
191787 191537 1060
191018 191903 473
190891 190884 304
190894 190884 335
190894 190892 982
190894 190902 390
190901 190893 359
190901 190900 666
190901 190902 931
190892 190893 558
190892 190894 982
191970 191700 717
191681 191658 3314
191681 191967 1287
191658 191662 331
191658 191681 3314
192133 191662 1343
191717 191716 958
191728 191716 3018
191728 191729 1097
191747 191716 623
192750 192745 2557
192750 192752 1187
192750 192752 1187
192744 192743 1193
192746 192743 444
192746 192767 1240
192746 193849 1267
190880 190879 1543
191556 191553 1276
191892 191891 645
194144 192006 334
194145 192006 415
191569 191823 3727
191916 191895 2115
191842 191841 1635
191918 191949 496
191937 191949 4364
191770 191866 5248
192767 192730 3729
192767 192746 1240
193840 192730 604
193842 192730 779
192738 192737 3189
192738 192769 86
194016 192737 631
192769 192738 86
192769 192768 865
192757 192770 946
192771 192770 1767
193849 192746 1267
193849 193847 723
194023 193847 159
194021 194015 1122
194063 194059 1029
194068 194059 917
190966 190967 980
192707 192717 5836
192724 192717 2347
194250 194248 4201
192807 192808 1878
192809 192808 847
193837 192813 977
193838 192813 1236
114072 114071 1808
114072 114108 946
114091 114071 845
114108 114071 1675
114108 114072 946
114364 114365 1142
114364 114406 1225
114406 114364 1225
114406 114365 874
114368 114367 796
114719 114367 1030
114719 114728 445
114722 114721 1004
114729 114728 1739
116231 114731 465
109465 109464 774
113909 109464 164
109480 109774 3008
113898 109774 1116
109418 109516 4027
109517 109516 3535
109809 109808 1014
109793 109791 868
109793 109794 707
109795 109794 1695
109825 109794 3668
109824 109802 5229
113958 109802 3730
109812 109811 379
109895 109818 2584
109903 109817 1298
109900 109899 2347
109900 109925 1025
109925 109899 1786
109925 109900 1025
109925 109923 847
109908 109910 1180
109908 109912 1031
109923 109924 1686
109923 109925 847
109923 109938 672
109932 109924 562
111024 109929 681
111030 109929 1675
111030 109938 788
110146 109938 1576
105187 105186 672
105187 109933 354
105187 111021 893
111022 109933 349
111022 111021 662
109911 109910 782
109890 109892 506
109890 109904 688
109891 109892 891
109905 109904 1031
111004 103362 707
111004 111032 1008
111021 105186 1066
111021 105187 893
111021 111022 662
111027 105186 889
111027 111033 611
111033 111027 611
111033 111032 1008
110979 110978 672
111071 110978 1344
111071 111008 836
111082 111008 1282
111082 111081 611
111081 111074 1084
111081 111082 611
111081 111083 558
111073 111074 809
111075 111074 1480
111075 111080 473
111080 111075 473
111080 111077 1530
111080 111086 475
111077 111080 1530
111077 111315 884
111316 111317 1541
111316 111329 750
111329 111316 750
111329 111328 1609
111329 111330 809
111257 111330 1408
111257 111331 1008
111331 111257 1008
111331 111332 1282
111331 111333 788
111283 111333 1078
111291 111290 947
111291 111333 696
111291 111336 1410
103349 103348 704
103349 103350 1360
103349 111290 598
111292 111290 1817
111360 103334 647
111359 111361 750
111359 111482 750
111501 111482 279
111497 111496 975
111497 111498 737
111497 111505 750
116295 111503 353
103348 103347 1325
103348 103349 704
103348 111356 948
111356 103347 1592
111356 103348 948
111538 111539 1061
111524 111522 222
111524 111555 1025
111522 111524 222
111522 111557 2102
111528 111527 252
111513 103698 840
111633 111679 847
111632 111680 847
111631 111685 764
111688 111687 222
111688 111694 445
111694 111688 445
111694 111695 667
111694 111706 1516
111764 111719 1092
111699 111646 475
111699 111698 598
111699 111703 238
111778 111763 1055
111778 111779 750
111643 111642 252
111643 111650 475
111650 111643 475
111650 111648 750
111650 111651 1663
111628 111637 840
111628 111640 1188
111619 111634 1532
111630 111634 1675
111640 111628 1188
111640 111639 475
111437 111438 606
111439 111440 1695
111439 111454 826
111441 111440 1593
111447 111454 1730
111648 111454 1101
111648 111649 1635
111648 111650 750
110834 111660 418
111664 111660 1137
113584 113583 3661
113585 113583 869
104140 104141 344
104140 104299 927
104135 104136 1120
104137 104136 1756
104147 104145 1295
104148 104119 661
104120 104122 2909
105736 104122 1008
105736 112881 275
112880 112882 562
112736 112753 452
104142 104141 238
104142 104311 713
104313 104167 927
104313 104311 1475
104141 104140 344
104141 104142 238
104141 104350 1208
104167 104312 1408
104167 104313 927
104342 104312 927
104342 104361 1676
104352 104361 836
104352 104364 1810
104366 104363 672
39209 39206 887
39209 50476 243
39204 39203 202
39204 39224 474
39206 39209 887
39206 39224 1715
39507 39521 765
39519 39520 708
39519 39521 452
39509 39511 841
39509 39512 3010
39513 39511 435
39512 39339 3906
39512 39509 3010
39512 39541 1116
39543 39542 1140
39543 39544 435
39543 39548 1085
39544 39543 435
39544 39553 238
39546 39542 279
39546 39553 1160
39546 39556 1234
39518 39520 1891
39518 39522 1115
39189 39522 667
39523 39522 336
39202 39201 924
39202 39203 1482
104238 104735 1426
104733 104735 1254
104734 104735 1906
104779 104739 1265
104282 104283 276
104795 104283 511
104286 104285 762
104287 104285 1234
50249 39158 504
39179 39180 1114
39179 39191 1182
39169 39181 2609
39180 39179 1114
39180 39181 893
39201 39200 1304
39201 39202 924
104807 104808 536
104807 104843 1554
104845 104843 1336
104845 104851 925
104849 104379 757
104849 104850 672
104851 104845 925
104851 104850 765
104851 104852 1447
104376 104377 1897
109373 104377 2020
104380 104379 778
104808 104807 536
104808 104810 672
104898 104897 975
104900 104899 336
104900 104910 737
104910 104900 737
104910 104919 403
104923 104919 418
104856 104860 750
104856 104922 809
104605 104487 1638
104605 104606 836
104606 104605 836
104606 104994 536
104602 104924 806
104860 104856 750
104860 104924 2390
104860 104997 809
39542 39543 1140
39542 39545 884
39542 39546 279
39279 39285 1602
39323 39285 836
39325 39285 373
39325 39333 2186
39331 39328 252
39333 39325 2186
39333 39328 610
39360 39365 2506
39396 39365 418
39410 39387 103
39361 39362 2754
39367 39362 697
39398 39417 1903
39418 39417 667
39408 39421 2041
39408 39426 738
39423 39421 677
39426 39408 738
39426 39432 1115
39431 39430 549
39493 39486 344
40450 40442 1438
40452 40453 905
40452 40463 2645
40469 40467 556
40470 40467 849
40470 40494 111
40493 40494 841
40602 40564 751
40602 40603 738
40606 40603 2104
40448 40453 870
40448 40471 2138
40471 40448 2138
40471 40473 1447
40474 40473 337
40278 40476 878
40477 40475 336
40477 40476 788
40563 40562 435
40597 40562 556
40599 40562 878
40599 40564 1188
40311 40475 1008
40544 40475 673
40293 40374 581
40373 40384 178
40566 40437 3411
40566 50259 958
40437 40566 3411
40437 50407 405
40569 50407 1363
50408 50409 2012
40589 40586 2380
40589 40823 485
40822 40823 2171
40822 40824 354
40826 40824 1221
40826 40825 1124
40825 40826 1124
40825 40827 419
40841 40834 2273
40841 40846 846
40845 40846 1788
40845 40848 771
40850 40848 1887
40850 40856 714
40904 40856 3833
40904 40907 806
40906 40907 801
40906 40909 1335
40906 40910 2579
40575 40577 550
40578 40571 1602
40578 40577 1188
40583 40577 1594
40571 40578 1602
40571 40586 680
40811 40812 747
40813 40812 3564
40813 40816 1354
40813 40817 2880
55229 55190 818
55229 55191 1747
55229 55230 713
55190 55181 3830
55190 55229 818
55190 55239 940
55237 55239 1161
55237 55241 697
55236 55241 1394
55236 56340 1759
56340 55236 1759
56340 55243 1534
55423 55422 873
55423 55429 2646
41618 41625 2111
41622 41624 476
41622 41625 600
41624 41622 476
41624 41625 202
40815 40817 1027
50383 50384 2929
50385 50384 664
48379 48373 828
48379 48383 752
48382 48383 1798
48382 48409 677
48456 48409 837
48465 48531 2358
48532 48531 13
49624 48531 25
48546 48550 664
48546 48554 1104
48554 48546 1104
48554 48555 344
48554 48556 435
48555 48554 344
48555 48556 552
48555 48557 684
