576
51715 51716 612
51715 55178 3577
51716 51715 612
51716 55186 1010
51716 55194 928
51716 55196 3456
55178 51715 3577
55178 55177 1948
55178 55179 810
55178 55183 948
55186 51716 1010
55186 55179 4239
55186 55188 747
55186 55235 713
55194 51716 928
55194 55193 1546
55194 56317 837
55194 56324 3180
55196 51716 3456
55196 56340 789
55196 56344 558
55196 56346 698
55177 53963 697
55177 55173 885
55177 55178 1948
55179 55173 2219
55179 55175 697
55179 55178 810
55179 55186 4239
55183 53973 890
55183 55176 1611
55183 55178 948
55183 55193 2844
55188 55175 4102
55188 55186 747
55188 55234 276
55235 55186 713
55235 55236 810
55235 55238 673
55193 55183 2844
55193 55187 890
55193 55194 1546
55193 55195 418
56317 55187 1612
56317 55194 837
56317 56309 789
56317 56318 2982
56324 55194 3180
56324 56342 474
56324 56344 355
56340 55196 789
56340 55236 1759
56340 55243 1534
56344 55196 558
56344 56324 355
56344 56345 1206
56346 55196 698
56346 56347 374
56346 56352 1206
53963 53950 1080
53963 55176 333
53963 55177 697
55173 55174 650
55173 55177 885
55173 55179 2219
55175 55174 2284
55175 55179 697
55175 55182 751
55175 55188 4102
53973 53971 810
53973 53972 1620
53973 55183 890
53973 55187 2844
55176 53963 333
55176 53972 751
55176 55183 1611
55234 55188 276
55234 55189 581
55234 55237 752
55236 55235 810
55236 55241 1394
55236 56340 1759
55238 55235 673
55187 53973 2844
55187 55185 751
55187 55193 890
55187 56317 1612
55195 55193 418
56309 55185 1747
56309 56311 837
56309 56317 789
56309 56650 873
56318 56317 2982
56318 56341 279
56318 56342 404
56342 56318 404
56342 56324 474
56342 56343 1116
55243 55242 807
55243 55251 1726
55243 56340 1534
56345 56344 1206
56347 56346 374
56352 56346 1206
53950 53916 2966
53950 53938 2557
53950 53949 605
53950 53963 1080
55174 55173 650
55174 55175 2284
55174 55180 789
55182 55175 751
55182 55180 2420
55182 55181 697
55182 55189 3966
53971 53970 1346
53971 53973 810
53971 53974 890
53971 55185 2905
53972 53967 238
53972 53973 1620
53972 55176 751
55189 55182 3966
55189 55190 747
55189 55234 581
55237 55234 752
55237 55239 1161
55237 55241 697
55241 55236 1394
55241 55237 697
55241 55240 1308
55241 55242 752
55185 53971 2905
55185 55187 751
55185 56304 697
55185 56309 1747
56311 56308 1147
56311 56309 837
56311 56310 928
56311 56319 837
56650 56309 873
56650 56321 755
56341 56318 279
56341 56320 404
56341 56350 1086
56343 56342 1116
55242 55241 752
55242 55243 807
55242 55249 1586
55251 55243 1726
55251 55250 552
55251 55419 1813
53916 53869 1948
53916 53920 751
53916 53950 2966
53938 53937 2485
53938 53940 1067
53938 53950 2557
53949 53942 3358
53949 53950 605
53949 53962 418
55180 55153 650
55180 55174 789
55180 55182 2420
55181 55153 2485
55181 55154 751
55181 55182 697
55181 55190 3830
53970 53965 202
53970 53967 650
53970 53971 1346
53974 53968 1363
53974 53969 890
53974 53971 890
53974 53975 1411
53967 53962 1483
53967 53970 650
53967 53972 238
55190 55181 3830
55190 55189 747
55190 55229 818
55190 55239 940
55239 55190 940
55239 55233 1832
55239 55237 1161
55239 55240 874
55240 55239 874
55240 55241 1308
55240 55246 2143
55240 55249 752
56304 53975 1546
56304 55185 697
56304 56305 1029
56304 56308 612
56308 56304 612
56308 56307 976
56308 56311 1147
56310 56306 837
56310 56307 1210
56310 56311 928
56310 56312 2273
56319 56311 837
56319 56322 697
56319 56323 537
56321 56320 1139
56321 56650 755
56320 56321 1139
56320 56341 404
56320 56348 202
56350 56341 1086
55249 55240 752
55249 55242 1586
55249 55250 276
55250 55248 2204
55250 55249 276
55250 55251 552
55419 55251 1813
55419 55252 511
55419 55421 948
53869 53868 1275
53869 53915 1436
53869 53916 1948
53869 53918 2449
53920 53915 810
53920 53916 751
53920 53937 1586
53937 53920 1586
53937 53936 673
53937 53938 2485
53940 53922 885
53940 53935 2356
53940 53938 1067
53942 53914 940
53942 53946 1447
53942 53949 3358
53962 53949 418
53962 53953 337
53962 53967 1483
55153 55151 747
55153 55180 650
55153 55181 2485
55154 55151 2686
55154 55172 810
55154 55181 751
55154 55191 1747
53965 53964 1560
53965 53968 558
53965 53970 202
53968 53965 558
53968 53966 418
53968 53974 1363
53969 53958 1560
53969 53961 810
53969 53974 890
53969 54624 1483
53975 53974 1411
53975 54624 976
53975 56304 1546
55229 55190 818
55229 55191 1747
55229 55230 713
55233 55226 2348
55233 55230 1065
55233 55239 1832
55233 55246 985
55246 55233 985
55246 55240 2143
55246 55245 2216
55246 55248 906
56305 54624 1483
56305 54627 837
56305 56304 1029
56305 56307 673
56307 56305 673
56307 56308 976
56307 56310 1210
56306 54626 751
56306 54627 1883
56306 56310 837
56306 56316 2134
56312 56310 2273
56312 56316 810
56312 56326 948
56312 56327 848
56322 56319 697
56322 56325 738
56322 56326 928
56323 56319 537
56348 56320 202
56348 56328 474
56348 56349 1206
55248 55246 906
55248 55247 2216
55248 55250 2204
55248 55252 985
55252 55248 985
55252 55414 2085
55252 55419 511
55421 55419 948
55421 55422 279
53868 53867 751
53868 53869 1275
53868 53910 948
53915 53869 1436
53915 53920 810
53915 53936 1560
53918 53869 2449
53918 53917 837
53918 53919 605
53936 53915 1560
53936 53919 558
53936 53937 673
53922 53921 4766
53922 53930 747
53922 53940 885
53922 55151 1142
53935 53933 1343
53935 53939 697
53935 53940 2356
53914 53866 890
53914 53941 1447
53914 53942 940
53946 53941 940
53946 53942 1447
53946 53945 738
53953 53951 1210
53953 53962 337
53953 53964 418
55151 53922 1142
55151 55152 697
55151 55153 747
55151 55154 2686
55172 55154 810
55172 55165 837
55172 55171 2829
55172 55192 1611
55191 55154 1747
55191 55192 837
55191 55229 1747
53964 53953 418
53964 53956 374
53964 53965 1560
53966 53943 1394
53966 53958 552
53966 53968 418
53958 53954 810
53958 53960 1029
53958 53966 552
53958 53969 1560
53961 53960 1477
53961 53969 810
53961 54602 837
53961 54622 1620
54624 53969 1483
54624 53975 976
54624 54622 837
54624 56305 1483
55230 55192 1560
55230 55229 713
55230 55231 951
55230 55233 1065
55226 55227 2104
55226 55233 2348
55226 55244 906
55226 55245 952
55245 55226 952
55245 55246 2216
55245 55247 906
55245 55393 2366
54627 54622 1483
54627 56305 837
54627 56306 1883
54626 54621 3029
54626 54625 673
54626 56306 751
54626 56315 2088
56316 56306 2134
56316 56312 810
56316 56315 810
56326 56312 948
56326 56322 928
56326 56328 677
56327 56312 848
56327 56329 1683
56325 56322 738
56328 56326 677
56328 56329 747
56328 56348 474
56349 56348 1206
55247 55245 906
55247 55248 2216
55247 55396 2412
55247 55414 952
55414 55247 952
55414 55252 2085
55414 55415 917
55414 55417 1080
55422 55418 2646
55422 55421 279
55422 55423 873
53867 53865 1345
53867 53866 879
53867 53868 751
53910 53860 476
53910 53868 948
53910 53911 1210
53917 53911 630
53917 53912 279
53917 53918 837
53919 53918 605
53919 53933 928
53919 53936 558
53921 53907 610
53921 53908 404
53921 53922 4766
53930 53922 747
53930 53925 3357
53930 53932 713
53930 55152 1275
53933 53919 928
53933 53934 337
53933 53935 1343
53939 53935 697
53866 53867 879
53866 53913 1447
53866 53914 890
53941 53913 890
53941 53914 1447
53941 53946 940
53945 53895 418
53945 53946 738
53945 53947 677
53945 56731 611
53951 53947 1142
53951 53952 751
53951 53953 1210
55152 53930 1275
55152 55151 697
55152 55171 279
55165 55164 3029
55165 55169 890
55165 55172 837
55165 55228 1678
55171 55149 475
55171 55152 279
55171 55172 2829
55192 55172 1611
55192 55191 837
55192 55228 890
55192 55230 1560
53956 53943 475
53956 53952 1346
53956 53964 374
53943 53944 2138
53943 53954 818
53943 53956 475
53943 53966 1394
53954 53894 3157
53954 53899 837
53954 53943 818
53954 53958 810
53960 53958 1029
53960 53959 738
53960 53961 1477
54602 53959 1683
54602 53961 837
54602 54603 751
54602 54621 1883
54622 53961 1620
54622 54624 837
54622 54627 1483
55231 55228 1225
55231 55230 951
55231 55232 1085
55227 55225 404
55227 55226 2104
55244 55212 475
55244 55226 906
55244 55232 374
55393 55245 2366
55393 55392 1394
54621 54602 1883
54621 54623 789
54621 54626 3029
54625 54623 2821
54625 54626 673
54625 56313 537
56315 54626 2088
56315 56314 1086
56315 56316 810
56329 56327 1683
56329 56328 747
56329 56351 558
55396 55247 2412
55396 55394 1168
55415 55414 917
55415 55416 707
55415 56827 762
55417 55414 1080
55417 55418 1284
55418 55417 1284
55418 55422 2646
55418 55426 2630
55418 55429 873
55423 55422 873
55423 55424 796
55423 55429 2646
53865 53864 279
53865 53867 1345
53865 53913 750
53860 53855 2686
53860 53910 476
53911 53910 1210
53911 53917 630
53912 53907 677
53912 53917 279
53907 53912 677
53907 53921 610
53908 53921 404
53925 53930 3357
53932 53930 713
53932 55149 1343
53934 53933 337
53913 53865 750
53913 53866 1447
53913 53941 890
53895 53894 890
53895 53944 691
53895 53945 418
53947 53945 677
53947 53951 1142
56731 53945 611
53952 53951 751
53952 53956 1346
55164 55149 374
55164 55165 3029
55169 55165 890
55228 55165 1678
55228 55192 890
55228 55231 1225
55149 53932 1343
55149 55164 374
55149 55171 475
53944 53895 691
53944 53943 2138
53894 53895 890
53894 53954 3157
53899 53954 837
53959 53960 738
53959 54602 1683
54603 54602 751
54603 54623 2019
55232 55231 1085
55232 55244 374
55225 55227 404
55212 55244 475
55392 55393 1394
55392 55394 1009
54623 54603 2019
54623 54621 789
54623 54625 2821
56313 54625 537
56313 56314 2181
56314 56313 2181
56314 56315 1086
56351 56329 558
55394 55392 1009
55394 55396 1168
55416 55415 707
56827 55415 762
55426 55418 2630
55429 55418 873
55429 55423 2646
55424 55423 796
53864 53865 279
53855 53860 2686
32
53911
53912
53907
53908
53925
53932
53895
56731
53952
55164
55169
55228
55149
53944
53894
53899
53959
54603
55232
55225
55212
55392
54623
56313
56314
55394
55416
55426
55429
55424
53864
53855
