462
225961 225962 696
225961 227649 1870
225961 235523 433
225962 225961 696
225962 227619 282
225962 227650 71
227649 225961 1870
227649 235519 617
235523 225961 433
235523 235522 404
235523 235524 625
227619 225962 282
227619 227612 1427
227650 225962 71
227650 227651 2226
235519 227649 617
235519 235520 109
235522 235521 425
235522 235523 404
235524 235523 625
227612 227613 345
227612 227618 1564
227612 227619 1427
227651 227650 2226
227651 227653 2322
227651 227656 715
235520 235519 109
235521 235522 425
227613 227612 345
227613 235231 145
227618 227612 1564
227618 227617 105
227653 227648 413
227653 227651 2322
227656 227651 715
227656 227654 177
235231 227611 624
235231 227613 145
227617 227618 105
227617 227620 475
227648 227614 2271
227648 227653 413
227648 227660 333
227654 227655 198
227654 227656 177
227654 227664 1427
227611 227609 445
227611 227614 1523
227611 235231 624
227620 227617 475
227620 227622 1370
227614 227611 1523
227614 227648 2271
227660 227648 333
227660 227658 817
227655 227654 198
227655 235232 221
227664 227654 1427
227664 227662 2347
227664 227665 1084
227664 227666 2778
227609 227608 1344
227609 227610 502
227609 227611 445
227622 227620 1370
227622 227621 454
227658 227587 1014
227658 227660 817
227658 227661 3497
235232 227655 221
227662 227663 2710
227662 227664 2347
227662 227666 1758
227665 227664 1084
227665 227671 2439
227665 227684 261
227666 227662 1758
227666 227663 1143
227666 227664 2778
227608 227572 556
227608 227602 602
227608 227609 1344
227610 227609 502
227610 235230 1179
227610 235236 584
227621 227622 454
227621 227668 546
227621 227669 1950
227587 227579 1139
227587 227657 844
227587 227658 1014
227661 227658 3497
227661 227659 1114
227661 227903 1011
227663 227662 2710
227663 227666 1143
227663 227902 1193
227671 227665 2439
227671 227672 596
227671 227673 893
227684 227665 261
227684 227685 1096
227572 227564 1635
227572 227566 1454
227572 227608 556
227602 227600 491
227602 227608 602
235230 227605 323
235230 227610 1179
235236 227593 179
235236 227610 584
227668 227621 546
227668 227638 1409
227669 227621 1950
227669 227670 1004
227579 227573 3193
227579 227583 1669
227579 227587 1139
227657 227587 844
227657 227591 924
227657 227659 2386
227659 227657 2386
227659 227661 1114
227659 227854 1000
227903 227661 1011
227903 227904 1234
227903 227905 947
227902 227663 1193
227902 227906 824
227672 227671 596
227673 227671 893
227673 227674 753
227673 227675 782
227685 227684 1096
227685 227686 2248
227685 227687 762
227564 227563 665
227564 227565 1004
227564 227572 1635
227566 227559 1906
227566 227571 679
227566 227572 1454
227600 227594 296
227600 227601 562
227600 227602 491
227605 227604 549
227605 235230 323
227593 227510 2532
227593 235236 179
227638 227639 670
227638 227668 1409
227638 234410 712
227670 227669 1004
227573 227571 353
227573 227579 3193
227583 227579 1669
227583 227584 782
227583 227586 844
227591 227590 1004
227591 227592 1380
227591 227657 924
227854 227589 2303
227854 227592 753
227854 227659 1000
227904 227857 2111
227904 227903 1234
227904 227909 1348
227905 227903 947
227905 227906 1084
227905 227909 782
227906 227902 824
227906 227905 1084
227906 227907 875
227674 227673 753
227675 227673 782
227675 227682 1094
227686 227685 2248
227687 227437 326
227687 227685 762
227687 227921 1940
227563 227561 596
227563 227564 665
227565 227564 1004
227559 227557 1336
227559 227566 1906
227559 227567 850
227571 227566 679
227571 227573 353
227594 227554 1726
227594 227600 296
227601 227600 562
227604 227597 596
227604 227605 549
227604 235235 1582
227510 227507 1234
227510 227593 2532
227639 227638 670
234410 227638 712
234410 234409 1009
234410 235233 1787
227584 227583 782
227584 227585 1772
227584 234320 666
227586 227583 844
227586 227589 1094
227586 227590 889
227590 227586 889
227590 227591 1004
227590 227592 1832
227592 227590 1832
227592 227591 1380
227592 227854 753
227589 227585 782
227589 227586 1094
227589 227854 2303
227857 227588 2177
227857 227855 889
227857 227904 2111
227909 227904 1348
227909 227905 782
227909 227910 1275
227907 227906 875
227907 227912 875
227907 227954 3356
227682 227675 1094
227682 227683 3029
227682 227688 670
227437 227434 232
227437 227687 326
227921 227687 1940
227921 227923 712
227921 227935 1523
227561 227553 604
227561 227562 1114
227561 227563 596
227557 227558 1675
227557 227559 1336
227557 227560 4042
227567 227559 850
227554 227507 670
227554 227555 667
227554 227594 1726
227597 227603 1004
227597 227604 596
235235 227604 1582
235235 227615 425
227507 227510 1234
227507 227554 670
234409 234410 1009
234409 235233 1117
235233 227646 79
235233 234409 1117
235233 234410 1787
227585 227584 1772
227585 227588 670
227585 227589 782
234320 227584 666
227588 227585 670
227588 227851 1428
227588 227857 2177
227855 227851 796
227855 227857 889
227855 227858 761
227910 227878 2715
227910 227909 1275
227910 227911 672
227912 227907 875
227912 227916 746
227912 227917 1689
227954 227878 866
227954 227907 3356
227954 227955 333
227683 227682 3029
227688 227682 670
227688 227690 1124
227688 227922 1977
227688 227934 1438
227434 227433 777
227434 227437 232
227923 227921 712
227923 227922 2102
227923 227924 333
227935 227914 556
227935 227921 1523
227935 227936 1004
227553 227552 507
227553 227561 604
227562 227561 1114
227558 226814 1060
227558 227557 1675
227558 227577 2604
227560 227557 4042
227560 227578 1454
227560 227581 1029
227555 227554 667
227555 234449 3478
227603 227597 1004
227615 227598 560
227615 235235 425
227646 235233 79
227851 227588 1428
227851 227855 796
227851 227856 373
227858 227855 761
227858 227872 251
227878 227877 455
227878 227910 2715
227878 227954 866
227911 227910 672
227916 227912 746
227916 227915 278
227916 227917 1411
227917 227912 1689
227917 227916 1411
227917 227919 712
227955 227954 333
227955 227956 237
227690 227681 818
227690 227688 1124
227690 227931 3190
227922 227688 1977
227922 227923 2102
227922 227925 1423
227934 227688 1438
227433 227434 777
227433 227531 164
227433 227667 1972
227924 227923 333
227924 227925 1635
227924 227926 1844
227914 227908 796
227914 227935 556
227914 227965 2438
227936 227926 782
227936 227935 1004
227936 227937 845
227552 227553 507
226814 226815 2838
226814 226816 1702
226814 227558 1060
227577 227558 2604
227577 227578 1491
227577 227580 1880
227578 227560 1454
227578 227577 1491
227578 227580 1161
227581 227560 1029
234449 227555 3478
227598 227599 1124
227598 227615 560
227598 227616 494
227856 227851 373
227872 227858 251
227872 227871 222
227872 227873 1114
227877 227878 455
227877 227913 665
227877 227957 568
227915 227916 278
227915 227918 535
227919 227917 712
227919 227918 1058
227919 227956 817
227956 227919 817
227956 227955 237
227956 227958 785
227681 227680 2320
227681 227690 818
227681 227691 244
227931 227690 3190
227931 227925 1334
227931 227927 941
227925 227922 1423
227925 227924 1635
227925 227931 1334
227925 227932 753
227531 227433 164
227667 227433 1972
227667 227908 945
227667 227920 2304
227926 227924 1844
227926 227936 782
227926 227939 905
227908 227667 945
227908 227914 796
227908 227920 1606
227965 227914 2438
227965 227963 796
227965 227991 433
227937 227936 845
227937 227938 562
227937 227940 1780
227937 227941 753
226815 226814 2838
226815 227415 3232
226815 227547 927
226815 227574 861
226816 226814 1702
227580 227577 1880
227580 227578 1161
227580 227582 679
227599 227598 1124
227599 227616 629
227599 227624 782
227616 227598 494
227616 227599 629
227871 227870 580
227871 227872 222
227873 227872 1114
227913 227877 665
227957 227877 568
227957 227897 610
227957 227961 611
227918 227915 535
227918 227919 1058
227958 227956 785
227958 227959 562
227958 227960 586
227680 227681 2320
227680 227689 786
227691 227681 244
227691 227692 318
227691 228381 985
227927 227928 640
227927 227929 1271
227927 227931 941
227932 227925 753
227932 227933 889
227932 227939 679
227920 227667 2304
227920 227908 1606
227920 227963 1172
227939 227926 905
227939 227932 679
227939 227940 837
227963 227920 1172
227963 227964 2084
227963 227965 796
227991 227965 433
227991 227969 748
227938 227937 562
227940 227937 1780
227940 227939 837
227941 227937 753
227415 226815 3232
227547 226815 927
227574 226815 861
227582 227580 679
227624 227599 782
227870 227871 580
227897 227957 610
227961 227957 611
227959 227958 562
227960 227958 586
227689 227680 786
227692 227691 318
228381 227691 985
227928 227927 640
227929 227927 1271
227933 227932 889
227964 227963 2084
227969 227991 748
48
227620
227622
227621
227668
227669
227638
227670
227675
227510
227639
234410
227682
227597
227507
234409
235233
227683
227688
227603
227646
227690
227922
227934
227681
227931
227925
227680
227691
227927
227932
227939
227940
227941
227415
227547
227574
227624
227870
227897
227961
227960
227689
227692
228381
227928
227929
227933
227969
