46
14538 14557 673
14538 15911 968
14557 14538 673
14557 16102 3067
14557 16103 1321
15911 14538 968
15911 15821 1109
15911 15910 698
16102 14557 3067
16103 14557 1321
15821 15911 1109
15910 14593 887
15910 15911 698
15910 15912 451
14593 14576 311
14593 15910 887
14593 15913 316
15912 15910 451
14576 14574 592
14576 14593 311
14576 14594 1276
15913 14593 316
14574 14573 596
14574 14576 592
14574 14592 831
14594 14573 116
14594 14576 1276
14594 14806 305
14594 14806 305
14573 14574 596
14573 14575 678
14573 14594 116
14592 14574 831
14806 14594 305
14806 14594 305
14806 14976 76
14575 14573 678
14976 14806 76
14976 14975 486
14976 15566 263
14975 14562 229
14975 14976 486
14975 15305 287
15566 14976 263
14562 14975 229
15305 14975 287
22
14538
14557
15911
16102
16103
15821
15910
14593
15912
14576
15913
14574
14594
14573
14592
14806
14575
14976
14975
15566
14562
15305
