406
40300 40301 1964
40300 40481 484
40300 40514 1847
40301 40300 1964
40481 40300 484
40481 40514 1592
40481 40598 1756
40514 40300 1847
40514 40481 1592
40514 41414 607
40598 40481 1756
41414 40514 607
41414 41413 323
41414 44126 562
41413 41414 323
41413 44126 239
41413 44184 12
44126 41386 153
44126 41413 239
44126 41414 562
44184 41413 12
41386 40608 1810
41386 43914 1869
41386 44126 153
40608 40607 522
40608 41001 459
40608 41386 1810
43914 41386 1869
43914 43917 1356
43914 46353 1966
40607 40608 522
40607 40611 415
40607 43917 910
41001 40608 459
41001 40998 179
41001 41392 209
41001 41401 288
43917 40607 910
43917 43914 1356
46353 43914 1966
46353 43927 4128
46353 50260 1547
40611 40607 415
40611 40998 318
40998 40611 318
40998 40999 320
40998 41001 179
41392 41001 209
41401 41001 288
43927 43926 3856
43927 46353 4128
50260 46353 1547
40999 40998 320
43926 43922 2358
43926 43927 3856
43926 43931 1224
43922 43923 122
43922 43924 160
43922 43926 2358
43931 43926 1224
43931 43928 1258
43931 43935 1099
43923 43922 122
43923 43924 101
43923 50567 290
43924 43920 516
43924 43922 160
43924 43923 101
43928 43929 276
43928 43930 1103
43928 43931 1258
43928 43932 697
43935 43930 927
43935 43931 1099
43935 43936 827
50567 43919 270
50567 43923 290
50567 50568 192
43920 43918 983
43920 43921 18
43920 43924 516
43929 43928 276
43930 43928 1103
43930 43933 581
43930 43934 751
43930 43935 927
43932 43928 697
43936 43934 883
43936 43935 827
43936 43943 537
43919 43921 433
43919 50567 270
50568 50567 192
43918 43889 4174
43918 43916 474
43918 43920 983
43921 43919 433
43921 43920 18
43933 43930 581
43934 43930 751
43934 43936 883
43934 43937 476
43934 43938 557
43943 43936 537
43943 43944 1395
43943 43945 870
43889 43887 354
43889 43890 551
43889 43918 4174
43916 43888 2231
43916 43913 2217
43916 43918 474
43937 43934 476
43938 43934 557
43944 43939 682
43944 43943 1395
43944 43946 1152
43945 43943 870
43945 43946 1636
43945 44129 827
43887 43880 1628
43887 43889 354
43890 43884 2517
43890 43889 551
43888 43879 1143
43888 43916 2231
43913 43878 1009
43913 43916 2217
43939 43940 2081
43939 43942 1901
43939 43944 682
43946 43944 1152
43946 43945 1636
44129 43945 827
43880 43881 1103
43880 43882 2252
43880 43887 1628
43884 43882 537
43884 43883 751
43884 43890 2517
43879 43876 1031
43879 43888 1143
43878 43877 336
43878 43913 1009
43940 43939 2081
43940 43941 2305
43940 43942 1026
43942 43939 1901
43942 43940 1026
43942 43948 2273
43942 43949 1864
43881 43880 1103
43882 43860 1534
43882 43880 2252
43882 43884 537
43883 43859 3330
43883 43884 751
43876 43877 418
43876 43879 1031
43877 43876 418
43877 43878 336
43941 43940 2305
43948 43942 2273
43949 43942 1864
43949 43950 2035
43949 43951 751
43860 43855 276
43860 43861 751
43860 43882 1534
43859 43858 605
43859 43883 3330
43950 43949 2035
43950 44273 1152
43950 50267 1083
43951 43949 751
43951 43952 789
43951 43954 1692
43855 43856 878
43855 43860 276
43861 43860 751
43858 43859 605
44273 43950 1152
44273 44274 476
44273 44277 4687
50267 43950 1083
50267 44299 849
43952 43951 789
43952 43953 2068
43952 43954 905
43954 43951 1692
43954 43952 905
43954 44136 789
43954 44137 2204
43856 43855 878
44274 44273 476
44277 44142 1022
44277 44273 4687
44277 44275 650
44299 44142 2160
44299 50267 849
43953 43952 2068
44136 43954 789
44136 44138 677
44136 44139 2204
44137 43954 2204
44142 44277 1022
44142 44299 2160
44142 44528 1810
44275 44276 4842
44275 44277 650
44275 44301 713
44275 44527 905
44138 44136 677
44138 44141 2104
44139 44136 2204
44528 44142 1810
44276 44275 4842
44301 44275 713
44301 44302 2425
44301 44306 951
44301 44529 1394
44527 44275 905
44141 44138 2104
44302 44300 841
44302 44301 2425
44306 44291 2283
44306 44301 951
44306 44305 581
44529 44301 1394
44529 44540 1518
44300 44290 1055
44300 44302 841
44291 44289 747
44291 44290 952
44291 44303 452
44291 44306 2283
44305 44289 2401
44305 44306 581
44305 44308 333
44540 44529 1518
44540 44541 789
44540 44542 848
44540 44543 612
44290 44288 688
44290 44291 952
44290 44300 1055
44289 44288 789
44289 44291 747
44289 44304 796
44289 44305 2401
44303 44291 452
44308 44305 333
44308 44307 279
44308 44309 1854
44541 44537 1530
44541 44540 789
44542 44540 848
44542 44545 354
44542 44546 452
44543 44535 848
44543 44540 612
44288 44278 984
44288 44284 688
44288 44289 789
44288 44290 688
44304 44289 796
44304 44293 848
44304 44307 2338
44307 44296 818
44307 44304 2338
44307 44308 279
44309 44308 1854
44537 44536 747
44537 44541 1530
44537 44544 202
44537 44548 905
44545 44542 354
44546 44530 475
44546 44542 452
44535 44534 947
44535 44543 848
44535 44544 354
44278 44279 1293
44278 44282 951
44278 44288 984
44284 44282 1099
44284 44288 688
44284 44292 924
44293 44292 709
44293 44294 796
44293 44296 2420
44293 44304 848
44296 44293 2420
44296 44298 848
44296 44307 818
44536 44534 168
44536 44537 747
44536 44565 1672
44536 44567 1932
44544 44535 354
44544 44537 202
44548 44537 905
44548 44550 836
44530 44531 1140
44530 44546 475
44534 44535 947
44534 44536 168
44279 44278 1293
44282 44278 951
44282 44281 849
44282 44283 688
44282 44284 1099
44292 44284 924
44292 44285 1014
44292 44293 709
44292 50548 719
44294 44285 673
44294 44293 796
44294 44297 2063
44294 44298 2257
44298 44294 2257
44298 44296 848
44298 44314 1636
44565 44536 1672
44567 44536 1932
44567 44568 976
44567 44571 890
44550 44548 836
44531 44530 1140
44531 44552 951
44531 44555 1259
44281 44258 1719
44281 44280 344
44281 44282 849
44283 44282 688
44285 44286 827
44285 44292 1014
44285 44294 673
44285 44295 1901
50548 44292 719
44297 44294 2063
44297 44295 870
44297 44316 60
44314 44298 1636
44314 44315 1659
44314 44324 511
44568 44567 976
44571 44567 890
44571 44572 697
44552 44531 951
44552 44553 344
44552 44554 1224
44555 44531 1259
44555 44554 848
44258 44259 18
44258 44281 1719
44280 44281 344
44286 44285 827
44286 44287 1357
44286 50547 459
44295 44266 905
44295 44285 1901
44295 44297 870
44316 44297 60
44316 44324 1953
44315 44314 1659
44324 44314 511
44324 44316 1953
44324 44325 610
44324 44326 1063
44572 44571 697
44553 44552 344
44554 44552 1224
44554 44555 848
44554 44562 276
44259 44258 18
44259 44310 1753
44287 44286 1357
44287 44310 333
50547 44286 459
44266 44202 927
44266 44295 905
44325 44324 610
44326 44324 1063
44326 44327 168
44562 44554 276
44310 44259 1753
44310 44287 333
44202 44201 4324
44202 44266 927
44327 44326 168
44327 44328 435
44201 44196 5772
44201 44202 4324
44328 44327 435
44328 44551 1116
44196 44197 3734
44196 44201 5772
44551 44328 1116
44551 44590 6983
44197 44196 3734
44590 44551 6983
44590 44591 925
44591 44590 925
44591 44592 757
44592 44591 757
175
40300
40301
40481
40514
40598
41414
41413
44126
44184
41386
40608
43914
40607
41001
43917
46353
40611
40998
41392
41401
43927
50260
40999
43926
43922
43931
43923
43924
43928
43935
50567
43920
43929
43930
43932
43936
43919
50568
43918
43921
43933
43934
43943
43889
43916
43937
43938
43944
43945
43887
43890
43888
43913
43939
43946
44129
43880
43884
43879
43878
43940
43942
43881
43882
43883
43876
43877
43941
43948
43949
43860
43859
43950
43951
43855
43861
43858
44273
50267
43952
43954
43856
44274
44277
44299
43953
44136
44137
44142
44275
44138
44139
44528
44276
44301
44527
44141
44302
44306
44529
44300
44291
44305
44540
44290
44289
44303
44308
44541
44542
44543
44288
44304
44307
44309
44537
44545
44546
44535
44278
44284
44293
44296
44536
44544
44548
44530
44534
44279
44282
44292
44294
44298
44565
44567
44550
44531
44281
44283
44285
50548
44297
44314
44568
44571
44552
44555
44258
44280
44286
44295
44316
44315
44324
44572
44553
44554
44259
44287
50547
44266
44325
44326
44562
44310
44202
44327
44201
44328
44196
44551
44197
44590
44591
44592
