484
82672 82673 1561
82672 82679 1539
82672 85866 1427
82672 85867 793
82673 82672 1561
82673 82674 726
82673 85868 875
82679 82672 1539
82679 85748 686
85866 82672 1427
85866 85850 1086
85866 85863 1621
85866 90791 1140
85867 82672 793
85867 85868 1531
85867 85886 793
85867 91053 743
82674 82673 726
82674 82675 836
82674 85845 3214
85868 82673 875
85868 85867 1531
85868 85883 712
85748 82679 686
85748 85752 2057
85748 85754 374
85850 85849 863
85850 85866 1086
85863 85861 723
85863 85864 947
85863 85866 1621
85863 85886 1324
90791 85866 1140
85886 85863 1324
85886 85867 793
85886 85883 1561
85886 85885 709
91053 85867 743
82675 82674 836
82675 82676 690
82675 85846 3125
85845 82674 3214
85845 85846 896
85845 85878 1623
85845 85879 1960
85883 85868 712
85883 85884 887
85883 85886 1561
85752 85741 1893
85752 85748 2057
85752 85796 698
85754 85748 374
85754 85753 419
85849 85848 141
85849 85850 863
85849 85865 1606
85861 85860 1571
85861 85862 1262
85861 85863 723
85864 85863 947
85864 85865 923
85885 85882 1176
85885 85884 2118
85885 85886 709
82676 82675 690
82676 82677 737
82676 85874 3092
85846 82675 3125
85846 85845 896
85846 85874 664
85878 85845 1623
85878 85877 1837
85878 85881 1427
85879 85845 1960
85879 85875 1898
85879 85882 410
85884 85883 887
85884 85885 2118
85741 85740 614
85741 85742 1561
85741 85752 1893
85796 85740 1837
85796 85752 698
85796 85753 1232
85796 85755 607
85753 85754 419
85753 85755 1068
85753 85796 1232
85848 85843 994
85848 85847 953
85848 85849 141
85865 85849 1606
85865 85864 923
85860 85859 929
85860 85861 1571
85860 85882 1458
85862 85861 1262
85882 85860 1458
85882 85879 410
85882 85885 1176
82677 82676 737
82677 82678 2315
82677 85797 611
82677 85880 3048
85874 82676 3092
85874 85846 664
85874 85880 795
85877 85876 1455
85877 85878 1837
85877 86041 1111
85881 85878 1427
85881 85880 1434
85881 86041 2218
85875 85859 2890
85875 85876 2002
85875 85879 1898
85740 85741 614
85740 85743 1619
85740 85796 1837
85742 85741 1561
85742 85743 698
85742 85751 900
85742 85777 1396
85755 85753 1068
85755 85756 2237
85755 85796 607
85843 85842 1004
85843 85844 871
85843 85848 994
85847 85844 1015
85847 85848 953
85847 90792 221
85859 85858 651
85859 85860 929
85859 85875 2890
82678 82677 2315
82678 85615 6462
85797 82677 611
85797 85798 256
85797 86005 713
85880 82677 3048
85880 85874 795
85880 85881 1434
85880 86004 748
85876 85875 2002
85876 85877 1455
85876 91421 1542
86041 85877 1111
86041 85881 2218
86041 86042 1447
86041 86075 803
85743 85740 1619
85743 85742 698
85743 85780 1031
85751 85742 900
85751 85749 745
85777 85742 1396
85777 85776 554
85777 85781 1184
85756 85755 2237
85756 85757 607
85842 85771 1685
85842 85841 1528
85842 85843 1004
85842 85851 4480
85844 85843 871
85844 85847 1015
90792 85847 221
85858 85853 1164
85858 85856 943
85858 85859 651
85615 82678 6462
85615 85614 1222
85615 85702 1213
85615 85734 675
85798 85797 256
85798 85799 1796
85798 85800 800
86005 85797 713
86005 86004 2305
86004 85880 748
86004 85930 985
86004 86005 2305
86004 86045 2287
91421 85876 1542
91421 91422 713
91421 91423 793
86042 86041 1447
86042 86043 1105
86042 86074 1124
86075 86041 803
86075 86062 3646
86075 86076 795
85780 85743 1031
85780 85757 754
85780 85779 1170
85749 85734 374
85749 85750 4683
85749 85751 745
85776 85775 554
85776 85777 554
85776 91806 4217
85781 85777 1184
85781 85782 602
85781 91805 2454
85757 85756 607
85757 85758 1067
85757 85780 754
85771 85770 3121
85771 85842 1685
85841 85839 5811
85841 85842 1528
85851 85842 4480
85851 85852 809
85851 90644 3905
85853 85852 356
85853 85854 787
85853 85858 1164
85853 86282 1709
85856 85854 1145
85856 85857 521
85856 85858 943
85614 85608 2243
85614 85615 1222
85614 85728 2113
85702 85357 1512
85702 85615 1213
85734 85615 675
85734 85735 2283
85734 85749 374
85799 85798 1796
85800 85798 800
85800 85801 374
85800 85933 680
85930 85931 1086
85930 85933 2217
85930 86004 985
85930 91058 1225
86045 86004 2287
86045 86015 277
86045 86044 838
91422 91421 713
91423 91421 793
91423 91424 885
91423 91425 633
91423 91946 5297
86043 86016 333
86043 86042 1105
86043 86044 1068
86074 86042 1124
86074 86072 875
86074 86092 1701
86062 85889 686
86062 86063 782
86062 86075 3646
86076 86075 795
85779 85758 607
85779 85778 559
85779 85780 1170
85750 85749 4683
85775 85772 957
85775 85776 554
85775 90638 355
91806 85776 4217
85782 85781 602
85782 85783 977
85782 85791 783
91805 85781 2454
85758 85757 1067
85758 85779 607
85770 85769 356
85770 85771 3121
85770 85828 1752
85839 85827 1563
85839 85837 1768
85839 85841 5811
85852 85851 809
85852 85853 356
85852 86283 660
90644 85851 3905
85854 85853 787
85854 85855 403
85854 85856 1145
86282 85853 1709
86282 86281 417
86282 91947 776
85857 85856 521
85608 85455 512
85608 85609 1122
85608 85614 2243
85728 85614 2113
85728 85723 1259
85728 85727 838
85357 85344 676
85357 85358 1928
85357 85702 1512
85357 85715 711
85735 85342 230
85735 85734 2283
85735 90638 404
85801 85739 1862
85801 85800 374
85801 85906 818
85933 85800 680
85933 85930 2217
85933 86010 611
85931 85675 951
85931 85930 1086
85931 85932 1542
91058 85930 1225
86015 86016 1425
86015 86018 876
86015 86045 277
86044 86043 1068
86044 86045 838
91424 91423 885
91425 91423 633
91425 91426 1086
91425 91427 633
91946 91423 5297
86016 86015 1425
86016 86017 778
86016 86043 333
86072 86070 1105
86072 86073 344
86072 86074 875
86072 86094 467
86092 86074 1701
86092 86078 713
86092 86093 846
85889 85888 769
85889 85890 789
85889 86062 686
85889 86099 2127
86063 86062 782
86063 86064 1039
86063 86065 782
85778 85768 1359
85778 85779 559
85778 85783 458
85778 85784 1459
85772 85773 547
85772 85774 647
85772 85775 957
90638 85735 404
90638 85775 355
90638 91807 3607
85783 85778 458
85783 85782 977
85783 85785 678
85791 85782 783
85791 85785 1049
85791 85790 651
85769 85768 1232
85769 85770 356
85769 85792 1832
85828 85770 1752
85828 85792 1157
85828 85818 2463
85827 85817 2540
85827 85826 876
85827 85839 1563
85837 85836 2423
85837 85838 709
85837 85839 1768
86283 85852 660
86283 86280 518
86283 91960 646
85855 85854 403
86281 86280 575
86281 86282 417
86281 91948 597
86281 91958 651
91947 86282 776
85455 85456 379
85455 85464 2287
85455 85608 512
85609 85608 1122
85609 85610 937
85609 85613 1324
85723 85464 611
85723 85724 1308
85723 85728 1259
85727 85715 743
85727 85726 1585
85727 85728 838
85344 84697 2638
85344 85343 443
85344 85357 676
85358 85357 1928
85358 85359 803
85358 85712 897
85715 85357 711
85715 85716 434
85715 85727 743
85342 85343 449
85342 85735 230
85739 85738 1463
85739 85801 1862
85906 85737 1977
85906 85801 818
85906 85907 951
85906 85932 1308
86010 85933 611
85675 85674 651
85675 85676 338
85675 85931 951
85675 85934 1463
85932 85906 1308
85932 85931 1542
85932 85934 925
86018 86015 876
86018 86017 2137
86018 91056 405
91426 91425 1086
91427 91076 754
91427 91425 633
91427 91428 1086
86017 86016 778
86017 86018 2137
86017 91060 344
86070 86068 677
86070 86072 1105
86073 86072 344
86094 86072 467
86094 86093 1017
86078 86092 713
86093 86092 846
86093 86094 1017
85888 85889 769
85890 85889 789
86099 85889 2127
86064 86063 1039
86065 86063 782
85768 85769 1232
85768 85778 1359
85784 85778 1459
85773 85772 547
85774 85772 647
91807 90638 3607
85785 85783 678
85785 85791 1049
85790 85791 651
85792 85769 1832
85792 85828 1157
85818 85817 3030
85818 85828 2463
85817 85818 3030
85817 85827 2540
85826 85827 876
85836 85837 2423
85838 85837 709
86280 86281 575
86280 86283 518
91960 86283 646
91948 86281 597
91958 86281 651
85456 85455 379
85464 85455 2287
85464 85723 611
85610 85609 937
85613 85609 1324
85724 85723 1308
85724 85726 581
85726 85724 581
85726 85727 1585
84697 85344 2638
85343 85342 449
85343 85344 443
85359 85358 803
85712 85358 897
85716 85715 434
85738 85739 1463
85737 85906 1977
85907 85906 951
85674 85675 651
85676 85675 338
85934 85675 1463
85934 85932 925
91056 86018 405
91076 91427 754
91428 91427 1086
91060 86017 344
86068 86070 677
35
86070
86094
86078
86093
85888
85890
86099
86065
85768
85784
85785
85790
85792
85818
85817
85826
85836
86280
91948
85456
85464
85610
85724
85726
84697
85359
85712
85716
85737
85907
85674
85676
85934
91076
86068
