28
125631 125636 169
125636 125631 169
125636 125637 169
125636 125638 1130
125637 125636 169
125637 125646 2917
125638 125636 1130
125638 125652 1980
125646 125637 2917
125646 125647 1494
125646 125649 710
125652 125638 1980
125652 125650 3696
125652 125653 1009
125647 125646 1494
125647 125650 1429
125647 125651 2182
125647 125651 2182
125649 125646 710
125650 125647 1429
125650 125652 3696
125650 125654 1086
125653 125652 1009
125651 125647 2182
125651 125647 2182
125651 125968 828
125654 125650 1086
125968 125651 828
13
125631
125636
125637
125638
125646
125652
125647
125649
125650
125653
125651
125654
125968
