490
162554 162555 712
162555 162554 712
162555 169911 1637
162555 169951 1186
162555 169952 2044
169911 162555 1637
169911 169910 2560
169911 169912 1038
169911 169953 796
169951 162555 1186
169951 169850 675
169951 169952 2036
169952 162555 2044
169952 169837 796
169952 169951 2036
169952 169953 2421
169910 169908 688
169910 169911 2560
169910 170083 907
169912 169911 1038
169912 169986 434
169953 169911 796
169953 169952 2421
169953 169954 333
169850 169849 1382
169850 169857 1344
169850 169897 1055
169850 169951 675
169837 169836 1227
169837 169838 767
169837 169952 796
169908 169909 810
169908 169910 688
169908 169922 475
170083 169910 907
170083 170084 1293
169986 169912 434
169986 169976 782
169986 169985 1248
169954 169953 333
169954 169955 1768
169954 172737 631
169849 169850 1382
169849 169851 1459
169849 169900 778
169857 169850 1344
169857 169854 778
169857 169856 954
169897 169850 1055
169897 169898 2497
169897 169901 1260
169897 169907 3434
169836 169835 611
169836 169837 1227
169836 169955 253
169838 169837 767
169838 169839 924
169838 169853 631
169909 169908 810
169909 169989 256
169922 169908 475
169922 169921 1081
169922 170084 880
170084 169922 880
170084 170083 1293
169976 169977 2135
169976 169986 782
169985 169983 2971
169985 169986 1248
169985 169989 1248
169955 169836 253
169955 169954 1768
169955 169961 1018
172737 169954 631
169851 169849 1459
169851 169899 1780
169900 169849 778
169854 169853 893
169854 169855 851
169854 169857 778
169856 169855 672
169856 169857 954
169898 169897 2497
169898 169899 2426
169898 169902 1270
169898 169906 1467
169901 169897 1260
169907 169897 3434
169907 169902 1146
169907 169904 1561
169835 169834 710
169835 169836 611
169835 169963 885
169839 169838 924
169853 169838 631
169853 169848 767
169853 169854 893
169989 169909 256
169989 169985 1248
169989 169988 2052
169921 169922 1081
169921 170082 1907
169921 170085 2567
169977 169976 2135
169977 170071 684
169983 169984 1284
169983 169985 2971
169983 169988 1396
169961 169955 1018
169961 169960 337
169961 169962 581
169899 169851 1780
169899 169863 2556
169899 169898 2426
169855 169854 851
169855 169856 672
169902 169898 1270
169902 169907 1146
169906 169898 1467
169906 169905 2235
169904 169903 1102
169904 169907 1561
169904 170081 611
169834 169831 1667
169834 169835 710
169834 169939 2478
169963 169835 885
169963 169938 1673
169963 169964 759
169848 169841 782
169848 169843 928
169848 169853 767
169988 169983 1396
169988 169989 2052
169988 170085 1023
170082 169921 1907
170082 170081 880
170085 169921 2567
170085 169988 1023
170085 170086 2461
170071 169977 684
170071 170068 333
170071 170076 1010
169984 169983 1284
169984 169987 796
169984 170086 333
169960 169958 675
169960 169961 337
169960 169978 2086
169962 169961 581
169863 169864 590
169863 169865 6314
169863 169899 2556
169905 169906 2235
169905 170087 2012
169905 170090 713
169903 169904 1102
170081 169904 611
170081 170082 880
170081 170087 951
169831 169829 1636
169831 169832 829
169831 169834 1667
169939 169834 2478
169939 169938 872
169939 169940 562
169938 169937 111
169938 169939 872
169938 169963 1673
169964 169963 759
169964 169965 1012
169964 172572 452
169841 169842 872
169841 169843 1276
169841 169848 782
169843 169774 590
169843 169841 1276
169843 169848 928
170086 169984 333
170086 170085 2461
170068 170066 344
170068 170067 1561
170068 170071 333
170076 170071 1010
170076 170075 474
170076 170077 759
169987 169984 796
169987 170075 337
169958 169956 276
169958 169959 562
169958 169960 675
169978 169960 2086
169864 169863 590
169865 167162 2419
169865 167163 2174
169865 169863 6314
170087 169905 2012
170087 170081 951
170087 170089 796
170087 170091 2015
170090 169905 713
170090 170089 1687
170090 172082 977
169829 169830 1364
169829 169831 1636
169829 169940 673
169832 169831 829
169940 169829 673
169940 169939 562
169940 169941 879
169937 169936 993
169937 169938 111
169937 169974 1229
169965 169964 1012
169965 169966 1143
169965 169971 885
172572 169964 452
169842 169841 872
169774 169772 1701
169774 169775 667
169774 169822 2224
169774 169843 590
170066 169981 684
170066 170050 1004
170066 170068 344
170067 170050 601
170067 170068 1561
170067 170070 820
170075 169987 337
170075 170076 474
170075 170092 767
170077 170076 759
169956 169957 843
169956 169958 276
169956 169979 475
169959 169958 562
167162 167161 1687
167162 167163 436
167162 169865 2419
167163 167162 436
167163 167164 688
167163 169865 2174
170089 170087 796
170089 170090 1687
170089 170091 1826
170091 170087 2015
170091 170089 1826
170091 172080 238
172082 170090 977
169830 169829 1364
169830 169847 527
169830 169929 1735
169941 169940 879
169936 169935 594
169936 169937 993
169936 169975 407
169974 169937 1229
169966 169957 889
169966 169965 1143
169966 170042 518
169971 169965 885
169971 169969 1357
169971 170043 1284
169772 169771 253
169772 169773 889
169772 169774 1701
169775 169774 667
169822 169761 928
169822 169774 2224
169822 169844 202
169981 169980 1023
169981 170066 684
170050 170049 1234
170050 170051 675
170050 170066 1004
170050 170067 601
170070 170067 820
170070 170069 685
170070 170069 685
170092 170075 767
169957 169956 843
169957 169966 889
169957 169980 675
169979 169956 475
167161 167162 1687
167161 169894 1018
167164 167163 688
172080 170088 1487
172080 170091 238
169847 169830 527
169847 169846 1522
169929 169830 1735
169929 169928 418
169929 169935 238
169935 169929 238
169935 169936 594
169935 169968 1982
169975 169936 407
170042 169966 518
170042 170043 893
170042 170046 422
169969 169970 553
169969 169971 1357
169969 170043 1336
170043 169969 1336
170043 169971 1284
170043 170042 893
169771 169752 1868
169771 169766 1669
169771 169772 253
169773 169772 889
169761 169762 344
169761 169763 321
169761 169765 667
169761 169822 928
169844 169822 202
169980 169957 675
169980 169981 1023
169980 170045 169
170049 170048 1004
170049 170050 1234
170049 170065 953
170051 170045 422
170051 170050 675
170069 170063 1065
170069 170065 1285
170069 170070 685
170069 170070 685
169894 167161 1018
169894 169891 2895
169894 169893 2560
170088 169896 268
170088 172080 1487
169846 169817 540
169846 169847 1522
169928 169927 837
169928 169929 418
169928 169967 1982
169968 169935 1982
169968 169967 650
170046 170042 422
170046 170045 782
170046 170047 253
169970 169969 553
169970 170044 202
169752 169749 1908
169752 169751 2557
169752 169771 1868
169766 169765 850
169766 169767 337
169766 169771 1669
169762 169761 344
169762 169768 1000
169762 169828 1478
169763 169761 321
169763 169764 104
169765 169761 667
169765 169766 850
169765 169823 418
170045 169980 169
170045 170046 782
170045 170051 422
170048 170049 1004
170048 170052 872
170048 170055 1587
170065 170049 953
170065 170064 1154
170065 170064 1154
170065 170069 1285
170063 170062 355
170063 170064 1447
170063 170069 1065
170063 170078 688
169891 169892 495
169891 169893 1119
169891 169894 2895
169893 169891 1119
169893 169894 2560
169896 169895 746
169896 170088 268
169817 169816 874
169817 169819 1225
169817 169846 540
169927 169925 474
169927 169928 837
169927 170036 1010
169967 169928 1982
169967 169968 650
169967 170039 811
170047 170046 253
170047 170052 1675
170044 169970 202
170044 170039 928
170044 170052 222
169749 169752 1908
169751 169752 2557
169751 169753 2403
169751 169770 3319
169751 169826 2306
169767 169766 337
169768 169756 1347
169768 169762 1000
169768 169820 751
169768 169827 874
169828 169762 1478
169764 169763 104
169823 169765 418
170052 170044 222
170052 170047 1675
170052 170048 872
170055 170038 1147
170055 170048 1587
170055 170056 808
170064 170063 1447
170064 170065 1154
170064 170065 1154
170062 170061 2442
170062 170063 355
170078 170063 688
169892 169891 495
169892 169895 1066
169895 169892 1066
169895 169896 746
169895 172079 2495
169816 169817 874
169816 169818 874
169816 169845 697
169819 169815 139
169819 169817 1225
169819 169932 673
169925 169924 511
169925 169926 1882
169925 169927 474
170036 169927 1010
170036 170007 890
170036 170040 553
170039 169967 811
170039 170038 928
170039 170044 928
169753 169750 1346
169753 169751 2403
169753 169754 2092
169770 169751 3319
169770 169852 1884
169826 169751 2306
169826 169754 2841
169826 169824 1581
169826 169859 2143
169756 169565 697
169756 169755 635
169756 169768 1347
169820 169565 1285
169820 169768 751
169820 169785 747
169820 169821 1010
169827 169768 874
170038 170037 276
170038 170039 928
170038 170055 1147
170056 170054 1534
170056 170055 808
170056 170061 558
170061 170056 558
170061 170062 2442
172079 169895 2495
169818 169816 874
169845 169816 697
169815 169819 139
169932 169819 673
169924 169925 511
169924 170007 1075
169926 169925 1882
170007 169924 1075
170007 170036 890
170040 170036 553
169750 169753 1346
169754 169753 2092
169754 169826 2841
169852 169770 1884
169824 169826 1581
169859 169826 2143
169565 169756 697
169565 169820 1285
169755 169756 635
169785 169820 747
169821 169820 1010
170037 170038 276
170037 170054 1147
170054 170037 1147
170054 170056 1534
20
169749
170062
170078
170056
170061
169818
169815
169932
169924
170007
170040
169750
169754
169824
169859
169565
169755
169785
170037
170054
