458
32 33 1994
32 34 337
32 1729 1902
33 32 1994
33 229 246
34 32 337
34 248 1346
1729 32 1902
1729 1728 305
1729 4885 2823
229 33 246
229 163 1137
248 34 1346
1728 1729 305
1728 4887 3267
4885 1729 2823
4885 4431 656
4885 4888 1185
163 164 1736
163 229 1137
4887 1728 3267
4887 4886 1321
4431 4432 2324
4431 4885 656
4888 4437 1114
4888 4885 1185
4888 4890 1092
164 163 1736
4886 4887 1321
4886 4889 275
4432 4431 2324
4432 4437 155
4437 4432 155
4437 4441 1988
4437 4888 1114
4890 4888 1092
4890 4891 326
4890 4892 1974
4889 4855 5497
4889 4886 275
4889 4915 1454
4441 4437 1988
4441 4442 328
4891 4890 326
4892 4890 1974
4855 4856 940
4855 4858 2213
4855 4889 5497
4915 4889 1454
4915 4916 4226
4442 4441 328
4856 39 2843
4856 4855 940
4858 4855 2213
4858 4859 2605
4916 35 6300
4916 4910 1670
4916 4915 4226
39 4856 2843
4859 4858 2605
4859 6458 1569
35 36 363
35 4916 6300
4910 4909 2812
4910 4916 1670
6458 4859 1569
36 35 363
4909 4910 2812
4909 4911 5424
4909 4922 5775
4911 4907 1746
4911 4909 5424
4911 4912 3183
4922 4909 5775
4922 4914 4670
4922 5153 1972
4907 4905 864
4907 4908 3359
4907 4911 1746
4912 4911 3183
4912 4914 1297
4912 5144 3216
4914 4912 1297
4914 4922 4670
4914 5143 3104
5153 4922 1972
5153 5154 2612
4905 4906 2610
4905 4907 864
4905 5139 5865
4908 4907 3359
5144 4912 3216
5144 5152 6840
5143 4914 3104
5143 5152 3150
5154 5153 2612
5154 5155 736
5154 5156 2686
4906 4905 2610
5139 4779 1225
5139 4905 5865
5139 5140 5436
5152 5143 3150
5152 5144 6840
5152 5155 3019
5155 5152 3019
5155 5154 736
5155 5161 2846
5156 5154 2686
4779 4775 3507
4779 4777 1166
4779 5139 1225
5140 5139 5436
5140 5141 1276
5140 5142 3202
5161 5155 2846
5161 5162 3793
5161 5168 2317
4775 4776 3771
4775 4779 3507
4777 4587 3431
4777 4778 2142
4777 4779 1166
5141 5140 1276
5142 5140 3202
5142 5145 2926
5142 5151 3569
5162 5161 3793
5162 5163 2779
5162 5164 876
5168 5161 2317
5168 5169 168
5168 5170 3947
4776 4775 3771
4587 4588 3203
4587 4691 3485
4587 4777 3431
4778 4777 2142
4778 4903 4162
4778 4903 4162
5145 5142 2926
5151 5142 3569
5151 5167 4663
5163 5162 2779
5164 5162 876
5164 5165 336
5169 5168 168
5169 5171 2509
5170 5168 3947
4588 4587 3203
4691 4587 3485
4691 4692 5495
4903 4778 4162
4903 4778 4162
4903 4904 653
5167 5151 4663
5167 5194 474
5165 5164 336
5165 5166 1978
5165 5198 4718
5171 5169 2509
5171 5172 4935
5171 5173 3997
4692 4688 1111
4692 4691 5495
4904 4903 653
5194 5167 474
5194 5195 452
5166 5165 1978
5198 5165 4718
5198 5196 2902
5198 5200 222
5172 5171 4935
5173 5171 3997
5173 5270 201
5173 5272 445
4688 4689 1504
4688 4692 1111
5195 5194 452
5195 5196 238
5195 5197 275
5196 5195 238
5196 5197 201
5196 5198 2902
5200 5198 222
5200 5201 1978
5200 5206 2142
5270 5173 201
5270 5271 2229
5270 5273 418
5272 5173 445
5272 5265 2006
5272 5273 419
4689 4688 1504
5197 5180 1680
5197 5195 275
5197 5196 201
5201 5200 1978
5201 5207 445
5201 5208 418
5206 5200 2142
5271 5270 2229
5273 5270 418
5273 5272 419
5273 5274 884
5265 5264 336
5265 5272 2006
5180 5181 4542
5180 5197 1680
5180 5199 2274
5207 5201 445
5207 5208 275
5207 5209 1565
5208 5201 418
5208 5207 275
5208 5212 2087
5274 5273 884
5274 5275 402
5274 5276 452
5264 5263 1442
5264 5265 336
5181 5180 4542
5199 5180 2274
5199 5182 1344
5199 5203 535
5209 5207 1565
5209 5210 2746
5209 5211 1611
5212 5208 2087
5212 5213 473
5212 5214 434
5275 5274 402
5275 5276 336
5275 5377 3216
5276 5274 452
5276 5275 336
5276 5371 889
5263 5254 1084
5263 5264 1442
5182 5183 5074
5182 5199 1344
5182 5202 1697
5203 5199 535
5210 5209 2746
5211 5209 1611
5211 5215 2179
5211 5216 1719
5213 5212 473
5213 5214 452
5213 5215 3449
5214 5212 434
5214 5213 452
5214 5223 929
5377 5275 3216
5377 5376 402
5377 5378 671
5377 5379 1778
5371 5276 889
5371 5278 452
5371 5372 473
5254 5250 1741
5254 5263 1084
5254 5266 3531
5183 5182 5074
5202 5182 1697
5215 5211 2179
5215 5213 3449
5215 5237 603
5216 5211 1719
5216 5217 1700
5216 5218 1926
5223 5214 929
5223 5222 402
5223 5224 680
5376 5375 1111
5376 5377 402
5376 5380 418
5378 54 1778
5378 5377 671
5378 5380 344
5379 5373 1204
5379 5374 1375
5379 5377 1778
5278 5277 2480
5278 5371 452
5278 5372 434
5372 5278 434
5372 5371 473
5372 5373 2274
5250 5030 2011
5250 5251 1100
5250 5254 1741
5266 5254 3531
5266 5268 333
5266 5269 2833
5237 5215 603
5237 5238 418
5237 5239 550
5217 5216 1700
5217 5240 1956
5217 5375 1225
5218 5216 1926
5222 5204 1161
5222 5223 402
5222 5224 473
5224 5222 473
5224 5223 680
5224 5238 3310
5375 5217 1225
5375 5219 922
5375 5376 1111
5380 5376 418
5380 5378 344
5380 5381 825
54 53 520
54 55 406
54 5378 1778
5373 5372 2274
5373 5374 1060
5373 5379 1204
5374 5373 1060
5374 5379 1375
5374 5387 603
5277 5278 2480
5277 5288 515
5277 5290 335
5030 4925 6121
5030 5160 2016
5030 5250 2011
5251 5159 3473
5251 5250 1100
5251 5262 680
5268 5256 1881
5268 5266 333
5268 5280 1479
5269 5266 2833
5238 5224 3310
5238 5237 418
5238 5239 610
5239 5237 550
5239 5238 610
5239 6497 1472
5240 5217 1956
5204 5205 2249
5204 5222 1161
5204 5225 1493
5219 5220 419
5219 5375 922
5219 5381 1114
5381 5219 1114
5381 5380 825
5381 5382 353
53 54 520
53 5386 426
55 54 406
55 56 734
5387 5290 4589
5387 5374 603
5387 5386 649
5387 5390 536
5288 5277 515
5288 5280 846
5288 5289 473
5290 5277 335
5290 5387 4589
5290 5393 3882
4925 4923 786
4925 4924 1194
4925 5030 6121
5160 5030 2016
5160 5157 445
5160 5159 550
5159 5157 550
5159 5160 550
5159 5251 3473
5262 5251 680
5256 5252 1824
5256 5259 2376
5256 5267 4337
5256 5268 1881
5280 5268 1479
5280 5288 846
6497 5239 1472
5205 5204 2249
5225 5204 1493
5220 5219 419
5382 5381 353
5382 5383 1262
5382 5404 1797
5386 53 426
5386 5387 649
5386 5389 1305
5386 5391 749
56 55 734
56 5384 1114
56 5388 94
5390 5387 536
5390 5391 808
5390 5392 1298
5289 5282 2665
5289 5288 473
5393 5290 3882
5393 5396 238
5393 5397 3370
5393 5399 1915
4923 4921 846
4923 4925 786
4924 4921 696
4924 4925 1194
5157 5158 2726
5157 5159 550
5157 5160 445
5252 5253 1646
5252 5255 2176
5252 5256 1824
5259 5060 4354
5259 5256 2376
5259 5257 3861
5267 49 475
5267 5256 4337
5267 5279 402
5383 5382 1262
5383 5406 1230
5383 5407 893
5404 5241 898
5404 5382 1797
5404 5405 557
5389 5386 1305
5391 65 235
5391 5386 749
5391 5390 808
5384 56 1114
5384 5385 515
5388 56 94
5392 5390 1298
5392 5399 1499
5282 5289 2665
5396 5393 238
5397 5393 3370
5399 5392 1499
5399 5393 1915
4921 4923 846
4921 4924 696
5158 5157 2726
5253 5252 1646
5255 5252 2176
5060 5259 4354
5257 5259 3861
49 5267 475
49 5279 550
5279 49 550
5279 5267 402
5406 5383 1230
5407 5383 893
5241 5404 898
5405 5404 557
65 5391 235
5385 5384 515
173
4915
4916
39
35
4910
36
4909
4911
4922
4907
4912
4914
5153
4905
4908
5144
5143
5154
4906
5139
5152
5155
5156
4779
5140
5161
4775
4777
5141
5142
5162
5168
4776
4587
4778
5145
5151
5163
5164
5169
5170
4588
4691
4903
5167
5165
5171
4692
4904
5194
5166
5198
5172
5173
4688
5195
5196
5200
5270
5272
4689
5197
5201
5206
5271
5273
5265
5180
5207
5208
5274
5264
5181
5199
5209
5212
5275
5276
5263
5182
5203
5210
5211
5213
5214
5377
5371
5254
5183
5202
5215
5216
5223
5376
5378
5379
5278
5372
5250
5266
5237
5217
5218
5222
5224
5375
5380
54
5373
5374
5277
5030
5251
5268
5269
5238
5239
5240
5204
5219
5381
53
55
5387
5288
5290
4925
5160
5159
5262
5256
5280
6497
5205
5225
5220
5382
5386
56
5390
5289
5393
4923
4924
5157
5252
5259
5267
5383
5404
5389
5391
5384
5388
5392
5282
5396
5397
5399
4921
5158
5253
5255
5060
5257
49
5279
5406
5407
5241
5405
65
5385
