536
8348 8350 1495
8348 34652 887
8350 8348 1495
8350 8353 297
34652 8348 887
8353 8350 297
8353 34770 95
34770 8353 95
34770 34771 204
34771 34770 204
34771 34772 3259
34772 8451 549
34772 34771 3259
8451 8452 2598
8451 8459 1834
8451 34772 549
8452 8451 2598
8452 8453 1510
8459 8451 1834
8459 8699 1343
8459 8712 401
8453 8452 1510
8453 8460 503
8699 8459 1343
8712 8459 401
8712 8701 1072
8712 8714 426
8460 8453 503
8460 8457 685
8460 8462 2534
8701 8700 948
8701 8712 1072
8701 8713 417
8714 8712 426
8714 8713 1170
8714 8715 457
8457 8456 811
8457 8460 685
8457 8461 138
8462 8460 2534
8462 8495 881
8462 8718 249
8700 8701 948
8700 8704 922
8700 8705 1344
8713 8701 417
8713 8705 865
8713 8714 1170
8715 8714 457
8715 8717 57
8456 8457 811
8456 8458 2068
8456 8483 795
8461 8457 138
8495 8462 881
8495 8496 1380
8495 8498 547
8718 8462 249
8718 8719 641
8718 8720 1086
8704 8700 922
8705 8700 1344
8705 8713 865
8705 8716 1433
8717 8715 57
8717 10853 92
8717 10890 2039
8458 8456 2068
8458 8484 1052
8458 8490 742
8458 8493 888
8483 8456 795
8483 8469 550
8483 8484 1675
8496 8495 1380
8496 8499 643
8496 8720 900
8498 8495 547
8498 8497 249
8498 8499 1355
8719 8718 641
8719 10853 67
8720 8496 900
8720 8718 1086
8720 8721 1104
8720 10857 1579
8716 8705 1433
8716 8707 1727
8716 8725 798
10853 8717 92
10853 8719 67
10853 10857 2034
10890 8717 2039
10890 11152 1459
8484 8458 1052
8484 8483 1675
8484 8488 808
8490 8458 742
8490 8488 892
8490 8501 1378
8490 8509 804
8493 8458 888
8493 8492 841
8493 8500 560
8469 8455 538
8469 8470 2307
8469 8483 550
8469 8485 1708
8499 8496 643
8499 8498 1355
8499 8504 751
8499 8753 1448
8497 8494 782
8497 8498 249
8497 8503 591
8721 8720 1104
8721 8722 737
8721 8723 393
10857 8720 1579
10857 10853 2034
10857 16679 1442
8707 8706 789
8707 8716 1727
8725 8706 1689
8725 8716 798
8725 8726 651
11152 10890 1459
11152 11153 87
11152 16679 209
8488 8484 808
8488 8487 1155
8488 8490 892
8501 8490 1378
8501 8500 694
8501 8515 852
8501 8524 1505
8509 8490 804
8509 8508 1942
8509 8513 745
8509 8515 1395
8492 8491 892
8492 8493 841
8492 34622 162
8500 8491 1035
8500 8493 560
8500 8501 694
8500 8502 736
8455 8454 752
8455 8469 538
8470 8464 977
8470 8469 2307
8470 9154 5482
8485 8469 1708
8485 8486 1190
8485 8487 448
8504 8499 751
8504 8503 1338
8504 8506 781
8504 34624 1136
8753 8499 1448
8753 8723 1550
8753 8754 941
8753 8759 732
8494 8491 794
8494 8497 782
8494 8502 1234
8503 8497 591
8503 8504 1338
8503 8505 744
8722 8721 737
8723 8721 393
8723 8724 937
8723 8753 1550
16679 8724 1523
16679 10857 1442
16679 11152 209
8706 8707 789
8706 8708 693
8706 8725 1689
8726 8708 1735
8726 8709 812
8726 8725 651
11153 11152 87
8487 8485 448
8487 8488 1155
8487 8489 629
8515 8501 852
8515 8509 1395
8515 8522 694
8515 8525 1538
8524 8501 1505
8524 8505 735
8524 8525 846
8524 8526 1413
8508 8489 250
8508 8509 1942
8508 8512 590
8513 8509 745
8513 8512 1856
8513 8521 686
8513 8522 1396
8491 8492 892
8491 8494 794
8491 8500 1035
34622 8492 162
8502 8494 1234
8502 8500 736
8502 8505 798
8454 8455 752
8464 8463 2152
8464 8470 977
8464 8471 2334
9154 8412 2775
9154 8470 5482
9154 9153 799
8486 8485 1190
8506 8504 781
8506 8505 1345
8506 8526 781
8506 8758 1454
34624 8504 1136
8754 8753 941
8754 8755 336
8754 8760 74
8759 8753 732
8759 8758 786
8505 8502 798
8505 8503 744
8505 8506 1345
8505 8524 735
8724 8723 937
8724 8728 864
8724 8755 1303
8724 16679 1523
8708 8706 693
8708 8710 993
8708 8726 1735
8709 8710 1127
8709 8726 812
8709 8727 966
8489 8487 629
8489 8507 1388
8489 8508 250
8522 8513 1396
8522 8515 694
8522 8523 750
8522 8528 1579
8525 8515 1538
8525 8524 846
8525 8527 1387
8525 8528 737
8526 8506 781
8526 8524 1413
8526 8527 747
8526 8772 1338
8512 8508 590
8512 8510 248
8512 8513 1856
8521 8513 686
8521 8519 837
8521 8520 742
8521 8523 1406
8463 8422 267
8463 8449 197
8463 8464 2152
8471 8464 2334
8471 8472 1541
8471 8477 1769
8412 8411 522
8412 8518 691
8412 9154 2775
8412 9165 551
9153 8477 946
9153 8481 1247
9153 9154 799
9153 9156 3446
8758 8506 1454
8758 8759 786
8758 8763 945
8755 8724 1303
8755 8754 336
8755 8757 940
8760 8754 74
8760 8762 375
8760 11186 900
8728 8724 864
8728 8729 1640
8728 8730 651
8710 8708 993
8710 8709 1127
8710 8711 820
8727 8709 966
8727 8711 1462
8727 8740 803
8507 8489 1388
8523 8521 1406
8523 8522 750
8523 8529 1562
8523 9166 793
8528 8522 1579
8528 8525 737
8528 8529 805
8528 8530 1363
8527 8525 1387
8527 8526 747
8527 8530 806
8527 8773 2290
8772 8526 1338
8772 8774 988
8510 8511 1396
8510 8512 248
8510 8514 294
8519 8518 1796
8519 8521 837
8519 9165 1313
8519 9166 1347
8519 9167 704
8520 8514 1108
8520 8521 742
8422 8423 4157
8422 8463 267
8422 8468 440
8449 8450 804
8449 8463 197
8472 8471 1541
8477 8471 1769
8477 8478 1596
8477 9153 946
8411 8412 522
8518 8412 691
8518 8516 338
8518 8519 1796
9165 8412 551
9165 8519 1313
9165 9167 1104
8481 8480 1572
8481 8482 459
8481 9153 1247
9156 9153 3446
9156 9157 2861
9156 9162 1601
8763 8758 945
8763 8762 1044
8763 8774 737
8757 8755 940
8757 8756 848
8762 8760 375
8762 8761 742
8762 8763 1044
11186 8760 900
8729 8728 1640
8730 8728 651
8730 8764 1738
8730 8765 247
8711 8710 820
8711 8727 1462
8711 8734 840
8740 8727 803
8740 8734 1529
8740 8741 884
8740 8745 681
8529 8523 1562
8529 8528 805
8529 8531 1344
8529 9172 747
9166 8519 1347
9166 8523 793
9166 9168 723
9166 9172 1537
8530 8527 806
8530 8528 1363
8530 8531 743
8530 8776 2338
8773 8527 2290
8773 8774 807
8773 8776 785
8774 8763 737
8774 8772 988
8774 8773 807
8774 8780 887
8511 8510 1396
8514 8510 294
8514 8516 743
8514 8520 1108
9167 8519 704
9167 9165 1104
9167 9168 1393
8423 8421 961
8423 8422 4157
8423 8436 332
8468 8422 440
8468 8467 1435
8468 35394 245
8468 35395 329
8450 8449 804
8478 8477 1596
8516 8514 743
8516 8517 1046
8516 8518 338
8480 8479 1910
8480 8481 1572
8480 9152 243
8482 8479 686
8482 8481 459
8482 34653 924
9157 9156 2861
9157 9160 1468
9162 9156 1601
9162 9160 1927
9162 9187 1124
8756 8757 848
8756 8765 1245
8756 8766 2136
8756 8770 934
8761 8762 742
8761 8780 1602
8764 8730 1738
8765 8730 247
8765 8756 1245
8765 8767 613
8734 8711 840
8734 8740 1529
8741 8740 884
8741 8742 734
8741 11187 929
8745 8740 681
8745 8786 1269
8531 8529 1344
8531 8530 743
8531 9174 775
8531 9473 2382
9172 8529 747
9172 9166 1537
9172 9173 735
9172 9175 1005
9168 9166 723
9168 9167 1393
9168 9173 1547
8776 8530 2338
8776 8773 785
8776 9473 749
8780 8761 1602
8780 8774 887
8780 8779 159
8421 8410 3000
8421 8423 961
8436 8423 332
8436 8435 1942
8436 34654 1141
8467 8465 997
8467 8468 1435
8467 8476 2659
35394 8468 245
35395 8468 329
8517 8516 1046
8479 8476 152
8479 8480 1910
8479 8482 686
9152 8480 243
34653 8482 924
34653 34700 439
9160 9157 1468
9160 9162 1927
9187 9162 1124
9187 9188 1306
9187 9189 471
8766 8756 2136
8766 8769 1086
8766 8771 1029
8766 8796 1144
8770 8756 934
8770 8771 2105
8770 8781 1288
8767 8765 613
8767 8768 1678
8767 8769 1497
8742 8735 2048
8742 8741 734
8742 8746 638
8742 8790 1293
11187 8741 929
11187 8788 157
11187 8790 930
8786 8745 1269
8786 8769 333
8786 8787 759
9174 8531 775
9174 9175 404
9174 9474 2333
9473 8531 2382
9473 8776 749
9473 9474 731
9173 9168 1547
9173 9172 735
9173 9178 745
9175 9172 1005
9175 9174 404
8779 8780 159
8779 8781 822
8779 9475 3159
8410 8408 3917
8410 8421 3000
8435 8436 1942
34654 8436 1141
8465 8467 997
8476 8467 2659
8476 8479 152
34700 34653 439
9188 9187 1306
9189 9187 471
8769 8766 1086
8769 8767 1497
8769 8786 333
8771 8766 1029
8771 8770 2105
8796 8766 1144
8796 8787 1040
8781 8770 1288
8781 8779 822
8768 8767 1678
8735 8742 2048
8746 8742 638
8790 8742 1293
8790 11187 930
8788 8787 966
8788 11187 157
8787 8786 759
8787 8788 966
8787 8796 1040
9474 9174 2333
9474 9473 731
9474 9475 1026
9178 9173 745
9475 8779 3159
9475 9474 1026
8408 8410 3917
200
8348
8350
34652
8353
34770
34771
34772
8451
8452
8459
8453
8699
8712
8460
8701
8714
8457
8462
8700
8713
8715
8456
8461
8495
8718
8704
8705
8717
8458
8483
8496
8498
8719
8720
8716
10853
10890
8484
8490
8493
8469
8499
8497
8721
10857
8707
8725
11152
8488
8501
8509
8492
8500
8455
8470
8485
8504
8753
8494
8503
8722
8723
16679
8706
8726
11153
8487
8515
8524
8508
8513
8491
34622
8502
8454
8464
9154
8486
8506
34624
8754
8759
8505
8724
8708
8709
8489
8522
8525
8526
8512
8521
8463
8471
8412
9153
8758
8755
8760
8728
8710
8727
8507
8523
8528
8527
8772
8510
8519
8520
8422
8449
8472
8477
8411
8518
9165
8481
9156
8763
8757
8762
11186
8729
8730
8711
8740
8529
9166
8530
8773
8774
8511
8514
9167
8423
8468
8450
8478
8516
8480
8482
9157
9162
8756
8761
8764
8765
8734
8741
8745
8531
9172
9168
8776
8780
8421
8436
8467
35394
35395
8517
8479
9152
34653
9160
9187
8766
8770
8767
8742
11187
8786
9174
9473
9173
9175
8779
8410
8435
34654
8465
8476
34700
9188
9189
8769
8771
8796
8781
8768
8735
8746
8790
8788
8787
9474
9178
9475
8408
