552
58817 119574 672
119574 58817 672
119574 58818 928
119574 119567 558
119574 119575 941
58818 58819 477
58818 119574 928
119567 119571 1030
119567 119573 404
119567 119574 558
119575 119571 789
119575 119572 1749
119575 119574 941
119575 119576 1056
58819 58818 477
58819 58820 880
119571 119567 1030
119571 119569 1749
119571 119570 674
119571 119575 789
119573 119567 404
119572 119569 789
119572 119575 1749
119572 119578 1548
119576 58820 392
119576 119575 1056
119576 132386 981
119576 132387 651
58820 58819 880
58820 58824 558
58820 119576 392
119569 119568 789
119569 119571 1749
119569 119572 789
119569 119577 1950
119570 119568 1958
119570 119571 674
119578 58831 3005
119578 119546 1348
119578 119572 1548
119578 119577 893
132386 119576 981
132387 119576 651
58824 58820 558
119568 119545 2558
119568 119569 789
119568 119570 1958
119577 119545 1111
119577 119569 1950
119577 119578 893
58831 119578 3005
119546 119544 2007
119546 119547 1285
119546 119578 1348
119546 119579 672
119546 119580 1486
119545 119544 1286
119545 119568 2558
119545 119577 1111
119544 119543 811
119544 119545 1286
119544 119546 2007
119544 119547 1561
119544 119590 3905
119547 119544 1561
119547 119546 1285
119547 120092 1075
119547 120093 874
119579 119546 672
119579 119581 1030
119580 119546 1486
119580 119581 837
119580 120095 977
119543 119532 752
119543 119544 811
119590 119544 3905
119590 119591 1561
119590 119599 1143
120092 119547 1075
120092 120094 789
120092 120095 238
120093 119547 874
120093 119593 739
120093 120094 811
119581 119579 1030
119581 119580 837
119581 120096 1412
120095 119580 977
120095 120092 238
120095 120100 753
119532 119531 2174
119532 119534 1011
119532 119536 2085
119532 119543 752
119591 119590 1561
119591 119592 1148
119591 119605 880
119591 119606 2286
119599 119590 1143
119599 119598 874
119599 119605 1625
120094 120092 789
120094 120093 811
120094 120098 276
119593 119592 1148
119593 120093 739
119593 120097 1382
120096 59244 1458
120096 119581 1412
120096 120101 1866
120100 120095 753
120100 120099 789
120100 120101 752
119531 119527 538
119531 119532 2174
119531 119533 698
119534 119532 1011
119534 119533 2352
119534 119540 1011
119536 119529 674
119536 119530 1075
119536 119532 2085
119592 119591 1148
119592 119593 1148
119592 119594 2487
119605 119591 880
119605 119599 1625
119605 119600 1030
119605 119607 2020
119606 119591 2286
119606 119594 1256
119606 119607 891
119606 119609 1087
119598 119599 874
119598 119600 1448
119598 119601 874
120098 120094 276
120097 119593 1382
120097 120104 1105
59244 120096 1458
120101 120096 1866
120101 120100 752
120101 120102 1143
120101 120104 1642
120099 120100 789
119527 116709 1503
119527 119531 538
119527 119587 6497
119533 119531 698
119533 119534 2352
119533 119539 1143
119540 119534 1011
119540 119539 2222
119540 119542 2021
119529 119528 1116
119529 119536 674
119530 119528 404
119530 119535 474
119530 119536 1075
119594 119592 2487
119594 119606 1256
119594 120105 891
119600 119598 1448
119600 119602 739
119600 119605 1030
119600 119608 1951
119607 119605 2020
119607 119606 891
119607 119608 977
119609 119606 1087
119609 119640 1921
119609 119643 1011
119609 120106 2116
119601 119598 874
119601 119602 1485
119601 119603 613
120104 120097 1105
120104 120101 1642
120104 120105 276
120102 120101 1143
120102 120106 1727
120102 120107 752
120102 120108 1075
116709 116708 1226
116709 119527 1503
119587 119527 6497
119587 119586 3146
119539 119533 1143
119539 119540 2222
119539 119541 633
119542 119537 2218
119542 119540 2021
119542 119588 2085
119528 119529 1116
119528 119530 404
119535 119530 474
120105 119594 891
120105 120104 276
120105 120106 949
119602 119600 739
119602 119601 1485
119602 119604 811
119608 119600 1951
119608 119607 977
119608 119635 1087
119608 119640 1148
119640 119608 1148
119640 119609 1921
119640 119641 1226
119640 119642 941
119643 119609 1011
119643 119642 2006
119643 120111 2234
120106 119609 2116
120106 120102 1727
120106 120105 949
120106 120109 538
119603 119601 613
119603 119604 1503
119603 119631 874
120107 120102 752
120107 120103 698
120107 120110 1082
120108 59257 1226
120108 120102 1075
120108 120110 613
120108 120111 1552
116708 116686 2708
116708 116698 3812
116708 116702 3523
116708 116704 3173
116708 116709 1226
116708 116715 3442
119586 119585 1319
119586 119587 3146
119586 119610 2488
119541 119537 1252
119541 119539 633
119541 128733 1757
119537 119538 1211
119537 119541 1252
119537 119542 2218
119537 119583 2358
119588 119542 2085
119588 119589 866
119588 119597 1759
119604 119602 811
119604 119603 1503
119604 119632 949
119604 119635 1781
119635 119604 1781
119635 119608 1087
119635 119636 811
119635 119641 1143
119641 119635 1143
119641 119640 1226
119641 119646 1814
119642 119640 941
119642 119643 2006
119642 119644 1414
119642 119651 3090
120111 119643 2234
120111 120108 1552
120109 120106 538
119631 119603 874
119631 119632 1423
119631 119633 1010
120103 59250 796
120103 59252 891
120103 120107 698
120110 59254 680
120110 120107 1082
120110 120108 613
59257 59256 1448
59257 59258 678
59257 120108 1226
116686 116698 3091
116686 116708 2708
116698 116686 3091
116698 116697 1277
116698 116708 3812
116698 116713 2174
116698 116715 1414
116702 116704 1256
116702 116708 3523
116704 116702 1256
116704 116707 436
116704 116708 3173
116715 116698 1414
116715 116708 3442
116715 116713 2358
119585 119583 1616
119585 119586 1319
119610 116917 404
119610 119586 2488
119610 119611 949
128733 119541 1757
119538 119537 1211
119583 119537 2358
119583 119584 558
119583 119585 1616
119583 119589 1367
119589 119583 1367
119589 119588 866
119597 119588 1759
119597 119595 941
119597 119611 3293
119632 119604 949
119632 119631 1423
119632 119634 880
119632 119636 1814
119636 119632 1814
119636 119635 811
119636 119639 1030
119646 119639 941
119646 119641 1814
119646 119649 1838
119646 119651 1010
119644 119642 1414
119644 119653 1030
119644 120112 2617
119644 120114 1950
119651 119642 3090
119651 119646 1010
119651 119650 1814
119651 119652 1284
119633 119613 1748
119633 119631 1010
119633 119634 1587
59250 59245 928
59250 59251 1148
59250 120103 796
59252 59253 538
59252 120103 891
59254 59253 398
59254 120110 680
59256 59253 874
59256 59255 1503
59256 59257 1448
59256 59259 739
59258 59257 678
59258 59259 1535
59258 59302 512
59258 59303 2286
116697 116696 1148
116697 116698 1277
116697 116712 2534
116713 116698 2174
116713 116712 419
116713 116714 562
116713 116715 2358
116707 116704 436
116917 116916 2021
116917 119610 404
119611 119597 3293
119611 119610 949
119611 119612 977
119611 119617 2284
119584 119583 558
119595 119596 1075
119595 119597 941
119634 119629 1897
119634 119632 880
119634 119633 1587
119634 119639 1503
119639 119634 1503
119639 119636 1030
119639 119645 1953
119639 119646 941
119649 119645 1148
119649 119646 1838
119649 119650 808
119653 119644 1030
119653 119652 2093
119653 119654 1885
120112 59302 2878
120112 119644 2617
120112 120113 1075
120114 59306 3304
120114 119644 1950
120114 119654 977
120114 120115 2286
119650 119649 808
119650 119651 1814
119650 119754 1412
119652 119651 1284
119652 119653 2093
119652 119754 1642
119613 119612 752
119613 119627 2433
119613 119629 1285
119613 119633 1748
59245 59246 613
59245 59247 1075
59245 59250 928
59251 59247 837
59251 59250 1148
59251 59253 650
59253 59251 650
59253 59252 538
59253 59254 398
59253 59256 874
59255 59247 674
59255 59256 1503
59255 59260 739
59259 59256 739
59259 59258 1535
59259 59260 1503
59259 59261 811
59302 59258 512
59302 120112 2878
59303 59258 2286
59303 59305 1010
59303 59306 2740
116696 116684 2890
116696 116695 1211
116696 116697 1148
116712 116697 2534
116712 116711 1684
116712 116713 419
116714 116713 562
116916 116903 5161
116916 116911 1143
116916 116917 2021
119612 119611 977
119612 119613 752
119617 119611 2284
119617 119616 928
119617 119625 880
119596 119595 1075
119629 119613 1285
119629 119628 2533
119629 119634 1897
119629 119645 1226
119645 119629 1226
119645 119639 1953
119645 119647 1030
119645 119649 1148
119654 119653 1885
119654 119758 3767
119654 119763 1277
119654 120114 977
120113 120112 1075
59306 59303 2740
59306 120114 3304
120115 59417 1256
120115 120114 2286
120115 120116 1030
119754 119650 1412
119754 119652 1642
119754 119757 1256
119754 119758 1748
119627 119613 2433
119627 119626 613
119627 119628 1075
59246 59245 613
59246 59248 474
59246 59249 1011
59247 59245 1075
59247 59249 674
59247 59251 837
59247 59255 674
59260 59255 739
59260 59259 1503
59260 59267 613
59260 59284 674
59261 59259 811
59261 59284 1484
59261 59304 650
59261 59307 874
59305 59303 1010
59305 59323 788
59305 59415 4042
59305 79032 811
116684 116696 2890
116695 116694 874
116695 116696 1211
116695 116711 1143
116711 116665 2570
116711 116695 1143
116711 116712 1684
116903 116893 316
116903 116894 1191
116903 116905 958
116903 116916 5161
116911 116908 2083
116911 116912 1075
116911 116915 1423
116911 116916 1143
119616 119617 928
119616 119618 1548
119616 119619 752
119625 119617 880
119628 119627 1075
119628 119629 2533
119628 119630 1143
119628 119735 1642
119647 119630 1727
119647 119645 1030
119647 119648 921
119758 119654 3767
119758 119754 1748
119758 119759 2617
119758 119761 1277
119763 119654 1277
119763 119761 3767
119763 120116 1075
59417 59415 650
59417 120115 1256
120116 119763 1075
120116 119765 1814
120116 120115 1030
120116 120117 1087
119757 119754 1256
119626 119627 613
119626 119735 1523
59248 59246 474
59249 59246 1011
59249 59247 674
59249 59267 1478
59267 59249 1478
59267 59260 613
59284 59260 674
59284 59261 1484
59304 59261 650
59307 59261 874
59323 59305 788
59415 59305 4042
59415 59417 650
79032 59305 811
116694 116695 874
116665 116711 2570
116893 116903 316
116893 116905 983
116894 116903 1191
116905 116893 983
116905 116903 958
116908 116911 2083
116912 116911 1075
116915 116911 1423
119618 119616 1548
119619 119616 752
119630 119628 1143
119630 119647 1727
119735 119626 1523
119735 119628 1642
119648 119647 921
119759 119758 2617
119761 119758 1277
119761 119763 3767
119765 120116 1814
120117 120116 1087
200
58817
119574
58818
119567
119575
58819
119571
119573
119572
119576
58820
119569
119570
119578
132386
132387
58824
119568
119577
58831
119546
119545
119544
119547
119579
119580
119543
119590
120092
120093
119581
120095
119532
119591
119599
120094
119593
120096
120100
119531
119534
119536
119592
119605
119606
119598
120098
120097
59244
120101
120099
119527
119533
119540
119529
119530
119594
119600
119607
119609
119601
120104
120102
116709
119587
119539
119542
119528
119535
120105
119602
119608
119640
119643
120106
119603
120107
120108
116708
119586
119541
119537
119588
119604
119635
119641
119642
120111
120109
119631
120103
120110
59257
116686
116698
116702
116704
116715
119585
119610
128733
119538
119583
119589
119597
119632
119636
119646
119644
119651
119633
59250
59252
59254
59256
59258
116697
116713
116707
116917
119611
119584
119595
119634
119639
119649
119653
120112
120114
119650
119652
119613
59245
59251
59253
59255
59259
59302
59303
116696
116712
116714
116916
119612
119617
119596
119629
119645
119654
120113
59306
120115
119754
119627
59246
59247
59260
59261
59305
116684
116695
116711
116903
116911
119616
119625
119628
119647
119758
119763
59417
120116
119757
119626
59248
59249
59267
59284
59304
59307
59323
59415
79032
116694
116665
116893
116894
116905
116908
116912
116915
119618
119619
119630
119735
119648
119759
119761
119765
120117
