28
33001 33035 835
33001 33036 946
33035 33001 835
33035 33037 707
33035 33039 750
33036 33001 946
33036 33037 1220
33037 33035 707
33037 33036 1220
33037 33041 707
33039 33035 750
33039 33040 788
33039 33042 1140
33041 33034 787
33041 33037 707
33041 33042 713
33040 33039 788
33040 33044 868
33042 33039 1140
33042 33041 713
33042 33044 796
33034 33041 787
33034 33048 1425
33044 33040 868
33044 33042 796
33044 33048 903
33048 33034 1425
33048 33044 903
11
33001
33035
33036
33037
33039
33041
33040
33042
33034
33044
33048
