548
152150 152151 951
152150 152153 851
152150 159164 872
152151 152150 951
152151 152152 631
152151 159165 851
152153 152150 851
152153 152152 562
152153 162377 1759
159164 152150 872
159164 159165 1268
159164 162378 667
152152 152151 631
152152 152153 562
152152 162371 344
159165 152151 851
159165 159164 1268
159165 159274 789
162377 152153 1759
162377 162376 598
162377 162379 276
162378 159156 558
162378 159164 667
162378 162382 1554
162371 152152 344
162371 162370 562
162371 162372 1354
159274 159165 789
159274 159270 953
159274 159273 337
162376 162375 628
162376 162377 598
162379 162377 276
162379 162380 791
162379 171557 1055
159156 159142 404
159156 159155 843
159156 162378 558
162382 162378 1554
162370 159273 986
162370 162369 374
162370 162371 562
162372 162371 1354
162372 162373 1411
162372 171553 475
159270 159271 1081
159270 159274 953
159270 159285 418
159273 159272 885
159273 159274 337
159273 162370 986
162375 162373 672
162375 162376 628
162375 171552 848
162380 159141 986
162380 162379 791
162380 162381 452
162380 162383 1140
171557 162379 1055
171557 162383 907
171557 162386 1268
171557 171556 752
159142 159141 601
159142 159144 1124
159142 159156 404
159155 159152 511
159155 159156 843
159155 159163 581
162369 162368 667
162369 162370 374
162369 171641 954
162373 162372 1411
162373 162374 506
162373 162375 672
171553 162372 475
171553 171554 688
159271 159270 1081
159271 159272 2445
159271 159277 1206
159271 159283 928
159285 159270 418
159285 159286 2701
159285 159288 449
159272 159271 2445
159272 159273 885
159272 159278 673
159272 162368 684
171552 162375 848
171552 171471 688
171552 171547 752
171552 171556 829
159141 159142 601
159141 159143 1121
159141 162380 986
162381 162380 452
162383 159143 710
162383 162380 1140
162383 162385 1399
162383 171557 907
162386 162385 879
162386 162387 337
162386 171557 1268
171556 171552 829
171556 171557 752
171556 171558 1323
171556 171559 344
159144 159114 889
159144 159142 1124
159144 159143 954
159152 159153 1735
159152 159154 879
159152 159155 511
159163 159155 581
159163 159162 1943
159163 159171 782
162368 159272 684
162368 162367 1161
162368 162369 667
162368 171554 1472
171641 162369 954
162374 162373 506
171554 162368 1472
171554 171550 710
171554 171553 688
171554 171555 1897
159277 159271 1206
159277 159278 1382
159277 159279 1067
159277 159291 2694
159283 159271 928
159283 159284 1186
159283 159289 1221
159286 159284 893
159286 159285 2701
159286 159287 667
159288 159285 449
159288 159287 2688
159278 159272 673
159278 159277 1382
159278 159280 650
171471 171470 1114
171471 171472 767
171471 171552 688
171547 171472 924
171547 171545 710
171547 171549 1764
171547 171552 752
159143 159141 1121
159143 159144 954
159143 162383 710
159143 162384 1268
162385 162383 1399
162385 162384 767
162385 162386 879
162387 162386 337
162387 162388 1395
162387 171544 531
171558 171556 1323
171559 171556 344
159114 159113 879
159114 159115 2224
159114 159121 767
159114 159144 889
159153 159152 1735
159153 159157 684
159153 159159 610
159153 159162 1576
159154 159152 879
159162 159153 1576
159162 159161 667
159162 159163 1943
159171 159161 1868
159171 159163 782
162367 162366 1680
162367 162368 1161
162367 171642 633
171550 171524 791
171550 171551 2028
171550 171554 710
171555 162366 562
171555 171551 851
171555 171554 1897
159279 152160 789
159279 159277 1067
159279 159280 1347
159279 159282 2221
159291 159277 2694
159291 159290 951
159291 159292 1818
159284 159251 767
159284 159283 1186
159284 159286 893
159289 159263 1534
159289 159283 1221
159289 159290 818
159287 159286 667
159287 159288 2688
159280 159278 650
159280 159279 1347
159280 162363 949
171470 171460 2111
171470 171471 1114
171470 171544 320
171472 171471 767
171472 171473 169
171472 171547 924
171545 171529 678
171545 171540 1055
171545 171546 1483
171545 171547 710
171549 171523 909
171549 171547 1764
162384 159121 506
162384 159143 1268
162384 162385 767
162388 159122 1636
162388 162387 1395
162388 162389 1014
171544 162387 531
171544 171470 320
159113 159112 2890
159113 159114 879
159113 159131 954
159115 159114 2224
159115 159116 601
159115 159119 202
159121 159114 767
159121 159122 893
159121 162384 506
159157 159131 907
159157 159153 684
159157 159158 1124
159159 159153 610
159159 159160 2715
159161 159160 518
159161 159162 667
159161 159171 1868
162366 162365 3261
162366 162367 1680
162366 171555 562
171642 162367 633
171524 171523 253
171524 171525 2118
171524 171550 791
171551 171525 601
171551 171550 2028
171551 171555 851
152160 152157 789
152160 152159 1684
152160 159279 789
152160 162363 1546
159282 159279 2221
159282 159281 337
159282 159297 2421
159290 159260 1102
159290 159289 818
159290 159291 951
159292 159252 1218
159292 159254 562
159292 159291 1818
159292 159302 1908
159251 159187 1390
159251 159263 1114
159251 159284 767
159251 172357 1447
159263 159251 1114
159263 159261 344
159263 159289 1534
162363 152160 1546
162363 159280 949
162363 162364 789
171460 171459 905
171460 171461 927
171460 171470 2111
171460 171543 675
171473 171472 169
171473 171474 1111
171473 171540 601
171529 171491 1029
171529 171528 1293
171529 171531 1055
171529 171545 678
171540 171473 601
171540 171530 253
171540 171545 1055
171546 171531 601
171546 171545 1483
171546 171548 355
171523 171522 1146
171523 171524 253
171523 171549 909
159122 159118 1004
159122 159121 893
159122 162388 1636
162389 162388 1014
162389 162390 850
162389 171542 2358
162389 171543 850
159112 159113 2890
159112 159116 202
159112 159123 710
159131 159113 954
159131 159130 782
159131 159157 907
159116 159111 1891
159116 159112 202
159116 159115 601
159119 159110 2002
159119 159115 202
159119 159118 684
159158 159130 1096
159158 159137 1018
159158 159157 1124
159160 159159 2715
159160 159161 518
162365 162353 1116
162365 162366 3261
162365 171527 2068
171525 171524 2118
171525 171526 672
171525 171551 601
152157 152155 2015
152157 152156 698
152157 152160 789
152157 162364 1546
152159 152158 562
152159 152160 1684
152159 159281 601
159281 152159 601
159281 159282 337
159281 159295 562
159297 159282 2421
159297 159296 650
159297 159301 1546
159260 159258 222
159260 159261 562
159260 159290 1102
159252 159253 1003
159252 159292 1218
159254 159255 1547
159254 159256 672
159254 159292 562
159302 159292 1908
159187 159166 1701
159187 159251 1390
172357 159251 1447
159261 159260 562
159261 159262 590
159261 159263 344
162364 152157 1546
162364 162362 697
162364 162363 789
171459 171460 905
171459 171468 791
171459 171539 951
171461 171460 927
171461 171462 2027
171461 171476 889
171543 162389 850
171543 171460 675
171543 171539 1786
171474 171473 1111
171474 171475 672
171474 171480 675
171491 171485 751
171491 171490 1396
171491 171529 1029
171528 171492 355
171528 171529 1293
171528 171530 436
171531 171529 1055
171531 171532 650
171531 171546 601
171530 171480 1234
171530 171528 436
171530 171540 253
171548 171546 355
171522 171521 474
171522 171523 1146
171522 171532 404
159118 159119 684
159118 159120 2126
159118 159122 1004
159118 162390 872
162390 159118 872
162390 162389 850
162390 162391 2229
171542 162389 2358
171542 162391 1012
171542 171537 2000
171542 171538 590
159123 159112 710
159123 159126 1802
159123 159127 688
159130 159129 1111
159130 159131 782
159130 159158 1096
159111 159110 767
159111 159116 1891
159110 159109 2113
159110 159111 767
159110 159119 2002
159110 159120 843
159137 159135 337
159137 159138 1124
159137 159158 1018
162353 162352 1613
162353 162354 606
162353 162359 1758
162353 162365 1116
171527 162365 2068
171527 171526 1447
171527 171526 1447
171526 171525 672
171526 171527 1447
171526 171527 1447
152155 152154 837
152155 152157 2015
152155 152158 279
152155 159294 2494
152156 152154 2021
152156 152157 698
152156 162360 789
152156 162362 1546
152158 152155 279
152158 152159 562
152158 159295 601
159295 152158 601
159295 159281 562
159295 159296 2150
159296 159294 891
159296 159295 2150
159296 159297 650
159296 159300 2424
159301 159297 1546
159258 159256 562
159258 159259 767
159258 159260 222
159253 159252 1003
159255 159254 1547
159256 159254 672
159256 159257 934
159256 159258 562
159166 159167 1349
159166 159168 1109
159166 159187 1701
159166 159229 1114
159262 159261 590
162362 152156 1546
162362 162361 789
162362 162364 697
171468 171459 791
171468 171467 850
171468 171536 1505
171539 171459 951
171539 171538 672
171539 171543 1786
171462 171310 1855
171462 171461 2027
171462 171469 1000
171476 171461 889
171476 171469 2024
171476 171475 667
171475 171474 672
171475 171476 667
171475 171477 2108
171480 171474 675
171480 171481 850
171480 171530 1234
171485 171484 829
171485 171491 751
171485 171532 697
171490 171482 1116
171490 171491 1396
171490 171493 598
171492 171483 562
171492 171493 309
171492 171528 355
171532 171485 697
171532 171522 404
171532 171531 650
171521 171518 1735
171521 171519 1838
171521 171522 474
159120 159110 843
159120 159118 2126
159120 162391 767
162391 159120 767
162391 162390 2229
162391 171542 1012
171537 171538 2086
171537 171542 2000
171538 171536 767
171538 171537 2086
171538 171539 672
171538 171542 590
159126 159123 1802
159127 159123 688
159127 159129 782
159129 159127 782
159129 159130 1111
159129 159138 1942
159109 159110 2113
159135 159137 337
159138 159129 1942
159138 159137 1124
162352 162353 1613
162354 162353 606
162359 162353 1758
162359 162360 613
152154 152155 837
152154 152156 2021
159294 152155 2494
159294 159296 891
162360 152156 789
162360 162359 613
162360 162361 1546
159300 159296 2424
159259 159258 767
159257 159256 934
159167 159166 1349
159168 159166 1109
159229 159166 1114
162361 162360 1546
162361 162362 789
171467 171468 850
171536 171468 1505
171536 171538 767
171310 171462 1855
171469 171462 1000
171469 171476 2024
171469 171477 672
171477 171469 672
171477 171475 2108
171481 171480 850
171481 171483 778
171484 171485 829
171482 171483 1602
171482 171490 1116
171493 171490 598
171493 171492 309
171483 171481 778
171483 171482 1602
171483 171492 562
171518 171519 747
171518 171521 1735
171519 171518 747
171519 171521 1838
35
159123
159111
159110
159120
162391
171537
171538
159126
159127
159129
159109
159135
159138
162352
162354
162359
152154
159294
162360
159167
159168
159229
162361
171467
171536
171310
171469
171477
171481
171484
171482
171493
171483
171518
171519
