446
49848 49865 1008
49865 49848 1008
49865 49864 3523
49865 49866 3288
49865 49875 1483
49864 49863 1493
49864 49865 3523
49864 49866 927
49866 49864 927
49866 49865 3288
49866 49872 1408
49866 49876 1675
49875 49865 1483
49875 49874 3360
49875 49953 1576
49863 49849 2397
49863 49864 1493
49863 49867 1280
49872 49866 1408
49872 49868 2170
49872 49874 336
49876 49866 1675
49874 49872 336
49874 49873 750
49874 49875 3360
49953 49875 1576
49953 49956 268
49849 49863 2397
49849 49952 1026
49867 49863 1280
49867 49868 2270
49867 49869 2014
49868 49867 2270
49868 49872 2170
49873 49874 750
49873 49877 354
49956 49953 268
49956 49957 268
49952 49849 1026
49869 49862 1483
49869 49867 2014
49869 49870 278
49877 49873 354
49877 49878 1007
49877 49896 2348
49957 49956 268
49957 49958 1115
49957 49960 2161
49862 49869 1483
49870 49869 278
49870 49871 3655
49878 49877 1007
49878 49899 2403
49878 49900 1417
49878 49962 1810
49896 49877 2348
49896 49894 1426
49896 49898 789
49958 49957 1115
49958 49960 2141
49958 49961 1299
49960 49957 2161
49960 49958 2141
49960 49962 201
49871 49870 3655
49871 49894 1028
49871 49895 201
49899 49878 2403
49899 49898 1161
49899 49900 1671
49900 49878 1417
49900 49899 1671
49900 49967 836
49962 49878 1810
49962 49960 201
49962 49963 1078
49894 49871 1028
49894 49896 1426
49898 49896 789
49898 49899 1161
49898 49909 1336
49961 49958 1299
49961 49963 2752
49895 49871 201
49895 49897 475
49895 49903 884
49967 49900 836
49963 49961 2752
49963 49962 1078
49963 49966 354
49909 49897 1139
49909 49898 1336
49909 49910 580
49897 49895 475
49897 49909 1139
49903 49895 884
49903 49901 1054
49903 49904 1007
49966 49963 354
49910 49909 580
49910 49913 420
49901 49902 924
49901 49903 1054
49901 49907 1617
49904 49903 1007
49904 49905 1873
49913 49905 676
49913 49910 420
49902 49893 1022
49902 49901 924
49907 49901 1617
49907 49908 1797
49905 49904 1873
49905 49908 938
49905 49913 676
49893 49891 737
49893 49902 1022
49893 49906 3184
49908 49905 938
49908 49907 1797
49908 50009 1352
49891 49882 354
49891 49892 649
49891 49893 737
49906 49893 3184
49906 50003 612
49906 50004 950
50009 49908 1352
50009 50006 403
50009 50010 950
49882 49881 2006
49882 49889 688
49882 49891 354
49892 49891 649
50003 49906 612
50003 49990 1008
50003 50005 1007
50004 49906 950
50006 50007 238
50006 50009 403
50010 50009 950
50010 50011 1884
50010 50012 747
49881 49880 412
49881 49882 2006
49881 49885 905
49889 49882 688
49889 49887 1426
49990 49991 3629
49990 49994 1778
49990 50003 1008
50005 49998 1393
50005 50003 1007
50005 50013 1008
50007 50006 238
50007 50008 1817
50007 50013 2689
50011 50010 1884
50012 50010 747
49880 49881 412
49885 49881 905
49885 49884 796
49885 49887 1063
49887 49885 1063
49887 49888 713
49887 49889 1426
49991 49990 3629
49994 49990 1778
49994 49992 279
49994 50001 676
49998 49999 947
49998 50000 1322
49998 50005 1393
50013 50005 1008
50013 50007 2689
50013 50014 1754
50008 50007 1817
49884 49883 931
49884 49885 796
49884 49886 562
49888 49887 713
49992 49993 418
49992 49994 279
49992 49995 1481
50001 49994 676
50001 50000 1181
49999 49998 947
50000 49998 1322
50000 50001 1181
50000 50002 2281
50014 50013 1754
50014 50015 1008
50014 50044 1008
49883 49884 931
49886 49884 562
49993 49992 418
49995 49992 1481
49995 49996 950
49995 49997 2010
50002 49997 1768
50002 50000 2281
50002 50025 201
50015 50014 1008
50044 50014 1008
50044 50025 737
50044 50045 1145
49996 49995 950
49997 49995 2010
49997 50002 1768
49997 50021 1973
50025 50002 201
50025 50028 551
50025 50044 737
50045 50044 1145
50021 49997 1973
50021 50022 437
50021 50026 1145
50028 50025 551
50028 50029 947
50028 50037 2014
50022 50020 571
50022 50021 437
50022 50507 2319
50026 50021 1145
50026 50027 750
50026 50032 938
50029 50028 947
50037 50027 672
50037 50028 2014
50037 50038 473
50020 50019 927
50020 50022 571
50020 50023 1532
50507 50022 2319
50027 50026 750
50027 50035 872
50027 50037 672
50032 50026 938
50038 50036 806
50038 50037 473
50038 50039 1878
50019 50018 931
50019 50020 927
50019 50023 1945
50023 50019 1945
50023 50020 1532
50023 50024 336
50035 50027 872
50036 50033 557
50036 50038 806
50036 50042 1102
50039 50038 1878
50018 50019 931
50024 50023 336
50033 50034 362
50033 50036 557
50033 50041 1078
50042 50036 1102
50042 50043 348
50042 50065 3834
50034 50030 310
50034 50033 362
50041 50033 1078
50043 50042 348
50043 50077 3088
50065 50042 3834
50065 50066 1660
50065 50075 2251
50030 50031 279
50030 50034 310
50030 50040 938
50077 50043 3088
50077 50076 354
50077 50078 475
50066 50065 1660
50066 50070 452
50075 50065 2251
50075 50076 580
50031 50030 279
50031 50276 279
50040 50030 938
50076 50075 580
50076 50077 354
50076 50078 344
50078 50076 344
50078 50077 475
50078 50079 344
50070 50066 452
50070 50073 111
50276 50031 279
50079 50078 344
50079 50080 536
50079 50081 924
50079 50082 1179
50073 50070 111
50073 50072 222
50080 50079 536
50080 50085 434
50081 50079 924
50081 50088 238
50082 50079 1179
50082 50098 818
50072 50061 796
50072 50071 672
50072 50073 222
50072 50074 733
50085 50080 434
50088 50081 238
50098 50082 818
50098 50222 5396
50061 50058 796
50061 50067 1349
50061 50072 796
50071 50072 672
50074 50072 733
50074 50231 813
50222 50098 5396
50222 108979 336
50058 50059 1004
50058 50060 1142
50058 50061 796
50067 50061 1349
50067 50064 1197
50231 50074 813
50231 50232 152
108979 50222 336
108979 108981 756
50059 50058 1004
50059 94326 562
50060 50058 1142
50060 50062 884
50060 50063 750
50064 49985 1344
50064 50067 1197
50232 50231 152
50232 50233 726
108981 108979 756
108981 108980 2542
108981 108983 1466
94326 50059 562
94326 94305 681
94326 94327 394
50062 50060 884
50063 50060 750
50063 50091 884
50063 50092 750
49985 49983 3030
49985 50057 1161
49985 50064 1344
50233 50095 953
50233 50232 726
108980 108967 562
108980 108981 2542
108980 109008 847
108983 108981 1466
108983 108984 756
108983 108988 1344
108983 113776 764
94305 94197 4605
94305 94324 834
94305 94326 681
94327 94326 394
50091 50063 884
50092 50063 750
50092 50093 610
50092 50094 872
49983 49984 3473
49983 49985 3030
49983 49986 1483
50057 49985 1161
50095 50094 344
50095 50096 504
50095 50233 953
108967 108966 1000
108967 108968 434
108967 108976 5405
108967 108980 562
109008 108980 847
109008 109009 4307
108984 108983 756
108988 108983 1344
108988 108987 764
108988 109010 1454
108988 113777 588
113776 108983 764
94197 94065 13948
94197 94305 4605
94324 94305 834
94324 94320 491
94324 94325 585
94324 103185 753
50093 50092 610
50094 50092 872
50094 50095 344
50094 50096 536
49984 49983 3473
49986 49983 1483
50096 50094 536
50096 50095 504
50096 50097 1177
108966 108967 1000
108968 108967 434
108968 108982 1153
108976 108967 5405
108976 108999 1008
109009 109008 4307
109009 109025 1181
108987 108988 764
109010 108988 1454
109010 109011 588
109010 109013 1248
109010 113778 420
113777 108988 588
94065 94066 791
94065 94197 13948
94065 94233 4380
94320 94321 1031
94320 94324 491
94320 103186 762
94325 94324 585
103185 94324 753
50097 50096 1177
50097 108907 336
108982 108919 1461
108982 108968 1153
108999 108976 1008
108999 108997 1362
108999 109025 445
109025 108999 445
109025 109009 1181
109025 109026 1273
109025 109027 1878
109011 109010 588
109013 109010 1248
109013 109012 435
113778 109010 420
94066 94065 791
94233 94065 4380
94321 94320 1031
103186 94320 762
108907 50097 336
108919 108982 1461
108997 108999 1362
109026 109025 1273
109027 109025 1878
109012 109013 435
200
49848
49865
49864
49866
49875
49863
49872
49876
49874
49953
49849
49867
49868
49873
49956
49952
49869
49877
49957
49862
49870
49878
49896
49958
49960
49871
49899
49900
49962
49894
49898
49961
49895
49967
49963
49909
49897
49903
49966
49910
49901
49904
49913
49902
49907
49905
49893
49908
49891
49906
50009
49882
49892
50003
50004
50006
50010
49881
49889
49990
50005
50007
50011
50012
49880
49885
49887
49991
49994
49998
50013
50008
49884
49888
49992
50001
49999
50000
50014
49883
49886
49993
49995
50002
50015
50044
49996
49997
50025
50045
50021
50028
50022
50026
50029
50037
50020
50507
50027
50032
50038
50019
50023
50035
50036
50039
50018
50024
50033
50042
50034
50041
50043
50065
50030
50077
50066
50075
50031
50040
50076
50078
50070
50276
50079
50073
50080
50081
50082
50072
50085
50088
50098
50061
50071
50074
50222
50058
50067
50231
108979
50059
50060
50064
50232
108981
94326
50062
50063
49985
50233
108980
108983
94305
94327
50091
50092
49983
50057
50095
108967
109008
108984
108988
113776
94197
94324
50093
50094
49984
49986
50096
108966
108968
108976
109009
108987
109010
113777
94065
94320
94325
103185
50097
108982
108999
109025
109011
109013
113778
94066
94233
94321
103186
108907
108919
108997
109026
109027
109012
