508
123545 123550 2092
123545 123551 1748
123545 123562 2234
123550 123545 2092
123550 124463 631
123550 124578 344
123551 123545 1748
123551 124581 1953
123551 124582 1210
123562 123545 2234
124463 123550 631
124578 123550 344
124581 123551 1953
124581 124580 279
124581 124583 1210
124582 123551 1210
124582 124583 1953
124582 124586 2623
124580 124467 2093
124580 124579 337
124580 124581 279
124583 124581 1210
124583 124582 1953
124583 124585 1169
124586 124582 2623
124586 124585 1354
124586 124596 673
124467 124464 739
124467 124580 2093
124467 124584 1284
124579 124580 337
124585 124583 1169
124585 124584 1023
124585 124586 1354
124596 124586 673
124596 124597 2509
124596 124598 1347
124464 124460 837
124464 124466 1903
124464 124467 739
124584 124467 1284
124584 124585 1023
124584 124588 1147
124597 124596 2509
124598 124592 1578
124598 124596 1347
124598 124601 1065
124460 124464 837
124460 124465 2134
124466 124453 1813
124466 124464 1903
124466 124465 739
124588 124584 1147
124588 124590 1067
124588 124592 2020
124592 124588 2020
124592 124598 1578
124592 124599 1210
124592 124600 1399
124601 124598 1065
124601 124625 2379
124601 124628 1036
124465 124448 1866
124465 124460 2134
124465 124466 739
124453 124448 808
124453 124455 789
124453 124466 1813
124590 124587 678
124590 124588 1067
124590 124593 1587
124599 124592 1210
124599 124600 1459
124599 124630 1004
124600 124489 1990
124600 124592 1399
124600 124599 1459
124625 124601 2379
124625 124626 1367
124625 124634 3572
124628 124601 1036
124628 124629 1222
124628 124632 1096
124448 124447 1087
124448 124453 808
124448 124465 1866
124455 124453 789
124455 124454 1014
124455 124456 954
124455 124471 1814
124587 124470 941
124587 124488 674
124587 124590 678
124593 124589 1390
124593 124590 1587
124630 124599 1004
124630 124629 963
124489 124486 4166
124489 124591 518
124489 124600 1990
124626 124625 1367
124626 124634 2840
124634 124625 3572
124634 124626 2840
124629 124628 1222
124629 124630 963
124629 124631 951
124629 124633 1284
124632 124628 1096
124632 124633 1014
124447 124446 948
124447 124448 1087
124447 124451 613
124454 124455 1014
124454 124471 1270
124454 124472 2586
124454 124483 1018
124456 124455 954
124456 124468 1537
124456 124469 2702
124471 124432 1785
124471 124454 1270
124471 124455 1814
124470 124468 2274
124470 124469 811
124470 124587 941
124488 124468 1561
124488 124587 674
124488 124589 1087
124589 124488 1087
124589 124591 1032
124589 124593 1390
124486 124474 1631
124486 124487 1014
124486 124489 4166
124591 124485 2017
124591 124489 518
124591 124589 1032
124631 124629 951
124631 124647 672
124633 124629 1284
124633 124632 1014
124633 124641 872
124446 124422 673
124446 124447 948
124446 124450 767
124451 124447 613
124472 124435 697
124472 124454 2586
124472 124473 1467
124472 124474 1116
124483 124454 1018
124483 124484 1183
124483 124485 1105
124468 124456 1537
124468 124470 2274
124468 124488 1561
124469 124456 2702
124469 124470 811
124469 132479 111
124432 124408 890
124432 124424 2092
124432 124435 2357
124432 124471 1785
124474 124472 1116
124474 124478 606
124474 124486 1631
124487 124486 1014
124485 124483 1105
124485 124591 2017
124647 124614 474
124647 124631 672
124647 124648 650
124647 124650 843
124641 124633 872
124641 124644 850
124422 124420 889
124422 124446 673
124422 124449 460
124450 124446 767
124435 124432 2357
124435 124433 1953
124435 124472 697
124473 124437 537
124473 124472 1467
124473 124478 477
124484 124483 1183
132479 124469 111
124408 124409 714
124408 124432 890
124408 124449 1697
124424 124432 2092
124424 124433 2351
124478 124473 477
124478 124474 606
124478 124479 1023
124614 124602 1284
124614 124613 3953
124614 124647 474
124648 124646 1866
124648 124647 650
124648 124649 739
124648 124650 751
124650 124647 843
124650 124648 751
124650 124663 1118
124644 124641 850
124644 124642 562
124644 124780 1390
124420 124419 739
124420 124422 889
124449 124408 1697
124449 124422 460
124433 124424 2351
124433 124431 2285
124433 124435 1953
124433 124437 1211
124437 124433 1211
124437 124439 1798
124437 124473 537
124409 124408 714
124479 124478 1023
124602 124493 4257
124602 124612 1283
124602 124614 1284
124613 124607 1102
124613 124614 3953
124613 124615 1578
124646 124621 1255
124646 124648 1866
124649 124648 739
124649 124651 3260
124649 124652 808
124649 124663 1587
124663 124649 1587
124663 124650 1118
124663 124666 872
124642 124643 667
124642 124644 562
124642 124645 2421
124780 124644 1390
124780 124778 1447
124780 124784 1450
124419 124420 739
124431 124433 2285
124431 124436 1920
124439 124436 907
124439 124437 1798
124493 124492 2432
124493 124602 4257
124493 124603 1102
124612 124602 1283
124612 124607 2552
124612 124611 1459
124607 124612 2552
124607 124613 1102
124615 124613 1578
124615 124616 739
124621 124616 2616
124621 124622 322
124621 124646 1255
124651 124649 3260
124651 124653 276
124651 124654 1764
124651 124655 474
124652 124649 808
124652 124658 3260
124652 124664 673
124652 124668 2284
124666 124663 872
124666 124667 355
124643 124639 1781
124643 124642 667
124645 124639 808
124645 124642 2421
124645 124774 238
124645 124779 474
124778 124777 1624
124778 124780 1447
124784 124780 1450
124784 124783 1036
124436 124431 1920
124436 124439 907
124492 124493 2432
124492 124603 3374
124603 124492 3374
124603 124493 1102
124603 124611 477
124611 124603 477
124611 124612 1459
124616 124615 739
124616 124618 786
124616 124621 2616
124622 124621 322
124622 124653 189
124653 124622 189
124653 124651 276
124654 124651 1764
124655 124651 474
124655 124658 355
124658 124652 3260
124658 124655 355
124658 124659 279
124664 124652 673
124664 124660 4134
124664 124665 874
124664 124669 2115
124668 124652 2284
124668 124667 238
124667 124666 355
124667 124668 238
124667 124799 1102
124639 124643 1781
124639 124645 808
124639 124769 751
124774 124645 238
124779 124645 474
124777 124778 1624
124783 124781 688
124783 124784 1036
124783 124785 1014
124783 124793 1270
124618 124616 786
124659 124658 279
124660 124661 673
124660 124664 4134
124665 124661 4149
124665 124664 874
124665 124670 739
124665 124800 2092
124669 124664 2115
124669 124799 1206
124799 124667 1102
124799 124669 1206
124799 124803 1018
124769 124639 751
124769 124770 1030
124781 124775 1439
124781 124782 675
124781 124783 688
124785 124783 1014
124785 124786 747
124785 124787 782
124793 124783 1270
124661 124660 673
124661 124662 808
124661 124665 4149
124670 124662 4097
124670 124665 739
124670 124671 678
124670 124804 2321
124800 124665 2092
124800 124801 1346
124803 124799 1018
124803 124801 613
124803 124806 791
124770 124769 1030
124775 124776 1149
124775 124781 1439
124782 124781 675
124786 124785 747
124786 124787 276
124786 124796 2134
124787 124785 782
124787 124786 276
124787 124809 253
124787 124818 613
124662 124661 808
124662 124670 4097
124671 124670 678
124671 124673 739
124671 124805 2144
124804 124670 2321
124804 124802 1169
124804 124805 811
124801 124800 1346
124801 124802 808
124801 124803 613
124806 124803 791
124806 124809 518
124776 124775 1149
124796 124786 2134
124796 124797 1953
124796 124798 1075
124796 124842 3068
124809 124787 253
124809 124806 518
124809 124808 418
124818 124787 613
124818 124797 1010
124818 124819 613
124673 124671 739
124673 124677 1346
124673 124812 337
124805 124671 2144
124805 124804 811
124805 124810 890
124802 124801 808
124802 124804 1169
124802 124807 238
124802 124808 1169
124797 124796 1953
124797 124818 1010
124797 124823 792
124797 124824 1087
124798 124796 1075
124798 124824 2092
124798 124843 1010
124842 124796 3068
124842 124841 1036
124842 124843 2144
124808 124802 1169
124808 124809 418
124819 124818 613
124819 124820 279
124819 124821 337
124677 124673 1346
124677 124678 1381
124812 124673 337
124812 124678 418
124812 124813 2232
124810 124805 890
124810 124811 139
124807 124802 238
124823 124797 792
124823 124822 656
124824 124797 1087
124824 124798 2092
124824 124827 1075
124843 124798 1010
124843 124827 2182
124843 124842 2144
124843 124848 1075
124841 124840 782
124841 124842 1036
124841 124845 684
124820 124819 279
124821 124819 337
124678 124677 1381
124678 124812 418
124813 124812 2232
124811 124810 139
124822 124823 656
124827 124824 1075
124827 124843 2182
124827 124851 1142
124848 124843 1075
124848 124846 2810
124848 124849 1212
124848 124851 2134
124840 124839 924
124840 124841 782
124845 124841 684
124845 124846 650
124845 124937 1719
124851 124827 1142
124851 124832 2939
124851 124848 2134
124851 124852 1087
124851 132422 560
124846 124845 650
124846 124847 1154
124846 124848 2810
124849 124847 2895
124849 124848 1212
124849 124852 2371
124849 124863 1010
124839 124840 924
124839 124844 1450
124937 124845 1719
124937 124847 1764
124937 124938 1617
124832 124831 935
124832 124851 2939
124832 132419 140
124832 132420 367
124852 124849 2371
124852 124851 1087
124852 124858 1010
132422 124851 560
124847 124846 1154
124847 124849 2895
124847 124850 941
124847 124937 1764
124863 124849 1010
124863 124864 475
124863 124867 1897
124844 124838 2321
124844 124839 1450
124938 124937 1617
124938 124939 344
124938 124947 1146
124831 124832 935
124831 124853 751
132419 124832 140
132420 124832 367
124858 124852 1010
124850 124847 941
124850 124867 1121
124850 124939 2589
124864 124863 475
124867 124850 1121
124867 124863 1897
124838 124844 2321
124939 124850 2589
124939 124938 344
124947 124938 1146
124853 124831 751
200
123545
123550
123551
123562
124463
124578
124581
124582
124580
124583
124586
124467
124579
124585
124596
124464
124584
124597
124598
124460
124466
124588
124592
124601
124465
124453
124590
124599
124600
124625
124628
124448
124455
124587
124593
124630
124489
124626
124634
124629
124632
124447
124454
124456
124471
124470
124488
124589
124486
124591
124631
124633
124446
124451
124472
124483
124468
124469
124432
124474
124487
124485
124647
124641
124422
124450
124435
124473
124484
132479
124408
124424
124478
124614
124648
124650
124644
124420
124449
124433
124437
124409
124479
124602
124613
124646
124649
124663
124642
124780
124419
124431
124439
124493
124612
124607
124615
124621
124651
124652
124666
124643
124645
124778
124784
124436
124492
124603
124611
124616
124622
124653
124654
124655
124658
124664
124668
124667
124639
124774
124779
124777
124783
124618
124659
124660
124665
124669
124799
124769
124781
124785
124793
124661
124670
124800
124803
124770
124775
124782
124786
124787
124662
124671
124804
124801
124806
124776
124796
124809
124818
124673
124805
124802
124797
124798
124842
124808
124819
124677
124812
124810
124807
124823
124824
124843
124841
124820
124821
124678
124813
124811
124822
124827
124848
124840
124845
124851
124846
124849
124839
124937
124832
124852
132422
124847
124863
124844
124938
124831
132419
132420
124858
124850
124864
124867
124838
124939
124947
124853
