536
120189 120190 248
120189 120222 1958
120189 126006 449
120190 120189 248
120190 126009 238
120190 126015 697
120222 120189 1958
120222 125998 994
120222 126009 1913
126006 120189 449
126006 126002 558
126006 126004 1956
126009 120190 238
126009 120222 1913
126009 126000 890
126015 120190 697
125998 120222 994
125998 125952 751
125998 126002 2156
126002 125998 2156
126002 126001 697
126002 126006 558
126004 126003 906
126004 126006 1956
126004 126007 418
126000 125996 2350
126000 126009 890
126000 126010 1546
126000 126012 810
125952 125951 948
125952 125998 751
125952 126001 2219
126001 125952 2219
126001 126002 697
126001 126003 810
126003 126001 810
126003 126004 906
126007 126004 418
126007 126016 418
125996 125995 1206
125996 125997 940
125996 125999 1620
125996 126000 2350
126010 126000 1546
126010 126013 890
126010 126019 1028
126012 126000 810
126012 126008 837
126012 126013 1477
126012 132532 2109
125951 125950 1161
125951 125952 948
125951 125997 2014
126016 126007 418
126016 126017 612
126016 126022 3977
125995 125391 1343
125995 125993 790
125995 125996 1206
125997 125951 2014
125997 125994 650
125997 125996 940
125999 125391 1010
125999 125996 1620
125999 126008 2215
126013 126010 890
126013 126012 1477
126013 126014 697
126019 126010 1028
126019 126031 1147
126019 126032 1255
126008 125433 837
126008 125999 2215
126008 126012 837
126008 126014 1483
132532 126012 2109
125950 125947 279
125950 125951 1161
125950 125994 2010
126017 126016 612
126017 126018 789
126022 126016 3977
126022 126069 7466
125391 125390 890
125391 125995 1343
125391 125999 1010
125993 125948 2097
125993 125994 848
125993 125995 790
125994 125950 2010
125994 125993 848
125994 125997 650
126014 126008 1483
126014 126011 885
126014 126013 697
126014 126048 1035
126031 126019 1147
126031 126036 789
126031 126038 976
126032 126019 1255
125433 125430 2789
125433 125431 807
125433 126008 837
125433 126011 1346
125947 125946 3105
125947 125948 848
125947 125950 279
126018 126017 789
126069 126022 7466
126069 127000 1438
126069 127001 890
125390 125387 556
125390 125391 890
125390 125392 1683
125948 125946 3059
125948 125947 848
125948 125993 2097
126011 125433 1346
126011 126014 885
126011 126027 1064
126011 126030 813
126048 126014 1035
126048 126047 2034
126036 126031 789
126036 126034 751
126036 126037 752
126038 126031 976
126038 126039 673
126038 126049 1533
125430 125429 752
125430 125432 1855
125430 125433 2789
125430 125434 1282
125431 125392 673
125431 125429 2701
125431 125433 807
125946 125945 404
125946 125947 3105
125946 125948 3059
127000 126069 1438
127000 126998 1074
127000 127006 830
127001 126069 890
127001 127002 837
127001 127008 612
125387 125378 893
125387 125390 556
125387 125393 2032
125392 125390 1683
125392 125393 837
125392 125431 673
126027 126011 1064
126027 126028 1502
126027 126046 2806
126030 126011 813
126047 126048 2034
126047 126049 1454
126047 126052 953
126034 126033 713
126034 126035 1704
126034 126036 751
126037 126036 752
126037 126040 848
126037 126041 837
126039 126038 673
126039 126041 747
126039 126043 518
126049 126038 1533
126049 126047 1454
126049 126053 222
125429 125428 202
125429 125430 752
125429 125431 2701
125432 125425 879
125432 125430 1855
125432 125444 1121
125434 125430 1282
125434 125447 1255
125434 125452 1282
125945 125946 404
126998 126066 874
126998 126067 810
126998 127000 1074
127006 127000 830
127006 132361 622
127002 127001 837
127008 127001 612
127008 127009 697
127008 127010 739
125378 125376 475
125378 125387 893
125378 125388 1905
125393 125387 2032
125393 125392 837
125393 125396 697
126028 126027 1502
126028 126029 1615
126028 126044 673
126046 126027 2806
126046 126044 1413
126046 126052 1014
126046 126992 850
126052 126046 1014
126052 126047 953
126052 126054 2371
126033 126034 713
126033 126068 1556
126035 126034 1704
126035 126040 222
126035 126070 558
126040 126035 222
126040 126037 848
126040 126058 436
126041 126037 837
126041 126039 747
126041 126042 612
126043 126039 518
126043 126053 751
126043 126055 612
126053 126043 751
126053 126049 222
126053 126054 807
125428 125397 537
125428 125427 537
125428 125429 202
125425 125424 1357
125425 125427 1396
125425 125432 879
125444 125426 238
125444 125432 1121
125444 125445 1483
125447 125434 1255
125447 125446 1210
125447 125448 612
125452 125434 1282
125452 125446 1067
125452 126044 650
125452 126045 630
126066 126065 1211
126066 126073 1211
126066 126998 874
126067 126064 606
126067 126998 810
126067 126999 3494
132361 127006 622
132361 132362 749
127009 127008 697
127010 127008 739
127010 127011 697
127010 127012 1054
125376 125375 905
125376 125377 552
125376 125378 475
125388 125378 1905
125388 125389 976
125388 125396 738
125396 125388 738
125396 125393 697
125396 125397 1116
126029 126028 1615
126044 125452 650
126044 126028 673
126044 126046 1413
126992 126046 850
126992 126051 1011
126992 126993 1669
126054 126052 2371
126054 126053 807
126054 126062 738
126068 126033 1556
126068 126070 238
126070 126035 558
126070 126068 238
126070 126071 739
126058 126040 436
126058 126056 928
126058 126072 474
126042 126041 612
126055 126043 612
126055 126056 1023
126055 126057 1282
125397 125389 752
125397 125396 1116
125397 125428 537
125427 125395 1345
125427 125425 1396
125427 125428 537
125424 125423 738
125424 125425 1357
125424 125426 879
125424 125435 511
125426 125424 879
125426 125437 2198
125426 125444 238
125445 125443 697
125445 125444 1483
125445 125448 848
125445 125451 1210
125446 125447 1210
125446 125449 747
125446 125452 1067
125448 125445 848
125448 125447 612
125448 125449 1009
126045 125452 630
126045 126050 752
126045 126697 1877
126065 126057 238
126065 126059 890
126065 126066 1211
126073 126059 890
126073 126066 1211
126073 126071 2401
126064 126062 476
126064 126063 890
126064 126067 606
126999 126067 3494
126999 126996 1264
126999 127003 404
132362 127004 356
132362 132361 749
127011 127010 697
127012 127005 951
127012 127010 1054
125375 125374 1429
125375 125376 905
125375 125386 1228
125377 125376 552
125389 125386 1477
125389 125388 976
125389 125397 752
126051 126050 1580
126051 126741 3284
126051 126991 747
126051 126992 1011
126993 126061 782
126993 126992 1669
126993 126996 1694
126062 126054 738
126062 126057 818
126062 126060 789
126062 126064 476
126071 126070 739
126071 126072 837
126071 126073 2401
126056 126055 1023
126056 126058 928
126056 126059 1282
126072 126058 474
126072 126059 1340
126072 126071 837
126057 126055 1282
126057 126062 818
126057 126065 238
125395 125394 673
125395 125423 2283
125395 125427 1345
125423 125395 2283
125423 125422 807
125423 125424 738
125435 125424 511
125437 125426 2198
125437 125438 374
125437 125441 1683
125443 125442 1339
125443 125445 697
125443 125450 1211
125451 125445 1210
125451 125449 697
125451 125450 837
125451 125453 807
125449 125446 747
125449 125448 1009
125449 125451 697
126050 126045 752
126050 126051 1580
126050 126698 751
126697 125453 494
126697 126045 1877
126697 126698 1274
126059 126056 1282
126059 126065 890
126059 126072 1340
126059 126073 890
126063 126060 630
126063 126064 890
126063 126997 807
126996 126993 1694
126996 126997 1029
126996 126999 1264
127003 126994 1086
127003 126999 404
127003 127004 404
127004 127003 404
127004 127007 600
127004 132362 356
127005 126994 1081
127005 127012 951
127005 127013 1346
127005 127041 4287
125374 125373 605
125374 125375 1429
125374 125379 2821
125386 125375 1228
125386 125382 1023
125386 125389 1477
126741 126051 3284
126741 126994 30
126741 132534 736
126991 126051 747
126991 126698 1380
126991 126715 1234
126061 126060 818
126061 126993 782
126061 126997 1154
126060 126061 818
126060 126062 789
126060 126063 630
125394 125382 1080
125394 125395 673
125394 125422 2181
125422 125385 1080
125422 125394 2181
125422 125423 807
125438 125436 747
125438 125437 374
125438 125439 1343
125438 126675 1786
125441 125437 1683
125442 125443 1339
125442 126703 537
125442 126708 697
125450 125443 1211
125450 125451 837
125450 126708 873
125450 126709 2150
125453 125451 807
125453 126697 494
125453 126712 605
126698 126050 751
126698 126697 1274
126698 126991 1380
126997 126061 1154
126997 126063 807
126997 126996 1029
126994 126741 30
126994 127003 1086
126994 127005 1081
127007 127004 600
127013 127005 1346
127013 127042 538
127041 127005 4287
125373 125339 1009
125373 125344 3669
125373 125374 605
125379 125374 2821
125382 125380 738
125382 125385 2181
125382 125386 1023
125382 125394 1080
132534 126741 736
126715 126713 713
126715 126991 1234
126715 126995 879
125385 125382 2181
125385 125383 605
125385 125422 1080
125436 125411 344
125436 125438 747
125436 125440 807
125439 125438 1343
126675 125438 1786
126703 125442 537
126703 126704 928
126703 126710 2417
126708 125442 697
126708 125450 873
126708 126711 1948
126709 125450 2150
126709 126711 697
126709 126713 279
126712 125453 605
127042 127013 538
127042 127043 766
127042 127044 1346
125339 125338 879
125339 125342 2823
125339 125369 1624
125339 125373 1009
125344 125343 1011
125344 125373 3669
125380 125381 404
125380 125382 738
125380 125383 2144
126713 126709 279
126713 126714 600
126713 126715 713
126995 126715 879
126995 126732 552
125383 125380 2144
125383 125384 418
125383 125385 605
125411 125410 3229
125411 125414 612
125411 125436 344
125440 125436 807
125440 126681 2381
125440 126701 1774
126704 126703 928
126704 126705 2618
126710 126703 2417
126710 126705 948
126710 126711 789
126711 126708 1948
126711 126709 697
126711 126710 789
127043 126832 5072
127043 127042 766
127044 127042 1346
125338 125339 879
125342 125339 2823
125342 125343 1426
125369 125339 1624
125343 125342 1426
125343 125344 1011
125381 125380 404
126714 126713 600
126732 126995 552
125384 125383 418
125410 125411 3229
125414 125411 612
126681 125440 2381
126701 125440 1774
126705 126704 2618
126705 126710 948
126832 127043 5072
19
126003
125374
125373
125379
125339
125344
127043
127044
125338
125342
125369
125343
126732
125410
125414
126681
126701
126705
126832
