24
78245 78246 445
78246 78245 445
78246 78251 883
78246 78352 722
78251 78246 883
78251 78248 748
78251 78252 1368
78352 78246 722
78248 78249 740
78248 78250 1115
78248 78251 748
78252 78251 1368
78252 78255 915
78252 78256 780
78249 78248 740
78250 78248 1115
78255 78252 915
78255 78256 838
78255 78257 554
78256 78252 780
78256 78255 838
78256 78258 527
78257 78255 554
78258 78256 527
12
78245
78246
78251
78352
78248
78252
78249
78250
78255
78256
78257
78258
