458
198793 212595 57
198793 214461 533
212595 198793 57
212595 204965 50
214461 198793 533
204965 204950 28526
204965 212594 785
204965 212595 50
204950 204949 6372
204950 204965 28526
212594 204965 785
204949 204947 1138
204949 204950 6372
204947 204945 4407
204947 204949 1138
204945 204943 1814
204945 204944 684
204945 204947 4407
204945 204948 715
204943 204833 1913
204943 204942 747
204943 204945 1814
204943 215031 633
204944 204941 845
204944 204942 1917
204944 204945 684
204948 204945 715
204833 204826 839
204833 204831 1936
204833 204943 1913
204833 204946 593
204942 204826 1932
204942 204939 797
204942 204943 747
204942 204944 1917
215031 204943 633
204941 204939 1796
204941 204940 684
204941 204944 845
204826 204824 1705
204826 204825 766
204826 204833 839
204826 204942 1932
204831 204819 1790
204831 204824 709
204831 204833 1936
204831 204834 612
204946 204833 593
204939 204825 2146
204939 204938 755
204939 204941 1796
204939 204942 797
204940 204937 797
204940 204938 1808
204940 204941 684
204824 204818 1932
204824 204823 849
204824 204826 1705
204824 204831 709
204825 204822 674
204825 204823 1593
204825 204826 766
204825 204939 2146
204819 204817 1936
204819 204818 864
204819 204831 1790
204819 204832 522
204834 204831 612
204938 204822 2241
204938 204936 864
204938 204939 755
204938 204940 1808
204937 204787 776
204937 204936 1935
204937 204940 797
204818 204815 755
204818 204816 1917
204818 204819 864
204818 204824 1932
204823 204815 1932
204823 204820 674
204823 204824 849
204823 204825 1593
204822 204820 1594
204822 204821 846
204822 204825 674
204822 204938 2241
204817 204789 1934
204817 204816 773
204817 204819 1936
204817 204827 612
204832 204819 522
204936 204821 2239
204936 204933 755
204936 204937 1935
204936 204938 864
204787 204788 428
204787 204933 1949
204787 204937 776
204815 204813 1793
204815 204814 684
204815 204818 755
204815 204823 1932
204816 204785 1892
204816 204813 692
204816 204817 773
204816 204818 1917
204820 204643 867
204820 204814 1823
204820 204822 1594
204820 204823 674
204821 204643 1486
204821 204645 796
204821 204822 846
204821 204936 2239
204789 204785 597
204789 204786 1788
204789 204817 1934
204827 204817 612
204933 204645 2133
204933 204787 1949
204933 204932 797
204933 204936 755
204788 204787 428
204813 204784 2025
204813 204812 683
204813 204815 1793
204813 204816 692
204814 204638 872
204814 204812 1794
204814 204815 684
204814 204820 1823
204785 204783 1823
204785 204784 845
204785 204789 597
204785 204816 1892
204643 204638 1805
204643 204642 845
204643 204820 867
204643 204821 1486
204645 204642 1611
204645 204644 756
204645 204821 796
204645 204933 2133
204786 204777 1811
204786 204783 684
204786 204789 1788
204786 204790 664
204932 204644 2239
204932 204930 784
204932 204933 797
204932 204934 1363
204784 204621 797
204784 204782 1810
204784 204785 845
204784 204813 2025
204812 204621 1936
204812 204636 937
204812 204813 683
204812 204814 1794
204638 204636 1935
204638 204637 773
204638 204643 1805
204638 204814 872
204783 204775 1810
204783 204782 773
204783 204785 1823
204783 204786 684
204642 204637 1794
204642 204640 684
204642 204643 845
204642 204645 1611
204644 204640 1593
204644 204641 796
204644 204645 756
204644 204932 2239
204777 204775 776
204777 204776 1701
204777 204781 901
204777 204786 1811
204790 204786 664
204930 204641 2260
204930 204929 774
204930 204931 1610
204930 204932 784
204934 204932 1363
204934 214525 896
204621 204619 1805
204621 204620 755
204621 204784 797
204621 204812 1936
204782 204614 1917
204782 204619 779
204782 204783 773
204782 204784 1810
204636 204620 1902
204636 204634 889
204636 204638 1935
204636 204812 937
204637 204634 1828
204637 204635 774
204637 204638 773
204637 204642 1794
204775 204614 766
204775 204774 1811
204775 204777 776
204775 204783 1810
204640 204635 1810
204640 204639 797
204640 204642 684
204640 204644 1593
204641 204632 845
204641 204639 1594
204641 204644 796
204641 204930 2260
204776 204773 342
204776 204774 674
204776 204777 1701
204776 204778 981
204781 204777 901
204781 204780 793
204781 204791 845
204929 204632 2271
204929 204925 774
204929 204930 774
204929 204935 1808
204931 204930 1610
214525 204934 896
214525 204935 779
204619 204612 1917
204619 204616 774
204619 204621 1805
204619 204782 779
204620 204616 1810
204620 204618 849
204620 204621 755
204620 204636 1902
204614 204612 779
204614 204613 1574
204614 204775 766
204614 204782 1917
204634 204618 2009
204634 204633 665
204634 204636 889
204634 204637 1828
204635 204627 779
204635 204633 1805
204635 204637 774
204635 204640 1810
204774 204613 785
204774 204775 1811
204774 204776 674
204639 204627 1805
204639 204631 755
204639 204640 797
204639 204641 1594
204632 204631 1576
204632 204641 845
204632 204924 776
204632 204929 2271
204773 204772 664
204773 204776 342
204778 204732 438
204778 204776 981
204780 204781 793
204791 204779 1019
204791 204781 845
204791 204792 386
204925 204923 867
204925 204924 2254
204925 204928 1809
204925 204929 774
204935 204928 773
204935 204929 1808
204935 214525 779
204612 204609 773
204612 204611 1701
204612 204614 779
204612 204619 1917
204616 204609 1917
204616 204615 756
204616 204619 774
204616 204620 1810
204618 204615 1812
204618 204617 796
204618 204620 849
204618 204634 2009
204613 204611 864
204613 204614 1574
204613 204774 785
204633 204617 1917
204633 204625 774
204633 204634 665
204633 204635 1805
204627 204625 1917
204627 204626 846
204627 204635 779
204627 204639 1805
204631 204626 1825
204631 204630 802
204631 204632 1576
204631 204639 755
204924 204630 1468
204924 204632 776
204924 204922 846
204924 204925 2254
204772 204771 701
204772 204773 664
204732 204778 438
204732 204779 834
204779 204732 834
204779 204791 1019
204792 204791 386
204923 204922 2361
204923 204925 867
204928 204925 1809
204928 204927 846
204928 204935 773
204609 204607 845
204609 204608 1697
204609 204612 773
204609 204616 1917
204611 204608 755
204611 204610 1128
204611 204612 1701
204611 204613 864
204615 204604 774
204615 204607 1935
204615 204616 756
204615 204618 1812
204617 204604 1920
204617 204605 774
204617 204618 796
204617 204633 1917
204625 204605 1917
204625 204624 845
204625 204627 1917
204625 204633 774
204626 204623 704
204626 204624 1917
204626 204627 846
204626 204631 1825
204630 204623 1917
204630 204629 936
204630 204631 802
204630 204924 1468
204922 204629 1487
204922 204923 2361
204922 204924 846
204771 204716 329
204771 204772 701
204927 204926 342
204927 204928 846
204607 204606 1590
204607 204609 845
204607 204615 1935
204608 204606 867
204608 204609 1697
204608 204611 755
204610 204596 2610
204610 204611 1128
204604 204615 774
204604 204617 1920
204605 204617 774
204605 204625 1917
204624 204625 845
204624 204626 1917
204623 204626 704
204623 204628 1009
204623 204630 1917
204629 204628 1931
204629 204630 936
204629 204922 1487
204716 204771 329
204926 204927 342
204606 204596 684
204606 204607 1590
204606 204608 867
204596 204606 684
204596 204610 2610
204628 204586 1810
204628 204590 683
204628 204623 1009
204628 204629 1931
204586 204587 683
204586 204628 1810
204590 204587 1808
204590 204589 1027
204590 204628 683
204587 204584 1027
204587 204585 1794
204587 204586 683
204587 204590 1808
204589 204584 1808
204589 204588 1044
204589 204590 1027
204584 204580 937
204584 204583 1794
204584 204587 1027
204584 204589 1808
204585 204583 1026
204585 204587 1794
204588 204580 1902
204588 204582 716
204588 204589 1044
204580 204578 1794
204580 204579 750
204580 204584 937
204580 204588 1902
204583 204564 1935
204583 204578 937
204583 204584 1794
204583 204585 1026
204582 204579 1811
204582 204581 859
204582 204588 716
204578 204555 1917
204578 204577 797
204578 204580 1794
204578 204583 937
204579 204574 1036
204579 204577 1917
204579 204580 750
204579 204582 1811
204564 204555 939
204564 204583 1935
204581 204574 1558
204581 204582 859
204555 204556 463
204555 204564 939
204555 204576 796
204555 204578 1917
204577 204573 936
204577 204576 1917
204577 204578 797
204577 204579 1917
204574 204573 2260
204574 204579 1036
204574 204581 1558
204556 204555 463
204556 204575 833
204576 204555 796
204576 204571 609
204576 204575 546
204576 204577 1917
204573 204572 1253
204573 204574 2260
204573 204577 936
204575 204556 833
204575 204571 782
204575 204576 546
204571 204570 655
204571 204575 782
204571 204576 609
204572 204570 100
204572 204573 1253
204570 204571 655
204570 204572 100
146
198793
212595
214461
204965
204950
212594
204949
204947
204945
204943
204944
204948
204833
204942
215031
204941
204826
204831
204946
204939
204940
204824
204825
204819
204834
204938
204937
204818
204823
204822
204817
204832
204936
204787
204815
204816
204820
204821
204789
204827
204933
204788
204813
204814
204785
204643
204645
204786
204932
204784
204812
204638
204783
204642
204644
204777
204790
204930
204934
204621
204782
204636
204637
204775
204640
204641
204776
204781
204929
204931
214525
204619
204620
204614
204634
204635
204774
204639
204632
204773
204778
204780
204791
204925
204935
204612
204616
204618
204613
204633
204627
204631
204924
204772
204732
204779
204792
204923
204928
204609
204611
204615
204617
204625
204626
204630
204922
204771
204927
204607
204608
204610
204604
204605
204624
204623
204629
204716
204926
204606
204596
204628
204586
204590
204587
204589
204584
204585
204588
204580
204583
204582
204578
204579
204564
204581
204555
204577
204574
204556
204576
204573
204575
204571
204572
204570
