542
8808 8809 736
8808 26546 1533
8808 26564 672
8809 8808 736
8809 18855 544
8809 26551 1488
26546 8808 1533
26546 26154 672
26546 26545 2229
26546 26551 536
26564 8808 672
26564 26154 1533
26564 26563 805
18855 8809 544
18855 18853 836
18855 18856 396
26551 8809 1488
26551 26546 536
26551 26549 536
26154 26153 2056
26154 26155 809
26154 26546 672
26154 26564 1533
26545 26153 836
26545 26544 750
26545 26546 2229
26563 18857 624
26563 26155 1476
26563 26564 805
26563 26614 336
18853 18854 642
18853 18855 836
18853 26549 1877
18853 26560 983
18856 18855 396
26549 18853 1877
26549 26544 2367
26549 26548 1022
26549 26551 536
26153 26147 697
26153 26151 697
26153 26154 2056
26153 26545 836
26155 26147 1951
26155 26154 809
26155 26177 629
26155 26563 1476
26544 26543 536
26544 26545 750
26544 26547 697
26544 26549 2367
18857 18858 328
18857 26178 1167
18857 26185 2003
18857 26563 624
26614 26563 336
18854 18853 642
26560 18853 983
26560 26548 1810
26560 26559 836
26560 26561 403
26548 26547 2212
26548 26549 1022
26548 26550 697
26548 26560 1810
26147 26135 2509
26147 26150 788
26147 26153 697
26147 26155 1951
26151 26148 927
26151 26153 697
26151 26543 1420
26177 26155 629
26177 26176 202
26177 26178 649
26543 26151 1420
26543 26152 557
26543 26544 536
26547 26540 612
26547 26544 697
26547 26548 2212
18858 18857 328
26178 18857 1167
26178 26174 1863
26178 26177 649
26185 18857 2003
26185 26179 279
26185 26186 403
26559 26550 1814
26559 26558 1028
26559 26560 836
26559 26562 1008
26561 26560 403
26550 26540 2147
26550 26542 1120
26550 26548 697
26550 26559 1814
26135 26132 737
26135 26133 1951
26135 26143 809
26135 26147 2509
26150 26147 788
26150 26149 976
26150 26167 1697
26150 26175 750
26148 26143 789
26148 26146 1344
26148 26151 927
26176 26173 1864
26176 26175 557
26176 26177 202
26152 26145 1306
26152 26146 279
26152 26543 557
26540 26538 649
26540 26547 612
26540 26550 2147
26174 26173 837
26174 26178 1863
26174 26180 245
26179 26180 682
26179 26184 2319
26179 26185 279
26186 19180 2550
26186 26185 403
26186 26568 1585
26558 26542 2079
26558 26559 1028
26558 26610 1814
26558 26611 610
26562 26559 1008
26562 26612 1576
26562 26613 877
26542 26541 1877
26542 26550 1120
26542 26556 728
26542 26558 2079
26132 26130 2369
26132 26131 806
26132 26135 737
26132 26138 649
26133 25267 1635
26133 26130 848
26133 26134 682
26133 26135 1951
26143 26134 1558
26143 26135 809
26143 26144 1146
26143 26148 789
26149 26138 1167
26149 26140 1609
26149 26150 976
26167 26140 1205
26167 26150 1697
26167 26166 751
26167 26172 747
26175 26150 750
26175 26172 1895
26175 26176 557
26146 26144 809
26146 26148 1344
26146 26152 279
26173 26168 2287
26173 26172 750
26173 26174 837
26173 26176 1864
26145 26142 1936
26145 26152 1306
26145 26538 1115
26538 26145 1115
26538 26539 445
26538 26540 649
26538 26541 536
26180 26174 245
26180 26179 682
26180 26650 497
26184 19180 788
26184 26179 2319
26184 26182 612
19180 11216 1248
19180 19179 580
19180 26184 788
19180 26186 2550
26568 26186 1585
26568 26565 1459
26568 26569 1681
26610 26558 1814
26610 26613 975
26610 26617 515
26611 26558 610
26612 26562 1576
26613 26562 877
26613 26583 1951
26613 26610 975
26541 21890 1715
26541 26538 536
26541 26542 1877
26556 26542 728
26130 25263 1505
26130 26129 682
26130 26132 2369
26130 26133 848
26131 26118 1280
26131 26129 2642
26131 26132 806
26138 26132 649
26138 26137 1756
26138 26149 1167
25267 25263 788
25267 25266 1719
25267 25273 765
25267 26133 1635
26134 25273 1612
26134 26133 682
26134 26141 756
26134 26143 1558
26144 26142 473
26144 26143 1146
26144 26146 809
26140 26139 536
26140 26149 1609
26140 26167 1205
26166 26136 1409
26166 26160 872
26166 26167 751
26172 26165 2217
26172 26167 747
26172 26173 750
26172 26175 1895
26168 26165 697
26168 26169 697
26168 26173 2287
26142 25278 1979
26142 26141 841
26142 26144 473
26142 26145 1936
26539 26538 445
26650 26180 497
26182 26163 950
26182 26170 557
26182 26184 612
11216 11217 515
11216 19180 1248
11216 26128 1809
11216 26187 848
11216 26262 1085
19179 19180 580
19179 19336 2080
19179 26187 158
26565 26188 683
26565 26267 597
26565 26568 1459
26569 26568 1681
26569 26574 350
26569 26575 336
26617 26610 515
26617 26619 311
26583 26584 557
26583 26585 676
26583 26613 1951
21890 21891 166
21890 26541 1715
25263 25261 1796
25263 25267 788
25263 26111 682
25263 26130 1505
26129 26111 1505
26129 26114 869
26129 26130 682
26129 26131 2642
26118 26116 1676
26118 26121 1008
26118 26131 1280
26118 26137 1073
26137 26118 1073
26137 26138 1756
26137 26139 473
25266 25261 599
25266 25265 1031
25266 25267 1719
25266 25272 848
25273 25267 765
25273 25272 1700
25273 25277 788
25273 26134 1612
26141 25277 1827
26141 26134 756
26141 26142 841
26139 26136 1028
26139 26137 473
26139 26140 536
26136 26121 1681
26136 26139 1028
26136 26158 672
26136 26166 1409
26160 26158 1362
26160 26164 806
26160 26166 872
26165 26164 750
26165 26168 697
26165 26172 2217
26169 26168 697
26169 26170 788
26169 26181 827
25278 25276 1686
25278 25277 682
25278 26142 1979
26163 26128 818
26163 26162 4144
26163 26182 950
26170 26169 788
26170 26182 557
26170 26183 1209
11217 11216 515
26128 11216 1809
26128 26127 4423
26128 26163 818
26128 26171 554
26187 11216 848
26187 19179 158
26187 26188 605
26262 11216 1085
26262 26261 1322
26262 26263 1363
19336 19179 2080
26188 21886 1576
26188 26187 605
26188 26565 683
26267 26266 370
26267 26565 597
26267 26658 395
26574 26569 350
26574 26573 356
26575 26569 336
26575 26576 659
26575 26577 872
26619 26617 311
26619 26618 2369
26619 26620 2915
26619 26632 1483
26584 26583 557
26585 26583 676
26585 26618 672
26585 26636 884
26585 26637 2884
21891 21890 166
21891 25375 1160
21891 26552 672
25261 25260 1139
25261 25262 869
25261 25263 1796
25261 25266 599
26111 25262 1719
26111 25263 682
26111 26113 951
26111 26129 1505
26114 26108 500
26114 26113 1530
26114 26129 869
26116 26108 1801
26116 26117 1014
26116 26118 1676
26121 26117 1008
26121 26118 1008
26121 26136 1681
25265 25260 588
25265 25264 333
25265 25266 1031
25265 25269 869
25272 25266 848
25272 25269 1139
25272 25271 788
25272 25273 1700
25277 25271 1700
25277 25273 788
25277 25278 682
25277 26141 1827
26158 26136 672
26158 26156 473
26158 26157 557
26158 26160 1362
26164 26160 806
26164 26161 336
26164 26165 750
26181 26169 827
25276 25271 765
25276 25275 1055
25276 25278 1686
25276 25279 630
26162 26127 697
26162 26161 889
26162 26163 4144
26183 26170 1209
26127 26124 373
26127 26128 4423
26127 26162 697
26171 26128 554
26261 26262 1322
26261 26264 238
26263 26262 1363
26263 26270 475
26263 26271 599
21886 11219 325
21886 26188 1576
21886 26651 645
26266 26267 370
26658 26267 395
26573 26570 1028
26573 26572 975
26573 26574 356
26576 26575 659
26576 26651 2232
26576 26656 802
26577 26575 872
26577 26660 3170
26577 26671 672
26577 26672 460
26618 26585 672
26618 26619 2369
26618 26638 2821
26620 26619 2915
26620 26638 958
26620 26642 22
26620 26644 1011
26632 26616 468
26632 26619 1483
26632 26626 1120
26632 26633 756
26636 26585 884
26636 26587 336
26636 26639 2752
26637 26585 2884
26637 26638 750
26637 26639 836
25375 21891 1160
25375 25376 713
25375 26553 872
26552 18852 827
26552 21891 672
26552 26553 1167
26552 26555 927
25260 25259 238
25260 25261 1139
25260 25265 588
25260 26110 557
25262 25261 869
25262 26111 1719
25262 26112 582
25262 29004 860
26113 26111 951
26113 26114 1530
26113 26119 1208
26113 26120 411
26108 26109 1127
26108 26114 500
26108 26115 344
26108 26116 1801
26117 26116 1014
26117 26121 1008
26117 26122 1797
25264 25265 333
25269 25265 869
25269 25268 688
25269 25272 1139
25271 25270 1612
25271 25272 788
25271 25276 765
25271 25277 1700
26156 26122 551
26156 26157 778
26156 26158 473
26157 26156 778
26157 26158 557
26157 26159 344
26161 26159 511
26161 26162 889
26161 26164 336
25275 25276 1055
25279 25276 630
26124 26125 751
26124 26126 1672
26124 26127 373
26264 26249 336
26264 26250 847
26264 26261 238
26264 26265 827
26270 26263 475
26271 26263 599
26271 26659 672
26271 26661 1073
11219 11220 1004
11219 21886 325
26651 21886 645
26651 26576 2232
26651 26659 336
26570 26573 1028
26572 26573 975
26656 26576 802
26660 26577 3170
26660 26659 939
26671 26577 672
26672 26577 460
26638 26618 2821
26638 26620 958
26638 26637 750
26642 26620 22
26644 26620 1011
26616 26632 468
26626 26632 1120
26633 26632 756
26587 26636 336
26639 26636 2752
26639 26637 836
25376 25375 713
26553 25375 872
26553 26552 1167
18852 26552 827
26555 26552 927
25259 25260 238
26110 25260 557
26112 25262 582
29004 25262 860
26119 26113 1208
26120 26113 411
26109 26108 1127
26115 26108 344
26122 26117 1797
26122 26156 551
25268 25269 688
25270 25271 1612
26159 26157 344
26159 26161 511
26125 26124 751
26126 26124 1672
26249 26264 336
26250 26264 847
26265 26264 827
26659 26271 672
26659 26651 336
26659 26660 939
26661 26271 1073
11220 11219 1004
24
11219
26570
26572
26660
26671
26644
26616
26626
26633
26587
26639
25376
26553
18852
29004
26122
25268
26159
26125
26249
26250
26265
26659
11220
