474
94554 94555 1311
94554 97071 463
94555 94554 1311
94555 96623 2696
94555 101851 433
97071 94554 463
97071 97040 7985
97071 97070 1530
97071 97168 476
96623 94555 2696
96623 96620 1124
96623 96640 2946
101851 94555 433
97040 97036 2480
97040 97041 951
97040 97071 7985
97070 96557 1468
97070 97071 1530
97168 96637 418
97168 97071 476
96620 96621 1114
96620 96622 2860
96620 96623 1124
96640 96622 1031
96640 96623 2946
96640 97173 765
97036 97033 336
97036 97035 336
97036 97040 2480
97041 97039 1141
97041 97040 951
96557 96556 2453
96557 97070 1468
96637 96636 5702
96637 97168 418
96621 96620 1114
96621 96638 1220
96621 96639 1854
96622 96620 2860
96622 96639 1533
96622 96640 1031
97173 96640 765
97173 97174 878
97173 97175 2797
97033 97034 3390
97033 97036 336
97035 96853 3448
97035 97036 336
97039 97037 202
97039 97041 1141
96556 96555 2621
96556 96557 2453
96556 96618 6127
96556 97034 3155
96636 96635 1818
96636 96637 5702
96638 96621 1220
96638 96639 1677
96639 96621 1854
96639 96622 1533
96639 96638 1677
97174 97173 878
97174 99216 103
97175 97172 2347
97175 97173 2797
97175 97176 2815
97034 96556 3155
97034 97033 3390
97034 102752 3283
96853 96832 1209
96853 96852 2282
96853 97035 3448
97037 97038 788
97037 97039 202
96555 96552 836
96555 96553 873
96555 96556 2621
96618 96556 6127
96618 96616 2712
96618 102659 771
96635 96636 1818
96635 102806 272
99216 97174 103
99216 99214 1537
99216 102804 963
97172 97170 2005
97172 97175 2347
97172 97439 1326
97176 97175 2815
102752 97034 3283
96832 96830 1028
96832 96853 1209
96832 97032 697
96852 96838 1117
96852 96853 2282
96852 96854 613
96852 97045 243
97038 97037 788
97038 97046 836
96552 96548 1745
96552 96551 2871
96552 96555 836
96553 96549 1009
96553 96554 1951
96553 96555 873
96616 96612 452
96616 96618 2712
102659 96618 771
102806 96635 272
102806 102805 914
102806 102807 1206
99214 99213 1345
99214 99216 1537
99214 99217 3051
102804 99216 963
102804 102807 3360
97170 97077 7193
97170 97171 2230
97170 97172 2005
97439 94635 1029
97439 97172 1326
97439 97440 1231
96830 96828 836
96830 96831 609
96830 96832 1028
97032 96832 697
96838 96836 1767
96838 96849 1334
96838 96850 1009
96838 96852 1117
96854 96848 1594
96854 96852 613
97045 96852 243
97045 97044 710
97045 102776 318
97046 97038 836
97046 97044 2681
97046 97047 1831
97046 97048 252
96548 96318 2147
96548 96551 2365
96548 96552 1745
96548 102750 597
96551 96324 932
96551 96548 2365
96551 96552 2871
96549 96547 1946
96549 96553 1009
96554 96553 1951
96612 96613 2751
96612 96614 1458
96612 96616 452
96612 96617 1955
102805 102806 914
102805 102808 913
102805 102809 1041
102805 102810 946
102807 102804 3360
102807 102806 1206
102807 102810 498
99213 99209 589
99213 99214 1345
99213 99215 2407
99217 99214 3051
99217 99215 1594
99217 99562 435
97077 97078 4673
97077 97079 722
97077 97080 1052
97077 97170 7193
97171 97170 2230
97171 97177 1663
97171 97178 3199
94635 94634 2322
94635 94634 2322
94635 97439 1029
97440 97439 1231
96828 96827 612
96828 96830 836
96831 96830 609
96831 96849 1395
96831 96850 1891
96836 96835 252
96836 96837 1994
96836 96838 1767
96849 96831 1395
96849 96838 1334
96849 96850 1009
96850 96831 1891
96850 96838 1009
96850 96849 1009
96848 96847 827
96848 96854 1594
96848 96855 2750
97044 97045 710
97044 97046 2681
102776 97045 318
97047 97046 1831
97047 97049 1258
97048 97046 252
97048 97059 517
97048 97061 3331
96318 96317 1307
96318 96319 1812
96318 96547 1029
96318 96548 2147
102750 96548 597
96324 96316 1904
96324 96323 355
96324 96551 932
96547 96277 1502
96547 96318 1029
96547 96549 1946
96613 96612 2751
96614 96607 1494
96614 96612 1458
96614 96615 2030
96617 96612 1955
96617 96619 2559
102808 96627 371
102808 102805 913
102808 102809 547
102809 96626 1026
102809 102805 1041
102809 102808 547
102810 96627 1998
102810 102805 946
102810 102807 498
99209 99206 5304
99209 99212 926
99209 99213 589
99215 99213 2407
99215 99217 1594
99215 99219 948
99562 99217 435
97078 97077 4673
97079 97077 722
97079 97086 807
97080 97077 1052
97080 97088 808
97080 97089 795
97080 97090 1699
97177 97171 1663
97177 97179 2007
97177 97185 3645
97178 97171 3199
97178 97186 2280
97178 97187 1967
94634 94635 2322
94634 94635 2322
96827 96818 890
96827 96820 1476
96827 96828 612
96835 96834 873
96835 96836 252
96837 96836 1994
96837 96847 139
96837 96851 1322
96847 96837 139
96847 96844 354
96847 96848 827
96855 96848 2750
96855 97050 421
96855 97051 1357
97049 97047 1258
97049 97050 1000
97059 97048 517
97059 97060 765
97061 97048 3331
97061 97062 789
97061 97066 629
96317 96277 1022
96317 96306 2226
96317 96318 1307
96319 96306 1079
96319 96318 1812
96319 96321 1533
96319 96322 1009
96316 96315 1281
96316 96321 1220
96316 96324 1904
96323 96321 1152
96323 96322 1458
96323 96324 355
96277 96276 9799
96277 96317 1022
96277 96545 4737
96277 96547 1502
96607 96608 2643
96607 96611 889
96607 96614 1494
96615 96614 2030
96619 96617 2559
96627 96626 501
96627 102808 371
96627 102810 1998
96626 96627 501
96626 96631 291
96626 102809 1026
99206 96634 2216
99206 99207 1055
99206 99209 5304
99212 99209 926
99212 99210 1768
99212 99218 1362
99212 99226 1198
99219 99215 948
99219 99218 1008
99219 99220 1438
97086 97079 807
97086 97083 256
97086 97087 757
97088 97080 808
97088 97087 354
97088 97089 1115
97089 97080 795
97089 97088 1115
97089 97091 1085
97090 97080 1699
97090 97093 2460
97090 97169 6158
97179 97169 1140
97179 97177 2007
97179 99582 3328
97185 97177 3645
97186 97178 2280
97186 97187 2772
97186 99563 751
97187 97178 1967
97187 97186 2772
97187 99581 476
96818 96817 3491
96818 96827 890
96818 96829 605
96820 96819 1745
96820 96825 1533
96820 96827 1476
96834 96808 1116
96834 96809 612
96834 96835 873
96851 96837 1322
96844 96839 629
96844 96843 650
96844 96847 354
97050 96855 421
97050 97049 1000
97050 97052 1225
97050 97056 682
97051 96855 1357
97051 97053 344
97060 97042 435
97060 97059 765
97062 97061 789
97062 97063 1115
97062 97065 841
97066 97056 1199
97066 97058 1565
97066 97061 629
97066 97067 5341
96306 96305 2645
96306 96310 1074
96306 96317 2226
96306 96319 1079
96321 96316 1220
96321 96319 1533
96321 96320 1079
96321 96323 1152
96322 96319 1009
96322 96323 1458
96322 96550 511
96315 96300 1085
96315 96314 475
96315 96316 1281
96276 96277 9799
96545 96277 4737
96545 96543 581
96545 96546 354
96608 96546 6833
96608 96607 2643
96611 96579 3562
96611 96607 889
96611 96610 788
96631 96626 291
96631 96633 2240
96634 96632 889
96634 99188 5518
96634 99206 2216
99207 99206 1055
99207 99208 983
99207 99223 2618
99210 99208 1742
99210 99212 1768
99210 99224 849
99218 99212 1362
99218 99219 1008
99218 99227 3024
99226 99212 1198
99226 99225 3431
99226 99251 3535
99220 99219 1438
99220 99566 3027
97083 97082 165
97083 97086 256
97083 102487 865
97087 97086 757
97087 97088 354
97091 97084 562
97091 97089 1085
97091 97093 1209
97093 97090 2460
97093 97091 1209
97093 102633 930
97093 103100 1022
97169 97090 6158
97169 97179 1140
97169 97180 1209
99582 97179 3328
99563 97186 751
99581 97187 476
96817 96818 3491
96829 96818 605
96819 96820 1745
96825 96820 1533
96808 96809 709
96808 96834 1116
96809 96808 709
96809 96834 612
96839 96843 818
96839 96844 629
96843 96839 818
96843 96844 650
97052 97050 1225
97056 97050 682
97056 97066 1199
97053 97051 344
97042 97060 435
97063 97062 1115
97063 97065 905
97065 97062 841
97065 97063 905
97058 97066 1565
97067 97066 5341
96305 96306 2645
96310 96306 1074
96310 96320 460
96320 96310 460
96320 96321 1079
96550 96322 511
96300 96315 1085
96314 96315 475
96543 96545 581
96546 96545 354
96546 96608 6833
96579 96611 3562
96610 96611 788
96633 96631 2240
96633 96632 782
96632 96633 782
96632 96634 889
99188 96634 5518
99208 99207 983
99208 99210 1742
99223 99207 2618
99224 99210 849
99227 99218 3024
99225 99226 3431
99251 99226 3535
99566 99220 3027
97082 97083 165
102487 97083 865
97084 97091 562
102633 97093 930
103100 97093 1022
97180 97169 1209
60
99216
99214
102804
102807
99213
99217
102810
99209
99215
99562
96627
96626
99206
99212
99219
96276
96631
96634
99207
99210
99218
99226
99220
97169
99582
96817
96819
96825
96808
96809
96839
96843
97052
97053
97042
97063
97065
97058
97067
96305
96310
96320
96300
96314
96543
96579
96610
96633
96632
99188
99208
99223
99224
99227
99225
99251
99566
97082
97084
97180
