614
144263 144264 198
144263 148939 729
144263 148962 1118
144264 144263 198
144264 148963 1562
144264 148964 403
148939 144263 729
148939 148928 1685
148939 148950 1021
148939 148959 1445
148962 144263 1118
148963 144264 1562
148963 148957 1011
148963 148967 790
148963 148970 936
148964 144264 403
148964 148943 590
148964 148966 202
148928 148927 1595
148928 148937 1450
148928 148938 1411
148928 148939 1685
148950 148939 1021
148950 148948 645
148950 148955 1348
148959 148939 1445
148959 148957 449
148957 148956 916
148957 148958 2515
148957 148959 449
148957 148963 1011
148967 148963 790
148967 148971 1137
148967 148973 843
148970 148963 936
148970 148966 1404
148970 148971 779
148943 148938 1180
148943 148964 590
148943 148966 617
148966 148943 617
148966 148964 202
148966 148970 1404
148927 148923 827
148927 148928 1595
148927 148929 334
148937 148925 748
148937 148928 1450
148937 148936 530
148937 148940 1436
148938 148928 1411
148938 148940 1397
148938 148943 1180
148938 148944 438
148948 148949 754
148948 148950 645
148948 151700 392
148955 148950 1348
148955 148956 709
148956 148954 663
148956 148955 709
148956 148957 916
148956 148960 1636
148958 148911 1228
148958 148957 2515
148958 148960 1077
148958 148961 1446
148958 148974 1037
148971 148967 1137
148971 148970 779
148971 148978 794
148973 148967 843
148973 148974 825
148973 148978 1307
148923 148921 697
148923 148922 1100
148923 148927 827
148929 148924 784
148929 148927 334
148929 148946 806
148925 148921 867
148925 148926 403
148925 148937 748
148936 148926 756
148936 148931 849
148936 148937 530
148936 148941 1452
148940 148937 1436
148940 148938 1397
148940 148942 181
148944 148938 438
148944 148942 1548
148949 148947 333
148949 148948 754
148949 148953 665
151700 148946 255
151700 148948 392
151700 151701 788
148954 148907 859
148954 148913 1106
148954 148953 823
148954 148956 663
148960 148913 775
148960 148956 1636
148960 148958 1077
148911 146964 2119
148911 148958 1228
148911 151793 627
148961 148958 1446
148961 148975 1274
148961 149000 918
148974 148958 1037
148974 148973 825
148974 148975 1442
148974 148976 719
148978 148971 794
148978 148973 1307
148921 148917 480
148921 148920 2595
148921 148923 697
148921 148925 867
148921 148926 876
148922 148916 427
148922 148923 1100
148922 148924 1276
148924 148879 875
148924 148922 1276
148924 148929 784
148924 148945 910
148946 148929 806
148946 148945 571
148946 151700 255
148926 148312 2539
148926 148921 876
148926 148925 403
148926 148936 756
148931 148930 809
148931 148934 1212
148931 148936 849
148941 148934 815
148941 148935 776
148941 148936 1452
148941 148942 793
148942 148940 181
148942 148941 793
148942 148944 1548
148947 148906 884
148947 148945 1374
148947 148949 333
148953 148949 665
148953 148954 823
151701 151700 788
148907 148900 407
148907 148906 1501
148907 148912 407
148907 148954 859
148913 148912 833
148913 148954 1106
148913 148960 775
146964 146963 1119
146964 148911 2119
151793 148911 627
148975 148961 1274
148975 148974 1442
148975 149009 908
149000 148961 918
149000 149001 788
149000 149009 1493
148976 148974 719
148917 148915 2507
148917 148916 735
148917 148921 480
148920 148304 2706
148920 148312 848
148920 148919 277
148920 148921 2595
148916 148873 2515
148916 148874 912
148916 148917 735
148916 148922 427
148879 148874 1544
148879 148878 802
148879 148905 1073
148879 148924 875
148945 148905 876
148945 148924 910
148945 148946 571
148945 148947 1374
148312 148311 2687
148312 148314 768
148312 148920 848
148312 148926 2539
148930 148314 829
148930 148931 809
148930 148933 1034
148934 148931 1212
148934 148933 830
148934 148941 815
148935 148319 2474
148935 148941 776
148935 149045 833
148906 148905 1319
148906 148907 1501
148906 148947 884
148900 148899 88
148900 148907 407
148900 148909 84
148900 148912 563
148912 148900 563
148912 148907 407
148912 148913 833
146963 146962 1024
146963 146964 1119
146963 148899 487
146963 151678 497
149009 148975 908
149009 149000 1493
149009 149010 707
149001 149000 788
149001 149002 879
149001 149010 1670
148915 148873 790
148915 148914 1884
148915 148917 2507
148915 148919 794
148304 148299 965
148304 148303 1193
148304 148311 846
148304 148920 2706
148919 148915 794
148919 148918 1907
148919 148920 277
148873 148263 2608
148873 148872 855
148873 148915 790
148873 148916 2515
148874 148871 779
148874 148872 2527
148874 148879 1544
148874 148916 912
148878 148871 1393
148878 148879 802
148878 148901 1141
148878 148904 219
148905 148879 1073
148905 148901 823
148905 148906 1319
148905 148945 876
148311 148304 846
148311 148310 2887
148311 148312 2687
148311 148313 776
148314 148312 768
148314 148313 2760
148314 148930 829
148314 148932 848
148933 148930 1034
148933 148932 793
148933 148934 830
148319 148318 2635
148319 148441 774
148319 148932 784
148319 148935 2474
149045 148441 2446
149045 148935 833
149045 149046 774
149045 149048 2358
148899 146963 487
148899 148900 88
148909 148900 84
148909 148908 195
146962 146963 1024
146962 148901 1441
151678 146963 497
151678 148897 687
149010 149001 1670
149010 149009 707
149010 149011 924
149002 149001 879
149002 149003 732
149002 149011 1790
148914 148295 725
148914 148915 1884
148914 148918 762
148299 148295 790
148299 148297 1440
148299 148304 965
148299 148918 665
148303 148298 671
148303 148302 1932
148303 148304 1193
148918 148299 665
148918 148914 762
148918 148919 1907
148263 148259 2588
148263 148262 887
148263 148295 789
148263 148873 2608
148872 148262 2632
148872 148868 864
148872 148873 855
148872 148874 2527
148871 148868 2576
148871 148874 779
148871 148877 335
148871 148878 1393
148901 146962 1441
148901 148878 1141
148901 148902 168
148901 148905 823
148904 148878 219
148310 148305 244
148310 148307 769
148310 148311 2887
148313 148311 776
148313 148314 2760
148313 148316 847
148313 148318 887
148932 148314 848
148932 148319 784
148932 148933 793
148318 148313 887
148318 148319 2635
148318 148440 801
148441 148319 774
148441 148440 2687
148441 148442 789
148441 149045 2446
149046 148442 2425
149046 149045 774
149046 149047 766
149046 149051 2369
149048 149045 2358
149048 149049 502
149048 149051 846
148908 148909 195
148897 148888 989
148897 148895 1621
148897 148898 3463
148897 151678 687
149011 149002 1790
149011 149010 924
149003 149002 732
148295 148263 789
148295 148294 2591
148295 148299 790
148295 148914 725
148297 148296 1177
148297 148298 552
148297 148299 1440
148298 148297 552
148298 148303 671
148302 148292 208
148302 148303 1932
148302 148305 588
148259 148257 1429
148259 148258 903
148259 148263 2588
148259 148294 771
148262 148258 2608
148262 148261 849
148262 148263 887
148262 148872 2632
148868 148261 2612
148868 148869 290
148868 148871 2576
148868 148872 864
148877 148870 530
148877 148871 335
148902 148901 168
148902 148903 229
148305 148279 2429
148305 148302 588
148305 148310 244
148307 148306 1664
148307 148309 1085
148307 148310 769
148307 148315 1012
148316 148313 847
148316 148315 827
148316 148439 1469
148440 148318 801
148440 148438 858
148440 148439 833
148440 148441 2687
148442 148438 2640
148442 148441 789
148442 148445 790
148442 149046 2425
149047 148445 2477
149047 149046 766
149047 149052 2314
149047 149054 852
149051 149046 2369
149051 149048 846
149051 149052 771
149049 149048 502
148888 148884 162
148888 148897 989
148895 148876 1178
148895 148893 804
148895 148897 1621
148895 148903 467
148898 148897 3463
148898 151743 460
148294 148259 771
148294 148260 1225
148294 148295 2591
148294 148296 755
148296 148291 939
148296 148294 755
148296 148297 1177
148292 148276 2191
148292 148300 565
148292 148302 208
148257 148235 1292
148257 148255 942
148257 148259 1429
148257 148260 809
148258 148255 1707
148258 148256 854
148258 148259 903
148258 148262 2608
148261 148256 2572
148261 148262 849
148261 148867 269
148261 148868 2612
148869 148866 558
148869 148868 290
148870 148858 756
148870 148866 2572
148870 148876 1357
148870 148877 530
148903 148895 467
148903 148902 229
148279 148276 773
148279 148277 2443
148279 148288 866
148279 148305 2429
148306 148288 1038
148306 148307 1664
148306 148308 998
148309 148307 1085
148309 148308 1697
148309 148317 955
148309 148433 697
148315 148307 1012
148315 148316 827
148315 148317 1274
148439 148316 1469
148439 148317 740
148439 148440 833
148438 148433 2569
148438 148440 858
148438 148442 2640
148438 148443 702
148445 148442 790
148445 148443 2671
148445 148446 833
148445 149047 2477
149052 149047 2314
149052 149051 771
149052 149057 812
149052 149058 912
149054 148446 2480
149054 149047 852
149054 149055 1163
149054 149057 2326
148884 148883 1027
148884 148888 162
148884 148893 880
148876 148870 1357
148876 148875 784
148876 148895 1178
148876 148896 256
148893 148875 1227
148893 148884 880
148893 148894 308
148893 148895 804
151743 148898 460
151743 148910 916
148260 148236 1495
148260 148257 809
148260 148291 855
148260 148294 1225
148291 148260 855
148291 148272 1812
148291 148293 735
148291 148296 939
148276 148273 866
148276 148274 2428
148276 148279 773
148276 148292 2191
148300 148292 565
148300 148293 283
148300 148301 1506
148235 148231 2428
148235 148232 885
148235 148236 771
148235 148257 1292
148255 148232 1012
148255 148254 905
148255 148257 942
148255 148258 1707
148256 148250 318
148256 148254 2022
148256 148258 854
148256 148261 2572
148867 148251 511
148867 148261 269
148866 148251 2566
148866 148857 758
148866 148869 558
148866 148870 2572
148858 148857 2554
148858 148864 825
148858 148870 756
148858 148875 1243
148277 148274 794
148277 148275 864
148277 148278 898
148277 148279 2443
148288 148278 2401
148288 148279 866
148288 148289 1037
148288 148306 1038
148308 148289 1051
148308 148306 998
148308 148309 1697
148317 148309 955
148317 148315 1274
148317 148439 740
148433 148290 2750
148433 148309 697
148433 148434 812
148433 148438 2569
148443 148434 2570
148443 148438 702
148443 148444 830
148443 148445 2671
148446 148444 2653
148446 148445 833
148446 148455 1090
148446 149054 2480
149057 149052 812
149057 149054 2326
149057 149059 1369
149057 149060 1235
149058 149052 912
149058 149059 901
149055 148455 2491
149055 149054 1163
149055 149056 1148
149055 149060 2338
148883 148882 468
148883 148884 1027
148883 148887 362
148883 148894 280
148875 148858 1243
148875 148876 784
148875 148893 1227
148896 148876 256
148894 148883 280
148894 148893 308
148910 151743 916
148236 148235 771
148236 148260 1495
148236 148272 798
148272 148236 798
148272 148273 735
148272 148291 1812
148293 148273 1993
148293 148291 735
148293 148300 283
148273 148272 735
148273 148276 866
148273 148293 1993
148274 148276 2428
148274 148277 794
148301 148300 1506
148231 148235 2428
148232 148235 885
148232 148255 1012
148254 148255 905
148254 148256 2022
148250 148256 318
148251 148866 2566
148251 148867 511
148857 148858 2554
148857 148866 758
148864 148858 825
148275 148277 864
148275 148278 1235
148278 148275 1235
148278 148277 898
148278 148288 2401
148289 148288 1037
148289 148290 808
148289 148308 1051
148290 148289 808
148290 148433 2750
148434 148433 812
148434 148443 2570
148444 148443 830
148444 148446 2653
148455 148446 1090
148455 149055 2491
149059 149057 1369
149059 149058 901
149060 149055 2338
149060 149057 1235
149056 149055 1148
148882 148883 468
148887 148883 362
62
148970
148966
148971
148944
148978
148942
148976
148935
149009
148319
149045
149010
148932
148318
148441
149046
149048
149011
149003
148440
148442
149047
149051
149049
148439
148438
148445
149052
149054
148317
148433
148443
148446
149057
149058
149055
148875
148894
148910
148236
148272
148273
148274
148231
148232
148254
148250
148251
148857
148864
148275
148278
148289
148290
148434
148444
148455
149059
149060
149056
148882
148887
