652
139780 139781 753
139780 139783 238
139780 143298 2809
139780 143308 2592
139781 139780 753
139781 143299 2850
139781 143304 873
139781 143309 2552
139783 139780 238
139783 139785 2789
139783 139786 294
143298 139780 2809
143298 139785 221
143298 143258 1823
143298 143299 852
143308 139780 2592
143308 143309 740
143299 139781 2850
143299 143274 2136
143299 143298 852
143299 143303 894
143304 139781 873
143304 143303 2736
143304 143310 1922
143304 143438 815
143309 139781 2552
143309 143308 740
143309 143364 2795
143309 143529 841
139785 139783 2789
139785 139784 276
139785 143256 1741
139785 143298 221
139786 139783 294
139786 139784 2786
139786 143295 1031
143258 143255 3081
143258 143256 285
143258 143274 1045
143258 143298 1823
143274 143258 1045
143274 143273 1468
143274 143299 2136
143274 143300 899
143303 143299 894
143303 143302 905
143303 143304 2736
143303 143437 812
143310 143304 1922
143310 143529 736
143438 143304 815
143438 143437 2717
143438 143448 1928
143438 143449 806
143364 143309 2795
143364 143530 808
143529 143309 841
143529 143310 736
143529 143530 2753
143529 143531 787
139784 139785 276
139784 139786 2786
139784 143285 979
139784 143286 1652
143256 139785 1741
143256 143253 3241
143256 143258 285
143256 143286 302
143295 139786 1031
143295 143285 2760
143295 143292 812
143295 143296 2599
143255 143251 295
143255 143253 240
143255 143257 1005
143255 143258 3081
143273 143257 1060
143273 143274 1468
143273 143276 760
143300 143274 899
143300 143277 383
143300 143301 798
143302 143301 829
143302 143303 905
143302 143435 1305
143437 143303 812
143437 143436 591
143437 143438 2717
143448 143438 1928
143448 143531 801
143449 143438 806
143449 143447 353
143449 143450 1856
143530 143364 808
143530 143529 2753
143530 143532 864
143531 140294 1028
143531 143448 801
143531 143529 787
143531 143532 2728
143285 139784 979
143285 143283 1315
143285 143284 792
143285 143295 2760
143286 139784 1652
143286 143254 908
143286 143256 302
143286 143283 933
143253 143246 1308
143253 143252 238
143253 143255 240
143253 143256 3241
143292 143238 877
143292 143284 2681
143292 143294 2609
143292 143295 812
143296 143294 869
143296 143295 2599
143251 143250 1002
143251 143255 295
143251 143271 996
143257 143255 1005
143257 143271 779
143257 143273 1060
143257 143275 566
143276 143273 760
143276 143275 761
143276 143277 1346
143276 143280 1289
143277 143276 1346
143277 143281 816
143277 143300 383
143301 143300 798
143301 143302 829
143301 143434 1223
143435 143302 1305
143435 143434 897
143435 143436 871
143435 143441 1163
143436 143435 871
143436 143437 591
143436 143439 821
143436 143443 1077
143447 143446 786
143447 143449 353
143447 143452 1026
143450 140295 531
143450 143449 1856
143532 143530 864
143532 143531 2728
143532 143535 1072
143532 143537 2091
140294 140295 98
140294 143531 1028
140294 143533 2143
143283 143249 1224
143283 143282 858
143283 143285 1315
143283 143286 933
143284 143229 878
143284 143282 1095
143284 143285 792
143284 143292 2681
143254 143249 873
143254 143252 2472
143254 143286 908
143246 143243 771
143246 143245 1420
143246 143253 1308
143252 143247 918
143252 143248 1657
143252 143253 238
143252 143254 2472
143238 143229 2662
143238 143237 769
143238 143292 877
143238 143293 2716
143294 143292 2609
143294 143293 909
143294 143296 869
143294 143356 2850
143250 141716 1708
143250 143251 1002
143250 143262 1501
143271 143251 996
143271 143257 779
143271 143270 815
143275 143257 566
143275 143276 761
143275 143278 563
143280 143276 1289
143280 143279 826
143280 143281 1399
143281 143277 816
143281 143280 1399
143281 143406 441
143281 143433 254
143434 143301 1223
143434 143433 876
143434 143435 897
143434 143440 1257
143441 143435 1163
143441 143440 809
143441 143443 1074
143439 143436 821
143439 143444 1077
143439 143446 818
143443 143436 1077
143443 143441 1074
143443 143442 818
143443 143444 821
143446 143439 818
143446 143447 786
143446 143451 1052
143452 143445 733
143452 143447 1026
143452 143451 724
143452 143453 2450
140295 140294 98
140295 143450 531
140295 143453 830
143535 143532 1072
143535 143533 765
143535 143539 1504
143537 143532 2091
143537 143539 1347
143533 140294 2143
143533 143534 739
143533 143535 765
143249 143201 844
143249 143247 2534
143249 143254 873
143249 143283 1224
143282 143201 1565
143282 143228 902
143282 143283 858
143282 143284 1095
143229 143228 682
143229 143232 815
143229 143238 2662
143229 143284 878
143243 143190 1926
143243 143241 769
143243 143242 1144
143243 143245 1019
143243 143246 771
143243 143248 348
143245 141725 755
143245 143243 1019
143245 143244 399
143245 143246 1420
143247 143199 826
143247 143242 1483
143247 143249 2534
143247 143252 918
143248 143242 1009
143248 143243 348
143248 143252 1657
143237 143232 2708
143237 143235 985
143237 143238 769
143237 143239 2573
143293 143238 2716
143293 143239 729
143293 143294 909
143293 143355 2759
143356 143294 2850
143356 143355 896
141716 141715 180
141716 143250 1708
141716 143262 900
143262 141716 900
143262 143250 1501
143262 143268 1411
143262 143270 884
143270 143262 884
143270 143271 815
143270 143272 352
143278 143272 760
143278 143275 563
143278 143279 890
143279 143269 523
143279 143278 890
143279 143280 826
143279 143405 555
143406 143281 441
143406 143405 2280
143406 143408 889
143433 143281 254
143433 143409 1274
143433 143434 876
143440 143409 872
143440 143434 1257
143440 143441 809
143444 143439 1077
143444 143443 821
143444 143451 705
143442 143414 2618
143442 143443 818
143442 143445 2404
143442 143454 750
143451 143444 705
143451 143446 1052
143451 143452 724
143445 143442 2404
143445 143452 733
143445 143459 2071
143453 140295 830
143453 143452 2450
143453 143459 876
143453 143534 2280
143539 143535 1504
143539 143537 1347
143539 143541 507
143534 143453 2280
143534 143533 739
143534 143540 858
143534 143541 2380
143201 143199 2531
143201 143200 791
143201 143249 844
143201 143282 1565
143228 143200 1928
143228 143227 840
143228 143229 682
143228 143282 902
143232 143227 477
143232 143229 815
143232 143231 647
143232 143237 2708
143190 141990 1710
143190 143189 612
143190 143240 547
143190 143241 1243
143190 143243 1926
143241 143190 1243
143241 143240 1267
143241 143243 769
143241 143244 762
143242 143189 2169
143242 143192 809
143242 143243 1144
143242 143247 1483
143242 143248 1009
141725 141715 272
141725 143245 755
141725 143261 214
141725 143264 874
143244 142002 1439
143244 143241 762
143244 143245 399
143244 143261 709
143199 143192 1370
143199 143198 758
143199 143201 2531
143199 143247 826
143235 143230 481
143235 143233 952
143235 143236 2651
143235 143237 985
143239 143236 1084
143239 143237 2573
143239 143293 729
143355 143293 2759
143355 143356 896
141715 141716 180
141715 141725 272
141715 143265 889
143268 143262 1411
143268 143266 524
143268 143269 1479
143272 143269 1053
143272 143270 352
143272 143278 760
143269 143268 1479
143269 143272 1053
143269 143279 523
143405 143279 555
143405 143406 2280
143405 143407 933
143408 143406 889
143408 143407 2332
143408 143409 661
143408 143411 874
143409 143408 661
143409 143414 735
143409 143433 1274
143409 143440 872
143414 143409 735
143414 143411 978
143414 143423 826
143414 143442 2618
143454 143423 2642
143454 143425 885
143454 143442 750
143454 143455 4154
143459 143445 2071
143459 143453 876
143459 143455 751
143459 143540 2317
143541 143534 2380
143541 143539 507
143541 143542 860
143540 143459 2317
143540 143460 735
143540 143534 858
143540 143542 2343
143200 143197 776
143200 143198 2508
143200 143201 791
143200 143228 1928
143227 143197 2146
143227 143228 840
143227 143231 653
143227 143232 477
143231 143226 383
143231 143227 653
143231 143232 647
141990 141987 694
141990 141988 515
141990 143189 1809
141990 143190 1710
143189 141990 1809
143189 143188 808
143189 143190 612
143189 143242 2169
143240 141999 1507
143240 142002 881
143240 143190 547
143240 143241 1267
143192 143188 2016
143192 143191 939
143192 143199 1370
143192 143242 809
143261 141725 214
143261 143244 709
143261 143259 191
143264 141725 874
143264 143263 255
143264 143265 237
142002 142001 1432
142002 142004 817
142002 143240 881
142002 143244 1439
143198 143191 1060
143198 143193 801
143198 143199 758
143198 143200 2508
143230 143226 2279
143230 143235 481
143233 143225 407
143233 143234 488
143233 143235 952
143236 143235 2651
143236 143239 1084
143236 143323 867
143236 143326 2901
143265 141715 889
143265 143264 237
143265 143266 651
143266 142085 923
143266 143265 651
143266 143268 524
143407 143405 933
143407 143408 2332
143407 143410 832
143411 143408 874
143411 143410 2280
143411 143413 832
143411 143414 978
143423 143413 1261
143423 143414 826
143423 143424 848
143423 143454 2642
143425 143424 2647
143425 143431 766
143425 143454 885
143425 143456 3800
143455 143454 4154
143455 143456 933
143455 143459 751
143455 143460 2254
143542 143540 2343
143542 143541 860
143460 143455 2254
143460 143461 948
143460 143540 735
143197 143193 2474
143197 143196 974
143197 143200 776
143197 143227 2146
143226 143196 2477
143226 143207 973
143226 143230 2279
143226 143231 383
141987 141982 1078
141987 141988 442
141987 141990 694
141987 143187 285
141988 141980 1085
141988 141987 442
141988 141990 515
143188 143185 873
143188 143187 2322
143188 143189 808
143188 143192 2016
141999 141998 938
141999 142001 867
141999 143240 1507
143191 143185 2084
143191 143186 734
143191 143192 939
143191 143198 1060
143259 142004 1511
143259 143261 191
143259 143263 645
143263 143259 645
143263 143260 817
143263 143264 255
142001 141999 867
142001 142002 1432
142001 142003 958
142004 142002 817
142004 142003 1584
142004 142008 1322
142004 143259 1511
143193 143186 872
143193 143195 975
143193 143197 2474
143193 143198 801
143225 143207 2006
143225 143224 1789
143225 143233 407
143234 143219 274
143234 143233 488
143234 143322 313
143323 143236 867
143323 143313 659
143323 143315 488
143326 143236 2901
143326 143328 784
142085 142086 4977
142085 143266 923
142085 143267 498
143410 143407 832
143410 143411 2280
143410 143412 922
143413 143411 832
143413 143412 2324
143413 143416 866
143413 143423 1261
143424 143416 1583
143424 143423 848
143424 143425 2647
143424 143426 797
143431 143425 766
143431 143426 2753
143431 143457 3422
143431 143458 381
143456 143425 3800
143456 143455 933
143456 143457 890
143456 143461 2256
143461 143456 2256
143461 143460 948
143196 143195 2474
143196 143197 974
143196 143203 883
143196 143226 2477
143207 143205 1225
143207 143223 795
143207 143225 2006
143207 143226 973
141982 141746 891
141982 141980 220
141982 141981 963
141982 141987 1078
143187 141983 498
143187 141987 285
143187 143188 2322
141980 141966 1045
141980 141982 220
141980 141985 661
141980 141988 1085
143185 143183 751
143185 143184 2269
143185 143188 873
143185 143191 2084
141998 141989 755
141998 141997 1069
141998 141999 938
141998 142006 2800
143186 143183 2047
143186 143191 734
143186 143193 872
143260 142008 1191
143260 143263 817
143260 143267 441
142003 142001 958
142003 142004 1584
142008 142004 1322
142008 143260 1191
143195 143193 975
143195 143196 2474
143224 143223 648
143224 143225 1789
143219 143234 274
143219 143322 221
143322 143219 221
143322 143234 313
143322 143313 1235
143313 143322 1235
143313 143323 659
143315 143323 488
143328 143326 784
142086 142085 4977
143267 142085 498
143267 143260 441
143412 143410 922
143412 143413 2324
143416 143413 866
143416 143424 1583
143426 143424 797
143426 143431 2753
143457 143431 3422
143457 143456 890
143458 143431 381
143203 143196 883
143205 143207 1225
143223 143207 795
143223 143224 648
141746 141966 418
141746 141982 891
141981 141982 963
141981 141983 1041
141983 141981 1041
141983 143184 405
141983 143187 498
141966 141746 418
141966 141980 1045
141985 141980 661
141985 141989 1039
141985 141997 1143
143183 143185 751
143183 143186 2047
143184 141983 405
143184 143185 2269
141989 141985 1039
141989 141998 755
141997 141985 1143
141997 141998 1069
142006 141998 2800
135
139783
143308
143309
139785
139786
143364
143529
139784
143256
143295
143530
143531
143285
143286
143253
143292
143296
143532
140294
143283
143284
143254
143246
143252
143238
143294
140295
143535
143537
143533
143249
143282
143229
143243
143245
143247
143248
143237
143293
143356
143453
143539
143534
143201
143228
143232
143190
143241
143242
141725
143244
143199
143235
143239
143355
141715
143459
143541
143540
143200
143227
143231
141990
143189
143240
143192
143261
143264
142002
143198
143230
143233
143236
143265
143266
143455
143542
143460
143197
143226
141987
141988
143188
141999
143191
143259
143263
142001
142004
143193
143225
143234
143323
143326
142085
143456
143461
143196
143207
141982
143187
141980
143185
141998
143186
143260
142003
142008
143195
143224
143219
143322
143313
143315
143328
142086
143267
143412
143416
143426
143457
143458
143203
143205
143223
141746
141981
141983
141966
141985
143183
143184
141989
141997
142006
