520
6587 6588 310
6587 25822 1173
6587 34997 112
6588 6587 310
6588 25814 697
6588 25824 2561
6588 25825 1344
25822 6587 1173
25822 25820 750
25822 25826 750
25822 25827 1533
34997 6587 112
25814 6588 697
25814 25813 1115
25824 6588 2561
25824 25823 556
25825 6588 1344
25825 25828 222
25820 25818 473
25820 25822 750
25826 25822 750
25827 25821 612
25827 25822 1533
25813 25807 688
25813 25808 1053
25813 25812 893
25813 25814 1115
25823 25755 1114
25823 25824 556
25828 25825 222
25828 25829 1437
25828 25830 418
25818 25812 1344
25818 25815 806
25818 25820 473
25818 25821 2451
25821 25818 2451
25821 25827 612
25821 25835 1593
25807 25739 2340
25807 25813 688
25808 25805 483
25808 25809 345
25808 25813 1053
25812 25813 893
25812 25818 1344
25755 25740 796
25755 25823 1114
25829 25828 1437
25829 25837 1022
25830 25828 418
25830 25831 418
25815 25777 2271
25815 25810 836
25815 25818 806
25815 25819 747
25835 25799 543
25835 25802 4226
25835 25821 1593
25739 25733 1008
25739 25737 1124
25739 25741 418
25739 25806 836
25739 25807 2340
25805 25725 1120
25805 25804 649
25805 25806 1160
25805 25808 483
25809 25804 490
25809 25808 345
25740 25737 649
25740 25741 336
25740 25754 1854
25740 25755 796
25837 25829 1022
25837 25838 2280
25831 25830 418
25831 25832 1344
25777 25776 872
25777 25778 1167
25777 25779 1339
25777 25815 2271
25810 25769 672
25810 25776 2458
25810 25811 1576
25810 25815 836
25819 25815 747
25799 25779 1223
25799 25835 543
25799 25836 676
25802 25801 1022
25802 25835 4226
25733 25721 1344
25733 25734 927
25733 25739 1008
25737 25731 1008
25737 25736 1114
25737 25739 1124
25737 25740 649
25741 25739 418
25741 25740 336
25806 25734 938
25806 25739 836
25806 25805 1160
25725 25724 1533
25725 25734 649
25725 25768 139
25725 25805 1120
25804 25767 1008
25804 25770 847
25804 25805 649
25804 25809 490
25754 25740 1854
25754 25756 557
25838 25837 2280
25838 25899 5434
25838 25901 4693
25838 25903 1768
25832 25831 1344
25832 25833 1945
25832 25895 2004
25776 25774 1167
25776 25775 809
25776 25777 872
25776 25810 2458
25778 25774 872
25778 25777 1167
25778 25779 655
25778 25794 672
25779 25777 1339
25779 25778 655
25779 25799 1223
25769 25766 1341
25769 25770 836
25769 25773 1115
25769 25810 672
25811 25810 1576
25836 25799 676
25801 25802 1022
25801 25803 1110
25801 25803 1110
25721 25720 1945
25721 25723 927
25721 25732 747
25721 25733 1344
25734 25725 649
25734 25732 1306
25734 25733 927
25734 25806 938
25731 25723 872
25731 25737 1008
25731 25738 511
25736 25729 1336
25736 25735 551
25736 25737 1114
25724 25718 697
25724 25722 344
25724 25725 1533
25724 25732 336
25768 25718 1408
25768 25725 139
25768 25767 927
25767 25717 1544
25767 25765 889
25767 25768 927
25767 25804 1008
25770 25765 1274
25770 25769 836
25770 25804 847
25756 25753 580
25756 25754 557
25899 25838 5434
25899 25896 1744
25899 25900 5899
25901 25838 4693
25901 25904 2883
25901 25917 2142
25903 25838 1768
25903 25902 9138
25903 35410 2888
25833 25832 1945
25895 25832 2004
25895 25843 2555
25895 25896 3253
25774 25764 737
25774 25776 1167
25774 25778 872
25775 25771 418
25775 25772 336
25775 25776 809
25794 25763 1409
25794 25778 672
25794 25795 1120
25794 25796 1016
25766 25761 1542
25766 25762 975
25766 25765 889
25766 25769 1341
25773 25762 1344
25773 25769 1115
25773 25772 975
25803 25801 1110
25803 25801 1110
25803 25834 546
25803 27635 604
25803 27644 1134
25803 34144 2450
25720 25706 975
25720 25713 373
25720 25721 1945
25723 25706 1880
25723 25711 750
25723 25721 927
25723 25731 872
25732 25721 747
25732 25724 336
25732 25734 1306
25738 25731 511
25729 25728 672
25729 25736 1336
25735 25711 672
25735 25727 1014
25735 25736 551
25718 25702 1744
25718 25717 889
25718 25724 697
25718 25768 1408
25722 25719 1205
25722 25724 344
25717 25716 1609
25717 25718 889
25717 25760 975
25717 25767 1544
25765 25760 1475
25765 25766 889
25765 25767 889
25765 25770 1274
25753 25744 877
25753 25751 511
25753 25756 580
25896 25895 3253
25896 25899 1744
25900 25893 2925
25900 25899 5899
25900 25916 445
25904 25901 2883
25904 25918 950
25904 25919 5090
25904 25921 353
25917 25893 2185
25917 25901 2142
25902 25903 9138
25902 27646 2950
25902 27649 1158
35410 25903 2888
25843 25841 373
25843 25844 809
25843 25895 2555
25843 25897 3077
25764 25671 1283
25764 25763 649
25764 25771 836
25764 25774 737
25771 25757 1145
25771 25764 836
25771 25775 418
25772 25758 1283
25772 25773 975
25772 25775 336
25763 25669 1274
25763 25764 649
25763 25780 884
25763 25794 1409
25795 25785 672
25795 25794 1120
25795 25797 536
25796 25794 1016
25761 25759 1223
25761 25760 947
25761 25766 1542
25762 25665 2752
25762 25758 927
25762 25766 975
25762 25773 1344
25834 25803 546
27635 25793 276
27635 25803 604
27644 25803 1134
27644 34165 96
34144 25803 2450
34144 27632 1502
25706 25690 1744
25706 25710 649
25706 25720 975
25706 25723 1880
25713 25707 927
25713 25712 612
25713 25719 557
25713 25720 373
25711 25710 2011
25711 25723 750
25711 25735 672
25728 20887 1675
25728 20888 1544
25728 25729 672
25728 25730 676
25727 25726 2016
25727 25735 1014
25702 25699 1142
25702 25714 344
25702 25716 788
25702 25718 1744
25719 25713 557
25719 25722 1205
25716 25702 788
25716 25715 884
25716 25717 1609
25760 25715 1481
25760 25717 975
25760 25761 947
25760 25765 1475
25744 25730 536
25744 25748 836
25744 25753 877
25751 25745 511
25751 25753 511
25893 25894 346
25893 25900 2925
25893 25917 2185
25916 25900 445
25916 25915 1222
25916 26027 2101
25918 25894 1594
25918 25904 950
25918 25923 1262
25919 25904 5090
25919 27796 5179
25921 25904 353
25921 25920 2798
25921 35003 577
27646 25902 2950
27646 27645 357
27649 25902 1158
27649 27647 3161
27649 35397 722
25841 25752 2970
25841 25843 373
25844 25843 809
25844 25846 990
25844 25855 1085
25897 25843 3077
25897 25898 904
25671 25669 788
25671 25670 3017
25671 25757 809
25671 25764 1283
25757 25663 3084
25757 25671 809
25757 25758 788
25757 25771 1145
25758 25664 2883
25758 25757 788
25758 25762 927
25758 25772 1283
25669 25659 3150
25669 25668 836
25669 25671 788
25669 25763 1274
25780 25668 1409
25780 25763 884
25780 25783 788
25780 25785 836
25785 25780 836
25785 25784 713
25785 25795 672
25797 25789 2132
25797 25795 536
25797 25798 487
25759 25665 975
25759 25703 1073
25759 25715 884
25759 25761 1223
25665 25582 3154
25665 25664 1028
25665 25759 975
25665 25762 2752
25793 25791 938
25793 27634 856
25793 27635 276
34165 27644 96
34165 27645 358
27632 27510 1079
27632 27515 2694
27632 34144 1502
27632 34146 536
25690 20845 1627
25690 25689 604
25690 25706 1744
25710 25706 649
25710 25709 475
25710 25711 2011
25707 25704 604
25707 25705 847
25707 25713 927
25712 25698 1073
25712 25713 612
25712 25714 610
20887 20886 610
20887 25728 1675
20888 20883 604
20888 20886 1437
20888 25728 1544
25730 25728 676
25730 25742 1254
25730 25744 536
25726 20884 511
25726 25709 336
25726 25727 2016
25699 25697 951
25699 25702 1142
25699 25703 2141
25714 25702 344
25714 25712 610
25715 25716 884
25715 25759 884
25715 25760 1481
25748 25744 836
25745 25746 758
25745 25749 373
25745 25751 511
25745 25752 1344
25894 25893 346
25894 25918 1594
25894 25922 1902
25915 25911 2016
25915 25916 1222
25915 25989 1684
26027 25916 2101
25923 25918 1262
27796 25919 5179
25920 25921 2798
25920 27813 1008
25920 27814 1577
35003 25921 577
27645 27636 1643
27645 27646 357
27645 34165 358
27647 27535 2807
27647 27649 3161
35397 27649 722
25752 25745 1344
25752 25841 2970
25846 25844 990
25846 25845 2163
25855 25844 1085
25855 25853 836
25855 25857 1151
25898 25897 904
25898 25906 435
25670 25659 750
25670 25663 889
25670 25671 3017
25663 25664 809
25663 25670 889
25663 25757 3084
25664 25663 809
25664 25665 1028
25664 25758 2883
25659 25669 3150
25659 25670 750
25668 25669 836
25668 25780 1409
25783 25780 788
25783 25784 947
25784 25783 947
25784 25785 713
25789 25797 2132
25798 25797 487
25703 25699 2141
25703 25759 1073
25582 25665 3154
25791 25793 938
27634 25793 856
27634 27510 3291
27510 27632 1079
27510 27634 3291
27515 27632 2694
34146 27632 536
20845 25689 1445
20845 25690 1627
25689 20845 1445
25689 25690 604
25689 25705 403
25709 25710 475
25709 25726 336
25704 25707 604
25705 25689 403
25705 25707 847
25698 25712 1073
20886 20887 610
20886 20888 1437
20883 20884 418
20883 20888 604
25742 25730 1254
20884 20883 418
20884 25726 511
25697 25699 951
25746 25745 758
25749 25745 373
25922 25894 1902
25911 25915 2016
25989 25915 1684
27813 25920 1008
27814 25920 1577
27636 27645 1643
27535 27647 2807
25845 25846 2163
25853 25855 836
25857 25855 1151
25906 25898 435
36
25663
25664
25659
25668
25783
25784
25789
25703
25582
25791
27634
27510
27515
20845
25689
25709
25704
25705
25698
20886
20883
25742
20884
25697
25746
25749
25922
25911
27813
27814
27636
27535
25845
25853
25857
25906
