486
107065 107066 3745
107065 107083 2269
107065 108124 884
107066 107065 3745
107066 109563 3072
107083 107065 2269
107083 107082 1014
107083 107084 445
108124 107065 884
108124 108123 2110
108124 108376 2018
109563 107066 3072
107082 107080 333
107082 107083 1014
107082 108116 2775
107084 107083 445
108123 108122 562
108123 108124 2110
108123 108160 1930
108376 108124 2018
108376 108171 754
108376 109564 554
107080 107079 672
107080 107081 1078
107080 107082 333
108116 107079 2540
108116 107082 2775
108116 108117 1000
108122 108117 1180
108122 108121 924
108122 108123 562
108160 108123 1930
108160 108159 2353
108160 108165 893
108171 108165 941
108171 108170 3986
108171 108376 754
109564 108376 554
109564 109560 3092
109564 109565 434
107079 107078 627
107079 107080 672
107079 108116 2540
107081 107080 1078
108117 107952 1191
108117 108116 1000
108117 108122 1180
108121 108120 610
108121 108122 924
108159 108158 1675
108159 108160 2353
108159 108163 516
108165 108160 893
108165 108164 2773
108165 108171 941
108165 108377 1264
108170 108169 728
108170 108171 3986
108170 109559 1132
109560 109559 1003
109560 109564 3092
109560 109568 4099
109565 109564 434
109565 109566 1953
109565 109688 961
107078 107079 627
107952 107192 1096
107952 107951 1365
107952 108117 1191
108120 108119 950
108120 108121 610
108120 108157 2207
108158 108159 1675
108158 108162 847
108158 108179 599
108163 108159 516
108163 108164 1000
108163 108180 1180
108164 108163 1000
108164 108165 2773
108164 108167 2269
108377 108165 1264
108169 108168 354
108169 108170 728
109559 108170 1132
109559 109560 1003
109568 109560 4099
109568 109566 1183
109566 109565 1953
109566 109567 519
109566 109568 1183
109688 109565 961
107192 107193 2596
107192 107194 930
107192 107952 1096
107951 107952 1365
108119 107233 847
108119 108120 950
108119 108152 1943
108157 108120 2207
108157 108152 782
108157 108162 836
108162 108157 836
108162 108158 847
108162 108161 1209
108179 108158 599
108179 108177 168
108179 108181 667
108180 108163 1180
108180 108176 1558
108180 108182 1007
108167 108164 2269
108167 108166 672
108167 108182 1004
108168 108166 556
108168 108169 354
108168 108410 222
109567 109566 519
107193 107192 2596
107193 107196 1444
107193 107233 2026
107194 107192 930
107194 107195 1891
107233 107193 2026
107233 107232 1767
107233 108119 847
108152 108119 1943
108152 108153 763
108152 108157 782
108161 108162 1209
108177 108176 1007
108177 108178 667
108177 108179 168
108181 108179 667
108176 108175 746
108176 108177 1007
108176 108180 1558
108182 107249 893
108182 108167 1004
108182 108180 1007
108166 108167 672
108166 108168 556
108166 108398 1598
108410 108136 3637
108410 108140 826
108410 108168 222
107196 107193 1444
107196 107195 1097
107196 107197 782
107196 107234 818
107195 107075 1097
107195 107194 1891
107195 107196 1097
107232 107209 452
107232 107233 1767
107232 107239 1527
108153 108152 763
108153 108154 893
108153 108174 2374
108178 108177 667
108175 107250 889
108175 108174 1031
108175 108176 746
107249 107248 1598
107249 107250 672
107249 108182 893
108398 107248 2790
108398 108166 1598
108398 108394 1264
108136 108137 640
108136 108138 991
108136 108410 3637
108140 108138 3113
108140 108141 1031
108140 108410 826
107197 107196 782
107234 107188 1144
107234 107196 818
107234 107235 1256
107075 107074 344
107075 107076 2299
107075 107195 1097
107209 107186 2227
107209 107207 2428
107209 107232 452
107239 107232 1527
107239 107237 420
107239 108154 1014
108154 107239 1014
108154 108153 893
108154 108155 635
108154 108156 3470
108174 108153 2374
108174 108172 1013
108174 108175 1031
107250 107249 672
107250 107251 452
107250 108175 889
107248 107247 1527
107248 107249 1598
107248 108398 2790
108394 107247 2445
108394 108392 1013
108394 108398 1264
108137 108136 640
108138 108136 991
108138 108139 380
108138 108140 3113
108141 107471 1431
108141 108140 1031
108141 108142 1565
107188 107183 604
107188 107187 373
107188 107234 1144
107235 107185 1022
107235 107234 1256
107235 107236 628
107074 107073 1220
107074 107075 344
107074 108115 598
107076 107075 2299
107076 107077 489
107186 107185 504
107186 107191 1344
107186 107209 2227
107207 107206 561
107207 107208 1175
107207 107209 2428
107237 107238 1222
107237 107239 420
107237 107256 3304
108155 108154 635
108156 107255 883
108156 108154 3470
108156 108173 222
108172 107251 1336
108172 108173 667
108172 108174 1013
107251 107250 452
107251 107252 1196
107251 108172 1336
107247 107245 787
107247 107248 1527
107247 108394 2445
108392 108393 930
108392 108394 1013
108392 108409 782
108139 108138 380
107471 107470 778
107471 107472 587
107471 108141 1431
108142 108141 1565
108142 108143 532
107183 107073 1256
107183 107184 1114
107183 107188 604
107187 107185 2360
107187 107188 373
107187 108118 737
107185 107186 504
107185 107187 2360
107185 107235 1022
107236 107235 628
107073 107074 1220
107073 107183 1256
108115 107074 598
107077 107076 489
107191 107186 1344
107191 107190 516
107191 107199 1114
107206 107205 580
107206 107207 561
107206 107226 1007
107208 107199 1959
107208 107207 1175
107208 107210 893
107238 107237 1222
107238 107240 1225
107238 107241 763
107238 107242 3281
107256 107237 3304
107256 107242 1000
107256 107255 120
107255 107256 120
107255 108156 883
108173 107253 1431
108173 108156 222
108173 108172 667
107252 107251 1196
107252 107253 2358
107245 107246 611
107245 107247 787
107245 108395 1419
108393 108392 930
108393 108397 782
108409 107472 201
108409 108392 782
108409 108414 1622
107470 107469 1004
107470 107471 778
107470 108144 504
107472 107471 587
107472 107473 1357
107472 108409 201
108143 108142 532
107184 107113 1031
107184 107183 1114
107184 107189 1196
108118 107187 737
107190 107112 2749
107190 107191 516
107190 107198 893
107199 107107 1124
107199 107191 1114
107199 107208 1959
107205 107106 2444
107205 107206 580
107205 107212 1700
107226 107206 1007
107226 107224 191
107226 107240 1110
107210 107208 893
107240 107219 3359
107240 107226 1110
107240 107238 1225
107241 107238 763
107242 107218 556
107242 107238 3281
107242 107256 1000
107253 107252 2358
107253 107254 1114
107253 108173 1431
107246 107245 611
108395 107245 1419
108395 108396 434
108395 108397 238
108397 107243 516
108397 108393 782
108397 108395 238
108414 107473 847
108414 108409 1622
108414 108413 1268
107469 107468 1114
107469 107470 1004
107469 108145 755
108144 107470 504
107473 107467 1592
107473 107472 1357
107473 108414 847
107113 107112 475
107113 107184 1031
107189 107184 1196
107112 107113 475
107112 107190 2749
107198 107190 893
107107 107106 1096
107107 107108 1405
107107 107199 1124
107106 107099 889
107106 107107 1096
107106 107205 2444
107212 107205 1700
107212 107213 2277
107224 107223 1153
107224 107225 1503
107224 107226 191
107219 107218 333
107219 107220 777
107219 107240 3359
107218 107217 1594
107218 107219 333
107218 107242 556
107254 107253 1114
108396 108395 434
107243 107244 354
107243 108397 516
108413 107467 950
108413 108412 1483
108413 108414 1268
107468 107466 434
107468 107469 1114
107468 108146 1097
108145 107469 755
107467 107466 598
107467 107473 1592
107467 108413 950
107108 107107 1405
107099 107098 717
107099 107106 889
107099 113746 1347
107213 107212 2277
107223 107220 2062
107223 107221 2316
107223 107224 1153
107225 107224 1503
107220 107219 777
107220 107221 1234
107220 107223 2062
107217 107216 3222
107217 107218 1594
107217 107257 452
107244 107243 354
107244 107258 3326
107244 107460 847
108412 108411 550
108412 108413 1483
108412 108432 504
107466 107467 598
107466 107468 434
107466 108129 1114
108146 107468 1097
107098 107099 717
107098 107105 1191
113746 107099 1347
107221 107220 1234
107221 107222 737
107221 107223 2316
107216 107215 1347
107216 107217 3222
107216 107258 1830
107257 107217 452
107258 107216 1830
107258 107244 3326
107258 108489 1610
107460 107244 847
107460 107459 750
107460 107461 2228
108411 107458 1144
108411 107459 4386
108411 108412 550
108432 108412 504
108432 108430 868
108432 108434 1686
108129 107466 1114
108129 108130 598
108129 108430 336
107105 107098 1191
107222 107221 737
107215 107214 1419
107215 107216 1347
107215 108490 1344
108489 107258 1610
107459 107460 750
107459 108411 4386
107461 107456 842
107461 107460 2228
107461 108488 893
107458 107457 1153
107458 108411 1144
108430 108129 336
108430 108432 868
108434 108432 1686
108434 108433 1007
108434 108444 2561
108130 108129 598
108130 108131 847
107214 107121 5354
107214 107215 1419
107214 107420 1077
108490 107215 1344
107456 107457 1560
107456 107461 842
107456 107462 511
108488 107461 893
107457 107456 1560
107457 107458 1153
107457 108440 2662
108433 108406 1196
108433 108434 1007
108444 108434 2561
108131 108130 847
108131 108132 1361
108131 108416 4230
107121 107120 336
107121 107122 1465
107121 107214 5354
107420 107120 5051
107420 107214 1077
107462 107456 511
108440 107457 2662
108406 108433 1196
108132 108131 1361
108416 108131 4230
107120 107121 336
107120 107420 5051
107122 107121 1465
29
107066
109563
109559
108136
108137
108138
108139
107073
107113
107112
107212
107108
107099
107213
107098
113746
107105
108430
108130
108433
108444
108131
107121
108440
108406
108132
108416
107120
107122
