344
83070 83071 903
83070 83071 903
83071 83070 903
83071 83070 903
83071 91329 367
91329 83071 367
91329 91315 2835
91329 91327 429
91315 91314 1030
91315 91329 2835
91315 91330 1866
91327 91325 1283
91327 91328 1051
91327 91329 429
91314 91315 1030
91314 91316 179
91314 91812 594
91330 91315 1866
91325 91324 1028
91325 91326 812
91325 91327 1283
91328 91327 1051
91316 91314 179
91316 91317 1846
91316 91318 1942
91812 83201 3840
91812 91314 594
91324 91323 587
91324 91325 1028
91324 91834 1110
91326 91325 812
91317 91316 1846
91318 91316 1942
91318 91319 1032
91318 91838 897
83201 83200 2629
83201 91812 3840
91323 91321 270
91323 91324 587
91323 91835 1235
91834 91324 1110
91319 91318 1032
91319 91320 930
91319 91837 1742
91838 91318 897
83200 83201 2629
83200 83230 349
91321 91320 579
91321 91322 992
91321 91323 270
91835 91323 1235
91320 91319 930
91320 91321 579
91320 91836 1284
91837 91319 1742
83230 83200 349
83230 83229 583
83230 83412 1732
91322 91321 992
91836 91320 1284
83229 83228 5559
83229 83230 583
83229 83233 1107
83412 83230 1732
83412 83413 1538
83228 83229 5559
83228 83232 1258
83228 83340 3732
83233 83229 1107
83233 83354 589
83413 83412 1538
83232 83228 1258
83232 83270 3379
83340 83228 3732
83340 83337 815
83340 83356 2225
83354 83233 589
83354 83353 1120
83354 83355 4158
83270 83232 3379
83337 83338 1483
83337 83339 2790
83337 83340 815
83356 83338 731
83356 83340 2225
83356 83352 5377
83353 83352 3670
83353 83354 1120
83355 83354 4158
83338 83337 1483
83338 83346 614
83338 83356 731
83338 91009 3587
83339 83337 2790
83352 83353 3670
83352 83356 5377
83352 91007 2082
83346 83338 614
83346 83344 2792
83346 83396 1268
91009 83338 3587
91009 83605 687
91009 91010 1447
91007 83352 2082
91007 83394 1007
91007 83606 970
83344 83343 1188
83344 83345 794
83344 83346 2792
83396 83343 1276
83396 83346 1268
83396 90656 1358
83605 83603 938
83605 83604 1484
83605 83610 2679
83605 91009 687
91010 91009 1447
83394 83374 733
83394 83395 367
83394 91007 1007
83606 83607 2415
83606 83607 2415
83606 91007 970
83343 83341 1225
83343 83344 1188
83343 83396 1276
83345 83344 794
90656 83341 1123
90656 83396 1358
90656 91000 7
83603 83334 1101
83603 83602 1455
83603 83605 938
83603 83610 2818
83604 83602 770
83604 83605 1484
83610 83603 2818
83610 83605 2679
83374 83372 1320
83374 83375 3355
83374 83394 733
83395 83394 367
83395 83612 2610
83395 91006 3471
83607 83606 2415
83607 83606 2415
83607 91008 495
83341 83342 2612
83341 83343 1225
83341 90656 1123
91000 83275 1663
91000 90656 7
91000 91696 1831
83334 83333 1355
83334 83335 1637
83334 83603 1101
83334 83613 1000
83602 83603 1455
83602 83604 770
83602 83613 1032
83372 83368 738
83372 83373 2282
83372 83374 1320
83375 83374 3355
83375 83376 1475
83375 83377 1802
83375 83611 882
83612 83395 2610
83612 83611 386
83612 91005 3423
91006 83395 3471
91008 83607 495
83342 83341 2612
83275 83274 890
83275 91000 1663
91696 91000 1831
91696 91697 1510
91696 91746 1700
91696 91746 1700
83333 83331 847
83333 83332 2909
83333 83334 1355
83333 83609 3361
83335 83334 1637
83613 83334 1000
83613 83602 1032
83368 83367 2279
83368 83369 769
83368 83372 738
83373 83372 2282
83376 83375 1475
83377 83375 1802
83377 83378 5809
83377 83381 1691
83611 83375 882
83611 83608 1147
83611 83612 386
91005 83612 3423
83274 83259 229
83274 83275 890
83274 83315 2333
91697 91696 1510
91746 91696 1700
91746 91696 1700
83331 83330 3240
83331 83332 3123
83331 83333 847
83332 83331 3123
83332 83333 2909
83609 83330 771
83609 83333 3361
83609 83608 1999
83367 83368 2279
83367 91734 2672
83369 83368 769
83369 83370 1237
83369 83370 1237
83378 83377 5809
83378 83379 2187
83378 83380 2910
83381 83328 397
83381 83377 1691
83381 83382 1457
83608 83329 743
83608 83609 1999
83608 83611 1147
83259 83260 1144
83259 83268 1448
83259 83274 229
83315 83274 2333
83315 91698 72
83330 83329 2016
83330 83331 3240
83330 83609 771
91734 83367 2672
83370 83369 1237
83370 83369 1237
83370 83371 1103
83379 83378 2187
83380 83378 2910
83328 83327 2887
83328 83329 921
83328 83381 397
83382 83381 1457
83382 83383 562
83382 83619 2742
83329 83328 921
83329 83330 2016
83329 83608 743
83260 83259 1144
83260 83261 1041
83260 83273 743
83268 83251 2832
83268 83259 1448
83268 83271 1588
91698 83315 72
83371 83370 1103
83327 83325 2007
83327 83328 2887
83327 83619 1698
83383 83382 562
83383 83384 1303
83383 83585 668
83619 83326 2138
83619 83327 1698
83619 83382 2742
83619 83586 1191
83261 83260 1041
83261 83262 938
83261 90751 1592
83273 83260 743
83251 83252 127
83251 83253 1496
83251 83268 2832
83271 83240 1128
83271 83253 2647
83271 83268 1588
83325 83326 1541
83325 83327 2007
83384 83383 1303
83384 83385 1777
83384 91193 1400
83585 83383 668
83585 83584 709
83585 83586 2892
83326 83325 1541
83326 83336 3040
83326 83587 1511
83326 83619 2138
83586 83585 2892
83586 83587 1344
83586 83619 1191
83262 83261 938
83262 83263 756
83262 83272 932
90751 83261 1592
83252 83251 127
83253 83251 1496
83253 83271 2647
83240 83257 367
83240 83271 1128
83240 83279 92
83385 83384 1777
83385 83386 2998
91193 83384 1400
91193 83389 1555
91193 91195 1347
83584 83585 709
83584 83617 648
83336 83326 3040
83587 83326 1511
83587 83586 1344
83263 83262 756
83263 83264 783
83263 83272 179
83272 83262 932
83272 83263 179
83257 83240 367
83257 83246 1062
83279 83240 92
83386 83385 2998
83386 83387 1056
83386 83388 499
83389 83388 1764
83389 83390 673
83389 91193 1555
91195 91193 1347
83617 83584 648
83617 83618 2688
83264 83263 783
83264 83265 836
83246 83245 1482
83246 83257 1062
83387 83386 1056
83388 83386 499
83388 83389 1764
83390 83389 673
83390 91194 1296
83618 83617 2688
83265 83264 836
83245 83206 714
83245 83246 1482
91194 83390 1296
83206 83245 714
148
83070
83071
91329
91315
91327
91314
91330
91325
91328
91316
91812
91324
91326
91317
91318
83201
91323
91834
91319
91838
83200
91321
91835
91320
91837
83230
91322
91836
83229
83412
83228
83233
83413
83232
83340
83354
83270
83337
83356
83353
83355
83338
83339
83352
83346
91009
91007
83344
83396
83605
91010
83394
83606
83343
83345
90656
83603
83604
83610
83374
83395
83607
83341
91000
83334
83602
83372
83375
83612
91006
91008
83342
83275
91696
83333
83335
83613
83368
83373
83376
83377
83611
91005
83274
91697
91746
83331
83332
83609
83367
83369
83378
83381
83608
83259
83315
83330
91734
83370
83379
83380
83328
83382
83329
83260
83268
91698
83371
83327
83383
83619
83261
83273
83251
83271
83325
83384
83585
83326
83586
83262
90751
83252
83253
83240
83385
91193
83584
83336
83587
83263
83272
83257
83279
83386
83389
91195
83617
83264
83246
83387
83388
83390
83618
83265
83245
91194
83206
