26
189944 189947 957
189947 189944 957
190337 190346 1712
190346 190337 1712
190346 190380 1409
190380 190346 1409
140046 140036 985
140046 140047 277
140048 140047 410
140047 140046 277
140047 140048 410
140024 140030 556
140036 140032 383
140036 140035 294
140036 140046 985
190403 190397 560
190397 190403 560
140030 140024 556
140032 140036 383
140035 140036 294
139972 139980 648
139980 139972 648
139980 139981 989
139981 139980 989
139984 139985 312
139985 139984 312
37
189944
189936
189947
190337
190346
190461
190380
190396
190401
140046
140048
140049
140047
140075
140024
140036
141443
140566
140570
187277
190403
190035
190397
188349
189625
139917
139919
139926
139935
139969
140032
140035
139970
139972
139981
139984
139985
