158
70282 70455 239
70282 78774 5766
70455 70282 239
70455 79031 2451
78774 70282 5766
78774 78775 1893
79031 70455 2451
78775 78774 1893
78775 78776 1439
78776 78775 1439
78776 78777 1532
78777 78776 1532
78777 78778 1595
78778 76625 3265
78778 78777 1595
76625 76626 510
76625 78778 3265
76626 70542 523
76626 70546 740
76626 70551 153
76626 76625 510
70542 70541 436
70542 76626 523
70546 70540 453
70546 70544 746
70546 70545 100
70546 76626 740
70551 70545 762
70551 70550 553
70551 76626 153
70541 70537 3804
70541 70538 829
70541 70542 436
70540 70485 1473
70540 70546 453
70544 70543 794
70544 70546 746
70544 70558 760
70544 78779 420
70545 70546 100
70545 70551 762
70550 70549 2536
70550 70551 553
70550 70552 791
70550 70553 842
70537 70535 907
70537 70541 3804
70538 70536 2171
70538 70539 253
70538 70541 829
70485 70484 2729
70485 70488 818
70485 70539 796
70485 70540 1473
70543 70544 794
70543 70553 641
70543 70557 713
70558 70544 760
70558 70554 501
70558 70557 701
78779 70544 420
70549 70548 2217
70549 70550 2536
70552 70550 791
70553 70543 641
70553 70550 842
70535 70533 684
70535 70536 1612
70535 70537 907
70536 70534 684
70536 70535 1612
70536 70538 2171
70539 70485 796
70539 70491 518
70539 70538 253
70484 70482 611
70484 70483 848
70484 70485 2729
70488 70483 2810
70488 70485 818
70488 70487 688
70488 77107 1367
70557 70543 713
70557 70558 701
70554 70487 1502
70554 70558 501
70548 70547 492
70548 70549 2217
70548 70689 713
70533 70476 1391
70533 70532 796
70533 70535 684
70534 70480 1422
70534 70481 713
70534 70532 818
70534 70536 684
70491 70489 1309
70491 70490 796
70491 70539 518
70482 70469 711
70482 70484 611
70482 70489 768
70483 70472 713
70483 70484 848
70483 70488 2810
70487 70472 2892
70487 70488 688
70487 70510 818
70487 70554 1502
77107 70488 1367
70547 70548 492
70689 70548 713
70689 70686 562
70476 70475 2068
70476 70478 688
70476 70533 1391
70532 70478 1422
70532 70533 796
70532 70534 818
70480 70477 2182
70480 70478 818
70480 70479 688
70480 70534 1422
70481 70479 1342
70481 70490 688
70481 70534 713
70489 70482 768
70489 70491 1309
70490 70481 688
70490 70491 796
70469 70482 711
70472 70470 808
70472 70483 713
70472 70487 2892
70510 70487 818
70510 70580 590
70686 70687 512
70686 70689 562
70475 70474 964
70475 70476 2068
70478 70474 2156
70478 70476 688
70478 70480 818
70478 70532 1422
70477 70474 713
70477 70480 2182
70479 70480 688
70479 70481 1342
70470 70472 808
70580 70510 590
70687 70686 512
70687 70688 1285
70687 70688 1285
70474 70475 964
70474 70477 713
70474 70478 2156
70688 70687 1285
70688 70687 1285
63
70282
70455
78774
79031
78775
78776
78777
78778
76625
76626
70542
70546
70551
70541
70540
70544
70545
70550
70537
70538
70485
70543
70558
78779
70549
70552
70553
70535
70536
70539
70484
70488
70557
70554
70548
70533
70534
70491
70482
70483
70487
77107
70547
70689
70476
70532
70480
70481
70489
70490
70469
70472
70510
70686
70475
70478
70477
70479
70470
70580
70687
70474
70688
