38
105768 105769 1696
105768 112858 612
105769 105768 1696
105769 105770 536
105769 112861 750
112858 105768 612
105770 105769 536
105770 105771 1167
105770 112829 947
112861 105769 750
112861 112851 672
112861 112862 889
105771 105770 1167
112829 105770 947
112829 112830 612
112829 112831 1254
112851 112852 511
112851 112861 672
112862 112861 889
112830 112829 612
112831 112829 1254
112831 112832 536
112852 112851 511
112852 112860 672
112832 112831 536
112832 112833 1073
112832 112837 1014
112860 112852 672
112833 112832 1073
112833 112834 2319
112833 112835 927
112837 112832 1014
112834 112833 2319
112834 112835 2290
112835 112833 927
112835 112834 2290
112835 112836 373
112836 112835 373
19
105768
105769
112858
105770
112861
105771
112829
112851
112862
112830
112831
112852
112832
112860
112833
112837
112834
112835
112836
