26
38386 38478 373
38478 38386 373
38478 38479 1221
38479 38478 1221
38830 38840 2017
38840 38830 2017
38891 38895 848
38895 38891 848
38899 38901 751
38901 38899 751
38914 38904 1188
38983 38903 355
38903 38983 355
38905 38912 709
38912 38904 818
38912 38905 709
38930 38925 2341
38904 38912 818
38904 38914 1188
38941 38925 3358
38951 38955 1085
38925 38930 2341
38925 38941 3358
38955 38951 1085
38799 38801 1085
38801 38799 1085
36
38374
38386
38478
38479
38482
38491
38338
38514
38515
38512
38527
38825
38830
38840
38891
38895
38899
38901
38935
38983
38903
38905
38930
38936
38904
38941
38951
38925
38785
38796
38799
38801
41539
41546
47581
47584
