24
203468 203469 691
203469 203468 691
202559 202564 1577
202714 202715 143
202715 202714 143
202564 202559 1577
202716 202720 1552
202720 202716 1552
196134 196119 474
196119 196134 474
196131 196116 870
196116 196131 870
197080 196554 1799
196554 197080 1799
197117 197119 660
197081 197082 670
197119 197117 660
197082 197081 670
197102 197121 705
197121 197102 705
197128 197129 1181
197129 197128 1181
197129 197132 164
197132 197129 164
36
205704
203454
203468
203467
203469
202510
202559
202712
202714
202715
202564
202659
202661
202674
202716
202720
202690
196134
196118
196131
196116
196534
215127
196554
197117
197081
197119
197102
197103
197121
197128
197132
197133
202513
205854
214961
