494
35704 35705 738
35704 37189 1213
35704 45320 450
35705 35704 738
35705 45321 2035
35705 45324 1161
35705 45348 4498
37189 35704 1213
45320 35704 450
45320 45321 1884
45320 45345 1248
45321 35705 2035
45321 45319 1114
45321 45320 1884
45324 35705 1161
45324 45322 1812
45324 45362 782
45348 35705 4498
45348 45362 4749
45348 45439 1147
45345 45319 2034
45345 45320 1248
45345 45343 238
45319 45317 1140
45319 45321 1114
45319 45345 2034
45322 45323 688
45322 45324 1812
45362 45323 1933
45362 45324 782
45362 45348 4749
45362 45363 1445
45439 45348 1147
45343 45318 893
45343 45345 238
45343 45346 337
45317 45313 1436
45317 45316 778
45317 45318 2453
45317 45319 1140
45323 45322 688
45323 45361 710
45323 45362 1933
45363 45362 1445
45363 125308 650
45363 125309 445
45318 45317 2453
45318 45342 1234
45318 45343 893
45318 45344 505
45346 45343 337
45346 45347 952
45313 45312 672
45313 45314 421
45313 45317 1436
45316 45312 1532
45316 45315 1222
45316 45317 778
45316 45342 2621
45361 45323 710
125308 45363 650
125309 45363 445
125309 125307 452
45342 45316 2621
45342 45318 1234
45342 45330 1222
45344 45318 505
45344 45349 1268
45347 45346 952
45347 45349 1396
45347 45357 2233
45312 45311 1505
45312 45313 672
45312 45316 1532
45314 45313 421
45315 45306 747
45315 45316 1222
45315 45330 2621
125307 45441 1470
125307 125279 3316
125307 125309 452
125307 125310 1594
45330 45315 2621
45330 45328 1357
45330 45342 1222
45349 45344 1268
45349 45347 1396
45349 45350 2620
45349 45351 1810
45349 45355 1064
45357 45347 2233
45357 45350 1010
45357 45359 948
45357 45360 1812
45311 45295 337
45311 45304 752
45311 45312 1505
45306 45304 985
45306 45305 1085
45306 45315 747
45306 45328 2839
45441 45440 5084
45441 125307 1470
45441 132543 1197
125279 125248 3134
125279 125307 3316
125310 125307 1594
125310 125314 1161
45328 45306 2839
45328 45327 924
45328 45329 517
45328 45330 1357
45350 45349 2620
45350 45356 558
45350 45357 1010
45350 45388 1812
45351 45339 445
45351 45349 1810
45351 45352 355
45355 45349 1064
45355 45353 1357
45355 45356 2058
45359 45357 948
45359 45358 2245
45360 45357 1812
45360 45358 818
45360 45391 683
45295 45296 1798
45295 45307 630
45295 45311 337
45304 45303 1121
45304 45306 985
45304 45311 752
45305 45303 1064
45305 45306 1085
45305 45327 2967
45440 45441 5084
45440 45442 1966
132543 45441 1197
132543 132544 1067
125248 125227 4822
125248 125237 355
125248 125271 537
125248 125279 3134
125314 125310 1161
125314 125315 697
125314 125316 1153
45327 45305 2967
45327 45326 1438
45327 45328 924
45327 45332 1065
45329 45328 517
45329 45334 1339
45356 45350 558
45356 45355 2058
45356 45387 674
45388 45350 1812
45388 45391 782
45388 45397 1307
45339 45338 1114
45339 45351 445
45339 45352 474
45352 45339 474
45352 45351 355
45352 45353 985
45353 45352 985
45353 45355 1357
45353 45375 337
45358 45359 2245
45358 45360 818
45358 45389 818
45391 45360 683
45391 45388 782
45391 45392 581
45391 45399 1906
45296 45295 1798
45296 45303 1225
45307 45295 630
45307 45308 2204
45307 45309 752
45303 45296 1225
45303 45304 1121
45303 45305 1064
45442 45440 1966
45442 125371 842
132544 132543 1067
132544 132545 666
125227 125226 710
125227 125248 4822
125237 125235 1813
125237 125248 355
125271 125248 537
125271 125275 940
125315 125313 1086
125315 125314 697
125315 125317 279
125315 125320 1683
125316 125314 1153
45326 45301 738
45326 45327 1438
45332 45327 1065
45332 45333 1064
45334 45329 1339
45334 45333 1000
45334 45337 600
45387 45356 674
45387 45382 1558
45387 45390 1853
45397 45388 1307
45397 45390 782
45397 45398 355
45338 45337 1225
45338 45339 1114
45338 45340 985
45375 45353 337
45375 45369 3121
45375 45382 1483
45389 45358 818
45392 45391 581
45399 45391 1906
45399 45398 796
45399 45402 1268
45308 45307 2204
45309 45185 1742
45309 45307 752
45309 45310 475
125371 45442 842
125371 125400 1699
132545 132544 666
132545 132546 1077
125226 125194 677
125226 125227 710
125235 125229 1624
125235 125234 404
125235 125237 1813
125275 125271 940
125275 125273 418
125275 125276 1284
125313 125312 677
125313 125315 1086
125313 125318 1104
125313 125328 390
125317 125315 279
125317 125318 1004
125320 125315 1683
125320 125319 1560
125320 125321 879
125320 125322 933
45301 45266 4374
45301 45300 1678
45301 45326 738
45333 45331 778
45333 45332 1064
45333 45334 1000
45333 45335 1352
45337 45334 600
45337 45336 590
45337 45338 1225
45382 45374 3641
45382 45375 1483
45382 45383 1184
45382 45387 1558
45390 45387 1853
45390 45393 1675
45390 45397 782
45398 45397 355
45398 45399 796
45398 45400 1028
45340 45338 985
45340 45341 1631
45340 45354 610
45369 45335 2089
45369 45341 953
45369 45374 1182
45369 45375 3121
45402 45399 1268
45402 45429 436
45402 45429 436
45185 45183 673
45185 45309 1742
45310 45309 475
125400 125371 1699
125400 125401 1293
125400 125402 7937
125400 125404 951
132546 125365 1553
132546 132545 1077
125194 125193 279
125194 125195 421
125194 125226 677
125229 125223 933
125229 125235 1624
125234 125222 474
125234 125235 404
125234 125236 1064
125273 125246 1449
125273 125251 2460
125273 125275 418
125276 125275 1284
125276 125277 933
125276 125278 2418
125312 125311 404
125312 125313 677
125318 125313 1104
125318 125317 1004
125318 125319 984
125318 125336 418
125318 132551 593
125328 125313 390
125328 125329 624
125328 132551 623
125319 125318 984
125319 125320 1560
125321 125320 879
125321 125361 1495
125322 125320 933
125322 125323 1937
45266 45260 1153
45266 45267 1612
45266 45268 202
45266 45301 4374
45300 45298 1419
45300 45299 873
45300 45301 1678
45331 45325 782
45331 45333 778
45335 45333 1352
45335 45336 796
45335 45369 2089
45336 45335 796
45336 45337 590
45336 45341 1017
45374 45369 1182
45374 45381 1182
45374 45382 3641
45383 45381 3090
45383 45382 1184
45383 45393 926
45393 45383 926
45393 45384 2748
45393 45390 1675
45393 45394 1410
45400 45396 905
45400 45398 1028
45400 45401 630
45341 45336 1017
45341 45340 1631
45341 45369 953
45354 45340 610
45429 45402 436
45429 45402 436
45429 45428 778
45183 45177 1905
45183 45184 1023
45183 45185 673
125401 125400 1293
125401 125403 1067
125402 125400 7937
125402 126684 1532
125404 125399 2070
125404 125400 951
125404 125405 474
125365 125323 1706
125365 125368 142
125365 132546 1553
125365 132547 221
125193 125185 1032
125193 125194 279
125195 125174 2015
125195 125194 421
125223 125224 818
125223 125225 1772
125223 125229 933
125222 125221 552
125222 125233 1905
125222 125234 474
125236 125234 1064
125236 125238 1494
125236 125239 677
125246 125247 1182
125246 125249 1116
125246 125273 1449
125251 125249 1116
125251 125262 1620
125251 125273 2460
125277 125276 933
125277 125280 850
125277 125281 1612
125278 125262 511
125278 125276 2418
125278 125289 807
125311 125285 1530
125311 125288 355
125311 125312 404
125336 125318 418
125336 125324 1028
125336 125333 3386
132551 125318 593
132551 125328 623
125329 125327 893
125329 125328 624
125361 125321 1495
125323 125322 1937
125323 125365 1706
125323 125366 298
45260 45257 605
45260 45262 511
45260 45266 1153
45267 45266 1612
45267 45325 3303
45268 45228 27156
45268 45266 202
45298 45291 452
45298 45293 452
45298 45300 1419
45299 45261 1731
45299 45297 202
45299 45300 873
45325 45267 3303
45325 45331 782
45325 45368 3033
45381 45374 1182
45381 45383 3090
45381 45384 906
45384 45381 906
45384 45393 2748
45384 45395 1182
45384 45407 1624
45394 45393 1410
45394 45395 3166
45394 45396 276
45396 45394 276
45396 45400 905
45396 45424 1074
45401 45400 630
45401 45425 1919
45401 45428 337
45428 45401 337
45428 45429 778
45428 45430 1200
45177 45162 3153
45177 45183 1905
45184 45183 1023
125403 125401 1067
126684 125402 1532
125399 125404 2070
125405 125404 474
125368 125365 142
125368 132547 293
132547 125365 221
132547 125368 293
125185 125193 1032
125174 125195 2015
125224 125223 818
125225 125223 1772
125221 125222 552
125233 125222 1905
125233 125238 404
125238 125233 404
125238 125236 1494
125239 125236 677
125247 125246 1182
125249 125246 1116
125249 125251 1116
125262 125251 1620
125262 125278 511
125280 125277 850
125281 125277 1612
125289 125278 807
125285 125311 1530
125288 125311 355
125324 125336 1028
125333 125336 3386
125327 125329 893
125366 125323 298
45257 45260 605
45262 45260 511
45262 45261 1458
45228 45268 27156
45291 45298 452
45293 45298 452
45261 45262 1458
45261 45299 1731
45297 45299 202
45368 45325 3033
45395 45384 1182
45395 45394 3166
45407 45384 1624
45424 45396 1074
45424 45425 906
45425 45401 1919
45425 45424 906
45430 45428 1200
45162 45177 3153
39
45177
125403
126684
125399
125405
125368
132547
125185
125174
125225
125221
125233
125238
125239
125249
125262
125280
125281
125289
125285
125288
125324
125333
125327
125366
45257
45262
45228
45291
45293
45261
45297
45368
45395
45407
45424
45425
45430
45162
