498
256165 256177 1992
256177 256165 1992
256177 256178 2126
256177 256179 1240
256178 256177 2126
256178 256182 1490
256178 256184 360
256179 256177 1240
256179 256180 598
256179 256182 3300
256182 256178 1490
256182 256179 3300
256182 256187 640
256184 256178 360
256184 256185 2147
256180 256179 598
256180 256181 3354
256187 256182 640
256187 256188 2875
256187 256190 2365
256185 256184 2147
256185 256186 1571
256181 256180 3354
256181 256190 2588
256181 256191 2546
256188 256187 2875
256188 256224 1354
256190 256181 2588
256190 256187 2365
256190 256192 2847
256190 256193 3345
256186 256185 1571
256186 256218 2395
256191 256175 989
256191 256181 2546
256191 256194 2138
256224 256188 1354
256224 256192 487
256224 256225 3666
256192 256190 2847
256192 256193 2515
256192 256224 487
256193 256190 3345
256193 256192 2515
256193 256197 640
256218 256186 2395
256175 256189 1906
256175 256191 989
256194 256191 2138
256194 256196 2788
256194 256198 2303
256225 256224 3666
256225 256226 532
256225 256230 912
256197 256193 640
256197 256198 2032
256197 256199 987
256189 256174 1360
256189 256175 1906
256189 256607 5706
256196 256194 2788
256196 256198 1129
256196 256199 1664
256196 256201 424
256198 256194 2303
256198 256196 1129
256198 256197 2032
256226 256225 532
256226 256227 2358
256226 256231 1268
256230 256225 912
256199 256196 1664
256199 256197 987
256199 256411 2101
256174 256171 3700
256174 256173 3685
256174 256189 1360
256607 256189 5706
256607 256608 2424
256201 256196 424
256201 256200 2252
256227 256226 2358
256227 256228 2925
256227 256229 1054
256231 256226 1268
256231 256232 647
256231 256233 1617
256231 256233 1617
256411 256199 2101
256411 256412 4493
256171 256172 2718
256171 256173 976
256171 256174 3700
256173 256171 976
256173 256174 3685
256608 256607 2424
256608 256609 2155
256200 256201 2252
256200 256449 886
256200 256450 1224
256228 256227 2925
256228 256253 787
256228 256425 2100
256229 256227 1054
256229 256233 1046
256229 256254 1812
256232 256231 647
256233 256229 1046
256233 256231 1617
256233 256231 1617
256412 256254 1494
256412 256411 4493
256412 256418 637
256172 256171 2718
256172 261189 269
256609 256608 2155
256449 256200 886
256450 256200 1224
256450 256451 1091
256450 256453 873
256253 256228 787
256253 256251 850
256253 256255 798
256253 256426 1960
256425 256228 2100
256425 256254 2165
256425 256426 773
256254 256229 1812
256254 256412 1494
256254 256417 1439
256254 256425 2165
256418 256412 637
256418 256417 1573
256418 256420 1026
256418 262226 69
261189 256172 269
256451 256413 976
256451 256450 1091
256451 256452 3556
256453 256450 873
256453 256454 1829
256251 256236 686
256251 256252 1221
256251 256253 850
256255 256253 798
256255 256257 186
256426 256253 1960
256426 256260 1079
256426 256425 773
256417 256254 1439
256417 256418 1573
256417 256427 279
256420 256418 1026
256420 256419 3878
256420 256421 510
262226 256418 69
256413 256414 1361
256413 256451 976
256413 256455 478
256452 256451 3556
256454 256453 1829
256454 256462 1301
256454 256463 290
256236 256234 885
256236 256237 1247
256236 256244 718
256236 256251 686
256252 256251 1221
256257 256246 1530
256257 256255 186
256257 256259 419
256257 256260 1960
256260 256257 1960
256260 256426 1079
256260 256429 503
256260 256430 883
256427 256417 279
256427 256419 2062
256427 256428 3051
256419 256420 3878
256419 256427 2062
256419 256436 1557
256419 256437 902
256421 256420 510
256421 256422 3240
256421 256423 1716
256414 256413 1361
256455 256413 478
256455 256415 495
256455 256456 1963
256462 256454 1301
256462 256459 1022
256462 256751 527
256463 256454 290
256463 256758 2685
256234 256235 598
256234 256236 885
256234 256238 756
256237 256236 1247
256244 256236 718
256244 256256 952
256244 264309 1028
256246 256240 1652
256246 256247 390
256246 256257 1530
256259 256247 1578
256259 256257 419
256259 256258 862
256429 256260 503
256429 256431 730
256429 256432 1135
256430 256260 883
256430 256434 1019
256428 256427 3051
256436 256419 1557
256436 256434 2173
256436 256440 788
256437 256419 902
256437 256422 380
256437 256438 221
256422 256421 3240
256422 256437 380
256422 256466 1309
256423 256415 593
256423 256421 1716
256423 256424 2731
256415 256416 1351
256415 256423 593
256415 256455 495
256456 256455 1963
256456 256457 858
256456 256458 1635
256459 256460 1125
256459 256461 1474
256459 256462 1022
256751 256462 527
256751 256750 1408
256751 261793 1619
256758 256463 2685
256758 256753 290
256758 256753 290
256235 256234 598
256235 256445 619
256238 256211 1130
256238 256234 756
256238 256239 790
256256 256244 952
264309 256244 1028
256240 256241 153
256240 256246 1652
256247 256241 1565
256247 256246 390
256247 256248 879
256247 256259 1578
256258 256248 1581
256258 256259 862
256258 256261 878
256258 256263 838
256431 256429 730
256432 256429 1135
256432 256433 1288
256432 256443 2711
256434 256430 1019
256434 256435 1000
256434 256436 2173
256440 256436 788
256440 256439 903
256440 256470 1313
256438 256437 221
256438 256439 943
256438 256467 1411
256466 256422 1309
256466 256424 137
256466 256467 1555
256424 256423 2731
256424 256458 273
256424 256466 137
256416 256415 1351
256457 256456 858
256458 256424 273
256458 256456 1635
256458 256468 1337
256460 256459 1125
256461 256459 1474
256750 256749 450
256750 256751 1408
261793 256751 1619
256753 256481 5774
256753 256752 2373
256753 256758 290
256753 256758 290
256753 256759 1138
256445 256235 619
256211 256210 754
256211 256238 1130
256239 256210 1076
256239 256238 790
256239 256245 140
256241 256240 153
256241 256242 871
256241 256247 1565
256248 256242 1565
256248 256247 879
256248 256249 905
256248 256258 1581
256261 256249 1571
256261 256258 878
256261 256262 740
256261 256264 743
256263 256258 838
256433 256432 1288
256433 256441 2447
256433 256487 977
256443 256432 2711
256435 256434 1000
256435 256475 2954
256439 256438 943
256439 256440 903
256439 256469 1404
256470 256440 1313
256470 256469 790
256470 256476 1014
256467 256438 1411
256467 256466 1555
256467 256469 1037
256467 256471 990
256468 256458 1337
256468 256480 1164
256749 256750 450
256749 256752 1204
256749 256755 1347
256481 256478 2111
256481 256753 5774
256752 256749 1204
256752 256753 2373
256752 256754 1080
256759 256753 1138
256759 261188 925
256210 256211 754
256210 256239 1076
256245 256239 140
256242 256213 1480
256242 256241 871
256242 256243 987
256242 256248 1565
256249 256243 1586
256249 256248 905
256249 256250 734
256249 256261 1571
256262 256261 740
256262 256357 787
256262 256362 787
256262 256364 805
256264 256261 743
256264 256265 343
256264 256266 384
256441 256433 2447
256441 256442 780
256441 256444 332
256487 256433 977
256487 256492 1266
256475 256435 2954
256475 256476 669
256475 256478 845
256469 256439 1404
256469 256467 1037
256469 256470 790
256476 256470 1014
256476 256475 669
256471 256467 990
256471 256472 939
256471 256472 939
256471 256474 3010
256480 256468 1164
256755 256749 1347
256755 256757 774
256478 256475 845
256478 256481 2111
256478 256482 2026
256754 256752 1080
261188 256759 925
261188 256761 1006
261188 262283 1739
256213 256215 937
256213 256242 1480
256243 256242 987
256243 256249 1586
256243 256336 730
256243 256338 680
256250 256249 734
256250 256342 731
256250 256357 745
256357 256250 745
256357 256262 787
256357 256358 1625
256362 256262 787
256362 256363 832
256362 256365 735
256364 256262 805
256364 261622 84
256265 256264 343
256266 256264 384
256442 256441 780
256442 256492 1532
256442 256507 724
256444 256441 332
256492 256442 1532
256492 256487 1266
256492 256493 717
256472 256471 939
256472 256471 939
256474 256471 3010
256757 256755 774
256757 256756 1155
256482 256478 2026
256482 256772 4600
256761 256760 899
256761 261188 1006
262283 261188 1739
256215 256213 937
256215 256270 435
256215 256336 745
256336 256215 745
256336 256243 730
256336 256337 2356
256338 256243 680
256338 256339 1630
256338 256342 888
256342 256250 731
256342 256338 888
256342 256343 1657
256358 256357 1625
256358 256363 800
256363 256358 800
256363 256362 832
256365 256362 735
261622 256364 84
256507 256442 724
256507 256508 1428
256507 256510 686
256493 256492 717
256493 256508 100
256756 256757 1155
256756 256762 1139
256756 256763 1342
256772 256482 4600
256772 256779 1617
256760 256761 899
256760 256769 2002
256760 256771 557
256270 256215 435
256270 256272 654
256270 256273 2112
256337 256336 2356
256337 256339 786
256337 256340 102
256339 256337 786
256339 256338 1630
256339 256343 796
256339 256344 1365
256343 256339 796
256343 256342 1657
256508 256493 100
256508 256507 1428
256510 256507 686
256762 256756 1139
256762 256764 1055
256762 256765 1299
256763 256756 1342
256763 256791 1978
256763 256792 419
256779 256772 1617
256769 256760 2002
256769 256767 1257
256769 256771 2298
256771 256760 557
256771 256769 2298
256771 256775 473
256272 256270 654
256272 256271 576
256273 256270 2112
256273 256340 694
256340 256273 694
256340 256337 102
256344 256339 1365
256764 256762 1055
256764 256767 1224
256765 256762 1299
256765 256767 1085
256765 256792 1866
256791 256763 1978
256792 256763 419
256792 256765 1866
256767 256764 1224
256767 256765 1085
256767 256769 1257
256775 256771 473
256271 256272 576
200
256165
256177
256178
256179
256182
256184
256180
256187
256185
256181
256188
256190
256186
256191
256224
256192
256193
256218
256175
256194
256225
256197
256189
256196
256198
256226
256230
256199
256174
256607
256201
256227
256231
256411
256171
256173
256608
256200
256228
256229
256232
256233
256412
256172
256609
256449
256450
256253
256425
256254
256418
261189
256451
256453
256251
256255
256426
256417
256420
262226
256413
256452
256454
256236
256252
256257
256260
256427
256419
256421
256414
256455
256462
256463
256234
256237
256244
256246
256259
256429
256430
256428
256436
256437
256422
256423
256415
256456
256459
256751
256758
256235
256238
256256
264309
256240
256247
256258
256431
256432
256434
256440
256438
256466
256424
256416
256457
256458
256460
256461
256750
261793
256753
256445
256211
256239
256241
256248
256261
256263
256433
256443
256435
256439
256470
256467
256468
256749
256481
256752
256759
256210
256245
256242
256249
256262
256264
256441
256487
256475
256469
256476
256471
256480
256755
256478
256754
261188
256213
256243
256250
256357
256362
256364
256265
256266
256442
256444
256492
256472
256474
256757
256482
256761
262283
256215
256336
256338
256342
256358
256363
256365
261622
256507
256493
256756
256772
256760
256270
256337
256339
256343
256508
256510
256762
256763
256779
256769
256771
256272
256273
256340
256344
256764
256765
256791
256792
256767
256775
256271
