26
170909 171347 1663
171347 170909 1663
171347 171350 590
171347 171354 893
171350 171347 590
171350 171354 1023
171350 171361 1201
171354 171347 893
171354 171350 1023
171354 171359 1687
171361 171350 1201
171361 171359 667
171361 171364 1940
171359 171354 1687
171359 171361 667
171359 171363 2960
171364 171357 778
171364 171361 1940
171364 171362 1186
171363 171359 2960
171363 171362 796
171357 171364 778
171357 171368 2111
171362 171363 796
171362 171364 1186
171368 171357 2111
11
170909
171347
171350
171354
171361
171359
171364
171363
171357
171362
171368
