34
119210 119211 115
119210 194274 457
119211 119210 115
194274 119210 457
194274 194272 1291
194274 194275 710
194272 194269 351
194272 194271 288
194272 194274 1291
194275 194274 710
194269 194267 843
194269 194271 77
194269 194272 351
194271 194269 77
194271 194272 288
194271 194273 537
194267 194265 866
194267 194269 843
194267 194270 554
194273 194271 537
194265 194263 1113
194265 194267 866
194265 194268 351
194270 194267 554
194263 194262 1160
194263 194265 1113
194263 194266 1224
194268 194265 351
194262 194263 1160
194262 194264 2015
194262 194279 1633
194266 194263 1224
194264 194262 2015
194279 194262 1633
1
194279
