590
198596 198597 336
198596 212342 606
198596 212351 835
198597 198596 336
212342 198596 606
212342 212341 860
212342 212343 715
212351 198596 835
212351 212350 180
212351 215008 312
212341 212324 1328
212341 212342 860
212341 212344 1671
212341 212345 834
212343 212342 715
212343 212345 1311
212343 212352 1604
212343 212356 810
212350 212348 204
212350 212351 180
212350 212352 722
215008 212351 312
212324 212325 527
212324 212328 631
212324 212337 670
212324 212340 553
212324 212341 1328
212344 207896 1860
212344 212338 1349
212344 212341 1671
212344 212346 241
212345 212341 834
212345 212343 1311
212345 212359 582
212352 212343 1604
212352 212350 722
212356 207890 1604
212356 212343 810
212348 212347 1399
212348 212350 204
212348 215007 319
212325 212324 527
212325 215183 813
212328 212324 631
212328 212327 183
212328 212336 204
212337 212324 670
212337 212327 320
212337 214373 560
212340 212324 553
212340 214373 710
212340 214512 1552
207896 207889 237
207896 212344 1860
207896 212360 423
212338 212339 518
212338 212344 1349
212338 214512 1051
212346 212344 241
212346 212761 473
212359 207889 124
212359 212345 582
207890 207889 182
207890 212356 1604
207890 212367 911
212347 212332 1579
212347 212348 1399
215007 212348 319
215183 212325 813
215183 215184 431
212327 212328 183
212327 212336 188
212327 212337 320
212336 212323 2092
212336 212327 188
212336 212328 204
212336 212335 556
214373 212165 1111
214373 212337 560
214373 212340 710
214512 212338 1051
214512 212340 1552
207889 207890 182
207889 207896 237
207889 212359 124
212360 207896 423
212339 212166 366
212339 212338 518
212761 212166 1584
212761 212167 371
212761 212346 473
212761 212363 1153
212367 207890 911
212367 212369 846
212332 207786 1044
212332 212347 1579
215184 207785 974
215184 215183 431
212323 212312 1989
212323 212322 219
212323 212336 2092
212335 212161 751
212335 212164 2102
212335 212313 2210
212335 212336 556
212165 212164 213
212165 212168 1173
212165 214373 1111
212166 212167 1500
212166 212231 5197
212166 212339 366
212166 212761 1584
212166 212785 3172
212167 212166 1500
212167 212363 1240
212167 212761 371
212363 212167 1240
212363 212761 1153
212369 212367 846
212369 212368 944
212369 212423 1954
207786 207785 1392
207786 212332 1044
207786 214316 743
207785 207786 1392
207785 215184 974
212312 212310 719
212312 212320 878
212312 212322 1791
212312 212323 1989
212322 212312 1791
212322 212313 710
212322 212323 219
212161 212160 901
212161 212162 2102
212161 212311 2209
212161 212335 751
212164 212162 751
212164 212165 213
212164 212335 2102
212313 212310 1864
212313 212311 750
212313 212322 710
212313 212335 2210
212168 212165 1173
212231 212120 2554
212231 212166 5197
212231 212785 2029
212785 212166 3172
212785 212231 2029
212368 212369 944
212368 212418 1456
212423 212369 1954
212423 212418 337
212423 212424 1772
214316 207786 743
214316 212329 757
212310 212309 750
212310 212312 719
212310 212313 1864
212310 212319 876
212320 212312 878
212320 212319 963
212320 212321 1083
212160 212146 695
212160 212147 2152
212160 212161 901
212162 212161 2102
212162 212164 751
212311 212147 779
212311 212161 2209
212311 212309 1865
212311 212313 750
212120 212192 2013
212120 212231 2554
212418 212368 1456
212418 212420 796
212418 212423 337
212424 212423 1772
212424 212433 1117
212329 212326 848
212329 214316 757
212309 212307 883
212309 212308 2164
212309 212310 750
212309 212311 1865
212319 212310 876
212319 212316 1228
212319 212320 963
212321 212316 927
212321 212320 1083
212321 212326 607
212321 212370 1932
212146 212144 2164
212146 212145 817
212146 212153 2111
212146 212160 695
212147 212144 883
212147 212160 2152
212147 212307 2055
212147 212311 779
212192 212120 2013
212192 212189 1021
212192 212195 1907
212192 212196 1753
212420 212418 796
212433 212424 1117
212326 212321 607
212326 212329 848
212307 212143 734
212307 212147 2055
212307 212305 2087
212307 212309 883
212308 212305 824
212308 212306 1576
212308 212309 2164
212308 212316 883
212316 212308 883
212316 212315 752
212316 212319 1228
212316 212321 927
212370 212318 59
212370 212321 1932
212144 212140 710
212144 212143 2003
212144 212146 2164
212144 212147 883
212145 212140 2093
212145 212146 817
212153 212146 2111
212189 212170 2024
212189 212190 753
212189 212192 1021
212195 212192 1907
212195 212196 1759
212195 212197 990
212195 212201 973
212196 212192 1753
212196 212195 1759
212196 212232 766
212143 212142 834
212143 212144 2003
212143 212304 2080
212143 212307 734
212305 211985 1441
212305 212304 751
212305 212307 2087
212305 212308 824
212306 211985 774
212306 211986 2654
212306 212308 1576
212306 212314 971
212315 212314 844
212315 212316 752
212315 212317 364
212318 212314 1235
212318 212370 59
212318 212371 572
212140 212138 901
212140 212142 2063
212140 212144 710
212140 212145 2093
212170 212111 765
212170 212169 1358
212170 212189 2024
212190 212176 1955
212190 212189 753
212190 212191 933
212197 212191 1120
212197 212194 836
212197 212195 990
212197 212198 977
212201 212195 973
212201 212229 752
212201 212232 2699
212232 212196 766
212232 212201 2699
212232 212236 674
212142 212136 834
212142 212137 2080
212142 212140 2063
212142 212143 834
212304 211984 1441
212304 212137 834
212304 212143 2080
212304 212305 751
211985 211983 2786
211985 211984 750
211985 212305 1441
211985 212306 774
211986 211983 783
211986 211987 2195
211986 212023 808
211986 212306 2654
212314 212023 2708
212314 212306 971
212314 212315 844
212314 212318 1235
212317 212315 364
212371 212039 2104
212371 212318 572
212138 212136 2094
212138 212140 901
212111 211554 989
212111 211555 1094
212111 212170 765
212169 211554 686
212169 212170 1358
212169 212171 1430
212169 212172 833
212176 212174 816
212176 212179 1734
212176 212190 1955
212176 212193 817
212191 212190 933
212191 212193 1465
212191 212197 1120
212194 212193 883
212194 212197 836
212194 212199 1767
212194 212200 833
212198 212197 977
212198 212200 368
212198 212202 469
212229 212201 752
212229 212230 973
212229 212234 1979
212236 212232 674
212236 212233 835
212236 212237 955
212136 212134 1987
212136 212135 758
212136 212138 2094
212136 212142 834
212137 211970 1384
212137 212134 779
212137 212142 2080
212137 212304 834
211984 211969 2678
211984 211970 710
211984 211985 750
211984 212304 1441
211983 211969 727
211983 211982 2181
211983 211985 2786
211983 211986 783
211987 211982 817
211987 211986 2195
211987 211989 710
211987 212021 678
212023 211986 808
212023 211989 2293
212023 212025 692
212023 212314 2708
212039 212029 473
212039 212371 2104
211554 211548 1029
211554 211553 2013
211554 212111 989
211554 212169 686
211555 211547 947
211555 211548 507
211555 212111 1094
212171 212169 1430
212172 211559 2088
212172 212169 833
212172 212173 1074
212172 212174 805
212174 212172 805
212174 212175 1882
212174 212176 816
212174 212188 1856
212179 212175 816
212179 212176 1734
212179 212181 2331
212179 212183 751
212193 212176 817
212193 212183 1767
212193 212191 1465
212193 212194 883
212199 212183 883
212199 212184 2151
212199 212194 1767
212199 212203 833
212200 212194 833
212200 212198 368
212200 212202 347
212200 212203 1767
212202 212198 469
212202 212200 347
212202 212230 469
212202 212241 300
212230 212202 469
212230 212204 1547
212230 212229 973
212234 212229 1979
212234 212233 647
212234 212240 865
212233 212234 647
212233 212235 817
212233 212236 835
212237 212235 1016
212237 212236 955
212134 211968 1488
212134 212133 820
212134 212136 1987
212134 212137 779
212135 212133 2063
212135 212136 758
211970 211967 2751
211970 211968 841
211970 211984 710
211970 212137 1384
211969 211967 817
211969 211981 2181
211969 211983 727
211969 211984 2678
211982 211972 828
211982 211981 727
211982 211983 2181
211982 211987 817
211989 211987 710
211989 212018 785
211989 212022 758
211989 212023 2293
212021 211987 678
212021 211988 220
212021 212018 684
212025 212022 2181
212025 212023 692
212025 212029 826
212029 212024 2265
212029 212025 826
212029 212039 473
211548 211534 816
211548 211550 2094
211548 211554 1029
211548 211555 507
211553 211552 715
211553 211554 2013
211553 211556 751
211553 211557 1328
211547 211533 401
211547 211534 123
211547 211555 947
211559 211556 867
211559 212172 2088
211559 212175 727
211559 212177 736
212173 212172 1074
212173 212188 1101
212175 211559 727
212175 212174 1882
212175 212178 1328
212175 212179 816
212188 212173 1101
212188 212174 1856
212181 211574 2249
212181 212179 2331
212181 212180 804
212181 212182 710
212183 212179 751
212183 212182 2233
212183 212193 1767
212183 212199 883
212184 212182 840
212184 212186 1833
212184 212187 948
212184 212199 2151
212203 212187 2217
212203 212199 833
212203 212200 1767
212203 212204 679
212241 212202 300
212204 212203 679
212204 212205 2094
212204 212230 1547
212240 212234 865
212240 212235 565
212240 215015 656
212235 212233 817
212235 212237 1016
212235 212240 565
211968 211963 2735
211968 211966 986
211968 211970 841
211968 212134 1488
212133 211966 1295
212133 212132 779
212133 212134 820
212133 212135 2063
211967 211963 833
211967 211969 817
211967 211970 2751
211967 211980 2182
211981 211969 2181
211981 211980 817
211981 211982 727
211972 211971 1301
211972 211982 828
211972 211988 640
212018 211989 785
212018 212016 2180
212018 212019 709
212018 212021 684
212022 211989 758
212022 212024 797
212022 212025 2181
211988 211972 640
211988 211974 385
211988 212021 220
212024 212022 797
212024 212026 805
212024 212029 2265
211534 211533 363
211534 211539 2063
211534 211547 123
211534 211548 816
211550 211548 2094
211550 211549 474
211550 211552 278
211552 211550 278
211552 211551 1260
211552 211553 715
211556 211553 751
211556 211558 1211
211556 211559 867
211557 211546 2331
211557 211551 824
211557 211553 1328
211557 211558 704
211533 211534 363
211533 211547 401
212177 211559 736
212178 211564 834
212178 212175 1328
212178 212180 875
211574 211571 773
211574 211573 1696
211574 212181 2249
211574 212185 846
212180 211566 1497
212180 212178 875
212180 212181 804
212182 212181 710
212182 212183 2233
212182 212184 840
212182 212185 2080
212186 212184 1833
212186 212185 846
212187 212184 948
212187 212203 2217
212187 212205 640
212205 212187 640
212205 212204 2094
215015 212240 656
211963 211967 833
211963 211968 2735
211966 211968 986
211966 212133 1295
212132 212133 779
211980 211967 2182
211980 211981 817
211971 211972 1301
212016 212018 2180
212019 212018 709
212019 212026 834
211974 211988 385
212026 212019 834
212026 212024 805
211539 211534 2063
211539 211549 278
211549 211539 278
211549 211550 474
211551 211552 1260
211551 211557 824
211558 211556 1211
211558 211557 704
211558 211564 815
211546 211557 2331
211564 211558 815
211564 212178 834
211571 211566 1090
211571 211574 773
211573 211574 1696
212185 211574 846
212185 212182 2080
212185 212186 846
211566 211571 1090
211566 212180 1497
143
212352
212356
212338
207890
212347
214512
207889
212360
212339
212367
212332
212166
212167
212363
212369
207786
207785
212168
212231
212785
212368
212423
214316
212160
212162
212120
212418
212424
212329
212146
212147
212192
212420
212433
212326
212307
212144
212145
212153
212189
212195
212196
212143
212305
212140
212170
212190
212197
212201
212232
212142
212304
211985
212138
212111
212169
212176
212191
212194
212198
212229
212236
212136
212137
211984
211983
212039
211554
211555
212171
212172
212174
212179
212193
212199
212200
212202
212230
212234
212233
212237
212134
212135
211970
211969
211982
212029
211548
211553
211547
211559
212173
212175
212188
212181
212183
212184
212203
212241
212204
212240
212235
211968
212133
211967
211981
211972
211988
212024
211534
211550
211552
211556
211557
211533
212177
212178
211574
212180
212182
212186
212187
212205
215015
211963
211966
212132
211980
211971
212016
212019
211974
212026
211539
211549
211551
211558
211546
211564
211571
211573
212185
211566
