512
158652 158653 984
158652 158922 194
158652 174025 316
158653 158652 984
158653 166507 202
158653 174026 1554
158922 158652 194
158922 174036 1194
174025 158652 316
174025 174030 2142
166507 158653 202
166507 172892 1111
166507 183645 629
174026 158653 1554
174026 174027 1559
174036 158922 1194
174036 174030 1484
174036 174035 589
174030 174025 2142
174030 174027 677
174030 174036 1484
172892 166507 1111
172892 172893 2232
172892 172896 889
172892 183705 932
183645 166507 629
183645 174029 2418
183645 183644 1762
174027 174026 1559
174027 174028 474
174027 174030 677
174035 174032 1565
174035 174033 238
174035 174036 589
172893 161803 599
172893 172892 2232
172893 172894 1544
172893 172895 782
172896 172892 889
172896 172895 2296
172896 183707 782
183705 172892 932
183705 183700 984
183705 183704 3002
174029 174028 1394
174029 183645 2418
183644 183642 782
183644 183645 1762
183644 183719 849
174028 174027 474
174028 174029 1394
174028 185235 672
174032 161804 1089
174032 174031 3482
174032 174035 1565
174033 174031 1686
174033 174034 789
174033 174035 238
161803 161804 502
161803 172893 599
161803 174016 581
161803 185870 301
172894 172893 1544
172895 172893 782
172895 172896 2296
172895 174017 796
183707 172896 782
183707 174017 2546
183707 183706 889
183700 183688 3446
183700 183701 517
183700 183705 984
183704 183687 1293
183704 183703 589
183704 183705 3002
183642 183641 2366
183642 183643 1376
183642 183644 782
183719 183635 2103
183719 183644 849
183719 183718 1454
185235 174028 672
185235 183643 1492
185235 185234 581
161804 161803 502
161804 174032 1089
174031 174032 3482
174031 174033 1686
174031 174040 1483
174034 174033 789
174016 161803 581
174016 174015 445
185870 161803 301
185870 185871 1766
174017 172895 796
174017 174018 1299
174017 183707 2546
183706 174018 1932
183706 183703 581
183706 183707 889
183688 183687 807
183688 183689 1116
183688 183700 3446
183701 183699 1633
183701 183700 517
183701 183717 818
183687 183686 403
183687 183688 807
183687 183704 1293
183703 174021 1692
183703 183702 1576
183703 183704 589
183703 183706 581
183641 183622 682
183641 183640 1558
183641 183642 2366
183643 183642 1376
183643 185235 1492
183635 183622 778
183635 183634 672
183635 183719 2103
183718 183634 2164
183718 183717 778
183718 183719 1454
185234 183636 2086
185234 185233 1448
185234 185235 581
174040 172900 452
174040 174031 1483
174040 174041 589
174040 185233 505
174015 174016 445
174015 174020 889
174015 174037 938
185871 185870 1766
174018 174017 1299
174018 174019 537
174018 174021 697
174018 183706 1932
183689 183683 556
183689 183688 1116
183689 183692 2824
183699 183632 952
183699 183693 1293
183699 183701 1633
183717 183633 2243
183717 183701 818
183717 183718 778
183686 183676 452
183686 183687 403
183686 183702 435
174021 174018 697
174021 174019 870
174021 183703 1692
183702 174011 932
183702 183686 435
183702 183703 1576
183622 183621 354
183622 183635 778
183622 183641 682
183640 183621 1902
183640 183639 562
183640 183641 1558
183634 183633 782
183634 183635 672
183634 183718 2164
183636 183637 1267
183636 183638 922
183636 185234 2086
185233 174040 505
185233 185234 1448
172900 172897 893
172900 174040 452
174041 174040 589
174041 174048 6024
174020 174014 562
174020 174015 889
174020 183571 1903
174037 174015 938
174037 185872 1237
174019 173980 558
174019 174010 1124
174019 174018 537
174019 174021 870
183683 183677 713
183683 183684 757
183683 183689 556
183692 183689 2824
183692 183693 849
183692 183696 1828
183632 183630 354
183632 183633 782
183632 183699 952
183693 183692 849
183693 183694 1669
183693 183699 1293
183633 183632 782
183633 183634 782
183633 183717 2243
183676 183675 751
183676 183677 1798
183676 183686 452
174011 174010 1614
174011 174010 1614
174011 183702 932
183621 183622 354
183621 183623 2118
183621 183640 1902
183639 183623 1346
183639 183638 398
183639 183640 562
183637 183636 1267
183637 183638 1188
183638 183636 922
183638 183637 1188
183638 183639 398
172897 172898 562
172897 172899 724
172897 172900 893
172897 174038 682
174048 174041 6024
174048 174042 5229
174048 174047 761
174048 174101 1142
174014 173978 818
174014 174012 709
174014 174020 562
183571 174020 1903
183571 185869 1464
185872 174037 1237
173980 173978 344
173980 173981 2262
173980 174019 558
174010 174011 1614
174010 174011 1614
174010 174019 1124
183677 183673 2963
183677 183676 1798
183677 183683 713
183684 183683 757
183684 183685 1099
183684 183696 1516
183696 183684 1516
183696 183692 1828
183630 183631 425
183630 183632 354
183630 183691 1114
183694 183690 517
183694 183693 1669
183694 183695 421
183675 183659 2407
183675 183676 751
183675 185236 1387
183623 183589 3283
183623 183621 2118
183623 183639 1346
172898 172897 562
172898 174049 818
172899 172897 724
172899 183727 1321
174038 172897 682
174038 174039 1781
174042 174043 2094
174042 174044 3224
174042 174048 5229
174047 174046 2838
174047 174048 761
174047 174065 466
174047 174096 6477
174101 174048 1142
174101 174102 1142
174101 185882 3294
173978 173979 1619
173978 173980 344
173978 174014 818
174012 174013 1394
174012 174014 709
174012 174022 2103
185869 174022 1115
185869 174044 2257
185869 183571 1464
173981 173979 2218
173981 173980 2262
173981 185236 1181
173981 185241 3438
183673 183672 757
183673 183674 2063
183673 183677 2963
183685 183681 870
183685 183684 1099
183685 183690 1558
183631 183629 164
183631 183630 425
183691 183630 1114
183691 183682 757
183691 183690 2237
183690 183685 1558
183690 183691 2237
183690 183694 517
183695 183694 421
183659 183658 517
183659 183675 2407
185236 173981 1181
185236 183675 1387
185236 185237 279
183589 183588 1467
183589 183590 3730
183589 183601 452
183589 183623 3283
174049 172898 818
174049 174050 2916
174049 174064 1014
174049 183726 870
183727 172899 1321
183727 183711 605
174039 174038 1781
174039 174046 1519
174043 174042 2094
174043 174045 2458
174043 185883 1224
174044 174042 3224
174044 174045 1697
174044 185869 2257
174046 174039 1519
174046 174047 2838
174065 174047 466
174065 174050 4381
174065 174066 416
174065 174073 2634
174096 174047 6477
174096 174074 581
174096 174099 610
174096 174103 2812
174102 174100 4165
174102 174101 1142
174102 185879 3522
185882 174101 3294
173979 173978 1619
173979 173981 2218
173979 174013 810
174013 173979 810
174013 174012 1394
174013 174022 1681
174022 174012 2103
174022 174013 1681
174022 185869 1115
185241 173981 3438
185241 185240 2158
185241 185425 2689
183672 183500 757
183672 183668 667
183672 183673 757
183674 183660 4126
183674 183664 421
183674 183673 2063
183681 183668 757
183681 183682 4008
183681 183685 870
183629 183628 2496
183629 183631 164
183629 183697 841
183682 183679 552
183682 183681 4008
183682 183691 757
183658 183657 475
183658 183659 517
183658 185237 2272
185237 183657 2737
185237 183658 2272
185237 185236 279
183588 183589 1467
183588 183597 932
183588 183625 1077
183590 183546 1938
183590 183589 3730
183590 183591 848
183590 183598 581
183601 183589 452
183601 183598 3634
183601 183603 688
183601 183723 3920
174050 174049 2916
174050 174065 4381
174064 174049 1014
174064 174063 2688
183726 174049 870
183726 183709 1412
183711 183710 1199
183711 183727 605
174045 173998 324
174045 174043 2458
174045 174044 1697
185883 174043 1224
174066 174065 416
174066 174067 367
174066 174072 2525
174073 174065 2634
174073 174072 487
174073 174074 3701
174074 174073 3701
174074 174075 2914
174074 174096 581
174074 185944 928
174099 174096 610
174099 174100 403
174099 174105 476
174103 174075 672
174103 174096 2812
174103 174104 484
174103 174106 14055
174100 174099 403
174100 174102 4165
185879 174102 3522
185879 185880 1346
185879 185881 1130
185240 173786 1104
185240 185239 104
185240 185241 2158
185425 185241 2689
185425 185427 6358
183500 183485 3577
183500 183499 1031
183500 183672 757
183668 183667 932
183668 183672 667
183668 183680 3812
183668 183681 757
183660 183655 1364
183660 183674 4126
183664 183499 1055
183664 183665 562
183664 183674 421
183628 183627 1034
183628 183629 2496
183628 183697 2468
183697 183628 2468
183697 183629 841
183697 183698 925
183679 183481 2126
183679 183680 505
183679 183682 552
183657 183658 475
183657 183662 688
183657 185237 2737
183597 183462 2458
183597 183588 932
183597 183596 782
183625 183588 1077
183625 183624 157
183546 183536 1786
183546 183544 556
183546 183590 1938
183591 183544 1602
183591 183587 672
183591 183590 848
183598 183534 3956
183598 183590 581
183598 183599 445
183598 183601 3634
183603 183601 688
183603 183602 2450
183603 183616 2216
183603 183722 4233
183723 183601 3920
174063 174064 2688
183709 183726 1412
183710 183711 1199
173998 174045 324
174067 174066 367
174072 174066 2525
174072 174073 487
174075 174074 2914
174075 174103 672
185944 174074 928
174105 174099 476
174105 174104 2137
174104 174103 484
174104 174105 2137
174106 174103 14055
185880 185879 1346
185881 185879 1130
173786 185240 1104
185239 185240 104
185427 185425 6358
183485 183500 3577
183499 183500 1031
183499 183664 1055
183667 183668 932
183680 183668 3812
183680 183679 505
183655 183660 1364
183665 183664 562
183627 183628 1034
183627 183698 2679
183698 183627 2679
183698 183697 925
183481 183679 2126
183662 183657 688
183462 183597 2458
183596 183597 782
183624 183625 157
183536 183546 1786
183544 183546 556
183544 183591 1602
183587 183591 672
183534 183598 3956
183599 183598 445
183599 183602 1388
183602 183599 1388
183602 183603 2450
183616 183603 2216
183722 183603 4233
35
183723
174063
183709
183710
173998
174067
174072
174075
174105
174104
174106
173786
185239
185427
183485
183499
183667
183680
183655
183665
183627
183698
183481
183662
183462
183596
183624
183536
183544
183587
183534
183599
183602
183616
183722
