524
38340 38510 951
38340 38515 1693
38510 38340 951
38510 38494 2068
38510 38522 1757
38515 38340 1693
38515 38522 222
38494 38493 4093
38494 38510 2068
38522 38510 1757
38522 38515 222
38522 38525 373
38493 38492 747
38493 38494 4093
38493 38506 1029
38525 38511 279
38525 38522 373
38492 38493 747
38492 38497 952
38492 38498 2087
38506 38493 1029
38506 38505 111
38506 38507 1293
38506 38508 202
38511 38512 475
38511 38525 279
38511 38526 951
38497 38492 952
38497 38500 751
38497 38507 890
38498 38492 2087
38498 38499 807
38505 38503 111
38505 38506 111
38507 38497 890
38507 38506 1293
38507 38509 1398
38507 38552 1210
38508 38506 202
38508 38544 1209
38512 38511 475
38512 38513 932
38512 38529 704
38526 38511 951
38526 38527 421
38526 38528 778
38526 38530 337
38500 38497 751
38500 38499 1438
38500 38501 810
38499 38498 807
38499 38500 1438
38499 38572 1073
38503 38504 202
38503 38505 111
38509 38501 1027
38509 38507 1398
38509 38554 788
38552 38507 1210
38552 38545 688
38552 38553 1115
38552 38565 2397
38544 38508 1209
38544 38545 796
38544 38546 677
38513 38512 932
38513 38530 1293
38513 38531 765
38513 38532 1695
38529 38512 704
38527 38526 421
38528 38526 778
38528 38539 2693
38530 38513 1293
38530 38526 337
38530 38537 1178
38501 38500 810
38501 38509 1027
38501 38534 558
38572 38499 1073
38572 38554 1709
38504 38495 2614
38504 38503 202
38554 38509 788
38554 38535 818
38554 38553 1967
38554 38572 1709
38545 38544 796
38545 38552 688
38553 38552 1115
38553 38554 1967
38553 38555 1379
38565 38552 2397
38565 38559 344
38565 38566 1423
38546 38447 2133
38546 38544 677
38546 38547 337
38531 38513 765
38531 38533 1458
38531 38537 1111
38532 38513 1695
38532 38533 751
38539 38528 2693
38539 38540 2460
38539 38578 1022
38537 38530 1178
38537 38531 1111
38537 38538 841
38534 38501 558
38495 38496 2057
38495 38504 2614
38535 38533 1815
38535 38554 818
38535 38573 713
38555 38553 1379
38555 38558 848
38555 38567 2213
38559 38551 1234
38559 38565 344
38566 38565 1423
38566 40322 2408
38447 38446 421
38447 38448 1592
38447 38546 2133
38447 38550 337
38547 38546 337
38547 38548 1014
38547 38551 1531
38533 38531 1458
38533 38532 751
38533 38535 1815
38533 38536 984
38540 38539 2460
38578 38538 849
38578 38539 1022
38578 38579 2339
38538 38536 2216
38538 38537 841
38538 38578 849
38496 38495 2057
38573 38535 713
38573 38558 2272
38573 38574 650
38558 38555 848
38558 38573 2272
38558 38575 709
38567 38555 2213
38567 38570 1768
38567 38571 1227
38551 38547 1531
38551 38550 1592
38551 38559 1234
40322 38566 2408
40322 38571 2170
40322 40319 818
40322 40323 1008
38446 38444 2262
38446 38447 421
38446 38549 218
38448 38447 1592
38448 38463 1293
38550 38447 337
38550 38551 1592
38550 38560 725
38548 38547 1014
38536 38533 984
38536 38538 2216
38579 38576 610
38579 38578 2339
38579 38580 1099
38574 38573 650
38574 38576 2340
38574 38577 630
38575 38558 709
38575 38582 818
38575 38583 630
38570 38567 1768
38570 38576 3813
38570 38584 870
38571 38567 1227
38571 40322 2170
38571 40325 751
38571 40342 951
40319 40317 1323
40319 40321 1456
40319 40322 818
40323 40322 1008
40323 40324 1281
40323 40325 2045
40323 40330 1812
38444 38442 1055
38444 38446 2262
38549 38446 218
38549 50395 1877
38463 38448 1293
38463 38461 562
38463 38467 556
38560 38472 888
38560 38550 725
38576 38570 3813
38576 38574 2340
38576 38579 610
38580 38579 1099
38580 38588 2678
38580 38591 403
38577 38574 630
38582 38575 818
38583 38575 630
38584 38570 870
40325 38571 751
40325 40323 2045
40325 40335 1029
40342 38571 951
40342 38586 511
40342 40343 1545
40317 40318 321
40317 40319 1323
40317 40320 1259
40321 40319 1456
40324 40323 1281
40324 40333 1533
40324 40335 2370
40324 40336 1009
40330 40320 566
40330 40323 1812
38442 38437 337
38442 38444 1055
38442 38452 2165
38442 38461 354
50395 38549 1877
38461 38442 354
38461 38462 841
38461 38463 562
38467 38463 556
38467 38465 932
38467 38468 796
38472 38470 1344
38472 38475 849
38472 38560 888
38472 38561 1124
38588 38580 2678
38588 38585 713
38588 38590 1029
38591 38580 403
38591 38592 605
38591 38594 168
40335 40324 2370
40335 40325 1029
40335 40343 927
40335 40346 1066
38586 38585 713
38586 38587 1421
38586 40342 511
40343 38587 612
40343 40335 927
40343 40342 1545
40343 40347 373
40318 40316 352
40318 40317 321
40320 40317 1259
40320 40326 511
40320 40330 566
40333 40324 1533
40333 40334 810
40333 40337 279
40336 40324 1009
40336 40339 1779
40336 40346 2648
40336 40359 873
38437 38436 2909
38437 38440 505
38437 38442 337
38437 38443 1375
38452 38438 675
38452 38442 2165
38462 38456 1334
38462 38461 841
38462 38465 1014
38462 38466 925
38465 38462 1014
38465 38467 932
38465 38470 782
38465 40246 976
38468 38467 796
38468 38469 782
38468 38470 849
38470 38465 782
38470 38468 849
38470 38471 925
38470 38472 1344
38475 38471 1225
38475 38472 849
38475 38562 757
38561 38472 1124
38561 38563 1000
38561 40315 3205
38585 38586 713
38585 38588 713
38585 38589 1224
38590 38588 1029
38590 38589 697
38590 40353 222
38592 38591 605
38592 38593 932
38592 40353 1623
38594 38591 168
40346 40335 1066
40346 40336 2648
40346 40349 1115
38587 38586 1421
38587 38589 697
38587 40343 612
40347 40343 373
40347 40344 1254
40347 40348 836
40316 40315 556
40316 40318 352
40326 40313 986
40326 40320 511
40326 40327 1427
40334 40333 810
40337 40331 650
40337 40333 279
40337 40339 1345
40339 40336 1779
40339 40337 1345
40339 40341 1074
40339 40377 788
40359 40336 873
40359 40361 336
38436 38431 673
38436 38435 667
38436 38437 2909
38436 38438 599
38440 38393 1558
38440 38404 1099
38440 38437 505
38440 38441 1344
38443 38437 1375
38443 38441 337
38443 38445 1221
38438 38436 599
38438 38450 1029
38438 38452 675
38456 38453 1004
38456 38462 1334
38456 38464 1370
38466 38462 925
38466 38473 952
40246 38465 976
40246 40243 805
38469 38468 782
38471 38470 925
38471 38474 333
38471 38475 1225
38562 38475 757
38562 40243 2224
38562 40247 1518
38563 38561 1000
38563 38564 905
38563 40312 2339
40315 38561 3205
40315 40247 1140
40315 40316 556
38589 38585 1224
38589 38587 697
38589 38590 697
38589 40344 418
40353 38590 222
40353 38592 1623
40353 40354 337
38593 38592 932
38593 40354 1483
38593 40355 403
40349 40346 1115
40349 40350 505
40349 40356 1812
40349 40357 810
40349 40360 2196
40344 38589 418
40344 40345 279
40344 40347 1254
40348 40347 836
40348 40350 589
40348 40351 1345
40313 40314 99
40313 40326 986
40327 40326 1427
40327 40328 984
40327 40331 511
40327 40340 870
40331 40327 511
40331 40332 629
40331 40337 650
40331 40338 1141
40341 40339 1074
40341 40361 1812
40341 40378 1446
40377 40338 202
40377 40339 788
40377 40376 751
40361 40341 1812
40361 40359 336
40361 40360 697
40361 40362 873
38431 38393 1336
38431 38430 709
38431 38433 1447
38431 38436 673
38435 38436 667
38393 38390 3288
38393 38431 1336
38393 38440 1558
38404 38440 1099
38441 38440 1344
38441 38443 337
38441 38445 1124
38445 38441 1124
38445 38443 1221
38450 38438 1029
38450 38451 418
38453 38454 344
38453 38456 1004
38453 50506 393
38464 38456 1370
38473 38459 1344
38473 38466 952
38473 40243 1004
38473 40244 1267
40243 38473 1004
40243 38562 2224
40243 40246 805
38474 38471 333
40247 38562 1518
40247 40244 3250
40247 40248 1016
40247 40315 1140
38564 38563 905
40312 38563 2339
40354 38593 1483
40354 40345 279
40354 40353 337
40355 38593 403
40355 40351 1258
40355 40352 1342
40350 40348 589
40350 40349 505
40350 40352 1640
40356 40349 1812
40356 40352 552
40357 40349 810
40357 40358 336
40357 40363 336
40360 40349 2196
40360 40361 697
40345 40344 279
40345 40351 537
40345 40354 279
40351 40345 537
40351 40348 1345
40351 40352 605
40351 40355 1258
40314 40313 99
40328 40327 984
40328 40329 738
40328 40370 1421
40340 40327 870
40340 40376 673
40332 40331 629
40338 40331 1141
40338 40377 202
40378 40341 1446
40378 40376 1146
40378 40382 673
40376 40340 673
40376 40377 751
40376 40378 1146
40376 40379 810
40362 40358 2614
40362 40361 873
40362 40382 3246
38430 38391 1364
38430 38429 1780
38430 38431 709
38433 38431 1447
38390 38389 1445
38390 38393 3288
38451 38428 751
38451 38450 418
38454 38453 344
38454 38455 1740
50506 38453 393
38459 38455 667
38459 38473 1344
40244 38473 1267
40244 40245 818
40244 40247 3250
40248 40242 3461
40248 40247 1016
40248 40263 1016
40352 40350 1640
40352 40351 605
40352 40355 1342
40352 40356 552
40358 40357 336
40358 40362 2614
40363 40357 336
40329 40328 738
40370 40328 1421
40382 40362 3246
40382 40378 673
40379 40376 810
38391 38389 1387
38391 38430 1364
38429 38430 1780
38389 38390 1445
38389 38391 1387
38428 38451 751
38455 38454 1740
38455 38459 667
40245 40244 818
40242 40248 3461
40263 40248 1016
200
38340
38510
38515
38494
38522
38493
38525
38492
38506
38511
38497
38498
38505
38507
38508
38512
38526
38500
38499
38503
38509
38552
38544
38513
38529
38527
38528
38530
38501
38572
38504
38554
38545
38553
38565
38546
38531
38532
38539
38537
38534
38495
38535
38555
38559
38566
38447
38547
38533
38540
38578
38538
38496
38573
38558
38567
38551
40322
38446
38448
38550
38548
38536
38579
38574
38575
38570
38571
40319
40323
38444
38549
38463
38560
38576
38580
38577
38582
38583
38584
40325
40342
40317
40321
40324
40330
38442
50395
38461
38467
38472
38588
38591
40335
38586
40343
40318
40320
40333
40336
38437
38452
38462
38465
38468
38470
38475
38561
38585
38590
38592
38594
40346
38587
40347
40316
40326
40334
40337
40339
40359
38436
38440
38443
38438
38456
38466
40246
38469
38471
38562
38563
40315
38589
40353
38593
40349
40344
40348
40313
40327
40331
40341
40377
40361
38431
38435
38393
38404
38441
38445
38450
38453
38464
38473
40243
38474
40247
38564
40312
40354
40355
40350
40356
40357
40360
40345
40351
40314
40328
40340
40332
40338
40378
40376
40362
38430
38433
38390
38451
38454
50506
38459
40244
40248
40352
40358
40363
40329
40370
40382
40379
38391
38429
38389
38428
38455
40245
40242
40263
