58
4022 4035 515
4022 4036 1014
4035 4022 515
4036 4022 1014
4036 4037 2224
4036 4041 754
4037 4036 2224
4037 4039 706
4037 4040 3224
4037 4042 845
4041 4036 754
4041 4042 2118
4041 4043 754
4039 4037 706
4040 4037 3224
4040 4066 335
4042 4037 845
4042 4041 2118
4042 4044 845
4042 4048 3335
4043 4041 754
4043 4044 2016
4043 4045 1095
4066 4040 335
4066 4048 335
4066 4067 4567
4044 4042 845
4044 4043 2016
4044 4046 787
4044 4049 1897
4048 4042 3335
4048 4066 335
4048 4073 923
4045 4043 1095
4045 4046 1891
4045 4047 893
4067 4066 4567
4046 4044 787
4046 4045 1891
4049 4044 1897
4049 4072 713
4049 4074 1262
4073 4048 923
4073 4072 893
4073 4083 2182
4047 4045 893
4072 4049 713
4072 4073 893
4072 4075 1593
4074 4049 1262
4083 4059 692
4083 4073 2182
4075 4072 1593
4059 4058 5232
4059 4083 692
4058 4059 5232
4058 4060 419
4060 4058 419
25
4022
4035
4036
4037
4041
4039
4040
4042
4043
4066
4044
4048
4045
4067
4046
4049
4073
4047
4072
4074
4083
4075
4059
4058
4060
