24
146125 146134 933
146134 146125 933
146165 146166 766
145202 145199 751
145199 145202 751
146166 146165 766
146168 146185 315
146185 146168 315
146185 151732 785
151732 146185 785
146190 146191 1447
146190 146193 725
146193 146190 725
146191 146190 1447
143012 142997 410
142997 143012 410
143003 143020 2287
143020 143003 2287
143118 143117 786
143118 143314 2359
143314 143118 2359
143117 143118 786
143329 143344 497
143344 143329 497
34
143847
143901
144013
146117
146120
146125
146130
146129
146134
146165
146133
145199
146166
146168
146185
146190
146174
146189
146191
145034
146355
142918
142991
142997
143003
143020
143029
143042
143118
143117
143317
143329
143344
143345
