676
142914 142915 684
142915 142914 684
142915 142916 738
142915 142917 2365
142915 151219 2439
142916 142915 738
142916 142919 2426
142916 151217 2379
142916 151222 837
142917 142915 2365
142917 142919 756
142917 142922 2344
142917 142923 549
151219 142915 2439
151219 151217 665
142919 142916 2426
142919 142917 756
142919 142920 819
142919 142921 2259
151217 142916 2379
151217 151211 2421
151217 151218 808
151217 151219 665
151222 142916 837
151222 142920 2390
151222 151218 2400
151222 151243 728
142922 142917 2344
142922 142921 827
142922 142990 538
142922 142995 698
142923 142917 549
142920 142919 819
142920 142926 751
142920 142928 2253
142920 151222 2390
142921 142919 2259
142921 142922 827
142921 142928 753
142921 142994 1636
151211 151210 781
151211 151217 2421
151218 151210 2418
151218 151217 808
151218 151222 2400
151243 142926 2362
151243 151222 728
151243 151244 794
142990 142922 538
142990 142991 299
142990 142995 923
142995 142922 698
142995 142990 923
142995 142994 1186
142995 142997 1578
142926 142920 751
142926 142924 808
142926 142927 2264
142926 151243 2362
142928 142920 2253
142928 142921 753
142928 142927 766
142928 142996 2242
142994 142921 1636
142994 142995 1186
142994 142996 915
142994 142998 730
151210 151055 2399
151210 151209 805
151210 151211 781
151210 151218 2418
151244 142924 2373
151244 151221 841
151244 151243 794
142991 142990 299
142991 142992 677
142997 142995 1578
142997 142998 757
142997 143012 410
142997 143016 2784
142924 142925 2260
142924 142926 808
142924 151244 2373
142924 151245 807
142927 142925 742
142927 142926 2264
142927 142928 766
142927 142931 2396
142996 142928 2242
142996 142994 915
142996 142999 220
142996 143000 195
142998 142994 730
142998 142997 757
142998 143000 791
142998 143003 2578
151055 151053 856
151055 151210 2399
151209 151053 2406
151209 151208 767
151209 151210 805
151221 151215 2348
151221 151220 796
151221 151244 841
151221 151245 2440
142992 142991 677
142992 142993 2344
143012 142997 410
143012 143013 398
143016 142997 2784
143016 143003 756
143016 143014 892
143016 143021 2118
142925 142924 2260
142925 142927 742
142925 142929 871
142925 142930 2376
151245 142924 807
151245 142929 2240
151245 151221 2440
151245 151234 739
142931 142927 2396
142931 142930 805
142931 142999 611
142931 143001 506
142999 142931 611
142999 142996 220
142999 143000 173
142999 143001 806
143000 142996 195
143000 142998 791
143000 142999 173
143000 143002 2348
143003 142998 2578
143003 143002 779
143003 143016 756
143003 143020 2287
151053 151051 1723
151053 151054 737
151053 151055 856
151053 151209 2406
151208 151054 2479
151208 151207 823
151208 151209 767
151215 151207 2399
151215 151216 885
151215 151221 2348
151220 151216 2370
151220 151221 796
151220 151232 742
151220 151234 2395
142993 142992 2344
142993 143013 737
142993 143024 3023
143013 142993 737
143013 143012 398
143013 143014 2884
143014 143013 2884
143014 143016 892
143014 143023 1974
143014 143024 730
143021 143016 2118
143021 143020 740
143021 143023 866
143021 143029 2356
142929 142925 871
142929 142935 786
142929 142937 2363
142929 151245 2240
142930 142925 2376
142930 142931 805
142930 142937 856
142930 143005 1092
151234 142935 2298
151234 151220 2395
151234 151236 834
151234 151245 739
143001 142931 506
143001 142999 806
143001 143005 970
143001 143017 1765
143002 143000 2348
143002 143003 779
143002 143017 892
143002 143018 2455
143020 143003 2287
143020 143018 768
143020 143021 740
143020 143031 2361
151051 151052 790
151051 151053 1723
151054 151050 746
151054 151052 1805
151054 151053 737
151054 151208 2479
151207 151050 2404
151207 151060 818
151207 151208 823
151207 151215 2399
151216 151060 2404
151216 151214 762
151216 151215 885
151216 151220 2370
151232 151214 2450
151232 151220 742
151232 151225 830
151232 151236 2398
143024 142993 3023
143024 143014 730
143024 143025 1785
143024 143026 892
143023 143014 1974
143023 143021 866
143023 143025 768
143023 143032 2384
143029 143021 2356
143029 143031 805
143029 143032 889
143029 143041 2435
142935 142929 786
142935 142932 803
142935 142936 2299
142935 151234 2298
142937 142929 2363
142937 142930 856
142937 142936 791
142937 143004 1734
143005 142930 1092
143005 143001 970
143005 143004 1025
143005 143007 1052
151236 142932 2250
151236 151232 2398
151236 151234 834
151236 151235 791
143017 143001 1765
143017 143002 892
143017 143007 776
143017 143019 2575
143018 143002 2455
143018 143019 856
143018 143020 768
143018 143030 2418
143031 143020 2361
143031 143029 805
143031 143030 725
143031 143109 2418
151052 148987 80
151052 151049 742
151052 151051 790
151052 151054 1805
151050 151048 856
151050 151049 1896
151050 151054 746
151050 151207 2404
151060 151048 2421
151060 151059 752
151060 151207 818
151060 151216 2404
151214 151059 2364
151214 151213 816
151214 151216 762
151214 151232 2450
151225 151213 2461
151225 151224 823
151225 151232 830
151225 151235 2389
143025 143023 768
143025 143024 1785
143025 143028 762
143025 143033 2413
143026 143024 892
143026 143027 971
143026 143034 2840
143032 143023 2384
143032 143029 889
143032 143033 673
143032 143042 2449
143041 143029 2435
143041 143042 757
143041 143109 751
143041 143118 2349
142932 142933 735
142932 142934 2393
142932 142935 803
142932 151236 2250
142936 142934 775
142936 142935 2299
142936 142937 791
142936 142941 1859
143004 142937 1734
143004 143005 1025
143004 143008 330
143004 143009 329
143007 143005 1052
143007 143009 788
143007 143011 2612
143007 143017 776
151235 142933 2322
151235 151225 2389
151235 151233 802
151235 151236 791
143019 143011 788
143019 143017 2575
143019 143018 856
143019 143022 2410
143030 143018 2418
143030 143022 817
143030 143031 725
143030 143108 2364
143109 143031 2418
143109 143041 751
143109 143108 834
143109 143117 2424
148987 144195 749
148987 148986 355
148987 151052 80
151049 144195 123
151049 151047 812
151049 151050 1896
151049 151052 742
151048 151037 777
151048 151047 1840
151048 151050 856
151048 151060 2421
151059 151037 2424
151059 151058 797
151059 151060 752
151059 151214 2364
151213 151058 2310
151213 151075 761
151213 151214 816
151213 151225 2461
151224 151075 2441
151224 151225 823
151224 151226 805
151224 151233 2418
143028 143025 762
143028 143027 725
143028 143036 1014
143028 143037 2122
143033 143025 2413
143033 143032 673
143033 143043 805
143033 143046 2130
143027 143026 971
143027 143028 725
143027 143035 2442
143034 143026 2840
143034 143035 802
143034 143174 2130
143042 143032 2449
143042 143041 757
143042 143217 545
143118 143041 2349
143118 143117 786
143118 143314 2359
142933 142932 735
142933 142938 2327
142933 151235 2322
142933 151246 808
142934 142932 2393
142934 142936 775
142934 142938 739
142934 142942 1668
142941 142936 1859
142941 142942 751
142941 143006 585
142941 143008 596
143008 142941 596
143008 143004 330
143008 143006 750
143008 143009 294
143009 143004 329
143009 143007 788
143009 143008 294
143009 143010 2839
143011 143007 2612
143011 143010 869
143011 143019 788
143011 143070 2495
151233 151224 2418
151233 151235 802
151233 151237 814
151233 151246 2282
143022 143019 2410
143022 143030 817
143022 143070 831
143022 143107 2361
143108 143030 2364
143108 143107 842
143108 143109 834
143108 143119 2424
143117 143109 2424
143117 143118 786
143117 143119 834
144195 144194 221
144195 144197 815
144195 148987 749
144195 151049 123
148986 144194 746
148986 146979 802
148986 148987 355
148986 150570 2404
151047 144197 200
151047 151035 833
151047 151048 1840
151047 151049 812
151037 151035 1793
151037 151046 822
151037 151048 777
151037 151059 2424
151058 151046 2428
151058 151057 791
151058 151059 797
151058 151213 2310
151075 151057 2378
151075 151076 750
151075 151213 761
151075 151224 2441
151226 151076 2371
151226 151223 771
151226 151224 805
151226 151237 2378
143036 143028 1014
143036 143040 888
143037 143028 2122
143037 143035 778
143043 143033 805
143043 143040 452
143043 143044 410
143046 143033 2130
143046 143214 684
143046 143216 300
143046 143217 364
143035 143027 2442
143035 143034 802
143035 143037 778
143035 143175 2122
143174 143034 2130
143174 143175 859
143174 143176 727
143217 143042 545
143217 143046 364
143217 143216 208
143314 143118 2359
142938 142933 2327
142938 142934 739
142938 142939 765
142938 142940 1560
151246 142933 808
151246 142939 2293
151246 151233 2282
151246 151241 830
142942 142934 1668
142942 142940 789
142942 142941 751
142942 143048 790
143006 142941 585
143006 143008 750
143006 143015 164
143006 143052 2418
143010 143009 2839
143010 143011 869
143010 143052 775
143010 143071 2338
143070 143011 2495
143070 143022 831
143070 143071 868
143070 143106 2353
151237 151226 2378
151237 151233 814
151237 151238 772
151237 151241 2318
143107 143022 2361
143107 143106 791
143107 143108 842
143107 143116 2478
143119 143108 2424
143119 143116 822
143119 143117 834
143119 143317 2294
144194 144195 221
144194 144196 805
144194 148986 746
144194 150560 2480
144197 144195 815
144197 144196 194
144197 144199 840
144197 151047 200
146979 148986 802
150570 148986 2404
150570 150557 2392
150570 150560 822
151035 144199 222
151035 151036 816
151035 151037 1793
151035 151047 833
151046 151036 1845
151046 151037 822
151046 151045 742
151046 151058 2428
151057 151045 2395
151057 151056 910
151057 151058 791
151057 151075 2378
151076 151056 2440
151076 151074 908
151076 151075 750
151076 151226 2371
151223 151074 2425
151223 151226 771
151223 151227 823
151223 151238 2378
143040 143036 888
143040 143039 1318
143040 143043 452
143044 143043 410
143044 143045 852
143044 143208 1005
143214 143046 684
143214 143210 32
143214 143211 395
143216 143046 300
143216 143217 208
143175 143035 2122
143175 143174 859
143175 143177 696
143176 143174 727
143176 143177 846
143176 143179 294
142939 142938 765
142939 142946 877
142939 142948 1466
142939 151246 2293
142940 142938 1560
142940 142942 789
142940 142948 801
142940 143047 867
151241 142946 2353
151241 151237 2318
151241 151239 783
151241 151246 830
143048 142942 790
143048 143015 635
143048 143047 788
143048 143049 509
143015 143006 164
143015 143048 635
143015 143049 788
143052 143006 2418
143052 143010 775
143052 143053 827
143052 143067 2432
143071 143010 2338
143071 143067 745
143071 143070 868
143071 143104 2362
143106 143070 2353
143106 143104 790
143106 143107 791
143106 143115 2524
151238 151223 2378
151238 151230 762
151238 151237 772
151238 151239 2304
143116 143107 2478
143116 143115 732
143116 143119 822
143116 143316 2247
143317 143119 2294
143317 143316 766
144196 144194 805
144196 144197 194
144196 144198 845
144196 151034 2505
150560 144194 2480
150560 150558 2403
150560 150570 822
150560 151034 802
144199 144197 840
144199 144198 188
144199 145153 798
144199 151035 222
150557 150556 1256
150557 150558 808
150557 150566 768
150557 150570 2392
151036 145153 204
151036 151035 816
151036 151044 737
151036 151046 1845
151045 151040 768
151045 151044 1922
151045 151046 742
151045 151057 2395
151056 151040 2395
151056 151057 910
151056 151064 731
151056 151076 2440
151074 151064 2389
151074 151072 739
151074 151076 908
151074 151223 2425
151227 151072 2467
151227 151080 790
151227 151223 823
151227 151230 2282
143039 143040 1318
143039 143208 828
143045 143044 852
143045 143210 452
143045 143211 492
143208 143039 828
143208 143044 1005
143208 143209 1286
143210 143045 452
143210 143214 32
143211 143045 492
143211 143209 522
143211 143214 395
143177 143175 696
143177 143176 846
143177 143181 630
143179 143176 294
143179 143194 626
142946 142939 877
142946 142943 790
142946 151241 2353
142948 142939 1466
142948 142940 801
143047 142940 867
143047 143048 788
151239 142943 2287
151239 151238 2304
151239 151241 783
143049 143015 788
143049 143048 509
143049 143053 1891
143053 143049 1891
143053 143052 827
143067 143052 2432
143067 143071 745
143104 143071 2362
143104 143106 790
143115 143106 2524
143115 143116 732
151230 151227 2282
151230 151238 762
143316 143116 2247
143316 143317 766
144198 144196 845
144198 144199 188
151034 144196 2505
151034 150560 802
150558 150557 808
150558 150560 2403
145153 144199 798
145153 151036 204
150556 150557 1256
150566 150557 768
151044 151036 737
151044 151045 1922
151040 151045 768
151040 151056 2395
151064 151056 731
151064 151074 2389
151072 151074 739
151072 151227 2467
151080 151227 790
143209 143208 1286
143209 143211 522
143181 143177 630
143194 143179 626
142943 142946 790
142943 151239 2287
104
151219
151217
151211
151218
151210
151055
151209
142992
151053
151208
142993
143013
143014
151051
151054
151207
143024
143023
151052
151050
151060
143025
143026
143032
148987
151049
151048
151059
143028
143033
143027
143034
143042
143118
143117
144195
148986
151047
151037
151058
143036
143037
143043
143046
143035
143174
143217
143314
143119
144194
144197
146979
150570
151035
151046
151057
143040
143044
143214
143216
143175
143176
143116
143317
144196
150560
144199
150557
151036
151045
151056
143039
143045
143208
143210
143211
143177
143179
142946
142948
143047
151239
143049
143053
143067
143104
143115
151230
143316
144198
151034
150558
145153
150556
150566
151044
151040
151064
151072
151080
143209
143181
143194
142943
