42
230380 230381 1907
230380 230383 1399
230380 235559 1470
230381 230380 1907
230381 230383 2361
230383 230380 1399
230383 230381 2361
230383 230382 617
235559 230380 1470
230382 230383 617
230382 230391 1524
230391 230382 1524
230391 230393 1124
230393 230391 1124
230393 230392 1454
230393 230398 813
230392 230387 762
230392 230393 1454
230392 230394 762
230398 230393 813
230398 230395 365
230387 230388 474
230387 230392 762
230394 230392 762
230394 230395 1466
230394 230717 1011
230395 230394 1466
230395 230398 365
230395 230718 1095
230388 230385 419
230388 230387 474
230717 230394 1011
230717 230713 433
230717 230718 1483
230718 230395 1095
230718 230717 1483
230385 230388 419
230385 230711 3048
230713 230711 889
230713 230717 433
230711 230385 3048
230711 230713 889
18
230380
230381
230383
235559
230382
230391
230393
230392
230398
230387
230394
230395
230388
230717
230718
230385
230713
230711
