62
58149 58150 184
58149 59904 345
58149 65166 265
58150 58149 184
58150 59409 261
58150 78641 297
59904 58149 345
65166 58149 265
65166 65165 262
65166 78643 345
59409 58150 261
59409 59410 158
59409 59648 291
78641 58150 297
65165 59501 456
65165 59899 85
65165 65166 262
78643 65166 345
59410 59409 158
59648 59409 291
59501 59502 307
59501 59669 320
59501 65165 456
59899 59900 129
59899 65165 85
59899 78644 271
59502 59501 307
59669 59501 320
59900 59864 194
59900 59899 129
59900 78640 372
78644 59899 271
59864 59702 507
59864 59865 296
59864 59900 194
59864 68551 356
78640 59900 372
59702 59703 367
59702 59864 507
59702 65014 253
59702 68559 336
59865 59864 296
68551 59864 356
59703 59702 367
65014 59644 350
65014 59702 253
65014 78642 410
68559 59702 336
59644 59645 471
59644 65014 350
59644 68560 366
78642 65014 410
59645 59644 471
59645 78636 448
59645 78639 312
68560 59644 366
78636 59645 448
78636 78637 124
78636 78638 323
78639 59645 312
78637 78636 124
78638 78636 323
3
59501
59502
59669
