498
235631 235632 516
235631 235633 444
235631 245070 75
235631 261879 116
235632 235631 516
235632 261356 2513
235633 235631 444
235633 243434 49
235633 245087 228
235633 245338 182
245070 235631 75
245070 245074 315
261879 235631 116
261879 245331 446
261356 235632 2513
261356 256548 203
243434 235633 49
245087 235633 228
245087 245325 101
245087 245338 350
245338 235633 182
245338 245074 737
245338 245076 206
245338 245087 350
245074 245070 315
245074 245073 251
245074 245338 737
245331 245067 1063
245331 245073 206
245331 261879 446
256548 256547 2584
256548 261356 203
245325 245087 101
245325 245326 310
245076 245072 955
245076 245075 122
245076 245338 206
245073 245072 328
245073 245074 251
245073 245331 206
245067 245066 884
245067 245069 1355
245067 245331 1063
256547 244913 437
256547 256548 2584
256547 261650 1448
245326 245062 418
245326 245325 310
245072 245071 960
245072 245073 328
245072 245076 955
245075 245076 122
245075 245332 879
245066 245058 1377
245066 245065 491
245066 245067 884
245069 245058 698
245069 245067 1355
245069 245068 1434
244913 244909 425
244913 256547 437
261650 256547 1448
245062 245059 2098
245062 245323 521
245062 245326 418
245062 245328 491
245062 245329 980
245071 245072 960
245071 245332 1139
245071 245334 794
245332 245071 1139
245332 245075 879
245332 245333 787
245058 245054 1813
245058 245066 1377
245058 245069 698
245065 245066 491
245068 245069 1434
245068 245078 1338
245068 245079 2340
244909 244906 1542
244909 244910 1798
244909 244912 787
244909 244913 425
244909 244944 1830
244909 244946 2139
245059 244950 1542
245059 245062 2098
245323 245062 521
245323 245321 112
245328 245062 491
245328 245321 64
245329 245062 980
245329 245330 2429
245334 245071 794
245334 245333 1410
245334 245335 668
245333 245332 787
245333 245334 1410
245333 245337 317
245333 245351 602
245054 245051 1526
245054 245056 180
245054 245058 1813
245078 245068 1338
245078 245077 1231
245078 245079 1625
245079 245037 1297
245079 245068 2340
245079 245078 1625
245079 245081 728
245079 245083 1569
244906 244900 835
244906 244901 201
244906 244909 1542
244910 244900 599
244910 244909 1798
244910 244911 69
244912 244909 787
244912 244995 987
244944 244909 1830
244944 244945 105
244946 244909 2139
244946 244941 344
244946 244947 142
244950 244949 2512
244950 245059 1542
245321 245322 292
245321 245323 112
245321 245324 2765
245321 245328 64
245330 245329 2429
245330 245343 398
245330 245345 1321
245330 245346 1188
245335 245334 668
245335 245336 2177
245335 245339 1284
245337 245333 317
245351 245333 602
245351 245346 1139
245051 245002 1023
245051 245004 591
245051 245054 1526
245051 245055 724
245056 245011 641
245056 245054 180
245056 245057 1229
245077 245013 1248
245077 245030 1909
245077 245078 1231
245037 245038 600
245037 245079 1297
245037 245084 1693
245081 245079 728
245081 245080 1669
245081 245082 1510
245083 245079 1569
245083 245082 501
245083 245085 3147
244900 244898 1031
244900 244899 1442
244900 244906 835
244900 244908 251
244900 244910 599
244901 244889 611
244901 244899 1083
244901 244906 201
244911 244902 174
244911 244910 69
244995 244912 987
244995 244994 407
244945 244903 76
244945 244944 105
244941 244937 1955
244941 244946 344
244947 244946 142
244947 263762 88
244949 244950 2512
244949 263764 57
245322 245064 1161
245322 245321 292
245324 245321 2765
245324 245343 672
245343 245324 672
245343 245330 398
245343 245344 1275
245345 245330 1321
245345 245344 343
245345 245349 1070
245345 245350 1024
245346 245330 1188
245346 245351 1139
245336 245335 2177
245336 245352 1370
245339 245335 1284
245002 245000 1905
245002 245051 1023
245004 245003 1429
245004 245010 213
245004 245051 591
245055 245051 724
245011 245009 600
245011 245010 1181
245011 245056 641
245057 245056 1229
245013 245009 1103
245013 245012 1248
245013 245077 1248
245030 245028 681
245030 245029 145
245030 245077 1909
245038 245037 600
245038 263897 524
245038 263897 524
245084 245037 1693
245084 245088 386
245084 245367 2280
245080 245032 598
245080 245048 968
245080 245081 1669
245080 245082 1246
245082 245048 1283
245082 245080 1246
245082 245081 1510
245082 245083 501
245085 245045 291
245085 245049 627
245085 245083 3147
245085 245086 2628
244898 244897 905
244898 244900 1031
244898 244907 515
244899 244887 201
244899 244888 762
244899 244900 1442
244899 244901 1083
244908 244900 251
244889 244885 671
244889 244888 1556
244889 244901 611
244889 244905 834
244902 244903 380
244902 244911 174
244994 244986 835
244994 244995 407
244903 244902 380
244903 244940 1063
244903 244945 76
244937 244867 1559
244937 244938 5738
244937 244940 893
244937 244941 1955
263762 244947 88
263762 263764 560
263764 244949 57
263764 263762 560
245064 245060 1359
245064 245287 610
245064 245322 1161
245344 245343 1275
245344 245345 343
245344 245347 797
245349 245345 1070
245349 245353 811
245349 245354 990
245350 245345 1024
245350 245354 1123
245350 245377 1399
245352 245336 1370
245352 245355 235
245352 245357 1329
245000 244999 926
245000 245001 473
245000 245002 1905
245000 261846 371
245003 245001 1220
245003 245004 1429
245010 245004 213
245010 245008 715
245010 245011 1181
245009 245008 1176
245009 245011 600
245009 245013 1103
245012 245006 2210
245012 245013 1248
245012 245028 1091
245028 245012 1091
245028 245024 1564
245028 245030 681
245029 245027 868
245029 245030 145
245029 245032 317
263897 245038 524
263897 245038 524
263897 263906 296
245088 245084 386
245088 245086 3331
245088 245089 651
245367 245084 2280
245367 245366 2735
245032 245029 317
245032 245031 1407
245032 245080 598
245032 263970 563
245048 245031 545
245048 245080 968
245048 245082 1283
245045 245039 1494
245045 245046 1000
245045 245049 675
245045 245085 291
245049 245045 675
245049 245085 627
245049 245224 1061
245086 245085 2628
245086 245088 3331
244897 244894 452
244897 244895 762
244897 244898 905
244907 244898 515
244887 244883 871
244887 244894 2278
244887 244899 201
244888 244886 433
244888 244889 1556
244888 244899 762
244885 244884 1952
244885 244889 671
244885 244890 696
244885 244904 1967
244905 244889 834
244986 244984 1065
244986 244987 402
244986 244988 610
244986 244994 835
244940 244903 1063
244940 244937 893
244867 244866 2088
244867 244936 893
244867 244937 1559
244938 244937 5738
244938 261224 942
245060 245061 1709
245060 245063 667
245060 245064 1359
245287 245064 610
245287 245276 912
245287 245288 2995
245347 245342 720
245347 245344 797
245347 245348 1178
245353 245349 811
245353 245355 1213
245353 245356 628
245354 245349 990
245354 245350 1123
245354 245356 877
245354 245378 706
245377 245350 1399
245377 245376 572
245355 245352 235
245355 245353 1213
245355 245381 786
245357 245352 1329
245357 245384 884
245357 245404 2543
244999 244998 556
244999 245000 926
244999 245050 1076
245001 244987 749
245001 245000 473
245001 245003 1220
245001 261848 292
261846 245000 371
245008 244992 166
245008 245005 787
245008 245009 1176
245008 245010 715
245006 244875 807
245006 245005 900
245006 245012 2210
245024 244875 900
245024 245023 1232
245024 245028 1564
245027 245022 1432
245027 245023 980
245027 245025 1634
245027 245029 868
263906 263897 296
245089 245088 651
245089 245090 1345
245089 245361 1043
245366 245367 2735
245366 245368 862
245366 245406 1330
245031 245032 1407
245031 245039 1208
245031 245048 545
263970 245032 563
245039 245031 1208
245039 245040 392
245039 245045 1494
245046 245045 1000
245046 245200 1331
245046 245202 2247
245224 245049 1061
245224 245204 3937
244894 244880 825
244894 244887 2278
244894 244893 1344
244894 244897 452
244895 244896 2126
244895 244897 762
244883 244879 672
244883 244880 2043
244883 244886 950
244883 244887 871
244886 244883 950
244886 244884 434
244886 244888 433
244884 244758 550
244884 244881 353
244884 244885 1952
244884 244886 434
244890 244882 336
244890 244885 696
244890 244892 557
244904 244885 1967
244984 244983 451
244984 244985 778
244984 244986 1065
244987 244986 402
244987 244989 835
244987 245001 749
244988 244986 610
244866 244867 2088
244936 244867 893
261224 244938 942
245061 245060 1709
245063 245060 667
245276 245287 912
245288 245287 2995
245342 245347 720
245348 245347 1178
245356 245353 628
245356 245354 877
245356 245381 559
245378 245354 706
245376 245377 572
245381 245355 786
245381 245356 559
245384 245357 884
245404 245357 2543
244998 244999 556
245050 244999 1076
261848 245001 292
244992 245008 166
245005 245006 900
245005 245008 787
244875 245006 807
244875 245024 900
245023 245024 1232
245023 245027 980
245022 245025 786
245022 245027 1432
245025 245022 786
245025 245027 1634
245090 245089 1345
245361 245089 1043
245368 245366 862
245406 245366 1330
245040 245039 392
245200 245046 1331
245202 245046 2247
245204 245224 3937
244880 244883 2043
244880 244893 1159
244880 244894 825
244893 244880 1159
244893 244894 1344
244896 244895 2126
244879 244758 1436
244879 244883 672
244758 244879 1436
244758 244881 373
244758 244884 550
244881 244758 373
244881 244882 1900
244881 244884 353
244882 244881 1900
244882 244890 336
244892 244890 557
244892 244983 452
244983 244892 452
244983 244984 451
244985 244984 778
244989 244987 835
34
244988
244866
261224
245276
245288
245342
245348
245378
245376
245384
245404
244992
245005
244875
245023
245022
245025
245361
245368
245406
245040
245200
245202
245204
244880
244893
244879
244758
244881
244882
244892
244983
244985
244989
