60
84577 84621 1290
84663 84662 1271
84571 84570 688
84571 84572 1868
84470 84469 1428
84606 84604 1085
84476 84469 1814
84476 84582 1033
84603 84602 1487
84603 84605 929
84603 84609 1551
84580 84467 1824
84580 84581 2120
84580 84588 1565
79274 79272 876
79274 79275 1701
79274 84633 1455
84599 84596 1709
84599 84626 1004
84599 84633 1396
84596 84597 1397
84596 84599 1709
84426 79277 1455
84426 84434 1961
79275 79274 1701
79277 84426 1455
84405 84406 1250
84406 84405 1250
84939 84938 4703
84938 84939 4703
84621 84577 1290
84662 84663 1271
84570 84571 688
84572 84571 1868
84469 84467 3096
84469 84470 1428
84469 84476 1814
84469 84581 957
84604 84605 978
84604 84606 1085
84582 84476 1033
84582 84602 1487
84602 84582 1487
84602 84603 1487
84605 84603 929
84605 84604 978
84605 84609 1833
84609 84603 1551
84609 84605 1833
84467 84469 3096
84467 84580 1824
84581 84469 957
84581 84580 2120
84588 84580 1565
79272 79274 876
84633 79274 1455
84633 84599 1396
84626 84599 1004
84597 84596 1397
84434 84426 1961
36
84577
84663
84571
84470
84606
84476
84603
84580
79274
84599
84596
84426
84427
84430
79275
79277
84405
84406
91454
84939
84938
82739
84621
84662
84604
84582
84602
84609
84467
84581
84588
79272
84633
84626
84597
84434
