550
215882 215883 386
215882 223601 1495
215882 223616 1506
215883 215882 386
215883 223618 227
215883 223619 765
223601 215882 1495
223601 223592 1200
223601 223600 2348
223601 223616 683
223616 215882 1506
223616 223601 683
223616 223612 2549
223616 223617 1018
223618 215883 227
223618 223609 1190
223618 223620 1398
223619 215883 765
223619 223622 390
223619 223623 417
223592 223591 2249
223592 223601 1200
223592 223604 1561
223592 223608 990
223600 223591 1196
223600 223595 417
223600 223599 894
223600 223601 2348
223612 223599 532
223612 223611 1067
223612 223616 2549
223617 223610 761
223617 223616 1018
223617 223621 627
223609 223608 964
223609 223618 1190
223609 223670 723
223609 223672 1061
223620 223618 1398
223620 223699 663
223622 223619 390
223622 223621 808
223622 223763 1349
223623 223619 417
223623 223691 875
223623 223764 1702
223591 223564 939
223591 223592 2249
223591 223600 1196
223604 223592 1561
223604 223602 424
223604 223605 996
223608 223592 990
223608 223605 1544
223608 223609 964
223595 223594 668
223595 223600 417
223599 223598 989
223599 223600 894
223599 223612 532
223599 224889 739
223611 223597 556
223611 223598 492
223611 223612 1067
223610 223582 4901
223610 223617 761
223610 223759 678
223621 223617 627
223621 223622 808
223621 223762 1077
223670 223606 783
223670 223609 723
223670 223671 1243
223672 223609 1061
223699 223620 663
223763 223622 1349
223763 223762 774
223763 223764 640
223763 223767 2009
223691 223623 875
223691 223765 2063
223764 223623 1702
223764 223763 640
223764 223765 833
223764 223783 2414
223564 223563 338
223564 223571 786
223564 223591 939
223602 223571 865
223602 223603 2478
223602 223604 424
223605 223604 996
223605 223606 879
223605 223608 1544
223594 223590 1170
223594 223595 668
223594 223598 752
223598 223594 752
223598 223599 989
223598 223611 492
224889 223599 739
223597 223589 2358
223597 223596 840
223597 223611 556
223582 223581 412
223582 223584 1646
223582 223596 336
223582 223610 4901
223759 223610 678
223759 223754 523
223759 223760 463
223762 223621 1077
223762 223763 774
223762 223766 1097
223606 223603 722
223606 223605 879
223606 223667 1349
223606 223670 783
223671 223667 813
223671 223670 1243
223671 223674 606
223767 223757 857
223767 223763 2009
223767 223768 474
223765 223691 2063
223765 223764 833
223765 223784 2692
223765 223822 765
223783 223764 2414
223783 223768 408
223783 223784 867
223783 223787 213
223563 223562 442
223563 223564 338
223563 223578 1804
223571 223564 786
223571 223572 912
223571 223602 865
223603 223602 2478
223603 223606 722
223603 223639 774
223603 223666 1389
223590 223561 1013
223590 223589 462
223590 223594 1170
223589 223560 980
223589 223590 462
223589 223597 2358
223596 223582 336
223596 223593 557
223596 223597 840
223581 223576 336
223581 223582 412
223584 223582 1646
223584 223585 671
223584 223743 2543
223754 223752 1129
223754 223755 962
223754 223759 523
223754 223761 1145
223760 223759 463
223766 223757 783
223766 223762 1097
223667 223606 1349
223667 223666 719
223667 223669 1071
223667 223671 813
223674 223671 606
223757 223755 1801
223757 223766 783
223757 223767 857
223768 223767 474
223768 223783 408
223784 223765 2692
223784 223783 867
223784 223788 697
223784 223840 753
223822 223765 765
223822 223840 2620
223787 223783 213
223787 223786 708
223787 224012 909
223562 223551 2636
223562 223561 386
223562 223563 442
223578 223563 1804
223572 223565 1760
223572 223571 912
223572 223573 999
223639 223569 944
223639 223575 549
223639 223603 774
223639 223668 1318
223666 222605 101
223666 223603 1389
223666 223667 719
223561 223560 373
223561 223562 386
223561 223590 1013
223560 223550 2658
223560 223559 786
223560 223561 373
223560 223589 980
223593 223559 2671
223593 223577 387
223593 223596 557
223576 223577 839
223576 223579 426
223576 223581 336
223576 223583 628
223585 223584 671
223585 223586 719
223585 223587 1949
223743 223584 2543
223743 223587 697
223743 223747 3386
223752 223615 892
223752 223754 1129
223755 223753 752
223755 223754 962
223755 223757 1801
223755 223771 1942
223761 223754 1145
223669 223667 1071
223788 223784 697
223788 223786 937
223788 223792 681
223788 223847 2132
223840 223784 753
223840 223822 2620
223786 223785 829
223786 223787 708
223786 223788 937
224012 223785 462
224012 223787 909
224012 224013 555
223551 223382 2282
223551 223550 818
223551 223552 811
223551 223562 2636
223565 223552 795
223565 223566 891
223565 223567 1322
223565 223572 1760
223573 223567 1279
223573 223572 999
223573 223574 1423
223569 223568 1012
223569 223626 1463
223569 223639 944
223575 223574 591
223575 223639 549
223668 222605 658
223668 223639 1318
222605 222606 111
222605 223666 101
222605 223668 658
223550 223548 2219
223550 223549 701
223550 223551 818
223550 223560 2658
223559 223549 2698
223559 223560 786
223559 223593 2671
223577 223576 839
223577 223593 387
223579 223576 426
223583 223576 628
223586 223585 719
223586 223588 1553
223586 223613 593
223587 223585 1949
223587 223743 697
223587 223744 3242
223747 223743 3386
223747 223744 750
223747 223749 1772
223615 223613 1959
223615 223751 1186
223615 223752 892
223615 223753 652
223753 223615 652
223753 223755 752
223753 223756 1684
223771 223755 1942
223771 223770 305
223771 223772 209
223792 223782 1896
223792 223788 681
223792 223791 830
223792 223848 2121
223847 223788 2132
223847 223848 720
223785 223782 801
223785 223786 829
223785 224012 462
224013 224012 555
223382 223378 1094
223382 223385 1579
223382 223548 882
223382 223551 2282
223552 223551 811
223552 223565 795
223552 223570 1781
223566 223385 1664
223566 223565 891
223567 223556 1345
223567 223565 1322
223567 223568 786
223567 223573 1279
223574 223568 743
223574 223573 1423
223574 223575 591
223568 223567 786
223568 223569 1012
223568 223574 743
223626 223569 1463
223626 223625 502
223626 223627 1414
222606 222605 111
222606 224121 616
222606 224447 577
223548 223379 842
223548 223382 882
223548 223550 2219
223549 223379 2043
223549 223550 701
223549 223559 2698
223588 223586 1553
223588 223748 2964
223613 223586 593
223613 223614 1158
223613 223615 1959
223744 223587 3242
223744 223747 750
223744 223748 721
223749 223747 1772
223749 223794 1354
223749 223797 1412
223751 223614 1136
223751 223615 1186
223751 223756 883
223756 223751 883
223756 223753 1684
223756 223758 473
223770 223758 221
223770 223771 305
223770 224360 588
223772 223771 209
223772 223773 497
223772 223776 1199
223782 223781 1005
223782 223785 801
223782 223790 788
223782 223792 1896
223791 223790 1957
223791 223792 830
223791 223904 2074
223848 223792 2121
223848 223847 720
223848 223904 876
223378 223377 1634
223378 223380 737
223378 223381 1577
223378 223382 1094
223385 223381 1112
223385 223382 1579
223385 223553 1499
223385 223566 1664
223570 223552 1781
223556 223555 902
223556 223557 635
223556 223567 1345
223625 223554 1230
223625 223624 1044
223625 223626 502
223627 223626 1414
224121 222606 616
224447 222606 577
223379 223377 1116
223379 223548 842
223379 223549 2043
223748 223588 2964
223748 223744 721
223748 223769 1930
223614 223613 1158
223614 223750 873
223614 223751 1136
223794 223749 1354
223794 223795 634
223794 223797 865
223794 223798 1358
223797 223749 1412
223797 223794 865
223797 223800 1386
223758 223756 473
223758 223769 1789
223758 223770 221
224360 223770 588
223773 223772 497
223773 223774 1488
223773 223775 427
223776 223772 1199
223776 223775 935
223776 223777 1144
223781 223775 1023
223781 223780 470
223781 223782 1005
223790 223782 788
223790 223789 337
223790 223791 1957
223904 223791 2074
223904 223848 876
223904 223905 530
223904 223906 260
223377 223376 959
223377 223378 1634
223377 223379 1116
223380 223378 737
223381 223378 1577
223381 223383 657
223381 223384 1506
223381 223385 1112
223553 223384 1203
223553 223385 1499
223553 223554 1575
223553 223557 724
223555 223556 902
223557 223553 724
223557 223556 635
223554 223553 1575
223554 223625 1230
223624 223625 1044
223769 223748 1930
223769 223758 1789
223769 223778 1615
223769 223795 877
223750 223614 873
223795 223769 877
223795 223794 634
223795 223796 1571
223798 223794 1358
223798 223796 745
223798 223800 914
223798 223801 1194
223800 223797 1386
223800 223798 914
223800 223802 1138
223800 223803 367
223774 223773 1488
223774 223779 638
223774 223780 503
223775 223773 427
223775 223776 935
223775 223781 1023
223777 223776 1144
223777 223789 1286
223777 223799 841
223780 223774 503
223780 223781 470
223789 223777 1286
223789 223790 337
223789 223805 332
223905 223806 283
223905 223904 530
223905 223907 498
223906 223904 260
223376 223375 3448
223376 223377 959
223383 223381 657
223384 223381 1506
223384 223386 428
223384 223553 1203
223778 223769 1615
223778 223796 711
223778 223799 274
223796 223778 711
223796 223795 1571
223796 223798 745
223801 223798 1194
223801 223802 964
223801 223809 1145
223802 223800 1138
223802 223801 964
223802 223813 819
223803 223800 367
223803 223814 1729
223779 223774 638
223799 223777 841
223799 223778 274
223799 223804 1468
223805 223789 332
223805 223804 566
223805 223806 4393
223806 223805 4393
223806 223808 824
223806 223905 283
223907 223905 498
223907 223908 2753
223907 223909 2554
223375 223360 2628
223375 223364 1950
223375 223376 3448
223375 224472 137
223386 223384 428
223386 223504 656
223809 223801 1145
223809 223810 623
223809 223812 112
223813 223802 819
223813 223816 469
223813 223819 697
223814 223803 1729
223814 223815 1078
223804 223799 1468
223804 223805 566
223804 223807 625
223808 223806 824
223808 223807 4324
223808 223911 309
223908 223907 2753
223908 223909 1205
223908 223915 487
223909 223907 2554
223909 223908 1205
223909 223919 752
223909 223926 1121
223360 223352 812
223360 223375 2628
223364 223375 1950
224472 223375 137
223504 223386 656
223810 223807 848
223810 223809 623
223812 223809 112
223816 223813 469
223816 223815 1099
223819 223813 697
223815 223814 1078
223815 223816 1099
223807 223804 625
223807 223808 4324
223807 223810 848
223911 223808 309
223915 223908 487
223915 223919 1647
223919 223909 752
223919 223915 1647
223926 223909 1121
223352 223360 812
56
223620
223699
223691
223765
223784
223822
223788
223840
223786
223569
223668
222605
223792
223847
223785
223568
223626
222606
223782
223791
223848
223625
223627
224121
224447
223781
223790
223904
223554
223624
223775
223780
223789
223905
223906
223805
223806
223907
223804
223808
223908
223909
223360
223364
224472
223504
223810
223812
223819
223815
223807
223911
223915
223919
223926
223352
