28
153864 153866 562
153866 153864 562
153852 153853 1343
153632 153634 610
153634 153632 610
153634 153828 475
153828 153634 475
153840 153845 1813
153845 153840 1813
153853 153852 1343
153276 153275 253
153283 153284 683
153284 153283 683
153275 153276 253
153281 153282 333
153319 153318 737
153321 153317 1656
153321 153336 1017
153282 153281 333
156579 156731 747
156731 156579 747
156731 156727 747
156727 156731 747
153336 153321 1017
153317 153318 893
153317 153321 1656
153318 153317 893
153318 153319 737
32
179954
153260
153864
152884
153866
153852
153867
153632
153634
153828
153840
153845
153853
153855
152881
153276
153283
153284
153275
153281
153321
153282
155959
156166
156204
156579
156727
156718
153336
153300
153358
153359
