444
4402 4403 3884
4402 4450 2613
4403 4402 3884
4403 4404 613
4403 4405 302
4450 4402 2613
4404 4403 613
4404 259672 852
4405 4403 302
4405 4406 4216
4405 4407 4375
259672 4404 852
259672 257829 2132
259672 263037 2397
4406 4405 4216
4407 4405 4375
257829 257830 1198
257829 259668 1878
257829 259672 2132
263037 259672 2397
257830 257829 1198
259668 257829 1878
259668 259666 1618
259668 259669 2737
259666 259664 2662
259666 259668 1618
259669 259660 1251
259669 259668 2737
259664 259665 996
259664 259666 2662
259664 259667 4110
259660 259658 3314
259660 259661 4397
259660 259669 1251
259665 259647 1882
259665 259663 1217
259665 259664 996
259667 259664 4110
259667 259673 1668
259667 259674 3535
259658 259659 894
259658 259660 3314
259658 259661 7664
259661 259658 7664
259661 259660 4397
259647 259641 3672
259647 259653 4746
259647 259663 1094
259647 259665 1882
259663 259647 1094
259663 259662 948
259663 259665 1217
259673 4410 3094
259673 259654 2726
259673 259667 1668
259674 259667 3535
259659 259658 894
259641 259636 2738
259641 259639 1510
259641 259645 2207
259641 259647 3672
259653 259647 4746
259653 259652 169
259653 259654 6875
259662 259642 1127
259662 259656 2212
259662 259663 948
4410 4408 3379
4410 259673 3094
259654 259653 6875
259654 259673 2726
259654 259687 825
259636 259634 3800
259636 259641 2738
259636 259645 2070
259639 259530 4180
259639 259638 3555
259639 259641 1510
259645 259636 2070
259645 259641 2207
259645 259644 2367
259652 259648 3182
259652 259653 169
259652 259680 2635
259642 259640 2260
259642 259643 704
259642 259662 1127
259656 259640 721
259656 259655 1806
259656 259657 3324
259656 259662 2212
4408 4409 1425
4408 4410 3379
259687 4409 1552
259687 259654 825
259687 259681 5798
259634 259526 728
259634 259635 1087
259634 259636 3800
259530 259529 913
259530 259638 2272
259530 259639 4180
259638 259530 2272
259638 259531 708
259638 259639 3555
259644 259586 8036
259644 259645 2367
259644 259646 3075
259648 259649 1288
259648 259651 3145
259648 259652 3182
259648 259679 2420
259680 259652 2635
259680 259677 3406
259680 259681 6826
259640 259531 1694
259640 259642 2260
259640 259656 721
259643 259642 704
259655 259559 1116
259655 259656 1806
259657 259656 3324
4409 4408 1425
4409 259687 1552
259681 259680 6826
259681 259687 5798
259526 259525 351
259526 259528 5285
259526 259633 6191
259526 259634 728
259635 259529 1444
259635 259634 1087
259635 259637 1163
259529 259530 913
259529 259531 3553
259529 259635 1444
259531 259529 3553
259531 259638 708
259531 259640 1694
259586 259587 1893
259586 259590 2496
259586 259644 8036
259646 259644 3075
259649 259648 1288
259649 262891 64
259649 262891 64
259651 259648 3145
259651 259650 87
259651 259650 87
259679 259648 2420
259679 262890 118
259679 262890 118
259677 259678 1694
259677 259680 3406
259677 259683 5831
259559 259558 444
259559 259655 1116
259525 259524 1445
259525 259526 351
259528 259526 5285
259528 259532 2174
259633 259526 6191
259633 259585 2963
259637 259635 1163
259587 259572 431
259587 259586 1893
259587 262895 4794
259590 259586 2496
259590 259591 6749
259590 259592 654
262891 259649 64
262891 259649 64
262891 263694 68
259650 259651 87
259650 259651 87
262890 259679 118
262890 259679 118
259678 259675 1733
259678 259677 1694
259678 262906 3001
259683 259677 5831
259683 259682 1426
259683 259684 1631
259683 259818 2400
259558 259555 735
259558 259559 444
259524 259519 506
259524 259525 1445
259532 259528 2174
259532 259554 1022
259585 259572 3363
259585 259633 2963
259572 259116 16137
259572 259581 3512
259572 259585 3363
259572 259587 431
262895 259587 4794
262895 262896 1230
259591 259590 6749
259592 259590 654
259592 259593 1373
259592 259594 2661
263694 262891 68
259675 259618 1764
259675 259676 1540
259675 259678 1733
262906 259678 3001
259682 259620 2643
259682 259683 1426
259684 259683 1631
259684 259779 7354
259818 259683 2400
259818 259782 8101
259818 259819 736
259555 259554 595
259555 259556 1138
259555 259557 580
259555 259558 735
259519 259518 865
259519 259523 595
259519 259524 506
259554 259532 1022
259554 259555 595
259116 259117 15551
259116 259571 4456
259116 259572 16137
259581 259572 3512
259581 259579 357
259581 259582 352
262896 262895 1230
259593 259592 1373
259594 259592 2661
259618 259619 1983
259618 259675 1764
259618 263696 1102
259676 259675 1540
259620 259617 3750
259620 259631 5554
259620 259682 2643
259779 259684 7354
259779 259778 1711
259779 259781 1984
259782 259781 2001
259782 259783 1361
259782 259818 8101
259819 259818 736
259819 259820 896
259819 259821 663
259819 259822 1294
259556 259555 1138
259557 259553 666
259557 259555 580
259518 259512 1316
259518 259519 865
259518 259520 968
259523 259515 384
259523 259517 421
259523 259519 595
259117 259094 668
259117 259116 15551
259571 259116 4456
259571 259570 882
259579 259577 2500
259579 259581 357
259582 259581 352
259582 259589 3956
259619 259617 3156
259619 259618 1983
259619 262894 2988
263696 259618 1102
259617 259615 1440
259617 259619 3156
259617 259620 3750
259631 259620 5554
259778 259777 1524
259778 259779 1711
259778 259780 1006
259781 242187 2382
259781 259779 1984
259781 259782 2001
259783 259782 1361
259783 259787 2453
259820 259819 896
259821 259819 663
259822 259819 1294
259553 259552 328
259553 259557 666
259512 259511 1796
259512 259517 509
259512 259518 1316
259520 259518 968
259515 259516 143
259515 259517 314
259515 259523 384
259517 259512 509
259517 259515 314
259517 259523 421
259094 259095 5391
259094 259106 3866
259094 259117 668
259094 259118 576
259570 259571 882
259570 259589 3215
259577 259567 1973
259577 259579 2500
259577 259580 1030
259589 259568 1487
259589 259570 3215
259589 259582 3956
262894 259619 2988
259615 259613 1454
259615 259616 3877
259615 259617 1440
259777 259773 961
259777 259776 1498
259777 259778 1524
259780 259778 1006
242187 242186 3780
242187 259781 2382
259787 259783 2453
259787 259789 1807
259552 259551 255
259552 259553 328
259511 259446 4690
259511 259512 1796
259511 259513 2498
259516 259507 1517
259516 259515 143
259516 263061 1271
259095 259094 5391
259095 262652 268
259095 262653 1250
259106 259094 3866
259106 259100 7854
259118 259094 576
259118 259119 7828
259567 259043 3045
259567 259577 1973
259567 259578 1576
259580 259577 1030
259568 259043 3451
259568 259589 1487
259613 259614 2656
259613 259615 1454
259613 259625 854
259616 259615 3877
259773 259774 2507
259773 259777 961
259776 259629 2243
259776 259772 360
259776 259777 1498
242186 242187 3780
259789 259787 1807
259551 259545 3264
259551 259552 255
259446 259444 1018
259446 259511 4690
259513 259511 2498
259507 259505 857
259507 259514 1419
259507 259516 1517
263061 259516 1271
262652 259095 268
262652 262650 6931
262653 259095 1250
259100 259101 3512
259100 259104 2053
259100 259105 2004
259100 259106 7854
259119 259118 7828
259119 259569 5600
259043 259044 2725
259043 259567 3045
259043 259568 3451
259578 259567 1576
259614 259613 2656
259614 262897 2788
259614 262898 1097
259625 259613 854
259625 259624 5553
259625 259628 1395
259625 259630 1090
259774 259773 2507
259629 259630 3392
259629 259632 1519
259629 259776 2243
259772 259771 3350
259772 259776 360
259545 259544 451
259545 259546 287
259545 259548 2844
259545 259551 3264
259444 259441 256
259444 259443 671
259444 259446 1018
259505 259503 1617
259505 259506 4378
259505 259507 857
259514 259507 1419
259514 259521 2171
259514 259522 728
262650 259034 1476
262650 262651 1705
262650 262652 6931
259101 259060 6410
259101 259100 3512
259104 259100 2053
259105 259100 2004
259105 259102 2848
259105 259107 2636
259569 259119 5600
259569 259120 1627
259569 259595 3206
259044 259043 2725
259044 259583 1042
259044 263048 2513
262897 259603 86
262897 259614 2788
262898 259614 1097
259624 259625 5553
259628 259625 1395
259630 259625 1090
259630 259629 3392
259632 259629 1519
259771 259772 3350
259544 259545 451
259546 259545 287
259548 259545 2844
259441 259444 256
259443 259444 671
259503 259505 1617
259506 259505 4378
259521 259514 2171
259522 259514 728
259034 262650 1476
262651 262650 1705
259060 259101 6410
259102 259105 2848
259107 259105 2636
259120 259569 1627
259595 259569 3206
259583 259044 1042
263048 259044 2513
259603 262897 86
200
4402
4403
4450
4404
4405
259672
4406
4407
257829
263037
257830
259668
259666
259669
259664
259660
259665
259667
259658
259661
259647
259663
259673
259674
259659
259641
259653
259662
4410
259654
259636
259639
259645
259652
259642
259656
4408
259687
259634
259530
259638
259644
259648
259680
259640
259643
259655
259657
4409
259681
259526
259635
259529
259531
259586
259646
259649
259651
259679
259677
259559
259525
259528
259633
259637
259587
259590
262891
259650
262890
259678
259683
259558
259524
259532
259585
259572
262895
259591
259592
263694
259675
262906
259682
259684
259818
259555
259519
259554
259116
259581
262896
259593
259594
259618
259676
259620
259779
259782
259819
259556
259557
259518
259523
259117
259571
259579
259582
259619
263696
259617
259631
259778
259781
259783
259820
259821
259822
259553
259512
259520
259515
259517
259094
259570
259577
259589
262894
259615
259777
259780
242187
259787
259552
259511
259516
259095
259106
259118
259567
259580
259568
259613
259616
259773
259776
242186
259789
259551
259446
259513
259507
263061
262652
262653
259100
259119
259043
259578
259614
259625
259774
259629
259772
259545
259444
259505
259514
262650
259101
259104
259105
259569
259044
262897
262898
259624
259628
259630
259632
259771
259544
259546
259548
259441
259443
259503
259506
259521
259522
259034
262651
259060
259102
259107
259120
259595
259583
263048
259603
