108
250717 250718 1248
250717 250720 847
250717 250798 877
250717 250803 1101
250717 250804 1220
250718 250717 1248
250720 250717 847
250720 250719 847
250720 250721 1179
250798 250717 877
250798 250802 1220
250803 250717 1101
250803 250721 884
250803 250804 836
250804 250717 1220
250804 250802 877
250804 250803 836
250719 250720 847
250719 250724 708
250721 250720 1179
250721 250726 836
250721 250803 884
250802 250798 1220
250802 250804 877
250802 250805 1542
250724 250719 708
250724 250723 1503
250724 250726 676
250726 250721 836
250726 250724 676
250726 250765 279
250805 250767 3246
250805 250802 1542
250805 250807 788
250723 250724 1503
250723 250725 982
250765 250725 1355
250765 250726 279
250765 250766 750
250767 250766 562
250767 250805 3246
250767 250849 562
250807 250805 788
250807 250808 1179
250807 250849 2585
250725 250723 982
250725 250763 818
250725 250765 1355
250766 250765 750
250766 250767 562
250766 250768 1829
250849 250767 562
250849 250774 756
250849 250807 2585
250808 250774 2933
250808 250807 1179
250808 250819 713
250763 250725 818
250763 250760 982
250763 250761 847
250768 250766 1829
250768 250769 749
250768 250770 884
250774 250769 2585
250774 250808 2933
250774 250849 756
250819 250808 713
250760 250763 982
250761 250758 1848
250761 250763 847
250761 250764 982
250769 250768 749
250769 250771 926
250769 250774 2585
250770 250764 418
250770 250768 884
250770 250771 826
250758 250761 1848
250758 250762 344
250764 250761 982
250764 250770 418
250764 261741 1272
250771 250769 926
250771 250770 826
250771 250775 275
250771 250925 5482
250762 250758 344
261741 250764 1272
250775 250771 275
250925 250771 5482
250925 250914 2253
250925 250926 950
250925 250927 551
250914 250925 2253
250914 264310 546
250926 250925 950
250927 250923 1695
250927 250925 551
250927 250928 676
264310 250914 546
250923 250922 336
250923 250924 1161
250923 250927 1695
250928 250927 676
250928 250929 475
250922 250923 336
250924 250923 1161
250929 250928 475
39
250718
250798
250719
250802
250724
250726
250805
250723
250765
250767
250807
250725
250766
250849
250808
250763
250768
250774
250819
250760
250761
250769
250770
250758
250764
250771
250762
261741
250775
250925
250914
250926
250927
264310
250923
250928
250922
250924
250929
