26
262315 262316 269
262316 262315 269
262316 262318 1210
262316 262320 2316
262318 262316 1210
262318 262317 1036
262318 262319 1224
262320 262316 2316
262317 262318 1036
262319 262318 1224
262319 262323 1967
262319 262324 1171
262319 262325 233
262323 262319 1967
262324 262319 1171
262324 262321 1853
262324 262326 1233
262325 262319 233
262321 262322 4722
262321 262324 1853
262321 264153 1085
262326 262324 1233
262322 262321 4722
264153 262321 1085
264153 264154 1416
264154 264153 1416
3
262322
264153
264154
