134
93357 93358 796
93357 93359 1004
93357 93360 947
93358 93357 796
93358 98812 672
93359 93357 1004
93359 93361 848
93359 93362 983
93359 98815 1700
93360 93357 947
93360 93362 688
93360 93363 1257
98812 93358 672
98812 93361 1669
98812 98807 708
93361 93359 848
93361 98804 672
93361 98812 1669
93361 98814 2118
93362 93359 983
93362 93360 688
93362 93364 1014
93362 93365 2358
98815 93359 1700
93363 93360 1257
93363 93364 333
98807 98794 756
98807 98804 1891
98807 98806 1344
98807 98812 708
98804 93361 672
98804 98800 764
98804 98807 1891
98804 98813 1491
98814 93361 2118
93364 93362 1014
93364 93363 333
93364 93366 2118
93364 93367 2376
93365 93362 2358
93365 93368 1115
98794 98790 765
98794 98800 1780
98794 98805 1454
98794 98807 756
98806 98805 764
98806 98807 1344
98800 98793 848
98800 98794 1780
98800 98803 1557
98800 98804 764
98813 98804 1491
98813 101931 842
93366 93364 2118
93366 93368 344
93367 93364 2376
93368 93365 1115
93368 93366 344
93368 93369 778
93368 93370 354
98790 98793 1786
98790 98794 765
98805 98794 1454
98805 98806 764
98793 98790 1786
98793 98799 893
98793 98800 848
98803 98800 1557
98803 101932 823
101931 98813 842
101931 101932 673
93369 93368 778
93369 98831 782
93369 98832 1695
93370 93368 354
93370 98834 1344
98799 98793 893
98799 101919 933
101932 98803 823
101932 101931 673
101932 102561 783
98831 93369 782
98831 98828 2065
98832 93369 1695
98834 93370 1344
98834 98837 3476
101919 98799 933
101919 102561 617
102561 101919 617
102561 101932 783
98828 98827 1008
98828 98830 556
98828 98831 2065
98837 98834 3476
98827 98828 1008
98827 98829 3000
98830 98828 556
98830 101768 713
98829 98827 3000
98829 98833 2009
101768 98830 713
98833 98829 2009
98833 98858 807
98858 98833 807
98858 98855 336
98858 98865 1879
98855 98858 336
98855 98859 1906
98865 98841 1378
98865 98858 1879
98865 98866 3011
98859 98851 1816
98859 98855 1906
98859 98860 1268
98841 98842 1226
98841 98865 1378
98841 98867 3000
98866 98865 3011
98866 98867 1151
98851 98856 1876
98851 98859 1816
98860 98857 475
98860 98859 1268
98842 98841 1226
98842 98844 551
98867 98841 3000
98867 98866 1151
98856 98851 1876
98856 98857 543
98857 98856 543
98857 98860 475
98857 98861 1631
98844 98842 551
98861 98857 1631
40
93358
98812
93361
98807
98804
98814
98794
98806
98800
98813
93367
98790
98805
98793
98803
101931
93370
98799
101932
98834
101919
102561
98837
98827
98829
98833
98858
98855
98865
98859
98841
98866
98851
98860
98842
98867
98856
98857
98844
98861
