24
141119 141133 1395
141133 141119 1395
189846 189845 791
189845 189846 791
189932 189933 650
189933 189932 650
189946 189945 254
189945 189946 254
190345 190365 1387
190365 190345 1387
140037 140028 590
140037 140042 447
140042 140037 447
140028 140037 590
141442 140568 761
140568 141442 761
190418 190414 385
190418 190689 412
190689 190418 412
190414 187266 531
190414 190418 385
187266 187268 634
187266 190414 531
187268 187266 634
36
141402
144203
141116
141119
141136
141311
141133
189846
189902
189845
189932
189933
189946
189945
190335
190345
190363
190399
190395
190365
140037
140041
140042
140074
139974
139978
140028
141442
140568
187276
190418
187266
187268
188350
190389
190419
