58
107116 107117 1077
107116 107389 3832
107117 107116 1077
107117 107118 2750
107117 107391 2687
107389 107116 3832
107389 107390 336
107389 107391 1933
107118 107117 2750
107118 107391 950
107391 107117 2687
107391 107118 950
107391 107389 1933
107390 107389 336
107390 107417 473
107417 107390 473
107417 107416 1584
107416 107417 1584
107416 107418 680
107418 107416 680
107418 107419 1175
107418 107449 2365
107419 107418 1175
107419 108491 4506
107449 107418 2365
107449 107448 1499
107449 107450 475
108491 107419 4506
107448 107449 1499
107448 107454 1000
107450 107449 475
107454 107448 1000
107454 108492 1031
108492 107454 1031
108492 108493 867
108492 108502 4405
108493 108492 867
108493 108494 1595
108493 108495 562
108502 108492 4405
108502 108503 1025
108502 108504 836
108494 108493 1595
108495 108493 562
108495 108496 531
108495 108497 919
108503 108502 1025
108504 108502 836
108496 108495 531
108497 108495 919
108497 108498 505
108497 108501 673
108498 108497 505
108498 108499 970
108498 108500 365
108501 108497 673
108499 108498 970
108500 108498 365
28
107116
107117
107389
107118
107391
107390
107417
107416
107418
107419
107449
108491
107448
107450
107454
108492
108493
108502
108494
108495
108503
108504
108496
108497
108498
108501
108499
108500
