104
155604 155605 1357
155605 155604 1357
155605 155617 1428
155617 155605 1428
155617 155618 1055
155617 155626 967
155618 155617 1055
155618 155620 683
155626 155617 967
155626 155625 1144
155626 155627 999
155620 155618 683
155620 155621 650
155620 155623 610
155625 155624 758
155625 155626 1144
155627 155626 999
155621 155620 650
155621 155632 766
155623 155620 610
155623 155622 2773
155623 155645 674
155624 155622 435
155624 155625 758
155624 155647 3021
155632 155621 766
155632 155629 1600
155632 155633 333
155622 155623 2773
155622 155624 435
155622 155646 752
155645 155623 674
155645 155644 849
155645 155646 3095
155647 155624 3021
155647 155648 778
155647 155654 435
155629 155631 222
155629 155632 1600
155633 155632 333
155646 155622 752
155646 155645 3095
155646 155655 1634
155644 155643 758
155644 155645 849
155644 155656 3471
155648 155647 778
155648 155649 766
155648 155677 2336
155654 155647 435
155654 155655 1004
155654 155673 1483
155631 155629 222
155655 155646 1634
155655 155654 1004
155655 155656 421
155643 155641 1095
155643 155644 758
155643 155674 667
155656 155644 3471
155656 155655 421
155656 155672 758
155656 155674 2798
155649 155648 766
155677 155648 2336
155677 155681 828
155673 155654 1483
155673 155672 2000
155673 155686 789
155641 155642 600
155641 155643 1095
155641 155676 2731
155674 155643 667
155674 155656 2798
155674 155676 2063
155672 155656 758
155672 155673 2000
155672 155675 337
155681 155677 828
155681 155682 1282
155681 155686 747
155686 155673 789
155686 155681 747
155686 155687 2306
155642 155641 600
155642 155683 3311
155676 155641 2731
155676 155674 2063
155676 155675 818
155675 155672 337
155675 155676 818
155675 155688 1035
155682 155681 1282
155682 155683 3005
155682 155687 2171
155687 155682 2171
155687 155686 2306
155687 155688 778
155683 155642 3311
155683 155682 3005
155683 155688 683
155688 155675 1035
155688 155683 683
155688 155687 778
40
155604
155605
155617
155618
155626
155620
155625
155627
155621
155623
155624
155632
155622
155645
155647
155629
155633
155646
155644
155648
155654
155631
155655
155643
155656
155649
155677
155673
155641
155674
155672
155681
155686
155642
155676
155675
155682
155687
155683
155688
