438
116975 116976 2047
116976 116975 2047
116976 116977 1632
116976 116977 1632
116977 116976 1632
116977 116976 1632
116977 116978 1535
116977 116980 4472
116978 116977 1535
116980 116977 4472
116980 116979 1530
116980 117051 2465
116979 116980 1530
116979 117051 1436
116979 117052 2105
116979 117053 2146
117051 116979 1436
117051 116980 2465
117051 116985 3222
117052 116979 2105
117052 117054 1960
117052 117056 5339
117053 116979 2146
117053 117057 698
116985 116986 1660
116985 116987 1256
116985 117051 3222
117054 116986 1396
117054 117052 1960
117054 117055 2373
117056 117052 5339
117056 117061 4901
117056 117062 3072
117057 117053 698
116986 116985 1660
116986 116988 4698
116986 117054 1396
116987 116984 1207
116987 116985 1256
116987 116989 3112
117055 117054 2373
117061 117056 4901
117061 118402 1505
117061 118405 275
117062 117056 3072
117062 117063 4100
117062 117065 4082
116988 116986 4698
116988 116989 1256
116984 116987 1207
116989 116987 3112
116989 116988 1256
118402 117061 1505
118402 118403 1586
118402 118404 415
118405 117061 275
118405 118406 442
118405 118457 339
117063 117059 1309
117063 117062 4100
117065 117062 4082
117065 117064 1338
118403 118402 1586
118404 118402 415
118406 118405 442
118457 118405 339
118457 118408 498
118457 118408 498
117059 117060 1003
117059 117063 1309
117059 117072 419
117064 117065 1338
117064 117116 748
118408 118407 409
118408 118457 498
118408 118457 498
117060 117058 1661
117060 117059 1003
117060 118334 565
117060 118353 996
117072 117059 419
117072 118311 209
117072 118371 979
117116 117064 748
117116 117117 1056
117116 117118 2254
118407 118401 1607
118407 118408 409
118407 118409 481
117058 116997 2936
117058 117060 1661
117058 118336 283
117058 118351 517
118334 117060 565
118334 118335 564
118334 118465 610
118353 117060 996
118353 118354 137
118353 118356 1243
118353 118361 1158
118311 117072 209
118311 117073 71
118311 118365 1006
118371 117072 979
118371 118365 222
118371 118448 458
117117 117113 662
117117 117116 1056
117117 118416 764
117118 117111 1313
117118 117116 2254
118401 118400 978
118401 118407 1607
118401 118410 527
118409 118407 481
116997 116995 2268
116997 117001 1282
116997 117058 2936
118336 117058 283
118336 118337 100
118336 118338 561
118351 117058 517
118351 118358 198
118351 118360 472
118335 118334 564
118335 118370 170
118465 118334 610
118354 118353 137
118354 118422 363
118354 118422 363
118356 118353 1243
118356 118355 852
118356 118366 411
118361 118353 1158
118361 118360 437
118361 118362 360
117073 117067 1954
117073 118311 71
118365 118311 1006
118365 118371 222
118365 118447 565
118448 118371 458
118448 118414 798
118448 118451 897
117113 117111 475
117113 117117 662
118416 117117 764
117111 117112 1068
117111 117113 475
117111 117118 1313
118400 118401 978
118410 118401 527
116995 116996 1398
116995 116997 2268
117001 116997 1282
117001 117004 650
118337 118336 100
118338 118336 561
118338 118339 487
118338 118340 833
118358 118351 198
118358 118355 663
118358 118359 916
118360 118351 472
118360 118361 437
118360 118421 196
118370 118335 170
118370 118364 635
118370 118466 232
118422 118354 363
118422 118354 363
118422 118456 229
118355 118356 852
118355 118357 905
118355 118358 663
118366 118356 411
118366 118367 986
118366 118368 563
118366 118369 672
118362 118361 360
117067 117066 238
117067 117068 740
117067 117073 1954
118447 118365 565
118447 118411 1044
118447 118452 579
118414 118413 701
118414 118448 798
118451 118448 897
117112 117111 1068
117112 117120 279
117112 117121 1213
116996 116995 1398
116996 116998 2373
116996 117004 975
117004 116996 975
117004 117001 650
118339 118338 487
118339 118352 112
118339 118352 112
118340 118338 833
118359 118358 916
118421 118360 196
118364 118363 137
118364 118370 635
118466 118370 232
118466 118467 521
118466 118468 749
118456 118422 229
118357 118355 905
118357 118463 259
118357 118464 255
118367 118366 986
118367 118419 266
118367 118420 102
118368 118366 563
118368 118455 223
118369 118366 672
117066 117008 942
117066 117011 4519
117066 117067 238
117068 117067 740
117068 117069 1162
117068 117071 811
118411 118412 685
118411 118447 1044
118411 118449 291
118452 118447 579
118413 118414 701
118413 118415 812
118413 118449 291
117120 117107 338
117120 117110 558
117120 117112 279
117121 117112 1213
117121 117122 3629
116998 116996 2373
118352 118339 112
118352 118339 112
118352 118363 397
118363 118352 397
118363 118364 137
118467 118466 521
118468 118466 749
118463 118357 259
118464 118357 255
118419 118367 266
118420 118367 102
118455 118368 223
117008 117005 1287
117008 117012 1256
117008 117066 942
117011 117009 942
117011 117017 1170
117011 117066 4519
117069 117021 2758
117069 117068 1162
117069 117070 2825
117071 117068 811
117071 117076 475
117071 117077 1417
118412 118411 685
118449 118411 291
118449 118413 291
118449 118450 782
118415 118413 812
117107 117106 1412
117107 117120 338
117110 117108 2826
117110 117120 558
117110 117122 2966
117122 117109 419
117122 117110 2966
117122 117121 3629
117005 117002 437
117005 117006 562
117005 117008 1287
117012 116999 3200
117012 117008 1256
117012 117009 3263
117009 117010 356
117009 117011 942
117009 117012 3263
117017 117011 1170
117017 117015 2425
117017 117018 830
117021 117018 1815
117021 117069 2758
117021 117070 4080
117070 117021 4080
117070 117069 2825
117070 117080 977
117076 117071 475
117077 117071 1417
117077 117080 736
118450 118449 782
117106 117107 1412
117108 117081 603
117108 117109 2287
117108 117110 2826
117109 117108 2287
117109 117122 419
117109 117125 1815
117002 116999 3263
117002 117003 475
117002 117005 437
117006 117005 562
117006 117007 558
116999 117000 1769
116999 117002 3263
116999 117012 3200
117010 117000 1264
117010 117009 356
117015 117014 419
117015 117017 2425
117015 117020 2571
117018 117017 830
117018 117020 796
117018 117021 1815
117080 117070 977
117080 117077 736
117080 117081 1121
117081 117080 1121
117081 117082 1124
117081 117108 603
117125 117109 1815
117125 117127 812
117125 117135 679
117003 117002 475
117007 117006 558
117007 118454 410
117007 118454 410
117000 116999 1769
117000 117010 1264
117000 117013 475
117014 117015 419
117020 117015 2571
117020 117018 796
117020 117023 1439
117082 117081 1124
117082 117090 1585
117082 117094 1221
117127 117125 812
117127 117126 679
117135 117125 679
118454 117007 410
118454 117007 410
117013 117000 475
117023 117020 1439
117023 117022 205
117090 117082 1585
117090 117091 1107
117090 117092 4583
117094 117082 1221
117094 117095 3567
117094 117096 1088
117126 117096 1357
117126 117127 679
117022 117023 205
117022 117083 848
117022 117093 819
117091 117089 4255
117091 117090 1107
117091 117093 2285
117092 117089 1605
117092 117090 4583
117092 117095 881
117095 117092 881
117095 117094 3567
117095 117097 607
117096 117094 1088
117096 117097 3266
117096 117126 1357
117083 117016 1738
117083 117022 848
117083 117085 745
117093 117022 819
117093 117091 2285
117089 117087 1023
117089 117091 4255
117089 117092 1605
117097 117095 607
117097 117096 3266
117097 117098 611
117016 117024 562
117016 117083 1738
117085 117083 745
117085 117084 929
117087 117084 1023
117087 117088 754
117087 117089 1023
117098 117088 2571
117098 117097 611
117098 117099 810
117024 117016 562
117084 117085 929
117084 117086 3030
117084 117087 1023
117088 117086 1934
117088 117087 754
117088 117098 2571
117099 117098 810
117099 117103 85
117086 117026 1480
117086 117084 3030
117086 117088 1934
117103 117099 85
117103 117101 356
117103 117102 1231
117026 117027 2624
117026 117086 1480
117101 117100 876
117101 117102 1504
117101 117103 356
117102 117101 1504
117102 117103 1231
117102 117134 1437
117027 117026 2624
117100 117101 876
117100 117282 3160
117100 117283 4729
117134 117102 1437
117282 117100 3160
117282 117280 2454
117282 117284 1892
117283 117100 4729
117280 117278 1287
117280 117282 2454
117284 117282 1892
117278 117028 477
117278 117279 1919
117278 117280 1287
117028 117025 3066
117028 117029 2029
117028 117278 477
117279 117278 1919
117025 117028 3066
117029 117028 2029
53
117064
117116
117117
117118
117113
118416
117111
117112
117120
117121
117107
117110
117122
117106
117108
117109
117081
117125
117082
117127
117135
117090
117094
117126
117091
117092
117095
117096
117093
117089
117097
117087
117098
117084
117088
117099
117086
117103
117026
117101
117102
117027
117100
117134
117282
117283
117280
117284
117278
117028
117279
117025
117029
