470
96895 97094 517
97094 96895 517
97094 97055 1000
97094 97095 1592
97094 97096 84
97055 97094 1000
97095 97094 1592
97095 97102 1701
97096 97094 84
97096 97097 709
97102 96899 1293
97102 97095 1701
97102 97103 403
97102 97104 252
97097 97096 709
97097 97098 1483
97097 97099 2536
97097 97100 836
96899 96900 688
96899 97102 1293
97103 97102 403
97104 97102 252
97104 97105 5571
97098 97097 1483
97099 97097 2536
97100 97097 836
97100 97107 904
97100 102990 2148
96900 96899 688
96900 96912 1293
97105 97104 5571
97105 97141 893
97105 97144 2086
97107 97100 904
97107 97108 1454
97107 97109 952
102990 97100 2148
96912 96900 1293
96912 96915 2796
97141 97105 893
97141 97111 1445
97141 97143 1484
97144 97105 2086
97144 97139 1494
97144 97190 1641
97144 102623 1440
97108 97107 1454
97109 97107 952
97109 97110 796
97109 97111 1904
96915 96912 2796
96915 102155 2125
97111 97109 1904
97111 97141 1445
97111 97142 435
97143 97139 337
97143 97141 1484
97143 97142 435
97139 97140 947
97139 97143 337
97139 97144 1494
97190 97144 1641
97190 97191 1171
97190 103191 782
102623 97144 1440
102623 102368 443
102623 102621 877
97110 97109 796
102155 96915 2125
97142 97111 435
97142 97143 435
97140 97139 947
97191 97190 1171
97191 97192 764
97191 97193 362
103191 97190 782
102368 97153 719
102368 102622 1682
102368 102623 443
102621 102620 90
102621 102623 877
97192 97191 764
97192 97197 1823
97193 97191 362
97193 97194 190
97153 97152 529
97153 102368 719
102622 102368 1682
102622 102620 1014
102620 102621 90
102620 102622 1014
97197 97192 1823
97197 97196 1555
97197 97198 418
97194 97188 418
97194 97193 190
97152 97153 529
97152 97156 222
97196 97197 1555
97198 97197 418
97198 97207 1299
97198 97208 1029
97188 97151 1307
97188 97182 1079
97188 97194 418
97156 97125 938
97156 97152 222
97156 97157 279
97207 97198 1299
97208 97198 1029
97208 97209 1357
97208 97213 1009
97151 97150 279
97151 97188 1307
97151 97189 1168
97182 97188 1079
97182 97189 1673
97182 97195 1585
97125 97126 1217
97125 97156 938
97125 102062 201
97157 97156 279
97157 97158 610
97157 97162 1822
97209 97208 1357
97209 97210 612
97213 97208 1009
97213 97214 1812
97150 97149 1224
97150 97151 279
97189 97148 1444
97189 97151 1168
97189 97182 1673
97195 97182 1585
97195 97199 336
97195 97201 612
97126 97125 1217
97126 97154 1421
97126 97155 878
102062 97125 201
102062 102063 77
97158 97155 1682
97158 97157 610
97158 97165 3624
97162 97157 1822
97162 97206 2022
97162 97206 2022
97210 97165 2903
97210 97206 1551
97210 97209 612
97214 97213 1812
97149 97145 336
97149 97147 751
97149 97150 1224
97148 97147 80
97148 97189 1444
97199 97195 336
97199 97200 2282
97201 97195 612
97201 97202 1283
97154 97126 1421
97155 97126 878
97155 97158 1682
97155 97159 2041
102063 102062 77
97165 97158 3624
97165 97166 1168
97165 97210 2903
97206 97162 2022
97206 97162 2022
97206 97210 1551
97145 97138 836
97145 97149 336
97147 97148 80
97147 97149 751
97200 97199 2282
97200 97205 1224
97202 97201 1283
97202 97203 1864
97202 97205 947
97159 97155 2041
97166 97164 927
97166 97165 1168
97166 97167 2823
97138 97136 1555
97138 97145 836
97138 97146 1152
97205 97200 1224
97205 97202 947
97205 97204 1951
97203 97202 1864
97203 97204 873
97164 97160 2283
97164 97161 2149
97164 97166 927
97167 97166 2823
97167 97218 1008
97167 97272 2359
97136 97138 1555
97146 97138 1152
97204 97203 873
97204 97205 1951
97160 97135 2147
97160 97161 1530
97160 97164 2283
97161 97160 1530
97161 97163 782
97161 97164 2149
97218 97167 1008
97218 97211 2550
97218 97273 1146
97272 97167 2359
97272 97265 1767
97272 97273 2764
97135 97133 1224
97135 97160 2147
97135 97262 403
97163 97161 782
97211 97212 1365
97211 97218 2550
97211 97219 751
97273 97218 1146
97273 97266 1258
97273 97272 2764
97265 97263 558
97265 97266 4362
97265 97272 1767
97133 97132 605
97133 97134 1210
97133 97135 1224
97262 97135 403
97262 97248 2877
97262 97263 738
97212 97211 1365
97219 97211 751
97219 97300 4089
97266 97265 4362
97266 97268 976
97266 97273 1258
97263 97262 738
97263 97264 336
97263 97265 558
97132 97129 1610
97132 97133 605
97134 97133 1210
97134 97246 1365
97248 97247 2063
97248 97249 612
97248 97262 2877
97300 97219 4089
97300 97301 939
97300 97305 298
97268 97266 976
97268 97267 3291
97268 97282 1255
97264 97251 2927
97264 97263 336
97264 97267 751
97129 97130 927
97129 97131 276
97129 97132 1610
97246 97134 1365
97246 97242 849
97246 97247 1456
97247 97246 1456
97247 97248 2063
97249 97248 612
97249 97250 650
97249 97251 403
97301 97300 939
97301 97302 1827
97301 97319 836
97305 97300 298
97305 97303 1950
97305 97304 2812
97267 97252 2782
97267 97264 751
97267 97268 3291
97282 97268 1255
97282 97279 1275
97282 97293 2922
97282 97294 373
97251 97249 403
97251 97252 939
97251 97264 2927
97130 97127 418
97130 97129 927
97131 97121 1045
97131 97129 276
97242 97124 333
97242 97243 562
97242 97246 849
97250 97249 650
97302 97301 1827
97302 97315 1141
97302 97316 1146
97319 97301 836
97319 97318 1074
97319 97323 2398
97303 97298 1603
97303 97305 1950
97304 97297 1144
97304 97305 2812
97304 97326 1087
97252 97251 939
97252 97253 1345
97252 97267 2782
97252 97269 2283
97279 97276 673
97279 97278 1673
97279 97282 1275
97293 97282 2922
97294 97282 373
97294 97295 4049
97294 97296 1034
97127 97128 751
97127 97130 418
97121 97119 1037
97121 97131 1045
97124 97123 1000
97124 97240 1282
97124 97242 333
97243 97014 2315
97243 97242 562
97243 97244 1124
97315 97302 1141
97315 97317 1029
97315 97318 1394
97316 97302 1146
97316 97317 1009
97318 97315 1394
97318 97319 1074
97318 97320 1009
97323 97319 2398
97323 97320 1168
97323 97324 1896
97298 97296 1008
97298 97299 1188
97298 97303 1603
97297 97296 4706
97297 97304 1144
97297 102753 620
97326 97304 1087
97326 97321 951
97326 102627 1164
97253 97252 1345
97253 97254 1664
97269 97252 2283
97269 97270 927
97269 97274 1640
97269 97277 2085
97276 97270 1502
97276 97274 984
97276 97279 673
97278 97270 836
97278 97279 1673
97278 97287 2197
97295 97294 4049
97295 102606 2809
97295 102607 1091
97296 97294 1034
97296 97297 4706
97296 97298 1008
97128 97127 751
97119 97114 238
97119 97120 672
97119 97121 1037
97123 97122 1368
97123 97124 1000
97240 97014 952
97240 97124 1282
97240 97241 562
97014 97015 672
97014 97240 952
97014 97243 2315
97244 97018 8517
97244 97021 7564
97244 97243 1124
97317 97315 1029
97317 97316 1009
97317 97320 1533
97320 97317 1533
97320 97318 1009
97320 97323 1168
97324 97323 1896
97324 97325 1812
97324 97327 698
97324 97328 1482
97299 97298 1188
102753 97297 620
97321 97322 1029
97321 97326 951
97321 97327 1751
102627 97326 1164
102627 102612 2059
102627 102628 720
97254 97253 1664
97270 97269 927
97270 97276 1502
97270 97277 1640
97270 97278 836
97274 97269 1640
97274 97275 344
97274 97276 984
97277 97269 2085
97277 97270 1640
97277 97287 1124
97287 97277 1124
97287 97278 2197
102606 97295 2809
102606 101819 528
102606 102610 2366
102607 97295 1091
102607 102608 2750
102607 102609 1425
97114 97113 2192
97114 97118 1144
97114 97119 238
97120 97115 1469
97120 97119 672
97120 97122 441
97122 97120 441
97122 97123 1368
97241 97240 562
97015 97014 672
97018 97006 758
97018 97009 1356
97018 97244 8517
97021 97011 2777
97021 97244 7564
97021 97256 3020
97325 97324 1812
97325 99646 1029
97327 97321 1751
97327 97324 698
97327 102783 786
97328 97324 1482
97328 99648 1725
97328 99649 555
97322 97321 1029
102612 102611 1138
102612 102613 163
102612 102627 2059
102628 102627 720
97275 97274 344
101819 97312 920
101819 101820 381
101819 102606 528
102610 102606 2366
102610 102611 1581
102608 102607 2750
102609 102607 1425
97113 97114 2192
97118 97114 1144
97115 97120 1469
97006 97018 758
97009 97011 5196
97009 97018 1356
97011 97009 5196
97011 97021 2777
97256 97021 3020
99646 97325 1029
102783 97327 786
99648 97328 1725
99649 97328 555
102611 102610 1581
102611 102612 1138
102613 102612 163
97312 101819 920
101820 101819 381
200
96895
97094
97055
97095
97096
97102
97097
96899
97103
97104
97098
97099
97100
96900
97105
97107
102990
96912
97141
97144
97108
97109
96915
97111
97143
97139
97190
102623
97110
102155
97142
97140
97191
103191
102368
102621
97192
97193
97153
102622
102620
97197
97194
97152
97196
97198
97188
97156
97207
97208
97151
97182
97125
97157
97209
97213
97150
97189
97195
97126
102062
97158
97162
97210
97214
97149
97148
97199
97201
97154
97155
102063
97165
97206
97145
97147
97200
97202
97159
97166
97138
97205
97203
97164
97167
97136
97146
97204
97160
97161
97218
97272
97135
97163
97211
97273
97265
97133
97262
97212
97219
97266
97263
97132
97134
97248
97300
97268
97264
97129
97246
97247
97249
97301
97305
97267
97282
97251
97130
97131
97242
97250
97302
97319
97303
97304
97252
97279
97293
97294
97127
97121
97124
97243
97315
97316
97318
97323
97298
97297
97326
97253
97269
97276
97278
97295
97296
97128
97119
97123
97240
97014
97244
97317
97320
97324
97299
102753
97321
102627
97254
97270
97274
97277
97287
102606
102607
97114
97120
97122
97241
97015
97018
97021
97325
97327
97328
97322
102612
102628
97275
101819
102610
102608
102609
97113
97118
97115
97006
97009
97011
97256
99646
102783
99648
99649
102611
102613
97312
101820
