52
257831 257832 6838
257831 257848 3636
257831 258324 3992
257832 257831 6838
257832 258333 1334
257848 257831 3636
258324 257831 3992
258324 259527 2615
258324 263070 5214
258333 257832 1334
259527 258324 2615
259527 259543 1826
259527 259689 1025
263070 258324 5214
259543 259527 1826
259543 259562 4405
259543 261237 1657
259689 258335 3926
259689 259527 1025
259689 264162 1683
259562 259543 4405
259562 259574 10
261237 259543 1657
261237 261234 3668
261237 261236 1500
258335 258334 1782
258335 259478 1430
258335 259689 3926
264162 259689 1683
259574 259562 10
259574 261234 2284
261234 259574 2284
261234 259715 2319
261234 261237 3668
261236 259714 1714
261236 261237 1500
261236 261240 1084
258334 258335 1782
259478 258335 1430
259478 259479 3372
259478 259698 1783
259715 259714 3775
259715 259714 3775
259715 261234 2319
259714 259715 3775
259714 259715 3775
259714 261236 1714
261240 261236 1084
259479 259478 3372
259479 264077 2178
259698 259478 1783
264077 259479 2178
9
257832
258333
259574
261234
258334
259715
259714
259479
264077
