462
172970 172971 516
172970 177740 1454
172971 172970 516
172971 172972 2387
172971 173124 420
177740 172970 1454
177740 177741 764
177740 178066 924
172972 172971 2387
172972 172973 681
173124 172971 420
173124 173123 354
173124 177741 1483
177741 173124 1483
177741 177740 764
177741 178058 951
178066 177740 924
172973 172972 681
172973 172974 764
172973 173123 2371
173123 172973 2371
173123 173124 354
173123 173126 504
178058 173126 1576
178058 177741 951
178058 178059 599
172974 172973 764
172974 172975 2488
172974 173125 2279
173126 173123 504
173126 173125 168
173126 178058 1576
178059 178058 599
172975 172974 2488
172975 172976 1612
172975 178057 2085
173125 172974 2279
173125 173126 168
173125 178057 869
172976 172975 1612
172976 172977 238
172976 178075 556
178057 172975 2085
178057 173125 869
178057 178073 1182
172977 172976 238
172977 173117 747
178075 172976 556
178075 178074 1014
178075 178188 1124
178075 178189 1008
178073 178057 1182
178073 178070 1576
178073 178074 931
173117 172977 747
173117 173116 1208
178074 178073 931
178074 178075 1014
178074 178182 1592
178188 178075 1124
178188 178181 562
178188 178186 1014
178189 177747 788
178189 178075 1008
178189 178185 452
178070 178069 252
178070 178071 516
178070 178073 1576
173116 173117 1208
173116 173118 1878
173116 173199 1593
173116 177746 2138
178182 178069 599
178182 178074 1592
178182 178181 1115
178181 178173 580
178181 178182 1115
178181 178188 562
178186 178185 782
178186 178187 1115
178186 178188 1014
177747 177746 344
177747 178184 373
177747 178189 788
178185 178184 1014
178185 178186 782
178185 178189 452
178069 178067 1248
178069 178070 252
178069 178182 599
178071 178070 516
173118 173116 1878
173118 173119 1008
173118 173198 893
173199 173115 2237
173199 173116 1593
173199 177744 3650
177746 173116 2138
177746 177744 2765
177746 177747 344
178173 178067 1631
178173 178172 238
178173 178181 580
178187 178186 1115
178184 177747 373
178184 178183 2413
178184 178185 1014
178067 178068 672
178067 178069 1248
178067 178173 1631
173119 173118 1008
173119 173120 3619
173119 173198 869
173198 173118 893
173198 173119 869
173198 173120 3060
173115 173114 5129
173115 173120 1738
173115 173199 2237
177744 173199 3650
177744 177745 2005
177744 177746 2765
178172 178169 475
178172 178173 238
178172 178174 3781
178183 178174 452
178183 178184 2413
178183 178190 1634
178068 178067 672
178068 178072 516
178068 178169 1796
173120 173115 1738
173120 173119 3619
173120 173198 3060
173114 173049 3627
173114 173115 5129
173114 173171 3349
173114 173172 4006
177745 177744 2005
178169 178068 1796
178169 178161 713
178169 178172 475
178174 178172 3781
178174 178175 1114
178174 178183 452
178190 178183 1634
178190 178191 577
178190 178194 788
178072 178068 516
173049 173048 2363
173049 173114 3627
173049 185990 229
173171 173114 3349
173171 173170 6672
173171 173190 483
173172 173114 4006
173172 173173 5719
173172 177743 3009
178161 178162 713
178161 178163 2147
178161 178169 713
178175 178174 1114
178175 178179 1234
178175 178180 1032
178191 178190 577
178191 178192 2127
178191 178194 481
178194 178190 788
178194 178191 481
173048 173049 2363
173048 173050 1431
173048 173062 1406
185990 173049 229
185990 185991 1533
185990 186170 401
173170 173169 2358
173170 173171 6672
173190 173171 483
173190 173191 1101
173190 173192 686
173173 173172 5719
173173 173174 5053
173173 173176 4322
173173 177742 5017
177743 173172 3009
178162 178161 713
178162 178164 2210
178162 178165 893
178163 178161 2147
178163 178164 580
178163 178170 344
178179 178175 1234
178179 178176 2229
178180 178175 1032
178192 178147 551
178192 178191 2127
178192 185529 2068
173050 173048 1431
173050 173051 681
173050 173054 1086
173062 173048 1406
173062 173063 3934
173062 173072 1344
173062 186049 1064
185991 185990 1533
185991 185992 2111
186170 185990 401
173169 173167 1955
173169 173170 2358
173169 173197 1745
173191 173190 1101
173192 173190 686
173174 173173 5053
173174 173175 2461
173176 173159 4072
173176 173173 4322
173176 173202 4977
177742 173173 5017
178164 178162 2210
178164 178163 580
178164 178168 905
178165 178162 893
178165 178167 599
178170 178163 344
178176 178177 43
178176 178178 847
178176 178179 2229
178147 178145 2770
178147 178148 1085
178147 178192 551
185529 178192 2068
185529 185530 1073
173051 173050 681
173051 173052 870
173051 173053 1139
173054 173050 1086
173054 173055 1276
173054 173061 1114
173063 173062 3934
173063 173064 2730
173063 173075 1268
173072 173062 1344
173072 173073 1115
173072 173089 788
186049 173062 1064
185992 185991 2111
173167 173168 2217
173167 173169 1955
173197 173169 1745
173197 185423 3399
173175 173174 2461
173159 173176 4072
173159 173201 5331
173159 185414 132
173202 173176 4977
173202 173201 937
173202 173203 788
178168 178164 905
178167 178165 599
178177 178176 43
178178 178176 847
178145 177749 2254
178145 178146 1120
178145 178147 2770
178148 178147 1085
185530 185529 1073
173052 173051 870
173053 173051 1139
173055 173054 1276
173055 173056 1052
173055 173057 359
173061 173054 1114
173064 173008 723
173064 173063 2730
173064 173065 1618
173075 173063 1268
173075 173073 2652
173075 173088 2418
173073 173072 1115
173073 173074 1433
173073 173075 2652
173089 173072 788
173089 173083 562
173089 173189 2066
173168 173167 2217
185423 173197 3399
185423 173710 2063
185423 186048 1782
173201 173159 5331
173201 173200 4167
173201 173202 937
185414 173159 132
173203 173202 788
173203 173204 4209
173203 177760 2410
177749 177748 1182
177749 178145 2254
178146 178145 1120
178146 178151 580
178146 178193 1182
173056 173055 1052
173057 173055 359
173057 173058 93
173008 173009 556
173008 173064 723
173065 173064 1618
173088 173075 2418
173074 173073 1433
173083 173082 1299
173083 173089 562
173083 173187 1248
173189 173089 2066
173710 173681 1446
173710 173709 713
173710 185423 2063
186048 185423 1782
173200 173201 4167
173200 173219 452
173204 173203 4209
173204 173220 1197
177760 173203 2410
177760 177759 1398
177760 177761 4439
177748 177749 1182
177748 177750 983
178151 178146 580
178151 178149 1426
178151 178158 333
178193 178146 1182
178193 178157 893
178193 178159 1961
173058 173057 93
173058 173059 707
173009 173008 556
173009 173010 2508
173009 173087 1439
173082 173083 1299
173082 173084 1098
173082 173193 2643
173187 173083 1248
173187 173185 2515
173187 173188 947
173681 173680 708
173681 173683 568
173681 173710 1446
173709 173703 840
173709 173704 1455
173709 173710 713
173219 173200 452
173219 173218 3163
173219 173222 1674
173220 173204 1197
173220 173218 5249
173220 178211 6505
177759 177758 2132
177759 177760 1398
177759 178198 7775
177761 177760 4439
177761 177762 3311
177761 177764 557
177750 177748 983
177750 177751 924
177750 178195 517
178149 178150 983
178149 178151 1426
178149 185531 562
178158 178140 796
178158 178151 333
178158 178157 1265
178157 178138 778
178157 178152 1684
178157 178158 1265
178157 178193 893
178159 178152 1375
178159 178155 435
178159 178193 1961
173059 173058 707
173059 173060 100
173059 173060 100
173010 173009 2508
173010 173011 1098
173010 173087 1111
173087 173009 1439
173087 173010 1111
173084 173082 1098
173084 173085 354
173084 173127 1022
173193 173082 2643
173193 173140 1142
173193 173185 840
173185 173184 1336
173185 173186 1468
173185 173187 2515
173185 173193 840
173188 173187 947
173680 173679 848
173680 173681 708
173680 173708 2118
173683 173681 568
173683 173682 227
173683 186090 1420
173703 173702 626
173703 173709 840
173704 173705 682
173704 173706 716
173704 173709 1455
173218 173219 3163
173218 173220 5249
173218 173224 4190
173222 173206 3012
173222 173219 1674
173222 173223 3766
178211 173220 6505
178211 178199 2044
178211 178212 2113
177758 177757 847
177758 177759 2132
177758 178206 1533
178198 177759 7775
178198 178199 1768
178198 178200 2993
177762 177761 3311
177764 177761 557
177751 177750 924
178195 177750 517
178150 178149 983
185531 178149 562
178140 178138 1433
178140 178158 796
178138 178140 1433
178138 178157 778
178152 178157 1684
178152 178159 1375
178155 178159 435
173060 173059 100
173060 173059 100
173011 173010 1098
173011 173085 3044
173085 173011 3044
173085 173084 354
173127 173084 1022
173140 173193 1142
173184 173185 1336
173186 173185 1468
173679 173680 848
173708 173680 2118
173708 173706 583
173682 173683 227
186090 173683 1420
173702 173703 626
173705 173704 682
173706 173704 716
173706 173708 583
173224 173218 4190
173206 173222 3012
173223 173222 3766
178199 178198 1768
178199 178211 2044
178212 178211 2113
177757 177758 847
178206 177758 1533
178200 178198 2993
200
172970
172971
177740
172972
173124
177741
178066
172973
173123
178058
172974
173126
178059
172975
173125
172976
178057
172977
178075
178073
173117
178074
178188
178189
178070
173116
178182
178181
178186
177747
178185
178069
178071
173118
173199
177746
178173
178187
178184
178067
173119
173198
173115
177744
178172
178183
178068
173120
173114
177745
178169
178174
178190
178072
173049
173171
173172
178161
178175
178191
178194
173048
185990
173170
173190
173173
177743
178162
178163
178179
178180
178192
173050
173062
185991
186170
173169
173191
173192
173174
173176
177742
178164
178165
178170
178176
178147
185529
173051
173054
173063
173072
186049
185992
173167
173197
173175
173159
173202
178168
178167
178177
178178
178145
178148
185530
173052
173053
173055
173061
173064
173075
173073
173089
173168
185423
173201
185414
173203
177749
178146
173056
173057
173008
173065
173088
173074
173083
173189
173710
186048
173200
173204
177760
177748
178151
178193
173058
173009
173082
173187
173681
173709
173219
173220
177759
177761
177750
178149
178158
178157
178159
173059
173010
173087
173084
173193
173185
173188
173680
173683
173703
173704
173218
173222
178211
177758
178198
177762
177764
177751
178195
178150
185531
178140
178138
178152
178155
173060
173011
173085
173127
173140
173184
173186
173679
173708
173682
186090
173702
173705
173706
173224
173206
173223
178199
178212
177757
178206
178200
