606
23104 23124 951
23104 28160 2126
23124 23104 951
28160 23104 2126
28160 28162 469
28160 28163 3483
28162 28160 469
28162 34289 406
28163 28160 3483
28163 28167 1062
28163 28168 1257
34289 28162 406
28167 28163 1062
28168 28163 1257
28168 28211 473
28211 28168 473
28211 28212 403
28212 28181 905
28212 28211 403
28212 28217 667
28212 28218 2124
28181 28182 688
28181 28212 905
28181 28216 2281
28217 28212 667
28217 28219 782
28217 28220 1886
28218 28212 2124
28218 28216 713
28218 28220 713
28218 28228 1730
28182 28181 688
28216 28181 2281
28216 28218 713
28216 28224 1691
28219 28217 782
28219 28221 1691
28219 28222 1111
28220 28217 1886
28220 28218 713
28220 28221 713
28220 28225 1691
28228 28218 1730
28228 28224 818
28228 28225 610
28228 28262 2045
28224 28216 1691
28224 28228 818
28224 28260 796
28224 28265 2045
28221 28219 1691
28221 28220 713
28221 28227 93
28222 28215 336
28222 28219 1111
28222 28229 1234
28222 28230 336
28225 28220 1691
28225 28228 610
28225 28261 2083
28262 28228 2045
28262 28261 713
28262 28265 818
28262 28280 1577
28260 28224 796
28265 28224 2045
28265 28262 818
28265 28279 1455
28227 28221 93
28227 28226 251
28215 28214 672
28215 28222 336
28229 28222 1234
28229 28232 1576
28229 28233 788
28229 28234 1188
28230 28222 336
28230 28231 1098
28261 28225 2083
28261 28262 713
28261 34356 896
28280 28262 1577
28280 28279 672
28280 28289 782
28279 28265 1455
28279 28280 672
28279 28281 796
28226 28227 251
28226 28231 344
28214 28215 672
28232 28229 1576
28232 28233 1426
28232 28236 1139
28233 28229 788
28233 28232 1426
28233 28235 1293
28233 28237 983
28234 28229 1188
28234 28235 764
28231 28226 344
28231 28230 1098
28231 28235 139
28231 28239 3141
34356 28261 896
28289 28280 782
28289 28292 688
28289 28294 516
28281 28279 796
28281 28286 238
28236 28232 1139
28236 28241 516
28236 28245 1055
28235 28231 139
28235 28233 1293
28235 28234 764
28235 28238 951
28237 28233 983
28237 28238 1398
28237 28241 2322
28237 28242 904
28239 28231 3141
28239 28270 1577
28292 28270 901
28292 28289 688
28292 28291 137
28292 28293 516
28294 28289 516
28286 28281 238
28241 28236 516
28241 28237 2322
28241 28245 905
28241 28246 788
28245 28236 1055
28245 28241 905
28245 28247 1827
28238 28235 951
28238 28237 1398
28238 28240 1015
28242 28237 904
28242 28240 1663
28242 28246 2243
28242 28267 827
28270 28239 1577
28270 28292 901
28291 28290 86
28291 28292 137
28293 28292 516
28246 28241 788
28246 28242 2243
28246 28249 336
28247 28245 1827
28247 28249 2348
28247 28251 827
28247 28252 2216
28240 28238 1015
28240 28242 1663
28240 28266 788
28267 28242 827
28267 28250 2243
28267 28266 1768
28267 28268 904
28290 28288 252
28290 28291 86
28290 28295 905
28290 28296 1796
28249 28246 336
28249 28247 2348
28249 28250 516
28251 28247 827
28251 28253 276
28251 28254 279
28252 24794 559
28252 28247 2216
28252 28257 1505
28252 28258 750
28266 28240 788
28266 28267 1768
28266 28269 951
28250 28249 516
28250 28267 2243
28250 28301 276
28268 28267 904
28268 28269 1901
28268 28272 983
28268 28273 2110
28288 28271 788
28288 28275 1873
28288 28290 252
28295 28290 905
28295 28297 556
28295 28298 1779
28296 28290 1796
28296 28298 796
28296 28389 474
28253 24794 1142
28253 28251 276
28253 28254 344
28253 28255 708
28254 28251 279
28254 28253 344
28254 28301 2192
24794 24795 230
24794 28252 559
24794 28253 1142
28257 28252 1505
28257 28259 344
28257 28313 688
28258 28252 750
28258 28310 924
28258 28313 452
28258 28314 1549
28269 28266 951
28269 28268 1901
28269 28271 983
28301 28250 276
28301 28254 2192
28301 28273 681
28272 28268 983
28272 28271 1901
28272 28274 2216
28272 28275 869
28273 28268 2110
28273 28301 681
28273 28302 201
28271 28269 983
28271 28272 1901
28271 28288 788
28275 28272 869
28275 28288 1873
28275 28299 551
28275 28308 2216
28297 28295 556
28297 28299 580
28297 28300 1631
28298 28295 1779
28298 28296 796
28298 28300 688
28298 28388 1280
28389 28296 474
28389 28390 104
28389 28394 830
28255 28253 708
28255 28304 818
28255 28310 893
28255 28311 1533
24795 24794 230
28259 28257 344
28259 28497 475
28259 28511 1188
28259 28512 682
28313 28257 688
28313 28258 452
28313 28315 1496
28310 28255 893
28310 28258 924
28310 28312 1455
28314 28258 1549
28314 28312 672
28314 28315 580
28314 28321 1301
28274 28272 2216
28274 28302 827
28274 28307 516
28302 28273 201
28302 28274 827
28302 28303 905
28299 28275 551
28299 28297 580
28299 28322 905
28299 28323 1691
28308 28275 2216
28308 28307 354
28308 28326 276
28300 28297 1631
28300 28298 688
28300 28323 796
28300 28397 1337
28388 28298 1280
28388 28394 688
28388 28396 1364
28388 28397 905
28390 28389 104
28394 28388 688
28394 28389 830
28394 28395 1364
28304 28255 818
28304 28303 818
28304 28306 1496
28311 28255 1533
28311 28306 924
28311 28312 905
28311 28316 1258
28497 28256 252
28497 28259 475
28511 28259 1188
28511 28512 1031
28511 28513 788
28512 28259 682
28512 28319 708
28512 28511 1031
28315 28313 1496
28315 28314 580
28315 28319 905
28315 28320 1337
28312 28310 1455
28312 28311 905
28312 28314 672
28312 28318 1258
28321 28314 1301
28321 28318 782
28321 28320 452
28321 28336 1337
28307 28274 516
28307 28305 905
28307 28308 354
28303 28302 905
28303 28304 818
28303 28305 1337
28322 28299 905
28322 28324 893
28322 28325 1658
28323 28299 1691
28323 28300 796
28323 28325 796
28323 28411 1304
28326 28308 276
28326 28309 1085
28326 28327 599
28397 28300 1337
28397 28388 905
28397 28404 1305
28397 28411 688
28396 28388 1364
28396 28395 688
28396 28404 1031
28395 28394 1364
28395 28396 688
28395 28405 336
28306 28304 1496
28306 28305 782
28306 28311 924
28306 28317 1142
28316 28311 1258
28316 28317 1014
28316 28334 333
28256 28244 202
28256 28497 252
28513 28319 1530
28513 28511 788
28513 28514 827
28319 28315 905
28319 28512 708
28319 28513 1530
28319 28517 629
28320 28315 1337
28320 28321 452
28320 28518 796
28318 28312 1258
28318 28321 782
28318 28334 580
28336 28321 1337
28336 28335 1357
28336 28422 1304
28336 28520 1357
28305 28303 1337
28305 28306 782
28305 28307 905
28305 28309 1223
28324 28322 893
28324 28327 344
28324 28329 1467
28325 28322 1658
28325 28323 796
28325 28329 818
28325 28412 1304
28411 28323 1304
28411 28397 688
28411 28412 796
28411 28415 1337
28309 28305 1223
28309 28317 796
28309 28326 1085
28309 28328 452
28327 28324 344
28327 28326 599
28327 28328 452
28404 28396 1031
28404 28397 1305
28404 28415 796
28404 28428 1739
28405 28395 336
28405 28406 354
28405 28407 905
28317 28306 1142
28317 28309 796
28317 28316 1014
28317 28332 1385
28334 28316 333
28334 28318 580
28334 28335 1337
28244 28243 2011
28244 28248 5569
28244 28256 202
28514 28513 827
28514 28516 672
28514 28517 1592
28514 28519 788
28517 28319 629
28517 28514 1592
28517 28518 682
28518 28320 796
28518 28517 682
28518 28519 1686
28518 28520 1378
28335 28332 1466
28335 28334 1337
28335 28336 1357
28335 28338 1416
28422 28336 1304
28422 28338 1268
28422 28425 1533
28422 28541 1357
28520 28336 1357
28520 28518 1378
28520 28523 1483
28520 28541 1304
28329 28324 1467
28329 28325 818
28329 28330 924
28329 28331 1304
28412 28325 1304
28412 28331 818
28412 28411 796
28412 28413 1305
28415 28404 796
28415 28411 1337
28415 28413 688
28415 28429 1739
28328 28309 452
28328 28327 452
28328 28330 1416
28428 28404 1739
28428 28410 1031
28428 28429 796
28406 28405 354
28406 28409 782
28407 28405 905
28407 28409 588
28332 28317 1385
28332 28330 1139
28332 28335 1466
28332 28337 1458
28243 28244 2011
28248 28244 5569
28516 28514 672
28516 28515 708
28516 28521 708
28516 28522 688
28519 28514 788
28519 28518 1686
28519 28521 688
28519 28523 1223
28338 28335 1416
28338 28419 1375
28338 28421 1496
28338 28422 1268
28425 28421 1375
28425 28422 1533
28425 28543 1268
28425 28598 1496
28541 28422 1357
28541 28520 1304
28541 28542 1612
28541 28543 1416
28523 28519 1223
28523 28520 1483
28523 28535 1375
28523 28542 1258
28330 28328 1416
28330 28329 924
28330 28332 1139
28330 28333 1491
28331 28329 1304
28331 28412 818
28331 28414 1385
28413 28412 1305
28413 28414 796
28413 28415 688
28413 28416 1739
28429 28415 1739
28429 28416 688
28429 28428 796
28410 28409 788
28410 28428 1031
28409 28406 782
28409 28407 588
28409 28410 788
28337 28332 1458
28337 28419 75
28337 34407 728
28515 28516 708
28521 28516 708
28521 28519 688
28521 28524 672
28522 28516 688
28522 28524 788
28522 28527 354
28419 28337 75
28419 28338 1375
28419 28420 1142
28421 28338 1496
28421 28424 1398
28421 28425 1375
28421 28426 1497
28543 28425 1268
28543 28541 1416
28543 28545 1612
28543 28597 1416
28598 28425 1496
28598 28597 1293
28598 28605 1140
28598 28606 984
28542 28523 1258
28542 28541 1612
28542 28544 1248
28542 28545 1416
28535 28523 1375
28535 28524 1142
28535 28544 1304
28333 28330 1491
28333 28417 1228
28414 28331 1385
28414 28413 796
28414 28417 1031
28414 28418 1739
28416 28413 1739
28416 28418 796
28416 28429 688
34407 28337 728
28524 28521 672
28524 28522 788
28524 28529 905
28524 28535 1142
28527 28522 354
28420 28417 1268
28420 28419 1142
28420 28424 435
28424 28420 435
28424 28421 1398
28424 28427 552
28426 28421 1497
28426 28433 1031
28426 28605 238
28545 28542 1416
28545 28543 1612
28545 28549 1268
28545 28599 1337
28597 28543 1416
28597 28598 1293
28597 28599 1635
28597 28600 1143
28605 28426 238
28605 28439 1033
28605 28598 1140
28606 28439 1268
28606 28598 984
28606 28607 796
28544 28534 924
28544 28535 1304
28544 28542 1248
28544 28549 1337
28417 28333 1228
28417 28414 1031
28417 28420 1268
28417 28423 952
28418 28414 1739
28418 28416 796
28418 28430 1014
28418 28435 1102
28529 28524 905
28529 28526 751
28529 28531 782
28529 28534 2365
28427 28423 1375
28427 28424 552
28433 28426 1031
28549 28544 1337
28549 28545 1268
28599 28545 1337
28599 28597 1635
28600 28597 1143
28600 28607 452
28439 28605 1033
28439 28606 1268
28607 28600 452
28607 28606 796
28534 28529 2365
28534 28544 924
28423 28417 952
28423 28427 1375
28423 28430 869
28430 28418 1014
28430 28423 869
28435 28418 1102
28526 28529 751
28531 28529 782
200
23104
23124
28160
28162
28163
34289
28167
28168
28211
28212
28181
28217
28218
28182
28216
28219
28220
28228
28224
28221
28222
28225
28262
28260
28265
28227
28215
28229
28230
28261
28280
28279
28226
28214
28232
28233
28234
28231
34356
28289
28281
28236
28235
28237
28239
28292
28294
28286
28241
28245
28238
28242
28270
28291
28293
28246
28247
28240
28267
28290
28249
28251
28252
28266
28250
28268
28288
28295
28296
28253
28254
24794
28257
28258
28269
28301
28272
28273
28271
28275
28297
28298
28389
28255
24795
28259
28313
28310
28314
28274
28302
28299
28308
28300
28388
28390
28394
28304
28311
28497
28511
28512
28315
28312
28321
28307
28303
28322
28323
28326
28397
28396
28395
28306
28316
28256
28513
28319
28320
28318
28336
28305
28324
28325
28411
28309
28327
28404
28405
28317
28334
28244
28514
28517
28518
28335
28422
28520
28329
28412
28415
28328
28428
28406
28407
28332
28243
28248
28516
28519
28338
28425
28541
28523
28330
28331
28413
28429
28410
28409
28337
28515
28521
28522
28419
28421
28543
28598
28542
28535
28333
28414
28416
34407
28524
28527
28420
28424
28426
28545
28597
28605
28606
28544
28417
28418
28529
28427
28433
28549
28599
28600
28439
28607
28534
28423
28430
28435
28526
28531
