30
257468 257493 1007
257468 257496 418
257493 257468 1007
257493 257494 610
257496 257468 418
257496 257486 675
257496 257497 2665
257494 257493 610
257486 257484 1780
257486 257485 1595
257486 257496 675
257497 257496 2665
257497 257498 1610
257497 257504 2090
257484 257485 2333
257484 257486 1780
257485 257484 2333
257485 257486 1595
257498 257497 1610
257498 257503 935
257498 257505 604
257504 257497 2090
257503 257498 935
257503 261631 401
257505 257498 604
257505 257506 1830
257505 257507 434
261631 257503 401
257506 257505 1830
257507 257505 434
15
257468
257493
257496
257494
257486
257497
257484
257485
257498
257504
257503
257505
261631
257506
257507
