476
105828 107825 1027
107825 105828 1027
107825 107826 949
107825 107830 1066
107825 107867 418
107825 107920 2085
107826 107825 949
107826 107827 750
107826 107919 1767
107830 107825 1066
107830 107829 1862
107830 107831 1178
107867 107825 418
107867 107865 1144
107920 107825 2085
107920 107861 1635
107920 107919 805
107827 107821 1943
107827 107826 750
107827 107854 1728
107919 107826 1767
107919 107854 675
107919 107862 2110
107919 107920 805
107829 107813 4056
107829 107830 1862
107829 107901 227
107831 107830 1178
107865 107866 750
107865 107867 1144
107861 107860 1719
107861 107862 839
107861 107920 1635
107821 107819 2005
107821 107822 3122
107821 107827 1943
107854 107827 1728
107854 107855 2347
107854 107919 675
107862 107855 680
107862 107856 1592
107862 107861 839
107862 107919 2110
107813 107814 1459
107813 107815 2502
107813 107829 4056
107901 107829 227
107901 107868 289
107901 107905 867
107866 107865 750
107866 107871 1139
107866 107912 1007
107866 107917 222
107860 107856 763
107860 107861 1719
107860 107863 2406
107819 107764 1958
107819 107820 252
107819 107821 2005
107822 107821 3122
107822 107823 2689
107822 107844 4211
107855 107854 2347
107855 107856 1700
107855 107862 680
107856 107855 1700
107856 107857 651
107856 107860 763
107856 107862 1592
107814 107813 1459
107814 107906 1076
107815 107763 2017
107815 107813 2502
107815 107820 688
107868 107869 129
107868 107901 289
107905 107901 867
107871 107866 1139
107871 107870 1444
107871 107913 796
107912 107866 1007
107912 107918 201
107917 107866 222
107863 107832 868
107863 107860 2406
107863 107864 1375
107863 107924 1259
107764 107757 1558
107764 107763 889
107764 107819 1958
107820 107815 688
107820 107819 252
107820 107828 354
107823 107757 336
107823 107822 2689
107823 107824 1344
107844 107822 4211
107844 107833 1751
107857 107832 1671
107857 107856 651
107857 107858 791
107906 107814 1076
107763 107762 168
107763 107764 889
107763 107815 2017
107869 107868 129
107869 107870 1051
107869 113539 2163
107870 107869 1051
107870 107871 1444
107870 107914 893
107913 107871 796
107913 107902 1004
107913 107914 1347
107918 107912 201
107918 107916 278
107832 107833 275
107832 107834 1357
107832 107857 1671
107832 107863 868
107864 107834 787
107864 107863 1375
107864 107923 3674
107924 107863 1259
107757 107758 1943
107757 107764 1558
107757 107823 336
107828 107820 354
107824 107823 1344
107833 107832 275
107833 107844 1751
107833 107845 434
107858 107857 791
107762 107760 1113
107762 107763 168
113539 107869 2163
107914 107870 893
107914 107903 782
107914 107913 1347
107902 107903 1383
107902 107913 1004
107916 107918 278
107834 107832 1357
107834 107835 1742
107834 107864 787
107834 107925 905
107923 107835 3050
107923 107864 3674
107923 107921 1669
107758 107757 1943
107758 107759 1084
107758 107843 809
107845 107833 434
107760 107761 671
107760 107762 1113
107903 107902 1383
107903 107904 452
107903 107914 782
107835 107834 1742
107835 107836 1004
107835 107859 4088
107835 107923 3050
107925 107834 905
107921 107922 707
107921 107923 1669
107759 107713 336
107759 107758 1084
107843 107758 809
107843 107841 1719
107843 107853 3004
107761 107760 671
107904 107883 556
107904 107903 452
107904 113540 550
107836 107835 1004
107836 107837 4518
107836 107846 704
107859 107835 4088
107859 107848 1935
107859 111019 5115
107859 111020 611
107922 107921 707
107922 111124 839
107713 107714 1124
107713 107715 2590
107713 107735 3173
107713 107759 336
107841 107839 3049
107841 107842 1635
107841 107843 1719
107853 107843 3004
107883 107884 1114
107883 107904 556
113540 107904 550
107837 107836 4518
107837 107838 1524
107837 107839 818
107846 107836 704
107846 107847 1369
107846 107848 3075
107848 107846 3075
107848 107849 611
107848 107859 1935
111019 107859 5115
111019 111017 452
111019 111020 4674
111020 107859 611
111020 111019 4674
111124 107922 839
111124 111125 1447
111124 111128 1113
107714 107713 1124
107714 107754 2005
107715 107698 2887
107715 107713 2590
107715 107716 818
107735 107713 3173
107735 107729 1671
107735 113581 1510
107839 107837 818
107839 107840 1447
107839 107841 3049
107842 107841 1635
107884 107883 1114
107884 107885 1013
107884 107886 1204
107838 107837 1524
107847 107846 1369
107849 107848 611
107849 107850 893
107849 107851 508
111017 111016 764
111017 111018 1786
111017 111019 452
111125 111123 2889
111125 111124 1447
111125 111794 1013
111128 111124 1113
111128 111126 3232
111128 111793 1013
111128 111794 1556
107754 107714 2005
107754 107716 607
107698 107697 2183
107698 107699 1160
107698 107715 2887
107716 107715 818
107716 107754 607
107729 107728 1298
107729 107731 1711
107729 107735 1671
107729 113580 587
113581 107735 1510
107840 107839 1447
107885 107884 1013
107886 107884 1204
107850 107849 893
107851 107787 1158
107851 107849 508
107851 111113 744
111016 111015 893
111016 111017 764
111016 111102 418
111018 111017 1786
111123 111125 2889
111794 111125 1013
111794 111128 1556
111794 111795 1013
111126 107934 930
111126 111127 893
111126 111128 3232
111793 107934 3227
111793 111128 1013
111793 111795 1556
107697 107696 1843
107697 107698 2183
107697 107712 1451
107699 107698 1160
107699 107700 707
107728 107729 1298
107728 107730 1196
107731 107729 1711
107731 107730 1234
113580 107729 587
107787 107788 1504
107787 107851 1158
107787 107852 3702
111113 107851 744
111015 111014 893
111015 111016 893
111015 111103 1180
111102 111016 418
111795 111793 1556
111795 111794 1013
111795 111800 1097
111795 111805 672
107934 107932 839
107934 111126 930
107934 111793 3227
111127 111126 893
107696 107690 1208
107696 107697 1843
107696 113755 360
107712 107697 1451
107700 107699 707
107730 107728 1196
107730 107731 1234
107788 107787 1504
107852 107787 3702
111014 111012 1124
111014 111015 893
111014 111104 1180
111103 111015 1180
111103 111104 893
111800 111795 1097
111800 111806 782
111805 111795 672
111805 111806 1091
107932 107934 839
107690 107696 1208
113755 107696 360
111012 111013 1444
111012 111014 1124
111012 111106 1348
111104 111014 1180
111104 111103 893
111104 111105 463
111104 111106 1111
111806 111800 782
111806 111805 1091
111806 111807 1013
111806 111808 2113
111013 111012 1444
111106 111012 1348
111106 111104 1111
111106 111107 516
111106 111159 238
111105 111104 463
111807 111806 1013
111807 111813 2111
111807 111814 1013
111808 111806 2113
111808 111813 1097
111107 111106 516
111107 111108 667
111107 111109 279
111107 111159 434
111159 111106 238
111159 111107 434
111813 111807 2111
111813 111808 1097
111814 111807 1013
111814 111815 1114
111108 111107 667
111109 111107 279
111109 111110 373
111815 111814 1114
111110 111109 373
111110 111111 768
111110 111151 475
111111 111110 768
111111 111112 770
111111 111120 509
111151 111110 475
111151 111120 847
111151 111150 1234
111112 111111 770
111120 111111 509
111120 111119 1234
111120 111151 847
111150 111119 847
111150 111151 1234
111119 111120 1234
111119 111121 434
111119 111150 847
111121 111119 434
111121 111122 847
111122 110959 1178
111122 111121 847
111122 111155 713
110959 110960 713
110959 110961 688
110959 111122 1178
111155 110961 1256
111155 111122 713
111155 111153 1453
111155 111154 747
110960 110959 713
110961 110959 688
110961 110962 1225
110961 111003 747
110961 111155 1256
111153 111152 747
111153 111155 1453
111153 111206 434
111154 111003 1256
111154 111152 1453
111154 111155 747
111154 111163 713
110962 110961 1225
110962 110963 1139
110962 110964 649
111003 110961 747
111003 110964 1178
111003 111002 847
111003 111154 1256
111152 111153 747
111152 111154 1453
111152 111205 300
111206 111153 434
111163 111154 713
111163 111164 511
110963 110962 1139
110964 110962 649
110964 110965 893
110964 111003 1178
111002 110965 1610
111002 111003 847
111002 111165 222
111205 111152 300
111164 111163 511
111164 111165 1384
110965 110964 893
110965 110966 889
110965 110967 696
110965 111002 1610
111165 111002 222
111165 111164 1384
111165 111169 373
110966 110965 889
110967 110965 696
110967 110968 557
110967 111169 1376
111169 110967 1376
111169 111165 373
111169 111177 511
110968 110967 557
110968 110969 2077
110968 111166 181
111177 111169 511
111177 111172 344
110969 110968 2077
110969 110970 468
111166 110968 181
111166 111097 491
111172 111170 610
111172 111171 982
111172 111177 344
110970 110969 468
110970 110971 876
111097 111094 238
111097 111166 491
111170 111094 1454
111170 111172 610
111171 111172 982
110971 110970 876
111094 111093 713
111094 111097 238
111094 111170 1454
111093 111094 713
111093 111095 1558
111093 111168 788
111095 111093 1558
111095 111167 836
111168 111093 788
111168 111167 1500
111167 111095 836
111167 111168 1500
111167 111173 2031
111167 111186 672
111173 111167 2031
111173 111187 737
111186 111167 672
111186 111187 1973
111187 111173 737
111187 111186 1973
198
105828
107825
107826
107830
107867
107920
107827
107919
107829
107831
107865
107861
107821
107854
107862
107813
107901
107866
107860
107819
107822
107855
107856
107814
107815
107868
107905
107871
107912
107917
107863
107764
107820
107823
107844
107857
107906
107763
107869
107870
107913
107918
107832
107864
107924
107757
107828
107824
107833
107858
107762
113539
107914
107902
107916
107834
107923
107758
107845
107760
107903
107835
107925
107921
107759
107843
107761
107904
107836
107859
107922
107713
107841
107853
107883
113540
107837
107846
107848
111019
111020
111124
107714
107715
107735
107839
107842
107884
107838
107847
107849
111017
111125
111128
107754
107698
107716
107729
113581
107840
107885
107886
107850
107851
111016
111018
111123
111794
111126
111793
107697
107699
107728
107731
113580
107787
111113
111015
111102
111795
107934
111127
107696
107712
107700
107730
107788
107852
111014
111103
111800
111805
107932
107690
113755
111012
111104
111806
111013
111106
111105
111807
111808
111107
111159
111813
111814
111108
111109
111815
111110
111111
111151
111112
111120
111150
111119
111121
111122
110959
111155
110960
110961
111153
111154
110962
111003
111152
111206
111163
110963
110964
111002
111205
111164
110965
111165
110966
110967
111169
110968
111177
110969
111166
111172
110970
111097
111170
111171
110971
111094
111093
111095
111168
111167
111173
111186
111187
