564
20686 20687 666
20686 20723 121
20686 21288 1521
20687 20686 666
20687 20862 222
20723 20686 121
20723 20862 747
20723 20872 1811
20723 20879 1530
21288 20686 1521
21288 20879 107
21288 21287 813
20862 20687 222
20862 20723 747
20862 20871 950
20872 20723 1811
20872 20870 1073
20872 20873 836
20872 20881 1282
20879 20723 1530
20879 20880 809
20879 20881 2508
20879 21288 107
21287 20880 80
21287 20890 672
21287 21288 813
20871 20862 950
20871 20870 610
20870 20860 847
20870 20871 610
20870 20872 1073
20870 21032 1283
20873 20860 1273
20873 20869 697
20873 20872 836
20873 20877 2280
20881 20872 1282
20881 20879 2508
20881 20882 672
20880 20879 809
20880 20882 2549
20880 20892 672
20880 21287 80
20890 20891 579
20890 20892 70
20890 21286 661
20890 21287 672
20860 20852 2011
20860 20861 884
20860 20870 847
20860 20873 1273
21032 20870 1283
20869 20861 1420
20869 20873 697
20869 20874 847
20869 20878 2146
20877 20873 2280
20877 20878 884
20877 21293 612
20877 21294 2549
20882 20880 2549
20882 20881 672
20882 21292 737
20892 20880 672
20892 20890 70
20892 20893 672
20892 21292 2597
20891 20890 579
21286 20890 661
21286 20893 74
21286 21305 920
20852 20730 836
20852 20853 1028
20852 20859 747
20852 20860 2011
20861 20730 1877
20861 20738 788
20861 20860 884
20861 20869 1420
20874 20738 1282
20874 20869 847
20874 20875 750
20874 20876 2279
20878 20869 2146
20878 20876 788
20878 20877 884
20878 21296 2748
21293 20877 612
21294 20877 2549
21294 21296 750
21294 21297 947
21292 20882 737
21292 20892 2597
21292 21295 1007
20893 20892 672
20893 20894 889
20893 21286 74
20893 21295 2724
21305 20894 89
21305 21286 920
20730 20728 809
20730 20731 1481
20730 20852 836
20730 20861 1877
20853 20852 1028
20859 20852 747
20738 20728 1675
20738 20739 697
20738 20861 788
20738 20874 1282
20875 20739 1344
20875 20745 750
20875 20874 750
20875 21289 2216
20876 20874 2279
20876 20878 788
20876 21289 836
21296 20878 2748
21296 21294 750
21296 21301 1576
21297 21294 947
21297 21295 1007
21297 21298 750
21295 20893 2724
21295 21292 1007
21295 21297 1007
20894 20893 889
20894 21305 89
20894 21307 750
20894 21311 1410
20728 20726 836
20728 20729 1954
20728 20730 809
20728 20738 1675
20731 20730 1481
20739 20726 1680
20739 20738 697
20739 20744 788
20739 20875 1344
20745 20744 1481
20745 20875 750
20745 21022 889
20745 21290 3355
21289 20875 2216
21289 20876 836
21289 21291 1341
21301 21291 1344
21301 21296 1576
21301 21300 818
21298 21297 750
21298 21306 737
21298 21310 1273
21307 20894 750
21307 21306 750
21307 21309 1481
21311 20894 1410
21311 21309 809
21311 25839 612
20726 20724 750
20726 20727 2489
20726 20728 836
20726 20739 1680
20729 20728 1954
20744 20724 1544
20744 20739 788
20744 20741 697
20744 20745 1481
21022 20741 1542
21022 20745 889
21022 21021 983
21022 21037 2882
21290 20745 3355
21290 21037 782
21290 21291 747
21290 21300 1208
21291 21289 1341
21291 21290 747
21291 21301 1344
21300 21290 1208
21300 21299 747
21300 21301 818
21306 21298 737
21306 21307 750
21306 21308 1410
21310 21034 877
21310 21298 1273
21310 21308 612
21309 21307 1481
21309 21308 697
21309 21311 809
25839 21311 612
20724 20725 2888
20724 20726 750
20724 20737 788
20724 20744 1544
20727 20726 2489
20741 20737 1618
20741 20742 950
20741 20744 697
20741 21022 1542
21021 20742 1612
21021 21022 983
21021 21026 2068
21037 21022 2882
21037 21035 3152
21037 21290 782
21037 21299 1474
21299 21037 1474
21299 21300 747
21299 21302 950
21299 21304 672
21308 21306 1410
21308 21309 697
21308 21310 612
21034 21023 383
21034 21310 877
21034 21313 5364
21034 21314 3634
20725 20724 2888
20725 34251 501
20737 20722 750
20737 20724 788
20737 20741 1618
20742 20717 3627
20742 20740 1917
20742 20741 950
20742 21021 1612
21026 21020 1663
21026 21021 2068
21026 21035 2815
21035 21026 2815
21035 21033 1356
21035 21036 1179
21035 21037 3152
21302 21299 950
21302 21303 516
21302 21317 847
21304 21299 672
21304 21303 1268
21304 21313 809
21023 21024 460
21023 21034 383
21023 21315 796
21313 21034 5364
21313 21304 809
21313 21312 788
21313 21319 1494
21314 21034 3634
21314 25842 903
34251 20721 59
34251 20725 501
20722 20720 2481
20722 20734 847
20722 20737 750
20717 20716 703
20717 20742 3627
20717 21020 1553
20740 20734 435
20740 20742 1917
20740 20743 2594
21020 20717 1553
21020 21025 1085
21020 21026 1663
21033 21029 1140
21033 21031 818
21033 21035 1356
21033 21075 1258
21036 21035 1179
21036 21075 1395
21036 21076 1577
21036 21077 924
21303 21302 516
21303 21304 1268
21303 21319 1026
21317 21077 818
21317 21302 847
21317 21318 1378
21024 21023 460
21024 34313 562
21315 21023 796
21315 21316 629
21312 21313 788
21312 21320 1629
21312 21326 422
21319 21303 1026
21319 21313 1494
21319 21318 796
21319 21320 826
25842 21314 903
20721 20720 796
20721 34251 59
20720 20714 947
20720 20721 796
20720 20722 2481
20720 20733 1500
20734 20722 847
20734 20733 1715
20734 20740 435
20716 20717 703
20716 21018 203
20716 21019 2376
20743 20736 640
20743 20740 2594
21025 21020 1085
21025 21027 2985
21025 21029 809
21029 21025 809
21029 21030 847
21029 21033 1140
21031 21030 1073
21031 21033 818
21031 21070 511
21075 21033 1258
21075 21036 1395
21075 21069 2272
21075 21078 2204
21076 21036 1577
21076 21079 983
21076 21080 788
21077 21036 924
21077 21079 1426
21077 21317 818
21318 21079 713
21318 21317 1378
21318 21319 796
34313 21024 562
21316 21315 629
21316 21355 544
21316 25847 947
21316 25852 904
21320 21080 2585
21320 21312 1629
21320 21319 826
21320 21321 275
21326 21312 422
21326 21323 418
20714 20720 947
20733 20720 1500
20733 20734 1715
20733 20735 2643
21018 20716 203
21018 20736 578
21019 20716 2376
20736 20735 1208
20736 20743 640
20736 21004 1160
20736 21018 578
21027 21025 2985
21027 21028 1022
21030 21028 1797
21030 21029 847
21030 21031 1073
21070 21031 511
21069 21067 1408
21069 21074 747
21069 21075 2272
21078 21075 2204
21078 21080 1560
21078 21087 2272
21078 21091 201
21079 21076 983
21079 21077 1426
21079 21318 713
21080 21076 788
21080 21078 1560
21080 21320 2585
21080 21334 275
21355 21316 544
21355 21354 169
25847 21316 947
25847 25848 975
25847 25849 1151
25852 21316 904
25852 21357 676
25852 25849 1022
21321 21320 275
21321 21322 317
21323 21324 985
21323 21326 418
21323 21327 806
21323 21328 2020
20735 20712 418
20735 20733 2643
20735 20736 1208
21004 20736 1160
21004 21003 1352
21004 21005 1483
21028 21027 1022
21028 21030 1797
21028 21067 1008
21067 21028 1008
21067 21069 1408
21067 21071 697
21074 21069 747
21074 21072 713
21087 21078 2272
21087 21085 847
21091 21078 201
21091 21092 354
21334 21080 275
21334 21095 275
21354 21331 1115
21354 21355 169
21354 21356 951
25848 25847 975
25848 25851 1151
25849 25847 1151
25849 25851 975
25849 25852 1022
21357 21356 1139
21357 21358 1099
21357 25852 676
21357 25864 545
21322 21321 317
21322 21324 942
21322 21335 1162
21322 21337 2048
21324 21322 942
21324 21323 985
21324 21325 1191
21327 21323 806
21327 21329 1863
21327 21342 1416
21328 21323 2020
21328 21338 473
21328 21342 778
20712 20710 511
20712 20735 418
20712 21003 809
21003 20712 809
21003 21004 1352
21003 21005 1145
21005 21003 1145
21005 21004 1483
21071 21067 697
21072 21073 983
21072 21074 713
21072 21082 2014
21085 21082 201
21085 21084 1797
21085 21086 168
21085 21087 847
21092 21091 354
21092 21094 344
21092 21096 344
21095 21094 1220
21095 21238 2011
21095 21334 275
21095 21335 1398
21331 21329 1161
21331 21333 932
21331 21354 1115
21356 21333 1206
21356 21354 951
21356 21357 1139
25851 25848 1151
25851 25849 975
25851 25854 847
25851 25859 1008
21358 21344 2171
21358 21357 1099
21358 25865 818
21358 25867 588
25864 21357 545
25864 25859 948
21335 21095 1398
21335 21322 1162
21335 21336 1878
21337 21322 2048
21337 21336 1357
21337 21338 1055
21337 21339 1657
21325 21324 1191
21329 21327 1863
21329 21330 599
21329 21331 1161
21342 21327 1416
21342 21328 778
21342 21345 924
21338 21328 473
21338 21337 1055
21338 21346 1265
20710 20711 279
20710 20712 511
21073 21043 1273
21073 21048 747
21073 21072 983
21073 21081 2010
21082 21072 2014
21082 21081 847
21082 21085 201
21084 21064 1085
21084 21083 201
21084 21085 1797
21084 21231 252
21086 21085 168
21086 21088 354
21094 21092 344
21094 21093 2044
21094 21095 1220
21096 21092 344
21096 21097 847
21096 21099 1032
21238 21093 1120
21238 21095 2011
21238 21340 1293
21238 21366 1576
21333 21330 1031
21333 21331 932
21333 21344 1182
21333 21356 1206
25854 25851 847
25854 25860 2477
25859 25851 1008
25859 25864 948
21344 21332 1031
21344 21333 1182
21344 21348 1098
21344 21358 2171
25865 21358 818
25865 25862 554
25865 25866 765
25867 21358 588
25867 25871 1565
25867 25876 435
21336 21335 1878
21336 21337 1357
21336 21340 139
21339 21337 1657
21339 21346 947
21330 21329 599
21330 21332 1182
21330 21333 1031
21345 21342 924
21346 21338 1265
21346 21339 947
20711 20710 279
21043 21073 1273
21048 21073 747
21048 21083 1884
21081 21073 2010
21081 21082 847
21081 21083 950
21064 21084 1085
21083 21048 1884
21083 21081 950
21083 21084 201
21231 21084 252
21088 21086 354
21093 21094 2044
21093 21238 1120
21097 21096 847
21099 21096 1032
21340 21238 1293
21340 21336 139
21366 21238 1576
25860 25854 2477
21332 21330 1182
21332 21344 1031
21348 21344 1098
25862 25865 554
25866 25865 765
25871 25867 1565
25876 25867 435
89
20687
20862
20871
20870
20860
21032
20852
20861
21305
20730
20853
20859
20738
20894
20728
20731
20739
21307
21311
20726
20729
20744
21306
21309
25839
20724
20727
20741
21308
20725
20737
20742
34251
20722
20717
20740
21020
20721
20720
20734
20716
20743
21025
21029
20714
20733
21018
21019
20736
21027
21030
20735
21004
21028
21067
25848
20712
21003
21005
21071
21072
25851
20710
21073
21082
25854
25859
21339
21345
21346
20711
21043
21048
21081
21064
21083
21231
21088
21093
21097
21099
21340
21366
25860
21332
21348
25862
25871
25876
