24
37420 37477 511
37477 37420 511
37477 37441 511
37477 37478 2017
37441 37442 1555
37441 37477 511
37441 37479 558
37478 37472 1206
37478 37477 2017
37442 37441 1555
37479 37434 418
37479 37441 558
37479 37480 1281
37472 37478 1206
37434 37435 1810
37434 37438 650
37434 37479 418
37480 37479 1281
37435 37434 1810
37438 37434 650
37438 37439 1535
37438 37444 1209
37439 37438 1535
37444 37438 1209
13
37420
37477
37441
37478
37442
37479
37472
37434
37480
37435
37438
37439
37444
