24
250949 250951 2005
250949 251013 826
250951 250949 2005
253330 253331 788
253331 253330 788
253331 253334 764
253334 253331 764
253334 253335 764
253335 253334 764
253335 253387 708
253387 253335 708
253387 253388 756
253388 253387 756
251049 251054 1528
251013 250949 826
251054 251049 1528
251186 251189 905
251914 251915 1151
251915 251914 1151
251193 251189 516
251187 251214 1466
251189 251186 905
251189 251193 516
251214 251187 1466
32
250858
250971
250777
250949
250951
250994
252126
253313
253316
253330
253331
253334
253335
253387
253388
253405
253406
251004
251049
251013
251008
251157
251177
251180
251183
251186
251187
251214
251202
251211
251220
251224
