486
178125 178334 2171
178334 178125 2171
178334 178339 480
178334 178392 658
178339 178334 480
178339 178338 425
178339 185539 494
178392 178334 658
178392 178393 941
178338 178337 1031
178338 178339 425
178338 178548 764
185539 178339 494
178393 178392 941
178393 178394 672
178393 178545 1248
178337 178335 588
178337 178338 1031
178337 178344 556
178337 178549 840
178548 178338 764
178548 178545 764
178548 178546 396
178548 178549 905
178394 178360 1014
178394 178393 672
178394 178552 672
178545 178287 924
178545 178393 1248
178545 178548 764
178545 178553 764
178335 178336 1686
178335 178337 588
178335 178342 1120
178335 178343 708
178344 178337 556
178344 178342 452
178344 178345 504
178549 178288 168
178549 178337 840
178549 178548 905
178546 178547 276
178546 178548 396
178360 178359 840
178360 178394 1014
178552 178361 1097
178552 178394 672
178552 178553 672
178287 178286 252
178287 178288 516
178287 178545 924
178553 178363 1279
178553 178545 764
178553 178552 672
178553 178580 905
178336 178335 1686
178342 178293 279
178342 178335 1120
178342 178344 452
178343 178294 1356
178343 178335 708
178343 178340 930
178343 185376 1234
178345 178344 504
178288 178287 516
178288 178289 490
178288 178549 168
178547 178546 276
178359 178358 1906
178359 178360 840
178359 178395 629
178361 178362 445
178361 178363 782
178361 178552 1097
178286 178285 1096
178286 178287 252
178286 178580 598
178363 178361 782
178363 178364 782
178363 178553 1279
178580 178286 598
178580 178350 1090
178580 178365 672
178580 178553 905
178293 178290 1008
178293 178294 788
178293 178342 279
178294 178293 788
178294 178295 788
178294 178343 1356
178340 178295 1533
178340 178341 524
178340 178343 930
178340 185375 1576
185376 178343 1234
178289 178288 490
178289 178290 735
178358 178354 649
178358 178359 1906
178358 178372 1208
178358 178583 557
178395 178359 629
178395 178396 708
178395 178583 1222
178362 178361 445
178285 178284 129
178285 178286 1096
178285 178350 597
178364 178356 275
178364 178363 782
178364 178366 168
178350 178285 597
178350 178349 135
178350 178580 1090
178365 178346 1124
178365 178366 681
178365 178580 672
178290 178289 735
178290 178291 275
178290 178292 238
178290 178293 1008
178295 178294 788
178295 178296 826
178295 178340 1533
178341 178333 324
178341 178340 524
178341 185374 1352
185375 178340 1576
178354 178355 1208
178354 178356 354
178354 178358 649
178372 178355 649
178372 178358 1208
178372 178581 557
178583 178358 557
178583 178395 1222
178583 178396 1205
178583 178582 604
178396 178395 708
178396 178397 451
178396 178583 1205
178284 178285 129
178356 178351 1082
178356 178354 354
178356 178364 275
178366 178347 1139
178366 178364 168
178366 178365 681
178349 178350 135
178346 178347 598
178346 178348 336
178346 178365 1124
178291 178290 275
178292 178290 238
178296 178295 826
178296 178297 877
178296 178333 1768
178333 178296 1768
178333 178331 750
178333 178341 324
178333 185751 1356
185374 178341 1352
178355 178354 1208
178355 178357 1160
178355 178372 649
178355 178384 336
178581 178372 557
178581 178582 604
178581 185541 407
178582 178581 604
178582 178583 604
178582 185540 927
178397 178396 451
178397 178398 1555
178351 178352 254
178351 178356 1082
178347 178346 598
178347 178353 434
178347 178366 1139
178348 178346 336
178297 178296 877
178297 178298 750
178297 178331 1830
178331 178297 1830
178331 178332 806
178331 178333 750
178331 185373 1395
185751 178333 1356
178357 178355 1160
178384 178355 336
178384 178381 475
178384 178383 884
185541 178581 407
185541 185544 798
185540 178582 927
178398 178397 1555
178398 178399 2820
178398 178410 796
178352 178351 254
178353 178347 434
178298 178297 750
178298 178299 676
178298 178332 1730
178332 178298 1730
178332 178300 750
178332 178331 806
178332 185372 1457
185373 178331 1395
178381 178380 672
178381 178382 737
178381 178384 475
178381 185360 1299
178383 178380 750
178383 178384 884
185544 185541 798
178399 178398 2820
178399 178400 1761
178399 178407 893
178410 178398 796
178410 178411 704
178299 178298 676
178299 178300 1768
178300 178299 1768
178300 178301 536
178300 178321 1932
178300 178332 750
185372 178332 1457
178380 178378 201
178380 178381 672
178380 178383 750
178382 178379 696
178382 178381 737
178382 178391 536
185360 178381 1299
178400 178399 1761
178400 178401 1701
178400 178409 473
178407 178399 893
178407 178408 242
178407 178413 336
178411 178410 704
178411 178412 816
178301 178300 536
178301 178302 1797
178301 178323 275
178321 178300 1932
178321 178322 1028
178321 178328 349
178321 178330 354
178378 178379 403
178378 178380 201
178378 185533 836
178379 178378 403
178379 178382 696
178379 178390 536
178391 178382 536
178391 178388 676
178391 178390 696
178401 178400 1701
178409 178400 473
178409 178408 937
178409 178427 368
178408 178407 242
178408 178409 937
178413 178407 336
178413 178412 826
178412 178411 816
178412 178413 826
178302 178301 1797
178323 178301 275
178323 178322 1630
178323 178325 516
178322 178321 1028
178322 178323 1630
178322 178324 111
178328 178321 349
178328 178329 261
178328 185691 1200
178330 178321 354
185533 178378 836
185533 185534 360
185533 185542 760
178390 178379 536
178390 178387 604
178390 178391 696
178390 185535 1437
178388 178387 649
178388 178389 536
178388 178391 676
178388 178402 1014
178427 178409 368
178427 178424 746
178325 178316 708
178325 178323 516
178325 185358 1161
178324 178316 1719
178324 178322 111
178324 178326 346
178329 178328 261
178329 185692 407
185691 178326 723
185691 178328 1200
185534 185533 360
185542 185533 760
185542 185543 178
185542 185545 395
178387 178386 737
178387 178388 649
178387 178390 604
178387 185536 1445
185535 178390 1437
178389 178385 139
178389 178388 536
178389 178402 713
178402 178388 1014
178402 178389 713
178402 185361 238
178402 185362 1336
178424 178376 1142
178424 178404 354
178424 178427 746
178316 178317 1848
178316 178318 847
178316 178324 1719
178316 178325 708
185358 178325 1161
178326 178324 346
178326 178327 1068
178326 185691 723
185692 178329 407
185692 185693 522
185692 185694 436
185543 185542 178
185545 185542 395
178386 178385 696
178386 178387 737
178386 178405 737
178386 185537 1263
185536 178387 1445
178385 178386 696
178385 178389 139
178385 178406 604
185361 178402 238
185362 178402 1336
178376 178375 1341
178376 178424 1142
178404 178403 611
178404 178405 536
178404 178424 354
178404 185403 932
178317 178316 1848
178317 178320 664
178317 185359 403
178317 185947 205
178318 178310 201
178318 178316 847
178318 178319 1483
178327 178311 1025
178327 178326 1068
178327 178513 2110
185693 185692 522
185694 178510 1114
185694 185692 436
178405 178386 737
178405 178404 536
178405 178406 672
178405 185538 1167
185537 178386 1263
178406 178385 604
178406 178403 604
178406 178405 672
178375 178374 1611
178375 178376 1341
178375 178426 344
178403 178367 275
178403 178404 611
178403 178406 604
185403 178404 932
178320 178232 1219
178320 178317 664
185359 178317 403
185947 178317 205
178310 178311 2279
178310 178318 201
178319 178318 1483
178311 178303 1398
178311 178310 2279
178311 178327 1025
178513 178304 1102
178513 178327 2110
178513 178514 275
178510 178508 1398
178510 178514 869
178510 185694 1114
185538 178405 1167
178374 178373 373
178374 178375 1611
178374 178431 475
178426 178375 344
178426 178437 511
178367 178368 1377
178367 178369 303
178367 178403 275
178232 178214 238
178232 178233 511
178232 178320 1219
178303 178304 747
178303 178309 750
178303 178311 1398
178304 178303 747
178304 178513 1102
178514 178510 869
178514 178513 275
178514 178515 649
178508 178507 764
178508 178509 175
178508 178510 1398
178373 178374 373
178373 178377 2687
178373 178425 5229
178431 178374 475
178431 178432 983
178431 178436 524
178437 178426 511
178437 178436 1009
178437 185363 983
178368 178367 1377
178368 178371 333
178368 178377 253
178369 178367 303
178369 178370 258
178214 178232 238
178214 178234 372
178233 178232 511
178309 178303 750
178309 178308 1205
178309 178312 1466
178515 178505 1713
178515 178514 649
178507 178506 782
178507 178508 764
178507 178512 1115
178509 178504 1270
178509 178508 175
178377 178368 253
178377 178373 2687
178425 178373 5229
178425 178448 1106
178425 185365 1842
178432 178431 983
178436 178431 524
178436 178437 1009
185363 178437 983
178371 178368 333
178370 178369 258
178234 178214 372
178308 178309 1205
178308 178313 445
178312 178309 1466
178312 178313 925
178505 178515 1713
178506 178507 782
178512 178500 1548
178512 178507 1115
178512 178511 905
178504 178503 461
178504 178509 1270
178448 178419 1885
178448 178425 1106
178448 185365 1139
185365 178425 1842
185365 178448 1139
185365 186188 989
185365 186188 989
178313 178308 445
178313 178312 925
178313 178314 139
178500 178491 445
178500 178512 1548
178511 178512 905
178503 178504 461
178419 178448 1885
186188 185365 989
186188 185365 989
178314 178313 139
178491 178500 445
200
178125
178334
178339
178392
178338
185539
178393
178337
178548
178394
178545
178335
178344
178549
178546
178360
178552
178287
178553
178336
178342
178343
178345
178288
178547
178359
178361
178286
178363
178580
178293
178294
178340
185376
178289
178358
178395
178362
178285
178364
178350
178365
178290
178295
178341
185375
178354
178372
178583
178396
178284
178356
178366
178349
178346
178291
178292
178296
178333
185374
178355
178581
178582
178397
178351
178347
178348
178297
178331
185751
178357
178384
185541
185540
178398
178352
178353
178298
178332
185373
178381
178383
185544
178399
178410
178299
178300
185372
178380
178382
185360
178400
178407
178411
178301
178321
178378
178379
178391
178401
178409
178408
178413
178412
178302
178323
178322
178328
178330
185533
178390
178388
178427
178325
178324
178329
185691
185534
185542
178387
185535
178389
178402
178424
178316
185358
178326
185692
185543
185545
178386
185536
178385
185361
185362
178376
178404
178317
178318
178327
185693
185694
178405
185537
178406
178375
178403
185403
178320
185359
185947
178310
178319
178311
178513
178510
185538
178374
178426
178367
178232
178303
178304
178514
178508
178373
178431
178437
178368
178369
178214
178233
178309
178515
178507
178509
178377
178425
178432
178436
185363
178371
178370
178234
178308
178312
178505
178506
178512
178504
178448
185365
178313
178500
178511
178503
178419
186188
178314
178491
