498
176224 177204 612
177204 176224 612
177204 177281 2010
177281 177204 2010
177281 177280 1397
177281 177283 540
177280 177281 1397
177280 177282 276
177280 177288 751
177283 177281 540
177282 177280 276
177282 177284 355
177288 177280 751
177288 177289 789
177284 177279 1181
177284 177282 355
177284 177285 1836
177289 177288 789
177289 177290 528
177279 176235 630
177279 177278 1446
177279 177284 1181
177285 177278 1009
177285 177284 1836
177290 177289 528
177290 177291 692
176235 176234 2482
176235 176243 836
176235 177279 630
177278 177279 1446
177278 177285 1009
177291 177290 692
177291 177355 1131
176234 176227 337
176234 176232 713
176234 176235 2482
176243 176232 2723
176243 176235 836
176243 176244 1146
177355 177291 1131
177355 177356 3288
176227 176228 552
176227 176234 337
176232 176233 1032
176232 176234 713
176232 176243 2723
176244 176243 1146
176244 177296 810
177356 177355 3288
177356 177484 1751
176228 176227 552
176233 176232 1032
176233 176242 984
177296 176244 810
177484 177356 1751
177484 177483 1267
177484 177515 443
176242 176233 984
177483 177481 562
177483 177484 1267
177483 177514 1540
177515 177384 205
177515 177484 443
177515 185511 2858
177481 177480 1282
177481 177483 562
177514 177385 1608
177514 177483 1540
177514 177498 413
177384 177321 782
177384 177385 1582
177384 177515 205
185511 177515 2858
177480 177477 1796
177480 177481 1282
177480 177496 766
177385 177384 1582
177385 177386 2455
177385 177514 1608
177498 177496 667
177498 177497 1435
177498 177514 413
177321 177322 5289
177321 177323 1336
177321 177364 3537
177321 177384 782
177477 177475 870
177477 177478 630
177477 177480 1796
177496 177475 1897
177496 177480 766
177496 177494 682
177496 177498 667
177386 177385 2455
177386 177387 1268
177386 177516 1484
177497 177493 672
177497 177498 1435
177497 177517 1852
177322 177321 5289
177323 177321 1336
177323 177324 1036
177323 177360 1555
177364 177321 3537
177364 177363 1004
177364 177365 849
177475 177476 751
177475 177477 870
177475 177496 1897
177478 177477 630
177478 177482 1004
177494 177476 2118
177494 177493 673
177494 177496 682
177387 177367 667
177387 177386 1268
177387 177516 667
177516 177386 1484
177516 177387 667
177516 177517 688
177493 177492 783
177493 177494 673
177493 177497 672
177493 177518 1856
177517 177497 1852
177517 177516 688
177517 177518 782
177324 177317 464
177324 177323 1036
177324 177325 2224
177360 177323 1555
177360 177361 562
177360 177362 1603
177363 177362 673
177363 177364 1004
177365 177364 849
177365 177366 893
177365 177367 850
177476 177475 751
177476 177491 790
177476 177494 2118
177482 177478 1004
177367 177365 850
177367 177387 667
177492 177493 783
177492 177495 782
177492 177511 1698
177518 177493 1856
177518 177511 893
177518 177517 782
177317 177318 1749
177317 177324 464
177317 177359 2350
177325 177324 2224
177361 177360 562
177362 177360 1603
177362 177363 673
177362 177377 581
177366 177365 893
177491 177476 790
177491 177490 565
177491 177495 782
177495 177491 782
177495 177492 782
177495 177509 1781
177511 177492 1698
177511 177509 778
177511 177518 893
177318 177317 1749
177318 177319 563
177318 186082 718
177359 177317 2350
177377 177362 581
177490 177486 1516
177490 177491 565
177509 177495 1781
177509 177508 672
177509 177511 778
177319 177318 563
177319 177320 673
177319 177329 889
177319 177358 2200
186082 177318 718
177486 177479 2213
177486 177485 1234
177486 177490 1516
177486 177508 1114
177486 177512 600
177508 177486 1114
177508 177509 672
177508 177510 1183
177508 177513 505
177320 177319 673
177329 177319 889
177358 177319 2200
177479 177277 3300
177479 177472 1032
177479 177486 2213
177485 177486 1234
177485 177489 672
177485 177507 599
177512 177486 600
177512 177507 1234
177510 177508 1183
177513 177508 505
177277 177479 3300
177472 177471 906
177472 177474 511
177472 177479 1032
177489 177485 672
177489 177488 672
177507 177485 599
177507 177512 1234
177471 177463 2813
177471 177472 906
177471 177473 452
177474 177466 810
177474 177472 511
177474 177487 642
177488 177462 599
177488 177489 672
177488 177506 893
177463 177471 2813
177473 177471 452
177466 177465 452
177466 177467 1855
177466 177474 810
177487 177474 642
177462 177456 2468
177462 177461 1010
177462 177488 599
177506 177488 893
177506 177505 667
177465 177443 1283
177465 177461 1469
177465 177466 452
177467 177466 1855
177467 177468 373
177456 177452 1153
177456 177457 757
177456 177462 2468
177461 177449 1004
177461 177462 1010
177461 177465 1469
177505 177457 782
177505 177506 667
177443 177444 2685
177443 177445 552
177443 177465 1283
177468 177467 373
177452 177449 984
177452 177451 537
177452 177456 1153
177457 177456 757
177457 177460 778
177457 177505 782
177449 177444 589
177449 177452 984
177449 177461 1004
177444 177443 2685
177444 177447 2965
177444 177449 589
177445 177443 552
177445 177446 447
177451 177450 1100
177451 177452 537
177451 177455 2496
177460 177457 778
177460 177459 782
177447 177444 2965
177447 177446 585
177446 177445 447
177446 177447 585
177450 177448 3167
177450 177451 1100
177455 177451 2496
177455 177453 452
177455 177454 789
177459 177458 782
177459 177460 782
177448 177428 2668
177448 177442 926
177448 177450 3167
177448 177453 932
177453 177141 3683
177453 177448 932
177453 177455 452
177454 177139 3912
177454 177455 789
177454 177458 765
177458 177454 765
177458 177459 782
177458 177499 782
177428 177142 672
177428 177429 3199
177428 177448 2668
177442 177429 926
177442 177432 2578
177442 177448 926
177141 177139 757
177141 177142 789
177141 177453 3683
177139 177140 682
177139 177141 757
177139 177454 3912
177499 177458 782
177499 177502 672
177142 177141 789
177142 177143 1000
177142 177428 672
177429 177428 3199
177429 177430 842
177429 177432 2623
177429 177442 926
177432 177429 2623
177432 177442 2578
177140 177139 682
177140 177144 667
177140 177154 344
177502 177499 672
177502 177501 782
177143 177136 276
177143 177142 1000
177143 177426 3142
177430 177425 709
177430 177429 842
177144 177120 2468
177144 177140 667
177154 177140 344
177154 177153 1551
177154 177500 782
177501 177500 782
177501 177502 782
177501 177504 1531
177136 177134 558
177136 177137 673
177136 177143 276
177426 177143 3142
177426 177425 1373
177425 177426 1373
177425 177430 709
177120 177119 2033
177120 177121 1675
177120 177138 1086
177120 177144 2468
177153 177154 1551
177153 177503 893
177500 177154 782
177500 177501 782
177500 177503 1531
177504 177501 1531
177504 177503 782
177134 177130 1864
177134 177135 418
177134 177136 558
177137 177131 932
177137 177136 673
177137 177423 810
177119 177120 2033
177119 177150 677
177121 177109 1897
177121 177120 1675
177121 177123 932
177138 177120 1086
177138 177123 2358
177138 177135 1086
177503 177153 893
177503 177500 1531
177503 177504 782
177130 177060 1716
177130 177129 889
177130 177131 782
177130 177134 1864
177135 177133 511
177135 177134 418
177135 177138 1086
177131 177054 1687
177131 177130 782
177131 177137 932
177131 177423 558
177423 177131 558
177423 177137 810
177150 177119 677
177150 177151 445
177109 177108 1016
177109 177112 2248
177109 177121 1897
177123 177121 932
177123 177124 1454
177123 177138 2358
177060 177051 667
177060 177054 562
177060 177130 1716
177129 177052 1698
177129 177128 893
177129 177130 889
177129 177133 1855
177133 177129 1855
177133 177132 1004
177133 177135 511
177054 177060 562
177054 177131 1687
177151 177149 1344
177151 177150 445
177108 177109 1016
177108 177110 445
177108 177124 452
177112 177105 1225
177112 177109 2248
177112 177116 517
177124 177108 452
177124 177123 1454
177124 177127 1631
177051 177052 333
177051 177060 667
177052 177027 1014
177052 177051 333
177052 177129 1698
177128 177008 893
177128 177027 1771
177128 177129 893
177128 177132 1864
177132 177126 893
177132 177128 1864
177132 177133 1004
177149 177151 1344
177149 177152 435
177110 177099 1143
177110 177108 445
177110 177111 782
177105 177073 870
177105 177104 1225
177105 177112 1225
177116 177112 517
177116 177114 688
177127 177124 1631
177127 177125 849
177127 177126 782
177027 177009 782
177027 177028 673
177027 177052 1014
177027 177128 1771
177008 177009 1781
177008 177015 796
177008 177126 1864
177008 177128 893
177126 177008 1864
177126 177127 782
177126 177132 893
177152 177149 435
177099 177100 1796
177099 177101 788
177099 177110 1143
177111 177100 1009
177111 177110 782
177111 177113 517
177073 177022 1141
177073 177074 890
177073 177105 870
177104 176973 2002
177104 177105 1225
177104 177117 421
177114 177115 1066
177114 177116 688
177125 177015 1099
177125 177107 667
177125 177127 849
177009 177008 1781
177009 177010 344
177009 177027 782
177028 177027 673
177015 177008 796
177015 177013 556
177015 177125 1099
177100 177074 778
177100 177099 1796
177100 177111 1009
177101 177099 788
177101 177102 1982
177101 177107 778
177113 177111 517
177022 177001 673
177022 177019 3110
177022 177073 1141
177074 177073 890
177074 177100 778
176973 177104 2002
177117 177104 421
177115 177114 1066
177107 177013 1116
177107 177101 778
177107 177125 667
177010 177009 344
177013 177015 556
177013 177107 1116
177102 177101 1982
177001 177022 673
177019 177022 3110
200
176224
177204
177281
177280
177283
177282
177288
177284
177289
177279
177285
177290
176235
177278
177291
176234
176243
177355
176227
176232
176244
177356
176228
176233
177296
177484
176242
177483
177515
177481
177514
177384
185511
177480
177385
177498
177321
177477
177496
177386
177497
177322
177323
177364
177475
177478
177494
177387
177516
177493
177517
177324
177360
177363
177365
177476
177482
177367
177492
177518
177317
177325
177361
177362
177366
177491
177495
177511
177318
177359
177377
177490
177509
177319
186082
177486
177508
177320
177329
177358
177479
177485
177512
177510
177513
177277
177472
177489
177507
177471
177474
177488
177463
177473
177466
177487
177462
177506
177465
177467
177456
177461
177505
177443
177468
177452
177457
177449
177444
177445
177451
177460
177447
177446
177450
177455
177459
177448
177453
177454
177458
177428
177442
177141
177139
177499
177142
177429
177432
177140
177502
177143
177430
177144
177154
177501
177136
177426
177425
177120
177153
177500
177504
177134
177137
177119
177121
177138
177503
177130
177135
177131
177423
177150
177109
177123
177060
177129
177133
177054
177151
177108
177112
177124
177051
177052
177128
177132
177149
177110
177105
177116
177127
177027
177008
177126
177152
177099
177111
177073
177104
177114
177125
177009
177028
177015
177100
177101
177113
177022
177074
176973
177117
177115
177107
177010
177013
177102
177001
177019
