40
128834 128835 1537
128834 128878 664
128835 128834 1537
128878 128834 664
128878 128879 1125
128878 128880 645
128879 128878 1125
128880 128878 645
128880 128882 808
128880 128981 1030
128882 128880 808
128882 128982 874
128882 128985 1884
128981 128880 1030
128982 128882 874
128982 128984 673
128982 128985 1933
128985 128882 1884
128985 128982 1933
128985 128986 631
128984 128982 673
128984 128986 2586
128984 128987 477
128986 128984 2586
128986 128985 631
128987 128983 976
128987 128984 477
128987 128988 511
128983 128987 976
128988 128987 511
128988 128999 2532
128999 128988 2532
128999 129001 1081
129001 128934 1140
129001 128999 1081
129001 129022 874
128934 129000 436
128934 129001 1140
129022 129001 874
129000 128934 436
19
128834
128835
128878
128879
128880
128882
128981
128982
128985
128984
128986
128987
128983
128988
128999
129001
128934
129022
129000
