582
134817 134818 963
134817 134820 637
134817 139335 109
134818 134817 963
134818 139333 23
134818 139334 742
134820 134817 637
134820 139339 475
134820 139342 581
139335 134817 109
139335 139345 466
139333 134818 23
139333 139311 1663
139333 139338 599
139334 134818 742
139334 139330 1530
139334 139337 905
139334 139343 1120
139339 134820 475
139339 139338 475
139339 139340 599
139342 134820 581
139342 134885 456
139342 139324 551
139342 139345 767
139345 139335 466
139345 139342 767
139345 139343 778
139345 139344 330
139311 139306 848
139311 139309 1798
139311 139330 841
139311 139333 1663
139338 139313 252
139338 139333 599
139338 139339 475
139338 139646 202
139330 139311 841
139330 139329 2139
139330 139334 1530
139330 139336 932
139337 139334 905
139337 139336 1293
139343 139334 1120
139343 139345 778
139343 139350 612
139343 139361 1009
139340 139339 599
134885 134884 408
134885 139328 616
134885 139342 456
139324 139322 551
139324 139323 1636
139324 139342 551
139344 134884 432
139344 139345 330
139344 139348 279
139306 139304 932
139306 139305 1695
139306 139311 848
139306 139313 1663
139309 139305 870
139309 139307 951
139309 139311 1798
139309 139329 827
139313 139306 1663
139313 139323 276
139313 139338 252
139646 139338 202
139329 139309 827
139329 139310 139
139329 139330 2139
139336 139330 932
139336 139337 1293
139336 139356 903
139350 139343 612
139350 139362 139
139350 139365 951
139361 139343 1009
134884 134885 408
134884 134886 454
134884 139344 432
139328 134885 616
139328 139327 589
139328 139341 2217
139322 139319 1695
139322 139324 551
139322 139327 222
139323 139313 276
139323 139319 709
139323 139324 1636
139348 134886 474
139348 139344 279
139348 139351 1576
139348 139352 403
139304 139297 1530
139304 139303 847
139304 139306 932
139304 139312 951
139305 139202 1907
139305 139203 870
139305 139306 1695
139305 139309 870
139307 139202 1372
139307 139308 517
139307 139309 951
139310 139218 475
139310 139308 751
139310 139329 139
139310 139331 2558
139356 139336 903
139356 139357 1031
139356 139368 332
139362 139350 139
139362 139352 476
139362 139363 650
139365 139350 951
134886 134884 454
134886 139348 474
134886 139349 1437
139327 139318 589
139327 139322 222
139327 139328 589
139341 139328 2217
139341 139349 336
139341 139369 474
139319 139312 924
139319 139320 589
139319 139322 1695
139319 139323 709
139351 139348 1576
139351 139349 476
139351 139353 476
139351 139371 511
139352 139348 403
139352 139353 1622
139352 139362 476
139297 139295 1386
139297 139296 796
139297 139298 924
139297 139304 1530
139303 139203 713
139303 139296 1364
139303 139304 847
139312 139298 1613
139312 139304 951
139312 139319 924
139202 139200 1122
139202 139305 1907
139202 139307 1372
139203 139200 2510
139203 139201 1281
139203 139303 713
139203 139305 870
139308 139307 517
139308 139310 751
139218 139217 3481
139218 139231 1339
139218 139275 581
139218 139310 475
139218 139332 709
139331 139310 2558
139331 139355 983
139357 139355 202
139357 139356 1031
139357 139359 905
139368 139356 332
139363 139362 650
139363 139364 927
139363 139366 878
139349 134886 1437
139349 139341 336
139349 139351 476
139318 139317 1281
139318 139326 610
139318 139327 589
139369 139341 474
139369 139370 418
139369 139371 677
139320 139314 1116
139320 139319 589
139320 139321 475
139353 139351 476
139353 139352 1622
139353 139364 403
139371 139351 511
139371 139369 677
139371 139372 418
139371 139373 878
139295 139177 870
139295 139294 951
139295 139297 1386
139295 139300 951
139296 139201 688
139296 139294 1530
139296 139297 796
139296 139303 1364
139298 139297 924
139298 139300 1305
139298 139312 1613
139298 139314 905
139200 139197 1063
139200 139199 870
139200 139202 1122
139200 139203 2510
139201 139199 2388
139201 139203 1281
139201 139293 757
139201 139296 688
139217 139097 6529
139217 139215 1344
139217 139218 3481
139231 139214 903
139231 139218 1339
139275 139218 581
139275 139232 878
139275 139271 713
139275 139276 905
139332 139218 709
139332 139282 1430
139355 139331 983
139355 139357 202
139359 139357 905
139359 139360 1022
139364 139353 403
139364 139363 927
139364 139367 951
139364 139373 510
139366 139363 878
139317 139316 418
139317 139318 1281
139317 139326 1063
139326 139317 1063
139326 139318 610
139326 139325 475
139370 139369 418
139370 139372 677
139370 139377 373
139314 139298 905
139314 139302 1116
139314 139315 688
139314 139320 1116
139321 139315 1180
139321 139320 475
139321 139325 344
139372 139370 677
139372 139371 418
139372 139375 878
139372 139376 511
139373 139364 510
139373 139371 878
139373 139374 139
139177 139174 1695
139177 139176 789
139177 139295 870
139177 139299 1768
139294 139175 818
139294 139295 951
139294 139296 1530
139300 139295 951
139300 139298 1305
139300 139302 848
139197 139195 1302
139197 139199 581
139197 139200 1063
139199 139197 581
139199 139198 827
139199 139200 870
139199 139201 2388
139293 139175 848
139293 139198 2063
139293 139201 757
139097 139078 2365
139097 139191 309
139097 139215 5573
139097 139217 6529
139215 139097 5573
139215 139126 3032
139215 139214 2651
139215 139217 1344
139214 139126 5483
139214 139215 2651
139214 139231 903
139232 139230 709
139232 139271 551
139232 139275 878
139271 139232 551
139271 139272 1188
139271 139274 677
139271 139275 713
139276 139274 1426
139276 139275 905
139276 139282 1180
139282 139276 1180
139282 139281 2110
139282 139291 1258
139282 139332 1430
139360 139359 1022
139360 139510 1990
139367 139364 951
139316 139315 344
139316 139317 418
139316 139325 1180
139325 139316 1180
139325 139321 344
139325 139326 475
139377 139370 373
139377 139376 709
139377 139378 418
139302 139299 951
139302 139300 848
139302 139314 1116
139315 139314 688
139315 139316 344
139315 139321 1180
139375 139372 878
139375 139374 279
139375 139384 511
139376 139372 511
139376 139377 709
139376 139380 373
139376 139384 878
139374 139373 139
139374 139375 279
139374 139383 354
139174 139130 1663
139174 139171 751
139174 139175 983
139174 139177 1695
139176 139171 1560
139176 139173 629
139176 139177 789
139176 139181 796
139299 139177 1768
139299 139182 870
139299 139302 951
139175 139133 1831
139175 139174 983
139175 139293 848
139175 139294 818
139195 139127 276
139195 139196 713
139195 139197 1302
139198 139133 1180
139198 139196 847
139198 139199 827
139198 139293 2063
139078 139079 2430
139078 139090 476
139078 139091 605
139078 139097 2365
139191 139096 966
139191 139097 309
139191 139098 542
139191 139211 5581
139126 139070 1026
139126 139214 5483
139126 139215 3032
139230 139216 806
139230 139224 610
139230 139232 709
139272 139268 629
139272 139271 1188
139272 139564 882
139272 139685 480
139274 139268 1085
139274 139271 677
139274 139276 1426
139274 139278 354
139281 139278 599
139281 139280 841
139281 139282 2110
139291 139280 2645
139291 139282 1258
139291 139358 973
139510 139360 1990
139510 139508 169
139378 139377 418
139378 139379 551
139378 139380 629
139384 139347 139
139384 139375 511
139384 139376 878
139380 139376 373
139380 139378 629
139380 139381 418
139380 139385 878
139383 139374 354
139130 139124 1831
139130 139129 677
139130 139133 878
139130 139174 1663
139171 139129 1636
139171 139170 629
139171 139174 751
139171 139176 1560
139173 139170 1560
139173 139172 789
139173 139176 629
139181 139176 796
139181 139179 1305
139181 139182 951
139182 139180 1280
139182 139181 951
139182 139299 870
139182 139301 452
139133 139130 878
139133 139132 847
139133 139175 1831
139133 139198 1180
139127 139125 2016
139127 139128 1026
139127 139195 276
139196 139132 1180
139196 139195 713
139196 139198 847
139079 138995 2484
139079 139078 2430
139090 139078 476
139090 139080 2365
139090 139082 806
139090 139121 5351
139091 139078 605
139091 139081 2459
139091 139093 806
139091 139096 1256
139096 139091 1256
139096 139098 1109
139096 139191 966
139098 139096 1109
139098 139189 806
139098 139191 542
139098 139192 1484
139211 139191 5581
139211 139210 1598
139070 138674 5284
139070 139113 354
139070 139119 951
139070 139122 827
139070 139125 511
139070 139126 1026
139216 139210 418
139216 139224 435
139216 139230 806
139224 139216 435
139224 139222 1398
139224 139230 610
139224 139270 369
139268 139269 824
139268 139272 629
139268 139274 1085
139268 139277 629
139564 139272 882
139685 139270 302
139685 139272 480
139278 139274 354
139278 139277 1124
139278 139281 599
139280 139279 1322
139280 139281 841
139280 139291 2645
139280 139292 841
139358 139291 973
139358 139506 483
139358 139650 2403
139508 139509 827
139508 139510 169
139508 139511 2350
139379 139378 551
139379 139381 354
139379 139382 976
139347 139346 164
139347 139384 139
139347 139386 878
139381 139379 354
139381 139380 418
139381 139387 380
139381 139389 878
139385 139346 74
139385 139380 878
139385 139388 139
139124 139112 2204
139124 139114 751
139124 139128 905
139124 139130 1831
139129 139114 1867
139129 139115 878
139129 139130 677
139129 139171 1636
139170 139115 1494
139170 139163 905
139170 139171 629
139170 139173 1560
139172 139163 1494
139172 139168 789
139172 139173 789
139172 139179 713
139179 139172 713
139179 139180 769
139179 139181 1305
139180 139178 903
139180 139179 769
139180 139182 1280
139301 139182 452
139132 139128 847
139132 139133 847
139132 139196 1180
139125 139070 511
139125 139113 677
139125 139127 2016
139125 139128 1730
139128 139124 905
139128 139125 1730
139128 139127 1026
139128 139132 847
138995 138952 3525
138995 138999 403
138995 139002 676
138995 139079 2484
139080 138999 2504
139080 139076 806
139080 139090 2365
139082 139076 2365
139082 139090 806
139121 139090 5351
139081 139002 2411
139081 139091 2459
139093 139091 806
139093 139189 2365
139189 139093 2365
139189 139098 806
139192 139098 1484
139210 139211 1598
139210 139216 418
138674 139070 5284
139113 139070 354
139113 139112 476
139113 139125 677
139119 139070 951
139122 139070 827
139222 139224 1398
139270 139224 369
139270 139685 302
139269 139268 824
139277 139268 629
139277 139278 1124
139279 139280 1322
139292 139280 841
139292 139650 610
139506 139358 483
139650 139292 610
139650 139358 2403
139509 139508 827
139511 139508 2350
139382 139379 976
139346 139347 164
139346 139385 74
139386 139347 878
139387 139381 380
139389 139381 878
139389 139388 279
139388 139385 139
139388 139389 279
139112 139113 476
139112 139124 2204
139114 139124 751
139114 139129 1867
139115 139129 878
139115 139170 1494
139163 139170 905
139163 139172 1494
139168 139172 789
139168 139178 1274
139178 139168 1274
139178 139180 903
138952 138995 3525
138999 138995 403
138999 139080 2504
139002 138995 676
139002 139081 2411
139076 139080 806
139076 139082 2365
33
139082
139121
139081
139093
139189
139210
138674
139113
139119
139122
139222
139277
139279
139292
139506
139650
139509
139511
139382
139346
139387
139389
139388
139112
139114
139115
139163
139168
139178
138952
138999
139002
139076
