40
89886 89901 853
89886 90321 562
89901 89886 853
89901 89900 686
89901 90322 562
90321 89886 562
90321 90320 344
90321 90322 853
89900 89899 688
89900 89901 686
90322 89901 562
90322 90318 452
90322 90321 853
90320 90317 452
90320 90321 344
90320 90344 957
89899 89898 254
89899 89900 688
89899 90318 712
90318 89899 712
90318 90317 957
90318 90322 452
90317 90318 957
90317 90320 452
90344 90320 957
90344 90345 1047
89898 89897 562
89898 89899 254
90345 90344 1047
90345 90347 408
89897 89898 562
89897 90319 769
90347 90345 408
90347 90346 631
90347 91236 550
90319 89897 769
90346 90347 631
91236 90347 550
91236 91799 989
91799 91236 989
18
89886
89901
90321
89900
90322
90320
89899
90318
90317
90344
89898
90345
89897
90347
90319
90346
91236
91799
