460
6906 6907 1239
6906 6908 106
6906 32140 787
6907 6906 1239
6907 6958 3862
6907 6959 1121
6908 6906 106
6908 6919 2292
6908 32095 2836
32140 6906 787
32140 32139 1623
32140 32142 2332
6958 6907 3862
6958 6969 1845
6959 6907 1121
6959 6960 2359
6919 6908 2292
32095 6908 2836
32095 32086 2305
32095 32091 2249
32095 32094 918
32139 32140 1623
32142 32133 1165
32142 32140 2332
32142 32143 695
6969 6958 1845
6969 6968 873
6960 6959 2359
6960 6968 1768
32086 32085 3584
32086 32092 736
32086 32095 2305
32091 32090 2619
32091 32094 2572
32091 32095 2249
32094 32091 2572
32094 32093 153
32094 32095 918
32133 32131 1069
32133 32141 1147
32133 32142 1165
32143 32142 695
32143 32144 801
32143 32145 446
6968 6960 1768
6968 6969 873
32085 32084 577
32085 32086 3584
32092 32086 736
32092 32090 2778
32092 32093 2285
32090 32088 527
32090 32091 2619
32090 32092 2778
32090 32093 755
32093 32090 755
32093 32092 2285
32093 32094 153
32131 32130 1584
32131 32133 1069
32141 32133 1147
32144 6962 2823
32144 32143 801
32144 32147 517
32145 6963 3416
32145 32143 446
32145 32152 2298
32084 32085 577
32088 32087 484
32088 32089 3236
32088 32090 527
32130 32129 846
32130 32131 1584
32130 32132 1883
6962 6961 1341
6962 6963 3204
6962 32144 2823
32147 32144 517
32147 32146 339
6963 6962 3204
6963 6964 422
6963 32145 3416
32152 32145 2298
32087 32068 2230
32087 32088 484
32087 32129 1297
32089 32088 3236
32129 32087 1297
32129 32101 1235
32129 32130 846
32132 32106 1044
32132 32130 1883
32132 32134 1669
6961 6962 1341
6961 6965 1927
6961 35215 2174
32146 32136 1323
32146 32147 339
6964 6963 422
32068 32067 2586
32068 32087 2230
32101 32099 1735
32101 32129 1235
32106 32104 1462
32106 32107 1498
32106 32132 1044
32106 32135 1668
32134 32132 1669
32134 34657 658
6965 6961 1927
35215 6961 2174
32136 32107 1337
32136 32137 1815
32136 32146 1323
32067 32068 2586
32067 34047 7390
32099 32100 446
32099 32101 1735
32104 32105 466
32104 32106 1462
32104 32107 2658
32107 32104 2658
32107 32106 1498
32107 32136 1337
32107 32138 1973
32135 32106 1668
32135 34658 345
34657 32134 658
34657 34658 391
32137 32121 1766
32137 32136 1815
32137 32138 268
32137 32148 1094
34047 32067 7390
34047 32098 432
34047 32100 390
32100 32099 446
32100 34047 390
32105 32104 466
32138 32107 1973
32138 32137 268
32138 34737 2060
34658 32135 345
34658 34657 391
32121 32122 1820
32121 32123 984
32121 32137 1766
32148 32137 1094
32148 32149 3068
32148 32151 571
32098 32097 2124
32098 34047 432
34737 32138 2060
34737 34736 477
34737 34738 74
32122 32108 1421
32122 32121 1820
32123 32112 523
32123 32121 984
32123 32124 5951
32149 32148 3068
32149 34727 3737
32149 34728 763
32151 32148 571
32151 32150 3902
32097 31377 1676
32097 32098 2124
34736 34737 477
34738 34737 74
32108 32109 1371
32108 32119 1416
32108 32122 1421
32112 32113 4546
32112 32114 1333
32112 32123 523
32124 32123 5951
32124 34729 156
34727 32149 3737
34728 32149 763
34728 34346 1490
32150 32128 1079
32150 32151 3902
32150 32168 1614
31377 31378 3036
31377 31379 1062
31377 32097 1676
32109 32108 1371
32119 32108 1416
32119 32111 972
32119 32120 473
32113 32112 4546
32114 32112 1333
32114 32115 4253
32114 32127 755
34729 32124 156
34346 34347 510
34346 34728 1490
34346 34817 401
32128 32127 2322
32128 32150 1079
32128 32192 1187
32168 32150 1614
32168 32167 2512
32168 32193 1164
31378 31377 3036
31378 31380 801
31379 31377 1062
31379 31380 2394
31379 32061 2561
32111 32102 450
32111 32118 594
32111 32119 972
32120 32119 473
32120 32125 672
32120 32126 311
32115 32114 4253
32127 32114 755
32127 32116 650
32127 32128 2322
34347 34346 510
34817 34346 401
32192 32128 1187
32167 32168 2512
32167 32195 334
32193 32162 1235
32193 32168 1164
32193 32194 2065
31380 31378 801
31380 31379 2394
31380 32055 3922
31380 32060 671
32061 31379 2561
32061 32060 213
32102 32103 2355
32102 32110 358
32102 32111 450
32118 32111 594
32125 32120 672
32126 32120 311
32116 32117 2650
32116 32127 650
32116 32157 1882
32195 32167 334
32195 32209 489
32162 32159 1789
32162 32160 1722
32162 32193 1235
32194 32193 2065
32055 31380 3922
32055 32057 162
32060 31380 671
32060 32058 744
32060 32061 213
32103 32102 2355
32110 32102 358
32117 32116 2650
32157 32116 1882
32157 32154 1138
32157 32158 1091
32209 32195 489
32209 32199 1308
32209 32210 1336
32159 32158 1766
32159 32162 1789
32159 32165 617
32159 32166 1703
32160 32158 941
32160 32161 793
32160 32162 1722
32057 32055 162
32057 32058 2902
32057 32059 656
32058 32057 2902
32058 32059 3180
32058 32060 744
32154 32153 3057
32154 32157 1138
32158 32157 1091
32158 32159 1766
32158 32160 941
32199 32200 286
32199 32209 1308
32210 32208 367
32210 32209 1336
32210 32211 1585
32165 32159 617
32166 32159 1703
32166 32196 615
32166 34046 766
32161 32160 793
32059 32057 656
32059 32058 3180
32153 32154 3057
32153 32155 213
32153 32156 2462
32200 6996 761
32200 32199 286
32200 35039 1237
32208 32203 1720
32208 32210 367
32211 6994 2170
32211 32210 1585
32211 32215 851
32211 32218 1877
32196 32166 615
32196 32197 1404
32196 32198 1327
34046 32166 766
34046 32205 906
32155 31581 557
32155 32153 213
32156 32153 2462
32156 32163 765
32156 34045 1545
6996 6994 974
6996 7008 2734
6996 32200 761
35039 32200 1237
32203 32198 1547
32203 32202 622
32203 32208 1720
6994 6995 1303
6994 6996 974
6994 32211 2170
32215 32207 572
32215 32211 851
32218 6999 2368
32218 32211 1877
32218 32217 911
32197 32196 1404
32198 32196 1327
32198 32203 1547
32198 32205 779
32198 32207 1434
32205 32198 779
32205 32204 579
32205 34046 906
31581 31580 1426
31581 31582 1016
31581 32155 557
32163 32156 765
32163 32164 149
32163 32169 2450
34045 32156 1545
7008 6996 2734
7008 34730 1484
7008 34731 1972
32202 32203 622
6995 6994 1303
6995 6997 2559
6995 6998 3901
32207 32198 1434
32207 32214 2767
32207 32215 572
6999 6998 2583
6999 7000 2765
6999 32218 2368
32217 6991 1733
32217 32216 1871
32217 32218 911
32217 32219 5313
32204 32205 579
31580 31574 2871
31580 31579 1143
31580 31581 1426
31582 31579 1567
31582 31581 1016
31582 31590 2449
32164 27658 1575
32164 32163 149
32164 32206 444
32169 32163 2450
32169 32182 809
32169 32183 806
32169 32184 1229
34730 7008 1484
34730 7009 4195
34731 7008 1972
6997 6995 2559
6997 34734 1184
6998 6995 3901
6998 6999 2583
6998 7000 922
32214 32207 2767
32214 32213 557
32214 32216 407
7000 6998 922
7000 6999 2765
7000 7014 346
6991 6990 393
6991 6992 2461
6991 32217 1733
32216 32214 407
32216 32217 1871
32219 32217 5313
31574 31569 1131
31574 31580 2871
31579 31575 403
31579 31580 1143
31579 31582 1567
31590 31582 2449
31590 31583 3496
31590 31591 2660
31590 32170 1264
27658 27659 2320
27658 32164 1575
27658 32184 1381
27658 32201 519
32206 32164 444
32182 32169 809
32182 34999 619
32183 32169 806
32183 32176 1034
32183 32185 515
32183 32186 1099
32184 27658 1381
32184 32169 1229
32184 32188 328
7009 7010 590
7009 34730 4195
34734 6997 1184
34734 34733 1618
34734 34735 94
32213 27660 661
32213 32214 557
7014 7000 346
7014 34819 878
6990 6991 393
6990 6993 559
6990 32220 583
6992 6991 2461
6992 7002 894
6992 7006 1978
31569 31574 1131
31575 31579 403
31583 31590 3496
31591 31590 2660
32170 31590 1264
27659 27658 2320
27659 27660 996
32201 27658 519
34999 32182 619
32176 32183 1034
32185 32183 515
32186 32183 1099
32186 32188 525
32188 32184 328
32188 32186 525
7010 7009 590
34733 34734 1618
34735 34734 94
27660 27659 996
27660 32213 661
34819 7014 878
6993 6990 559
6993 7002 2112
32220 6990 583
7002 6992 894
7002 6993 2112
7006 6992 1978
35
6919
6969
6968
32084
32067
34047
32100
32098
32097
31377
31378
31379
31380
32061
32055
32060
32057
32058
32059
31569
31575
31583
31591
32170
27659
32176
32185
32186
32188
7010
34733
27660
6993
32220
7002
