60
252270 252273 707
252273 252270 707
252273 252276 847
252273 252290 580
252276 252273 847
252276 252279 1188
252290 252273 580
252290 252283 818
252290 252291 707
252279 252276 1188
252279 252293 536
252283 252280 688
252283 252289 788
252283 252290 818
252291 252290 707
252293 252279 536
252293 252286 1809
252293 252314 536
252280 252281 598
252280 252282 1167
252280 252283 688
252289 252283 788
252286 252287 3202
252286 252292 707
252286 252293 1809
252314 252293 536
252314 252316 580
252281 252280 598
252282 252280 1167
252287 252286 3202
252287 252288 877
252292 252286 707
252292 252288 3009
252292 252294 344
252316 252300 475
252316 252314 580
252316 252317 1114
252288 252287 877
252288 252292 3009
252288 252294 3310
252294 252288 3310
252294 252292 344
252294 252295 1848
252300 252296 1454
252300 252315 343
252300 252316 475
252317 252316 1114
252295 252294 1848
252296 252278 452
252296 252298 747
252296 252300 1454
252315 252299 373
252315 252300 343
252315 252319 628
252278 252296 452
252298 252296 747
252298 252299 1531
252299 252298 1531
252299 252315 373
252319 252315 628
28
252270
252273
252276
252290
252279
252283
252291
252293
252280
252289
252286
252314
252281
252282
252287
252292
252316
252288
252294
252300
252317
252295
252296
252315
252278
252298
252299
252319
