84
176975 176976 3367
176975 176998 1008
176976 176975 3367
176976 176977 3592
176976 176993 889
176998 176975 1008
176998 176999 1602
176977 176976 3592
176977 176989 2692
176993 176976 889
176993 176989 765
176993 176999 932
176999 176993 932
176999 176998 1602
176999 177003 452
176989 176977 2692
176989 176988 562
176989 176993 765
177003 176999 452
176988 176987 589
176988 176989 562
176988 177005 1796
176987 176980 1111
176987 176985 2443
176987 176988 589
177005 176988 1796
177005 177004 849
177005 177006 610
176980 176981 905
176980 176987 1111
176980 177007 1344
176985 176986 336
176985 176987 2443
177004 177005 849
177006 177005 610
177006 177007 932
177006 177018 664
176981 176980 905
176981 176982 1634
176981 176990 778
177007 176980 1344
177007 177006 932
177007 185714 222
176986 176985 336
177018 177006 664
177018 177017 619
176982 176981 1634
176982 176983 757
176982 176992 667
176990 176981 778
176990 176991 1812
176990 176992 1615
185714 177007 222
177017 176997 615
177017 177018 619
177017 185715 289
176983 176982 757
176983 176994 3005
176992 176982 667
176992 176990 1615
176992 176991 905
176991 176990 1812
176991 176992 905
176991 176994 1631
176997 176995 131
176997 177017 615
185715 177017 289
185715 185696 109
185715 185716 562
176994 176983 3005
176994 176991 1631
176995 176996 939
176995 176997 131
185696 185695 848
185696 185695 848
185696 185715 109
185716 185715 562
176996 176995 939
176996 177012 418
176996 177016 1210
185695 185696 848
185695 185696 848
177012 176996 418
177016 176996 1210
36
176975
176976
176998
176977
176993
176999
176989
177003
176988
176987
177005
176980
176985
177004
177006
176981
177007
176986
177018
176982
176990
185714
177017
176983
176992
176991
176997
185715
176994
176995
185696
185716
176996
185695
177012
177016
