24
220669 220671 790
220710 220671 2884
220710 220711 754
220724 220711 2151
220724 220727 828
220892 220727 2169
220892 220893 822
220997 220998 367
220893 220892 822
220901 220764 1807
220758 220764 1616
220764 220758 1616
220764 220901 1807
220697 220737 1538
220737 220697 1538
220671 220669 790
220671 220710 2884
220711 220710 754
220711 220724 2151
220727 220724 828
220727 220892 2169
220545 220544 225
220544 220545 225
220998 220997 367
31
72614
220669
220710
220724
220892
220609
220356
220380
220346
220700
220706
221010
220997
220893
220908
220889
220901
220744
220758
220764
220697
220671
220456
220465
220546
220544
220567
220550
220998
219008
220078
