540
156222 156223 667
156222 156224 926
156222 156270 1457
156222 156278 3471
156223 156222 667
156223 156240 600
156223 156257 1852
156224 156222 926
156224 156225 1095
156224 156280 905
156270 156222 1457
156270 156268 837
156270 156313 476
156278 156222 3471
156278 156229 758
156278 156279 2887
156240 156223 600
156240 156239 2782
156240 156243 747
156257 156223 1852
156257 156256 782
156257 156260 1431
156225 156224 1095
156225 156226 674
156225 156273 2536
156280 156224 905
156280 156273 1576
156280 156281 355
156268 156269 435
156268 156270 837
156268 156279 562
156313 156270 476
156229 156228 752
156229 156230 462
156229 156278 758
156279 156268 562
156279 156275 677
156279 156278 2887
156239 156238 556
156239 156240 2782
156239 156243 2208
156243 156239 2208
156243 156240 747
156243 156245 1184
156256 156245 1688
156256 156253 713
156256 156257 782
156260 156257 1431
156260 156258 1426
156260 156264 713
156226 156225 674
156226 156227 589
156226 156228 3223
156273 156225 2536
156273 156228 837
156273 156280 1576
156281 156280 355
156269 156268 435
156228 156226 3223
156228 156229 752
156228 156273 837
156230 156229 462
156230 156231 334
156275 156267 890
156275 156274 2586
156275 156279 677
156238 156239 556
156238 176474 333
156245 156243 1184
156245 156244 688
156245 156256 1688
156253 156244 1772
156253 156254 337
156253 156256 713
156258 156254 1268
156258 156259 373
156258 156260 1426
156258 156271 758
156264 156260 713
156264 156265 517
156264 156266 713
156227 156226 589
156231 156230 334
156231 156232 589
156231 156277 337
156267 156266 576
156267 156275 890
156274 156275 2586
156274 156276 1470
156274 156290 782
156274 156316 1017
176474 156238 333
176474 176473 421
176474 176494 906
156244 156245 688
156244 156246 1064
156244 156253 1772
156254 156253 337
156254 156255 333
156254 156258 1268
156259 156258 373
156259 176525 452
156271 156258 758
156271 156263 1100
156271 156272 2903
156265 156264 517
156266 156264 713
156266 156267 576
156266 156272 933
156232 156231 589
156232 156233 2044
156232 156283 1786
156277 156231 337
156277 156276 1263
156277 156282 1780
156276 156274 1470
156276 156277 1263
156276 156284 1234
156290 156274 782
156290 156291 2407
156290 156315 1882
156316 156274 1017
156316 156314 933
156316 156318 2903
176473 176472 3641
176473 176474 421
176473 176492 889
176494 176474 906
176494 176491 2922
156246 156244 1064
156255 156254 333
156255 176501 452
176525 156259 452
176525 176524 1483
176525 176534 168
156263 156262 683
156263 156271 1100
156263 156319 782
156272 156266 933
156272 156271 2903
156272 156317 445
156233 156232 2044
156233 156234 1907
156233 156283 630
156283 156232 1786
156283 156233 630
156283 156282 674
156282 156234 1919
156282 156277 1780
156282 156283 674
156284 156276 1234
156284 156285 924
156284 156285 924
156291 156290 2407
156291 156321 2219
156315 156290 1882
156315 156314 905
156315 156321 976
156314 156315 905
156314 156316 933
156314 156324 2510
156314 156326 953
156318 156316 2903
156318 156317 688
156318 156323 1866
176472 176473 3641
176472 176492 2815
176492 176472 2815
176492 176473 889
176492 176491 1919
176491 176492 1919
176491 176494 2922
176501 156255 452
176501 176502 2696
176501 176523 951
176524 176525 1483
176524 176531 253
176534 176525 168
176534 176531 1505
176534 176535 505
156262 156261 333
156262 156263 683
156262 156364 2863
156319 156263 782
156319 156320 2719
156319 156366 667
156317 156272 445
156317 156318 688
156317 156320 1095
156234 156233 1907
156234 156235 1010
156234 156282 1919
156285 156235 1576
156285 156284 924
156285 156284 924
156321 156291 2219
156321 156315 976
156321 156322 677
156324 156314 2510
156324 156323 713
156324 156332 630
156326 156314 953
156326 156325 1258
156326 156331 842
156323 156318 1866
156323 156324 713
156323 156369 905
176502 176501 2696
176523 176501 951
176523 176519 1520
176531 176524 253
176531 176530 849
176531 176534 1505
176535 176530 1730
176535 176534 505
176535 176536 589
156261 156262 333
156261 176533 445
156364 156262 2863
156364 156365 3006
156364 156367 589
156320 156317 1095
156320 156319 2719
156320 156369 758
156366 156319 667
156366 156365 758
156366 156369 1897
156235 156234 1010
156235 156236 333
156235 156285 1576
156322 156321 677
156332 156324 630
156332 156329 889
156332 156405 505
156325 156301 2422
156325 156326 1258
156325 156328 752
156331 156326 842
156331 156328 1631
156331 156330 593
156331 156412 766
156369 156320 758
156369 156323 905
156369 156366 1897
176519 176518 782
176519 176523 1520
176530 176529 600
176530 176531 849
176530 176535 1730
176536 176529 1831
176536 176533 1010
176536 176535 589
176533 156261 445
176533 176536 1010
176533 176566 418
156365 156364 3006
156365 156366 758
156365 156374 344
156367 156364 589
156367 156368 537
156367 156370 683
156236 156235 333
156329 156330 568
156329 156332 889
156329 156407 2694
156405 156332 505
156405 156404 796
156405 156406 2276
156301 156302 1035
156301 156325 2422
156328 156325 752
156328 156327 789
156328 156331 1631
156330 156329 568
156330 156331 593
156412 156303 2791
156412 156331 766
156412 156411 758
176518 176519 782
176518 176521 688
176518 176521 688
176529 176528 1225
176529 176530 600
176529 176536 1831
176566 176528 1206
176566 176533 418
176566 176567 952
156374 156365 344
156374 156373 683
156374 156404 2561
156368 156367 537
156368 176572 452
156370 156367 683
156370 156371 511
156370 156376 2442
156407 156329 2694
156407 156406 782
156407 156408 589
156404 156374 2561
156404 156388 683
156404 156405 796
156406 156405 2276
156406 156407 782
156406 156413 758
156302 156301 1035
156302 156303 1503
156302 156327 1345
156327 156302 1345
156327 156303 738
156327 156328 789
156303 156298 738
156303 156302 1503
156303 156327 738
156303 156412 2791
156411 156410 842
156411 156412 758
156411 156414 2377
176521 176518 688
176521 176518 688
176528 176526 1022
176528 176529 1225
176528 176566 1206
176567 176566 952
176567 176568 2931
176567 176573 842
156373 156372 2189
156373 156374 683
156373 156388 2561
176572 156368 452
176572 176571 842
176572 176573 1772
156371 156370 511
156371 156372 1255
156371 156377 1965
156376 156370 2442
156376 156375 344
156376 156378 778
156408 156407 589
156408 156409 1344
156408 156418 2694
156388 156373 2561
156388 156387 2368
156388 156404 683
156413 156387 796
156413 156406 758
156413 156415 2536
156298 156299 2381
156298 156303 738
156298 156414 948
156410 156409 1100
156410 156411 842
156410 156419 1344
156414 156298 948
156414 156411 2377
156414 156420 790
176526 176527 2559
176526 176528 1022
176526 176544 2357
176568 176544 778
176568 176567 2931
176568 176573 2215
176573 176567 842
176573 176568 2215
176573 176572 1772
156372 156371 1255
156372 156373 2189
156372 156385 778
176571 176570 667
176571 176572 842
176571 176583 2025
156377 156371 1965
156377 156378 759
156377 156383 672
156375 156376 344
156375 176583 445
156378 156376 778
156378 156377 759
156378 156381 1556
156409 156408 1344
156409 156410 1100
156409 156423 926
156418 156408 2694
156418 156415 562
156418 156427 1336
156387 156386 1336
156387 156388 2368
156387 156413 796
156415 156399 984
156415 156413 2536
156415 156418 562
156299 156298 2381
156299 156300 713
156299 156348 906
156419 156410 1344
156419 156420 1345
156419 156424 871
156420 156414 790
156420 156419 1345
156420 156421 1782
176527 176196 673
176527 176526 2559
176527 176532 1111
176544 176526 2357
176544 176542 421
176544 176568 778
156385 156372 778
156385 156384 766
156385 156386 672
176570 176569 782
176570 176571 667
176570 176577 2277
176583 156375 445
176583 176571 2025
176583 176607 1010
156383 156377 672
156383 156384 1969
156383 156391 778
156381 156378 1556
156381 156379 601
156381 156389 1891
156423 156409 926
156423 156422 713
156423 156427 1852
156427 156418 1336
156427 156423 1852
156427 156470 600
156386 156385 672
156386 156387 1336
156386 156416 1431
156399 156389 672
156399 156400 849
156399 156415 984
156300 156299 713
156300 156334 511
156348 156299 906
156348 156349 2482
156348 156421 667
156424 156419 871
156424 156422 1779
156424 156426 758
156421 156348 667
156421 156420 1782
156421 156425 683
176196 176195 253
176196 176527 673
176532 176189 905
176532 176197 766
176532 176527 1111
176542 176543 672
176542 176544 421
176542 176574 435
156384 156383 1969
156384 156385 766
156384 156391 1856
176569 176570 782
176569 176574 672
176569 176578 2109
176577 176570 2277
176577 176576 842
176577 176578 782
176607 156382 558
176607 176576 672
176607 176583 1010
176607 176617 842
156391 156383 778
156391 156384 1856
156391 156390 893
156379 156380 2377
156379 156381 601
156379 156398 1447
156389 156381 1891
156389 156390 1299
156389 156399 672
156422 156423 713
156422 156424 1779
156422 156447 796
156422 156472 2284
156470 156427 600
156470 156469 2108
156470 156472 782
156416 156386 1431
156416 156390 1365
156416 156417 445
156400 156399 849
156400 156401 667
156400 156464 344
156334 156300 511
156334 156333 3202
156334 156345 3454
156334 156360 782
156349 156348 2482
156349 156350 1017
156349 156425 1772
156426 156424 758
156426 156425 782
156426 156447 674
156425 156349 1772
156425 156421 683
156425 156426 782
176195 176193 758
176195 176196 253
176195 176545 1357
176189 176532 905
176197 176532 766
176543 176542 672
176543 176545 2014
176574 176542 435
176574 176569 672
176574 176578 2324
176578 176569 2109
176578 176574 2324
176578 176577 782
176576 176577 842
176576 176607 672
156382 156380 333
156382 176607 558
176617 176607 842
156390 156389 1299
156390 156391 893
156390 156416 1365
156380 156379 2377
156380 156382 333
156398 156379 1447
156398 156401 667
156447 156422 796
156447 156426 674
156472 156422 2284
156472 156470 782
156469 156470 2108
156417 156416 445
156401 156398 667
156401 156400 667
156464 156400 344
156333 156334 3202
156345 156334 3454
156360 156334 782
156350 156349 1017
176193 176195 758
176545 176195 1357
176545 176543 2014
59
176494
156246
156291
176472
176492
176491
176524
156321
176502
176523
176531
156322
176519
176530
156301
176518
176529
156302
156327
156303
176521
176528
156298
156414
176526
156299
156420
176527
176544
156300
156348
156421
176196
176532
176542
156334
156349
156425
176195
176189
176197
176543
176574
176578
176576
176617
156380
156398
156447
156472
156469
156401
156464
156333
156345
156360
156350
176193
176545
