490
35786 35794 3973
35794 35786 3973
35794 44718 1882
44718 35794 1882
44718 35801 1379
44718 44717 828
44718 44720 2139
35801 35800 2080
35801 35806 1080
35801 44718 1379
35801 44837 1120
44717 44711 552
44717 44718 828
44717 44719 1867
44720 44718 2139
44720 44719 1074
44720 44722 1080
35800 35801 2080
35800 35802 511
35800 35806 1933
35806 35800 1933
35806 35801 1080
35806 35811 1183
44837 35801 1120
44837 44722 1161
44837 44839 878
44711 44697 552
44711 44714 1484
44711 44717 552
44719 44710 709
44719 44717 1867
44719 44720 1074
44722 44720 1080
44722 44837 1161
44722 44840 984
44722 44841 952
35802 35800 511
35802 35803 849
35802 44838 1063
35811 35806 1183
35811 35815 650
44839 35816 878
44839 44837 878
44839 44841 1120
44697 44696 1144
44697 44710 1955
44697 44711 552
44697 44712 1450
44714 44711 1484
44714 44715 630
44714 44716 558
44710 44697 1955
44710 44704 672
44710 44719 709
44840 44722 984
44841 35820 751
44841 44722 952
44841 44839 1120
44841 44842 984
35803 35802 849
35803 35804 344
35803 35805 202
44838 35802 1063
35815 35811 650
35815 35816 1168
35816 35815 1168
35816 35820 1066
35816 44839 878
44696 44690 1085
44696 44694 905
44696 44697 1144
44712 44692 505
44712 44697 1450
44715 44714 630
44716 44713 738
44716 44714 558
44716 44834 2204
44704 44698 1338
44704 44710 672
35820 35816 1066
35820 44841 751
35820 44842 1227
44842 35820 1227
44842 44841 984
35804 35803 344
35805 35797 1031
35805 35803 202
35805 35814 3070
44690 44682 878
44690 44683 1014
44690 44696 1085
44694 44681 751
44694 44682 1221
44694 44695 2585
44694 44696 905
44692 44712 505
44692 44713 589
44713 44692 589
44713 44716 738
44713 44834 2171
44834 44693 848
44834 44713 2171
44834 44716 2204
44698 44699 747
44698 44703 355
44698 44704 1338
35797 35796 1120
35797 35805 1031
35797 35813 3356
35814 35805 3070
35814 35813 788
35814 35860 905
44682 44680 878
44682 44690 878
44682 44694 1221
44683 44690 1014
44681 44667 3271
44681 44680 1293
44681 44694 751
44695 44668 557
44695 44694 2585
44693 44834 848
44699 44698 747
44703 44698 355
35796 35797 1120
35796 35798 3157
35813 35797 3356
35813 35798 1161
35813 35814 788
35813 35861 789
35860 35814 905
35860 35861 848
35860 35877 336
44680 44681 1293
44680 44682 878
44667 44665 1221
44667 44666 630
44667 44668 789
44667 44681 3271
44668 44667 789
44668 44669 1120
44668 44695 557
44668 44700 807
35798 35796 3157
35798 35813 1161
35861 35813 789
35861 35860 848
35861 35876 512
35877 35860 336
44665 44663 757
44665 44667 1221
44665 44669 766
44666 44660 333
44666 44664 279
44666 44667 630
44669 44665 766
44669 44668 1120
44700 44668 807
35876 35861 512
44663 44657 818
44663 44664 1221
44663 44665 757
44660 44659 905
44660 44664 581
44660 44666 333
44664 44660 581
44664 44663 1221
44664 44666 279
44657 44661 1342
44657 44663 818
44659 44660 905
44661 44656 836
44661 44657 1342
44661 44662 1476
44656 44655 1530
44656 44661 836
44662 44655 2506
44662 44661 1476
44662 44670 738
44655 44498 3281
44655 44656 1530
44655 44662 2506
44670 44662 738
44670 44671 1209
44670 44742 1398
44498 44496 3467
44498 44500 1672
44498 44501 926
44498 44655 3281
44671 44670 1209
44671 44743 562
44742 44670 1398
44742 44740 1949
44742 44743 589
44496 44476 1178
44496 44497 2643
44496 44498 3467
44500 44498 1672
44501 44498 926
44501 44502 1120
44501 44723 766
44501 44724 3110
44743 44671 562
44743 44742 589
44740 44737 139
44740 44742 1949
44476 44473 952
44476 44477 3798
44476 44496 1178
44497 44483 848
44497 44496 2643
44497 44499 605
44502 44501 1120
44502 44503 1901
44502 44504 709
44723 44501 766
44723 44504 1258
44723 44724 2555
44724 44501 3110
44724 44723 2555
44724 44737 1396
44737 44724 1396
44737 44740 139
44473 44470 3899
44473 44474 767
44473 44476 952
44477 44476 3798
44477 44478 208
44477 44480 850
44483 44480 581
44483 44484 630
44483 44497 848
44499 44497 605
44503 44502 1901
44504 44502 709
44504 44723 1258
44504 44725 1955
44470 44471 766
44470 44473 3899
44470 44478 724
44470 44479 2243
44474 44473 767
44474 50271 526
44478 44470 724
44478 44477 208
44478 50303 1350
44480 44477 850
44480 44482 733
44480 44483 581
44480 50304 885
44484 44483 630
44725 44504 1955
44725 44727 751
44725 44728 1780
44471 44470 766
44471 44472 2139
44471 44475 3865
44479 44470 2243
44479 44472 789
50271 44474 526
50271 50269 3337
50303 44478 1350
44482 44480 733
44482 44481 1981
50304 44480 885
44727 44725 751
44727 44726 2216
44727 44729 630
44727 44730 1323
44728 44725 1780
44472 44471 2139
44472 44479 789
44475 44471 3865
50269 44442 739
50269 50270 1590
50269 50271 3337
44481 44482 1981
44726 44727 2216
44729 44727 630
44729 44731 238
44729 44733 1234
44730 44727 1323
44442 44433 1200
44442 44463 3832
44442 50269 739
50270 50269 1590
44731 44729 238
44733 44729 1234
44733 44755 238
44433 44406 3873
44433 44432 336
44433 44442 1200
44463 44442 3832
44463 44453 1757
44463 44466 1103
44755 44733 238
44755 44756 1533
44406 44403 344
44406 44405 1199
44406 44433 3873
44432 44431 1620
44432 44433 336
44453 44441 848
44453 44452 1677
44453 44463 1757
44466 44461 238
44466 44463 1103
44466 44467 1034
44756 44755 1533
44756 44757 403
44403 44402 782
44403 44406 344
44405 44399 3329
44405 44400 672
44405 44406 1199
44431 44423 2116
44431 44432 1620
44431 44438 1009
44441 44440 2131
44441 44453 848
44441 44462 612
44452 44436 1586
44452 44450 650
44452 44453 1677
44461 44456 1742
44461 44464 1947
44461 44466 238
44467 44466 1034
44757 44524 476
44757 44756 403
44402 44401 1919
44402 44403 782
44402 44404 1016
44399 44383 849
44399 44405 3329
44400 44397 2714
44400 44405 672
44423 44422 1236
44423 44431 2116
44438 44431 1009
44438 44434 807
44438 44439 1890
44440 44434 948
44440 44436 238
44440 44441 2131
44462 44441 612
44436 44437 1336
44436 44440 238
44436 44452 1586
44450 44430 818
44450 44452 650
44456 44451 1457
44456 44461 1742
44464 44461 1947
44524 44523 3485
44524 44754 617
44524 44757 476
44401 44397 932
44401 44398 3152
44401 44402 1919
44404 44402 1016
44404 44420 5071
44383 44381 1418
44383 44386 1968
44383 44399 849
44397 44396 3401
44397 44400 2714
44397 44401 932
44422 44421 1014
44422 44421 1014
44422 44423 1236
44434 44435 1410
44434 44438 807
44434 44440 948
44439 44438 1890
44437 44436 1336
44430 44427 932
44430 44448 1055
44430 44450 818
44430 44451 2368
44451 44430 2368
44451 44449 818
44451 44456 1457
44523 44524 3485
44523 44525 683
44523 44526 2852
44754 44517 1253
44754 44524 617
44754 46273 3498
44398 44396 827
44398 44401 3152
44398 44419 673
44420 44404 5071
44420 44419 354
44420 44421 952
44381 44382 1022
44381 44383 1418
44381 44389 1438
44386 44382 222
44386 44383 1968
44386 44384 252
44386 44387 905
44396 44394 1255
44396 44397 3401
44396 44398 827
44421 44420 952
44421 44422 1014
44421 44422 1014
44435 44434 1410
44427 44419 3788
44427 44428 1268
44427 44429 1031
44427 44430 932
44448 44428 984
44448 44430 1055
44448 44446 951
44448 44449 2362
44449 44448 2362
44449 44451 818
44525 44523 683
44525 44759 1457
44525 44759 1457
44526 44522 1210
44526 44523 2852
44526 45611 1055
44526 45890 5437
44517 44515 1733
44517 44516 1074
44517 44754 1253
46273 44754 3498
44419 44398 673
44419 44420 354
44419 44427 3788
44382 44381 1022
44382 44384 336
44382 44386 222
44389 44378 3717
44389 44381 1438
44389 44390 1578
44384 44382 336
44384 44385 4810
44384 44386 252
44384 44387 984
44387 44384 984
44387 44386 905
44387 44388 4470
44394 44395 870
44394 44396 1255
44394 44417 474
44428 44417 4483
44428 44426 924
44428 44427 1268
44428 44448 984
44429 44427 1031
44446 44426 1063
44446 44447 252
44446 44448 951
44759 44525 1457
44759 44525 1457
44759 44760 747
44522 44514 924
44522 44526 1210
44522 45569 3293
45611 44526 1055
45611 45612 884
45611 45892 5731
45890 44526 5437
45890 45892 1467
45890 45894 1813
44515 44516 1534
44515 44517 1733
44516 44515 1534
44516 44517 1074
44378 44389 3717
44390 44389 1578
44385 44384 4810
44388 44387 4470
44395 44394 870
44417 44394 474
44417 44428 4483
44426 44428 924
44426 44446 1063
44447 44446 252
44760 44759 747
44514 44522 924
45569 44522 3293
45612 45611 884
45892 45611 5731
45892 45890 1467
45894 45890 1813
200
35786
35794
44718
35801
44717
44720
35800
35806
44837
44711
44719
44722
35802
35811
44839
44697
44714
44710
44840
44841
35803
44838
35815
35816
44696
44712
44715
44716
44704
35820
44842
35804
35805
44690
44694
44692
44713
44834
44698
35797
35814
44682
44683
44681
44695
44693
44699
44703
35796
35813
35860
44680
44667
44668
35798
35861
35877
44665
44666
44669
44700
35876
44663
44660
44664
44657
44659
44661
44656
44662
44655
44670
44498
44671
44742
44496
44500
44501
44743
44740
44476
44497
44502
44723
44724
44737
44473
44477
44483
44499
44503
44504
44470
44474
44478
44480
44484
44725
44471
44479
50271
50303
44482
50304
44727
44728
44472
44475
50269
44481
44726
44729
44730
44442
50270
44731
44733
44433
44463
44755
44406
44432
44453
44466
44756
44403
44405
44431
44441
44452
44461
44467
44757
44402
44399
44400
44423
44438
44440
44462
44436
44450
44456
44464
44524
44401
44404
44383
44397
44422
44434
44439
44437
44430
44451
44523
44754
44398
44420
44381
44386
44396
44421
44435
44427
44448
44449
44525
44526
44517
46273
44419
44382
44389
44384
44387
44394
44428
44429
44446
44759
44522
45611
45890
44515
44516
44378
44390
44385
44388
44395
44417
44426
44447
44760
44514
45569
45612
45892
45894
