550
26189 26190 375
26189 26192 475
26190 26189 375
26190 105655 266
26192 26189 475
26192 26191 983
26192 26198 1475
105655 26190 266
26191 26192 983
26191 26193 1676
26191 26203 836
26198 26192 1475
26198 26193 975
26198 26202 788
26198 26212 475
26193 26191 1676
26193 26198 975
26193 26204 836
26193 26213 1475
26203 26191 836
26203 26204 1676
26202 26198 788
26202 26199 279
26212 26198 475
26212 26214 747
26212 26215 1073
26204 26193 836
26204 26203 1676
26204 26207 1475
26204 26208 836
26213 26193 1475
26213 26207 836
26213 26215 927
26213 26220 1543
26199 26196 1254
26199 26200 872
26199 26202 279
26214 26212 747
26214 35255 406
26215 26212 1073
26215 26213 927
26215 26216 1221
26215 26221 1610
26207 26204 1475
26207 26209 836
26207 26213 836
26207 26219 1545
26208 26204 836
26208 26209 1475
26208 26210 750
26220 26213 1543
26220 26219 697
26220 26221 1022
26220 26253 1409
26196 26194 836
26196 26197 809
26196 26199 1254
26196 26201 1475
26200 26199 872
35255 26214 406
26216 26201 1158
26216 26215 1221
26216 26217 634
26216 26218 1659
26221 26215 1610
26221 26218 1307
26221 26220 1022
26221 26252 1409
26209 26207 836
26209 26208 1475
26209 26211 750
26209 26251 1609
26219 26207 1545
26219 26220 697
26219 26251 889
26219 26254 1073
26210 26205 697
26210 26208 750
26210 26211 1475
26253 26220 1409
26253 26252 1022
26253 26257 344
26194 26195 738
26194 26196 836
26194 26222 202
26197 26196 809
26201 26196 1475
26201 26216 1158
26201 26223 1115
26201 26231 1543
26217 26216 634
26218 26216 1659
26218 26221 1307
26218 26231 975
26218 26235 1612
26252 26221 1409
26252 26235 1160
26252 26253 1022
26252 26259 202
26211 26209 750
26211 26210 1475
26211 26244 788
26211 26246 1475
26251 26209 1609
26251 26219 889
26251 26246 788
26251 26255 872
26254 26219 1073
26254 26255 884
26254 26257 452
26205 26206 1945
26205 26210 697
26205 26244 1411
26205 26245 557
26257 26253 344
26257 26254 452
26195 26194 738
26222 26194 202
26222 26223 1545
26223 26201 1115
26223 26222 1545
26223 26224 740
26223 26225 1475
26231 26201 1543
26231 26218 975
26231 26225 1167
26231 26234 1610
26235 26218 1612
26235 26252 1160
26235 26281 612
26259 26252 202
26244 26205 1411
26244 26211 788
26246 26211 1475
26246 26251 788
26255 26251 872
26255 26254 884
26206 26205 1945
26245 26205 557
26224 26223 740
26225 26223 1475
26225 26228 1115
26225 26231 1167
26225 26233 1814
26234 26231 1610
26234 26233 1022
26234 26281 511
26281 26234 511
26281 26235 612
26281 26282 1009
26228 26225 1115
26228 26226 1409
26228 26230 924
26228 26232 2346
26233 26225 1814
26233 26234 1022
26233 26236 475
26282 26240 1901
26282 26281 1009
26226 26227 354
26226 26228 1409
26230 26228 924
26230 26229 2552
26232 26228 2346
26232 26229 1124
26232 26236 904
26236 26232 904
26236 26233 475
26236 26240 738
26240 26236 738
26240 26241 877
26240 26282 1901
26227 26226 354
26229 26230 2552
26229 26232 1124
26229 26237 1299
26229 26242 750
26241 26240 877
26241 26242 2041
26237 26229 1299
26237 26238 1140
26237 26239 2950
26237 27393 176
26242 26229 750
26242 26241 2041
26242 26243 1140
26238 26237 1140
26238 26318 1483
26238 26319 2482
26239 26237 2950
26239 26287 1254
26239 26319 1115
26239 26363 2280
27393 26237 176
26243 26242 1140
26243 26287 1209
26318 26238 1483
26318 26320 1811
26319 26238 2482
26319 26239 1115
26319 26320 1307
26319 26364 2280
26287 26239 1254
26287 26243 1209
26287 26289 1205
26287 26365 2347
26363 26239 2280
26363 26364 1115
26363 26365 1167
26363 26366 4091
26320 26318 1811
26320 26319 1307
26320 26321 1205
26320 26322 2414
26364 26319 2280
26364 26322 1344
26364 26363 1115
26364 26369 4023
26289 26287 1205
26289 26288 788
26365 26287 2347
26365 26363 1167
26365 26371 1668
26366 26363 4091
26366 26369 1168
26366 26374 1066
26366 27046 2482
26321 26320 1205
26322 26320 2414
26322 26364 1344
26322 26367 4025
26369 26364 4023
26369 26366 1168
26369 26375 475
26288 26289 788
26371 26365 1668
26371 26370 550
26371 35276 556
26374 26366 1066
26374 26370 1757
26374 27045 1745
27046 26366 2482
27046 27048 476
27046 27057 1103
26367 26322 4025
26367 26375 751
26367 26394 1274
26375 26367 751
26375 26369 475
26375 26376 1677
26370 26371 550
26370 26372 976
26370 26374 1757
35276 26371 556
27045 26374 1745
27045 27044 1115
27045 27047 1008
27048 26376 1226
27048 27046 476
27057 27046 1103
27057 27056 336
26394 26367 1274
26394 26376 905
26376 26375 1677
26376 26394 905
26376 27048 1226
26376 27065 1342
26372 26370 976
26372 26373 873
26372 27042 872
27044 27045 1115
27044 27050 1672
27047 27045 1008
27047 27055 1106
27047 27056 403
27056 27047 403
27056 27057 336
27056 27063 1702
27065 26376 1342
26373 26372 873
27042 26372 872
27050 27044 1672
27050 27052 1073
27050 27053 1762
27055 27047 1106
27055 27052 1595
27063 27056 1702
27063 27064 1079
27063 27101 827
27052 27050 1073
27052 27055 1595
27052 27060 806
27053 27050 1762
27053 27092 1167
27064 27062 1395
27064 27063 1079
27064 27102 847
27064 27104 1556
27101 27063 827
27101 27100 403
27101 27102 517
27060 27052 806
27060 27095 1812
27060 27100 809
27092 27053 1167
27062 27064 1395
27062 27104 751
27102 27064 847
27102 27101 517
27102 27103 551
27102 27105 697
27104 27062 751
27104 27064 1556
27104 27080 1967
27104 27109 1198
27100 27060 809
27100 27101 403
27100 27105 629
27095 27060 1812
27095 27099 1683
27103 27102 551
27103 27107 1152
27103 27108 1663
27105 27099 1613
27105 27100 629
27105 27102 697
27105 27106 1534
27080 27081 1140
27080 27104 1967
27109 27081 2882
27109 27104 1198
27109 27108 418
27109 27122 1180
27099 27095 1683
27099 27105 1613
27099 27112 505
27099 27119 561
27107 27103 1152
27107 27106 847
27107 27108 1085
27108 27103 1663
27108 27107 1085
27108 27109 418
27106 27105 1534
27106 27107 847
27106 27120 1220
27081 27080 1140
27081 27089 1695
27081 27109 2882
27081 27131 1140
27122 27109 1180
27122 27121 2240
27122 27131 3153
27122 27140 676
27112 27099 505
27112 27116 344
27112 27119 150
27119 27099 561
27119 27112 150
27119 27120 194
27120 27106 1220
27120 27119 194
27120 27121 1768
27089 27081 1695
27089 27132 1140
27131 27081 1140
27131 27122 3153
27131 27132 1695
27131 27134 806
27121 27120 1768
27121 27122 2240
27121 27123 1530
27140 27122 676
27140 27134 3223
27140 27141 708
27116 27112 344
27116 27115 476
27132 27089 1140
27132 27131 1695
27132 27133 806
27134 27131 806
27134 27133 1695
27134 27135 1411
27134 27140 3223
27123 27121 1530
27123 27141 1140
27141 27123 1140
27141 27135 3619
27141 27140 708
27141 27142 848
27115 27113 688
27115 27114 373
27115 27116 476
27115 27117 1008
27133 27132 806
27133 27134 1695
27133 27136 951
27133 27137 1475
27135 27134 1411
27135 27141 3619
27135 27143 983
27135 27144 1869
27135 27239 3117
27142 27141 848
27113 27110 511
27113 27114 474
27113 27115 688
27114 27111 1254
27114 27113 474
27114 27115 373
27117 27115 1008
27117 27118 1585
27117 27124 738
27136 27133 951
27136 27138 1456
27136 27139 847
27137 27133 1475
27137 27138 581
27137 27143 818
27143 27135 983
27143 27137 818
27143 27145 1822
27144 27135 1869
27144 27145 795
27144 27147 1245
27239 27130 975
27239 27135 3117
27110 26781 1066
27110 27113 511
27111 26781 1009
27111 26782 2319
27111 27114 1254
27111 27118 1140
27118 27111 1140
27118 27117 1585
27118 27224 738
27118 27227 2335
27124 27117 738
27124 27125 872
27124 27224 1585
27138 27136 1456
27138 27137 581
27138 27146 688
27139 27136 847
27139 27146 1578
27139 27194 713
27145 27143 1822
27145 27144 795
27145 27148 604
27147 27144 1245
27130 27128 2515
27130 27233 508
27130 27239 975
26781 27110 1066
26781 27111 1009
26782 26958 2041
26782 26961 806
26782 27111 2319
27224 27118 738
27224 27124 1585
27224 27225 474
27227 26961 537
27227 27118 2335
27227 27228 738
27125 27124 872
27125 27126 836
27125 27225 1594
27125 27232 2615
27146 27138 688
27146 27139 1578
27146 27197 1055
27194 27139 713
27194 27196 806
27148 27145 604
27148 27149 2553
27148 27259 4663
27128 27126 1120
27128 27129 139
27128 27130 2515
27233 27130 508
27233 27232 2523
26958 26782 2041
26958 26957 279
26958 26959 537
26961 26782 806
26961 26960 836
26961 27227 537
27225 27125 1594
27225 27224 474
27225 27226 3018
27225 27229 1299
27228 26977 747
27228 27227 738
27228 27229 1120
27126 27125 836
27126 27127 605
27126 27128 1120
27232 27125 2615
27232 27226 1585
27232 27233 2523
27232 27234 1283
27197 27146 1055
27197 27196 827
27196 27194 806
27196 27195 713
27196 27197 827
27149 27148 2553
27259 27148 4663
27259 27210 1293
27259 27260 1378
27129 27128 139
26957 26956 1863
26957 26958 279
26959 26958 537
26959 26962 1103
26959 26973 1951
26960 26961 836
27226 27225 3018
27226 27231 2281
27226 27232 1585
27229 27225 1299
27229 27228 1120
27229 27230 765
26977 26962 1560
26977 26978 708
26977 27228 747
27127 27126 605
27234 27232 1283
27234 27240 2648
27234 27244 1140
27195 27196 713
27210 27211 1386
27210 27259 1293
27260 27259 1378
26956 26957 1863
26956 26973 738
26962 26959 1103
26962 26977 1560
26973 26956 738
26973 26959 1951
27231 27226 2281
27231 27230 2636
27230 26978 1730
27230 27229 765
27230 27231 2636
26978 26977 708
26978 27230 1730
27240 27234 2648
27244 27234 1140
27211 27210 1386
134
26257
26259
26244
26246
26255
26282
26240
26241
26242
26243
26318
26287
26320
26289
26365
26321
26322
26288
26371
26374
26367
26375
26370
35276
27045
27048
27057
26394
26376
26372
27044
27047
27056
27065
26373
27042
27050
27055
27063
27052
27053
27064
27101
27060
27092
27062
27102
27104
27100
27095
27103
27105
27080
27109
27099
27107
27108
27106
27081
27122
27112
27119
27120
27089
27131
27121
27140
27116
27132
27134
27123
27141
27115
27133
27135
27142
27113
27114
27117
27136
27137
27143
27144
27239
27110
27111
27118
27124
27138
27139
27145
27147
27130
26781
26782
27224
27227
27125
27146
27194
27148
27128
27233
26958
26961
27225
27228
27126
27232
27197
27196
27149
27259
27129
26957
26959
26960
27226
27229
26977
27127
27234
27195
27210
27260
26956
26962
26973
27231
27230
26978
27240
27244
27211
