488
85410 85411 1056
85410 85412 1862
85410 85488 1162
85411 85410 1056
85411 85414 633
85411 85540 1089
85412 85410 1862
85412 85413 698
85412 85481 1710
85488 85410 1162
85488 85480 3035
85488 85487 1222
85414 85411 633
85414 85413 1021
85414 85533 1720
85540 85411 1089
85413 85412 698
85413 85414 1021
85413 85534 2037
85481 85412 1710
85481 85480 452
85481 85486 1232
85480 85481 452
85480 85482 344
85480 85488 3035
85487 85488 1222
85487 85489 2953
85487 85490 1376
85533 85414 1720
85533 85532 712
85533 85534 754
85534 85413 2037
85534 85533 754
85534 85535 1086
85486 85481 1232
85486 90540 2752
85482 85480 344
85482 85483 1974
85482 85489 848
85489 85482 848
85489 85487 2953
85489 85492 374
85490 85487 1376
85490 85491 3246
85490 85508 1495
85532 85530 2217
85532 85533 712
85532 85542 427
85535 85534 1086
85535 85536 1523
85535 90539 1519
90540 85486 2752
85483 85482 1974
85483 85484 1336
85483 90549 3096
85483 90550 1124
85492 85489 374
85492 85491 1324
85492 90550 1642
85491 85490 3246
85491 85492 1324
85491 85507 1014
85491 90551 1190
85508 85490 1495
85508 85509 1043
85508 85539 2638
85530 85531 1056
85530 85532 2217
85530 85546 1311
85542 85532 427
85542 85541 1274
85536 85531 1149
85536 85535 1523
85536 91035 951
90539 85419 1318
90539 85535 1519
85484 85483 1336
85484 90462 2764
90549 85483 3096
90550 85483 1124
90550 85492 1642
90550 90551 1447
90550 90879 2327
85507 85491 1014
85507 85506 3239
85507 85547 1576
90551 85491 1190
90551 90483 2717
90551 90550 1447
85509 85508 1043
85509 85510 1294
85509 85544 603
85539 85508 2638
85539 85537 1740
85531 85474 445
85531 85530 1056
85531 85536 1149
85546 85472 2774
85546 85530 1311
85546 85538 698
85541 85538 854
85541 85542 1274
85541 85543 1467
91035 85536 951
85419 85415 338
85419 85420 1934
85419 90539 1318
90462 85484 2764
90462 90425 929
90462 90463 3325
90879 90550 2327
85506 85505 1232
85506 85507 3239
85506 85525 520
85547 85507 1576
85547 85524 1269
85547 90552 581
90483 90457 712
90483 90484 344
90483 90551 2717
85510 85509 1294
85510 85511 677
85510 85512 1612
85544 85509 603
85544 85545 2824
85544 85551 593
85537 85538 2455
85537 85539 1740
85537 85545 344
85474 85473 1123
85474 85475 925
85474 85531 445
85472 85471 1149
85472 85473 846
85472 85546 2774
85538 85537 2455
85538 85541 854
85538 85546 698
85543 85541 1467
85415 85416 761
85415 85418 1667
85415 85419 338
85420 85419 1934
85420 85421 338
85420 85439 592
90425 90424 1440
90425 90426 1488
90425 90462 929
90463 90426 1288
90463 90462 3325
85505 85503 1106
85505 85506 1232
85505 85553 2881
85525 85506 520
85525 85524 1190
85525 85526 2153
85524 85525 1190
85524 85528 1484
85524 85547 1269
90552 85547 581
90552 90487 1443
90552 90553 1126
90457 90048 1434
90457 90483 712
90484 90483 344
90484 90485 1336
90484 90487 3298
85511 85510 677
85512 85510 1612
85512 85513 556
85512 85514 1954
85512 85552 333
85545 85537 344
85545 85544 2824
85551 85544 593
85551 85550 1069
85551 85552 1111
85473 85472 846
85473 85474 1123
85473 85555 893
85475 85443 452
85475 85474 925
85471 85470 1669
85471 85472 1149
85471 85570 1448
85471 85571 957
85416 85415 761
85418 85415 1667
85418 85421 769
85421 85418 769
85421 85420 338
85421 85440 1248
85439 85420 592
85439 85435 1505
85439 85438 376
90424 90423 929
90424 90425 1440
90426 90425 1488
90426 90463 1288
85503 85502 3058
85503 85504 686
85503 85505 1106
85553 85502 1274
85553 85505 2881
85553 90573 445
85526 85525 2153
85526 85527 1161
85526 90572 592
85528 85524 1484
90487 90484 3298
90487 90486 1696
90487 90552 1443
90553 90481 2472
90553 90552 1126
90553 90554 235
90048 90049 1742
90048 90457 1434
90485 90484 1336
90485 90486 1565
90485 90488 1021
85513 85512 556
85514 85493 1012
85514 85512 1954
85514 85582 1769
85552 85512 333
85552 85551 1111
85552 85568 2024
85550 85548 1686
85550 85551 1069
85550 85567 1205
85555 85473 893
85443 85442 1997
85443 85444 1205
85443 85475 452
85470 85442 875
85470 85469 957
85470 85471 1669
85570 85471 1448
85570 85569 1618
85570 85580 1168
85571 85471 957
85571 85564 585
85571 85572 688
85440 85421 1248
85440 85435 793
85440 90786 374
85435 85433 1504
85435 85436 712
85435 85439 1505
85435 85440 793
85438 85437 378
85438 85439 376
85438 85445 558
90423 90424 929
90423 90437 1443
85502 85501 1114
85502 85503 3058
85502 85553 1274
85504 85503 686
90573 85553 445
85527 85526 1161
85527 90554 1142
90572 85526 592
90486 90481 1495
90486 90485 1565
90486 90487 1696
90481 90486 1495
90481 90553 2472
90554 85527 1142
90554 90553 235
90049 90048 1742
90049 90050 1780
90049 90474 1225
90488 90485 1021
85493 85494 2795
85493 85514 1012
85493 85583 1769
85582 85514 1769
85582 85568 419
85582 85583 1012
85568 85552 2024
85568 85567 1140
85568 85582 419
85548 85549 925
85548 85550 1686
85548 85594 2623
85567 85550 1205
85567 85568 1140
85567 85596 957
85442 85441 581
85442 85443 1997
85442 85470 875
85444 85443 1205
85469 85468 209
85469 85470 957
85469 91054 848
85569 85563 1449
85569 85570 1618
85569 85578 1162
85580 85561 2023
85580 85570 1168
85580 85579 875
85564 85563 892
85564 85571 585
85572 85571 688
90786 85440 374
85433 85431 712
85433 85434 1032
85433 85435 1504
85433 90790 853
85436 85429 755
85436 85431 1504
85436 85435 712
85436 85437 1399
85437 85428 755
85437 85436 1399
85437 85438 378
85445 85438 558
90437 90423 1443
90437 90480 688
85501 85499 1205
85501 85502 1114
90050 90049 1780
90050 90474 2168
90474 90049 1225
90474 90050 2168
90474 90475 741
85494 85493 2795
85494 85495 1822
85494 85585 1940
85583 85493 1769
85583 85582 1012
85549 85548 925
85549 85559 333
85594 85548 2623
85594 85593 1505
85594 85597 713
85596 85567 957
85596 85595 1780
85596 85616 1399
85441 85442 581
85441 85446 1310
85441 85458 2042
85468 85458 916
85468 85469 209
85468 85479 673
91054 85469 848
85563 85562 1425
85563 85564 892
85563 85569 1449
85578 85569 1162
85578 85577 611
85578 85579 761
85561 85560 1298
85561 85580 2023
85579 85560 1849
85579 85578 761
85579 85580 875
85431 85433 712
85431 85436 1504
85434 85433 1032
85434 90788 437
90790 85433 853
85429 85428 1399
85429 85436 755
85428 85427 680
85428 85429 1399
85428 85437 755
85428 85446 782
90480 90437 688
85499 85495 1434
85499 85500 3605
85499 85501 1205
90475 90474 741
85495 85494 1822
85495 85496 3117
85495 85499 1434
85585 85494 1940
85585 85586 1289
85585 85587 3445
85559 85549 333
85593 85558 452
85593 85594 1505
85593 85595 1828
85597 85594 713
85595 85589 937
85595 85593 1828
85595 85596 1780
85616 85588 2031
85616 85596 1399
85446 85428 782
85446 85441 1310
85446 85447 1140
85458 85441 2042
85458 85468 916
85479 85468 673
85479 85478 956
85479 85565 581
85562 85477 885
85562 85563 1425
85562 85575 279
85577 85557 1032
85577 85576 1312
85577 85578 611
85560 85557 1288
85560 85561 1298
85560 85579 1849
90788 85434 437
90788 90789 607
85427 85428 680
85427 85449 1862
85500 85499 3605
85496 85495 3117
85496 85497 1039
85496 85498 753
85586 85585 1289
85587 85585 3445
85587 85588 1589
85587 91036 875
85558 85556 893
85558 85593 452
85589 85588 1140
85589 85590 1463
85589 85595 937
85588 85587 1589
85588 85589 1140
85588 85616 2031
85447 85446 1140
85478 85477 1710
85478 85479 956
85478 85566 476
85565 85479 581
85477 85476 419
85477 85478 1710
85477 85562 885
85575 85562 279
85575 85574 875
85575 85581 1427
85557 85556 1372
85557 85560 1288
85557 85577 1032
85576 85556 905
85576 85577 1312
85576 85581 1189
90789 90788 607
85449 85427 1862
85449 85448 831
85449 85459 1222
85497 85496 1039
85498 85496 753
91036 85587 875
85556 85557 1372
85556 85558 893
85556 85576 905
85590 85589 1463
85590 85623 1426
85566 85478 476
85476 85477 419
85476 85573 437
85574 85573 1505
85574 85575 875
85574 85900 4132
85581 85575 1427
85581 85576 1189
85581 85902 1372
85448 85449 831
85448 85454 713
85448 85460 1222
85448 85721 754
85459 85449 1222
85623 85590 1426
85623 85624 1335
85573 85476 437
85573 85574 1505
85573 85722 356
85900 85574 4132
85900 85598 1024
85900 85901 1339
85902 85581 1372
85902 85903 856
85454 85448 713
85460 85448 1222
85721 85448 754
85624 85623 1335
85722 85573 356
85598 85900 1024
85901 85900 1339
85903 85902 856
53
85486
90540
85484
90462
90425
90463
85416
85418
85421
90424
90426
90048
85440
85435
90423
90481
90554
90049
90786
85433
85436
85437
90437
90050
90474
85431
85434
90790
85429
85428
90480
90475
85446
85458
90788
85427
85586
85447
90789
85449
85476
85448
85459
85623
85573
85902
85454
85460
85721
85624
85722
85598
85903
