612
132610 132611 133
132611 132610 133
132611 133954 961
132611 133966 2148
133954 132611 961
133954 133930 2651
133954 133957 927
133954 133967 1680
133966 132611 2148
133966 133967 1073
133966 133981 475
133966 133990 688
133930 132615 789
133930 133766 2102
133930 133767 884
133930 133954 2651
133957 133954 927
133957 133955 1280
133957 133970 1501
133957 133972 144
133967 133954 1680
133967 133966 1073
133967 133970 536
133967 133977 1077
133981 133966 475
133981 133982 1322
133981 133983 2542
133981 133984 737
133990 133966 688
132615 132614 389
132615 132616 476
132615 133929 1102
132615 133930 789
133766 133764 1322
133766 133929 1293
133766 133930 2102
133767 133764 3127
133767 133792 983
133767 133930 884
133767 133952 1026
133767 133953 1072
133955 132616 877
133955 133956 847
133955 133957 1280
133970 133957 1501
133970 133967 536
133970 133975 201
133970 133977 1151
133972 133957 144
133972 133969 741
133972 133971 1387
133977 133967 1077
133977 133970 1151
133977 133994 995
133977 139545 1039
133982 133981 1322
133983 133981 2542
133983 133988 629
133983 133996 452
133984 133845 1635
133984 133981 737
133984 133986 708
133984 133988 2748
132614 132615 389
132614 132616 245
132614 133950 766
132616 132614 245
132616 132615 476
132616 133955 877
133929 132615 1102
133929 133766 1293
133929 133916 1852
133929 133948 511
133764 133755 2326
133764 133756 788
133764 133762 884
133764 133766 1322
133764 133767 3127
133792 133765 2452
133792 133767 983
133792 133793 877
133792 133844 1199
133952 133767 1026
133952 133953 47
133953 133767 1072
133953 133952 47
133956 133955 847
133956 133969 244
133975 133970 201
133975 133971 947
133975 133976 1797
133969 133956 244
133969 133963 793
133969 133968 1791
133969 133972 741
133971 133968 750
133971 133972 1387
133971 133975 947
133971 133978 1457
133994 133976 708
133994 133977 995
133994 133995 610
133994 139655 864
139545 133977 1039
139545 133996 989
139545 139655 277
133988 133983 629
133988 133984 2748
133996 133983 452
133996 133997 395
133996 139545 989
133845 133843 2101
133845 133984 1635
133845 133985 676
133986 133984 708
133986 133985 1768
133986 133987 877
133986 133989 2305
133950 132614 766
133950 133948 847
133950 133949 336
133950 133951 452
133916 133481 2376
133916 133756 1055
133916 133917 649
133916 133929 1852
133948 133929 511
133948 133931 737
133948 133950 847
133755 133478 2634
133755 133480 847
133755 133754 818
133755 133764 2326
133756 133480 2204
133756 133764 788
133756 133916 1055
133762 133754 2479
133762 133761 847
133762 133764 884
133762 133765 629
133765 133762 629
133765 133792 2452
133765 133793 3016
133793 133765 3016
133793 133792 877
133793 133801 2565
133844 133792 1199
133844 133802 2806
133976 133975 1797
133976 133978 826
133976 133991 2005
133976 133994 708
133963 133961 789
133963 133964 2170
133963 133969 793
133968 133964 809
133968 133969 1791
133968 133971 750
133968 133974 1161
133978 133971 1457
133978 133974 826
133978 133976 826
133978 133979 1932
133995 133994 610
133995 134019 1357
139655 133994 864
139655 139545 277
139655 139656 574
133997 133996 395
133843 133802 648
133843 133845 2101
133985 133845 676
133985 133846 708
133985 133986 1768
133987 133846 1593
133987 133986 877
133987 134000 904
133987 134001 1997
133989 133986 2305
133949 133931 872
133949 133937 1612
133949 133950 336
133949 133951 403
133951 133949 403
133951 133950 452
133951 133960 373
133481 133471 2515
133481 133480 884
133481 133592 818
133481 133916 2376
133917 133592 2204
133917 133913 884
133917 133916 649
133917 133926 1280
133931 133926 737
133931 133928 1341
133931 133948 737
133931 133949 872
133478 133466 2634
133478 133474 747
133478 133479 847
133478 133755 2634
133480 133479 2634
133480 133481 884
133480 133755 847
133480 133756 2204
133754 133474 2515
133754 133749 847
133754 133755 818
133754 133762 2479
133761 133749 2479
133761 133762 847
133761 133763 983
133801 133793 2565
133801 133795 872
133801 133802 944
133801 133841 2056
133802 133801 944
133802 133843 648
133802 133844 2806
133991 133976 2005
133991 133979 708
133991 134019 551
133961 133960 610
133961 133962 2273
133961 133963 789
133964 133962 826
133964 133963 2170
133964 133968 809
133964 133973 818
133974 133968 1161
133974 133973 708
133974 133978 826
133974 133980 1901
133979 133978 1932
133979 133980 904
133979 133991 708
133979 134018 344
134019 133991 551
134019 133995 1357
139656 139655 574
133846 133842 2453
133846 133849 982
133846 133985 708
133846 133987 1593
134000 133849 1560
134000 133987 904
134000 134002 826
134000 134005 1283
134001 133987 1997
134001 134008 129
133937 133933 1481
133937 133938 788
133937 133949 1612
133960 133951 373
133960 133958 938
133960 133961 610
133471 133470 2678
133471 133472 818
133471 133479 950
133471 133481 2515
133592 133472 2515
133592 133481 818
133592 133591 983
133592 133917 2204
133913 133591 2161
133913 133915 847
133913 133917 884
133913 133925 435
133926 133917 1280
133926 133927 1140
133926 133931 737
133928 133927 697
133928 133931 1341
133928 133932 676
133466 133424 2556
133466 133465 847
133466 133469 847
133466 133478 2634
133474 133465 2678
133474 133473 847
133474 133478 747
133474 133754 2515
133479 133469 2634
133479 133471 950
133479 133478 847
133479 133480 2634
133749 133473 2515
133749 133750 788
133749 133754 847
133749 133761 2479
133763 133750 2398
133763 133760 713
133763 133761 983
133795 133790 2631
133795 133800 737
133795 133801 872
133841 133801 2056
133841 133840 2299
133841 133842 2110
133962 133959 905
133962 133961 2273
133962 133964 826
133962 133965 818
133973 133964 818
133973 133965 826
133973 133974 708
133973 137135 2005
133980 133974 1901
133980 133979 904
133980 137135 750
133980 137138 950
134018 133979 344
134018 137138 1066
134018 137278 344
133842 133841 2110
133842 133846 2453
133842 133848 1965
133849 133846 982
133849 133850 1322
133849 133851 904
133849 134000 1560
134002 133851 1530
134002 134000 826
134002 134003 403
134005 134000 1283
134008 134001 129
134008 134014 231
133933 133920 610
133933 133922 1085
133933 133935 884
133933 133937 1481
133938 133937 788
133938 133939 737
133938 133940 2542
133938 133958 806
133958 133938 806
133958 133959 2645
133958 133960 938
133470 133422 2515
133470 133434 847
133470 133469 847
133470 133471 2678
133472 133434 2755
133472 133471 818
133472 133579 983
133472 133592 2515
133591 133579 2515
133591 133592 983
133591 133593 713
133591 133913 2161
133915 133593 2127
133915 133913 847
133915 133914 847
133915 133932 1008
133925 133913 435
133925 133927 475
133927 133925 475
133927 133926 1140
133927 133928 697
133932 133915 1008
133932 133920 750
133932 133928 676
133424 133420 2711
133424 133425 950
133424 133428 847
133424 133466 2556
133465 133428 2556
133465 133466 847
133465 133468 847
133465 133474 2678
133469 133425 2515
133469 133466 847
133469 133470 847
133469 133479 2634
133473 133468 2678
133473 133474 847
133473 133476 818
133473 133749 2515
133750 133476 2712
133750 133749 788
133750 133753 950
133750 133763 2398
133760 133753 2402
133760 133759 1022
133760 133763 713
133790 133759 1025
133790 133791 826
133790 133795 2631
133800 133791 1078
133800 133791 1078
133800 133795 737
133840 133798 764
133840 133799 238
133840 133841 2299
133959 133940 750
133959 133958 2645
133959 133962 905
133959 137120 2748
133965 133962 818
133965 133973 826
133965 137121 1901
137135 133973 2005
137135 133980 750
137135 137121 788
137135 137137 2005
137138 133980 950
137138 134018 1066
137138 137139 475
137278 134018 344
133848 133842 1965
133850 133849 1322
133851 133849 904
133851 133852 1322
133851 133853 750
133851 134002 1530
134003 133856 557
134003 134002 403
134003 134004 711
134014 134006 848
134014 134008 231
133920 133914 737
133920 133921 1341
133920 133932 750
133920 133933 610
133922 133919 788
133922 133933 1085
133922 133934 713
133935 133933 884
133935 133934 1140
133935 133936 2203
133935 133939 806
133939 133935 806
133939 133938 737
133939 133941 2305
133940 133938 2542
133940 133941 708
133940 133959 750
133940 137118 2718
133422 133409 2754
133422 133425 847
133422 133429 818
133422 133470 2515
133434 133429 2436
133434 133435 950
133434 133470 847
133434 133472 2755
133579 133435 2678
133579 133472 983
133579 133578 818
133579 133591 2515
133593 133578 2478
133593 133589 847
133593 133591 713
133593 133915 2127
133914 133589 2127
133914 133915 847
133914 133918 818
133914 133920 737
133420 133419 708
133420 133423 818
133420 133424 2711
133420 133426 884
133425 133422 847
133425 133423 2678
133425 133424 950
133425 133469 2515
133428 133424 847
133428 133426 2634
133428 133464 747
133428 133465 2556
133468 133464 2515
133468 133465 847
133468 133467 847
133468 133473 2678
133476 133467 2602
133476 133473 818
133476 133475 950
133476 133750 2712
133753 133475 2711
133753 133750 950
133753 133751 847
133753 133760 2402
133759 133751 2515
133759 133758 747
133759 133760 1022
133759 133790 1025
133791 133790 826
133791 133800 1078
133791 133800 1078
133798 133796 688
133798 133797 788
133798 133840 764
133799 133787 1741
133799 133796 904
133799 133828 847
133799 133840 238
137120 133959 2748
137120 137118 827
137120 137121 826
137120 137123 2035
137121 133965 1901
137121 137120 826
137121 137135 788
137121 137136 2035
137137 137135 2005
137137 137136 708
137139 137138 475
133852 133851 1322
133853 133851 750
133853 133854 2272
133853 133856 1220
133856 133853 1220
133856 133891 915
133856 134003 557
134004 134003 711
134004 134025 2090
134006 134007 950
134006 134014 848
134006 134016 1901
134006 134030 826
133921 133918 511
133921 133919 373
133921 133920 1341
133919 133594 2005
133919 133596 747
133919 133921 373
133919 133922 788
133934 133922 713
133934 133923 403
133934 133924 511
133934 133935 1140
133936 133935 2203
133936 133941 750
133936 133947 938
133936 137109 2718
133941 133936 750
133941 133939 2305
133941 133940 708
133941 137117 2718
137118 133940 2718
137118 137117 708
137118 137120 827
137118 137122 2068
133409 133408 708
133409 133421 818
133409 133422 2754
133409 133423 884
133429 133421 2754
133429 133422 818
133429 133434 2436
133435 133434 950
133435 133579 2678
133578 133579 818
133578 133593 2478
133589 133593 847
133589 133914 2127
133918 133914 818
133918 133921 511
133419 133408 1695
133419 133420 708
133423 133409 884
133423 133420 818
133423 133425 2678
133426 133420 884
133426 133428 2634
133464 133428 747
133464 133468 2515
133467 133468 847
133467 133476 2602
133475 133476 950
133475 133753 2711
133751 133753 847
133751 133759 2515
133758 133759 747
133796 133798 688
133796 133799 904
133797 133798 788
133787 133799 1741
133828 133799 847
137123 137120 2035
137123 137122 750
137136 137121 2035
137136 137137 708
133854 133853 2272
133891 133856 915
134025 134004 2090
134025 134030 708
134007 134006 950
134016 134006 1901
134030 134006 826
134030 134025 708
133594 133919 2005
133596 133919 747
133596 133923 1102
133923 133596 1102
133923 133924 629
133923 133934 403
133924 133923 629
133924 133934 511
133947 133936 938
137109 133936 2718
137109 137117 750
137117 133941 2718
137117 137109 750
137117 137118 708
137122 137118 2068
137122 137123 750
133408 133409 708
133408 133419 1695
133421 133409 818
133421 133429 2754
38
133996
133997
134014
134006
133429
133435
133578
133589
133918
133419
133426
133464
133467
133475
133751
133758
133796
133797
133787
133828
137123
137136
133854
133891
134025
134007
134016
134030
133594
133596
133923
133924
133947
137109
137117
137122
133408
133421
