36
149232 149233 71
149232 151662 306
149233 149232 71
149233 151916 82
151662 149232 306
151662 151661 628
151916 149233 82
151916 151917 643
151661 151660 1023
151661 151662 628
151917 151916 643
151917 151918 129
151660 150314 218
151660 151661 1023
151918 151917 129
151918 151919 6534
150314 150312 1351
150314 150313 110
150314 151660 218
151919 151918 6534
150312 150311 769
150312 150314 1351
150312 150321 404
150313 150309 860
150313 150314 110
150313 150335 43
150311 150309 1074
150311 150312 769
150311 151921 595
150321 150312 404
150309 150306 823
150309 150311 1074
150309 150313 860
150335 150313 43
151921 150311 595
150306 150309 823
4
150311
150309
151921
150306
