106
75173 75175 387
75175 75173 387
75175 75176 668
75175 76105 577
75176 75175 668
76105 75175 577
76105 76103 467
76105 76112 243
76103 76100 1173
76103 76105 467
76103 76109 472
76112 76105 243
76112 76108 1350
76112 76113 992
76100 76101 348
76100 76102 1041
76100 76103 1173
76109 76103 472
76109 76108 605
76109 76117 466
76108 76109 605
76108 76112 1350
76108 76229 222
76113 76112 992
76101 76100 348
76101 76221 584
76101 76223 1351
76102 76100 1041
76102 76735 251
76102 76736 236
76117 76109 466
76229 76108 222
76229 76222 635
76229 76224 1029
76221 75222 444
76221 76101 584
76221 76670 803
76223 76101 1351
76223 76222 951
76223 76225 740
76735 76102 251
76736 76102 236
76222 76223 951
76222 76229 635
76222 76230 693
76224 76114 538
76224 76220 1004
76224 76226 1445
76224 76229 1029
75222 75223 538
75222 76221 444
75222 76675 498
76670 76221 803
76225 76223 740
76230 76222 693
76114 76104 7282
76114 76224 538
76114 76231 5572
76220 76212 942
76220 76216 1445
76220 76224 1004
76226 76224 1445
76226 76227 1336
76226 76235 2369
75223 75222 538
76675 75222 498
76675 76098 489
76675 77934 466
76104 76013 5925
76104 76114 7282
76231 76114 5572
76212 76213 632
76212 76215 1014
76212 76220 942
76216 76210 672
76216 76215 602
76216 76220 1445
76227 76226 1336
76227 76232 679
76227 76233 2561
76235 76226 2369
76235 76232 831
76235 76234 790
76098 76099 427
76098 76675 489
76098 77935 536
77934 76675 466
76013 76012 2045
76013 76104 5925
76213 76212 632
76215 76212 1014
76215 76214 602
76215 76216 602
76210 76211 1393
76210 76216 672
76232 76227 679
76232 76234 1056
76232 76235 831
76233 76227 2561
76234 76232 1056
76234 76235 790
76099 76098 427
77935 76098 536
76012 76013 2045
76214 76215 602
76211 76210 1393
7
76104
76013
76210
76233
76234
76012
76211
