68
166295 166323 933
166295 166361 2000
166323 166295 933
166323 166322 2667
166323 166330 1011
166323 166362 1891
166361 166295 2000
166361 166360 758
166361 166362 843
166322 166323 2667
166322 166324 1035
166330 166323 1011
166330 166324 2445
166330 166341 674
166330 166363 2000
166362 166323 1891
166362 166361 843
166362 166363 1100
166360 166361 758
166324 166320 2224
166324 166322 1035
166324 166329 766
166324 166330 2445
166341 166329 2557
166341 166330 674
166341 166340 1095
166341 166364 1889
166363 166330 2000
166363 166362 1100
166363 166364 683
166320 166319 2557
166320 166321 766
166320 166324 2224
166329 166321 2224
166329 166324 766
166329 166341 2557
166340 166339 1184
166340 166341 1095
166340 166358 1891
166364 166341 1889
166364 166358 1011
166364 166363 683
166319 166320 2557
166321 166299 2667
166321 166320 766
166321 166327 842
166321 166329 2224
166339 166340 1184
166339 166641 1882
166358 166340 1891
166358 166359 1094
166358 166364 1011
166299 166321 2667
166327 166321 842
166327 166325 2096
166327 166342 2788
166641 166339 1882
166641 166640 9
166359 166358 1094
166359 166640 91
166325 166326 848
166325 166327 2096
166325 166342 1086
166342 166325 1086
166342 166327 2788
166640 166359 91
166640 166641 9
166326 166325 848
26
166295
166323
166361
166322
166330
166362
166360
166324
166341
166363
166320
166329
166340
166364
166319
166321
166339
166358
166299
166327
166641
166359
166325
166342
166640
166326
