62
84545 84544 1351
84545 84558 1013
84459 84489 478
84486 84484 1041
84486 84485 1634
84486 84488 2603
84485 84483 1110
84485 84486 1634
84496 84495 951
84496 84498 794
84239 84237 2816
84239 84240 782
84239 91688 4175
84237 84238 672
84237 84239 2816
84390 84388 838
84390 84414 1056
85117 85118 2699
85126 85124 2006
82707 82708 333
82724 82708 1355
82724 82723 333
85147 82744 445
85147 85148 847
85147 90741 457
85132 85133 508
85132 85136 1328
85142 85143 169
85142 85146 667
84544 84545 1351
84558 84545 1013
84489 84459 478
84489 84488 832
84484 84483 1441
84484 84486 1041
84488 84486 2603
84488 84489 832
84483 84484 1441
84483 84485 1110
84495 84496 951
84498 84496 794
84240 84238 2664
84240 84239 782
91688 84239 4175
84238 84237 672
84238 84240 2664
84388 84390 838
84414 84390 1056
85118 85117 2699
85124 85126 2006
82708 82707 333
82708 82724 1355
82723 82724 333
82744 85147 445
85148 85147 847
90741 85147 457
85133 85132 508
85133 85146 423
85136 85132 1328
85143 85142 169
85146 85133 423
85146 85142 667
33
84545
84459
84486
84485
84496
84239
84237
84390
85117
85126
82707
82724
85147
85132
85142
85140
84558
84489
84484
84488
84483
84498
84240
84238
84388
84414
85118
85124
82708
82723
82744
85136
85146
