566
122648 122649 1636
122648 131060 1341
122648 131070 1119
122648 131074 1229
122648 131211 1537
122649 122648 1636
122649 131075 879
122649 131212 1581
131060 122648 1341
131060 131026 1381
131060 131069 672
131060 131070 688
131070 122648 1119
131070 131027 3851
131070 131060 688
131070 131074 333
131074 122648 1229
131074 131065 1748
131074 131070 333
131074 131075 1673
131211 122648 1537
131211 131073 1268
131211 131212 1531
131211 131215 2589
131075 122649 879
131075 131067 1546
131075 131074 1673
131075 131076 1485
131212 122649 1581
131212 131211 1531
131212 131213 1258
131212 131216 2681
131026 131024 2563
131026 131025 2651
131026 131060 1381
131026 131069 1185
131069 131026 1185
131069 131060 672
131069 131068 1454
131069 131073 2535
131027 131025 1467
131027 131033 934
131027 131035 1014
131027 131070 3851
131065 131061 1028
131065 131066 789
131065 131074 1748
131073 131069 2535
131073 131071 1357
131073 131142 2680
131073 131211 1268
131215 131142 1592
131215 131150 2443
131215 131211 2589
131215 131216 1221
131067 131064 2162
131067 131066 890
131067 131075 1546
131076 131075 1485
131076 131077 1748
131076 131078 1578
131076 131213 2292
131213 131076 2292
131213 131212 1258
131213 131214 1726
131213 131219 2485
131216 131212 2681
131216 131215 1221
131216 131217 1145
131216 131219 1293
131024 131022 631
131024 131023 518
131024 131026 2563
131024 131068 3417
131025 131015 2817
131025 131023 1357
131025 131026 2651
131025 131027 1467
131068 131013 924
131068 131024 3417
131068 131069 1454
131068 131071 2072
131033 131027 934
131033 131028 791
131033 131034 1375
131035 131027 1014
131035 131034 879
131035 131036 747
131061 131036 1081
131061 131062 928
131061 131065 1028
131066 131063 2033
131066 131065 789
131066 131067 890
131071 131068 2072
131071 131072 562
131071 131073 1357
131071 131141 2779
131142 131073 2680
131142 131141 1085
131142 131215 1592
131150 131151 1201
131150 131215 2443
131150 131256 1375
131150 131257 1183
131064 131047 874
131064 131063 928
131064 131067 2162
131064 131080 1485
131077 131076 1748
131077 131095 1029
131077 131097 1673
131078 131076 1578
131078 131097 1813
131078 131214 2510
131078 131224 837
131214 122866 1206
131214 131078 2510
131214 131213 1726
131214 131220 1832
131219 131213 2485
131219 131216 1293
131219 131220 1268
131217 131216 1145
131217 131218 2005
131217 131256 1065
131022 131021 562
131022 131023 344
131022 131024 631
131023 131014 2754
131023 131022 344
131023 131024 518
131023 131025 1357
131015 130280 2651
131015 131014 1234
131015 131016 1592
131015 131025 2817
131013 131012 782
131013 131068 924
131028 131016 1036
131028 131030 1204
131028 131033 791
131034 131029 874
131034 131033 1375
131034 131035 879
131036 131035 747
131036 131037 808
131036 131061 1081
131036 131063 837
131062 131061 928
131063 131036 837
131063 131064 928
131063 131066 2033
131072 131071 562
131141 131071 2779
131141 131140 581
131141 131142 1085
131141 131149 2567
131151 131149 970
131151 131150 1201
131151 132315 1494
131256 131150 1375
131256 131217 1065
131256 131258 1849
131256 131261 985
131257 131150 1183
131257 131189 678
131047 131038 1116
131047 131048 808
131047 131064 874
131047 131079 1396
131080 131064 1485
131080 131079 1010
131080 131083 1632
131080 131095 940
131095 131077 1029
131095 131080 940
131095 131096 1717
131097 131077 1673
131097 131078 1813
131097 131096 953
131097 131101 964
131224 131078 837
131224 131225 789
131224 131226 1356
122866 122865 530
122866 131214 1206
122866 131228 2650
131220 131214 1832
131220 131219 1268
131220 131221 1399
131220 131222 537
131218 131217 2005
131218 131222 1075
131218 131258 678
131021 130973 796
131021 131022 562
131014 130279 2551
131014 131015 1234
131014 131023 2754
130280 130279 1336
130280 130281 1719
130280 130282 1576
130280 131015 2651
131016 131015 1592
131016 131017 850
131016 131019 1268
131016 131028 1036
131012 131002 1884
131012 131013 782
131030 131028 1204
131030 131029 516
131029 131020 2050
131029 131030 516
131029 131032 747
131029 131034 874
131037 131032 940
131037 131036 808
131037 131038 747
131140 131139 984
131140 131141 581
131149 131141 2567
131149 131148 581
131149 131151 970
131149 131187 1784
132315 131151 1494
131258 131218 678
131258 131256 1849
131258 131265 710
131261 131256 985
131261 131260 683
131189 131188 1576
131189 131257 678
131189 131259 253
131038 131037 747
131038 131041 1612
131038 131047 1116
131048 131046 953
131048 131047 808
131048 131049 1396
131079 131047 1396
131079 131049 808
131079 131080 1010
131079 131082 1578
131083 131080 1632
131083 131082 880
131083 131096 1081
131083 131098 1679
131096 131083 1081
131096 131095 1717
131096 131097 953
131096 131099 1308
131101 131097 964
131101 131100 1530
131225 131224 789
131225 131227 808
131225 131228 650
131226 131224 1356
122865 122866 530
131228 122866 2650
131228 131100 1225
131228 131225 650
131221 131220 1399
131221 131241 452
131222 131218 1075
131222 131220 537
131222 131223 1269
130973 130959 2651
130973 130971 1004
130973 131002 2050
130973 131021 796
130279 130267 2837
130279 130280 1336
130279 131014 2551
130281 130268 1036
130281 130280 1719
130282 130280 1576
130282 130283 590
130282 130284 581
130282 131017 1884
131017 130282 1884
131017 131016 850
131017 131018 1248
131019 131016 1268
131019 131018 934
131019 131031 337
131002 130973 2050
131002 131012 1884
131020 131018 782
131020 131029 2050
131032 131029 747
131032 131037 940
131032 131039 739
131139 131140 984
131148 131149 581
131187 131149 1784
131187 131188 169
131265 131258 710
131265 131266 337
131260 131259 1667
131260 131261 683
131188 131187 169
131188 131189 1576
131188 131190 934
131259 131189 253
131259 131191 678
131259 131260 1667
131041 131038 1612
131041 131039 789
131041 131045 1344
131041 131046 885
131046 131041 885
131046 131042 1010
131046 131048 953
131046 131050 1485
131049 131048 1396
131049 131050 808
131049 131079 808
131049 131081 1578
131082 131079 1578
131082 131083 880
131082 131091 139
131098 131083 1679
131098 131092 1030
131098 131099 697
131098 131107 1225
131099 131096 1308
131099 131098 697
131099 131102 811
131100 131101 1530
131100 131228 1225
131100 131231 837
131227 131225 808
131241 131221 452
131241 131240 951
131241 131262 2321
131223 131222 1269
131223 131262 202
130959 130278 1718
130959 130956 1467
130959 130973 2651
130971 130958 1433
130971 130970 818
130971 130973 1004
130267 130264 872
130267 130268 1344
130267 130279 2837
130268 130253 1344
130268 130265 767
130268 130267 1344
130268 130281 1036
130283 130253 2217
130283 130282 590
130284 130282 581
131018 131017 1248
131018 131019 934
131018 131020 782
131031 131019 337
131039 131032 739
131039 131040 1557
131039 131041 789
131266 131263 1673
131266 131265 337
131266 131267 253
131190 131186 782
131190 131188 934
131190 131191 1344
131190 131204 1118
131191 131190 1344
131191 131259 678
131191 131271 276
131045 131041 1344
131042 131043 355
131042 131044 1255
131042 131046 1010
131050 131044 953
131050 131046 1485
131050 131049 808
131050 131051 1534
131081 131049 1578
131081 131086 279
131081 131091 678
131091 131081 678
131091 131082 139
131091 131092 1949
131092 131087 1169
131092 131091 1949
131092 131098 1030
131092 131103 1699
131107 131098 1225
131107 131108 404
131107 131231 1081
131102 131099 811
131231 131100 837
131231 131107 1081
131231 131108 976
131240 131238 1036
131240 131241 951
131240 131242 796
131240 131243 631
131262 131223 202
131262 131241 2321
131262 131263 169
130278 130227 2006
130278 130277 590
130278 130959 1718
130956 130227 1269
130956 130957 2241
130956 130958 1011
130956 130959 1467
130958 130956 1011
130958 130969 1594
130958 130971 1433
130970 130962 697
130970 130969 1211
130970 130971 818
130264 130262 759
130264 130265 1248
130264 130267 872
130253 130254 3141
130253 130268 1344
130253 130275 767
130253 130283 2217
130265 130263 767
130265 130264 1248
130265 130268 767
130265 130275 1344
131040 131039 1557
131263 131262 169
131263 131264 552
131263 131266 1673
131267 131266 253
131267 131274 710
131186 131184 452
131186 131190 782
131204 131190 1118
131204 131205 759
131271 131191 276
131271 131272 421
131043 131042 355
131044 131042 1255
131044 131050 953
131044 131052 418
131044 131053 1624
131051 131050 1534
131051 131084 537
131051 131086 631
131086 131051 631
131086 131081 279
131086 131087 2174
131087 131086 2174
131087 131092 1169
131087 131093 811
131087 131104 1748
131103 131092 1699
131103 131104 976
131103 131108 1116
131108 131103 1116
131108 131107 404
131108 131231 976
131108 131232 751
131238 131235 2341
131238 131239 279
131238 131240 1036
131242 131240 796
131242 131244 713
131242 131245 1389
131243 131240 631
131243 131264 2986
131243 131287 850
130227 130225 1018
130227 130278 2006
130227 130951 2834
130227 130956 1269
130277 130226 506
130277 130276 1801
130277 130278 590
130957 130951 1010
130957 130956 2241
130957 130961 747
130957 130969 874
130969 130957 874
130969 130958 1594
130969 130970 1211
130962 130961 2216
130962 130965 789
130962 130970 697
130262 130242 791
130262 130263 1357
130262 130264 759
130254 130253 3141
130254 130258 3848
130254 130287 2149
130275 130253 767
130275 130265 1344
130275 130269 710
130263 130243 829
130263 130262 1357
130263 130265 767
130263 130269 1467
131264 131243 2986
131264 131263 552
131264 131268 631
131274 126187 443
131274 131267 710
131274 131273 2002
131184 131178 1336
131184 131182 906
131184 131185 1368
131184 131186 452
131205 131204 759
131205 131207 672
131205 131209 344
131272 131210 1264
131272 131271 421
131272 131273 1956
131052 131044 418
131053 131044 1624
131053 131055 606
131053 131084 276
131084 131051 537
131084 131053 276
131093 131087 811
131104 131087 1748
131104 131103 976
131232 131108 751
131235 131238 2341
131239 131238 279
131244 131242 713
131245 131242 1389
131245 131287 818
131287 131243 850
131287 131245 818
130225 130226 2139
130225 130227 1018
130951 130227 2834
130951 130957 1010
130226 130225 2139
130226 130277 506
130276 130277 1801
130961 130957 747
130961 130962 2216
130965 130962 789
130242 130243 1467
130242 130262 791
130258 130254 3848
130287 130254 2149
130269 130263 1467
130269 130275 710
130243 130242 1467
130243 130263 829
131268 131264 631
126187 131274 443
131273 131272 1956
131273 131274 2002
131178 131184 1336
131178 131185 1802
131182 131184 906
131185 131178 1802
131185 131184 1368
131207 131205 672
131209 131205 344
131209 131210 1124
131210 131209 1124
131210 131272 1264
131055 131053 606
34
131012
131002
131139
131148
130962
131084
131093
131104
131232
131235
131244
131245
131287
130225
130951
130226
130276
130961
130965
130242
130258
130287
130269
130243
131268
126187
131273
131178
131182
131185
131207
131209
131210
131055
