478
56848 56849 393
56848 72202 1072
56848 76583 620
56849 56848 393
56849 77398 1246
56849 77399 3956
72202 56848 1072
76583 56848 620
76583 66970 1855
77398 56849 1246
77398 78131 628
77398 78132 2831
77399 56849 3956
66970 65978 3748
66970 66971 360
66970 76583 1855
78131 77398 628
78131 78133 1106
78132 77398 2831
78132 78130 697
65978 65977 253
65978 66970 3748
65978 78759 2795
66971 66970 360
66971 67115 698
66971 67126 1036
78133 65716 1250
78133 78131 1106
78130 78129 1038
78130 78132 697
65977 65978 253
65977 66006 633
78759 65978 2795
67115 66971 698
67126 66971 1036
65716 65715 1696
65716 65721 810
65716 78133 1250
78129 67136 909
78129 78130 1038
66006 65977 633
66006 66003 793
65715 65698 2361
65715 65716 1696
65715 65718 1183
65721 65716 810
65721 76578 781
67136 65793 707
67136 67137 1327
67136 78129 909
66003 65857 1539
66003 66006 793
66003 66010 254
65698 65695 2267
65698 65696 1877
65698 65715 2361
65718 65715 1183
65718 65717 642
76578 65721 781
65793 65791 520
65793 67136 707
65793 67137 1522
65793 78135 886
67137 65793 1522
67137 67136 1327
65857 65858 916
65857 66003 1539
65857 66619 2368
66010 66003 254
66010 66008 1032
66010 66011 989
65695 65315 4999
65695 65690 1853
65695 65698 2267
65696 65697 804
65696 65698 1877
65696 65703 2751
65717 65713 674
65717 65718 642
65717 65719 591
65791 65792 1122
65791 65793 520
65791 78134 268
78135 65793 886
65858 65857 916
65858 65859 1673
65858 78127 364
66619 65857 2368
66619 66618 559
66619 77592 1131
66008 66007 957
66008 66010 1032
66008 66012 1086
66011 58194 793
66011 66010 989
66011 66016 1849
65315 65314 2133
65315 65695 4999
65315 65861 3033
65690 65687 2977
65690 65691 1637
65690 65695 1853
65697 65696 804
65703 65696 2751
65703 65704 1270
65703 65712 494
65713 65714 1332
65713 65714 1332
65713 65717 674
65719 65717 591
65719 65720 611
65719 65779 1150
65792 65791 1122
78134 65720 756
78134 65791 268
78134 78136 1037
65859 65858 1673
65859 66005 752
65859 66644 1168
78127 65858 364
78127 65980 1404
78127 78128 810
66618 58192 759
66618 66005 333
66618 66619 559
77592 66619 1131
66007 66008 957
66007 66009 1162
66007 66009 1162
66012 66008 1086
66012 66009 854
66012 66016 1106
58194 58193 522
58194 66011 793
58194 66018 1565
66016 66011 1849
66016 66012 1106
66016 66018 1100
65314 65304 951
65314 65315 2133
65314 65693 2768
65861 65315 3033
65861 65862 3207
65861 65883 1483
65687 65688 664
65687 65690 2977
65687 65694 1411
65691 65690 1637
65704 65703 1270
65704 78952 600
65712 65703 494
65714 65713 1332
65714 65713 1332
65720 65719 611
65720 78134 756
65720 78137 1357
65779 65719 1150
65779 65778 2561
65779 65780 2218
78136 78134 1037
66005 58178 1390
66005 65859 752
66005 66618 333
66644 58178 733
66644 65859 1168
66644 66645 546
66644 78125 1891
65980 65807 713
65980 66002 793
65980 78127 1404
78128 66002 1287
78128 78127 810
58192 58177 1842
58192 58193 2821
58192 66013 748
58192 66618 759
66009 66007 1162
66009 66007 1162
66009 66012 854
58193 58192 2821
58193 58194 522
58193 66017 547
66018 58194 1565
66018 66016 1100
65304 65305 2877
65304 65314 951
65304 65316 1029
65693 65314 2768
65862 65861 3207
65862 68359 2060
65862 68373 3333
65883 65861 1483
65883 65890 1096
65883 68468 409
65688 65685 1440
65688 65687 664
65688 77183 1722
65694 65316 3992
65694 65687 1411
78952 65704 600
78952 78953 503
78137 65720 1357
65778 65708 925
65778 65709 1477
65778 65779 2561
65780 65777 3156
65780 65779 2218
65780 65785 1069
65780 65794 2049
58178 58177 794
58178 65835 1861
58178 66005 1390
58178 66644 733
66645 66644 546
78125 65835 722
78125 66644 1891
78125 78126 869
65807 65805 998
65807 65980 713
65807 66004 1425
66002 65806 1632
66002 65980 793
66002 78128 1287
58177 58178 794
58177 58192 1842
58177 65847 713
58177 76592 1760
66013 58192 748
66013 65847 1956
66013 66014 520
66013 66017 3122
66017 58193 547
66017 66013 3122
66017 66632 1106
65305 65302 3635
65305 65304 2877
65305 74846 183
65316 65304 1029
65316 65317 1661
65316 65694 3992
68359 65862 2060
68359 68479 420
68359 78211 1303
68373 65855 5094
68373 65862 3333
68373 78212 523
65890 65883 1096
65890 77393 310
65890 77393 310
68468 65883 409
68468 68479 1518
68468 68479 1518
68468 68546 1322
65685 65686 1108
65685 65688 1440
65685 65689 894
77183 65688 1722
78953 78952 503
65708 65707 2927
65708 65710 1189
65708 65778 925
65709 65705 3569
65709 65711 1213
65709 65778 1477
65777 65665 1531
65777 65780 3156
65777 65781 1231
65785 65780 1069
65785 65782 951
65785 65824 2625
65794 65780 2049
65794 65789 656
65794 65796 538
65835 58178 1861
65835 65833 2084
65835 77394 779
65835 78125 722
78126 78125 869
65805 65803 615
65805 65806 690
65805 65807 998
66004 65807 1425
65806 65805 690
65806 66002 1632
65847 58177 713
65847 65837 1828
65847 65849 713
65847 66013 1956
76592 58177 1760
76592 77394 68
66014 65849 2029
66014 66013 520
66014 66015 2859
66014 66620 875
66632 66017 1106
66632 66633 1100
65302 65303 1863
65302 65305 3635
65302 65306 1640
65302 78844 1346
74846 65305 183
74846 74847 944
74846 78566 1161
65317 65316 1661
68479 68359 420
68479 68468 1518
68479 68468 1518
78211 65308 640
78211 68359 1303
78211 78214 1999
65855 65856 1303
65855 65860 3208
65855 68373 5094
78212 68373 523
78212 78214 3009
78212 78558 1549
77393 65890 310
77393 65890 310
68546 68468 1322
65686 65685 1108
65689 65685 894
65707 65705 1274
65707 65708 2927
65707 65710 2285
65710 65665 1265
65710 65707 2285
65710 65708 1189
65705 65706 374
65705 65707 1274
65705 65709 3569
65711 65709 1213
65665 65666 3381
65665 65710 1265
65665 65777 1531
65781 65777 1231
65781 65782 2140
65781 65787 1078
65782 65781 2140
65782 65783 831
65782 65785 951
65824 65785 2625
65824 65823 2943
65824 65828 1085
65789 65790 1831
65789 65794 656
65789 65795 1766
65796 58170 770
65796 65794 538
65796 65798 454
65833 58174 770
65833 65831 793
65833 65834 1344
65833 65835 2084
77394 58175 1518
77394 65835 779
77394 65846 77
77394 76592 68
65803 65797 1189
65803 65804 1069
65803 65805 615
65803 65832 1542
65837 65838 1950
65837 65842 633
65837 65846 713
65837 65847 1828
65849 65842 1849
65849 65847 713
65849 65850 603
65849 66014 2029
66015 66014 2859
66620 66014 875
66620 66621 956
66620 66625 2408
66633 66632 1100
66633 66634 562
66633 66635 762
65303 65302 1863
65303 78140 635
65306 65302 1640
65306 77176 4646
65306 78564 1252
78844 65302 1346
78844 65310 890
74847 74846 944
74847 77170 736
74847 78565 1145
78566 74846 1161
78566 78564 1287
78566 78565 976
65308 65307 474
65308 78211 640
65308 78213 3631
78214 78211 1999
78214 78212 3009
78214 78215 1222
65856 65854 2102
65856 65855 1303
65856 78562 1052
65860 65855 3208
65860 65866 6606
65860 65875 6131
78558 78212 1549
78558 78559 1153
78558 78560 1345
65706 65705 374
65706 77619 3437
65666 65660 1846
65666 65665 3381
65666 77173 1137
65787 65781 1078
65787 65786 543
65783 65782 831
65783 65784 1268
65783 65788 831
65823 65824 2943
65828 65824 1085
65790 65789 1831
65795 65789 1766
58170 65796 770
65798 65796 454
65798 65797 1480
58174 58175 484
58174 65833 770
65831 65832 445
65831 65833 793
65834 65833 1344
58175 58174 484
58175 77394 1518
65846 65837 713
65846 77394 77
65797 65798 1480
65797 65803 1189
65804 65803 1069
65832 65803 1542
65832 65831 445
65838 65837 1950
65842 65837 633
65842 65849 1849
65850 65849 603
65850 66621 1024
66621 65850 1024
66621 66620 956
66625 66620 2408
66634 66633 562
66634 66635 1012
66635 66633 762
66635 66634 1012
78140 65303 635
77176 65306 4646
77176 65307 3497
77176 65854 10703
78564 65306 1252
78564 78565 968
78564 78566 1287
65310 78844 890
77170 74847 736
78565 74847 1145
78565 78564 968
78565 78566 976
65307 65308 474
65307 77176 3497
78213 65308 3631
78215 78214 1222
65854 65856 2102
65854 77176 10703
78562 65856 1052
65866 65860 6606
65875 65860 6131
78559 78558 1153
78560 78558 1345
77619 65706 3437
65660 65666 1846
77173 65666 1137
65786 65787 543
65786 65788 2037
65784 65783 1268
65788 65783 831
65788 65786 2037
27
65823
65828
58170
65798
58174
65831
58175
65797
65832
65838
65842
65850
66621
66634
66635
78140
65310
77170
65307
65854
78562
65866
65875
78560
65660
65786
65788
