46
183465 183466 1055
183465 183593 953
183465 183594 2371
183466 183465 1055
183466 183467 924
183466 183592 1660
183593 183465 953
183593 183592 1268
183593 183594 2605
183594 183465 2371
183594 183593 2605
183467 183466 924
183467 183468 1967
183467 183483 1379
183592 183466 1660
183592 183483 1161
183592 183593 1268
183468 183467 1967
183483 183467 1379
183483 183471 1282
183483 183592 1161
183471 183483 1282
183471 183581 1234
183581 183471 1234
183581 183547 879
183581 183582 2718
183547 183548 1152
183547 183549 2478
183547 183581 879
183582 183551 1267
183582 183581 2718
183548 183547 1152
183549 183547 2478
183549 183550 233
183549 183551 849
183551 183549 849
183551 183552 667
183551 183582 1267
183551 183583 667
183550 183549 233
183552 183551 667
183552 183553 1519
183583 183551 667
183583 183584 148
183553 183552 1519
183584 183583 148
20
183465
183466
183593
183594
183467
183592
183468
183483
183471
183581
183547
183582
183548
183549
183551
183550
183552
183583
183553
183584
