644
140452 140453 223
140452 140518 284
140452 141275 502
140453 140452 223
140453 141275 456
140453 141821 181
140518 140452 284
140518 140519 2644
141275 140452 502
141275 140453 456
141275 141154 326
141275 141155 353
141821 140453 181
141821 143838 510
141821 143839 1133
140519 140518 2644
140519 143842 723
141154 141155 173
141154 141275 326
141154 143747 793
141155 141154 173
141155 141275 353
141155 143759 603
143838 141821 510
143838 143761 1521
143838 143840 785
143839 141821 1133
143839 143841 1119
143839 143842 1869
143842 140519 723
143842 143839 1869
143842 143846 2729
143842 143847 2863
143842 143848 258
143747 141154 793
143747 143746 1105
143747 143759 642
143759 141155 603
143759 143747 642
143759 143757 934
143759 143761 880
143761 143758 915
143761 143759 880
143761 143762 766
143761 143838 1521
143840 143762 1467
143840 143838 785
143840 143841 1833
143840 143893 894
143841 143839 1119
143841 143840 1833
143841 143845 1022
143846 143842 2729
143846 143847 792
143846 143874 1439
143847 143842 2863
143847 143846 792
143847 143849 852
143847 143918 1462
143847 143919 1657
143848 143842 258
143848 143845 854
143848 143849 2770
143746 143738 234
143746 143743 429
143746 143747 1105
143757 143743 802
143757 143749 2560
143757 143758 933
143757 143759 934
143758 143751 2604
143758 143757 933
143758 143760 795
143758 143761 915
143762 143760 1063
143762 143761 766
143762 143805 822
143762 143840 1467
143893 143805 1512
143893 143840 894
143893 143845 2621
143893 143894 822
143845 143841 1022
143845 143848 854
143845 143893 2621
143845 143897 1152
143845 143898 2014
143874 143846 1439
143874 143918 825
143849 143847 852
143849 143848 2770
143849 143901 2436
143849 143903 840
143918 143847 1462
143918 143874 825
143918 143919 898
143919 143847 1657
143919 143918 898
143919 143922 1033
143738 143737 1882
143738 143744 384
143738 143746 234
143743 143742 1706
143743 143746 429
143743 143757 802
143749 143734 840
143749 143735 1449
143749 143751 883
143749 143757 2560
143751 143749 883
143751 143750 1432
143751 143755 714
143751 143758 2604
143760 143755 2560
143760 143758 795
143760 143762 1063
143760 143803 640
143805 143762 822
143805 143803 1071
143805 143806 867
143805 143893 1512
143894 143806 1581
143894 143893 822
143894 143895 786
143894 143897 2588
143897 143845 1152
143897 143894 2588
143897 143896 806
143897 143898 1669
143898 143845 2014
143898 143897 1669
143898 143903 427
143901 143849 2436
143901 143905 811
143901 143922 583
143903 143849 840
143903 143898 427
143903 143904 776
143922 143901 583
143922 143919 1033
143922 143923 936
143737 143738 1882
143737 143742 1444
143744 143738 384
143742 143734 807
143742 143737 1444
143742 143743 1706
143734 143732 878
143734 143733 1556
143734 143742 807
143734 143749 840
143735 143704 788
143735 143733 804
143735 143748 644
143735 143749 1449
143750 143748 218
143750 143751 1432
143750 143754 633
143755 143751 714
143755 143754 1496
143755 143756 859
143755 143760 2560
143803 143756 2534
143803 143760 640
143803 143804 931
143803 143805 1071
143806 143804 990
143806 143805 867
143806 143809 675
143806 143894 1581
143895 143809 1522
143895 143894 786
143895 143896 2571
143895 143906 789
143896 143895 2571
143896 143897 806
143896 143902 2554
143896 143907 748
143905 143901 811
143905 143904 1389
143905 143913 1226
143905 143916 1350
143905 143939 1528
143904 143902 40
143904 143903 776
143904 143905 1389
143923 143922 936
143923 143939 335
143923 151782 436
143732 143729 970
143732 143730 1576
143732 143734 878
143733 143730 894
143733 143731 570
143733 143734 1556
143733 143735 804
143704 143701 2120
143704 143717 647
143704 143731 819
143704 143735 788
143748 143717 806
143748 143735 644
143748 143750 218
143754 143750 633
143754 143753 383
143754 143755 1496
143756 143752 1397
143756 143755 859
143756 143799 896
143756 143803 2534
143804 143799 2555
143804 143803 931
143804 143806 990
143804 143807 717
143809 143806 675
143809 143807 1099
143809 143819 878
143809 143895 1522
143906 143819 1492
143906 143823 2469
143906 143895 789
143906 143907 2623
143902 143896 2554
143902 143904 40
143902 143913 769
143907 143896 748
143907 143906 2623
143907 143910 826
143907 143913 2519
143913 143902 769
143913 143905 1226
143913 143907 2519
143913 143914 841
143916 143905 1350
143916 143914 2453
143916 143942 330
143916 149213 220
143939 143905 1528
143939 143923 335
143939 143940 991
143939 143942 819
151782 143923 436
143729 143728 1547
143729 143732 970
143730 143727 732
143730 143728 1194
143730 143732 1576
143730 143733 894
143731 143704 819
143731 143727 867
143731 143733 570
143701 143699 1394
143701 143702 951
143701 143703 584
143701 143704 2120
143717 143704 647
143717 143716 1946
143717 143723 1168
143717 143748 806
143753 143723 631
143753 143752 549
143753 143754 383
143752 143725 788
143752 143753 549
143752 143756 1397
143752 143797 931
143799 143756 896
143799 143797 1376
143799 143801 732
143799 143804 2555
143807 143801 2517
143807 143804 717
143807 143808 880
143807 143809 1099
143819 143808 1117
143819 143809 878
143819 143820 873
143819 143906 1492
143823 143822 1493
143823 143906 2469
143823 143986 2368
143823 144043 2683
143910 143907 826
143910 143909 1198
143910 143912 730
143910 143914 2428
143914 143910 2428
143914 143913 841
143914 143915 639
143914 143916 2453
143942 143916 330
143942 143917 729
143942 143939 819
143942 143943 1201
149213 143916 220
143940 143939 991
143940 143941 1529
143728 143521 604
143728 143729 1547
143728 143730 1194
143727 143521 1217
143727 143726 523
143727 143730 732
143727 143731 867
143699 143500 2154
143699 143697 879
143699 143701 1394
143699 143714 722
143702 143503 1245
143702 143701 951
143703 143701 584
143703 143714 1501
143703 143716 677
143716 143703 677
143716 143715 1429
143716 143717 1946
143716 143722 1189
143723 143717 1168
143723 143722 2071
143723 143725 611
143723 143753 631
143725 143723 611
143725 143724 1963
143725 143752 788
143725 143773 854
143797 143752 931
143797 143773 908
143797 143798 730
143797 143799 1376
143801 143798 1302
143801 143799 732
143801 143802 863
143801 143807 2517
143808 143802 2536
143808 143807 880
143808 143818 749
143808 143819 1117
143820 143818 999
143820 143819 873
143820 143821 820
143822 143817 1082
143822 143821 766
143822 143823 1493
143822 143981 894
143986 143823 2368
143986 143985 1451
143986 143999 840
143986 144046 2668
144043 143823 2683
144043 143912 966
144043 144045 734
144043 144049 2438
143909 143910 1198
143909 143911 830
143912 143910 730
143912 143911 1282
143912 143915 2475
143912 144043 966
143915 143912 2475
143915 143914 639
143915 143917 2774
143915 144049 949
143917 143915 2774
143917 143942 729
143917 143943 865
143917 144051 921
143943 143917 865
143943 143942 1201
143943 143946 903
143941 143940 1529
143941 143948 846
143941 143950 2647
143941 143951 858
143521 143520 581
143521 143727 1217
143521 143728 604
143726 143519 1204
143726 143727 523
143726 151669 1026
143500 143499 842
143500 143502 240
143500 143699 2154
143697 143499 2138
143697 143699 879
143697 143700 717
143714 143699 722
143714 143703 1501
143714 143715 583
143503 143501 965
143503 143502 1226
143503 143519 1374
143503 143702 1245
143715 143714 583
143715 143716 1429
143715 143719 1082
143722 143716 1189
143722 143719 1455
143722 143723 2071
143722 143724 601
143724 143721 1419
143724 143722 601
143724 143725 1963
143724 143772 840
143773 143725 854
143773 143772 1853
143773 143778 804
143773 143797 908
143798 143778 974
143798 143797 730
143798 143800 880
143798 143801 1302
143802 143800 1283
143802 143801 863
143802 143808 2536
143802 143812 787
143818 143808 749
143818 143812 2570
143818 143815 838
143818 143820 999
143821 143815 1015
143821 143820 820
143821 143822 766
143817 143815 954
143817 143816 2583
143817 143822 1082
143817 143973 684
143981 143822 894
143981 143973 1017
143981 143982 790
143981 143983 749
143985 143980 1082
143985 143983 807
143985 143986 1451
143999 143986 840
143999 143989 2512
143999 144000 917
143999 144056 2697
144046 143986 2668
144046 144048 831
144046 144054 2566
144046 144056 766
144045 144043 734
144045 144044 1191
144045 144048 843
144045 144050 2480
144049 143915 949
144049 144043 2438
144049 144050 821
144049 144051 2697
143911 143909 830
143911 143912 1282
144051 143917 921
144051 144049 2697
144051 144052 807
144051 144066 990
143946 143943 903
143946 143953 651
143946 144071 340
143948 143935 841
143948 143941 846
143948 143947 1278
143948 143949 2671
143950 143941 2647
143950 143949 813
143950 143952 954
143950 144158 2699
143951 143941 858
143951 143945 664
143951 143952 2732
143951 143954 789
143520 143517 651
143520 143519 164
143520 143521 581
143519 143503 1374
143519 143520 164
143519 143726 1204
151669 143726 1026
143499 143500 842
143499 143697 2138
143502 143500 240
143502 143503 1226
143700 143697 717
143700 143698 880
143700 143712 492
143501 143494 820
143501 143503 965
143501 143517 1322
143719 143715 1082
143719 143718 861
143719 143721 602
143719 143722 1455
143721 143719 602
143721 143720 847
143721 143724 1419
143721 143771 864
143772 143724 840
143772 143771 1471
143772 143773 1853
143772 143775 840
143778 143773 804
143778 143775 1850
143778 143779 802
143778 143798 974
143800 143779 890
143800 143798 880
143800 143802 1283
143800 143810 862
143812 143802 787
143812 143810 1299
143812 143814 878
143812 143818 2570
143815 143814 2621
143815 143817 954
143815 143818 838
143815 143821 1015
143816 143813 1210
143816 143814 786
143816 143817 2583
143816 143972 804
143973 143817 684
143973 143972 2515
143973 143975 804
143973 143981 1017
143982 143981 790
143982 143984 729
143983 143975 1101
143983 143981 749
143983 143984 752
143983 143985 807
143980 143975 824
143980 143978 2529
143980 143985 1082
143980 143989 876
143989 143980 876
143989 143988 2552
143989 143992 815
143989 143999 2512
144000 143992 2575
144000 143999 917
144000 144001 678
144000 144057 2677
144056 143999 2697
144056 144046 766
144056 144057 882
144056 144059 2514
144048 144045 843
144048 144046 831
144048 144047 1174
144048 144053 2515
144054 144046 2566
144054 144053 769
144054 144059 806
144054 144060 2532
144044 144045 1191
144044 144047 823
144050 144045 2480
144050 144049 821
144050 144052 2641
144050 144053 822
144052 144050 2641
144052 144051 807
144052 144055 852
144066 144051 990
143953 143945 753
143953 143946 651
143953 143954 667
144071 143946 340
144071 144072 330
144071 144073 401
143935 143934 1390
143935 143936 2562
143935 143948 841
143947 143948 1278
143949 143936 805
143949 143948 2671
143949 143950 813
143952 143950 954
143952 143951 2732
144158 143950 2699
143945 143951 664
143945 143953 753
143954 143951 789
143954 143953 667
143954 144072 769
143517 143501 1322
143517 143520 651
143698 143700 880
143712 143700 492
143712 143718 1246
143494 143501 820
143718 143712 1246
143718 143719 861
143718 143720 477
143720 143718 477
143720 143721 847
143771 143721 864
143771 143772 1471
143775 143772 840
143775 143778 1850
143779 143778 802
143779 143800 890
143810 143800 862
143810 143812 1299
143814 143812 878
143814 143815 2621
143814 143816 786
143813 143816 1210
143972 143816 804
143972 143973 2515
143975 143973 804
143975 143980 824
143975 143983 1101
143984 143982 729
143984 143983 752
143978 143980 2529
143978 143988 822
143988 143978 822
143988 143989 2552
143992 143989 815
143992 144000 2575
144001 144000 678
144057 144000 2677
144057 144056 882
144059 144054 806
144059 144056 2514
144047 144044 823
144047 144048 1174
144053 144048 2515
144053 144050 822
144053 144054 769
144053 144055 2552
144060 144054 2532
144060 144055 752
144055 144052 852
144055 144053 2552
144055 144060 752
144072 143954 769
144072 144071 330
144072 144073 258
144073 144071 401
144073 144072 258
143934 143935 1390
143936 143935 2562
143936 143949 805
200
140452
140453
140518
141275
141821
140519
141154
141155
143838
143839
143842
143747
143759
143761
143840
143841
143846
143847
143848
143746
143757
143758
143762
143893
143845
143874
143849
143918
143919
143738
143743
143749
143751
143760
143805
143894
143897
143898
143901
143903
143922
143737
143744
143742
143734
143735
143750
143755
143803
143806
143895
143896
143905
143904
143923
143732
143733
143704
143748
143754
143756
143804
143809
143906
143902
143907
143913
143916
143939
151782
143729
143730
143731
143701
143717
143753
143752
143799
143807
143819
143823
143910
143914
143942
149213
143940
143728
143727
143699
143702
143703
143716
143723
143725
143797
143801
143808
143820
143822
143986
144043
143909
143912
143915
143917
143943
143941
143521
143726
143500
143697
143714
143503
143715
143722
143724
143773
143798
143802
143818
143821
143817
143981
143985
143999
144046
144045
144049
143911
144051
143946
143948
143950
143951
143520
143519
151669
143499
143502
143700
143501
143719
143721
143772
143778
143800
143812
143815
143816
143973
143982
143983
143980
143989
144000
144056
144048
144054
144044
144050
144052
144066
143953
144071
143935
143947
143949
143952
144158
143945
143954
143517
143698
143712
143494
143718
143720
143771
143775
143779
143810
143814
143813
143972
143975
143984
143978
143988
143992
144001
144057
144059
144047
144053
144060
144055
144072
144073
143934
143936
