24
135010 135009 751
135014 135018 747
135009 135010 751
135018 135014 747
135799 135806 818
135806 135799 818
135792 135878 1098
135878 135792 1098
136154 136156 336
136156 136154 336
136156 136163 1073
136163 136156 1073
136166 136178 827
136178 136166 827
136178 136188 751
136188 136178 751
136188 136191 827
136191 136188 827
136191 136204 1102
136204 136191 1102
136760 136761 149
136761 136760 149
136766 136798 1060
136798 136766 1060
35
134198
134804
135010
135014
135009
135064
135018
135020
135065
135077
135799
135806
135810
135812
135792
135878
135827
135835
135873
135886
136084
136096
136081
136082
136154
136156
136163
136166
136178
136188
136191
136209
136787
136204
136800
