48
256595 256596 3563
256595 256597 766
256595 256602 2063
256596 256595 3563
256596 260231 389
256597 256595 766
256602 256595 2063
260231 256596 389
260231 260230 573
260230 256601 1506
260230 260229 1705
260230 260231 573
256601 260230 1506
260229 260209 1596
260229 260230 1705
260209 260208 1677
260209 260229 1596
260208 260206 1765
260208 260209 1677
260208 260216 1799
260206 259394 5715
260206 260207 3998
260206 260208 1765
260216 260208 1799
260216 260217 660
260216 260225 2029
259394 259395 4433
259394 260205 2014
259394 260206 5715
260207 260206 3998
260217 260216 660
260225 260216 2029
260225 260224 1541
260225 263879 988
259395 259394 4433
260205 259238 155
260205 259394 2014
260224 260225 1541
263879 260225 988
259238 259237 144
259238 260203 641
259238 260205 155
259237 259238 144
260203 259238 641
260203 260204 800
260204 260203 800
260204 264344 1158
264344 260204 1158
20
256602
256601
260229
260209
260208
260206
260216
259394
260207
260217
260225
259395
260205
260224
263879
259238
259237
260203
260204
264344
