566
194730 194731 1464
194730 199322 8144
194731 194730 1464
194731 199713 328
199322 194730 8144
199322 199321 3440
199322 199326 784
199713 194731 328
199713 199712 3534
199713 199714 364
199713 199715 3140
199321 199315 1039
199321 199318 769
199321 199322 3440
199326 199322 784
199326 199323 802
199326 199325 1628
199712 199713 3534
199712 214970 1677
199712 214974 2119
199714 199713 364
199714 199768 968
199715 199713 3140
199715 199974 135
199315 199312 693
199315 199317 1319
199315 199321 1039
199318 199319 917
199318 199320 1331
199318 199321 769
199323 199310 675
199323 199316 1667
199323 199324 3442
199323 199326 802
199325 199316 748
199325 199326 1628
214970 199712 1677
214970 214969 187
214974 199712 2119
199768 199714 968
199768 199766 3582
199768 199774 1059
199974 199715 135
199974 199973 2494
199312 199296 1135
199312 199313 783
199312 199315 693
199312 199316 1761
199317 199296 739
199317 199298 156
199317 199315 1319
199319 199298 964
199319 199318 917
199319 199346 1440
199320 199318 1331
199320 199346 911
199310 199308 838
199310 199311 1702
199310 199314 1668
199310 199323 675
199316 199312 1761
199316 199314 656
199316 199323 1667
199316 199325 748
199324 199323 3442
199324 199457 748
199324 199462 2027
199324 199463 2256
214969 214968 349
214969 214970 187
199766 199767 689
199766 199768 3582
199766 199769 815
199774 199768 1059
199774 199775 916
199774 199776 1505
199774 199779 1164
199973 199974 2494
199973 214347 1164
199296 199294 2419
199296 199295 867
199296 199312 1135
199296 199317 739
199313 199295 916
199313 199312 783
199313 199314 1757
199298 199297 2124
199298 199317 156
199298 199319 964
199346 199319 1440
199346 199320 911
199346 199328 1761
199346 199331 717
199308 199303 1668
199308 199305 839
199308 199309 1796
199308 199310 838
199311 199310 1702
199311 199443 201
199311 199457 1743
199314 199303 839
199314 199310 1668
199314 199313 1757
199314 199316 656
199457 199311 1743
199457 199324 748
199457 199454 838
199457 199459 2344
199462 199324 2027
199462 199464 8005
199463 199324 2256
199463 199459 681
199463 214621 4276
214968 214969 349
199767 199709 260
199767 199766 689
199767 214589 492
199769 199766 815
199775 199774 916
199775 199782 568
199775 199795 1769
199776 199774 1505
199776 199784 1547
199776 199981 798
199776 200026 1123
199779 199774 1164
199779 199777 803
199779 199781 2212
214347 199973 1164
214347 214350 1578
199294 199292 1520
199294 199293 766
199294 199296 2419
199294 199297 803
199295 199286 784
199295 199293 2661
199295 199296 867
199295 199313 916
199297 199294 803
199297 199298 2124
199297 199299 876
199328 199299 1513
199328 199329 364
199328 199346 1761
199331 199330 1393
199331 199333 784
199331 199346 717
199331 199347 417
199303 199286 2435
199303 199302 857
199303 199308 1668
199303 199314 839
199305 199302 1667
199305 199304 766
199305 199307 1796
199305 199308 839
199309 199307 839
199309 199308 1796
199309 199443 694
199309 199454 1649
199443 199309 694
199443 199311 201
199454 199309 1649
199454 199452 766
199454 199457 838
199454 199458 2238
199459 199457 2344
199459 199458 936
199459 199463 681
199464 199462 8005
199464 199474 336
214621 199463 4276
214621 199471 848
214621 214936 2425
199709 199764 993
199709 199767 260
214589 199767 492
214589 214971 247
199782 199775 568
199782 199783 1709
199782 199784 899
199795 199775 1769
199795 199781 774
199795 199783 791
199795 199799 1771
199784 199776 1547
199784 199782 899
199784 199797 1680
199784 200028 1101
199981 199776 798
199981 199980 951
199981 199983 754
200026 199776 1123
200026 199988 591
200026 200027 846
199777 199773 659
199777 199779 803
199777 199780 2108
199781 199779 2212
199781 199780 899
199781 199795 774
199781 199796 1681
214350 214347 1578
214350 214349 34
199292 199290 820
199292 199291 1578
199292 199294 1520
199292 214730 602
199293 199284 821
199293 199290 1500
199293 199294 766
199293 199295 2661
199286 199284 2912
199286 199285 729
199286 199295 784
199286 199303 2435
199299 199297 876
199299 199328 1513
199299 215006 587
199329 199328 364
199329 199330 471
199329 199332 666
199330 199329 471
199330 199331 1393
199333 199331 784
199333 199332 2009
199333 199336 857
199333 199352 390
199347 199331 417
199347 199348 489
199302 199285 2461
199302 199301 747
199302 199303 857
199302 199305 1667
199304 199255 747
199304 199301 1668
199304 199305 766
199304 199306 1794
199307 199305 1796
199307 199306 675
199307 199309 839
199307 199452 1665
199452 199307 1665
199452 199451 747
199452 199453 2221
199452 199454 766
199458 199453 766
199458 199454 2238
199458 199459 936
199474 199464 336
199474 199484 370
199474 214335 3805
199474 214469 1888
199471 199468 1280
199471 199470 1616
199471 214621 848
214936 214621 2425
199764 199709 993
199764 199735 1175
199764 199765 1380
199764 199770 709
214971 214589 247
199783 199782 1709
199783 199795 791
199783 199797 774
199783 199798 1782
199799 199795 1771
199799 199796 769
199799 199798 899
199799 199868 2303
199797 199783 774
199797 199784 1680
199797 200033 1238
199797 200045 1782
200028 199784 1101
200028 200027 864
200028 200029 1130
200028 200030 846
199980 199981 951
199983 199981 754
199983 199982 901
199983 199985 665
199988 199985 1159
199988 199989 573
199988 200026 591
200027 199992 1228
200027 200026 846
200027 200028 864
199773 199765 804
199773 199777 659
199773 199778 2190
199780 199777 2108
199780 199778 775
199780 199781 899
199780 199794 1782
199796 199781 1681
199796 199794 803
199796 199799 769
199796 199867 2374
214349 214350 34
214349 214620 967
199290 199281 783
199290 199289 1595
199290 199292 820
199290 199293 1500
199291 199289 857
199291 199292 1578
199291 214729 716
214730 199292 602
199284 199281 1483
199284 199283 802
199284 199286 2912
199284 199293 821
199285 199250 858
199285 199283 2910
199285 199286 729
199285 199300 1043
199285 199302 2461
215006 199299 587
199332 199329 666
199332 199333 2009
199336 199333 857
199336 199343 684
199336 199353 1237
199352 199333 390
199352 199354 878
199348 199347 489
199301 199251 766
199301 199300 1887
199301 199302 747
199301 199304 1668
199255 199251 1668
199255 199254 766
199255 199257 1795
199255 199304 747
199306 199257 838
199306 199304 1794
199306 199307 675
199306 199451 1668
199451 199306 1668
199451 199384 766
199451 199391 2220
199451 199452 747
199453 199391 747
199453 199452 2221
199453 199458 766
199453 199460 1117
199484 199474 370
199484 199497 1996
214335 199474 3805
214335 214337 537
214469 199474 1888
214469 214468 475
199468 199416 930
199468 199467 1564
199468 199471 1280
199470 199467 684
199470 199471 1616
199735 199732 933
199735 199743 779
199735 199764 1175
199765 199764 1380
199765 199771 846
199765 199773 804
199770 199743 1151
199770 199764 709
199770 199771 1741
199770 199772 867
199798 199783 1782
199798 199799 899
199798 199873 2199
199798 200045 774
199868 199799 2303
199868 199867 772
199868 199872 1844
199868 199873 803
200033 199797 1238
200033 200030 755
200033 200046 1009
200033 200049 1772
200045 199797 1782
200045 199798 774
200045 200049 1129
200045 200050 2289
200029 199992 747
200029 200028 1130
200029 200031 936
200029 200032 791
200030 200028 846
200030 200031 1120
200030 200033 755
199982 199983 901
199985 199983 665
199985 199984 868
199985 199988 1159
199989 199987 1044
199989 199988 573
199989 199991 1039
199989 199992 1116
199992 199989 1116
199992 200027 1228
199992 200029 747
199778 199773 2190
199778 199780 775
199778 199790 791
199778 199793 1782
199794 199780 1782
199794 199793 775
199794 199796 803
199794 199866 2290
199867 199796 2374
199867 199866 902
199867 199868 772
199867 199871 1862
214620 214349 967
214620 214618 1747
199281 199277 1615
199281 199278 839
199281 199284 1483
199281 199290 783
199289 199277 748
199289 199288 881
199289 199290 1595
199289 199291 857
214729 199291 716
199283 199210 729
199283 199278 1482
199283 199284 802
199283 199285 2910
199250 199245 748
199250 199246 1392
199250 199285 858
199250 199300 604
199300 199249 779
199300 199250 604
199300 199285 1043
199300 199301 1887
199343 199336 684
199343 199345 845
199343 199355 1389
199353 199336 1237
199353 199355 684
199354 199352 878
199251 199248 748
199251 199249 1668
199251 199255 1668
199251 199301 766
199254 199248 1685
199254 199252 747
199254 199255 766
199254 199256 881
199257 199255 1795
199257 199306 838
199257 199380 756
199257 199384 1666
199384 199257 1666
199384 199381 839
199384 199385 2219
199384 199451 766
199391 199385 747
199391 199392 1117
199391 199451 2220
199391 199453 747
199460 199392 766
199460 199453 1117
199460 199461 1448
199497 199483 955
199497 199484 1996
199497 199491 976
199497 199498 1747
214337 199514 2358
214337 214335 537
214468 214469 475
214468 214618 370
199416 199415 3101
199416 199466 1564
199416 199468 930
199467 199466 930
199467 199468 1564
199467 199470 684
199732 199731 579
199732 199735 933
199732 199737 755
199743 199735 779
199743 199737 827
199743 199742 802
199743 199770 1151
199771 199765 846
199771 199770 1741
199772 199742 1193
199772 199770 867
199873 199798 2199
199873 199868 803
199873 200050 769
199872 199868 1844
199872 199871 793
200046 200031 766
200046 200033 1009
200049 200033 1772
200049 200045 1129
200050 199873 769
200050 200045 2289
200031 200029 936
200031 200030 1120
200031 200046 766
200032 199991 2024
200032 200029 791
199984 199985 868
199987 199989 1044
199991 199989 1039
199991 200032 2024
199790 199778 791
199793 199778 1782
199793 199794 775
199866 199794 2290
199866 199867 902
199871 199867 1862
199871 199872 793
214618 214468 370
214618 214620 1747
199277 199281 1615
199277 199289 748
199278 199281 839
199278 199283 1482
199288 199289 881
199210 199246 1487
199210 199283 729
199245 199249 824
199245 199250 748
199246 199210 1487
199246 199250 1392
199249 199245 824
199249 199251 1668
199249 199300 779
199345 199343 845
199355 199343 1389
199355 199353 684
199248 199251 748
199248 199254 1685
199252 199254 747
199256 199254 881
199256 199380 787
199380 199256 787
199380 199257 756
199380 199381 1778
199381 199380 1778
199381 199384 839
199385 199384 2219
199385 199391 747
199392 199391 1117
199392 199460 766
199461 199460 1448
199461 199466 838
199483 199497 955
199491 199497 976
199498 199497 1747
199514 214337 2358
199415 199416 3101
199466 199416 1564
199466 199461 838
199466 199467 930
199731 199732 579
199737 199732 755
199737 199743 827
199742 199743 802
199742 199772 1193
57
199712
214970
214974
214969
214968
199709
199764
199332
199336
199735
199765
199770
199343
199353
199732
199743
199771
199772
199873
199872
200046
200049
200050
200031
200032
199987
199991
199790
199793
199866
199871
199277
199278
199288
199210
199245
199246
199249
199345
199355
199248
199252
199256
199380
199381
199385
199392
199461
199483
199491
199498
199514
199415
199466
199731
199737
199742
