524
136397 136398 788
136397 136408 537
136397 139555 309
136398 136397 788
136398 136399 951
136398 136404 788
136408 136397 537
136408 136409 610
136408 136410 435
139555 136397 309
136399 136398 951
136399 136405 836
136399 136410 788
136399 136412 1829
136404 136398 788
136404 136402 1115
136404 136405 1026
136404 139554 158
136409 136408 610
136409 136410 475
136409 136411 3058
136410 136399 788
136410 136408 435
136410 136409 475
136410 136413 751
136405 136399 836
136405 136404 1026
136405 136406 927
136405 136407 1829
136412 136399 1829
136412 136407 836
136412 136415 788
136402 136401 927
136402 136404 1115
136402 136406 939
139554 136404 158
136411 136409 3058
136411 136414 870
136413 136410 751
136413 136414 2949
136413 136415 1079
136406 136402 939
136406 136403 836
136406 136405 927
136406 136550 1878
136407 136405 1829
136407 136412 836
136407 136550 697
136407 136570 677
136415 136412 788
136415 136413 1079
136415 136571 2279
136415 136572 848
136401 136402 927
136401 136403 1009
136401 136542 697
136414 136411 870
136414 136413 2949
136414 136571 848
136403 136401 1009
136403 136406 836
136403 136548 788
136403 136551 1342
136550 136406 1878
136550 136407 697
136550 136552 983
136550 136570 905
136570 136407 677
136570 136550 905
136570 136574 796
136571 136414 848
136571 136415 2279
136571 136573 789
136572 136415 848
136572 136573 2153
136572 136574 848
136542 136401 697
136542 136541 976
136542 136548 939
136548 136403 788
136548 136542 939
136548 136546 1205
136548 136549 1281
136551 136403 1342
136551 136552 354
136551 136553 517
136552 136550 983
136552 136551 354
136552 136554 474
136574 136555 789
136574 136570 796
136574 136572 848
136574 136575 2044
136573 136571 789
136573 136572 2153
136573 136575 870
136541 136540 1115
136541 136542 976
136541 136545 848
136546 136545 445
136546 136547 672
136546 136548 1205
136546 136549 1719
136549 136546 1719
136549 136548 1281
136549 136553 672
136553 136549 672
136553 136551 517
136553 136554 581
136553 136565 870
136554 136552 474
136554 136553 581
136554 136555 2028
136555 136554 2028
136555 136566 848
136555 136574 789
136555 136576 2153
136575 136573 870
136575 136574 2044
136575 136576 765
136540 136538 751
136540 136541 1115
136540 136543 1394
136540 136545 796
136545 136540 796
136545 136541 848
136545 136546 445
136545 136547 505
136547 136544 1116
136547 136545 505
136547 136546 672
136565 136553 870
136565 136563 682
136565 136566 2714
136566 136555 848
136566 136565 2714
136566 136567 789
136566 136577 2044
136576 136555 2153
136576 136575 765
136576 136577 870
136576 136582 1906
136538 136540 751
136543 136475 889
136543 136539 612
136543 136540 1394
136543 136544 1906
136544 136543 1906
136544 136547 1116
136544 136556 673
136563 136558 848
136563 136564 905
136563 136565 682
136563 136567 2623
136567 136563 2623
136567 136566 789
136567 136568 765
136567 136579 2153
136577 136566 2044
136577 136576 870
136577 136578 1919
136577 136579 765
136582 136576 1906
136582 136578 952
136582 136583 1955
136475 136474 927
136475 136543 889
136475 136556 2542
136539 136543 612
136556 136475 2542
136556 136544 673
136556 136558 2623
136556 136559 848
136558 136556 2623
136558 136561 789
136558 136563 848
136558 136568 2605
136564 136563 905
136568 136558 2605
136568 136567 765
136568 136569 765
136568 136580 2044
136579 136567 2153
136579 136577 765
136579 136580 789
136579 136581 1810
136578 136577 1919
136578 136581 789
136578 136582 952
136578 136584 1919
136583 136582 1955
136583 136584 789
136583 136736 344
136474 136473 461
136474 136475 927
136474 136476 847
136474 136483 889
136559 136556 848
136559 136557 1594
136559 136561 2496
136559 136562 1779
136559 136587 870
136561 136558 789
136561 136559 2496
136561 136569 2714
136561 136592 870
136569 136561 2714
136569 136568 765
136569 136594 870
136569 136606 2044
136580 136568 2044
136580 136579 789
136580 136606 765
136580 136608 1919
136581 136578 789
136581 136579 1810
136581 136585 2044
136581 136608 765
136584 136578 1919
136584 136583 789
136584 136585 848
136736 136583 344
136473 136474 461
136476 136474 847
136476 136484 629
136476 136557 847
136483 136474 889
136483 136478 873
136483 136484 1268
136557 136476 847
136557 136559 1594
136557 136560 1281
136562 136559 1779
136562 136587 1592
136562 136592 905
136562 136593 976
136587 136559 870
136587 136560 1466
136587 136562 1592
136587 136586 757
136592 136561 870
136592 136562 905
136592 136593 435
136592 136594 2714
136594 136569 870
136594 136592 2714
136594 136597 765
136594 136607 2028
136606 136569 2044
136606 136580 765
136606 136607 789
136606 136609 1810
136608 136580 1919
136608 136581 765
136608 136609 789
136608 136613 2028
136585 136581 2044
136585 136584 848
136585 136613 682
136585 136615 2057
136484 136476 629
136484 136483 1268
136484 136485 757
136478 136479 514
136478 136481 947
136478 136483 873
136478 136485 1827
136560 136485 818
136560 136557 1281
136560 136587 1466
136593 136562 976
136593 136588 252
136593 136592 435
136593 136595 788
136586 136519 2481
136586 136587 757
136586 136588 2371
136586 136589 870
136597 136594 765
136597 136595 2044
136597 136603 870
136597 136610 2028
136607 136594 2028
136607 136606 789
136607 136610 765
136607 136611 1935
136609 136606 1810
136609 136608 789
136609 136611 848
136609 136614 2153
136613 136585 682
136613 136608 2028
136613 136614 848
136613 136616 2171
136615 136585 2057
136615 136616 824
136485 136478 1827
136485 136484 757
136485 136519 870
136485 136560 818
136479 136477 601
136479 136478 514
136481 136478 947
136481 136482 510
136481 136518 848
136481 136519 2299
136588 136586 2371
136588 136590 848
136588 136593 252
136588 136595 688
136595 136588 688
136595 136593 788
136595 136596 1724
136595 136597 2044
136519 136481 2299
136519 136485 870
136519 136521 765
136519 136586 2481
136589 136521 2388
136589 136524 765
136589 136586 870
136589 136590 2481
136603 136596 475
136603 136597 870
136603 136604 252
136603 136620 2126
136610 136597 2028
136610 136607 765
136610 136612 1827
136610 136620 765
136611 136607 1935
136611 136609 848
136611 136612 789
136611 136617 2028
136614 136609 2153
136614 136613 848
136614 136617 789
136614 136618 2063
136616 136613 2171
136616 136615 824
136616 136618 870
136477 136479 601
136477 136480 873
136482 136480 518
136482 136481 510
136518 136481 848
136518 136517 1445
136518 136520 870
136518 136521 2279
136590 136588 848
136590 136589 2481
136590 136591 789
136590 136596 2153
136596 136590 2153
136596 136595 1724
136596 136603 475
136596 136604 612
136521 136518 2279
136521 136519 765
136521 136522 789
136521 136589 2388
136524 136522 2496
136524 136534 870
136524 136589 765
136524 136591 2371
136604 136596 612
136604 136601 517
136604 136603 252
136604 136621 1168
136620 136603 2126
136620 136610 765
136620 136622 789
136620 136624 1161
136612 136610 1827
136612 136611 789
136612 136629 2044
136612 136630 765
136617 136611 2028
136617 136614 789
136617 136619 2153
136617 136629 870
136618 136614 2063
136618 136616 870
136618 136619 682
136480 136477 873
136480 136482 518
136480 136517 1702
136517 136480 1702
136517 136518 1445
136520 136518 870
136520 136522 2262
136591 136524 2371
136591 136590 789
136591 136598 848
136591 136601 2731
136522 136520 2262
136522 136521 789
136522 136523 848
136522 136524 2496
136534 136523 2388
136534 136524 870
136534 136598 2481
136534 136599 1777
136534 136600 2515
136601 136591 2731
136601 136602 789
136601 136604 517
136601 136621 1031
136621 136601 1031
136621 136604 1168
136621 136622 1000
136621 136623 1066
136622 136620 789
136622 136621 1000
136622 136623 599
136624 136620 1161
136624 136627 1821
136624 136630 672
136629 136612 2044
136629 136617 870
136629 136631 848
136630 136612 765
136630 136624 672
136630 136631 2063
136630 136632 848
136619 136617 2153
136619 136618 682
136619 136636 2479
136598 136534 2481
136598 136591 848
136598 136600 789
136598 136602 2605
136523 136522 848
136523 136534 2388
136523 136535 848
136599 136534 1777
136599 136857 403
136600 136534 2515
136600 136598 789
136600 136605 2700
136602 136598 2605
136602 136601 789
136602 136605 682
136602 136623 2113
136623 136602 2113
136623 136621 1066
136623 136622 599
136623 136627 1254
136623 136628 252
136627 136623 1254
136627 136624 1821
136627 136625 889
136631 136629 848
136631 136630 2063
136631 136633 765
136632 136630 848
136632 136633 2044
136632 136634 789
136636 136619 2479
136636 136633 2153
136636 136860 682
136535 136523 848
136857 136599 403
136605 136600 2700
136605 136602 682
136605 139592 2210
136628 136623 252
136628 139594 449
136625 136626 1618
136625 136627 889
136625 136634 682
136625 136859 2044
136625 136862 2278
136625 136863 8987
136633 136631 765
136633 136632 2044
136633 136635 789
136633 136636 2153
136634 136625 682
136634 136632 789
136634 136635 2044
136860 136635 2248
136860 136636 682
136860 136861 709
139592 136605 2210
139592 136626 164
139592 139594 76
139594 136628 449
139594 139592 76
136626 136625 1618
136626 139592 164
136859 136625 2044
136859 136635 682
136859 136861 2138
136859 136862 997
136862 136625 2278
136862 136859 997
136862 136864 2512
136862 139662 1751
136863 136625 8987
136863 136865 2481
136863 138684 1829
136635 136633 789
136635 136634 2044
136635 136859 682
136635 136860 2248
136861 136859 2138
136861 136860 709
136861 136864 2212
136864 136861 2212
136864 136862 2512
136864 136865 3065
139662 136862 1751
136865 136863 2481
136865 136864 3065
136865 136866 473
138684 136863 1829
136866 136865 473
136866 138685 2979
136866 139663 3205
138685 136866 2979
139663 136866 3205
139663 139664 81
139664 139663 81
136
139555
139554
136401
136403
136542
136548
136551
136552
136541
136546
136549
136553
136554
136555
136540
136545
136547
136565
136566
136576
136538
136543
136544
136563
136567
136577
136582
136475
136539
136556
136558
136564
136568
136579
136578
136583
136474
136559
136561
136569
136580
136581
136584
136736
136473
136476
136483
136557
136562
136587
136592
136594
136606
136608
136585
136484
136478
136560
136593
136586
136597
136607
136609
136613
136615
136485
136479
136481
136588
136595
136519
136589
136603
136610
136611
136614
136616
136477
136482
136518
136590
136596
136521
136524
136604
136620
136612
136617
136618
136480
136517
136520
136591
136522
136534
136601
136621
136622
136624
136629
136630
136619
136598
136523
136599
136600
136602
136623
136627
136631
136632
136636
136535
136857
136605
136628
136625
136633
136634
136860
139592
139594
136626
136859
136862
136863
136635
136861
136864
139662
136865
138684
136866
138685
139663
139664
