518
7403 7431 1268
7403 7432 2097
7431 7403 1268
7431 7404 1221
7431 7434 515
7432 7403 2097
7432 7435 2224
7404 7405 1221
7404 7430 1139
7404 7431 1221
7434 7431 515
7434 7433 1031
7434 7435 2496
7435 7432 2224
7435 7434 2496
7435 7441 1120
7405 7404 1221
7405 32344 1483
7405 32345 707
7430 7404 1139
7430 7433 1710
7430 14415 1095
7433 7430 1710
7433 7434 1031
7433 7436 2251
7433 14416 1700
7441 7435 1120
7441 7436 1006
7441 14421 2347
32344 7405 1483
32344 14392 1483
32344 32342 2905
32345 7405 707
32345 32340 222
32345 32341 671
14415 7430 1095
14415 14391 410
7436 7433 2251
7436 7441 1006
7436 14419 1827
14416 7433 1700
14416 14395 1532
14416 14417 1278
14416 14418 1061
14421 7441 2347
14421 14419 2225
14421 14422 1031
14421 14466 924
14392 14391 1174
14392 32343 2714
14392 32344 1483
32342 32336 275
32342 32343 1225
32342 32344 2905
32340 32345 222
32341 32339 2088
32341 32345 671
14391 14392 1174
14391 14393 1466
14391 14415 410
14419 7436 1827
14419 14418 1140
14419 14420 924
14419 14421 2225
14395 14393 1334
14395 14416 1532
14395 14430 736
14417 14416 1278
14418 14416 1061
14418 14419 1140
14418 14420 1482
14422 14421 1031
14422 14423 3491
14422 14470 1302
14422 14471 1174
14466 14420 2720
14466 14421 924
14466 14467 1161
32343 14392 2714
32343 32342 1225
32343 33263 1225
32336 32339 1139
32336 32342 275
32339 32336 1139
32339 32341 2088
14393 14391 1466
14393 14394 1031
14393 14395 1334
14420 14418 1482
14420 14419 924
14420 14429 1031
14420 14466 2720
14430 14395 736
14430 14399 1343
14430 14429 3038
14423 14422 3491
14470 14422 1302
14470 14469 783
14470 34723 1177
14471 14422 1174
14471 14479 307
14467 14466 1161
14467 14468 1100
14467 14469 1031
14467 14472 1889
33263 14394 2554
33263 32343 1225
33263 33261 949
14394 14393 1031
14394 33263 2554
14394 33264 3021
14429 14420 1031
14429 14430 3038
14429 14436 1221
14399 14398 2441
14399 14430 1343
14399 33313 3037
14399 33323 1583
14469 14467 1031
14469 14470 783
14469 14478 3449
34723 14470 1177
14479 14471 307
14479 14481 927
14468 14431 1494
14468 14436 1278
14468 14467 1100
14472 14442 1031
14472 14467 1889
14472 14475 1140
14472 14477 903
33261 33263 949
33261 33264 1161
33264 14394 3021
33264 33261 1161
33264 33262 550
14436 14429 1221
14436 14431 1161
14436 14468 1278
14398 14396 1292
14398 14399 2441
14398 14431 2523
33313 14399 3037
33313 33311 491
33313 33314 649
33323 14397 787
33323 14399 1583
33323 33322 611
14478 14459 3772
14478 14469 3449
14481 14424 461
14481 14479 927
14481 14484 1532
14481 15065 1812
14431 14398 2523
14431 14434 1375
14431 14436 1161
14431 14468 1494
14442 14438 1302
14442 14445 1322
14442 14472 1031
14442 14476 949
14475 14438 1084
14475 14472 1140
14477 14472 903
33262 33264 550
33262 33276 796
33262 33311 1056
14396 14397 2226
14396 14398 1292
14396 14434 2635
33311 33262 1056
33311 33312 2190
33311 33313 491
33314 33313 649
33314 33315 2576
33314 33316 975
14397 14396 2226
14397 14402 2679
14397 33323 787
33322 14401 1741
33322 33316 1257
33322 33321 1407
33322 33323 611
14459 14458 1140
14459 14460 1694
14459 14478 3772
14459 14502 1060
14424 7477 4845
14424 14426 520
14424 14481 461
14484 14481 1532
14484 14503 950
14484 14769 1194
15065 14481 1812
15065 14503 183
14434 14396 2635
14434 14431 1375
14434 14437 1872
14434 14438 1302
14438 14434 1302
14438 14441 1292
14438 14442 1302
14438 14475 1084
14445 14441 1221
14445 14442 1322
14445 14458 2453
14476 14442 949
33276 33262 796
33276 33273 949
33276 33284 2750
33312 33311 2190
33315 33286 688
33315 33314 2576
33316 33314 975
33316 33321 2063
33316 33322 1257
14402 14397 2679
14402 14400 924
14402 14435 1444
14401 14400 2603
14401 14404 1031
14401 33320 1657
14401 33322 1741
33321 33316 2063
33321 33317 805
33321 33322 1407
14458 14439 2350
14458 14445 2453
14458 14459 1140
14458 14460 1935
14460 14458 1935
14460 14459 1694
14460 14505 1445
14502 14459 1060
14502 14504 981
7477 7474 980
7477 7478 555
7477 14424 4845
14426 14424 520
14426 14425 665
14426 14427 592
14503 14484 950
14503 14488 1316
14503 14506 45
14503 15065 183
14769 14484 1194
14769 14488 1083
14769 34396 354
14437 14433 610
14437 14434 1872
14437 14440 434
14441 14438 1292
14441 14443 475
14441 14444 373
14441 14445 1221
33273 33274 667
33273 33275 2690
33273 33276 949
33284 33276 2750
33284 33278 688
33286 33278 1383
33286 33315 688
33286 33317 707
14400 14401 2603
14400 14402 924
14400 14433 2249
14435 14402 1444
14404 14401 1031
14404 14403 1574
14404 14406 1014
33320 14401 1657
33320 33319 118
33320 34722 1070
33317 33286 707
33317 33318 1133
33317 33319 515
33317 33321 805
14439 14433 473
14439 14457 796
14439 14458 2350
14505 14460 1445
14505 14507 3414
14504 14502 981
14504 14514 2948
14504 14516 1375
14504 14518 1031
7474 7472 1312
7474 7477 980
7474 7479 1502
7474 7480 1076
7478 7477 555
14425 7479 2565
14425 14426 665
14425 14427 569
14425 14428 889
14427 14425 569
14427 14426 592
14427 14486 372
14488 14487 75
14488 14503 1316
14488 14769 1083
14488 14788 445
14506 14490 640
14506 14503 45
34396 14769 354
14433 14400 2249
14433 14432 1610
14433 14437 610
14433 14439 473
14440 14437 434
14443 14441 475
14444 14441 373
33274 33273 667
33275 33273 2690
33275 33277 746
33278 33277 1302
33278 33284 688
33278 33285 889
33278 33286 1383
14403 14404 1574
14403 14405 924
14403 14432 1479
14406 14404 1014
14406 14405 1140
14406 14408 893
33319 33317 515
33319 33320 118
34722 33320 1070
33318 33283 1311
33318 33317 1133
14457 14439 796
14457 14450 2169
14457 14451 2322
14507 14505 3414
14514 14504 2948
14514 14511 1398
14514 14515 868
14516 14504 1375
14516 14517 796
14516 14521 1510
14518 14504 1031
14518 14519 949
14518 14520 1343
7472 7471 680
7472 7473 1059
7472 7474 1312
7479 7474 1502
7479 7481 872
7479 14425 2565
7480 7474 1076
7480 7481 1524
7480 7530 678
14428 7482 2284
14428 14425 889
14428 14757 810
14486 14427 372
14486 14768 1162
14487 14488 75
14487 14775 589
14788 14488 445
14788 14777 493
14490 14489 690
14490 14506 640
14432 14403 1479
14432 14433 1610
14432 14448 511
33277 33258 1140
33277 33275 746
33277 33278 1302
33285 33278 889
33285 33287 1013
14405 14403 924
14405 14406 1140
14405 14407 818
14405 14446 825
14408 14406 893
14408 14407 787
14408 33331 868
14408 33336 1466
33283 33280 2144
33283 33282 696
33283 33318 1311
14450 14449 1375
14450 14451 2281
14450 14457 2169
14451 14450 2281
14451 14457 2322
14451 14461 1445
14511 14508 1100
14511 14513 1375
14511 14514 1398
14515 14514 868
14515 14526 1767
14515 14527 2665
14517 14516 796
14521 14495 2063
14521 14516 1510
14521 14519 1336
14519 14518 949
14519 14520 672
14519 14521 1336
14519 14522 434
14520 14518 1343
14520 14519 672
14520 14523 893
7471 7462 581
7471 7472 680
7473 7472 1059
7481 7479 872
7481 7480 1524
7481 7482 1016
7530 7480 678
7530 7531 1280
7530 7532 834
7482 7481 1016
7482 7532 1778
7482 7534 1178
7482 14428 2284
14757 7534 2163
14757 14428 810
14757 14758 979
14757 14759 1036
14768 14486 1162
14768 14758 349
14768 14771 362
14775 14487 589
14775 14497 797
14777 14778 707
14777 14780 556
14777 14781 106
14777 14788 493
14489 14490 690
14489 14496 782
14489 14497 1221
14448 14432 511
14448 14446 503
14448 14447 1375
33258 33255 5118
33258 33256 868
33258 33277 1140
33287 33285 1013
14407 14405 818
14407 14408 787
14407 14409 707
14407 33337 1031
14446 14405 825
14446 14409 746
14446 14448 503
33331 14408 868
33331 33332 1694
33331 33333 796
33336 14408 1466
33336 14411 672
33336 33337 336
33280 33279 672
33280 33283 2144
33282 33279 1793
33282 33283 696
33282 33305 1638
14449 14412 949
14449 14450 1375
14449 14452 2085
14449 14456 1575
14461 14451 1445
14461 14456 1060
14461 14464 628
14508 14509 1046
14508 14511 1100
14513 14511 1375
14513 14527 846
14526 14515 1767
14527 14513 846
14527 14515 2665
14495 14521 2063
14522 14519 434
14523 14520 893
7462 7471 581
7531 7530 1280
7532 7482 1778
7532 7530 834
7534 7482 1178
7534 14757 2163
14758 14757 979
14758 14768 349
14759 14757 1036
14771 14768 362
14497 14489 1221
14497 14775 797
14778 14777 707
14780 14777 556
14781 14777 106
14496 14489 782
14447 14409 835
14447 14412 1454
14447 14448 1375
33255 33258 5118
33256 33258 868
14409 14407 707
14409 14446 746
14409 14447 835
14409 33337 1207
33337 14407 1031
33337 14409 1207
33337 33336 336
33332 33331 1694
33333 33331 796
14411 33336 672
33279 33280 672
33279 33282 1793
33305 33282 1638
14412 14447 1454
14412 14449 949
14452 14449 2085
14456 14449 1575
14456 14461 1060
14464 14461 628
14509 14508 1046
200
7403
7431
7432
7404
7434
7435
7405
7430
7433
7441
32344
32345
14415
7436
14416
14421
14392
32342
32340
32341
14391
14419
14395
14417
14418
14422
14466
32343
32336
32339
14393
14420
14430
14423
14470
14471
14467
33263
14394
14429
14399
14469
34723
14479
14468
14472
33261
33264
14436
14398
33313
33323
14478
14481
14431
14442
14475
14477
33262
14396
33311
33314
14397
33322
14459
14424
14484
15065
14434
14438
14445
14476
33276
33312
33315
33316
14402
14401
33321
14458
14460
14502
7477
14426
14503
14769
14437
14441
33273
33284
33286
14400
14435
14404
33320
33317
14439
14505
14504
7474
7478
14425
14427
14488
14506
34396
14433
14440
14443
14444
33274
33275
33278
14403
14406
33319
34722
33318
14457
14507
14514
14516
14518
7472
7479
7480
14428
14486
14487
14788
14490
14432
33277
33285
14405
14408
33283
14450
14451
14511
14515
14517
14521
14519
14520
7471
7473
7481
7530
7482
14757
14768
14775
14777
14489
14448
33258
33287
14407
14446
33331
33336
33280
33282
14449
14461
14508
14513
14526
14527
14495
14522
14523
7462
7531
7532
7534
14758
14759
14771
14497
14778
14780
14781
14496
14447
33255
33256
14409
33337
33332
33333
14411
33279
33305
14412
14452
14456
14464
14509
