202
85892 85893 480
85892 86333 1668
85893 85892 480
85893 85894 582
86333 85892 1668
85894 85893 582
85894 85895 2028
85894 91510 852
85895 85894 2028
85895 85896 556
85895 85897 1185
85895 91901 827
91510 85894 852
91510 86319 686
91510 91300 1780
91510 91901 1961
85896 85895 556
85897 85895 1185
85897 85898 1272
85897 91905 819
91901 85895 827
91901 91510 1961
91901 91900 650
91901 91905 1199
86319 86320 1897
86319 86323 770
86319 91510 686
86319 91900 1954
91300 86320 761
91300 91090 1669
91300 91301 733
91300 91510 1780
85898 85897 1272
91905 85897 819
91905 91901 1199
91905 91904 629
91905 91940 1306
91900 86319 1954
91900 91899 719
91900 91901 650
91900 91904 1210
86320 86319 1897
86320 86321 762
86320 86327 1675
86320 91300 761
86323 86319 770
86323 86322 1675
86323 86336 712
86323 91899 1960
91090 91088 742
91090 91089 427
91090 91300 1669
91301 91088 1692
91301 91300 733
91301 91302 85
91301 91509 76
91904 91900 1210
91904 91903 688
91904 91905 629
91904 91941 1249
91940 91905 1306
91899 86323 1960
91899 91898 683
91899 91900 719
91899 91903 1222
86321 86320 762
86321 86322 333
86321 86328 1780
86327 86320 1675
86327 86328 686
86327 91089 434
86322 86321 333
86322 86323 1675
86322 86337 677
86336 86323 712
86336 86337 1897
86336 91897 1565
91088 86090 700
91088 91090 742
91088 91301 1692
91089 86087 924
91089 86327 434
91089 91090 427
91302 86329 591
91302 91301 85
91302 91508 1359
91509 91301 76
91903 91899 1222
91903 91902 675
91903 91904 688
91903 91942 1208
91941 91904 1249
91898 91897 280
91898 91899 683
91898 91902 1235
86328 86321 1780
86328 86327 686
86328 86341 842
86328 90646 1249
86337 86322 677
86337 86325 770
86337 86336 1897
86337 86341 2065
91897 86336 1565
91897 91078 686
91897 91898 280
86090 86088 796
86090 86091 1185
86090 86329 1714
86090 91088 700
86087 86086 562
86087 86088 1611
86087 91089 924
86087 91091 592
86329 86090 1714
86329 86330 83
86329 91302 591
86329 91507 1274
91508 91302 1359
91902 91898 1235
91902 91903 675
91902 91943 740
91942 91903 1208
86341 86328 842
86341 86337 2065
86341 86338 686
86341 90648 62
90646 86328 1249
90646 90647 875
90646 91092 513
86325 86337 770
86325 86338 2118
91078 86058 2002
91078 91897 686
86088 86087 1611
86088 86089 761
86088 86090 796
86091 86090 1185
86086 86085 686
86086 86087 562
91091 86087 592
86330 86329 83
91507 86329 1274
91943 91902 740
86338 86325 2118
86338 86339 761
86338 86341 686
90648 86341 62
90648 90647 1032
90647 90646 875
90647 90648 1032
90647 91079 529
91092 90646 513
91092 91079 871
91092 91093 182
86058 86061 614
86058 91078 2002
86089 86088 761
86085 86086 686
86339 86338 761
86339 86340 1747
86339 91087 761
91079 90647 529
91079 91080 143
91079 91092 871
91093 91092 182
86061 86058 614
86061 86060 1120
86340 86339 1747
91087 86339 761
91087 91085 190
91080 91079 143
86060 86061 1120
86060 91944 1048
91085 91084 412
91085 91086 533
91085 91087 190
91944 86060 1048
91084 86316 1100
91084 86318 1674
91084 91085 412
91086 91085 533
86316 86111 592
86316 86317 667
86316 91084 1100
86318 86315 1113
86318 91084 1674
86111 86110 778
86111 86316 592
86317 86110 603
86317 86315 1041
86317 86316 667
86315 86067 414
86315 86095 714
86315 86317 1041
86315 86318 1113
86110 86095 942
86110 86111 778
86110 86317 603
86067 86315 414
86095 86110 942
86095 86315 714
30
86333
86336
86337
91897
86341
86325
91078
86338
90648
90647
86058
86339
91079
86061
86340
91087
91080
86060
91085
91944
91084
91086
86316
86318
86111
86317
86315
86110
86067
86095
