44
246930 246931 667
246930 246936 2557
246930 246939 1347
246931 246930 667
246936 246930 2557
246936 246933 628
246936 246937 1351
246939 246930 1347
246939 246940 445
246939 246941 1124
246939 246965 2722
246933 246932 475
246933 246935 905
246933 246936 628
246937 246934 1457
246937 246936 1351
246937 246942 1437
246940 246939 445
246941 246939 1124
246941 246942 1055
246941 246943 826
246965 246939 2722
246965 246966 562
246965 246967 344
246932 246933 475
246932 246934 2919
246935 246933 905
246934 246932 2919
246934 246937 1457
246934 246938 452
246942 246937 1437
246942 246941 1055
246942 246944 2563
246943 246941 826
246966 246965 562
246967 246944 511
246967 246965 344
246967 246968 418
246938 246934 452
246944 246942 2563
246944 246967 511
246944 246968 516
246968 246944 516
246968 246967 418
4
246932
246934
246938
246968
