76
236289 236290 1134
236289 236294 1236
236290 236289 1134
236290 261451 600
236290 261728 348
236294 236289 1236
236294 236293 1114
261451 236290 600
261451 261726 2546
261728 236290 348
236293 236294 1114
261726 236297 972
261726 261451 2546
261726 261727 1111
236297 261726 972
236297 263514 3752
261727 261726 1111
263514 236297 3752
263514 263516 914
263514 263535 256
263516 263514 914
263516 263515 1377
263516 263517 46
263535 263514 256
263535 263835 318
263535 263837 1435
263515 263516 1377
263515 263518 479
263517 263516 46
263517 263520 830
263835 263535 318
263835 263539 517
263835 263836 1394
263837 263520 661
263837 263535 1435
263837 263838 645
263518 263515 479
263518 263519 1071
263518 263521 447
263520 263517 830
263520 263519 345
263520 263837 661
263539 263540 276
263539 263541 489
263539 263835 517
263836 263835 1394
263838 263837 645
263838 263839 344
263838 263840 245
263519 263518 1071
263519 263520 345
263519 263534 341
263521 263518 447
263540 263522 189
263540 263539 276
263540 264317 596
263541 263539 489
263839 263838 344
263840 263838 245
263534 263519 341
263522 263523 683
263522 263536 618
263522 263540 189
264317 263540 596
264317 264318 117
263523 263522 683
263536 263522 618
263536 263537 280
263536 263538 246
264318 264317 117
263537 263536 280
263537 264319 195
263537 264320 544
263538 263536 246
264319 263537 195
264320 263537 544
32
261451
261726
236297
261727
263514
263516
263535
263515
263517
263835
263837
263518
263520
263539
263836
263838
263519
263521
263540
263541
263839
263840
263534
263522
264317
263523
263536
264318
263537
263538
264319
264320
