480
103270 103271 683
103270 103274 433
103270 109803 192
103271 103270 683
103271 103272 1657
103271 109546 2088
103274 103270 433
103274 103273 797
103274 109805 467
109803 103270 192
109803 109561 407
109803 113895 231
103272 103271 1657
103272 103273 76
103272 109514 1970
109546 103271 2088
109546 109402 691
103273 103272 76
103273 103274 797
103273 109513 100
109805 103274 467
109805 109561 243
109805 109804 1205
109561 109562 199
109561 109803 407
109561 109805 243
113895 109803 231
109514 103272 1970
109514 109448 2392
109514 109530 2118
109402 103276 360
109402 109546 691
109513 103273 100
109513 109515 2502
109513 109517 1344
109804 109517 628
109804 109538 676
109804 109805 1205
109562 109561 199
109448 109375 1935
109448 109449 1361
109448 109514 2392
109530 109514 2118
109530 109520 1139
109530 113662 927
103276 103275 1896
103276 103280 779
103276 109402 360
103276 109547 786
109515 109380 2612
109515 109513 2502
109515 109518 1129
109517 109513 1344
109517 109516 3535
109517 109804 628
109538 109536 1431
109538 109537 2216
109538 109804 676
109375 109374 1097
109375 109380 1248
109375 109448 1935
109449 109434 336
109449 109448 1361
109449 109527 1273
109520 109521 610
109520 109530 1139
109520 109531 2278
113662 109530 927
113662 113663 167
103275 103276 1896
103275 103277 221
103275 103277 221
103280 103276 779
103280 103279 828
103280 103279 828
109547 103276 786
109380 109375 1248
109380 109379 903
109380 109455 1357
109380 109515 2612
109518 109419 1177
109518 109515 1129
109516 109418 4027
109516 109517 3535
109516 109770 2317
109536 109537 2347
109536 109538 1431
109536 109806 479
109537 109536 2347
109537 109538 2216
109537 109807 1188
109374 109362 2779
109374 109375 1097
109374 109433 796
109434 107539 2940
109434 109433 1248
109434 109449 336
109527 109449 1273
109527 109528 403
109527 109529 889
109521 109520 610
109521 109544 1782
109531 109520 2278
113663 113662 167
103277 103275 221
103277 103275 221
103277 103278 690
103279 103278 189
103279 103280 828
103279 103280 828
109379 109378 923
109379 109380 903
109379 109454 1891
109455 109380 1357
109455 109453 796
109455 109512 1032
109419 109418 3038
109419 109518 1177
109418 109419 3038
109418 109432 610
109418 109516 4027
109770 109516 2317
109770 109769 201
109770 109808 2371
109806 109536 479
109807 109537 1188
109362 109363 893
109362 109366 333
109362 109374 2779
109433 109363 3024
109433 109374 796
109433 109434 1248
107539 107538 893
107539 107540 1398
107539 109434 2940
109528 109527 403
109529 109527 889
109544 109392 2383
109544 109521 1782
109544 109545 1050
103278 103277 690
103278 103279 189
103278 109400 1136
109378 109377 1794
109378 109379 923
109378 109450 3385
109454 109379 1891
109454 109452 1906
109454 109453 1180
109453 109425 2237
109453 109454 1180
109453 109455 796
109512 109420 1234
109512 109455 1032
109512 113788 755
109432 109418 610
109432 109431 201
109432 109654 676
109769 107562 1066
109769 109770 201
109769 109781 1407
109808 109770 2371
109808 109809 1014
109808 109810 958
109363 107538 344
109363 109362 893
109363 109433 3024
109366 109362 333
109366 109365 223
109366 109377 562
107538 107539 893
107538 109363 344
107540 107539 1398
107540 109437 3546
109392 109390 2185
109392 109393 1042
109392 109544 2383
109545 109544 1050
109400 103278 1136
109400 109396 802
109400 109401 1153
109400 109542 522
109377 109366 562
109377 109378 1794
109377 109404 3338
109450 109378 3385
109450 109404 1061
109450 109451 628
109452 109426 354
109452 109451 787
109452 109454 1906
109425 109422 516
109425 109426 847
109425 109453 2237
109420 109421 764
109420 109422 2035
109420 109512 1234
113788 109512 755
109431 109430 1853
109431 109430 1853
109431 109432 201
109654 109432 676
109654 109653 1007
109654 109653 1007
109654 109653 1007
107562 107563 1224
107562 109769 1066
107562 109780 856
109781 107566 927
109781 109769 1407
109781 109800 4088
109781 113808 672
109809 109808 1014
109810 109808 958
109810 109811 1856
109810 109813 1241
109365 109366 223
109437 107540 3546
109437 109438 1124
109437 109446 1091
109390 109389 1360
109390 109391 664
109390 109392 2185
109393 109392 1042
109393 109394 1147
109393 109395 628
109396 109395 1134
109396 109397 809
109396 109400 802
109401 109400 1153
109542 109400 522
109404 109377 3338
109404 109403 1796
109404 109450 1061
109451 109417 1454
109451 109450 628
109451 109452 787
109426 109425 847
109426 109427 2371
109426 109452 354
109422 109420 2035
109422 109423 2237
109422 109425 516
109421 109420 764
109430 109429 1928
109430 109431 1853
109430 109431 1853
109653 109654 1007
109653 109654 1007
109653 109654 1007
109653 109771 473
107563 107562 1224
107563 107564 2102
107563 109779 1335
109780 107562 856
107566 107565 3312
107566 109781 927
107566 113871 343
109800 109781 4088
109800 109801 1988
109800 109813 2212
113808 109781 672
113808 109788 1097
113808 113871 1459
109811 109810 1856
109811 109812 379
109811 109813 1433
109813 109800 2212
109813 109810 1241
109813 109811 1433
109438 109437 1124
109438 109439 2118
109438 109445 1175
109446 109437 1091
109446 109447 2696
109446 109525 2238
109389 109387 1279
109389 109390 1360
109389 109655 3114
109389 109670 1139
109391 109390 664
109394 109393 1147
109395 109393 628
109395 109396 1134
109395 109543 1656
109397 109396 809
109397 109398 119
109397 109399 922
109403 109404 1796
109403 109415 1796
109403 109417 1196
109417 109403 1196
109417 109416 1357
109417 109451 1454
109427 109416 1097
109427 109426 2371
109427 109428 681
109423 109422 2237
109423 109424 399
109429 109414 3708
109429 109430 1928
109429 109772 1565
109771 109653 473
107564 107563 2102
107564 107565 1586
107564 109778 1709
109779 107563 1335
107565 107564 1586
107565 107566 3312
107565 109459 4657
113871 107566 343
113871 113808 1459
113871 113870 773
109801 109794 403
109801 109800 1988
109801 109802 7767
109788 109782 3525
109788 109786 4057
109788 113808 1097
109812 109811 379
109812 113881 762
109439 109438 2118
109439 109440 750
109439 109604 168
109445 109438 1175
109445 109444 1014
109445 109606 1669
109447 109441 557
109447 109446 2696
109447 109525 809
109525 109446 2238
109525 109447 809
109525 109526 889
109387 109385 336
109387 109388 1935
109387 109389 1279
109387 109689 2272
109655 109389 3114
109655 109656 551
109655 109684 1395
109670 109389 1139
109670 109671 2086
109670 109689 1234
109543 109395 1656
109398 109397 119
109399 109397 922
109415 109403 1796
109415 109414 1222
109415 109416 1196
109416 109415 1196
109416 109417 1357
109416 109427 1097
109428 109427 681
109424 109423 399
109414 109413 788
109414 109415 1222
109414 109429 3708
109772 109429 1565
109778 107564 1709
109459 107565 4657
109459 109458 1688
109459 109460 1205
113870 109784 2282
113870 109785 1566
113870 113871 773
109794 109793 707
109794 109795 1695
109794 109801 403
109794 109825 3668
109802 109801 7767
109802 109824 5229
109802 113958 3730
109782 109456 1811
109782 109783 556
109782 109788 3525
109786 109787 2139
109786 109788 4057
113881 109812 762
109440 108668 403
109440 109439 750
109440 109574 275
109604 109439 168
109604 109605 903
109604 109606 1178
109444 109443 1181
109444 109445 1014
109444 109607 1669
109606 109445 1669
109606 109604 1178
109606 109607 1014
109441 109442 1114
109441 109447 557
109441 109524 1101
109526 109525 889
109385 109383 901
109385 109386 1797
109385 109387 336
109388 109387 1935
109689 109387 2272
109689 109640 893
109689 109670 1234
109656 109573 2776
109656 109655 551
109656 109657 1395
109684 109655 1395
109684 109685 930
109684 109686 903
109671 109670 2086
109671 109672 310
109671 109673 617
109413 109280 2238
109413 109414 788
109413 109435 1474
109413 109773 2017
109458 109457 4903
109458 109459 1688
109458 109785 4907
109460 109459 1205
109460 109461 418
109460 109777 1207
109784 109783 241
109784 109783 241
109784 109785 1489
109784 113870 2282
109785 109458 4907
109785 109784 1489
109785 113870 1566
109793 109791 868
109793 109794 707
109793 109826 1334
109795 109794 1695
109825 109794 3668
109824 109802 5229
109824 109897 7589
109824 109974 1223
113958 109381 2505
113958 109802 3730
109456 107623 6027
109456 109457 696
109456 109782 1811
109783 109782 556
109783 109784 241
109783 109784 241
109783 113872 322
109787 109786 2139
108668 109440 403
109574 109440 275
109574 109573 2375
109605 109604 903
109443 109442 504
109443 109444 1181
109607 109444 1669
109607 109606 1014
109442 109441 1114
109442 109443 504
109524 109441 1101
109383 109385 901
109386 109385 1797
109640 109689 893
109573 109574 2375
109573 109656 2776
109657 109656 1395
109685 109684 930
109686 109684 903
109672 109671 310
109673 109671 617
109280 109413 2238
109435 109413 1474
109773 109413 2017
109457 109456 696
109457 109458 4903
109461 109460 418
109777 109460 1207
109791 109793 868
109826 109793 1334
109897 109824 7589
109974 109824 1223
109381 113958 2505
107623 109456 6027
113872 109783 322
20
109787
108668
109443
109607
109442
109524
109383
109640
109573
109657
109673
109280
109435
109461
109791
109826
109897
109974
109381
107623
