528
58141 60634 726
58141 60634 726
60634 58141 726
60634 58141 726
60634 60633 924
60634 60633 924
60633 60634 924
60633 60634 924
60633 60635 875
60633 61286 2180
60633 61286 2180
60635 60633 875
60635 60636 607
60635 60637 1004
61286 60633 2180
61286 60633 2180
61286 61284 860
61286 61284 860
60636 60635 607
60636 60640 679
60636 61299 2426
60637 60635 1004
60637 60638 1840
61284 61283 1089
61284 61283 1089
61284 61286 860
61284 61286 860
61284 61287 3093
60640 60636 679
60640 60639 1286
61299 60636 2426
61299 60638 854
61299 61300 1376
60638 60637 1840
60638 60641 1084
60638 61299 854
61283 61281 1257
61283 61281 1257
61283 61284 1089
61283 61284 1089
61283 61285 3177
61287 60630 942
61287 61284 3093
61287 61285 1012
61287 61302 2426
60639 60630 754
60639 60640 1286
60639 61303 2229
61300 61299 1376
61300 61304 1012
61300 61305 1024
60641 60638 1084
60641 77916 756
60641 77917 910
61281 61280 752
61281 61280 752
61281 61283 1257
61281 61283 1257
61281 61288 3247
61285 61283 3177
61285 61287 1012
61285 61293 674
61285 61312 2340
60630 60631 2426
60630 60639 754
60630 61287 942
60630 61301 2554
61302 61287 2426
61302 61301 1149
61302 61312 1088
61303 60639 2229
61303 61304 476
61304 61300 1012
61304 61303 476
61304 61306 1031
61305 61300 1024
61305 61308 2747
61305 61309 942
77916 60641 756
77916 77913 699
77916 77918 768
77917 60641 910
61280 61281 752
61280 61281 752
61280 61282 3095
61280 61289 1486
61280 61289 1486
61288 61281 3247
61288 61282 1068
61288 61293 977
61288 61296 2498
61293 61285 674
61293 61288 977
61293 61294 2289
61312 61285 2340
61312 61294 1227
61312 61302 1088
60631 60630 2426
61301 60630 2554
61301 61302 1149
61301 61306 1399
61306 61301 1399
61306 61304 1031
61306 61307 679
61308 61305 2747
61308 61311 1032
61308 77914 1018
61309 61305 942
61309 61310 812
61309 61311 2845
77913 76543 637
77913 77916 699
77913 77919 1090
77918 77916 768
61282 61280 3095
61282 61288 1068
61282 61295 475
61289 61210 2286
61289 61210 2286
61289 61280 1486
61289 61280 1486
61289 61291 1604
61296 61288 2498
61296 61294 740
61296 61328 419
61296 61339 2698
61294 61293 2289
61294 61296 740
61294 61312 1227
61294 61313 2602
61307 61306 679
61307 61314 838
61307 61315 950
61311 61308 1032
61311 61309 2845
61311 61316 875
77914 61308 1018
77914 76543 1664
77914 77915 831
61310 61309 812
61310 61314 1088
61310 61316 2792
76543 60642 173
76543 77913 637
76543 77914 1664
77919 77913 1090
61295 61282 475
61210 61209 1207
61210 61209 1207
61210 61216 875
61210 61289 2286
61210 61289 2286
61291 61289 1604
61291 61290 3711
61328 61296 419
61328 61297 475
61328 61329 2570
61339 61296 2698
61339 61313 1549
61339 61341 613
61339 61352 1488
61313 61294 2602
61313 61339 1549
61313 61340 1012
61314 61307 838
61314 61310 1088
61314 61340 3029
61315 61307 950
61316 60905 175
61316 61310 2792
61316 61311 875
77915 77914 831
60642 60629 581
60642 76543 173
61209 61208 1012
61209 61210 1207
61209 61210 1207
61209 61214 3297
61209 61214 3297
61216 61208 1170
61216 61210 875
61216 61292 538
61290 61291 3711
61290 61297 2286
61290 61329 1686
61297 61290 2286
61297 61298 1189
61297 61328 475
61329 61290 1686
61329 61328 2570
61329 61337 3466
61341 61339 613
61341 61342 1012
61341 61353 1349
61352 61339 1488
61340 61313 1012
61340 61314 3029
61340 61345 892
60905 60632 336
60905 61316 175
60629 60632 4644
60629 60642 581
61208 61209 1012
61208 61216 1170
61208 61217 478
61214 61209 3297
61214 61209 3297
61214 61215 1682
61214 61218 2229
61214 61218 2229
61292 61216 538
61292 61217 1257
61292 61317 1449
61292 61318 740
61298 61297 1189
61337 61329 3466
61337 61333 499
61337 61338 1723
61342 61341 1012
61342 61343 789
61342 61344 2651
61353 61341 1349
61353 61354 559
61353 61357 1349
61345 61340 892
61345 61346 1162
61345 61347 1170
60632 60629 4644
60632 60655 888
60632 60905 336
60632 61361 1624
61217 61208 478
61217 61292 1257
61217 61319 942
61215 61214 1682
61218 61214 2229
61218 61214 2229
61218 61219 3768
61218 61221 1396
61218 61221 1396
61317 61292 1449
61318 61292 740
61318 61319 1286
61318 61320 789
61318 61321 1214
61333 61330 1278
61333 61332 1170
61333 61337 499
61338 61337 1723
61338 61404 2844
61338 61406 2692
61343 61342 789
61343 61348 1347
61344 61342 2651
61344 61350 1816
61344 61357 1212
61354 61353 559
61354 61355 1088
61354 61356 1449
61357 61344 1212
61357 61353 1349
61357 61358 559
61346 61345 1162
61346 61347 1357
61347 61345 1170
61347 61346 1357
61347 61349 613
60655 60632 888
60655 60651 571
60655 61359 744
61361 60632 1624
61319 61217 942
61319 61222 419
61319 61318 1286
61219 61218 3768
61219 61222 5683
61219 61246 1751
61221 61218 1396
61221 61218 1396
61221 61220 419
61221 61220 419
61320 61318 789
61321 61318 1214
61321 61322 1031
61321 61324 613
61321 61325 950
61330 61323 809
61330 61327 1117
61330 61333 1278
61332 61327 1212
61332 61333 1170
61332 61336 977
61404 61276 2184
61404 61277 2086
61404 61338 2844
61404 61405 1144
61406 61277 2990
61406 61334 3364
61406 61338 2692
61406 61408 1817
61348 61343 1347
61348 61349 713
61350 61344 1816
61350 61349 650
61350 61351 2396
61355 61354 1088
61355 61356 1723
61356 61354 1449
61356 61355 1723
61356 61409 202
61358 61357 559
61349 61347 613
61349 61348 713
61349 61350 650
60651 60649 1603
60651 60652 1659
60651 60655 571
61359 60654 1907
61359 60655 744
61359 61360 615
61222 61219 5683
61222 61319 419
61222 61322 674
61246 61219 1751
61220 61213 376
61220 61213 376
61220 61221 419
61220 61221 419
61322 61222 674
61322 61321 1031
61322 61323 875
61324 61321 613
61325 61321 950
61325 61323 1117
61325 61326 838
61325 61327 809
61323 61322 875
61323 61325 1117
61323 61330 809
61327 61325 809
61327 61330 1117
61327 61331 698
61327 61332 1212
61336 61332 977
61276 61249 2953
61276 61404 2184
61276 61407 1012
61277 61275 5076
61277 61404 2086
61277 61406 2990
61405 61404 1144
61334 61335 4577
61334 61351 6790
61334 61406 3364
61408 61406 1817
61408 61413 2893
61351 61334 6790
61351 61350 2396
61351 61392 3141
61409 61356 202
60649 58164 1279
60649 60650 571
60649 60651 1603
60652 60651 1659
60652 60653 1958
60652 60654 1057
60654 60652 1057
60654 61359 1907
61360 61359 615
61213 61212 1053
61213 61212 1053
61213 61220 376
61213 61220 376
61213 117050 2437
61326 61325 838
61331 61327 698
61249 61247 3035
61249 61275 1212
61249 61276 2953
61407 61276 1012
61275 61249 1212
61275 61277 5076
61275 61278 748
61335 61334 4577
61413 61408 2893
61413 61454 1286
61413 61455 1170
61392 60949 4107
61392 61351 3141
61392 61393 1161
58164 60643 715
58164 60649 1279
60650 60649 571
60653 60652 1958
61212 61211 650
61212 61211 650
61212 61213 1053
61212 61213 1053
61212 117354 2182
117050 61213 2437
117050 117047 8007
117050 117342 1742
61247 61248 475
61247 61249 3035
61278 61275 748
61278 61279 3287
61454 61413 1286
61454 61417 1783
61454 61427 2159
61455 61413 1170
61455 61446 752
61455 61456 2018
60949 60950 143
60949 61392 4107
61393 61389 521
61393 61392 1161
61393 77127 621
60643 58164 715
60643 60645 9
61211 61212 650
61211 61212 650
61211 61226 827
61211 61226 827
61211 117355 950
117354 61212 2182
117354 117342 1064
117047 117044 2704
117047 117049 1399
117047 117050 8007
117342 117050 1742
117342 117343 613
117342 117346 1424
117342 117354 1064
61248 61247 475
61279 61264 3819
61279 61278 3287
61417 61414 3068
61417 61418 2088
61417 61419 865
61417 61454 1783
61427 61428 1857
61427 61429 1147
61427 61454 2159
61446 61426 337
61446 61445 812
61446 61455 752
61446 61462 1960
61456 61455 2018
61456 61462 559
61456 61463 1077
60950 60949 143
61389 61387 3145
61389 61393 521
61389 77127 297
77127 61389 297
77127 61393 621
77127 61397 2304
60645 60643 9
61226 61211 827
61226 61211 827
61226 61224 1261
61226 61224 1261
61226 117349 2354
117355 61211 950
117044 117046 1484
117044 117047 2704
117049 117046 2814
117049 117047 1399
117049 117048 796
117049 117341 1121
117343 117342 613
117346 117342 1424
117346 117347 752
117346 117349 812
61264 61265 4415
61264 61279 3819
61264 61598 3316
61414 61410 756
61414 61417 3068
61414 61503 4999
61418 61417 2088
61418 61457 559
61418 61458 2236
61418 61459 789
61419 61417 865
61419 61420 1110
61419 61428 353
61428 61419 353
61428 61427 1857
61428 61429 1024
61429 61420 532
61429 61427 1147
61429 61428 1024
61426 61424 754
61426 61443 1701
61426 61446 337
61445 61446 812
61445 61447 1366
61445 61448 613
61462 61446 1960
61462 61456 559
61462 76553 589
61463 61456 1077
61387 61389 3145
61397 77127 2304
61224 61226 1261
61224 61226 1261
117349 61226 2354
117349 117346 812
117046 117044 1484
117046 117049 2814
117048 117049 796
117341 117049 1121
117347 117346 752
61265 61264 4415
61598 61264 3316
61410 61414 756
61503 61414 4999
61457 61418 559
61458 61418 2236
61459 61418 789
61420 61419 1110
61420 61429 532
61424 61426 754
61443 61426 1701
61447 61445 1366
61448 61445 613
76553 61462 589
19
61463
61387
61397
61224
117349
117046
117048
117347
61265
61598
61410
61503
61458
61459
61420
61424
61443
61448
76553
