556
18814 18816 660
18814 26601 911
18816 18814 660
26601 18814 911
26601 26602 1205
26601 26603 580
26602 26597 1008
26602 26601 1205
26602 26605 872
26603 26601 580
26597 26598 836
26597 26602 1008
26605 26602 872
26598 26597 836
26598 26599 1879
26599 25379 1716
26599 26598 1879
26599 26622 599
25379 25372 2456
25379 26599 1716
26622 26599 599
26622 26604 1439
26622 26623 473
26622 26629 737
25372 25373 334
25372 25379 2456
26604 25413 380
26604 26621 949
26604 26622 1439
26623 26622 473
26623 26625 809
26623 26631 939
26629 26622 737
26629 26630 1079
25373 25370 1106
25373 25372 334
25413 25409 806
25413 25425 747
25413 26604 380
26621 26604 949
26625 26607 649
26625 26623 809
26625 26624 475
26625 26628 1341
26631 26623 939
26631 26628 818
26631 26630 884
26630 26629 1079
26630 26631 884
25370 25369 1193
25370 25373 1106
25370 25374 1018
25409 25408 676
25409 25412 511
25409 25413 806
25425 25413 747
26607 26606 751
26607 26625 649
26624 26625 475
26628 26625 1341
26628 26631 818
25369 25367 2661
25369 25370 1193
25369 25371 1752
25374 25370 1018
25374 25408 1398
25374 34147 896
25408 25374 1398
25408 25409 676
25408 25411 649
25412 25409 511
26606 26607 751
25367 25366 1234
25367 25369 2661
25371 25369 1752
25371 25419 1588
25371 34419 760
34147 25374 896
34147 25410 875
25411 25408 649
25366 25360 681
25366 25361 238
25366 25367 1234
25366 25368 1681
25419 25371 1588
25419 34419 1588
25419 34421 770
34419 25371 760
34419 25407 736
34419 25419 1588
25410 25403 216
25410 25406 745
25410 34147 875
25360 25348 951
25360 25359 1955
25360 25366 681
25361 25358 2085
25361 25364 1827
25361 25365 1258
25361 25366 238
25368 25365 788
25368 25366 1681
25368 25397 1517
34421 25405 793
34421 25407 1468
34421 25419 770
34421 25420 495
25407 25406 186
25407 34419 736
25407 34421 1468
25403 25402 90
25403 25410 216
25403 25416 533
25403 25424 734
25406 25407 186
25406 25410 745
25406 25420 1408
25348 25343 1691
25348 25346 1293
25348 25360 951
25359 25346 788
25359 25358 708
25359 25360 1955
25358 25352 950
25358 25359 708
25358 25361 2085
25358 25363 904
25364 25361 1827
25364 25363 580
25364 25365 1533
25364 25384 796
25365 25361 1258
25365 25364 1533
25365 25368 788
25365 25394 629
25397 25368 1517
25397 25396 516
25405 25404 1217
25405 34421 793
25405 34422 493
25420 25406 1408
25420 25417 643
25420 34421 495
25402 25403 90
25416 25403 533
25424 25403 734
25424 25421 1683
25343 25340 1299
25343 25344 737
25343 25347 201
25343 25348 1691
25346 25344 629
25346 25345 1014
25346 25348 1293
25346 25359 788
25352 25345 1304
25352 25351 905
25352 25358 950
25352 25362 1223
25363 25358 904
25363 25364 580
25363 25384 403
25384 25363 403
25384 25364 796
25384 25383 924
25384 25392 708
25394 25365 629
25394 25393 403
25396 25395 1395
25396 25397 516
25396 25401 1519
25404 25405 1217
25404 25417 769
25404 25418 1156
34422 25405 493
25417 25404 769
25417 25420 643
25417 25421 862
25421 25417 862
25421 25418 785
25421 25424 1683
25340 25334 1055
25340 25342 435
25340 25343 1299
25344 25338 1055
25344 25343 737
25344 25346 629
25347 25343 201
25345 25338 788
25345 25339 818
25345 25346 1014
25345 25352 1304
25351 25339 1416
25351 25350 818
25351 25352 905
25351 25357 1197
25362 25352 1223
25362 25383 629
25383 25362 629
25383 25381 713
25383 25384 924
25392 25384 708
25392 25385 1033
25392 25393 2068
25393 25392 2068
25393 25394 403
25393 25395 904
25395 25385 1901
25395 25391 1079
25395 25393 904
25395 25396 1395
25401 25396 1519
25401 25488 3774
25401 34145 1324
25418 25404 1156
25418 25421 785
25418 25490 1642
25334 25258 672
25334 25340 1055
25334 25341 551
25342 25338 551
25342 25340 435
25342 25341 1139
25338 25337 1635
25338 25342 551
25338 25344 1055
25338 25345 788
25339 25336 847
25339 25345 818
25339 25351 1416
25350 25336 1496
25350 25349 796
25350 25351 818
25350 25356 1304
25357 25351 1197
25357 25355 750
25381 25355 403
25381 25380 672
25381 25382 403
25381 25383 713
25385 25382 1576
25385 25390 750
25385 25392 1033
25385 25395 1901
25391 25390 2087
25391 25395 1079
25488 25401 3774
25488 25484 2529
25488 25490 2863
34145 25401 1324
25490 25418 1642
25490 25488 2863
25258 25255 1873
25258 25334 672
25258 25337 869
25341 25334 551
25341 25342 1139
25341 29003 365
25337 25258 869
25337 25336 708
25337 25338 1635
25336 25335 905
25336 25337 708
25336 25339 847
25336 25350 1496
25349 25296 1085
25349 25335 1467
25349 25350 796
25349 25354 1577
25356 25350 1304
25355 25353 1611
25355 25357 750
25355 25381 403
25380 25309 1055
25380 25381 672
25380 25382 612
25382 25380 612
25382 25381 403
25382 25385 1576
25382 25387 737
25390 25385 750
25390 25387 1437
25390 25391 2087
25390 25398 1280
25484 25483 847
25484 25488 2529
25484 25489 1744
25255 25254 884
25255 25257 354
25255 25258 1873
25255 25333 1770
29003 25341 365
25335 25333 1031
25335 25336 905
25335 25349 1467
25296 25290 905
25296 25300 2147
25296 25333 1304
25296 25349 1085
25354 25349 1577
25354 25353 354
25353 25300 905
25353 25309 1015
25353 25354 354
25353 25355 1611
25309 25308 1558
25309 25353 1015
25309 25380 1055
25309 25386 848
25387 25382 737
25387 25386 1124
25387 25388 1209
25387 25390 1437
25398 25389 750
25398 25390 1280
25398 25400 1258
25483 25484 847
25483 25485 1894
25483 25486 697
25489 25484 1744
25489 25485 649
25489 25501 3018
25254 25255 884
25254 25287 1850
25257 25255 354
25257 25256 276
25333 25255 1770
25333 25287 847
25333 25296 1304
25333 25335 1031
25290 25287 1496
25290 25296 905
25290 25299 1901
25300 25296 2147
25300 25299 983
25300 25308 1378
25300 25353 905
25308 25300 1378
25308 25307 905
25308 25309 1558
25386 25309 848
25386 25312 893
25386 25387 1124
25388 25316 905
25388 25318 1501
25388 25387 1209
25388 25389 747
25389 25331 1894
25389 25388 747
25389 25398 750
25400 25398 1258
25400 25399 1031
25400 25433 3085
25485 25483 1894
25485 25487 836
25485 25489 649
25486 25482 750
25486 25483 697
25486 25487 1880
25501 25489 3018
25501 25520 884
25501 25521 541
25287 25254 1850
25287 25286 924
25287 25290 1496
25287 25333 847
25256 25257 276
25256 103483 418
25299 25290 1901
25299 25295 1055
25299 25300 983
25299 25301 551
25307 25301 1385
25307 25303 1565
25307 25308 905
25307 25310 904
25312 25310 1786
25312 25315 504
25312 25386 893
25316 25315 452
25316 25317 747
25316 25388 905
25318 25317 951
25318 25328 975
25318 25331 806
25318 25388 1501
25331 25318 806
25331 25330 2087
25331 25389 1894
25331 25399 737
25399 25331 737
25399 25400 1031
25399 25432 1167
25433 25400 3085
25433 25431 927
25433 25448 1744
25487 25485 836
25487 25486 1880
25487 25500 983
25487 25503 1352
25482 20825 975
25482 25481 3857
25482 25486 750
25482 25500 1612
25520 25501 884
25520 25504 1000
25520 25519 2428
25521 25501 541
25521 25522 905
25286 25287 924
103483 25256 418
103483 103484 2030
25295 25298 681
25295 25299 1055
25301 25299 551
25301 25307 1385
25303 25302 1445
25303 25305 764
25303 25307 1565
25310 25305 1114
25310 25307 904
25310 25312 1786
25310 25313 588
25315 25312 504
25315 25314 1139
25315 25316 452
25317 25316 747
25317 25318 951
25317 25326 1028
25328 25318 975
25328 25326 877
25328 25327 1066
25330 25327 676
25330 25331 2087
25330 25332 877
25330 25428 1901
25432 25332 1022
25432 25399 1167
25432 25431 1209
25431 25332 551
25431 25432 1209
25431 25433 927
25431 25436 676
25448 25433 1744
25448 25437 747
25448 25447 1209
25500 25482 1612
25500 25487 983
25500 25495 750
25503 25487 1352
25503 25502 1623
25503 25504 1008
20825 20824 1388
20825 25482 975
20825 25492 612
20825 25495 1680
25481 25482 3857
25504 25503 1008
25504 25518 1618
25504 25520 1000
25519 25517 1778
25519 25518 737
25519 25520 2428
25522 25521 905
25522 25523 1481
103484 103483 2030
103484 103485 2305
103484 103517 931
103484 103605 672
25298 25295 681
25302 18970 1454
25302 25293 1142
25302 25303 1445
25305 25303 764
25305 25304 2358
25305 25310 1114
25305 25311 764
25313 25310 588
25313 25311 1031
25313 25314 667
25314 25313 667
25314 25315 1139
25314 25325 403
25326 25317 1028
25326 25324 1160
25326 25325 604
25326 25328 877
25327 25324 938
25327 25328 1066
25327 25329 1948
25327 25330 676
25332 25330 877
25332 25430 1854
25332 25431 551
25332 25432 1022
25428 25329 806
25428 25330 1901
25428 25427 1715
25428 25430 806
25436 25431 676
25436 25434 1160
25436 25437 1151
25437 25434 612
25437 25436 1151
25437 25446 1274
25437 25448 747
25447 25446 847
25447 25448 1209
25447 25450 3828
25495 20825 1680
25495 25499 788
25495 25500 750
25495 25502 1410
25502 25495 1410
25502 25503 1623
25502 25516 697
20824 20825 1388
25492 20825 612
25492 25491 1144
25492 25499 1542
25518 25504 1618
25518 25517 1457
25518 25519 737
25517 25518 1457
25517 25519 1778
25523 25522 1481
103485 103484 2305
103517 103484 931
103605 103484 672
18970 25302 1454
25293 25302 1142
25304 25305 2358
25311 25305 764
25311 25313 1031
25325 25314 403
25325 25326 604
25324 25326 1160
25324 25327 938
25329 25327 1948
25329 25428 806
25430 25332 1854
25430 25428 806
25430 25434 806
25427 25428 1715
25434 25430 806
25434 25436 1160
25434 25437 612
25446 25437 1274
25446 25447 847
25450 25447 3828
25499 25492 1542
25499 25495 788
25499 25516 1475
25516 25499 1475
25516 25502 697
25491 25492 1144
200
18814
18816
26601
26602
26603
26597
26605
26598
26599
25379
26622
25372
26604
26623
26629
25373
25413
26621
26625
26631
26630
25370
25409
25425
26607
26624
26628
25369
25374
25408
25412
26606
25367
25371
34147
25411
25366
25419
34419
25410
25360
25361
25368
34421
25407
25403
25406
25348
25359
25358
25364
25365
25397
25405
25420
25402
25416
25424
25343
25346
25352
25363
25384
25394
25396
25404
34422
25417
25421
25340
25344
25347
25345
25351
25362
25383
25392
25393
25395
25401
25418
25334
25342
25338
25339
25350
25357
25381
25385
25391
25488
34145
25490
25258
25341
25337
25336
25349
25356
25355
25380
25382
25390
25484
25255
29003
25335
25296
25354
25353
25309
25387
25398
25483
25489
25254
25257
25333
25290
25300
25308
25386
25388
25389
25400
25485
25486
25501
25287
25256
25299
25307
25312
25316
25318
25331
25399
25433
25487
25482
25520
25521
25286
103483
25295
25301
25303
25310
25315
25317
25328
25330
25432
25431
25448
25500
25503
20825
25481
25504
25519
25522
103484
25298
25302
25305
25313
25314
25326
25327
25332
25428
25436
25437
25447
25495
25502
20824
25492
25518
25517
25523
103485
103517
103605
18970
25293
25304
25311
25325
25324
25329
25430
25427
25434
25446
25450
25499
25516
25491
