74
86028 86029 509
86028 86035 1937
86028 86116 2142
86029 86028 509
86029 86116 1898
86035 86028 1937
86035 86033 693
86035 86119 762
86116 86028 2142
86116 86029 1898
86116 86117 581
86033 86032 846
86033 86034 1910
86033 86035 693
86119 86035 762
86119 86109 1556
86119 86120 1274
86117 86116 581
86032 86033 846
86032 86084 33
86032 86109 697
86034 86033 1910
86109 86032 697
86109 86107 1222
86109 86108 1231
86109 86119 1556
86120 86108 1336
86120 86119 1274
86120 86121 508
86084 86032 33
86084 86083 4672
86084 86112 3325
86107 86103 1000
86107 86106 1891
86107 86109 1222
86108 86106 1397
86108 86109 1231
86108 86120 1336
86121 86120 508
86083 86082 344
86083 86084 4672
86083 86113 476
86112 86084 3325
86112 86104 762
86112 86113 893
86103 86102 2327
86103 86104 1114
86103 86107 1000
86106 86102 985
86106 86107 1891
86106 86108 1397
86082 86080 796
86082 86083 344
86082 91082 680
86113 86083 476
86113 86112 893
86113 86114 4183
86104 86101 2899
86104 86103 1114
86104 86112 762
86102 86101 885
86102 86103 2327
86102 86106 985
86080 86081 761
86080 86082 796
91082 86082 680
86114 86101 790
86114 86113 4183
86114 91081 1024
86101 86102 885
86101 86104 2899
86101 86114 790
86081 86080 761
91081 86114 1024
5
86029
86116
86117
86080
86081
