494
239899 241558 344
239899 241574 839
241558 239899 344
241558 241557 1375
241558 241563 515
241574 239899 839
241574 241573 1786
241574 241575 755
241557 241514 680
241557 241556 763
241557 241558 1375
241563 241558 515
241573 241514 419
241573 241574 1786
241573 241576 550
241575 241574 755
241575 241577 1897
241575 241581 515
241514 241502 3334
241514 241557 680
241514 241573 419
241556 241551 1140
241556 241557 763
241576 241513 3000
241576 241573 550
241576 241577 275
241577 241575 1897
241577 241576 275
241577 241578 749
241581 241569 2217
241581 241575 515
241581 241579 1675
241502 241503 653
241502 241513 929
241502 241514 3334
241551 240342 649
241551 240346 278
241551 241556 1140
241513 241502 929
241513 241509 1111
241513 241576 3000
241578 241535 746
241578 241577 749
241578 241579 475
241569 241570 91
241569 241581 2217
241569 241590 423
241569 241619 184
241579 241578 475
241579 241581 1675
241579 241582 1797
241503 241501 1465
241503 241502 653
240342 240341 788
240342 241551 649
240342 241553 1060
240346 240344 846
240346 241551 278
241509 241508 1114
241509 241511 1084
241509 241513 1111
241535 241518 924
241535 241578 746
241535 241580 937
241570 241569 91
241590 241569 423
241590 241621 445
241619 241569 184
241619 241620 132
241582 241579 1797
241501 241496 557
241501 241503 1465
241501 241504 336
240341 240325 649
240341 240342 788
240341 241552 1060
241553 240342 1060
240344 240340 755
240344 240345 2347
240344 240346 846
241508 241506 1592
241508 241509 1114
241511 241509 1084
241511 241510 419
241518 241516 671
241518 241528 2839
241518 241535 924
241580 241535 937
241580 241541 1375
241580 241618 983
241621 241590 445
241621 241622 1100
241620 241619 132
241620 241624 1026
241620 264050 1609
241496 241481 597
241496 241483 2085
241496 241501 557
241504 241501 336
241504 241505 1694
240325 240323 511
240325 240337 1357
240325 240339 839
240325 240341 649
240325 241499 1195
241552 240341 1060
240340 240337 562
240340 240343 1809
240340 240344 755
240345 240344 2347
240345 241564 503
241506 241505 336
241506 241507 1700
241506 241508 1592
241510 241511 419
241510 241512 452
241516 241512 2679
241516 241517 750
241516 241518 671
241528 241518 2839
241528 241527 515
241528 241529 562
241541 241539 344
241541 241548 929
241541 241580 1375
241618 241548 2350
241618 241548 2350
241618 241580 983
241622 241621 1100
241622 241624 746
241622 241626 675
241624 241620 1026
241624 241622 746
241624 241625 418
264050 241620 1609
241481 241473 868
241481 241482 4970
241481 241495 172
241481 241496 597
241483 241484 2223
241483 241485 550
241483 241496 2085
241505 241485 905
241505 241504 1694
241505 241506 336
240323 240322 1430
240323 240324 1043
240323 240325 511
240337 240325 1357
240337 240336 763
240337 240340 562
240339 240325 839
240339 240332 333
241499 240325 1195
241499 241500 1978
240343 240338 763
240343 240340 1809
241564 240345 503
241507 241506 1700
241512 241510 452
241512 241516 2679
241512 241527 550
241517 241516 750
241527 241512 550
241527 241528 515
241529 241524 452
241529 241528 562
241529 241530 515
241539 241538 1160
241539 241541 344
241539 241547 2332
241548 241541 929
241548 241549 787
241548 241618 2350
241548 241618 2350
241626 241622 675
241626 241627 649
241626 241628 675
241625 241624 418
241473 241471 4941
241473 241481 868
241473 241489 796
241473 241493 200
241482 241480 965
241482 241481 4970
241482 241484 713
241495 241481 172
241495 241493 863
241495 241494 1514
241484 241482 713
241484 241483 2223
241485 241480 3262
241485 241483 550
241485 241505 905
240322 240323 1430
240324 240320 1645
240324 240323 1043
240324 262229 648
240336 240334 344
240336 240337 763
240336 240338 2371
240332 240333 434
240332 240334 562
240332 240339 333
241500 241494 1400
241500 241499 1978
241500 262228 1115
240338 240328 888
240338 240336 2371
240338 240343 763
241524 241523 6731
241524 241529 452
241524 241531 680
241530 241529 515
241530 241531 672
241530 241532 344
241538 241537 782
241538 241539 1160
241538 241540 1624
241547 241539 2332
241547 241540 671
241547 241546 556
241549 241548 787
241627 241626 649
241628 241626 675
241628 241631 515
241471 241470 597
241471 241473 4941
241471 241479 782
241489 241473 796
241489 241490 1268
241489 241491 696
241493 241473 200
241493 241492 1596
241493 241495 863
241493 263684 346
241480 241477 238
241480 241479 1735
241480 241482 965
241480 241485 3262
241494 241492 846
241494 241495 1514
241494 241500 1400
240320 240321 1248
240320 240324 1645
240320 241497 1096
262229 240324 648
240334 240332 562
240334 240335 419
240334 240336 344
240333 240332 434
262228 241500 1115
240328 240326 536
240328 240338 888
241523 241519 1375
241523 241521 1139
241523 241524 6731
241523 241525 2927
241531 241524 680
241531 241526 2987
241531 241530 672
241532 241530 344
241532 241533 333
241532 241534 2100
241537 241536 796
241537 241538 782
241537 241540 1342
241540 241537 1342
241540 241538 1624
241540 241547 671
241546 241545 445
241546 241547 556
241631 241628 515
241631 241632 847
241631 241633 750
241470 241469 1473
241470 241471 597
241479 241471 782
241479 241472 503
241479 241480 1735
241490 241489 1268
241491 241487 140
241491 241489 696
241492 241493 1596
241492 241494 846
241492 241497 587
241492 241498 672
263684 241487 354
263684 241493 346
241477 241475 2375
241477 241480 238
241477 241519 1220
240321 240320 1248
240321 241486 1139
240321 241487 1277
241497 240320 1096
241497 241492 587
240335 240334 419
240326 240314 252
240326 240328 536
241519 241477 1220
241519 241520 796
241519 241523 1375
241521 240795 1344
241521 241522 846
241521 241523 1139
241525 241523 2927
241525 241526 3326
241526 241525 3326
241526 241531 2987
241526 241543 3495
241533 241532 333
241533 241536 562
241534 241532 2100
241534 241542 333
241534 241545 556
241536 241533 562
241536 241537 796
241536 241544 1346
241545 241534 556
241545 241544 846
241545 241546 445
241632 241631 847
241632 241664 2191
241633 241631 750
241633 241634 344
241633 241638 755
241633 241664 3454
241469 240318 2322
241469 241468 1139
241469 241470 1473
241472 241468 1177
241472 241479 503
241487 240321 1277
241487 241491 140
241487 263684 354
241498 241492 672
241475 241474 1027
241475 241476 950
241475 241477 2375
241486 240319 452
241486 240321 1139
240314 240315 4004
240314 240326 252
240314 240327 889
241520 241519 796
240795 240792 1678
240795 240793 1004
240795 241521 1344
241522 241521 846
241543 241526 3495
241543 241550 562
241542 241534 333
241544 241536 1346
241544 241545 846
241664 241632 2191
241664 241633 3454
241664 241639 675
241664 261511 1245
241634 241633 344
241638 241633 755
241638 241635 1809
241638 241639 3140
240318 240312 597
240318 240319 905
240318 241469 2322
241468 241467 1700
241468 241469 1139
241468 241472 1177
241474 240761 475
241474 241475 1027
241476 240763 946
241476 241475 950
241476 241478 597
240319 240317 680
240319 240318 905
240319 241486 452
240315 240314 4004
240327 240314 889
240792 240765 419
240792 240793 1346
240792 240795 1678
240793 240786 2986
240793 240792 1346
240793 240795 1004
240793 240796 419
241550 241543 562
241639 241638 3140
241639 241664 675
261511 241664 1245
241635 241636 503
241635 241637 536
241635 241638 1809
240312 240311 868
240312 240313 562
240312 240317 924
240312 240318 597
241467 240738 3454
241467 240761 2409
241467 241468 1700
240761 240740 1248
240761 240763 604
240761 241467 2409
240761 241474 475
240763 240761 604
240763 240764 278
240763 241476 946
241478 241476 597
240317 240312 924
240317 240316 763
240317 240319 680
240765 240764 2225
240765 240792 419
240786 240757 1542
240786 240758 1060
240786 240793 2986
240786 240794 2017
240796 240793 419
240796 240797 1526
241636 241635 503
241637 241635 536
241637 241704 680
240311 240308 238
240311 240312 868
240311 240316 1014
240311 240316 1014
240313 240312 562
240738 240736 805
240738 240739 550
240738 240740 867
240738 240741 1007
240738 241467 3454
240740 240738 867
240740 240760 902
240740 240761 1248
240764 240762 201
240764 240763 278
240764 240765 2225
240316 240311 1014
240316 240311 1014
240316 240317 763
240757 240756 604
240757 240786 1542
240758 240754 1007
240758 240766 1071
240758 240786 1060
240794 240786 2017
240794 240789 263
240797 240796 1526
241704 241637 680
241704 241705 580
241704 241715 2265
240308 240309 536
240308 240310 445
240308 240311 238
240736 240737 434
240736 240738 805
240736 240739 688
240736 264243 875
240739 240736 688
240739 240738 550
240739 261433 2091
240741 240738 1007
240741 240742 1006
240741 240747 2001
240760 240740 902
240760 240762 336
240762 240760 336
240762 240764 201
240762 240766 2416
240756 240753 1222
240756 240755 750
240756 240757 604
240754 240755 611
240754 240758 1007
240766 240758 1071
240766 240762 2416
240766 240767 323
240789 240794 263
241705 241704 580
241715 241704 2265
240309 240308 536
240310 240308 445
240737 240736 434
264243 240736 875
261433 240739 2091
240742 240741 1006
240747 240741 2001
240747 240755 1166
240753 240756 1222
240755 240747 1166
240755 240754 611
240755 240756 750
240767 240766 323
200
239899
241558
241574
241557
241563
241573
241575
241514
241556
241576
241577
241581
241502
241551
241513
241578
241569
241579
241503
240342
240346
241509
241535
241570
241590
241619
241582
241501
240341
241553
240344
241508
241511
241518
241580
241621
241620
241496
241504
240325
241552
240340
240345
241506
241510
241516
241528
241541
241618
241622
241624
264050
241481
241483
241505
240323
240337
240339
241499
240343
241564
241507
241512
241517
241527
241529
241539
241548
241626
241625
241473
241482
241495
241484
241485
240322
240324
240336
240332
241500
240338
241524
241530
241538
241547
241549
241627
241628
241471
241489
241493
241480
241494
240320
262229
240334
240333
262228
240328
241523
241531
241532
241537
241540
241546
241631
241470
241479
241490
241491
241492
263684
241477
240321
241497
240335
240326
241519
241521
241525
241526
241533
241534
241536
241545
241632
241633
241469
241472
241487
241498
241475
241486
240314
241520
240795
241522
241543
241542
241544
241664
241634
241638
240318
241468
241474
241476
240319
240315
240327
240792
240793
241550
241639
261511
241635
240312
241467
240761
240763
241478
240317
240765
240786
240796
241636
241637
240311
240313
240738
240740
240764
240316
240757
240758
240794
240797
241704
240308
240736
240739
240741
240760
240762
240756
240754
240766
240789
241705
241715
240309
240310
240737
264243
261433
240742
240747
240753
240755
240767
