470
239367 239368 1150
239367 258652 804
239367 261199 527
239368 239367 1150
258652 239367 804
258652 258667 238
258652 258672 1624
261199 239367 527
261199 258636 630
258667 258652 238
258667 258668 1024
258667 258669 975
258672 258652 1624
258672 258670 808
258672 258673 649
258636 258635 611
258636 261199 630
258636 263581 1344
258668 258667 1024
258669 258657 2124
258669 258667 975
258669 258676 1621
258670 258671 1394
258670 258672 808
258673 258672 649
258635 258593 218
258635 258636 611
258635 258646 643
263581 258636 1344
258657 258653 2143
258657 258658 2005
258657 258669 2124
258676 247355 405
258676 258669 1621
258676 258677 1144
258676 258678 725
258671 258670 1394
258593 258592 1258
258593 258635 218
258646 258635 643
258646 258645 105
258646 263607 322
258653 258655 1220
258653 258657 2143
258658 258655 1927
258658 258657 2005
258658 258674 402
247355 247356 198
247355 247753 1065
247355 258676 405
258677 258674 1100
258677 258676 1144
258677 258679 466
258678 257028 1348
258678 258676 725
258678 262214 756
258592 258578 2822
258592 258593 1258
258592 258596 1375
258645 258646 105
258645 258650 2104
263607 258646 322
258655 258653 1220
258655 258656 550
258655 258658 1927
258674 258658 402
258674 258675 818
258674 258677 1100
247356 247355 198
247356 258590 388
247356 259901 1718
247753 247355 1065
247753 256724 943
247753 257028 522
258679 258675 1137
258679 258677 466
257028 247753 522
257028 258678 1348
257028 262327 513
262214 258678 756
262214 258681 2605
262214 262215 1209
258578 258574 1576
258578 258577 714
258578 258580 946
258578 258592 2822
258596 258592 1375
258650 258645 2104
258650 258649 417
258650 261637 342
258656 258655 550
258656 258675 2944
258675 258656 2944
258675 258674 818
258675 258679 1137
258590 247356 388
258590 258591 459
258590 259901 1762
259901 247356 1718
259901 258590 1762
259901 259902 346
256724 247753 943
262327 257028 513
262327 264056 1060
262327 264057 606
258681 258682 1139
258681 262214 2605
262215 262214 1209
258574 258570 278
258574 258578 1576
258574 258579 749
258577 258575 2507
258577 258578 714
258580 258578 946
258580 258579 1248
258580 258587 675
258649 258568 290
258649 258650 417
258649 263423 337
261637 258650 342
258591 258590 459
259902 259901 346
264056 262327 1060
264057 262327 606
258682 258680 938
258682 258681 1139
258682 258683 2502
258570 258565 1161
258570 258573 1350
258570 258574 278
258579 258574 749
258579 258580 1248
258579 258581 805
258575 258567 1160
258575 258577 2507
258575 261200 1554
258587 258580 675
258587 258582 336
258587 258588 649
258568 258567 556
258568 258649 290
258568 261805 327
263423 258649 337
258680 255440 2425
258680 255441 2458
258680 258682 938
258683 258682 2502
258683 260199 278
258565 258563 950
258565 258566 1343
258565 258569 1898
258565 258570 1161
258573 258570 1350
258581 258579 805
258581 258582 1188
258581 258583 628
258567 258568 556
258567 258575 1160
261200 258575 1554
258582 258581 1188
258582 258586 675
258582 258587 336
258588 258587 649
258588 258589 746
258588 258609 1698
261805 258568 327
255440 255439 805
255440 255441 671
255440 258666 3816
255440 258680 2425
255441 255440 671
255441 255442 1420
255441 258680 2458
260199 256132 373
260199 258683 278
258563 258562 746
258563 258564 1100
258563 258565 950
258566 258565 1343
258569 258565 1898
258583 258581 628
258583 258584 736
258583 258586 1084
258586 258582 675
258586 258583 1084
258586 258585 825
258589 258588 746
258589 258594 1176
258589 258595 1636
258589 258610 1824
258609 258585 713
258609 258588 1698
258609 258610 696
258609 258611 2124
255439 255440 805
255439 255471 2947
258666 255440 3816
255442 255441 1420
255442 255471 1317
255442 259186 611
256132 256131 518
256132 260199 373
258562 258520 1729
258562 258563 746
258564 258563 1100
258584 258583 736
258584 258585 1257
258584 258597 536
258585 258584 1257
258585 258586 825
258585 258608 805
258585 258609 713
258594 258589 1176
258594 263582 365
258594 263583 396
258595 258589 1636
258595 261643 603
258610 258589 1824
258610 258609 696
258610 258613 859
258611 258606 924
258611 258609 2124
258611 258612 580
255471 255439 2947
255471 255442 1317
255471 255466 1288
259186 255442 611
256131 256130 439
256131 256132 518
256131 256133 360
256131 256136 541
258520 258499 3359
258520 258562 1729
258597 258584 536
258597 258598 2996
258597 258599 474
258608 258585 805
258608 258606 1423
258608 258607 672
263582 258594 365
263583 258594 396
261643 258595 603
258613 258610 859
258613 258612 1039
258613 263584 1093
258606 258601 713
258606 258605 3213
258606 258608 1423
258606 258611 924
258612 258611 580
258612 258613 1039
258612 258614 1151
258612 258615 475
255466 255438 1134
255466 255468 869
255466 255471 1288
256130 256129 157
256130 256129 157
256130 256131 439
256133 256129 510
256133 256131 360
256133 256136 701
256133 256139 485
256136 256131 541
256136 256133 701
256136 256137 496
258499 258491 3335
258499 258514 1100
258499 258520 3359
258499 258537 1766
258598 258597 2996
258598 258600 1140
258598 258604 1177
258599 258597 474
258599 258600 1408
258599 258607 649
258607 258599 649
258607 258601 1278
258607 258608 672
263584 258613 1093
263584 258614 1139
263584 263590 518
258601 258600 713
258601 258604 2410
258601 258606 713
258601 258607 1278
258605 239395 1544
258605 258604 949
258605 258606 3213
258614 258612 1151
258614 263584 1139
258614 263585 1409
258615 258612 475
255438 255466 1134
255438 255470 1498
255468 255466 869
255468 255470 60
256129 256130 157
256129 256130 157
256129 256133 510
256129 256135 426
256139 256133 485
256139 256138 321
256137 256136 496
256137 260200 664
258491 247913 1695
258491 258490 884
258491 258499 3335
258514 258499 1100
258514 258515 884
258514 262293 546
258537 258499 1766
258537 258535 4008
258537 258544 6885
258600 258598 1140
258600 258599 1408
258600 258601 713
258604 258598 1177
258604 258601 2410
258604 258605 949
263590 263584 518
263590 263588 1264
263590 263592 577
239395 239396 190
239395 239402 1491
239395 258605 1544
263585 258614 1409
263585 263586 1010
263585 263587 373
255470 255438 1498
255470 255468 60
255470 255469 261
256135 256129 426
256135 256134 825
256138 256139 321
256138 256140 552
260200 256137 664
247913 247903 5425
247913 258490 876
247913 258491 1695
258490 247913 876
258490 258491 884
258490 258495 649
258515 258514 884
258515 258516 628
258515 258519 884
262293 258513 1097
262293 258514 546
262293 258516 923
258535 258495 3383
258535 258498 1398
258535 258537 4008
258544 239396 8385
258544 258537 6885
263588 263586 1095
263588 263590 1264
263588 263591 446
263592 263590 577
239396 239395 190
239396 258544 8385
239396 259896 1966
239402 239395 1491
263586 263585 1010
263586 263588 1095
263586 263589 367
263587 263585 373
255469 255470 261
255469 263594 341
255469 263595 404
256134 255464 5659
256134 256135 825
256140 256138 552
256140 256141 1737
256140 256142 10369
247903 247782 3253
247903 247912 1225
247903 247913 5425
258495 258490 649
258495 258493 2717
258495 258535 3383
258516 258515 628
258516 258517 888
258516 258518 1203
258516 262293 923
258519 258515 884
258513 258510 798
258513 262293 1097
258513 263606 3364
258498 258493 2157
258498 258534 763
258498 258535 1398
263591 263588 446
259896 239396 1966
259896 259900 750
263589 263586 367
263594 255469 341
263594 263593 147
263594 263596 2561
263595 255469 404
255464 255461 11031
255464 256134 5659
256141 256140 1737
256141 256144 2846
256141 256154 129
256141 256156 3292
256142 256140 10369
256142 259962 3888
256142 260202 2964
247782 247779 1542
247782 247902 402
247782 247903 3253
247912 247903 1225
247912 247911 580
258493 258489 1225
258493 258495 2717
258493 258498 2157
258517 258516 888
258517 258526 749
258517 262295 1021
258518 258516 1203
258518 262298 142
258510 258509 1012
258510 258513 798
263606 258513 3364
258534 258498 763
259900 259896 750
263593 263594 147
263596 263594 2561
263596 263601 437
263596 263602 770
255461 255460 278
255461 255462 275
255461 255464 11031
256144 256141 2846
256144 256143 601
256144 256147 1981
256154 256141 129
256154 256150 729
256154 256155 3099
256156 256141 3292
256156 256146 1244
256156 256158 2449
256156 256167 2565
259962 256142 3888
259962 259963 644
260202 256142 2964
247779 247782 1542
247902 247782 402
247911 247912 580
258489 258493 1225
258526 258517 749
262295 258517 1021
262298 258518 142
258509 258510 1012
263601 263596 437
263602 263596 770
255460 255461 278
255462 255461 275
256143 256144 601
256143 256146 2537
256147 256144 1981
256150 256154 729
256155 256154 3099
256155 256158 1347
256146 256143 2537
256146 256156 1244
256158 256155 1347
256158 256156 2449
256167 256156 2565
259963 259962 644
41
258653
258655
258656
258675
261200
255439
255471
255466
255438
255468
255470
260200
258544
239396
255469
259896
263594
263595
259900
263593
263596
259962
247779
247902
247911
258489
262295
262298
258509
263601
263602
255460
255462
256143
256147
256150
256155
256146
256158
256167
259963
