46
246141 246618 1166
246141 246619 2578
246618 246141 1166
246619 246141 2578
246619 246626 787
246626 246619 787
246626 246633 550
246633 246626 550
246633 246645 949
246645 246633 949
246645 246636 475
246645 246647 2055
246636 246634 2076
246636 246645 475
246647 246645 2055
246634 246635 713
246634 246636 2076
246635 246634 713
246635 246638 893
246635 246643 1958
246638 246635 893
246638 246641 1004
246643 246635 1958
246643 246644 2418
246643 246650 1598
246641 246638 1004
246641 246640 707
246641 246642 275
246644 246642 402
246644 246643 2418
246644 246798 2387
246650 246643 1598
246650 246798 4865
246640 246641 707
246640 246642 981
246642 246640 981
246642 246641 275
246642 246644 402
246798 246644 2387
246798 246650 4865
246798 246810 686
246810 246798 686
246810 246812 696
246810 246816 1100
246812 246810 696
246816 246810 1100
21
246141
246618
246619
246626
246633
246645
246636
246647
246634
246635
246638
246643
246641
246644
246650
246640
246642
246798
246810
246812
246816
