24
205744 205752 1695
205763 205923 1531
205752 205744 1695
205923 205763 1531
205915 206579 1044
206579 205915 1044
214825 215092 917
194983 195322 349
195322 194983 349
215092 214825 917
206831 206839 943
206839 206831 943
206844 206874 1100
206874 206844 1100
206874 206878 1604
209206 209205 993
209205 209204 1265
209205 209206 993
209204 209205 1265
209207 209202 163
209181 209202 2445
209202 209181 2445
209202 209207 163
206878 206874 1604
35
205981
205983
206001
205893
205705
205744
205754
205763
205752
205923
205924
205911
205915
206579
206602
206585
206599
214825
194983
195322
206831
206839
206844
206874
209189
209199
209206
209204
209207
209181
202447
209236
206878
206891
180974
