456
15 16 1659
15 16 1659
15 4150 882
15 4150 882
16 15 1659
16 15 1659
16 4445 17948
4150 15 882
4150 15 882
4150 4814 481
4150 4814 481
4150 263699 1061
4445 16 17948
4445 4443 557
4445 4444 503
4814 4150 481
4814 4150 481
4814 4815 3423
4814 4815 3423
263699 4150 1061
263699 263700 1217
263699 263983 1681
4443 4440 1084
4443 4444 475
4443 4445 557
4444 4443 475
4444 4445 503
4444 4446 3033
4815 4814 3423
4815 4814 3423
4815 4816 1905
4815 4816 1905
263700 263699 1217
263700 263701 1429
263700 263702 2027
263983 257846 823
263983 261351 1976
263983 263699 1681
263983 263984 18
4440 4439 6093
4440 4443 1084
4440 4494 7255
4446 4444 3033
4816 4815 1905
4816 4815 1905
4816 4819 6160
4816 4821 2917
4816 4821 2917
263701 261602 1362
263701 263700 1429
263701 263984 989
263702 259975 2182
263702 261584 5426
263702 263700 2027
257846 257847 1935
257846 263698 1239
257846 263983 823
261351 260087 1871
261351 260346 420
261351 261350 592
261351 263983 1976
263984 263701 989
263984 263983 18
4439 4436 639
4439 4436 639
4439 4440 6093
4494 4440 7255
4494 4493 2115
4819 4816 6160
4819 4820 5167
4819 4823 4036
4821 4816 2917
4821 4816 2917
4821 4822 3682
261602 261603 256
261602 262236 236
261602 263701 1362
259975 259867 5923
259975 263702 2182
259975 263981 3691
261584 261585 129
261584 263702 5426
257847 257846 1935
263698 257846 1239
260087 260088 729
260087 261351 1871
260087 263317 1206
260346 260347 836
260346 260983 1390
260346 261351 420
261350 261351 592
261350 261391 1168
261350 261391 1168
4436 4424 10521
4436 4434 6442
4436 4439 639
4436 4439 639
4493 4494 2115
4493 4497 1083
4493 4508 3361
4820 4819 5167
4823 4819 4036
4823 4824 2109
4823 4825 2905
4822 4821 3682
4822 4826 3548
4822 4827 278
261603 261602 256
261603 262888 8
262236 261602 236
259867 259864 566
259867 259975 5923
263981 259975 3691
261585 261584 129
261585 261595 941
261585 262040 1618
260088 260087 729
260088 260983 2249
260088 263317 1520
260088 263982 2194
263317 260087 1206
263317 260088 1520
263317 261391 523
260347 260346 836
260347 260983 940
260347 261344 408
260983 260088 2249
260983 260346 1390
260983 260347 940
261391 261350 1168
261391 261350 1168
261391 263317 523
4424 4411 649
4424 4422 4759
4424 4436 10521
4434 4430 4233
4434 4436 6442
4434 4438 3860
4497 4489 1833
4497 4493 1083
4497 4498 2594
4508 4493 3361
4824 4823 2109
4825 4666 2370
4825 4823 2905
4826 4822 3548
4827 4822 278
4827 4828 7428
4827 4829 1866
262888 261603 8
259864 259861 2815
259864 259865 2782
259864 259866 17754
259864 259867 566
261595 261585 941
261595 262043 2376
261595 262043 2376
262040 261585 1618
262040 262935 252
262040 263064 221
263982 260088 2194
263982 262043 8
261344 260347 408
4411 4412 21762
4411 4413 1583
4411 4424 649
4411 4435 373
4422 4423 5712
4422 4424 4759
4422 4425 5396
4430 4425 1848
4430 4433 3252
4430 4434 4233
4438 4434 3860
4489 4490 2447
4489 4497 1833
4489 4505 1545
4498 4497 2594
4666 4664 3470
4666 4668 201
4666 4825 2370
4666 4844 884
4666 4845 2578
4828 4827 7428
4829 4827 1866
4829 4830 1504
4829 4849 7138
259861 259860 1296
259861 259864 2815
259865 259864 2782
259865 259868 6050
259866 259864 17754
259866 259877 1860
259866 259985 1296
259866 259986 1340
262043 261595 2376
262043 261595 2376
262043 263982 8
262935 262040 252
263064 262040 221
4412 4411 21762
4412 4414 1256
4413 4411 1583
4435 4411 373
4435 259695 735
4435 260336 886
4423 4422 5712
4425 4422 5396
4425 4426 3695
4425 4430 1848
4433 4430 3252
4490 4489 2447
4505 4489 1545
4505 4506 4008
4505 4507 2745
4664 4663 795
4664 4665 1607
4664 4666 3470
4668 4666 201
4668 4667 8187
4844 4509 2428
4844 4666 884
4845 4666 2578
4845 4848 11026
4830 4829 1504
4830 4831 580
4830 4837 7290
4849 4829 7138
4849 4837 2376
4849 4850 1556
259860 259861 1296
259860 259862 1530
259868 259865 6050
259868 259976 195
259868 259977 2315
259868 259978 208
259877 259866 1860
259877 259878 5235
259877 259980 4197
259985 259866 1296
259985 259987 187
259986 259866 1340
259986 259988 152
4414 4412 1256
4414 259564 2651
259695 4435 735
259695 259691 3860
259695 259694 5296
259695 260336 161
260336 4435 886
260336 259695 161
260336 261228 2043
4426 4419 549
4426 4425 3695
4506 4505 4008
4507 4505 2745
4507 4510 550
4663 4485 1558
4663 4664 795
4665 4664 1607
4667 4662 8487
4667 4668 8187
4509 4487 2462
4509 4844 2428
4509 4847 3940
4848 4845 11026
4848 4884 8561
4831 4830 580
4831 4832 946
4831 4833 1966
4837 4830 7290
4837 4836 7888
4837 4849 2376
4837 4860 535
4850 4849 1556
259862 259860 1530
259862 259863 3149
259976 259868 195
259977 259868 2315
259977 259979 234
259977 259980 1699
259977 259981 309
259978 259868 208
259878 259876 1111
259878 259877 5235
259980 259876 3744
259980 259877 4197
259980 259977 1699
259987 259985 187
259987 259988 390
259987 259992 2259
259988 259982 1381
259988 259986 152
259988 259987 390
259564 4414 2651
259564 259563 5378
259564 259565 882
259564 259692 2037
259691 259690 8350
259691 259695 3860
259694 259695 5296
259694 259699 2656
261228 259697 1269
261228 260336 2043
261228 261229 1147
4419 4418 11534
4419 4426 549
4419 4429 549
4510 4504 1760
4510 4507 550
4510 4511 402
4485 4486 3321
4485 4520 4223
4485 4663 1558
4662 4661 4114
4662 4667 8487
4487 4488 1422
4487 4509 2462
4487 4846 2773
4847 4509 3940
4847 6366 988
4884 4848 8561
4884 4870 4012
4832 4831 946
4833 4831 1966
4833 4834 1595
4833 4835 2628
4836 4837 7888
4836 4863 547
4836 4864 2615
4860 4837 535
4860 4861 1143
259863 259862 3149
259863 259869 259
259863 259870 6978
259979 259977 234
259981 259977 309
259876 259875 1807
259876 259878 1111
259876 259980 3744
259992 259987 2259
259992 259990 2716
259982 259880 4412
259982 259988 1381
259982 263877 1227
259563 259560 1964
259563 259564 5378
259565 259564 882
259565 259566 5101
259565 259575 1986
259692 259564 2037
259690 258330 2282
259690 258331 2870
259690 259691 8350
259699 259694 2656
259699 259701 1986
259697 259696 2941
259697 259720 4286
259697 261228 1269
261229 261228 1147
4418 4419 11534
4418 4420 2004
4418 4421 9919
4418 4448 1809
4429 4419 549
4429 4427 905
4504 4478 5632
4504 4510 1760
4504 4512 1508
4511 4510 402
4511 4513 4515
4511 4514 2275
4486 4485 3321
4520 4485 4223
4520 4518 7779
4520 4521 6619
4661 4659 4607
4661 4662 4114
4488 4487 1422
4846 4487 2773
4846 4853 5861
4846 4854 1388
6366 4847 988
6366 6367 3009
4870 4869 1021
4870 4884 4012
4834 4833 1595
4834 4838 598
4834 4840 1129
4835 4833 2628
4863 4836 547
4863 4839 1534
4863 5150 841
4864 4836 2615
4864 4861 5177
4864 4865 948
4861 4860 1143
4861 4862 2665
4861 4864 5177
259869 259863 259
259869 259871 2913
259870 259854 2977
259870 259863 6978
259870 259872 1658
259875 259874 1363
259875 259876 1807
259990 259989 7384
259990 259992 2716
259880 259982 4412
263877 259982 1227
259560 259563 1964
259566 259565 5101
259575 259565 1986
258330 259690 2282
258331 259690 2870
259701 259699 1986
259696 259697 2941
259720 259697 4286
4420 4418 2004
4420 4448 2824
4421 4418 9919
4421 4427 445
4448 4418 1809
4448 4420 2824
4427 4421 445
4427 4429 905
4478 4504 5632
4512 4504 1508
4513 4511 4515
4513 4518 1392
4514 4511 2275
4518 4513 1392
4518 4520 7779
4521 4520 6619
4659 4661 4607
4853 4846 5861
4854 4846 1388
6367 6366 3009
4869 4870 1021
4838 4834 598
4838 4839 2734
4838 4839 2734
4840 4834 1129
4839 4838 2734
4839 4838 2734
4839 4863 1534
5150 4863 841
4865 4864 948
4862 4861 2665
259871 259869 2913
259871 259874 485
259854 259870 2977
259872 259870 1658
259874 259871 485
259874 259875 1363
259989 259990 7384
23
259880
263877
259560
259575
258330
258331
259701
259696
259720
4420
4421
4448
4427
4478
4514
4518
4659
4853
4854
4869
4839
259854
259989
