24
12027 12209 1322
12209 12027 1322
12209 12210 982
12210 12208 2138
12210 12209 982
12210 12280 1979
12208 12207 2005
12208 12210 2138
12280 12210 1979
12280 12283 1002
12207 12205 826
12207 12208 2005
12283 12280 1002
12205 12198 676
12205 12206 1188
12205 12207 826
12198 12192 713
12198 12205 676
12198 12206 1454
12206 12198 1454
12206 12205 1188
12192 12191 629
12192 12198 713
12191 12192 629
12
12027
12209
12210
12208
12280
12207
12283
12205
12198
12206
12192
12191
