526
235978 235979 9
235978 246402 443
235979 235978 9
246402 235978 443
246402 246164 1510
246402 246400 755
246164 246163 4490
246164 246165 899
246164 246402 1510
246400 246399 818
246400 246401 847
246400 246402 755
246163 246161 1248
246163 246164 4490
246163 246165 4392
246165 246163 4392
246165 246164 899
246165 246399 988
246399 246165 988
246399 246398 707
246399 246400 818
246401 246400 847
246401 246404 893
246161 246147 893
246161 246163 1248
246398 246113 2925
246398 246399 707
246404 246401 893
246404 246405 223
246404 246413 949
246147 246144 924
246147 246161 893
246147 246162 680
246113 246114 4317
246113 246398 2925
246405 246403 540
246405 246404 223
246413 246404 949
246413 246411 336
246413 246414 402
246144 246143 503
246144 246145 1532
246144 246146 846
246144 246147 924
246162 246147 680
246114 246113 4317
246114 246142 1351
246114 246396 8684
246403 246395 336
246403 246405 540
246411 246409 1483
246411 246413 336
246411 246414 222
246411 246417 628
246414 246411 222
246414 246413 402
246414 246415 4039
246414 246416 1144
246143 246142 272
246143 246144 503
246145 246144 1532
246146 246144 846
246146 246155 122
246146 261435 2568
246142 246104 214
246142 246114 1351
246142 246143 272
246142 246149 2566
246396 246114 8684
246396 246395 1689
246395 246394 1031
246395 246396 1689
246395 246403 336
246395 246487 11015
246409 246406 238
246409 246411 1483
246409 246412 2500
246417 246411 628
246417 246418 3509
246417 246435 1096
246415 246414 4039
246415 246424 825
246416 246414 1144
246416 246425 818
246416 246457 2700
246155 246146 122
246155 246156 213
246155 261283 2684
261435 246146 2568
261435 246167 541
246104 246101 360
246104 246142 214
246149 246134 1213
246149 246142 2566
246149 246150 467
246394 246268 1278
246394 246395 1031
246394 246397 1139
246487 246375 1848
246487 246395 11015
246406 246407 796
246406 246409 238
246406 246410 2395
246412 246409 2500
246412 246410 688
246412 246436 475
246412 246439 1927
246418 246417 3509
246418 246457 746
246418 246466 628
246418 246468 604
246435 246417 1096
246435 246436 871
246424 246415 825
246424 246425 2822
246424 246427 749
246425 246416 818
246425 246424 2822
246425 246426 750
246457 246416 2700
246457 246418 746
246457 246459 788
246156 246152 1139
246156 246155 213
246156 246157 846
261283 246155 2684
261283 246167 438
246167 246166 1168
246167 246168 2301
246167 261283 438
246167 261435 541
246101 246099 1281
246101 246103 1588
246101 246104 360
246101 261831 3626
246134 246135 6158
246134 246149 1213
246150 246138 604
246150 246149 467
246268 246251 452
246268 246261 3138
246268 246394 1278
246397 246270 2215
246397 246394 1139
246397 246419 763
246397 246420 763
246375 246374 557
246375 246487 1848
246407 246406 796
246407 246408 2442
246407 246432 847
246410 246406 2395
246410 246408 924
246410 246412 688
246410 246441 2008
246436 246412 475
246436 246435 871
246436 246440 946
246439 246412 1927
246439 246441 713
246439 246452 924
246439 246453 2008
246466 246418 628
246466 246460 336
246466 246468 590
246468 246418 604
246468 246466 590
246468 246472 876
246427 246424 749
246427 246426 2559
246427 246428 805
246426 246425 750
246426 246427 2559
246426 246458 975
246459 246428 2140
246459 246457 788
246459 246458 805
246152 246153 782
246152 246156 1139
246152 246158 515
246157 246156 846
246157 246159 373
246157 246179 1263
246157 246181 2113
246166 246167 1168
246166 246168 1927
246166 246429 924
246168 246166 1927
246168 246167 2301
246168 246442 434
246099 246088 2012
246099 246101 1281
246099 246102 3242
246099 261827 1607
246103 246101 1588
246103 246108 1120
261831 246101 3626
261831 261828 319
261831 261832 2551
246135 246132 990
246135 246134 6158
246135 246562 8919
246138 246139 493
246138 246150 604
246138 246151 308
246251 246250 1031
246251 246268 452
246251 246393 3351
246261 246260 611
246261 246262 750
246261 246268 3138
246270 246265 787
246270 246397 2215
246270 246421 825
246419 246269 580
246419 246397 763
246420 246397 763
246420 246421 2428
246374 246375 557
246374 246376 6271
246408 246407 2442
246408 246410 924
246408 246434 818
246408 246438 2041
246432 246407 847
246432 246430 1030
246432 246434 2361
246441 246410 2008
246441 246438 818
246441 246439 713
246440 246436 946
246440 246452 1140
246440 246460 1281
246452 246439 924
246452 246440 1140
246452 246460 580
246452 246469 1980
246453 246439 2008
246453 246469 818
246453 246804 713
246453 246831 1736
246460 246440 1281
246460 246452 580
246460 246466 336
246460 246467 418
246472 246463 1493
246472 246468 876
246472 246473 373
246428 246427 805
246428 246458 2215
246428 246459 2140
246458 246426 975
246458 246428 2215
246458 246459 805
246153 246152 782
246153 246154 1771
246153 246169 306
246158 246152 515
246158 246173 419
246158 264323 616
246159 246157 373
246159 246160 76
246159 246174 557
246179 246157 1263
246179 246180 2154
246179 246185 434
246181 246157 2113
246181 246182 924
246181 246183 1096
246181 246183 1096
246429 246166 924
246429 246430 924
246429 246431 2414
246442 246168 434
246442 246431 796
246442 246443 2121
246442 246444 746
246088 246086 1376
246088 246099 2012
246088 246100 2355
246102 246099 3242
246102 246106 788
261827 246099 1607
261827 246129 798
261827 261828 630
246108 246097 750
246108 246103 1120
246108 246106 707
261828 261827 630
261828 261829 2104
261828 261831 319
261832 261831 2551
246132 246123 389
246132 246127 1145
246132 246135 990
246562 246135 8919
246562 261570 6659
246139 246136 6186
246139 246138 493
246139 246151 412
246151 246138 308
246151 246139 412
246151 246169 998
246151 246170 289
246250 246248 2643
246250 246249 1207
246250 246251 1031
246393 246110 3633
246393 246251 3351
246393 246392 746
246260 241738 2141
246260 246261 611
246260 246263 550
246262 246261 750
246262 246265 1221
246262 246269 2013
246265 246262 1221
246265 246269 1530
246265 246270 787
246421 246270 825
246421 246420 2428
246269 246262 2013
246269 246265 1530
246269 246419 580
246376 246374 6271
246376 246382 1292
246434 246408 818
246434 246432 2361
246434 246433 1055
246434 246437 2008
246438 246408 2041
246438 246437 924
246438 246441 818
246438 246456 1927
246430 246429 924
246430 246432 1030
246430 246433 2441
246469 246452 1980
246469 246453 818
246469 246470 818
246469 246832 1768
246804 246453 713
246804 246456 796
246804 246805 787
246831 246453 1736
246831 246806 713
246831 246835 475
246467 246460 418
246467 246470 1629
246467 246471 1816
246463 246464 1085
246463 246465 1559
246463 246472 1493
246473 246472 373
246473 246474 556
246473 246475 1547
246154 246153 1771
246154 246176 3
246154 246177 1205
246169 246151 998
246169 246153 306
246173 246158 419
246173 246174 373
246173 246175 434
264323 246158 616
264323 246160 275
264323 264324 335
246160 246159 76
246160 264323 275
246160 264324 359
246174 246159 557
246174 246173 373
246174 246175 336
246180 246179 2154
246180 246243 1014
246180 246630 680
246185 246179 434
246185 246186 1761
246185 246187 1347
246182 246181 924
246183 246181 1096
246183 246181 1096
246183 246184 1299
246431 246429 2414
246431 246433 1030
246431 246442 796
246431 246445 1805
246443 246442 2121
246443 246447 924
246443 246448 817
246443 246449 1574
246444 246189 1195
246444 246442 746
246086 246082 4532
246086 246085 195
246086 246087 3413
246086 246088 1376
246100 246088 2355
246100 246093 767
246100 246105 815
246106 246092 937
246106 246102 788
246106 246108 707
246129 246128 1712
246129 261827 798
246129 261830 460
246097 246098 1222
246097 246108 750
246097 246109 336
246097 246111 747
261829 246126 407
261829 246128 883
261829 261828 2104
246123 246119 801
246123 246122 476
246123 246132 389
246127 246124 654
246127 246132 1145
246127 246133 554
261570 245682 1462
261570 246562 6659
246136 246137 1179
246136 246139 6186
246136 246563 1084
246170 246151 289
246170 246171 58
246248 246250 2643
246248 246392 1808
246249 246250 1207
246110 246098 503
246110 246111 214
246110 246393 3633
246392 246098 2969
246392 246248 1808
246392 246393 746
241738 246260 2141
246263 246260 550
246382 246376 1292
246433 246430 2441
246433 246431 1030
246433 246434 1055
246437 246434 2008
246437 246438 924
246456 246438 1927
246456 246804 796
246470 246467 1629
246470 246469 818
246470 246471 924
246832 246469 1768
246832 246835 452
246805 246804 787
246805 246806 949
246806 246805 949
246806 246831 713
246835 246831 475
246835 246832 452
246471 246467 1816
246471 246470 924
246471 246475 884
246464 246463 1085
246464 246465 1101
246465 246463 1559
246465 246464 1101
246474 246473 556
246475 246471 884
246475 246473 1547
246176 246154 3
246176 246175 923
246177 246154 1205
246175 246173 434
246175 246174 336
246175 246176 923
264324 246160 359
264324 264323 335
246243 246180 1014
246630 246180 680
246186 246185 1761
246186 246187 1375
246187 246185 1347
246187 246186 1375
246184 246183 1299
246184 246189 1592
246445 246431 1805
246445 246448 252
246447 246189 787
246447 246443 924
246448 246443 817
246448 246445 252
246449 246443 1574
246189 246184 1592
246189 246444 1195
246189 246447 787
246082 246086 4532
246085 246086 195
246087 246086 3413
246093 246092 1031
246093 246100 767
246105 246100 815
246092 246093 1031
246092 246106 937
246128 246129 1712
246128 261829 883
261830 246129 460
246098 246097 1222
246098 246110 503
246098 246392 2969
246109 246097 336
246109 246111 899
246111 246097 747
246111 246109 899
246111 246110 214
246126 246124 2291
246126 261829 407
246119 246122 784
246119 246123 801
246122 246119 784
246122 246123 476
246122 246124 787
246124 246122 787
246124 246126 2291
246124 246127 654
246133 246127 554
245682 261570 1462
246137 246136 1179
246563 246136 1084
246171 246170 58
47
246248
246249
246392
241738
246263
246382
246433
246437
246456
246470
246832
246805
246806
246835
246471
246464
246465
246474
246475
246176
246177
246175
246243
246630
246186
246187
246184
246447
246448
246189
246082
246085
246087
246105
246092
246128
246098
246109
246111
246126
246119
246122
246124
245682
246137
246563
246171
