438
13322 13323 405
13322 35279 2398
13323 13322 405
35279 13322 2398
35279 34747 915
35279 35280 5234
34747 34720 1496
34747 34887 675
34747 35279 915
35280 35279 5234
34720 34721 3145
34720 34747 1496
34887 18011 693
34887 22434 606
34887 34747 675
34721 34720 3145
18011 18010 578
18011 34887 693
22434 18010 355
22434 34887 606
18010 18011 578
18010 22434 355
18010 29732 656
29732 18010 656
29732 29731 1479
29731 29732 1479
29731 29734 2804
29731 29744 3387
29734 29731 2804
29734 29733 4879
29734 29747 1652
29744 29731 3387
29733 29734 4879
29733 29739 790
29747 29734 1652
29747 29749 1062
29747 29791 5539
29739 29656 4053
29739 29733 790
29739 29743 1046
29749 29747 1062
29749 29750 2269
29749 29751 816
29791 29703 6185
29791 29747 5539
29656 29651 421
29656 29657 2208
29656 29739 4053
29743 29739 1046
29750 29749 2269
29750 29757 781
29750 29762 2200
29751 29749 816
29751 29763 588
29751 29792 2584
29703 29704 3941
29703 29791 6185
29651 29650 5571
29651 29656 421
29651 34881 2025
29657 29646 671
29657 29656 2208
29757 29750 781
29757 29755 637
29757 29758 2312
29762 29750 2200
29762 29758 757
29762 29796 2617
29763 29751 588
29792 29751 2584
29792 29793 1862
29704 29703 3941
29650 22970 618
29650 29651 5571
34881 29651 2025
34881 34878 6545
34881 34882 1058
34881 34884 2644
29646 29644 4997
29646 29644 4997
29646 29657 671
29755 29754 720
29755 29756 1824
29755 29757 637
29758 29756 1237
29758 29757 2312
29758 29762 757
29796 29762 2617
29796 29795 904
29796 29798 565
29793 29792 1862
29793 29801 1645
29793 29801 1645
22970 22969 4281
22970 22993 4448
22970 29650 618
34878 23968 608
34878 34881 6545
34882 29726 1367
34882 34881 1058
34884 34881 2644
29644 29645 1388
29644 29646 4997
29644 29646 4997
29754 29753 1324
29754 29755 720
29756 29755 1824
29756 29758 1237
29795 29794 331
29795 29796 904
29795 29797 251
29798 29796 565
29801 29793 1645
29801 29793 1645
29801 29799 600
22969 22970 4281
22969 22993 4337
22969 29647 1571
22993 22969 4337
22993 22970 4448
22993 23157 2719
22993 29642 814
23968 23969 497
23968 24022 1864
23968 34878 608
29726 29725 1383
29726 34882 1367
29726 35175 1919
29645 29644 1388
29753 29754 1324
29794 29795 331
29797 29795 251
29799 29800 2840
29799 29801 600
29799 29802 818
29647 22969 1571
29647 29641 8170
23157 22993 2719
23157 34885 3849
23157 35177 778
29642 22993 814
29642 25423 394
29642 35445 2877
23969 23968 497
23969 23983 782
23969 24077 5999
24022 23968 1864
29725 29726 1383
29725 34880 1639
29725 34883 2931
29725 35448 2365
35175 29726 1919
29800 29799 2840
29802 29799 818
29641 29635 383
29641 29636 1003
29641 29647 8170
34885 23157 3849
34885 30603 863
34885 34886 3225
34885 35442 557
35177 23157 778
35177 35178 3787
35177 35179 2534
25423 25422 1044
25423 29642 394
35445 29642 2877
35445 35446 307
23983 23969 782
23983 23982 2285
23983 25792 5217
24077 23969 5999
24077 34317 2536
24077 35134 1260
34880 29725 1639
34880 34879 1042
34883 29725 2931
35448 29725 2365
29635 29633 1217
29635 29641 383
29636 29637 3380
29636 29638 2538
29636 29641 1003
30603 34885 863
30603 35178 3902
30603 35442 778
34886 34885 3225
35442 30603 778
35442 34885 557
35442 35443 1416
35178 30603 3902
35178 35177 3787
35178 35444 3169
35179 35177 2534
25422 25423 1044
25422 25792 1989
25422 34017 5469
25422 35134 1789
35446 34317 1599
35446 35445 307
35446 35447 1263
23982 23983 2285
23982 23986 750
25792 23983 5217
25792 25422 1989
25792 34278 2385
34317 24077 2536
34317 35134 2264
34317 35446 1599
35134 24077 1260
35134 25422 1789
35134 34317 2264
34879 34880 1042
29633 29629 990
29633 29634 240
29633 29635 1217
29637 29636 3380
29638 29636 2538
29638 30559 4624
29638 30559 4624
35443 34017 537
35443 35442 1416
35444 35178 3169
34017 25422 5469
34017 34278 2583
34017 35443 537
35447 35446 1263
23986 23982 750
34278 25792 2385
34278 34017 2583
34278 34279 3564
29629 29630 1779
29629 29633 990
29634 29631 2698
29634 29633 240
30559 29638 4624
30559 29638 4624
30559 30556 2682
34279 34278 3564
29630 29612 10164
29630 29629 1779
29631 29621 4686
29631 29632 1836
29631 29634 2698
30556 30273 8175
30556 30559 2682
29612 29613 7934
29612 29630 10164
29621 29622 2842
29621 29624 2840
29621 29631 4686
29632 29631 1836
30273 30271 941
30273 30274 550
30273 30556 8175
29613 29591 11453
29613 29612 7934
29613 29615 538
29622 29621 2842
29624 29621 2840
30271 30267 4695
30271 30273 941
30274 30273 550
30274 30285 2881
29591 29592 6227
29591 29593 857
29591 29613 11453
29615 29610 5622
29615 29613 538
30267 30234 409
30267 30271 4695
30285 30274 2881
30285 30283 1286
30285 30713 2524
29592 29591 6227
29593 29591 857
29593 34877 3218
29610 29611 707
29610 29614 525
29610 29615 5622
30234 30235 4236
30234 30267 409
30283 30249 2508
30283 30284 3126
30283 30285 1286
30713 30285 2524
30713 35207 846
30713 35208 848
34877 29593 3218
29611 29610 707
29614 29610 525
30235 30229 5419
30235 30234 4236
30235 34297 1686
30249 30250 1205
30249 30276 1106
30249 30279 2844
30249 30283 2508
30284 30283 3126
30284 30300 1530
30284 30301 1944
35207 30713 846
35207 35209 812
35207 35210 744
35208 30713 848
30229 29618 1560
30229 30230 9968
30229 30233 1998
30229 30235 5419
34297 30235 1686
30250 30247 1668
30250 30249 1205
30250 30268 1768
30276 30249 1106
30276 30259 1472
30276 30260 2226
30279 30249 2844
30279 30288 2303
30279 30289 3208
30300 30284 1530
30301 30284 1944
30301 30302 1297
30301 30303 2583
35209 35207 812
35210 35207 744
29618 29619 1965
29618 30229 1560
30230 30229 9968
30233 30229 1998
30247 29451 1350
30247 30248 1166
30247 30250 1668
30268 30250 1768
30268 30269 1157
30268 30270 2290
30259 30248 1102
30259 30276 1472
30259 30277 511
30260 30257 682
30260 30276 2226
30260 30290 1305
30288 30279 2303
30289 30279 3208
30289 30287 1748
30289 30302 1470
30289 30315 1460
30302 30289 1470
30302 30301 1297
30302 30304 623
30302 30305 449
30303 30301 2583
29619 29618 1965
29451 29452 3103
29451 30247 1350
30248 30247 1166
30248 30255 1548
30248 30258 683
30248 30259 1102
30269 30268 1157
30269 35069 2304
30270 30268 2290
30277 30259 511
30257 30253 1620
30257 30260 682
30257 30278 556
30290 30260 1305
30290 30291 1301
30287 30280 5084
30287 30289 1748
30287 30313 206
30315 30289 1460
30315 30317 4785
30304 30302 623
30304 30308 133
30305 30302 449
30305 30306 1724
29452 29451 3103
29452 35124 258
29452 35168 1107
30255 30248 1548
30255 30253 868
30255 30256 1092
30258 30248 683
35069 30269 2304
30253 30251 598
30253 30255 868
30253 30257 1620
30278 30257 556
30291 30290 1301
30291 30292 2758
30291 30293 4586
30280 30281 827
30280 30286 5233
30280 30287 5084
30313 30286 1011
30313 30287 206
30313 30314 1986
30317 30315 4785
30317 30576 530
30317 30577 809
30308 30304 133
30308 30309 424
30306 30305 1724
30306 30307 469
30306 30563 952
35124 29452 258
35124 35125 1114
35124 35126 1469
35168 29452 1107
35168 35056 2095
30256 30255 1092
30251 30252 257
30251 30253 598
30251 30254 1684
30292 30263 2301
30292 30291 2758
30292 30296 3393
30293 30291 4586
30293 30294 1562
30281 30280 827
30286 30280 5233
30286 30313 1011
30314 30313 1986
30576 30317 530
30577 30317 809
30309 30308 424
30307 30306 469
30563 30306 952
35125 35124 1114
35126 35124 1469
35056 35168 2095
30252 30251 257
30254 30251 1684
30263 30292 2301
30296 30292 3393
30296 30294 1841
30294 30293 1562
30294 30296 1841
37
29743
29703
29704
34878
23968
23969
24022
23983
24077
34880
30603
35442
35178
23982
25792
34317
35134
34879
35443
35444
34017
23986
34278
34279
30290
30291
30292
30293
30286
30314
30577
30309
35125
35056
30263
30296
30294
