498
79105 79106 483
79106 79105 483
79106 79107 9111
79106 79162 238
79107 79106 9111
79107 79108 1637
79107 79118 1136
79162 79106 238
79162 79163 1059
79162 90903 2534
79108 79107 1637
79118 79107 1136
79118 79119 1737
79118 79120 2243
79163 79162 1059
79163 79164 1785
79163 80423 825
90903 79162 2534
79119 79118 1737
79120 79118 2243
79120 79121 754
79120 79168 2350
79164 79163 1785
79164 79165 807
79164 79169 1919
79164 90901 1277
80423 79163 825
80423 80424 811
80423 80425 1152
79121 79120 754
79121 79122 799
79168 79120 2350
79168 79165 4293
79168 79166 3260
79165 79164 807
79165 79166 1184
79165 79168 4293
79169 79164 1919
79169 79170 962
79169 79172 1907
90901 79164 1277
90901 90892 2348
90901 90902 537
80424 80423 811
80424 80425 833
80424 90892 2092
80424 90893 416
80425 80423 1152
80425 80424 833
80425 90892 1902
79122 79121 799
79122 79123 888
79166 79165 1184
79166 79167 682
79166 79168 3260
79170 79169 962
79170 79171 1654
79170 79171 1654
79172 79169 1907
79172 79171 601
79172 79173 499
90892 80424 2092
90892 80425 1902
90892 90901 2348
90902 90901 537
90893 80424 416
79123 79122 888
79123 79124 852
79167 79166 682
79171 79170 1654
79171 79170 1654
79171 79172 601
79173 79172 499
79173 79174 1930
79173 90899 202
79124 79123 852
79124 79125 1063
79124 79174 2566
79174 79124 2566
79174 79173 1930
79174 79178 1091
90899 79173 202
90899 79180 897
90899 90900 2477
79125 79124 1063
79125 79126 992
79125 79178 2351
79178 79125 2351
79178 79174 1091
79178 79179 945
79178 79180 1754
79180 79176 623
79180 79178 1754
79180 90899 897
90900 90899 2477
79126 79116 1334
79126 79125 992
79179 79178 945
79179 79940 1267
79176 79177 320
79176 79180 623
79176 90896 1271
79116 79117 514
79116 79126 1334
79116 79940 1973
79940 79116 1973
79940 79179 1267
79940 79939 1546
79177 79176 320
79177 79939 1239
90896 79176 1271
90896 90897 1340
90896 90898 434
79117 79116 514
79117 79175 1810
79939 79177 1239
79939 79186 1906
79939 79940 1546
90897 90896 1340
90898 90896 434
79175 79117 1810
79175 79158 688
79175 79181 1291
79186 79184 1312
79186 79187 5633
79186 79939 1906
79158 79159 1427
79158 79175 688
79181 79175 1291
79181 79185 157
79184 79185 176
79184 79186 1312
79187 79186 5633
79187 79188 893
79187 79195 1017
79159 79158 1427
79159 79160 2099
79185 79181 157
79185 79184 176
79188 79187 893
79188 79189 672
79188 79193 1361
79195 79187 1017
79195 79196 3069
79195 79210 2002
79160 79159 2099
79160 79161 1279
79189 79188 672
79189 79190 1445
79193 79188 1361
79193 79194 855
79196 79195 3069
79196 79197 1614
79196 79207 1225
79210 79195 2002
79210 79205 2893
79210 79211 1544
79161 79160 1279
79190 79189 1445
79190 79191 3419
79194 79193 855
79197 79182 4673
79197 79196 1614
79197 79213 1334
79207 79196 1225
79207 79208 2779
79207 79209 687
79205 79204 1625
79205 79206 3445
79205 79210 2893
79211 79210 1544
79191 79190 3419
79191 79192 727
79182 79183 2909
79182 79197 4673
79182 79219 1361
79213 79197 1334
79213 79214 2667
79213 79215 2383
79208 79204 1111
79208 79207 2779
79208 79212 1276
79209 79207 687
79204 79201 2589
79204 79205 1625
79204 79208 1111
79206 79202 1710
79206 79205 3445
79206 90895 832
79192 79191 727
79183 79182 2909
79183 79223 453
79219 79182 1361
79219 79222 3420
79219 79700 1361
79214 79213 2667
79214 79216 1334
79215 79213 2383
79215 79218 976
79215 79220 2026
79212 79208 1276
79201 79200 1197
79201 79202 4045
79201 79204 2589
79202 79199 2025
79202 79201 4045
79202 79206 1710
90895 79206 832
79223 79183 453
79222 79219 3420
79222 79221 1610
79222 79700 3303
79700 79219 1361
79700 79222 3303
79700 79703 2707
79700 79707 764
79216 79214 1334
79216 79217 1962
79216 79684 559
79218 79215 976
79218 79217 3049
79220 79215 2026
79220 79221 1505
79220 79699 939
79200 79198 1009
79200 79201 1197
79199 79198 2731
79199 79202 2025
79199 79203 1091
79221 79220 1505
79221 79222 1610
79221 79693 1334
79703 79700 2707
79703 79702 404
79703 80436 531
79707 79700 764
79707 79708 3262
79707 84889 2058
79217 79216 1962
79217 79218 3049
79217 79693 1529
79684 79216 559
79684 79683 1208
79684 79685 3312
79699 79220 939
79198 79199 2731
79198 79200 1009
79198 84824 2825
79203 79199 1091
79693 79217 1529
79693 79221 1334
79693 79692 678
79702 79703 404
79702 79704 3076
79702 79719 2575
80436 79703 531
80436 79708 1364
80436 84889 319
79708 79707 3262
79708 79709 2017
79708 80436 1364
84889 79707 2058
84889 80436 319
84889 84890 634
79683 79682 559
79683 79684 1208
79683 79694 1232
79685 79684 3312
79685 79686 3002
84824 79198 2825
84824 79686 2120
84824 85729 1116
79692 79679 951
79692 79693 678
79692 79701 3490
79704 79701 1396
79704 79702 3076
79704 79716 608
79719 79702 2575
79719 79710 1085
79719 79730 1743
79709 79705 3593
79709 79708 2017
79709 79729 604
84890 84889 634
84890 84891 823
84890 84892 718
79682 79683 559
79682 79687 3793
79682 79695 699
79694 79683 1232
79686 79685 3002
79686 79687 1824
79686 84824 2120
85729 84824 1116
85729 85730 784
85729 90904 2041
79679 79678 3726
79679 79680 753
79679 79692 951
79701 79678 1344
79701 79692 3490
79701 79704 1396
79716 79704 608
79716 79717 2751
79716 79717 2751
79710 79644 2301
79710 79711 896
79710 79719 1085
79730 79719 1743
79730 79729 1778
79730 79731 1699
79705 79706 209
79705 79709 3593
79705 79751 2088
79729 79709 604
79729 79728 678
79729 79730 1778
84891 84890 823
84892 84890 718
79687 79682 3793
79687 79686 1824
79687 79698 2468
79695 79680 1665
79695 79682 699
79695 79698 2556
85730 85729 784
85730 85731 3481
90904 85729 2041
79678 79677 1592
79678 79679 3726
79678 79701 1344
79680 79679 753
79680 79681 2795
79680 79695 1665
79717 79715 1140
79717 79716 2751
79717 79716 2751
79644 79621 2114
79644 79643 3639
79644 79645 3176
79644 79710 2301
79711 79710 896
79711 79712 4509
79711 79718 4901
79731 79730 1699
79706 79705 209
79751 79705 2088
79751 79727 453
79751 79728 2793
79728 79727 2561
79728 79729 678
79728 79751 2793
79698 79687 2468
79698 79691 1159
79698 79695 2556
85731 85730 3481
79677 79678 1592
79677 79681 2165
79677 79696 512
79681 79677 2165
79681 79680 2795
79681 79697 333
79715 79696 1685
79715 79714 1709
79715 79717 1140
79621 79620 2861
79621 79623 1418
79621 79644 2114
79643 79642 1118
79643 79644 3639
79643 79723 2266
79645 79644 3176
79645 79646 1055
79645 79713 1269
79712 79711 4509
79712 79713 687
79712 79718 1505
79718 79711 4901
79718 79712 1505
79718 79714 1059
79727 79725 1276
79727 79728 2561
79727 79751 453
79691 79115 3063
79691 79690 1435
79691 79698 1159
79696 79677 512
79696 79690 2236
79696 79715 1685
79697 79681 333
79714 79673 1484
79714 79715 1709
79714 79718 1059
79620 79621 2861
79620 79622 1699
79620 79721 2339
79623 79621 1418
79623 79622 2037
79623 79726 1580
79642 79643 1118
79642 79658 1484
79642 79668 5922
79723 79643 2266
79723 79724 3723
79723 79739 3053
79646 79645 1055
79646 79647 772
79646 79648 1394
79713 79645 1269
79713 79650 656
79713 79712 687
79725 79726 1334
79725 79727 1276
79725 79748 1000
79115 79114 5441
79115 79691 3063
79690 79674 3915
79690 79691 1435
79690 79696 2236
79673 79651 3321
79673 79674 254
79673 79714 1484
79622 79620 1699
79622 79623 2037
79622 79721 1631
79721 79620 2339
79721 79622 1631
79721 79722 1412
79726 79623 1580
79726 79725 1334
79726 79735 1102
79658 79642 1484
79658 79657 1014
79658 79669 5116
79668 79642 5922
79668 79667 1032
79668 79669 1078
79724 79722 2037
79724 79723 3723
79724 79737 1159
79739 79667 675
79739 79723 3053
79739 79740 1171
79647 79646 772
79648 79646 1394
79648 79649 959
79648 79650 1206
79650 79648 1206
79650 79651 1140
79650 79713 656
79748 79720 1556
79748 79725 1000
79748 79749 1186
79114 79113 985
79114 79115 5441
79114 79674 1903
79674 79114 1903
79674 79673 254
79674 79690 3915
79651 79650 1140
79651 79652 2481
79651 79673 3321
79722 79721 1412
79722 79724 2037
79722 79736 419
79735 79726 1102
79735 79734 3251
79735 79750 1004
79657 79656 1565
79657 79658 1014
79657 79670 4118
79669 79658 5116
79669 79668 1078
79669 79670 1110
79667 79665 1956
79667 79668 1032
79667 79739 675
79737 79724 1159
79737 79732 699
79737 79741 985
79740 79739 1171
79740 79741 3254
79649 79648 959
79720 79748 1556
79749 79748 1186
79113 79114 985
79652 79651 2481
79736 79722 419
79734 79735 3251
79750 79735 1004
79656 79657 1565
79670 79657 4118
79670 79669 1110
79665 79667 1956
79732 79737 699
79741 79737 985
79741 79740 3254
200
79105
79106
79107
79162
79108
79118
79163
90903
79119
79120
79164
80423
79121
79168
79165
79169
90901
80424
80425
79122
79166
79170
79172
90892
90902
90893
79123
79167
79171
79173
79124
79174
90899
79125
79178
79180
90900
79126
79179
79176
79116
79940
79177
90896
79117
79939
90897
90898
79175
79186
79158
79181
79184
79187
79159
79185
79188
79195
79160
79189
79193
79196
79210
79161
79190
79194
79197
79207
79205
79211
79191
79182
79213
79208
79209
79204
79206
79192
79183
79219
79214
79215
79212
79201
79202
90895
79223
79222
79700
79216
79218
79220
79200
79199
79221
79703
79707
79217
79684
79699
79198
79203
79693
79702
80436
79708
84889
79683
79685
84824
79692
79704
79719
79709
84890
79682
79694
79686
85729
79679
79701
79716
79710
79730
79705
79729
84891
84892
79687
79695
85730
90904
79678
79680
79717
79644
79711
79731
79706
79751
79728
79698
85731
79677
79681
79715
79621
79643
79645
79712
79718
79727
79691
79696
79697
79714
79620
79623
79642
79723
79646
79713
79725
79115
79690
79673
79622
79721
79726
79658
79668
79724
79739
79647
79648
79650
79748
79114
79674
79651
79722
79735
79657
79669
79667
79737
79740
79649
79720
79749
79113
79652
79736
79734
79750
79656
79670
79665
79732
79741
