24
17698 17701 1139
17701 17698 1139
17838 17857 2203
17857 17838 2203
17937 17938 2718
17938 17937 2718
17944 17945 344
17945 17944 344
17947 17948 1730
17948 17947 1730
17964 17965 696
18730 18732 818
18732 18730 818
18738 18739 373
18739 18738 373
18762 20325 696
17961 17965 1222
17965 17961 1222
17965 17964 696
18517 18528 336
18528 18517 336
8894 8893 865
8893 8894 865
20325 18762 696
35
17476
17477
17649
17703
17698
17701
9126
17846
17839
17838
17857
17937
17938
17944
17951
17945
17947
17948
17964
18730
18732
18738
18739
18762
17912
17961
18118
18524
18289
18516
18553
18554
8894
8893
20325
