468
238302 238303 1736
238302 238306 3308
238302 238307 6551
238303 238302 1736
238303 238304 11025
238306 238302 3308
238306 238305 3990
238306 263094 5180
238307 238302 6551
238307 243411 894
238304 238303 11025
238304 238308 3410
238304 238309 3355
238305 238306 3990
238305 238309 1409
238305 238315 3609
263094 238306 5180
243411 238307 894
238308 238304 3410
238308 263093 2857
238309 238304 3355
238309 238305 1409
238309 238310 2666
238315 238305 3609
238315 238316 6818
238315 238318 7376
263093 238308 2857
238310 238309 2666
238310 238311 2561
238310 238312 1210
238316 238315 6818
238318 238314 4970
238318 238315 7376
238318 238317 1334
238311 238310 2561
238312 238310 1210
238314 238313 2072
238314 238318 4970
238317 238313 4308
238317 238318 1334
238317 238324 4753
238313 238314 2072
238313 238317 4308
238313 238320 4137
238324 238317 4753
238324 238320 11633
238324 238327 7123
238320 238313 4137
238320 238319 3032
238320 238324 11633
238327 238324 7123
238327 238325 1892
238327 254910 1867
238319 238320 3032
238325 238326 5663
238325 238327 1892
238325 238328 4137
254910 238327 1867
254910 254911 627
238326 238325 5663
238326 238328 4005
238328 238325 4137
238328 238326 4005
254911 254910 627
254911 254912 10866
254911 254913 963
254912 254911 10866
254912 254921 12243
254912 254932 3081
254913 254911 963
254913 263088 6038
254913 263092 2499
254921 254907 1519
254921 254912 12243
254921 263088 2915
254932 254912 3081
254932 254933 693
263088 254913 6038
263088 254921 2915
263088 263089 1385
263092 254913 2499
254907 254908 6420
254907 254921 1519
254907 254922 6730
254933 254916 1806
254933 254932 693
254933 254934 10388
254933 254935 1123
263089 263088 1385
254908 254907 6420
254908 261069 2087
254908 263091 1746
254922 254907 6730
254922 254923 577
254922 254926 495
254916 254915 5956
254916 254933 1806
254916 254937 1160
254934 254933 10388
254934 254971 484
254935 254930 3764
254935 254933 1123
261069 254908 2087
261069 261070 626
263091 254908 1746
254923 254922 577
254923 254926 486
254923 254930 4047
254926 254922 495
254926 254923 486
254926 254927 4802
254915 254916 5956
254937 254916 1160
254937 254936 2718
254971 254934 484
254971 254972 461
254930 254923 4047
254930 254935 3764
254930 254938 1871
261070 247320 4475
261070 261069 626
254927 254924 2096
254927 254926 4802
254927 263213 1035
254936 254920 2993
254936 254937 2718
254972 254971 461
254972 254973 972
254938 254930 1871
254938 254931 1777
254938 263212 2357
247320 247321 1612
247320 254906 4442
247320 261070 4475
254924 254925 3696
254924 254927 2096
254924 254928 3518
263213 254927 1035
254920 254919 1208
254920 254936 2993
254973 254972 972
254973 254976 3856
254931 254929 7831
254931 254938 1777
254931 254939 744
263212 254938 2357
247321 247320 1612
254906 247320 4442
254906 254909 2224
254925 254924 3696
254925 254942 8755
254928 254924 3518
254928 254929 3810
254928 254967 3198
254919 254917 764
254919 254920 1208
254976 254973 3856
254976 255206 4384
254976 255207 3960
254929 254928 3810
254929 254931 7831
254929 254969 3051
254939 254931 744
254909 254906 2224
254909 263214 2666
254942 254925 8755
254942 254940 748
254942 254945 1683
254967 254928 3198
254967 254968 2955
254967 254969 4105
254917 254918 4912
254917 254919 764
255206 254976 4384
255206 255198 3896
255206 255210 2975
255207 254976 3960
255207 255213 1170
255207 255215 1333
254969 254929 3051
254969 254967 4105
254969 254970 832
263214 254909 2666
263214 254945 978
254940 254941 604
254940 254942 748
254945 254942 1683
254945 263214 978
254968 254967 2955
254918 254917 4912
255198 255196 1574
255198 255199 697
255198 255206 3896
255210 255206 2975
255210 255212 892
255210 255217 1697
255213 255207 1170
255213 255208 843
255213 255253 1292
255215 255207 1333
255215 255214 888
254970 254969 832
254970 264332 1523
254970 264333 1175
254941 254940 604
254941 254943 1880
254941 254944 4775
255196 255193 1245
255196 255197 1483
255196 255198 1574
255199 255198 697
255199 255200 2054
255199 255223 988
255212 255208 215
255212 255210 892
255212 255211 1044
255217 255210 1697
255217 255216 1355
255217 255218 1326
255208 255209 910
255208 255212 215
255208 255213 843
255253 255213 1292
255214 255215 888
255214 255255 939
255214 255256 5117
264332 254970 1523
264333 254970 1175
254943 254941 1880
254943 254946 1476
254944 254941 4775
254944 254949 347
255193 255183 4428
255193 255192 4001
255193 255196 1245
255197 255196 1483
255197 255201 1934
255197 255205 1831
255200 255199 2054
255200 255224 1136
255200 255226 716
255223 255199 988
255223 255224 1968
255223 255225 1238
255211 255212 1044
255211 255218 912
255211 255219 2613
255211 255254 1275
255216 255217 1355
255218 255211 912
255218 255217 1326
255218 255220 2240
255209 255208 910
255255 255214 939
255255 255257 406
255256 255214 5117
255256 255284 740
255256 255292 782
254946 254943 1476
254946 254947 1154
254946 254948 897
254949 254944 347
254949 254952 7769
255183 255182 4687
255183 255184 922
255183 255193 4428
255192 254974 3191
255192 254974 3191
255192 255193 4001
255201 255194 1324
255201 255197 1934
255201 255202 252
255205 255197 1831
255224 255200 1136
255224 255223 1968
255224 255225 2120
255226 255200 716
255225 255223 1238
255225 255224 2120
255219 255211 2613
255219 255259 208
255219 255261 2716
255219 255262 664
255254 255211 1275
255254 264192 286
255254 264193 529
255220 255218 2240
255220 255221 544
255220 255222 2166
255220 255259 1176
255257 255255 406
255257 255258 678
255284 255256 740
255284 255262 1617
255284 255283 1247
255292 255256 782
255292 255283 893
255292 255293 1432
255292 255295 1024
254947 254946 1154
254948 254946 897
254952 254949 7769
254952 254953 3115
255182 255183 4687
255184 255183 922
254974 254975 2372
254974 255192 3191
254974 255192 3191
255194 255188 2960
255194 255195 1320
255194 255201 1324
255202 255201 252
255202 255203 2324
255202 255204 2146
255259 255219 208
255259 255220 1176
255259 255260 2095
255261 255219 2716
255261 255260 736
255261 255282 840
255261 255283 426
255262 255219 664
255262 255284 1617
255262 262475 443
264192 255254 286
264193 255254 529
255221 255220 544
255221 255354 233
255222 255220 2166
255222 255280 526
255222 255281 786
255258 255257 678
255283 255261 426
255283 255284 1247
255283 255292 893
255293 255282 1266
255293 255292 1432
255293 255294 983
255293 255299 1577
255295 255292 1024
255295 255294 1402
254953 254952 3115
254953 254954 966
254975 254974 2372
255188 255187 3224
255188 255189 881
255188 255194 2960
255195 255189 2934
255195 255194 1320
255195 255231 1163
255203 255202 2324
255203 255233 697
255203 255238 2329
255204 255202 2146
255260 255259 2095
255260 255261 736
255260 255281 199
255282 255261 840
255282 255285 1510
255282 255293 1266
262475 255262 443
255354 255221 233
255354 255230 4680
255280 255222 526
255280 255281 769
255281 255222 786
255281 255260 199
255281 255280 769
255294 255293 983
255294 255295 1402
255294 255296 1187
255299 255289 708
255299 255293 1577
255299 255300 1037
255299 255303 987
254954 254950 1102
254954 254953 966
255187 255185 2163
255187 255188 3224
255187 262666 1238
255189 255188 881
255189 255190 2511
255189 255195 2934
255231 255195 1163
255231 255232 2246
255231 255233 1557
255233 255203 697
255233 255231 1557
255233 255234 937
255238 255203 2329
255238 255239 1000
255238 255243 315
255285 255282 1510
255285 255288 1797
255285 255289 1060
255230 255228 3332
255230 255354 4680
255296 255294 1187
255296 255303 144
255289 255285 1060
255289 255288 1613
255289 255299 708
255300 255290 2300
255300 255299 1037
255300 255301 352
255303 255296 144
255303 255299 987
255303 255304 1525
254950 254951 2054
254950 254954 1102
254950 254977 6500
255185 255186 3274
255185 255187 2163
255185 261147 4305
262666 255187 1238
255190 255189 2511
255190 255191 2228
255190 255232 1738
255190 258686 3110
255232 255190 1738
255232 255231 2246
255234 255233 937
255234 255235 1329
255234 255240 1241
255239 255238 1000
255239 255240 1044
255239 255242 943
255243 255227 1087
255243 255238 315
255243 262002 831
255288 255285 1797
255288 255286 1378
255288 255289 1613
255228 255227 874
255228 255230 3332
255228 261545 3474
255290 255287 694
255290 255291 727
255290 255300 2300
255301 255300 352
255301 255302 1888
255301 255304 983
255304 255301 983
255304 255302 1724
255304 255303 1525
254951 254950 2054
254951 254955 1029
254977 254950 6500
255186 255185 3274
261147 255185 4305
255191 255190 2228
258686 255190 3110
255235 255234 1329
255240 255234 1241
255240 255239 1044
255242 255239 943
255227 255228 874
255227 255243 1087
262002 255243 831
255286 255287 799
255286 255288 1378
261545 255228 3474
255287 255286 799
255287 255290 694
255291 255290 727
255302 255301 1888
255302 255304 1724
254955 254951 1029
27
238308
263093
238314
238313
238320
238319
254917
254918
255258
255294
255296
255303
255304
254951
254977
261147
255191
258686
255235
255240
255242
255227
255286
255287
255291
255302
254955
