44
210585 210594 751
210585 210693 1963
210594 210585 751
210594 210592 1595
210594 210597 815
210693 210585 1963
210693 210684 805
210592 210594 1595
210592 210596 867
210597 210594 815
210597 210596 1312
210597 210599 817
210684 210693 805
210596 210592 867
210596 210593 434
210596 210597 1312
210599 210597 817
210599 210598 1129
210599 210659 294
210593 210596 434
210593 210598 328
210598 210593 328
210598 210595 602
210598 210599 1129
210659 210599 294
210659 210657 376
210595 210598 602
210595 210655 353
210657 210655 573
210657 210659 376
210657 210662 434
210655 210595 353
210655 210657 573
210655 210658 580
210662 210656 474
210662 210657 434
210662 210658 257
210658 210655 580
210658 210656 443
210658 210662 257
210656 210658 443
210656 210662 474
210656 210663 688
210663 210656 688
18
210585
210594
210693
210592
210597
210684
210596
210599
210593
210598
210659
210595
210657
210655
210662
210658
210656
210663
