596
134191 134192 957
134191 134196 312
134191 135237 629
134192 134191 957
134192 134196 951
134192 135262 238
134192 135279 2230
134196 134191 312
134196 134192 951
134196 135260 1885
135237 134191 629
135237 135231 672
135237 135235 2017
135237 135257 796
135262 134192 238
135262 135252 2309
135262 135258 202
135262 135263 672
135279 134192 2230
135279 135248 279
135279 135252 139
135260 134196 1885
135260 135248 202
135260 135261 279
135231 135224 1426
135231 135237 672
135231 135255 893
135235 135232 605
135235 135234 2226
135235 135236 279
135235 135237 2017
135257 135237 796
135257 135255 650
135257 135258 1085
135252 135247 1993
135252 135262 2309
135252 135279 139
135252 135280 810
135258 135256 139
135258 135257 1085
135258 135262 202
135258 135272 1818
135263 135262 672
135263 135264 344
135263 135266 1085
135248 135246 1867
135248 135260 202
135248 135279 279
135261 135238 202
135261 135260 279
135224 134211 202
135224 135230 202
135224 135231 1426
135255 135231 893
135255 135257 650
135232 135230 476
135232 135233 2004
135232 135235 605
135234 135233 789
135234 135235 2226
135234 135236 2340
135234 135239 1979
135236 135234 2340
135236 135235 279
135236 135238 276
135247 135246 605
135247 135249 1494
135247 135251 551
135247 135252 1993
135280 135252 810
135280 135253 951
135280 135281 873
135280 135282 1224
135256 135229 1918
135256 135258 139
135256 135259 279
135256 135272 1811
135272 135256 1811
135272 135258 1818
135272 135266 139
135272 135271 1029
135272 135291 650
135264 135263 344
135264 135265 1342
135264 135281 1140
135266 135263 1085
135266 135265 537
135266 135272 139
135266 135290 673
135246 135244 1398
135246 135247 605
135246 135248 1867
135238 135236 276
135238 135261 202
134211 134205 402
134211 135224 202
134211 135229 2429
135230 135223 2028
135230 135224 202
135230 135232 476
135233 135223 1103
135233 135228 2044
135233 135232 2004
135233 135234 789
135239 135170 2322
135239 135228 983
135239 135234 1979
135239 135240 827
135249 135244 827
135249 135245 1494
135249 135247 1494
135249 135250 537
135251 135247 551
135251 135250 1357
135251 135253 1299
135251 135254 878
135253 135251 1299
135253 135280 951
135253 135286 1029
135281 135264 1140
135281 135280 873
135281 135283 1085
135282 135280 1224
135282 135283 878
135282 135285 884
135282 135286 1014
135282 135287 889
135282 135289 1903
135229 134211 2429
135229 135256 1918
135259 135256 279
135271 135268 1026
135271 135270 889
135271 135272 1029
135271 135273 751
135291 135272 650
135291 135273 650
135291 135290 336
135291 135292 1946
135265 135264 1342
135265 135266 537
135265 135283 889
135265 135284 605
135290 135266 673
135290 135284 612
135290 135291 336
135290 135293 2016
135244 135243 1394
135244 135246 1398
135244 135249 827
134205 134204 581
134205 134211 402
134205 139593 2594
135223 135221 2002
135223 135222 1979
135223 135230 2028
135223 135233 1103
135228 135222 905
135228 135227 796
135228 135233 2044
135228 135239 983
135170 135162 870
135170 135166 1085
135170 135206 827
135170 135239 2322
135240 135206 2322
135240 135239 827
135240 135242 168
135245 135243 599
135245 135249 1494
135245 135303 650
135245 135307 629
135250 135249 537
135250 135251 1357
135250 135308 927
135254 135251 878
135254 135286 1631
135254 135309 1810
135286 135253 1029
135286 135254 1631
135286 135282 1014
135286 135287 537
135283 135265 889
135283 135281 1085
135283 135282 878
135283 135285 474
135285 135282 884
135285 135283 474
135285 135284 788
135287 135282 889
135287 135286 537
135287 135288 1502
135287 135336 836
135289 135282 1903
135289 135288 924
135289 135340 2218
135289 135343 947
135268 135267 878
135268 135269 1613
135268 135271 1026
135270 135271 889
135273 135269 1031
135273 135271 751
135273 135291 650
135273 135294 1977
135292 135291 1946
135292 135293 403
135292 135294 373
135292 135296 1008
135284 135265 605
135284 135285 788
135284 135290 612
135293 135290 2016
135293 135292 403
135293 135295 2103
135293 135343 1560
135243 135242 354
135243 135244 1394
135243 135245 599
135243 135301 697
134204 134205 581
134204 188290 1241
139593 134205 2594
135221 135222 682
135221 135223 2002
135221 135225 796
135222 135221 682
135222 135223 1979
135222 135226 688
135222 135228 905
135227 135162 1458
135227 135226 870
135227 135228 796
135162 135159 1225
135162 135160 1026
135162 135170 870
135162 135227 1458
135166 135161 751
135166 135165 667
135166 135169 599
135166 135170 1085
135206 135169 1248
135206 135170 827
135206 135240 2322
135206 135241 551
135242 135240 168
135242 135243 354
135303 135245 650
135303 135301 517
135307 135245 629
135307 135304 905
135307 135308 747
135307 135310 976
135308 135250 927
135308 135307 747
135308 135309 1066
135309 135254 1810
135309 135308 1066
135309 135310 848
135288 135287 1502
135288 135289 924
135288 135337 747
135288 135339 2414
135336 135287 836
135336 135312 873
135336 135337 1353
135340 135289 2218
135340 135339 747
135340 135348 788
135340 135359 2579
135343 135289 947
135343 135293 1560
135343 139634 933
135267 135268 878
135267 188339 1222
135269 135268 1613
135269 135273 1031
135269 135276 747
135269 135277 1977
135294 135273 1977
135294 135277 1031
135294 135292 373
135294 135297 2158
135296 135292 1008
135296 135344 1353
135295 135293 2103
135295 135344 475
135295 135347 697
135295 135351 677
135301 135243 697
135301 135300 1715
135301 135303 517
188290 134204 1241
188290 188291 418
135225 135221 796
135225 135226 709
135226 135160 1636
135226 135222 688
135226 135225 709
135226 135227 870
135159 135161 517
135159 135162 1225
135160 135162 1026
135160 135226 1636
135161 135159 517
135161 135164 951
135161 135166 751
135165 135164 650
135165 135166 667
135165 135168 277
135169 135166 599
135169 135206 1248
135241 135206 551
135241 135299 252
135304 135305 1631
135304 135307 905
135304 135310 511
135310 135304 511
135310 135307 976
135310 135309 848
135310 135311 2133
135337 135288 747
135337 135336 1353
135337 135338 788
135337 135341 878
135339 135288 2414
135339 135340 747
135339 135353 1161
135339 135360 3079
135312 135313 878
135312 135336 873
135312 135338 1079
135348 135340 788
135348 135347 788
135348 135349 2505
135359 135340 2579
135359 135349 836
135359 135363 551
139634 135343 933
188339 135267 1222
188339 188340 641
135276 135269 747
135276 135275 354
135276 135278 1702
135277 135269 1977
135277 135278 810
135277 135294 1031
135277 135298 1853
135297 135294 2158
135297 135298 788
135297 135344 403
135297 135345 551
135344 135295 475
135344 135296 1353
135344 135297 403
135344 135346 2378
135347 135295 697
135347 135348 788
135347 135350 2528
135351 135295 677
135351 135352 2231
135300 135214 1715
135300 135299 435
135300 135301 1715
135300 135302 1802
188291 188290 418
188291 188294 293
188291 188305 298
188291 188334 183
188291 188335 752
135164 135161 951
135164 135165 650
135164 135167 208
135168 135165 277
135168 135199 674
135299 135241 252
135299 135300 435
135305 135302 715
135305 135304 1631
135305 135306 1613
135311 135310 2133
135311 135313 1073
135311 135315 238
135311 135327 751
135338 135312 1079
135338 135314 848
135338 135337 788
135338 135342 2103
135341 135337 878
135353 135339 1161
135353 135342 747
135353 135354 3238
135360 135339 3079
135360 135354 848
135360 135363 848
135360 135563 1628
135313 135311 1073
135313 135312 878
135313 135314 551
135349 135348 2505
135349 135350 650
135349 135359 836
135349 135362 677
135363 135359 551
135363 135360 848
135363 135362 884
135363 135565 1628
188340 188339 641
188340 188341 593
188340 188346 1547
188340 188348 745
188340 188352 1200
135275 135274 344
135275 135276 354
135278 135276 1702
135278 135277 810
135278 136637 2053
135298 135277 1853
135298 135297 788
135298 136637 788
135298 136640 1829
135345 135297 551
135345 136643 2231
135346 135344 2378
135346 136647 951
135350 135347 2528
135350 135349 650
135350 135352 905
135350 135361 738
135352 135350 905
135352 135351 2231
135352 136648 605
135214 135212 1810
135214 135216 1612
135214 135300 1715
135302 135300 1802
135302 135305 715
135302 135317 846
135302 135320 323
188294 188291 293
188294 188293 2566
188294 188305 220
188305 188291 298
188305 188294 220
188305 188303 269
188305 188304 2422
188305 188317 2675
188334 188291 183
188334 188303 280
188335 188291 752
188335 188302 180
188335 188336 1066
188335 188337 410
135167 135164 208
135167 135199 543
135199 135167 543
135199 135168 674
135199 135204 1364
135306 135305 1613
135306 135322 713
135306 135323 1259
135315 135311 238
135315 135314 788
135315 135316 2231
135327 135311 751
135327 135325 873
135327 135328 1957
135314 135313 551
135314 135315 788
135314 135338 848
135342 135338 2103
135342 135353 747
135342 135355 3166
135342 135356 788
135354 135353 3238
135354 135355 713
135354 135360 848
135563 135360 1628
135563 135565 848
135563 135566 650
135563 135569 2908
135362 135349 677
135362 135361 747
135362 135363 884
135362 135364 1628
135565 135363 1628
135565 135364 884
135565 135563 848
135565 135570 2964
188341 188340 593
188341 188342 1045
188341 188344 876
188346 188340 1547
188346 188345 1540
188346 188353 762
188346 188362 2401
188346 190781 2565
188348 188340 745
188352 188340 1200
135274 135275 344
136637 135278 2053
136637 135298 788
136637 136641 336
136637 136642 1885
136640 135298 1829
136640 136644 1008
136643 135345 2231
136643 136644 884
136643 136649 751
136647 135346 951
136647 136648 336
136647 136649 373
136647 136653 1613
135361 135350 738
135361 135362 747
135361 136648 818
136648 135352 605
136648 135361 818
136648 136647 336
136648 136655 1482
135212 135205 336
135212 135213 983
135212 135214 1810
135212 135218 2148
135216 135214 1612
135216 135217 1135
135216 135317 788
135317 135216 788
135317 135302 846
135320 135302 323
188293 188294 2566
188293 188317 183
188303 188305 269
188303 188334 280
188304 188305 2422
188304 188317 1175
188317 188293 183
188317 188304 1175
188317 188305 2675
188302 188335 180
188302 188337 492
188336 188335 1066
188336 188337 672
188337 188302 492
188337 188335 410
188337 188336 672
135204 135199 1364
135204 135205 1417
135322 135306 713
135323 135306 1259
135316 135315 2231
135316 135328 747
135316 135356 788
135325 135327 873
135328 135316 747
135328 135327 1957
135355 135342 3166
135355 135354 713
135356 135316 788
135356 135342 788
135566 135563 650
135569 135563 2908
135569 135570 951
135364 135362 1628
135364 135565 884
135364 136655 1631
135570 135565 2964
135570 135569 951
188342 188341 1045
188344 188341 876
188345 188346 1540
188353 188346 762
188362 188346 2401
188362 190781 164
190781 188346 2565
190781 188362 164
136641 136637 336
136642 136637 1885
136644 136640 1008
136644 136643 884
136649 136643 751
136649 136647 373
136653 136647 1613
136653 136655 373
136655 135364 1631
136655 136648 1482
136655 136653 373
135205 135204 1417
135205 135212 336
135213 135212 983
135213 135217 685
135213 135218 1768
135218 135212 2148
135218 135213 1768
135217 135213 685
135217 135216 1135
61
135224
134211
135230
135229
134205
135223
134204
139593
135221
135222
188290
135225
135226
135159
135160
135161
188291
135164
188294
188305
188334
188335
135167
135199
135216
135317
135320
188293
188303
188304
188317
188302
188336
188337
135204
135322
135323
135316
135325
135328
135355
135356
135566
135569
135364
135570
188342
188344
188345
188353
190781
136641
136642
136644
136649
136653
136655
135205
135213
135218
135217
