30
180700 180710 1663
180700 180753 2855
180710 180700 1663
180710 180709 884
180710 180737 1116
180753 180700 2855
180753 180751 818
180753 185579 435
180709 180708 589
180709 180710 884
180709 180740 878
180737 180710 1116
180737 180738 2533
180737 180739 915
180751 180753 818
185579 180753 435
180708 180707 688
180708 180709 589
180740 180709 878
180738 180737 2533
180739 180737 915
180707 180704 672
180707 180708 688
180707 185386 658
180704 180705 599
180704 180706 238
180704 180707 672
185386 180707 658
180705 180704 599
180706 180704 238
16
180700
180710
180753
180709
180737
180751
185579
180708
180740
180738
180739
180707
180704
185386
180705
180706
