88
62959 62961 2988
62959 62964 855
62961 62959 2988
62961 62963 2113
62961 78433 2186
62964 62959 855
62964 62965 3539
62963 62961 2113
62963 62962 2611
62963 76960 953
78433 62961 2186
62965 62964 3539
62965 62975 562
62965 77843 252
62962 62963 2611
62962 62966 1188
62962 63040 3761
76960 62963 953
76960 76961 741
62975 62965 562
77843 62965 252
77843 77845 1687
62966 62962 1188
62966 62967 1759
62966 62968 133
63040 62962 3761
63040 63039 1059
63040 63060 1299
76961 76960 741
77845 77843 1687
62967 62966 1759
62967 63059 1742
62967 63069 2236
62968 62966 133
62968 62986 745
63039 63040 1059
63039 63041 737
63060 63040 1299
63060 63041 1881
63060 63061 757
63060 77563 85
63059 62967 1742
63059 63061 557
63059 63063 226
63069 62967 2236
63069 63071 546
62986 62968 745
62986 77841 1120
63041 63039 737
63041 63060 1881
63041 63066 1476
63061 63059 557
63061 63060 757
63061 63062 1646
77563 63060 85
63063 63059 226
63063 77847 731
63063 77847 731
63071 63069 546
63071 63070 252
63071 63072 1281
77841 62986 1120
63066 63041 1476
63066 63067 202
63062 63061 1646
77847 63063 731
77847 63063 731
77847 63064 345
63070 63064 655
63070 63065 1392
63070 63071 252
63072 62996 99
63072 63071 1281
63072 63073 30
63072 63074 1622
63067 63066 202
63064 63065 1266
63064 63070 655
63064 77847 345
63065 63064 1266
63065 63070 1392
62996 62995 424
62996 63072 99
62996 63073 109
63073 62996 109
63073 63072 30
63074 63072 1622
62995 62996 424
39
62959
62961
62964
62963
78433
62965
62962
76960
62975
77843
62966
63040
76961
77845
62967
62968
63039
63060
63059
63069
62986
63041
63061
77563
63063
63071
77841
63066
63062
77847
63070
63072
63067
63064
63065
62996
63073
63074
62995
