500
157065 157066 1470
157065 158850 766
157065 172751 603
157066 157065 1470
157066 158856 1161
157066 158899 789
157066 158901 1154
158850 157065 766
158850 158852 717
158850 158860 476
158850 158862 782
172751 157065 603
158856 157066 1161
158856 158855 885
158856 158895 1630
158899 157066 789
158899 158862 2589
158899 158900 139
158901 157066 1154
158901 158895 1234
158901 158933 1581
158852 158850 717
158852 158851 101
158852 172857 961
158860 158850 476
158860 158861 581
158862 158850 782
158862 158863 279
158862 158899 2589
158855 158827 202
158855 158833 1784
158855 158856 885
158895 158856 1630
158895 158894 1450
158895 158901 1234
158900 158899 139
158900 158902 418
158933 158894 1032
158933 158901 1581
158933 158934 672
158851 158831 3085
158851 158852 101
158851 158853 344
172857 158852 961
158861 158670 2807
158861 158860 581
158863 158862 279
158863 158865 562
158827 158828 1028
158827 158829 1012
158827 158855 202
158833 158834 581
158833 158835 511
158833 158855 1784
158894 158890 1234
158894 158895 1450
158894 158933 1032
158902 158865 2760
158902 158900 418
158902 158903 984
158902 158935 2179
158934 158933 672
158831 158657 796
158831 158832 2485
158831 158851 3085
158853 158834 344
158853 158851 344
158853 158854 1036
158670 158861 2807
158865 158863 562
158865 158864 1065
158865 158902 2760
158865 158905 713
158828 158827 1028
158828 158830 1933
158828 158891 1028
158829 158824 620
158829 158827 1012
158834 158657 3067
158834 158833 581
158834 158853 344
158835 158649 585
158835 158662 2900
158835 158833 511
158835 172824 527
158890 158889 924
158890 158891 1500
158890 158894 1234
158890 158896 1429
158903 158902 984
158903 158904 111
158903 158937 1971
158935 158902 2179
158935 158936 355
158935 158937 796
158657 158656 3067
158657 158662 1032
158657 158831 796
158657 158834 3067
158832 158831 2485
158854 158853 1036
158864 158865 1065
158864 158871 610
158905 158865 713
158905 158871 1036
158905 158904 2836
158905 158906 688
158830 158826 1154
158830 158828 1933
158830 158888 1357
158891 158597 2967
158891 158828 1028
158891 158890 1500
158824 158648 1389
158824 158826 238
158824 158829 620
158649 158648 447
158649 158835 585
158662 158651 620
158662 158657 1032
158662 158661 2752
158662 158835 2900
172824 158835 527
158889 158890 924
158889 158892 581
158889 158897 710
158896 158890 1429
158896 160949 355
158904 158903 111
158904 158905 2836
158904 158916 374
158937 158903 1971
158937 158935 796
158937 158940 421
158936 158935 355
158936 160968 2405
158656 158657 3067
158656 158658 850
158871 158864 610
158871 158867 1145
158871 158872 796
158871 158905 1036
158906 158872 1065
158906 158905 688
158906 158907 238
158826 158489 1769
158826 158824 238
158826 158830 1154
158888 158599 355
158888 158647 683
158888 158830 1357
158597 158545 1907
158597 158598 1017
158597 158599 934
158597 158891 2967
158648 158502 1521
158648 158649 447
158648 158824 1389
158651 158650 176
158651 158662 620
158661 158643 2752
158661 158662 2752
158892 158600 1111
158892 158889 581
158892 158893 590
158897 158889 710
158897 158898 672
160949 158896 355
160949 160947 1000
160949 160962 337
158916 158904 374
158916 158917 924
158916 158939 1180
158940 158937 421
160968 158936 2405
160968 158938 3260
160968 160784 558
160968 160967 934
158658 158656 850
158867 158871 1145
158872 158871 796
158872 158877 672
158872 158906 1065
158907 158906 238
158907 158908 556
158907 158920 1018
158489 158309 885
158489 158488 2133
158489 158647 953
158489 158826 1769
158599 158544 1534
158599 158597 934
158599 158888 355
158647 158489 953
158647 158547 1121
158647 158888 683
158545 158544 879
158545 158546 2419
158545 158595 879
158545 158597 1907
158598 158595 2322
158598 158597 1017
158598 158600 674
158502 158501 1225
158502 158503 6747
158502 158648 1521
158650 158651 176
158643 158503 1565
158643 158661 2752
158600 158598 674
158600 158601 202
158600 158892 1111
158893 158892 590
158898 158897 672
160947 160785 3388
160947 160948 672
160947 160949 1000
160962 160812 1348
160962 160949 337
160962 160979 778
158917 158916 924
158917 158918 850
158917 158944 782
158939 158916 1180
158939 158938 953
158939 158941 893
158938 158939 953
158938 160968 3260
160784 160783 2046
160784 160968 558
160967 160966 906
160967 160968 934
158877 158872 672
158877 158878 818
158908 158907 556
158908 158913 374
158920 158907 1018
158920 158918 1096
158920 158921 333
158920 158923 796
158309 158308 1133
158309 158312 2366
158309 158489 885
158309 158547 953
158488 158489 2133
158488 158490 1605
158488 158501 672
158544 158540 2461
158544 158545 879
158544 158547 940
158544 158599 1534
158547 158309 953
158547 158544 940
158547 158548 1907
158547 158647 1121
158546 158541 355
158546 158545 2419
158546 158592 537
158595 158545 879
158595 158591 2557
158595 158596 808
158595 158598 2322
158501 158488 672
158501 158502 1225
158501 158825 1353
158503 158502 6747
158503 158504 344
158503 158643 1565
158601 158596 2695
158601 158600 202
158601 158603 630
160785 160783 818
160785 160786 796
160785 160947 3388
160948 158932 496
160948 160783 3042
160948 160947 672
160812 160779 984
160812 160786 1858
160812 160962 1348
160979 160962 778
160979 160977 452
160979 160978 683
160979 160980 759
158918 158917 850
158918 158919 452
158918 158920 1096
158918 158930 672
158944 158917 782
158944 158930 843
158944 158943 344
158941 158939 893
158941 158942 893
158941 158945 1101
160783 160784 2046
160783 160785 818
160783 160948 3042
160966 160965 808
160966 160967 906
160966 160993 111
158878 158877 818
158878 158879 688
158913 158908 374
158913 158914 333
158913 158923 1036
158921 158920 333
158923 158913 1036
158923 158920 796
158923 158930 1018
158308 158309 1133
158308 158494 1453
158312 158309 2366
158312 158310 552
158312 158319 928
158312 158522 1211
158490 158488 1605
158490 158491 1101
158490 158510 672
158540 158522 739
158540 158541 606
158540 158544 2461
158548 158547 1907
158541 158540 606
158541 158543 745
158541 158546 355
158592 158546 537
158592 158591 337
158592 158593 1188
158591 158586 476
158591 158592 337
158591 158595 2557
158596 158585 2557
158596 158595 808
158596 158601 2695
158596 158602 879
158825 158501 1353
158504 158503 344
158504 158505 333
158504 158610 927
158603 158601 630
158603 158602 3224
158603 158604 767
160786 160701 1248
160786 160785 796
160786 160812 1858
158932 158931 22
158932 160948 496
160779 160776 1276
160779 160777 1717
160779 160780 879
160779 160812 984
160977 160976 672
160977 160979 452
160978 160979 683
160980 160979 759
158919 158918 452
158930 158918 672
158930 158923 1018
158930 158927 3130
158930 158944 843
158943 158942 953
158943 158944 344
158943 158946 2481
158942 158941 893
158942 158943 953
158942 158951 2578
158945 158941 1101
160965 160963 767
160965 160966 808
160993 160966 111
160993 161020 934
158879 158878 688
158879 158880 452
158879 158881 872
158914 158913 333
158914 158915 344
158494 158308 1453
158494 158493 885
158494 172344 1014
158310 158311 1458
158310 158312 552
158310 158313 710
158319 158312 928
158319 158318 789
158319 158521 1228
158522 158312 1211
158522 158521 789
158522 158540 739
158491 158490 1101
158491 158509 1284
158510 158490 672
158543 158541 745
158543 158594 548
158593 158587 752
158593 158592 1188
158593 158594 828
158593 172335 713
158586 158585 337
158586 158587 1085
158586 158591 476
158585 158584 808
158585 158586 337
158585 158596 2557
158602 158584 2600
158602 158589 1011
158602 158596 879
158602 158603 3224
158505 158504 333
158505 158506 2696
158505 158507 1344
158610 158504 927
158610 158611 850
158610 158625 1686
158604 158603 767
158604 160976 683
160701 160700 2641
160701 160702 333
160701 160786 1248
158931 158932 22
160776 160702 674
160776 160777 672
160776 160779 1276
160777 160776 672
160777 160778 333
160777 160779 1717
160780 160770 2002
160780 160779 879
160976 158604 683
160976 160769 1454
160976 160977 672
158927 158925 953
158927 158930 3130
158927 158946 1065
158946 158927 1065
158946 158943 2481
158946 158948 1004
158946 158951 850
158951 158942 2578
158951 158946 850
158951 160987 421
160963 160964 552
160963 160965 767
161020 160993 934
161020 161021 790
158880 158879 452
158881 158879 872
158881 158882 222
158881 158915 445
158915 158881 445
158915 158914 344
158915 158929 1036
158493 158492 1121
158493 158494 885
172344 158494 1014
158311 158310 1458
158313 158310 710
158313 158314 674
158313 172345 933
158318 158316 418
158318 158319 789
158318 158511 1283
158521 158319 1228
158521 158511 885
158521 158522 789
158509 158491 1284
158594 158543 548
158594 158593 828
158587 158586 1085
158587 158593 752
172335 158593 713
158584 158585 808
158584 158602 2600
158589 158602 1011
158506 158505 2696
158507 158505 1344
158611 158610 850
158625 158610 1686
160700 160701 2641
160702 160701 333
160702 160776 674
160778 160777 333
160770 160769 1264
160770 160780 2002
160769 160770 1264
160769 160976 1454
158925 158927 953
158948 158946 1004
160987 158951 421
160964 160963 552
160964 161021 610
161021 160964 610
161021 161020 790
158882 158881 222
158929 158915 1036
158492 158493 1121
158314 158313 674
172345 158313 933
158316 158318 418
158511 158318 1283
158511 158521 885
53
158860
158861
158831
158670
158657
158832
158864
158662
158656
158871
158651
158661
158658
158867
158872
158650
158643
158877
158503
158878
158504
158879
158505
158610
158880
158881
158915
158521
158509
158594
158587
158584
158589
158506
158507
158611
158625
160700
160702
160770
160769
158925
158948
160987
160964
161021
158882
158929
158492
158314
172345
158316
158511
