24
204014 204017 839
204017 204014 839
204019 204036 773
204036 204019 773
204038 204042 756
204042 204038 756
208075 208078 867
208102 208502 1317
208502 208102 1317
208078 208075 867
207815 207819 895
207829 207828 930
207829 208512 748
208512 207829 748
207819 207815 895
207819 207828 713
207828 207819 713
207828 207829 930
208140 208141 759
208141 208140 759
208148 208162 956
208162 208148 956
208454 208461 1561
208461 208454 1561
39
203788
203792
203775
203800
204014
204017
204019
204036
204038
204042
208505
208513
208075
208096
208097
208102
208502
208504
208081
208078
208087
207804
207811
207815
207829
208512
207819
207828
208092
208140
208141
208148
208185
208399
208413
208415
208454
208461
208463
