482
235672 235687 533
235687 235672 533
235687 235688 3099
235687 249079 806
235688 235678 1965
235688 235687 3099
249079 235687 806
249079 235690 1695
249079 249081 57
235678 235677 1255
235678 235688 1965
235690 235689 7064
235690 249079 1695
249081 249079 57
249081 261382 834
235677 235678 1255
235677 248012 2393
235689 235690 7064
235689 235693 768
235689 235699 1668
261382 249081 834
248012 235677 2393
248012 248013 3498
235693 235689 768
235693 235694 1239
235693 235697 866
235699 235689 1668
235699 235700 920
235699 235701 245
248013 248012 3498
248013 248121 486
235694 235693 1239
235694 235696 209
235694 235697 1511
235697 235693 866
235697 235694 1511
235697 235703 438
235700 235699 920
235700 235701 811
235700 235702 819
235700 236160 4755
235701 235699 245
235701 235700 811
235701 235702 344
235701 235705 289
248121 248013 486
248121 248220 36
235696 235694 209
235696 235695 723
235696 236741 1129
235703 235697 438
235703 235704 1974
235703 235705 459
235702 235700 819
235702 235701 344
235702 235706 1014
235702 235707 361
236160 235700 4755
236160 249125 219
235705 235701 289
235705 235703 459
235705 235706 647
248220 248121 36
235695 235696 723
235695 235698 1038
236741 235696 1129
236741 235714 99
235704 235703 1974
235704 235711 1138
235704 235714 201
235706 235702 1014
235706 235705 647
235706 235711 482
235707 235702 361
235707 235708 805
235707 235709 65
235707 236187 1397
249125 236160 219
249125 249802 1020
235698 235685 1247
235698 235695 1038
235714 235704 201
235714 235713 11169
235714 236741 99
235711 235704 1138
235711 235706 482
235711 235710 344
235708 235707 805
235708 235709 740
235708 235710 891
235708 236189 2131
235709 235707 65
235709 235708 740
235709 236190 1958
236187 235707 1397
236187 236169 2342
236187 248418 1800
249802 249125 1020
249802 261389 445
235685 235686 3281
235685 235698 1247
235685 235841 2623
235713 235714 11169
235713 236722 494
235710 235708 891
235710 235711 344
235710 235712 301
235710 235715 1196
236189 235708 2131
236189 236190 910
236189 236191 857
236189 236192 780
236190 235709 1958
236190 236188 543
236190 236189 910
236169 236166 2725
236169 236173 1084
236169 236187 2342
236169 236188 1882
248418 236187 1800
261389 236159 1689
261389 249802 445
235686 235679 635
235686 235685 3281
235686 235811 5197
235841 235685 2623
235841 235817 1737
235841 235842 1347
236722 235713 494
236722 261058 5568
235712 235710 301
235715 235710 1196
235715 235716 586
235715 235717 308
236191 236189 857
236191 236199 648
236191 236200 560
236192 236189 780
236192 236193 1162
236192 236197 846
236188 236169 1882
236188 236190 543
236188 236196 805
236166 236164 989
236166 236168 1152
236166 236169 2725
236173 236169 1084
236173 236171 1078
236173 236195 1468
236159 236082 1554
236159 261389 1689
235679 235680 3225
235679 235684 2314
235679 235686 635
235811 235686 5197
235811 235809 991
235811 235816 1899
235817 235816 220
235817 235841 1737
235817 235842 1390
235842 235817 1390
235842 235841 1347
235842 235844 3028
235842 235845 1833
261058 236722 5568
261058 236729 1588
261058 236751 459
261058 236753 17216
235716 235715 586
235716 236200 1381
235717 235715 308
236199 236191 648
236200 235716 1381
236200 236191 560
236200 261722 731
236193 236192 1162
236193 236198 864
236193 236201 411
236197 236192 846
236197 236194 711
236197 236198 1063
236196 236188 805
236196 236194 280
236196 236195 481
236164 236161 762
236164 236166 989
236164 236167 1546
236168 236166 1152
236168 236167 713
236168 236170 503
236171 236170 945
236171 236172 2881
236171 236173 1078
236195 236173 1468
236195 236194 399
236195 236196 481
236082 236159 1554
235680 235679 3225
235680 235682 2541
235680 235683 5400
235684 235679 2314
235809 235808 1410
235809 235810 1066
235809 235811 991
235816 235811 1899
235816 235817 220
235816 235820 926
235816 235822 968
235844 235842 3028
235844 235843 627
235844 235846 1841
235844 235852 1437
235845 235842 1833
236729 236717 2287
236729 236730 1780
236729 236731 2571
236729 261058 1588
236751 236749 964
236751 261058 459
236753 236752 5121
236753 261058 17216
261722 236200 731
236198 236193 864
236198 236197 1063
236198 236202 935
236201 236193 411
236194 236195 399
236194 236196 280
236194 236197 711
236194 236204 999
236161 236162 667
236161 236164 762
236161 236165 1690
236167 236164 1546
236167 236168 713
236167 236181 370
236170 236168 503
236170 236171 945
236170 236174 1704
236172 236171 2881
236172 236186 446
235682 235680 2541
235682 235681 6745
235682 235808 6731
235683 235680 5400
235808 235682 6731
235808 235807 987
235808 235809 1410
235808 262167 773
235810 235807 1053
235810 235809 1066
235810 235813 1312
235810 261054 809
235820 235816 926
235820 235818 766
235820 235821 1398
235822 235816 968
235822 235821 1287
235822 235843 2746
235843 235822 2746
235843 235844 627
235843 235849 1072
235843 235852 1217
235846 235844 1841
235846 235847 664
235846 235848 1328
235852 235843 1217
235852 235844 1437
235852 235853 1629
235852 235859 776
236717 236718 2799
236717 236729 2287
236717 236737 2747
236717 236738 2065
236730 236729 1780
236731 236729 2571
236731 236738 2432
236731 236740 684
236749 235905 91
236749 236748 3579
236749 236751 964
236752 236753 5121
236752 236837 1383
236752 236841 2306
236752 236848 1263
236202 236198 935
236202 236203 4241
236204 236194 999
236204 236205 567
236204 236206 887
236204 236207 1102
236162 236161 667
236162 236163 1727
236165 236161 1690
236165 236163 680
236165 236181 629
236181 236165 629
236181 236167 370
236181 236178 1181
236174 236170 1704
236174 261450 984
236186 236172 446
235681 235682 6745
235681 235768 911
235807 235808 987
235807 235810 1053
235807 235812 642
262167 235806 635
262167 235808 773
262167 235826 1486
235813 235810 1312
235813 235818 424
235813 235829 1047
261054 235810 809
235818 235813 424
235818 235819 1779
235818 235820 766
235818 261055 33
235821 235820 1398
235821 235822 1287
235821 235839 2349
235849 235843 1072
235849 235850 550
235849 235851 1651
235847 235846 664
235848 235846 1328
235853 235840 1961
235853 235852 1629
235853 235854 803
235859 235852 776
235859 235854 1575
235859 235860 968
236718 236717 2799
236718 236723 553
236718 263379 1263
236737 236717 2747
236737 236734 5253
236737 236736 748
236738 236717 2065
236738 236731 2432
236738 236736 1439
236740 236731 684
236740 236742 2305
236740 236743 1137
235905 235906 2363
235905 236727 707
235905 236749 91
236748 236747 1900
236748 236749 3579
236748 236750 1134
236837 236752 1383
236837 236835 1104
236837 236839 1433
236841 236752 2306
236841 236846 696
236848 236752 1263
236848 236850 1003
236203 236202 4241
236203 236720 1188
236203 236721 1447
236205 236204 567
236206 236204 887
236207 236204 1102
236207 236209 3231
236207 250131 358
236163 236162 1727
236163 236165 680
236163 236175 427
236178 236179 932
236178 236181 1181
236178 236182 889
236178 236183 726
261450 236174 984
235768 235681 911
235768 235767 2495
235812 235807 642
235812 235826 727
235812 235829 1248
235806 235792 975
235806 235825 1627
235806 262167 635
235826 235812 727
235826 235825 664
235826 235827 1389
235826 262167 1486
235829 235812 1248
235829 235813 1047
235829 235819 837
235829 235827 806
235819 235818 1779
235819 235829 837
235819 235839 1090
261055 235818 33
235839 235819 1090
235839 235821 2349
235839 235838 833
235850 235849 550
235851 235849 1651
235840 235815 662
235840 235853 1961
235854 235815 1896
235854 235853 803
235854 235859 1575
235860 235856 3954
235860 235859 968
235860 235861 1521
236723 236718 553
236723 236724 1784
236723 261429 1740
263379 236718 1263
236734 236427 19817
236734 236733 1246
236734 236735 7160
236734 236737 5253
236736 236737 748
236736 236738 1439
236736 236739 1474
236742 236740 2305
236743 236740 1137
236743 236744 2090
236743 236758 1896
235906 235905 2363
236727 235905 707
236727 236726 1972
236727 236745 1238
236747 235910 2799
236747 236746 975
236747 236748 1900
236750 235743 3687
236750 236748 1134
236750 236754 3372
236835 236831 1570
236835 236834 1301
236835 236837 1104
236839 236836 2043
236839 236837 1433
236846 236841 696
236850 236848 1003
236720 236203 1188
236721 236203 1447
236721 236733 4566
236209 236207 3231
250131 236207 358
236175 236163 427
236179 236178 932
236182 236178 889
236183 236178 726
235767 235768 2495
235792 235806 975
235825 235806 1627
235825 235826 664
235827 235826 1389
235827 235829 806
235827 235838 2159
235838 235827 2159
235838 235839 833
235815 235840 662
235815 235854 1896
235856 235860 3954
235861 235860 1521
236724 236723 1784
261429 236723 1740
236427 236734 19817
236733 236721 4566
236733 236734 1246
236735 236734 7160
236739 236736 1474
236744 236743 2090
236758 236743 1896
236726 236727 1972
236745 236727 1238
236745 236746 1013
235910 236747 2799
236746 236745 1013
236746 236747 975
235743 236750 3687
236754 236750 3372
236831 236835 1570
236834 236835 1301
236834 236836 1102
236836 236834 1102
236836 236839 2043
200
235672
235687
235688
249079
235678
235690
249081
235677
235689
261382
248012
235693
235699
248013
235694
235697
235700
235701
248121
235696
235703
235702
236160
235705
248220
235695
236741
235704
235706
235707
249125
235698
235714
235711
235708
235709
236187
249802
235685
235713
235710
236189
236190
236169
248418
261389
235686
235841
236722
235712
235715
236191
236192
236188
236166
236173
236159
235679
235811
235817
235842
261058
235716
235717
236199
236200
236193
236197
236196
236164
236168
236171
236195
236082
235680
235684
235809
235816
235844
235845
236729
236751
236753
261722
236198
236201
236194
236161
236167
236170
236172
235682
235683
235808
235810
235820
235822
235843
235846
235852
236717
236730
236731
236749
236752
236202
236204
236162
236165
236181
236174
236186
235681
235807
262167
235813
261054
235818
235821
235849
235847
235848
235853
235859
236718
236737
236738
236740
235905
236748
236837
236841
236848
236203
236205
236206
236207
236163
236178
261450
235768
235812
235806
235826
235829
235819
261055
235839
235850
235851
235840
235854
235860
236723
263379
236734
236736
236742
236743
235906
236727
236747
236750
236835
236839
236846
236850
236720
236721
236209
250131
236175
236179
236182
236183
235767
235792
235825
235827
235838
235815
235856
235861
236724
261429
236427
236733
236735
236739
236744
236758
236726
236745
235910
236746
235743
236754
236831
236834
236836
