94
117932 117933 711
117932 118180 867
117932 118198 266
117932 118297 452
117933 117932 711
117933 118199 739
118180 117932 867
118180 118178 1394
118180 118179 248
118198 117932 266
118198 118179 891
118198 118200 752
118198 118388 380
118297 117932 452
118199 117933 739
118178 118174 949
118178 118180 1394
118179 118129 949
118179 118157 1535
118179 118180 248
118179 118198 891
118200 118198 752
118388 118198 380
118174 118173 1613
118174 118176 891
118174 118177 1308
118174 118178 949
118129 118126 837
118129 118128 1344
118129 118176 751
118129 118179 949
118157 118154 2174
118157 118156 1010
118157 118179 1535
118157 118195 674
118173 118172 650
118173 118174 1613
118176 118129 751
118176 118172 1503
118176 118174 891
118177 118171 1891
118177 118174 1308
118126 118127 1423
118126 118129 837
118126 118156 752
118128 118127 613
118128 118129 1344
118154 118141 753
118154 118157 2174
118154 118161 1423
118156 118126 752
118156 118152 837
118156 118155 1411
118156 118157 1010
118195 118157 674
118195 118197 1256
118172 118173 650
118172 118176 1503
118171 118177 1891
118127 118126 1423
118127 118128 613
118141 118140 811
118141 118142 1621
118141 118151 837
118141 118154 753
118161 118154 1423
118161 118201 355
118152 118151 698
118152 118153 1423
118152 118156 837
118155 118153 698
118155 118156 1411
118197 118195 1256
118140 118139 1748
118140 118141 811
118142 118141 1621
118142 118150 811
118151 118141 837
118151 118150 1484
118151 118152 698
118201 118161 355
118153 118152 1423
118153 118155 698
118139 118134 808
118139 118138 374
118139 118140 1748
118150 118142 811
118150 118151 1484
118134 118133 977
118134 118139 808
118138 118132 140
118138 118139 374
118133 118134 977
118132 118138 140
19
117933
118199
118178
118174
118173
118176
118177
118195
118172
118171
118161
118197
118140
118201
118139
118134
118138
118133
118132
