522
81542 81543 452
81542 81558 2036
81542 81690 1947
81543 81542 452
81543 81544 981
81543 83008 3603
81558 81542 2036
81558 81557 3240
81558 81559 374
81690 81542 1947
81690 81689 1330
81690 83009 969
81544 81543 981
81544 81545 62
81544 81730 5537
83008 81543 3603
83008 81717 1163
83008 83012 2580
81557 81556 254
81557 81558 3240
81557 81635 1863
81559 81558 374
81689 81635 438
81689 81690 1330
81689 81718 1396
83009 81690 969
81545 81544 62
81545 81546 3614
81545 91748 2520
81730 81544 5537
81730 81727 1525
81730 81731 941
81717 81716 2518
81717 81718 1324
81717 83008 1163
83012 83008 2580
83012 83011 428
81556 81550 2075
81556 81557 254
81556 81636 3129
81635 81557 1863
81635 81636 2224
81635 81689 438
81718 81689 1396
81718 81709 2271
81718 81717 1324
81546 81545 3614
81546 91747 542
91748 81545 2520
91748 81728 1212
91748 91747 2417
81727 81728 2536
81727 81729 2795
81727 81730 1525
81731 81730 941
81731 81732 2016
81731 81735 2966
81716 81708 699
81716 81717 2518
81716 81720 2022
81716 83011 873
83011 81716 873
83011 83012 428
81550 81551 620
81550 81556 2075
81636 81556 3129
81636 81635 2224
81636 91726 938
81709 81708 748
81709 81710 1688
81709 81718 2271
91747 81546 542
91747 82949 320
91747 91748 2417
81728 81727 2536
81728 82948 1823
81728 82950 1397
81728 91748 1212
81729 81727 2795
81732 81731 2016
81732 81733 452
81732 81734 771
81735 81731 2966
81735 82964 1387
81708 81707 2022
81708 81709 748
81708 81716 699
81720 81707 699
81720 81716 2022
81720 81719 2090
81720 81724 799
81551 81550 620
81551 81552 1010
81551 81553 1825
91726 81636 938
81710 81709 1688
81710 81711 277
82949 82950 1450
82949 82951 306
82949 91747 320
82948 81728 1823
82948 82845 836
82948 82950 430
82950 81728 1397
82950 82948 430
82950 82949 1450
81733 81732 452
81734 81732 771
82964 81735 1387
82964 82962 1058
82964 83019 71
81707 81708 2022
81707 81711 790
81707 81715 2089
81707 81720 699
81719 81715 559
81719 81720 2090
81719 81723 892
81724 81720 799
81724 81723 2094
81724 90709 1612
81724 90710 932
81552 81551 1010
81553 81551 1825
81553 81554 1927
81553 81555 1347
81711 81707 790
81711 81710 277
82951 82949 306
82845 81726 2930
82845 82948 836
82962 82960 1613
82962 82963 957
82962 82964 1058
83019 82959 1396
83019 82964 71
83019 83016 1531
81715 81707 2089
81715 81719 559
81723 81719 892
81723 81724 2094
90709 81724 1612
90710 81724 932
90710 90711 1095
81554 81553 1927
81555 81553 1347
81726 82845 2930
82960 82959 782
82960 82961 932
82960 82962 1613
82963 82962 957
82959 82958 932
82959 82960 782
82959 83019 1396
83016 83015 1032
83016 83017 1709
83016 83019 1531
90711 90710 1095
82961 82960 932
82958 82957 1016
82958 82959 932
82958 83018 1444
83015 83013 279
83015 83016 1032
83015 83158 1162
83017 83016 1709
82957 82956 1373
82957 82958 1016
82957 90992 2497
83018 82958 1444
83018 83014 1396
83013 83014 1961
83013 83015 279
83013 83158 905
83158 83013 905
83158 83015 1162
83158 83052 905
83158 83157 2228
82956 82954 1558
82956 82957 1373
82956 83164 339
90992 82957 2497
83014 83013 1961
83014 83018 1396
83014 83157 886
83014 90991 520
83052 83048 453
83052 83053 2036
83052 83158 905
83157 83014 886
83157 83053 1111
83157 83158 2228
83157 90995 1576
82954 82953 1107
82954 82955 1074
82954 82956 1558
83164 82956 339
83164 83163 854
83164 90993 1234
90991 83014 520
83048 83025 3852
83048 83046 445
83048 83052 453
83053 83051 796
83053 83052 2036
83053 83157 1111
83053 90997 1877
90995 83157 1576
90995 90998 49
82953 82952 1107
82953 82954 1107
82953 83163 1565
82955 82954 1074
83163 82953 1565
83163 83164 854
83163 83182 748
90993 83164 1234
90993 90994 1919
90993 90999 2774
83025 83024 2627
83025 83026 1344
83025 83048 3852
83046 83047 905
83046 83048 445
83046 83051 2129
83051 83046 2129
83051 83053 796
83051 83208 893
83051 83219 1444
90997 83053 1877
90998 90995 49
82952 82953 1107
82952 82969 1162
82952 83177 1107
82952 83181 1558
83182 83163 748
83182 83181 275
83182 83196 2658
90994 90993 1919
90999 90993 2774
83024 83022 2816
83024 83023 1669
83024 83025 2627
83026 83025 1344
83026 83027 2312
83026 83045 854
83047 83045 2998
83047 83046 905
83047 83049 796
83047 83208 2045
83208 83047 2045
83208 83051 893
83208 83168 1444
83208 83209 782
83219 83051 1444
83219 83168 893
83219 83207 1644
82969 82952 1162
82969 82967 1558
82969 83154 1773
82969 83175 2381
83177 82952 1107
83177 83176 1141
83177 83179 1576
83181 82952 1558
83181 83180 442
83181 83182 275
83196 83182 2658
83196 83195 603
83196 83197 2016
83022 83020 2788
83022 83021 1290
83022 83024 2816
83023 83021 713
83023 83024 1669
83023 83027 424
83027 83023 424
83027 83026 2312
83027 83028 2326
83045 83026 854
83045 83044 1484
83045 83047 2998
83049 83047 796
83049 83050 778
83049 83209 1961
83168 83166 1625
83168 83167 796
83168 83208 1444
83168 83219 893
83209 83049 1961
83209 83208 782
83209 83213 389
83207 83166 1004
83207 83205 3236
83207 83219 1644
82967 82965 1738
82967 82968 1459
82967 82969 1558
83154 82965 1541
83154 82969 1773
83154 83153 905
83154 83173 2423
83175 82969 2381
83175 83174 766
83175 83178 453
83176 83162 689
83176 83177 1141
83176 83178 752
83176 83191 1547
83179 83161 1123
83179 83177 1576
83179 83180 833
83179 83199 3922
83180 83179 833
83180 83181 442
83180 83195 2609
83195 83180 2609
83195 83196 603
83195 83198 2127
83197 83196 2016
83197 83198 593
83020 83021 2568
83020 83022 2788
83020 83028 2376
83021 83020 2568
83021 83022 1290
83021 83023 713
83028 83020 2376
83028 83027 2326
83028 83044 2297
83044 83028 2297
83044 83045 1484
83044 83050 2815
83050 83044 2815
83050 83049 778
83050 83212 2804
83166 83165 796
83166 83168 1625
83166 83204 3250
83166 83207 1004
83167 83165 1625
83167 83168 796
83167 83213 1140
83213 83167 1140
83213 83209 389
83213 83214 1316
83205 83170 1467
83205 83204 893
83205 83207 3236
82965 82966 938
82965 82967 1738
82965 83154 1541
82965 83155 905
82968 82967 1459
83153 81865 1014
83153 83154 905
83153 83156 1881
83153 83172 2210
83173 83154 2423
83173 83172 838
83173 83174 1059
83173 83184 1641
83174 83173 1059
83174 83175 766
83174 90996 870
83178 83175 453
83178 83176 752
83178 83192 1598
83162 83159 1394
83162 83161 788
83162 83176 689
83191 83159 664
83191 83176 1547
83191 83187 1065
83191 83192 744
83161 83160 1444
83161 83162 788
83161 83170 4009
83161 83179 1123
83199 83170 821
83199 83179 3922
83198 83195 2127
83198 83197 593
83212 83010 774
83212 83050 2804
83212 83065 2584
83165 83151 1143
83165 83166 796
83165 83167 1625
83204 83152 893
83204 83166 3250
83204 83205 893
83214 83213 1316
83170 83161 4009
83170 83169 2983
83170 83199 821
83170 83205 1467
82966 82965 938
83155 82965 905
83155 83156 66
83155 90732 990
81865 81851 1234
81865 81853 1561
81865 81922 2298
81865 83153 1014
83156 81853 843
83156 83153 1881
83156 83155 66
83172 81922 918
83172 83153 2210
83172 83173 838
83184 83173 1641
83184 83183 1083
83184 83194 1
90996 83174 870
83192 83178 1598
83192 83191 744
83192 83193 409
83159 83160 905
83159 83162 1394
83159 83186 1123
83159 83191 664
83187 83186 556
83187 83188 1124
83187 83191 1065
83160 83159 905
83160 83161 1444
83160 83171 1457
83010 83212 774
83065 83054 3948
83065 83064 3434
83065 83212 2584
83151 83150 1021
83151 83152 2009
83151 83165 1143
83152 83149 1012
83152 83151 2009
83152 83204 893
83169 83170 2983
83169 83250 762
90732 83155 990
81851 81852 1478
81851 81861 667
81851 81865 1234
81851 81907 2298
81853 81852 1225
81853 81854 2045
81853 81865 1561
81853 83156 843
81922 81865 2298
81922 81907 1234
81922 81921 1535
81922 83172 918
83183 81921 747
83183 83184 1083
83183 90630 1037
83194 83184 1
83194 83189 882
83194 83193 1791
83193 83188 952
83193 83192 409
83193 83194 1791
83186 83159 1123
83186 83187 556
83188 83187 1124
83188 83189 1795
83188 83193 952
83171 83160 1457
83171 83242 2635
83054 83055 943
83054 83065 3948
83054 83211 1188
83064 83041 1916
83064 83065 3434
83064 90990 4374
83150 83149 1971
83150 83151 1021
83150 83215 380
83149 83150 1971
83149 83152 1012
83149 83203 3761
83250 83169 762
83250 83249 1686
83250 83258 1786
83250 83267 1023
81852 81851 1478
81852 81853 1225
81861 81851 667
81861 81860 1357
81861 81901 2399
81907 81851 2298
81907 81901 757
81907 81920 1506
81907 81922 1234
81854 81853 2045
81921 81920 1178
81921 81922 1535
81921 83183 747
81921 90733 946
90630 83183 1037
83189 83188 1795
83189 83190 508
83189 83194 882
83242 83171 2635
83242 83241 1290
83055 83054 943
83211 83054 1188
83041 83064 1916
90990 83064 4374
83215 83150 380
83203 83149 3761
83249 83250 1686
83258 83250 1786
83267 83250 1023
81860 81861 1357
81901 81861 2399
81901 81907 757
81920 81907 1506
81920 81921 1178
90733 81921 946
83190 83189 508
83241 83242 1290
31
81546
81550
91747
81551
81710
82949
82950
81719
81552
81553
81711
82951
82845
81715
81723
81554
81555
81726
83242
83055
83211
83041
83203
83249
83258
83267
81860
81901
81920
83190
83241
