24
105484 105485 1254
105484 105486 806
105484 105567 806
105485 105484 1254
105485 105488 537
105485 105555 738
105486 105484 806
105567 105484 806
105567 105555 1205
105488 105485 537
105488 105559 1344
105555 105485 738
105555 105556 610
105555 105567 1205
105559 105488 1344
105556 105555 610
105556 105557 303
105556 105558 250
105557 105556 303
105557 116329 207
105557 116330 384
105558 105556 250
116329 105557 207
116330 105557 384
9
105486
105488
105555
105559
105556
105557
105558
116329
116330
