52
164906 164907 581
164906 164935 818
164906 164946 1420
164907 164906 581
164935 164906 818
164935 165669 1420
164946 164906 1420
164946 164944 1420
164946 165669 818
165669 164935 1420
165669 164946 818
165669 165668 713
165669 165678 1459
164944 164946 1420
164944 165678 713
165668 165669 713
165668 165674 1420
165678 164944 713
165678 165669 1459
165678 165674 818
165678 165696 355
165674 165668 1420
165674 165673 713
165674 165678 818
165674 165697 1616
165696 165678 355
165673 165674 713
165673 165695 2050
165697 165674 1616
165695 165673 2050
165695 165705 631
165705 165695 631
165705 165723 253
165723 165705 253
165723 165722 418
165723 165780 906
165722 165721 791
165722 165723 418
165780 165721 475
165780 165723 906
165780 165777 631
165721 165720 600
165721 165722 791
165721 165780 475
165777 165720 581
165777 165780 631
165720 165717 238
165720 165721 600
165720 165777 581
165717 165719 139
165717 165720 238
165719 165717 139
22
164906
164907
164935
164946
165669
164944
165668
165678
165674
165696
165673
165697
165695
165705
165723
165722
165780
165721
165777
165720
165717
165719
