626
186603 186604 621
186603 186605 1159
186604 186603 621
186604 186606 586
186604 189695 780
186605 186603 1159
186605 186606 998
186605 186613 965
186605 186614 386
186606 186604 586
186606 186605 998
186606 189695 883
189695 186604 780
189695 186606 883
189695 189696 935
189695 190399 323
186613 186605 965
186613 186612 955
186613 186614 746
186614 186605 386
186614 186613 746
189696 189695 935
189696 189697 440
189696 190374 204
190399 189695 323
190399 190400 595
190399 190461 887
186612 186613 955
189697 189696 440
189697 189698 818
189697 190374 385
190374 189696 204
190374 189697 385
190374 190373 917
190400 190395 729
190400 190399 595
190400 190401 771
190461 190399 887
190461 190404 332
190461 190406 667
189698 189697 818
189698 189699 394
190373 189700 1588
190373 190364 861
190373 190374 917
190373 190395 746
190395 190373 746
190395 190380 880
190395 190396 888
190395 190400 729
190395 190401 498
190401 190395 498
190401 190400 771
190401 190402 523
190404 190406 523
190404 190461 332
190406 190402 723
190406 190404 523
190406 190461 667
189699 189698 394
189699 189700 810
189700 189699 810
189700 189701 862
189700 190370 727
189700 190373 1588
190364 190363 694
190364 190365 344
190364 190372 832
190364 190373 861
190380 190346 1409
190380 190365 371
190380 190381 953
190380 190395 880
190396 190381 361
190396 190395 888
190396 190398 695
190396 190402 388
190402 187202 801
190402 190396 388
190402 190401 523
190402 190406 723
189701 189700 862
189701 189702 550
189701 190371 710
190370 189700 727
190370 190368 831
190370 190371 872
190370 190372 709
190363 190342 711
190363 190364 694
190363 190584 401
190365 190345 1387
190365 190364 344
190365 190380 371
190372 190364 832
190372 190369 826
190372 190370 709
190346 190337 1712
190346 190345 472
190346 190347 674
190346 190380 1409
190381 190380 953
190381 190382 758
190381 190396 361
190398 187201 487
190398 187202 271
190398 190382 156
190398 190396 695
187202 187201 393
187202 190398 271
187202 190402 801
189702 189701 550
190371 189701 710
190371 190366 775
190371 190370 872
190368 190361 663
190368 190366 889
190368 190369 750
190368 190370 831
190342 190335 1741
190342 190343 812
190342 190345 270
190342 190363 711
190584 190363 401
190345 190342 270
190345 190346 472
190345 190365 1387
190369 190343 608
190369 190368 750
190369 190372 826
190337 189956 1302
190337 190335 787
190337 190338 696
190337 190346 1712
190347 190346 674
190347 190348 1242
190347 190375 700
190382 187201 538
190382 190381 758
190382 190383 684
190382 190398 156
187201 187202 393
187201 187277 643
187201 190377 786
187201 190382 538
187201 190398 487
190366 190357 677
190366 190367 872
190366 190368 889
190366 190371 775
190361 190341 583
190361 190343 737
190361 190357 837
190361 190368 663
190335 190336 771
190335 190337 787
190335 190342 1741
190343 190340 663
190343 190342 812
190343 190361 737
190343 190369 608
189956 189949 1286
189956 189957 715
189956 190337 1302
190338 189957 1333
190338 190023 665
190338 190337 696
190338 190348 436
190348 190338 436
190348 190347 1242
190348 190376 655
190375 190028 722
190375 190347 700
190375 190376 1205
190375 190383 1387
190383 190375 1387
190383 190377 705
190383 190382 684
187277 187201 643
187277 190033 863
187277 190039 769
190377 187201 786
190377 190028 1377
190377 190039 634
190377 190383 705
190357 190344 1803
190357 190352 762
190357 190361 837
190357 190366 677
190367 190353 698
190367 190366 872
190341 190339 1164
190341 190340 746
190341 190361 583
190336 189945 1312
190336 190334 861
190336 190335 771
190336 190339 753
190336 190340 1073
190340 190336 1073
190340 190341 746
190340 190343 663
189949 189950 389
189949 189956 1286
189957 189953 942
189957 189956 715
189957 189958 656
189957 190338 1333
190023 189958 1318
190023 190018 771
190023 190338 665
190023 190376 451
190376 190023 451
190376 190348 655
190376 190375 1205
190028 190018 1668
190028 190027 643
190028 190375 722
190028 190377 1377
190033 187277 863
190033 190034 381
190033 190397 681
190033 190403 457
190039 187277 769
190039 190027 1393
190039 190377 634
190344 190339 821
190344 190357 1803
190352 190353 300
190352 190357 762
190353 190352 300
190353 190355 854
190353 190367 698
190339 190334 385
190339 190336 753
190339 190341 1164
190339 190344 821
189945 190336 1312
190334 190336 861
190334 190339 385
189950 189949 389
189950 189953 404
189953 189950 404
189953 189954 280
189953 189957 942
189958 189952 655
189958 189957 656
189958 189959 756
189958 190023 1318
190018 189959 1327
190018 190017 615
190018 190023 771
190018 190028 1668
190027 190017 1621
190027 190025 731
190027 190028 643
190027 190039 1393
190034 190033 381
190034 190035 387
190034 190397 628
190397 190033 681
190397 190034 628
190397 190403 560
190403 190033 457
190403 190397 560
190355 190353 854
190355 190354 749
190355 190359 542
189954 189948 480
189954 189952 458
189954 189953 280
189952 189948 688
189952 189951 831
189952 189954 458
189952 189958 655
189959 189951 310
189959 189955 618
189959 189958 756
189959 190018 1327
190017 189955 1368
190017 190018 615
190017 190019 740
190017 190027 1621
190025 190019 1637
190025 190024 766
190025 190027 731
190035 190034 387
190035 190036 384
190354 190355 749
190359 190355 542
189948 189952 688
189948 189954 480
189951 189914 1531
189951 189952 831
189951 189955 663
189951 189959 310
189955 189915 1597
189955 189951 663
189955 189959 618
189955 190015 761
189955 190017 1368
190019 190015 1293
190019 190017 740
190019 190021 753
190019 190025 1637
190024 190021 1581
190024 190025 766
190024 190026 705
190036 190035 384
190036 190037 288
190036 190387 278
189914 189915 636
189914 189951 1531
189915 189914 636
189915 189916 283
189915 189955 1597
189915 190012 804
190015 189955 761
190015 190012 1383
190015 190016 771
190015 190019 1293
190021 190016 1324
190021 190019 753
190021 190022 722
190021 190024 1581
190026 190022 1572
190026 190024 705
190026 190030 761
190037 190036 288
190037 190038 744
190037 190386 315
190387 190036 278
190387 190386 385
190387 190668 320
189916 189915 283
190012 189876 786
190012 189915 804
190012 190011 480
190012 190015 1383
190016 189876 1124
190016 190015 771
190016 190020 665
190016 190021 1324
190022 190014 696
190022 190020 1336
190022 190021 722
190022 190026 1572
190030 190014 1503
190030 190026 761
190030 190029 772
190038 190031 1557
190038 190037 744
190038 190384 366
190386 190037 315
190386 190385 738
190386 190387 385
190386 190391 1094
190668 190387 320
189876 189875 743
189876 189880 690
189876 190012 786
189876 190016 1124
190011 189941 325
190011 190012 480
190020 189875 852
190020 190013 730
190020 190016 665
190020 190022 1336
190014 189978 835
190014 190013 1359
190014 190022 696
190014 190030 1503
190029 189978 1424
190029 190030 772
190029 190031 106
190031 190029 106
190031 190032 553
190031 190038 1557
190031 190043 1023
190384 190038 366
190384 190043 1163
190384 190385 345
190385 190044 1033
190385 190384 345
190385 190386 738
190385 190390 1142
190391 190386 1094
190391 190390 716
190391 190393 1082
189875 189876 743
189875 189877 768
189875 190020 852
189880 189836 944
189880 189876 690
189880 189941 1075
189941 189880 1075
189941 190011 325
190013 189877 597
190013 189984 771
190013 190014 1359
190013 190020 730
189978 189977 639
189978 189984 1503
189978 190014 835
189978 190029 1424
190032 189977 1393
190032 190031 553
190032 190040 562
190032 190045 1387
190043 190031 1023
190043 190044 391
190043 190384 1163
190044 190043 391
190044 190045 483
190044 190379 1278
190044 190385 1033
190390 190379 760
190390 190385 1142
190390 190391 716
190390 190392 1013
190393 190391 1082
190393 190392 672
189877 189875 768
189877 189878 679
189877 190013 597
189836 189835 929
189836 189837 166
189836 189880 944
189836 190546 663
189984 189960 933
189984 189978 1503
189984 190013 771
189977 189978 639
189977 189979 597
189977 190032 1393
190040 189979 1308
190040 190032 562
190040 190041 147
190045 190032 1387
190045 190044 483
190045 190046 965
190045 190090 646
190379 190044 1278
190379 190378 403
190379 190390 760
190379 190394 901
190392 190390 1013
190392 190393 672
190392 190394 440
189878 189838 1014
189878 189877 679
189878 189960 822
189835 189836 929
189835 189842 984
189835 190548 976
189835 190551 896
189837 189836 166
189837 189838 779
189837 189879 538
190546 189836 663
190546 190544 676
190546 190547 1310
189960 189839 988
189960 189878 822
189960 189984 933
189979 189977 597
189979 189980 876
189979 190040 1308
190041 190040 147
190041 190042 743
190041 190046 1292
190046 190041 1292
190046 190045 965
190046 190083 669
190046 190089 698
190090 190045 646
190090 190089 1131
190090 190378 624
190378 190090 624
190378 190092 1217
190378 190379 403
190378 190425 911
190394 190379 901
190394 190392 440
190394 190425 416
189838 189837 779
189838 189839 875
189838 189878 1014
189842 189835 984
189842 189841 568
189842 190551 380
190548 189835 976
190548 190547 744
190548 190550 1206
190548 190551 336
190551 189835 896
190551 189842 380
190551 190548 336
189879 189837 538
190544 190545 1129
190544 190546 676
190547 190545 563
190547 190546 1310
190547 190548 744
190547 190554 650
189839 189838 875
189839 189840 2484
189839 189960 988
189839 189962 3141
189980 189979 876
189980 189981 810
189980 190042 1177
190042 189980 1177
190042 190041 743
190042 190047 862
190042 190084 949
190083 190046 669
190083 190079 655
190083 190084 376
190083 190093 1393
190089 190046 698
190089 190090 1131
190089 190092 607
190092 190089 607
190092 190091 451
190092 190378 1217
190092 190436 828
190425 190378 911
190425 190394 416
190425 190424 311
190425 190435 649
189841 189840 518
189841 189842 568
189841 190552 566
190550 190548 1206
190550 190553 1537
190550 190555 867
190545 190541 204
190545 190544 1129
190545 190547 563
190554 190541 1013
190554 190547 650
190554 190555 834
189840 189839 2484
189840 189841 518
189840 190553 548
189840 190569 680
189962 189839 3141
189962 189961 528
189962 189966 1390
189962 189983 670
189981 189980 810
189981 189982 1022
189981 190047 1083
189981 190055 499
190047 189981 1083
190047 190042 862
190047 190059 472
190047 190080 873
190084 190042 949
190084 190080 716
190084 190083 376
190079 190080 388
190079 190081 654
190079 190083 655
190079 190086 1266
190093 190083 1393
190093 190086 285
190093 190091 597
190093 190099 985
190091 190092 451
190091 190093 597
190091 190434 866
190436 190092 828
190436 190434 500
190436 190435 702
190436 190440 517
190424 190423 706
190424 190425 311
190424 190439 625
190435 190425 649
190435 190436 702
190435 190439 188
190552 189841 566
190553 189840 548
190553 190550 1537
190555 190542 622
190555 190550 867
190555 190554 834
190541 190542 719
190541 190545 204
190541 190554 1013
190569 189840 680
189961 189962 528
189966 189962 1390
189983 189962 670
189983 189982 845
189982 189981 1022
189982 189983 845
190055 189981 499
190055 190059 1024
190059 190047 472
190059 190055 1024
190059 190081 1256
190080 190047 873
190080 190079 388
190080 190084 716
190081 190059 1256
190081 190079 654
190086 190079 1266
190086 190093 285
190086 190099 931
190099 190086 931
190099 190093 985
190099 190434 852
190434 190091 866
190434 190099 852
190434 190436 500
190440 190423 1225
190440 190436 517
190423 190424 706
190423 190440 1225
190439 190424 625
190439 190435 188
190542 190541 719
190542 190555 622
200
186603
186604
186605
186606
189695
186613
186614
189696
190399
186612
189697
190374
190400
190461
189698
190373
190395
190401
190404
190406
189699
189700
190364
190380
190396
190402
189701
190370
190363
190365
190372
190346
190381
190398
187202
189702
190371
190368
190342
190584
190345
190369
190337
190347
190382
187201
190366
190361
190335
190343
189956
190338
190348
190375
190383
187277
190377
190357
190367
190341
190336
190340
189949
189957
190023
190376
190028
190033
190039
190344
190352
190353
190339
189945
190334
189950
189953
189958
190018
190027
190034
190397
190403
190355
189954
189952
189959
190017
190025
190035
190354
190359
189948
189951
189955
190019
190024
190036
189914
189915
190015
190021
190026
190037
190387
189916
190012
190016
190022
190030
190038
190386
190668
189876
190011
190020
190014
190029
190031
190384
190385
190391
189875
189880
189941
190013
189978
190032
190043
190044
190390
190393
189877
189836
189984
189977
190040
190045
190379
190392
189878
189835
189837
190546
189960
189979
190041
190046
190090
190378
190394
189838
189842
190548
190551
189879
190544
190547
189839
189980
190042
190083
190089
190092
190425
189841
190550
190545
190554
189840
189962
189981
190047
190084
190079
190093
190091
190436
190424
190435
190552
190553
190555
190541
190569
189961
189966
189983
189982
190055
190059
190080
190081
190086
190099
190434
190440
190423
190439
190542
