454
227943 227944 586
227944 227943 586
227944 227994 445
227944 227998 837
227944 227999 2480
227994 227944 445
227998 227944 837
227998 227997 237
227998 228001 4056
227999 227944 2480
227999 227951 762
227999 228007 1686
227997 227995 1780
227997 227998 237
227997 228000 837
228001 227998 4056
228001 228007 845
228001 228010 866
228001 228519 1234
227951 227949 251
227951 227999 762
228007 227999 1686
228007 228001 845
228007 228516 2590
227995 227997 1780
227995 228002 670
228000 227997 837
228000 228003 1336
228000 228005 2028
228000 228006 1172
228010 228001 866
228010 228008 1014
228010 228018 1005
228010 228527 2387
228519 228001 1234
227949 227951 251
227949 227952 4473
228516 228007 2590
228002 227995 670
228002 228003 475
228003 228000 1336
228003 228002 475
228003 228004 1088
228005 228000 2028
228005 228008 1004
228005 228011 1011
228006 228000 1172
228006 228004 1344
228006 228011 1897
228006 228012 679
228008 228005 1004
228008 228009 1005
228008 228010 1014
228018 228009 1014
228018 228010 1005
228018 228528 353
228527 228010 2387
228527 228529 344
228527 228535 1844
227952 227949 4473
227952 228486 1625
227952 228517 433
228004 227996 1004
228004 228003 1088
228004 228006 1344
228011 228005 1011
228011 228006 1897
228011 228009 1114
228011 228017 335
228012 228006 679
228012 228013 251
228009 228008 1005
228009 228011 1114
228009 228018 1014
228528 228018 353
228528 228020 586
228529 228527 344
228529 228530 139
228535 228527 1844
228535 228534 687
228535 228536 333
228486 227950 2113
228486 227952 1625
228486 228483 679
228517 227952 433
228517 228518 845
227996 227968 667
227996 228004 1004
228017 228011 335
228017 228015 275
228013 228012 251
228013 228015 1897
228020 228016 2358
228020 228147 670
228020 228528 586
228530 228523 1031
228530 228529 139
228530 228531 1606
228534 228526 121
228534 228535 687
228536 228531 905
228536 228535 333
227950 227947 1011
227950 228486 2113
228483 227947 1906
228483 228486 679
228518 228517 845
228518 228522 452
228518 228523 1462
227968 227966 1959
227968 227983 1225
227968 227996 667
228015 228013 1897
228015 228016 921
228015 228017 275
228016 228015 921
228016 228020 2358
228147 228020 670
228147 228145 1014
228147 228151 1762
228147 228526 953
228523 228518 1462
228523 228530 1031
228523 228537 1733
228523 228539 782
228531 228530 1606
228531 228536 905
228531 228537 1234
228531 228538 947
228526 228147 953
228526 228534 121
227947 227945 1686
227947 227950 1011
227947 228483 1906
228522 228518 452
228522 228520 1380
228522 228524 905
227966 227967 333
227966 227968 1959
227983 227968 1225
227983 227984 679
227983 227985 928
228145 228146 1842
228145 228147 1014
228151 228146 1139
228151 228147 1762
228151 228152 837
228151 228602 893
228537 228523 1733
228537 228531 1234
228537 228540 627
228537 228541 947
228539 228523 782
228539 228524 1275
228539 228540 1011
228538 228531 947
228538 228541 1234
228538 228604 562
227945 227946 596
227945 227947 1686
228520 228487 1011
228520 228499 414
228520 228522 1380
228524 228521 1358
228524 228522 905
228524 228525 234
228524 228539 1275
227967 227966 333
227984 227983 679
227985 227983 928
228146 228143 507
228146 228145 1842
228146 228150 670
228146 228151 1139
228152 228150 1114
228152 228151 837
228152 228532 905
228152 228617 948
228602 228151 893
228602 228532 754
228602 228603 667
228540 228537 627
228540 228539 1011
228540 228542 2468
228541 228537 947
228541 228538 1234
228541 228609 947
228604 228538 562
228604 228601 782
228604 228607 1029
227946 227945 596
228487 228488 796
228487 228520 1011
228499 228497 469
228499 228520 414
228499 228521 382
228521 228490 1904
228521 228497 314
228521 228499 382
228521 228524 1358
228525 228490 2373
228525 228524 234
228525 228546 2785
228143 228139 314
228143 228144 155
228143 228146 507
228143 228150 812
228150 228143 812
228150 228146 670
228150 228152 1114
228532 228152 905
228532 228533 938
228532 228602 754
228532 228605 667
228532 228606 928
228617 228152 948
228617 228606 562
228617 228618 679
228603 228602 667
228542 228540 2468
228542 228543 452
228542 228544 1423
228609 228541 947
228609 228544 2321
228609 228607 2248
228609 228611 1544
228601 228600 475
228601 228604 782
228607 228604 1029
228607 228608 754
228607 228609 2248
228488 228487 796
228488 228497 697
228497 228488 697
228497 228499 469
228497 228521 314
228490 228489 680
228490 228521 1904
228490 228525 2373
228546 228525 2785
228546 228543 2386
228546 228547 344
228139 228143 314
228139 228144 260
228144 228139 260
228144 228143 155
228533 228532 938
228605 228532 667
228605 228608 687
228606 228532 928
228606 228616 762
228606 228617 562
228618 228616 556
228618 228617 679
228543 228542 452
228543 228546 2386
228543 228559 1906
228544 228542 1423
228544 228609 2321
228544 228612 796
228544 228613 1625
228611 228609 1544
228611 228610 1014
228611 228613 2298
228611 228615 1275
228600 228601 475
228608 228605 687
228608 228607 754
228608 228610 1576
228608 228620 754
228489 228490 680
228547 228546 344
228547 228548 557
228616 228606 762
228616 228618 556
228616 228621 201
228559 228543 1906
228559 228557 837
228559 228561 502
228612 228544 796
228612 228633 687
228612 228634 1523
228613 228544 1625
228613 228611 2298
228613 228634 712
228613 228637 1029
228610 228608 1576
228610 228611 1014
228610 228614 586
228615 228611 1275
228615 228630 1014
228615 228631 2222
228620 228608 754
228620 228614 1558
228620 228619 452
228548 228547 557
228621 228616 201
228621 228622 335
228557 228558 597
228557 228559 837
228557 228560 1447
228561 228559 502
228561 228562 1483
228561 228563 1606
228561 228633 924
228633 228561 924
228633 228612 687
228633 228635 1689
228634 228612 1523
228634 228613 712
228634 228635 667
228637 228613 1029
228637 228636 1398
228637 228646 1678
228614 228610 586
228614 228620 1558
228614 228630 1029
228630 228614 1029
228630 228615 1014
228631 228615 2222
228631 228675 1234
228631 228677 275
228619 228620 452
228622 228621 335
228558 228557 597
228560 228557 1447
228560 228562 1089
228560 228564 586
228562 228560 1089
228562 228561 1483
228562 228565 778
228563 228561 1606
228563 228635 950
228563 228638 1292
228635 228563 950
228635 228633 1689
228635 228634 667
228635 228636 866
228636 228635 866
228636 228637 1398
228636 228639 2062
228636 228640 980
228646 228637 1678
228646 228649 1004
228646 228651 333
228675 228631 1234
228675 228676 674
228677 228631 275
228677 228678 824
228677 228679 1234
228564 228560 586
228565 228562 778
228565 228566 1419
228638 228563 1292
228638 228639 1094
228639 228636 2062
228639 228638 1094
228639 228645 335
228640 228636 980
228640 228647 1029
228640 228648 1741
228649 228646 1004
228649 228647 782
228649 228650 1178
228651 228646 333
228651 228652 928
228676 228675 674
228678 228677 824
228679 228652 901
228679 228677 1234
228679 228698 1675
228566 228565 1419
228645 228639 335
228645 228643 905
228645 228648 586
228647 228640 1029
228647 228649 782
228647 228653 778
228647 228654 1172
228648 228640 1741
228648 228645 586
228648 228655 1507
228650 228649 1178
228650 228652 1344
228650 228654 672
228650 228698 837
228652 228650 1344
228652 228651 928
228652 228679 901
228698 228650 837
228698 228679 1675
228698 228699 452
228643 228645 905
228643 228657 586
228653 228647 778
228653 228655 667
228653 228656 1172
228654 228647 1172
228654 228650 672
228654 228656 778
228654 228700 1005
228655 228648 1507
228655 228653 667
228655 228658 1031
228655 228659 1178
228699 228698 452
228699 228700 222
228699 228702 2053
228657 228643 586
228657 228658 1094
228656 228653 1172
228656 228654 778
228656 228659 778
228656 228701 1089
228700 228654 1005
228700 228699 222
228700 228701 782
228658 228655 1031
228658 228657 1094
228658 228660 967
228658 228661 2772
228659 228655 1178
228659 228656 778
228659 228703 1261
228702 228699 2053
228702 229985 2590
228702 235189 2285
228701 228656 1089
228701 228700 782
228701 228703 687
228660 228658 967
228660 235192 3002
228661 228658 2772
228661 228703 1225
228703 228659 1261
228703 228661 1225
228703 228701 687
229985 228702 2590
229985 229986 502
235189 228702 2285
235192 228660 3002
229986 229985 502
229986 235190 235
229986 235413 171
235190 229986 235
235190 229997 239
235190 235191 1141
235413 229986 171
235413 235414 385
229997 235190 239
235191 235190 1141
235414 235413 385
235414 235415 259
235415 235414 259
171
227943
227944
227994
227998
227999
227997
228001
227951
228007
227995
228000
228010
228519
227949
228516
228002
228003
228005
228006
228008
228018
228527
227952
228004
228011
228012
228009
228528
228529
228535
228486
228517
227996
228017
228013
228020
228530
228534
228536
227950
228483
228518
227968
228015
228016
228147
228523
228531
228526
227947
228522
227966
227983
228145
228151
228537
228539
228538
227945
228520
228524
227967
227984
227985
228146
228152
228602
228540
228541
228604
227946
228487
228499
228521
228525
228143
228150
228532
228617
228603
228542
228609
228601
228607
228488
228497
228490
228546
228139
228144
228533
228605
228606
228618
228543
228544
228611
228600
228608
228489
228547
228616
228559
228612
228613
228610
228615
228620
228548
228621
228557
228561
228633
228634
228637
228614
228630
228631
228619
228622
228558
228560
228562
228563
228635
228636
228646
228675
228677
228564
228565
228638
228639
228640
228649
228651
228676
228678
228679
228566
228645
228647
228648
228650
228652
228698
228643
228653
228654
228655
228699
228657
228656
228700
228658
228659
228702
228701
228660
228661
228703
229985
235189
235192
229986
235190
235413
229997
235191
235414
235415
