46
1266 1241 1059
1266 1267 2424
1289 1284 1257
1289 1290 251
1373 1374 1071
1373 1381 445
1381 1373 445
1381 1382 1000
1393 1382 1353
1394 1397 1234
1427 1428 928
1425 1426 2277
1425 1430 474
1202 1183 1172
1202 1201 1428
1224 1225 1504
1224 1410 1114
1224 1411 1508
1403 1408 1004
1403 1409 3603
1098 1099 2578
1098 1109 706
1100 1099 1573
1241 1266 1059
1267 1266 2424
1284 1289 1257
1290 1289 251
1374 1373 1071
1382 1381 1000
1382 1393 1353
1397 1394 1234
1428 1427 928
1428 1430 1906
1426 1425 2277
1430 1425 474
1430 1428 1906
1183 1202 1172
1201 1202 1428
1225 1224 1504
1410 1224 1114
1411 1224 1508
1408 1403 1004
1409 1403 3603
1099 1098 2578
1099 1100 1573
1109 1098 706
38
1266
1289
1373
1381
1393
1394
1427
1425
1202
1224
1403
1098
1100
1116
1108
1227
1112
1173
1175
1239
1241
1267
1284
1290
1374
1382
1397
1428
1430
1183
1201
1225
1410
1411
1408
1409
1099
1109
