482
16937 16938 1818
16937 16939 1188
16937 33667 1066
16938 16937 1818
16938 33664 847
16938 33668 1576
16939 16937 1188
16939 16959 336
33667 16937 1066
33667 16954 1014
33667 33664 1610
33664 16938 847
33664 33665 924
33664 33667 1610
33668 16938 1576
33668 33669 604
33668 33670 434
16959 16939 336
16959 16960 847
16959 33670 1376
16954 16953 1409
16954 33667 1014
33665 33664 924
33665 33666 826
33669 33660 787
33669 33668 604
33670 16959 1376
33670 33668 434
33670 33671 950
16960 16959 847
16960 16961 3139
16960 16962 1453
16953 16952 452
16953 16954 1409
33666 33665 826
33660 33659 6066
33660 33662 1290
33660 33663 1014
33660 33669 787
33671 16973 2480
33671 33670 950
33671 33672 2171
16961 16960 3139
16961 16974 903
16961 16976 1560
16961 16977 982
16962 16960 1453
16952 16953 452
33659 33478 487
33659 33647 1584
33659 33658 672
33659 33660 6066
33662 33660 1290
33662 33661 1066
33662 35344 686
33663 33660 1014
33663 33675 1809
33663 33680 1085
16973 16974 604
16973 33671 2480
16973 33672 403
33672 16942 1786
33672 16973 403
33672 33671 2171
16974 16961 903
16974 16973 604
16974 16975 1292
16976 16961 1560
16976 16980 1061
16976 16983 452
16977 16961 982
16977 16978 1437
33478 33460 1728
33478 33479 892
33478 33659 487
33647 33459 1741
33647 33648 1377
33647 33649 4484
33647 33659 1584
33658 33479 658
33658 33492 403
33658 33659 672
33661 33649 1004
33661 33662 1066
33661 34849 3475
35344 33662 686
33675 33663 1809
33675 33676 1014
33675 33680 1453
33680 33663 1085
33680 33675 1453
33680 33681 1530
16942 16943 1139
16942 33672 1786
16975 16974 1292
16975 16980 222
16980 16943 1223
16980 16975 222
16980 16976 1061
16983 16976 452
16983 16984 511
16978 16977 1437
16978 16992 562
33460 33476 1141
33460 33478 1728
33479 33476 1344
33479 33478 892
33479 33658 658
33459 33451 1025
33459 33647 1741
33648 33647 1377
33648 34851 153
33648 34851 153
33649 33643 4483
33649 33647 4484
33649 33661 1004
33492 33658 403
34849 33661 3475
34849 33673 1162
34849 34852 743
33676 33675 1014
33676 33677 688
33676 33681 1682
33681 33676 1682
33681 33680 1530
33681 33682 688
16943 16942 1139
16943 16979 1031
16943 16980 1223
16984 16983 511
16984 16985 279
16984 16986 1220
16992 16978 562
16992 16999 562
33476 33460 1141
33476 33475 889
33476 33479 1344
33451 33450 2239
33451 33459 1025
33451 33631 1256
33451 33645 1454
34851 33646 225
34851 33648 153
34851 33648 153
33643 33642 950
33643 33649 4483
33643 33653 1457
33673 33653 588
33673 34849 1162
33673 34850 891
34852 34240 717
34852 34241 1338
34852 34849 743
33677 33676 688
33682 33681 688
16979 16943 1031
16985 16984 279
16985 16987 2009
16985 16999 809
16986 16984 1220
16986 16988 1007
16986 17058 3232
16999 16985 809
16999 16992 562
16999 17000 3220
16999 17033 2696
33475 33472 252
33475 33476 889
33450 33451 2239
33450 33452 1483
33631 33451 1256
33631 33452 1395
33631 33630 903
33645 33451 1454
33645 33633 1302
33645 33646 1000
33646 33641 611
33646 33645 1000
33646 34851 225
33642 33542 1860
33642 33643 950
33642 33644 847
33653 33554 628
33653 33643 1457
33653 33652 1085
33653 33673 588
34850 33673 891
34240 34241 1060
34240 34852 717
34241 34240 1060
34241 34852 1338
16987 16985 2009
16987 16989 938
16987 17001 536
16988 16986 1007
16988 16989 750
16988 17061 1848
17058 16986 3232
17058 17061 1066
17058 17063 1904
17000 16999 3220
17000 17033 1375
17033 16999 2696
17033 17000 1375
33472 33471 2007
33472 33475 252
33452 33450 1483
33452 33629 1445
33452 33631 1395
33630 33629 876
33630 33631 903
33630 33632 893
33633 33632 1013
33633 33635 1014
33633 33645 1302
33641 33635 1013
33641 33638 1114
33641 33646 611
33542 33540 672
33542 33550 238
33542 33642 1860
33644 33639 373
33644 33642 847
33644 33650 1013
33554 33551 1139
33554 33651 622
33554 33653 628
33652 33559 557
33652 33653 1085
16989 16987 938
16989 16988 750
16989 17061 1862
17001 16987 536
17001 17002 809
17001 17003 1344
17061 16988 1848
17061 16989 1862
17061 17058 1066
17063 17058 1904
17063 17062 206
17063 34179 1512
33471 33455 1494
33471 33470 778
33471 33472 2007
33629 33452 1445
33629 33532 3523
33629 33630 876
33632 33630 893
33632 33633 1013
33632 33634 1014
33635 33633 1014
33635 33634 1013
33635 33641 1013
33638 33637 1527
33638 33639 1322
33638 33641 1114
33540 33536 1335
33540 33539 1268
33540 33542 672
33550 33541 1361
33550 33542 238
33550 33551 905
33639 33638 1322
33639 33640 1343
33639 33644 373
33650 33644 1013
33551 33549 1711
33551 33550 905
33551 33554 1139
33651 33554 622
33651 33555 327
33559 33556 975
33559 33560 847
33559 33652 557
33559 33655 418
17002 17001 809
17002 17004 889
17002 17005 3057
17003 17001 1344
17003 17036 889
17062 17063 206
17062 17066 884
17062 17070 344
34179 17063 1512
33455 33471 1494
33470 33471 778
33470 33473 2180
33470 33474 763
33532 33531 336
33532 33533 796
33532 33534 681
33532 33629 3523
33634 33632 1014
33634 33635 1013
33634 33637 905
33637 33634 905
33637 33636 567
33637 33638 1527
33536 33533 1124
33536 33540 1335
33536 33541 1139
33539 33535 787
33539 33538 905
33539 33540 1268
33541 33536 1139
33541 33549 796
33541 33550 1361
33640 33639 1343
33549 33541 796
33549 33551 1711
33555 33543 1802
33555 33553 787
33555 33556 279
33555 33651 327
33556 33555 279
33556 33559 975
33560 33553 1950
33560 33559 847
33560 33561 713
33655 33559 418
33655 33654 836
17004 17002 889
17004 17076 1028
17004 17079 1008
17005 17002 3057
17005 17131 975
17005 17133 1437
17036 17003 889
17036 17037 750
17066 17062 884
17066 17067 950
17066 17073 747
17070 17062 344
17070 17071 713
17070 17082 750
33473 33470 2180
33474 33470 763
33531 33532 336
33533 33532 796
33533 33535 681
33533 33536 1124
33534 33532 681
33534 33537 494
33534 33538 763
33636 33538 188
33636 33637 567
33636 34846 769
33535 33533 681
33535 33539 787
33538 33534 763
33538 33539 905
33538 33636 188
33543 33530 1452
33543 33555 1802
33553 33552 628
33553 33555 787
33553 33560 1950
33561 33558 475
33561 33560 713
33654 33655 836
33654 33656 580
17076 17004 1028
17076 17074 750
17076 17077 876
17079 17004 1008
17131 17005 975
17131 17130 1445
17131 17138 3757
17133 17005 1437
17133 17132 1556
17037 17036 750
17037 17048 2880
17037 17051 750
17067 17066 950
17073 17066 747
17073 17074 649
17073 17078 938
17071 17070 713
17071 17072 688
17071 17083 550
17082 17070 750
33537 33534 494
34846 33636 769
33530 33528 788
33530 33543 1452
33530 34847 701
33552 33544 1306
33552 33553 628
33558 33557 2829
33558 33561 475
33656 33654 580
33656 33657 5292
17074 17073 649
17074 17075 950
17074 17076 750
17077 17076 876
17130 17080 238
17130 17131 1445
17130 17135 975
17138 17131 3757
17138 17141 707
17132 17051 836
17132 17055 1679
17132 17133 1556
17048 17037 2880
17048 17049 796
17051 17037 750
17051 17049 2479
17051 17132 836
17078 17073 938
17072 17071 688
17072 17084 598
17072 17085 1188
17083 17071 550
33528 33527 1055
33528 33530 788
34847 33530 701
34847 33545 3041
33544 33545 496
33544 33548 1167
33544 33552 1306
33557 33558 2829
33557 33580 1690
33557 33684 841
33657 33656 5292
33657 33693 473
17075 17074 950
17080 17081 946
17080 17090 672
17080 17130 238
17135 17130 975
17141 17138 707
17141 17142 747
17141 17143 275
17055 17050 872
17055 17132 1679
17055 17145 889
17049 17048 796
17049 17050 750
17049 17051 2479
17084 17072 598
17085 17072 1188
17085 17086 1292
17085 17088 681
33527 33497 1292
33527 33501 610
33527 33526 1139
33527 33528 1055
33545 33544 496
33545 34847 3041
33545 34848 307
33548 33544 1167
33548 33547 1008
33580 33557 1690
33580 33581 713
33580 33582 1444
33684 33557 841
33693 33657 473
33693 33694 1932
33693 33695 6267
17081 17080 946
17090 17080 672
17090 17091 737
17142 17141 747
17143 17141 275
17050 17049 750
17050 17055 872
17145 17055 889
17086 17085 1292
17088 17085 681
33497 33526 681
33497 33527 1292
33501 33527 610
33526 33497 681
33526 33527 1139
34848 33545 307
33547 33548 1008
33581 33580 713
33582 33580 1444
33694 33693 1932
33695 33693 6267
17091 17090 737
125
16939
16959
33670
16960
16953
33671
16961
16962
16952
16973
33672
16974
16976
16977
16942
16975
16980
16983
16978
33460
33459
33492
16943
16984
16992
33476
33451
16979
16985
16986
16999
33475
33450
33631
33645
33646
16987
16988
17058
17000
17033
33472
33452
33630
33633
33641
16989
17001
17061
17063
33471
33629
33632
33635
33638
33639
17002
17003
17062
34179
33455
33470
33532
33634
33637
33640
17004
17005
17036
17066
17070
33473
33474
33531
33533
33534
33636
33535
33538
17076
17079
17131
17133
17037
17067
17073
17071
17082
33537
34846
17074
17077
17130
17138
17132
17048
17051
17078
17072
17083
17075
17080
17135
17141
17055
17049
17084
17085
17081
17090
17142
17143
17050
17145
17086
17088
33497
33501
33526
33547
33581
33582
33694
33695
17091
