86
257577 257578 3329
257577 262421 1246
257577 262437 3030
257578 257577 3329
257578 262407 2641
262421 257577 1246
262421 262420 2375
262421 262423 1271
262437 257577 3030
262437 257580 9045
262437 262438 4494
262407 257578 2641
262407 262408 322
262420 262418 705
262420 262421 2375
262420 262422 1561
262423 262421 1271
257580 257579 2795
257580 262437 9045
257580 262456 7677
262438 262437 4494
262408 262407 322
262418 262420 705
262418 262424 3881
262422 262420 1561
257579 257580 2795
257579 257581 1566
257579 257586 2239
257579 262457 1745
262456 257580 7677
262456 262453 6194
262424 262418 3881
257581 257579 1566
257581 257587 6503
257586 257579 2239
257586 257587 3975
257586 262399 2101
262457 257579 1745
262457 257583 74
262457 262459 112
262453 262452 2007
262453 262454 2697
262453 262456 6194
257587 257581 6503
257587 257586 3975
257587 257617 2041
262399 257586 2101
257583 262457 74
257583 262459 124
257583 262461 746
262459 257583 124
262459 262457 112
262459 262458 919
262452 262445 4491
262452 262449 1635
262452 262453 2007
262454 262453 2697
257617 257584 2045
257617 257587 2041
257617 257618 2669
262461 257583 746
262458 262459 919
262445 262000 4307
262445 262446 1907
262445 262452 4491
262449 262448 184
262449 262450 1760
262449 262452 1635
257584 257585 2756
257584 257617 2045
257618 257617 2669
257618 257619 3829
262000 261999 66
262000 262445 4307
262446 262445 1907
262446 262447 1834
262446 264180 1130
262448 262447 103
262448 262449 184
262450 262449 1760
257585 257584 2756
257619 257618 3829
261999 262000 66
262447 262446 1834
262447 262448 103
264180 262446 1130
16
257578
262407
262408
262418
262424
257581
257587
257583
262459
257617
262461
262458
257584
257618
257585
257619
