462
6615 6616 1370
6615 14320 1043
6615 14321 1891
6616 6615 1370
6616 14321 1159
6616 32833 1486
14320 6615 1043
14321 6615 1891
14321 6616 1159
14321 32349 289
14321 32787 577
32833 6616 1486
32349 14321 289
32787 14321 577
32787 32784 504
32787 32785 813
32787 32786 833
32784 32782 926
32784 32786 777
32784 32787 504
32785 29661 638
32785 32782 524
32785 32787 813
32785 33062 8821
32786 32784 777
32786 32787 833
32786 32822 459
32786 32826 2220
32782 32717 1108
32782 32784 926
32782 32785 524
32782 32789 617
29661 29660 624
29661 32785 638
33062 32785 8821
33062 33063 761
33062 34939 568
32822 32786 459
32826 28501 1448
32826 32786 2220
32826 32827 449
32717 32711 11337
32717 32782 1108
32789 32782 617
32789 32783 752
29660 29661 624
29660 32783 446
29660 32790 242
33063 33062 761
33063 33064 819
33063 33066 1003
34939 33061 851
34939 33062 568
34939 33064 1372
28501 28502 361
28501 32826 1448
28501 34573 770
32827 32826 449
32711 32704 735
32711 32717 11337
32783 29660 446
32783 32759 1272
32783 32789 752
32790 29660 242
32790 32778 1690
32790 32791 3119
33064 33063 819
33064 33065 202
33064 34939 1372
33066 33058 2875
33066 33063 1003
33066 33070 395
33061 33060 279
33061 33079 1476
33061 34939 851
28502 28501 361
28502 32754 1420
34573 28501 770
32704 32703 2152
32704 32711 735
32759 32757 2725
32759 32783 1272
32759 32788 1021
32778 32777 4322
32778 32781 1216
32778 32790 1690
32791 32790 3119
32791 32863 4347
32791 32865 1457
33065 33064 202
33065 33069 353
33065 33079 573
33065 33080 1314
33058 33056 3356
33058 33066 2875
33058 33071 161
33070 33066 395
33070 33069 432
33070 34940 1074
33060 33061 279
33060 107792 1985
33079 33061 1476
33079 33065 573
33079 33078 228
32754 28502 1420
32754 32733 2086
32754 32735 1794
32754 32755 1175
32703 32702 223
32703 32704 2152
32757 32752 1160
32757 32759 2725
32757 32777 1972
32788 32759 1021
32777 32757 1972
32777 32778 4322
32781 32778 1216
32781 32779 2695
32781 32862 3229
32863 32791 4347
32863 32862 1832
32863 32864 726
32865 32791 1457
32865 32824 1988
32865 32866 1619
32865 32869 3784
33069 33065 353
33069 33070 432
33069 33081 1322
33080 33065 1314
33080 107879 5175
33056 32834 1724
33056 33057 592
33056 33058 3356
33071 33058 161
33071 33072 1436
33071 33075 274
34940 33070 1074
34940 35027 791
34940 35028 411
107792 33060 1985
107792 107793 275
107792 107795 1444
33078 33079 228
33078 107794 820
32733 32732 880
32733 32751 3867
32733 32754 2086
32735 32736 1803
32735 32754 1794
32735 32816 1853
32755 32754 1175
32755 32756 954
32755 32760 936
32702 32698 488
32702 32703 223
32752 32750 1570
32752 32757 1160
32752 32758 1146
32779 32776 1379
32779 32780 588
32779 32781 2695
32862 32775 2749
32862 32781 3229
32862 32852 3370
32862 32863 1832
32864 32863 726
32864 32867 1184
32864 32869 599
32824 32825 700
32824 32865 1988
32866 32865 1619
32866 32873 1709
32866 32875 896
32869 32864 599
32869 32865 3784
32869 32870 2106
33081 33069 1322
107879 33080 5175
107879 107878 451
32834 32835 2634
32834 33056 1724
32834 33059 377
33057 33056 592
33057 34049 658
33057 34050 3144
33072 33071 1436
33075 33071 274
33075 33076 242
35027 34940 791
35027 35029 617
35027 35030 358
35028 34940 411
107793 107749 2201
107793 107791 889
107793 107792 275
107795 107792 1444
107795 107794 1444
107795 107796 452
107794 33078 820
107794 107795 1444
107794 107803 5400
32732 32479 766
32732 32733 880
32732 32734 3093
32751 32733 3867
32751 32746 2241
32751 32753 4352
32736 32735 1803
32816 32735 1853
32816 32810 889
32816 32817 1499
32756 32755 954
32760 32755 936
32698 32697 370
32698 32702 488
32750 32745 1285
32750 32749 4245
32750 32752 1570
32758 32752 1146
32776 32775 1713
32776 32779 1379
32776 32792 1311
32780 32779 588
32775 32768 1273
32775 32776 1713
32775 32862 2749
32852 32853 1370
32852 32858 659
32852 32862 3370
32867 32860 865
32867 32864 1184
32867 32868 1939
32825 32824 700
32873 32866 1709
32873 32878 962
32873 32879 1198
32875 32866 896
32875 32874 1210
32870 32869 2106
32870 32879 659
32870 32880 328
107878 107879 451
107878 107887 1091
32835 32834 2634
33059 32834 377
34049 32874 786
34049 33057 658
34050 33057 3144
33076 33055 800
33076 33075 242
33076 33077 5155
35029 35027 617
35029 35034 154
35029 35035 875
35030 35027 358
35030 35031 611
35030 35032 901
107749 107670 1361
107749 107748 2001
107749 107793 2201
107791 32837 1906
107791 107748 336
107791 107793 889
107796 107795 452
107796 107797 1776
107796 107808 1780
107803 107794 5400
107803 107804 851
107803 107907 796
32479 32478 2831
32479 32730 1636
32479 32732 766
32734 32478 775
32734 32732 3093
32734 32802 2697
32734 32809 1248
32746 32723 1583
32746 32728 2651
32746 32751 2241
32753 32751 4352
32753 35018 843
32810 32809 1323
32810 32814 340
32810 32816 889
32817 32816 1499
32817 32818 3596
32697 32660 462
32697 32668 463
32697 32698 370
32745 32721 1535
32745 32744 3945
32745 32750 1285
32749 32744 1516
32749 32750 4245
32749 32761 2639
32792 32776 1311
32768 32762 1708
32768 32771 1949
32768 32775 1273
32853 32852 1370
32858 32852 659
32858 32856 599
32858 32857 2143
32860 32861 1253
32860 32867 865
32860 32871 184
32868 32867 1939
32868 32872 1179
32868 32880 1337
32878 32873 962
32879 32870 659
32879 32873 1198
32879 32882 4538
32874 32875 1210
32874 33055 4279
32874 34049 786
32880 32868 1337
32880 32870 328
32880 32881 2011
107887 107878 1091
107887 107882 2268
33055 32874 4279
33055 33067 905
33055 33076 800
33077 33076 5155
33077 33092 4186
33077 33101 4160
33077 33106 1559
35034 35029 154
35035 35029 875
35035 35036 1040
35031 35030 611
35031 35032 507
35032 35030 901
35032 35031 507
35032 35033 391
107670 107662 1447
107670 107668 278
107670 107749 1361
107748 107739 1027
107748 107749 2001
107748 107791 336
32837 32832 1757
32837 107791 1906
107797 107796 1776
107797 107798 1609
107797 107799 5931
107808 107796 1780
107808 107807 1344
107808 107811 1278
107804 107803 851
107804 107805 2135
107804 107806 747
107907 107803 796
107907 107908 109
32478 32479 2831
32478 32727 2742
32478 32734 775
32730 32479 1636
32730 32724 139
32730 32729 2403
32802 32727 1109
32802 32734 2697
32802 32794 4412
32802 32804 1231
32809 32734 1248
32809 32804 2273
32809 32810 1323
32723 32719 1293
32723 32729 2637
32723 32746 1583
32728 32729 1595
32728 32731 736
32728 32746 2651
35018 32753 843
32814 32810 340
32814 32811 2231
32814 32815 1139
32818 32817 3596
32818 32820 1479
32818 32821 4085
32660 32661 822
32660 32697 462
32668 32667 1312
32668 32697 463
32721 16266 1939
32721 32743 2925
32721 32745 1535
32744 32743 1656
32744 32745 3945
32744 32749 1516
32761 32748 605
32761 32749 2639
32761 32762 1777
32762 32761 1777
32762 32763 1732
32762 32765 1776
32762 32768 1708
32771 32768 1949
32771 32770 1704
32771 32851 4625
32856 32851 415
32856 32858 599
32857 32858 2143
32861 32860 1253
32871 32860 184
32871 32872 1265
32872 32868 1179
32872 32871 1265
32882 32879 4538
32881 32880 2011
107882 107887 2268
33067 33055 905
33092 33077 4186
33101 33077 4160
33106 33077 1559
35036 35035 1040
35033 35032 391
107662 107670 1447
107662 107798 1278
107668 107670 278
107739 107748 1027
32832 32837 1757
107798 107662 1278
107798 107797 1609
107799 107797 5931
107807 107806 778
107807 107808 1344
107811 107808 1278
107805 107804 2135
107806 107804 747
107806 107807 778
107908 107907 109
32727 32478 2742
32727 32802 1109
32724 32730 139
32729 32723 2637
32729 32728 1595
32729 32730 2403
32794 32802 4412
32804 32802 1231
32804 32809 2273
32719 32723 1293
32731 32728 736
32811 32814 2231
32815 32814 1139
32820 32818 1479
32820 32821 3619
32821 32818 4085
32821 32820 3619
32661 32660 822
32667 32668 1312
16266 32721 1939
32743 32721 2925
32743 32744 1656
32748 32761 605
32763 32762 1732
32765 32762 1776
32770 32771 1704
32851 32771 4625
32851 32856 415
36
32856
32857
32871
32872
32882
32881
107882
33067
33092
33101
33106
107662
107668
107739
32832
107798
107799
107807
107806
32727
32724
32794
32804
32719
32811
32815
32820
32821
32661
32667
16266
32743
32748
32765
32770
32851
