544
122532 122534 2702
122532 122536 1624
122532 122537 808
122534 122532 2702
122534 122533 1276
122534 122535 890
122534 122546 2879
122536 122532 1624
122537 122532 808
122537 122535 2477
122537 122541 337
122533 122534 1276
122535 122534 890
122535 122537 2477
122535 122547 3120
122535 122567 710
122546 122534 2879
122546 122547 1010
122546 122549 1210
122541 122537 337
122541 122542 404
122547 122535 3120
122547 122546 1010
122547 122556 837
122547 122569 673
122567 122535 710
122567 122542 2702
122567 122568 751
122567 122569 2841
122549 122546 1210
122549 122554 1075
122542 122541 404
122542 122567 2702
122556 122547 837
122556 122555 1142
122569 122547 673
122569 122567 2841
122569 122579 238
122568 122567 751
122568 122570 418
122568 122572 610
122554 122549 1075
122554 122555 837
122554 122562 791
122555 122554 837
122555 122556 1142
122555 122557 789
122579 122557 1838
122579 122569 238
122579 122580 477
122570 122568 418
122570 122571 1010
122570 122580 2511
122572 122568 610
122572 122573 1147
122572 122576 1612
122562 122554 791
122562 122561 810
122562 122563 2005
122557 122555 789
122557 122566 751
122557 122579 1838
122580 122570 2511
122580 122579 477
122580 122581 673
122580 122583 1010
122571 122570 1010
122571 122583 2511
122571 122586 808
122573 122572 1147
122573 122574 1683
122576 122572 1612
122576 122574 1225
122576 122586 1030
122576 122588 1820
122561 122553 631
122561 122560 885
122561 122562 810
122561 122565 2059
122563 122562 2005
122563 122565 874
122563 122566 811
122563 123368 948
122566 122557 751
122566 122563 811
122566 122581 1010
122581 122566 1010
122581 122580 673
122581 122582 1344
122583 122571 2511
122583 122580 1010
122583 122584 552
122586 122571 808
122586 122576 1030
122586 122585 2338
122586 122589 874
122574 122573 1683
122574 122575 885
122574 122576 1225
122574 122577 1820
122588 122576 1820
122588 122577 1225
122588 122595 1820
122553 122552 1121
122553 122561 631
122553 122564 1976
122553 123356 874
122560 122561 885
122565 122561 2059
122565 122563 874
122565 122564 678
123368 122563 948
123368 122582 1587
123368 123370 874
123368 123384 811
122582 122581 1344
122582 122584 650
122582 123368 1587
122584 122582 650
122584 122583 552
122584 122585 475
122585 122584 475
122585 122586 2338
122585 122587 953
122585 123384 2432
122589 122586 874
122589 122592 1075
122589 122593 1030
122575 122574 885
122575 122578 1347
122577 122574 1820
122577 122588 1225
122577 122590 837
122577 122591 1814
122595 122588 1820
122595 122591 1087
122595 122596 1308
122552 122553 1121
122564 122553 1976
122564 122565 678
122564 123367 811
123356 122553 874
123356 123355 976
123356 123357 476
123356 123367 1920
123370 123368 874
123370 123371 1662
123370 123384 1114
123384 122585 2432
123384 123368 811
123384 123370 1114
123384 123385 808
122587 122585 953
122587 122593 1503
122587 123386 279
122592 122589 1075
122592 122594 1116
122592 122596 1679
122593 122587 1503
122593 122589 1030
122593 122594 1010
122578 122575 1347
122590 122577 837
122590 124278 837
122590 124285 1820
122591 122577 1814
122591 122595 1087
122591 124285 976
122596 122592 1679
122596 122595 1308
122596 123392 1030
123367 122564 811
123367 123356 1920
123367 123358 739
123367 123369 1554
123355 123356 976
123357 123354 1055
123357 123356 476
123357 123358 1884
123357 123361 1686
123371 123370 1662
123371 123380 2198
123371 123382 739
123371 123385 1503
123385 123371 1503
123385 123384 808
123385 123386 2371
123385 123389 808
123386 122587 279
123386 123385 2371
123386 123387 606
122594 122592 1116
122594 122593 1010
122594 123387 1395
122594 123392 1748
124278 122590 837
124278 124281 1781
124278 124283 1759
124285 122590 1820
124285 122591 976
124285 124283 890
123392 122594 1748
123392 122596 1030
123392 123393 1534
123358 123357 1884
123358 123367 739
123358 123378 476
123369 123367 1554
123369 123378 606
123369 123380 1212
123354 123353 279
123354 123357 1055
123354 123360 1485
123361 123357 1686
123361 123360 1023
123361 123363 874
123361 123364 1642
123380 123369 1212
123380 123371 2198
123380 123381 678
123382 123371 739
123382 123381 2284
123382 123389 1447
123389 123382 1447
123389 123385 808
123389 123387 2393
123389 123390 1679
123387 122594 1395
123387 123386 606
123387 123388 940
123387 123389 2393
124281 124278 1781
124283 124278 1759
124283 124285 890
124283 124286 739
123393 123388 808
123393 123392 1534
123393 123394 1285
123393 123396 1364
123378 123358 476
123378 123365 222
123378 123369 606
123353 123354 279
123360 123354 1485
123360 123359 418
123360 123361 1023
123363 123338 2767
123363 123361 874
123363 123362 1396
123363 123372 890
123364 123361 1642
123364 123365 808
123364 123373 810
123364 123379 2353
123381 123379 837
123381 123380 678
123381 123382 2284
123381 123383 1411
123390 123389 1679
123390 123396 976
123390 123397 1364
123388 123387 940
123388 123391 837
123388 123393 808
124286 124283 739
124286 124287 1087
123394 123393 1285
123394 123401 752
123394 132305 880
123396 123390 976
123396 123393 1364
123396 123395 673
123365 123364 808
123365 123366 848
123365 123378 222
123359 123360 418
123338 123336 2056
123338 123363 2767
123362 123363 1396
123372 123363 890
123372 123373 697
123372 123375 1344
123373 123364 810
123373 123372 697
123373 123374 2151
123373 123376 906
123379 123364 2353
123379 123374 789
123379 123381 837
123379 123413 1948
123383 123381 1411
123383 123397 2322
123383 123416 673
123397 123383 2322
123397 123390 1364
123397 123430 2565
123391 123388 837
124287 124286 1087
124287 124291 1075
124287 124400 678
123401 123394 752
123401 123402 1225
123401 123404 1679
132305 123394 880
123395 123396 673
123366 123365 848
123336 123334 747
123336 123337 476
123336 123338 2056
123336 123349 3285
123375 123372 1344
123374 123373 2151
123374 123377 751
123374 123379 789
123374 123414 2082
123376 123373 906
123376 123377 1748
123376 123407 948
123413 123379 1948
123413 123414 890
123413 123416 885
123413 123419 1868
123416 123383 673
123416 123413 885
123416 123426 1356
123430 123397 2565
123430 123426 436
123430 123428 1902
124291 124287 1075
124291 124290 1023
124291 124401 751
124291 124403 1028
124400 124287 678
124400 124398 279
124400 124401 879
123402 123400 837
123402 123401 1225
123402 123403 1411
123404 123401 1679
123404 123406 948
123404 123434 739
123334 123335 697
123334 123336 747
123337 123336 476
123337 123339 404
123349 123336 3285
123349 123348 951
123349 123461 1340
123377 123374 751
123377 123376 1748
123377 123408 837
123377 123415 1881
123414 123374 2082
123414 123413 890
123414 123415 747
123414 123419 1546
123407 123376 948
123407 123408 1612
123407 123409 1820
123419 123413 1868
123419 123414 1546
123419 123422 474
123426 123416 1356
123426 123430 436
123426 123439 1825
123428 123400 1920
123428 123427 606
123428 123429 537
123428 123430 1902
124290 124288 1147
124290 124289 874
124290 124291 1023
124401 124291 751
124401 124399 1781
124401 124400 879
124403 124291 1028
124403 124292 2095
124403 124402 2321
124403 124405 650
124398 124399 1892
124398 124400 279
124398 132485 641
123400 123398 879
123400 123402 837
123400 123428 1920
123400 123433 613
123403 123402 1411
123406 123404 948
123406 123405 1537
123406 124411 1395
123434 123404 739
123434 123435 2371
123434 123436 1478
123335 123332 1673
123335 123334 697
123335 123348 2762
123339 123337 404
123339 123345 606
123339 123409 1411
123339 123420 2020
123348 123335 2762
123348 123349 951
123348 123451 1176
123461 123349 1340
123461 123456 678
123408 123377 837
123408 123407 1612
123408 123411 474
123415 123377 1881
123415 123414 747
123415 123417 751
123415 123418 2151
123409 123339 1411
123409 123407 1820
123409 123410 4367
123422 123418 837
123422 123419 474
123439 123426 1825
123439 123440 2235
123427 123428 606
123429 123428 537
123429 123431 673
123429 123437 2687
124288 124284 2005
124288 124290 1147
124288 124292 791
124289 124290 874
124399 123405 2232
124399 124398 1892
124399 124401 1781
124399 124402 739
124292 124288 791
124292 124403 2095
124402 124399 739
124402 124403 2321
124402 124404 811
124402 124411 2144
124405 124295 2284
124405 124403 650
124405 124404 2477
124405 124406 697
132485 124398 641
123398 123399 1632
123398 123400 879
123433 123400 613
123405 123406 1537
123405 124399 2232
123405 124410 606
123405 124411 811
124411 123405 811
124411 123406 1395
124411 123435 874
124411 124402 2144
123435 123434 2371
123435 124411 874
123435 124412 1920
123436 123434 1478
123436 123443 1781
123436 124441 1030
123436 124442 1030
123332 123333 1657
123332 123333 1657
123332 123335 1673
123345 123339 606
123345 123346 404
123420 123339 2020
123451 123348 1176
123451 123452 49
123456 123455 1426
123456 123461 678
123456 123465 1036
123411 123408 474
123411 123412 951
123411 123417 1478
123417 123411 1478
123417 123415 751
123417 123421 1283
123418 123415 2151
123418 123422 837
123418 123423 650
123410 123409 4367
123440 123439 2235
123440 123442 1116
123440 123535 1347
123431 123429 673
123431 123432 537
123431 123437 2650
123437 123429 2687
123437 123431 2650
123437 123438 404
124284 124288 2005
124404 124402 811
124404 124405 2477
124404 124412 279
124295 124405 2284
124295 124407 791
124406 124405 697
124406 124407 1813
124406 124416 1838
124406 132435 778
123399 123398 1632
124410 123405 606
124412 123435 1920
124412 124404 279
124412 124413 811
123443 123436 1781
124441 123436 1030
124441 124414 2888
124441 124444 1768
124442 123436 1030
124442 123541 1395
124442 124443 907
123333 123332 1657
123333 123332 1657
123333 123342 710
123346 123345 404
123346 123347 4635
123452 123342 926
123452 123451 49
123455 123456 1426
123465 123456 1036
123412 123411 951
123421 123417 1283
123421 123423 751
123423 123418 650
123423 123421 751
123442 123440 1116
123535 123440 1347
123432 123431 537
123438 123437 404
124407 124295 791
124407 124406 1813
124416 124406 1838
132435 124406 778
124413 124412 811
124413 124414 558
124414 124413 558
124414 124441 2888
124444 124441 1768
123541 124442 1395
124443 124442 907
123342 123333 710
123342 123452 926
123347 123346 4635
200
122532
122534
122536
122537
122533
122535
122546
122541
122547
122567
122549
122542
122556
122569
122568
122554
122555
122579
122570
122572
122562
122557
122580
122571
122573
122576
122561
122563
122566
122581
122583
122586
122574
122588
122553
122560
122565
123368
122582
122584
122585
122589
122575
122577
122595
122552
122564
123356
123370
123384
122587
122592
122593
122578
122590
122591
122596
123367
123355
123357
123371
123385
123386
122594
124278
124285
123392
123358
123369
123354
123361
123380
123382
123389
123387
124281
124283
123393
123378
123353
123360
123363
123364
123381
123390
123388
124286
123394
123396
123365
123359
123338
123362
123372
123373
123379
123383
123397
123391
124287
123401
132305
123395
123366
123336
123375
123374
123376
123413
123416
123430
124291
124400
123402
123404
123334
123337
123349
123377
123414
123407
123419
123426
123428
124290
124401
124403
124398
123400
123403
123406
123434
123335
123339
123348
123461
123408
123415
123409
123422
123439
123427
123429
124288
124289
124399
124292
124402
124405
132485
123398
123433
123405
124411
123435
123436
123332
123345
123420
123451
123456
123411
123417
123418
123410
123440
123431
123437
124284
124404
124295
124406
123399
124410
124412
123443
124441
124442
123333
123346
123452
123455
123465
123412
123421
123423
123442
123535
123432
123438
124407
124416
132435
124413
124414
124444
123541
124443
123342
123347
