24
197213 197214 1534
197214 197213 1534
197223 197259 1219
197259 197223 1219
197259 197262 787
197262 197259 787
204190 204282 469
204282 204190 469
204309 204317 255
204317 204309 255
204359 204361 901
204361 204359 901
204361 204365 710
204368 204369 802
204365 204361 710
204369 204368 802
207180 207181 848
207181 207180 848
207192 207193 834
207136 207147 347
207147 207136 347
207187 207194 163
207193 207192 834
207194 207187 163
40
54487
189919
196401
197213
197214
197223
197259
197262
203959
203966
204190
204282
204301
204289
204304
204309
204317
204359
204361
204368
204370
204365
204375
204369
207170
207180
207181
207192
207138
207139
207216
207141
207135
207136
207147
207188
207187
207193
207194
196915
