42
221569 221570 835
221570 221569 835
221570 221771 1669
221771 221570 1669
221771 221772 696
221772 221768 2766
221772 221771 696
221772 221773 731
221768 221767 1175
221768 221772 2766
221773 221573 1632
221773 221772 731
221773 221777 810
221767 221768 1175
221767 221769 2649
221767 221784 534
221767 221785 542
221573 221773 1632
221777 221773 810
221777 221778 1532
221777 221779 687
221777 221780 1388
221769 221767 2649
221784 221767 534
221785 221767 542
221785 221780 1630
221785 221787 1587
221785 221787 1587
221778 221777 1532
221778 221782 92
221779 221777 687
221779 221787 1261
221779 224023 1064
221780 221777 1388
221780 221781 595
221780 221785 1630
221787 221779 1261
221787 221785 1587
221787 221785 1587
221782 221778 92
224023 221779 1064
221781 221780 595
19
221569
221570
221771
221772
221768
221773
221767
221573
221777
221769
221784
221785
221778
221779
221780
221787
221782
224023
221781
