442
105810 105812 5207
105810 115799 1669
105812 105810 5207
105812 105811 3702
105812 116299 1572
115799 105810 1669
115799 115800 603
105811 105812 3702
105811 105813 3672
105811 115775 4531
116299 105812 1572
115800 115799 603
105813 105811 3672
105813 105814 12704
105813 115776 7133
115775 105811 4531
105814 105813 12704
105814 115652 5798
115776 105813 7133
115652 105814 5798
115652 115651 1408
115651 115652 1408
115651 115653 5349
115651 115703 706
115653 115651 5349
115653 115654 3507
115653 115715 2349
115703 115651 706
115703 115702 926
115703 115704 1031
115654 115653 3507
115654 115655 344
115654 115719 273
115715 115653 2349
115715 115716 3163
115715 115773 556
115702 115701 4795
115702 115703 926
115702 115740 1558
115704 115703 1031
115655 115654 344
115655 115656 983
115655 115718 1194
115719 115654 273
115719 115720 80
115719 115721 279
115716 115715 3163
115716 115717 99
115773 115715 556
115701 115699 6864
115701 115702 4795
115701 115741 670
115740 115702 1558
115656 115655 983
115656 115657 820
115656 115705 335
115718 115655 1194
115718 115705 1188
115718 115717 603
115720 115719 80
115721 115719 279
115717 115716 99
115717 115718 603
115717 115769 796
115699 115362 6546
115699 115700 2363
115699 115701 6864
115741 115701 670
115741 115742 1229
115741 115743 128
115657 115656 820
115657 115658 104
115705 115656 335
115705 115706 687
115705 115718 1188
115769 115717 796
115769 115767 804
115769 115770 706
115362 115361 1223
115362 115699 6546
115700 115699 2363
115742 115741 1229
115743 115741 128
115743 115744 3148
115743 115757 515
115658 115657 104
115658 115659 2306
115658 115665 924
115706 115705 687
115767 115764 557
115767 115768 670
115767 115769 804
115770 115769 706
115770 115771 353
115770 115772 884
115361 115362 1223
115361 115363 3445
115361 115406 2054
115744 115713 905
115744 115743 3148
115744 115745 503
115757 115743 515
115757 115758 929
115757 115759 1100
115659 115658 2306
115659 115660 675
115659 115662 1059
115659 115664 749
115665 115621 3429
115665 115658 924
115665 115707 1763
115764 115765 980
115764 115766 1479
115764 115767 557
115768 115767 670
115771 115770 353
115772 115770 884
115363 115361 3445
115363 115412 949
115406 115361 2054
115406 115413 4203
115713 115712 1442
115713 115714 666
115713 115744 905
115745 115744 503
115758 115757 929
115759 115757 1100
115660 115659 675
115660 115661 893
115660 115662 419
115662 115659 1059
115662 115660 419
115662 115663 1124
115664 115659 749
115621 115620 562
115621 115622 1991
115621 115665 3429
115707 115665 1763
115765 115764 980
115766 115709 675
115766 115764 1479
115412 115352 706
115412 115363 949
115413 115406 4203
115413 115408 838
115413 115695 3879
115712 115711 275
115712 115713 1442
115712 115746 445
115714 115710 1508
115714 115713 666
115714 115756 1027
115661 115660 893
115663 115662 1124
115620 115621 562
115620 115624 580
115620 115626 1424
115622 115621 1991
115622 115623 765
115709 115708 1653
115709 115708 1653
115709 115766 675
115352 115353 1663
115352 115412 706
115408 115407 503
115408 115411 1947
115408 115413 838
115695 115413 3879
115695 115694 12556
115695 115696 2361
115711 115710 1013
115711 115712 275
115711 115722 319
115746 115712 445
115710 115711 1013
115710 115714 1508
115710 115723 1406
115710 115753 804
115756 115714 1027
115624 115618 7009
115624 115620 580
115624 115625 2986
115626 115620 1424
115623 115622 765
115708 115709 1653
115708 115709 1653
115353 115352 1663
115407 115408 503
115407 115409 1194
115407 115409 1194
115411 115408 1947
115411 115410 2543
115411 115414 835
115694 115692 1760
115694 115695 12556
115694 115725 3635
115696 115695 2361
115696 115697 1547
115696 115698 1623
115722 115711 319
115722 115723 640
115722 115747 301
115723 115710 1406
115723 115722 640
115723 115748 777
115723 115752 603
115753 115710 804
115753 115754 888
115753 115755 402
115618 115604 2452
115618 115617 974
115618 115624 7009
115625 115624 2986
115409 115407 1194
115409 115407 1194
115409 115410 1346
115410 115409 1346
115410 115411 2543
115414 115411 835
115414 115415 251
115414 115866 1952
115692 115691 1830
115692 115693 2685
115692 115694 1760
115725 115694 3635
115725 115724 1457
115697 115696 1547
115698 115696 1623
115747 115722 301
115748 115723 777
115748 115749 452
115748 115750 700
115752 115723 603
115754 115753 888
115755 115753 402
115604 115590 586
115604 115618 2452
115617 115618 974
115617 115619 2455
115617 115646 4714
115415 115414 251
115415 115670 2787
115866 115414 1952
115691 115692 1830
115691 115724 2623
115693 115692 2685
115724 115691 2623
115724 115725 1457
115749 115748 452
115749 115750 408
115750 115748 700
115750 115749 408
115750 115751 294
115590 115589 3454
115590 115591 2705
115590 115604 586
115619 115605 418
115619 115617 2455
115619 115666 2034
115646 115617 4714
115646 115647 4619
115646 115648 2279
115670 115415 2787
115670 115671 1055
115670 115672 550
115670 115674 713
115751 115750 294
115589 115588 1583
115589 115590 3454
115589 115605 835
115591 115590 2705
115591 115592 804
115591 115601 2347
115605 115589 835
115605 115619 418
115666 115619 2034
115647 115646 4619
115647 115648 2347
115648 115646 2279
115648 115647 2347
115648 116336 1307
115671 115670 1055
115672 115670 550
115672 115673 818
115674 115670 713
115674 115675 3012
115674 115680 373
115588 115589 1583
115588 115599 474
115588 115608 649
115592 115591 804
115592 115593 926
115601 115591 2347
115601 115602 550
115601 116332 1820
116336 115648 1307
115673 115672 818
115675 115674 3012
115675 115676 562
115675 115677 948
115680 115674 373
115680 115681 903
115680 115682 736
115599 115588 474
115599 115598 1649
115599 115603 824
115608 115588 649
115608 115606 139
115608 115609 1541
115593 115297 2278
115593 115592 926
115593 115600 2881
115602 115601 550
116332 115601 1820
115676 115675 562
115677 115675 948
115677 115678 884
115677 115679 749
115681 115680 903
115682 115680 736
115598 115597 808
115598 115599 1649
115598 115603 824
115603 115584 1027
115603 115598 824
115603 115599 824
115606 115583 696
115606 115607 562
115606 115608 139
115609 115608 1541
115609 115610 353
115609 115613 1172
115297 115296 556
115297 115298 3358
115297 115593 2278
115600 115593 2881
115600 115763 1479
115678 115677 884
115679 115677 749
115597 115584 871
115597 115587 749
115597 115598 808
115597 116243 1166
115584 115583 1418
115584 115585 1027
115584 115597 871
115584 115603 1027
115583 115572 511
115583 115584 1418
115583 115606 696
115607 115606 562
115610 115609 353
115610 115611 557
115610 115612 926
115613 115609 1172
115613 115614 913
115296 115297 556
115296 115299 1031
115296 115594 2934
115298 115297 3358
115298 115299 4726
115298 115762 556
115763 115600 1479
115587 115586 1607
115587 115586 1607
115587 115597 749
116243 115597 1166
115585 115584 1027
115572 115573 1531
115572 115574 1011
115572 115583 511
115611 115610 557
115612 115610 926
115614 115613 913
115614 115615 649
115614 115637 1234
115299 115296 1031
115299 115298 4726
115299 115595 3772
115299 115596 278
115594 115296 2934
115594 115595 974
115762 115298 556
115586 115587 1607
115586 115587 1607
115586 115596 687
115573 115572 1531
115573 115575 5248
115573 115577 889
115574 115571 980
115574 115572 1011
115574 115579 542
115615 115614 649
115615 115616 963
115637 115614 1234
115637 115638 1356
115637 115639 3221
115595 115299 3772
115595 115594 974
115596 115299 278
115596 115580 835
115596 115586 687
115575 115553 875
115575 115573 5248
115575 115578 473
115577 115573 889
115577 115576 3922
115577 115581 4667
115571 115291 2275
115571 115570 201
115571 115574 980
115579 115574 542
115579 115580 3355
115616 115615 963
115616 115667 1338
115638 115637 1356
115639 115637 3221
115639 115640 619
115639 115641 515
115639 116252 883
115580 115294 948
115580 115579 3355
115580 115596 835
115553 115538 1447
115553 115554 1004
115553 115575 875
115578 115575 473
115578 115576 937
115576 115577 3922
115576 115578 937
115576 115581 926
115581 115576 926
115581 115577 4667
115291 115571 2275
115570 115571 201
115667 115616 1338
115640 115639 619
115641 115639 515
116252 115639 883
115294 115580 948
115538 115553 1447
115554 115553 1004
200
105810
105812
115799
105811
116299
115800
105813
115775
105814
115776
115652
115651
115653
115703
115654
115715
115702
115704
115655
115719
115716
115773
115701
115740
115656
115718
115720
115721
115717
115699
115741
115657
115705
115769
115362
115700
115742
115743
115658
115706
115767
115770
115361
115744
115757
115659
115665
115764
115768
115771
115772
115363
115406
115713
115745
115758
115759
115660
115662
115664
115621
115707
115765
115766
115412
115413
115712
115714
115661
115663
115620
115622
115709
115352
115408
115695
115711
115746
115710
115756
115624
115626
115623
115708
115353
115407
115411
115694
115696
115722
115723
115753
115618
115625
115409
115410
115414
115692
115725
115697
115698
115747
115748
115752
115754
115755
115604
115617
115415
115866
115691
115693
115724
115749
115750
115590
115619
115646
115670
115751
115589
115591
115605
115666
115647
115648
115671
115672
115674
115588
115592
115601
116336
115673
115675
115680
115599
115608
115593
115602
116332
115676
115677
115681
115682
115598
115603
115606
115609
115297
115600
115678
115679
115597
115584
115583
115607
115610
115613
115296
115298
115763
115587
116243
115585
115572
115611
115612
115614
115299
115594
115762
115586
115573
115574
115615
115637
115595
115596
115575
115577
115571
115579
115616
115638
115639
115580
115553
115578
115576
115581
115291
115570
115667
115640
115641
116252
115294
115538
115554
