24
24944 24948 939
24948 24944 939
24952 24998 737
24998 24952 737
25135 25134 748
25134 25135 748
188070 188083 311
187602 187603 1290
187603 187602 1290
187603 190477 245
190477 187603 245
188279 188280 1396
188083 188070 311
188280 188279 1396
135136 135138 983
135175 135138 751
135138 135136 983
135138 135175 751
135043 135047 476
135062 135372 676
135372 135062 676
135047 135043 476
135047 135048 751
135048 135047 751
38
24944
24948
24952
24998
25003
25022
25023
25135
25134
188073
188070
188027
187587
187639
187602
187603
190477
190480
188279
190782
135143
135149
135150
188081
188083
188096
188196
135128
135136
135175
135183
135187
135138
135043
135062
135372
135047
135048
