28
209721 209725 867
209725 209721 867
209725 209724 1533
209725 209726 1003
209724 209725 1533
209726 209725 1003
209726 209728 846
209726 209798 4253
209728 209726 846
209728 209727 2315
209728 209757 857
209798 209726 4253
209798 209795 2259
209798 209799 706
209727 209728 2315
209727 209755 716
209757 209728 857
209757 209755 2598
209757 209756 755
209795 209798 2259
209799 209798 706
209755 209727 716
209755 209754 900
209755 209757 2598
209756 209754 2779
209756 209757 755
209754 209755 900
209754 209756 2779
13
209721
209725
209724
209726
209728
209798
209727
209757
209795
209799
209755
209756
209754
