556
22675 22676 238
22676 22675 238
22676 22677 612
22677 22676 612
22677 22678 1761
22678 22677 1761
22678 22679 557
22679 22678 557
22679 22680 336
22680 22679 336
22680 22683 2179
22683 22680 2179
22683 22708 1835
22708 22683 1835
22708 22709 696
22708 22710 2616
22708 22711 836
22709 22708 696
22709 22717 649
22710 22708 2616
22710 22741 629
22711 22708 836
22711 22712 629
22711 22713 889
22717 22709 649
22717 22716 950
22717 22718 2754
22741 22710 629
22741 22743 404
22712 22711 629
22712 22714 688
22712 22715 826
22713 22711 889
22713 22727 884
22713 22732 1945
22716 22717 950
22716 22719 2514
22716 22720 3634
22718 22717 2754
22718 22719 836
22718 22742 336
22743 22724 1188
22743 22741 404
22714 22712 688
22715 22712 826
22715 22730 983
22715 22731 924
22727 22701 796
22727 22713 884
22727 22728 1180
22732 22713 1945
22732 22730 452
22732 22738 788
22719 22716 2514
22719 22718 836
22719 22723 747
22719 22724 1303
22720 22716 3634
22720 22758 836
22720 22759 1730
22742 22718 336
22724 22719 1303
22724 22743 1188
22724 22744 870
22730 22715 983
22730 22732 452
22730 22736 1161
22730 22737 1114
22731 22715 924
22701 22699 1234
22701 22707 2104
22701 22727 796
22728 22727 1180
22728 22729 1223
22728 22734 1222
22738 22729 333
22738 22732 788
22738 22739 1114
22738 22892 1014
22723 22719 747
22723 22725 713
22723 22726 1930
22723 22745 637
22758 22681 788
22758 22720 836
22758 22763 2005
22759 22720 1730
22759 22763 818
22759 22800 373
22759 22801 2514
22744 22724 870
22744 22750 847
22744 22753 452
22736 22730 1161
22737 22730 1114
22737 22746 610
22737 22747 434
22699 22686 1004
22699 22700 1258
22699 22701 1234
22707 22701 2104
22707 22706 373
22707 22733 696
22729 22728 1223
22729 22735 589
22729 22738 333
22734 22728 1222
22734 22733 612
22734 22735 679
22739 22738 1114
22739 22747 818
22739 22893 982
22892 22738 1014
22892 22890 1268
22892 22893 889
22725 22723 713
22725 22802 649
22725 22803 1928
22726 22723 1930
22726 22750 276
22726 22803 950
22745 22723 637
22681 22682 1556
22681 22758 788
22681 22760 580
22681 22761 2083
22763 22758 2005
22763 22759 818
22763 22761 747
22763 22766 2556
22800 22759 373
22801 22759 2514
22801 22766 924
22801 22806 889
22801 22807 2526
22750 22726 276
22750 22744 847
22753 22744 452
22746 22737 610
22747 22737 434
22747 22739 818
22747 22748 354
22686 22687 1014
22686 22698 344
22686 22699 1004
22700 22699 1258
22700 22704 1635
22700 22706 982
22706 22700 982
22706 22705 1635
22706 22707 373
22733 22707 696
22733 22734 612
22733 22874 982
22733 22890 889
22735 22729 589
22735 22734 679
22893 22739 982
22893 22892 889
22893 22894 947
22893 22900 612
22890 22733 889
22890 22891 950
22890 22892 1268
22802 22725 649
22802 22804 688
22802 22805 2083
22803 22725 1928
22803 22726 950
22803 22805 580
22803 22816 3749
22682 22681 1556
22760 22681 580
22760 22762 672
22760 22767 1700
22761 22681 2083
22761 22763 747
22761 22764 747
22761 22765 2633
22766 22763 2556
22766 22765 713
22766 22801 924
22766 22811 2515
22806 22801 889
22806 22804 1730
22806 22814 201
22807 22801 2526
22807 22811 688
22807 22819 279
22748 22747 354
22748 22902 924
22748 22903 1014
22687 22686 1014
22698 22684 556
22698 22686 344
22698 22704 1528
22704 22698 1528
22704 22700 1635
22704 22705 982
22705 22704 982
22705 22706 1635
22874 22733 982
22874 22891 975
22894 22893 947
22894 22907 336
22900 22893 612
22900 22898 600
22891 22874 975
22891 22890 950
22891 22895 562
22804 22802 688
22804 22806 1730
22805 22802 2083
22805 22803 580
22805 22814 747
22805 22815 3655
22816 22803 3749
22816 22815 847
22762 22754 1014
22762 22760 672
22762 22767 1600
22767 22760 1700
22767 22762 1600
22767 22764 275
22764 22757 1004
22764 22761 747
22764 22767 275
22764 22772 3065
22765 22761 2633
22765 22766 713
22765 22772 782
22765 22810 2281
22811 22766 2515
22811 22807 688
22811 22810 836
22811 22825 517
22814 22805 747
22814 22806 201
22814 22817 2045
22819 22807 279
22819 22817 818
22819 22826 1576
22902 22748 924
22903 22748 1014
22903 22904 1560
22903 22907 336
22684 22685 765
22684 22698 556
22907 22894 336
22907 22903 336
22907 22908 904
22898 22895 561
22898 22900 600
22895 22891 562
22895 22898 561
22815 22805 3655
22815 22816 847
22815 22820 847
22754 22756 1124
22754 22757 1945
22754 22762 1014
22757 22754 1945
22757 22764 1004
22757 22773 1770
22772 22764 3065
22772 22765 782
22772 22809 1000
22772 22812 1700
22810 22765 2281
22810 22811 836
22810 22823 610
22825 22811 517
22825 22824 1458
22825 22827 950
22817 22814 2045
22817 22819 818
22817 22820 1653
22826 22819 1576
22826 22820 847
22826 22827 884
22826 22976 1730
22904 22903 1560
22685 22684 765
22685 22688 1139
22908 22907 904
22908 22910 1932
22908 22911 788
22820 22815 847
22820 22817 1653
22820 22826 847
22756 22754 1124
22756 22768 924
22756 22769 2992
22773 22757 1770
22773 22769 1022
22773 22809 1377
22809 22772 1000
22809 22773 1377
22809 22808 893
22809 22813 1301
22812 22772 1700
22812 22813 847
22812 22823 275
22823 22810 610
22823 22812 275
22823 22824 708
22824 22823 708
22824 22825 1458
22824 22828 951
22827 22825 950
22827 22826 884
22827 22828 1457
22827 22974 750
22976 22826 1730
22688 22685 1139
22910 22908 1932
22911 22908 788
22911 22921 2110
22768 22756 924
22768 22770 778
22768 22771 2417
22769 22756 2992
22769 22771 950
22769 22773 1022
22769 22808 1770
22808 22769 1770
22808 22791 983
22808 22809 893
22813 22809 1301
22813 22812 847
22813 22821 580
22813 22822 1852
22828 22822 1085
22828 22824 951
22828 22827 1457
22828 22829 826
22974 22827 750
22974 22829 1426
22974 22977 826
22921 22911 2110
22770 22768 778
22770 22775 445
22770 22784 2240
22771 22768 2417
22771 22769 950
22771 22784 1031
22771 22791 1690
22791 22771 1690
22791 22808 983
22791 22830 905
22821 22813 580
22821 22832 1979
22821 22842 1025
22822 22813 1852
22822 22828 1085
22822 22843 562
22822 22846 716
22829 22828 826
22829 22974 1426
22829 22978 826
22977 22974 826
22977 22978 1426
22775 22755 1631
22775 22770 445
22775 22785 782
22784 22770 2240
22784 22771 1031
22784 22788 950
22784 22792 1385
22830 22791 905
22830 22792 354
22830 22831 983
22830 22832 1142
22832 22821 1979
22832 22830 1142
22832 22833 1873
22832 22834 1062
22842 22821 1025
22842 22834 1848
22842 22843 904
22843 22822 562
22843 22842 904
22843 22844 1741
22846 22822 716
22846 22845 187
22846 23001 413
22978 22829 826
22978 22977 1426
22755 22774 1004
22755 22775 1631
22785 22775 782
22785 22786 764
22785 22787 893
22785 22788 1738
22788 22784 950
22788 22785 1738
22788 22789 924
22788 22795 1385
22792 22784 1385
22792 22795 950
22792 22830 354
22831 22794 1031
22831 22795 275
22831 22830 983
22833 22794 1197
22833 22832 1873
22833 22835 1873
22833 22838 1062
22834 22832 1062
22834 22838 1873
22834 22842 1848
22834 22844 869
22844 22834 869
22844 22843 1741
22844 22847 788
22844 22848 1955
22845 22846 187
22845 23001 344
22845 23002 1377
23001 22845 344
23001 22846 413
23001 22847 1873
23001 23003 1612
22774 22755 1004
22786 22785 764
22787 22785 893
22787 22789 1576
22787 22790 893
22789 22787 1576
22789 22788 924
22789 22793 950
22789 22794 1690
22795 22788 1385
22795 22792 950
22795 22831 275
22794 22789 1690
22794 22799 847
22794 22831 1031
22794 22833 1197
22835 22798 1142
22835 22833 1873
22835 22836 1142
22835 22837 1873
22838 22833 1062
22838 22834 1873
22838 22836 1848
22838 22848 982
22847 22844 788
22847 22849 1848
22847 23001 1873
22848 22838 982
22848 22844 1955
22848 22849 764
22848 22850 818
23002 22845 1377
23002 23006 403
23003 23001 1612
22790 22787 893
22790 22793 1336
22790 22796 893
22793 22789 950
22793 22790 1336
22793 22797 818
22793 22799 1657
22799 22793 1657
22799 22794 847
22799 22798 905
22798 22780 1055
22798 22797 1770
22798 22799 905
22798 22835 1142
22836 22835 1142
22836 22838 1848
22836 22839 924
22836 22840 354
22837 22783 1142
22837 22835 1873
22837 22841 1142
22837 23131 358
22849 22847 1848
22849 22848 764
22849 22855 275
22850 22848 818
22850 22851 950
22850 22853 681
23006 23002 403
23006 23007 434
22796 22779 1014
22796 22790 893
22796 22797 1142
22797 22793 818
22797 22796 1142
22797 22798 1770
22780 22779 2752
22780 22783 818
22780 22798 1055
22839 22836 924
22839 22840 975
22839 22841 950
22840 22836 354
22840 22839 975
22840 22851 516
22783 22778 2638
22783 22780 818
22783 22837 1142
22783 23110 245
22841 22837 1142
22841 22839 950
22841 23135 469
23131 22837 358
22855 22849 275
22851 22840 516
22851 22850 950
22851 22852 354
22853 22850 681
23007 23006 434
23007 23008 511
23007 23009 551
23007 23020 1179
22779 22778 905
22779 22780 2752
22779 22796 1014
22778 22779 905
22778 22782 58
22778 22783 2638
23110 22783 245
23110 23109 230
23135 22841 469
22852 22851 354
23008 23005 1576
23008 23007 511
23008 23010 475
23009 23007 551
23009 23010 557
23009 23020 889
23009 23023 3305
23020 22996 927
23020 23007 1179
23020 23009 889
23020 23022 3001
22782 22778 58
22782 22781 285
23109 23093 475
23109 23110 230
23005 23004 354
23005 23008 1576
23010 23008 475
23010 23009 557
23023 23009 3305
23023 23022 713
22996 23020 927
23022 23020 3001
23022 23023 713
22781 22782 285
23093 23109 475
23004 23005 354
200
22675
22676
22677
22678
22679
22680
22683
22708
22709
22710
22711
22717
22741
22712
22713
22716
22718
22743
22714
22715
22727
22732
22719
22720
22742
22724
22730
22731
22701
22728
22738
22723
22758
22759
22744
22736
22737
22699
22707
22729
22734
22739
22892
22725
22726
22745
22681
22763
22800
22801
22750
22753
22746
22747
22686
22700
22706
22733
22735
22893
22890
22802
22803
22682
22760
22761
22766
22806
22807
22748
22687
22698
22704
22705
22874
22894
22900
22891
22804
22805
22816
22762
22767
22764
22765
22811
22814
22819
22902
22903
22684
22907
22898
22895
22815
22754
22757
22772
22810
22825
22817
22826
22904
22685
22908
22820
22756
22773
22809
22812
22823
22824
22827
22976
22688
22910
22911
22768
22769
22808
22813
22828
22974
22921
22770
22771
22791
22821
22822
22829
22977
22775
22784
22830
22832
22842
22843
22846
22978
22755
22785
22788
22792
22831
22833
22834
22844
22845
23001
22774
22786
22787
22789
22795
22794
22835
22838
22847
22848
23002
23003
22790
22793
22799
22798
22836
22837
22849
22850
23006
22796
22797
22780
22839
22840
22783
22841
23131
22855
22851
22853
23007
22779
22778
23110
23135
22852
23008
23009
23020
22782
23109
23005
23010
23023
22996
23022
22781
23093
23004
