80
81629 81834 850
81629 86859 1545
81834 81629 850
81834 81833 2451
81834 81844 523
86859 81629 1545
81833 81832 1176
81833 81834 2451
81833 81843 688
81844 81834 523
81844 90951 419
81832 81833 1176
81832 81847 932
81843 81833 688
81843 90950 525
90951 81844 419
90951 90950 1772
81847 81832 932
81847 81839 1013
90950 81843 525
90950 90951 1772
81839 81786 1280
81839 81840 1367
81839 81847 1013
81786 81785 886
81786 81787 811
81786 81839 1280
81840 81835 1089
81840 81839 1367
81840 81841 1089
81840 90718 1564
81785 81783 929
81785 81786 886
81785 90965 680
81787 81786 811
81787 81788 1436
81787 81838 2423
81835 81802 1171
81835 81840 1089
81835 81842 950
81835 90719 1564
81841 81840 1089
90718 81840 1564
81783 81782 680
81783 81784 374
81783 81785 929
90965 81785 680
81788 81787 1436
81788 81789 2564
81788 81799 681
81838 81787 2423
81802 81800 753
81802 81803 1228
81802 81835 1171
81802 81836 1625
81842 81835 950
90719 81835 1564
81782 81783 680
81784 81783 374
81789 81788 2564
81799 81780 2529
81799 81788 681
81800 81801 721
81800 81802 753
81800 81848 356
81803 81802 1228
81836 81802 1625
81836 81849 438
81780 81779 1033
81780 81799 2529
81801 81800 721
81801 90720 1524
81848 81800 356
81848 81849 989
81849 81836 438
81849 81848 989
81779 81780 1033
90720 81801 1524
90720 90721 782
90721 90720 782
39
81629
81834
86859
81833
81844
81832
81843
90951
81847
90950
81839
81786
81840
81785
81787
81835
81841
90718
81783
90965
81788
81838
81802
81842
90719
81782
81784
81789
81799
81800
81803
81836
81780
81801
81848
81849
81779
90720
90721
