24
68713 68715 1019
68715 68713 1019
68730 68731 1505
68731 68730 1505
68741 68753 2015
68753 68741 2015
69156 69199 1230
69199 69156 1230
69199 69201 436
69201 69199 436
69204 69207 739
69207 69204 739
69400 69401 777
69401 69400 777
69403 76612 494
76612 69403 494
69463 69461 667
69463 69465 924
69461 69463 667
69465 69463 924
69398 69417 519
69417 69398 519
69475 69472 796
69472 69475 796
32
68713
68715
68730
68731
68741
68753
68758
68761
69142
69153
69156
69199
69201
69204
69207
69218
69399
69401
69403
72632
69633
78484
69377
69478
69463
69461
69465
69398
69417
69411
69449
69472
