24
249842 249844 3042
249815 249813 1085
249813 249815 1085
249844 249842 3042
249868 249880 275
249880 249868 275
250136 250135 275
250151 250154 336
250154 250151 336
250078 250135 336
250135 250078 336
250135 250136 275
249803 249823 1253
249823 249803 1253
250813 250812 1454
250812 250813 1454
250798 250717 877
250717 250720 847
250717 250798 877
250720 250717 847
249497 249498 604
249497 249784 2407
249498 249497 604
249784 249497 2407
32
249910
249842
249850
249815
249813
249845
249844
249867
249868
249880
249887
249920
249925
250114
250136
250134
250151
250154
250076
250078
249796
249803
249823
250787
250813
250805
250812
250818
250798
250717
250720
250724
