58
89047 89055 890
89047 91438 876
89055 89047 890
89055 89054 384
89055 91439 1016
91438 89047 876
89054 89052 873
89054 89055 384
89054 91312 284
91439 89055 1016
89052 89053 643
89052 89054 873
91312 89054 284
91312 91310 204
91312 91440 304
89053 89052 643
91310 91309 173
91310 91311 822
91310 91312 204
91440 91312 304
91309 91306 86
91309 91308 743
91309 91310 173
91311 91310 822
91306 91307 426
91306 91307 426
91306 91309 86
91308 91309 743
91308 91530 1379
91307 91306 426
91307 91306 426
91307 91441 569
91307 91442 1333
91530 91308 1379
91441 91307 569
91442 91307 1333
91442 91435 308
91442 91529 1634
91435 91433 396
91435 91436 1953
91435 91442 308
91529 91442 1634
91433 91385 716
91433 91434 947
91433 91435 396
91436 91435 1953
91385 91384 431
91385 91386 792
91385 91433 716
91434 91433 947
91384 91382 599
91384 91385 431
91384 91437 908
91386 91385 792
91382 91383 1188
91382 91384 599
91437 91384 908
91383 91382 1188
29
89047
89055
91438
89054
91439
89052
91312
89053
91310
91440
91309
91311
91306
91308
91307
91530
91441
91442
91435
91529
91433
91436
91385
91434
91384
91386
91382
91437
91383
