232
86775 86776 3166
86775 86777 770
86776 86775 3166
86776 86794 6205
86777 86775 770
86777 86778 910
86794 86776 6205
86794 86793 1014
86778 86777 910
86778 86779 4435
86778 86782 8710
86793 86794 1014
86793 87047 813
86779 86778 4435
86779 86780 2324
86779 86781 655
86782 86778 8710
86782 86783 1832
87047 86793 813
87047 86875 650
86780 86779 2324
86781 86779 655
86783 86782 1832
86783 86784 2172
86783 86866 2219
86783 86871 925
86875 86874 585
86875 87047 650
86784 86783 2172
86866 86783 2219
86866 86867 1622
86871 86783 925
86871 86870 392
86874 86875 585
86874 87069 763
86867 86866 1622
86867 86868 4062
86870 86871 392
86870 86872 575
87069 86874 763
87069 87052 1475
87069 87066 2462
86868 86867 4062
86868 86869 1289
86868 90805 2118
86872 86870 575
86872 86873 28
87052 87051 893
87052 87053 755
87052 87069 1475
87066 86974 1262
87066 87067 1710
87066 87069 2462
86869 86850 957
86869 86868 1289
90805 86868 2118
86873 86872 28
87051 87050 2494
87051 87052 893
87051 87068 1343
87053 87052 755
86974 86975 3287
86974 86976 1280
86974 87065 2494
86974 87066 1262
86974 87090 4067
87067 87065 1350
87067 87066 1710
87067 87068 925
86850 86849 3824
86850 86851 4408
86850 86869 957
87050 87049 1056
87050 87051 2494
87068 87049 2218
87068 87051 1343
87068 87067 925
86975 86973 2373
86975 86974 3287
86976 86974 1280
86976 86977 2362
86976 87060 2319
87065 86974 2494
87065 87037 713
87065 87067 1350
87090 86973 4412
87090 86974 4067
87090 87092 5135
86849 86850 3824
86849 86855 1701
86851 86850 4408
87049 87039 1484
87049 87050 1056
87049 87068 2218
86973 86971 344
86973 86975 2373
86973 87090 4412
86977 86976 2362
86977 86978 911
87060 86976 2319
87060 87030 2621
87060 87054 713
87060 87061 1091
87037 87039 356
87037 87065 713
87092 87090 5135
87092 87091 3233
87092 90806 1016
86855 86849 1701
86855 86854 3184
87039 87037 356
87039 87040 1621
87039 87049 1484
86971 86970 3428
86971 86972 1321
86971 86973 344
86978 86977 911
86978 86979 886
86978 87061 474
87030 86981 1219
87030 87031 1516
87030 87032 688
87030 87060 2621
87054 87060 713
87061 86978 474
87061 86979 413
87061 87060 1091
87091 87055 3134
87091 87092 3233
90806 87092 1016
90806 90807 984
90806 90808 6
86854 86855 3184
87040 87039 1621
87040 87041 1356
87040 87048 1032
86970 86971 3428
86972 86971 1321
86979 86978 886
86979 86980 7
86979 87061 413
86981 86980 1027
86981 86982 1102
86981 87030 1219
87031 86982 505
87031 87030 1516
87032 87030 688
87055 86914 793
87055 87091 3134
90807 90806 984
90808 90806 6
90808 90809 1455
87041 87040 1356
87041 87042 821
87048 87040 1032
87048 87044 1589
86980 86979 7
86980 86981 1027
86982 86981 1102
86982 86983 919
86982 87031 505
86914 86908 3486
86914 86915 5625
86914 87055 793
90809 90808 1455
90809 90810 7
87042 87041 821
87044 87045 519
87044 87048 1589
86983 86982 919
86983 86984 831
86983 86985 1542
86983 87036 2175
86908 86907 607
86908 86909 698
86908 86914 3486
86915 86914 5625
90810 90809 7
87045 87044 519
86984 86983 831
86985 86983 1542
86985 86986 943
86985 87089 1234
87036 86983 2175
87036 91107 611
86907 86906 812
86907 86908 607
86909 86908 698
86909 86910 1576
86909 86913 1106
86986 86985 943
86986 86987 3295
87089 86985 1234
87089 87064 1561
91107 87036 611
91107 91108 2452
91107 91109 961
86906 86904 3160
86906 86907 812
86906 87056 4717
86910 86909 1576
86910 86911 956
86910 86912 1862
86913 86909 1106
86987 86986 3295
86987 86988 607
86987 87062 277
87064 87063 1176
87064 87089 1561
91108 91107 2452
91109 91107 961
86904 86905 958
86904 86906 3160
86904 87133 1601
87056 86906 4717
87056 87057 1397
86911 86910 956
86912 86910 1862
86988 86987 607
86988 86989 1707
87062 86987 277
87063 87064 1176
87063 91110 1407
86905 86904 958
87133 86904 1601
87057 87056 1397
87057 87058 755
87057 87059 698
86989 86988 1707
91110 87063 1407
87058 87057 755
87059 87057 698
88
86776
86794
86793
87047
86875
86784
86874
87069
87052
87066
87051
87053
86974
87067
87050
87068
86975
86976
87065
87090
86851
87049
86973
86977
87060
87037
87092
87039
86971
86978
87030
87054
87061
87091
90806
86854
87040
86970
86972
86979
86981
87031
87032
87055
90807
90808
87041
87048
86980
86982
86914
90809
87042
87044
86983
86908
86915
90810
87045
86984
86985
87036
86907
86909
86986
87089
91107
86906
86910
86913
86987
87064
91108
91109
86904
87056
86911
86912
86988
87062
87063
86905
87133
87057
86989
91110
87058
87059
