492
38458 40238 629
40238 38458 629
40238 40227 1063
40227 40228 1780
40227 40238 1063
40227 40239 421
40228 40227 1780
40239 40227 421
40239 40241 1063
40241 40239 1063
40241 40249 3802
40241 40250 810
40249 40241 3802
40250 40241 810
40250 40251 848
40250 40252 476
40251 40250 848
40251 40253 1225
40252 40250 476
40252 40255 537
40252 40257 276
40253 40251 1225
40253 40258 1094
40253 40260 272
40255 40252 537
40255 40254 1293
40255 40256 562
40257 40252 276
40257 40256 276
40257 40258 1675
40258 40253 1094
40258 40257 1675
40258 40264 796
40260 40253 272
40254 40237 788
40254 40255 1293
40254 40280 2510
40256 40255 562
40256 40257 276
40256 40259 905
40264 40258 796
40237 40233 1120
40237 40254 788
40237 40270 1079
40280 40254 2510
40280 40259 476
40280 40282 599
40259 40256 905
40259 40280 476
40259 40281 1906
40233 40230 1014
40233 40236 677
40233 40237 1120
40270 40237 1079
40282 40280 599
40282 40283 1027
40282 40284 2237
40281 40259 1906
40230 40231 2823
40230 40233 1014
40230 40234 1103
40236 40233 677
40283 40282 1027
40283 40290 878
40284 40282 2237
40284 40292 905
40231 40230 2823
40231 40234 2224
40231 40269 1205
40234 40230 1103
40234 40231 2224
40234 40235 751
40290 40283 878
40290 40291 1640
40290 40297 1558
40290 40302 765
40292 40284 905
40292 40293 782
40269 40231 1205
40235 40234 751
40291 40290 1640
40291 40294 562
40291 40304 924
40291 40305 709
40297 40290 1558
40302 40290 765
40302 40298 1004
40302 40304 629
40293 40292 782
40293 40369 421
40293 40385 1262
40294 40291 562
40294 40295 1305
40294 40306 517
40304 40291 924
40304 40302 629
40304 40303 1014
40304 40308 1143
40305 40291 709
40305 40306 511
40305 40308 1029
40305 40311 1211
40298 40299 445
40298 40302 1004
40298 40303 709
40369 40288 517
40369 40293 421
40385 40293 1262
40295 40294 1305
40306 40294 517
40306 40305 511
40303 40298 709
40303 40304 1014
40303 40307 952
40308 40304 1143
40308 40305 1029
40308 40307 1111
40308 40310 1009
40311 40305 1211
40311 40310 1022
40311 40475 1008
40299 40298 445
40288 40266 1697
40288 40289 1810
40288 40369 517
40307 40303 952
40307 40308 1111
40307 40309 344
40310 40278 276
40310 40308 1009
40310 40311 1022
40475 40311 1008
40475 40477 336
40475 40544 673
40475 40545 1274
40266 40265 1675
40266 40288 1697
40289 40288 1810
40309 40307 344
40278 40279 2901
40278 40310 276
40278 40476 878
40477 40475 336
40477 40476 788
40477 40478 677
40544 40475 673
40545 40475 1274
40545 40548 1994
40545 40557 765
40265 40261 517
40265 40266 1675
40279 40275 3185
40279 40278 2901
40476 40278 878
40476 40477 788
40476 40479 202
40478 40477 677
40548 40545 1994
40548 40560 738
40557 40545 765
40261 40262 1029
40261 40265 517
40275 40273 2358
40275 40277 337
40275 40279 3185
40275 40447 1116
40479 40473 2237
40479 40476 202
40479 40480 2159
40560 40548 738
40262 40261 1029
40273 40271 1700
40273 40275 2358
40273 40276 790
40277 40275 337
40447 40275 1116
40447 40448 1014
40447 40452 849
40473 40471 1447
40473 40474 337
40473 40479 2237
40480 40468 7254
40480 40479 2159
40480 40559 2033
40271 40272 893
40271 40273 1700
40271 40274 517
40276 40273 790
40276 40443 452
40276 40444 562
40276 40445 1262
40448 40447 1014
40448 40453 870
40448 40471 2138
40452 40446 796
40452 40447 849
40452 40453 905
40452 40463 2645
40471 40448 2138
40471 40472 599
40471 40473 1447
40474 40473 337
40468 40453 2358
40468 40466 333
40468 40480 7254
40559 40480 2033
40559 40562 1221
40559 40564 952
40272 40271 893
40274 40271 517
40443 40276 452
40444 40276 562
40444 40446 1338
40444 40449 1116
40445 40276 1262
40445 40449 344
40445 40450 927
40453 40448 870
40453 40452 905
40453 40468 2358
40446 40444 1338
40446 40449 688
40446 40452 796
40446 40462 1697
40463 40452 2645
40463 40464 1576
40463 40466 893
40472 40471 599
40466 40463 893
40466 40467 757
40466 40468 333
40562 40559 1221
40562 40563 435
40562 40597 556
40562 40599 878
40564 40559 952
40564 40599 1188
40564 40602 751
40449 40444 1116
40449 40445 344
40449 40446 688
40450 40442 1438
40450 40445 927
40450 40451 1008
40462 40446 1697
40464 40459 993
40464 40463 1576
40467 40465 3011
40467 40466 757
40467 40469 556
40467 40470 849
40563 40562 435
40597 40562 556
40599 40562 878
40599 40564 1188
40599 40600 652
40599 40601 807
40602 40564 751
40602 40601 1085
40602 40603 738
40442 40450 1438
40442 40455 551
40451 40450 1008
40459 40456 709
40459 40460 1663
40459 40464 993
40459 40465 806
40465 40459 806
40465 40461 1798
40465 40467 3011
40465 40488 677
40469 40467 556
40470 40467 849
40470 40494 111
40470 40517 353
40600 40599 652
40601 40599 807
40601 40602 1085
40603 40602 738
40603 40604 1141
40603 40606 2104
40455 40442 551
40455 40456 751
40455 40457 1594
40456 39747 1695
40456 40455 751
40456 40458 1111
40456 40459 709
40460 39747 629
40460 39748 2068
40460 40459 1663
40460 40461 827
40461 40460 827
40461 40465 1798
40461 40484 827
40461 40485 1831
40488 40465 677
40488 40484 1867
40488 40491 252
40494 40470 111
40494 40492 782
40494 40493 841
40517 40470 353
40604 40539 2496
40604 40603 1141
40604 40613 878
40606 40603 2104
40457 39747 709
40457 40455 1594
39747 39707 2273
39747 40456 1695
39747 40457 709
39747 40460 629
40458 40456 1111
39748 39707 738
39748 39746 1220
39748 39755 505
39748 40460 2068
40484 40461 827
40484 40482 2068
40484 40487 709
40484 40488 1867
40485 40461 1831
40491 40488 252
40491 40489 673
40491 40492 1897
40492 40491 1897
40492 40494 782
40492 40495 673
40493 40494 841
40539 40538 1530
40539 40604 2496
40539 40609 474
40613 40604 878
40613 40610 2388
40613 40614 807
39707 39708 435
39707 39747 2273
39707 39748 738
39746 39706 1180
39746 39748 1220
39746 39749 1221
39755 39748 505
39755 39753 747
39755 40483 363
40482 40483 847
40482 40484 2068
40482 40486 709
40487 40484 709
40487 40486 2068
40487 40489 2035
40487 40490 827
40489 40487 2035
40489 40491 673
40489 40496 551
40495 40492 673
40495 40496 1322
40495 40501 757
40538 40537 1225
40538 40539 1530
40538 40540 873
40609 40539 474
40609 40540 1484
40609 40610 476
40610 40609 476
40610 40612 807
40610 40613 2388
40614 40612 2388
40614 40613 807
40614 40616 807
39708 39707 435
39706 39746 1180
39749 39746 1221
39749 39750 248
39749 39751 1692
39753 39754 610
39753 39755 747
39753 40506 2690
40483 39755 363
40483 40482 847
40486 40482 709
40486 40487 2068
40486 40506 709
40490 40487 827
40490 40498 1220
40490 40508 1161
40490 40509 984
40496 40489 551
40496 40495 1322
40496 40497 168
40501 40495 757
40501 40500 1022
40501 40505 932
40537 40534 1161
40537 40535 1353
40537 40538 1225
40540 40538 873
40540 40542 1636
40540 40609 1484
40612 40610 807
40612 40614 2388
40612 40615 682
40616 40614 807
40616 40615 2714
40616 40617 605
39750 39744 332
39750 39749 248
39751 39749 1692
39754 39753 610
40506 39753 2690
40506 40486 709
40506 40507 276
40498 40490 1220
40498 40497 747
40498 40499 1259
40508 40490 1161
40508 40507 983
40508 40509 1375
40509 40490 984
40509 40508 1375
40509 40511 827
40497 40496 168
40497 40498 747
40497 40500 677
40500 40497 677
40500 40501 1022
40500 40504 878
40505 40501 932
40505 40504 650
40505 40512 1161
40534 40520 1353
40534 40529 836
40534 40537 1161
40534 40541 1079
40535 40521 238
40535 40536 279
40535 40537 1353
40542 40540 1636
40542 40541 788
40542 40543 927
40615 40612 682
40615 40616 2714
40615 41129 344
40617 40616 605
40617 41132 2262
40617 41134 878
39744 39741 581
39744 39745 1853
39744 39750 332
40507 39956 709
40507 40506 276
40507 40508 983
40499 40498 1259
40511 40509 827
40511 40510 2321
40511 40515 610
40504 40500 878
40504 40505 650
40504 40513 252
40512 40505 1161
40520 40519 807
40520 40521 927
40520 40526 927
40520 40534 1353
40529 40526 1411
40529 40532 927
40529 40534 836
40541 40534 1079
40541 40542 788
40541 41029 1585
40521 40520 927
40521 40535 238
40536 40535 279
40543 40542 927
41129 40615 344
41132 40617 2262
41134 40617 878
39741 39744 581
39745 39744 1853
39956 40507 709
39956 40510 1224
40510 39956 1224
40510 40511 2321
40515 40511 610
40515 40513 1779
40513 40504 252
40513 40515 1779
40519 40520 807
40526 40520 927
40526 40529 1411
40532 40529 927
41029 40541 1585
200
38458
40238
40227
40228
40239
40241
40249
40250
40251
40252
40253
40255
40257
40258
40260
40254
40256
40264
40237
40280
40259
40233
40270
40282
40281
40230
40236
40283
40284
40231
40234
40290
40292
40269
40235
40291
40297
40302
40293
40294
40304
40305
40298
40369
40385
40295
40306
40303
40308
40311
40299
40288
40307
40310
40475
40266
40289
40309
40278
40477
40544
40545
40265
40279
40476
40478
40548
40557
40261
40275
40479
40560
40262
40273
40277
40447
40473
40480
40271
40276
40448
40452
40471
40474
40468
40559
40272
40274
40443
40444
40445
40453
40446
40463
40472
40466
40562
40564
40449
40450
40462
40464
40467
40563
40597
40599
40602
40442
40451
40459
40465
40469
40470
40600
40601
40603
40455
40456
40460
40461
40488
40494
40517
40604
40606
40457
39747
40458
39748
40484
40485
40491
40492
40493
40539
40613
39707
39746
39755
40482
40487
40489
40495
40538
40609
40610
40614
39708
39706
39749
39753
40483
40486
40490
40496
40501
40537
40540
40612
40616
39750
39751
39754
40506
40498
40508
40509
40497
40500
40505
40534
40535
40542
40615
40617
39744
40507
40499
40511
40504
40512
40520
40529
40541
40521
40536
40543
41129
41132
41134
39741
39745
39956
40510
40515
40513
40519
40526
40532
41029
