518
53651 222821 2781
222821 53651 2781
222821 222840 1462
222840 222821 1462
222840 222839 1311
222840 222841 3113
222840 222882 140
222839 222835 2747
222839 222838 1133
222839 222840 1311
222841 222835 988
222841 222840 3113
222841 222848 342
222841 222882 3205
222882 222840 140
222882 222841 3205
222882 222883 1184
222835 222832 938
222835 222839 2747
222835 222841 988
222835 222842 346
222838 222828 828
222838 222832 2366
222838 222839 1133
222848 222841 342
222848 222843 1309
222883 222882 1184
222883 222884 3055
222883 222885 1659
222832 222829 788
222832 222834 1328
222832 222835 938
222832 222838 2366
222842 222835 346
222842 222844 762
222828 222826 1292
222828 222829 2069
222828 222838 828
222843 222844 606
222843 222846 1890
222843 222847 840
222843 222848 1309
222843 222850 1729
222884 222849 708
222884 222852 346
222884 222883 3055
222885 222883 1659
222885 222886 1028
222829 222827 833
222829 222828 2069
222829 222832 788
222829 222833 3898
222834 222832 1328
222844 222842 762
222844 222843 606
222844 222845 2140
222826 222823 776
222826 222827 1574
222826 222828 1292
222846 222843 1890
222846 222866 70
222847 222843 840
222847 222851 1353
222847 222854 164
222850 222843 1729
222850 222849 349
222850 222851 427
222849 222850 349
222849 222884 708
222852 222851 892
222852 222884 346
222886 222885 1028
222886 222897 448
222886 222898 1412
222886 222903 1231
222827 222826 1574
222827 222829 833
222827 222830 1267
222833 222813 1012
222833 222829 3898
222833 224778 611
222845 222837 771
222845 222844 2140
222845 222860 413
222823 222822 366
222823 222824 382
222823 222825 2457
222823 222826 776
222866 218573 588
222866 222602 1941
222866 222846 70
222851 222847 1353
222851 222850 427
222851 222852 892
222854 222847 164
222854 222855 1189
222897 222886 448
222898 222886 1412
222898 222899 584
222898 224883 732
222903 222886 1231
222903 222904 1570
222903 223004 963
222830 222825 807
222830 222827 1267
222830 222831 1016
222813 222814 961
222813 222833 1012
222813 222856 977
222813 224007 3142
224778 222833 611
222837 222836 1749
222837 222845 771
222837 222857 853
222860 218670 422
222860 222845 413
222860 222853 458
222822 222823 366
222824 222803 419
222824 222823 382
222824 224448 307
222825 222823 2457
222825 222830 807
222825 222831 880
218573 218574 862
218573 222853 696
218573 222866 588
222602 222603 499
222602 222866 1941
222855 222854 1189
222855 222892 558
222855 222925 2241
222899 222898 584
222899 222900 262
224883 222898 732
222904 222901 1164
222904 222903 1570
223004 222903 963
223004 223005 1485
223004 223006 773
222831 222825 880
222831 222830 1016
222814 217341 955
222814 222813 961
222814 224010 1971
222856 218560 734
222856 222813 977
222856 222857 830
222856 222858 1554
224007 218553 645
224007 222813 3142
224007 222817 442
222836 222837 1749
222857 218670 769
222857 222837 853
222857 222856 830
218670 218559 586
218670 218669 314
218670 222853 257
218670 222857 769
218670 222860 422
222853 218573 696
222853 218670 257
222853 222860 458
222803 222801 880
222803 222804 3344
222803 222824 419
224448 222824 307
218574 218528 441
218574 218573 862
222603 222602 499
222603 222604 916
222603 222868 139
222603 224261 1084
222892 222855 558
222892 222891 1620
222892 222896 818
222925 222855 2241
222925 222868 535
222900 222899 262
222900 222901 1374
222900 222902 891
222901 222900 1374
222901 222904 1164
222901 222905 779
223005 223004 1485
223005 223007 367
223005 223008 970
223006 223004 773
223006 223008 1550
223006 223026 843
217341 217342 518
217341 222804 2643
217341 222809 903
217341 222814 955
224010 222814 1971
218560 218529 1084
218560 218559 365
218560 222856 734
218560 222859 1580
222858 222819 1944
222858 222856 1554
222858 222859 705
218553 218552 408
218553 224007 645
222817 222815 1553
222817 222819 941
222817 224007 442
218559 218560 365
218559 218669 452
218559 218670 586
218669 218528 936
218669 218559 452
218669 218670 314
222801 222795 1266
222801 222802 3509
222801 222803 880
222804 217341 2643
222804 222803 3344
218528 218529 168
218528 218574 441
218528 218669 936
222604 218529 1552
222604 222603 916
222604 222869 156
222604 222871 1668
222868 222603 139
222868 222869 912
222868 222870 1338
222868 222925 535
224261 222603 1084
222891 222890 791
222891 222892 1620
222896 222892 818
222896 222894 981
222896 222927 583
222902 222887 808
222902 222900 891
222902 222905 1524
222905 222901 779
222905 222902 1524
222905 222907 857
222905 222910 806
223007 223005 367
223007 223009 1135
223007 223010 876
223008 223005 970
223008 223006 1550
223008 223028 554
223008 223029 285
223026 222906 223
223026 223006 843
217342 217341 518
222809 217341 903
222809 219190 2875
222809 222798 1116
222809 222799 1805
218529 218528 168
218529 218560 1084
218529 222604 1552
218529 222867 1756
222859 218560 1580
222859 222858 705
222859 222862 386
222819 222817 941
222819 222858 1944
222819 222861 806
218552 218553 408
222815 222816 584
222815 222817 1553
222795 222796 683
222795 222801 1266
222795 222805 1330
222802 222799 451
222802 222801 3509
222869 222604 156
222869 222868 912
222869 222871 1660
222869 222879 1059
222871 222604 1668
222871 222869 1660
222871 222872 612
222871 222878 1705
222870 222868 1338
222870 222926 661
222870 222928 1341
222890 222888 348
222890 222891 791
222890 222894 595
222894 222890 595
222894 222895 849
222894 222896 981
222927 222896 583
222927 222928 880
222927 222929 1600
222887 222888 1228
222887 222889 792
222887 222902 808
222907 222905 857
222907 222906 1993
222907 222914 807
222907 222915 968
222910 222889 912
222910 222905 806
222910 222911 1226
222910 222914 838
223009 223007 1135
223010 223007 876
223010 223013 1517
223010 223018 784
223028 222908 622
223028 223008 554
223029 223008 285
222906 222907 1993
222906 222908 1353
222906 223026 223
219190 219191 2165
219190 222809 2875
219190 224749 858
222798 222797 1815
222798 222806 1387
222798 222808 544
222798 222809 1116
222799 222797 1208
222799 222802 451
222799 222809 1805
222867 218529 1756
222867 224002 362
222862 222859 386
222862 222861 1407
222862 222863 1151
222861 222819 806
222861 222820 689
222861 222862 1407
222861 222864 1623
222816 222815 584
222816 222818 862
222816 222820 3311
222796 222761 958
222796 222795 683
222796 224449 550
222805 222795 1330
222805 222800 1683
222805 224891 648
222879 222869 1059
222879 222880 3437
222879 222937 1722
222872 222871 612
222878 218687 467
222878 222871 1705
222878 222876 398
222878 222880 712
222926 222870 661
222926 222932 747
222926 222934 1341
222928 222870 1341
222928 222927 880
222888 222887 1228
222888 222890 348
222888 222893 808
222895 222893 1087
222895 222894 849
222895 222913 914
222929 222927 1600
222929 222930 752
222929 222949 1643
222889 222887 792
222889 222909 750
222889 222910 912
222914 222907 807
222914 222910 838
222914 222916 1245
222914 222917 949
222915 222907 968
222915 222908 2043
222915 222917 789
222915 223032 951
222911 222910 1226
222911 222912 969
222911 222913 1614
222911 222916 876
223013 223010 1517
223013 223027 979
223018 223010 784
223018 223014 534
223018 223019 878
222908 222906 1353
222908 222915 2043
222908 223027 827
222908 223028 622
219191 219190 2165
219191 222818 735
219191 222977 1950
224749 219190 858
224749 224750 386
224749 224872 1121
222797 222784 1477
222797 222798 1815
222797 222799 1208
222797 222800 686
222806 222784 1720
222806 222787 831
222806 222798 1387
222808 222798 544
222808 222974 2048
222808 224454 510
224002 222867 362
224002 222873 702
222863 222862 1151
222863 222864 1508
222820 222816 3311
222820 222861 689
222820 222865 239
222864 222861 1623
222864 222863 1508
222864 222874 338
222864 222875 881
222818 219191 735
222818 222816 862
222818 222979 733
222818 222980 1181
222761 222753 1805
222761 222794 3116
222761 222796 958
224449 222796 550
222800 222797 686
222800 222805 1683
224891 222805 648
222880 218689 2650
222880 222878 712
222880 222879 3437
222880 222881 796
222937 222879 1722
222937 222934 891
222937 222942 289
218687 218686 203
218687 222878 467
218687 222997 510
222876 222874 341
222876 222878 398
222932 222926 747
222932 222933 1700
222932 222935 590
222934 222926 1341
222934 222937 891
222934 222950 504
222893 222888 808
222893 222895 1087
222893 222912 252
222913 222895 914
222913 222911 1614
222913 222919 836
222913 222930 744
222930 222913 744
222930 222929 752
222930 222931 1284
222930 222948 1823
222949 222929 1643
222949 222954 594
222949 222956 270
222909 222889 750
222916 222911 876
222916 222914 1245
222916 222921 751
222916 222923 859
222917 222914 949
222917 222915 789
222917 223034 567
223032 222915 951
223032 223027 1737
222912 222893 252
222912 222911 969
223027 222908 827
223027 223013 979
223027 223032 1737
223014 223018 534
223019 223018 878
222977 219191 1950
224750 224749 386
224872 224749 1121
222784 222794 587
222784 222797 1477
222784 222806 1720
222787 222806 831
222974 222808 2048
224454 222808 510
222873 222874 429
222873 224002 702
222865 222820 239
222874 222864 338
222874 222873 429
222874 222876 341
222875 222864 881
222979 222818 733
222980 222818 1181
222753 222761 1805
222794 222761 3116
222794 222784 587
218689 222880 2650
222881 222880 796
222942 222937 289
218686 218687 203
222997 218687 510
222933 222932 1700
222933 222950 245
222935 222932 590
222950 222933 245
222950 222934 504
222919 222913 836
222931 222930 1284
222948 222930 1823
222948 222954 188
222954 222948 188
222954 222949 594
222956 222949 270
222921 222916 751
222923 222916 859
223034 222917 567
200
53651
222821
222840
222839
222841
222882
222835
222838
222848
222883
222832
222842
222828
222843
222884
222885
222829
222834
222844
222826
222846
222847
222850
222849
222852
222886
222827
222833
222845
222823
222866
222851
222854
222897
222898
222903
222830
222813
224778
222837
222860
222822
222824
222825
218573
222602
222855
222899
224883
222904
223004
222831
222814
222856
224007
222836
222857
218670
222853
222803
224448
218574
222603
222892
222925
222900
222901
223005
223006
217341
224010
218560
222858
218553
222817
218559
218669
222801
222804
218528
222604
222868
224261
222891
222896
222902
222905
223007
223008
223026
217342
222809
218529
222859
222819
218552
222815
222795
222802
222869
222871
222870
222890
222894
222927
222887
222907
222910
223009
223010
223028
223029
222906
219190
222798
222799
222867
222862
222861
222816
222796
222805
222879
222872
222878
222926
222928
222888
222895
222929
222889
222914
222915
222911
223013
223018
222908
219191
224749
222797
222806
222808
224002
222863
222820
222864
222818
222761
224449
222800
224891
222880
222937
218687
222876
222932
222934
222893
222913
222930
222949
222909
222916
222917
223032
222912
223027
223014
223019
222977
224750
224872
222784
222787
222974
224454
222873
222865
222874
222875
222979
222980
222753
222794
218689
222881
222942
218686
222997
222933
222935
222950
222919
222931
222948
222954
222956
222921
222923
223034
