76
243828 243829 895
243828 244156 3168
243828 262809 1334
243829 243828 895
243829 244083 311
244156 243828 3168
244156 244407 540
244156 244544 661
262809 243828 1334
244083 243829 311
244407 244156 540
244407 244416 1070
244407 244533 697
244544 244156 661
244544 244664 788
244544 244667 1367
244544 244679 744
244416 244407 1070
244416 244417 908
244416 244420 792
244533 244407 697
244664 244544 788
244667 244544 1367
244667 244666 298
244667 244680 580
244679 244544 744
244417 244416 908
244420 244416 792
244666 244667 298
244666 244678 1368
244666 244698 1152
244680 244667 580
244678 244666 1368
244698 244666 1152
244698 244691 1018
244698 244812 513
244691 244690 441
244691 244698 1018
244691 244780 179
244812 244698 513
244690 244686 54
244690 244691 441
244690 244693 754
244780 244691 179
244780 263611 662
244686 244684 548
244686 244690 54
244693 244690 754
263611 244780 662
244684 244681 1112
244684 244686 548
244684 244687 131
244681 244103 1072
244681 244684 1112
244681 244685 607
244681 262834 446
244687 244684 131
244687 244688 451
244687 244689 369
244103 244102 275
244103 244681 1072
244103 244682 1485
244103 244683 554
244685 244681 607
244685 244813 623
244685 244815 500
262834 244681 446
244688 244687 451
244689 244687 369
244102 244103 275
244682 244103 1485
244683 244103 554
244813 244685 623
244813 263732 546
244815 244685 500
263732 244813 546
1
244083
