106
183403 183404 672
183403 183865 893
183403 183870 1435
183404 183403 672
183404 183407 782
183404 183868 1351
183865 183403 893
183865 183866 778
183865 183871 1448
183870 183403 1435
183870 183815 3122
183870 183868 687
183870 183871 782
183407 183404 782
183407 183408 561
183407 183860 682
183868 183404 1351
183868 183816 3312
183868 183869 782
183868 183870 687
183866 183863 796
183866 183865 778
183866 183875 1615
183871 183865 1448
183871 183870 782
183871 183875 796
183871 183882 3122
183815 183813 1351
183815 183816 889
183815 183870 3122
183815 183882 782
183408 183407 561
183408 183764 1701
183860 183407 682
183860 183861 672
183860 183869 673
183816 183814 1267
183816 183815 889
183816 183845 672
183816 183868 3312
183869 183857 796
183869 183860 673
183869 183868 782
183869 183877 766
183863 183866 796
183863 183876 1615
183875 183866 1615
183875 183871 796
183875 183876 796
183875 183884 1865
183882 183815 782
183882 183871 3122
183882 183883 672
183882 183930 1365
183813 183814 893
183813 183815 1351
183813 183930 672
183813 183931 766
183764 183408 1701
183764 183763 672
183764 183856 1365
183861 183860 672
183814 183813 893
183814 183816 1267
183814 183843 758
183814 183844 782
183845 183816 672
183845 183844 1282
183845 183846 782
183845 183877 2535
183857 183858 672
183857 183869 796
183877 183845 2535
183877 183846 2638
183877 183869 766
183876 183863 1615
183876 183875 796
183876 183885 884
183884 183875 1865
183884 183880 892
183884 183883 1184
183883 183882 672
183883 183884 1184
183930 183813 672
183930 183882 1365
183930 183932 766
183931 183813 766
183763 183764 672
183856 183764 1365
183843 183814 758
183844 183814 782
183844 183845 1282
183846 183845 782
183846 183847 757
183846 183848 562
183846 183877 2638
183858 183857 672
183885 183876 884
183885 183888 766
183880 183884 892
183932 183930 766
183847 183846 757
183848 183846 562
183888 183885 766
183888 183889 782
183889 183888 782
41
183403
183404
183865
183870
183407
183868
183866
183871
183815
183408
183860
183816
183869
183863
183875
183882
183813
183764
183861
183814
183845
183857
183877
183876
183884
183883
183930
183931
183763
183856
183843
183844
183846
183858
183885
183880
183932
183847
183848
183888
183889
