660
133566 133580 2634
133580 133566 2634
133580 133582 713
133582 133580 713
133582 133586 2556
133586 133582 2556
133586 133597 713
133597 133586 713
133597 133588 435
133597 133603 884
133597 133605 1928
133588 133597 435
133603 133597 884
133603 133601 836
133603 133606 1886
133605 133597 1928
133605 133606 788
133605 133944 1533
133601 133603 836
133601 133604 2161
133601 136962 1055
133606 133603 1886
133606 133604 818
133606 133605 788
133606 133942 1576
133944 133605 1533
133944 133942 884
133944 133943 747
133604 133601 2161
133604 133606 818
133604 136968 1014
133604 137089 2006
136962 133599 750
136962 133601 1055
136962 136963 629
136962 136964 1919
133942 133606 1576
133942 133944 884
133942 137092 904
133943 133944 747
136968 133604 1014
136968 136965 869
136968 137090 1114
136968 137091 951
137089 133604 2006
137089 137093 1115
137089 137104 737
133599 136952 847
133599 136962 750
136963 136962 629
136963 136965 826
136963 136966 1669
136964 136954 756
136964 136962 1919
136964 136966 840
136964 136969 1891
137092 133942 904
137092 137104 139
137092 137106 672
136965 136963 826
136965 136967 1336
136965 136968 869
137090 136967 840
137090 136968 1114
137090 137094 1336
137091 136968 951
137091 137093 551
137091 137095 778
137093 137089 1115
137093 137091 551
137093 137095 750
137093 137099 201
137104 137089 737
137104 137092 139
137104 137105 1932
136952 133599 847
136952 136951 848
136952 136954 1447
136966 136963 1669
136966 136964 840
136966 136967 756
136966 136970 1891
136954 136952 1447
136954 136953 840
136954 136959 1889
136954 136964 756
136969 136959 672
136969 136964 1891
136969 136970 840
136969 136971 1778
137106 137092 672
137106 137107 2272
136967 136965 1336
136967 136966 756
136967 136973 1889
136967 137090 840
137094 136975 610
137094 137090 1336
137094 137095 1585
137094 137097 562
137095 137091 778
137095 137093 750
137095 137094 1585
137095 137096 1891
137099 137093 201
137099 137100 869
137099 137101 2335
137105 137103 418
137105 137104 1932
137105 137107 708
136951 136934 764
136951 136952 848
136951 136953 1558
136970 136966 1891
136970 136969 840
136970 136972 1778
136970 136973 840
136953 136951 1558
136953 136954 840
136953 136955 848
136953 136957 1889
136959 136954 1889
136959 136957 840
136959 136961 1786
136959 136969 672
136971 136961 840
136971 136969 1778
136971 136972 840
136971 137051 1004
137107 137105 708
137107 137106 2272
137107 137113 1085
136973 136967 1889
136973 136970 840
136973 136974 778
136973 136975 504
136975 136973 504
136975 136974 927
136975 137094 610
136975 137097 336
137097 136975 336
137097 137055 1897
137097 137094 562
137097 137096 848
137096 137095 1891
137096 137097 848
137096 137098 1780
137096 137101 672
137100 137099 869
137100 137102 2113
137100 137103 877
137101 137096 672
137101 137099 2335
137101 137102 840
137103 137100 877
137103 137105 418
137103 137110 708
137103 137111 1669
136934 136942 1114
136934 136951 764
136972 136970 1778
136972 136971 840
136972 136974 1306
136972 137051 1362
136972 137052 2000
136972 137054 756
136955 136942 452
136955 136944 556
136955 136953 848
136957 136953 1889
136957 136956 848
136957 136959 840
136957 136960 1780
136961 136959 1786
136961 136960 756
136961 136971 840
136961 137040 1889
137051 136971 1004
137051 136972 1362
137051 137040 1167
137051 137042 1004
137113 137107 1085
137113 137110 708
137113 137114 893
137113 137115 1226
136974 136972 1306
136974 136973 778
136974 136975 927
136974 137054 1004
137055 137054 764
137055 137057 1889
137055 137097 1897
137055 137098 924
137098 137055 924
137098 137060 2002
137098 137096 1780
137098 137152 840
137102 137100 2113
137102 137101 840
137102 137111 756
137110 137103 708
137110 137112 1445
137110 137113 708
137111 137102 756
137111 137103 1669
137111 137112 756
136942 136933 1467
136942 136934 1114
136942 136955 452
137052 136972 2000
137052 137042 1008
137052 137053 2451
137052 137056 672
137054 136972 756
137054 136974 1004
137054 137055 764
137054 137056 2002
136944 136941 1467
136944 136947 778
136944 136955 556
136956 136947 556
136956 136949 840
136956 136957 848
136956 136958 1891
136960 136957 1780
136960 136958 840
136960 136961 756
136960 137038 1891
137040 136961 1889
137040 137038 840
137040 137039 1362
137040 137041 2557
137040 137042 681
137040 137051 1167
137042 137040 681
137042 137048 2556
137042 137051 1004
137042 137052 1008
137114 137112 826
137114 137113 893
137114 137116 2224
137114 137125 788
137115 137113 1226
137115 137125 275
137115 137127 872
137057 137055 1889
137057 137056 840
137057 137059 2557
137057 137060 848
137060 137057 848
137060 137098 2002
137060 137151 2446
137060 137153 840
137152 137098 840
137152 137153 2002
137152 137154 756
137112 137110 1445
137112 137111 756
137112 137114 826
136933 136929 869
136933 136941 1004
136933 136942 1467
137053 137048 848
137053 137052 2451
137053 137058 756
137053 137063 2778
137056 137052 672
137056 137054 2002
137056 137057 840
137056 137058 2446
136941 136933 1004
136941 136937 798
136941 136943 782
136941 136944 1467
136947 136943 1549
136947 136944 778
136947 136956 556
136949 136946 756
136949 136950 1889
136949 136956 840
136958 136950 756
136958 136956 1891
136958 136960 840
136958 137034 1897
137038 136960 1891
137038 137034 924
137038 137039 1004
137038 137040 840
137039 137037 279
137039 137038 1004
137039 137040 1362
137039 137044 556
137041 137040 2557
137041 137044 1306
137041 137045 840
137041 137048 764
137041 137049 1532
137041 137050 2778
137048 137041 764
137048 137042 2556
137048 137049 1221
137048 137053 848
137116 137114 2224
137116 137126 840
137116 137162 672
137116 137166 2002
137125 137114 788
137125 137115 275
137125 137126 2445
137127 137115 872
137127 137128 551
137127 137129 2000
137059 137057 2557
137059 137058 848
137059 137065 2778
137059 137151 840
137151 137059 840
137151 137060 2446
137151 137156 840
137151 137158 2778
137153 137060 840
137153 137152 2002
137153 137155 756
137153 137156 2446
137154 137152 756
137154 137155 2002
137154 137161 672
136929 136932 1483
136929 136933 869
137058 137053 756
137058 137056 2446
137058 137059 848
137058 137064 2778
137063 137053 2778
137063 137062 252
137063 137064 756
137063 137074 452
136937 136936 182
136937 136941 798
136937 136943 446
136943 136937 446
136943 136941 782
136943 136946 893
136943 136947 1549
136946 136939 840
136946 136943 893
136946 136948 1891
136946 136949 756
136950 136948 840
136950 136949 1889
136950 136958 756
136950 136997 1225
137034 136958 1897
137034 137001 84
137034 137035 452
137034 137038 924
137037 137035 975
137037 137036 1028
137037 137039 279
137037 137044 373
137044 137037 373
137044 137039 556
137044 137041 1306
137044 137045 1000
137045 137041 840
137045 137043 848
137045 137044 1000
137045 137047 2782
137049 137041 1532
137049 137048 1221
137049 137061 1447
137049 137062 1530
137050 137041 2778
137050 137047 924
137050 137061 756
137126 137116 840
137126 137125 2445
137126 137129 924
137126 137216 1889
137162 137116 672
137162 137161 848
137162 137164 1891
137166 137116 2002
137166 137164 848
137166 137168 2002
137166 137216 764
137128 137127 551
137128 137132 275
137129 137126 924
137129 137127 2000
137129 137217 445
137129 137218 252
137065 137059 2778
137065 137064 848
137065 137078 2002
137065 137158 840
137156 137151 840
137156 137153 2446
137156 137157 764
137156 137159 2778
137158 137065 840
137158 137151 2778
137158 137159 840
137158 137188 2002
137155 137153 756
137155 137154 2002
137155 137157 2557
137155 137163 672
137161 137154 672
137161 137162 848
137161 137163 2002
136932 136929 1483
136932 136936 536
137064 137058 2778
137064 137063 756
137064 137065 848
137064 137076 2113
137062 137049 1530
137062 137061 588
137062 137063 252
137062 137074 475
137074 137062 475
137074 137063 452
137074 137075 1565
136936 136932 536
136936 136935 336
136936 136937 182
136939 136927 756
136939 136935 893
136939 136940 1891
136939 136946 840
136948 136940 840
136948 136946 1891
136948 136950 840
136948 136995 1000
136997 136950 1225
136997 136995 788
136997 137000 672
136997 137001 889
137001 136997 889
137001 137000 672
137001 137034 84
137001 137035 475
137035 137001 475
137035 137034 452
137035 137036 1558
137035 137037 975
137036 137008 836
137036 137035 1558
137036 137037 1028
137036 137043 667
137043 137008 504
137043 137036 667
137043 137045 848
137043 137046 2556
137047 137045 2782
137047 137046 764
137047 137050 924
137061 137049 1447
137061 137050 756
137061 137062 588
137216 137126 1889
137216 137166 764
137216 137217 1715
137216 137219 1114
137164 137162 1891
137164 137163 840
137164 137166 848
137164 137167 2557
137168 137166 2002
137168 137172 671
137168 137173 443
137168 137174 473
137132 137128 275
137132 137133 536
137132 137134 1000
137217 137129 445
137217 137216 1715
137217 137218 511
137218 137129 252
137218 137134 836
137218 137217 511
137078 137065 2002
137078 137076 840
137078 137079 778
137078 137188 840
137157 137155 2557
137157 137156 764
137157 137160 2667
137157 137165 756
137159 137156 2778
137159 137158 840
137159 137160 756
137159 137191 2002
137188 137078 840
137188 137158 2002
137188 137190 1206
137188 137191 840
137163 137155 672
137163 137161 2002
137163 137164 840
137163 137165 2556
137076 137064 2113
137076 137075 599
137076 137078 840
137075 137070 1009
137075 137074 1565
137075 137076 599
137075 137077 893
136935 136936 336
136935 136939 893
136927 136938 1889
136927 136939 756
136940 136938 672
136940 136939 1891
136940 136948 840
136940 136993 889
136995 136948 1000
136995 136993 848
136995 136997 788
136995 136998 889
137000 136997 672
137000 136998 672
137000 137001 672
137000 137002 2668
137008 137002 336
137008 137006 336
137008 137036 836
137008 137043 504
137046 137007 848
137046 137043 2556
137046 137047 764
137046 137066 2111
137219 137174 788
137219 137216 1114
137219 137228 573
137167 137164 2557
137167 137165 756
137167 137172 336
137172 137167 336
137172 137168 671
137172 137169 1639
137172 137173 504
137173 137168 443
137173 137172 504
137173 137180 493
137173 137183 182
137174 137168 473
137174 137175 289
137174 137219 788
137133 137130 475
137133 137132 536
137133 137134 788
137134 137132 1000
137134 137133 788
137134 137218 836
137079 137077 1345
137079 137078 778
137079 137081 778
137160 137157 2667
137160 137159 756
137160 137200 515
137165 137157 756
137165 137163 2556
137165 137167 756
137165 137169 1221
137191 137159 2002
137191 137188 840
137191 137192 252
137190 137188 1206
137190 137189 242
137070 137068 756
137070 137071 1667
137070 137075 1009
137077 137075 893
137077 137079 1345
137077 137080 672
136938 136874 848
136938 136927 1889
136938 136940 672
136938 136984 452
136993 136940 889
136993 136984 877
136993 136994 1004
136993 136995 848
136998 136994 924
136998 136995 889
136998 136999 2672
136998 137000 672
137002 136999 756
137002 137000 2668
137002 137006 238
137002 137008 336
137006 137002 238
137006 137004 1283
137006 137007 2449
137006 137008 336
137007 137005 764
137007 137006 2449
137007 137031 2002
137007 137046 848
137066 137031 924
137066 137046 2111
137066 137067 1780
137066 137068 1597
137228 137178 214
137228 137219 573
137169 137165 1221
137169 137171 1243
137169 137172 1639
137180 137173 493
137180 137181 290
137183 137173 182
137183 137184 238
137175 137174 289
137175 137178 145
137130 137133 475
137130 137146 878
137130 137220 371
137081 137079 778
137081 137080 1266
137081 137083 1334
137200 137160 515
137192 137189 1762
137192 137191 252
137189 137190 242
137189 137192 1762
137068 137066 1597
137068 137070 756
137071 137070 1667
137071 137080 1182
137080 137071 1182
137080 137077 672
137080 137081 1266
136874 136938 848
136984 136938 452
136984 136993 877
136994 136993 1004
136994 136998 924
136999 136998 2672
136999 137002 756
136999 137004 1114
137004 136999 1114
137004 137005 1444
137004 137006 1283
137005 137004 1444
137005 137007 764
137031 137007 2002
137031 137066 924
137067 137066 1780
137178 137175 145
137178 137228 214
137171 137169 1243
137181 137180 290
137181 137184 927
137184 137181 927
137184 137183 238
137146 137130 878
137220 137130 371
137083 137081 1334
200
133566
133580
133582
133586
133597
133588
133603
133605
133601
133606
133944
133604
136962
133942
133943
136968
137089
133599
136963
136964
137092
136965
137090
137091
137093
137104
136952
136966
136954
136969
137106
136967
137094
137095
137099
137105
136951
136970
136953
136959
136971
137107
136973
136975
137097
137096
137100
137101
137103
136934
136972
136955
136957
136961
137051
137113
136974
137055
137098
137102
137110
137111
136942
137052
137054
136944
136956
136960
137040
137042
137114
137115
137057
137060
137152
137112
136933
137053
137056
136941
136947
136949
136958
137038
137039
137041
137048
137116
137125
137127
137059
137151
137153
137154
136929
137058
137063
136937
136943
136946
136950
137034
137037
137044
137045
137049
137050
137126
137162
137166
137128
137129
137065
137156
137158
137155
137161
136932
137064
137062
137074
136936
136939
136948
136997
137001
137035
137036
137043
137047
137061
137216
137164
137168
137132
137217
137218
137078
137157
137159
137188
137163
137076
137075
136935
136927
136940
136995
137000
137008
137046
137219
137167
137172
137173
137174
137133
137134
137079
137160
137165
137191
137190
137070
137077
136938
136993
136998
137002
137006
137007
137066
137228
137169
137180
137183
137175
137130
137081
137200
137192
137189
137068
137071
137080
136874
136984
136994
136999
137004
137005
137031
137067
137178
137171
137181
137184
137146
137220
137083
