30
237791 237792 2009
237791 237794 886
237791 237795 1716
237792 237791 2009
237792 237793 845
237794 237791 886
237794 237793 2273
237794 237796 937
237795 237791 1716
237795 237833 2344
237793 237792 845
237793 237794 2273
237793 237829 893
237796 237794 937
237796 237829 2520
237796 237831 921
237833 237795 2344
237833 237831 704
237833 237832 2775
237829 237793 893
237829 237796 2520
237829 237830 952
237831 237796 921
237831 237830 2765
237831 237833 704
237832 237830 539
237832 237833 2775
237830 237829 952
237830 237831 2765
237830 237832 539
11
237791
237792
237794
237795
237793
237796
237833
237829
237831
237832
237830
