28
11552 11527 782
11552 11554 946
11554 11552 946
11527 11552 782
11600 11694 452
11620 11617 2578
11694 11600 452
11622 11617 1014
11622 11628 1004
11628 11622 1004
11632 11644 899
11632 11746 1107
11746 11632 1107
11617 11620 2578
11617 11622 1014
11644 11632 899
11652 11654 1669
11667 11668 847
11668 11667 847
11653 11654 840
11654 11652 1669
11654 11653 840
23261 23262 1225
23262 23261 1225
11960 11962 516
11962 11960 516
11992 11994 580
11994 11992 580
34
11575
11687
11552
11554
11513
11525
11527
11692
11720
11600
11620
11694
11622
11628
11632
11746
11617
11635
11644
11652
11874
11873
22650
11653
11654
23261
23262
11960
11962
12064
12071
11992
11996
11994
