662
186225 186244 705
186225 186258 3027
186244 186225 705
186244 186239 720
186244 186245 2750
186244 186257 3061
186258 186225 3027
186258 186257 729
186258 186260 696
186258 186384 1675
186239 186238 706
186239 186241 2815
186239 186244 720
186239 186259 3078
186245 186241 756
186245 186244 2750
186245 189735 2733
186257 186244 3061
186257 186258 729
186257 186259 752
186257 186386 1935
186260 186258 696
186260 186385 1447
186384 186258 1675
186384 186385 729
186384 186386 757
186384 186397 1390
186238 186239 706
186238 186240 2767
186238 186242 762
186238 186251 3093
186241 186239 2815
186241 186240 679
186241 186245 756
186241 189734 2644
186259 186239 3078
186259 186251 696
186259 186257 752
186259 186389 1860
189735 186245 2733
189735 189734 727
186386 186257 1935
186386 186384 757
186386 186389 690
186386 186396 1136
186385 186260 1447
186385 186384 729
186385 186388 825
186385 186392 1650
186397 186384 1390
186397 186392 715
186397 186396 703
186397 186406 1562
186240 186238 2767
186240 186241 679
186240 186243 711
186240 189733 2701
186242 186238 762
186242 186243 2751
186242 186247 3134
186242 186248 761
186251 186238 3093
186251 186247 761
186251 186259 696
186251 186265 1877
189734 186241 2644
189734 189733 731
189734 189735 727
189734 190134 2676
186389 186259 1860
186389 186265 728
186389 186386 690
186396 186386 1136
186396 186397 703
186396 186398 762
186396 186407 1606
186388 186385 825
186388 186390 1978
186392 186385 1650
186392 186390 720
186392 186397 715
186392 186403 1545
186406 186397 1562
186406 186403 706
186406 186407 745
186406 186477 1593
186243 186240 711
186243 186242 2751
186243 189731 736
186243 189732 2676
189733 186240 2701
189733 189732 720
189733 189734 731
189733 190135 2627
186247 186242 3134
186247 186246 853
186247 186251 761
186247 186262 1829
186248 186242 761
186248 186246 3081
186248 186250 801
186248 189731 2744
186265 186251 1877
186265 186264 273
186265 186389 728
190134 189734 2676
190134 190132 2763
190134 190135 703
186398 186396 762
186398 186399 707
186398 186408 1556
186407 186396 1606
186407 186406 745
186407 186408 745
186407 186476 1494
186390 186388 1978
186390 186391 721
186390 186392 720
186390 186405 867
186403 186392 1545
186403 186404 712
186403 186406 706
186403 186479 1544
186477 186406 1593
186477 186476 715
186477 186479 721
186477 186486 2073
189731 186243 736
189731 186248 2744
189731 189730 826
189731 190171 1983
189732 186243 2676
189732 189733 720
189732 189755 238
189732 189759 2695
190135 189733 2627
190135 189771 2742
190135 190134 703
190135 190136 425
186246 186247 853
186246 186248 3081
186246 186249 786
186246 186261 1779
186262 186247 1829
186262 186261 841
186262 186264 522
186262 186402 645
186250 186248 801
186250 186249 3072
186250 186253 901
186250 189730 2710
186264 186262 522
186264 186265 273
186264 186402 775
190132 189766 1087
190132 189771 817
190132 190130 741
190132 190134 2763
186399 186398 707
186399 186400 205
186399 186436 1459
186408 186398 1556
186408 186407 745
186408 186436 711
186408 186478 1496
186476 186407 1494
186476 186477 715
186476 186478 785
186476 186489 1387
186391 186390 721
186391 186474 874
186405 186390 867
186405 186404 705
186405 186474 746
186404 186403 712
186404 186405 705
186404 186480 661
186479 186403 1544
186479 186477 721
186479 186485 762
186479 186487 2107
186486 186477 2073
186486 186487 656
186486 186488 735
186486 186506 2392
189730 186250 2710
189730 189729 901
189730 189731 826
189730 190188 1021
190171 189731 1983
190171 189755 852
190171 190172 984
190171 190189 799
189755 189732 238
189755 189756 392
189755 190171 852
189759 189732 2695
189759 189758 752
189759 190136 413
189759 190137 1550
189759 190140 730
189771 189767 792
189771 189770 810
189771 190132 817
189771 190135 2742
190136 189759 413
190136 190135 425
186249 186246 786
186249 186250 3072
186249 186252 901
186249 186263 1707
186261 186246 1779
186261 186262 841
186261 186263 806
186261 186413 1284
186402 186262 645
186402 186264 775
186402 186401 719
186402 186414 314
186253 186250 901
186253 186252 3072
186253 186256 188
186253 189728 503
189766 189765 759
189766 189767 885
189766 190132 1087
190130 189765 1403
190130 190132 741
186400 186399 205
186400 186401 216
186400 186434 714
186436 186399 1459
186436 186408 711
186436 186435 847
186436 186507 1535
186478 186408 1496
186478 186476 785
186478 186507 672
186478 186511 1355
186489 186476 1387
186489 186488 759
186489 186511 762
186474 186391 874
186474 186405 746
186474 186473 713
186480 186404 661
186480 186481 690
186480 186485 899
186485 186479 762
186485 186480 899
186485 186484 730
186485 186500 2116
186487 186479 2107
186487 186486 656
186487 186500 746
186487 186504 2416
186488 186486 735
186488 186489 759
186488 186510 1547
186488 186522 841
186506 186486 2392
186506 186504 690
186506 186521 721
186506 187062 1344
189729 189728 2126
189729 189730 901
189729 190186 696
189729 190190 726
189729 190191 1014
189729 190250 707
190188 189730 1021
190188 190173 1812
190188 190186 671
190188 190189 524
190172 189756 543
190172 190166 494
190172 190167 329
190172 190171 984
190189 190171 799
190189 190174 1532
190189 190188 524
189756 189755 392
189756 189757 775
189756 190172 543
189758 189757 1508
189758 189759 752
189758 190140 456
189758 190156 531
190137 189759 1550
190137 189770 1146
190137 190139 884
190140 189758 456
190140 189759 730
190140 189790 517
190140 190139 1501
189767 189766 885
189767 189768 867
189767 189771 792
189770 189768 482
189770 189771 810
189770 190137 1146
189770 190138 960
186252 186249 901
186252 186253 3072
186252 186254 678
186252 186284 1657
186263 186249 1707
186263 186261 806
186263 186284 888
186263 186410 1634
186413 186261 1284
186413 186410 851
186413 186414 861
186413 186433 967
186401 186400 216
186401 186402 719
186414 186402 314
186414 186413 861
186414 186434 790
186256 186253 188
186256 186255 507
186256 190570 596
189728 186253 503
189728 189729 2126
189765 189764 798
189765 189766 759
189765 190130 1403
186434 186400 714
186434 186414 790
186434 186433 916
186434 186435 1013
186435 186434 1013
186435 186436 847
186435 186438 1553
186507 186436 1535
186507 186438 877
186507 186478 672
186507 186509 1343
186511 186478 1355
186511 186489 762
186511 186509 761
186473 186471 785
186473 186474 713
186473 186481 662
186481 186473 662
186481 186480 690
186481 186484 775
186484 186481 775
186484 186482 813
186484 186485 730
186484 186499 2189
186500 186485 2116
186500 186487 746
186500 186499 744
186500 186505 2286
186504 186487 2416
186504 186505 723
186504 186506 690
186510 186488 1547
186510 186508 900
186510 186509 645
186510 186512 971
186522 186488 841
186522 186521 1502
186522 186523 803
186521 186506 721
186521 186522 1502
186521 186532 777
187062 186506 1344
187062 186533 1045
187062 187061 987
190186 189729 696
190186 190187 606
190186 190188 671
190190 189729 726
190190 190176 1341
190190 190187 732
190190 190191 711
190191 189729 1014
190191 190185 1356
190191 190190 711
190191 190237 772
190191 190238 861
190191 190250 708
190250 189729 707
190250 190191 708
190250 190251 807
190173 190155 733
190173 190174 643
190173 190175 768
190173 190188 1812
190166 190165 417
190166 190167 366
190166 190172 494
190166 190174 350
190167 189757 769
190167 190158 1386
190167 190166 366
190167 190172 329
190174 190165 292
190174 190166 350
190174 190173 643
190174 190189 1532
189757 189756 775
189757 189758 1508
189757 190156 1405
189757 190167 769
190156 189757 1405
190156 189758 531
190156 190157 291
190156 190158 732
190139 189784 582
190139 190137 884
190139 190138 1207
190139 190140 1501
189790 189784 1516
189790 189788 231
189790 190140 517
189790 190157 392
189768 189767 867
189768 189770 482
189768 190138 1064
190138 189768 1064
190138 189770 960
190138 189786 746
190138 190139 1207
186254 186252 678
186254 186255 3063
186254 186267 778
186254 186283 1568
186284 186252 1657
186284 186263 888
186284 186283 709
186284 186409 1976
186410 186263 1634
186410 186409 911
186410 186413 851
186410 186416 1002
186433 186413 967
186433 186416 885
186433 186434 916
186433 186437 2111
186255 186254 3063
186255 186256 507
186255 186270 793
186255 189727 477
190570 186256 596
189764 189765 798
186438 186435 1553
186438 186437 919
186438 186507 877
186438 186508 2103
186509 186507 1343
186509 186510 645
186509 186511 761
186471 186472 867
186471 186473 785
186471 186482 1484
186482 186471 1484
186482 186483 793
186482 186484 813
186482 186498 2147
186499 186484 2189
186499 186498 851
186499 186500 744
186499 186503 2350
186505 186500 2286
186505 186503 782
186505 186504 723
186505 187052 1994
186508 186438 2103
186508 186453 801
186508 186510 900
186508 186514 2384
186512 186510 971
186512 186513 1485
186512 186523 752
186523 186512 752
186523 186522 803
186523 186532 1551
186532 186513 705
186532 186521 777
186532 186523 1551
186532 186533 1237
186533 186530 1090
186533 186532 1237
186533 187062 1045
187061 186530 654
187061 187060 261
187061 187062 987
190187 190175 1351
190187 190186 606
190187 190190 732
190176 190161 1463
190176 190175 772
190176 190185 689
190176 190190 1341
190185 190168 1416
190185 190176 689
190185 190191 1356
190185 190231 790
190237 190182 750
190237 190191 772
190237 190238 376
190237 190251 973
190238 190181 903
190238 190191 861
190238 190231 984
190238 190237 376
190251 189726 754
190251 190237 973
190251 190250 807
190155 190152 774
190155 190154 960
190155 190165 882
190155 190173 733
190175 190162 1388
190175 190173 768
190175 190176 772
190175 190187 1351
190165 190155 882
190165 190159 1168
190165 190166 417
190165 190174 292
190158 189787 784
190158 190156 732
190158 190159 714
190158 190167 1386
190157 189788 421
190157 189790 392
190157 190156 291
189784 189773 714
189784 189786 1044
189784 189790 1516
189784 190139 582
189788 189773 1350
189788 189787 716
189788 189790 231
189788 190157 421
189786 189784 1044
189786 189785 239
189786 190138 746
186267 186254 778
186267 186266 728
186267 186270 3012
186267 186285 1519
186283 186254 1568
186283 186284 709
186283 186285 766
186283 186411 2322
186409 186284 1976
186409 186410 911
186409 186411 815
186416 186410 1002
186416 186415 903
186416 186433 885
186416 186439 1808
186437 186433 2111
186437 186438 919
186437 186439 801
186437 186453 2163
186270 186255 793
186270 186267 3012
186270 186269 700
186270 189725 589
189727 186255 477
189727 189726 690
189727 190588 733
186472 186471 867
186472 186483 1504
186483 186472 1504
186483 186482 793
186483 186495 899
186483 186497 2146
186498 186482 2147
186498 186497 794
186498 186499 851
186498 186501 2345
186503 186499 2350
186503 186501 785
186503 186505 782
186503 187048 4050
187052 186505 1994
187052 187050 2368
187052 187059 1025
186453 186437 2163
186453 186452 819
186453 186508 801
186453 186515 2309
186514 186508 2384
186514 186513 957
186514 186515 781
186514 186525 2098
186513 186512 1485
186513 186514 957
186513 186532 705
186530 186529 330
186530 186533 1090
186530 187061 654
187060 187059 880
187060 187061 261
187060 187073 1232
190161 190162 776
190161 190168 737
190161 190176 1463
190168 190161 737
190168 190185 1416
190231 190185 790
190231 190238 984
190182 189726 1105
190182 190181 881
190182 190237 750
190181 190182 881
190181 190238 903
189726 189725 717
189726 189727 690
189726 190182 1105
189726 190251 754
190152 190155 774
190152 190159 664
190154 190155 960
190154 190162 234
190162 190154 234
190162 190161 776
190162 190175 1388
190159 190152 664
190159 190158 714
190159 190165 1168
189787 189788 716
189787 190158 784
189773 189784 714
189773 189788 1350
189785 189786 239
186266 186267 728
186285 186267 1519
186285 186283 766
186411 186283 2322
186411 186409 815
186415 186416 903
186439 186416 1808
186439 186437 801
186269 186270 700
186269 189725 459
189725 186269 459
189725 186270 589
189725 189726 717
190588 189727 733
186495 186483 899
186497 186483 2146
186497 186498 794
186501 186498 2345
186501 186503 785
187048 186503 4050
187050 187052 2368
187059 187052 1025
187059 187060 880
186452 186453 819
186515 186453 2309
186515 186514 781
186525 186514 2098
186529 186530 330
187073 187060 1232
200
186225
186244
186258
186239
186245
186257
186260
186384
186238
186241
186259
189735
186386
186385
186397
186240
186242
186251
189734
186389
186396
186388
186392
186406
186243
189733
186247
186248
186265
190134
186398
186407
186390
186403
186477
189731
189732
190135
186246
186262
186250
186264
190132
186399
186408
186476
186391
186405
186404
186479
186486
189730
190171
189755
189759
189771
190136
186249
186261
186402
186253
189766
190130
186400
186436
186478
186489
186474
186480
186485
186487
186488
186506
189729
190188
190172
190189
189756
189758
190137
190140
189767
189770
186252
186263
186413
186401
186414
186256
189728
189765
186434
186435
186507
186511
186473
186481
186484
186500
186504
186510
186522
186521
187062
190186
190190
190191
190250
190173
190166
190167
190174
189757
190156
190139
189790
189768
190138
186254
186284
186410
186433
186255
190570
189764
186438
186509
186471
186482
186499
186505
186508
186512
186523
186532
186533
187061
190187
190176
190185
190237
190238
190251
190155
190175
190165
190158
190157
189784
189788
189786
186267
186283
186409
186416
186437
186270
189727
186472
186483
186498
186503
187052
186453
186514
186513
186530
187060
190161
190168
190231
190182
190181
189726
190152
190154
190162
190159
189787
189773
189785
186266
186285
186411
186415
186439
186269
189725
190588
186495
186497
186501
187048
187050
187059
186452
186515
186525
186529
187073
