24
199428 199455 1938
199455 199428 1938
199455 199456 611
199456 199455 611
199456 214917 1667
214917 199456 1667
214917 214919 1060
214919 214917 1060
214919 214920 3217
214920 199435 248
214920 214919 3217
199435 199436 432
199435 214920 248
199436 199435 432
199436 199438 1333
199438 199436 1333
199438 199437 876
199437 199430 1307
199437 199438 876
199437 199444 1012
199430 199429 272
199430 199437 1307
199444 199437 1012
199429 199430 272
13
199428
199455
199456
214917
214919
214920
199435
199436
199438
199437
199430
199444
199429
