48
24010 24011 486
24010 24012 458
24011 24010 486
24011 24013 557
24011 24017 650
24012 24010 458
24013 24011 557
24013 27272 1151
24013 27764 1318
24017 24011 650
27272 24013 1151
27272 27764 413
27764 24013 1318
27764 25057 2026
27764 27272 413
27764 27765 1068
25057 25058 214
25057 27764 2026
27765 25058 2777
27765 27764 1068
27765 28837 274
25058 25057 214
25058 27765 2777
25058 28696 418
28837 27765 274
28837 28696 2682
28837 28858 306
28696 25058 418
28696 28837 2682
28696 28845 413
28858 28837 306
28858 28845 2610
28858 29209 362
28845 28696 413
28845 28858 2610
28845 29208 433
29209 27968 383
29209 28858 362
29209 29208 2377
29208 27968 2519
29208 28845 433
29208 29209 2377
27968 27969 233
27968 29208 2519
27968 29209 383
27969 27968 233
27969 29448 1327
29448 27969 1327
19
24010
24011
24012
24013
24017
27272
27764
25057
27765
25058
28837
28696
28858
28845
29209
29208
27968
27969
29448
