592
195312 195313 740
195312 204679 193
195312 211279 1468
195313 195312 740
195313 199692 717
195313 211294 724
195313 211489 779
204679 195312 193
204679 209434 126
204679 213301 275
211279 195312 1468
211279 211263 839
211279 211275 1357
211279 211288 791
199692 195313 717
199692 199691 549
199692 211480 810
199692 211486 802
211294 195313 724
211294 211288 1860
211294 211295 1042
211294 211296 810
211489 195313 779
211489 211296 811
211489 211486 706
209434 204679 126
213301 204679 275
211263 211262 1176
211263 211272 1132
211263 211279 839
211275 211261 1222
211275 211278 756
211275 211279 1357
211288 211279 791
211288 211289 659
211288 211294 1860
199691 199692 549
211480 195350 594
211480 199692 810
211480 211479 724
211480 211482 750
211486 199692 802
211486 211482 696
211486 211487 710
211486 211489 706
211295 211292 278
211295 211294 1042
211295 211298 504
211296 211294 810
211296 211489 811
211296 211490 852
211296 211492 801
211262 211255 131
211262 211256 923
211262 211263 1176
211272 211263 1132
211272 211268 797
211272 211289 816
211272 211290 1337
211261 211259 649
211261 211260 891
211261 211275 1222
211261 211276 563
211278 211275 756
211278 211277 1576
211278 211280 936
211289 211272 816
211289 211288 659
211289 211291 912
211289 211292 1295
195350 195351 186
195350 211287 166
195350 211480 594
211479 211284 779
211479 211478 1399
211479 211480 724
211479 211481 796
211482 211480 750
211482 211481 861
211482 211486 696
211487 211485 1551
211487 211486 710
211487 211492 1505
211487 211496 680
211292 211289 1295
211292 211295 278
211292 211297 1253
211298 211295 504
211298 211312 1717
211298 211490 255
211490 211296 852
211490 211298 255
211490 211491 522
211492 211296 801
211492 211487 1505
211492 211493 810
211492 211497 522
211255 211253 1628
211255 211259 892
211255 211262 131
211256 211240 2086
211256 211262 923
211256 211265 838
211256 211268 1274
211268 211256 1274
211268 211271 1674
211268 211272 797
211290 211271 683
211290 211272 1337
211290 211291 846
211259 211254 1107
211259 211255 892
211259 211261 649
211260 211197 560
211260 211254 756
211260 211261 891
211276 211208 944
211276 211261 563
211276 211277 885
211277 211209 1395
211277 211276 885
211277 211278 1576
211277 211282 817
211280 211278 936
211280 211285 883
211280 211286 345
211291 211289 912
211291 211290 846
211291 211293 774
195351 195350 186
211287 195350 166
211284 211282 727
211284 211283 1377
211284 211479 779
211478 211283 792
211478 211382 811
211478 211479 1399
211478 211483 779
211481 211479 796
211481 211482 861
211481 211483 1394
211481 211485 710
211485 211481 710
211485 211484 1358
211485 211487 1551
211485 211488 784
211496 211487 680
211496 211488 1441
211496 211497 1576
211297 211292 1253
211312 211298 1717
211312 211311 556
211312 211313 678
211312 211494 826
211491 211490 522
211491 211493 346
211491 211494 1508
211493 211491 346
211493 211492 810
211493 211495 451
211497 211492 522
211497 211496 1576
211253 211240 867
211253 211252 1577
211253 211254 751
211253 211255 1628
211240 211238 1430
211240 211241 670
211240 211253 867
211240 211256 2086
211265 211256 838
211265 211258 900
211271 211268 1674
211271 211269 845
211271 211290 683
211254 211194 1577
211254 211253 751
211254 211259 1107
211254 211260 756
211197 211192 876
211197 211260 560
211197 211273 402
211208 211207 486
211208 211273 1064
211208 211276 944
211209 211207 779
211209 211217 706
211209 211277 1395
211209 211281 802
211282 211277 817
211282 211281 1488
211282 211284 727
211285 211280 883
211286 211280 345
211293 211270 2377
211293 211291 774
211293 211304 557
211283 211281 750
211283 211284 1377
211283 211381 828
211283 211478 792
211382 211381 797
211382 211383 955
211382 211399 779
211382 211478 811
211483 211399 811
211483 211478 779
211483 211481 1394
211483 211484 647
211484 211401 821
211484 211483 647
211484 211485 1358
211484 211503 867
211488 211485 784
211488 211496 1441
211311 211304 707
211311 211312 556
211313 211306 1188
211313 211312 678
211313 211314 774
211313 211518 1099
211494 211312 826
211494 211491 1508
211494 211517 168
211495 211493 451
211495 211499 1285
211252 211154 1458
211252 211194 750
211252 211238 882
211252 211253 1577
211238 211152 1549
211238 211236 592
211238 211240 1430
211238 211252 882
211241 211239 129
211241 211240 670
211241 211242 573
211258 211242 964
211258 211264 658
211258 211265 900
211269 211267 883
211269 211270 793
211269 211271 845
211194 211192 751
211194 211195 1448
211194 211252 750
211194 211254 1577
211192 211190 1304
211192 211194 751
211192 211197 876
211273 211197 402
211273 211208 1064
211273 215152 391
211207 211208 486
211207 211209 779
211207 211214 706
211217 211209 706
211217 211214 779
211217 211215 578
211217 211219 797
211281 211209 802
211281 211219 724
211281 211282 1488
211281 211283 750
211270 211269 793
211270 211293 2377
211270 211299 663
211304 211293 557
211304 211305 238
211304 211311 707
211381 211219 709
211381 211283 828
211381 211380 827
211381 211382 797
211383 211216 1695
211383 211380 846
211383 211382 955
211383 211388 797
211399 211382 779
211399 211388 960
211399 211401 623
211399 211483 811
211401 211399 623
211401 211400 1199
211401 211408 833
211401 211484 821
211503 195337 1295
211503 211408 697
211503 211484 867
211306 211303 1099
211306 211305 557
211306 211307 768
211306 211313 1188
211314 211307 1277
211314 211313 774
211314 211315 912
211314 211519 1185
211518 211313 1099
211518 211517 703
211518 211519 898
211517 211494 168
211517 211499 731
211517 211518 703
211499 211495 1285
211499 211517 731
211499 214691 956
211154 211153 82
211154 211195 808
211154 211252 1458
211152 211150 604
211152 211238 1549
211236 211235 286
211236 211237 499
211236 211238 592
211239 211233 1687
211239 211237 761
211239 211241 129
211242 211241 573
211242 211257 585
211242 211258 964
211264 211249 886
211264 211257 753
211264 211258 658
211267 211269 883
211195 211154 808
211195 211194 1448
211195 214687 320
211195 214688 416
211190 211187 665
211190 211192 1304
211190 211193 2027
211190 214688 312
215152 211273 391
215152 215151 268
215152 215153 341
215152 215154 353
211214 211207 706
211214 211213 470
211214 211217 779
211215 211213 773
211215 211217 578
211215 211218 753
211219 211217 797
211219 211218 697
211219 211281 724
211219 211381 709
211299 211251 220
211299 211270 663
211299 211302 1295
211305 211302 1093
211305 211304 238
211305 211306 557
211380 211218 774
211380 211381 827
211380 211383 846
211216 211191 1370
211216 211383 1695
211216 211387 2199
211216 214931 4844
211388 211383 797
211388 211399 960
211388 211400 674
211388 214931 2452
211400 211388 674
211400 211401 1199
211400 211402 867
211408 195335 1056
211408 211401 833
211408 211503 697
211408 211504 346
195337 195336 1399
195337 211503 1295
195337 211505 539
211303 211300 889
211303 211301 791
211303 211302 665
211303 211306 1099
211307 211301 1029
211307 211306 768
211307 211309 902
211307 211314 1277
211315 211309 1349
211315 211314 912
211519 211314 1185
211519 211518 898
214691 211499 956
211153 211154 82
211150 211149 163
211150 211151 541
211150 211152 604
211235 211151 780
211235 211226 1742
211235 211236 286
211237 211232 1759
211237 211236 499
211237 211239 761
211233 211230 1758
211233 211232 781
211233 211234 760
211233 211239 1687
211257 211242 585
211257 211248 948
211257 211264 753
211249 211248 791
211249 211250 639
211249 211264 886
214687 211195 320
214687 214688 534
214687 214690 1970
214688 211190 312
214688 211195 416
214688 214687 534
211187 211132 1514
211187 211186 745
211187 211190 665
211187 211191 3652
211187 211193 2464
211187 214690 2491
211193 211187 2464
211193 211190 2027
211193 211213 1099
215151 215152 268
215151 215155 378
215151 215156 359
215153 215152 341
215154 215152 353
211213 211191 401
211213 211193 1099
211213 211214 470
211213 211215 773
211218 211215 753
211218 211219 697
211218 211380 774
211251 211299 220
211251 211300 685
211302 211299 1295
211302 211303 665
211302 211305 1093
211191 211187 3652
211191 211188 452
211191 211213 401
211191 211216 1370
211387 211216 2199
211387 211385 918
211387 211386 912
211387 211389 773
214931 211216 4844
214931 211388 2452
214931 211389 1973
214931 211455 1439
211402 195335 272
211402 211400 867
211402 211407 2213
195335 195336 1428
195335 211402 272
195335 211408 1056
211504 211408 346
195336 195335 1428
195336 195337 1399
211505 195337 539
211505 211506 2194
211505 211507 686
211505 211525 1268
211300 211251 685
211300 211301 1080
211300 211303 889
211301 211300 1080
211301 211303 791
211301 211307 1029
211301 211308 936
211309 211307 902
211309 211308 417
211309 211310 299
211309 211315 1349
211309 215066 238
211149 211137 858
211149 211150 163
211149 214689 1826
211151 211150 541
211151 211225 1687
211151 211235 780
211226 211224 1722
211226 211225 901
211226 211232 639
211226 211235 1742
211232 211226 639
211232 211229 1759
211232 211233 781
211232 211237 1759
211230 211229 781
211230 211231 781
211230 211233 1758
211234 211231 1687
211234 211233 760
211234 211248 198
211248 211234 198
211248 211249 791
211248 211257 948
211250 211249 639
214690 211187 2491
214690 214687 1970
214690 214689 1040
214690 215032 638
211132 208779 6178
211132 211187 1514
211186 211146 1677
211186 211147 548
211186 211187 745
211186 211188 4190
215155 215151 378
215156 215151 359
211188 211186 4190
211188 211189 575
211188 211191 452
211188 211211 1690
211385 211211 792
211385 211378 1034
211385 211387 918
211386 211384 261
211386 211387 912
211386 211393 511
211389 211387 773
211389 211397 912
211389 211398 3551
211389 214931 1973
211455 211398 622
211455 211407 573
211455 211456 3052
211455 214931 1439
211407 211402 2213
211407 211455 573
211407 211525 1023
211407 211530 1021
211506 211505 2194
211506 211513 670
211507 211505 686
211507 211513 2201
211507 211526 1119
211507 211528 750
211525 211407 1023
211525 211505 1268
211525 211526 660
211308 211301 936
211308 211309 417
211308 215066 500
211310 211309 299
211310 215066 365
215066 211308 500
215066 211309 238
215066 211310 365
215066 215065 298
211137 211135 735
211137 211149 858
214689 211149 1826
214689 214690 1040
211225 211135 599
211225 211151 1687
211225 211226 901
211224 211226 1722
211229 211230 781
211229 211232 1759
211231 211230 781
211231 211234 1687
215032 214690 638
208779 211132 6178
211146 211186 1677
211147 211186 548
211189 211188 575
211211 211188 1690
211211 211385 792
211378 211384 612
211378 211385 1034
211384 211378 612
211384 211386 261
211393 211386 511
211393 211397 278
211397 211389 912
211397 211393 278
211398 211389 3551
211398 211455 622
211456 211455 3052
211456 211530 2212
211530 211407 1021
211530 211456 2212
211513 211506 670
211513 211507 2201
211526 211507 1119
211526 211525 660
211528 211507 750
215065 215066 298
211135 211137 735
211135 211225 599
51
211268
211497
211265
211271
211495
211258
211269
211270
211499
211242
211264
211267
211299
211315
211519
214691
211257
211249
211251
211302
211300
211301
211309
211248
211250
211506
211308
211310
215066
211137
214689
211225
211224
211229
211231
208779
211146
211147
211189
211378
211384
211393
211397
211398
211456
211530
211513
211526
211528
215065
211135
