62
6562 6567 641
6562 6568 339
6567 6562 641
6567 6566 1426
6568 6562 339
6568 6570 655
6568 6574 985
6566 6567 1426
6566 17327 207
6566 17328 804
6570 6568 655
6570 6569 1076
6574 6568 985
6574 6571 692
6574 6575 985
17327 6566 207
17327 17328 597
17327 17353 807
17328 6566 804
17328 17327 597
17328 20166 618
6569 6570 1076
6569 6571 196
6569 6572 1037
6571 6569 196
6571 6574 692
6575 6574 985
6575 6595 590
6575 6597 837
17353 17327 807
17353 17352 1378
17353 17442 912
20166 17328 618
20166 20167 564
20166 20167 564
6572 6569 1037
6572 6595 507
6572 6596 963
6595 6572 507
6595 6575 590
6597 6575 837
6597 6598 789
17352 17353 1378
17352 17358 867
17352 34716 1128
17442 17353 912
20167 20166 564
20167 20166 564
20167 35187 502
6596 6572 963
6598 6597 789
17358 17352 867
34716 17352 1128
35187 20167 502
35187 34703 728
35187 35188 2972
34703 14220 1855
34703 35187 728
35188 35187 2972
14220 14221 329
14220 34703 1855
14221 14220 329
28
6562
6567
6568
6566
6570
6574
17327
17328
6569
6571
6575
17353
20166
6572
6595
6597
17352
17442
20167
6596
6598
17358
34716
35187
34703
35188
14220
14221
