24
136881 136914 840
133431 133417 2614
133547 133548 788
136914 136881 840
133551 133548 688
133548 133547 788
133548 133551 688
133750 133749 788
133754 133749 847
133754 133755 818
133749 133750 788
133749 133754 847
133471 133479 950
133417 133431 2614
133479 133471 950
133755 133754 818
133758 133788 1362
133790 133795 2631
133788 133758 1362
133784 133786 688
133786 133784 688
133795 133790 2631
133967 133970 536
133970 133967 536
38
134540
134552
134565
134633
136899
136881
136882
133431
133547
136913
136914
133551
133552
133548
133775
133750
133760
133754
133749
133414
133434
133471
133417
133479
133755
133790
133788
133772
133776
133784
133786
133798
133793
133795
133802
132611
133967
133970
