24
137524 137533 756
137533 137524 756
137541 137544 682
137544 137541 682
137060 137153 840
137165 137157 756
137172 137173 504
137157 137165 756
137153 137060 840
138026 138031 649
138031 138026 649
138031 138048 1906
138047 138048 827
137173 137172 504
137174 137219 788
137219 137174 788
138029 138030 747
138030 138029 747
138048 138031 1906
138048 138047 827
138048 138072 2182
138071 138072 877
138072 138048 2182
138072 138071 877
34
137017
136910
137425
137427
137435
137523
137524
137533
137535
137541
137544
137603
137059
137064
137060
137165
137172
137157
137153
137597
137612
137632
138010
138035
138047
138049
137173
137174
137219
138056
138072
138076
138219
138220
