572
250470 250471 886
250470 250475 1129
250470 251122 474
250471 250470 886
250471 250475 614
250471 251162 1092
250475 250470 1129
250475 250471 614
250475 251115 58
251122 250470 474
251122 251144 537
251162 250471 1092
251162 251161 1565
251162 251168 1827
251162 251170 764
251115 250475 58
251115 251109 847
251115 251116 1225
251115 251120 1889
251144 251122 537
251144 251145 1889
251144 251168 1348
251161 251114 1432
251161 251162 1565
251161 251163 275
251168 251144 1348
251168 251162 1827
251168 251173 504
251170 251162 764
251170 251169 1565
251170 251172 840
251170 251173 1897
251109 251108 1558
251109 251112 1891
251109 251115 847
251116 251115 1225
251120 251112 764
251120 251115 1889
251120 251143 1891
251145 251143 756
251145 251144 1889
251145 251147 562
251145 251197 2043
251114 251113 249
251114 251161 1432
251163 251160 796
251163 251161 275
251163 251169 504
251173 251168 504
251173 251170 1897
251173 251174 924
251173 251197 1675
251169 251163 504
251169 251170 1565
251169 251171 847
251172 251170 840
251172 251171 1675
251172 251174 1906
251172 251185 930
251108 251109 1558
251112 251109 1891
251112 251111 756
251112 251120 764
251112 251139 1891
251143 251120 1891
251143 251139 764
251143 251141 672
251143 251145 756
251147 251141 764
251147 251145 562
251147 251148 222
251197 251145 2043
251197 251173 1675
251197 251198 950
251197 251199 445
251113 251107 819
251113 251110 232
251113 251114 249
251160 251107 1777
251160 251159 778
251160 251163 796
251174 251172 1906
251174 251173 924
251174 251187 930
251174 251198 1454
251171 251169 847
251171 251172 1675
251185 251172 930
251185 251184 1336
251185 251187 1906
251111 251112 756
251111 251138 1891
251139 251112 1891
251139 251138 756
251139 251143 764
251141 251143 672
251141 251146 238
251141 251147 764
251148 251147 222
251148 251156 279
251198 251174 1454
251198 251197 950
251198 251215 504
251199 251197 445
251199 251200 556
251199 251202 1548
251107 251106 782
251107 251113 819
251107 251160 1777
251110 251113 232
251159 251106 1861
251159 251160 778
251159 251179 2541
251187 251174 930
251187 251185 1906
251187 251192 930
251187 251214 1466
251184 251185 1336
251138 251111 1891
251138 251128 252
251138 251139 756
251146 251141 238
251146 251154 344
251156 251148 279
251156 251154 788
251156 251203 2902
251156 251204 847
251215 251198 504
251215 251202 1004
251215 251214 516
251200 251199 556
251200 251201 445
251202 251199 1548
251202 251215 1004
251202 251218 1279
251106 251105 778
251106 251107 782
251106 251159 1861
251179 251159 2541
251192 251187 930
251192 251189 2016
251192 251196 672
251192 251216 1447
251214 251187 1466
251214 251215 516
251214 251216 764
251128 251126 434
251128 251138 252
251154 251146 344
251154 251152 869
251154 251155 2879
251154 251156 788
251203 251155 869
251203 251156 2902
251203 251205 788
251203 251207 2643
251204 251156 847
251204 251201 950
251204 251205 2772
251201 251200 445
251201 251204 950
251201 251208 788
251201 251209 2407
251218 251202 1279
251218 251216 1004
251218 251219 756
251105 251104 445
251105 251106 778
251189 251192 2016
251189 251193 516
251196 251192 672
251196 251194 1454
251196 251217 1344
251196 252060 930
251216 251192 1447
251216 251214 764
251216 251217 764
251216 251218 1004
251126 251128 434
251152 251142 222
251152 251150 806
251152 251154 869
251155 251154 2879
251155 251203 869
251205 251203 788
251205 251204 2772
251205 251209 764
251205 251212 2665
251207 251203 2643
251207 251212 869
251208 251201 788
251208 251210 573
251208 251211 1719
251209 251201 2407
251209 251205 764
251209 251213 2665
251209 251223 750
251219 251217 1114
251219 251218 756
251219 252094 930
251104 251105 445
251193 251189 516
251193 251194 713
251193 251195 420
251194 251193 713
251194 251195 688
251194 251196 1454
251217 251196 1344
251217 251216 764
251217 251219 1114
251217 252093 930
252060 251196 930
252060 252093 1344
251142 251152 222
251150 251152 806
251212 251205 2665
251212 251207 869
251212 251213 764
251212 251343 3139
251210 251208 573
251210 251220 488
251210 263990 887
251211 251208 1719
251211 251221 950
251211 251223 139
251213 251209 2665
251213 251212 764
251213 251225 676
251213 251348 3009
251223 251209 750
251223 251211 139
251223 251224 905
252094 251219 930
252094 252093 1114
252094 252095 1222
252094 252109 1960
251195 251193 420
251195 251194 688
252093 251217 930
252093 252060 1344
252093 252094 1114
252093 252096 1114
251343 251212 3139
251343 251348 708
251220 251210 488
251220 251221 1161
251220 251222 930
263990 251210 887
251221 251211 950
251221 251220 1161
251221 251226 788
251225 251213 676
251225 251224 1741
251225 251228 1611
251225 251349 688
251348 251213 3009
251348 251343 708
251348 251353 904
251348 251355 2428
251224 251223 905
251224 251225 1741
251224 251227 1769
252095 252094 1222
252095 252099 452
252109 252094 1960
252109 252098 1014
252109 252111 983
252096 252093 1114
252096 252098 756
251222 251220 930
251222 251226 796
251222 252099 1680
251226 251221 788
251226 251222 796
251226 251227 924
251226 252100 1615
251228 251225 1611
251228 251227 1700
251228 251351 688
251228 252104 1466
251349 251225 688
251349 251350 580
251349 251351 1611
251353 251348 904
251353 251352 1085
251353 251356 706
251353 253255 1303
251355 251348 2428
251355 251358 788
251227 251224 1769
251227 251226 924
251227 251228 1700
251227 252101 1466
252099 251222 1680
252099 252095 452
252099 252100 534
252098 252096 756
252098 252097 782
252098 252109 1014
252098 252110 1362
252111 252109 983
252111 252115 336
252100 251226 1615
252100 252099 534
252100 252101 810
252100 252105 1260
251351 251228 688
251351 251349 1611
251351 253253 796
252104 251228 1466
252104 252102 580
252104 252108 551
252104 253257 1120
251350 251349 580
251350 251352 747
251350 253253 1548
251352 251350 747
251352 251353 1085
251352 253254 1466
251356 251353 706
251356 251357 529
251356 253263 571
253255 251353 1303
253255 253254 1031
253255 253261 1222
253255 253262 1139
251358 251355 788
251358 251357 1293
251358 253265 434
252101 251227 1466
252101 252100 810
252101 252102 1124
252101 252107 588
252097 252068 562
252097 252087 1181
252097 252098 782
252110 252087 713
252110 252089 764
252110 252098 1362
252110 252116 344
252115 252111 336
252115 252112 924
252115 252114 598
252105 252100 1260
252105 252106 1530
252105 252162 3747
252105 262248 791
253253 251350 1548
253253 251351 796
253253 253254 713
253253 253256 629
252102 252101 1124
252102 252103 708
252102 252104 580
252108 252104 551
252108 252107 1466
252108 252119 434
253257 252104 1120
253257 253258 556
253257 253273 1548
253254 251352 1466
253254 253253 713
253254 253255 1031
253254 253259 1466
251357 251356 529
251357 251358 1293
251357 253263 354
253263 251356 571
253263 251357 354
253263 253262 1062
253263 253265 1322
253261 253255 1222
253261 253259 1000
253261 253268 1234
253261 253274 1548
253262 253255 1139
253262 253263 1062
253262 253268 1114
253265 251358 434
253265 253263 1322
253265 253267 847
252107 252101 588
252107 252108 1466
252068 252067 905
252068 252084 1141
252068 252097 562
252087 252084 796
252087 252097 1181
252087 252110 713
252089 252083 1398
252089 252092 950
252089 252110 764
252089 252118 2005
252116 252110 344
252116 252113 275
252116 252117 1797
252112 252113 778
252112 252114 847
252112 252115 924
252114 252112 847
252114 252115 598
252114 252117 588
252106 252105 1530
252106 252119 788
252106 252123 2803
252162 252105 3747
252162 252160 511
252162 252163 452
252162 252164 840
262248 252105 791
262248 262247 9
253256 253253 629
252103 252102 708
252119 252106 788
252119 252108 434
252119 252120 681
253258 253257 556
253258 253259 562
253258 253260 1767
253273 252120 1188
253273 252122 847
253273 253257 1548
253273 253260 1031
253259 253254 1466
253259 253258 562
253259 253261 1000
253268 253261 1234
253268 253262 1114
253268 253269 580
253274 253260 1124
253274 253261 1548
253274 253275 905
253274 253276 354
253267 253265 847
252067 252064 1268
252067 252068 905
252067 252085 1072
252084 252068 1141
252084 252083 756
252084 252085 908
252084 252087 796
252083 252082 2044
252083 252084 756
252083 252089 1398
252083 252090 950
252092 252089 950
252092 252090 1398
252092 252158 516
252118 252089 2005
252118 252117 708
252118 252160 562
252118 252161 869
252113 252112 778
252113 252116 275
252117 252114 588
252117 252116 1797
252117 252118 708
252123 252106 2803
252123 252163 1012
252160 252118 562
252160 252162 511
252163 252123 1012
252163 252125 713
252163 252162 452
252164 252162 840
252164 252165 905
252164 252170 420
262247 262248 9
252120 252119 681
252120 252121 826
252120 253273 1188
253260 253258 1767
253260 253273 1031
253260 253274 1124
252122 252121 1426
252122 252127 756
252122 253273 847
252122 253278 2028
253269 253268 580
253269 253271 782
253269 253275 1584
253275 253269 1584
253275 253274 905
253275 253282 1592
253276 253274 354
253276 253277 2514
253276 253278 764
252064 252062 787
252064 252067 1268
252064 252081 1265
252085 252067 1072
252085 252084 908
252085 252086 385
252082 252072 1592
252082 252081 679
252082 252083 2044
252090 252083 950
252090 252091 580
252090 252092 1398
252090 252137 1008
252158 252092 516
252158 252138 473
252158 252161 2002
252161 252118 869
252161 252158 2002
252161 252159 847
252125 252124 1181
252125 252163 713
252125 252165 708
252125 252168 818
252165 252125 708
252165 252164 905
252165 252171 982
252170 252164 420
252170 252171 872
252170 252183 1181
252121 252120 826
252121 252122 1426
252121 252126 788
252127 252122 756
252127 252126 1635
252127 253279 336
253278 252122 2028
253278 253276 764
253278 253281 2387
253278 253310 1062
253271 253269 782
253271 253283 708
253282 253275 1592
253282 253277 764
253282 253283 788
253282 253285 1225
253277 253276 2514
253277 253281 708
253277 253282 764
253277 253286 1719
252062 252064 787
252062 252065 52
252062 252066 1236
252081 252064 1265
252081 252082 679
252086 252085 385
252072 252071 764
252072 252082 1592
252091 252090 580
252137 252090 1008
252137 252138 924
252138 252137 924
252138 252158 473
252138 252159 2299
252159 252138 2299
252159 252161 847
252124 252125 1181
252168 252125 818
252171 252165 982
252171 252170 872
252183 252170 1181
252126 252121 788
252126 252127 1635
253279 252127 336
253281 253277 708
253281 253278 2387
253281 253286 1906
253310 253278 1062
253283 253271 708
253283 253282 788
253285 253282 1225
253286 253277 1719
253286 253281 1906
252065 252062 52
252066 252062 1236
252071 252072 764
126
251109
251108
251112
251160
251171
251111
251139
251141
251107
251110
251159
251184
251138
251146
251106
251179
251128
251154
251105
251189
251126
251152
251155
251207
251104
251193
251194
252060
251142
251150
251212
251213
251195
252093
251343
251225
251348
251224
252096
251228
251349
251353
251355
251227
252098
251351
252104
251350
251352
251356
253255
251358
252101
252097
252110
253253
252102
252108
253257
253254
251357
253263
253261
253262
253265
252107
252068
252087
252089
252116
253256
252103
252119
253258
253273
253259
253268
253274
253267
252067
252084
252083
252092
252118
252113
252117
252160
252120
253260
252122
253269
253275
253276
252064
252085
252082
252090
252158
252161
252121
252127
253278
253271
253282
253277
252062
252081
252086
252072
252091
252137
252138
252159
252168
252171
252183
252126
253279
253281
253310
253283
253285
253286
252065
252066
252071
