380
21424 21425 2040
21424 21426 859
21424 34523 181
21425 21424 2040
21425 30629 1955
21425 35200 787
21425 35201 702
21426 21424 859
34523 21424 181
34523 30599 2181
34523 34524 1521
30629 21425 1955
30629 30627 4518
30629 30627 4518
35200 21425 787
35201 21425 702
30599 30597 5150
30599 30644 1221
30599 34523 2181
34524 34523 1521
30627 30626 2848
30627 30629 4518
30627 30629 4518
30597 30598 4836
30597 30599 5150
30597 30612 954
30644 30599 1221
30644 30703 3530
30644 30704 1660
30644 30705 913
30626 30509 634
30626 30627 2848
30626 30630 934
30598 30595 1125
30598 30597 4836
30612 30597 954
30703 30644 3530
30704 30644 1660
30704 30649 1661
30704 30706 1979
30705 30644 913
30509 30507 1778
30509 30514 1378
30509 30626 634
30630 30626 934
30595 30596 1650
30595 30598 1125
30595 30643 685
30649 30610 3771
30649 30704 1661
30706 30704 1979
30507 30505 852
30507 30509 1778
30514 30509 1378
30514 30516 553
30514 30631 2180
30596 30595 1650
30643 30595 685
30610 30611 6755
30610 30613 1230
30610 30649 3771
30505 30503 460
30505 30507 852
30505 30508 494
30516 30514 553
30516 30515 1566
30631 30514 2180
30631 30632 2170
30631 30635 3196
30611 30610 6755
30613 30610 1230
30503 30471 642
30503 30505 460
30503 30506 1100
30508 30496 118
30508 30505 494
30515 30502 509
30515 30516 1566
30515 30521 1044
30515 30522 2401
30632 30631 2170
30632 30636 3017
30632 30637 1558
30635 30631 3196
30471 30468 2805
30471 30486 108
30471 30503 642
30506 30503 1100
30506 30513 442
30496 30495 769
30496 30497 595
30496 30508 118
30502 30499 1656
30502 30515 509
30502 30517 1086
30521 30515 1044
30521 30517 299
30521 30523 1340
30522 30515 2401
30522 30633 7061
30522 30634 2562
30636 30632 3017
30637 30632 1558
30637 30634 941
30637 30641 994
30468 30466 1456
30468 30471 2805
30468 30472 191
30486 30471 108
30486 30487 1840
30486 30504 1235
30513 30504 286
30513 30506 442
30495 30494 46
30495 30496 769
30495 30511 299
30497 30496 595
30497 30510 540
30499 30498 2062
30499 30501 795
30499 30502 1656
30517 30502 1086
30517 30518 697
30517 30521 299
30523 30520 2368
30523 30521 1340
30523 30545 2927
30633 30522 7061
30634 30522 2562
30634 30637 941
30634 30638 794
30641 30637 994
30641 30642 896
30641 30647 2144
30466 29659 1665
30466 30467 1372
30466 30468 1456
30472 30446 578
30472 30468 191
30487 30486 1840
30487 30488 542
30504 30486 1235
30504 30513 286
30494 30493 873
30494 30495 46
30494 30498 509
30511 30495 299
30511 30512 643
30510 30497 540
30498 30494 509
30498 30499 2062
30498 30500 1541
30501 30499 795
30501 34023 240
30518 30517 697
30518 30519 5922
30518 30520 1872
30520 30518 1872
30520 30519 4051
30520 30523 2368
30545 30523 2927
30638 30634 794
30642 30641 896
30647 30641 2144
30647 30648 2042
30647 30650 1274
29659 29658 1114
29659 30466 1665
30467 30299 1629
30467 30466 1372
30446 30442 2570
30446 30469 1051
30446 30472 578
30488 30487 542
30493 30490 1213
30493 30494 873
30512 30511 643
30500 30498 1541
34023 30491 684
34023 30501 240
30519 30518 5922
30519 30520 4051
30648 30647 2042
30650 30647 1274
30650 30651 724
30650 34521 1063
30650 35205 907
29658 29659 1114
29658 30418 24
29658 30441 1511
30299 30467 1629
30299 30473 1432
30442 30441 890
30442 30444 1412
30442 30446 2570
30469 30446 1051
30469 30447 945
30469 30470 500
30490 30489 694
30490 30493 1213
30491 30460 283
30491 30492 1478
30491 34023 684
30651 30650 724
30651 30654 1921
34521 30593 85
34521 30650 1063
34521 30654 715
35205 30650 907
30418 29658 24
30441 29658 1511
30441 30439 1022
30441 30442 890
30473 30299 1432
30473 30474 657
30473 30475 950
30444 30434 1064
30444 30442 1412
30444 30447 1379
30447 30444 1379
30447 30445 750
30447 30469 945
30470 30469 500
30489 24391 1767
30489 30461 1763
30489 30490 694
30460 30458 2029
30460 30464 1393
30460 30491 283
30492 30491 1478
30654 30651 1921
30654 34521 715
30654 35346 524
30593 30594 1149
30593 34521 85
30439 30433 913
30439 30440 413
30439 30441 1022
30474 30473 657
30475 30473 950
30475 30476 1124
30475 30580 3834
30434 30432 235
30434 30433 1506
30434 30444 1064
30445 30438 904
30445 30443 2510
30445 30447 750
24391 24392 1587
24391 30462 970
24391 30489 1767
30461 30437 918
30461 30462 343
30461 30489 1763
30458 30460 2029
30458 30462 2148
30464 30460 1393
30464 30463 967
30464 30465 993
35346 30654 524
30594 30593 1149
30433 30431 942
30433 30434 1506
30433 30439 913
30440 30439 413
30476 30475 1124
30476 30477 373
30476 30478 261
30580 30475 3834
30580 30578 1374
30580 30589 317
30432 30431 1440
30432 30434 235
30432 30443 566
30438 30430 2611
30438 30437 845
30438 30445 904
30443 30430 840
30443 30432 566
30443 30445 2510
24392 24391 1587
30462 24391 970
30462 30458 2148
30462 30461 343
30437 30435 2462
30437 30438 845
30437 30461 918
30463 30456 153
30463 30464 967
30465 30464 993
30431 30429 616
30431 30432 1440
30431 30433 942
30477 30476 373
30478 30476 261
30478 30479 1875
30478 30480 996
30578 30572 1363
30578 30575 458
30578 30580 1374
30589 30580 317
30589 30590 1500
30589 30628 663
30430 30429 1279
30430 30435 997
30430 30438 2611
30430 30443 840
30435 30430 997
30435 30436 1023
30435 30437 2462
30456 30455 2564
30456 30457 1383
30456 30463 153
30429 30426 842
30429 30430 1279
30429 30431 616
30479 30478 1875
30479 30481 651
30479 30484 1058
30480 30478 996
30480 30484 1805
30480 30625 1060
30572 30571 2011
30572 30578 1363
30575 30573 951
30575 30578 458
30575 30579 658
30590 30589 1500
30628 30589 663
30628 35202 412
30436 30435 1023
30455 30454 1078
30455 30456 2564
30455 30457 2982
30457 30455 2982
30457 30456 1383
30457 30525 1075
30426 30427 522
30426 30428 595
30426 30429 842
30481 30479 651
30481 30482 526
30481 30483 1096
30484 30479 1058
30484 30480 1805
30484 30485 1106
30625 30480 1060
30625 30485 1880
30571 30312 1166
30571 30569 461
30571 30572 2011
30573 30312 1078
30573 30574 750
30573 30575 951
30579 30575 658
35202 30628 412
35202 35203 134
30454 30455 1078
30454 30525 2384
30525 30454 2384
30525 30457 1075
30525 30528 375
30427 30426 522
30428 30365 1535
30428 30426 595
30482 30481 526
30483 30481 1096
30485 30484 1106
30485 30625 1880
30312 30571 1166
30312 30573 1078
30569 30570 587
30569 30571 461
30574 30573 750
35203 35202 134
35203 35204 305
30528 30525 375
30365 30428 1535
30570 30569 587
35204 35203 305
47
30649
30610
30611
30613
30638
30467
30648
30299
30418
30473
30474
30475
30458
30476
30580
30462
30437
30477
30478
30578
30589
30435
30479
30480
30572
30575
30590
30628
30436
30481
30484
30625
30571
30573
30579
35202
30428
30482
30483
30485
30312
30569
30574
35203
30365
30570
35204
