442
6624 6679 1411
6624 6684 1664
6679 6624 1411
6679 6677 4924
6679 6706 5499
6684 6624 1664
6684 6690 4504
6677 6676 1727
6677 6679 4924
6706 6679 5499
6706 6707 954
6706 6709 2562
6690 6684 4504
6676 6677 1727
6676 6678 2877
6707 6694 4435
6707 6706 954
6707 6710 5841
6709 6706 2562
6678 6676 2877
6678 6680 1802
6678 6683 1244
6694 6692 3820
6694 6707 4435
6694 6708 468
6710 6707 5841
6710 7134 1854
6710 7136 1558
6710 34635 654
6680 6650 1602
6680 6678 1802
6680 6681 196
6683 6678 1244
6692 6693 346
6692 6694 3820
6708 6694 468
6708 6705 2066
7134 6710 1854
7134 7135 2712
7136 6710 1558
7136 6973 2602
34635 6710 654
6650 6647 1064
6650 6680 1602
6681 6680 196
6681 6682 4890
6681 6691 1091
6693 6692 346
6705 6697 1871
6705 6708 2066
6705 6713 1836
7135 7121 3757
7135 7134 2712
7135 7137 1690
6973 6762 1801
6973 6972 1272
6973 7136 2602
6973 7180 1846
6647 6648 3091
6647 6650 1064
6682 6681 4890
6682 6699 798
6682 6701 1881
6691 6681 1091
6697 6698 1821
6697 6704 1557
6697 6705 1871
6713 6705 1836
6713 6714 2023
6713 6754 461
7121 7130 883
7121 7135 3757
7137 7135 1690
7137 7138 4376
7137 7140 1755
6762 6714 6155
6762 6973 1801
6762 7139 3620
6972 6973 1272
6972 7143 2627
6972 34143 1866
7180 6973 1846
7180 7183 692
6648 6647 3091
6699 6671 289
6699 6682 798
6699 6700 930
6701 6682 1881
6701 6702 1050
6701 6703 628
6701 6753 1986
6698 6697 1821
6704 6697 1557
6714 6711 1423
6714 6713 2023
6714 6761 2137
6714 6762 6155
6754 6713 461
6754 6752 2159
6754 6760 2557
7130 7121 883
7130 7129 434
7130 7138 2199
7138 7130 2199
7138 7137 4376
7140 7137 1755
7140 7141 593
7139 6762 3620
7143 6972 2627
7143 7144 1274
7143 7148 1304
34143 6972 1866
7183 7180 692
7183 7184 2664
6671 6672 4367
6671 6673 2374
6671 6699 289
6700 6699 930
6700 6748 703
6702 6696 153
6702 6701 1050
6702 6749 491
6703 6701 628
6703 6749 990
6703 6752 1435
6753 6701 1986
6753 6755 4838
6711 6712 1745
6711 6712 1745
6711 6714 1423
6761 6714 2137
6761 6760 2616
6761 6767 247
6761 34117 1798
6752 6703 1435
6752 6754 2159
6752 6756 1611
6760 6754 2557
6760 6761 2616
6760 6763 621
7129 7130 434
7141 7140 593
7141 7142 3017
7144 7143 1274
7148 7143 1304
7148 7150 1414
7184 7181 1346
7184 7183 2664
7184 7188 1930
7184 7209 2385
6672 6671 4367
6673 6669 740
6673 6671 2374
6673 6674 1611
6748 6700 703
6748 6730 1977
6748 6750 2316
6696 6695 1757
6696 6702 153
6749 6702 491
6749 6703 990
6755 6753 4838
6755 6758 1256
6755 6773 1035
6712 6711 1745
6712 6711 1745
6767 6761 247
34117 6761 1798
6756 6752 1611
6756 6757 590
6763 6760 621
6763 34263 371
6763 34325 609
7142 7141 3017
7142 34632 1672
7142 34634 835
7150 7148 1414
7150 7149 2407
7150 34632 1739
7181 7182 1267
7181 7184 1346
7181 7204 1422
7188 7184 1930
7188 7186 2161
7188 7187 928
7209 7184 2385
7209 7208 1214
7209 7210 1322
6669 6670 1557
6669 6673 740
6669 6675 4203
6674 6673 1611
6730 6728 731
6730 6748 1977
6730 6751 1439
6750 6736 1461
6750 6748 2316
6750 6759 3176
6695 6696 1757
6758 6755 1256
6758 6759 918
6758 6774 1005
6773 6755 1035
6757 6756 590
34263 6763 371
34325 6763 609
34632 7142 1672
34632 7150 1739
34632 34633 118
34634 7142 835
7149 7150 2407
7149 7151 355
7149 7152 1436
7182 7181 1267
7204 6784 1909
7204 7181 1422
7204 34937 1264
7186 7185 3935
7186 7188 2161
7186 35086 1882
7187 7188 928
7187 7215 2110
7187 7216 5225
7208 7206 2083
7208 7209 1214
7208 7213 1908
7210 7209 1322
7210 7617 2933
7210 34630 2846
6670 6666 1769
6670 6669 1557
6670 35268 1177
6675 6661 1530
6675 6669 4203
6728 6727 2649
6728 6730 731
6728 6733 2321
6751 6730 1439
6736 6737 636
6736 6742 2716
6736 6750 1461
6759 6750 3176
6759 6758 918
6759 34966 1440
6774 6758 1005
6774 6771 1303
6774 6775 1322
34633 34632 118
7151 7149 355
7151 7153 2586
7152 7149 1436
7152 7171 944
6784 6768 255
6784 7204 1909
6784 7205 1508
34937 7204 1264
7185 7153 2497
7185 7186 3935
7185 7189 1502
35086 7186 1882
7215 7187 2110
7215 7217 1546
7215 7218 2956
7216 7187 5225
7216 7218 1335
7216 7222 2382
7206 7205 1393
7206 7207 2625
7206 7208 2083
7213 7207 1196
7213 7208 1908
7213 7214 1685
7617 7210 2933
7617 7618 970
7617 7619 1132
34630 7210 2846
6666 6665 685
6666 6668 1755
6666 6670 1769
35268 6670 1177
6661 6660 1046
6661 6662 3174
6661 6675 1530
6727 6726 390
6727 6728 2649
6727 6729 2674
6733 6728 2321
6733 6729 1104
6733 6734 322
6737 6734 1703
6737 6736 636
6742 6736 2716
6742 6740 1230
6742 6770 936
34966 6759 1440
6771 6772 1855
6771 6772 1855
6771 6774 1303
6775 6774 1322
6775 6776 560
7153 7151 2586
7153 7185 2497
7153 7191 5955
7153 7192 3699
7171 7152 944
7171 7170 1590
7171 7174 1480
6768 6769 2464
6768 6784 255
6768 6785 989
7205 6784 1508
7205 7206 1393
7205 7211 2431
7189 7185 1502
7189 7190 584
7217 7195 1600
7217 7215 1546
7217 7219 1771
7217 7220 4444
7218 7215 2956
7218 7216 1335
7218 7223 2536
7222 7216 2382
7222 7223 1433
7222 7620 1493
7222 7629 1481
7207 7206 2625
7207 7211 1821
7207 7213 1196
7214 7212 2908
7214 7213 1685
7214 7616 725
7618 7617 970
7618 7620 318
7619 7617 1132
6665 6649 263
6665 6666 685
6665 6667 1466
6668 6666 1755
6660 6657 4573
6660 6661 1046
6660 6717 512
6662 6661 3174
6726 6727 390
6729 6727 2674
6729 6733 1104
6729 6738 2023
6734 6733 322
6734 6735 1192
6734 6737 1703
6740 6738 832
6740 6741 4006
6740 6742 1230
6770 6742 936
6772 6771 1855
6772 6771 1855
6776 6775 560
6776 6777 1906
6776 6778 903
7191 7153 5955
7191 7226 2607
7192 7153 3699
7192 7229 2216
7170 7168 681
7170 7169 1532
7170 7171 1590
7174 7171 1480
7174 7175 6311
6769 6768 2464
6785 6768 989
6785 6786 742
7211 7205 2431
7211 7207 1821
7211 7212 1876
7190 7189 584
7195 7196 465
7195 7198 1558
7195 7217 1600
7219 7202 1807
7219 7217 1771
7219 7221 4336
7220 7217 4444
7220 7221 1764
7220 7631 1231
7223 7218 2536
7223 7222 1433
7223 7630 435
7620 7222 1493
7620 7618 318
7620 7621 1389
7629 7222 1481
7629 7635 1775
7629 7636 5283
7212 7211 1876
7212 7214 2908
7212 7612 565
7616 7214 725
7616 7615 830
6649 6664 2579
6649 6665 263
6667 6665 1466
6657 6655 757
6657 6659 1700
6657 6660 4573
6717 6660 512
6717 6715 878
6717 6719 1783
6738 6729 2023
6738 6732 878
6738 6740 832
6735 6734 1192
6741 6739 1026
6741 6740 4006
6777 6776 1906
6778 6776 903
7226 7191 2607
7229 7192 2216
7168 7170 681
7169 7170 1532
7175 7174 6311
6786 6785 742
7196 7195 465
7198 7195 1558
7202 7219 1807
7221 7219 4336
7221 7220 1764
7631 7220 1231
7630 7223 435
7621 7620 1389
7635 7629 1775
7636 7629 5283
7612 7212 565
7615 7616 830
6664 6649 2579
6655 6657 757
6659 6657 1700
6715 6717 878
6719 6717 1783
6732 6738 878
6732 6739 3439
6739 6732 3439
6739 6741 1026
200
6624
6679
6684
6677
6706
6690
6676
6707
6709
6678
6694
6710
6680
6683
6692
6708
7134
7136
34635
6650
6681
6693
6705
7135
6973
6647
6682
6691
6697
6713
7121
7137
6762
6972
7180
6648
6699
6701
6698
6704
6714
6754
7130
7138
7140
7139
7143
34143
7183
6671
6700
6702
6703
6753
6711
6761
6752
6760
7129
7141
7144
7148
7184
6672
6673
6748
6696
6749
6755
6712
6767
34117
6756
6763
7142
7150
7181
7188
7209
6669
6674
6730
6750
6695
6758
6773
6757
34263
34325
34632
34634
7149
7182
7204
7186
7187
7208
7210
6670
6675
6728
6751
6736
6759
6774
34633
7151
7152
6784
34937
7185
35086
7215
7216
7206
7213
7617
34630
6666
35268
6661
6727
6733
6737
6742
34966
6771
6775
7153
7171
6768
7205
7189
7217
7218
7222
7207
7214
7618
7619
6665
6668
6660
6662
6726
6729
6734
6740
6770
6772
6776
7191
7192
7170
7174
6769
6785
7211
7190
7195
7219
7220
7223
7620
7629
7212
7616
6649
6667
6657
6717
6738
6735
6741
6777
6778
7226
7229
7168
7169
7175
6786
7196
7198
7202
7221
7631
7630
7621
7635
7636
7612
7615
6664
6655
6659
6715
6719
6732
6739
