24
133296 133297 893
133297 133296 893
133294 133300 1611
133300 133294 1611
133326 133334 672
133334 133326 672
133348 133350 681
133350 133348 681
250909 250910 201
253360 253364 2352
253364 253360 2352
250910 250909 201
250910 250911 2690
250911 250910 2690
250911 251313 2643
251313 250911 2643
251318 251319 796
251319 251318 796
134101 134100 1584
134101 134109 1114
134109 134101 1114
134109 134115 1445
134115 134109 1445
134100 134101 1584
37
133296
133297
133306
133294
133300
133326
133334
133345
133348
133350
133355
133365
250883
251303
133615
133669
250888
250903
250909
253297
251395
253356
251399
253360
253364
250911
251313
251318
251319
251329
251335
251364
251370
251391
134109
134115
134100
