634
132840 132841 2335
132840 137924 932
132840 137925 1014
132840 137930 848
132841 132840 2335
132841 137926 2430
132841 137931 1000
132841 137970 2503
137924 132840 932
137924 137920 682
137924 137922 2371
137925 132840 1014
137925 137923 1463
137925 137929 2644
137930 132840 848
137930 137931 2279
137930 138494 1821
137926 132841 2430
137926 137880 765
137926 137927 2371
137931 132841 1000
137931 137910 2498
137931 137930 2279
137931 138502 1613
137970 132841 2503
137970 137910 1008
137970 137967 765
137970 137971 2153
137920 137917 2371
137920 137919 765
137920 137924 682
137922 137917 682
137922 137921 1576
137922 137923 860
137922 137924 2371
137923 137893 1628
137923 137915 2735
137923 137922 860
137923 137925 1463
137929 137925 2644
137929 137928 796
137929 138494 905
137929 138498 2616
138494 137929 905
138494 137930 1821
138494 138499 2616
138494 138500 905
137880 137872 2468
137880 137879 765
137880 137926 765
137880 137952 2371
137927 137926 2371
137927 137952 765
137927 137956 848
137927 137958 2262
137910 137911 2156
137910 137931 2498
137910 137970 1008
137910 138503 1740
138502 137931 1613
138502 138501 782
138502 138503 2388
138502 138509 2712
137967 137956 765
137967 137968 2262
137967 137970 765
137971 137911 917
137971 137968 789
137971 137970 2153
137971 137977 2481
137917 137916 1592
137917 137918 765
137917 137920 2371
137917 137922 682
137919 137872 765
137919 137918 2371
137919 137920 765
137921 137893 595
137921 137916 765
137921 137922 1576
137893 137892 506
137893 137913 1559
137893 137921 595
137893 137923 1628
137915 137912 1686
137915 137923 2735
137915 137928 672
137915 138496 2628
137928 137915 672
137928 137929 796
137928 138497 2700
138498 137929 2616
138498 138497 782
138498 138499 905
138498 138506 2644
138499 138494 2616
138499 138498 905
138499 138504 905
138499 138507 2644
138500 138494 905
138500 138501 782
138500 138504 2616
137872 137870 2371
137872 137871 765
137872 137880 2468
137872 137919 765
137879 137871 2468
137879 137876 870
137879 137880 765
137879 137942 1919
137952 137880 2371
137952 137927 765
137952 137945 435
137952 137953 905
137956 137927 848
137956 137957 1357
137956 137959 2262
137956 137967 765
137958 137927 2262
137958 137955 91
137958 137959 848
137958 137962 227
137911 137910 2156
137911 137971 917
137911 138517 199
138503 137910 1740
138503 138502 2388
138503 138510 2616
138503 139671 764
138501 138500 782
138501 138502 782
138501 138508 2700
138509 138502 2712
138509 138508 672
138509 138510 2481
138509 138554 2628
137968 137959 765
137968 137967 2262
137968 137971 789
137968 137972 2371
137977 137971 2481
137977 137972 765
137977 137978 2279
137977 137979 932
137916 137869 1518
137916 137917 1592
137916 137921 765
137918 137870 765
137918 137917 765
137918 137919 2371
137892 137890 333
137892 137893 506
137913 137893 1559
137913 137914 1301
137912 137909 219
137912 137914 167
137912 137915 1686
137912 138477 2609
138496 137915 2628
138496 138478 688
138496 138493 2644
138496 138497 796
138497 137928 2700
138497 138496 796
138497 138498 782
138497 138505 2644
138506 138498 2644
138506 138505 782
138506 138507 905
138506 138550 2628
138504 138499 905
138504 138500 2616
138504 138508 796
138504 138548 2645
138507 138499 2644
138507 138506 905
138507 138548 905
138507 138551 2545
137870 137868 789
137870 137869 1700
137870 137872 2371
137870 137918 765
137871 137868 2262
137871 137872 765
137871 137875 848
137871 137879 2468
137876 137875 2578
137876 137878 252
137876 137879 870
137876 137938 344
137942 137879 1919
137942 137938 1724
137942 137944 452
137942 137945 612
137945 137942 612
137945 137944 336
137945 137952 435
137945 137953 976
137953 137945 976
137953 137952 905
137953 137954 1357
137953 137955 1548
137957 137956 1357
137959 137956 2262
137959 137958 848
137959 137964 1576
137959 137968 765
137955 137953 1548
137955 137954 674
137955 137958 91
137955 137962 235
137962 137955 235
137962 137958 227
137962 137963 2240
137962 137964 1618
138517 137911 199
138517 138568 371
138510 138503 2616
138510 138509 2481
138510 138556 2728
138510 139672 786
139671 138503 764
139671 138565 728
139671 139672 2599
138508 138501 2700
138508 138504 796
138508 138509 672
138508 138553 2645
138554 138509 2628
138554 138553 782
138554 138555 688
138554 138561 2665
137972 137968 2371
137972 137974 435
137972 137976 672
137972 137977 765
137978 137977 2279
137978 137984 403
137978 137986 1014
137978 138566 765
137979 137977 932
137979 138566 2028
137979 138567 1008
137869 137860 757
137869 137870 1700
137869 137916 1518
137890 137887 271
137890 137892 333
137890 137908 3004
137914 137912 167
137914 137913 1301
137909 137907 470
137909 137912 219
137909 138473 1944
137909 139692 165
138477 137912 2609
138477 138478 782
138477 138491 2665
138478 138477 782
138478 138492 2665
138478 138495 168
138478 138496 688
138493 138492 796
138493 138496 2644
138493 138505 796
138493 138529 2562
138505 138493 796
138505 138497 2644
138505 138506 782
138505 138549 2562
138550 138506 2628
138550 138549 905
138550 138551 893
138550 138558 2644
138548 138504 2645
138548 138507 905
138548 138552 2562
138548 138553 796
138551 138507 2545
138551 138550 893
138551 138552 796
138551 138559 2748
137868 137856 3332
137868 137860 1919
137868 137870 789
137868 137871 2262
137875 137871 848
137875 137873 870
137875 137876 2578
137878 137866 1205
137878 137876 252
137878 137877 517
137878 137938 474
137938 137876 344
137938 137878 474
137938 137941 2044
137938 137942 1724
137944 137941 789
137944 137942 452
137944 137945 336
137944 137946 2262
137954 137946 765
137954 137953 1357
137954 137955 674
137954 137961 2468
137964 137959 1576
137964 137962 1618
137964 137969 560
137964 137973 887
137964 137974 927
137963 137961 765
137963 137962 2240
137963 137966 2371
137963 137973 897
138568 138517 371
138568 138564 1159
138568 139670 963
138556 138510 2728
138556 138555 1700
138556 138563 2479
138556 138596 2248
139672 138510 786
139672 138572 676
139672 139671 2599
138565 138564 765
138565 138572 2575
138565 139671 728
138553 138508 2645
138553 138548 796
138553 138554 782
138553 138557 2562
138555 138554 688
138555 138556 1700
138555 138562 2562
138561 138554 2665
138561 138557 688
138561 138562 782
138561 138629 2628
137974 137964 927
137974 137972 435
137974 137973 386
137974 137976 751
137976 137972 672
137976 137974 751
137976 137983 1686
137976 137984 1867
137984 137976 1867
137984 137978 403
137984 137983 589
137984 137986 927
137986 137978 1014
137986 137984 927
137986 139637 95
138566 137978 765
138566 137979 2028
138566 138576 2371
138566 138577 765
138567 137979 1008
138567 138577 1357
137860 137855 3281
137860 137868 1919
137860 137869 757
137887 137853 1305
137887 137884 2348
137887 137890 271
137887 137894 1015
137908 137890 3004
137908 137907 154
137907 137905 237
137907 137908 154
137907 137909 470
137907 138473 1845
138473 137907 1845
138473 137909 1944
138473 138474 833
139692 137909 165
138491 138477 2665
138491 138490 688
138491 138492 782
138491 138527 2561
138492 138478 2665
138492 138491 782
138492 138493 796
138492 138528 2644
138495 138478 168
138529 138493 2562
138529 138528 782
138529 138546 2644
138529 138549 796
138549 138505 2562
138549 138529 796
138549 138547 2644
138549 138550 905
138558 138547 905
138558 138550 2644
138558 138559 796
138552 138548 2562
138552 138551 796
138552 138557 796
138559 138551 2748
138559 138558 796
138559 138560 1576
137856 137855 2307
137856 137858 366
137856 137859 738
137856 137868 3332
137873 137863 765
137873 137875 870
137866 137863 1585
137866 137874 786
137866 137877 1124
137866 137878 1205
137877 137866 1124
137877 137867 765
137877 137878 517
137877 137937 2468
137941 137937 951
137941 137938 2044
137941 137943 2248
137941 137944 789
137946 137943 870
137946 137944 2262
137946 137954 765
137946 137960 2468
137961 137954 2468
137961 137960 765
137961 137963 765
137961 137965 1919
137969 137964 560
137973 137963 897
137973 137964 887
137973 137974 386
137973 137975 2266
137966 137963 2371
137966 137975 870
137966 137981 252
137966 137982 2388
138564 138565 765
138564 138568 1159
138564 138569 1770
139670 138568 963
138563 138556 2479
138563 138562 1686
138563 138604 2262
138563 138630 2772
138596 138556 2248
138596 138597 848
138596 138599 2371
138596 138600 932
138572 138565 2575
138572 138571 800
138572 139672 676
138557 138552 796
138557 138553 2562
138557 138560 2665
138557 138561 688
138562 138555 2562
138562 138561 782
138562 138563 1686
138629 138560 905
138629 138561 2628
138629 138630 2153
137983 137975 765
137983 137976 1686
137983 137984 589
137983 137987 452
139637 137986 95
139637 139636 726
138576 138566 2371
138576 138578 848
138576 138581 1140
138576 138583 428
138577 138566 765
138577 138567 1357
138577 138578 2388
137855 137825 1658
137855 137856 2307
137855 137860 3281
137853 137850 2358
137853 137852 765
137853 137887 1305
137884 137740 2453
137884 137850 870
137884 137886 1015
137884 137887 2348
137894 137887 1015
137894 137889 688
137894 137906 2042
137905 137904 775
137905 137906 155
137905 137907 237
137905 138476 2632
138474 138473 833
138474 138490 2644
138490 138474 2644
138490 138489 222
138490 138491 688
138490 138524 2561
138527 138491 2561
138527 138528 796
138527 138543 2644
138528 138492 2644
138528 138527 796
138528 138529 782
138528 138544 2644
138546 138529 2644
138546 138544 782
138546 138547 796
138547 138546 796
138547 138549 2644
138547 138558 905
138560 138557 2665
138560 138559 1576
138560 138629 905
137858 137829 657
137858 137856 366
137858 137857 295
137858 137859 877
137859 137856 738
137859 137858 877
137859 137862 1565
137859 137863 1812
137863 137859 1812
137863 137862 932
137863 137866 1585
137863 137867 2481
137863 137873 765
137874 137866 786
137867 137863 2481
137867 137865 789
137867 137877 765
137867 137933 2468
137937 137877 2468
137937 137933 765
137937 137940 2153
137937 137941 951
137943 137940 848
137943 137941 2248
137943 137946 870
137943 137950 2358
137960 137946 2468
137960 137950 848
137960 137961 765
137960 137980 1466
137965 137961 1919
137975 137966 870
137975 137973 2266
137975 137983 765
137975 137985 2468
137981 137966 252
137982 137966 2388
137982 137985 682
137982 137990 2480
138569 138564 1770
138569 138570 2371
138569 138571 932
138604 138563 2262
138604 138605 848
138604 138607 418
138604 138608 342
138630 138563 2772
138630 138608 3418
138630 138629 2153
138597 138574 870
138597 138596 848
138597 138598 2371
138599 138596 2371
138599 138598 848
138600 138596 932
138600 138605 789
138571 138569 932
138571 138572 800
138571 138574 932
137987 137983 452
139636 139637 726
138578 138576 848
138578 138577 2388
138581 138576 1140
138583 138576 428
137825 137829 1779
137825 137855 1658
137850 137853 2358
137850 137884 870
137852 137853 765
137740 137884 2453
137886 137884 1015
137889 137894 688
137889 137904 2231
137906 137894 2042
137906 137905 155
137904 137889 2231
137904 137905 775
138476 137905 2632
138476 138489 2644
138489 138476 2644
138489 138490 222
138524 138490 2561
138543 138527 2644
138543 138544 796
138544 138528 2644
138544 138543 796
138544 138546 782
137829 137825 1779
137829 137857 562
137829 137858 657
137857 137829 562
137857 137858 295
137862 137859 1565
137862 137863 932
137862 137865 2623
137865 137862 2623
137865 137867 789
137933 137867 2468
137933 137937 765
137940 137937 2153
137940 137943 848
137950 137943 2358
137950 137960 848
137980 137960 1466
137985 137975 2468
137985 137982 682
137990 137982 2480
138570 138569 2371
138605 138600 789
138605 138604 848
138607 138604 418
138607 138608 415
138608 138604 342
138608 138607 415
138608 138630 3418
138574 138571 932
138574 138597 870
138598 138597 2371
138598 138599 848
46
137890
137887
137908
137907
138473
137853
137884
137894
137905
138474
138490
138599
138600
138571
139636
138578
138581
138583
137825
137850
137852
137740
137886
137889
137906
137904
138476
138489
138524
138543
138544
137829
137857
137862
137865
137933
137940
137950
137985
137990
138570
138605
138607
138608
138574
138598
