578
152170 152171 2063
152170 152172 871
152170 152175 600
152170 152228 2279
152171 152170 2063
152171 152174 421
152171 152177 435
152172 152170 871
152172 152173 2153
152172 152227 2171
152172 166896 849
152175 152170 600
152175 152176 2028
152175 152183 2299
152228 152170 2279
152228 152183 683
152228 152227 849
152174 152171 421
152174 152173 355
152174 185194 1268
152177 152171 435
152177 152176 337
152177 176293 1161
152173 152172 2153
152173 152174 355
152173 170113 337
152227 152172 2171
152227 152228 849
152227 152230 790
166896 152172 849
166896 152230 2299
166896 166897 2138
166896 166898 1261
152176 152175 2028
152176 152177 337
152176 152184 552
152183 152175 2299
152183 152182 924
152183 152228 683
185194 152174 1268
185194 185181 709
185194 185195 905
176293 152177 1161
176293 176294 337
176293 176302 1140
170113 152173 337
170113 166897 435
170113 185181 1161
152230 152227 790
152230 152229 924
152230 166896 2299
152230 166947 1389
166897 166896 2138
166897 166902 436
166897 170113 435
166898 166896 1261
166898 166899 2153
166898 166939 849
166898 166947 2153
152184 152176 552
152184 152187 683
152184 176295 1188
152182 152181 1035
152182 152183 924
152182 152229 2316
152182 152231 1357
185181 170113 1161
185181 185180 905
185181 185194 709
185195 185180 709
185195 185194 905
185195 185476 202
176294 176293 337
176294 176295 453
176294 176301 350
176302 176293 1140
176302 176300 828
152229 152182 2316
152229 152230 924
152229 152232 344
152229 166945 2259
166947 152230 1389
166947 166898 2153
166947 166943 871
166902 166897 436
166902 166900 505
166902 185179 2028
166899 166898 2153
166899 166900 474
166899 166946 337
166939 166898 849
166939 166936 906
166939 166940 2262
166939 166943 2262
152187 152184 683
152187 152186 752
152187 176300 2599
176295 152184 1188
176295 176294 453
176295 176300 1248
152181 152180 1592
152181 152182 1035
152181 152201 2599
152231 152182 1357
152231 152232 2504
152231 152233 1140
185180 185179 710
185180 185181 905
185180 185195 709
185476 185195 202
176301 176294 350
176300 152187 2599
176300 176295 1248
176300 176302 828
152232 152229 344
152232 152231 2504
152232 152234 1032
166945 152229 2259
166945 166928 2234
166945 166943 924
166945 166944 2306
166945 166949 1140
166943 166939 2262
166943 166942 849
166943 166945 924
166943 166947 871
166900 166899 474
166900 166902 505
166900 185184 1935
185179 166902 2028
185179 185180 710
185179 185184 600
166946 166899 337
166946 166940 505
166946 185182 1248
166936 166891 589
166936 166938 2371
166936 166939 906
166936 166942 2044
166940 166939 2262
166940 166941 355
166940 166946 505
152186 152185 849
152186 152187 752
152180 152178 3011
152180 152181 1592
152180 152238 790
152201 152181 2599
152201 152199 1687
152201 152202 1576
152233 152231 1140
152233 152234 2531
152233 152235 818
152233 152237 1560
152234 152232 1032
152234 152233 2531
152234 152236 562
152234 166949 2299
166928 166912 1532
166928 166927 924
166928 166944 688
166928 166945 2234
166944 166913 1678
166944 166928 688
166944 166945 2306
166944 166948 818
166949 152234 2299
166949 166945 1140
166949 166948 2165
166949 166951 789
166942 166935 709
166942 166936 2044
166942 166943 849
185184 166900 1935
185184 185179 600
185184 185183 709
185182 166946 1248
185182 185183 796
185182 185190 828
166891 166892 2243
166891 166893 766
166891 166935 2248
166891 166936 589
166938 166936 2371
166938 166937 276
166938 166941 517
166941 166938 517
166941 166940 355
166941 185190 1014
152185 152179 796
152185 152186 849
152185 152206 1634
152178 152179 828
152178 152180 3011
152178 152240 1592
152238 152180 790
152238 152239 924
152238 152240 1234
152199 152198 1027
152199 152200 748
152199 152201 1687
152202 152201 1576
152202 152203 3152
152202 152239 1811
152235 152233 818
152235 152236 2285
152235 152237 1074
152235 152244 697
152237 152198 1086
152237 152233 1560
152237 152235 1074
152236 152234 562
152236 152235 2285
152236 152245 778
152236 166951 1988
166912 166910 818
166912 166914 698
166912 166928 1532
166927 166910 1552
166927 166926 688
166927 166928 924
166927 166935 683
166913 166914 785
166913 166915 924
166913 166944 1678
166948 166915 1746
166948 166944 818
166948 166949 2165
166948 166950 885
166951 152236 1988
166951 166949 789
166951 166950 2208
166951 166956 650
166935 166891 2248
166935 166927 683
166935 166942 709
185183 185182 796
185183 185184 709
185183 185189 871
185190 166941 1014
185190 185182 828
185190 185189 924
166892 161243 600
166892 166891 2243
166892 166937 683
166892 185191 1810
166893 166891 766
166893 166894 818
166893 166903 1905
166893 166925 672
166937 166892 683
166937 166938 276
166937 185188 1935
152179 152178 828
152179 152185 796
152179 152209 373
152206 152185 1634
152206 152190 600
152240 152178 1592
152240 152238 1234
152240 152241 709
152239 152202 1811
152239 152207 1769
152239 152238 924
152198 152197 1014
152198 152199 1027
152198 152237 1086
152200 152199 748
152203 152202 3152
152203 152204 3140
152203 152207 589
152244 152197 2646
152244 152235 697
152244 152245 1811
152244 152246 697
152245 152236 778
152245 152244 1811
152245 166956 1616
166910 166911 483
166910 166912 818
166910 166927 1552
166914 166874 2911
166914 166912 698
166914 166913 785
166926 166909 1615
166926 166925 905
166926 166927 688
166915 166907 1032
166915 166913 924
166915 166948 1746
166950 166907 2019
166950 166948 885
166950 166951 2208
166950 166953 650
166956 152245 1616
166956 166951 650
166956 166953 2208
166956 166969 747
185189 185183 871
185189 185188 790
185189 185190 924
161243 161242 202
161243 166892 600
161243 166894 1375
185191 166892 1810
185191 185188 630
185191 185199 790
166894 161243 1375
166894 166893 818
166894 166904 1823
166903 166873 2776
166903 166893 1905
166903 166904 796
166903 166908 558
166925 166893 672
166925 166908 1615
166925 166926 905
185188 166937 1935
185188 185189 790
185188 185191 630
152209 152179 373
152209 152208 1494
152209 152241 1336
152190 152191 2233
152190 152204 581
152190 152206 600
152190 176292 3445
152241 152208 589
152241 152209 1336
152241 152240 709
152207 152203 589
152207 152208 778
152207 152239 1769
152197 152196 796
152197 152198 1014
152197 152244 2646
152204 152190 581
152204 152203 3140
152246 152196 2982
152246 152244 697
152246 152247 1206
152246 166969 2549
166911 166909 335
166911 166910 483
166911 172826 2903
166874 166870 2862
166874 166914 2911
166874 172826 1997
166909 166908 905
166909 166911 335
166909 166926 1615
166907 166906 1064
166907 166915 1032
166907 166950 2019
166907 166952 818
166953 166950 650
166953 166952 2232
166953 166956 2208
166953 166959 848
166969 152246 2549
166969 166956 747
166969 166959 2255
166969 166970 1161
161242 161243 202
161242 166924 135
161242 185198 782
185199 185191 790
185199 185198 1032
185199 185202 497
185199 185203 253
166904 166894 1823
166904 166903 796
166904 166905 1293
166873 166871 2085
166873 166903 2776
166873 172826 1848
166908 166903 558
166908 166909 905
166908 166925 1615
152208 152207 778
152208 152209 1494
152208 152241 589
152191 152190 2233
152191 152220 1470
176292 152190 3445
176292 176290 1796
152196 152195 1576
152196 152197 796
152196 152246 2982
152247 152195 3674
152247 152246 1206
152247 152249 1483
152247 166970 1533
172826 166873 1848
172826 166874 1997
172826 166911 2903
166870 166869 683
166870 166874 2862
166870 166882 790
166870 166883 2643
166906 166882 984
166906 166907 1064
166906 166934 2691
166952 166907 818
166952 166953 2232
166952 166955 924
166959 166953 848
166959 166955 2370
166959 166963 1023
166959 166969 2255
166970 152247 1533
166970 152249 1293
166970 166963 2009
166970 166969 1161
166924 161242 135
166924 166923 220
185198 161242 782
185198 185199 1032
185198 185201 244
185202 185161 1929
185202 185199 497
185203 185199 253
166905 166901 683
166905 166904 1293
166905 166923 1388
166905 185200 928
166871 166872 1117
166871 166873 2085
166871 166895 630
152220 152191 1470
152220 152221 421
176290 174205 2688
176290 176291 4222
176290 176292 1796
152195 152192 4658
152195 152196 1576
152195 152247 3674
152195 152248 1580
152195 152253 2810
152249 152247 1483
152249 152248 2982
152249 166970 1293
152249 166971 1546
166869 166870 683
166869 166875 828
166882 166870 790
166882 166881 2666
166882 166906 984
166883 166870 2643
166883 166881 871
166883 166917 2454
166934 166906 2691
166934 166933 476
166934 166954 953
166955 166952 924
166955 166954 1032
166955 166959 2370
166963 166959 1023
166963 166964 2058
166963 166967 1426
166963 166970 2009
166923 166905 1388
166923 166922 818
166923 166924 220
185201 185198 244
185201 185200 1907
185161 185144 134
185161 185160 433
185161 185202 1929
166901 166895 1470
166901 166905 683
166901 185196 889
185200 166905 928
185200 185197 336
185200 185201 1907
166872 166868 600
166872 166871 1117
166872 185088 1032
166895 166871 630
166895 166901 1470
166895 185093 747
152221 152220 421
152221 152222 435
174205 174206 2530
174205 174207 796
174205 176286 1905
174205 176290 2688
176291 176290 4222
176291 185912 752
152192 152193 1478
152192 152194 1848
152192 152195 4658
152248 152195 1580
152248 152249 2982
152248 152254 107
152248 152256 1500
152253 152195 2810
152253 152252 242
166971 152249 1546
166971 166966 810
166875 166860 933
166875 166869 828
166875 166921 1827
166881 166882 2666
166881 166883 871
166881 166933 600
166917 166883 2454
166917 166916 435
166917 166932 1388
166933 166881 600
166933 166932 2429
166933 166934 476
166954 166934 953
166954 166955 1032
166954 166958 374
166954 166964 630
166964 166954 630
166964 166958 697
166964 166963 2058
166967 166963 1426
166967 166966 667
166922 166923 818
185144 185139 1114
185144 185161 134
185160 185092 2015
185160 185161 433
185160 185197 556
185196 166901 889
185196 185093 1853
185196 185197 238
185197 185160 556
185197 185196 238
185197 185200 336
166868 166866 766
166868 166867 1848
166868 166872 600
185088 166872 1032
185088 185086 796
185088 185087 202
185088 185091 1579
185093 166895 747
185093 185091 344
185093 185196 1853
152222 152221 435
152222 152223 818
152222 152225 517
152222 176327 2299
174206 174205 2530
174207 174205 796
176286 174205 1905
185912 176291 752
152193 152192 1478
152194 152192 1848
152254 152248 107
152256 152248 1500
152252 152253 242
166966 166967 667
166966 166971 810
166860 166875 933
166921 166875 1827
166916 166917 435
166932 166917 1388
166932 166933 2429
166958 166954 374
166958 166964 697
185139 185144 1114
185092 185091 475
185092 185160 2015
166866 166868 766
166867 166868 1848
185086 185088 796
185087 185088 202
185091 185088 1579
185091 185092 475
185091 185093 344
152223 152222 818
152225 152222 517
176327 152222 2299
23
174206
174207
176286
152193
152254
152256
152252
166966
166860
166921
166916
166932
166958
185139
185092
166866
166867
185086
185087
185091
152223
152225
176327
