592
195332 195333 308
195333 195332 308
195333 198130 2232
198130 195333 2232
198130 198129 224
198130 198142 87
198129 198125 434
198129 198130 224
198142 198130 87
198142 198143 863
198125 198126 1685
198125 198129 434
198143 198137 774
198143 198142 863
198143 198144 1784
198126 198125 1685
198126 198128 674
198126 198131 330
198137 198136 2134
198137 198143 774
198137 198145 1793
198137 198148 773
198144 198132 773
198144 198143 1784
198144 198145 846
198144 198146 2398
198128 198126 674
198128 198516 1817
198131 198126 330
198131 198132 418
198136 198137 2134
198145 198137 1793
198145 198144 846
198145 198147 2380
198145 198149 755
198148 198137 773
198148 198149 1791
198148 198150 359
198132 198131 418
198132 198133 2365
198132 198144 773
198146 198133 954
198146 198144 2398
198146 198518 2106
198146 198520 327
198516 198128 1817
198516 198133 665
198516 198515 846
198147 198145 2380
198147 198155 684
198147 198520 434
198149 198145 755
198149 198148 1791
198149 198155 2367
198149 198156 683
198150 198148 359
198150 198151 402
198133 198132 2365
198133 198146 954
198133 198514 1527
198133 198516 665
198518 195586 2136
198518 198146 2106
198518 198514 883
198518 198519 750
198518 198522 845
198520 198146 327
198520 198147 434
198520 198521 1002
198515 198510 549
198515 198516 846
198155 198147 684
198155 198149 2367
198155 198157 776
198156 198149 683
198156 198157 2366
198156 198158 209
198151 198140 506
198151 198150 402
198151 198152 1369
198151 198153 419
198514 198133 1527
198514 198518 883
195586 198518 2136
198519 198518 750
198519 198522 468
198522 198518 845
198522 198519 468
198522 198521 955
198522 198523 420
198521 198520 1002
198521 198522 955
198521 198523 902
198510 198515 549
198157 198155 776
198157 198156 2366
198158 198156 209
198158 198189 319
198140 198139 1749
198140 198151 506
198152 198151 1369
198152 198154 777
198152 198189 462
198153 198141 804
198153 198151 419
198153 198154 598
198153 198185 522
198523 198521 902
198523 198522 420
198523 198527 593
198189 198152 462
198189 198158 319
198189 198190 1286
198189 198191 186
198139 198121 1252
198139 198138 519
198139 198140 1749
198154 198152 777
198154 198153 598
198154 198185 654
198154 214298 400
198141 198153 804
198185 198153 522
198185 198154 654
198185 198180 1595
198185 198186 312
198527 198523 593
198527 214996 556
198190 198189 1286
198190 198191 1240
198190 198530 557
198191 198189 186
198191 198190 1240
198191 198192 237
198191 214298 768
198121 198118 2151
198121 198134 197
198121 198139 1252
198138 198135 559
198138 198139 519
214298 198154 400
214298 198191 768
214298 198192 809
198180 198164 1038
198180 198185 1595
198180 198186 1456
198186 198180 1456
198186 198182 288
198186 198185 312
198186 198187 1701
214996 198527 556
198530 198190 557
198530 198193 553
198530 198529 728
198192 198187 198
198192 198191 237
198192 214298 809
198118 198117 1423
198118 198120 278
198118 198121 2151
198134 198119 337
198134 198121 197
198135 198119 579
198135 198138 559
198164 198163 2479
198164 198177 237
198164 198180 1038
198164 215136 202
198182 198181 2185
198182 198183 846
198182 198186 288
198182 198188 1802
198187 198186 1701
198187 198188 438
198187 198192 198
198187 198193 1234
198193 198187 1234
198193 198530 553
198529 198528 254
198529 198530 728
198529 198536 164
198529 198540 2106
198117 198096 201
198117 198104 274
198117 198118 1423
198120 198106 784
198120 198118 278
198119 198106 2301
198119 198134 337
198119 198135 579
198163 198164 2479
198163 198169 433
198163 214297 4701
198163 215141 2487
198177 198164 237
198177 198170 1595
198177 198178 846
198177 198181 219
215136 198164 202
215136 198179 1624
198181 198177 219
198181 198182 2185
198181 198183 2011
198183 198181 2011
198183 198182 846
198183 198184 846
198183 198195 1813
198188 198182 1802
198188 198187 438
198188 198194 1730
198188 198195 918
198528 198194 649
198528 198196 748
198528 198529 254
198536 198529 164
198536 198533 214
198540 198529 2106
198540 198537 531
198540 198539 172
198540 198541 1088
198096 198117 201
198104 198098 1268
198104 198102 789
198104 198117 274
198106 198103 1636
198106 198119 2301
198106 198120 784
198169 198163 433
198169 198170 1070
198169 198171 2260
198169 198172 1591
198169 198173 774
214297 198163 4701
214297 198240 829
215141 198163 2487
198170 198169 1070
198170 198177 1595
198170 198178 1346
198178 198170 1346
198178 198171 766
198178 198177 846
198178 198184 2228
198179 215136 1624
198184 198178 2228
198184 198183 846
198184 198197 774
198184 198200 1797
198195 198183 1813
198195 198188 918
198195 198196 2447
198195 198200 867
198194 198188 1730
198194 198528 649
198196 198195 2447
198196 198202 797
198196 198528 748
198196 198537 1917
198533 198536 214
198537 198196 1917
198537 198540 531
198537 198546 766
198537 198548 2164
198539 198540 172
198541 198540 1088
198098 198094 679
198098 198102 852
198098 198104 1268
198102 198098 852
198102 198103 761
198102 198104 789
198103 198102 761
198103 198106 1636
198171 198169 2260
198171 198174 683
198171 198178 766
198171 198197 2120
198172 198169 1591
198172 214293 3655
198173 198169 774
198173 198174 2247
198173 198175 765
198240 198168 2014
198240 198241 164
198240 214296 820
198240 214297 829
198240 214778 349
198197 198171 2120
198197 198184 774
198197 198198 683
198197 198201 1794
198200 198184 1797
198200 198195 867
198200 198201 755
198200 198202 2349
198202 198196 797
198202 198200 2349
198202 198203 846
198202 198546 2132
198546 198202 2132
198546 198537 766
198546 198547 867
198546 198549 2027
198548 198537 2164
198548 198549 593
198548 198553 221
198548 198554 1016
198094 198098 679
198174 198171 683
198174 198173 2247
198174 198176 758
198174 198198 2120
214293 198172 3655
214293 214292 376
214293 215139 570
198175 198173 765
198175 198176 2118
198175 198245 1439
198168 198116 128
198168 198167 110
198168 198240 2014
198241 198240 164
198241 214292 756
214296 198116 1162
214296 198240 820
214778 198167 2231
214778 198240 349
214778 214291 714
198198 198174 2120
198198 198197 683
198198 198199 846
198201 198197 1794
198201 198200 755
198201 198203 2356
198201 198205 683
198203 198201 2356
198203 198202 846
198203 198206 748
198203 198547 2024
198547 198203 2024
198547 198546 867
198547 198550 748
198547 198551 2137
198549 196585 1163
198549 198546 2027
198549 198548 593
198549 198551 846
198553 198548 221
198554 195647 486
198554 195649 672
198554 198548 1016
198176 198174 758
198176 198175 2118
198176 198199 2151
198176 198272 937
214292 198241 756
214292 198242 390
214292 214293 376
215139 214293 570
198245 198175 1439
198245 198246 2038
198245 198250 1027
198116 198168 128
198116 214296 1162
198167 198057 759
198167 198168 110
198167 214778 2231
214291 214290 550
214291 214778 714
198199 198176 2151
198199 198198 846
198199 198204 1794
198199 198273 864
198205 198201 683
198205 198204 846
198205 198206 2474
198206 198203 748
198206 198205 2474
198206 198207 796
198206 198550 2025
198550 198206 2025
198550 198547 748
198550 198552 2112
198550 198555 773
198551 198547 2137
198551 198549 846
198551 198552 693
196585 195650 521
196585 198549 1163
195647 195648 417
195647 195649 328
195647 198554 486
195649 195647 328
195649 195648 337
195649 195650 526
195649 198554 672
198272 198176 937
198272 198246 709
198272 198273 2140
198242 198243 1455
198242 198244 921
198242 214292 390
198242 214295 931
198246 198245 2038
198246 198251 846
198246 198272 709
198246 198274 2260
198250 198245 1027
198250 198247 665
198250 198251 2009
198057 195992 856
198057 198167 759
214290 214291 550
214290 214295 645
198204 198199 1794
198204 198205 846
198204 198207 2356
198204 198278 756
198273 198199 864
198273 198272 2140
198273 198274 756
198273 198278 1781
198207 198204 2356
198207 198206 796
198207 198280 930
198207 198555 2132
198552 195892 2257
198552 198550 2112
198552 198551 693
198552 198557 937
198555 198207 2132
198555 198550 773
198555 198556 867
198555 198557 2022
195650 195649 526
195650 195651 901
195650 196585 521
195648 195647 417
195648 195649 337
195648 195685 605
198243 198242 1455
198243 198247 2024
198243 198248 867
198244 198242 921
198244 214760 378
214295 198242 931
214295 214290 645
214295 214294 822
198251 198246 846
198251 198250 2009
198251 198252 774
198274 198246 2260
198274 198273 756
198274 198276 683
198274 198279 1794
198247 198243 2024
198247 198250 665
198247 198252 2025
198247 198264 773
195992 198057 856
198278 198204 756
198278 198273 1781
198278 198279 863
198278 198280 2474
198280 198207 930
198280 198278 2474
198280 198282 683
198280 198556 1920
195892 195689 346
195892 195895 846
195892 198552 2257
198557 195895 2356
198557 198552 937
198557 198555 2022
198557 198558 773
198556 198280 1920
198556 198555 867
198556 198558 2120
198556 198559 758
195651 195650 901
195651 195685 434
195651 195689 510
195685 195648 605
195685 195651 434
195685 195686 263
195685 195687 342
198248 198243 867
198248 198249 759
198248 198256 756
198248 198264 2030
214760 198244 378
214760 198255 405
214294 214289 260
214294 214295 822
214294 214835 652
198252 198247 2025
198252 198251 774
198252 198266 683
198252 198275 2247
198276 198274 683
198276 198275 845
198276 198277 1805
198279 198274 1794
198279 198277 756
198279 198278 863
198279 198282 2447
198264 198247 773
198264 198248 2030
198264 198265 848
198264 198266 2011
198282 198279 2447
198282 198280 683
198282 198281 755
198282 198559 1914
195689 195651 510
195689 195688 1020
195689 195892 346
195895 195892 846
195895 195894 2011
195895 195900 683
195895 198557 2356
198558 195902 2379
198558 198556 2120
198558 198557 773
198558 198561 839
198559 198282 1914
198559 198556 758
198559 198560 864
198559 198561 2259
195686 195676 157
195686 195685 263
195687 195679 310
195687 195685 342
195687 195688 1152
198249 198248 759
198256 198248 756
198256 198255 1119
198256 198260 773
198256 198265 2024
198255 198254 867
198255 198256 1119
198255 214760 405
214289 198254 982
214289 214294 260
214835 214294 652
214835 214299 291
198266 198252 683
198266 198264 2011
198266 198267 846
198266 198283 2238
198275 198252 2247
198275 198276 845
198275 198283 759
198275 198285 1794
198277 198276 1805
198277 198279 756
198277 198281 2448
198277 198285 773
198265 198256 2024
198265 198264 848
198265 198267 2030
198281 198277 2448
198281 198282 755
198281 198560 1935
195688 195687 1152
195688 195689 1020
195688 195894 1474
195894 195688 1474
195894 195895 2011
195900 195895 683
195900 195902 256
195902 195900 256
195902 198558 2379
198561 198558 839
198561 198559 2259
198560 198281 1935
198560 198559 864
195676 195679 308
195676 195686 157
195679 195676 308
195679 195687 310
198260 198254 787
198260 198256 773
198254 198255 867
198254 198260 787
198254 214289 982
214299 214835 291
198267 198265 2030
198267 198266 846
198283 198266 2238
198283 198275 759
198285 198275 1794
198285 198277 773
200
195332
195333
198130
198129
198142
198125
198143
198126
198137
198144
198128
198131
198136
198145
198148
198132
198146
198516
198147
198149
198150
198133
198518
198520
198515
198155
198156
198151
198514
195586
198519
198522
198521
198510
198157
198158
198140
198152
198153
198523
198189
198139
198154
198141
198185
198527
198190
198191
198121
198138
214298
198180
198186
214996
198530
198192
198118
198134
198135
198164
198182
198187
198193
198529
198117
198120
198119
198163
198177
215136
198181
198183
198188
198528
198536
198540
198096
198104
198106
198169
214297
215141
198170
198178
198179
198184
198195
198194
198196
198533
198537
198539
198541
198098
198102
198103
198171
198172
198173
198240
198197
198200
198202
198546
198548
198094
198174
214293
198175
198168
198241
214296
214778
198198
198201
198203
198547
198549
198553
198554
198176
214292
215139
198245
198116
198167
214291
198199
198205
198206
198550
198551
196585
195647
195649
198272
198242
198246
198250
198057
214290
198204
198273
198207
198552
198555
195650
195648
198243
198244
214295
198251
198274
198247
195992
198278
198280
195892
198557
198556
195651
195685
198248
214760
214294
198252
198276
198279
198264
198282
195689
195895
198558
198559
195686
195687
198249
198256
198255
214289
214835
198266
198275
198277
198265
198281
195688
195894
195900
195902
198561
198560
195676
195679
198260
198254
214299
198267
198283
198285
