60
28716 29705 807
28716 29716 2758
29705 28716 807
29705 35373 568
29705 35374 1375
29716 28716 2758
29716 29715 1025
29716 29718 1644
35373 29705 568
35374 29705 1375
29715 29716 1025
29715 29721 2440
29715 29721 2440
29718 29716 1644
29718 29722 1745
29718 34576 171
29721 29715 2440
29721 29715 2440
29721 29719 823
29721 29933 3371
29722 29718 1745
29722 29724 134
29722 34757 193
34576 29718 171
29719 29720 1927
29719 29721 823
29719 29723 2087
29933 29721 3371
29933 29936 384
29724 29722 134
34757 29722 193
29720 29719 1927
29723 29719 2087
29936 29933 384
29936 29939 549
29939 29932 589
29939 29936 549
29932 29913 510
29932 29939 589
29932 29941 345
29932 29955 527
29913 29908 5496
29913 29932 510
29941 29932 345
29941 29942 512
29955 29932 527
29955 29956 1918
29955 29963 370
29908 29913 5496
29942 29941 512
29942 29964 481
29956 29955 1918
29963 29955 370
29963 29966 729
29964 29942 481
29964 29965 2476
29966 29963 729
29965 29964 2476
29965 29978 2219
29978 29965 2219
30
28716
29705
29716
35373
35374
29715
29718
29721
29722
34576
29719
29933
29724
34757
29720
29723
29936
29939
29932
29913
29941
29955
29908
29942
29956
29963
29964
29966
29965
29978
