500
160171 160172 333
160172 160171 333
160172 177641 475
177641 160172 475
177641 160177 2966
177641 177642 672
160177 160176 562
160177 177641 2966
160177 177649 1796
177642 177641 672
177642 177643 233
177642 177648 476
160176 160177 562
160176 160295 849
177649 160177 1796
177649 177650 589
177649 177666 667
177643 177642 233
177643 177644 356
177648 177642 476
177648 177647 2388
177648 177651 1782
160295 160176 849
160295 160293 674
160295 160302 562
177650 177649 589
177650 177651 605
177650 177674 1873
177666 176622 1897
177666 177649 667
177666 177667 1179
177644 177643 356
177644 177645 552
177644 177646 3122
177647 177617 562
177647 177648 2388
177647 177676 758
177651 177648 1782
177651 177650 605
177651 177679 751
160293 160292 1897
160293 160295 674
160302 160295 562
177674 177650 1873
177674 177675 1347
177674 177679 1612
176622 176621 1222
176622 176623 1010
176622 177666 1897
177667 177666 1179
177645 177638 3018
177645 177639 1181
177645 177644 552
177646 177618 572
177646 177640 1352
177646 177644 3122
177617 177616 556
177617 177618 101
177617 177647 562
177676 177647 758
177676 177675 84
177679 177651 751
177679 177674 1612
177679 177675 1811
160292 160293 1897
160292 160297 421
177675 177674 1347
177675 177676 84
177675 177679 1811
176621 176620 505
176621 176622 1222
176621 177632 2113
176623 176622 1010
176623 176624 333
176623 176625 1064
177638 177639 3224
177638 177640 672
177638 177645 3018
177639 177597 421
177639 177638 3224
177639 177645 1181
177618 177617 101
177618 177646 572
177640 177609 253
177640 177638 672
177640 177646 1352
177616 177617 556
177616 177624 333
177616 177678 842
160297 160292 421
160297 160296 1786
160297 160308 758
176620 176619 1382
176620 176621 505
177632 176621 2113
177632 177635 589
177632 177657 1344
176624 176623 333
176625 176619 1052
176625 176623 1064
176625 177678 758
177597 177598 421
177597 177639 421
177609 177606 905
177609 177610 766
177609 177640 253
177624 177616 333
177624 177623 905
177678 176625 758
177678 177616 842
177678 177677 333
160296 160297 1786
160308 160297 758
160308 160309 2105
160308 160318 2306
176619 176620 1382
176619 176625 1052
176619 177623 1892
176619 177633 514
177635 177632 589
177635 177634 1672
177635 177658 926
177657 177632 1344
177657 177654 487
177657 177660 2181
177657 177672 926
177657 185928 486
177598 177596 1483
177598 177597 421
177598 177637 1398
177606 177575 2455
177606 177605 1184
177606 177609 905
177610 177609 766
177610 177611 1179
177610 177637 2679
177623 176619 1892
177623 177622 330
177623 177624 905
177677 177678 333
160309 160308 2105
160309 160312 778
160318 160308 2306
160318 160316 667
177633 176619 514
177633 177634 505
177633 177636 421
177634 177633 505
177634 177635 1672
177634 177658 1447
177658 177625 337
177658 177634 1447
177658 177635 926
177654 177406 718
177654 177657 487
177660 177657 2181
177660 177661 1994
177660 177662 738
177672 177657 926
177672 177662 1623
177672 177664 933
177672 177673 751
185928 177657 486
185928 185926 1070
177596 177579 1560
177596 177595 849
177596 177598 1483
177637 177598 1398
177637 177610 2679
177637 177611 2823
177575 177568 758
177575 177577 1004
177575 177606 2455
177605 177604 667
177605 177606 1184
177611 177583 790
177611 177610 1179
177611 177637 2823
177622 177623 330
177622 177631 673
177622 186105 408
160312 160309 778
160312 160311 2323
160316 160315 505
160316 160318 667
160316 160348 276
177636 177626 1447
177636 177631 842
177636 177633 421
177625 177626 421
177625 177630 667
177625 177658 337
177406 177407 630
177406 177414 2459
177406 177654 718
177661 177522 697
177661 177660 1994
177662 177660 738
177662 177663 890
177662 177672 1623
177664 177663 976
177664 177665 589
177664 177671 896
177664 177672 933
177673 177672 751
177673 185925 807
185926 177520 1576
185926 185925 842
185926 185928 1070
177579 177578 709
177579 177583 1398
177579 177596 1560
177595 177578 1398
177595 177592 435
177595 177596 849
177568 177350 1565
177568 177569 1344
177568 177575 758
177577 177575 1004
177577 177576 2126
177577 177601 683
177604 177605 667
177604 177607 2297
177604 177612 667
177583 177579 1398
177583 177584 254
177583 177611 790
177631 177622 673
177631 177627 1445
177631 177636 842
186105 177622 408
160311 160300 758
160311 160310 893
160311 160312 2323
160315 160316 505
160315 160317 362
160315 160326 1780
160348 160316 276
160348 160346 1667
177626 177625 421
177626 177627 926
177626 177636 1447
177630 177625 667
177630 177629 766
177630 177659 1282
177407 177406 630
177407 177408 418
177407 177653 279
177414 177406 2459
177414 177413 697
177414 177520 1855
177522 177521 2782
177522 177523 1111
177522 177661 697
177663 177662 890
177663 177664 976
177665 177524 276
177665 177664 589
177665 185922 1068
177671 177664 896
177671 185924 680
185925 177673 807
185925 185924 766
185925 185926 842
177520 177414 1855
177520 177519 360
177520 185926 1576
177578 177579 709
177578 177580 454
177578 177595 1398
177592 177594 924
177592 177595 435
177350 177349 683
177350 177354 556
177350 177568 1565
177569 177568 1344
177569 177570 421
177569 177584 564
177576 177565 758
177576 177577 2126
177576 177599 893
177601 177577 683
177601 177600 889
177601 177607 1221
177607 177601 1221
177607 177604 2297
177607 177608 279
177612 177603 842
177612 177604 667
177612 177613 1114
177584 177569 564
177584 177583 254
177627 177619 842
177627 177626 926
177627 177631 1445
160300 160301 333
160300 160311 758
160310 160311 893
160317 160315 362
160326 160315 1780
160326 160327 581
160326 160346 842
160346 160326 842
160346 160348 1667
177629 177614 758
177629 177630 766
177629 185929 210
177659 177630 1282
177659 177652 674
177408 177407 418
177408 177409 1555
177408 177656 1388
177653 177407 279
177653 177652 381
177653 177655 1716
177413 177412 801
177413 177414 697
177413 177419 675
177521 177522 2782
177521 177670 2208
177523 177522 1111
177523 177524 3113
177524 177523 3113
177524 177525 1086
177524 177665 276
177524 186042 255
185922 177665 1068
185922 185923 618
185924 177671 680
185924 185923 600
185924 185925 766
177519 177418 426
177519 177520 360
177519 185927 1353
177580 177578 454
177580 177581 412
177580 177594 436
177594 177580 436
177594 177589 1852
177594 177592 924
177349 176605 1418
177349 177350 683
177349 177570 2790
177354 177350 556
177354 177353 2082
177354 177565 1014
177570 177349 2790
177570 177569 421
177570 177571 842
177565 177354 1014
177565 177567 1225
177565 177576 758
177599 177398 1786
177599 177401 758
177599 177576 893
177600 177400 782
177600 177601 889
177600 177603 2555
177608 177607 279
177603 177600 2555
177603 177602 2679
177603 177612 842
177613 177395 2458
177613 177612 1114
177613 177620 273
177619 177620 401
177619 177621 469
177619 177627 842
177619 177628 567
160301 160300 333
160327 160326 581
177614 177411 2790
177614 177615 673
177614 177629 758
185929 177629 210
185929 177655 568
177652 177653 381
177652 177659 674
177409 177408 1555
177409 177410 445
177409 177411 984
177409 177656 1111
177656 177408 1388
177656 177409 1111
177656 177655 562
177655 177653 1716
177655 177656 562
177655 185929 568
177412 177379 831
177412 177413 801
177419 177413 675
177419 177418 1539
177670 177521 2208
177525 177357 2462
177525 177524 1086
186042 177524 255
185923 185922 618
185923 185924 600
177418 177417 1336
177418 177419 1539
177418 177519 426
185927 177519 1353
177581 177573 818
177581 177580 412
177581 177587 1519
177589 176616 1352
177589 177587 666
177589 177594 1852
176605 176604 924
176605 176606 191
176605 177349 1418
177353 177352 630
177353 177354 2082
177353 177562 1004
177353 177566 683
177571 176599 951
177571 177570 842
177571 177572 1032
177567 177561 893
177567 177562 1268
177567 177565 1225
177398 177337 751
177398 177393 873
177398 177599 1786
177401 177392 1742
177401 177400 1234
177401 177599 758
177400 177399 849
177400 177401 1234
177400 177600 782
177602 177394 796
177602 177399 933
177602 177603 2679
177395 177394 933
177395 177397 672
177395 177613 2458
177620 177613 273
177620 177619 401
177621 177619 469
177628 177615 211
177628 177619 567
177411 177402 683
177411 177409 984
177411 177614 2790
177615 177403 2451
177615 177614 673
177615 177628 211
177410 177409 445
177379 177371 683
177379 177378 1086
177379 177380 1435
177379 177412 831
177357 177525 2462
177417 177375 893
177417 177418 1336
177417 177421 673
177417 185348 1599
177573 177572 373
177573 177574 683
177573 177581 818
177587 176610 1347
177587 177581 1519
177587 177589 666
176616 176610 556
176616 177589 1352
176604 176605 924
176606 176605 191
177352 177353 630
177562 177353 1004
177562 177567 1268
177566 177353 683
176599 177571 951
177572 177571 1032
177572 177573 373
177561 177567 893
177337 177398 751
177393 177392 788
177393 177398 873
177392 177393 788
177392 177401 1742
177399 177400 849
177399 177602 933
177394 177395 933
177394 177602 796
177397 177395 672
177397 177403 849
177402 177403 238
177402 177411 683
177403 177397 849
177403 177402 238
177403 177615 2451
177371 177379 683
177378 177379 1086
177380 177379 1435
177375 177417 893
177421 177417 673
185348 177417 1599
177574 177573 683
176610 176616 556
176610 177587 1347
200
160171
160172
177641
160177
177642
160176
177649
177643
177648
160295
177650
177666
177644
177647
177651
160293
160302
177674
176622
177667
177645
177646
177617
177676
177679
160292
177675
176621
176623
177638
177639
177618
177640
177616
160297
176620
177632
176624
176625
177597
177609
177624
177678
160296
160308
176619
177635
177657
177598
177606
177610
177623
177677
160309
160318
177633
177634
177658
177654
177660
177672
185928
177596
177637
177575
177605
177611
177622
160312
160316
177636
177625
177406
177661
177662
177664
177673
185926
177579
177595
177568
177577
177604
177583
177631
186105
160311
160315
160348
177626
177630
177407
177414
177522
177663
177665
177671
185925
177520
177578
177592
177350
177569
177576
177601
177607
177612
177584
177627
160300
160310
160317
160326
160346
177629
177659
177408
177653
177413
177521
177523
177524
185922
185924
177519
177580
177594
177349
177354
177570
177565
177599
177600
177608
177603
177613
177619
160301
160327
177614
185929
177652
177409
177656
177655
177412
177419
177670
177525
186042
185923
177418
185927
177581
177589
176605
177353
177571
177567
177398
177401
177400
177602
177395
177620
177621
177628
177411
177615
177410
177379
177357
177417
177573
177587
176616
176604
176606
177352
177562
177566
176599
177572
177561
177337
177393
177392
177399
177394
177397
177402
177403
177371
177378
177380
177375
177421
185348
177574
176610
