46
121895 121896 495
121895 121906 1117
121895 132333 191
121896 121895 495
121906 121895 1117
121906 121907 1891
121906 121908 1485
132333 121895 191
121907 121906 1891
121907 121909 766
121908 121906 1485
121908 121909 556
121908 121914 630
121909 121907 766
121909 121908 556
121909 121911 796
121914 121908 630
121914 121915 2307
121911 121909 796
121911 121912 1630
121911 121913 3143
121915 121914 2307
121915 122417 1225
121912 121911 1630
121912 122416 818
121912 122417 927
121913 121911 3143
121913 122394 111
122417 121912 927
122417 121915 1225
122416 121912 818
122416 122412 905
122394 121913 111
122394 122399 222
122412 122411 1673
122412 122416 905
122412 123147 1516
122399 122394 222
122411 122406 3387
122411 122412 1673
122411 123147 2858
123147 122411 2858
123147 122412 1516
122406 122398 1004
122406 122411 3387
122398 122406 1004
18
121896
132333
121907
121909
121914
121911
121915
121912
121913
122417
122416
122394
122412
122399
122411
123147
122406
122398
