164
140572 140573 1332
140573 140572 1332
140573 140577 771
140577 140573 771
140577 140576 1341
140577 140578 526
140576 140577 1341
140578 140577 526
140578 140595 885
140578 140597 1429
140595 140578 885
140595 140594 739
140595 140598 1455
140597 140578 1429
140597 140581 743
140597 140598 882
140597 140692 1501
140594 140595 739
140594 140596 1424
140594 140599 882
140594 151888 249
140598 140595 1455
140598 140596 807
140598 140597 882
140598 140603 1509
140581 140597 743
140581 140690 1494
140692 140597 1501
140692 140603 842
140692 140690 636
140692 140693 1469
140596 140594 1424
140596 140598 807
140599 140594 882
140599 140601 725
140599 151889 204
151888 140594 249
140603 140598 1509
140603 140692 842
140690 140581 1494
140690 140689 502
140690 140692 636
140690 140694 1487
140693 140692 1469
140693 140694 402
140601 140599 725
140601 140602 1391
140601 140608 807
140601 151890 157
151889 140599 204
140689 140690 502
140689 140696 1428
140694 140690 1487
140694 140693 402
140694 140696 585
140602 140601 1391
140602 140610 805
140608 140601 807
140608 140606 808
140608 140610 1417
140608 151891 181
151890 140601 157
140696 140689 1428
140696 140694 585
140610 140602 805
140610 140608 1417
140610 140609 808
140606 140605 830
140606 140608 808
140606 140609 1417
140606 151892 223
151891 140608 181
140609 140606 1417
140609 140607 814
140609 140610 808
140609 140614 1559
140605 140606 830
140605 140607 1454
140605 140611 765
140605 151763 2516
151892 140606 223
140607 140605 1454
140607 140609 814
140607 140612 808
140607 140616 1560
140614 140609 1559
140614 140616 815
140611 140583 805
140611 140605 765
140611 140612 1420
140611 151764 2483
151763 140605 2516
140612 140607 808
140612 140611 1420
140612 140613 725
140612 140615 1571
140616 140607 1560
140616 140614 815
140616 140615 793
140616 140906 1451
140583 140582 3323
140583 140592 808
140583 140611 805
140583 140613 1438
151764 140611 2483
140613 140583 1438
140613 140593 819
140613 140612 725
140613 140900 1536
140615 140612 1571
140615 140616 793
140615 140900 768
140615 140902 1438
140906 140616 1451
140906 140902 782
140582 140583 3323
140592 140583 808
140592 140593 1452
140592 140876 818
140593 140592 1452
140593 140613 819
140593 140878 796
140593 140901 1571
140900 140613 1536
140900 140615 768
140900 140901 777
140900 140904 1472
140902 140615 1438
140902 140904 842
140902 140906 782
140902 140911 1381
140876 140592 818
140876 140877 26
140876 140878 1594
140878 140593 796
140878 140876 1594
140878 140903 1614
140901 140593 1571
140901 140900 777
140901 140903 830
140904 140900 1472
140904 140902 842
140904 140916 1355
140911 140902 1381
140911 140916 845
140877 140876 26
140903 140878 1614
140903 140901 830
140903 140914 482
140916 140904 1355
140916 140911 845
140916 140917 840
140916 140918 1010
140914 140903 482
140914 140915 421
140917 140916 840
140917 140918 1296
140918 140916 1010
140918 140917 1296
140915 140896 457
140915 140914 421
140896 140897 719
140896 140915 457
140897 140896 719
60
140573
140577
140576
140578
140595
140597
140594
140598
140581
140692
140596
140599
151888
140603
140690
140693
140601
151889
140689
140694
140602
140608
151890
140696
140610
140606
151891
140609
140605
151892
140607
140614
140611
151763
140612
140616
140583
151764
140613
140615
140906
140582
140592
140593
140900
140902
140876
140878
140901
140904
140911
140877
140903
140916
140914
140917
140918
140915
140896
140897
