528
161246 161247 302
161246 161248 2372
161247 161246 302
161247 213669 1541
161248 161246 2372
161248 161249 448
161248 162294 1948
213669 161247 1541
213669 213664 1547
213669 213668 1481
161249 161248 448
161249 213681 420
162294 161248 1948
213664 213656 2172
213664 213662 1359
213664 213669 1547
213668 213662 1395
213668 213666 835
213668 213669 1481
213668 213679 1765
213681 161249 420
213681 213675 675
213681 213685 1717
213681 214584 1080
213656 213651 779
213656 213652 1019
213656 213654 449
213656 213664 2172
213662 213663 837
213662 213664 1359
213662 213668 1395
213666 213367 1340
213666 213663 1323
213666 213665 920
213666 213668 835
213679 213367 1023
213679 213668 1765
213675 213673 583
213675 213681 675
213675 213684 1718
213685 213681 1717
214584 213681 1080
213651 213650 1338
213651 213653 286
213651 213656 779
213652 213650 684
213652 213655 557
213652 213656 1019
213654 213653 1098
213654 213656 449
213654 213657 856
213654 213676 1701
213663 213661 524
213663 213662 837
213663 213666 1323
213367 213366 704
213367 213381 938
213367 213666 1340
213367 213679 1023
213665 213659 110
213665 213661 1408
213665 213666 920
213665 213667 563
213673 213674 336
213673 213675 583
213673 213678 1611
213684 213675 1718
213650 213636 930
213650 213651 1338
213650 213652 684
213653 213637 1609
213653 213638 848
213653 213651 286
213653 213654 1098
213655 213649 220
213655 213652 557
213655 213670 1142
213657 213654 856
213657 213671 1678
213657 213672 1401
213676 213654 1701
213661 213646 1031
213661 213663 524
213661 213665 1408
213366 213367 704
213381 213367 938
213381 213376 560
213381 213380 1081
213381 213667 533
213659 213647 911
213659 213665 110
213659 213667 526
213667 213381 533
213667 213659 526
213667 213665 563
213674 213671 276
213674 213673 336
213674 213680 623
213678 213673 1611
213636 213631 765
213636 213638 1319
213636 213645 788
213636 213650 930
213637 213634 1073
213637 213635 677
213637 213653 1609
213638 213635 674
213638 213636 1319
213638 213653 848
213649 213645 1518
213649 213648 448
213649 213655 220
213670 213655 1142
213671 213657 1678
213671 213674 276
213671 213677 1824
213671 213682 366
213672 213657 1401
213646 213642 1135
213646 213643 1023
213646 213661 1031
213376 213371 801
213376 213377 2188
213376 213381 560
213380 213381 1081
213647 213355 1149
213647 213370 342
213647 213642 1155
213647 213659 911
213680 213674 623
213631 213626 1558
213631 213629 1370
213631 213635 1318
213631 213636 765
213645 213636 788
213645 213639 893
213645 213649 1518
213634 213615 1609
213634 213630 1321
213634 213637 1073
213635 213630 980
213635 213631 1318
213635 213637 677
213635 213638 674
213648 213644 554
213648 213649 448
213648 213660 1642
213677 213671 1824
213682 213671 366
213642 213641 1228
213642 213646 1135
213642 213647 1155
213643 213641 1235
213643 213644 359
213643 213646 1023
213371 213369 763
213371 213370 1500
213371 213376 801
213371 213378 1388
213377 213376 2188
213377 213378 771
213355 213354 755
213355 213640 1388
213355 213647 1149
213370 213369 1754
213370 213371 1500
213370 213647 342
213626 213627 1092
213626 213631 1558
213626 213632 2014
213629 213623 467
213629 213630 2012
213629 213631 1370
213639 213633 1898
213639 213644 1185
213639 213645 893
213615 213606 845
213615 213616 1038
213615 213634 1609
213630 213624 766
213630 213629 2012
213630 213634 1321
213630 213635 980
213644 213639 1185
213644 213643 359
213644 213648 554
213660 213648 1642
213641 213640 575
213641 213642 1228
213641 213643 1235
213369 213365 691
213369 213370 1754
213369 213371 763
213369 213374 1549
213378 213371 1388
213378 213377 771
213354 213349 1302
213354 213355 755
213640 213349 553
213640 213355 1388
213640 213641 575
213627 213626 1092
213632 213315 674
213632 213626 2014
213632 213633 985
213623 213622 335
213623 213628 729
213623 213629 467
213633 213632 985
213633 213639 1898
213606 204916 1818
213606 213604 1605
213606 213614 1116
213606 213615 845
213616 213615 1038
213616 213624 805
213624 213616 805
213624 213622 2568
213624 213630 766
213365 213363 220
213365 213368 808
213365 213369 691
213374 213369 1549
213374 213372 882
213374 213373 603
213374 213375 559
213349 213348 702
213349 213354 1302
213349 213640 553
213315 213311 1487
213315 213313 336
213315 213620 545
213315 213632 674
213622 195198 107
213622 213623 335
213622 213624 2568
213628 213623 729
204916 198804 672
204916 204964 385
204916 213606 1818
213604 213590 765
213604 213603 2654
213604 213605 2453
213604 213606 1605
213614 213606 1116
213363 213362 417
213363 213365 220
213363 213373 1225
213368 213348 2119
213368 213365 808
213372 213360 1263
213372 213374 882
213373 213363 1225
213373 213364 557
213373 213374 603
213375 213374 559
213348 213319 1061
213348 213346 893
213348 213349 702
213348 213368 2119
213311 213302 1105
213311 213312 336
213311 213314 2040
213311 213315 1487
213313 213312 1513
213313 213315 336
213313 213319 673
213620 213315 545
213620 213619 967
213620 213621 892
195198 195199 428
195198 213613 758
195198 213622 107
198804 198803 566
198804 204916 672
204964 204916 385
204964 204918 641
204964 213188 698
213590 213589 1772
213590 213602 2338
213590 213604 765
213603 213188 1785
213603 213601 1736
213603 213602 1142
213603 213604 2654
213605 213604 2453
213362 213352 781
213362 213363 417
213362 213364 1486
213360 213359 1080
213360 213361 197
213360 213364 507
213360 213372 1263
213364 213358 621
213364 213360 507
213364 213362 1486
213364 213373 557
213319 213313 673
213319 213320 679
213319 213348 1061
213346 213345 902
213346 213347 796
213346 213348 893
213346 213353 1119
213302 213299 1494
213302 213303 326
213302 213306 807
213302 213311 1105
213312 213311 336
213312 213313 1513
213312 213318 606
213314 213311 2040
213314 213608 1306
213314 213611 560
213619 213617 247
213619 213620 967
213621 213620 892
195199 195198 428
195199 213612 519
195199 213618 804
213613 195198 758
213613 213187 649
198803 198804 566
204918 204917 238
204918 204964 641
204918 214463 549
213188 204964 698
213188 213187 1186
213188 213603 1785
213188 213610 1128
213589 213578 843
213589 213586 1047
213589 213590 1772
213589 213591 2897
213602 213585 1752
213602 213590 2338
213602 213600 897
213602 213603 1142
213601 213595 1388
213601 213598 786
213601 213603 1736
213601 213610 1549
213601 213611 2028
213352 213342 705
213352 213350 522
213352 213358 1349
213352 213362 781
213359 213356 880
213359 213357 1013
213359 213360 1080
213361 213360 197
213358 213352 1349
213358 213357 817
213358 213364 621
213320 213318 896
213320 213319 679
213345 213316 593
213345 213336 573
213345 213341 683
213345 213346 902
213347 213346 796
213353 213346 1119
213299 213297 433
213299 213300 737
213299 213302 1494
213303 213298 938
213303 213302 326
213303 214564 569
213306 213293 2218
213306 213302 807
213306 213307 1183
213318 213312 606
213318 213317 1164
213318 213320 896
213608 213300 302
213608 213314 1306
213608 213597 894
213611 213314 560
213611 213601 2028
213611 213612 1279
213617 213612 745
213617 213618 478
213617 213619 247
213612 195199 519
213612 213610 1228
213612 213611 1279
213612 213617 745
213618 195199 804
213618 213617 478
213618 213625 431
213187 213188 1186
213187 213613 649
204917 204918 238
204917 204963 291
214463 204918 549
213610 213188 1128
213610 213601 1549
213610 213612 1228
213578 213548 797
213578 213587 493
213578 213589 843
213586 213584 623
213586 213589 1047
213591 213589 2897
213591 213607 345
213585 213582 520
213585 213594 1064
213585 213602 1752
213600 213594 1456
213600 213595 1455
213600 213602 897
213595 213596 739
213595 213600 1455
213595 213601 1388
213598 213597 826
213598 213599 846
213598 213601 786
213342 213339 977
213342 213352 705
213342 213357 947
213350 213341 1116
213350 213351 1152
213350 213352 522
213356 213338 848
213356 213343 1080
213356 213359 880
213357 213342 947
213357 213358 817
213357 213359 1013
213316 213310 1685
213316 213317 434
213316 213345 593
213336 213332 1145
213336 213340 1865
213336 213345 573
213341 213339 1765
213341 213345 683
213341 213350 1116
213297 213210 1099
213297 213296 1375
213297 213299 433
213300 213299 737
213300 213608 302
213300 213609 959
213298 213295 1358
213298 213296 556
213298 213303 938
214564 213303 569
213293 213289 1696
213293 213292 2150
213293 213305 1149
213293 213306 2218
213307 213305 2168
213307 213306 1183
213307 213317 630
213317 213307 630
213317 213316 434
213317 213318 1164
213597 213211 1529
213597 213598 826
213597 213608 894
213625 213618 431
204963 204917 291
213548 213549 663
213548 213575 491
213548 213578 797
213548 213579 417
213587 213578 493
213587 213579 535
213587 213588 3403
213584 213575 639
213584 213583 897
213584 213586 623
213607 213591 345
213582 213581 452
213582 213583 410
213582 213585 520
213594 213573 110
213594 213585 1064
213594 213600 1456
213596 213211 730
213596 213595 739
213599 213598 846
213339 213340 508
213339 213341 1765
213339 213342 977
213351 213350 1152
213338 213337 750
213338 213344 1071
213338 213356 848
213343 213344 499
213343 213356 1080
213310 213309 346
213310 213316 1685
213310 213332 756
213332 213310 756
213332 213336 1145
213340 213336 1865
213340 213339 508
213210 213211 1717
213210 213297 1099
213296 213297 1375
213296 213298 556
213609 213300 959
213295 213298 1358
213289 213292 1295
213289 213293 1696
213292 213289 1295
213292 213293 2150
213305 213293 1149
213305 213307 2168
213211 213210 1717
213211 213596 730
213211 213597 1529
213549 213548 663
213575 213548 491
213575 213584 639
213579 213548 417
213579 213587 535
213588 213587 3403
213583 213582 410
213583 213584 897
213581 213582 452
213573 213594 110
213337 213338 750
213344 213338 1071
213344 213343 499
213309 213310 346
187
161247
213669
213664
213668
213656
213662
213666
213679
213651
213652
213654
213663
213367
213665
213650
213653
213655
213657
213676
213661
213366
213381
213659
213667
213636
213637
213638
213649
213670
213671
213672
213646
213376
213380
213647
213631
213645
213634
213635
213648
213677
213682
213642
213643
213371
213377
213355
213370
213626
213629
213639
213615
213630
213644
213660
213641
213369
213378
213354
213640
213627
213632
213623
213633
213606
213616
213624
213365
213374
213349
213315
213622
213628
204916
213604
213614
213363
213368
213372
213373
213375
213348
213311
213313
213620
195198
198804
204964
213590
213603
213605
213362
213360
213364
213319
213346
213302
213312
213314
213619
213621
195199
213613
198803
204918
213188
213589
213602
213601
213352
213359
213361
213358
213320
213345
213347
213353
213299
213303
213306
213318
213608
213611
213617
213612
213618
213187
204917
214463
213610
213578
213586
213591
213585
213600
213595
213598
213342
213350
213356
213357
213316
213336
213341
213297
213300
213298
214564
213293
213307
213317
213597
213625
204963
213548
213587
213584
213607
213582
213594
213596
213599
213339
213351
213338
213343
213310
213332
213340
213210
213296
213609
213295
213289
213292
213305
213211
213549
213575
213579
213588
213583
213581
213573
213337
213344
213309
