30
81019 81039 1613
81039 81019 1613
81039 81036 2774
81039 81037 1848
81036 81035 1397
81036 81037 1394
81036 81039 2774
81037 81036 1394
81037 81038 498
81037 81039 1848
81035 81034 1509
81035 81036 1397
81035 81239 2404
81038 81037 498
81034 81032 1385
81034 81035 1509
81034 91781 1775
81239 81035 2404
81239 91777 1385
81032 81033 2850
81032 81034 1385
91781 81034 1775
91777 81239 1385
91777 91778 2175
91777 91780 667
81033 81032 2850
91778 91777 2175
91778 91779 1059
91780 91777 667
91779 91778 1059
2
81032
81033
