24
129220 129221 889
129220 129222 1096
129221 129220 889
129221 129230 667
129221 129237 767
129222 129220 1096
129230 129221 667
129230 129231 782
129230 129238 851
129237 129221 767
129237 129238 672
129231 129230 782
129231 129233 562
129231 129239 1036
129238 129230 851
129238 129237 672
129238 129239 713
129233 129231 562
129233 129235 1012
129239 129231 1036
129239 129235 782
129239 129238 713
129235 129233 1012
129235 129239 782
10
129220
129221
129222
129230
129237
129231
129238
129233
129239
129235
