24
207383 207388 884
207335 207350 1270
207350 207335 1270
207900 207902 1094
206700 206702 919
206700 207902 724
207388 207383 884
207388 207414 867
207414 207388 867
206702 206700 919
207902 206700 724
207902 207900 1094
208023 208199 937
208199 208023 937
208199 208201 346
207934 208002 1296
208002 207934 1296
208027 208019 490
208019 208027 490
208201 208199 346
208208 208224 750
208224 208208 750
208224 208225 231
208225 208224 231
36
203930
203891
203665
203871
203876
207383
207344
207346
207353
207154
207327
207335
207350
196502
196606
207410
207412
207900
206700
207388
207404
207414
207902
207925
208023
207930
208002
208011
208027
208029
208019
208201
208205
208206
208208
208225
