500
70241 121660 442
121660 70241 442
121660 121651 2513
121651 121649 8073
121651 121660 2513
121649 121647 5021
121649 121651 8073
121647 121576 1918
121647 121646 5460
121647 121648 949
121647 121649 5021
121576 121577 1202
121576 121619 1113
121576 121647 1918
121646 121647 5460
121646 132101 14587
121648 121647 949
121648 121650 12783
121648 130493 2232
121577 121576 1202
121577 121578 3916
121619 121576 1113
121619 121612 2846
121619 121642 337
132101 121646 14587
132101 132189 8730
121650 121648 12783
121650 121656 2699
121650 121658 8410
130493 121485 367
130493 121648 2232
121578 121577 3916
121612 121607 7273
121612 121618 1399
121612 121619 2846
121642 121619 337
121642 121638 791
121642 121641 1742
132189 132101 8730
132189 132188 2792
132189 132190 796
121656 121650 2699
121656 121657 2772
121656 121659 1803
121658 121650 8410
121485 121486 8662
121485 130493 367
121607 121597 880
121607 121606 1781
121607 121610 1759
121607 121612 7273
121618 121612 1399
121618 121615 2986
121618 121631 848
121618 121635 872
121638 121635 553
121638 121637 1531
121638 121642 791
121641 121637 880
121641 121642 1742
121641 121643 1161
132188 132187 581
132188 132189 2792
132190 132186 404
132190 132189 796
121657 121656 2772
121657 132199 2211
121659 121656 1803
121486 121485 8662
121486 121575 397
121597 121595 837
121597 121602 1977
121597 121607 880
121597 121609 1642
121606 121602 811
121606 121607 1781
121606 121644 3250
121610 121607 1759
121610 121609 739
121610 121611 5122
121615 121611 872
121615 121617 672
121615 121618 2986
121631 121618 848
121631 121629 477
121631 121632 672
121635 121618 872
121635 121633 1531
121635 121638 553
121637 121633 553
121637 121638 1531
121637 121640 1293
121637 121641 880
121643 121641 1161
132187 132173 2306
132187 132185 1396
132187 132188 581
132186 132185 848
132186 132190 404
132199 121657 2211
121575 121486 397
121575 127543 720
121575 132329 1097
121595 121592 811
121595 121596 1700
121595 121597 837
121595 121600 1897
121602 121597 1977
121602 121600 752
121602 121605 698
121602 121606 811
121609 121596 891
121609 121597 1642
121609 121608 1181
121609 121610 739
121644 121606 3250
121644 121645 1163
121644 130483 1159
121611 121610 5122
121611 121615 872
121611 121616 2113
121617 121615 672
121617 121622 1454
121617 121626 767
121629 121627 684
121629 121631 477
121629 121632 951
121632 121628 1067
121632 121629 951
121632 121630 1029
121632 121631 672
121632 121633 791
121633 121632 791
121633 121635 1531
121633 121636 1358
121633 121637 553
121640 121637 1293
132173 132172 279
132173 132187 2306
132185 132186 848
132185 132187 1396
127543 121449 200
127543 121575 720
132329 121575 1097
132329 132330 14
121592 121590 811
121592 121591 1587
121592 121594 1897
121592 121595 811
121596 121591 698
121596 121595 1700
121596 121608 891
121596 121609 891
121600 121594 811
121600 121595 1897
121600 121602 752
121600 121603 650
121605 121602 698
121608 121484 1103
121608 121596 891
121608 121609 1181
121645 121644 1163
121645 129935 6413
121645 130483 873
130483 121644 1159
130483 121645 873
130483 129932 951
121616 121611 2113
121616 121622 711
121616 121623 951
121622 121616 711
121622 121617 1454
121622 121624 1036
121626 121617 767
121626 121624 1558
121626 121627 684
121627 121626 684
121627 121629 684
121627 121630 1447
121628 121624 1106
121628 121632 1067
121630 121624 675
121630 121627 1447
121630 121632 1029
121636 121633 1358
132172 132171 1085
132172 132173 279
121449 121450 305
121449 126472 489
121449 127527 136
121449 127543 200
132330 132329 14
121590 121480 1643
121590 121589 698
121590 121592 811
121590 121593 1897
121591 121480 875
121591 121484 1839
121591 121592 1587
121591 121596 698
121594 121592 1897
121594 121593 811
121594 121600 811
121594 121601 1030
121603 121600 650
121603 121604 169
121484 121482 907
121484 121591 1839
121484 121608 1103
129935 121645 6413
129935 129970 4422
129932 129933 4631
129932 130483 951
121623 121616 951
121623 121620 3063
121624 121622 1036
121624 121626 1558
121624 121628 1106
121624 121630 675
132171 132170 202
132171 132172 1085
132171 132177 238
132171 132180 337
121450 121440 2299
121450 121449 305
126472 121449 489
126472 126473 1913
127527 121449 136
127527 121579 2339
121480 121479 874
121480 121483 1561
121480 121590 1643
121480 121591 875
121589 121478 874
121589 121479 1821
121589 121585 1839
121589 121590 698
121593 121585 752
121593 121590 1897
121593 121594 811
121593 121598 1147
121601 121594 1030
121604 121603 169
121482 121481 872
121482 121483 558
121482 121484 907
129970 127538 1892
129970 129935 4422
129970 132357 7072
129933 129932 4631
129933 129934 691
121620 121487 4171
121620 121621 3468
121620 121623 3063
132170 132168 279
132170 132171 202
132177 132171 238
132177 132175 1161
132177 132179 613
132177 132537 202
132180 132171 337
132180 132179 253
121440 121441 2287
121440 121450 2299
121440 121579 1925
126473 126472 1913
121579 121440 1925
121579 127527 2339
121579 127533 2458
121479 121476 739
121479 121477 1587
121479 121480 874
121479 121589 1821
121483 121477 739
121483 121480 1561
121483 121482 558
121478 121474 752
121478 121476 1838
121478 121583 1225
121478 121589 874
121585 121584 202
121585 121588 238
121585 121589 1839
121585 121593 752
121598 121593 1147
121598 121599 279
121481 121463 986
121481 121477 891
121481 121482 872
127538 127507 1995
127538 129039 6524
127538 129934 4319
127538 129970 1892
132357 129046 61
132357 129970 7072
129934 127538 4319
129934 129933 691
121487 121431 9598
121487 121620 4171
121621 121613 1312
121621 121620 3468
121621 121639 1985
132168 132141 611
132168 132170 279
132175 132174 337
132175 132176 279
132175 132177 1161
132175 132183 2217
132179 132177 613
132179 132180 253
132179 132181 2020
132537 132169 279
132537 132177 202
121441 121440 2287
127533 121579 2458
121476 121470 538
121476 121475 1920
121476 121478 1838
121476 121479 739
121477 121468 891
121477 121479 1587
121477 121481 891
121477 121483 739
121474 121472 752
121474 121478 752
121474 121581 1759
121583 121478 1225
121584 121582 419
121584 121585 202
121588 121585 238
121599 121598 279
121463 121453 2354
121463 121465 613
121463 121481 986
127507 127508 6539
127507 127509 1926
127507 127538 1995
129039 127508 2052
129039 127538 6524
129046 129037 3080
129046 129045 1798
129046 132357 61
121431 121432 2887
121431 121433 2889
121431 121487 9598
121613 121614 2780
121613 121621 1312
121613 121634 3378
121639 121621 1985
132141 132140 1908
132141 132142 1554
132141 132144 1087
132141 132168 611
132141 132169 474
132174 132139 202
132174 132175 337
132176 132175 279
132176 132178 202
132183 132175 2217
132183 132182 1636
132181 132178 2646
132181 132179 2020
132181 132192 613
132181 132195 2085
132169 132141 474
132169 132537 279
121470 121466 2357
121470 121468 891
121470 121476 538
121475 121459 474
121475 121476 1920
121468 121465 752
121468 121467 2357
121468 121470 891
121468 121477 891
121472 121471 874
121472 121474 752
121472 121580 1700
121581 121474 1759
121581 121580 811
121581 121582 941
121582 121581 941
121582 121584 419
121582 121586 698
121453 121452 674
121453 121463 2354
121453 121464 928
121465 121463 613
121465 121464 2494
121465 121468 752
127508 127507 6539
127508 127510 1986
127508 129039 2052
127509 127507 1926
127509 127510 6017
127509 127539 4406
129037 127534 838
129037 129038 6634
129037 129046 3080
129045 129046 1798
129045 132089 3636
121432 121430 436
121432 121431 2887
121433 121431 2889
121433 121439 3112
121614 121613 2780
121614 121625 782
121634 121613 3378
132140 132137 553
132140 132141 1908
132142 132128 2953
132142 132141 1554
132144 132141 1087
132144 132143 553
132139 132136 2707
132139 132174 202
132178 132176 202
132178 132181 2646
132182 132183 1636
132182 132210 4411
132192 132181 613
132192 132191 511
132192 132193 2221
132195 129577 811
132195 132181 2085
132195 132193 650
132195 132196 1547
121466 121447 752
121466 121467 891
121466 121469 337
121466 121470 2357
121459 121458 739
121459 121469 474
121459 121471 1700
121459 121475 474
121467 121462 647
121467 121464 739
121467 121466 891
121467 121468 2357
121471 121459 1700
121471 121472 874
121471 121473 1748
121471 130465 674
121580 121472 1700
121580 121473 674
121580 121581 811
121580 132103 811
121586 121582 698
121586 121587 169
121586 132103 1622
121452 121451 1212
121452 121453 674
121452 121461 1087
121464 121453 928
121464 121465 2494
121464 121467 739
127510 127508 1986
127510 127509 6017
127510 132355 5352
127539 127509 4406
127534 127535 2561
127534 129037 838
127534 132358 5987
129038 129037 6634
132089 129045 3636
132089 132090 250
121430 121432 436
121439 121433 3112
121625 121614 782
132137 132140 553
132128 132142 2953
132143 132144 553
132136 132139 2707
132210 132182 4411
132191 132192 511
132193 132192 2221
132193 132195 650
129577 132195 811
132196 132195 1547
121447 121458 674
121447 121466 752
121469 121459 474
121469 121466 337
121458 121447 674
121458 121459 739
121458 130465 1759
121462 121467 647
121473 121471 1748
121473 121580 674
130465 121458 1759
130465 121471 674
132103 121580 811
132103 121586 1622
121587 121586 169
121451 121452 1212
121461 121452 1087
132355 127510 5352
127535 127534 2561
132358 127534 5987
132090 132089 250
200
70241
121660
121651
121649
121647
121576
121646
121648
121577
121619
132101
121650
130493
121578
121612
121642
132189
121656
121658
121485
121607
121618
121638
121641
132188
132190
121657
121659
121486
121597
121606
121610
121615
121631
121635
121637
121643
132187
132186
132199
121575
121595
121602
121609
121644
121611
121617
121629
121632
121633
121640
132173
132185
127543
132329
121592
121596
121600
121605
121608
121645
130483
121616
121622
121626
121627
121628
121630
121636
132172
121449
132330
121590
121591
121594
121603
121484
129935
129932
121623
121624
132171
121450
126472
127527
121480
121589
121593
121601
121604
121482
129970
129933
121620
132170
132177
132180
121440
126473
121579
121479
121483
121478
121585
121598
121481
127538
132357
129934
121487
121621
132168
132175
132179
132537
121441
127533
121476
121477
121474
121583
121584
121588
121599
121463
127507
129039
129046
121431
121613
121639
132141
132174
132176
132183
132181
132169
121470
121475
121468
121472
121581
121582
121453
121465
127508
127509
129037
129045
121432
121433
121614
121634
132140
132142
132144
132139
132178
132182
132192
132195
121466
121459
121467
121471
121580
121586
121452
121464
127510
127539
127534
129038
132089
121430
121439
121625
132137
132128
132143
132136
132210
132191
132193
129577
132196
121447
121469
121458
121462
121473
130465
132103
121587
121451
121461
132355
127535
132358
132090
