440
240205 240206 1775
240205 240221 1838
240205 244303 1264
240206 240205 1775
240206 240221 2131
240206 244275 1063
240206 244302 1495
240221 240205 1838
240221 240206 2131
240221 244298 3016
240221 244299 1280
244303 240205 1264
244303 244304 2791
244303 244306 953
244275 240206 1063
244275 244273 1927
244275 244276 2551
244302 240206 1495
244298 240221 3016
244298 263751 1026
244298 264001 1470
244299 240221 1280
244299 244300 3280
244299 244329 1177
244304 244288 2019
244304 244303 2791
244304 244305 1507
244306 244303 953
244306 244307 1269
244306 244308 2620
244273 244271 2204
244273 244274 2262
244273 244275 1927
244276 244275 2551
244276 263752 2303
244276 263753 1586
263751 244296 808
263751 244298 1026
264001 244298 1470
244300 244299 3280
244300 244301 694
244329 244299 1177
244329 244330 1779
244329 244333 2436
244288 244286 343
244288 244289 884
244288 244304 2019
244305 244304 1507
244307 244306 1269
244308 244306 2620
244271 244272 2519
244271 244273 2204
244271 244281 444
244274 244273 2262
263752 244276 2303
263753 244276 1586
244296 244295 1074
244296 244297 644
244296 263751 808
244301 244248 771
244301 244295 3425
244301 244300 694
244330 244329 1779
244333 244329 2436
244333 258211 2479
244333 258283 1391
244286 244279 1302
244286 244287 2514
244286 244288 343
244289 244288 884
244272 244271 2519
244281 244271 444
244281 244280 2002
244281 261552 1204
244295 244292 1000
244295 244296 1074
244295 244301 3425
244297 244296 644
244248 244249 4824
244248 244301 771
244248 244328 1575
244248 258211 2337
258211 244248 2337
258211 244333 2479
258283 244333 1391
258283 258282 1308
244279 244277 1164
244279 244280 1983
244279 244285 607
244279 244286 1302
244287 244286 2514
244280 244279 1983
244280 244281 2002
261552 244281 1204
261552 261551 990
244292 244293 605
244292 244294 1311
244292 244295 1000
244249 244244 2869
244249 244248 4824
244328 244248 1575
258282 258283 1308
244277 244210 1036
244277 244278 2021
244277 244279 1164
244285 244279 607
244285 244284 568
261551 244205 765
261551 261552 990
244293 244247 2514
244293 244291 1495
244293 244292 605
244294 244292 1311
244244 244114 4008
244244 244236 459
244244 244247 1046
244244 244249 2869
244210 244206 2060
244210 244211 773
244210 244277 1036
244210 244283 883
244278 244206 970
244278 244277 2021
244278 261968 1176
244284 244283 2596
244284 244285 568
244284 244377 110
244205 244204 1036
244205 261551 765
244247 244244 1046
244247 244267 3118
244247 244293 2514
244247 261969 549
244291 244290 552
244291 244293 1495
244114 244093 2332
244114 244244 4008
244236 244237 344
244236 244244 459
244206 244207 1552
244206 244210 2060
244206 244278 970
244206 244282 874
244211 244208 1009
244211 244210 773
244211 244283 1327
244283 244210 883
244283 244211 1327
244283 244284 2596
261968 244278 1176
244377 244284 110
244377 244378 5838
244377 244379 1119
244204 244202 496
244204 244205 1036
244204 244268 4700
244267 244247 3118
244267 244265 389
261969 244247 549
244290 244291 552
244093 244087 3966
244093 244114 2332
244237 244236 344
244237 244240 3649
244237 261963 5192
244207 244206 1552
244282 244203 737
244282 244206 874
244282 261965 1789
244208 244203 1071
244208 244211 1009
244378 244377 5838
244378 244380 3140
244378 244381 2006
244379 244377 1119
244379 244393 3161
244202 244199 203
244202 244203 2281
244202 244204 496
244268 244204 4700
244268 244269 2432
244268 244270 2028
244265 244264 368
244265 244264 368
244265 244267 389
244087 244088 272
244087 244093 3966
244087 244094 164
244240 244233 589
244240 244237 3649
244240 244239 678
261963 244237 5192
261963 244246 2135
244203 244202 2281
244203 244208 1071
244203 244282 737
261965 244282 1789
244380 244378 3140
244380 244385 1343
244380 244386 2253
244381 244378 2006
244381 244382 881
244381 244383 1111
244393 244331 5040
244393 244379 3161
244393 244392 5051
244199 244194 1310
244199 244202 203
244269 244268 2432
244270 244268 2028
244264 244265 368
244264 244265 368
244264 244266 381
244088 244087 272
244088 244098 4118
244088 244104 1918
244094 244087 164
244233 244231 3434
244233 244240 589
244233 244258 888
244239 244106 1104
244239 244240 678
244239 244241 1731
244246 244245 405
244246 261557 498
244246 261963 2135
244385 244380 1343
244385 244384 2097
244385 261422 2464
244386 244380 2253
244386 244388 1280
244386 244389 1149
244382 244381 881
244383 244381 1111
244383 244388 1297
244383 244398 2185
244331 244332 1766
244331 244393 5040
244331 244397 2675
244392 244393 5051
244392 244394 1409
244392 244395 3956
244194 244199 1310
244266 244264 381
244098 244088 4118
244098 244089 728
244098 244099 1100
244104 244088 1918
244104 244113 523
244231 244230 452
244231 244232 1316
244231 244233 3434
244258 244233 888
244258 244251 783
244258 244259 1646
244106 244105 1063
244106 244238 321
244106 244239 1104
244241 244235 211
244241 244239 1731
244241 244242 778
244245 244246 405
244245 244263 1641
244245 244327 1438
261557 244246 498
261557 261558 1637
261557 263758 1917
244384 244385 2097
244384 244387 2014
244384 244390 3246
261422 244385 2464
244388 244383 1297
244388 244386 1280
244388 244399 2148
244389 244386 1149
244389 244401 1572
244389 264164 2164
244398 244383 2185
244398 244394 1368
244332 244331 1766
244397 244331 2675
244397 244395 1011
244397 244613 2549
244394 244392 1409
244394 244398 1368
244394 244400 1864
244395 244392 3956
244395 244396 2064
244395 244397 1011
244089 244086 844
244089 244097 2112
244089 244098 728
244099 244097 929
244099 244098 1100
244099 244100 2107
244113 244104 523
244113 244111 352
244230 244227 837
244230 244231 452
244232 244231 1316
244251 244229 5923
244251 244257 3429
244251 244258 783
244259 244258 1646
244259 244260 772
244259 244261 1217
244105 244106 1063
244105 244107 1093
244105 244110 2403
244238 244106 321
244238 261667 282
244235 244234 1217
244235 244241 211
244242 244241 778
244242 244243 943
244263 244245 1641
244263 244261 3820
244263 244322 2036
244327 244245 1438
261558 261557 1637
263758 261557 1917
244387 244384 2014
244387 244406 1478
244387 261981 3094
244390 244384 3246
244390 244391 222
244399 244388 2148
244401 244389 1572
244401 244400 1825
264164 244389 2164
244613 244397 2549
244400 244394 1864
244400 244401 1825
244400 244402 2196
244396 244395 2064
244086 244084 885
244086 244089 844
244086 244095 985
244097 244089 2112
244097 244099 929
244097 244200 988
244100 244099 2107
244111 244112 443
244111 244113 352
244227 244226 620
244227 244228 1201
244227 244230 837
244229 244016 3618
244229 244251 5923
244229 261663 2506
244257 244251 3429
244257 244255 3565
244257 244319 2110
244260 244259 772
244261 244259 1217
244261 244262 892
244261 244263 3820
244107 244105 1093
244110 244105 2403
244110 244109 535
244110 244112 222
261667 244228 615
261667 244238 282
261667 261970 244
244234 244235 1217
244243 244242 943
244243 259737 748
244322 244263 2036
244322 244320 2072
244406 244387 1478
244406 244405 770
244406 244418 2877
261981 244387 3094
261981 244418 1644
244391 244390 222
244391 261980 1073
244402 244400 2196
244084 243945 983
244084 244085 679
244084 244086 885
244095 244086 985
244200 244097 988
244200 244201 235
244200 244217 577
244200 244220 125
244112 244110 222
244112 244111 443
244226 244224 1086
244226 244227 620
244228 244227 1201
244228 261667 615
244228 261668 479
244016 243952 1764
244016 244014 3019
244016 244229 3618
261663 244229 2506
261663 261664 134
244255 244252 2257
244255 244256 2358
244255 244257 3565
244319 244257 2110
244319 244315 461
244319 244320 1943
244262 244261 892
244109 244108 488
244109 244110 535
244109 244223 2448
261970 261667 244
261970 261971 393
259737 244243 748
244320 244319 1943
244320 244321 876
244320 244322 2072
244405 244403 1368
244405 244406 770
244405 244408 497
244418 244406 2877
244418 261981 1644
261980 244391 1073
243945 243946 1225
243945 244084 983
244085 244084 679
244201 244200 235
244217 244200 577
244220 244200 125
244224 244226 1086
261668 244228 479
243952 244016 1764
244014 244016 3019
261664 261663 134
244252 244255 2257
244256 244255 2358
244315 244319 461
244108 244109 488
244223 244109 2448
261971 261970 393
244321 244320 876
244403 244405 1368
244408 244405 497
243946 243945 1225
18
244333
258211
258283
258282
244199
244194
243945
244201
244217
244224
243952
244014
261664
244252
244315
244403
244408
243946
