450
240089 240090 591
240089 240212 845
240090 240089 591
240090 264249 197
240090 264250 501
240212 240089 845
240212 240211 754
240212 240213 893
264249 240090 197
264250 240090 501
240211 240212 754
240211 240214 475
240213 240212 893
240214 240211 475
240214 240215 1556
240214 240216 2084
240215 240214 1556
240216 240214 2084
240216 240989 1114
240216 240992 2767
240216 261432 372
240989 240216 1114
240989 240610 1345
240989 240990 667
240989 240991 687
240989 240993 1525
240992 240216 2767
240992 241008 4527
261432 240216 372
261432 240988 216
240610 240605 1690
240610 240987 1114
240610 240989 1345
240610 240990 1550
240990 240610 1550
240990 240989 667
240990 241001 1334
240991 240989 687
240993 240989 1525
240993 240995 556
240993 240998 4114
241008 240992 4527
241008 241047 3625
240988 240987 757
240988 261432 216
240605 240606 1532
240605 240607 679
240605 240609 475
240605 240610 1690
240987 240610 1114
240987 240986 587
240987 240988 757
241001 240990 1334
241001 241000 2012
241001 241002 433
240995 240993 556
240995 240994 1112
240995 241005 672
240995 241009 1382
240998 240993 4114
240998 240999 1265
241047 241008 3625
241047 241101 909
241047 241103 1124
240606 240605 1532
240606 240611 1149
240606 240611 1149
240607 240595 251
240607 240605 679
240607 240608 562
240609 240605 475
240986 240987 587
241000 240602 1349
241000 241001 2012
241000 241007 805
241002 241001 433
241002 241004 889
241002 241006 928
240994 240995 1112
241005 240995 672
241005 241004 1030
241005 241006 782
241005 241010 1492
241009 240995 1382
240999 240998 1265
241101 241047 909
241101 241100 1825
241103 241047 1124
241103 241102 3435
240611 240599 557
240611 240606 1149
240611 240606 1149
240595 240607 251
240608 240607 562
240602 240599 1661
240602 240627 2380
240602 241000 1349
241007 241000 805
241007 241014 1365
241007 263063 1735
241004 241002 889
241004 241003 333
241004 241005 1030
241006 241002 928
241006 241005 782
241006 241011 1412
241010 241005 1492
241010 241011 796
241100 241101 1825
241100 241102 1832
241100 241112 3931
241102 241100 1832
241102 241103 3435
241102 241107 2643
240599 240547 3691
240599 240602 1661
240599 240611 557
240627 240602 2380
240627 240628 379
240627 240629 2693
241014 241007 1365
241014 241015 1759
241014 241026 1292
263063 241007 1735
241003 241004 333
241011 241006 1412
241011 241010 796
241011 241015 480
241112 241100 3931
241112 241118 1471
241107 241102 2643
241107 241119 519
240547 240599 3691
240628 240627 379
240629 240627 2693
240629 240631 1095
240629 240632 1425
241015 241011 480
241015 241014 1759
241026 241014 1292
241026 241027 537
241026 241028 676
241118 241112 1471
241118 244636 2111
241119 241107 519
241119 241120 7510
241119 241122 521
241119 241123 1529
240631 240629 1095
240631 240630 949
240631 240637 3352
240632 240629 1425
241027 241026 537
241027 241039 2762
241028 241026 676
244636 241118 2111
244636 244634 786
241120 241119 7510
241120 244637 1023
241122 241119 521
241122 263952 4059
241123 240280 5458
241123 241119 1529
240630 240615 1521
240630 240631 949
240637 240631 3352
240637 261210 1274
241039 241027 2762
241039 241038 3958
241039 241044 1527
244634 241116 535
244634 244635 201
244634 244636 786
244634 263392 790
244637 241120 1023
244637 244635 535
244637 244638 1007
263952 241122 4059
263952 263763 291
240280 240279 4978
240280 240283 4633
240280 241123 5458
240280 241134 4427
240615 240612 3123
240615 240614 2864
240615 240630 1521
261210 240637 1274
261210 261211 436
241038 241039 3958
241038 241040 893
241044 241039 1527
241116 244634 535
244635 244634 201
244635 244637 535
263392 244634 790
263392 244640 596
244638 241455 619
244638 244637 1007
263763 241121 1267
263763 263952 291
263763 263953 1142
240279 240280 4978
240279 240283 402
240279 241137 158
240279 255661 1117
240283 240279 402
240283 240280 4633
240283 241111 316
240283 241152 373
241134 240280 4427
241134 241126 70
240612 240567 794
240612 240614 679
240612 240615 3123
240614 240567 384
240614 240612 679
240614 240615 2864
261211 261210 436
241040 241038 893
244640 263392 596
241455 241454 384
241455 244638 619
241121 241095 3918
241121 263763 1267
263953 263763 1142
263953 263954 1694
263953 263955 174
241137 240279 158
241137 241130 214
255661 240279 1117
255661 241099 4890
241111 240283 316
241111 241110 367
241111 241126 496
241111 241131 288
241152 240283 373
241126 241111 496
241126 241134 70
240567 240565 297
240567 240612 794
240567 240614 384
241454 241455 384
241454 241460 116
241454 244710 1035
241095 241085 790
241095 241096 1811
241095 241121 3918
263954 263953 1694
263955 263953 174
263955 263956 1130
263955 263957 914
241130 241131 155
241130 241137 214
241099 241079 809
241099 255661 4890
241099 255663 2525
241110 241111 367
241131 241111 288
241131 241130 155
240565 240546 2104
240565 240564 203
240565 240567 297
241460 241454 116
241460 244639 359
244710 241454 1035
244710 244709 812
244710 261215 706
241085 241084 1669
241085 241094 448
241085 241095 790
241096 241092 213
241096 241095 1811
241096 241097 1750
263956 263955 1130
263957 263955 914
241079 241077 725
241079 241077 725
241079 241099 809
255663 241099 2525
240546 240543 450
240546 240565 2104
240564 240562 1025
240564 240565 203
240564 240568 1284
244639 241460 359
244639 261215 234
244709 241447 1487
244709 241448 963
244709 244710 812
261215 244639 234
261215 244710 706
241084 241073 2442
241084 241083 742
241084 241085 1669
241094 241085 448
241092 241088 414
241092 241093 1630
241092 241096 213
241097 241096 1750
241077 241078 1830
241077 241079 725
241077 241079 725
241077 241087 4072
240543 240540 993
240543 240542 1267
240543 240546 450
240562 240544 861
240562 240563 1129
240562 240564 1025
240568 240554 2719
240568 240564 1284
240568 240569 649
240568 240570 1027
241447 241448 534
241447 244655 1937
241447 244709 1487
241448 241447 534
241448 244655 2334
241448 244709 963
241073 241074 2497
241073 241084 2442
241073 241088 945
241083 241081 738
241083 241084 742
241088 241073 945
241088 241089 2155
241088 241092 414
241093 241092 1630
241078 241077 1830
241087 241077 4072
241087 241086 1971
241087 241090 344
240540 240521 1528
240540 240543 993
240542 240541 1782
240542 240543 1267
240542 240544 1436
240544 240542 1436
240544 240562 861
240563 240561 409
240563 240562 1129
240554 240469 826
240554 240555 640
240554 240568 2719
240569 240568 649
240569 240577 1552
240570 240568 1027
240570 240575 762
240570 240616 882
244655 241447 1937
244655 241448 2334
244655 244653 1460
241074 241070 345
241074 241073 2497
241074 261844 794
241081 241058 400
241081 241072 478
241081 241083 738
241089 241088 2155
241086 241087 1971
241090 241087 344
241090 241091 930
241090 261839 3692
240521 240522 1838
240521 240523 907
240521 240540 1528
240541 240518 187
240541 240542 1782
240541 242891 613
240561 240551 474
240561 240563 409
240469 240468 2006
240469 240554 826
240555 240468 2528
240555 240554 640
240577 240569 1552
240577 240571 1715
240577 240578 339
240575 240570 762
240575 240576 656
240575 240621 794
240616 240570 882
240616 240617 899
240616 240618 1507
244653 244654 250
244653 244655 1460
241070 241071 338
241070 241074 345
241070 261839 180
261844 241031 249
261844 241034 1480
261844 241074 794
241058 241057 1050
241058 241081 400
241058 241082 1028
241072 241034 1454
241072 241080 416
241072 241081 478
241091 241090 930
261839 241070 180
261839 241090 3692
261839 263770 108
240522 240521 1838
240523 240516 512
240523 240521 907
240523 243090 760
240518 240517 243
240518 240519 597
240518 240541 187
242891 240541 613
240551 240550 606
240551 240552 432
240551 240561 474
240468 240464 1042
240468 240469 2006
240468 240555 2528
240571 240572 298
240571 240572 298
240571 240577 1715
240578 240533 1570
240578 240577 339
240578 240581 2599
240576 240575 656
240621 240575 794
240617 240616 899
240617 240619 995
240618 240616 1507
244654 244653 250
241071 241070 338
241031 261844 249
241034 241072 1454
241034 261844 1480
241057 241058 1050
241082 241058 1028
241080 241072 416
263770 261839 108
240516 240523 512
243090 240523 760
240517 240518 243
240519 240518 597
240550 240551 606
240552 240551 432
240464 240468 1042
240572 240571 298
240572 240571 298
240533 240578 1570
240533 240581 1030
240581 240533 1030
240581 240578 2599
240619 240617 995
194
240211
240214
240215
240216
240989
240992
261432
240610
240990
240991
240993
241008
240988
240605
240987
241001
240995
240998
241047
240606
240607
240609
240986
241000
241002
240994
241005
241009
240999
241101
241103
240611
240595
240608
240602
241007
241004
241006
241010
241100
241102
240599
240627
241014
263063
241003
241011
241112
241107
240547
240628
240629
241015
241026
241118
241119
240631
240632
241027
241028
244636
241120
241122
241123
240630
240637
241039
244634
244637
263952
240280
240615
261210
241038
241044
241116
244635
263392
244638
263763
240279
240283
241134
240612
240614
261211
241040
244640
241455
241121
263953
241137
255661
241111
241152
241126
240567
241454
241095
263954
263955
241130
241099
241110
241131
240565
241460
244710
241085
241096
263956
263957
241079
255663
240546
240564
244639
244709
261215
241084
241094
241092
241097
241077
240543
240562
240568
241447
241448
241073
241083
241088
241093
241078
241087
240540
240542
240544
240563
240554
240569
240570
244655
241074
241081
241089
241086
241090
240521
240541
240561
240469
240555
240577
240575
240616
244653
241070
261844
241058
241072
241091
261839
240522
240523
240518
242891
240551
240468
240571
240578
240576
240621
240617
240618
244654
241071
241031
241034
241057
241082
241080
263770
240516
243090
240517
240519
240550
240552
240464
240572
240533
240581
240619
