510
236699 236700 484
236699 250609 163
236700 236699 484
250609 236699 163
250609 250608 975
250609 250610 194
250608 250589 2446
250608 250609 975
250608 250613 373
250610 250609 194
250610 250611 730
250610 261242 804
250589 250590 414
250589 250591 598
250589 250608 2446
250613 250607 248
250613 250608 373
250613 250614 750
250611 250610 730
250611 250612 516
250611 250622 574
261242 250610 804
250590 250589 414
250590 261594 871
250590 261745 441
250591 250589 598
250607 250604 227
250607 250613 248
250607 250614 945
250614 250607 945
250614 250613 750
250612 250611 516
250622 250611 574
250622 261594 441
261594 250590 871
261594 250622 441
261594 261744 153
261745 250590 441
261745 261744 895
261745 263904 449
250604 250605 128
250604 250607 227
261744 261594 153
261744 261745 895
261744 263905 424
263904 261743 307
263904 261745 449
263904 263905 1050
250605 250602 226
250605 250604 128
250605 251891 1139
263905 261744 424
263905 263904 1050
261743 250618 809
261743 263904 307
250602 250592 201
250602 250603 556
250602 250605 226
251891 250605 1139
250618 250505 975
250618 250619 536
250618 261743 809
250592 250539 516
250592 250593 1635
250592 250594 1675
250592 250597 452
250592 250602 201
250603 250598 168
250603 250602 556
250603 250606 275
250505 250503 889
250505 250618 975
250619 250618 536
250539 250531 1557
250539 250592 516
250539 250595 610
250593 250592 1635
250594 250592 1675
250597 250592 452
250597 250595 168
250597 250598 238
250598 250597 238
250598 250599 275
250598 250603 168
250606 250603 275
250503 250504 473
250503 250505 889
250503 250506 473
250531 250530 982
250531 250539 1557
250595 250539 610
250595 250596 475
250595 250597 168
250599 250596 201
250599 250598 275
250599 250600 475
250599 250601 1014
250504 250503 473
250506 250503 473
250530 250485 7444
250530 250526 275
250530 250531 982
250530 250533 2840
250596 250537 1850
250596 250595 475
250596 250599 201
250600 250599 475
250601 250574 1091
250601 250599 1014
250601 250641 2007
250485 250484 275
250485 250486 1533
250485 250489 671
250485 250530 7444
250526 250516 930
250526 250523 1848
250526 250525 344
250526 250530 275
250533 250530 2840
250533 250532 252
250533 250535 1558
250533 250536 516
250537 250536 354
250537 250538 818
250537 250596 1850
250574 250538 839
250574 250572 1167
250574 250601 1091
250641 250573 418
250641 250601 2007
250641 250643 556
250484 250435 1097
250484 250482 1797
250484 250485 275
250484 250488 3016
250486 250473 1483
250486 250485 1533
250489 250485 671
250489 250490 809
250489 250494 1256
250516 250513 893
250516 250514 923
250516 250523 1935
250516 250526 930
250523 250516 1935
250523 250526 1848
250523 250532 1114
250525 250524 556
250525 250526 344
250525 250527 2641
250532 250523 1114
250532 250533 252
250532 250534 633
250535 250533 1558
250535 250570 1719
250536 250533 516
250536 250537 354
250538 250537 818
250538 250572 893
250538 250574 839
250572 250538 893
250572 250573 2031
250572 250574 1167
250573 250572 2031
250573 250583 1500
250573 250641 418
250573 250643 336
250643 250573 336
250643 250641 556
250643 250644 1935
250435 250431 3050
250435 250433 252
250435 250484 1097
250482 238672 2598
250482 250479 275
250482 250484 1797
250488 250484 3016
250488 250528 1066
250488 250588 536
250473 250472 2110
250473 250486 1483
250490 250489 809
250490 250496 884
250490 250497 1061
250494 250489 1256
250494 250493 1699
250513 250512 672
250513 250515 344
250513 250516 893
250514 250508 434
250514 250512 905
250514 250516 923
250514 250519 2446
250524 250434 2138
250524 250525 556
250527 250525 2641
250527 250528 418
250534 250520 728
250534 250532 633
250570 250535 1719
250570 250543 580
250583 250573 1500
250583 250581 336
250644 250584 556
250644 250643 1935
250431 250430 872
250431 250433 2955
250431 250434 1055
250431 250435 3050
250433 250426 434
250433 250431 2955
250433 250435 252
238672 238673 705
238672 250481 938
238672 250482 2598
250479 250457 950
250479 250481 1741
250479 250482 275
250479 250483 1356
250528 250488 1066
250528 250527 418
250528 250529 536
250588 250488 536
250588 250529 1066
250472 238673 826
250472 250464 824
250472 250466 3057
250472 250473 2110
250472 250474 1630
250496 250490 884
250496 250498 1084
250497 250490 1061
250497 250498 373
250497 250500 1078
250493 250492 1223
250493 250494 1699
250493 250495 475
250493 251440 1425
250512 250511 889
250512 250513 672
250512 250514 905
250515 250432 2169
250515 250513 344
250515 264238 1072
250508 250325 696
250508 250514 434
250508 250517 924
250519 250514 2446
250519 250518 938
250519 250520 796
250434 250431 1055
250434 250432 1025
250434 250524 2138
250520 250335 787
250520 250519 796
250520 250522 1040
250520 250534 728
250543 250352 3493
250543 250570 580
250543 250571 604
250581 250571 201
250581 250582 1282
250581 250583 336
250584 250582 475
250584 250585 1558
250584 250644 556
250430 250413 628
250430 250428 1630
250430 250431 872
250430 250432 1257
250426 250421 1221
250426 250428 1022
250426 250433 434
250426 250487 649
238673 238672 705
238673 250456 1208
238673 250462 3564
238673 250472 826
250481 238672 938
250481 250479 1741
250457 250424 763
250457 250454 2690
250457 250479 950
250457 250480 1398
250483 250479 1356
250483 250480 764
250529 250528 536
250529 250588 1066
250464 250465 1337
250464 250467 375
250464 250472 824
250464 250474 1775
250466 250462 672
250466 250465 1344
250466 250472 3057
250466 251411 1411
250474 250464 1775
250474 250472 1630
250474 250491 1409
250498 250496 1084
250498 250497 373
250498 250500 1167
250500 250495 889
250500 250497 1078
250500 250498 1167
250492 250493 1223
250495 250493 475
250495 250500 889
250495 251440 1223
251440 250491 611
251440 250493 1425
251440 250495 1223
251440 251441 557
251440 251443 1671
250511 250406 847
250511 250510 672
250511 250512 889
250432 250429 839
250432 250430 1257
250432 250434 1025
250432 250515 2169
264238 250515 1072
250325 250323 1007
250325 250334 2240
250325 250406 1014
250325 250508 696
250517 250508 924
250517 250518 1111
250517 250518 1111
250518 250517 1111
250518 250517 1111
250518 250519 938
250335 250329 839
250335 250334 2339
250335 250520 787
250522 250520 1040
250522 250521 418
250522 264123 445
250352 250349 1541
250352 250521 344
250352 250541 139
250352 250543 3493
250571 250543 604
250571 250581 201
250582 250581 1282
250582 250584 475
250585 250578 1671
250585 250580 1007
250585 250584 1558
250585 250587 2440
250585 250647 434
250585 250937 3246
250413 250412 1335
250413 250414 788
250413 250416 713
250413 250430 628
250428 250426 1022
250428 250427 707
250428 250430 1630
250421 250248 2265
250421 250409 2001
250421 250417 1014
250421 250426 1221
250487 250426 649
250487 250480 516
250456 238673 1208
250456 250446 1234
250462 238673 3564
250462 250461 1897
250462 250466 672
250462 250468 805
250424 250420 787
250424 250455 1611
250424 250457 763
250424 250478 610
250454 250452 787
250454 250457 2690
250454 250458 713
250480 250457 1398
250480 250483 764
250480 250487 516
250465 250464 1337
250465 250466 1344
250465 251412 780
250467 250464 375
251411 250466 1411
251411 261599 298
250491 250474 1409
250491 251440 611
251441 251440 557
251441 251442 336
251443 251439 511
251443 251440 1671
251443 251444 628
250406 250325 1014
250406 250405 2890
250406 250511 847
250510 250415 1225
250510 250429 1028
250510 250511 672
250429 250414 788
250429 250415 876
250429 250432 839
250429 250510 1028
250323 250314 1114
250323 250321 556
250323 250324 688
250323 250325 1007
250334 250325 2240
250334 250333 927
250334 250335 2339
250329 250328 2750
250329 250335 839
250329 250350 201
250521 250352 344
250521 250522 418
264123 250522 445
250349 250331 938
250349 250348 452
250349 250351 222
250349 250352 1541
250541 250352 139
250541 250540 847
250541 250542 1493
250578 250575 1253
250578 250585 1671
250580 250577 927
250580 250585 1007
250580 250586 1085
250587 250585 2440
250587 250934 927
250587 250935 2280
250647 250585 434
250647 250650 1303
250937 250585 3246
250937 250936 1584
250412 250409 805
250412 250410 418
250412 250413 1335
250414 250411 1224
250414 250413 788
250414 250429 788
250416 250409 868
250416 250413 713
250416 250427 884
250427 250416 884
250427 250428 707
250248 250247 2773
250248 250421 2265
250409 250407 750
250409 250412 805
250409 250416 868
250409 250421 2001
250417 250390 1144
250417 250421 1014
250446 250456 1234
250461 250462 1897
250468 250462 805
250420 250424 787
250455 250424 1611
250455 250452 1188
250478 250424 610
250452 250454 787
250452 250455 1188
250458 250454 713
251412 250465 780
261599 251411 298
251442 251441 336
251439 251443 511
251444 251443 628
250405 250406 2890
250405 250410 847
250415 250411 782
250415 250429 876
250415 250510 1225
250314 250323 1114
250321 250323 556
250324 250323 688
250333 250328 737
250333 250334 927
250328 250329 2750
250328 250333 737
250350 250329 201
250350 250348 252
250331 250348 681
250331 250349 938
250348 250331 681
250348 250349 452
250348 250350 252
250351 250349 222
250540 250541 847
250542 250541 1493
250575 250578 1253
250577 250580 927
250586 250580 1085
250586 250934 1025
250934 250586 1025
250934 250587 927
250935 250587 2280
250650 250647 1303
250936 250937 1584
250410 250405 847
250410 250411 222
250410 250412 418
250411 250410 222
250411 250414 1224
250411 250415 782
250247 250248 2773
250407 250409 750
250390 250417 1144
200
236699
236700
250609
250608
250610
250589
250613
250611
261242
250590
250591
250607
250614
250612
250622
261594
261745
250604
261744
263904
250605
263905
261743
250602
251891
250618
250592
250603
250505
250619
250539
250593
250594
250597
250598
250606
250503
250531
250595
250599
250504
250506
250530
250596
250600
250601
250485
250526
250533
250537
250574
250641
250484
250486
250489
250516
250523
250525
250532
250535
250536
250538
250572
250573
250643
250435
250482
250488
250473
250490
250494
250513
250514
250524
250527
250534
250570
250583
250644
250431
250433
238672
250479
250528
250588
250472
250496
250497
250493
250512
250515
250508
250519
250434
250520
250543
250581
250584
250430
250426
238673
250481
250457
250483
250529
250464
250466
250474
250498
250500
250492
250495
251440
250511
250432
264238
250325
250517
250518
250335
250522
250352
250571
250582
250585
250413
250428
250421
250487
250456
250462
250424
250454
250480
250465
250467
251411
250491
251441
251443
250406
250510
250429
250323
250334
250329
250521
264123
250349
250541
250578
250580
250587
250647
250937
250412
250414
250416
250427
250248
250409
250417
250446
250461
250468
250420
250455
250478
250452
250458
251412
261599
251442
251439
251444
250405
250415
250314
250321
250324
250333
250328
250350
250331
250348
250351
250540
250542
250575
250577
250586
250934
250935
250650
250936
250410
250411
250247
250407
250390
