438
8337 8338 3303
8337 8341 822
8338 8337 3303
8338 30774 3109
8338 30787 624
8341 8337 822
30774 8338 3109
30774 30775 1830
30774 30780 453
30787 8338 624
30775 30774 1830
30775 30776 3462
30775 30783 1826
30780 30774 453
30780 30779 3201
30780 35270 1035
30776 30775 3462
30783 30775 1826
30783 34537 1616
30779 30780 3201
30779 32468 3761
30779 32469 5017
35270 30780 1035
34537 30783 1616
34537 34538 546
34537 34539 495
32468 30779 3761
32468 32465 1780
32468 32476 3862
32468 32481 2669
32469 30779 5017
32469 32489 2072
34538 34537 546
34538 34963 644
34538 34964 597
34539 34537 495
32465 32455 1007
32465 32467 3336
32465 32468 1780
32476 32468 3862
32481 32468 2669
32481 32480 1920
32481 34838 1566
32489 32469 2072
32489 32480 268
32489 32490 853
34963 34538 644
34964 34538 597
32455 29580 3574
32455 32465 1007
32455 32466 1661
32467 31060 1060
32467 32465 3336
32467 32474 1265
32480 32481 1920
32480 32488 2108
32480 32489 268
34838 32481 1566
34838 34839 977
32490 32489 853
32490 32491 2022
32490 32492 1147
29580 29581 1993
29580 32454 1825
29580 32455 3574
32466 30769 396
32466 32455 1661
32466 34535 1287
31060 31059 684
31060 32467 1060
31060 32473 2996
32474 29587 3304
32474 32467 1265
32474 32475 1556
32488 32480 2108
34839 34838 977
32491 32490 2022
32492 32490 1147
32492 32493 760
32492 32506 1283
29581 29573 1675
29581 29580 1993
32454 29580 1825
32454 32451 1620
32454 32452 3058
30769 30767 1433
30769 30778 978
30769 32466 396
34535 32466 1287
31059 31060 684
31059 32459 3061
31059 34837 2420
32473 31060 2996
32473 32459 880
32473 34100 2331
29587 29588 1221
29587 32464 1925
29587 32474 3304
32475 32474 1556
32493 32492 760
32493 32495 1492
32493 32508 1065
32506 32492 1283
29573 29571 1226
29573 29576 4296
29573 29581 1675
32451 32450 782
32451 32453 1478
32451 32454 1620
32452 32453 1520
32452 32454 3058
32452 32458 468
30767 30764 410
30767 30766 782
30767 30769 1433
30778 30762 1896
30778 30769 978
30778 34536 1128
32459 31059 3061
32459 32458 275
32459 32473 880
34837 31059 2420
34100 29588 1159
34100 29589 1371
34100 32473 2331
29588 29587 1221
29588 29590 5920
29588 34100 1159
32464 29587 1925
32464 32463 1899
32464 34836 1715
32495 32493 1492
32495 32494 5910
32495 32494 5910
32508 32493 1065
32508 32507 1951
32508 35233 1502
29571 29572 2750
29571 29573 1226
29571 32449 4333
29576 29573 4296
29576 29574 2518
29576 30743 3215
32450 32451 782
32453 32451 1478
32453 32452 1520
32453 34834 916
32453 34835 154
32458 32452 468
32458 32459 275
30764 30765 1261
30764 30767 410
30764 30768 1039
30766 30767 782
30762 30760 2520
30762 30777 706
30762 30778 1896
34536 30778 1128
29589 29590 7617
29589 34100 1371
29589 34402 721
29590 29588 5920
29590 29589 7617
29590 34214 2120
32463 32464 1899
32463 32482 3923
32463 32483 6685
34836 32464 1715
32494 32495 5910
32494 32495 5910
32494 32498 793
32507 32508 1951
32507 32517 1562
32507 32519 5547
35233 32508 1502
29572 29571 2750
29572 29575 4226
29572 29579 5364
32449 29571 4333
29574 29575 980
29574 29576 2518
29574 29578 2194
30743 29576 3215
30743 30744 482
30743 34329 1711
34834 32453 916
34835 32453 154
30765 30754 1376
30765 30764 1261
30765 32291 876
30768 30764 1039
30760 30759 2216
30760 30761 838
30760 30762 2520
30777 30762 706
34402 29589 721
34214 29590 2120
32482 32463 3923
32482 32484 1507
32482 34534 1204
32483 32463 6685
32483 32484 2489
32483 32496 1195
32498 32486 3889
32498 32494 793
32498 32499 1186
32517 32507 1562
32517 32515 1266
32517 32518 728
32519 32507 5547
32519 32525 1512
32519 32526 870
29575 29572 4226
29575 29574 980
29575 34021 772
29579 29572 5364
29579 32434 3393
29579 32447 1820
29578 29574 2194
30744 30743 482
34329 30743 1711
30754 30755 1300
30754 30763 2170
30754 30765 1376
32291 30765 876
30759 30755 4813
30759 30760 2216
30761 30760 838
32484 32482 1507
32484 32483 2489
32484 32485 1218
34534 32482 1204
32496 32483 1195
32496 32497 2034
32496 35196 3023
32486 32487 244
32486 32487 244
32486 32498 3889
32499 32498 1186
32515 32516 853
32515 32517 1266
32515 32520 1313
32518 32517 728
32525 32519 1512
32525 32523 1294
32525 32527 1147
32526 32519 870
32526 32557 1715
34021 29575 772
32434 29534 2225
32434 29579 3393
32434 32425 2007
32447 29579 1820
32447 32437 927
32447 32448 1704
30755 30754 1300
30755 30756 1230
30755 30759 4813
30763 30754 2170
32485 32484 1218
32497 32496 2034
35196 32496 3023
35196 32541 1874
32487 32486 244
32487 32486 244
32487 32541 142
32516 32515 853
32520 32515 1313
32520 32522 1424
32520 32523 1385
32523 32520 1385
32523 32524 660
32523 32525 1294
32527 32525 1147
32557 32526 1715
32557 32538 4969
32557 32556 1374
29534 29535 152
29534 29538 1216
29534 32434 2225
32425 32426 2475
32425 32432 2796
32425 32434 2007
32437 32438 4473
32437 32446 4040
32437 32447 927
32448 32447 1704
30756 30755 1230
32541 32487 142
32541 32540 901
32541 35196 1874
32522 32520 1424
32524 32523 660
32538 32535 1499
32538 32539 2607
32538 32557 4969
32556 32557 1374
32556 32559 3180
32556 32563 3469
29535 29534 152
29538 29534 1216
32426 32425 2475
32426 32431 767
32426 32432 900
32426 32435 702
32432 32414 1256
32432 32425 2796
32432 32426 900
32432 32430 2112
32438 32437 4473
32446 32437 4040
32540 32541 901
32535 32533 862
32535 32537 4077
32535 32538 1499
32539 32538 2607
32559 32556 3180
32559 32558 2973
32559 34840 2064
32563 32556 3469
32563 32562 881
32563 32575 2122
32431 32426 767
32431 32430 1424
32435 32426 702
32435 32436 401
32414 32415 2832
32414 32432 1256
32414 32433 1732
32430 32412 3154
32430 32431 1424
32430 32432 2112
32533 32529 4056
32533 32534 1244
32533 32535 862
32537 32535 4077
32537 32536 1588
32537 32568 1179
32558 32559 2973
32558 32568 1456
32558 32578 2662
34840 32559 2064
32562 32560 1106
32562 32563 881
32562 32574 681
32575 32563 2122
32575 32565 2923
32575 32593 1928
32436 32435 401
32436 32445 640
32415 32414 2832
32433 32414 1732
32412 32410 939
32412 32413 5205
32412 32430 3154
32529 32528 6331
32529 32530 1329
32529 32533 4056
32534 32531 1250
32534 32533 1244
32534 32536 5926
32536 32534 5926
32536 32537 1588
32536 32635 1078
32568 32537 1179
32568 32558 1456
32568 32569 1928
32578 32558 2662
32560 32561 236
32560 32562 1106
32560 32572 1762
32560 32573 1236
32574 32562 681
32565 32564 1704
32565 32575 2923
32593 32575 1928
32593 32594 2127
32593 34841 762
32445 32436 640
32445 32444 731
32410 32406 503
32410 32411 2663
32410 32412 939
32413 32412 5205
32413 106828 2610
32528 32529 6331
32528 32542 2629
32528 32543 422
32530 32529 1329
32530 32531 1296
32530 32546 5580
32531 32530 1296
32531 32532 4784
32531 32534 1250
32635 32532 2616
32635 32536 1078
32569 32568 1928
32569 32579 651
32561 32560 236
32572 32549 1019
32572 32560 1762
32572 34529 1126
32573 32560 1236
32564 32565 1704
32594 32577 1364
32594 32593 2127
32594 32595 1437
34841 32593 762
34841 34842 1316
34841 34843 674
32444 32429 786
32444 32445 731
32406 32399 1770
32406 32410 503
32411 32410 2663
106828 32413 2610
106828 106829 2735
106828 106838 1238
32542 32528 2629
32543 32528 422
32546 32530 5580
32546 32532 1203
32546 32545 2445
32532 32531 4784
32532 32546 1203
32532 32635 2616
32579 32569 651
32549 32572 1019
34529 32572 1126
32577 32594 1364
32595 32594 1437
34842 34841 1316
34843 34841 674
32429 32444 786
32399 32406 1770
106829 106828 2735
106838 106828 1238
32545 32546 2445
200
8337
8338
8341
30774
30787
30775
30780
30776
30783
30779
35270
34537
32468
32469
34538
34539
32465
32476
32481
32489
34963
34964
32455
32467
32480
34838
32490
29580
32466
31060
32474
32488
34839
32491
32492
29581
32454
30769
34535
31059
32473
29587
32475
32493
32506
29573
32451
32452
30767
30778
32459
34837
34100
29588
32464
32495
32508
29571
29576
32450
32453
32458
30764
30766
30762
34536
29589
29590
32463
34836
32494
32507
35233
29572
32449
29574
30743
34834
34835
30765
30768
30760
30777
34402
34214
32482
32483
32498
32517
32519
29575
29579
29578
30744
34329
30754
32291
30759
30761
32484
34534
32496
32486
32499
32515
32518
32525
32526
34021
32434
32447
30755
30763
32485
32497
35196
32487
32516
32520
32523
32527
32557
29534
32425
32437
32448
30756
32541
32522
32524
32538
32556
29535
29538
32426
32432
32438
32446
32540
32535
32539
32559
32563
32431
32435
32414
32430
32533
32537
32558
34840
32562
32575
32436
32415
32433
32412
32529
32534
32536
32568
32578
32560
32574
32565
32593
32445
32410
32413
32528
32530
32531
32635
32569
32561
32572
32573
32564
32594
34841
32444
32406
32411
106828
32542
32543
32546
32532
32579
32549
34529
32577
32595
34842
34843
32429
32399
106829
106838
32545
