558
236360 236361 1938
236360 241941 898
236361 236360 1938
236361 245812 6683
241941 236360 898
241941 246584 1671
241941 246594 275
245812 236361 6683
245812 245813 2409
246584 241941 1671
246584 246583 473
246584 246585 610
246584 246586 1419
246594 241941 275
246594 245823 1342
246594 246595 1160
245813 245812 2409
245813 245814 1144
245813 245827 3877
246583 246582 278
246583 246584 473
246585 246566 6632
246585 246584 610
246586 245823 2918
246586 246584 1419
246586 246591 1204
246586 246596 1299
245823 245821 1714
245823 245824 2434
245823 246586 2918
245823 246594 1342
246595 246594 1160
245814 245813 1144
245814 245815 937
245814 245842 1177
245827 245813 3877
245827 245817 788
245827 245828 201
246582 246583 278
246566 246567 750
246566 246585 6632
246591 246586 1204
246591 246587 1583
246591 246592 847
246596 246586 1299
246596 246597 1809
246596 246598 275
245821 245689 1575
245821 245822 2169
245821 245823 1714
245824 245823 2434
245824 245825 1670
245824 245833 1793
245815 245814 937
245815 245828 4634
245815 245829 4710
245815 245844 926
245842 245814 1177
245842 245841 373
245842 245843 1095
245842 245844 278
245817 245816 2181
245817 245818 604
245817 245827 788
245828 245815 4634
245828 245827 201
245828 245829 1007
246567 246566 750
246567 246568 1339
246567 246571 4261
246587 246571 749
246587 246588 1900
246587 246590 2120
246587 246591 1583
246592 246591 847
246597 246596 1809
246598 246596 275
246598 246599 1425
246598 246600 675
245689 245688 2685
245689 245816 926
245689 245821 1575
245822 245821 2169
245822 245832 504
245825 245824 1670
245825 245832 511
245833 245824 1793
245833 245831 3948
245833 245834 1179
245833 245835 1356
245829 245815 4710
245829 245828 1007
245829 245830 825
245844 245815 926
245844 245842 278
245844 245845 278
245844 245852 835
245841 245840 336
245841 245842 373
245843 245842 1095
245843 245848 685
245816 245689 926
245816 245810 1373
245816 245817 2181
245818 245817 604
246568 246567 1339
246568 246569 1621
246568 246572 1336
246568 246573 2016
246568 246588 2554
246571 246567 4261
246571 246587 749
246588 246568 2554
246588 246587 1900
246588 246589 1942
246590 246587 2120
246590 246589 1532
246590 246599 1065
246599 246590 1065
246599 246598 1425
246599 246601 1350
246600 246598 675
246600 246602 949
246600 246691 2779
245688 245689 2685
245832 245822 504
245832 245825 511
245832 245826 1343
245831 245830 1559
245831 245833 3948
245831 245875 1065
245834 245833 1179
245834 245836 1729
245834 245837 1113
245834 245875 2985
245835 245833 1356
245835 245836 1100
245835 246692 536
245830 245811 2249
245830 245829 825
245830 245831 1559
245830 245857 3568
245845 245844 278
245845 245846 805
245845 245849 835
245852 245844 835
245852 245846 557
245852 245853 1905
245840 245839 373
245840 245841 336
245848 245794 1900
245848 245843 685
245848 245847 610
245810 245811 394
245810 245816 1373
246569 246568 1621
246569 246570 1077
246572 246568 1336
246572 246570 562
246572 246574 2969
246573 246568 2016
246573 246589 2416
246573 246604 1479
246589 246573 2416
246589 246588 1942
246589 246590 1532
246589 246593 1424
246601 246593 2554
246601 246599 1350
246601 246602 1437
246601 246603 949
246602 246600 949
246602 246601 1437
246602 246692 3382
246602 246693 536
246691 246600 2779
245826 245811 398
245826 245832 1343
245875 245831 1065
245875 245834 2985
245875 245876 1559
245875 245881 1222
245836 245834 1729
245836 245835 1100
245836 246696 2299
245836 246701 949
245837 245834 1113
245837 245894 1277
245837 246701 2043
246692 245835 536
246692 246602 3382
246692 246693 3459
245811 245810 394
245811 245826 398
245811 245830 2249
245857 245830 3568
245857 245853 788
245857 245858 736
245846 245845 805
245846 245850 1007
245846 245852 557
245846 245854 1077
245849 245845 835
245849 245847 418
245849 245850 1024
245853 245852 1905
245853 245856 671
245853 245857 788
245853 245858 1124
245839 245808 926
245839 245840 373
245794 245787 445
245794 245793 611
245794 245848 1900
245847 245848 610
245847 245849 418
245847 245859 1012
246570 246569 1077
246570 246572 562
246570 246576 2347
246570 246577 1607
246574 246572 2969
246574 246604 924
246574 246605 1225
246604 246573 1479
246604 246574 924
246604 246593 2514
246604 246610 1811
246593 246589 1424
246593 246601 2554
246593 246604 2514
246593 246609 949
246603 246601 949
246603 246609 2554
246603 246695 903
246693 246602 536
246693 246692 3459
246693 246694 1224
245876 245875 1559
245876 245877 649
245876 245877 649
245881 245875 1222
245881 245882 983
245881 245883 1479
246696 245836 2299
246696 246694 1833
246696 246697 1827
246701 245836 949
246701 245837 2043
246701 246705 749
245894 245837 1277
245894 245883 1810
245894 245895 1272
245894 246720 2043
245858 245853 1124
245858 245857 736
245858 245878 373
245850 245846 1007
245850 245849 1024
245850 245851 1071
245850 245859 950
245854 245846 1077
245854 245855 788
245854 245864 736
245856 245853 671
245856 245855 736
245856 245864 788
245856 245867 675
245808 245742 1387
245808 245809 1345
245808 245839 926
245787 245786 671
245787 245793 419
245787 245794 445
245793 245787 419
245793 245794 611
245793 245795 888
245859 245796 2975
245859 245847 1012
245859 245850 950
246576 246570 2347
246576 246578 946
246576 246579 2717
246577 246570 1607
246577 246578 2169
246577 246605 1681
246577 246607 1540
246605 246574 1225
246605 246577 1681
246605 246607 884
246610 246604 1811
246610 246608 2339
246610 246612 649
246610 246614 1443
246609 246593 949
246609 246603 2554
246609 246611 949
246695 246603 903
246695 246611 2651
246695 246698 937
246694 246693 1224
246694 246696 1833
246694 246697 949
245877 245876 649
245877 245876 649
245877 245878 2363
245882 245881 983
245883 245880 2376
245883 245881 1479
245883 245893 871
245883 245894 1810
246697 246694 949
246697 246696 1827
246697 246698 1394
246697 246704 805
246705 246701 749
246705 246720 597
246705 246720 597
245895 245893 1830
245895 245894 1272
245895 246721 1356
246720 245894 2043
246720 246705 597
246720 246705 597
245878 245858 373
245878 245877 2363
245878 245885 1120
245851 245850 1071
245851 245861 974
245851 245865 474
245855 245854 788
245855 245856 736
245864 245854 736
245864 245856 788
245864 245865 926
245867 245856 675
245867 245866 1714
245867 245869 1120
245742 245741 776
245742 245806 2013
245742 245808 1387
245809 245739 148
245809 245808 1345
245786 245784 373
245786 245787 671
245795 245793 888
245795 245796 1272
245795 245800 418
245796 245795 1272
245796 245801 749
245796 245859 2975
246578 246576 946
246578 246577 2169
246578 246580 937
246579 246576 2717
246579 246617 3016
246579 246621 1221
246607 246577 1540
246607 246580 2140
246607 246605 884
246607 246608 1277
246608 246607 1277
246608 246610 2339
246608 246613 2924
246608 246615 2359
246608 246653 3024
246612 246610 649
246614 246610 1443
246614 246615 2113
246614 246699 2279
246614 246712 1221
246611 246609 949
246611 246695 2651
246611 246699 675
246698 246695 937
246698 246697 1394
246698 246699 2548
246698 246700 1177
245880 245879 1375
245880 245883 2376
245880 245886 1635
245880 245892 805
245893 245883 871
245893 245895 1830
245893 245896 1767
246704 246697 805
246704 246702 2986
246704 246707 825
246721 245895 1356
246721 246722 3287
246721 246723 1551
245885 245878 1120
245885 245879 2138
245885 245886 1419
245861 245851 974
245861 245860 2039
245861 245863 2553
245865 245851 474
245865 245864 926
245865 245866 675
245866 245865 675
245866 245867 1714
245866 245870 871
245869 245867 1120
245869 245868 805
245741 245738 1125
245741 245739 759
245741 245742 776
245806 245740 1082
245806 245742 2013
245806 245805 1227
245739 245736 2013
245739 245741 759
245739 245809 148
245739 245838 681
245784 245785 2987
245784 245786 373
245800 245795 418
245801 245796 749
245801 245799 888
245801 245802 1891
246580 246578 937
246580 246607 2140
246580 246613 1222
246580 246621 2039
246617 246579 3016
246617 246616 2123
246617 246620 1574
246621 246579 1221
246621 246580 2039
246621 246622 2642
246621 246623 1150
246613 246580 1222
246613 246608 2924
246613 246623 1671
246613 246653 473
246615 246608 2359
246615 246614 2113
246615 246654 4654
246615 246713 975
246653 246608 3024
246653 246613 473
246653 246651 1398
246699 246611 675
246699 246614 2279
246699 246698 2548
246699 246710 1409
246712 246614 1221
246712 246710 1848
246712 246715 847
246700 245656 1493
246700 246698 1177
246700 246710 2789
245879 245880 1375
245879 245885 2138
245886 245880 1635
245886 245885 1419
245886 245890 1138
245892 245880 805
245892 245891 926
245892 245896 713
245896 245892 713
245896 245893 1767
245896 245897 1608
246702 246703 825
246702 246704 2986
246707 246704 825
246707 246708 746
246707 246709 949
246722 246721 3287
246722 246724 688
246722 246726 1498
246723 246721 1551
246723 246730 418
246723 246732 1900
245860 245802 201
245860 245861 2039
245860 245862 1767
245863 245861 2553
245863 245862 983
245863 247614 536
245870 245866 871
245870 245868 2734
245870 245871 825
245868 245869 805
245868 245870 2734
245868 245873 876
245738 245722 658
245738 245736 502
245738 245741 1125
245740 245722 2118
245740 245805 2046
245740 245806 1082
245805 245740 2046
245805 245806 1227
245805 245807 543
245736 245720 1341
245736 245737 1076
245736 245738 502
245736 245739 2013
245838 245739 681
245838 245783 474
245785 245784 2987
245799 245801 888
245802 245801 1891
245802 245860 201
246616 246617 2123
246620 246617 1574
246620 246622 610
246622 246620 610
246622 246621 2642
246623 246613 1671
246623 246621 1150
246623 246651 1793
246654 246615 4654
246654 246651 1221
246713 246615 975
246713 246715 2043
246651 246623 1793
246651 246653 1398
246651 246654 1221
246710 246699 1409
246710 246700 2789
246710 246712 1848
246715 246712 847
246715 246713 2043
245656 246700 1493
245656 246709 983
245890 245886 1138
245890 245891 610
245891 245890 610
245891 245892 926
245897 245896 1608
246703 246702 825
246703 246708 2262
246708 246703 2262
246708 246707 746
246709 245656 983
246709 246707 949
246709 246724 1007
246724 246709 1007
246724 246722 688
246726 246722 1498
246726 246730 3012
246730 246723 418
246730 246726 3012
246732 246723 1900
245862 245860 1767
245862 245863 983
247614 245863 536
245871 245870 825
245873 245868 876
245722 245738 658
245722 245740 2118
245807 245805 543
245720 245736 1341
245737 245736 1076
245783 245838 474
65
246582
246566
246567
246568
246571
246588
246569
246572
246573
246589
246570
246574
246604
246593
246576
246577
246605
246610
246609
246578
246579
246607
246608
246612
246614
246611
246580
246617
246621
246613
246615
246653
246699
246712
245785
245799
245802
246616
246620
246622
246623
246654
246713
246651
246710
246715
245656
245890
245891
245897
246703
246708
246709
246724
246726
246730
246732
245862
247614
245871
245873
245722
245720
245737
245783
