26
226335 226336 1581
226336 226335 1581
226336 226337 1962
226337 226336 1962
226337 226652 983
226337 226656 1455
226652 226337 983
226652 226650 1086
226652 226653 1190
226652 226660 1596
226656 226337 1455
226650 226641 3068
226650 226643 3191
226650 226651 1579
226650 226652 1086
226653 226652 1190
226660 226652 1596
226641 226642 1035
226641 226643 1571
226641 226650 3068
226643 226641 1571
226643 226644 964
226643 226650 3191
226651 226650 1579
226642 226641 1035
226644 226643 964
13
226335
226336
226337
226652
226656
226650
226653
226660
226641
226643
226651
226642
226644
