560
156867 156868 782
156867 156884 3934
156867 156902 1494
156868 156867 782
156868 156869 1114
156868 156904 1432
156884 156867 3934
156884 156897 674
156902 156867 1494
156902 156897 2623
156902 156901 683
156869 156868 1114
156904 156868 1432
156904 156903 672
156904 156959 893
156904 156963 710
156897 156884 674
156897 156896 683
156897 156902 2623
156901 156896 2623
156901 156900 667
156901 156902 683
156903 156900 893
156903 156904 672
156903 160391 1854
156959 156904 893
156959 156962 2335
156963 156904 710
156963 156961 1000
156963 160392 1268
156896 156897 683
156896 156901 2623
156900 156899 3019
156900 156901 667
156900 156903 893
160391 156903 1854
160391 160382 1483
160391 160392 893
156962 156959 2335
156962 156961 2496
156962 156965 924
156961 156962 2496
156961 156963 1000
156961 160460 850
160392 156963 1268
160392 160391 893
160392 160393 674
156899 156898 848
156899 156900 3019
156899 160382 2227
160382 156899 2227
160382 160381 674
160382 160391 1483
156965 156962 924
156965 156970 1494
156965 160461 828
160460 156961 850
160460 160459 2866
160460 160463 1467
160393 160392 674
160393 160394 889
160393 160400 1600
156898 156899 848
156898 160376 1145
160381 160380 445
160381 160382 674
160381 160394 1505
156970 156965 1494
156970 160461 1669
160461 156965 828
160461 156970 1669
160461 160462 517
160459 160400 905
160459 160460 2866
160459 160465 893
160463 160460 1467
160463 160464 924
160463 160466 850
160394 160381 1505
160394 160393 889
160394 160398 1352
160400 160393 1600
160400 160399 674
160400 160459 905
160376 156898 1145
160376 160375 713
160376 160383 1140
160376 160388 2805
160380 160381 445
160380 160383 796
160380 160395 2284
160462 160461 517
160462 160464 688
160462 160472 421
160465 160459 893
160465 160466 2483
160465 160468 1827
160464 160462 688
160464 160463 924
160464 160467 2529
160466 160463 850
160466 160465 2483
160466 160467 2049
160398 160394 1352
160398 160395 556
160398 160397 953
160399 160397 1000
160399 160400 674
160399 160441 2560
160375 160361 790
160375 160376 713
160375 160379 436
160383 160376 1140
160383 160380 796
160383 160390 2317
160388 160376 2805
160388 160387 871
160388 160390 796
160395 160380 2284
160395 160390 1810
160395 160398 556
160472 160462 421
160472 160471 2889
160472 160473 1101
160468 160465 1827
160468 160467 333
160468 160469 782
160467 160464 2529
160467 160466 2049
160467 160468 333
160397 160396 445
160397 160398 953
160397 160399 1000
160441 160399 2560
160441 160440 600
160441 160470 1467
160361 160360 766
160361 160362 889
160361 160375 790
160379 160375 436
160379 160378 667
160390 160383 2317
160390 160388 796
160390 160395 1810
160387 160356 1576
160387 160388 871
160387 160396 2262
160471 160472 2889
160471 160477 1470
160471 160480 1683
160473 160469 790
160473 160472 1101
160473 160475 2496
160469 160468 782
160469 160470 1988
160469 160473 790
160469 160478 667
160396 160387 2262
160396 160397 445
160396 160410 766
160440 160439 782
160440 160441 600
160440 160482 3782
160440 160517 766
160470 160441 1467
160470 160469 1988
160470 160484 713
160360 160358 1114
160360 160361 766
160360 160389 766
160362 160361 889
160362 160363 667
160362 160378 1184
160378 160362 1184
160378 160377 893
160378 160379 667
160356 160355 2481
160356 160357 1264
160356 160387 1576
160356 160411 683
160477 160471 1470
160477 160476 344
160477 160480 796
160480 160471 1683
160480 160477 796
160475 160473 2496
160475 160476 344
160475 160479 796
160478 160469 667
160478 160479 782
160478 160484 2235
160410 160396 766
160410 160408 767
160410 160442 2347
160439 160440 782
160439 160442 818
160439 160514 2621
160482 160440 3782
160482 160481 600
160482 160520 1471
160517 160440 766
160517 160515 850
160517 160519 3068
160484 160470 713
160484 160478 2235
160484 160483 951
160358 160357 1115
160358 160359 445
160358 160360 1114
160389 160357 333
160389 160360 766
160363 160362 667
160363 160364 562
160363 160377 1307
160377 160363 1307
160377 160371 667
160377 160378 893
160355 160356 2481
160355 160386 766
160357 160356 1264
160357 160358 1115
160357 160389 333
160411 160356 683
160411 160412 3083
160411 160432 562
160476 160475 344
160476 160477 344
160476 160491 953
160479 160475 796
160479 160478 782
160479 160485 1264
160408 160407 1447
160408 160409 505
160408 160410 767
160442 160410 2347
160442 160439 818
160442 160513 766
160514 160439 2621
160514 160513 2210
160514 160518 850
160481 160482 600
160481 160483 672
160481 160493 1612
160520 160482 1471
160520 160501 889
160520 160519 782
160515 160516 1866
160515 160517 850
160515 160533 796
160519 160517 3068
160519 160520 782
160519 160529 1184
160519 160533 2063
160483 160481 672
160483 160484 951
160483 160485 1388
160359 160358 445
160364 160363 562
160364 160365 337
160364 160366 344
160371 160366 1268
160371 160377 667
160386 160355 766
160386 160385 1675
160386 160428 1161
160412 160401 1419
160412 160411 3083
160412 160436 893
160432 160411 562
160432 160428 782
160432 160435 766
160491 160476 953
160485 160479 1264
160485 160483 1388
160485 160492 333
160407 160406 3124
160407 160408 1447
160407 160513 905
160409 160408 505
160513 160407 905
160513 160442 766
160513 160514 2210
160518 160514 850
160518 160516 672
160518 160521 782
160493 160481 1612
160493 160501 1949
160501 160493 1949
160501 160520 889
160516 160515 1866
160516 160518 672
160516 160537 782
160533 160515 796
160533 160519 2063
160533 160537 1783
160529 160519 1184
160529 160530 333
160529 160531 3644
160529 160538 893
160365 160364 337
160366 160364 344
160366 160371 1268
160385 160386 1675
160385 160425 2024
160428 160386 1161
160428 160427 850
160428 160432 782
160401 160402 672
160401 160412 1419
160401 160438 445
160436 160412 893
160436 160433 581
160436 160435 2208
160435 160432 766
160435 160433 2215
160435 160436 2208
160492 160485 333
160406 160405 421
160406 160407 3124
160406 160521 893
160521 160406 893
160521 160518 782
160521 160535 674
160537 160516 782
160537 160533 1783
160537 160536 562
160530 160529 333
160531 160458 2590
160531 160529 3644
160531 160532 790
160531 160534 766
160538 160529 893
160538 160534 2337
160538 160536 672
160425 160385 2024
160425 160422 581
160425 160426 782
160427 160426 2562
160427 160428 850
160427 160430 790
160402 160401 672
160402 160403 688
160402 160451 1035
160438 160401 445
160438 160437 2153
160438 160444 953
160433 160434 1010
160433 160435 2215
160433 160436 581
160405 160404 778
160405 160406 421
160405 160458 1604
160535 160521 674
160535 160534 1994
160535 160536 2798
160536 160535 2798
160536 160537 562
160536 160538 672
160458 160405 1604
160458 160457 766
160458 160531 2590
160532 160522 778
160532 160531 790
160532 160602 688
160532 160610 2025
160534 160531 766
160534 160535 1994
160534 160538 2337
160422 160420 1516
160422 160423 766
160422 160425 581
160426 160425 782
160426 160427 2562
160426 160429 782
160430 160427 790
160430 160429 1631
160430 160434 2033
160403 160402 688
160403 160404 782
160403 160452 1348
160451 160402 1035
160451 160450 1853
160451 160452 905
160437 160416 893
160437 160438 2153
160437 160443 790
160444 160438 953
160444 160443 1686
160444 160449 2070
160434 160430 2033
160434 160431 688
160434 160433 1010
160404 160403 782
160404 160405 778
160404 160452 1630
160457 160456 1695
160457 160458 766
160457 160602 1576
160522 160523 782
160522 160532 778
160522 160622 2106
160602 160457 1576
160602 160532 688
160602 160601 674
160610 160532 2025
160610 160611 517
160610 160622 893
160420 160419 796
160420 160421 452
160420 160422 1516
160423 160422 766
160423 160424 452
160429 160426 782
160429 160430 1631
160429 160431 1746
160452 160403 1348
160452 160404 1630
160452 160451 905
160450 160449 688
160450 160451 1853
160450 160453 1470
160416 160415 688
160416 160417 709
160416 160437 893
160443 160437 790
160443 160444 1686
160443 160447 2234
160449 160444 2070
160449 160450 688
160449 160591 939
160449 160594 2341
160431 160417 445
160431 160429 1746
160431 160434 688
160456 160455 933
160456 160457 1695
160456 160601 3122
160523 160522 782
160523 160524 667
160523 160623 2152
160622 160522 2106
160622 160610 893
160622 160623 1225
160601 160456 3122
160601 160600 927
160601 160602 674
160611 160600 1182
160611 160610 517
160611 160614 683
160419 160418 1454
160419 160418 1454
160419 160420 796
160421 160420 452
160424 160423 452
160453 160450 1470
160453 160454 796
160453 160595 871
160415 160414 782
160415 160416 688
160415 160448 709
160417 160416 709
160417 160418 452
160417 160431 445
160447 160443 2234
160447 160446 933
160447 160591 781
160591 160447 781
160591 160449 939
160591 160592 2247
160594 160449 2341
160594 160592 795
160594 160595 688
160594 160605 1742
160455 160454 436
160455 160456 933
160455 160599 796
160524 160523 667
160524 160525 2903
160623 160523 2152
160623 160622 1225
160623 160635 436
160600 160598 1268
160600 160601 927
160600 160611 1182
160614 160597 1375
160614 160611 683
160418 160417 452
160418 160419 1454
160418 160419 1454
160454 160453 796
160454 160455 436
160454 160608 3212
160595 160453 871
160595 160594 688
160595 160606 2724
160414 160413 1796
160414 160415 782
160414 160578 709
160448 160415 709
160448 160445 3114
160448 160589 2285
160446 160445 893
160446 160447 933
160446 160593 953
160592 160591 2247
160592 160593 1108
160592 160594 795
160605 160594 1742
160605 160604 1902
160605 160606 828
160599 160455 796
160599 160596 3130
160599 160598 1004
160525 160524 2903
160635 160623 436
160598 160597 2483
160598 160599 1004
160598 160600 1268
160597 160596 837
160597 160598 2483
160597 160614 1375
160608 160454 3212
160608 160596 948
160608 160607 871
160606 160595 2724
160606 160605 828
160606 160609 436
160413 160414 1796
160413 160577 766
160578 160414 709
160578 160577 1919
160578 160587 766
160445 160446 893
160445 160448 3114
160445 160590 1454
160589 160448 2285
160589 160588 766
160589 160590 758
160593 160446 953
160593 160581 2779
160593 160592 1108
160593 160604 600
160604 160593 600
160604 160603 796
160604 160605 1902
160596 160597 837
160596 160599 3130
160596 160608 948
160607 160608 871
160609 160606 436
160577 160413 766
160577 160578 1919
160587 160578 766
160587 160588 752
160590 160445 1454
160590 160589 758
160588 160587 752
160588 160589 766
160581 160593 2779
160603 160604 796
182
156884
156869
156897
156959
156896
156962
156961
156965
160460
156898
156970
160461
160459
160463
160400
160376
160462
160465
160464
160466
160399
160375
160383
160388
160472
160468
160467
160397
160441
160361
160379
160390
160387
160471
160473
160469
160396
160440
160470
160360
160362
160378
160356
160477
160480
160475
160478
160410
160439
160482
160517
160484
160358
160389
160363
160377
160355
160357
160411
160476
160479
160408
160442
160514
160481
160520
160515
160519
160483
160359
160364
160371
160386
160412
160432
160491
160485
160407
160409
160513
160518
160493
160501
160516
160533
160529
160365
160366
160385
160428
160401
160436
160435
160492
160406
160521
160537
160530
160531
160538
160425
160427
160402
160438
160433
160405
160535
160536
160458
160532
160534
160422
160426
160430
160403
160451
160437
160444
160434
160404
160457
160522
160602
160610
160420
160423
160429
160452
160450
160416
160443
160449
160431
160456
160523
160622
160601
160611
160419
160421
160424
160453
160415
160417
160447
160591
160594
160455
160524
160623
160600
160614
160418
160454
160595
160414
160448
160446
160592
160605
160599
160525
160635
160598
160597
160608
160606
160413
160578
160445
160589
160593
160604
160596
160607
160609
160577
160587
160590
160588
160581
160603
