596
139776 139777 1534
139776 143636 1084
139777 139776 1534
139777 143645 770
139777 143651 2717
139777 143652 893
143636 139776 1084
143636 143607 2556
143636 143638 758
143636 143639 827
143645 139777 770
143645 143641 574
143645 143646 2624
143645 149521 1402
143651 139777 2717
143651 143646 771
143651 143653 825
143651 143692 2744
143652 139777 893
143652 143653 2635
143652 143855 980
143652 151748 1424
143607 143606 3040
143607 143609 744
143607 143634 825
143607 143636 2556
143638 143630 735
143638 143636 758
143638 143637 899
143638 143640 958
143639 143609 2603
143639 143636 827
143639 143647 943
143639 143850 1068
143641 143642 667
143641 143643 212
143641 143645 574
143646 143644 848
143646 143645 2624
143646 143651 771
143646 143691 2738
149521 143645 1402
143653 143651 825
143653 143652 2635
143653 143856 1077
143653 144148 2668
143692 143651 2744
143692 143691 807
143692 144148 819
143692 148364 2576
143855 143652 980
143855 143852 1565
143855 143856 2612
143855 143858 885
151748 143652 1424
143606 143598 943
143606 143602 1730
143606 143603 808
143606 143607 3040
143609 143603 3278
143609 143607 744
143609 143611 1176
143609 143639 2603
143634 143607 825
143634 143608 866
143634 143618 1276
143634 143635 908
143630 143628 448
143630 143631 1195
143630 143638 735
143637 143635 795
143637 143638 899
143637 146966 1083
143640 143638 958
143647 143639 943
143850 143611 2591
143850 143639 1068
143850 143852 1124
143850 143853 593
143642 143641 667
143643 143632 300
143643 143641 212
143643 143644 2560
143644 143643 2560
143644 143646 848
143644 143688 214
143644 143690 2780
143691 143646 2738
143691 143690 819
143691 143692 807
143691 148363 2591
143856 143653 1077
143856 143855 2612
143856 143867 846
143856 144147 2697
144148 143653 2668
144148 143692 819
144148 144147 1016
144148 148502 2637
148364 143692 2576
148364 148363 827
148364 148502 735
148364 148514 884
143852 143850 1124
143852 143855 1565
143858 143855 885
143858 143857 1237
143858 143866 771
143858 143867 2624
143598 143591 1710
143598 143597 896
143598 143600 752
143598 143606 943
143602 143524 1750
143602 143591 936
143602 143601 898
143602 143606 1730
143603 143601 1892
143603 143605 1256
143603 143606 808
143603 143609 3278
143611 143609 1176
143611 143610 2603
143611 143832 815
143611 143850 2591
143608 143600 1042
143608 143634 866
143608 151663 1124
143618 143613 1101
143618 143634 1276
143635 143634 908
143635 143637 795
143635 146965 1118
143628 143626 474
143628 143630 448
143631 143630 1195
146966 143637 1083
143853 143850 593
143853 143851 519
143853 151781 1973
143632 143629 522
143632 143643 300
143688 143633 581
143688 143644 214
143690 143644 2780
143690 143691 819
143690 148361 289
148363 143691 2591
148363 148364 827
148363 148384 1054
148363 148398 522
143867 143856 846
143867 143858 2624
143867 143868 765
143867 144149 2733
144147 143856 2697
144147 144148 1016
144147 144149 841
144147 148504 2627
148502 144148 2637
148502 148364 735
148502 148503 2705
148502 148504 1073
148514 148364 884
148514 148401 995
143857 143858 1237
143866 143858 771
143866 143865 1290
143866 143868 2549
143866 143881 794
143591 143589 1745
143591 143590 842
143591 143598 1710
143591 143602 936
143597 143590 1778
143597 143598 896
143597 143599 595
143600 143598 752
143600 143608 1042
143600 151808 1212
143524 143513 2322
143524 143525 799
143524 143589 892
143524 143602 1750
143601 143525 1667
143601 143602 898
143601 143603 1892
143601 143604 1192
143605 143603 1256
143605 143604 1628
143605 143610 1273
143605 143826 892
143610 143605 1273
143610 143611 2603
143610 143831 831
143832 143611 815
143832 143831 2583
143832 143833 810
143832 143851 2241
151663 143608 1124
143613 143575 823
143613 143612 899
143613 143614 825
143613 143618 1101
146965 143635 1118
143626 143616 741
143626 143627 1213
143626 143628 474
143851 143832 2241
143851 143853 519
143851 143854 745
151781 143853 1973
143629 143624 783
143629 143627 1466
143629 143632 522
143629 143633 2656
143633 143625 756
143633 143629 2656
143633 143688 581
143633 143689 2741
148361 143689 520
148361 143690 289
148384 148362 569
148384 148363 1054
148398 148363 522
148398 148399 394
143868 143866 2549
143868 143867 765
143868 143886 785
143868 144150 2733
144149 143867 2733
144149 144147 841
144149 144150 765
144149 148505 2609
148504 144147 2627
148504 148502 1073
148504 148505 844
148504 148506 2708
148503 148502 2705
148503 148506 1092
148503 148520 483
148503 148521 614
148401 148396 985
148401 148399 1214
148401 148514 995
148401 148517 804
143865 143866 1290
143881 143866 794
143881 143880 1168
143881 143885 882
143881 143886 2621
143589 143512 2319
143589 143524 892
143589 143586 979
143589 143591 1745
143590 143586 1745
143590 143591 842
143590 143596 461
143590 143597 1778
143599 143592 256
143599 143597 595
151808 143600 1212
143513 143508 2157
143513 143512 992
143513 143523 810
143513 143524 2322
143525 143523 2282
143525 143524 799
143525 143528 1233
143525 143601 1667
143604 143528 1758
143604 143601 1192
143604 143605 1628
143604 143824 1018
143826 143605 892
143826 143824 1708
143826 143825 876
143826 143831 1608
143831 143610 831
143831 143826 1608
143831 143827 791
143831 143832 2583
143833 143827 2586
143833 143832 810
143833 143834 773
143833 143854 2064
143575 143553 1151
143575 143574 751
143575 143578 2483
143575 143613 823
143612 143594 609
143612 143613 899
143612 143617 934
143614 143613 825
143614 143615 823
143614 143619 918
143616 143578 877
143616 143615 960
143616 143622 1197
143616 143626 741
143627 143626 1213
143627 143629 1466
143854 143833 2064
143854 143851 745
143854 143871 889
143624 139959 828
143624 143622 1514
143624 143625 2604
143624 143629 783
143625 143623 813
143625 143624 2604
143625 143633 756
143625 148357 2722
143689 143633 2741
143689 148357 752
143689 148361 520
143689 148362 2572
148362 143689 2572
148362 148360 744
148362 148384 569
148362 148385 1333
148399 148398 394
148399 148400 831
148399 148401 1214
143886 143868 785
143886 143881 2621
143886 143891 924
143886 144151 2677
144150 143868 2733
144150 144149 765
144150 144151 774
144150 148507 2686
148505 144149 2609
148505 148504 844
148505 148507 789
148505 148509 2681
148506 148503 1092
148506 148504 2708
148506 148509 791
148506 148523 1975
148520 148503 483
148520 148517 293
148520 148521 776
148521 148503 614
148521 148520 776
148521 148522 2073
148521 148523 1692
148396 148397 209
148396 148400 794
148396 148401 985
148517 148397 766
148517 148401 804
148517 148518 304
148517 148520 293
143880 143881 1168
143885 143881 882
143885 143884 1348
143885 143890 854
143885 143891 2590
143512 143507 2211
143512 143511 924
143512 143513 992
143512 143589 2319
143586 143511 2290
143586 143588 543
143586 143589 979
143586 143590 1745
143596 143590 461
143596 143593 146
143596 151887 1515
143592 143587 1685
143592 143594 957
143592 143595 513
143592 143599 256
143508 143481 2450
143508 143507 845
143508 143513 2157
143508 143515 842
143523 143513 810
143523 143515 2151
143523 143525 2282
143523 143526 1181
143528 143525 1233
143528 143526 2407
143528 143527 962
143528 143604 1758
143824 143527 1748
143824 143604 1018
143824 143741 719
143824 143826 1708
143825 143741 1633
143825 143826 876
143825 143827 2016
143825 143829 877
143827 143825 2016
143827 143830 791
143827 143831 791
143827 143833 2586
143834 143830 2583
143834 143833 773
143834 143843 944
143834 143869 1462
143553 143550 1761
143553 143552 784
143553 143575 1151
143553 143594 931
143574 143552 855
143574 143575 751
143574 143576 408
143574 143577 2489
143578 143575 2483
143578 143577 679
143578 143616 877
143578 143621 978
143594 143551 1742
143594 143553 931
143594 143592 957
143594 143612 609
143617 143612 934
143615 143614 823
143615 143616 960
143615 143620 1045
143619 143614 918
143622 143616 1197
143622 143624 1514
143871 143854 889
143871 143869 431
143871 143872 568
139959 139914 769
139959 139958 1297
139959 143623 2624
139959 143624 828
143623 139959 2624
143623 143583 807
143623 143625 813
143623 148356 2770
148357 143625 2722
148357 143689 752
148357 148356 876
148357 148360 2629
148360 148357 2629
148360 148358 828
148360 148362 744
148360 148372 1533
148385 148362 1333
148385 148372 808
148385 148386 335
148400 148395 761
148400 148396 794
148400 148399 831
143891 143885 2590
143891 143886 924
143891 143892 861
143891 144152 2708
144151 143886 2677
144151 144150 774
144151 144152 882
144151 148508 2644
148507 144150 2686
148507 148505 789
148507 148508 744
148507 148510 2663
148509 148505 2681
148509 148506 791
148509 148510 792
148509 148528 2760
148523 148506 1975
148523 148521 1692
148523 148531 729
148522 148521 2073
148522 148525 801
148522 148527 3015
148522 148531 1070
148397 148396 209
148397 148403 797
148397 148408 420
148397 148517 766
148518 148517 304
148518 148525 2470
143884 143885 1348
143890 143885 854
143890 143887 1582
143890 143892 2666
143890 143927 810
143507 143477 2786
143507 143506 964
143507 143508 845
143507 143512 2211
143511 143506 2197
143511 143512 924
143511 143584 490
143511 143586 2290
143588 143585 278
143588 143586 543
143593 143587 282
143593 143596 146
151887 143596 1515
143587 143551 943
143587 143585 1773
143587 143592 1685
143587 143593 282
143595 143592 513
143481 143477 924
143481 143478 2803
143481 143482 720
143481 143508 2450
143515 143482 2143
143515 143508 842
143515 143516 1200
143515 143523 2151
143526 143516 1991
143526 143522 987
143526 143523 1181
143526 143528 2407
143527 143522 2324
143527 143528 962
143527 143740 802
143527 143824 1748
143741 143740 1714
143741 143824 719
143741 143825 1633
143829 143825 877
143829 143830 2365
143830 143827 791
143830 143829 2365
143830 143834 2583
143843 143834 944
143869 143834 1462
143869 143871 431
143869 143872 405
143550 143551 921
143550 143553 1761
143552 143553 784
143552 143574 855
143576 143574 408
143577 143574 2489
143577 143578 679
143621 143578 978
143551 143550 921
143551 143587 943
143551 143594 1742
143620 143615 1045
143872 143869 405
143872 143871 568
139914 139959 769
139914 143583 2637
139958 139959 1297
143583 139914 2637
143583 143623 807
148356 143623 2770
148356 148357 876
148356 148358 2563
148358 148356 2563
148358 148360 828
148372 148360 1533
148372 148385 808
148386 148385 335
148395 148400 761
148395 148403 844
143892 143890 2666
143892 143891 861
144152 143891 2708
144152 144151 882
148508 144151 2644
148508 148507 744
148510 148507 2663
148510 148509 792
148528 148509 2760
148528 148531 805
148531 148522 1070
148531 148523 729
148531 148528 805
148525 148518 2470
148525 148522 801
148527 148522 3015
148403 148395 844
148403 148397 797
148408 148397 420
143887 143890 1582
143927 143890 810
143477 143481 924
143477 143507 2786
143506 143507 964
143506 143511 2197
143584 143511 490
143585 143587 1773
143585 143588 278
143478 143481 2803
143482 143481 720
143482 143515 2143
143516 143515 1200
143516 143526 1991
143522 143526 987
143522 143527 2324
143740 143527 802
143740 143741 1714
37
143741
143829
143830
143843
143550
143552
143576
143577
143551
143872
139914
143583
148356
148358
148372
148395
143892
144152
148508
148510
148528
148531
148525
148527
148403
148408
143887
143927
143477
143506
143584
143585
143478
143482
143516
143522
143740
