490
240277 240278 195
240277 241351 330
240277 241432 3
240277 241433 442
240278 240277 195
240278 241431 627
241351 240277 330
241351 241350 1939
241351 241433 645
241432 240277 3
241433 240277 442
241433 241351 645
241433 241430 776
241431 240278 627
241431 241358 1024
241431 241440 344
241350 241349 458
241350 241351 1939
241350 241357 795
241430 241427 544
241430 241433 776
241430 241434 1021
241358 241357 703
241358 241431 1024
241358 241438 833
241440 241431 344
241349 241348 573
241349 241350 458
241349 241426 278
241357 241350 795
241357 241356 248
241357 241358 703
241427 241387 2206
241427 241426 1881
241427 241430 544
241434 241413 474
241434 241421 846
241434 241430 1021
241438 241358 833
241438 241367 832
241438 241439 854
241348 241349 573
241348 244914 658
241426 241349 278
241426 241388 960
241426 241427 1881
241356 241355 919
241356 241357 248
241356 241366 1567
241387 241380 766
241387 241388 1280
241387 241427 2206
241413 241412 618
241413 241421 436
241413 241434 474
241421 241390 1218
241421 241413 436
241421 241422 610
241421 241434 846
241367 241366 931
241367 241438 832
241367 241442 1588
241367 241443 1361
241439 241438 854
241439 241441 610
244914 241348 658
244914 241352 398
244914 261509 1103
241388 241386 729
241388 241387 1280
241388 241426 960
241355 241354 789
241355 241356 919
241355 241365 896
241366 241356 1567
241366 241367 931
241366 241368 2621
241380 241379 1656
241380 241386 1044
241380 241387 766
241412 241413 618
241412 241418 458
241412 241422 28
241412 241423 1021
241390 241384 902
241390 241421 1218
241390 241428 688
241422 241412 28
241422 241421 610
241422 241423 1031
241422 241429 360
241442 241367 1588
241442 241441 604
241442 241445 1434
241442 241446 2336
241443 241367 1361
241443 241445 1500
241443 245145 2171
241441 241439 610
241441 241442 604
241441 241444 1767
241352 241346 930
241352 241353 691
241352 244914 398
261509 244914 1103
241386 241317 998
241386 241380 1044
241386 241388 729
241354 241353 642
241354 241355 789
241365 241355 896
241365 241364 643
241368 241366 2621
241368 245099 1722
241368 245100 842
241379 241317 519
241379 241375 1030
241379 241380 1656
241418 241412 458
241423 241412 1021
241423 241422 1031
241423 241436 1187
241384 241374 1030
241384 241389 2894
241384 241390 902
241428 241390 688
241428 241397 2002
241428 241429 1030
241429 241400 3691
241429 241422 360
241429 241428 1030
241445 241442 1434
241445 241443 1500
241445 245146 2561
241446 241442 2336
241446 245147 344
245145 241443 2171
245145 245112 1040
241444 241441 1767
241346 241352 930
241346 241363 2310
241353 241352 691
241353 241354 642
241353 241364 1624
241317 241379 519
241317 241386 998
241364 241353 1624
241364 241363 921
241364 241365 643
245099 241368 1722
245100 241368 842
245100 245097 1694
245100 245112 724
241375 241373 373
241375 241379 1030
241436 241423 1187
241436 241437 1932
241436 241451 3143
241374 241373 1816
241374 241383 667
241374 241384 1030
241389 241384 2894
241389 241394 755
241389 241397 763
241397 241389 763
241397 241398 1161
241397 241428 2002
241400 241398 1272
241400 241399 1443
241400 241429 3691
241400 241435 475
245146 241445 2561
245147 241446 344
245112 245100 724
245112 245108 2718
245112 245145 1040
241363 241346 2310
241363 241364 921
241363 245095 5075
245097 245098 685
245097 245100 1694
245097 245106 1013
241373 241372 353
241373 241374 1816
241373 241375 373
241437 241435 275
241437 241436 1932
241437 241453 1778
241437 241464 1845
241451 241436 3143
241383 241374 667
241383 241381 1004
241383 241385 515
241394 241389 755
241394 241391 778
241394 241395 1889
241398 241397 1161
241398 241399 1084
241398 241400 1272
241399 241398 1084
241399 241400 1443
241399 241419 562
241435 241400 475
241435 241437 275
241435 241452 587
245108 245106 777
245108 245109 503
245108 245112 2718
245095 241363 5075
245095 245096 1332
245095 245103 559
245098 245096 549
245098 245097 685
245106 245097 1013
245106 245105 2280
245106 245108 777
241372 241371 201
241372 241373 353
241453 241437 1778
241453 241452 1866
241453 241457 3011
241464 241437 1845
241464 241465 3671
241464 241466 1720
241381 241382 680
241381 241383 1004
241381 241391 667
241385 241383 515
241391 241381 667
241391 241392 503
241391 241394 778
241395 241394 1889
241395 241396 893
241419 241396 587
241419 241399 562
241419 241420 1853
241419 241452 1140
241452 241419 1140
241452 241435 587
241452 241453 1866
245109 245107 2183
245109 245108 503
245096 245095 1332
245096 245098 549
245096 245104 1689
245103 245095 559
245103 245101 945
245103 245104 141
245105 245104 921
245105 245106 2280
245105 245107 697
241371 241372 201
241457 241453 3011
241465 241463 1694
241465 241463 1694
241465 241464 3671
241466 241464 1720
241466 264099 1396
241382 241381 680
241392 241391 503
241396 241395 893
241396 241419 587
241420 241419 1853
241420 246781 868
245107 245105 697
245107 245109 2183
245107 245114 2455
245104 245096 1689
245104 245103 141
245104 245105 921
245101 245092 2039
245101 245102 1031
245101 245103 945
241463 241462 1531
241463 241465 1694
241463 241465 1694
264099 241466 1396
264099 261256 2843
264099 264305 1911
246781 241420 868
245114 245107 2455
245114 245115 6672
245114 245136 880
245114 261250 2359
245092 245093 1103
245092 245101 2039
245092 245102 1612
245102 245092 1612
245102 245101 1031
241462 241461 2347
241462 241461 2347
241462 241463 1531
261256 261257 108
261256 264099 2843
264305 264099 1911
245115 245114 6672
245115 245118 844
245136 245114 880
245136 245137 1704
245136 245138 405
261250 245114 2359
261250 261252 5304
245093 245092 1103
241461 241462 2347
241461 241462 2347
241461 242228 750
261257 241449 136
261257 261256 108
261257 262306 850
245118 244808 1732
245118 245115 844
245137 245136 1704
245138 245136 405
245138 245139 1676
245138 245140 1130
261252 261250 5304
261252 261253 804
242228 241282 475
242228 241461 750
242228 242245 373
241449 241450 104
241449 245135 2468
241449 261255 862
241449 261257 136
262306 261257 850
244808 244809 1015
244808 244810 1209
244808 245118 1732
244808 245119 451
245139 245138 1676
245139 245143 792
245139 245144 900
245140 245138 1130
245140 245141 770
245140 245143 1775
261253 245135 1318
261253 261252 804
241282 241281 752
241282 242225 946
241282 242228 475
242245 242228 373
242245 242230 1027
242245 242246 1343
241450 241449 104
241450 245150 2161
241450 261258 251
245135 241449 2468
245135 261253 1318
261255 241449 862
261255 261254 1957
244809 244808 1015
244809 244814 725
244810 244808 1209
244810 244811 701
245119 244808 451
245119 245120 1170
245119 245182 1141
245143 245139 792
245143 245140 1775
245143 245142 738
245144 245139 900
245144 245216 2691
245141 245140 770
245141 245142 1907
245141 245207 743
241281 241282 752
241281 242223 1453
241281 242227 1067
242225 240286 1473
242225 241282 946
242230 242229 696
242230 242231 1006
242230 242245 1027
242246 242245 1343
242246 242247 536
242246 242248 1848
245150 241450 2161
245150 261251 139
261258 241450 251
261258 245160 230
261254 245151 7835
261254 261255 1957
244814 244809 725
244811 244810 701
244811 244969 361
245120 245119 1170
245120 245125 898
245120 245185 1376
245182 245119 1141
245182 245183 388
245142 245141 1907
245142 245143 738
245142 245208 697
245216 245144 2691
245216 245209 796
245216 245221 2205
245207 245141 743
245207 245196 1472
245207 245208 1949
242223 240286 580
242223 241281 1453
242223 242224 946
242227 241281 1067
242227 242224 335
240286 240285 626
240286 242196 1022
240286 242223 580
240286 242225 1473
242229 242230 696
242229 242231 1258
242229 242237 671
242231 242229 1258
242231 242230 1006
242231 251418 288
242247 242246 536
242248 242238 825
242248 242246 1848
242248 263394 1227
261251 245150 139
261251 245166 305
245160 245158 2173
245160 245166 2309
245160 261258 230
245151 242254 421
245151 261254 7835
244969 244811 361
244969 244970 4546
245125 245120 898
245125 245121 758
245125 245188 1663
245185 245120 1376
245185 245186 928
245183 245182 388
245208 245142 697
245208 245207 1949
245208 245209 793
245209 245196 2167
245209 245208 793
245209 245212 648
245209 245216 796
245221 245216 2205
245221 245220 762
245196 245195 2225
245196 245207 1472
245196 245209 2167
245196 245212 2089
245196 245213 1004
245196 245214 767
242224 241424 1392
242224 242223 946
242224 242227 335
240285 240286 626
242196 240286 1022
242196 242195 635
242196 242226 1272
242237 242222 876
242237 242229 671
242237 242238 1815
251418 242231 288
242238 242237 1815
242238 242239 1222
242238 242248 825
263394 242248 1227
263394 242250 183
263394 263395 142
245166 245160 2309
245166 245167 976
245166 261251 305
245158 245157 2014
245158 245160 2173
242254 245151 421
244970 244969 4546
245121 245125 758
245188 245125 1663
245186 245185 928
245212 245196 2089
245212 245209 648
245220 245221 762
245195 245196 2225
245213 245196 1004
245214 245196 767
241424 242224 1392
242195 242196 635
242226 242196 1272
242222 242237 876
242239 242238 1222
242250 263394 183
263395 263394 142
245167 245166 976
245157 245158 2014
42
241348
244914
241352
261509
241346
241353
241317
241364
241363
241373
245095
241372
241395
245096
245103
241371
241396
245104
245101
245092
245102
245093
245183
242196
245158
242254
244970
245121
245188
245186
245212
245220
245195
245214
241424
242195
242226
242222
242239
242250
245167
245157
