44
84432 84433 669
84432 91192 1030
79278 79279 2121
84404 84377 1443
84407 84376 344
84407 91458 1087
91455 91456 482
91455 91736 408
85172 85171 2786
85172 85173 1376
85172 85180 7794
85164 85165 1952
85164 85181 748
82738 82737 2335
82738 91331 1778
84619 84620 667
84619 84683 1041
84665 84680 1441
84685 84684 1000
84765 79279 1565
84433 84432 669
91192 84432 1030
79279 79278 2121
79279 84765 1565
84377 84376 177
84377 84404 1443
84376 84377 177
84376 84407 344
91458 84407 1087
91456 91455 482
91736 91455 408
85171 85172 2786
85173 85172 1376
85180 85172 7794
85165 85164 1952
85181 85164 748
82737 82738 2335
91331 82738 1778
84620 84619 667
84683 84619 1041
84680 84665 1441
84680 84684 581
84684 84680 581
84684 84685 1000
37
84432
79278
84404
84407
91455
85172
85164
82738
84619
84665
84685
84612
84601
84585
79271
84634
84641
84625
84598
84435
84765
84433
91192
79279
84377
84376
91458
91456
85171
85180
85165
85181
82737
84620
84683
84680
84684
