506
10483 10484 528
10483 10487 782
10483 10488 2400
10484 10483 528
10484 31747 2067
10484 35133 445
10487 10483 782
10487 10512 263
10488 10483 2400
10488 10531 495
10488 10532 688
31747 10484 2067
35133 10484 445
10512 10487 263
10512 10507 452
10512 10551 1858
10531 10488 495
10532 10488 688
10532 10534 736
10532 10551 299
10532 10556 1950
10507 10510 1510
10507 10512 452
10551 10512 1858
10551 10532 299
10551 10550 900
10534 10532 736
10534 10535 617
10534 10557 2071
10534 10558 417
10556 10532 1950
10556 10554 397
10556 10557 711
10510 10507 1510
10510 10511 1281
10550 10514 1289
10550 10551 900
10550 10553 1069
10535 10534 617
10557 10534 2071
10557 10556 711
10557 10567 1978
10557 22303 307
10558 10534 417
10558 10559 503
10554 10553 243
10554 10555 2377
10554 10556 397
10511 10510 1281
10511 10513 835
10511 10517 2995
10514 10513 1392
10514 10550 1289
10514 10553 731
10553 10514 731
10553 10550 1069
10553 10554 243
10567 10557 1978
10567 10564 274
10567 10568 371
22303 10557 307
10559 10558 503
10559 10561 2144
10555 10521 384
10555 10554 2377
10555 10562 346
10513 10511 835
10513 10514 1392
10513 10520 781
10517 10501 682
10517 10511 2995
10517 10519 784
10517 35162 2266
10564 10562 697
10564 10565 1998
10564 10567 274
10568 10560 420
10568 10567 371
10561 10559 2144
10561 10560 1870
10561 30954 647
10521 10520 642
10521 10522 2057
10521 10555 384
10562 10555 346
10562 10563 2011
10562 10564 697
10520 10513 781
10520 10519 2227
10520 10521 642
10501 10500 794
10501 10517 682
10501 10518 2612
10519 10517 784
10519 10520 2227
10519 10522 698
10519 10523 2716
35162 10517 2266
10565 10563 631
10565 10564 1998
10565 10570 399
10565 35163 2261
10560 10561 1870
10560 10568 420
10560 10569 2229
30954 10561 647
10522 10519 698
10522 10521 2057
10522 10524 2678
10522 10563 783
10563 10522 783
10563 10562 2011
10563 10565 631
10563 10566 2822
10500 10501 794
10518 10501 2612
10518 10502 783
10518 12331 744
10518 35151 3702
10523 10519 2716
10523 10524 630
10523 12331 783
10523 35248 3721
10570 10565 399
10570 10569 420
35163 10565 2261
10569 10560 2229
10569 10570 420
10569 10572 2783
10524 10522 2678
10524 10523 630
10524 10566 787
10524 35160 2053
10566 10524 787
10566 10563 2822
10566 12376 2304
10566 12377 692
10502 10503 2209
10502 10518 783
10502 12318 629
10502 35152 3627
12331 10518 744
12331 10523 783
12331 35150 3666
35151 10518 3702
35248 10523 3721
10572 10569 2783
10572 10573 598
10572 12378 420
10572 12379 3122
35160 10524 2053
12376 10566 2304
12376 12332 698
12376 12381 667
12377 10566 692
12377 12378 368
12377 12381 2282
10503 10502 2209
12318 10502 629
12318 11393 743
12318 35157 3711
35152 10502 3627
35150 12331 3666
10573 10572 598
10573 12380 3116
12378 10572 420
12378 12377 368
12379 10572 3122
12379 12380 681
12379 12385 778
12332 12333 264
12332 12376 698
12332 35247 1493
12381 12376 667
12381 12377 2282
11393 12318 743
11393 22294 3681
35157 12318 3711
12380 10573 3116
12380 12379 681
12380 12390 755
12385 12379 778
12385 12382 420
12385 12387 217
12333 12332 264
35247 12332 1493
22294 11393 3681
12390 12380 755
12382 12345 504
12382 12385 420
12387 12385 217
12387 12386 566
12345 12340 671
12345 12382 504
12345 12384 176
12386 12387 566
12386 12388 755
12386 12401 556
12340 12337 671
12340 12344 147
12340 12345 671
12384 12345 176
12384 12383 2164
12388 12386 755
12388 12389 1768
12388 12404 737
12401 12386 556
12401 12402 222
12337 12334 681
12337 12340 671
12337 12342 118
12344 12340 147
12344 12343 2193
12383 12343 671
12383 12384 2164
12383 12397 930
12389 12388 1768
12389 12394 281
12404 12388 737
12404 12419 778
12402 12397 893
12402 12401 222
12402 12403 2796
12334 12328 763
12334 12337 681
12334 12339 200
12342 12337 118
12342 12341 2111
12343 12341 681
12343 12344 2193
12343 12366 778
12343 12383 671
12397 12383 930
12397 12400 1234
12397 12402 893
12394 12389 281
12394 12396 1213
12394 34103 841
12419 12404 778
12419 12420 1220
12419 12421 1494
12403 12402 2796
12403 12405 1617
12403 12424 847
12328 12325 839
12328 12334 763
12328 12336 278
12339 12334 200
12339 12338 2147
12341 12338 755
12341 12342 2111
12341 12343 681
12341 12365 782
12366 12343 778
12400 12397 1234
12400 12399 667
12400 34229 1417
12396 12394 1213
12396 12395 672
12396 12566 1007
34103 12394 841
34103 12559 2251
12420 12419 1220
12420 12423 667
12420 12601 2779
12421 12395 737
12421 12419 1494
12421 12422 672
12405 12368 3532
12405 12399 1004
12405 12403 1617
12405 12406 2016
12424 12403 847
12424 12414 1827
12424 12423 373
12325 12322 681
12325 12328 839
12325 12330 242
12336 12328 278
12336 12335 2069
12338 12335 763
12338 12339 2147
12338 12341 755
12338 12362 1114
12365 12341 782
12399 12364 3611
12399 12400 667
12399 12405 1004
34229 12400 1417
34229 34228 754
12395 12396 672
12395 12421 737
12566 12396 1007
12566 12567 445
12566 12572 763
12559 12562 95
12559 12568 776
12559 34103 2251
12423 12420 667
12423 12424 373
12423 12425 1175
12601 12420 2779
12601 12599 1124
12601 12602 473
12422 12421 672
12422 13276 202
12368 11437 2856
12368 12367 782
12368 12369 1188
12368 12405 3532
12406 12405 2016
12406 12408 764
12406 12411 755
12406 12412 2446
12414 12413 1273
12414 12424 1827
12414 12427 536
12322 12319 839
12322 12325 681
12322 12327 324
12330 12325 242
12330 12329 2098
12335 12329 755
12335 12336 2069
12335 12338 763
12335 12361 1667
12362 12338 1114
12364 12361 667
12364 12367 344
12364 12399 3611
34228 12398 761
34228 34229 754
12567 12566 445
12567 12599 672
12572 12566 763
12572 12568 893
12572 12573 445
12562 12559 95
12568 12559 776
12568 12564 1334
12568 12570 681
12568 12572 893
12425 12423 1175
12425 12426 796
12425 12603 1766
12599 12567 672
12599 12600 1025
12599 12601 1124
12602 12601 473
12602 12603 475
12602 12609 598
13276 12422 202
11437 11430 796
11437 12368 2856
12367 11430 2940
12367 12364 344
12367 12368 782
12369 12368 1188
12369 12370 796
12369 12407 2017
12408 12374 755
12408 12406 764
12408 12407 893
12408 12410 2900
12411 12406 755
12411 12413 672
12411 12415 839
12411 12416 2451
12412 12406 2446
12412 12416 671
12412 12500 1234
12413 12411 672
12413 12414 1273
12413 12427 1494
12427 12413 1494
12427 12414 536
12427 12428 598
12319 11405 671
12319 12322 839
12319 12324 288
12327 12322 324
12327 12326 2126
12329 12326 671
12329 12330 2098
12329 12335 755
12329 12349 1225
12361 12335 1667
12361 12363 839
12361 12364 667
12361 12398 679
12398 12361 679
12398 34228 761
12573 12572 445
12573 12605 445
12564 12568 1334
12564 12569 755
12570 12568 681
12570 12569 1447
12570 12574 763
12426 12425 796
12426 12434 778
12426 12604 1610
12603 12425 1766
12603 12602 475
12603 12604 667
12600 12599 1025
12609 12602 598
12609 12607 556
12609 12610 1334
11430 11431 889
11430 11437 796
11430 12367 2940
12370 12358 588
12370 12369 796
12370 12371 3005
12370 12372 839
12407 12369 2017
12407 12408 893
12407 12409 503
12374 12372 671
12374 12375 2894
12374 12408 755
12410 12375 671
12410 12408 2900
12410 12456 778
12415 12411 839
12415 12417 923
12415 12418 2451
12416 12411 2451
12416 12412 671
12416 12418 839
12416 12502 2890
12500 12412 1234
12500 12456 764
12500 12501 1675
12428 12427 598
12428 12429 556
12428 12430 1031
11405 11392 755
11405 12319 671
11405 12321 259
12324 12319 288
12324 12323 2269
12326 12323 763
12326 12327 2126
12326 12329 671
12326 12348 1675
12349 12329 1225
12363 12348 755
12363 12361 839
12605 12573 445
12605 12606 598
12605 12607 1114
12569 12564 755
12569 12565 831
12569 12570 1447
12569 12571 763
12574 12570 763
12574 12571 1447
12574 12589 755
12434 12426 778
12434 12430 1004
12434 12614 1711
12604 12426 1610
12604 12603 667
12604 12614 672
12607 12605 1114
12607 12608 671
12607 12609 556
12610 12609 1334
11431 11430 889
12358 12370 588
12371 12370 3005
12372 12370 839
12372 12374 671
12409 12407 503
12375 12374 2894
12375 12410 671
12456 12410 778
12456 12500 764
12417 12415 923
12418 12415 2451
12418 12416 839
12502 12416 2890
12502 12501 1091
12501 12500 1675
12501 12502 1091
12429 12428 556
12430 12428 1031
12430 12434 1004
11392 11405 755
12321 11405 259
12323 12324 2269
12323 12326 763
12348 12326 1675
12348 12363 755
12606 12605 598
12606 12608 1000
12565 12569 831
12571 12569 763
12571 12574 1447
12589 12574 755
12614 12434 1711
12614 12604 672
12608 12606 1000
12608 12607 671
177
10487
10512
10507
10551
10510
10550
10511
10514
10553
10559
10513
10517
10561
10520
10501
10519
35162
10560
30954
10522
10563
10500
10518
10523
10569
10524
10566
10502
12331
35151
35248
10572
35160
12376
12377
10503
12318
35152
35150
10573
12378
12379
12332
12381
11393
35157
12380
12385
12333
35247
22294
12390
12382
12387
12345
12386
12340
12384
12388
12401
12337
12344
12383
12389
12404
12402
12334
12342
12343
12397
12394
12419
12403
12328
12339
12341
12366
12400
12396
34103
12420
12421
12405
12424
12325
12336
12338
12365
12399
34229
12395
12566
12559
12423
12601
12422
12368
12406
12414
12322
12330
12335
12362
12364
34228
12567
12572
12562
12568
12425
12599
12602
13276
11437
12367
12369
12408
12411
12412
12413
12427
12319
12327
12329
12361
12398
12573
12564
12570
12426
12603
12600
12609
11430
12370
12407
12374
12410
12415
12416
12500
12428
11405
12324
12326
12349
12363
12605
12569
12574
12434
12604
12607
12610
11431
12358
12371
12372
12409
12375
12456
12417
12418
12502
12501
12429
12430
11392
12321
12323
12348
12606
12565
12571
12589
12614
12608
