30
79412 79428 3012
79412 79441 1645
79428 79412 3012
79428 79427 2012
79441 79412 1645
79427 79424 887
79427 79425 1551
79427 79428 2012
79427 79436 966
79424 79420 1159
79424 79427 887
79425 79426 1311
79425 79427 1551
79436 79427 966
79436 79434 1541
79420 79421 1054
79420 79424 1159
79426 79425 1311
79434 79433 1247
79434 79435 2000
79434 79436 1541
79421 79420 1054
79421 79422 433
79421 79423 607
79433 79434 1247
79433 84858 731
79435 79434 2000
79422 79421 433
79423 79421 607
84858 79433 731
16
79412
79428
79441
79427
79424
79425
79436
79420
79426
79434
79421
79433
79435
79422
79423
84858
