522
93737 93738 1097
93737 93757 556
93737 93758 1004
93737 93759 923
93738 93737 1097
93757 93737 556
93758 93737 1004
93759 93737 923
93759 93760 667
93759 93761 839
93760 93759 667
93761 93759 839
93761 93762 868
93761 93763 778
93762 93761 868
93762 93764 1004
93762 93765 1007
93763 93761 778
93764 93762 1004
93765 93762 1007
93765 93775 688
93765 93776 1013
93775 93765 688
93776 93765 1013
93776 93777 598
93776 93780 1114
93777 93773 1004
93777 93776 598
93777 93778 1247
93777 93779 923
93780 93776 1114
93773 93756 562
93773 93774 1256
93773 93777 1004
93773 93886 3374
93778 93777 1247
93778 93782 866
93779 93777 923
93779 93888 1004
93779 93889 1931
93756 93755 649
93756 93773 562
93774 93754 201
93774 93773 1256
93886 93773 3374
93886 93885 672
93886 93889 1398
93782 93778 866
93782 93783 445
93782 93890 1679
93888 93779 1004
93889 93779 1931
93889 93886 1398
93889 93901 1268
93889 93902 877
93755 93752 1504
93755 93756 649
93755 93884 3720
93754 93750 1120
93754 93753 2063
93754 93774 201
93885 93884 556
93885 93886 672
93783 93782 445
93890 93782 1679
93890 93891 1004
93890 93898 764
93901 93889 1268
93902 93889 877
93902 93903 628
93902 93904 1700
93902 93905 1639
93752 93751 1022
93752 93755 1504
93752 93881 4067
93884 93755 3720
93884 93881 1558
93884 93885 556
93884 93916 2723
93750 93749 1220
93750 93753 2090
93750 93754 1120
93753 93741 2406
93753 93750 2090
93753 93754 2063
93891 93890 1004
93898 93890 764
93898 93899 931
93898 93908 875
93903 93902 628
93903 93907 1454
93903 93923 2351
93904 93902 1700
93904 93907 756
93904 93908 55
93905 93902 1639
93905 93906 672
93905 93918 1408
93751 93744 696
93751 93748 1031
93751 93752 1022
93881 93752 4067
93881 93880 1161
93881 93884 1558
93881 93887 1850
93916 93884 2723
93916 93913 1447
93916 93917 889
93749 93741 1610
93749 93742 1004
93749 93750 1220
93741 93742 1943
93741 93749 1610
93741 93753 2406
93899 93898 931
93899 101861 208
93908 93898 875
93908 93904 55
93908 101862 844
93907 93903 1454
93907 93904 756
93923 93903 2351
93923 93918 796
93906 93905 672
93918 93905 1408
93918 93917 452
93918 93923 796
93744 93742 750
93744 93747 1376
93744 93751 696
93748 93747 905
93748 93751 1031
93748 93878 1794
93880 93878 1444
93880 93879 818
93880 93881 1161
93880 93883 2825
93887 93881 1850
93913 93883 1357
93913 93914 1532
93913 93916 1447
93917 93916 889
93917 93918 452
93742 93741 1943
93742 93744 750
93742 93749 1004
101861 93896 1419
101861 93899 208
101861 101863 2011
101862 93908 844
93747 93744 1376
93747 93746 782
93747 93748 905
93747 93876 1860
93878 93748 1794
93878 93876 782
93878 93880 1444
93879 93876 1279
93879 93880 818
93879 93882 2957
93883 93880 2825
93883 93882 562
93883 93913 1357
93914 93912 1031
93914 93913 1532
93914 93921 3104
93896 101861 1419
101863 93784 1283
101863 101861 2011
101863 101864 691
93746 93745 1114
93746 93747 782
93746 93818 2680
93876 93747 1860
93876 93877 782
93876 93878 782
93876 93879 1279
93882 93831 3401
93882 93879 2957
93882 93883 562
93882 93912 1061
93912 93860 2171
93912 93882 1061
93912 93914 1031
93912 93915 1013
93921 93873 1797
93921 93914 3104
93921 93922 723
93784 93781 1175
93784 101863 1283
101864 101863 691
93745 93746 1114
93745 93817 2976
93818 93746 2680
93818 93817 983
93818 93875 667
93877 93875 818
93877 93876 782
93831 93817 3039
93831 93832 1844
93831 93833 930
93831 93882 3401
93860 93833 1031
93860 93912 2171
93915 93861 1686
93915 93912 1013
93915 93922 1258
93873 93867 1114
93873 93869 1454
93873 93921 1797
93873 94096 2027
93922 93915 1258
93922 93919 388
93922 93921 723
93781 93768 3104
93781 93784 1175
93781 93785 3002
93817 93745 2976
93817 93818 983
93817 93831 3039
93875 93818 667
93875 93877 818
93832 93825 200
93832 93831 1844
93833 93827 2016
93833 93831 930
93833 93859 1013
93833 93860 1031
93861 93859 1530
93861 93863 764
93861 93915 1686
93867 93866 1565
93867 93873 1114
93867 93920 101
93869 93866 1098
93869 93868 667
93869 93870 275
93869 93873 1454
94096 93873 2027
94096 93874 1224
94096 94094 1565
94096 94097 903
93919 93863 1298
93919 93922 388
93768 93769 598
93768 93770 1445
93768 93781 3104
93785 93781 3002
93785 93955 434
93825 93827 1097
93825 93832 200
93827 93825 1097
93827 93826 2798
93827 93833 2016
93827 93852 1013
93859 93833 1013
93859 93852 2016
93859 93861 1530
93859 93862 1114
93863 93861 764
93863 93862 1565
93863 93919 1298
93863 93920 912
93866 93858 2028
93866 93862 1013
93866 93867 1565
93866 93869 1098
93920 93863 912
93920 93867 101
93868 93865 1375
93868 93869 667
93868 93870 610
93870 93868 610
93870 93869 275
93870 93871 764
93870 93874 1144
93874 93870 1144
93874 93871 893
93874 94096 1224
94094 93871 1013
94094 94095 782
94094 94096 1565
94094 94098 764
94097 94096 903
94097 94098 2016
94097 94100 982
93769 93768 598
93770 93768 1445
93770 93771 1175
93770 93772 1111
93955 93785 434
93955 93956 610
93826 93824 252
93826 93827 2798
93826 93828 1091
93852 93827 1013
93852 93828 2679
93852 93855 1013
93852 93859 2016
93862 93855 1919
93862 93859 1114
93862 93863 1565
93862 93866 1013
93858 93855 1031
93858 93856 2358
93858 93865 1097
93858 93866 2028
93865 93858 1097
93865 93864 796
93865 93868 1375
93871 93870 764
93871 93872 672
93871 93874 893
93871 94094 1013
94095 94094 782
94098 94094 764
94098 94097 2016
94098 94099 1344
94100 94097 982
94100 94101 3042
94100 94127 950
93771 93770 1175
93772 93770 1111
93772 93949 1004
93772 93953 1599
93956 93955 610
93824 93823 562
93824 93826 252
93828 93826 1091
93828 93850 168
93828 93852 2679
93855 93852 1013
93855 93853 2578
93855 93858 1031
93855 93862 1919
93856 93854 587
93856 93857 1175
93856 93858 2358
93864 93845 3183
93864 93857 1447
93864 93865 796
93872 93871 672
94099 94098 1344
94101 94100 3042
94127 94100 950
94127 94128 334
94127 94129 1357
93949 93772 1004
93949 93954 1527
93953 93772 1599
93823 93803 562
93823 93821 1091
93823 93824 562
93823 93849 1347
93850 93828 168
93850 93849 672
93850 93853 755
93853 93850 755
93853 93854 420
93853 93855 2578
93854 93851 667
93854 93853 420
93854 93856 587
93857 93846 713
93857 93856 1175
93857 93864 1447
93845 93843 1098
93845 93847 2044
93845 93848 1943
93845 93864 3183
94128 94127 334
94128 94130 404
94129 94127 1357
93954 93949 1527
93803 93801 1175
93803 93802 1000
93803 93823 562
93803 93835 1444
93821 93801 580
93821 93823 1091
93849 93823 1347
93849 93835 667
93849 93850 672
93849 93851 1259
93851 93836 667
93851 93846 1511
93851 93849 1259
93851 93854 667
93846 93844 782
93846 93851 1511
93846 93857 713
93843 93842 452
93843 93844 333
93843 93845 1098
93847 93840 923
93847 93845 2044
93847 93848 3235
93848 93845 1943
93848 93847 3235
93848 94089 681
94130 94128 404
94130 94131 403
94130 94132 434
93801 93803 1175
93801 93821 580
93802 93803 1000
93802 93804 1427
93835 93803 1444
93835 93804 778
93835 93836 1259
93835 93849 667
93836 93834 778
93836 93835 1259
93836 93844 1431
93836 93851 667
93844 93836 1431
93844 93843 333
93844 93846 782
93842 93834 1347
93842 93841 782
93842 93843 452
93840 93841 672
93840 93847 923
94089 93848 681
94089 94092 1860
94131 94109 711
94131 94130 403
94131 94132 345
94132 94130 434
94132 94131 345
94132 94134 1279
93804 93802 1427
93804 93834 1259
93804 93835 778
93834 93804 1259
93834 93836 778
93834 93842 1347
93841 93840 672
93841 93842 782
94092 94089 1860
94092 94093 1675
94092 94102 1224
94109 94103 4793
94109 94107 628
94109 94131 711
94134 94110 2113
94134 94132 1279
94134 94135 950
94093 94092 1675
94102 94092 1224
94102 94103 1345
94102 94104 6414
94103 94102 1345
94103 94109 4793
94103 101780 535
94107 94108 4063
94107 94109 628
94107 94110 787
94107 94133 1055
94110 94107 787
94110 94111 3376
94110 94113 707
94110 94134 2113
94135 94134 950
94135 94139 168
94135 94140 3019
94104 94102 6414
94104 94118 279
101780 94103 535
101780 94106 3303
94108 94107 4063
94133 94107 1055
94111 94110 3376
94113 94110 707
94113 94114 3270
94113 94115 562
94113 94116 598
94139 94135 168
94139 94136 1395
94139 94141 950
94140 94135 3019
94118 94104 279
94118 94105 1114
94106 94105 2826
94106 101780 3303
94106 102772 754
94114 94113 3270
94115 94113 562
94116 94113 598
94136 94137 550
94136 94138 1066
94136 94139 1395
94141 94139 950
94141 94142 536
94141 94150 2129
94105 94106 2826
94105 94118 1114
94105 94119 2358
102772 94106 754
102772 102773 589
102772 102774 323
94137 94136 550
94138 94121 201
94138 94125 275
94138 94136 1066
94142 94141 536
94142 94146 983
94142 94151 1149
94150 94126 651
94150 94141 2129
94119 94105 2358
94119 94126 1935
102773 102772 589
102774 102772 323
94121 94138 201
94125 94126 847
94125 94138 275
94146 94142 983
94151 94142 1149
94126 94119 1935
94126 94125 847
94126 94150 651
57
93907
93744
93742
93747
93896
93746
93876
93784
93745
93818
93877
93781
93817
93875
93768
93785
93825
93827
93769
93770
93955
93826
93852
93771
93772
93956
93824
93828
93855
93949
93953
93823
93850
93853
93854
93954
93803
93821
93849
93851
93846
93801
93802
93835
93836
93844
93840
93804
93834
93841
94150
94119
94121
94125
94146
94151
94126
