50
93479 93483 2009
93479 93484 3921
93483 93479 2009
93483 93508 4688
93484 93479 3921
93484 93480 1973
93484 94078 556
93508 93483 4688
93508 93511 1846
93480 93481 1698
93480 93484 1973
93480 102027 2330
94078 93484 556
94078 94073 2889
94078 94080 1496
93511 93508 1846
93511 93510 2480
93511 93513 836
93481 93480 1698
93481 93516 1851
93481 93518 2224
102027 93480 2330
94073 94078 2889
94073 94079 2250
94080 94078 1496
94080 94079 2407
94080 94082 1986
93510 93509 3288
93510 93511 2480
93510 93512 2398
93513 93511 836
93513 93514 2096
93513 93515 4024
93516 93481 1851
93518 93481 2224
93518 93512 2103
93518 93515 2514
94079 94073 2250
94079 94080 2407
94079 94081 629
94082 94080 1986
93509 93510 3288
93512 93510 2398
93512 93517 950
93512 93518 2103
93514 93513 2096
93515 93513 4024
93515 93518 2514
94081 94079 629
93517 93512 950
23
93479
93483
93484
93508
93480
94078
93511
93481
102027
94073
94080
93510
93513
93516
93518
94079
94082
93509
93512
93514
93515
94081
93517
