26
202544 202560 1445
202560 202544 1445
202717 202721 1389
202721 202717 1389
196114 196115 573
196115 196114 573
197100 197112 524
197112 197100 524
202502 202515 288
202515 202502 288
205897 205900 1297
214962 214963 1189
205900 205897 1297
205900 214963 466
214963 205900 466
214963 214962 1189
205756 205753 1664
205756 205755 696
205755 205756 696
205764 205925 1604
205753 205756 1664
205925 205764 1604
205912 206578 867
206578 205912 867
206578 206580 1133
206580 206578 1133
35
202544
202560
202566
202676
202717
202721
196114
196115
196110
196553
196555
197101
197106
197100
197112
197130
197164
202502
205897
205916
205980
205998
205918
205898
205706
205755
205764
205753
205925
205928
205938
205912
214746
206578
206580
