180
170324 170325 893
170324 170326 2281
170324 171816 672
170324 171858 1266
170325 170324 893
170325 171669 893
170326 170324 2281
170326 170327 556
170326 171763 1454
170326 171765 3054
171816 170324 672
171816 171817 905
171816 171867 1350
171858 170324 1266
171858 171859 556
171858 171867 667
171858 171870 2365
171669 170325 893
171669 171668 1061
170327 170326 556
171763 170326 1454
171763 171761 795
171763 171764 3377
171763 171817 2194
171765 170326 3054
171765 171764 977
171817 171763 2194
171817 171816 905
171817 171818 818
171817 171821 1519
171867 171816 1350
171867 171821 889
171867 171858 667
171867 171871 2278
171859 171858 556
171859 171860 452
171859 171868 2365
171870 171858 2365
171870 171868 556
171870 171871 782
171870 171881 2447
171668 171669 1061
171761 171750 984
171761 171762 3462
171761 171763 795
171761 171818 2110
171764 171762 818
171764 171763 3377
171764 171765 977
171818 171761 2110
171818 171813 884
171818 171817 818
171818 171820 1776
171821 171817 1519
171821 171820 667
171821 171867 889
171821 171872 2363
171871 171867 2278
171871 171870 782
171871 171872 893
171871 171882 2531
171860 171859 452
171868 171859 2365
171868 171869 452
171868 171870 556
171868 171879 2450
171881 171863 2363
171881 171870 2447
171881 171879 667
171881 171882 778
171750 171749 818
171750 171752 3038
171750 171761 984
171750 171813 2113
171762 171752 778
171762 171761 3462
171762 171764 818
171813 171750 2113
171813 171812 924
171813 171818 884
171813 171819 2110
171820 171818 1776
171820 171819 893
171820 171821 667
171820 171873 2363
171872 171821 2363
171872 171871 893
171872 171873 667
171872 171883 2447
171882 171871 2531
171882 171881 778
171882 171883 889
171882 171921 2447
171869 171868 452
171879 171864 2363
171879 171868 2450
171879 171880 333
171879 171881 667
171863 171864 667
171863 171881 2363
171863 171921 782
171749 171750 818
171749 171751 2869
171749 171753 782
171749 171812 2110
171752 171750 3038
171752 171751 782
171752 171762 778
171812 171749 2110
171812 171811 796
171812 171813 924
171812 171822 2363
171819 171813 2110
171819 171820 893
171819 171822 889
171819 171874 2450
171873 171820 2363
171873 171872 667
171873 171874 778
171873 171884 2447
171883 171872 2447
171883 171882 889
171883 171884 667
171921 171863 782
171921 171882 2447
171864 171863 667
171864 171879 2363
171880 171879 333
171751 171749 2869
171751 171752 782
171751 171755 1048
171753 171749 782
171753 171754 893
171753 171811 2025
171811 171753 2025
171811 171812 796
171822 171812 2363
171822 171819 889
171874 171819 2450
171874 171873 778
171884 171873 2447
171884 171883 667
171884 171923 2447
171755 171748 733
171755 171751 1048
171754 171745 2450
171754 171753 893
171754 171782 1000
171923 171884 2447
171748 171745 338
171748 171747 1266
171748 171755 733
171745 171748 338
171745 171754 2450
171782 171754 1000
171782 171815 2197
171747 171748 1266
171815 171782 2197
171815 171890 667
171890 171815 667
171890 171892 2532
171892 171890 2532
171892 171898 782
171898 171892 782
171898 171912 2363
171912 171898 2363
171912 171902 782
171902 171912 782
171902 171915 2447
171915 171902 2447
171915 171916 889
171916 171915 889
171916 171917 782
171917 171900 2447
171917 171916 782
171917 171918 672
171900 171903 667
171900 171917 2447
171918 171917 672
171903 171900 667
26
171668
171863
171883
171921
171864
171811
171822
171874
171884
171754
171923
171745
171782
171747
171815
171890
171892
171898
171912
171902
171915
171916
171917
171900
171918
171903
