48
244967 244968 1569
244968 244967 1569
244968 244990 1359
244990 244968 1359
244990 261300 1582
261300 244990 1582
261300 261878 201
261878 244981 913
261878 261300 201
244981 244977 1409
244981 244978 601
244981 244980 167
244981 261878 913
244977 244976 968
244977 244981 1409
244977 244982 950
244978 244976 474
244978 244981 601
244980 244981 167
244976 244975 664
244976 244977 968
244976 244978 474
244982 244974 979
244982 244975 1604
244982 244977 950
244975 244973 827
244975 244976 664
244975 244982 1604
244974 244973 2226
244974 244982 979
244974 245007 870
244973 244972 707
244973 244974 2226
244973 244975 827
245007 244971 1286
245007 244974 870
245007 245015 1759
244972 244971 975
244972 244973 707
244971 244972 975
244971 245007 1286
244971 245018 910
245015 245007 1759
245015 245014 749
245015 245018 456
245018 244971 910
245018 245015 456
245014 245015 749
20
244967
244968
244990
261300
261878
244981
244977
244978
244980
244976
244982
244975
244974
244973
245007
244972
244971
245015
245018
245014
