614
196411 196412 539
196411 203199 986
196411 203200 367
196411 203202 811
196412 196411 539
196412 203200 346
196412 203214 713
196412 203215 2106
203199 196411 986
203199 203155 1208
203199 203161 1439
203199 203197 1835
203200 196411 367
203200 196412 346
203200 203155 1224
203200 203213 367
203202 196411 811
203202 203201 752
203202 203203 1119
203214 196412 713
203214 203203 572
203214 203217 1260
203215 196412 2106
203215 203224 367
203215 203225 883
203155 203151 3072
203155 203199 1208
203155 203200 1224
203161 203149 2140
203161 203160 989
203161 203199 1439
203197 203160 623
203197 203198 1356
203197 203199 1835
203213 203200 367
203213 203207 667
203201 203198 974
203201 203202 752
203201 203204 718
203203 203202 1119
203203 203214 572
203203 203218 666
203217 203214 1260
203217 203218 433
203217 203218 433
203217 203222 1339
203217 203223 485
203224 203215 367
203224 203223 482
203225 203215 883
203225 203368 523
203225 203369 751
203151 203141 1802
203151 203144 956
203151 203155 3072
203149 203138 2105
203149 203144 789
203149 203148 853
203149 203161 2140
203160 203148 2106
203160 203158 665
203160 203161 989
203160 203197 623
203198 203162 760
203198 203197 1356
203198 203201 974
203198 203216 1152
203207 203195 883
203207 203208 1613
203207 203211 987
203207 203213 667
203204 203201 718
203204 203210 531
203204 203219 426
203218 203203 666
203218 203217 433
203218 203217 433
203218 203219 607
203218 203220 1557
203222 203217 1339
203222 203220 1380
203222 203295 197
203223 203217 485
203223 203224 482
203223 203226 493
203368 203225 523
203368 203226 613
203368 203295 1243
203369 203225 751
203369 203372 590
203369 203377 451
203141 202732 1445
203141 203140 744
203141 203151 1802
203144 203140 1918
203144 203149 789
203144 203151 956
203138 202733 2131
203138 203139 938
203138 203140 761
203138 203149 2105
203148 203139 2064
203148 203147 744
203148 203149 853
203148 203160 2106
203158 203147 2064
203158 203159 836
203158 203160 665
203158 203162 2026
203162 203158 2026
203162 203198 760
203162 203246 737
203162 203283 2268
203216 203198 1152
203216 203210 704
203216 203220 918
203195 203191 1112
203195 203196 1296
203195 203207 883
203208 203205 702
203208 203207 1613
203208 203209 1118
203211 203207 987
203211 203209 1259
203211 203221 1080
203210 203204 531
203210 203216 704
203210 203219 287
203219 203204 426
203219 203210 287
203219 203218 607
203220 203216 918
203220 203218 1557
203220 203222 1380
203220 203283 786
203220 203292 751
203295 203222 197
203295 203296 467
203295 203297 956
203295 203368 1243
203226 203223 493
203226 203368 613
203372 203297 1227
203372 203369 590
203372 203373 731
203377 203367 426
203377 203369 451
202732 202710 2318
202732 202730 938
202732 203141 1445
202732 203143 863
203140 202730 1845
203140 203138 761
203140 203141 744
203140 203144 1918
202733 202728 1616
202733 202730 814
202733 202734 797
202733 202737 928
202733 203138 2131
203139 202737 2040
203139 202746 752
203139 203138 938
203139 203148 2064
203147 202746 2041
203147 203145 853
203147 203148 744
203147 203158 2064
203159 203145 2056
203159 203158 836
203159 203229 744
203159 203246 1975
203246 203159 1975
203246 203162 737
203246 203245 752
203246 203280 1982
203283 203162 2268
203283 203220 786
203283 203291 463
203191 203150 1020
203191 203193 961
203191 203195 1112
203196 203193 1099
203196 203195 1296
203196 203205 363
203205 203194 363
203205 203196 363
203205 203208 702
203209 203208 1118
203209 203211 1259
203209 203212 750
203209 203357 1749
203221 203211 1080
203221 203358 1341
203221 203363 188
203292 203220 751
203292 203294 808
203292 203296 734
203296 203292 734
203296 203295 467
203296 203298 476
203297 203295 956
203297 203372 1227
203297 203424 805
203297 203425 974
203373 203372 731
203373 203430 717
203373 203431 536
203367 203366 861
203367 203375 1497
203367 203377 426
203367 203378 1066
202710 202707 1584
202710 202725 744
202710 202731 804
202710 202732 2318
202730 202725 1918
202730 202732 938
202730 202733 814
202730 203140 1845
203143 202732 863
203143 203142 1238
202728 202724 364
202728 202725 753
202728 202727 578
202728 202733 1616
202734 202729 1224
202734 202733 797
202734 202736 870
202734 202737 285
202737 202733 928
202737 202734 285
202737 202745 707
202737 203139 2040
202746 202745 1982
202746 202748 843
202746 203139 752
202746 203147 2041
203145 202748 2065
203145 203146 736
203145 203147 853
203145 203159 2056
203229 203146 2040
203229 203159 744
203229 203230 753
203229 203245 2000
203245 203229 2000
203245 203246 752
203245 203247 744
203245 203282 1958
203280 203246 1982
203280 203282 744
203280 203291 684
203291 203280 684
203291 203283 463
203291 203284 883
203150 203142 3003
203150 203154 811
203150 203191 1020
203193 203190 1003
203193 203191 961
203193 203196 1099
203194 203205 363
203212 203209 750
203212 203358 285
203212 203361 1179
203357 203209 1749
203357 203361 810
203358 203212 285
203358 203221 1341
203358 203359 149
203363 203221 188
203363 203364 591
203294 203292 808
203294 203300 337
203298 203296 476
203298 203301 1091
203298 203425 548
203424 203297 805
203424 203426 1513
203424 203430 475
203425 203297 974
203425 203298 548
203425 203305 852
203425 203427 745
203430 203373 717
203430 203424 475
203430 203432 307
203431 203373 536
203431 203434 417
203366 203364 375
203366 203367 861
203375 203367 1497
203375 203374 395
203375 203376 671
203378 203367 1066
203378 203379 1078
203378 203392 1636
202707 202706 376
202707 202709 1002
202707 202710 1584
202725 202709 987
202725 202710 744
202725 202728 753
202725 202730 1918
202731 202710 804
203142 203133 1321
203142 203134 1305
203142 203143 1238
203142 203150 3003
203142 203152 1846
202724 202709 932
202724 202727 679
202724 202728 364
202724 214358 354
202727 202724 679
202727 202728 578
202727 202729 359
202729 202727 359
202729 202734 1224
202729 202735 1219
202736 202734 870
202736 202735 277
202736 202745 687
202745 202736 687
202745 202737 707
202745 202742 860
202745 202746 1982
202748 202742 1975
202748 202746 843
202748 202750 724
202748 203145 2065
203146 202750 1990
203146 203145 736
203146 203227 760
203146 203229 2040
203230 203227 2056
203230 203229 753
203230 203232 835
203230 203247 1975
203247 203230 1975
203247 203244 860
203247 203245 744
203247 203281 1983
203282 203245 1958
203282 203280 744
203282 203281 753
203282 203284 1117
203284 203282 1117
203284 203291 883
203284 203293 1292
203284 203300 1073
203154 203150 811
203154 203152 1302
203154 203190 274
203190 203153 645
203190 203154 274
203190 203193 1003
203361 203212 1179
203361 203357 810
203361 203362 761
203361 203381 2086
203359 203358 149
203359 203360 656
203364 203360 1333
203364 203363 591
203364 203366 375
203300 203284 1073
203300 203294 337
203300 203301 363
203301 203298 1091
203301 203300 363
203301 203305 473
203426 203424 1513
203426 203436 679
203426 203437 744
203426 203438 1250
203305 203301 473
203305 203303 368
203305 203425 852
203427 203304 1080
203427 203425 745
203427 203429 741
203432 203430 307
203432 203433 362
203432 214600 530
203434 203431 417
203434 203433 607
203434 203435 1066
203374 203365 514
203374 203375 395
203374 203384 1962
203376 203375 671
203376 203385 1264
203376 203392 410
203379 203378 1078
203379 203393 1777
203379 203394 750
203392 203376 410
203392 203378 1636
203392 203393 1089
202706 202707 376
202709 202707 1002
202709 202724 932
202709 202725 987
203133 203132 1344
203133 203135 1036
203133 203142 1321
203134 203117 680
203134 203132 2021
203134 203142 1305
203152 203142 1846
203152 203153 1361
203152 203154 1302
214358 202724 354
202735 202729 1219
202735 202736 277
202735 202739 692
202742 202740 1224
202742 202745 860
202742 202747 707
202742 202748 1975
202750 202747 1983
202750 202748 724
202750 202751 736
202750 203146 1990
203227 202751 1983
203227 203146 760
203227 203228 836
203227 203230 2056
203232 203228 2057
203232 203230 835
203232 203231 761
203232 203244 1967
203244 203232 1967
203244 203247 860
203244 203250 701
203244 203285 1990
203281 203247 1983
203281 203282 753
203281 203285 836
203281 203288 2170
203293 203284 1292
203293 203288 790
203293 203303 1091
203293 203308 556
203153 203152 1361
203153 203190 645
203362 203360 608
203362 203361 761
203381 203361 2086
203381 203386 1419
203360 203359 656
203360 203362 608
203360 203364 1333
203360 203365 322
203436 203426 679
203436 203433 1215
203436 203435 781
203436 203439 1595
203437 203426 744
203437 203429 730
203437 203445 706
203438 203426 1250
203438 203446 953
203438 203457 368
203303 203293 1091
203303 203304 539
203303 203305 368
203304 203303 539
203304 203427 1080
203304 203428 964
203429 203427 741
203429 203428 938
203429 203437 730
203433 203432 362
203433 203434 607
203433 203436 1215
214600 203432 530
203435 203434 1066
203435 203436 781
203435 203451 1581
203435 214092 272
203365 203360 322
203365 203374 514
203384 203374 1962
203384 203385 828
203385 203376 1264
203385 203384 828
203385 203395 973
203393 203379 1777
203393 203392 1089
203393 203395 478
203393 203396 750
203394 203379 750
203394 203396 2049
203394 203415 815
203394 214598 606
203132 203119 686
203132 203133 1344
203132 203134 2021
203135 203131 913
203135 203133 1036
203117 203119 1996
203117 203134 680
202739 202735 692
202739 202738 544
202739 202740 249
202740 202738 612
202740 202739 249
202740 202741 2447
202740 202742 1224
202747 202742 707
202747 202749 822
202747 202750 1983
202751 202749 1845
202751 202750 736
202751 202807 892
202751 203227 1983
203228 202807 2056
203228 202812 724
203228 203227 836
203228 203232 2057
203231 202812 1974
203231 203232 761
203231 203233 859
203231 203250 2057
203250 203231 2057
203250 203244 701
203250 203248 796
203250 203252 1902
203285 203244 1990
203285 203252 761
203285 203281 836
203285 203289 2213
203288 203281 2170
203288 203289 717
203288 203293 790
203288 203309 2114
203308 203293 556
203308 203310 1063
203308 203440 263
203386 203381 1419
203439 203436 1595
203439 203451 1179
203439 203457 395
203445 203437 706
203445 203442 1156
203445 203446 648
203446 203438 953
203446 203442 1385
203446 203445 648
203446 203447 852
203457 203438 368
203457 203439 395
203457 203458 591
203428 203304 964
203428 203310 1168
203428 203429 938
203451 203435 1581
203451 203439 1179
203451 203454 751
214092 203435 272
203395 203385 973
203395 203393 478
203395 203396 760
203396 203393 750
203396 203394 2049
203396 203395 760
203396 203397 1067
203415 203394 815
203415 203397 2088
203415 203420 620
214598 203394 606
203119 203117 1996
203119 203129 1358
203119 203132 686
203131 203130 691
203131 203135 913
202738 202739 544
202738 202740 612
202741 202740 2447
202741 202749 559
202749 202741 559
202749 202747 822
202749 202751 1845
202807 202751 892
202807 203228 2056
202812 203228 724
202812 203231 1974
203233 203231 859
203233 203248 1945
203248 203233 1945
203248 203250 796
203252 203250 1902
203252 203285 761
203289 203285 2213
203289 203288 717
203309 203288 2114
203310 203308 1063
203310 203428 1168
203440 203308 263
203442 203445 1156
203442 203446 1385
203447 203446 852
203458 203457 591
203454 203451 751
203397 203396 1067
203397 203415 2088
203420 203415 620
203129 203119 1358
203129 203130 775
203130 203129 775
203130 203131 691
42
203208
203205
203209
203194
203212
203357
203358
203361
203359
203153
203362
203381
203360
203365
203384
203385
203135
203117
203386
203395
203396
203119
203131
202738
202741
202749
202807
202812
203233
203248
203252
203289
203309
203310
203442
203447
203458
203454
203397
203420
203129
203130
