516
160084 160085 416
160085 160084 416
160085 170804 791
160085 170805 344
170804 160085 791
170804 170672 238
170804 170707 848
170805 160085 344
170672 170673 238
170672 170804 238
170707 170670 710
170707 170706 753
170707 170708 1483
170707 170804 848
170673 170672 238
170673 170674 650
170673 170675 1934
170670 170668 791
170670 170669 1561
170670 170671 1055
170670 170707 710
170706 170705 713
170706 170707 753
170706 170813 710
170708 170568 1936
170708 170669 477
170708 170707 1483
170708 172886 549
170674 170673 650
170674 170811 1934
170675 170673 1934
170668 170567 2781
170668 170637 753
170668 170666 984
170668 170670 791
170669 170567 1357
170669 170670 1561
170669 170708 477
170671 170670 1055
170705 170706 713
170813 170706 710
170813 170806 848
170813 170812 475
170813 170814 710
170568 170564 1114
170568 170567 1146
170568 170703 253
170568 170708 1936
172886 170708 549
170811 170663 4704
170811 170674 1934
170567 170568 1146
170567 170569 355
170567 170668 2781
170567 170669 1357
170637 170633 791
170637 170636 2036
170637 170664 951
170637 170668 753
170666 170667 140
170666 170668 984
170806 170807 222
170806 170808 684
170806 170813 848
170812 170813 475
170814 170813 710
170814 170815 109
170814 170816 475
170564 170558 1537
170564 170563 337
170564 170568 1114
170703 170563 1111
170703 170568 253
170703 170709 435
170663 170662 3624
170663 170811 4704
170569 170567 355
170569 170570 1055
170569 170571 518
170633 170619 951
170633 170632 511
170633 170637 791
170636 170571 374
170636 170635 678
170636 170637 2036
170664 170637 951
170664 170665 374
170667 170666 140
170807 170806 222
170808 170806 684
170815 170814 109
170815 170826 444
170816 170814 475
170816 170817 41
170816 170828 344
170558 170549 1857
170558 170557 667
170558 170559 1085
170558 170564 1537
170563 170562 1323
170563 170564 337
170563 170703 1111
170709 170703 435
170662 170661 1208
170662 170663 3624
170570 170569 1055
170571 170560 404
170571 170569 518
170571 170636 374
170619 170620 418
170619 170633 951
170632 170607 1581
170632 170633 511
170632 170635 1696
170635 170561 344
170635 170632 1696
170635 170636 678
170665 170664 374
170826 170815 444
170817 170816 41
170817 170827 788
170828 170816 344
170549 170539 907
170549 170550 984
170549 170556 2778
170549 170557 1690
170549 170558 1857
170557 170549 1690
170557 170554 2909
170557 170558 667
170557 170565 928
170559 170550 1906
170559 170558 1085
170559 170560 848
170562 170524 2451
170562 170563 1323
170562 170565 1349
170562 170695 337
170661 170662 1208
170560 170559 848
170560 170561 355
170560 170571 404
170620 170619 418
170607 170548 1105
170607 170552 1426
170607 170595 789
170607 170632 1581
170561 170551 1581
170561 170560 355
170561 170635 344
170827 170817 788
170539 170540 337
170539 170541 928
170539 170549 907
170550 170549 984
170550 170551 984
170550 170559 1906
170556 170488 1096
170556 170549 2778
170556 170554 1349
170554 170553 1012
170554 170555 893
170554 170556 1349
170554 170557 2909
170565 170557 928
170565 170562 1349
170565 170566 889
170524 170525 1813
170524 170562 2451
170695 170562 337
170548 170095 1459
170548 170547 1221
170548 170599 848
170548 170607 1105
170552 170547 1036
170552 170551 611
170552 170607 1426
170595 170596 713
170595 170599 986
170595 170607 789
170595 170634 1229
170551 170550 984
170551 170552 611
170551 170561 1581
170540 170488 2223
170540 170539 337
170540 170543 1105
170541 170535 1505
170541 170539 928
170541 170544 747
170488 170487 1225
170488 170489 850
170488 170540 2223
170488 170556 1096
170553 170526 1447
170553 170554 1012
170553 170566 2016
170553 170696 506
170555 170528 1000
170555 170534 1438
170555 170554 893
170566 170553 2016
170566 170565 889
170566 170696 2016
170525 170524 1813
170525 170526 879
170525 170696 1014
170095 170096 818
170095 170098 856
170095 170545 1221
170095 170548 1459
170547 170544 1085
170547 170545 1459
170547 170548 1221
170547 170552 1036
170599 170096 1382
170599 170548 848
170599 170595 986
170599 170598 848
170596 170595 713
170596 170597 238
170634 170595 1229
170543 170489 1675
170543 170540 1105
170543 170542 202
170535 170463 1858
170535 170536 984
170535 170541 1505
170535 170542 984
170544 170536 1501
170544 170541 747
170544 170547 1085
170487 170482 445
170487 170488 1225
170487 170534 872
170489 170488 850
170489 170490 1669
170489 170543 1675
170526 170525 879
170526 170527 475
170526 170553 1447
170696 170525 1014
170696 170553 506
170696 170566 2016
170528 170494 438
170528 170527 843
170528 170555 1000
170534 170487 872
170534 170495 1357
170534 170555 1438
170096 170095 818
170096 170097 752
170096 170599 1382
170096 170601 474
170098 170095 856
170098 170468 582
170545 170095 1221
170545 170536 951
170545 170546 1305
170545 170547 1459
170598 170597 1029
170598 170599 848
170598 170600 1459
170598 170605 521
170597 170596 238
170597 170598 1029
170597 170602 848
170597 170624 1183
170542 170535 984
170542 170543 202
170542 172574 954
170463 170452 1004
170463 170469 222
170463 170535 1858
170536 170535 984
170536 170537 1438
170536 170544 1501
170536 170545 951
170482 170481 796
170482 170483 767
170482 170487 445
170490 170489 1669
170527 170526 475
170527 170528 843
170494 170493 1127
170494 170528 438
170495 170481 934
170495 170496 601
170495 170534 1357
170097 170096 752
170601 170096 474
170601 170600 452
170601 172202 710
170468 170098 582
170468 170461 767
170468 170467 2007
170468 170471 1485
170546 170537 452
170546 170545 1305
170600 170598 1459
170600 170601 452
170600 170606 384
170600 172576 752
170605 170598 521
170605 170604 268
170605 170606 1442
170602 170597 848
170602 170603 477
170602 170623 355
170624 170597 1183
172574 170542 954
172574 172575 1114
172574 172739 788
170452 170453 506
170452 170455 1114
170452 170463 1004
170452 172739 476
170469 170463 222
170469 170464 64
170469 170538 344
170537 170536 1438
170537 170538 344
170537 170546 452
170481 170482 796
170481 170486 333
170481 170495 934
170483 170482 767
170483 170484 1454
170493 170494 1127
170493 170497 518
170496 170495 601
172202 170601 710
170461 170460 2007
170461 170462 767
170461 170468 767
170461 170471 1336
170467 170460 767
170467 170468 2007
170467 172738 425
170471 170461 1336
170471 170468 1485
170471 170472 444
170606 170586 405
170606 170600 384
170606 170605 1442
170606 172577 645
172576 170600 752
170604 170577 518
170604 170603 678
170604 170605 268
170603 170602 477
170603 170604 678
170603 170638 1505
170623 170602 355
170623 170622 1029
170623 170641 818
172575 170484 3233
172575 172574 1114
172575 172740 644
172739 170452 476
172739 172574 788
170453 170452 506
170453 170454 355
170453 170459 848
170455 170439 2667
170455 170452 1114
170455 172740 789
170464 170459 818
170464 170469 64
170538 170469 344
170538 170537 344
170538 172738 81
170486 170481 333
170486 170485 1889
170486 170492 924
170484 170483 1454
170484 170485 984
170484 172575 3233
170484 172741 245
170497 170492 1186
170497 170493 518
170497 170508 1094
170460 170458 767
170460 170461 2007
170460 170467 767
170462 170447 667
170462 170461 767
170462 170465 782
172738 170467 425
172738 170538 81
170472 170471 444
170472 170473 776
170586 170587 986
170586 170588 276
170586 170606 405
172577 170606 645
170577 170578 848
170577 170588 678
170577 170604 518
170638 170603 1505
170638 170639 518
170638 170655 818
170622 170623 1029
170641 170623 818
170641 170642 688
170641 172579 710
172740 170455 789
172740 172575 644
170454 170449 1014
170454 170453 355
170454 170456 1270
170459 170453 848
170459 170457 1433
170459 170464 818
170439 170438 1323
170439 170440 1284
170439 170455 2667
170485 170484 984
170485 170486 1889
170492 170486 924
170492 170497 1186
172741 170438 1110
172741 170484 245
170508 170497 1094
170458 170446 139
170458 170457 782
170458 170460 767
170447 170446 1004
170447 170448 684
170447 170462 667
170465 170462 782
170465 170466 759
170465 170474 672
170473 170472 776
170473 170474 445
170473 170572 333
170587 170586 986
170588 170577 678
170588 170586 276
170588 170589 511
170578 170577 848
170578 170579 848
170578 170640 791
170639 170638 518
170655 170638 818
170655 170654 796
170655 170656 553
170642 170641 688
170642 170643 713
170642 172581 791
172579 170641 710
170449 170440 2688
170449 170450 843
170449 170454 1014
170456 170445 907
170456 170454 1270
170456 170457 581
170457 170456 581
170457 170458 782
170457 170459 1433
170438 170422 1356
170438 170437 1030
170438 170439 1323
170438 172741 1110
170440 170439 1284
170440 170441 1087
170440 170449 2688
170446 170445 1300
170446 170447 1004
170446 170458 139
170448 170080 1305
170448 170447 684
170448 170466 1344
170466 170072 767
170466 170448 1344
170466 170465 759
170474 170073 2027
170474 170465 672
170474 170473 445
170572 170093 2552
170572 170473 333
170572 170573 796
170589 170588 511
170589 170590 1884
170589 170591 1903
170579 170578 848
170579 170580 747
170579 170608 601
170640 170578 791
170654 170655 796
170656 170655 553
170643 170642 713
172581 170642 791
170450 170449 843
170445 170446 1300
170445 170456 907
170422 170438 1356
170437 170438 1030
170441 170440 1087
170080 170072 713
170080 170448 1305
170072 170073 890
170072 170080 713
170072 170466 767
170073 170072 890
170073 170474 2027
170093 170572 2552
170573 170572 796
170590 170589 1884
170590 170591 474
170590 170591 474
170591 170589 1903
170591 170590 474
170591 170590 474
170580 170579 747
170608 170579 601
21
170524
170695
170525
170526
170696
170527
170485
170492
170654
170643
170450
170445
170422
170437
170441
170080
170072
170073
170093
170573
170580
