500
26308 26309 738
26308 26422 2319
26308 29199 403
26309 26308 738
26309 26441 2230
26309 26442 806
26422 26308 2319
29199 26308 403
29199 29185 537
29199 29191 2180
26441 26309 2230
26441 26310 1073
26441 29191 1073
26442 26309 806
26442 26437 2041
26442 26443 403
29185 29183 537
29185 29186 1993
29185 29199 537
29191 26441 1073
29191 29184 1140
29191 29192 1224
29191 29199 2180
26310 26441 1073
26310 26443 2335
26437 26442 2041
26443 26310 2335
26443 26442 403
26443 26444 403
29183 29181 403
29183 29184 2230
29183 29185 537
29186 26421 806
29186 29185 1993
29184 29182 738
29184 29183 2230
29184 29191 1140
29192 29189 1161
29192 29190 1677
29192 29191 1224
26444 26443 403
26444 26445 474
26444 26461 1864
29181 26421 1951
29181 29175 873
29181 29183 403
26421 29180 939
26421 29181 1951
26421 29186 806
29182 29133 1475
29182 29175 2305
29182 29184 738
29182 29190 1205
29189 29188 1543
29189 29192 1161
29189 29193 1115
29189 29198 2148
29190 29182 1205
29190 29188 1220
29190 29192 1677
29190 34320 1656
26445 26444 474
26445 26446 927
26445 26448 336
26461 26444 1864
29175 29174 1073
29175 29180 1902
29175 29181 873
29175 29182 2305
29180 26421 939
29180 29175 1902
29180 29179 1009
29133 29131 1140
29133 29174 2272
29133 29182 1475
29188 29160 873
29188 29163 1022
29188 29189 1543
29188 29190 1220
29193 29163 1409
29193 29189 1115
29193 29195 873
29198 29189 2148
34320 29156 693
34320 29190 1656
26446 26445 927
26448 26445 336
26448 26449 738
26448 26463 1115
29174 29133 2272
29174 29175 1073
29174 29179 1951
29179 29174 1951
29179 29180 1009
29131 29130 403
29131 29133 1140
29160 29159 806
29160 29187 557
29160 29188 873
29163 29155 806
29163 29162 1854
29163 29188 1022
29163 29193 1409
29195 29165 927
29195 29193 873
29195 29196 2147
29156 29132 602
29156 34320 693
26449 26448 738
26449 26467 983
26449 26469 336
26463 26448 1115
26463 26462 697
26463 26466 738
29130 29128 738
29130 29131 403
29130 29132 1161
29159 29154 806
29159 29158 747
29159 29160 806
29187 29160 557
29155 29134 2817
29155 29140 697
29155 29163 806
29162 29138 873
29162 29163 1854
29162 29165 1140
29165 29162 1140
29165 29195 927
29196 29195 2147
29196 29200 474
29132 29130 1161
29132 29153 1254
29132 29156 602
29132 34319 841
26467 26449 983
26467 26466 252
26467 26468 2354
26469 26449 336
26469 26470 1008
26462 26463 697
26466 26463 738
26466 26465 344
26466 26467 252
29128 29118 1146
29128 29130 738
29154 29153 738
29154 29157 697
29154 29159 806
29158 29159 747
29134 29006 2750
29134 29139 836
29134 29151 1029
29134 29155 2817
29140 29138 1066
29140 29139 2823
29140 29155 697
29138 29136 2951
29138 29140 1066
29138 29162 873
29200 29196 474
29153 29132 1254
29153 29151 202
29153 29154 738
34319 29132 841
34319 34318 736
26468 26467 2354
26468 26471 610
26468 26475 788
26470 26458 884
26470 26469 1008
26470 26475 873
26465 26464 474
26465 26466 344
26465 26471 2147
29118 29128 1146
29157 29154 697
29006 29005 1684
29006 29009 1901
29006 29114 1022
29006 29134 2750
29139 29134 836
29139 29136 889
29139 29140 2823
29151 29134 1029
29151 29137 537
29151 29153 202
29136 29011 1140
29136 29138 2951
29136 29139 889
34318 29119 816
34318 34319 736
26471 26465 2147
26471 26468 610
26471 26472 939
26471 26507 511
26475 26468 788
26475 26470 873
26458 26470 884
26458 26473 697
26464 26465 474
29005 29006 1684
29009 29006 1901
29009 29008 848
29009 29010 796
29009 29011 1008
29114 29006 1022
29114 29115 873
29114 29117 1254
29137 29127 806
29137 29151 537
29137 29152 836
29011 29009 1008
29011 29135 1124
29011 29136 1140
29119 29117 758
29119 34318 816
26472 26471 939
26507 26471 511
26473 26458 697
29008 29007 476
29008 29009 848
29010 29009 796
29010 29012 1445
29115 29114 873
29115 29120 836
29115 29127 738
29117 29114 1254
29117 29119 758
29127 29115 738
29127 29126 889
29127 29137 806
29152 29137 836
29135 29011 1124
29007 29008 476
29007 40212 421
29012 29010 1445
29012 29014 1730
29012 29015 2350
29120 29115 836
29126 29127 889
40212 29007 421
40212 40208 168
29014 29012 1730
29014 29141 1198
29014 29142 688
29015 29012 2350
29015 29146 747
29015 29147 673
40208 40204 2334
40208 40211 682
40208 40212 168
40208 40213 6073
29141 29014 1198
29142 29014 688
29142 29143 279
29142 29146 709
29146 29015 747
29146 29142 709
29146 29148 605
29147 29015 673
29147 29148 650
29147 29150 806
40204 40203 1810
40204 40208 2334
40211 40179 3199
40211 40180 4236
40211 40207 1334
40211 40208 682
40213 40208 6073
40213 41304 341
29143 29142 279
29143 29144 1867
29143 29145 1543
29148 29146 605
29148 29147 650
29148 29149 806
29150 29147 806
29150 29149 650
29150 29161 873
40203 40202 1055
40203 40204 1810
40179 40149 551
40179 40193 2216
40179 40211 3199
40180 40178 4982
40180 40210 1863
40180 40211 4236
40207 40195 1140
40207 40211 1334
41304 40213 341
41304 41305 6964
29144 29143 1867
29144 29211 238
29144 29212 806
29145 29143 1543
29145 29149 697
29145 29214 939
29149 29145 697
29149 29148 806
29149 29150 650
29161 29150 873
29161 29214 1299
29161 29232 789
40202 40186 354
40202 40201 1014
40202 40203 1055
40149 40147 889
40149 40150 2063
40149 40179 551
40193 40151 276
40193 40179 2216
40193 40194 599
40178 40176 796
40178 40180 4982
40210 40180 1863
40210 40209 275
40195 40192 2013
40195 40197 924
40195 40207 1140
41305 41304 6964
41305 41314 2008
29211 29144 238
29211 29210 1305
29211 29213 796
29212 29144 806
29212 29213 697
29212 29214 836
29214 29145 939
29214 29161 1299
29214 29212 836
29214 29231 806
29232 29161 789
29232 34321 736
40186 40142 3864
40186 40188 951
40186 40191 1140
40186 40202 354
40201 40187 688
40201 40188 168
40201 40202 1014
40147 40143 3009
40147 40144 1302
40147 40149 889
40147 40176 2110
40150 40149 2063
40150 40151 421
40151 40148 1248
40151 40150 421
40151 40193 276
40194 40192 1140
40194 40193 599
40194 40196 373
40176 40144 2605
40176 40147 2110
40176 40177 238
40176 40178 796
40209 40210 275
40209 41307 7062
40192 40189 629
40192 40194 1140
40192 40195 2013
40197 40191 713
40197 40195 924
40197 40198 2013
41314 41305 2008
41314 41312 4731
29210 29211 1305
29213 29211 796
29213 29212 697
29213 29215 1140
29213 29216 2616
29231 29214 806
29231 29233 738
29231 29234 927
34321 29232 736
34321 34322 861
40142 40139 1259
40142 40145 1161
40142 40184 1031
40142 40186 3864
40188 40185 1771
40188 40186 951
40188 40187 747
40188 40201 168
40191 40146 2721
40191 40186 1140
40191 40197 713
40187 40183 1932
40187 40188 747
40187 40199 6814
40187 40201 688
40187 41681 7168
40143 40138 1224
40143 40145 1505
40143 40147 3009
40143 40148 984
40144 40138 2796
40144 40147 1302
40144 40157 336
40144 40176 2605
40148 40143 984
40148 40151 1248
40148 40189 276
40196 40194 373
40177 40159 418
40177 40176 238
41307 40209 7062
41307 41281 3156
41307 41308 713
40189 40148 276
40189 40190 976
40189 40192 629
40198 40197 2013
41312 41313 558
41312 41314 4731
29215 29213 1140
29215 29221 330
29215 29223 1745
29216 29213 2616
29216 29223 697
29216 29244 1947
29233 29231 738
29233 29235 927
29233 29236 738
29234 29231 927
34322 34321 861
40139 40101 1375
40139 40128 1305
40139 40141 1100
40139 40142 1259
40145 40142 1161
40145 40143 1505
40145 40146 1225
40184 40140 344
40184 40142 1031
40184 40185 2206
40185 40183 688
40185 40184 2206
40185 40188 1771
40146 40145 1225
40146 40190 635
40146 40191 2721
40183 40182 2206
40183 40185 688
40183 40187 1932
40199 40187 6814
40199 105281 373
41681 40187 7168
41681 105536 709
40138 40134 1578
40138 40136 1031
40138 40143 1224
40138 40144 2796
40157 40144 336
40157 40155 252
40159 40033 1180
40159 40161 1700
40159 40177 418
41281 41276 403
41281 41280 713
41281 41307 3156
41308 41292 2053
41308 41307 713
41308 41310 3855
40190 40146 635
40190 40189 976
41313 41302 1247
41313 41312 558
29221 29215 330
29223 29215 1745
29223 29216 697
29244 29216 1947
29235 29233 927
29236 29233 738
40101 40139 1375
40101 40140 1259
40128 40139 1305
40141 40136 642
40141 40139 1100
40140 40101 1259
40140 40182 344
40140 40184 344
40182 40140 344
40182 40183 2206
105281 40199 373
105536 41681 709
40134 40138 1578
40136 40138 1031
40136 40141 642
40155 40157 252
40033 40159 1180
40161 40159 1700
41276 41281 403
41280 41281 713
41280 41292 1104
41292 41280 1104
41292 41308 2053
41310 41308 3855
41302 41313 1247
174
26422
26310
26437
26443
26444
26421
26445
26461
29180
29193
29198
26446
26448
29174
29179
29131
29163
29195
26449
26463
29130
29155
29162
29165
29196
29132
26467
26469
26462
26466
29128
29134
29140
29138
29200
29153
34319
26468
26470
26465
29118
29006
29139
29151
29136
34318
26471
26475
26458
26464
29005
29009
29114
29137
29011
29119
26472
26507
26473
29008
29010
29115
29117
29127
29152
29135
29007
29012
29120
29126
40212
29014
29015
40208
29141
29142
29146
29147
40204
40211
40213
29143
29148
29150
40203
40179
40180
40207
41304
29144
29145
29149
29161
40202
40149
40193
40178
40210
40195
41305
29211
29212
29214
29232
40186
40201
40147
40150
40151
40194
40176
40209
40192
40197
41314
29210
29213
29231
34321
40142
40188
40191
40187
40143
40144
40148
40196
40177
41307
40189
40198
41312
29215
29216
29233
29234
34322
40139
40145
40184
40185
40146
40183
40199
41681
40138
40157
40159
41281
41308
40190
41313
29221
29223
29244
29235
29236
40101
40128
40141
40140
40182
105281
105536
40134
40136
40155
40033
40161
41276
41280
41292
41310
41302
