664
139796 139797 1028
139796 141012 1969
139797 139796 1028
139797 141022 1638
139797 144336 1015
141012 139796 1969
141012 141054 237
141012 141056 274
141022 139797 1638
141022 141017 219
141022 141023 41
141022 141026 1682
144336 139797 1015
144336 144289 907
141054 141009 439
141054 141012 237
141054 141042 367
141054 144775 714
141056 141012 274
141056 141036 584
141056 141053 548
141056 144289 932
141017 141014 232
141017 141015 656
141017 141022 219
141023 141022 41
141023 141024 1023
141023 141027 1628
141023 141107 1349
141026 141018 168
141026 141022 1682
141026 141025 103
141026 141027 173
144289 141056 932
144289 144336 907
144289 146937 967
141009 140728 1115
141009 140757 1363
141009 140760 755
141009 141008 953
141009 141042 577
141009 141054 439
141042 141009 577
141042 141043 653
141042 141053 254
141042 141054 367
144775 141054 714
141036 141033 968
141036 141056 584
141036 141057 803
141036 141058 243
141053 141042 254
141053 141056 548
141053 141057 532
141014 141000 1143
141014 141016 777
141014 141017 232
141015 141006 274
141015 141011 1424
141015 141017 656
141024 141023 1023
141024 141030 794
141024 141032 1102
141027 141023 1628
141027 141025 220
141027 141026 173
141027 141028 649
141027 141105 349
141107 141023 1349
141107 141028 495
141107 141108 341
141107 141113 1987
141018 141013 1187
141018 141016 842
141018 141021 260
141018 141026 168
141025 140960 2481
141025 141021 257
141025 141026 103
141025 141027 220
146937 141030 863
146937 144289 967
140728 140722 1478
140728 140727 965
140728 140757 754
140728 141009 1115
140757 140724 1486
140757 140728 754
140757 140756 851
140757 140760 1114
140757 141009 1363
140760 140757 1114
140760 140761 798
140760 141009 755
140760 141043 694
141008 140727 1203
141008 141009 953
141008 141010 778
141043 140760 694
141043 141042 653
141043 141044 819
141043 141045 639
141033 141029 647
141033 141035 1110
141033 141036 968
141057 141036 803
141057 141045 744
141057 141053 532
141057 141059 1062
141058 141036 243
141058 141037 1027
141058 141072 877
141000 140995 1455
141000 141001 827
141000 141002 753
141000 141014 1143
141016 141001 1113
141016 141014 777
141016 141018 842
141006 141002 429
141006 141005 547
141006 141015 274
141011 141004 1241
141011 141007 794
141011 141015 1424
141011 150397 759
141030 141024 794
141030 141029 810
141030 141031 1112
141030 146937 863
141032 141024 1102
141032 141031 771
141032 141039 898
141032 141108 1310
141028 141027 649
141028 141107 495
141028 141112 1898
141105 141027 349
141105 141106 1240
141105 141111 1710
141108 141032 1310
141108 141107 341
141108 141115 814
141113 141107 1987
141113 141112 813
141113 141114 849
141113 141125 1377
141013 140912 1471
141013 140921 817
141013 141001 760
141013 141018 1187
141021 141018 260
141021 141020 517
141021 141025 257
141021 141104 883
140960 140959 813
140960 140962 671
140960 140979 1519
140960 140981 456
140960 141019 1929
140960 141025 2481
140960 141104 1439
140960 141109 313
140722 140704 1338
140722 140721 901
140722 140724 778
140722 140728 1478
140727 140721 1444
140727 140726 810
140727 140728 965
140727 141008 1203
140724 140707 595
140724 140722 778
140724 140755 876
140724 140757 1486
140756 140755 1534
140756 140757 851
140756 140759 785
140756 140761 1194
140761 140756 1194
140761 140760 798
140761 140762 909
140761 141044 563
141010 140726 1217
141010 141007 631
141010 141008 778
141044 140761 563
141044 141043 819
141044 141046 918
141044 141049 719
141045 141043 639
141045 141049 819
141045 141055 1095
141045 141057 744
141029 141030 810
141029 141033 647
141029 141034 1078
141035 141033 1110
141035 141034 714
141035 141037 237
141035 141038 351
141059 141055 730
141059 141057 1062
141059 141072 1007
141059 141073 1436
141037 141035 237
141037 141038 404
141037 141058 1027
141037 141072 467
141072 141037 467
141072 141058 877
141072 141059 1007
141072 141074 1347
140995 140713 1417
140995 140994 782
140995 140999 739
140995 141000 1455
141001 140999 1505
141001 141000 827
141001 141013 760
141001 141016 1113
141002 140994 1432
141002 141000 753
141002 141005 428
141002 141006 429
141005 141002 428
141005 141003 548
141005 141006 547
141004 140725 785
141004 140997 1477
141004 141003 842
141004 141011 1241
141007 140725 1265
141007 141010 631
141007 141011 794
150397 141011 759
141031 141030 1112
141031 141032 771
141031 141034 826
141031 141040 1332
141039 141032 898
141039 141040 885
141039 141115 719
141039 141118 1888
141112 141028 1898
141112 141111 813
141112 141113 813
141112 141124 1328
141106 141105 1240
141106 141109 844
141106 141110 751
141111 141105 1710
141111 141110 736
141111 141112 813
141111 141123 1362
141115 141039 719
141115 141108 814
141115 141114 1913
141114 141113 849
141114 141115 1913
141114 141118 772
141114 141126 1379
141125 141113 1377
141125 141124 858
141125 141126 830
141125 141130 1416
140912 140908 1361
140912 140913 830
140912 140999 808
140912 141013 1471
140921 140913 1482
140921 141013 817
140921 141019 469
141020 141019 734
141020 141021 517
141020 141104 766
141104 140960 1439
141104 141020 766
141104 141021 883
140959 140925 1963
140959 140958 815
140959 140960 813
140959 140961 513
140962 140960 671
140962 140961 391
140962 140963 738
140979 140960 1519
140979 140978 174
140979 140980 271
140979 140985 1725
140981 140960 456
140981 140980 1115
140981 140982 908
140981 141109 522
141019 140921 469
141019 140922 575
141019 140960 1929
141019 141020 734
141109 140960 313
141109 140981 522
141109 141106 844
141109 141110 466
140704 140698 1412
140704 140701 747
140704 140705 899
140704 140722 1338
140721 140705 1379
140721 140719 793
140721 140722 901
140721 140727 1444
140726 140719 1436
140726 140725 647
140726 140727 810
140726 141010 1217
140707 140701 718
140707 140723 703
140707 140724 595
140755 140724 876
140755 140756 1534
140759 140754 449
140759 140756 785
140759 140758 844
140759 140762 1224
140762 140759 1224
140762 140761 909
140762 140764 434
140762 141046 587
141046 140762 587
141046 140766 267
141046 141044 918
141046 141047 695
141049 141044 719
141049 141045 819
141049 141047 827
141049 141060 1095
141055 141045 1095
141055 141059 730
141055 141060 819
141055 141075 1403
141034 141029 1078
141034 141031 826
141034 141035 714
141034 141041 1395
141038 141035 351
141038 141037 404
141038 141041 1217
141038 141077 1074
141073 141059 1436
141073 141074 1031
141073 141075 744
141073 141080 1412
141074 141072 1347
141074 141073 1031
141074 141077 761
141074 141079 1509
140713 140622 1289
140713 140711 793
140713 140907 725
140713 140995 1417
140994 140711 1431
140994 140995 782
140994 140998 801
140994 141002 1432
140999 140907 1406
140999 140912 808
140999 140995 739
140999 141001 1505
141003 140996 277
141003 141004 842
141003 141005 548
140725 140720 1444
140725 140726 647
140725 141004 785
140725 141007 1265
140997 140716 266
140997 140717 687
140997 141004 1477
141040 141031 1332
141040 141039 885
141040 141116 863
141040 141119 1897
141118 141039 1888
141118 141114 772
141118 141119 813
141118 141132 1416
141124 141112 1328
141124 141123 790
141124 141125 858
141124 141129 1464
141110 141106 751
141110 141109 466
141110 141111 736
141110 141122 1343
141123 141111 1362
141123 141122 738
141123 141124 790
141123 141128 1451
141126 141114 1379
141126 141125 830
141126 141131 1413
141126 141132 776
141130 141125 1416
141130 141129 794
141130 141131 849
141130 141310 1434
140908 140621 1349
140908 140907 867
140908 140909 816
140908 140912 1361
140913 140909 1324
140913 140912 830
140913 140920 763
140913 140921 1482
140925 140922 262
140925 140924 806
140925 140959 1963
140958 140924 1872
140958 140954 754
140958 140959 815
140958 140975 1418
140961 140959 513
140961 140962 391
140961 140963 630
140963 140961 630
140963 140962 738
140963 140978 263
140978 140963 263
140978 140975 699
140978 140979 174
140978 140984 1243
140980 140979 271
140980 140981 1115
140980 140982 550
140980 140983 505
140985 140977 187
140985 140979 1725
140985 140984 352
140985 140989 896
140985 140990 204
140985 140992 386
140982 140980 550
140982 140981 908
140982 140993 1445
140982 141122 759
140922 140920 1301
140922 140925 262
140922 141019 575
140698 140656 1461
140698 140699 735
140698 140700 916
140698 140704 1412
140701 140699 1477
140701 140703 762
140701 140704 747
140701 140707 718
140705 140700 1420
140705 140704 899
140705 140706 778
140705 140721 1379
140719 140706 1412
140719 140720 662
140719 140721 793
140719 140726 1436
140723 140703 752
140723 140707 703
140723 140753 391
140754 140736 1063
140754 140738 1102
140754 140759 449
140758 140740 1253
140758 140759 844
140758 140763 955
140758 140764 1302
140764 140758 1302
140764 140762 434
140764 140765 941
140764 140766 630
140766 140764 630
140766 141046 267
140766 141048 1030
140766 141050 683
141047 141046 695
141047 141049 827
141047 141050 98
141047 141051 336
141060 141049 1095
141060 141055 819
141060 141062 764
141060 141064 1363
141075 141055 1403
141075 141064 777
141075 141073 744
141075 141081 1371
141041 141034 1395
141041 141038 1217
141041 141077 602
141041 141116 438
141077 141038 1074
141077 141041 602
141077 141074 761
141077 141078 343
141080 141073 1412
141080 141079 843
141080 141081 745
141080 141143 654
141079 141074 1509
141079 141080 843
141079 141141 385
141079 141144 431
140622 140617 1480
140622 140620 805
140622 140623 779
140622 140713 1289
140711 140620 1304
140711 140712 757
140711 140713 793
140711 140994 1431
140907 140623 1309
140907 140713 725
140907 140908 867
140907 140999 1406
140998 140718 319
140998 140994 801
140998 140996 791
140996 140717 1189
140996 140998 791
140996 141003 277
140720 140697 1387
140720 140716 548
140720 140719 662
140720 140725 1444
140716 140715 1250
140716 140720 548
140716 140997 266
140717 140714 1113
140717 140718 349
140717 140996 1189
140717 140997 687
141116 141040 863
141116 141041 438
141116 141117 798
141116 141120 1887
141119 141040 1897
141119 141118 813
141119 141120 955
141119 141133 1395
141132 141118 1416
141132 141126 776
141132 141133 829
141132 141136 1379
141129 141124 1464
141129 141128 847
141129 141130 794
141129 141309 1450
141122 140982 759
141122 141110 1343
141122 141123 738
141128 141123 1451
141128 141129 847
141131 141126 1413
141131 141130 849
141131 141136 754
141310 141130 1434
141310 141309 774
140621 140623 860
140621 140908 1349
140909 140908 816
140909 140913 1324
140920 140913 763
140920 140922 1301
140924 140925 806
140924 140958 1872
140954 140958 754
140975 140958 1418
140975 140978 699
140975 140984 1027
140984 140975 1027
140984 140977 479
140984 140978 1243
140984 140985 352
140983 140980 505
140983 140990 1175
140977 140984 479
140977 140985 187
140989 140985 896
140990 140983 1175
140990 140985 204
140990 140992 376
140992 140985 386
140992 140990 376
140993 140982 1445
140656 140698 1461
140699 140698 735
140699 140701 1477
140700 140698 916
140700 140705 1420
140703 140701 762
140703 140723 752
140706 140697 654
140706 140705 778
140706 140719 1412
140753 140723 391
140753 140738 885
140736 140738 352
140736 140740 905
140736 140754 1063
140738 140736 352
140738 140753 885
140738 140754 1102
140740 140736 905
140740 140758 1253
140763 140758 955
140765 140764 941
140765 141048 381
141048 140765 381
141048 140766 1030
141050 140766 683
141050 141047 98
141050 141051 348
141051 141047 336
141051 141050 348
141051 141062 813
141062 141051 813
141062 141060 764
141064 141060 1363
141064 141075 777
141081 141075 1371
141081 141080 745
141078 141077 343
141078 141117 464
141143 141080 654
141143 141144 738
141141 141079 385
141144 141079 431
141144 141143 738
140617 140622 1480
140620 140622 805
140620 140711 1304
140623 140621 860
140623 140622 779
140623 140907 1309
140712 140711 757
140712 140714 803
140712 140718 1034
140718 140712 1034
140718 140717 349
140718 140998 319
140697 140706 654
140697 140720 1387
140715 140714 639
140715 140716 1250
140714 140712 803
140714 140715 639
140714 140717 1113
141117 141078 464
141117 141116 798
141120 141116 1887
141120 141119 955
141133 141119 1395
141133 141132 829
141136 141131 754
141136 141132 1379
141309 141129 1450
141309 141310 774
51
141122
141128
141131
141310
140621
140909
140920
140924
140954
140975
140984
140983
140977
140989
140990
140992
140993
140656
140699
140700
140703
140706
140753
140736
140738
140740
140763
140765
141048
141050
141051
141062
141064
141081
141078
141143
141141
141144
140617
140620
140623
140712
140718
140697
140715
140714
141117
141120
141133
141136
141309
