42
10979 10980 1591
10979 10985 709
10979 11069 853
10980 10979 1591
10980 13414 706
10985 10979 709
10985 10986 1103
11069 10979 853
11069 11068 717
11069 11071 2165
13414 10980 706
10986 10985 1103
10986 11071 809
10986 34106 759
11068 11066 634
11068 11069 717
11068 11070 991
11071 10986 809
11071 11069 2165
11071 11072 879
34106 10986 759
11066 11068 634
11070 11068 991
11070 11072 2412
11070 11073 2956
11072 11070 2412
11072 11071 879
11072 11073 1158
11073 11070 2956
11073 11072 1158
11073 11081 2280
11073 11088 1586
11081 11073 2280
11081 11080 1796
11088 11073 1586
11088 11089 1031
11080 11078 967
11080 11081 1796
11089 11088 1031
11089 11091 971
11078 11080 967
11091 11089 971
15
10980
10985
13414
10986
11071
34106
11066
11072
11073
11081
11088
11080
11089
11078
11091
