502
103403 103404 57
103403 103405 1446
103404 103403 57
103404 111453 2419
103405 103403 1446
103405 105582 3882
111453 103404 2419
111453 111445 111
105582 103405 3882
105582 105581 610
105582 110814 676
105582 111396 1124
111445 111443 493
111445 111453 111
105581 105579 252
105581 105582 610
105581 110814 403
105581 110816 672
110814 105581 403
110814 105582 676
110814 110757 4169
110814 110813 806
111396 105582 1124
111396 111394 938
111396 111397 516
111443 111437 336
111443 111444 498
111443 111445 493
105579 105580 376
105579 105581 252
105579 111414 1415
105579 112475 713
110816 105581 672
110816 110817 853
110816 112475 551
110757 110261 344
110757 110758 629
110757 110814 4169
110813 110281 628
110813 110285 580
110813 110814 806
110813 110815 696
111394 111395 672
111394 111396 938
111394 111401 1592
111394 111406 1181
111397 110285 826
111397 111396 516
111397 111398 562
111437 111438 606
111437 111443 336
111437 111659 818
111444 110838 3520
111444 111443 498
105580 105579 376
111414 105579 1415
111414 111413 511
111414 112476 688
111414 112478 1611
112475 105579 713
112475 110816 551
112475 112476 1495
110817 110816 853
110817 110818 2177
110817 113835 191
110261 110258 2868
110261 110260 1560
110261 110757 344
110758 110757 629
110758 110759 1336
110758 110808 1615
110281 110275 1114
110281 110282 570
110281 110285 826
110281 110813 628
110285 110281 826
110285 110290 782
110285 110813 580
110285 111397 826
110815 110813 696
111395 111394 672
111395 111398 681
111395 111399 2016
111401 111394 1592
111401 111402 1208
111401 111407 1161
111406 111394 1181
111406 111405 832
111406 111412 877
111398 110290 764
111398 111395 681
111398 111397 562
111398 111400 2016
111438 111437 606
111438 111449 75
111659 111437 818
111659 111661 924
110838 110834 6602
110838 111444 3520
111413 111414 511
112476 110825 1454
112476 111414 688
112476 112475 1495
112478 110825 747
112478 111414 1611
112478 112477 556
112478 112479 869
110818 110817 2177
110818 110820 2179
110818 110832 2016
113835 110817 191
110258 110250 847
110258 110259 2239
110258 110261 2868
110258 110744 818
110260 110248 2868
110260 110261 1560
110260 110263 713
110260 110284 982
110759 110744 1062
110759 110758 1336
110759 110809 475
110808 110758 1615
110808 110819 285
110275 110263 713
110275 110274 826
110275 110281 1114
110282 110281 570
110282 110283 380
110290 110252 1919
110290 110285 782
110290 110289 598
110290 111398 764
111399 111395 2016
111399 111400 681
111399 111402 473
111402 111383 3323
111402 111399 473
111402 111401 1208
111407 111401 1161
111405 103406 964
111405 111406 832
111412 111406 877
111400 110252 869
111400 111398 2016
111400 111399 681
111449 111438 75
111449 111450 869
111661 111659 924
111661 111662 1031
110834 110833 1306
110834 110838 6602
110834 111660 418
110834 112575 2644
110825 110823 649
110825 110826 904
110825 112476 1454
110825 112478 747
112477 112478 556
112479 112478 869
110820 110818 2179
110820 110821 793
110820 110832 1032
110832 110818 2016
110832 110820 1032
110832 110830 168
110832 110861 1955
110250 110248 713
110250 110251 2203
110250 110258 847
110250 110262 1532
110259 110251 747
110259 110258 2239
110259 110731 847
110259 113671 434
110744 110258 818
110744 110751 904
110744 110759 1062
110744 110810 610
110248 110247 713
110248 110249 1964
110248 110250 713
110248 110260 2868
110263 110247 2868
110263 110260 713
110263 110275 713
110263 110283 1101
110284 110260 982
110284 110283 649
110809 110759 475
110819 110808 285
110819 110812 1032
110274 110273 1964
110274 110275 826
110274 110278 818
110283 110263 1101
110283 110282 380
110283 110284 649
110252 110223 562
110252 110253 598
110252 110290 1919
110252 111400 869
110289 110253 1919
110289 110287 598
110289 110290 598
111383 111382 1265
111383 111384 418
111383 111402 3323
103406 103407 983
103406 103408 788
103406 111405 964
111450 111449 869
111450 111452 713
111450 111455 713
111450 111456 336
111662 111661 1031
111662 111663 1401
110833 110834 1306
110833 112481 373
111660 110834 418
111660 111664 1137
111660 112576 3627
112575 110834 2644
112575 112594 1931
110823 110824 1094
110823 110825 649
110826 110825 904
110821 110820 793
110821 110822 3249
110821 110864 475
110830 110829 3838
110830 110831 1680
110830 110832 168
110861 110832 1955
110861 110862 344
110861 110864 1223
110251 110249 836
110251 110250 2203
110251 110259 747
110251 113670 708
110262 110250 1532
110731 110224 840
110731 110259 847
110731 110732 889
110731 110760 676
113671 110259 434
110751 110744 904
110751 110750 1530
110751 110760 764
110810 110744 610
110810 110811 475
110247 110246 1769
110247 110248 713
110247 110263 2868
110247 110273 747
110249 110246 696
110249 110248 1964
110249 110251 836
110812 110780 672
110812 110811 475
110812 110819 1032
110273 110247 747
110273 110272 1415
110273 110274 1964
110273 110277 818
110278 110255 1344
110278 110274 818
110278 110279 1061
110278 110286 826
110223 110220 333
110223 110252 562
110253 110252 598
110253 110254 764
110253 110289 1919
110287 110286 354
110287 110288 837
110287 110289 598
111382 111381 2616
111382 111383 1265
111382 111408 1257
111384 111383 418
111384 111393 373
103407 103406 983
103408 103406 788
103408 103409 1220
103408 111404 884
103408 111436 806
111452 111450 713
111452 111451 2407
111452 111456 889
111455 111450 713
111455 112579 445
111456 111450 336
111456 111452 889
111456 111457 551
111663 111662 1401
111663 111664 4967
112481 110833 373
112481 112482 649
112481 112625 1344
111664 111660 1137
111664 111663 4967
112576 111660 3627
112594 112575 1931
112594 112593 1339
110824 110823 1094
110824 110837 340
110822 110797 255
110822 110821 3249
110822 113869 1041
110864 110821 475
110864 110861 1223
110864 110863 796
110829 110827 418
110829 110830 3838
110829 110845 4875
110831 110830 1680
110862 110861 344
110862 110865 222
113670 110251 708
110224 110222 420
110224 110731 840
110732 110731 889
110732 110733 809
110732 110761 982
110760 110731 676
110760 110751 764
110760 110761 713
110750 110749 516
110750 110751 1530
110811 110810 475
110811 110812 475
110246 110247 1769
110246 110249 696
110246 110272 872
110780 110776 1445
110780 110812 672
110272 110246 872
110272 110273 1415
110272 110276 1179
110277 110273 818
110277 110276 516
110277 110279 904
110277 110280 238
110255 110254 764
110255 110256 1142
110255 110278 1344
110279 110256 713
110279 110277 904
110279 110278 1061
110286 110254 1786
110286 110278 826
110286 110287 354
110220 110219 452
110220 110223 333
110254 110253 764
110254 110255 764
110254 110286 1786
110288 110287 837
111381 111380 279
111381 111382 2616
111381 111425 666
111408 111382 1257
111408 111409 1966
111408 111410 1544
111393 111384 373
111393 111388 557
103409 103408 1220
103409 103410 925
111404 103408 884
111404 111403 872
111436 103408 806
111436 103410 1730
111436 111403 984
111436 111434 950
111451 111440 826
111451 111452 2407
111451 111454 1695
111451 111649 950
112579 111455 445
112579 113582 1135
111457 111456 551
111457 111658 79
111457 111674 930
111457 112577 688
112482 112481 649
112482 112483 847
112482 112626 1139
112625 112481 1344
112625 112626 536
112625 112629 872
112593 112594 1339
112593 112643 1454
110837 110824 340
110837 110828 2004
110837 113826 1358
110797 110775 418
110797 110795 737
110797 110796 1426
110797 110822 255
113869 110822 1041
113869 110841 508
113869 110848 2265
110863 110844 747
110863 110864 796
110827 110828 2067
110827 110829 418
110827 112473 420
110845 110829 4875
110845 110844 4206
110845 110846 1278
110865 110844 420
110865 110862 222
110222 110221 279
110222 110224 420
110733 110732 809
110733 110734 708
110761 110732 982
110761 110760 713
110761 110762 747
110749 110742 1993
110749 110750 516
110749 110762 354
110776 110775 950
110776 110780 1445
110276 110272 1179
110276 110277 516
110276 110280 598
110280 110257 227
110280 110276 598
110280 110277 238
110256 110255 1142
110256 110257 289
110256 110279 713
110219 110220 452
111380 111379 818
111380 111381 279
111380 111422 1102
111425 111381 666
111425 111424 1903
111425 111426 803
111409 111403 847
111409 111408 1966
111409 111411 1501
111410 111408 1544
111410 111411 2340
111410 111426 951
111388 111389 262
111388 111393 557
103410 103409 925
103410 111436 1730
111403 111404 872
111403 111409 847
111403 111436 984
111434 111436 950
111440 111451 826
111454 111451 1695
111649 111451 950
113582 112579 1135
111658 111457 79
111674 111457 930
112577 111457 688
112483 112482 847
112626 112482 1139
112626 112625 536
112629 112625 872
112643 112593 1454
110828 110827 2067
110828 110837 2004
113826 110837 1358
110775 110776 950
110775 110797 418
110795 110797 737
110795 110841 304
110796 110797 1426
110841 110795 304
110841 113869 508
110848 110844 729
110848 113869 2265
110844 110845 4206
110844 110848 729
110844 110863 747
110844 110865 420
112473 110827 420
110846 110845 1278
110221 110222 279
110734 110733 708
110734 110762 551
110762 110734 551
110762 110749 354
110762 110761 747
110742 110749 1993
110257 110256 289
110257 110280 227
111379 111380 818
111422 111380 1102
111424 111425 1903
111426 111410 951
111426 111425 803
111411 111409 1501
111411 111410 2340
111389 111388 262
46
110744
111660
110751
110810
110812
111664
112576
110760
110750
110811
110780
110733
110761
110749
110776
111434
111440
111454
111649
113582
111658
111674
112577
112483
112626
112629
112643
113826
110775
110795
110796
110841
110848
110844
112473
110846
110221
110734
110762
110742
111379
111422
111424
111426
111411
111389
