46
248110 248111 893
248110 248112 2005
248110 248113 3218
248111 248110 893
248112 248110 2005
248112 248118 4266
248112 248136 3028
248113 248110 3218
248113 248134 1096
248113 248136 871
248118 248112 4266
248118 248119 649
248136 248112 3028
248136 248113 871
248136 256553 463
248136 261291 401
248134 248113 1096
248134 248135 347
248134 261291 1664
248119 248118 649
248119 248120 696
248119 248124 2415
256553 248136 463
261291 248134 1664
261291 248136 401
261291 248138 728
248135 248134 347
248120 248119 696
248124 248119 2415
248138 248137 365
248138 261291 728
248137 248138 365
248137 261290 2324
261290 248123 3501
261290 248137 2324
248123 248122 2571
248123 261290 3501
248122 248123 2571
248122 248291 946
248122 248292 724
248291 248122 946
248291 248195 479
248291 264051 404
248292 248122 724
248195 248291 479
264051 248291 404
22
248110
248111
248112
248113
248118
248136
248134
248119
256553
261291
248135
248120
248124
248138
248137
261290
248123
248122
248291
248292
248195
264051
