534
163692 163694 766
163692 166593 1222
163694 163692 766
166593 163692 1222
166593 166595 758
166595 166593 758
166595 166598 2557
166595 166599 1100
166598 166595 2557
166598 166600 1179
166599 166356 1445
166599 166595 1100
166599 166600 2445
166599 166605 842
166600 166598 1179
166600 166599 2445
166600 166602 1891
166600 166604 842
166356 166357 222
166356 166408 842
166356 166599 1445
166605 166408 1445
166605 166599 842
166605 166604 2445
166605 166621 758
166602 166600 1891
166602 166603 337
166602 166616 505
166604 166600 842
166604 166605 2445
166604 166620 1891
166604 166624 758
166357 166356 222
166408 166356 842
166408 166409 139
166408 166605 1445
166408 166622 849
166621 166605 758
166621 166622 1336
166621 166623 842
166621 166624 2445
166603 166602 337
166603 166609 139
166616 166602 505
166616 166615 139
166616 166620 337
166620 166604 1891
166620 166616 337
166620 166626 758
166620 166631 139
166624 166604 758
166624 166621 2445
166624 166625 766
166624 166626 1891
166409 166408 139
166622 166408 849
166622 166619 758
166622 166621 1336
166623 166619 1334
166623 166621 842
166623 166625 2557
166623 166638 850
166609 166603 139
166609 166612 2111
166615 166614 683
166615 166616 139
166626 166620 758
166626 166624 1891
166626 166627 842
166626 166635 562
166631 166620 139
166625 166623 2557
166625 166624 766
166625 166627 1778
166625 166637 927
166619 166617 843
166619 166622 758
166619 166623 1334
166638 166617 1445
166638 166623 850
166638 166637 2445
166638 166656 674
166612 166609 2111
166612 166613 850
166612 166633 2111
166614 166613 1539
166614 166615 683
166627 166625 1778
166627 166626 842
166627 166634 688
166627 166636 842
166635 166626 562
166637 166625 927
166637 166636 1780
166637 166638 2445
166637 166655 590
166617 166618 238
166617 166619 843
166617 166638 1445
166617 166654 766
166656 166638 674
166613 166612 850
166613 166614 1539
166613 166630 758
166613 166632 2002
166633 166612 2111
166633 166632 758
166633 166685 1447
166634 166627 688
166634 166675 1004
166636 166627 842
166636 166637 1780
166636 166657 2612
166655 166637 590
166618 166617 238
166654 166617 766
166630 166613 758
166630 166628 556
166630 166639 1778
166632 166613 2002
166632 166633 758
166632 166639 871
166632 166689 1445
166685 166633 1447
166685 166684 683
166685 166687 2555
166685 166689 842
166675 166634 1004
166675 166644 253
166675 166674 517
166657 166636 2612
166657 166665 1275
166628 166629 1000
166628 166630 556
166639 166630 1778
166639 166632 871
166639 166643 906
166639 166695 1780
166689 166632 1445
166689 166685 842
166689 166691 2561
166689 166695 766
166684 166685 683
166687 166685 2555
166687 166688 842
166687 166691 674
166687 166694 1225
166644 166645 600
166644 166646 452
166644 166675 253
166674 166673 767
166674 166675 517
166674 166679 1686
166665 166657 1275
166665 166664 782
166665 166670 871
166629 166628 1000
166643 166639 906
166643 166642 476
166643 166697 2118
166695 166639 1780
166695 166689 766
166695 166696 2561
166695 166697 758
166691 166687 674
166691 166689 2561
166691 166696 766
166691 166700 1332
166688 166687 842
166688 166690 1111
166694 166687 1225
166694 166693 758
166694 166700 766
166694 166724 1000
166645 166644 600
166646 166644 452
166646 166647 517
166646 166648 782
166673 166672 630
166673 166674 767
166673 166721 1467
166679 166674 1686
166679 166680 476
166679 166721 829
166664 166663 1907
166664 166665 782
166664 166676 906
166670 166665 871
166670 166671 871
166670 166676 893
166642 166643 476
166642 166648 688
166642 166680 276
166697 166643 2118
166697 166695 758
166697 166699 2111
166697 166711 766
166696 166691 766
166696 166695 2561
166696 166698 842
166696 166701 1221
166700 166691 1332
166700 166694 766
166700 166701 758
166700 166708 2007
166690 166688 1111
166690 166693 111
166693 166690 111
166693 166692 1558
166693 166694 758
166724 166694 1000
166647 166646 517
166648 166642 688
166648 166646 782
166648 166649 421
166672 166671 842
166672 166673 630
166672 166746 1483
166721 166673 1467
166721 166679 829
166721 166720 3140
166721 166722 404
166680 166642 276
166680 166679 476
166680 166711 2557
166663 166662 2792
166663 166664 1907
166663 166682 424
166676 166664 906
166676 166670 893
166676 166677 483
166671 166670 871
166671 166672 842
166671 166678 1014
166699 166697 2111
166699 166712 590
166711 166680 2557
166711 166697 766
166711 166712 2007
166711 166720 842
166698 166696 842
166701 166696 1221
166701 166700 758
166701 166709 445
166701 166710 505
166708 166700 2007
166708 166707 505
166692 166563 674
166692 166693 1558
166692 166723 562
166649 166648 421
166746 166672 1483
166746 166683 537
166746 166722 337
166720 166711 842
166720 166719 2016
166720 166721 3140
166722 166681 1153
166722 166721 404
166722 166746 337
166662 166661 1238
166662 166663 2792
166662 166713 885
166682 166663 424
166682 166681 250
166677 166676 483
166677 166678 345
166678 166671 1014
166678 166677 345
166678 166683 276
166712 166699 590
166712 166711 2007
166712 166719 758
166709 166701 445
166710 166701 505
166707 166706 1225
166707 166708 505
166707 166723 1179
166563 166574 1336
166563 166692 674
166723 166575 1004
166723 166692 562
166723 166707 1179
166683 166678 276
166683 166681 924
166683 166746 537
166719 166712 758
166719 166720 2016
166681 166682 250
166681 166683 924
166681 166722 1153
166661 166660 2693
166661 166662 1238
166713 166662 885
166713 166714 789
166713 166748 1774
166706 166575 1200
166706 166705 436
166706 166707 1225
166574 166533 758
166574 166563 1336
166574 166575 790
166575 166574 790
166575 166576 889
166575 166706 1200
166575 166723 1004
166660 166661 2693
166660 166747 893
166714 166713 789
166714 166715 650
166748 166713 1774
166705 166704 1161
166705 166706 436
166705 166725 893
166533 166574 758
166576 166575 889
166576 166577 893
166576 166725 1553
166747 166660 893
166747 167007 279
166715 166714 650
166715 166716 789
166715 166754 1352
166704 166702 556
166704 166705 1161
166725 166576 1553
166725 166705 893
166725 166730 818
166725 172661 1050
166577 166576 893
166577 166578 889
166577 166730 1200
167007 166747 279
167007 167006 274
167007 172482 590
166716 166715 789
166716 166717 885
166716 166750 1769
166754 166715 1352
166754 166750 556
166754 166755 556
166754 166758 766
166702 166703 992
166702 166704 556
166702 166729 436
166730 166577 1200
166730 166725 818
166730 166731 893
166730 172660 1127
172661 166725 1050
172661 166735 1020
166578 166577 889
166578 166579 778
166578 166731 1117
167006 167004 398
167006 167007 274
167006 172783 1549
172482 167007 590
166717 166716 885
166717 166718 3119
166717 166726 4814
166717 166751 850
166750 166716 1769
166750 166749 1014
166750 166754 556
166750 166759 766
166755 166754 556
166758 166754 766
166758 166756 1004
166758 166759 556
166758 167002 1011
166703 166702 992
166703 166718 1291
166703 172833 1576
166729 166702 436
166729 166728 1366
166729 166735 905
166731 166578 1117
166731 166730 893
166731 166732 688
166731 172659 1018
172660 166730 1127
172660 166744 1026
166735 166729 905
166735 166734 790
166735 166744 796
166735 172661 1020
166579 166564 344
166579 166578 778
166579 166732 933
167004 166756 2866
167004 167003 782
167004 167006 398
167004 172478 871
172783 167006 1549
166718 166703 1291
166718 166717 3119
166726 166717 4814
166726 166727 337
166726 166768 791
166726 172498 1336
166751 166717 850
166751 166749 1185
166751 166764 782
166749 166750 1014
166749 166751 1185
166749 166782 842
166749 166783 778
166759 166750 766
166759 166758 556
166759 166763 1017
166759 166782 893
166756 166757 552
166756 166758 1004
166756 167004 2866
166756 167005 344
167002 166758 1011
167002 166763 667
167002 167003 1883
172833 166703 1576
166728 166727 710
166728 166729 1366
166728 166733 1110
166732 166579 933
166732 166731 688
166732 167347 2561
166732 167348 1035
172659 166731 1018
172659 166743 1115
166744 166735 796
166744 166743 782
166744 166745 1352
166744 172660 1026
166734 166735 790
166564 166565 673
166564 166579 344
166564 167548 1336
167003 166761 782
167003 167002 1883
167003 167004 782
172478 167004 871
172478 172479 445
166727 166726 337
166727 166728 710
166727 166752 1396
166768 166726 791
166768 166767 1124
166768 166780 2501
166768 166789 674
172498 166726 1336
172498 166741 791
172498 172499 355
172498 172501 421
166764 166751 782
166764 166765 782
166764 166783 1268
166782 166749 842
166782 166759 893
166782 166787 782
166782 166796 590
166783 166749 778
166783 166764 1268
166783 166785 688
166783 166787 927
166763 166759 1017
166763 166761 1950
166763 166762 778
166763 167002 667
166757 166756 552
167005 166756 344
166733 166728 1110
166733 166745 482
167347 166732 2561
167347 167346 357
167347 167547 842
167347 167554 306
167348 166732 1035
167348 167349 452
167348 167368 1101
166743 166742 1449
166743 166744 782
166743 167368 688
166743 172659 1115
166745 166733 482
166745 166742 889
166745 166744 1352
166745 166753 710
166565 166564 673
166565 166566 421
166565 166583 1168
167548 166564 1336
167548 167547 1004
167548 167549 1343
166761 166760 1114
166761 166763 1950
166761 167003 782
166761 167013 828
172479 172478 445
166752 166727 1396
166752 166753 196
166767 166768 1124
166780 166768 2501
166789 166768 674
166741 172498 791
172499 172498 355
172501 172498 421
166765 166764 782
166765 166785 1179
166787 166782 782
166787 166783 927
166796 166782 590
166785 166765 1179
166785 166783 688
166762 166760 1857
166762 166763 778
167346 167347 357
167547 167347 842
167547 167548 1004
167547 167549 1200
167554 167347 306
167349 167348 452
167368 166743 688
167368 167348 1101
166742 166743 1449
166742 166745 889
166753 166745 710
166753 166752 196
166566 166565 421
166583 166565 1168
167549 167547 1200
167549 167548 1343
166760 166761 1114
166760 166762 1857
167013 166761 828
200
163692
163694
166593
166595
166598
166599
166600
166356
166605
166602
166604
166357
166408
166621
166603
166616
166620
166624
166409
166622
166623
166609
166615
166626
166631
166625
166619
166638
166612
166614
166627
166635
166637
166617
166656
166613
166633
166634
166636
166655
166618
166654
166630
166632
166685
166675
166657
166628
166639
166689
166684
166687
166644
166674
166665
166629
166643
166695
166691
166688
166694
166645
166646
166673
166679
166664
166670
166642
166697
166696
166700
166690
166693
166724
166647
166648
166672
166721
166680
166663
166676
166671
166699
166711
166698
166701
166708
166692
166649
166746
166720
166722
166662
166682
166677
166678
166712
166709
166710
166707
166563
166723
166683
166719
166681
166661
166713
166706
166574
166575
166660
166714
166748
166705
166533
166576
166747
166715
166704
166725
166577
167007
166716
166754
166702
166730
172661
166578
167006
172482
166717
166750
166755
166758
166703
166729
166731
172660
166735
166579
167004
172783
166718
166726
166751
166749
166759
166756
167002
172833
166728
166732
172659
166744
166734
166564
167003
172478
166727
166768
172498
166764
166782
166783
166763
166757
167005
166733
167347
167348
166743
166745
166565
167548
166761
172479
166752
166767
166780
166789
166741
172499
172501
166765
166787
166796
166785
166762
167346
167547
167554
167349
167368
166742
166753
166566
166583
167549
166760
167013
