574
140043 140044 5677
140043 142097 1642
140044 140043 5677
140044 142090 926
140044 151756 1903
142097 140043 1642
142097 142090 6320
142097 142114 319
142097 142132 103
142090 140044 926
142090 142089 2950
142090 142097 6320
142090 142098 704
151756 140044 1903
151756 142022 2758
151756 151666 719
142114 142097 319
142114 142116 729
142132 142097 103
142132 142126 990
142089 142022 1107
142089 142090 2950
142089 142091 534
142089 142101 402
142098 142090 704
142098 142096 1132
142022 142019 10901
142022 142089 1107
142022 151756 2758
151666 151667 10333
151666 151756 719
142116 142114 729
142116 142115 226
142116 142117 384
142116 142134 971
142126 142125 945
142126 142131 743
142126 142132 990
142091 142089 534
142091 142095 1290
142101 142089 402
142101 142092 662
142096 142095 912
142096 142098 1132
142096 142105 825
142096 142106 732
142096 142641 3199
142019 142017 311
142019 142021 320
142019 142022 10901
151667 142018 1682
151667 151666 10333
151667 151754 4223
142115 142112 1569
142115 142116 226
142117 142116 384
142117 142119 671
142134 142116 971
142134 142133 980
142134 142135 1965
142125 142126 945
142131 142126 743
142131 142130 908
142131 142133 951
142131 142656 3042
142095 142091 1290
142095 142096 912
142095 142105 441
142092 142088 923
142092 142101 662
142092 142102 311
142092 142103 824
142105 142095 441
142105 142096 825
142105 142103 890
142105 142636 3166
142106 142096 732
142106 142107 311
142106 142642 3287
142641 142096 3199
142641 142636 866
142641 142642 794
142641 142649 2868
142017 142011 2444
142017 142018 288
142017 142019 311
142021 142019 320
142021 142020 1221
142021 142028 1242
142018 142016 492
142018 142017 288
142018 151667 1682
151754 141934 1385
151754 151667 4223
151754 151752 8753
142112 142113 919
142112 142115 1569
142119 142117 671
142119 142118 583
142119 142120 904
142133 142131 951
142133 142134 980
142133 142136 1360
142133 142658 2930
142135 142120 1004
142135 142134 1965
142135 142137 956
142135 143483 1029
142130 142127 313
142130 142131 908
142130 142655 3091
142656 142131 3042
142656 142655 847
142656 142658 973
142656 142663 2834
142088 142069 513
142088 142082 788
142088 142092 923
142102 142082 1021
142102 142092 311
142102 142103 856
142102 142104 784
142103 142092 824
142103 142102 856
142103 142105 890
142103 142635 3202
142636 142105 3166
142636 142635 885
142636 142641 866
142636 142648 2909
142107 142106 311
142107 142108 1043
142107 142109 680
142642 142106 3287
142642 142641 794
142642 142643 862
142642 142650 2834
142649 142641 2868
142649 142648 917
142649 142650 754
142649 142674 2453
142011 141926 531
142011 142010 874
142011 142017 2444
142020 142012 962
142020 142021 1221
142020 142024 1565
142028 142021 1242
142028 142027 928
142028 142031 257
142016 141926 2282
142016 141932 349
142016 142018 492
141934 141896 2335
141934 141933 737
141934 141939 735
141934 151754 1385
151752 141954 1513
151752 151749 4871
151752 151754 8753
142113 142112 919
142113 142118 1046
142113 143419 1681
142113 143462 1001
142118 142113 1046
142118 142119 583
142120 142119 904
142120 142135 1004
142120 143468 1033
142120 143469 1387
142136 142133 1360
142136 142137 699
142136 142659 2831
142658 142133 2930
142658 142656 973
142658 142659 1437
142658 142664 2797
142137 142135 956
142137 142136 699
142137 142138 955
142137 142657 2941
143483 142135 1029
143483 143486 1597
142127 142124 570
142127 142129 551
142127 142130 313
142655 142130 3091
142655 142654 847
142655 142656 847
142655 142662 2888
142663 142656 2834
142663 142662 824
142663 142664 971
142663 142705 2449
142069 142066 2503
142069 142088 513
142082 142077 2450
142082 142083 857
142082 142088 788
142082 142102 1021
142104 142083 1058
142104 142102 784
142104 142634 2148
142635 142103 3202
142635 142634 805
142635 142636 885
142635 142647 2929
142648 142636 2909
142648 142647 919
142648 142649 917
142648 142672 2415
142108 142107 1043
142109 142107 680
142109 142110 721
142109 142643 3296
142643 142109 3296
142643 142642 862
142643 142644 791
142643 142651 2869
142650 142642 2834
142650 142649 754
142650 142651 882
142650 142675 2447
142674 142649 2453
142674 142672 901
142674 142675 826
142674 142689 2476
141926 141924 837
141926 142011 531
141926 142016 2282
142010 141923 574
142010 141924 1269
142010 142011 874
142010 142012 1005
142012 142010 1005
142012 142013 1358
142012 142020 962
142024 142015 1032
142024 142020 1565
142024 142027 828
142024 142030 3377
142027 142024 828
142027 142028 928
142027 142029 3744
142031 142028 257
142031 151627 1628
141932 141930 704
141932 141931 399
141932 142016 349
141896 141887 2411
141896 141895 746
141896 141897 731
141896 141934 2335
141933 141897 2244
141933 141934 737
141933 141936 746
141939 141895 2203
141939 141901 878
141939 141934 735
141954 141951 462
141954 141953 337
141954 151752 1513
151749 151750 409
151749 151752 4871
143419 142113 1681
143419 143420 1014
143462 142113 1001
143462 143464 449
143462 143466 560
143462 143468 435
143468 142120 1033
143468 143462 435
143469 142120 1387
143469 143470 1220
143469 143484 983
142659 142136 2831
142659 142657 1631
142659 142658 1437
142659 142665 2742
142664 142658 2797
142664 142663 971
142664 142665 1451
142664 142706 2451
142138 142137 955
142138 142657 2650
142138 143488 1062
142138 143835 721
142657 142137 2941
142657 142138 2650
142657 142659 1631
142657 142666 2758
142657 143693 1052
143486 143483 1597
143486 143484 933
143486 143487 1185
143486 143491 1052
142124 142123 897
142124 142127 570
142124 142654 3163
142129 142127 551
142129 142128 720
142654 142124 3163
142654 142653 927
142654 142655 847
142654 142661 2875
142662 142655 2888
142662 142661 922
142662 142663 824
142662 142704 2404
142705 142663 2449
142705 142704 939
142705 142706 934
142705 142711 2385
142066 142064 1150
142066 142068 939
142066 142069 2503
142077 142068 1019
142077 142076 1034
142077 142081 814
142077 142082 2450
142083 142081 2184
142083 142082 857
142083 142104 1058
142083 142633 1728
142634 142104 2148
142634 142633 974
142634 142635 805
142634 142646 2871
142647 142635 2929
142647 142646 752
142647 142648 919
142647 142671 2503
142672 142648 2415
142672 142671 879
142672 142674 901
142672 142682 2485
142110 142109 721
142110 142121 479
142110 142644 3254
142644 142110 3254
142644 142643 791
142644 142652 2813
142644 142653 824
142651 142643 2869
142651 142650 882
142651 142652 806
142651 142676 2439
142675 142650 2447
142675 142674 826
142675 142676 772
142675 142690 2457
142689 142674 2476
142689 142682 791
142689 142688 1955
142689 142690 843
141924 141907 597
141924 141922 686
141924 141925 829
141924 141926 837
141924 142010 1269
141923 141918 2164
141923 141921 1030
141923 142010 574
141923 142013 1506
142013 141923 1506
142013 142012 1358
142013 142015 859
142015 142009 1043
142015 142013 859
142015 142024 1032
142015 142025 3113
142030 142024 3377
142030 142025 1230
142030 142029 919
142030 142041 2110
142029 142027 3744
142029 142030 919
142029 142042 221
151627 142031 1628
151627 142044 2471
141930 141909 2295
141930 141929 644
141930 141932 704
141931 141913 2040
141931 141927 1211
141931 141932 399
141887 141870 2248
141887 141873 776
141887 141886 721
141887 141896 2411
141895 141886 2486
141895 141894 852
141895 141896 746
141895 141939 2203
141897 141873 2441
141897 141896 731
141897 141898 822
141897 141933 2244
141936 141898 2161
141936 141933 746
141936 141938 894
141901 141894 2264
141901 141902 721
141901 141939 878
141951 141942 264
141951 141946 734
141951 141954 462
141953 141952 734
141953 141954 337
141953 141955 1809
151750 141995 808
151750 151749 409
143420 143419 1014
143420 143421 686
143420 143463 204
143464 143462 449
143464 143463 857
143464 143465 2206
143466 143462 560
143466 143470 406
143470 143466 406
143470 143469 1220
143470 143471 1239
143484 143469 983
143484 143471 1047
143484 143485 1507
143484 143486 933
142665 142659 2742
142665 142664 1451
142665 142666 1669
142665 142707 2467
142706 142664 2451
142706 142705 934
142706 142707 1487
142706 142712 2531
143488 142138 1062
143488 143491 854
143488 143694 624
143835 142138 721
142666 142657 2758
142666 142665 1669
142666 142708 2452
142666 143707 1030
143693 142657 1052
143693 143694 1954
143693 143695 897
143693 143707 2741
143487 143486 1185
143487 143495 831
143487 143496 638
143491 143486 1052
143491 143488 854
143491 143492 1223
143491 143695 2391
142123 142121 406
142123 142124 897
142123 142653 3202
142128 142129 720
142653 142123 3202
142653 142644 824
142653 142654 927
142653 142660 2778
142661 142654 2875
142661 142660 874
142661 142662 922
142661 142703 2450
142704 142662 2404
142704 142703 825
142704 142705 939
142704 142710 2434
142711 142705 2385
142711 142710 861
142711 142712 951
142064 142066 1150
142068 142066 939
142068 142077 1019
142076 142077 1034
142081 142077 814
142081 142083 2184
142633 142083 1728
142633 142634 974
142646 142634 2871
142646 142647 752
142671 142647 2503
142671 142672 879
142682 142672 2485
142682 142689 791
142121 142110 479
142121 142123 406
142652 142644 2813
142652 142651 806
142652 142660 806
142676 142651 2439
142676 142675 772
142690 142675 2457
142690 142689 843
142688 142689 1955
141907 141922 426
141907 141924 597
141922 141907 426
141922 141918 786
141922 141924 686
141925 141924 829
141925 141927 976
141918 141922 786
141918 141923 2164
141921 141923 1030
141921 142009 2533
142009 141921 2533
142009 142015 1043
142025 142015 3113
142025 142030 1230
142041 142030 2110
142042 142029 221
142042 142044 1110
142044 142042 1110
142044 151627 2471
141909 141913 858
141909 141930 2295
141929 141930 644
141913 141909 858
141913 141931 2040
141927 141925 976
141927 141931 1211
141870 141887 2248
141873 141887 776
141873 141897 2441
141886 141887 721
141886 141895 2486
141894 141895 852
141894 141901 2264
141898 141897 822
141898 141936 2161
141938 141936 894
141902 141901 721
141942 141951 264
141946 141951 734
141946 141952 737
141952 141946 737
141952 141953 734
141955 141953 1809
141995 151750 808
143421 143420 686
143463 143420 204
143463 143464 857
143465 143464 2206
143465 143471 820
143471 143465 820
143471 143470 1239
143471 143484 1047
143485 143484 1507
142707 142665 2467
142707 142706 1487
142707 142708 1631
142712 142706 2531
142712 142711 951
143694 143488 624
143694 143693 1954
142708 142666 2452
142708 142707 1631
143707 142666 1030
143707 143693 2741
143695 143491 2391
143695 143693 897
143495 143487 831
143496 143487 638
143492 143491 1223
142660 142652 806
142660 142653 2778
142660 142661 874
142703 142661 2450
142703 142704 825
142710 142704 2434
142710 142711 861
200
140043
140044
142097
142090
151756
142114
142132
142089
142098
142022
151666
142116
142126
142091
142101
142096
142019
151667
142115
142117
142134
142125
142131
142095
142092
142105
142106
142641
142017
142021
142018
151754
142112
142119
142133
142135
142130
142656
142088
142102
142103
142636
142107
142642
142649
142011
142020
142028
142016
141934
151752
142113
142118
142120
142136
142658
142137
143483
142127
142655
142663
142069
142082
142104
142635
142648
142108
142109
142643
142650
142674
141926
142010
142012
142024
142027
142031
141932
141896
141933
141939
141954
151749
143419
143462
143468
143469
142659
142664
142138
142657
143486
142124
142129
142654
142662
142705
142066
142077
142083
142634
142647
142672
142110
142644
142651
142675
142689
141924
141923
142013
142015
142030
142029
151627
141930
141931
141887
141895
141897
141936
141901
141951
141953
151750
143420
143464
143466
143470
143484
142665
142706
143488
143835
142666
143693
143487
143491
142123
142128
142653
142661
142704
142711
142064
142068
142076
142081
142633
142646
142671
142682
142121
142652
142676
142690
142688
141907
141922
141925
141918
141921
142009
142025
142041
142042
142044
141909
141929
141913
141927
141870
141873
141886
141894
141898
141938
141902
141942
141946
141952
141955
141995
143421
143463
143465
143471
143485
142707
142712
143694
142708
143707
143695
143495
143496
143492
142660
142703
142710
