440
225281 225282 1226
225281 226937 1987
225281 235518 2239
225282 225281 1226
225282 226938 1095
225282 235354 1257
226937 225281 1987
226937 226827 1967
226937 226834 5883
235518 225281 2239
226938 225282 1095
226938 226939 71
226938 226940 1730
226938 226947 4010
235354 225282 1257
226827 226821 1820
226827 226937 1967
226827 235615 2121
226834 226835 1454
226834 226836 3628
226834 226937 5883
226939 226938 71
226940 226938 1730
226947 226938 4010
226947 226943 5139
226947 226950 984
226821 226820 3062
226821 226827 1820
226821 226946 1850
235615 226827 2121
226835 226831 2002
226835 226834 1454
226835 226837 1970
226836 226834 3628
226836 226941 1713
226836 226942 1511
226943 226944 2469
226943 226945 1969
226943 226947 5139
226950 226947 984
226950 234725 2789
226820 226819 472
226820 226821 3062
226946 226821 1850
226831 226830 3656
226831 226833 2113
226831 226835 2002
226837 226835 1970
226941 226836 1713
226942 226836 1511
226944 226943 2469
226945 226943 1969
226945 235610 7160
234725 226950 2789
234725 234726 1516
234725 234727 1051
226819 226796 610
226819 226818 3494
226819 226820 472
226830 226826 1620
226830 226828 1256
226830 226831 3656
226833 226826 4858
226833 226831 2113
226833 226838 1935
235610 226945 7160
235610 235607 1338
235610 235611 3347
234726 234725 1516
234727 234725 1051
234727 234728 1022
234727 234729 2237
226796 226794 2543
226796 226800 2638
226796 226819 610
226818 226817 1000
226818 226819 3494
226818 234130 1344
226826 226813 901
226826 226830 1620
226826 226833 4858
226828 226829 1549
226828 226830 1256
226828 226832 445
226838 226833 1935
226838 226850 1004
226838 226852 1187
235607 235608 1808
235607 235609 2362
235607 235610 1338
235611 235595 1217
235611 235606 697
235611 235610 3347
234728 234727 1022
234729 234727 2237
226794 226795 3414
226794 226796 2543
226794 234130 4252
226800 226793 2625
226800 226796 2638
226800 226803 556
226817 226818 1000
234130 226794 4252
234130 226818 1344
234130 234131 1372
226813 226811 2643
226813 226824 3032
226813 226826 901
226829 226828 1549
226832 226828 445
226850 226838 1004
226850 226844 1138
226850 226851 1559
226852 226838 1187
226852 226856 1001
226852 226857 1855
235608 235607 1808
235609 235607 2362
235595 235229 953
235595 235611 1217
235595 235612 2552
235606 226856 1982
235606 235602 2065
235606 235611 697
226795 226791 1620
226795 226794 3414
226795 234127 3049
226793 226791 3951
226793 226799 1004
226793 226800 2625
226803 226800 556
226803 226804 2042
234131 234127 1979
234131 234128 306
234131 234130 1372
226811 226812 2950
226811 226813 2643
226811 226822 2779
226824 226813 3032
226824 226825 311
226824 226844 4670
226844 226824 4670
226844 226843 2285
226844 226850 1138
226851 226850 1559
226856 226852 1001
226856 226853 2429
226856 235606 1982
226857 226852 1855
235229 235228 1289
235229 235595 953
235229 235597 49
235229 235598 972
235612 235595 2552
235602 235596 974
235602 235600 255
235602 235606 2065
226791 226792 4429
226791 226793 3951
226791 226795 1620
234127 226795 3049
234127 234131 1979
226799 226793 1004
226804 226803 2042
226804 226805 816
226804 226808 4105
234128 234125 2721
234128 234129 5926
234128 234131 306
226812 226811 2950
226812 234126 2294
226812 234645 652
226822 226811 2779
226822 226823 3224
226822 234133 5150
226825 226824 311
226825 226843 2283
226843 226825 2283
226843 226842 1796
226843 226844 2285
226853 226840 4845
226853 226855 4192
226853 226856 2429
235228 234557 2780
235228 235229 1289
235228 235544 1329
235228 235545 1293
235597 235229 49
235598 235229 972
235598 235599 719
235598 235600 377
235596 226951 2270
235596 235602 974
235596 235603 608
235600 235598 377
235600 235601 764
235600 235602 255
226792 226791 4429
226792 226809 305
226792 234792 1606
226805 226804 816
226805 232506 335
226805 232507 1275
226808 226804 4105
234125 234122 1993
234125 234128 2721
234125 234783 1777
234129 234128 5926
234126 226812 2294
234126 234121 335
234126 234133 2458
234645 226812 652
234645 234646 869
234645 234647 1079
226823 226822 3224
226823 226839 2076
226823 226841 1466
234133 226822 5150
234133 234126 2458
234133 234134 1375
226842 226840 1357
226842 226843 1796
226842 226845 844
226840 226841 3193
226840 226842 1357
226840 226853 4845
226855 226853 4192
226855 226854 1635
226855 234563 422
234557 226951 1519
234557 234560 1023
234557 235228 2780
235544 235228 1329
235545 235228 1293
235599 235598 719
226951 226854 1974
226951 234557 1519
226951 235596 2270
235603 235596 608
235603 235604 760
235603 235605 715
235601 235600 764
226809 226792 305
226809 226797 423
226809 226810 831
234792 226792 1606
234792 234793 427
232506 226805 335
232506 234548 568
232507 226805 1275
234122 234121 1070
234122 234125 1993
234122 234780 547
234783 234125 1777
234783 234784 478
234121 234122 1070
234121 234126 335
234646 234645 869
234647 234645 1079
226839 226823 2076
226841 226823 1466
226841 226840 3193
226841 234155 1999
234134 234133 1375
234134 234135 3194
234134 234136 3701
226845 226842 844
226854 226855 1635
226854 226951 1974
226854 234161 814
226854 234559 1801
234563 226855 422
234560 234557 1023
234560 234561 1617
234560 234562 1450
235604 235603 760
235605 235603 715
226797 226798 697
226797 226809 423
226810 226809 831
234793 234792 427
234548 232506 568
234548 234549 841
234780 234122 547
234780 234123 1576
234780 234782 2054
234784 234783 478
234784 234785 167
234155 226841 1999
234155 234152 2697
234135 234134 3194
234135 234136 1605
234136 234134 3701
234136 234135 1605
234136 234152 1780
234161 226854 814
234161 226952 2287
234161 234162 4429
234559 226854 1801
234561 226954 687
234561 234560 1617
234561 235446 2381
234562 234560 1450
226798 226797 697
234549 226807 891
234549 234548 841
234123 234120 4654
234123 234780 1576
234123 234781 2167
234782 234780 2054
234782 234781 889
234785 234784 167
234152 234136 1780
234152 234153 433
234152 234155 2697
226952 226858 194
226952 234161 2287
234162 234161 4429
226954 226955 1344
226954 226956 2119
226954 234561 687
235446 234561 2381
226807 226806 4006
226807 226884 1272
226807 234549 891
234120 233990 5048
234120 234119 3091
234120 234123 4654
234120 234779 3666
234781 234123 2167
234781 234782 889
234153 234152 433
234153 234154 2467
226858 226952 194
226955 226954 1344
226955 226957 1322
226955 226960 1193
226956 226954 2119
226956 226963 1357
226956 226964 1440
226806 226807 4006
226884 226807 1272
226884 226885 700
233990 233989 153
233990 233991 3880
233990 234120 5048
234119 234120 3091
234119 234124 1141
234119 234124 1141
234779 234120 3666
234154 234144 808
234154 234153 2467
234154 235374 333
226957 226955 1322
226957 226958 480
226957 226959 1076
226960 226955 1193
226963 226956 1357
226963 226969 1491
226964 226956 1440
226964 226969 1576
226964 226970 3876
226964 226991 1015
226885 226884 700
233989 233988 182
233989 233990 153
233989 234132 993
233991 233990 3880
233991 233997 402
233991 234137 417
234124 234119 1141
234124 234119 1141
234124 234137 1700
234124 234138 1938
234144 234145 1142
234144 234154 808
235374 234154 333
235374 235373 1755
226958 226957 480
226958 234558 307
226959 226957 1076
226969 226963 1491
226969 226964 1576
226969 226967 2028
226970 226964 3876
226970 226994 502
226970 226995 2066
226991 226964 1015
226991 226990 350
233988 233986 2038
233988 233989 182
234132 233989 993
233997 233960 3682
233997 233991 402
234137 233991 417
234137 234124 1700
234137 234139 474
234138 234124 1938
234145 226949 1267
234145 234141 190
234145 234144 1142
235373 235374 1755
234558 226958 307
226967 226966 1571
226967 226969 2028
226967 226971 672
226967 226973 2045
226994 226970 502
226994 226993 3572
226994 226996 2355
226995 226970 2066
226995 226997 1532
226995 226998 847
226990 226991 350
226990 226992 1221
226990 234517 1591
233986 233957 1026
233986 233987 936
233986 233988 2038
233960 233959 2514
233960 233992 1343
233960 233997 3682
234139 234137 474
226949 234145 1267
234141 234145 190
226966 226967 1571
226971 226967 672
226973 226967 2045
226993 226994 3572
226996 226994 2355
226997 226995 1532
226998 226995 847
226992 226990 1221
234517 226990 1591
233957 233986 1026
233987 233986 936
233987 233992 804
233959 233960 2514
233992 233960 1343
233992 233987 804
89
226950
226945
234725
235610
234726
234727
235607
235611
234728
234729
235608
235609
235595
235606
226856
235229
235612
235602
226853
235228
235597
235598
235596
235600
226840
226855
234557
235544
235545
235599
226951
235603
235601
226841
226854
234563
234560
235604
235605
234155
234161
234559
234561
234562
234152
226952
234162
226954
235446
234153
226858
226955
226956
234154
226957
226960
226963
226964
226885
234144
235374
226958
226959
226969
226970
226991
234145
235373
234558
226967
226994
226995
226990
234139
226949
234141
226966
226971
226973
226993
226996
226997
226998
226992
234517
233957
233987
233959
233992
