612
215187 215188 1619
215187 216912 1445
215187 216913 800
215187 217681 77
215188 215187 1619
215188 216877 465
215188 224239 1451
216912 215187 1445
216912 216911 704
216912 216914 1659
216912 216915 759
216913 215187 800
216913 216915 1344
216913 216921 1901
216913 216924 826
217681 215187 77
216877 215188 465
216877 216865 1899
216877 216907 474
224239 215188 1451
224239 216901 2400
224239 224240 478
216911 216908 898
216911 216912 704
216914 216910 739
216914 216912 1659
216914 216916 785
216914 217093 1253
216915 216912 759
216915 216913 1344
216915 216916 1771
216915 216917 817
216921 216905 2156
216921 216906 938
216921 216913 1901
216921 217753 2405
216924 216913 826
216924 216917 1263
216924 216925 724
216865 216849 2041
216865 216851 883
216865 216867 822
216865 216877 1899
216907 216877 474
216907 216908 442
216907 219840 410
216901 216867 819
216901 216868 1610
216901 216869 816
216901 224239 2400
224240 216905 94
224240 224239 478
216908 216876 423
216908 216907 442
216908 216911 898
216910 216879 739
216910 216909 1063
216910 216914 739
216910 217092 1173
216916 216914 785
216916 216915 1771
216916 217117 644
216916 217118 811
217093 216914 1253
217093 217092 753
217093 217094 1273
217093 217096 815
216917 216915 817
216917 216924 1263
216917 216927 669
216917 217118 1797
216905 216902 899
216905 216921 2156
216905 224240 94
216906 216902 2258
216906 216918 834
216906 216921 938
216906 216922 2344
217753 216921 2405
217753 216922 901
217753 216928 1907
217753 217821 1447
216925 216924 724
216925 216926 622
216925 216927 1279
216925 216928 749
216849 216847 934
216849 216848 826
216849 216865 2041
216849 216866 822
216851 216847 2158
216851 216865 883
216851 216871 938
216851 216876 1498
216867 216865 822
216867 216866 1813
216867 216901 819
219840 216907 410
216868 216816 866
216868 216817 845
216868 216866 787
216868 216901 1610
216869 216817 1757
216869 216870 892
216869 216901 816
216876 216851 1498
216876 216872 1038
216876 216908 423
216879 216874 817
216879 216910 739
216879 217088 1659
216909 216910 1063
217092 216910 1173
217092 217089 452
217092 217093 753
217117 216916 644
217117 217096 589
217117 217581 376
217118 216916 811
217118 216917 1797
217118 217115 1247
217118 217119 676
217094 217091 832
217094 217093 1273
217094 217095 765
217096 217093 815
217096 217095 1355
217096 217115 729
217096 217117 589
216927 216917 669
216927 216925 1279
216927 217134 780
216927 217827 477
216902 216870 2096
216902 216903 872
216902 216905 899
216902 216906 2258
216918 216903 2329
216918 216906 834
216918 216919 837
216918 216923 2457
216922 216906 2344
216922 216923 1008
216922 217753 901
216922 217823 1699
216928 216925 749
216928 217134 1258
216928 217139 1024
216928 217753 1907
217821 217753 1447
217821 217819 531
217821 217822 1383
217821 217823 439
216926 216925 622
216847 216845 891
216847 216849 934
216847 216850 1076
216847 216851 2158
216848 216845 812
216848 216849 826
216848 216904 899
216848 217151 1098
216866 216849 822
216866 216867 1813
216866 216868 787
216871 216851 938
216871 216859 905
216871 216864 781
216871 216872 2101
216816 216815 1637
216816 216833 38
216816 216868 866
216817 216814 2517
216817 216829 872
216817 216868 845
216817 216869 1757
216870 216829 1787
216870 216834 872
216870 216869 892
216870 216902 2096
216872 216871 2101
216872 216876 1038
216872 224731 239
216874 216873 793
216874 216878 1668
216874 216879 817
217088 216878 767
217088 216879 1659
217088 217078 1649
217088 217089 761
217089 217088 761
217089 217090 1758
217089 217092 452
217581 217117 376
217115 217096 729
217115 217098 1338
217115 217116 709
217115 217118 1247
217119 217116 1199
217119 217118 676
217119 217122 780
217119 217133 1137
217091 217090 836
217091 217094 832
217091 217097 676
217091 217099 1140
217095 217094 765
217095 217096 1355
217095 217097 805
217095 217098 786
217134 216927 780
217134 216928 1258
217134 217137 640
217134 217138 795
217827 216927 477
216903 216834 2096
216903 216894 822
216903 216902 872
216903 216918 2329
216919 216894 2319
216919 216918 837
216919 216920 806
216919 224235 2486
216923 216918 2457
216923 216922 1008
216923 217832 1985
216923 224235 790
217823 216922 1699
217823 217821 439
217823 217824 1447
217823 217826 461
217139 216928 1024
217139 217144 571
217139 217817 650
217139 217971 1227
217819 217815 362
217819 217820 1397
217819 217821 531
217822 217820 415
217822 217821 1383
217822 217824 435
216845 216841 223
216845 216847 891
216845 216848 812
216850 216837 1038
216850 216847 1076
216850 216858 325
216850 216859 1393
216904 216833 495
216904 216848 899
216904 217066 1073
217151 216835 943
217151 216836 688
217151 216848 1098
217151 217066 870
216859 216850 1393
216859 216863 663
216859 216871 905
216864 216862 468
216864 216863 805
216864 216871 781
216864 216873 460
216815 216814 626
216815 216816 1637
216815 224237 426
216833 216816 38
216833 216904 495
216814 216810 856
216814 216815 626
216814 216817 2517
216814 216827 879
216829 216817 872
216829 216827 2308
216829 216828 912
216829 216870 1787
216834 216828 1792
216834 216870 872
216834 216892 872
216834 216903 2096
224731 216872 239
216873 216864 460
216873 216874 793
216873 216875 1670
216878 216874 1668
216878 216875 858
216878 217075 1547
216878 217088 767
217078 217075 746
217078 217077 1167
217078 217088 1649
217078 217090 701
217090 217078 701
217090 217084 1079
217090 217089 1758
217090 217091 836
217098 217095 786
217098 217104 915
217098 217115 1338
217098 217120 764
217116 217115 709
217116 217119 1199
217116 217120 1324
217116 217121 862
217122 217119 780
217122 217121 1252
217122 217135 1159
217122 217136 446
217133 217119 1137
217097 217091 676
217097 217095 805
217097 217100 1095
217097 217104 818
217099 217084 811
217099 217085 1467
217099 217091 1140
217099 217100 708
217137 217134 640
217138 217134 795
217138 217141 1100
217138 217144 646
217138 221596 1142
216894 216892 2086
216894 216895 841
216894 216903 822
216894 216919 2319
216920 216895 2298
216920 216919 806
216920 217695 1005
224235 216919 2486
224235 216923 790
217832 216923 1985
217832 217825 1004
217832 217830 1566
217832 217833 871
217824 217822 435
217824 217823 1447
217824 217839 1004
217826 217823 461
217826 217825 162
217826 217839 1687
217144 217138 646
217144 217139 571
217144 217143 41
217817 217139 650
217817 217815 543
217817 217972 1294
217971 217139 1227
217971 217142 498
217971 217972 623
217815 217816 559
217815 217817 543
217815 217818 1396
217815 217819 362
217820 217818 491
217820 217819 1397
217820 217822 415
216841 216835 796
216841 216845 223
216841 216846 842
216837 216624 793
216837 216633 548
216837 216846 651
216837 216850 1038
216858 216850 325
217066 216904 1073
217066 217151 870
217066 224237 607
216835 216600 879
216835 216838 830
216835 216841 796
216835 217151 943
216836 216600 905
216836 216604 889
216836 217151 688
216836 224237 917
216863 216859 663
216863 216861 494
216863 216864 805
216863 224379 921
216862 216861 811
216862 216864 468
224237 216815 426
224237 216836 917
224237 217066 607
216810 216808 775
216810 216812 1718
216810 216813 1615
216810 216814 856
216827 216814 879
216827 216826 891
216827 216829 2308
216828 216826 2132
216828 216829 912
216828 216832 761
216828 216834 1792
216892 216832 1762
216892 216834 872
216892 216891 812
216892 216894 2086
216875 216854 592
216875 216873 1670
216875 216878 858
216875 217072 1633
217075 216878 1547
217075 217072 819
217075 217074 1188
217075 217078 746
217077 217074 774
217077 217078 1167
217077 217079 1425
217077 217084 730
217084 217077 730
217084 217083 1416
217084 217090 1079
217084 217099 811
217104 217097 818
217104 217098 915
217104 217105 1024
217104 217106 771
217120 217098 764
217120 217106 888
217120 217116 1324
217120 217124 766
217121 217116 862
217121 217122 1252
217121 217129 1142
217121 217130 845
217135 217122 1159
217135 217130 1280
217135 217141 1931
217136 217122 446
217100 217087 1414
217100 217097 1095
217100 217099 708
217100 217105 790
217085 217082 1752
217085 217083 805
217085 217087 785
217085 217099 1467
217141 217135 1931
217141 217138 1100
217141 217142 454
221596 217138 1142
216895 216891 2066
216895 216894 841
216895 216898 976
216895 216920 2298
217695 216898 2278
217695 216920 1005
217695 217693 801
217695 222304 2654
217825 217826 162
217825 217832 1004
217825 217834 1095
217830 216900 904
217830 217832 1566
217830 217835 1381
217830 224234 206
217833 217832 871
217833 217835 1740
217833 217838 620
217839 217824 1004
217839 217826 1687
217839 217838 858
217143 217142 1097
217143 217144 41
217972 217817 1294
217972 217818 577
217972 217971 623
217142 217141 454
217142 217143 1097
217142 217971 498
217816 217815 559
217818 217815 1396
217818 217820 491
217818 217972 577
216846 216837 651
216846 216841 842
216846 224238 49
216624 216621 998
216624 216623 669
216624 216837 793
216624 216838 637
216633 216623 882
216633 216837 548
216633 216852 879
216600 216593 2444
216600 216622 761
216600 216835 879
216600 216836 905
216838 216624 637
216838 216835 830
216838 224238 733
216604 216603 1599
216604 216836 889
216861 216855 323
216861 216857 1130
216861 216862 811
216861 216863 494
224379 216852 662
224379 216857 623
224379 216863 921
216808 216807 910
216808 216809 517
216808 216810 775
216808 216811 1669
216812 216810 1718
216812 216811 836
216812 216825 492
216812 216826 917
216813 216810 1615
216826 216812 917
216826 216827 891
216826 216828 2132
216826 216830 814
216832 216828 761
216832 216830 1980
216832 216831 847
216832 216892 1762
216891 216831 1807
216891 216892 812
216891 216893 906
216891 216895 2066
216854 216629 1603
216854 216853 1465
216854 216860 684
216854 216875 592
217072 216629 614
217072 216875 1633
217072 217073 1173
217072 217075 819
217074 217073 830
217074 217075 1188
217074 217076 1467
217074 217077 774
217079 217076 769
217079 217077 1425
217079 217080 1794
217079 217083 745
217083 217079 745
217083 217081 1750
217083 217084 1416
217083 217085 805
217105 217100 790
217105 217104 1024
217106 217104 771
217106 217120 888
217124 217120 766
217124 217129 203
217129 217121 1142
217129 217124 203
217130 217121 845
217130 217135 1280
217087 217085 785
217087 217100 1414
217082 217081 724
217082 217085 1752
216898 216893 2016
216898 216895 976
216898 217695 2278
217693 217695 801
222304 217695 2654
217834 217825 1095
216900 217830 904
217835 217830 1381
217835 217833 1740
224234 217830 206
217838 217833 620
217838 217839 858
224238 216838 733
224238 216846 49
216621 216622 737
216621 216624 998
216623 216624 669
216623 216633 882
216852 216633 879
216852 224379 662
216593 216600 2444
216593 216603 817
216622 216600 761
216622 216621 737
216603 216593 817
216603 216604 1599
216855 216860 699
216855 216861 323
216857 216861 1130
216857 224379 623
216807 216808 910
216809 216808 517
216811 216808 1669
216811 216812 836
216825 216812 492
216830 216826 814
216830 216832 1980
216831 216832 847
216831 216891 1807
216893 216891 906
216893 216898 2016
216629 216854 1603
216629 217072 614
216853 216854 1465
216860 216854 684
216860 216855 699
217073 217072 1173
217073 217074 830
217076 217074 1467
217076 217079 769
217080 217079 1794
217080 217081 825
217081 217080 825
217081 217082 724
217081 217083 1750
32
217105
217106
217124
217129
217130
217087
217082
216898
217693
222304
216900
217835
217838
216621
216623
216593
216622
216603
216855
216857
216807
216811
216830
216831
216893
216629
216853
216860
217073
217076
217080
217081
