522
45078 45080 475
45080 45078 475
45080 45081 2117
45080 45086 2468
45081 45080 2117
45081 45084 333
45081 45085 2758
45081 45099 452
45086 45080 2468
45086 45087 873
45086 45088 752
45084 45081 333
45084 45088 2840
45084 45091 3224
45085 45081 2758
45085 45104 2717
45085 45107 2407
45099 45081 452
45087 45086 873
45088 45084 2840
45088 45086 752
45088 45089 889
45091 45084 3224
45091 45089 600
45091 45096 1768
45104 45085 2717
45104 45121 344
45104 45123 505
45107 45085 2407
45107 45116 445
45107 45124 2070
45089 45088 889
45089 45090 1758
45089 45091 600
45096 45091 1768
45121 45104 344
45121 45122 1095
45121 45124 556
45123 45104 505
45123 45120 374
45123 45161 1394
45116 45105 1117
45116 45107 445
45116 45147 556
45124 45107 2070
45124 45121 556
45124 45125 905
45090 45089 1758
45122 45121 1095
45120 45117 475
45120 45123 374
45161 45123 1394
45161 45125 1282
45105 45106 1334
45105 45116 1117
45105 45126 849
45105 45135 893
45147 45116 556
45147 45148 1111
45147 45151 2201
45125 45124 905
45125 45151 333
45125 45161 1282
45117 45115 906
45117 45118 837
45117 45119 253
45117 45120 475
45106 45105 1334
45126 45105 849
45126 45127 683
45126 45133 778
45135 45105 893
45135 45133 953
45135 48323 181
45148 45138 667
45148 45147 1111
45148 45152 2234
45151 45125 333
45151 45147 2201
45151 45152 889
45115 45103 933
45115 45117 906
45115 45118 474
45118 45115 474
45118 45117 837
45119 45117 253
45119 45158 1339
45127 45126 683
45133 45126 778
45133 45134 333
45133 45135 953
48323 45135 181
45138 45136 1283
45138 45140 889
45138 45148 667
45138 45149 2201
45152 45148 2234
45152 45149 1334
45152 45151 889
45152 45174 1458
45103 45115 933
45158 45119 1339
45158 45163 1410
45158 45168 1905
45134 45133 333
45136 45132 906
45136 45137 2142
45136 45138 1283
45140 45138 889
45140 45139 2148
45140 45143 1004
45140 45150 2117
45149 45138 2201
45149 45150 893
45149 45152 1334
45149 45153 1410
45149 45175 2087
45174 45152 1458
45174 45175 1258
45163 45158 1410
45163 45164 445
45163 45172 2898
45168 45158 1905
45168 45169 558
45132 45130 850
45132 45136 906
45132 45137 2229
45137 45132 2229
45137 45136 2142
45137 45142 374
45139 45140 2148
45139 45142 790
45139 45143 1800
45143 45139 1800
45143 45140 1004
45143 45154 2201
45150 45140 2117
45150 45149 893
45150 45154 1014
45153 45149 1410
45153 45154 1422
45153 45176 976
45153 45178 1413
45175 45149 2087
45175 45174 1258
45175 45178 951
45164 45163 445
45164 45165 778
45172 45163 2898
45172 45173 537
45169 45168 558
45130 45129 719
45130 45131 873
45130 45132 850
45142 45137 374
45142 45139 790
45154 45143 2201
45154 45150 1014
45154 45153 1422
45154 45180 889
45176 45153 976
45176 45181 374
45178 45153 1413
45178 45175 951
45165 45164 778
45165 45166 581
45165 45166 581
45173 45172 537
45129 45128 47
45129 45130 719
45131 45130 873
45180 45154 889
45180 45155 600
45180 45155 600
45180 45181 1629
45180 45181 1629
45181 45176 374
45181 45180 1629
45181 45180 1629
45166 45165 581
45166 45165 581
45128 45129 47
45155 45156 1717
45155 45157 1355
45155 45157 1355
45155 45180 600
45155 45180 600
45156 45155 1717
45157 45144 1366
45157 45146 940
45157 45146 940
45157 45155 1355
45157 45155 1355
45144 45141 337
45144 45141 337
45144 45145 276
45144 45145 276
45144 45157 1366
45146 45145 404
45146 45145 404
45146 45157 940
45146 45157 940
45146 125150 337
45146 125152 2508
45141 45097 1959
45141 45097 1959
45141 45144 337
45141 45144 337
45145 45144 276
45145 45144 276
45145 45146 404
45145 45146 404
125150 45146 337
125150 125127 1532
125150 125151 1067
125152 45146 2508
125152 125154 1594
125152 125156 940
125152 125187 2058
45097 45094 2709
45097 45094 2709
45097 45141 1959
45097 45141 1959
45097 125126 1161
125127 125126 1307
125127 125150 1532
125127 125151 1447
125151 125127 1447
125151 125150 1067
125151 125165 889
125154 125152 1594
125154 125153 879
125154 125155 697
125156 125152 940
125156 125153 1695
125187 125152 2058
125187 125186 404
125187 125188 848
45094 45093 673
45094 45093 673
45094 45097 2709
45094 45097 2709
45094 125116 421
125126 45097 1161
125126 125119 1104
125126 125127 1307
125165 125151 889
125165 125166 154
125165 125167 612
125153 125154 879
125153 125156 1695
125153 125157 1182
125155 125154 697
125186 125187 404
125188 125187 848
125188 125190 1074
45093 45094 673
45093 45094 673
45093 45095 1819
45093 125116 452
125116 45093 452
125116 45094 421
125116 125109 1200
125119 125120 321
125119 125126 1104
125166 125165 154
125167 125165 612
125167 125170 537
125157 125153 1182
125157 125158 924
125190 125188 1074
125190 125192 1449
45095 45093 1819
125109 125108 1115
125109 125113 337
125109 125114 2232
125109 125116 1200
125120 125119 321
125170 125167 537
125158 125157 924
125158 125159 4211
125158 125162 1258
125192 125190 1449
125108 125102 1284
125108 125109 1115
125113 125109 337
125113 125110 1551
125113 125112 552
125114 125109 2232
125114 125123 276
125159 125158 4211
125159 125269 713
125162 125158 1258
125162 125160 445
125162 125161 404
125102 125108 1284
125110 125106 685
125110 125111 200
125110 125113 1551
125110 125115 2577
125112 125106 630
125112 125113 552
125123 125114 276
125123 125124 418
125269 125159 713
125269 125270 985
125160 125161 404
125160 125162 445
125161 125160 404
125161 125162 404
125161 125163 3826
125106 125103 1470
125106 125110 685
125106 125112 630
125111 123146 926
125111 125104 1104
125111 125110 200
125115 125110 2577
125115 125117 140
125115 125118 404
125124 125123 418
125124 125125 1477
125270 125269 985
125163 125161 3826
125103 125093 1101
125103 125104 1565
125103 125106 1470
123146 123145 2133
123146 125105 947
123146 125111 926
125104 125088 1657
125104 125096 1269
125104 125103 1565
125104 125111 1104
125117 122414 239
125117 125107 3381
125117 125115 140
125118 122414 164
125118 125115 404
125118 125121 1308
125118 125122 418
125125 125124 1477
125125 125128 3165
125093 125089 906
125093 125096 1556
125093 125101 1831
125093 125103 1101
123145 123146 2133
123145 125088 611
123145 125105 1688
125105 123145 1688
125105 123146 947
125105 125107 893
125088 123145 611
125088 125095 1228
125088 125104 1657
125096 125092 1101
125096 125093 1556
125096 125104 1269
122414 122415 105
122414 125117 239
122414 125118 164
125107 125105 893
125107 125117 3381
125107 125133 1940
125121 125118 1308
125122 125118 418
125128 125125 3165
125128 132559 654
125089 125090 2002
125089 125092 1796
125089 125093 906
125089 125094 2654
125101 125093 1831
125095 123140 1484
125095 125088 1228
125095 125092 1467
125095 125097 1124
125092 125089 1796
125092 125095 1467
125092 125096 1101
122415 122414 105
125133 125097 1348
125133 125107 1940
125133 125135 3351
132559 125128 654
125090 125089 2002
125090 125091 807
125090 125098 475
125094 123084 1919
125094 123140 1742
125094 125089 2654
123140 123084 790
123140 123139 890
123140 125094 1742
123140 125095 1484
123140 125130 906
125097 125095 1124
125097 125130 253
125097 125133 1348
125135 125132 1950
125135 125133 3351
125135 125137 977
125091 125090 807
125098 125090 475
123084 123081 552
123084 123140 790
123084 125094 1919
123139 123083 1228
123139 123134 928
123139 123140 890
123139 125129 1028
125130 123140 906
125130 125097 253
125130 125129 928
125132 125131 1009
125132 125134 976
125132 125135 1950
125137 125135 977
125137 125136 1028
125137 125138 1831
125137 125139 1028
123081 123076 926
123081 123083 697
123081 123084 552
123083 123081 697
123083 123132 789
123083 123139 1228
123134 123132 1211
123134 123137 751
123134 123139 928
123134 123142 1064
125129 123139 1028
125129 125130 928
125129 125131 344
125131 123142 474
125131 125129 344
125131 125132 1009
125134 125132 976
125136 123143 952
125136 123144 1831
125136 125137 1028
125138 123144 1028
125138 125137 1831
125138 125140 476
125139 125137 1028
125139 125141 1458
123076 123074 1432
123076 123081 926
123132 123083 789
123132 123133 789
123132 123134 1211
123137 123133 1080
123137 123134 751
123137 123136 890
123137 123141 1182
123142 123134 1064
123142 123141 789
123142 125131 474
123143 123131 2005
123143 123138 906
123143 125136 952
123144 123131 1064
123144 125136 1831
123144 125138 1028
125140 125138 476
125141 125139 1458
125141 125144 4963
123074 123072 1064
123074 123076 1432
123074 123082 2956
123133 122914 976
123133 123132 789
123133 123137 1080
123136 123126 3027
123136 123135 630
123136 123137 890
123136 123138 1228
123141 123137 1182
123141 123138 976
123141 123142 789
123131 123130 2317
123131 123143 2005
123131 123144 1064
123138 123130 2888
123138 123136 1228
123138 123141 976
123138 123143 906
125144 125141 4963
125144 125142 673
125144 125145 3694
123072 123055 1263
123072 123074 1064
123072 123075 1827
123082 123074 2956
122914 122913 2323
122914 123122 673
122914 123133 976
122914 123135 404
123126 123100 1772
123126 123125 738
123126 123136 3027
123135 122914 404
123135 123122 871
123135 123136 630
123130 123127 1532
123130 123131 2317
123130 123138 2888
125142 123728 238
125142 125143 13556
125142 125144 673
125145 125144 3694
123055 123072 1263
123075 123072 1827
122913 122914 2323
123122 122914 673
123122 123135 871
123100 123126 1772
123125 123126 738
123127 123130 1532
123728 125142 238
125143 125142 13556
200
45078
45080
45081
45086
45084
45085
45099
45087
45088
45091
45104
45107
45089
45096
45121
45123
45116
45124
45090
45122
45120
45161
45105
45147
45125
45117
45106
45126
45135
45148
45151
45115
45118
45119
45127
45133
48323
45138
45152
45103
45158
45134
45136
45140
45149
45174
45163
45168
45132
45137
45139
45143
45150
45153
45175
45164
45172
45169
45130
45142
45154
45176
45178
45165
45173
45129
45131
45180
45181
45166
45128
45155
45156
45157
45144
45146
45141
45145
125150
125152
45097
125127
125151
125154
125156
125187
45094
125126
125165
125153
125155
125186
125188
45093
125116
125119
125166
125167
125157
125190
45095
125109
125120
125170
125158
125192
125108
125113
125114
125159
125162
125102
125110
125112
125123
125269
125160
125161
125106
125111
125115
125124
125270
125163
125103
123146
125104
125117
125118
125125
125093
123145
125105
125088
125096
122414
125107
125121
125122
125128
125089
125101
125095
125092
122415
125133
132559
125090
125094
123140
125097
125135
125091
125098
123084
123139
125130
125132
125137
123081
123083
123134
125129
125131
125134
125136
125138
125139
123076
123132
123137
123142
123143
123144
125140
125141
123074
123133
123136
123141
123131
123138
125144
123072
123082
122914
123126
123135
123130
125142
125145
123055
123075
122913
123122
123100
123125
123127
123728
125143
