438
60338 60339 739
60338 120219 2672
60339 60338 739
120219 60338 2672
120219 120218 1684
120219 120221 1921
120219 120225 3832
120218 120219 1684
120221 60362 782
120221 77031 989
120221 120219 1921
120221 120220 1364
120225 120219 3832
120225 120226 2552
120225 120251 2152
60362 60347 1221
60362 120221 782
77031 77030 2890
77031 120221 989
120220 120221 1364
120226 120225 2552
120251 120215 1949
120251 120225 2152
120251 120248 2533
120251 120253 2570
60347 60345 1495
60347 60346 1962
60347 60361 1345
60347 60362 1221
77030 77031 2890
120215 120212 1478
120215 120245 5441
120215 120251 1949
120248 120249 928
120248 120251 2533
120248 120252 2809
120253 120251 2570
120253 120254 1165
120253 120255 2244
60345 60344 3433
60345 60347 1495
60345 60348 512
60346 60347 1962
60346 120205 1143
60361 60347 1345
120212 120211 1285
120212 120214 1786
120212 120215 1478
120245 120215 5441
120245 120244 3768
120245 120246 1748
120245 120247 2830
120249 120246 2143
120249 120248 928
120249 120250 1776
120252 120248 2809
120252 120295 1651
120252 120296 1341
120254 120253 1165
120254 120301 1625
120254 132477 664
120255 120253 2244
60344 60345 3433
60344 120204 674
60348 60345 512
60348 60350 1323
60348 60351 2511
120205 60346 1143
120211 120207 874
120211 120212 1285
120211 120213 3141
120214 120212 1786
120244 120240 4046
120244 120243 238
120244 120245 3768
120246 120245 1748
120246 120249 2143
120246 120291 2740
120247 120245 2830
120250 120249 1776
120250 132475 2727
120295 120252 1651
120296 120252 1341
120296 132478 2660
120301 66768 1277
120301 120254 1625
120301 120298 1613
132477 120254 664
120204 60344 674
60350 60348 1323
60350 77037 1560
60351 60348 2511
120207 120206 2383
120207 120209 3158
120207 120211 874
120213 120211 3141
120213 120216 1868
120213 120217 1592
120240 120239 452
120240 120241 606
120240 120244 4046
120243 120198 279
120243 120244 238
120291 120246 2740
120291 120281 1160
120291 120292 954
132475 120250 2727
132478 120296 2660
66768 66767 893
66768 120301 1277
120298 120297 1535
120298 120300 2610
120298 120301 1613
77037 60350 1560
120206 120203 674
120206 120207 2383
120209 120198 1395
120209 120207 3158
120209 120210 1811
120216 120213 1868
120217 120213 1592
120239 120233 1458
120239 120240 452
120241 120237 238
120241 120240 606
120241 120242 2868
120198 120195 2145
120198 120209 1395
120198 120243 279
120281 120272 1448
120281 120272 1448
120281 120291 1160
120292 120291 954
66767 60413 2194
66767 66768 893
66767 66807 1830
120297 120298 1535
120300 120298 2610
120300 120299 1434
120300 120302 770
120203 120201 1400
120203 120202 2973
120203 120206 674
120210 120209 1811
120233 120184 1106
120233 120234 753
120233 120237 1225
120233 120238 2923
120233 120239 1458
120237 120233 1225
120237 120241 238
120242 120241 2868
120242 120258 2184
120242 120271 650
120195 120196 419
120195 120198 2145
120195 120208 2454
120272 120273 1206
120272 120280 886
120272 120281 1448
120272 120281 1448
60413 60411 2006
60413 60414 1399
60413 66767 2194
66807 66767 1830
66807 66806 2063
66807 77032 1419
120299 120300 1434
120302 120300 770
120201 120067 4239
120201 120200 1087
120201 120203 1400
120201 120364 876
120202 120203 2973
120184 120183 4464
120184 120192 2762
120184 120233 1106
120234 120233 753
120238 120233 2923
120238 120256 885
120238 120257 2091
120258 120235 449
120258 120242 2184
120258 120259 169
120271 120242 650
120196 120195 419
120196 120197 374
120208 120195 2454
120273 120272 1206
120280 120272 886
120280 120283 1685
120280 132467 1225
60411 60340 1066
60411 60412 2458
60411 60413 2006
60414 60413 1399
60414 60456 935
60414 66801 2900
66806 66801 1720
66806 66807 2063
66806 66808 2118
66806 66811 1462
77032 66807 1419
77032 66811 2216
77032 77033 284
120067 120066 1973
120067 120201 4239
120200 120187 2005
120200 120199 2254
120200 120201 1087
120364 120201 876
120364 120287 958
120364 120365 665
120364 120366 571
120183 120180 2158
120183 120184 4464
120183 120191 3075
120192 120184 2762
120192 120193 1833
120192 120194 1369
120256 120228 2163
120256 120238 885
120256 120261 2143
120257 120238 2091
120235 120236 1061
120235 120258 449
120259 120258 169
120197 120196 374
120283 120280 1685
120283 120284 2218
120283 120285 891
132467 120280 1225
60340 60341 2568
60340 60400 611
60340 60411 1066
60412 60411 2458
60412 60415 684
60412 66801 1350
60456 60414 935
66801 60412 1350
66801 60414 2900
66801 66806 1720
66808 66805 1103
66808 66806 2118
66808 66812 1415
66811 66806 1462
66811 66815 1179
66811 66936 1456
66811 77032 2216
77033 77032 284
120066 120065 1104
120066 120067 1973
120066 120082 3775
120187 120188 789
120187 120200 2005
120199 120063 1917
120199 120200 2254
120199 122548 1494
120287 120288 1435
120287 120293 2544
120287 120364 958
120365 120364 665
120366 120364 571
120180 120179 1211
120180 120182 1717
120180 120183 2158
120191 120183 3075
120191 120186 366
120191 132321 359
120193 120192 1833
120194 120192 1369
120194 132327 354
120228 120229 2437
120228 120230 1395
120228 120256 2163
120261 120256 2143
120261 120260 1346
120261 120263 2490
120261 120264 1726
120236 120235 1061
120284 120283 2218
120284 120309 374
120285 120279 1116
120285 120283 891
60341 60340 2568
60400 60340 611
60400 60401 1821
60400 60402 1023
60415 60409 276
60415 60412 684
66805 66802 591
66805 66808 1103
66805 66810 3683
66812 66808 1415
66812 66813 279
66812 66815 905
66815 66811 1179
66815 66812 905
66815 77038 1650
66936 66811 1456
66936 66935 1758
66936 66935 1758
120065 120066 1104
120082 120066 3775
120082 120074 611
120082 120083 403
120188 120187 789
120063 120061 844
120063 120064 1268
120063 120199 1917
122548 120199 1494
120288 120287 1435
120288 120293 2031
120288 120419 662
120293 120287 2544
120293 120288 2031
120293 120294 1720
120179 120169 1448
120179 120180 1211
120179 120181 2790
120182 120180 1717
120186 120167 2770
120186 120191 366
120186 132321 109
120186 132322 127
132321 120186 109
132321 120191 359
132321 132322 144
132327 120194 354
120229 120228 2437
120230 120228 1395
120230 120231 3295
120230 120232 880
120260 120261 1346
120260 120262 1256
120260 124762 5140
120263 120261 2490
120263 120274 1296
120263 125009 3965
120264 120261 1726
120264 120265 1300
120264 120266 949
120309 120279 1412
120309 120284 374
120309 120310 844
120279 120275 2060
120279 120285 1116
120279 120309 1412
60401 60400 1821
60401 60403 1423
60401 60404 829
60402 60400 1023
60402 60407 556
60409 60407 344
60409 60410 1786
60409 60415 276
66802 66803 867
66802 66804 1358
66802 66805 591
66810 66805 3683
66810 66809 1540
66810 77775 2752
66813 66812 279
66813 66814 2118
66813 66816 1368
77038 66815 1650
77038 66816 839
77038 77039 1072
66935 66936 1758
66935 66936 1758
66935 66937 2117
120074 120069 2028
120074 120073 1364
120074 120082 611
120083 120070 2541
120083 120082 403
120083 120084 796
120061 120012 404
120061 120063 844
120064 120063 1268
120419 120288 662
120294 120289 218
120294 120293 1720
120294 132483 170
120169 120166 3069
120169 120178 2063
120169 120179 1448
120181 120179 2790
120181 124761 3391
120181 124762 3394
120167 120166 3656
120167 120185 713
120167 120186 2770
132322 120186 127
132322 132321 144
120231 120230 3295
120232 120230 880
120262 120260 1256
124762 120181 3394
124762 120260 5140
120274 120263 1296
120274 120275 977
125009 120263 3965
120265 120264 1300
120266 120264 949
120310 120309 844
120275 120274 977
120275 120279 2060
60403 60401 1423
60404 60401 829
60407 60402 556
60407 60409 344
60410 60409 1786
66803 66802 867
66804 66802 1358
66809 66810 1540
77775 66810 2752
66814 66813 2118
66816 66813 1368
66816 66937 1505
66816 77038 839
77039 77038 1072
66937 66816 1505
66937 66935 2117
120069 120070 893
120069 120074 2028
120073 120074 1364
120070 120069 893
120070 120083 2541
120084 120083 796
120012 120061 404
120289 120294 218
132483 120294 170
120166 120167 3656
120166 120169 3069
120178 120169 2063
124761 120181 3391
120185 120167 713
24
60350
77037
132322
124762
120274
120266
120310
120275
60404
60407
60410
66803
66809
66816
66937
120069
120073
120070
120084
120012
120289
132483
120166
120185
