632
136737 136738 3143
136737 136738 3143
136738 136737 3143
136738 136737 3143
136738 139698 3473
136738 139698 3473
136738 139726 1238
136738 197983 6974
139698 136738 3473
139698 136738 3473
139726 136738 1238
139726 139723 2863
139726 139728 946
197983 136738 6974
197983 197982 1881
139723 139718 422
139723 139722 1375
139723 139726 2863
139723 139730 272
139728 139726 946
139728 139730 1947
139728 139740 209
197982 197983 1881
197982 214301 4040
139718 139696 2630
139718 139721 1376
139718 139723 422
139722 139721 449
139722 139723 1375
139722 139724 2219
139722 139743 275
139730 139723 272
139730 139728 1947
139730 139731 6732
139730 139743 1384
139740 139728 209
139740 139733 4500
139740 139733 4500
214301 197982 4040
214301 198041 792
214301 198209 349
139696 139697 6308
139696 139716 2123
139696 139718 2630
139721 139717 1451
139721 139718 1376
139721 139720 2224
139721 139722 449
139724 139720 496
139724 139722 2219
139724 139725 279
139724 139727 2212
139743 139722 275
139743 139730 1384
139743 139742 1938
139743 139742 1938
139731 139729 5617
139731 139730 6732
139731 139737 886
139733 139732 930
139733 139740 4500
139733 139740 4500
198041 198040 1662
198041 214301 792
198209 198208 3015
198209 214301 349
139697 139696 6308
139697 139705 2319
139697 139715 1738
139716 139696 2123
139716 139715 3555
139716 139717 1848
139717 139716 1848
139717 139719 2593
139717 139721 1451
139720 139719 1529
139720 139721 2224
139720 139724 496
139725 139724 279
139725 139729 2211
139725 139742 277
139727 139703 753
139727 139724 2212
139727 139729 283
139742 139725 277
139742 139743 1938
139742 139743 1938
139729 139703 835
139729 139725 2211
139729 139727 283
139729 139731 5617
139737 139731 886
139737 139732 7749
139737 139738 179
139732 139733 930
139732 139734 6622
139732 139737 7749
198040 198036 2858
198040 198039 867
198040 198041 1662
198208 198048 856
198208 198209 3015
198208 198210 595
198208 198215 1751
139705 139697 2319
139705 139699 2040
139705 139706 1077
139715 139697 1738
139715 139711 1952
139715 139716 3555
139719 139714 1508
139719 139717 2593
139719 139720 1529
139703 139702 344
139703 139727 753
139703 139729 835
139738 139736 1563
139738 139737 179
139738 139739 1755
139734 139732 6622
139734 139735 5599
139734 139741 3971
198036 198034 2796
198036 198035 880
198036 198040 2858
198036 198042 730
198039 198035 2740
198039 198038 762
198039 198040 867
198048 198045 763
198048 198062 2778
198048 198208 856
198210 198068 1098
198210 198208 595
198210 198211 445
198215 198208 1751
198215 198213 1212
198215 198216 522
139699 139700 3690
139699 139701 3640
139699 139705 2040
139706 139705 1077
139706 139711 551
139706 139712 731
139711 139706 551
139711 139714 809
139711 139715 1952
139714 139708 369
139714 139711 809
139714 139719 1508
139702 139700 2723
139702 139703 344
139702 139704 80
139702 139707 1368
139736 139735 1671
139736 139738 1563
139739 139738 1755
139735 139734 5599
139735 139736 1671
139741 139734 3971
198034 198008 815
198034 198021 1454
198034 198036 2796
198034 198044 814
198035 198008 2891
198035 198030 750
198035 198036 880
198035 198039 2740
198042 198036 730
198042 198043 1049
198042 198044 2894
198038 198030 2728
198038 198033 801
198038 198039 762
198045 198043 801
198045 198047 2871
198045 198048 763
198062 198047 674
198062 198048 2778
198062 198063 1179
198062 198064 997
198068 198069 712
198068 198070 1932
198068 198210 1098
198211 198210 445
198211 198212 2720
198211 198213 864
198213 198211 864
198213 198214 1465
198213 198215 1212
198216 198215 522
198216 198229 1065
198216 198230 751
139700 139699 3690
139700 139702 2723
139700 139707 1865
139700 139710 186
139701 139699 3640
139701 139707 312
139701 139708 2081
139701 139709 70
139712 139706 731
139712 139708 1232
139712 139713 742
139708 139701 2081
139708 139712 1232
139708 139714 369
139704 139702 80
139707 139700 1865
139707 139701 312
139707 139702 1368
198008 198007 942
198008 198019 1551
198008 198034 815
198008 198035 2891
198021 198019 928
198021 198020 1291
198021 198034 1454
198021 198049 679
198044 198034 814
198044 198042 2894
198044 198046 880
198044 198049 1292
198030 198007 2920
198030 198029 814
198030 198035 750
198030 198038 2728
198043 198042 1049
198043 198045 801
198043 198046 2869
198033 198029 2715
198033 198032 814
198033 198038 801
198047 198045 2871
198047 198046 826
198047 198052 1009
198047 198062 674
198063 198055 1487
198063 198062 1179
198064 198062 997
198064 198065 336
198064 198066 672
198064 198069 401
198069 198064 401
198069 198065 570
198069 198068 712
198070 198068 1932
198070 198220 556
198070 198221 805
198212 198211 2720
198212 198217 774
198212 198221 255
198212 198223 2120
198214 198213 1465
198214 198217 1240
198214 198218 942
198229 198216 1065
198229 198218 419
198229 198231 1770
198230 198216 751
198230 198232 2257
139710 139700 186
139709 139701 70
139713 139712 742
198007 198005 1584
198007 198006 801
198007 198008 942
198007 198030 2920
198019 198005 814
198019 198008 1551
198019 198018 1150
198019 198021 928
198020 198015 2636
198020 198018 929
198020 198021 1291
198020 198022 674
198049 198021 679
198049 198022 1408
198049 198044 1292
198046 198043 2869
198046 198044 880
198046 198047 826
198046 198050 2570
198029 198006 2932
198029 198028 869
198029 198030 814
198029 198033 2715
198032 198028 2790
198032 198031 814
198032 198033 814
198032 198037 465
198052 198047 1009
198052 198051 1551
198055 198026 2537
198055 198051 880
198055 198056 405
198055 198063 1487
198065 198064 336
198065 198067 1454
198065 198069 570
198066 198064 672
198066 198074 478
198066 198075 1219
198220 198067 773
198220 198070 556
198220 198221 594
198220 198222 2025
198221 198070 805
198221 198212 255
198221 198220 594
198217 198212 774
198217 198214 1240
198217 198219 756
198217 198226 2120
198223 198212 2120
198223 198222 747
198223 198225 2151
198223 198226 774
198218 198214 942
198218 198219 1793
198218 198229 419
198231 198219 773
198231 198229 1770
198231 198232 756
198231 198233 2146
198232 198230 2257
198232 198231 756
198232 198236 2241
198005 198003 742
198005 198007 1584
198005 198017 1214
198005 198019 814
198006 198002 814
198006 198003 1655
198006 198007 801
198006 198029 2932
198018 198012 2761
198018 198017 756
198018 198019 1150
198018 198020 929
198015 198012 745
198015 198013 2728
198015 198020 2636
198015 198023 956
198022 198020 674
198022 198023 2705
198022 198049 1408
198022 198050 881
198050 198022 881
198050 198024 2666
198050 198046 2570
198050 198051 815
198028 198000 763
198028 198002 2857
198028 198029 869
198028 198032 2790
198031 198000 2715
198031 198032 814
198037 198032 465
198051 198025 2692
198051 198050 815
198051 198052 1551
198051 198055 880
198026 198025 741
198026 198053 1692
198026 198054 943
198026 198055 2537
198056 198055 405
198056 198058 534
198067 198065 1454
198067 198075 747
198067 198077 2151
198067 198220 773
198074 198066 478
198074 198071 560
198075 198066 1219
198075 198067 747
198075 198072 777
198075 198076 2257
198222 198077 801
198222 198220 2025
198222 198223 747
198222 198224 2138
198219 198217 756
198219 198218 1793
198219 198227 2134
198219 198231 773
198226 198217 2120
198226 198223 774
198226 198227 846
198226 198228 2365
198225 198223 2151
198225 198224 838
198225 198228 755
198233 198227 846
198233 198231 2146
198233 198235 2259
198233 198236 674
198236 198232 2241
198236 198233 674
198236 198237 2021
198236 198238 648
198003 197996 917
198003 198004 1098
198003 198005 742
198003 198006 1655
198017 198004 749
198017 198005 1214
198017 198011 2598
198017 198018 756
198002 197996 1645
198002 198001 814
198002 198006 814
198002 198028 2857
198012 197888 2728
198012 198011 880
198012 198015 745
198012 198018 2761
198013 197888 745
198013 197895 560
198013 198014 930
198013 198015 2728
198023 198014 2727
198023 198015 956
198023 198022 2705
198023 198024 731
198024 198016 2666
198024 198023 731
198024 198025 956
198024 198050 2666
198000 197998 943
198000 198001 2932
198000 198028 763
198000 198031 2715
198025 198024 956
198025 198026 741
198025 198027 2183
198025 198051 2692
198053 198026 1692
198053 198027 936
198053 198092 254
198053 198111 1030
198054 198026 943
198054 198059 1500
198054 198111 1163
198054 198160 533
198058 198056 534
198058 198059 1153
198058 198060 2230
198058 198071 894
198058 198072 683
198077 198067 2151
198077 198076 774
198077 198078 1903
198077 198222 801
198071 198058 894
198071 198072 575
198071 198074 560
198072 198058 683
198072 198071 575
198072 198073 2132
198072 198075 777
198076 198073 747
198076 198075 2257
198076 198077 774
198076 198239 1793
198224 198078 766
198224 198222 2138
198224 198225 838
198227 198219 2134
198227 198226 846
198227 198233 846
198227 198234 2256
198228 198225 755
198228 198226 2365
198228 214288 399
198235 198233 2259
198235 198234 864
198235 198237 698
198237 198235 698
198237 198236 2021
198237 198257 709
198238 198236 648
198238 198257 1392
197996 197994 896
197996 197995 1053
197996 198002 1645
197996 198003 917
198004 197995 815
198004 198003 1098
198004 198010 2728
198004 198017 749
198011 197885 2715
198011 198010 731
198011 198012 880
198011 198017 2598
198001 197990 882
198001 197994 1693
198001 198000 2932
198001 198002 814
197888 197885 894
197888 197890 943
197888 198012 2728
197888 198013 745
197895 197890 956
197895 198013 560
197895 198014 1026
198014 197895 1026
198014 198013 930
198014 198016 805
198014 198023 2727
198016 198014 805
198016 198024 2666
198016 198027 955
197998 197990 3000
197998 197997 1487
197998 198000 943
198027 198016 955
198027 198025 2183
198027 198053 936
198092 198053 254
198092 198090 1960
198092 198112 337
198092 198113 966
198111 198053 1030
198111 198054 1163
198111 198113 240
198111 198159 1318
198059 198054 1500
198059 198058 1153
198059 198061 1468
198160 198054 533
198160 198061 839
198160 198159 787
198060 198058 2230
198060 198061 773
198060 198073 779
198060 198162 1346
198078 198077 1903
198078 198224 766
198078 198239 766
198073 198060 779
198073 198072 2132
198073 198076 747
198073 198165 1685
198239 198076 1793
198239 198078 766
198239 198165 755
198234 198227 2256
198234 198235 864
198234 214288 469
214288 198228 399
214288 198234 469
214288 202003 259
198257 198237 709
198257 198238 1392
198257 198258 469
197994 197992 814
197994 197993 1011
197994 197996 896
197994 198001 1693
197995 197993 931
197995 197996 1053
197995 198004 815
197995 198009 2763
198010 197884 2727
198010 198004 2728
198010 198009 955
198010 198011 731
197885 197884 745
197885 197886 690
197885 197887 549
197885 197888 894
197885 198011 2715
197990 197988 801
197990 197992 1630
197990 197998 3000
197990 198001 882
197890 197883 237
197890 197887 792
197890 197888 943
197890 197889 936
197890 197895 956
197997 197998 1487
198090 198091 449
198090 198092 1960
198090 198108 444
198112 198092 337
198112 198107 779
198112 198109 1891
198112 198114 454
198113 195991 1457
198113 198092 966
198113 198111 240
198159 198111 1318
198159 198160 787
198061 198059 1468
198061 198060 773
198061 198160 839
198162 198060 1346
198162 198165 846
198165 198073 1685
198165 198162 846
198165 198239 755
202003 214288 259
198258 198257 469
197992 197990 1630
197992 197994 814
197993 197994 1011
197993 197995 931
198009 197995 2763
198009 198010 955
197884 197885 745
197884 198010 2727
197886 197885 690
197886 197887 419
197886 197889 906
197887 197885 549
197887 197886 419
197887 197890 792
197988 197990 801
197883 197890 237
197889 197886 906
197889 197890 936
198091 198090 449
198091 198107 846
198108 198090 444
198107 198091 846
198107 198112 779
198109 198112 1891
198114 198112 454
195991 198113 1457
22
198113
198159
198061
198162
198165
202003
198258
197992
197993
198009
197884
197886
197887
197988
197883
197889
198091
198108
198107
198109
198114
195991
