58
83414 83415 5168
83414 83416 508
83414 85106 581
83415 83414 5168
83415 85103 1032
83416 83414 508
83416 83417 445
83416 83418 562
85106 83414 581
85106 83418 592
85106 85095 452
85103 83415 1032
83417 83416 445
83418 83416 562
83418 83419 452
83418 85106 592
85095 83419 762
85095 85094 436
85095 85106 452
83419 83418 452
83419 83420 508
83419 85095 762
85094 85095 436
85094 85096 492
85094 85105 957
83420 83419 508
83420 83421 1225
83420 83422 423
83420 85098 782
85096 85094 492
85096 85104 1060
85096 85108 1229
85105 85094 957
83421 83420 1225
83422 83420 423
85098 83420 782
85104 85096 1060
85108 85096 1229
85108 85107 1237
85108 85110 470
85107 85108 1237
85110 85108 470
85110 85109 1511
85110 90631 179
85109 85110 1511
90631 85110 179
90631 90632 260
90631 90637 1421
90632 90631 260
90632 90633 402
90632 90634 862
90637 90631 1421
90633 90632 402
90634 90632 862
90634 90635 718
90634 90636 723
90635 90634 718
90636 90634 723
21
85095
83419
85094
83420
85096
85105
83421
83422
85098
85104
85108
85107
85110
85109
90631
90632
90637
90633
90634
90635
90636
