24
206297 206299 1150
206299 206297 1150
206299 206303 416
206303 206299 416
206303 206305 1475
206305 206303 1475
201544 201546 756
208815 208816 710
208816 208815 710
208834 208871 779
208871 208834 779
208871 208870 751
208870 208871 751
208870 208872 824
208868 208877 824
208872 208870 824
208877 208868 824
201584 201588 1020
201546 201544 756
201588 201584 1020
201633 201640 756
201640 201633 756
201789 201790 639
201790 201789 639
38
206297
206299
206303
206305
206355
206356
206358
206360
206353
206376
201443
201544
206381
208815
208816
208820
208853
208834
208871
208897
208870
208868
208869
208872
208877
201482
201486
201587
201487
201546
201588
201598
201633
201640
201785
201786
201789
201790
