24
237282 247599 937
247599 237282 937
247733 247736 1195
247736 247733 1195
247749 247747 902
247747 247749 902
247799 247803 2028
247807 247805 1030
247805 247807 1030
247803 247799 2028
247831 247853 1263
247853 247831 1263
247809 247787 787
247787 247809 787
247861 247863 1376
247922 247919 1255
258616 258617 3016
247863 247861 1376
247863 247919 1030
247919 247863 1030
247919 247922 1255
258617 258616 3016
255479 255484 2689
255484 255479 2689
33
244036
244038
247514
247528
247546
247551
247583
237282
247599
247602
247733
247736
247749
247747
247799
247807
247805
247803
247831
247853
247804
247809
247787
247854
247861
248065
258616
247863
258617
258633
258652
255479
255486
