28
141608 141611 872
141609 141611 2188
141609 141616 798
141627 141583 527
141627 141628 805
150599 150596 753
139881 139884 850
150597 150596 851
150630 151725 107
150596 150597 851
150596 150599 753
151725 150630 107
139884 139881 850
140151 140160 394
140160 140151 394
141583 141627 527
141583 141628 661
142280 142279 933
142273 142279 1348
142279 142273 1348
142279 142280 933
141616 141609 798
141616 141617 465
141617 141616 465
141628 141583 661
141628 141627 805
141611 141608 872
141611 141609 2188
37
196774
196783
141608
141609
141627
150599
139882
139881
150677
150597
150630
150596
151725
139884
140151
140160
140180
140197
140240
140244
140261
141568
141583
142280
142312
142310
142476
142483
142481
142512
142521
142273
141616
141621
141642
141628
141635
