610
50736 50737 645
50736 50739 1097
50736 50797 1042
50737 50736 645
50737 53981 789
50737 53983 1211
50739 50736 1097
50739 50809 1135
50739 54042 2925
50797 50736 1042
50797 50809 979
50797 53979 693
53981 50737 789
53981 53982 1282
53981 54454 747
53983 50737 1211
53983 53982 837
53983 54461 650
53983 54462 2436
50809 50739 1135
50809 50797 979
50809 50822 1908
54042 50739 2925
54042 54041 1590
54042 54041 1590
53979 50797 693
53979 50818 789
53979 53980 1081
53982 53981 1282
53982 53983 837
53982 54456 697
53982 54464 2292
54454 53981 747
54454 54449 885
54454 54456 1413
54461 53983 650
54461 53984 885
54461 54465 2423
54462 53983 2436
54462 54464 747
54462 54465 789
54462 54467 2284
50822 50809 1908
50822 50817 393
50822 50843 1455
54041 54042 1590
54041 54042 1590
54041 54403 1068
50818 50817 473
50818 53979 789
50818 54188 1081
53980 53979 1081
53980 53984 789
53980 54188 789
53980 54195 2353
54456 53982 697
54456 54454 1413
54456 54455 885
54456 54463 2363
54464 53982 2292
54464 54462 747
54464 54463 751
54464 54478 2423
54449 54450 789
54449 54454 885
54449 54455 1413
53984 53980 789
53984 53985 2353
53984 54461 885
54465 53985 928
54465 54461 2423
54465 54462 789
54465 54466 2284
54467 54462 2284
54467 54466 789
54467 54478 837
54467 54701 2423
50817 50818 473
50817 50822 393
50817 53977 274
50843 50820 1670
50843 50822 1455
50843 50933 2079
54403 54041 1068
54403 54404 1734
54403 54416 215
54188 50818 1081
54188 53980 789
54188 54187 837
54188 54194 2292
54195 53980 2353
54195 53985 789
54195 54194 697
54195 54688 2292
54455 54449 1413
54455 54451 789
54455 54456 885
54455 54458 2363
54463 54456 2363
54463 54458 885
54463 54464 751
54463 54476 2284
54478 54464 2423
54478 54467 837
54478 54476 650
54478 54480 2353
54450 54449 789
54450 54451 1413
54450 54452 650
53985 53984 2353
53985 54195 789
53985 54465 928
53985 54691 2292
54466 54465 2284
54466 54467 789
54466 54691 789
54466 54698 2353
54701 54467 2423
54701 54480 789
54701 54698 837
53977 50817 274
53977 53978 1759
53977 54186 475
53977 54187 940
50820 50819 1052
50820 50843 1670
50820 50927 248
50933 50843 2079
50933 50927 1728
50933 51115 1143
54404 54403 1734
54416 54403 215
54416 54425 747
54416 54452 885
54416 54457 1484
54187 53977 940
54187 54188 837
54187 54189 747
54187 54190 2423
54194 54188 2292
54194 54190 885
54194 54195 697
54194 54690 2353
54688 54195 2292
54688 54690 789
54688 54691 789
54688 54699 2353
54451 54450 1413
54451 54453 697
54451 54455 789
54451 54459 2353
54458 54455 2363
54458 54459 650
54458 54463 885
54458 54477 2353
54476 54463 2284
54476 54477 928
54476 54478 650
54476 54481 2292
54480 54478 2353
54480 54481 747
54480 54701 789
54452 54416 885
54452 54450 650
54452 54453 1484
54691 53985 2292
54691 54466 789
54691 54688 789
54691 54700 2284
54698 54466 2353
54698 54700 837
54698 54701 837
53978 53977 1759
54186 53977 475
54186 54171 374
54186 54175 610
50819 50820 1052
50927 50820 248
50927 50933 1728
51115 50933 1143
51115 51114 1542
51115 51142 952
54425 54416 747
54425 54417 739
54425 54424 848
54425 54427 1630
54457 54416 1484
54457 54427 837
54457 54453 885
54457 54468 1545
54189 54175 404
54189 54187 747
54189 54191 558
54189 54192 2292
54190 54187 2423
54190 54192 697
54190 54194 885
54190 54689 2292
54690 54194 2353
54690 54688 789
54690 54689 789
54690 54692 2363
54699 54688 2353
54699 54692 650
54699 54700 747
54453 54451 697
54453 54452 1484
54453 54457 885
54453 54460 1355
54459 54451 2353
54459 54458 650
54459 54470 751
54459 54479 2363
54477 54458 2353
54477 54476 928
54477 54479 789
54477 54523 2353
54481 54476 2292
54481 54480 747
54481 54523 837
54700 54691 2284
54700 54698 837
54700 54699 747
54171 54172 1546
54171 54173 558
54171 54175 476
54171 54186 374
54175 54171 476
54175 54186 610
54175 54189 404
54175 54191 667
51114 51115 1542
51142 51115 952
54417 54413 807
54417 54414 789
54417 54425 739
54424 54414 606
54424 54420 789
54424 54425 848
54424 54426 1758
54427 54425 1630
54427 54426 789
54427 54457 837
54427 54469 940
54468 54457 1545
54468 54460 751
54468 54469 1000
54468 54471 885
54468 54473 828
54191 54175 667
54191 54179 279
54191 54189 558
54192 54189 2292
54192 54190 697
54192 54193 885
54192 54196 2353
54689 54190 2292
54689 54196 789
54689 54690 789
54689 54697 2292
54692 54690 2363
54692 54697 837
54692 54699 650
54460 54453 1355
54460 54468 751
54460 54470 1075
54470 54459 751
54470 54460 1075
54470 54473 984
54470 54474 2234
54479 54459 2363
54479 54474 789
54479 54477 789
54479 54522 2292
54523 54477 2353
54523 54481 837
54523 54526 341
54172 54171 1546
54173 54171 558
54173 54174 1546
54173 54178 202
54413 54411 789
54413 54415 355
54413 54417 807
54414 54411 807
54414 54417 789
54414 54423 511
54414 54424 606
54420 54418 789
54420 54421 686
54420 54424 789
54420 54444 1758
54426 54424 1758
54426 54427 789
54426 54444 789
54426 54445 2353
54469 54427 940
54469 54468 1000
54469 54471 476
54471 54468 885
54471 54469 476
54471 54472 940
54473 54468 828
54473 54470 984
54473 54472 697
54473 54475 2353
54179 54177 747
54179 54178 940
54179 54191 279
54179 54193 2423
54193 54179 2423
54193 54181 789
54193 54192 885
54193 54203 2292
54196 54192 2353
54196 54203 789
54196 54689 789
54196 54696 2353
54697 54689 2292
54697 54692 837
54697 54696 885
54474 54470 2234
54474 54475 789
54474 54479 789
54474 54521 2363
54522 54479 2292
54522 54521 837
54522 54527 374
54526 54523 341
54526 54527 170
54526 56770 450
54174 54173 1546
54178 54169 558
54178 54173 202
54178 54179 940
54411 54412 518
54411 54413 789
54411 54414 807
54411 54422 511
54415 54413 355
54423 54414 511
54418 54409 789
54418 54419 1686
54418 54420 789
54418 54442 1817
54421 54420 686
54421 56642 807
54444 54420 1758
54444 54426 789
54444 54442 697
54444 54447 2353
54445 54426 2353
54445 54447 789
54445 54472 789
54445 54514 2291
54472 54445 789
54472 54471 940
54472 54473 697
54472 54516 1817
54475 54473 2353
54475 54474 789
54475 54518 418
54475 54524 1009
54177 54176 1154
54177 54179 747
54177 54180 1395
54177 54181 2353
54181 54177 2353
54181 54193 789
54181 54197 789
54181 54202 2292
54203 54193 2292
54203 54196 789
54203 54202 789
54203 54695 2353
54696 54196 2353
54696 54695 789
54696 54697 885
54521 54474 2363
54521 54522 837
54521 54524 1534
54521 54525 650
54527 54522 374
54527 54526 170
54527 54528 612
56770 54526 450
54169 54170 1546
54169 54176 337
54169 54178 558
54412 54411 518
54422 54411 511
54409 54410 1484
54409 54418 789
54409 54430 837
54409 54443 1758
54419 54418 1686
54442 54418 1817
54442 54443 885
54442 54444 697
54442 54448 2234
56642 54421 807
56642 56643 121
54447 54444 2353
54447 54445 789
54447 54448 885
54447 54515 2291
54514 54445 2291
54514 54515 789
54514 54517 789
54514 54520 2353
54516 54472 1817
54516 54517 476
54516 54518 610
54518 54475 418
54518 54516 610
54518 54517 374
54524 54475 1009
54524 54521 1534
54524 54525 1344
54176 54131 475
54176 54169 337
54176 54177 1154
54180 54142 1439
54180 54177 1395
54180 54182 1356
54180 54185 2423
54197 54181 789
54197 54185 558
54197 54198 1009
54202 54181 2292
54202 54200 1395
54202 54203 789
54202 54694 2353
54695 54203 2353
54695 54694 789
54695 54696 789
54525 54519 789
54525 54521 650
54525 54524 1344
54528 54527 612
54528 54539 337
54170 54169 1546
54410 54409 1484
54430 54409 837
54430 54428 1009
54430 54438 1679
54443 54409 1758
54443 54438 650
54443 54442 885
54443 54446 2422
54448 54442 2234
54448 54446 751
54448 54447 885
54448 54494 2353
56643 56642 121
54515 54447 2291
54515 54494 789
54515 54514 789
54515 54529 2291
54517 54514 789
54517 54516 476
54517 54518 374
54517 54519 2353
54520 54514 2353
54520 54519 789
54520 54529 885
54131 54129 751
54131 54132 2019
54131 54176 475
54142 54139 1300
54142 54141 1615
54142 54180 1439
54142 54184 2423
54182 54127 418
54182 54129 202
54182 54180 1356
54185 54180 2423
54185 54184 1439
54185 54197 558
54185 54201 850
54198 54197 1009
54200 54201 1371
54200 54202 1395
54200 54215 747
54200 54693 2423
54694 54202 2353
54694 54693 1345
54694 54695 789
54519 54517 2353
54519 54520 789
54519 54525 789
54539 54528 337
54539 54540 2755
54539 54730 279
54539 54731 1716
54428 54429 355
54428 54430 1009
54428 54431 1032
54438 54430 1679
54438 54440 928
54438 54443 650
54438 54492 2382
54446 54443 2422
54446 54448 751
54446 54492 885
54446 54496 2291
54494 54448 2353
54494 54496 837
54494 54515 789
54494 54530 2436
54529 54515 2291
54529 54520 885
54529 54533 337
54129 54130 1686
54129 54131 751
54129 54182 202
54132 54131 2019
54139 54124 1960
54139 54138 1300
54139 54142 1300
54139 54183 2424
54141 54124 1422
54141 54136 279
54141 54142 1615
54184 54142 2423
54184 54183 1300
54184 54185 1439
54184 54199 2292
54127 54128 1686
54127 54136 673
54127 54182 418
54201 54185 850
54201 54200 1371
54201 56680 911
54215 54199 650
54215 54200 747
54215 54216 2353
54693 54200 2423
54693 54216 789
54693 54694 1345
54540 54539 2755
54540 54541 1381
54540 54542 2583
54730 54539 279
54730 54728 3989
54731 54539 1716
54429 54428 355
54431 54428 1032
54440 54438 928
54440 54493 2363
54492 54438 2382
54492 54446 885
54492 54493 789
54492 54497 2353
54496 54446 2291
54496 54494 837
54496 54497 789
54496 54531 1545
54530 54494 2436
54530 54532 610
54530 54533 558
54533 54529 337
54533 54530 558
54533 54538 1004
54130 54129 1686
54124 54122 1557
54124 54125 1206
54124 54139 1960
54124 54141 1422
54138 54125 2019
54138 54139 1300
54138 54160 650
54138 54163 2292
54183 54139 2424
54183 54163 1255
54183 54184 1300
54183 54206 2292
54136 54127 673
54136 54135 1686
54136 54141 279
54199 54184 2292
54199 54206 1300
54199 54215 650
54128 54127 1686
56680 54201 911
54216 54215 2353
54216 54693 789
54541 54538 1411
54541 54540 1381
54542 54540 2583
54728 54730 3989
54493 54440 2363
54493 54492 789
54497 54492 2353
54497 54496 789
54531 54496 1545
54531 54532 739
54532 54530 610
54532 54531 739
54538 54533 1004
54538 54541 1411
54122 54124 1557
54125 54124 1206
54125 54138 2019
54160 54138 650
54163 54138 2292
54163 54183 1255
54206 54183 2292
54206 54199 1300
54135 54136 1686
22
54430
54428
54438
54429
54431
54440
54492
54199
54216
54541
54542
54728
54493
54497
54532
54538
54122
54125
54160
54163
54206
54135
