48
10831 10832 4769
10832 10831 4769
10832 10847 1898
10832 10851 3986
10847 10832 1898
10847 10848 648
10851 10832 3986
10851 10849 1870
10851 11128 1883
10848 10847 648
10848 10849 2983
10848 10850 5155
10849 10848 2983
10849 10851 1870
10849 11125 348
11128 10851 1883
11128 11129 2245
10850 10848 5155
11125 10849 348
11125 11126 1155
11125 11127 1787
11129 11128 2245
11129 11133 1075
11126 11125 1155
11126 14222 100
11126 14364 1225
11127 11125 1787
11133 11129 1075
11133 11136 3192
11133 11139 3429
14222 11126 100
14222 233589 1004
14364 11126 1225
11136 11133 3192
11139 11133 3429
11139 233633 1084
233589 14222 1004
233589 233628 1113
233633 11139 1084
233633 233630 1419
233628 233589 1113
233630 233599 1188
233630 233631 2576
233630 233633 1419
233599 233629 2553
233599 233630 1188
233631 233630 2576
233629 233599 2553
12
11128
11129
11133
11136
11139
233589
233633
233628
233630
233599
233631
233629
