536
73143 73144 356
73143 76400 742
73144 73143 356
73144 84930 3136
76400 73143 742
76400 76387 3578
76400 76388 3419
76400 76404 1333
84930 73144 3136
84930 84931 1439
84930 87639 332
76387 76384 3381
76387 76386 790
76387 76388 712
76387 76400 3578
76388 76387 712
76388 76397 708
76388 76398 1086
76388 76400 3419
76404 76400 1333
76404 76401 598
76404 76405 1098
84931 84930 1439
87639 84930 332
87639 87640 2149
87639 87700 1218
76384 76375 2763
76384 76383 697
76384 76385 790
76384 76387 3381
76386 76383 3440
76386 76387 790
76397 76388 708
76397 76389 842
76398 76388 1086
76398 76391 607
76398 76401 2559
76401 76391 3116
76401 76398 2559
76401 76404 598
76405 76404 1098
87640 87639 2149
87640 87641 714
87640 87703 314
87700 87639 1218
87700 87701 1743
87700 87702 1285
76375 76374 752
76375 76376 752
76375 76384 2763
76383 76374 2833
76383 76380 885
76383 76384 697
76383 76386 3440
76385 76376 2631
76385 76384 790
76385 76389 1690
76389 76385 1690
76389 76390 748
76389 76397 842
76391 76392 419
76391 76398 607
76391 76401 3116
87641 87640 714
87641 87642 590
87641 87644 479
87703 87640 314
87703 87643 1031
87703 87721 924
87701 87700 1743
87701 87702 1011
87701 87724 2109
87702 87700 1285
87702 87701 1011
87702 87722 2320
76374 76373 789
76374 76375 752
76374 76383 2833
76376 76375 752
76376 76385 2631
76376 76394 752
76380 76373 2896
76380 76381 1686
76380 76383 885
76390 76389 748
76390 76393 688
76390 76394 4118
76392 76391 419
87642 87641 590
87644 87641 479
87644 87643 1165
87643 87644 1165
87643 87645 790
87643 87703 1031
87721 87703 924
87721 87720 1447
87721 87946 1257
87724 87701 2109
87724 87722 702
87724 88067 874
87722 87702 2320
87722 87723 907
87722 87724 702
76373 76366 423
76373 76374 789
76373 76380 2896
76394 76376 752
76394 76390 4118
76394 76402 613
76381 76378 333
76381 76380 1686
76393 76390 688
76393 76395 838
76393 76396 2226
87645 87643 790
87645 87646 1012
87645 87648 752
87645 87946 740
87720 87718 1208
87720 87721 1447
87720 87946 810
87946 87645 740
87946 87720 810
87946 87721 1257
88067 87724 874
88067 88068 793
88067 91118 818
87723 87705 688
87723 87722 907
87723 88066 719
76366 76359 478
76366 76368 3984
76366 76373 423
76402 76394 613
76402 76396 1561
76402 76403 237
76378 76367 1480
76378 76381 333
76378 76382 519
76395 76393 838
76395 76399 2315
76396 76393 2226
76396 76399 650
76396 76402 1561
87646 87645 1012
87646 87647 512
87648 87645 752
87648 87649 1084
87648 87650 1079
87718 87716 1321
87718 87719 247
87718 87720 1208
88068 88067 793
88068 88069 793
88068 88069 793
91118 88067 818
87705 87704 277
87705 87723 688
87705 88026 712
88066 87723 719
88066 88065 1905
76359 76358 325
76359 76364 796
76359 76366 478
76368 76366 3984
76368 76377 562
76368 76379 712
76403 76402 237
76367 76362 4797
76367 76377 559
76367 76378 1480
76382 76378 519
76399 76395 2315
76399 76396 650
87647 87646 512
87649 87648 1084
87650 87648 1079
87650 87651 618
87650 87652 779
87650 87716 424
87716 87650 424
87716 87717 762
87716 87718 1321
87719 87718 247
88069 87749 951
88069 88068 793
88069 88068 793
87704 87705 277
87704 87706 419
87704 88023 2016
88026 87705 712
88026 88027 924
88026 88070 769
88065 88064 493
88065 88066 1905
76358 76359 325
76364 76359 796
76364 76362 740
76364 76377 4040
76377 76364 4040
76377 76367 559
76377 76368 562
76379 76368 712
76362 76363 130
76362 76364 740
76362 76367 4797
87651 87650 618
87652 87650 779
87652 87653 2397
87717 87716 762
87749 87740 988
87749 88064 193
87749 88069 951
87706 87704 419
87706 87707 1891
87706 87710 476
88023 87704 2016
88023 87711 810
88023 88012 2113
88023 88021 754
88027 88024 570
88027 88026 924
88027 88028 686
88070 87737 793
88070 88026 769
88070 88074 2344
88064 87747 214
88064 87749 193
88064 88065 493
76363 76362 130
87653 87652 2397
87653 87654 812
87653 87715 2161
87740 87739 437
87740 87741 2889
87740 87749 988
87707 87706 1891
87710 87706 476
87710 87709 1895
87710 87711 929
87711 87710 929
87711 87712 238
87711 88023 810
88012 87714 2206
88012 88013 748
88012 88023 2113
88012 88056 812
88021 88020 1111
88021 88022 1269
88021 88023 754
88021 88025 512
88024 88025 1015
88024 88027 570
88024 88073 508
88028 88027 686
87737 87734 846
87737 87736 2300
87737 88070 793
88074 87682 1466
88074 87736 679
88074 88070 2344
88074 88072 828
87747 87748 302
87747 88064 214
87654 87653 812
87654 87655 1751
87654 87656 752
87654 88015 2436
87715 87653 2161
87715 87714 1068
87715 88015 885
87739 87738 2568
87739 87740 437
87739 87750 874
87741 87740 2889
87709 87708 44
87709 87710 1895
87712 87711 238
87712 87713 1012
87712 87714 419
87714 87712 419
87714 87715 1068
87714 88012 2206
88013 88012 748
88013 88014 955
88013 88052 651
88013 88055 1031
88056 87676 1077
88056 88012 812
88056 88071 818
88020 88018 519
88020 88021 1111
88020 88071 452
88022 88019 688
88022 88021 1269
88022 88072 344
88025 88021 512
88025 88024 1015
88025 88073 859
88073 88024 508
88073 88025 859
88073 88072 427
87734 87735 2243
87734 87737 846
87734 87746 276
87734 87748 183
87736 87735 793
87736 87737 2300
87736 88074 679
87736 88076 717
87682 87680 754
87682 87683 765
87682 88074 1466
88072 88022 344
88072 88073 427
88072 88074 828
87748 87734 183
87748 87747 302
87655 87654 1751
87656 87654 752
87656 87657 1824
87656 87658 892
87656 88017 2315
88015 87654 2436
88015 87715 885
88015 88014 942
88015 88017 876
87738 87739 2568
87750 87739 874
87750 87751 686
87750 88454 667
87708 87709 44
87713 87712 1012
88014 88013 955
88014 88015 942
88014 88016 748
88052 88013 651
88052 88016 909
88052 88048 748
88052 88054 1084
88055 88013 1031
88055 88054 748
87676 87675 1813
87676 87677 1012
87676 87678 748
87676 88056 1077
88071 87678 1213
88071 88020 452
88071 88056 818
88018 87679 1012
88018 88019 988
88018 88020 519
88019 87680 581
88019 88018 988
88019 88022 688
87735 87685 680
87735 87734 2243
87735 87736 793
87746 87734 276
87746 87745 437
88076 87683 719
88076 87684 1285
88076 87736 717
87680 87679 419
87680 87681 2732
87680 87682 754
87680 88019 581
87683 87682 765
87683 87684 1512
87683 88076 719
87657 87656 1824
87658 87656 892
87658 87659 1824
87658 87660 2099
88017 87656 2315
88017 87660 810
88017 88015 876
88017 88016 1286
87751 87743 476
87751 87750 686
87751 88453 1084
88454 87750 667
88454 88453 1622
88454 91117 1225
88016 88014 748
88016 88017 1286
88016 88032 651
88016 88052 909
88048 88030 748
88048 88032 955
88048 88052 748
88048 88053 1084
88054 88052 1084
88054 88053 748
88054 88055 748
87675 87674 789
87675 87676 1813
87675 88053 679
87677 87676 1012
87678 87676 748
87678 87679 848
87678 88071 1213
87679 87678 848
87679 87680 419
87679 88018 1012
87685 87684 682
87685 87686 1484
87685 87735 680
87685 87745 2220
87745 87685 2220
87745 87744 793
87745 87746 437
87684 87683 1512
87684 87685 682
87684 88076 1285
87681 87680 2732
87659 87658 1824
87660 87658 2099
87660 87661 812
87660 88017 810
87660 88032 1635
87743 87688 782
87743 87696 1538
87743 87742 874
87743 87751 476
88453 87751 1084
88453 88454 1622
91117 88454 1225
88032 87660 1635
88032 88016 651
88032 88029 748
88032 88048 955
88030 88029 955
88030 88031 947
88030 88048 748
88030 88057 1084
88053 87675 679
88053 88048 1084
88053 88054 748
88053 88057 748
87674 87673 870
87674 87675 789
87674 88034 806
87686 87685 1484
87686 87687 875
87686 87744 1032
87744 87686 1032
87744 87742 793
87744 87745 793
87661 87660 812
87661 87662 1589
87661 87663 1108
87661 88029 1911
87688 87687 769
87688 87689 374
87688 87743 782
87696 87694 718
87696 87743 1538
87696 91124 1004
87742 87687 688
87742 87743 874
87742 87744 793
88029 87661 1911
88029 88030 955
88029 88032 748
88031 87663 3582
88031 88030 947
88031 88034 1801
88057 88030 1084
88057 88053 748
87673 87671 779
87673 87674 870
88034 87671 961
88034 87674 806
88034 88031 1801
88034 88033 1301
87687 87686 875
87687 87688 769
87687 87742 688
87662 87661 1589
87663 87661 1108
87663 87664 1031
87663 87961 957
87663 87967 4685
87663 88031 3582
87689 87688 374
87689 87690 752
87689 87692 909
87694 87695 2746
87694 87696 718
91124 87696 1004
87671 87672 4230
87671 87673 779
87671 88034 961
88033 87963 559
88033 88034 1301
87664 87663 1031
87664 87665 1976
87664 87947 632
87961 87663 957
87961 87947 848
87961 87968 831
87967 87663 4685
87967 87963 861
87690 87689 752
87690 87691 1084
87690 87691 1084
87692 87689 909
87692 87691 848
87692 87693 437
87695 87694 2746
87672 87671 4230
87672 88062 2493
87963 87962 1280
87963 87967 861
87963 87979 1872
87963 88033 559
87665 87242 1290
87665 87664 1976
87947 87664 632
87947 87948 909
87947 87961 848
87968 87948 885
87968 87957 1266
87968 87961 831
87691 87690 1084
87691 87690 1084
87691 87692 848
87693 87692 437
88062 87672 2493
87962 87963 1280
87979 87963 1872
87242 87665 1290
87948 87947 909
87948 87968 885
87957 87968 1266
7
87968
88062
87962
87979
87242
87948
87957
