26
187802 187810 987
187841 187840 660
187843 187840 1184
187843 187844 835
187852 187844 1363
187810 187802 987
187761 187991 822
187991 187761 822
187829 187840 1196
187840 187829 1196
187840 187841 660
187840 187843 1184
187844 187843 835
187844 187852 1363
134743 134741 824
134743 134745 3051
134745 134743 3051
134758 134744 904
134741 134743 824
134744 134758 904
134789 134790 750
134790 134789 750
134800 134802 511
134802 134800 511
134805 134806 1283
134806 134805 1283
37
187802
187822
187831
187841
187843
187852
187810
187866
187869
187878
188236
187998
188000
187748
187758
187761
187955
187991
188232
187989
187977
187829
134743
134745
134758
134760
134741
134744
134789
134790
134706
134712
134996
134197
134802
134805
134806
