80
11646 11648 778
11648 11646 778
11648 11655 344
11648 11669 2363
11655 11648 344
11655 11652 672
11655 11667 445
11669 11648 2363
11669 11870 672
11669 11881 1260
11652 11650 764
11652 11654 1669
11652 11655 672
11667 11655 445
11667 11666 1225
11667 11668 847
11870 11669 672
11870 11866 925
11870 11871 854
11870 11872 1111
11881 11669 1260
11650 11651 420
11650 11652 764
11650 11653 1786
11654 11652 1669
11654 11653 840
11654 11665 238
11654 11666 672
11666 11654 672
11666 11663 778
11666 11667 1225
11666 11865 924
11668 11667 847
11668 11865 1111
11668 11866 588
11866 11668 588
11866 11867 1114
11866 11870 925
11871 11870 854
11871 11874 889
11871 34138 497
11872 11867 841
11872 11870 1111
11872 11873 2002
11872 11874 847
11651 11650 420
11653 11650 1786
11653 11654 840
11653 11658 336
11665 11654 238
11663 11666 778
11663 11670 1004
11865 11666 924
11865 11668 1111
11865 11867 672
11865 11868 1778
11867 11865 672
11867 11866 1114
11867 11869 1891
11867 11872 841
11874 11871 889
11874 11872 847
11874 34142 634
34138 11871 497
11873 11869 848
11873 11872 2002
11873 11886 891
11658 11653 336
11670 11663 1004
11670 11868 1008
11868 11670 1008
11868 11865 1778
11868 11869 764
11869 11867 1891
11869 11868 764
11869 11873 848
34142 11874 634
11886 11873 891
11886 34137 1208
34137 11886 1208
31
11646
11648
11655
11669
11652
11667
11870
11881
11650
11654
11666
11668
11866
11871
11872
11651
11653
11665
11663
11865
11867
11874
34138
11873
11658
11670
11868
11869
34142
11886
34137
