114
12616 12617 1375
12616 12629 868
12617 12616 1375
12617 12618 839
12617 12619 1124
12629 12616 868
12629 12618 1592
12629 12630 839
12618 12617 839
12618 12629 1592
12618 12631 923
12619 12617 1124
12619 12695 676
12619 12699 1225
12619 12700 826
12630 12629 839
12630 12631 1611
12630 12633 839
12631 12618 923
12631 12630 1611
12631 12714 1728
12695 12619 676
12699 12619 1225
12699 12702 2688
12700 12619 826
12700 12712 2002
12700 12714 663
12633 12630 839
12714 12631 1728
12714 12700 663
12714 12713 163
12702 12699 2688
12702 34471 1482
12712 12700 2002
12713 12714 163
12713 12715 1454
12713 12716 604
34471 12702 1482
12715 12713 1454
12716 12713 604
12716 12717 806
12716 12719 2272
12717 12716 806
12717 12753 1123
12717 12754 1988
12719 12716 2272
12719 12754 755
12719 12761 1714
12753 12717 1123
12754 12717 1988
12754 12719 755
12754 12761 1454
12761 12719 1714
12761 12754 1454
12761 12762 778
12761 12770 551
12762 12761 778
12762 12765 755
12762 12766 517
12762 12766 517
12770 12761 551
12770 12768 403
12765 12762 755
12765 12764 168
12766 12762 517
12766 12762 517
12768 12770 403
12764 12726 847
12764 12750 2113
12764 12765 168
12726 12722 420
12726 12727 2002
12726 12764 847
12750 12727 839
12750 12764 2113
12750 12790 986
12722 12720 336
12722 12725 778
12722 12726 420
12727 12723 764
12727 12726 2002
12727 12748 2002
12727 12750 839
12790 12750 986
12790 12789 905
12720 12709 839
12720 12722 336
12720 12723 2113
12725 12722 778
12725 12724 1013
12725 34232 191
12723 12720 2113
12723 12727 764
12723 12749 1891
12748 12727 2002
12748 12749 756
12748 12782 794
12748 34102 2334
12789 12782 52
12789 12790 905
12709 12720 839
12724 12725 1013
34232 12725 191
12749 12723 1891
12749 12735 847
12749 12748 756
12749 34786 2143
12782 12748 794
12782 12789 52
34102 12748 2334
12735 12746 2340
12735 12749 847
34786 12749 2143
12746 12735 2340
48
12616
12617
12629
12618
12619
12630
12631
12695
12699
12700
12633
12714
12702
12712
12713
34471
12715
12716
12717
12719
12753
12754
12761
12762
12770
12765
12766
12768
12764
12726
12750
12722
12727
12790
12720
12725
12723
12748
12789
12709
12724
34232
12749
12782
34102
12735
34786
12746
