44
686 687 1829
686 690 1855
687 686 1829
687 695 738
687 698 696
690 686 1855
690 6377 689
695 687 738
695 696 729
695 697 584
698 687 696
698 693 671
698 699 1000
6377 690 689
696 695 729
697 695 584
697 700 6583
697 701 3673
693 688 1031
693 698 671
699 698 1000
700 697 6583
700 738 3192
701 697 3673
701 740 905
701 741 2000
688 689 1675
688 691 1099
688 693 1031
738 700 3192
740 701 905
740 742 373
741 701 2000
689 688 1675
691 688 1099
691 692 1234
742 740 373
742 743 1119
742 744 433
692 691 1234
743 742 1119
743 769 1024
744 742 433
769 743 1024
23
686
687
690
695
698
6377
696
697
693
699
700
701
688
738
740
741
689
691
742
692
743
744
769
