538
103552 103553 1599
103553 103552 1599
103553 103554 153
103553 105525 78
103553 105526 1610
103554 103553 153
103554 103555 1480
103554 103770 3348
105525 103553 78
105526 103553 1610
103555 103554 1480
103555 103688 2878
103770 103554 3348
103770 103769 445
103770 105268 1008
103688 103555 2878
103688 103687 4699
103688 103699 2677
103688 105550 336
103769 103768 238
103769 103770 445
103769 105513 376
105268 103764 119
105268 103770 1008
103687 103688 4699
103687 103709 3671
103699 103688 2677
103699 103700 807
103699 105549 939
105550 103688 336
105550 105551 2821
105550 105565 1762
103768 103767 905
103768 103769 238
103768 105521 420
105513 103769 376
105513 105508 1010
105513 105514 1689
103764 103690 2479
103764 105268 119
103709 103687 3671
103709 105570 673
103700 103699 807
103700 103766 1991
105549 103699 939
105549 105504 1610
105549 105551 1438
105551 105549 1438
105551 105550 2821
105551 105564 5105
105565 105550 1762
105565 105566 939
103767 103766 694
103767 103768 905
103767 105519 1632
105521 103768 420
105508 103765 871
105508 105509 2652
105508 105513 1010
105514 105513 1689
105514 105515 452
103690 103676 1533
103690 103764 2479
105570 103709 673
103766 103700 1991
103766 103767 694
103766 105543 838
105504 105499 2349
105504 105505 836
105504 105549 1610
105564 105551 5105
105566 105565 939
105519 103767 1632
105519 105520 789
105519 105543 1571
103765 103760 1152
103765 105507 1001
103765 105508 871
105509 105481 1188
105509 105482 889
105509 105508 2652
105509 105510 836
105515 105482 1073
105515 105514 452
105515 105517 1795
103676 103674 1796
103676 103677 561
103676 103690 1533
105543 103766 838
105543 105519 1571
105543 105546 646
105499 105500 1411
105499 105501 884
105499 105504 2349
105499 105527 315
105505 105501 2217
105505 105504 836
105505 113711 373
105520 105516 524
105520 105519 789
105520 105524 719
103760 103692 433
103760 103761 664
103760 103765 1152
105507 103761 1059
105507 103765 1001
105507 105511 740
105481 105473 880
105481 105480 1180
105481 105509 1188
105482 105473 1225
105482 105483 962
105482 105509 889
105482 105515 1073
105510 105506 334
105510 105509 836
105517 105502 455
105517 105515 1795
105517 105516 374
103674 103675 4153
103674 103676 1796
103677 103676 561
103677 103678 847
103677 103693 685
103677 103756 1974
105546 105543 646
105500 105493 738
105500 105498 341
105500 105499 1411
105501 105494 2288
105501 105499 884
105501 105505 2217
105501 105563 697
105527 105499 315
105527 105524 130
113711 105505 373
105516 105517 374
105516 105518 657
105516 105520 524
105524 105520 719
105524 105527 130
103692 103691 796
103692 103760 433
103761 103760 664
103761 103762 741
103761 105507 1059
105511 103762 1088
105511 105507 740
105511 105512 261
105473 105469 659
105473 105474 959
105473 105481 880
105473 105482 1225
105480 105479 284
105480 105481 1180
105480 105506 1188
105483 105474 1239
105483 105482 962
105483 105489 856
105506 103763 779
105506 105480 1188
105506 105510 334
105502 105489 745
105502 105497 511
105502 105517 455
103675 103674 4153
103675 103708 493
103678 103677 847
103678 103679 3777
103678 103681 996
103693 103677 685
103693 103691 849
103693 103758 1961
103756 103677 1974
103756 103686 715
103756 103757 1118
103756 103758 698
105493 105491 311
105493 105494 975
105493 105496 1209
105493 105500 738
105498 105497 216
105498 105500 341
105494 105493 975
105494 105495 1140
105494 105501 2288
105494 105562 708
105563 105501 697
105518 105516 657
103691 103692 796
103691 103693 849
103691 103759 1987
103762 103761 741
103762 103763 613
103762 105511 1088
105512 105511 261
105469 105229 1959
105469 105468 1678
105469 105473 659
105474 105473 959
105474 105475 1315
105474 105476 881
105474 105483 1239
105479 105468 893
105479 105471 480
105479 105480 284
105489 105476 1204
105489 105483 856
105489 105490 493
105489 105502 745
103763 103759 1265
103763 103762 613
103763 105471 1142
103763 105506 779
105497 105498 216
105497 105502 511
103708 103675 493
103679 103678 3777
103679 103685 1079
103681 103678 996
103681 103682 1105
103681 103686 601
103758 103693 1961
103758 103756 698
103758 103759 836
103758 105472 1143
103686 103681 601
103686 103682 930
103686 103755 1129
103686 103756 715
103757 103755 689
103757 103756 1118
103757 105465 1424
103757 105472 688
105491 105490 202
105491 105493 311
105496 105492 332
105496 105493 1209
105496 105495 927
105496 113619 872
105495 105494 1140
105495 105496 927
105562 105494 708
103759 103691 1987
103759 103758 836
103759 103763 1265
103759 105470 1136
105229 105223 890
105229 105228 922
105229 105463 777
105229 105469 1959
105468 105462 1030
105468 105469 1678
105468 105479 893
105475 105223 1274
105475 105474 1315
105475 105478 877
105476 105474 881
105476 105477 453
105476 105489 1204
105471 103763 1142
105471 105456 1522
105471 105470 1288
105471 105479 480
105490 105489 493
105490 105491 202
103685 103679 1079
103685 103684 1496
103685 103748 1406
103682 103681 1105
103682 103683 885
103682 103686 930
103682 103752 1120
105472 103757 688
105472 103758 1143
105472 105466 1467
105472 105470 842
103755 103686 1129
103755 103752 927
103755 103757 689
103755 105458 1414
105465 103757 1424
105465 105458 732
105465 105466 642
105492 105477 230
105492 105496 332
113619 105496 872
105470 103759 1136
105470 105453 1506
105470 105471 1288
105470 105472 842
105223 105222 941
105223 105229 890
105223 105475 1274
105228 105227 1123
105228 105229 922
105463 105229 777
105463 105445 2829
105463 105462 1238
105462 105457 474
105462 105463 1238
105462 105468 1030
105478 105475 877
105477 105476 453
105477 105492 230
105456 105455 483
105456 105457 636
105456 105471 1522
103684 103683 1132
103684 103685 1496
103684 103751 1351
103684 103752 915
103748 103685 1406
103748 103749 1209
103748 103751 1538
103683 103682 885
103683 103684 1132
103752 103682 1120
103752 103684 915
103752 103753 1343
103752 103755 927
105466 105453 842
105466 105465 642
105466 105467 1522
105466 105472 1467
105458 103753 883
105458 103755 1414
105458 105459 1489
105458 105465 732
105453 105454 2147
105453 105455 783
105453 105466 842
105453 105470 1506
105222 105221 543
105222 105223 941
105222 105224 1073
105227 105127 724
105227 105228 1123
105227 105464 882
105445 105444 55
105445 105446 1377
105445 105463 2829
105445 113867 612
105457 105444 3017
105457 105456 636
105457 105462 474
105455 105443 3059
105455 105453 783
105455 105456 483
103751 103684 1351
103751 103748 1538
103751 103754 408
103749 103748 1209
103749 103750 1838
103749 105460 1959
103753 103752 1343
103753 103754 533
103753 105458 883
105467 105461 368
105467 105466 1522
105459 105440 1629
105459 105458 1489
105459 105461 998
105454 105442 939
105454 105453 2147
105454 113710 788
105221 105220 130
105221 105222 543
105224 105165 1680
105224 105222 1073
105224 105225 798
105127 105128 382
105127 105129 892
105127 105227 724
105464 105227 882
105444 105443 1066
105444 105445 55
105444 105457 3017
105446 105427 551
105446 105445 1377
105446 105447 511
113867 105445 612
113867 113868 449
105443 105442 788
105443 105444 1066
105443 105455 3059
103754 103751 408
103754 103753 533
103754 105460 1319
103750 103749 1838
103750 105439 714
105460 103749 1959
105460 103754 1319
105460 105452 1826
105461 105441 1609
105461 105459 998
105461 105467 368
105440 105441 1006
105440 105449 1365
105440 105452 1478
105440 105459 1629
105442 105441 1205
105442 105443 788
105442 105454 939
113710 105454 788
105220 105221 130
105220 105231 288
105165 105123 2147
105165 105129 969
105165 105224 1680
105225 105224 798
105128 105126 737
105128 105127 382
105128 110010 2003
105129 105122 2151
105129 105127 892
105129 105165 969
105129 105226 558
105427 105125 420
105427 105446 551
105447 105446 511
105447 105448 553
105447 105449 2903
113868 113867 449
105439 103750 714
105439 105430 1535
105439 105452 1254
105452 105431 1467
105452 105439 1254
105452 105440 1478
105452 105460 1826
105441 105440 1006
105441 105442 1205
105441 105461 1609
105449 105431 1471
105449 105438 982
105449 105440 1365
105449 105447 2903
105231 105219 1946
105231 105220 288
105231 113617 1140
105123 105109 1484
105123 105122 1003
105123 105165 2147
105126 105121 1008
105126 105125 2736
105126 105128 737
110010 105128 2003
105122 105116 1485
105122 105121 852
105122 105123 1003
105122 105129 2151
105226 105129 558
105125 105124 973
105125 105126 2736
105125 105427 420
105448 105447 553
105430 105431 1332
105430 105439 1535
105431 105430 1332
105431 105432 921
105431 105449 1471
105431 105452 1467
105438 105425 901
105438 105432 1433
105438 105449 982
105438 105450 2093
105219 105214 280
105219 105216 2158
105219 105231 1946
113617 105231 1140
113617 113618 451
105109 105107 1283
105109 105110 516
105109 105116 1007
105109 105123 1484
105121 105119 1498
105121 105122 852
105121 105124 2716
105121 105126 1008
105116 105106 1252
105116 105109 1007
105116 105119 870
105116 105122 1485
105124 105120 1502
105124 105121 2716
105124 105125 973
105432 105424 892
105432 105431 921
105432 105433 971
105432 105438 1433
105425 105424 1349
105425 105426 612
105425 105438 901
105425 105451 557
105450 105438 2093
105214 105213 93
105214 105219 280
105216 105205 2147
105216 105217 975
105216 105219 2158
113618 113617 451
105107 105106 983
105107 105108 1509
105107 105109 1283
105110 105109 516
105110 105205 407
105119 105104 850
105119 105116 870
105119 105118 1202
105119 105121 1498
105106 105069 1465
105106 105105 884
105106 105107 983
105106 105116 1252
105120 105098 858
105120 105117 513
105120 105124 1502
105424 105425 1349
105424 105432 892
105433 105432 971
105426 105425 612
105451 105425 557
105213 105214 93
105205 105110 407
105205 105216 2147
105217 105216 975
105108 105107 1509
105104 105105 382
105104 105119 850
105118 105117 1168
105118 105119 1202
105069 105106 1465
105105 105104 382
105105 105106 884
105098 105120 858
105117 105118 1168
105117 105120 513
73
103688
103687
103699
105550
103709
103700
105549
105551
105565
105570
103766
105504
105564
105566
105543
105499
105505
105546
105500
105501
105527
113711
105524
103675
105493
105498
105494
105563
105497
103708
103679
105491
105496
105495
105562
105490
103685
105492
113619
105477
103684
103748
103683
103752
103751
103749
103753
103754
103750
105460
105439
105452
105231
105430
105431
105219
113617
105432
105214
105216
113618
105424
105433
105426
105213
105205
105217
105104
105118
105069
105105
105098
105117
