446
118483 119483 1149
119483 118483 1149
119483 118499 1575
119483 119484 2760
118499 118498 470
118499 119483 1575
119484 119483 2760
118498 118497 65
118498 118499 470
118498 119485 867
118497 118495 657
118497 118498 65
118497 119486 1003
119485 118498 867
118495 118496 579
118495 118497 657
118495 119480 1310
119486 118497 1003
118496 118495 579
118496 119482 1298
119480 118495 1310
119480 118509 641
119480 119481 2081
119482 118496 1298
118509 118492 4688
118509 118504 1112
118509 119480 641
119481 119480 2081
118492 118493 999
118492 118494 1246
118492 118509 4688
118504 118505 5220
118504 118509 1112
118504 118609 774
118493 118492 999
118493 191381 13381
118494 118492 1246
118505 118504 5220
118505 118508 818
118505 119487 1650
118609 118504 774
118609 118610 8719
191381 118493 13381
191381 191214 5962
191381 194459 5207
118508 118505 818
118508 118507 1582
118508 119493 786
119487 118500 3136
119487 118505 1650
119487 119492 511
118610 118609 8719
118610 118611 6668
118610 118683 1935
191214 191208 3286
191214 191215 4713
191214 191273 1681
191214 191381 5962
194459 191381 5207
118507 118506 1976
118507 118508 1582
118507 119494 476
119493 118508 786
118500 118501 3322
118500 118502 1389
118500 119487 3136
119492 119487 511
118611 118610 6668
118611 118612 2364
118611 118683 6726
118683 118610 1935
118683 118611 6726
118683 118684 1009
191208 191209 1284
191208 191210 3095
191208 191214 3286
191215 191207 681
191215 191214 4713
191273 191205 381
191273 191214 1681
118506 118507 1976
118506 118637 2154
119494 118507 476
119494 119495 422
119494 119496 778
118501 118500 3322
118501 118503 807
118502 118500 1389
118502 118503 3286
118502 119430 586
118612 118611 2364
118612 118613 2028
118612 118678 2850
118684 118683 1009
191209 191208 1284
191209 191358 1041
191210 191207 3154
191210 191208 3095
191207 191127 3576
191207 191210 3154
191207 191215 681
191205 191206 3427
191205 191273 381
191205 191281 1686
118637 118506 2154
118637 118636 582
118637 119497 3161
119495 119494 422
119496 119494 778
118503 118501 807
118503 118502 3286
118503 119433 5978
119430 118502 586
119430 119431 960
119430 119432 1838
119430 119490 828
118613 118612 2028
118613 118614 836
118613 118675 320
118678 118612 2850
118678 118679 1796
118678 118681 1009
191358 191209 1041
191358 191382 405
191358 193835 3205
191127 191126 4594
191127 191207 3576
191127 191216 1092
191206 191205 3427
191281 191205 1686
191281 191368 776
191281 191391 1881
118636 118517 5445
118636 118637 582
119497 118637 3161
119497 119498 4999
119497 119499 3282
119433 118503 5978
119433 119432 1873
119433 119488 1718
119431 119430 960
119432 119430 1838
119432 119433 1873
119432 119489 953
119490 119430 828
119490 119491 198
118614 118613 836
118614 118615 3002
118614 118687 4359
118614 118701 784
118675 118613 320
118675 118676 368
118675 118677 404
118679 118678 1796
118679 118680 164
118679 118680 164
118681 118678 1009
118681 118682 620
118681 118682 620
191382 191358 405
191382 191383 4368
191382 191384 1121
193835 191358 3205
193835 193836 4222
193835 193900 1710
191126 191127 4594
191126 191396 76
191216 191127 1092
191216 191217 829
191368 191281 776
191368 191369 1041
191391 191281 1881
191391 191392 767
118517 118636 5445
119498 119497 4999
119499 119497 3282
119488 119433 1718
119489 119432 953
119491 119490 198
118615 118614 3002
118615 118616 644
118615 118617 1146
118687 118614 4359
118687 118685 836
118687 118688 826
118687 118713 865
118701 118614 784
118701 118619 2374
118701 118698 1951
118701 118710 2604
118676 118675 368
118676 118705 3563
118677 118675 404
118680 118679 164
118680 118679 164
118682 118681 620
118682 118681 620
191383 191382 4368
191384 191382 1121
191384 191385 2259
191384 191389 3151
191384 191397 2190
193836 193835 4222
193900 193835 1710
193900 193901 792
193900 194425 4109
191396 191126 76
191217 191216 829
191217 191218 3865
191369 191140 2909
191369 191368 1041
191369 191390 2441
191392 191391 767
118616 118615 644
118617 118615 1146
118617 118618 471
118617 118619 1693
118685 118686 445
118685 118687 836
118685 118705 109
118688 118687 826
118713 118687 865
118713 118707 1086
118713 118712 883
118619 118617 1693
118619 118620 1830
118619 118701 2374
118698 118699 2730
118698 118700 1547
118698 118701 1951
118698 118702 1455
118710 118701 2604
118710 118708 1027
118710 118709 153
118705 118672 1735
118705 118676 3563
118705 118685 109
191385 191384 2259
191389 191384 3151
191397 191272 5744
191397 191384 2190
191397 193948 2347
193901 193900 792
194425 191148 625
194425 193900 4109
191218 191217 3865
191218 191219 513
191140 191118 12643
191140 191139 3759
191140 191369 2909
191390 191369 2441
118618 118617 471
118686 118685 445
118686 118714 1355
118707 118703 1147
118707 118708 1629
118707 118713 1086
118712 118709 357
118712 118713 883
118620 118619 1830
118620 118621 1592
118620 118622 1203
118620 118699 1292
118699 118620 1292
118699 118698 2730
118699 118700 2033
118700 118691 1250
118700 118698 1547
118700 118699 2033
118702 118690 803
118702 118698 1455
118702 118703 1728
118702 118708 1204
118708 118702 1204
118708 118707 1629
118708 118710 1027
118709 118710 153
118709 118711 79
118709 118712 357
118672 118673 1594
118672 118674 1187
118672 118705 1735
118672 118706 594
191272 191149 6647
191272 191397 5744
191272 191398 4144
193948 191397 2347
191148 191147 6147
191148 194425 625
191219 191108 2080
191219 191218 513
191118 191119 2114
191118 191140 12643
191118 191274 1690
191139 191140 3759
118714 118686 1355
118714 118715 2499
118714 118732 834
118703 118702 1728
118703 118704 191
118703 118707 1147
118621 118620 1592
118622 118620 1203
118622 118623 1292
118622 118624 834
118622 118630 925
118691 118631 534
118691 118634 2245
118691 118690 1069
118691 118700 1250
118690 118689 1629
118690 118691 1069
118690 118702 803
118711 118709 79
118673 118672 1594
118674 118672 1187
118706 118672 594
191149 191147 1888
191149 191265 786
191149 191272 6647
191398 191272 4144
191147 191148 6147
191147 191149 1888
191147 191151 330
191108 191109 7237
191108 191219 2080
191108 191220 3271
191119 191118 2114
191119 191276 207
191274 191118 1690
191274 191365 1214
118715 118714 2499
118715 118716 335
118715 118732 1669
118732 118714 834
118732 118715 1669
118732 118733 946
118704 118703 191
118623 118622 1292
118624 118622 834
118624 118625 982
118624 118626 834
118624 118630 1445
118630 118622 925
118630 118624 1445
118630 118631 4168
118631 118630 4168
118631 118632 1542
118631 118691 534
118634 118635 924
118634 118691 2245
118689 118635 1409
118689 118690 1629
191265 191141 3783
191265 191149 786
191265 191256 2048
191151 191147 330
191151 191150 2755
191151 194427 1755
191109 191108 7237
191109 191370 2618
191220 191108 3271
191220 191366 3321
191276 191119 207
191276 191275 2279
191276 191277 129
191365 191274 1214
191365 191275 209
118716 118715 335
118716 118717 787
118716 118722 1175
118733 118722 1766
118733 118732 946
118733 118740 865
118733 118741 1961
118625 118624 982
118626 118624 834
118626 118627 1064
118626 118628 1014
118626 118629 2139
118632 118631 1542
118632 118633 201
118635 118634 924
118635 118689 1409
191141 191142 3760
191141 191265 3783
191141 191266 5256
191256 191150 1656
191256 191265 2048
191256 191395 3230
191150 191151 2755
191150 191255 13734
191150 191256 1656
191150 194065 10942
194427 191151 1755
191370 191109 2618
191366 191220 3321
191366 191367 371
191275 191054 1816
191275 191276 2279
191275 191365 209
191277 191110 506
191277 191276 129
191277 194457 2594
118717 118716 787
118717 118718 1087
118717 118724 1064
118722 118716 1175
118722 118721 1358
118722 118728 760
118722 118733 1766
118740 118728 1712
118740 118733 865
118740 118742 2456
118740 118746 596
118741 118733 1961
118627 118626 1064
118628 118626 1014
118629 118626 2139
118633 118632 201
191142 190903 2211
191142 191141 3760
191142 193953 1183
191266 191141 5256
191266 191408 1482
191266 191416 6188
191395 191256 3230
191395 191490 2271
191255 191150 13734
194065 191150 10942
191367 191366 371
191054 191275 1816
191110 191277 506
194457 191277 2594
118718 118717 1087
118724 118717 1064
118721 118722 1358
118728 118722 760
118728 118740 1712
118742 118740 2456
118746 118740 596
190903 191142 2211
193953 191142 1183
191408 191266 1482
191416 191266 6188
191490 191395 2271
12
191395
191255
191367
191110
118724
118721
118728
118742
118746
190903
191408
191490
