544
194916 194917 1162
194916 208962 1840
194917 194916 1162
194917 208966 3108
208962 194916 1840
208962 208961 532
208962 208963 628
208966 194917 3108
208966 198902 684
208966 209102 346
208966 209107 3009
208961 208856 3496
208961 208962 532
208963 208962 628
208963 208964 3732
208963 209093 3814
198902 198901 390
198902 208966 684
209102 208966 346
209102 209103 254
209107 208966 3009
209107 209108 921
208856 208851 7760
208856 208935 670
208856 208936 5391
208856 208961 3496
208964 208963 3732
208964 209100 1029
209093 208963 3814
209093 209092 1771
209093 209094 2266
209093 209095 2364
198901 198902 390
198901 208936 2889
209103 209102 254
209103 209461 278
209108 209107 921
209108 209406 1597
208851 208855 3766
208851 208856 7760
208935 208856 670
208935 208933 2239
208935 208934 777
208935 208955 2385
208936 198901 2889
208936 208856 5391
208936 208957 1230
208936 208965 942
209100 208964 1029
209100 209101 1572
209100 209105 1148
209092 209018 2130
209092 209021 834
209092 209093 1771
209094 209093 2266
209094 209099 1339
209094 209127 4859
209095 209093 2364
209461 209101 797
209461 209103 278
209406 209108 1597
209406 209407 532
208855 206498 455
208855 208848 427
208855 208851 3766
208933 208920 2216
208933 208928 686
208933 208935 2239
208934 208928 2210
208934 208932 709
208934 208935 777
208934 208952 2503
208955 208935 2385
208955 208952 709
208955 208957 2782
208957 208936 1230
208957 208955 2782
208957 208956 656
208965 208936 942
208965 209295 539
208965 214538 1880
208965 214707 2341
209101 209100 1572
209101 209104 2734
209101 209106 755
209101 209461 797
209105 209100 1148
209105 209106 1637
209105 209109 867
209018 208918 697
209018 209017 871
209018 209092 2130
209021 209017 2019
209021 209022 801
209021 209092 834
209099 209094 1339
209127 209094 4859
209127 209124 1182
209127 209126 901
209127 209128 2002
209407 209406 532
206498 206497 537
206498 206499 1967
206498 208855 455
208848 206492 200
208848 208850 3057
208848 208855 427
208848 214880 100
208920 206499 3217
208920 208927 692
208920 208933 2216
208928 208927 2123
208928 208930 709
208928 208933 686
208928 208934 2210
208932 208930 2209
208932 208934 709
208932 208943 735
208932 208951 2581
208952 208934 2503
208952 208951 817
208952 208955 709
208952 208956 2581
208956 208952 2581
208956 208954 802
208956 208957 656
209295 208965 539
209295 209296 771
214538 208965 1880
214538 214539 158
214538 214539 158
214707 208965 2341
214707 209296 1172
214707 214705 846
209104 209101 2734
209104 209106 2477
209104 209120 563
209106 209101 755
209106 209104 2477
209106 209105 1637
209106 209110 867
209109 209105 867
209109 209110 1637
209109 209111 833
208918 208915 1557
208918 208917 1799
208918 209018 697
209017 209018 871
209017 209021 2019
209022 209021 801
209124 209098 1488
209124 209127 1182
209126 209125 2438
209126 209127 901
209126 209132 555
209126 209136 2084
209128 209127 2002
209128 209129 1296
209128 209136 796
206497 206418 2074
206497 206484 891
206497 206498 537
206499 206498 1967
206499 208919 416
206499 208920 3217
206492 206419 1496
206492 208848 200
208850 208848 3057
214880 208848 100
208927 208920 692
208927 208923 363
208927 208928 2123
208930 208926 2052
208930 208928 709
208930 208931 2087
208930 208932 2209
208943 208932 735
208943 208941 841
208943 208944 2488
208951 208932 2581
208951 208944 715
208951 208952 817
208951 208954 2487
208954 208951 2487
208954 208953 710
208954 208956 802
209296 209295 771
209296 214707 1172
209296 214708 371
214539 214538 158
214539 214538 158
214539 214705 1535
214705 214539 1535
214705 214706 471
214705 214707 846
214705 214708 932
209120 209104 563
209120 209113 623
209120 209121 2143
209110 209106 867
209110 209109 1637
209110 209112 797
209110 209113 2933
209111 209109 833
209111 209112 1742
209111 209114 715
208915 208913 1910
208915 208918 1557
208917 208916 1493
208917 208918 1799
209098 209124 1488
209125 209126 2438
209132 209126 555
209132 209133 466
209132 209137 493
209136 209126 2084
209136 209128 796
209136 209761 2393
209129 209128 1296
209129 209138 278
209129 209148 860
206418 206419 1171
206418 206437 2909
206418 206484 1222
206418 206497 2074
206418 215084 1553
206484 206418 1222
206484 206482 2425
206484 206485 221
206484 206497 891
208919 206499 416
208919 206500 1581
208919 208921 1274
206419 206418 1171
206419 206492 1496
208923 208921 1650
208923 208926 474
208923 208927 363
208926 208922 1493
208926 208923 474
208926 208930 2052
208931 206510 1082
208931 208930 2087
208931 214529 468
208941 208939 709
208941 208942 2470
208941 208943 841
208944 208942 834
208944 208943 2488
208944 208951 715
208944 208953 2470
208953 208944 2470
208953 208945 845
208953 208954 710
214708 209296 371
214708 214705 932
214706 214705 471
209113 209110 2933
209113 209118 908
209113 209120 623
209113 209121 2034
209121 209113 2034
209121 209120 2143
209121 209122 841
209121 209405 1543
209112 209110 797
209112 209111 1742
209112 209115 845
209112 209118 2837
209114 209111 715
209114 209115 1916
209114 209116 780
208913 208915 1910
208913 208916 825
208916 208913 825
208916 208917 1493
208916 209006 929
209133 209132 466
209133 209137 369
209137 209132 493
209137 209133 369
209761 209136 2393
209761 209760 493
209761 209762 1021
209761 209765 2260
209138 209129 278
209138 209139 2101
209138 209155 2835
209148 209129 860
209148 209147 1306
209148 209156 1021
206437 206336 413
206437 206418 2909
206437 206441 422
206437 206493 760
215084 206418 1553
206482 206441 1657
206482 206483 932
206482 206484 2425
206485 206484 221
206485 206486 1338
206485 206496 1218
206500 206489 1590
206500 206496 346
206500 208919 1581
208921 208919 1274
208921 208922 1375
208921 208923 1650
208922 206509 522
208922 208921 1375
208922 208926 1493
206510 206509 1176
206510 208929 1424
206510 208931 1082
214529 208929 502
214529 208931 468
208939 208937 797
208939 208940 2447
208939 208941 709
208942 208940 779
208942 208941 2470
208942 208944 834
208942 208945 2239
208945 208942 2239
208945 208950 824
208945 208953 845
209118 209112 2837
209118 209113 908
209118 209119 797
209118 209122 2008
209122 209118 2008
209122 209121 841
209122 209152 779
209122 209405 1400
209405 209121 1543
209405 209122 1400
209405 209448 956
209115 209112 845
209115 209114 1916
209115 209117 785
209115 209119 2709
209116 209114 780
209116 209117 1899
209116 209141 866
209006 208916 929
209760 209761 493
209762 209139 709
209762 209761 1021
209762 209763 2249
209762 209766 846
209765 209761 2260
209765 209764 475
209765 209770 1305
209139 209138 2101
209139 209140 2319
209139 209762 709
209155 209138 2835
209155 209140 1031
209155 209160 936
209155 209777 2222
209147 209145 846
209147 209148 1306
209147 209149 1874
209147 214709 656
209156 209148 1021
209156 209149 871
209156 209158 2154
209156 209159 846
206336 206330 1771
206336 206341 817
206336 206436 924
206336 206437 413
206441 206437 422
206441 206442 395
206441 206443 1157
206441 206482 1657
206493 206437 760
206493 206440 508
206483 206482 932
206486 206485 1338
206486 206488 198
206486 206496 1159
206496 206485 1218
206496 206486 1159
206496 206500 346
206489 206488 1555
206489 206500 1590
206489 206501 1073
206509 206501 986
206509 206510 1176
206509 208922 522
208929 206510 1424
208929 206511 536
208929 214529 502
208937 206538 817
208937 208938 2464
208937 208939 797
208940 208938 802
208940 208939 2447
208940 208942 779
208940 208950 2361
208950 208940 2361
208950 208945 824
208950 208947 709
209119 209115 2709
209119 209118 797
209119 209143 751
209119 209152 2002
209152 209119 2002
209152 209122 779
209152 209151 751
209152 209448 1874
209448 209152 1874
209448 209154 936
209448 209405 956
209117 209115 785
209117 209116 1899
209117 209142 846
209117 209143 2598
209141 209116 866
209141 209142 2002
209141 209145 773
209763 209140 341
209763 209762 2249
209763 209767 686
209766 209762 846
209766 209767 2164
209766 209768 779
209764 209765 475
209770 209759 892
209770 209765 1305
209770 209771 1305
209770 209797 2255
209140 209139 2319
209140 209155 1031
209140 209763 341
209140 209778 2047
209160 209155 936
209160 209159 278
209160 209161 2290
209777 209155 2222
209777 209779 753
209777 209782 2562
209145 209141 773
209145 209146 1899
209145 209147 846
209149 209146 773
209149 209147 1874
209149 209156 871
209149 209157 2233
214709 209147 656
209158 209156 2154
209158 209157 918
209158 209162 784
209158 209167 2002
209159 209156 846
209159 209160 278
209159 209162 2002
206330 206320 907
206330 206329 1869
206330 206335 867
206330 206336 1771
206341 206335 1638
206341 206336 817
206341 206342 709
206436 206320 1765
206436 206336 924
206436 206424 755
206442 206438 1105
206442 206441 395
206443 206441 1157
206443 206444 445
206443 206445 465
206440 206425 238
206440 206493 508
206488 206486 198
206488 206487 1857
206488 206489 1555
206501 206489 1073
206501 206504 1186
206501 206509 986
206511 206508 198
206511 206512 1047
206511 208929 536
206538 206532 841
206538 206539 2488
206538 208937 817
208938 206539 750
208938 208937 2464
208938 208940 802
208938 208947 2374
208947 208938 2374
208947 208950 709
209143 209117 2598
209143 209119 751
209143 209151 2002
209151 209143 2002
209151 209152 751
209151 209154 2171
209154 209151 2171
209154 209448 936
209142 209117 846
209142 209141 2002
209142 209146 797
209767 209763 686
209767 209766 2164
209768 209766 779
209759 209770 892
209771 209770 1305
209797 209770 2255
209778 209140 2047
209161 209160 2290
209161 209779 751
209779 209161 751
209779 209777 753
209782 209777 2562
209146 209142 797
209146 209145 1899
209146 209149 773
209157 209149 2233
209157 209158 918
209162 209158 784
209162 209159 2002
209167 209158 2002
206320 206330 907
206320 206436 1765
206329 206330 1869
206335 206330 867
206335 206341 1638
206342 206341 709
206424 206436 755
206438 206442 1105
206444 206443 445
206445 206443 465
206445 206487 1214
206425 206440 238
206487 206445 1214
206487 206488 1857
206504 206501 1186
206508 206511 198
206512 206511 1047
206532 206538 841
206539 206538 2488
206539 208938 750
81
208851
209095
208855
206498
208848
209017
209022
209124
206497
206499
206492
208850
214880
208917
209098
209125
206418
206484
208919
206419
208913
208916
209133
209137
206437
215084
206482
206485
206500
208921
208922
209006
206336
206441
206493
206483
206486
206496
206489
206509
206330
206341
206436
206442
206443
206440
206488
206501
208947
209143
209151
209154
209142
209767
209768
209759
209771
209797
209778
209161
209779
209782
209146
209157
209162
209167
206320
206329
206335
206342
206424
206438
206444
206445
206425
206487
206504
206508
206512
206532
206539
