108
191029 191030 1161
191029 191038 46
191029 193682 7269
191030 191029 1161
191038 191029 46
193682 191029 7269
193682 193685 2050
193685 193682 2050
193685 193683 1268
193685 193686 986
193683 193619 5277
193683 193685 1268
193683 193686 841
193686 193620 8523
193686 193683 841
193686 193685 986
193619 191036 2456
193619 193618 5262
193619 193683 5277
193620 193618 3419
193620 193667 6949
193620 193686 8523
191036 191035 212
191036 193615 2946
191036 193619 2456
193618 193616 399
193618 193619 5262
193618 193620 3419
193667 191031 1038
193667 193620 6949
193667 193666 722
191035 191036 212
191035 191037 1839
193615 191036 2946
193615 193616 2041
193615 193621 1766
193615 194370 726
193616 193615 2041
193616 193618 399
193616 193622 1865
191031 191032 1325
191031 193613 2597
191031 193666 638
191031 193667 1038
193666 191031 638
193666 193665 4218
193666 193667 722
193666 193668 478
191037 191035 1839
193621 193615 1766
193621 194368 1093
193621 194369 2087
194370 193615 726
193622 193611 3354
193622 193616 1865
193622 193623 3029
191032 191031 1325
193613 191031 2597
193613 193614 2176
193613 193663 2306
193665 193663 2936
193665 193666 4218
193668 193666 478
193668 193669 481
194368 193621 1093
194368 194371 2120
194369 193621 2087
193611 193612 1208
193611 193622 3354
193611 194372 300
193623 193622 3029
193614 193610 347
193614 193612 713
193614 193613 2176
193663 193613 2306
193663 193662 1078
193663 193665 2936
193669 193668 481
193669 193670 3874
194371 194368 2120
194371 194372 802
194371 194373 872
193612 193611 1208
193612 193614 713
193612 194375 833
194372 193611 300
194372 194371 802
194372 194374 693
193610 193614 347
193662 192511 245
193662 193663 1078
193670 193669 3874
194373 194371 872
194375 193612 833
194374 194372 693
192511 192509 665
192511 192509 665
192511 193662 245
192511 193671 3109
192509 192511 665
192509 192511 665
193671 192511 3109
193671 193664 1302
193664 193671 1302
193664 193672 3168
193672 193664 3168
193672 193674 851
193674 193672 851
44
193682
193685
193683
193686
193619
193620
191036
193618
193667
191035
193615
193616
191031
193666
191037
193621
194370
193622
191032
193613
193665
193668
194368
194369
193611
193623
193614
193663
193669
194371
193612
194372
193610
193662
193670
194373
194375
194374
192511
192509
193671
193664
193672
193674
