24
216579 216615 1225
216970 216971 1061
216971 216970 1061
216606 216570 680
216570 216606 680
216615 216579 1225
223962 223963 605
217900 224482 956
217749 217750 1798
217751 217750 736
217750 217749 1798
217750 217751 736
217915 217916 310
217916 217915 310
224176 224836 2733
224065 222628 1433
222628 222989 1072
222628 224065 1433
222989 222628 1072
224482 217900 956
224836 224176 2733
223919 223920 911
223920 223919 911
223963 223962 605
29
216579
216970
216971
216606
216570
216616
216615
217733
217737
217734
223962
217900
217749
217751
217750
217915
224176
221536
217897
218893
224393
224065
222989
224836
223919
223920
223931
216991
224386
