478
7765 7766 2893
7765 7866 576
7765 7867 1906
7766 7765 2893
7866 7765 576
7866 7863 907
7866 7868 620
7867 7765 1906
7867 7871 1031
7867 8006 1782
7863 7866 907
7868 7866 620
7871 7867 1031
7871 7870 2403
7871 8011 1833
8006 7867 1782
8006 8007 573
8006 8008 1188
7870 7869 635
7870 7871 2403
7870 7872 2051
8011 7871 1833
8011 8012 1111
8011 8215 697
8007 8006 573
8008 8006 1188
7869 7870 635
7872 7870 2051
7872 8214 1288
7872 8216 852
8012 8009 1264
8012 8011 1111
8012 9753 1218
8215 8011 697
8215 8217 873
8215 8221 702
8214 7872 1288
8216 7872 852
8216 8217 1591
8216 8217 1591
8009 8004 409
8009 8010 918
8009 8012 1264
9753 8012 1218
8217 8215 873
8217 8216 1591
8217 8216 1591
8221 8215 702
8221 8222 1608
8221 8223 1992
8004 8005 1962
8004 8009 409
8004 8015 2121
8010 8009 918
8010 8025 2201
8010 8026 2035
8222 8221 1608
8222 8225 1311
8222 8226 1154
8223 8221 1992
8005 8004 1962
8015 8004 2121
8015 8016 654
8015 8022 1003
8025 8010 2201
8025 8026 990
8025 8065 415
8026 8010 2035
8026 8025 990
8026 8224 1236
8225 8222 1311
8225 8228 995
8225 8230 913
8226 8068 2253
8226 8222 1154
8226 8242 575
8226 8243 1341
8016 8013 1760
8016 8015 654
8016 34698 4465
8022 8015 1003
8022 8023 612
8022 8024 287
8065 8025 415
8224 8026 1236
8224 8068 688
8224 23507 1358
8228 8225 995
8228 8227 292
8228 8231 922
8230 8225 913
8230 8231 1224
8230 8242 592
8068 8066 2323
8068 8077 1342
8068 8224 688
8068 8226 2253
8242 8226 575
8242 8230 592
8242 8244 1179
8243 8077 2252
8243 8226 1341
8243 8246 679
8013 8014 1486
8013 8016 1760
8013 8017 1239
34698 8016 4465
34698 34697 2285
8023 8022 612
8024 8022 287
23507 8224 1358
8227 8228 292
8231 8228 922
8231 8230 1224
8231 8244 1263
8066 8062 2203
8066 8067 627
8066 8068 2323
8077 8068 1342
8077 8078 1920
8077 8145 1151
8077 8243 2252
8244 8231 1263
8244 8242 1179
8244 8245 424
8246 8243 679
8246 8247 401
8014 8013 1486
8014 8018 1035
8014 8021 1337
8017 8013 1239
8017 8018 738
34697 34695 62
34697 34698 2285
34697 34699 1081
8062 8059 3223
8062 8066 2203
8062 8072 1551
8062 8074 1018
8067 8066 627
8067 14480 942
8067 14510 319
8078 8072 2622
8078 8077 1920
8078 35230 862
8145 8076 4442
8145 8077 1151
8145 8254 998
8145 8256 941
8245 8244 424
8247 8246 401
8247 8248 786
8247 8254 1370
8018 8014 1035
8018 8017 738
8018 8020 830
8021 8014 1337
8021 8057 976
8021 8059 466
34695 34696 2402
34695 34697 62
34699 34697 1081
8059 8021 466
8059 8061 1113
8059 8062 3223
8072 8062 1551
8072 8073 1017
8072 8076 998
8072 8078 2622
8074 8062 1018
8074 8073 1551
8074 34201 228
14480 8067 942
14510 8067 319
14510 16730 595
14510 16731 1054
35230 8078 862
8076 8072 998
8076 8144 1060
8076 8145 4442
8254 8145 998
8254 8247 1370
8254 8255 959
8256 8145 941
8256 8150 2797
8256 8255 976
8256 8257 990
8248 8247 786
8248 8253 1051
8248 8258 123
8020 8018 830
8020 8057 635
8057 8020 635
8057 8021 976
8057 8060 1224
34696 34695 2402
34696 34983 356
8061 8059 1113
8073 8070 434
8073 8072 1017
8073 8074 1551
8073 8075 1976
34201 8060 2157
34201 8074 228
16730 14510 595
16731 14510 1054
8144 8075 1099
8144 8076 1060
8144 8149 610
8144 8150 1641
8255 8254 959
8255 8256 976
8255 8258 1308
8150 8144 1641
8150 8256 2797
8150 8354 4297
8257 8256 990
8257 8355 348
8257 8356 1683
8253 8248 1051
8253 8249 655
8253 8261 1214
8258 8248 123
8258 8255 1308
8258 8260 393
8060 8057 1224
8060 8064 716
8060 34201 2157
34983 34696 356
8070 8063 2481
8070 8071 1847
8070 8073 434
8070 8143 2070
8075 8073 1976
8075 8143 377
8075 8144 1099
8149 8144 610
8149 8151 3489
8149 35066 1766
8354 8150 4297
8354 8360 1321
8354 8366 380
8355 8257 348
8355 8265 2525
8355 8358 638
8356 8257 1683
8356 8357 970
8356 8358 1333
8249 8250 435
8249 8253 655
8261 8251 222
8261 8253 1214
8261 8264 1623
8260 8258 393
8260 8259 1804
8260 34978 479
8064 8060 716
8063 8058 2148
8063 8070 2481
8071 8070 1847
8143 8070 2070
8143 8075 377
8143 8146 701
8143 35065 340
8151 8149 3489
8151 8202 709
8151 8364 594
35066 8149 1766
8360 8354 1321
8360 8357 1505
8360 8370 423
8366 8152 526
8366 8354 380
8366 8367 2652
8265 8259 260
8265 8355 2525
8265 8361 1047
8358 8355 638
8358 8356 1333
8358 8359 945
8357 8356 970
8357 8359 1290
8357 8360 1505
8250 8249 435
8250 8252 645
8251 8252 2260
8251 8261 222
8251 8263 906
8264 8259 185
8264 8261 1623
8264 8262 1380
8259 8260 1804
8259 8264 185
8259 8265 260
34978 8260 479
34978 34979 459
8058 8063 2148
8146 8142 724
8146 8143 701
35065 8143 340
8202 8151 709
8202 8201 857
8364 8151 594
8364 8152 406
8364 8365 858
8364 35420 1172
8370 8360 423
8370 8369 786
8370 8371 3045
8152 8153 850
8152 8364 406
8152 8366 526
8367 8366 2652
8367 8382 896
8367 8385 916
8361 8265 1047
8361 8362 665
8361 8363 1425
8359 8357 1290
8359 8358 945
8359 8895 1262
8252 8250 645
8252 8251 2260
8263 8251 906
8263 8262 203
8263 8282 862
8262 8263 203
8262 8264 1380
8262 8277 1965
34979 34978 459
8142 8138 1311
8142 8146 724
8142 8148 937
8201 8169 114
8201 8202 857
8201 8203 1072
8365 8364 858
8365 8380 1325
8365 8382 1714
35420 8364 1172
8369 8368 490
8369 8370 786
8371 8370 3045
8153 8152 850
8382 8365 1714
8382 8367 896
8382 8384 1244
8385 8367 916
8385 8386 284
8362 8361 665
8363 8361 1425
8363 8368 1916
8363 8374 994
8895 8359 1262
8282 8263 862
8277 8262 1965
8277 8375 1253
8138 8139 897
8138 8142 1311
8148 8142 937
8148 8164 945
8148 8165 830
8169 8166 1440
8169 8200 1897
8169 8201 114
8203 8201 1072
8203 8204 967
8380 8365 1325
8368 8363 1916
8368 8369 490
8368 8372 3192
8384 8382 1244
8386 8385 284
8386 8404 452
8374 8363 994
8374 8373 1274
8374 8378 919
8375 8277 1253
8375 8376 504
8375 8377 359
8139 8122 1244
8139 8138 897
8164 8148 945
8165 8148 830
8165 8156 723
8165 8167 1055
8166 8167 970
8166 8168 1835
8166 8169 1440
8200 8168 1352
8200 8169 1897
8200 8195 1375
8204 8203 967
8204 8205 1275
8204 8878 802
8372 8368 3192
8404 8386 452
8404 8405 460
8373 8374 1274
8373 8377 248
8373 35068 786
8378 8374 919
8378 8379 1477
8376 8278 440
8376 8375 504
8377 8373 248
8377 8375 359
8377 8379 898
8122 8055 1518
8122 8139 1244
8156 8163 1166
8156 8165 723
8156 8168 1051
8167 8165 1055
8167 8166 970
8168 8156 1051
8168 8166 1835
8168 8200 1352
8168 16068 1091
8195 8194 978
8195 8199 462
8195 8200 1375
8205 8204 1275
8878 8204 802
8878 8209 3961
8878 16167 1240
8405 8387 2422
8405 8404 460
8405 8406 154
35068 8373 786
8379 8377 898
8379 8378 1477
8278 8279 1814
8278 8287 1330
8278 8376 440
8055 8054 1501
8055 8122 1518
8163 8156 1166
8163 16068 1038
8163 16305 164
16068 8163 1038
16068 8168 1091
16068 8192 751
16068 16069 476
8194 8193 559
8194 8195 978
8194 16069 177
8199 8193 1077
8199 8195 462
8199 8198 910
8209 8182 2903
8209 8876 243
8209 8878 3961
16167 8878 1240
8387 8388 850
8387 8389 1569
8387 8405 2422
8406 8400 389
8406 8405 154
8406 8407 764
8279 8278 1814
8287 8278 1330
8054 8055 1501
16305 8163 164
8192 8193 533
8192 16068 751
16069 8194 177
16069 16068 476
8193 8192 533
8193 8194 559
8193 8199 1077
8198 8199 910
8182 8209 2903
8876 8209 243
8388 8387 850
8389 8387 1569
8400 8406 389
8407 8406 764
39
7863
8017
8018
8020
8057
8060
8064
8058
8142
8277
8138
8148
8375
8139
8164
8165
8376
8377
8122
8156
8167
8168
8379
8278
8055
8163
16068
8279
8287
8054
16305
8192
16069
8193
8198
8182
8876
8400
8407
