344
114815 114816 687
114815 115170 833
114815 115289 603
114816 114815 687
114816 115171 1951
115170 114815 833
115170 115169 4434
115289 114815 603
115289 115167 1349
115171 114816 1951
115169 115166 1083
115169 115168 3083
115169 115170 4434
115167 115168 5512
115167 115289 1349
115166 115076 2881
115166 115169 1083
115168 115167 5512
115168 115169 3083
115168 115177 1137
115076 115075 1267
115076 115077 2791
115076 115166 2881
115177 115168 1137
115075 115074 8571
115075 115076 1267
115077 115076 2791
115077 115078 580
115077 115086 3566
115074 115073 1139
115074 115075 8571
115074 115247 3919
115078 115077 580
115078 115079 817
115078 115080 1595
115086 115077 3566
115086 115084 2278
115086 115087 924
115073 115074 1139
115073 115106 6012
115073 115231 2677
115247 115074 3919
115247 115246 2004
115247 115248 3161
115079 115078 817
115080 115078 1595
115080 115081 1919
115080 115082 2198
115084 115082 2004
115084 115085 706
115084 115086 2278
115087 115086 924
115087 115088 373
115087 115095 2005
115106 115067 15903
115106 115073 6012
115231 115073 2677
115231 115230 927
115231 115232 3015
115246 115245 603
115246 115247 2004
115246 115273 983
115248 115247 3161
115248 115249 4104
115248 115261 2006
115081 115080 1919
115082 115080 2198
115082 115083 3563
115082 115084 2004
115085 115084 706
115088 115087 373
115088 115089 2358
115088 115094 475
115095 115087 2005
115095 115096 2927
115067 115002 7366
115067 115068 36946
115067 115105 11293
115067 115106 15903
115230 115231 927
115230 115238 3732
115230 115262 610
115232 115231 3015
115245 115244 1575
115245 115246 603
115245 115274 1139
115273 115246 983
115249 115241 1608
115249 115248 4104
115249 115254 1219
115261 115248 2006
115083 115082 3563
115089 115088 2358
115089 115090 515
115089 115091 2321
115094 115088 475
115096 115095 2927
115096 115097 1161
115096 115097 1161
115002 115067 7366
115068 115067 36946
115105 115067 11293
115105 115104 557
115238 115230 3732
115238 115237 456
115238 116167 702
115262 115230 610
115262 115258 804
115262 116165 6207
115244 115243 1635
115244 115245 1575
115244 115275 1099
115274 115245 1139
115241 115242 2113
115241 115249 1608
115241 115533 1690
115254 115249 1219
115254 115255 672
115254 115256 1847
115090 115089 515
115091 115089 2321
115091 115092 1978
115091 115092 1978
115097 115096 1161
115097 115096 1161
115097 115098 580
115104 115103 3016
115104 115105 557
115104 115148 3223
115237 115235 671
115237 115238 456
115237 115253 883
116167 115238 702
116167 116168 1220
116167 116169 1201
115258 115257 549
115258 115262 804
116165 115262 6207
116165 116166 2545
115243 115242 4417
115243 115244 1635
115243 115277 1206
115275 115244 1099
115275 115276 1606
115275 115278 847
115242 115241 2113
115242 115243 4417
115242 115535 926
115533 115241 1690
115533 115497 3123
115255 115254 672
115255 115259 787
115255 116210 886
115256 115254 1847
115256 115257 3381
115256 115263 3781
115092 115091 1978
115092 115091 1978
115092 115093 493
115098 115097 580
115103 115104 3016
115103 115148 1254
115148 115103 1254
115148 115104 3223
115148 115149 824
115235 115236 362
115235 115237 671
115235 115251 423
115253 115227 363
115253 115237 883
116168 116167 1220
116169 116167 1201
115257 115256 3381
115257 115258 549
115257 115263 1342
116166 116165 2545
115277 115243 1206
115277 115276 824
115277 115534 1729
115276 115275 1606
115276 115277 824
115278 115275 847
115535 115242 926
115497 115472 1253
115497 115533 3123
115259 115255 787
115259 115260 335
116210 115255 886
116210 115279 777
116210 116208 470
115263 115256 3781
115263 115257 1342
115263 115264 835
115093 115092 493
115149 115148 824
115236 115233 741
115236 115235 362
115236 116333 310
115251 115233 815
115251 115235 423
115251 115252 126
115227 115226 2708
115227 115229 233
115227 115253 363
115534 115277 1729
115472 115471 11317
115472 115497 1253
115472 116324 2829
115260 115259 335
115260 116263 466
115279 115280 158
115279 115281 70
115279 116210 777
116208 115282 779
116208 116209 511
116208 116210 470
115264 115263 835
115233 115234 335
115233 115236 741
115233 115251 815
116333 115236 310
115252 115251 126
115226 115225 705
115226 115227 2708
115229 115227 233
115229 115250 457
115471 115472 11317
115471 115498 1055
116324 115472 2829
116324 116325 2131
116263 115260 466
116263 115281 706
116263 116264 1767
115280 115279 158
115280 115286 1429
115281 115279 70
115281 116263 706
115282 115283 244
115282 115284 1147
115282 116208 779
116209 116208 511
115234 115233 335
115234 116246 821
115225 115226 705
115250 115229 457
115498 115471 1055
115498 115499 580
115498 115529 786
116325 116324 2131
116264 116263 1767
115286 115280 1429
115286 115284 405
115286 115287 163
115283 115282 244
115283 115285 1304
115283 116276 1788
115284 115282 1147
115284 115286 405
116246 115234 821
116246 116247 870
115499 115498 580
115499 115500 786
115529 115498 786
115287 115285 405
115287 115286 163
115287 115474 655
115285 115283 1304
115285 115287 405
116276 115283 1788
116276 116262 627
116276 116277 312
116247 116246 870
115500 115499 786
115500 115501 796
115500 115532 1059
115474 115287 655
115474 115473 2269
115474 116262 531
116262 115474 531
116262 116276 627
116277 116276 312
115501 115500 796
115501 115502 672
115501 115536 1172
115532 115500 1059
115532 115531 889
115532 115536 445
115473 115474 2269
115502 115501 672
115502 115503 687
115502 115504 1340
115536 115501 1172
115536 115504 672
115536 115532 445
115531 115530 667
115531 115532 889
115531 116145 1759
115503 115502 687
115504 115502 1340
115504 115505 667
115504 115536 672
115530 115531 667
115530 116146 1678
116145 115531 1759
115505 115504 667
115505 115506 928
115505 115507 1225
116146 115530 1678
115506 115505 928
115507 115505 1225
115507 115508 1348
115507 115509 1004
115508 115507 1348
115509 115492 1111
115509 115507 1004
115509 115510 1594
115492 115486 1895
115492 115493 1511
115492 115509 1111
115510 115493 1114
115510 115509 1594
115510 115511 342
115486 115487 753
115486 115492 1895
115493 115490 2015
115493 115492 1511
115493 115510 1114
115511 115510 342
115487 115486 753
115487 115490 670
115490 115485 1686
115490 115487 670
115490 115493 2015
115485 115490 1686
115485 115491 844
115491 115485 844
115491 115489 562
115489 115491 562
115489 115512 706
115512 115489 706
115512 115513 514
115512 115514 1161
115513 115512 514
115514 115512 1161
155
114815
114816
115170
115289
115171
115169
115167
115166
115168
115076
115177
115075
115077
115074
115078
115086
115073
115247
115079
115080
115084
115087
115106
115231
115246
115248
115081
115082
115085
115088
115095
115067
115230
115232
115245
115273
115249
115261
115083
115089
115094
115096
115002
115068
115105
115238
115262
115244
115274
115241
115254
115090
115091
115097
115104
115237
116167
115258
116165
115243
115275
115242
115533
115255
115256
115092
115098
115103
115148
115235
115253
116168
116169
115257
116166
115277
115276
115278
115535
115497
115259
116210
115263
115093
115149
115236
115251
115227
115534
115472
115260
115279
116208
115264
115233
116333
115252
115226
115229
115471
116324
116263
115280
115281
115282
116209
115234
115225
115250
115498
116325
116264
115286
115283
115284
116246
115499
115529
115287
115285
116276
116247
115500
115474
116262
116277
115501
115532
115473
115502
115536
115531
115503
115504
115530
116145
115505
116146
115506
115507
115508
115509
115492
115510
115486
115493
115511
115487
115490
115485
115491
115489
115512
115513
115514
