488
92979 92980 333
92979 92981 1780
92979 92982 2210
92980 92979 333
92981 92979 1780
92981 92982 1736
92981 93001 587
92982 92979 2210
92982 92981 1736
92982 93091 839
93001 92981 587
93091 92982 839
93091 93070 782
93091 93092 238
93070 93069 905
93070 93078 4340
93070 93091 782
93092 93084 4912
93092 93091 238
93092 93093 782
93069 93068 1675
93069 93070 905
93069 93078 4369
93078 93069 4369
93078 93070 4340
93078 93082 598
93084 93082 1576
93084 93092 4912
93084 93129 905
93093 93092 782
93093 93095 1124
93093 93096 1943
93068 93065 1357
93068 93069 1675
93068 93071 1013
93082 93077 445
93082 93078 598
93082 93084 1576
93129 93084 905
93129 93104 2556
93129 93130 1014
93095 93093 1124
93095 93097 893
93095 93106 2474
93096 93093 1943
93065 93068 1357
93065 93074 4928
93071 93068 1013
93071 93076 3236
93071 93076 3236
93077 93075 1686
93077 93082 445
93077 93083 1221
93104 93105 763
93104 93106 796
93104 93129 2556
93130 93106 2527
93130 93129 1014
93130 93131 344
93097 93095 893
93097 93098 1014
93097 93107 2539
93106 93095 2474
93106 93104 796
93106 93107 1014
93106 93130 2527
93074 93065 4928
93074 93072 1124
93074 93075 1357
93076 93071 3236
93076 93071 3236
93076 93075 680
93075 93074 1357
93075 93076 680
93075 93077 1686
93083 93077 1221
93083 93085 889
93083 93086 868
93105 93104 763
93131 93130 344
93131 93132 445
93131 93133 1711
93098 93097 1014
93098 93101 222
93098 93135 4995
93107 93097 2539
93107 93106 1014
93107 93132 2474
93072 93061 580
93072 93067 1942
93072 93074 1124
93085 93083 889
93086 93083 868
93086 93087 923
93132 93107 2474
93132 93131 445
93132 93134 847
93133 93131 1711
93101 93098 222
93135 93098 4995
93135 93134 373
93135 93136 475
93061 93056 1635
93061 93072 580
93067 93066 1693
93067 93066 1693
93067 93072 1942
93087 93086 923
93087 93088 445
93087 93173 3415
93134 93132 847
93134 93135 373
93134 93149 1405
93136 93135 475
93136 93137 1114
93136 93138 1880
93056 93054 1392
93056 93061 1635
93056 93062 1532
93066 93067 1693
93066 93067 1693
93088 93087 445
93088 93089 1004
93088 93090 2434
93173 93087 3415
93173 93090 930
93173 93172 1933
93149 93134 1405
93149 93138 1066
93149 93150 612
93137 93108 2539
93137 93136 1114
93137 93139 562
93138 93136 1880
93138 93149 1066
93138 93152 221
93054 93046 808
93054 93056 1392
93054 93057 1114
93062 93056 1532
93062 93073 536
93089 93088 1004
93089 93090 2185
93089 93142 1014
93090 93088 2434
93090 93089 2185
93090 93173 930
93090 93176 1000
93172 93081 4304
93172 93173 1933
93172 93175 4187
93172 93188 4361
93150 93146 809
93150 93149 612
93108 93137 2539
93139 93137 562
93139 93140 333
93139 93151 2170
93152 93138 221
93152 93153 1256
93046 93037 888
93046 93054 808
93057 93054 1114
93057 93058 238
93073 93062 536
93073 93079 473
93142 93089 1014
93142 93143 905
93142 93176 2018
93176 93090 1000
93176 93142 2018
93176 93177 905
93081 93080 4373
93081 93172 4304
93081 93174 4740
93175 93172 4187
93188 93172 4361
93188 93183 1859
93188 93189 550
93188 93191 1292
93146 93143 1357
93146 93147 1113
93146 93150 809
93140 93139 333
93140 93141 580
93151 93139 2170
93151 93141 1959
93153 93148 599
93153 93152 1256
93153 93154 1234
93037 93046 888
93058 93053 419
93058 93057 238
93079 93073 473
93079 93080 1024
93143 93142 905
93143 93146 1357
93143 93177 2018
93177 93143 2018
93177 93176 905
93177 93178 1004
93080 93079 1024
93080 93081 4373
93174 93081 4740
93183 93182 1466
93183 93185 1431
93183 93188 1859
93189 93188 550
93189 93190 598
93191 93188 1292
93191 93194 983
93147 93146 1113
93147 93148 1234
93147 93178 788
93141 93140 580
93141 93151 1959
93141 93157 445
93148 93147 1234
93148 93153 599
93148 93185 1007
93154 93153 1234
93154 93155 2340
93154 93156 1639
93053 93051 2113
93053 93058 419
93053 93059 475
93053 93060 1124
93178 93147 788
93178 93177 1004
93178 93179 1347
93182 93179 252
93182 93181 503
93182 93183 1466
93185 93148 1007
93185 93183 1431
93185 93186 1625
93190 93189 598
93190 93206 2603
93194 93187 1444
93194 93191 983
93194 93195 1466
93157 93119 2527
93157 93141 445
93157 93158 2809
93155 93154 2340
93155 93166 788
93155 93167 1030
93156 93154 1639
93156 93196 2299
93156 93197 1834
93051 93049 344
93051 93053 2113
93059 93053 475
93060 93053 1124
93179 93178 1347
93179 93180 1398
93179 93182 252
93181 93180 1375
93181 93182 503
93181 93184 252
93186 93185 1625
93186 93187 1755
93186 93187 1755
93206 93190 2603
93206 107022 275
93187 93186 1755
93187 93186 1755
93187 93194 1444
93195 93194 1466
93195 93203 924
93119 93120 1031
93119 93157 2527
93158 93157 2809
93158 93159 1610
93158 93161 1344
93166 93155 788
93167 93155 1030
93167 93168 1719
93167 93196 1264
93196 93156 2299
93196 93167 1264
93196 93197 1114
93197 93156 1834
93197 93196 1114
93197 93198 628
93049 93050 796
93049 93051 344
93049 93052 407
93180 93179 1398
93180 93181 1375
93184 93181 252
107022 93206 275
107022 107023 1022
107022 107034 2520
107022 107051 3969
93203 93195 924
93203 93202 903
93203 93204 2878
93120 93119 1031
93159 93158 1610
93159 93160 2007
93161 93158 1344
93161 93162 905
93161 93169 1340
93168 93167 1719
93168 93199 4197
93168 93200 1180
93198 93197 628
93198 93202 2290
93050 93049 796
93052 93049 407
107023 107022 1022
107034 107022 2520
107034 107035 4824
107034 107036 168
107051 107022 3969
107051 107059 434
107051 107059 434
93202 93198 2290
93202 93203 903
93202 93205 475
93204 93203 2878
93204 93207 4685
93160 93159 2007
93162 93161 905
93162 93163 1124
93162 93170 1547
93169 93161 1340
93199 93168 4197
93199 94091 2095
93200 93168 1180
93200 93201 680
107035 107034 4824
107035 107057 2781
107035 107059 1042
107036 107030 1780
107036 107034 168
107036 107048 1263
107059 107035 1042
107059 107051 434
107059 107051 434
107059 107058 16494
93205 93201 2758
93205 93201 2758
93205 93202 475
93207 93204 4685
93207 94091 6113
93207 94112 7426
93163 93162 1124
93163 93165 880
93163 93171 2041
93170 93162 1547
94091 93199 2095
94091 93207 6113
94091 94090 448
93201 93200 680
93201 93205 2758
93201 93205 2758
107057 107035 2781
107057 107058 12672
107030 107031 3223
107030 107036 1780
107030 107091 1347
107048 107036 1263
107048 107047 3847
107048 107054 4469
107058 107057 12672
107058 107059 16494
107058 107069 222
94112 93207 7426
94112 94117 696
93165 93163 880
93165 102771 2026
93171 93163 2041
94090 94091 448
94090 101880 631
107031 107030 3223
107031 107032 1114
107031 107064 1007
107091 107030 1347
107091 107064 3351
107091 107090 2694
107047 106970 3258
107047 107048 3847
107054 107048 4469
107054 107053 5608
107054 107092 2596
107069 94120 336
107069 107058 222
107069 107070 4282
94117 94112 696
94117 94120 1084
102771 93165 2026
101880 94090 631
101880 101878 916
101880 101882 495
107032 107031 1114
107032 107033 1444
107032 107063 2266
107064 107031 1007
107064 107061 923
107064 107091 3351
107090 107089 950
107090 107091 2694
107090 107182 1205
106970 106969 278
106970 106971 139
106970 107047 3258
107053 107043 1395
107053 107054 5608
107053 107055 3011
107092 107054 2596
107092 107085 3058
107092 107179 1625
94120 94117 1084
94120 107069 336
107070 107069 4282
107070 107097 950
101878 94088 267
101878 101880 916
101878 101881 622
101882 101880 495
107033 107032 1444
107033 107071 1124
107033 107101 3546
107063 107032 2266
107063 107062 1111
107063 107102 1215
107061 107062 252
107061 107064 923
107061 107182 2927
107089 107088 1077
107089 107090 950
107089 107109 3057
107182 107061 2927
107182 107090 1205
107182 107110 2458
106969 106968 3482
106969 106970 278
106969 107132 419
106971 106970 139
107043 107041 2041
107043 107044 344
107043 107053 1395
107043 107060 2590
107055 107053 3011
107055 107056 1248
107055 107060 1014
107085 107086 580
107085 107092 3058
107085 107203 1256
107179 107092 1625
107179 107177 1357
107179 107200 825
107097 107068 473
107097 107070 950
107097 107093 847
94088 101878 267
101881 101878 622
107071 107033 1124
107101 107033 3546
107101 107102 1104
107062 107061 252
107062 107063 1111
107062 107110 930
107102 107063 1215
107102 107101 1104
107088 107089 1077
107109 107089 3057
107109 107110 1175
107110 107062 930
107110 107109 1175
107110 107182 2458
106968 106969 3482
107132 106969 419
107132 107060 950
107041 107043 2041
107044 107043 344
107060 107043 2590
107060 107055 1014
107060 107132 950
107056 107055 1248
107086 107085 580
107203 107085 1256
107177 107179 1357
107200 107179 825
107068 107097 473
107093 107097 847
108
93095
93065
93097
93106
93074
93075
93098
93107
93072
93132
93101
93135
93061
93067
93134
93136
93056
93066
93149
93137
93138
93054
93062
93150
93108
93139
93152
93046
93057
93073
93146
93140
93151
93153
93037
93058
93079
93143
93177
93080
93147
93141
93148
93154
93053
93178
93185
93157
93155
93156
93051
93059
93060
93179
93186
93187
93119
93158
93166
93167
93196
93197
93049
93180
93120
93159
93161
93168
93198
93050
93052
93202
93160
93162
93169
93199
93200
93205
93163
93170
94091
93201
93165
93171
94090
102771
101880
101878
101882
94088
101881
107071
107101
107102
107088
107109
107110
106968
107132
107041
107044
107060
107086
107203
107177
107200
107068
107093
