44
82682 82683 1206
82682 82742 417
84552 84553 2041
84552 84564 1033
84574 84575 2370
84574 84576 357
84566 84565 2468
84482 84471 164
84578 84607 675
84478 84477 2655
84478 84503 876
84478 84607 2370
87140 87138 549
84248 84249 1541
84248 84251 667
84248 87138 847
84249 84248 1541
84249 84250 1123
84397 84398 748
84421 84420 405
84393 84396 807
84396 84393 807
84420 84421 405
84943 84944 338
84944 84943 338
85129 85131 526
85131 85129 526
82683 82682 1206
82742 82682 417
84553 84552 2041
84564 84552 1033
84575 84574 2370
84576 84574 357
84565 84566 2468
84471 84482 164
84607 84478 2370
84607 84578 675
84477 84478 2655
84503 84478 876
87138 84248 847
87138 87140 549
84251 84248 667
84250 84249 1123
84398 84397 748
35
82682
84552
84574
84566
84482
84578
84478
87140
84248
84249
84397
84590
84594
84421
84393
84411
91190
84420
84409
91447
84943
84944
85129
85131
82742
84575
84576
84565
84471
84607
84477
84503
87138
84251
84398
