428
9867 9868 1047
9867 22856 3550
9867 30921 3695
9868 9867 1047
9868 30924 2202
9868 30940 1636
22856 9867 3550
22856 22857 3775
22856 30937 608
30921 9867 3695
30921 30920 169
30924 9868 2202
30924 30925 986
30924 30933 227
30940 9868 1636
22857 22856 3775
30937 22856 608
30937 30936 1826
30937 30938 310
30920 30918 640
30920 30921 169
30920 30922 428
30925 30924 986
30925 30932 654
30933 30924 227
30936 30623 481
30936 30937 1826
30938 30937 310
30938 30939 670
30918 30917 439
30918 30919 916
30918 30920 640
30922 30920 428
30932 30899 2099
30932 30910 715
30932 30925 654
30623 30624 2175
30623 30934 1388
30623 30936 481
30939 27518 3047
30939 30938 670
30939 31021 2011
30917 30914 696
30917 30918 439
30919 30918 916
30899 30888 3188
30899 30923 847
30899 30932 2099
30910 30911 3397
30910 30930 441
30910 30932 715
30624 30623 2175
30934 30623 1388
30934 30935 1156
27518 27517 790
27518 30939 3047
27518 30953 1667
27518 31024 1067
31021 30718 409
31021 30939 2011
30914 30915 1242
30914 30916 920
30914 30917 696
30888 30886 2059
30888 30893 1387
30888 30899 3188
30923 30899 847
30923 30926 810
30923 30928 3089
30911 30910 3397
30930 30910 441
30930 30931 682
30930 34022 1848
30935 30934 1156
27517 27518 790
27517 27522 888
27517 31025 4079
30953 10844 1803
30953 27518 1667
30953 29603 1131
31024 27518 1067
31024 31026 931
31024 31027 466
30718 30621 898
30718 30712 2622
30718 31021 409
30915 30914 1242
30916 30914 920
30886 30605 243
30886 30887 390
30886 30888 2059
30893 30888 1387
30893 30894 3279
30893 30898 1280
30926 30923 810
30926 30927 1022
30926 30929 2264
30928 30923 3089
30928 30944 2600
30928 30945 503
30931 30930 682
34022 30913 769
34022 30930 1848
27522 27517 888
31025 27517 4079
31025 31040 2545
31025 31553 708
10844 10845 4031
10844 11142 1663
10844 30953 1803
29603 29602 890
29603 29771 748
29603 30953 1131
29603 34246 767
31026 31024 931
31027 31024 466
31027 31028 1103
31027 31029 2170
30621 30622 824
30621 30718 898
30712 30618 2188
30712 30715 1459
30712 30718 2622
30605 30606 1176
30605 30886 243
30887 30886 390
30894 30891 170
30894 30893 3279
30898 30893 1280
30898 30900 1682
30898 30901 2055
30927 30926 1022
30929 30908 2120
30929 30926 2264
30929 30942 918
30944 30928 2600
30945 11190 2246
30945 30928 503
30913 30912 391
30913 34022 769
31040 31025 2545
31040 31039 4183
31040 34830 1492
31553 29675 2353
31553 31025 708
31553 31043 1296
10845 10844 4031
10845 11190 3694
10845 30950 1605
10845 30952 3031
11142 10844 1663
11142 11140 454
11142 11143 604
11142 11154 1521
29602 11154 1676
29602 29601 701
29602 29603 890
29771 10836 270
29771 29603 748
29771 29772 191
34246 29603 767
31028 31027 1103
31029 31027 2170
30622 30621 824
30622 35282 416
30622 35402 1129
30618 21410 1091
30618 30712 2188
30618 30714 4465
30715 30712 1459
30715 30716 1491
30606 30605 1176
30891 30890 45
30891 30894 170
30891 30896 829
30891 34025 9600
30900 30898 1682
30900 30902 507
30900 30903 1202
30901 30895 1128
30901 30898 2055
30901 30906 904
30908 30906 1485
30908 30929 2120
30908 30941 1367
30942 30929 918
30942 30943 2991
11190 10845 3694
11190 11191 1700
11190 30945 2246
11190 30948 1244
30912 30913 391
31039 31034 4002
31039 31038 1379
31039 31040 4183
34830 31040 1492
29675 29596 1988
29675 29607 742
29675 31553 2353
31043 31042 1016
31043 31551 940
31043 31553 1296
30950 10845 1605
30950 30949 2421
30950 30951 832
30952 10845 3031
30952 30988 3335
30952 30995 3819
30952 31104 632
11140 11134 272
11140 11141 200
11140 11142 454
11143 11142 604
11143 11146 238
11143 11149 191
11154 11142 1521
11154 11161 225
11154 29602 1676
29601 29598 306
29601 29600 1334
29601 29602 701
10836 10837 151
10836 29771 270
10836 34247 168
29772 29771 191
35282 30622 416
35282 35281 451
35282 35401 1136
35402 30622 1129
21410 21411 8404
21410 30617 394
21410 30618 1091
21410 30716 4478
30714 30608 2676
30714 30618 4465
30714 30719 1062
30716 21410 4478
30716 30619 1897
30716 30715 1491
30716 31041 941
30890 30891 45
30890 30892 109
30896 30891 829
30896 30895 2911
30896 30897 4786
34025 29765 3744
34025 29776 9696
34025 30884 9792
34025 30891 9600
30902 30900 507
30903 30900 1202
30895 30896 2911
30895 30897 3421
30895 30901 1128
30906 30901 904
30906 30907 2031
30906 30908 1485
30941 30908 1367
30943 30942 2991
30943 30983 1246
30943 30985 1203
11191 11190 1700
30948 11190 1244
30948 30985 2182
30948 30988 2046
31034 30726 1817
31034 31035 1708
31034 31039 4002
31038 31037 1215
31038 31039 1379
31038 34827 1374
29596 29594 1477
29596 29597 779
29596 29675 1988
29607 29608 1818
29607 29609 998
29607 29662 418
29607 29675 742
31042 31043 1016
31042 31044 272
31551 29594 756
31551 31043 940
31551 31865 1000
30949 30950 2421
30951 30950 832
30988 30948 2046
30988 30952 3335
30988 30992 1776
30995 30952 3819
31104 30952 632
31104 30997 800
31104 35141 1306
11134 11135 154
11134 11138 159
11134 11140 272
11141 11140 200
11146 11143 238
11146 11147 162
11146 11148 172
11149 11143 191
11161 11154 225
11161 11160 1200
11161 11166 366
29598 29599 295
29598 29601 306
29598 29604 199
29600 29601 1334
29600 29662 1251
29600 29882 365
10837 10836 151
34247 10836 168
35281 31041 562
35281 35282 451
35281 35400 1013
35401 35282 1136
21411 21410 8404
21411 21412 2030
30617 21410 394
30617 30614 1164
30617 30616 1066
30608 30607 1037
30608 30708 4039
30608 30714 2676
30719 30714 1062
30619 30620 2910
30619 30716 1897
30619 31041 1351
30619 34962 1307
31041 30619 1351
31041 30716 941
31041 34185 1650
31041 35281 562
30892 30885 513
30892 30890 109
30897 30895 3421
30897 30896 4786
30897 30909 1373
29765 29759 5353
29765 29764 3853
29765 34025 3744
29776 11159 776
29776 29760 1129
29776 34025 9696
29776 35009 1014
30884 30604 2431
30884 30883 3207
30884 34025 9792
30884 34185 17620
30907 30906 2031
30983 30943 1246
30983 30946 455
30983 30984 1215
30985 30943 1203
30985 30948 2182
30985 30987 3086
30726 30725 1487
30726 31033 3184
30726 31034 1817
31035 30741 1302
31035 31034 1708
31035 31036 1319
31037 31038 1215
31037 31046 953
31037 31047 806
34827 31038 1374
29594 29595 1809
29594 29596 1477
29594 31551 756
29597 29596 779
29608 29607 1818
29608 29761 631
29608 29766 654
29608 34621 868
29609 29607 998
29609 29838 372
29662 29600 1251
29662 29607 418
31044 31042 272
31865 31551 1000
30992 30988 1776
30997 31104 800
35141 31104 1306
11135 11134 154
11138 11134 159
11147 11146 162
11148 11146 172
11160 11161 1200
11160 29766 1184
11166 11161 366
29599 29598 295
29604 29598 199
29882 29600 365
35400 35281 1013
21412 21411 2030
30614 30617 1164
30616 30617 1066
30607 30608 1037
30708 30608 4039
30620 30619 2910
34962 30619 1307
34185 30884 17620
34185 31041 1650
30885 30883 797
30885 30892 513
30909 30897 1373
29759 29765 5353
29764 29765 3853
11159 29776 776
29760 29776 1129
35009 29776 1014
30604 30884 2431
30883 30884 3207
30883 30885 797
30946 30983 455
30984 30983 1215
30987 30985 3086
30725 30726 1487
31033 30726 3184
30741 31035 1302
31036 31035 1319
31046 31037 953
31047 31037 806
29595 29594 1809
29761 29608 631
29766 11160 1184
29766 29608 654
34621 29608 868
29838 29609 372
28
29609
29662
31044
30992
30997
11160
29882
21412
30614
30616
30607
30708
30885
29759
11159
29760
35009
30604
30883
30946
30725
31033
30741
31046
29761
29766
34621
29838
