26
89733 89734 1531
89733 89736 937
89734 89733 1531
89734 89735 476
89734 89736 1399
89736 89733 937
89736 89734 1399
89736 89737 1491
89735 89734 476
89737 89736 1491
89737 89738 760
89737 89741 1866
89738 89737 760
89738 89739 1000
89738 89740 1301
89741 89737 1866
89741 89742 435
89739 89738 1000
89740 89738 1301
89742 89741 435
89742 89743 490
89742 91533 1171
89743 89742 490
91533 89742 1171
91533 91534 1239
91534 91533 1239
13
89733
89734
89736
89735
89737
89738
89741
89739
89740
89742
89743
91533
91534
