26
111686 111689 889
111689 111686 889
111708 111709 893
111709 111708 893
111709 111714 580
111717 111714 1348
111758 111759 1375
111711 111713 904
111714 111709 580
111714 111717 1348
111455 112579 445
112592 112591 796
112579 111455 445
112591 112592 796
112591 112600 672
111710 111713 826
111713 111710 826
111713 111711 904
112600 112591 672
112617 112616 511
112616 112617 511
111759 111758 1375
104298 104319 1085
104319 104298 1085
104146 104118 551
104118 104146 551
28
111686
111689
111708
111709
111717
111758
111711
111714
111720
111656
111635
111638
111641
111449
111455
111451
111655
112592
111704
111710
112617
111761
111780
104298
112576
104146
104118
112883
