324
103 104 1065
103 1676 1392
103 5679 336
104 103 1065
104 5419 2130
104 5420 402
1676 103 1392
1676 1677 2224
1676 1678 557
5679 103 336
5679 1680 1305
5679 5417 888
5419 104 2130
5419 5418 888
5419 6462 1255
5420 104 402
1677 1575 4618
1677 1676 2224
1677 5678 902
1678 1578 696
1678 1676 557
1678 1679 1881
1680 1681 1248
1680 1682 1540
1680 5679 1305
5417 5416 3150
5417 5430 139
5417 5679 888
5418 5413 763
5418 5416 278
5418 5419 888
6462 5419 1255
1575 1573 1734
1575 1677 4618
1575 5249 1709
5678 1677 902
1578 1576 4244
1578 1678 696
1578 1687 1356
1679 1678 1881
1679 1682 124
1681 1680 1248
1681 1685 550
1681 5431 1223
1682 1679 124
1682 1680 1540
1682 1683 333
5416 5408 2576
5416 5417 3150
5416 5418 278
5430 5417 139
5430 5424 1638
5430 5431 2110
5413 5414 3691
5413 5415 926
5413 5418 763
1573 1575 1734
1573 1576 1767
1573 1581 2413
5249 1575 1709
5249 5247 1575
5249 5414 1669
1576 1573 1767
1576 1577 1084
1576 1578 4244
1687 1578 1356
1687 1583 386
1685 1681 550
1685 1684 1144
1685 1686 1188
5431 1681 1223
5431 1695 847
5431 5430 2110
5431 5442 694
1683 1682 333
1683 1684 847
1683 1689 1509
5408 5409 1556
5408 5411 475
5408 5412 373
5408 5416 2576
5424 5423 1532
5424 5428 201
5424 5430 1638
5414 5249 1669
5414 5413 3691
5415 5413 926
1581 1573 2413
1581 1582 3745
5247 5246 434
5247 5249 1575
5247 5409 4946
1577 1576 1084
1583 1582 2690
1583 1687 386
1684 1683 847
1684 1685 1144
1684 1690 409
1686 1685 1188
1686 1691 474
1686 1695 1735
1695 1686 1735
1695 1696 818
1695 5431 847
5442 5429 962
5442 5431 694
1689 1683 1509
1689 1692 716
5409 5247 4946
5409 5408 1556
5411 5408 475
5411 5412 353
5412 5408 373
5412 5411 353
5412 5421 611
5423 5421 511
5423 5424 1532
5428 5424 201
5428 5425 418
5428 5429 1161
1582 1581 3745
1582 1583 2690
5246 5244 434
5246 5245 353
5246 5247 434
1690 1684 409
1690 1691 1258
1691 1686 474
1691 1690 1258
1691 1693 1346
1691 1699 1225
1696 1695 818
1696 1697 1114
1696 1699 1774
1696 5444 926
5429 5428 1161
5429 5441 1530
5429 5442 962
1692 1689 716
1692 1693 1225
1692 1694 1457
5421 5412 611
5421 5422 1621
5421 5423 511
5425 5426 1545
5425 5427 2102
5425 5428 418
5244 5245 238
5244 5246 434
5245 5244 238
5245 5246 353
1693 1691 1346
1693 1692 1225
1693 1694 680
1693 1700 2825
1699 1691 1225
1699 1696 1774
1699 1700 1014
1697 1696 1114
1697 1698 1124
1697 1702 1090
5444 1696 926
5444 5441 783
5444 5445 2149
5441 5429 1530
5441 5440 1509
5441 5443 2002
5441 5444 783
1694 1692 1457
1694 1693 680
1694 1710 2000
1694 1731 1530
5422 5421 1621
5426 5425 1545
5427 5425 2102
5427 5433 825
5427 5440 333
1700 1693 2825
1700 1699 1014
1700 1701 1357
1698 1697 1124
1698 1701 1095
1698 1703 1848
1698 5445 910
1702 1697 1090
5445 1698 910
5445 5443 939
5445 5444 2149
5440 5427 333
5440 5439 1700
5440 5441 1509
5443 5441 2002
5443 5445 939
5443 5446 1179
5443 5448 780
1710 1694 2000
1710 1713 139
1710 1749 763
1731 1694 1530
1731 1730 1139
1731 1745 1928
5433 5427 825
5433 5434 1084
1701 1698 1095
1701 1700 1357
1701 1707 1247
1701 1714 1573
1703 1698 1848
1703 1704 667
1703 5449 1174
5439 5440 1700
5439 5446 452
5439 5447 1139
5446 5438 1621
5446 5439 452
5446 5443 1179
5448 5443 780
5448 5449 896
5448 5680 1024
1713 1710 139
1713 1711 796
1713 1714 1408
1749 1710 763
1730 1731 1139
1730 1732 1872
1730 1734 876
1745 1731 1928
1745 1737 1694
1745 1747 6038
1745 1748 1751
5434 5432 278
5434 5433 1084
5434 5438 1935
1707 1701 1247
1707 1708 700
1707 1708 700
1714 1701 1573
1714 1713 1408
1714 1723 563
1704 1703 667
1704 1705 1112
1704 1706 1466
1704 5450 929
5449 1703 1174
5449 5448 896
5449 5450 610
5447 5439 1139
5438 5434 1935
5438 5436 847
5438 5446 1621
5680 5448 1024
1711 1712 889
1711 1713 796
1711 1715 503
1732 1730 1872
1732 1733 1301
1732 1735 3672
1734 1730 876
1737 1736 4584
1737 1745 1694
1737 1746 1012
1747 1745 6038
1747 1751 597
1747 1751 597
1748 1745 1751
1748 1746 2340
1748 1751 5460
5432 5434 278
1708 1705 879
1708 1707 700
1708 1707 700
1723 1714 563
1705 1704 1112
1705 1708 879
1706 1704 1466
5450 1704 929
5450 5449 610
5450 5451 222
5436 5438 847
1712 1711 889
1712 1724 1188
1715 1711 503
1715 1716 344
1715 1717 333
1715 1718 597
1733 1732 1301
1733 1735 3591
1733 1744 344
1735 1732 3672
1735 1733 3591
1735 1736 503
1736 1735 503
1736 1737 4584
1746 1737 1012
1746 1742 3613
1746 1748 2340
1751 1747 597
1751 1747 597
1751 1748 5460
5451 5450 222
5451 5452 746
1724 1712 1188
1724 1727 1704
1716 1715 344
1717 1715 333
1718 1715 597
1718 1727 301
1718 1750 445
1744 1733 344
1742 1741 1809
1742 1743 1675
1742 1746 3613
5452 5451 746
5452 5519 2477
1727 1718 301
1727 1724 1704
1727 1766 846
1750 1718 445
1741 1740 680
1741 1742 1809
1743 1742 1675
5519 5452 2477
1766 1727 846
1740 1741 680
31
1573
1576
1581
1577
1583
5411
5412
1582
5421
5244
5245
5422
1748
5432
1705
1706
5436
1712
1736
1746
1751
5451
1724
1742
5452
1727
1741
1743
5519
1766
1740
