482
64556 64557 2084
64556 71284 2138
64556 71289 740
64556 71292 942
64557 64556 2084
71284 64556 2138
71284 71282 852
71284 71285 1467
71284 71286 956
71289 64556 740
71289 71288 1484
71289 71291 443
71292 64556 942
71292 71286 1786
71292 71316 1487
71282 71275 711
71282 71283 778
71282 71284 852
71282 71288 1032
71285 71284 1467
71286 71284 956
71286 71287 905
71286 71292 1786
71286 71315 1287
71288 71276 809
71288 71282 1032
71288 71289 1484
71291 71289 443
71291 71290 499
71316 71292 1487
71316 71315 1234
71316 71317 2287
71275 71274 1278
71275 71276 1248
71275 71282 711
71283 71282 778
71287 71286 905
71315 71286 1287
71315 71316 1234
71315 71317 2031
71315 77083 1777
71276 71275 1248
71276 71280 942
71276 71288 809
71276 71290 1576
71290 71276 1576
71290 71281 942
71290 71291 499
71317 71315 2031
71317 71316 2287
71317 71318 2222
71274 71269 852
71274 71270 452
71274 71275 1278
77083 71315 1777
71280 71276 942
71280 71278 679
71280 71281 1576
71281 71279 811
71281 71280 1576
71281 71290 942
71318 71313 2229
71318 71317 2222
71318 71341 591
71269 70822 356
71269 71270 830
71269 71274 852
71270 71269 830
71270 71274 452
71270 71277 562
71278 71277 344
71278 71279 1796
71278 71280 679
71279 70845 1682
71279 71278 1796
71279 71281 811
71313 71311 1189
71313 71318 2229
71313 71323 1120
71341 71318 591
71341 71342 1495
71341 71348 1287
70822 71269 356
70822 71273 1761
71277 71270 562
71277 71271 1144
71277 71278 344
70845 70839 2155
70845 70844 1664
70845 71279 1682
71311 71306 337
71311 71312 893
71311 71313 1189
71323 71313 1120
71323 71314 2347
71323 71340 562
71323 71343 929
71342 71341 1495
71342 71344 591
71348 71341 1287
71348 71349 632
71273 70822 1761
71273 71369 1990
71271 70844 1117
71271 71272 1140
71271 71277 1144
70839 70836 1235
70839 70840 1146
70839 70845 2155
70844 70841 809
70844 70845 1664
70844 71271 1117
71306 71307 480
71306 71308 356
71306 71311 337
71312 71307 540
71312 71311 893
71312 71314 1461
71314 71312 1461
71314 71323 2347
71314 71325 1370
71340 71323 562
71343 71323 929
71343 71346 519
71344 71342 591
71344 71345 338
71349 71345 924
71349 71348 632
71369 71273 1990
71369 71297 1523
71272 71271 1140
70836 70837 642
70836 70838 291
70836 70839 1235
70840 70839 1146
70841 70842 519
70841 70843 667
70841 70844 809
71307 71305 497
71307 71306 480
71307 71312 540
71308 71303 754
71308 71303 754
71308 71306 356
71325 71314 1370
71325 71324 905
71325 71326 2215
71325 71329 1272
71346 71326 253
71346 71339 1287
71346 71343 519
71346 71347 778
71345 71344 338
71345 71349 924
71297 71296 2876
71297 71369 1523
70837 70836 642
70838 70836 291
70842 70841 519
70843 70841 667
71305 71296 2642
71305 71302 419
71305 71307 497
71305 71324 3643
71303 71304 1203
71303 71308 754
71303 71308 754
71324 71305 3643
71324 71325 905
71324 71328 1432
71326 71325 2215
71326 71346 253
71329 71325 1272
71329 71330 877
71329 71336 1203
71329 71339 2358
71339 71329 2358
71339 71346 1287
71347 71346 778
71296 71297 2876
71296 71305 2642
71302 71300 374
71302 71305 419
71302 71309 1011
71304 71303 1203
71304 77082 1953
71328 71324 1432
71328 71331 1030
71330 71329 877
71336 71329 1203
71336 71337 1225
71300 71301 1400
71300 71302 374
71309 71298 344
71309 71302 1011
71309 71310 881
77082 71304 1953
71331 71327 556
71331 71328 1030
71331 71338 1835
71337 71336 1225
71301 71293 3367
71301 71295 1719
71301 71300 1400
71298 71065 2688
71298 71309 344
71310 71299 711
71310 71309 881
71327 71239 1376
71327 71331 556
71338 71331 1835
71338 71351 1083
71293 70815 2375
71293 71268 1086
71293 71301 3367
71295 71065 1370
71295 71294 1234
71295 71301 1719
71065 71064 2016
71065 71073 1537
71065 71295 1370
71065 71298 2688
71299 71073 2578
71299 71310 711
71299 71321 1432
71239 71225 852
71239 71226 1558
71239 71240 852
71239 71327 1376
71351 71259 796
71351 71338 1083
70815 71293 2375
71268 71056 1934
71268 71057 949
71268 71293 1086
71294 71060 796
71294 71295 1234
71064 71063 1000
71064 71065 2016
71073 71065 1537
71073 71071 3157
71073 71220 1272
71073 71299 2578
71321 71220 2029
71321 71299 1432
71225 71220 1370
71225 71226 1832
71225 71239 852
71225 71322 1675
71226 71225 1832
71226 71237 1014
71226 71239 1558
71240 71236 2578
71240 71239 852
71240 71332 905
71240 71333 685
71259 71260 1014
71259 71333 1188
71259 71351 796
71259 71352 356
71056 71010 1946
71056 71055 1310
71056 71268 1934
71057 71055 1454
71057 71060 1701
71057 71268 949
71060 71057 1701
71060 71059 1114
71060 71062 1348
71060 71294 796
71063 71062 538
71063 71064 1000
71063 71067 1170
71071 71072 656
71071 71073 3157
71071 71219 1294
71220 71073 1272
71220 71221 2641
71220 71225 1370
71220 71321 2029
71322 71225 1675
71237 71226 1014
71237 71236 768
71237 71238 1148
71236 71235 1004
71236 71237 768
71236 71240 2578
71236 77307 323
71332 71240 905
71333 71240 685
71333 71259 1188
71333 71334 893
71333 71335 818
71260 71259 1014
71352 71259 356
71010 71011 2642
71010 71056 1946
71055 71021 2029
71055 71056 1310
71055 71057 1454
71059 71058 452
71059 71060 1114
71062 71060 1348
71062 71063 538
71067 71063 1170
71067 71070 811
71072 71071 656
71219 71071 1294
71219 71221 499
71221 71219 499
71221 71220 2641
71221 77303 1033
71238 71237 1148
71235 71231 672
71235 71233 685
71235 71236 1004
77307 71236 323
77307 77314 369
71334 71333 893
71335 71333 818
71011 71010 2642
71021 71022 1777
71021 71055 2029
71058 71059 452
71070 71067 811
71070 71069 475
77303 71221 1033
71231 71232 356
71231 71235 672
71233 71222 1185
71233 71234 848
71233 71235 685
77314 77307 369
77314 77315 1123
77314 77315 1123
71022 71021 1777
71069 71068 356
71069 71070 475
71069 71214 752
71069 71218 1370
71232 71231 356
71232 71241 1124
71232 71258 610
71222 71223 1140
71222 71224 602
71222 71233 1185
71234 71233 848
77315 77314 1123
77315 77314 1123
77315 77378 1037
71068 71066 676
71068 71069 356
71214 71069 752
71214 71215 1076
71218 71069 1370
71218 76478 557
71241 71232 1124
71258 71232 610
71258 78660 498
71258 78661 1019
71223 71222 1140
71224 71222 602
77378 69020 861
77378 77315 1037
77378 77797 437
71066 71061 602
71066 71068 676
71215 71214 1076
71215 71227 1072
76478 71218 557
76478 71229 918
78660 69019 429
78660 71258 498
78660 78662 1025
78661 71258 1019
69020 69019 403
69020 76581 471
69020 77378 861
77797 76581 1028
77797 77378 437
77797 78659 601
71061 71066 602
71227 71210 1500
71227 71215 1072
71227 71216 1173
71229 71228 144
71229 76478 918
69019 69020 403
69019 78660 429
69019 78663 768
78662 78660 1025
76581 69020 471
76581 76582 627
76581 77797 1028
78659 77797 601
71210 71209 1592
71210 71212 2314
71210 71213 1286
71210 71216 852
71210 71227 1500
71210 71228 2248
71216 71203 796
71216 71210 852
71216 71217 602
71216 71227 1173
71228 71210 2248
71228 71229 144
78663 69019 768
76582 76581 627
71209 71203 1213
71209 71208 672
71209 71210 1592
71212 71210 2314
71212 71211 2248
71212 71213 1919
71212 71244 2511
71213 71210 1286
71213 71212 1919
71203 71201 419
71203 71209 1213
71203 71216 796
71217 71050 284
71217 71216 602
71208 71202 676
71208 71207 688
71208 71209 672
71211 71198 1188
71211 71206 2824
71211 71212 2248
71244 71212 2511
71244 71245 613
71201 71199 1014
71201 71203 419
71050 71217 284
71050 78056 471
71202 71199 845
71202 71208 676
71207 71198 905
71207 71200 422
71207 71208 688
71198 71195 2114
71198 71207 905
71198 71211 1188
71206 71135 792
71206 71171 2221
71206 71211 2824
71245 71244 613
71245 71246 3124
71199 71197 782
71199 71201 1014
71199 71202 845
78056 71050 471
78056 78057 201
71200 71197 1356
71200 71207 422
71195 71194 519
71195 71197 905
71195 71198 2114
71135 71133 1454
71135 71134 768
71135 71205 2248
71135 71206 792
71171 71168 2237
71171 71206 2221
71171 71242 277
71246 71243 676
71246 71245 3124
71246 71247 874
71197 71195 905
71197 71199 782
71197 71200 1356
78057 78056 201
71194 71195 519
71133 71135 1454
71134 71135 768
71205 71135 2248
71168 71171 2237
71242 71171 277
71242 71243 437
71243 71242 437
71243 71246 676
71247 71246 874
39
70822
71273
71349
71369
70840
71345
71297
71296
71351
70815
71259
71333
71260
71352
71334
71335
71058
71231
71232
71241
71258
78660
78661
71061
69019
78662
71228
78663
71213
71050
78056
71246
78057
71133
71134
71205
71168
71243
71247
