26
23872 23875 201
23875 23872 201
24901 23903 475
187730 187766 280
187766 187730 280
23884 23883 279
23880 23897 588
23883 23884 279
23897 23880 588
23903 24901 475
187225 189501 640
189473 189474 2900
189501 187225 640
189501 189503 1370
189488 189469 871
189488 189487 791
189487 189488 791
189496 189490 759
189583 189490 462
189490 189496 759
189490 189583 462
189469 189488 871
189503 189501 1370
189474 189473 2900
187228 189513 1115
189513 187228 1115
33
23872
23875
24900
24901
25062
25067
187637
187678
187675
187730
187766
190807
23884
23890
23880
23883
23902
23903
187240
189473
189465
189488
189496
189469
189494
189507
189503
187228
189510
189513
189521
187892
187969
