114
64098 64099 650
64098 64101 1031
64098 64102 2172
64099 64098 650
64101 64098 1031
64101 64100 1397
64101 64102 2705
64102 64098 2172
64102 64101 2705
64102 64105 818
64100 64101 1397
64100 64106 2028
64100 64122 1144
64105 64102 818
64105 64106 1666
64105 64107 1538
64106 64100 2028
64106 64105 1666
64106 64150 445
64122 64100 1144
64122 64123 740
64122 64124 748
64107 64105 1538
64107 64108 374
64107 64218 1030
64150 64106 445
64150 64108 3388
64150 64148 1023
64123 64122 740
64124 64120 2146
64124 64122 748
64124 64148 2789
64108 64107 374
64108 64150 3388
64108 64217 1448
64218 64107 1030
64148 64124 2789
64148 64149 1560
64148 64150 1023
64120 64119 337
64120 64121 1957
64120 64124 2146
64217 64108 1448
64217 64220 3032
64217 64243 1114
64149 64147 1508
64149 64148 1560
64149 64158 475
64119 64120 337
64121 64120 1957
64121 64125 344
64121 64127 740
64220 64217 3032
64220 64221 1525
64220 64248 955
64243 64217 1114
64243 64244 1823
64243 64245 1083
64147 64125 2116
64147 64149 1508
64147 64151 558
64158 64149 475
64158 64159 1397
64158 64160 1274
64125 64121 344
64125 64126 332
64125 64147 2116
64127 64121 740
64127 64152 1358
64221 64220 1525
64248 64220 955
64248 64249 789
64244 64243 1823
64244 64246 1618
64244 64247 3427
64245 64243 1083
64245 64246 1985
64245 64249 2538
64151 64147 558
64159 64158 1397
64159 64165 1591
64159 64166 1509
64160 64158 1274
64160 64161 2535
64160 64162 554
64126 64125 332
64152 64127 1358
64152 64153 688
64249 64245 2538
64249 64246 1257
64249 64248 789
64246 64244 1618
64246 64245 1985
64246 64249 1257
64247 64244 3427
64165 64159 1591
64165 64166 939
64166 64159 1509
64166 64161 936
64166 64165 939
64161 64160 2535
64161 64166 936
64162 64160 554
64153 64152 688
64153 64157 3433
64157 64153 3433
64157 64170 337
64170 64157 337
64170 64172 437
64170 64183 2742
64172 64170 437
64172 64171 338
64183 64170 2742
64171 64172 338
1
64171
