252
61550 61564 2372
61564 61550 2372
61564 61573 202
61573 61564 202
61573 61567 581
61573 61574 1162
61567 61566 437
61567 61568 796
61567 61573 581
61574 61573 1162
61574 61576 437
61574 61578 202
61566 61565 674
61566 61565 674
61566 61567 437
61568 61567 796
61568 61571 277
61568 61578 477
61576 61574 437
61576 61580 254
61578 61568 477
61578 61574 202
61578 61579 1751
61565 61561 881
61565 61561 881
61565 61566 674
61565 61566 674
61565 117569 1922
61571 61568 277
61571 61569 512
61571 61572 2018
61580 61576 254
61580 61716 1144
61579 61572 752
61579 61578 1751
61579 61716 650
61579 61724 812
61561 61562 1611
61561 61562 1611
61561 61565 881
61561 61565 881
61561 117567 1324
117569 61565 1922
117569 117538 1162
117569 117564 754
61569 61563 3742
61569 61570 1922
61569 61571 512
61572 61570 891
61572 61571 2018
61572 61579 752
61572 61723 1149
61716 61579 650
61716 61580 1144
61724 61579 812
61562 61561 1611
61562 61561 1611
61562 61563 999
61562 61563 999
61562 117571 919
117567 61561 1324
117567 118318 647
117538 117535 740
117538 117537 2754
117538 117569 1162
117564 117563 1162
117564 117569 754
117564 117573 512
61563 61562 999
61563 61562 999
61563 61569 3742
61563 117551 1799
61570 61569 1922
61570 61572 891
61570 61581 3316
61570 61582 1349
61723 61572 1149
117571 61562 919
117571 117556 699
117571 117572 1011
118318 117567 647
118318 118317 834
117535 117536 355
117535 117538 740
117535 118317 168
117537 117525 789
117537 117534 754
117537 117538 2754
117537 117562 909
117563 117562 2680
117563 117564 1162
117563 117565 477
117573 117564 512
117551 61563 1799
117551 117550 1626
61581 61570 3316
61581 61619 1783
61582 61570 1349
117556 117555 789
117556 117570 1214
117556 117571 699
117572 117571 1011
118317 117535 168
118317 118318 834
117536 117534 2537
117536 117535 355
117525 117526 748
117525 117528 1817
117525 117537 789
117525 117561 942
117534 117530 754
117534 117536 2537
117534 117537 754
117562 117537 909
117562 117559 477
117562 117563 2680
117565 117563 477
117550 117513 674
117550 117518 2573
117550 117551 1626
117550 117553 809
61619 61581 1783
61619 61617 942
61619 61618 891
117555 117554 558
117555 117556 789
117555 117568 881
117570 117556 1214
117526 117525 748
117528 117515 1432
117528 117516 611
117528 117525 1817
117528 117529 885
117561 117525 942
117530 117529 356
117530 117531 1221
117530 117534 754
117559 117560 1172
117559 117562 477
117513 117512 2772
117513 117548 554
117513 117549 929
117513 117550 674
117518 117507 254
117518 117517 538
117518 117550 2573
117553 117520 1309
117553 117550 809
117553 117554 374
61617 61595 752
61617 61616 1031
61617 61619 942
61618 61616 955
61618 61619 891
61618 61620 475
117554 117540 607
117554 117553 374
117554 117555 558
117568 117555 881
117515 117514 611
117515 117517 885
117515 117528 1432
117516 117502 748
117516 117514 1432
117516 117528 611
117516 117533 1231
117529 117519 1156
117529 117528 885
117529 117530 356
117531 117530 1221
117531 117539 271
117531 117540 1495
117560 117524 641
117560 117559 1172
117512 117507 538
117512 117508 277
117512 117513 2772
117548 117513 554
117549 117513 929
117549 117542 1630
117549 117552 789
117507 117506 1495
117507 117512 538
117507 117518 254
117517 117515 885
117517 117518 538
117517 117519 277
117520 117519 1278
117520 117553 1309
117520 118460 249
61595 61593 1171
61595 61596 740
61595 61617 752
61616 61593 741
61616 61617 1031
61616 61618 955
61620 61618 475
117540 117531 1495
117540 117554 607
117540 117566 405
117514 117506 754
117514 117515 611
117514 117516 1432
117502 117504 1508
117502 117516 748
117502 117522 1083
117533 117516 1231
117519 117517 277
117519 117520 1278
117519 117529 1156
117539 117531 271
117524 117521 1020
117524 117560 641
117508 117440 1696
117508 117509 169
117508 117512 277
117542 117549 1630
117552 117549 789
117552 117557 1030
117506 117440 712
117506 117503 713
117506 117507 1495
117506 117514 754
118460 117520 249
61593 61594 477
61593 61595 1171
61593 61616 741
61596 61595 740
117566 117540 405
117504 117502 1508
117504 117505 31
117504 118312 855
117522 117502 1083
117521 117273 1416
117521 117523 611
117521 117524 1020
117440 117506 712
117440 117508 1696
117509 117508 169
117509 117510 830
117509 117511 1347
117557 117552 1030
117503 117506 713
61594 61593 477
117505 117504 31
118312 117504 855
117273 117521 1416
117523 117521 611
117510 117509 830
117511 117509 1347
117511 117545 613
117545 117511 613
103
61550
61564
61573
61567
61574
61566
61568
61576
61578
61565
61571
61580
61579
61561
117569
61569
61572
61716
61724
61562
117567
117538
117564
61563
61570
61723
117571
118318
117535
117537
117563
117573
117551
61581
61582
117556
117572
118317
117536
117525
117534
117562
117565
117550
61619
117555
117570
117526
117528
117561
117530
117559
117513
117518
117553
61617
61618
117554
117568
117515
117516
117529
117531
117560
117512
117548
117549
117507
117517
117520
61595
61616
61620
117540
117514
117502
117533
117519
117539
117524
117508
117542
117552
117506
118460
61593
61596
117566
117504
117522
117521
117440
117509
117557
117503
61594
117505
118312
117273
117523
117510
117511
117545
