26
204481 204491 718
204491 204481 718
208119 208118 556
208549 208548 1531
208169 208111 908
208111 208169 908
208117 208118 901
208118 208117 901
208118 208119 556
207794 207796 846
207796 207794 846
207796 207837 684
207837 207796 684
208548 208549 1531
208189 208194 1271
208194 208189 1271
208403 208405 742
208405 208403 742
208467 208481 744
208473 208481 1541
208485 208486 1595
208485 208488 449
208488 208485 449
208481 208467 744
208481 208473 1541
208486 208485 1595
37
204433
204478
204481
204491
208115
208525
208119
208533
208534
208531
208535
208549
208551
208568
208169
208111
208117
208118
207794
207796
207837
207840
207862
208548
208552
208173
208189
208194
208403
208405
208411
208418
208468
208473
208488
208491
208486
