222
200637 200654 1539
200637 201185 834
200654 200637 1539
200654 201187 736
201185 200637 834
201185 201186 2275
201187 200654 736
201187 201186 834
201187 201189 1540
201186 201185 2275
201186 201187 834
201186 201188 946
201189 200655 750
201189 201187 1540
201189 201192 247
201189 201199 665
201188 201186 946
200655 201189 750
200655 201196 1080
201192 201189 247
201192 201193 1144
201192 201205 1568
201199 201189 665
201199 201202 459
201199 201205 1477
201196 200655 1080
201196 201198 78
201196 201201 192
201196 201202 793
201193 201192 1144
201205 201192 1568
201205 201199 1477
201205 201206 599
201202 201196 793
201202 201199 459
201202 201203 194
201198 200659 1843
201198 201196 78
201201 201196 192
201201 201204 3502
201206 201203 1471
201206 201205 599
201206 201207 2723
201203 201202 194
201203 201206 1471
200659 200658 2621
200659 201198 1843
201204 201201 3502
201204 201208 1392
201204 201214 1031
201207 201206 2723
201207 201208 1763
201207 201209 558
201207 201277 2420
200658 200657 2438
200658 200659 2621
200658 214769 1021
201208 201204 1392
201208 201207 1763
201208 201225 641
201214 201204 1031
201214 201215 797
201214 201217 785
201214 201226 1962
201209 201207 558
201277 201207 2420
201277 201275 825
201277 201283 1228
200657 200650 2575
200657 200658 2438
214769 200658 1021
214769 200987 1467
201225 201208 641
201215 201212 816
201215 201214 797
201215 201216 1808
201217 201214 785
201217 201218 1020
201217 201227 2128
201226 201214 1962
201226 201227 860
201226 201275 2320
201275 201226 2320
201275 201277 825
201275 201278 639
201283 201277 1228
201283 201281 1463
201283 201284 745
200650 200657 2575
200987 214769 1467
200987 214770 326
201212 201210 842
201212 201213 1811
201212 201215 816
201216 201213 908
201216 201215 1808
201216 201218 778
201216 201222 1903
201218 201216 778
201218 201217 1020
201218 201231 1905
201218 201232 752
201227 201217 2128
201227 201226 860
201227 201228 836
201227 201278 1741
201278 201227 1741
201278 201275 639
201278 201281 822
201281 201278 822
201281 201279 817
201281 201282 1151
201281 201283 1463
201284 201283 745
201284 201294 469
214770 200987 326
201210 200991 866
201210 201211 1792
201210 201212 842
201213 201211 834
201213 201212 1811
201213 201216 908
201213 201220 1903
201222 201216 1903
201222 201220 908
201222 201224 1717
201222 201231 796
201231 201218 1905
201231 201222 796
201231 201233 810
201231 201234 1717
201232 201218 752
201232 201229 796
201232 201233 1935
201228 201227 836
201228 201229 824
201228 201230 1934
201228 201279 833
201279 201228 833
201279 201280 1953
201279 201281 817
201282 201281 1151
201282 201294 1617
201294 201282 1617
201294 201284 469
201294 201295 385
200991 200992 1857
200991 201210 866
201211 200992 830
201211 201210 1792
201211 201213 834
201211 201219 1809
201220 201213 1903
201220 201219 710
201220 201222 908
201220 201223 1717
201224 201222 1717
201224 201223 908
201224 201234 797
201224 201243 2022
201233 201231 810
201233 201232 1935
201233 201236 801
201234 201224 797
201234 201231 1717
201234 201261 2002
201229 201228 824
201229 201232 796
201229 201236 1916
201230 201228 1934
201230 201236 908
201230 201237 1824
201230 201280 901
201280 201230 901
201280 201279 1953
201295 201294 385
200992 200991 1857
200992 200998 577
200992 200999 1870
200992 201211 830
201219 200999 816
201219 201211 1809
201219 201220 710
201219 201221 1701
201223 201220 1717
201223 201221 778
201223 201224 908
201223 201242 2003
201243 201224 2022
201243 201242 901
201243 201261 785
201243 201262 1127
201236 201229 1916
201236 201230 908
201236 201233 801
201261 201234 2002
201261 201243 785
201261 201263 1130
201237 201230 1824
200998 200992 577
200998 200993 1039
200998 201000 1948
200999 200992 1870
200999 201000 498
200999 201219 816
201221 201219 1701
201221 201223 778
201242 201223 2003
201242 201243 901
201262 201243 1127
201262 201263 709
201262 201265 370
201263 201261 1130
201263 201262 709
201263 201267 1595
200993 200998 1039
201000 200998 1948
201000 200999 498
201265 201262 370
201267 201263 1595
201267 201271 730
201271 201267 730
81
200637
200654
201185
201187
201186
201189
201188
200655
201192
201199
201196
201193
201205
201202
201198
201201
201206
201203
200659
201204
201207
200658
201208
201214
201209
201277
200657
214769
201225
201215
201217
201226
201275
201283
200650
200987
201212
201216
201218
201227
201278
201281
201284
214770
201210
201213
201222
201231
201232
201228
201279
201282
201294
200991
201211
201220
201224
201233
201234
201229
201230
201280
201295
200992
201219
201223
201243
201236
201261
201237
200998
200999
201221
201242
201262
201263
200993
201000
201265
201267
201271
