482
4101 4102 667
4101 4103 587
4101 5541 2007
4102 4101 667
4102 4113 1225
4103 4101 587
5541 4101 2007
5541 5539 983
5541 5542 825
4113 4102 1225
4113 4114 1434
4113 4125 929
5539 4818 2173
5539 5538 818
5539 5541 983
5542 5541 825
5542 5543 1014
5542 5544 680
4114 4113 1434
4114 4115 707
4114 4116 236
4125 4113 929
4125 4124 556
4125 4128 713
4125 4129 923
4818 4108 452
4818 4817 974
4818 5539 2173
4818 5540 782
5538 5537 788
5538 5539 818
5538 5540 2025
5543 5542 1014
5544 4108 846
5544 5542 680
5544 5584 1111
4115 4114 707
4116 4114 236
4116 4117 667
4116 4118 557
4124 4125 556
4124 4126 1006
4124 4127 688
4128 4125 713
4129 4125 923
4129 4126 562
4129 4130 1900
4108 4106 1556
4108 4818 452
4108 5544 846
4817 4818 974
5540 4818 782
5540 5538 2025
5540 5578 672
5540 5585 1677
5537 5536 671
5537 5538 788
5537 5574 847
5537 5577 749
5584 5544 1111
4117 4116 667
4117 4118 402
4117 4121 889
4118 4116 557
4118 4117 402
4118 4131 434
4126 4109 818
4126 4124 1006
4126 4129 562
4127 4124 688
4127 6495 449
4130 4129 1900
4130 4131 473
4130 4133 139
4106 4104 503
4106 4108 1556
4106 4109 333
5578 5540 672
5578 5577 1007
5578 5580 515
5585 5540 1677
5585 5591 782
5585 5596 1546
5536 5535 335
5536 5537 671
5574 5537 847
5574 5573 628
5574 5575 884
5577 5537 749
5577 5576 1670
5577 5578 1007
4121 4117 889
4121 4120 511
4121 4122 373
4121 4132 1531
4131 4118 434
4131 4130 473
4131 4132 168
4109 4106 333
4109 4110 1493
4109 4126 818
6495 4127 449
4133 4110 3638
4133 4130 139
4133 4132 336
4133 4134 222
4104 4105 515
4104 4106 503
4104 4107 511
5580 5578 515
5580 5581 562
5580 5591 1195
5591 5580 1195
5591 5583 238
5591 5585 782
5591 5595 1277
5596 5585 1546
5596 5595 1344
5596 5597 1770
5535 5536 335
5535 260610 370
5573 5574 628
5575 5550 344
5575 5574 884
5575 5576 876
5576 5575 876
5576 5577 1670
5576 5579 688
4120 4119 604
4120 4121 511
4122 4121 373
4122 4123 452
4122 4134 1853
4132 4121 1531
4132 4131 168
4132 4133 336
4132 4134 252
4110 4109 1493
4110 4111 746
4110 4133 3638
4110 4143 868
4134 4122 1853
4134 4132 252
4134 4133 222
4134 4135 1479
4105 4104 515
4107 4104 511
5581 5580 562
5581 5582 782
5581 5583 1179
5583 5581 1179
5583 5588 889
5583 5591 238
5595 5591 1277
5595 5596 1344
5595 5615 1334
5597 5596 1770
260610 5535 370
260610 260609 1311
5550 5547 1504
5550 5575 344
5579 5576 688
4119 4120 604
4123 4122 452
4111 4110 746
4111 4112 353
4143 4110 868
4143 4144 825
4135 4134 1479
4135 4140 1084
4135 4141 736
5582 5581 782
5582 5586 335
5588 5583 889
5588 5586 755
5588 5589 562
5588 5590 1514
5615 4146 587
5615 5595 1334
260609 260603 1114
260609 260608 736
260609 260610 1311
5547 5545 3889
5547 5549 868
5547 5550 1504
4112 4111 353
4112 4146 5143
4144 4136 2548
4144 4143 825
4144 5625 4836
4140 4135 1084
4141 4135 736
4141 4138 1375
4141 4145 1431
5586 5582 335
5586 5587 672
5586 5588 755
5589 5588 562
5590 5588 1514
4146 4112 5143
4146 5610 3713
4146 5615 587
4146 5616 597
260603 260602 671
260603 260604 1253
260603 260609 1114
260603 260611 805
260608 260597 580
260608 260602 1065
260608 260609 736
5545 5124 1675
5545 5547 3889
5545 5548 1425
5549 5547 868
5549 5551 445
5549 5552 950
4136 4137 749
4136 4144 2548
4136 4145 263
5625 4144 4836
5625 4147 1350
5625 5623 333
4138 4139 837
4138 4141 1375
4138 4142 5829
4145 4136 263
4145 4141 1431
5587 5586 672
5610 4146 3713
5610 5611 1444
5616 4146 597
5616 5617 373
5616 5620 1084
260602 260579 750
260602 260601 1343
260602 260603 671
260602 260608 1065
260604 260601 604
260604 260603 1253
260604 260605 736
260604 260606 1022
260611 260603 805
260597 260578 278
260597 260608 580
5124 5122 1004
5124 5545 1675
5124 5546 675
5548 5545 1425
5548 5551 2299
5548 5557 805
5548 5563 983
5551 5548 2299
5551 5549 445
5551 5565 839
5552 5549 950
4137 4136 749
4147 4148 580
4147 4149 536
4147 5625 1350
5623 5619 238
5623 5625 333
4139 4138 837
4139 6398 969
4142 4138 5829
5611 5610 1444
5611 5628 2471
5617 5616 373
5617 5618 937
5617 5619 1532
5620 5616 1084
5620 5621 1711
5620 5624 1972
260579 260575 2665
260579 260602 750
260601 260598 876
260601 260600 1343
260601 260602 1343
260601 260604 604
260605 260604 736
260606 260600 763
260606 260604 1022
260606 260607 1022
260578 260577 2700
260578 260597 278
5122 5123 402
5122 5124 1004
5122 5129 736
5546 5124 675
5546 5553 905
5546 5554 1006
5557 5548 805
5557 5555 336
5563 5548 983
5563 5558 805
5563 5564 1022
5565 5551 839
5565 5566 556
5565 5567 763
4148 4147 580
4149 4147 536
5619 5617 1532
5619 5623 238
5619 5626 2600
6398 4139 969
5628 5485 373
5628 5611 2471
5618 5617 937
5618 5622 1087
5621 5620 1711
5624 5620 1972
5624 5630 3943
260575 260543 825
260575 260577 511
260575 260579 2665
260598 260559 353
260598 260601 876
260600 257181 1777
260600 260599 628
260600 260601 1343
260600 260606 763
260607 257267 418
260607 260606 1022
260577 260575 511
260577 260578 2700
260577 260580 611
5123 5122 402
5129 5122 736
5129 5130 418
5553 5546 905
5554 5546 1006
5554 5560 676
5554 5561 726
5555 5556 511
5555 5557 336
5555 5562 1727
5558 5559 634
5558 5563 805
5558 5598 3248
5564 5563 1022
5564 5568 201
5564 5569 876
5566 5565 556
5567 5565 763
5567 5568 452
5626 5619 2600
5626 5627 336
5626 5635 434
5485 5486 10660
5485 5609 473
5485 5628 373
5485 5629 1120
5622 5618 1087
5630 5624 3943
5630 5629 382
260543 260541 1012
260543 260566 1905
260543 260575 825
260543 260576 2113
260559 260556 736
260559 260558 515
260559 260598 353
257181 257180 949
257181 257184 1932
257181 260563 482
257181 260599 1663
257181 260600 1777
260599 257181 1663
260599 260561 556
260599 260600 628
257267 257180 557
257267 260607 418
260580 260577 611
5130 5129 418
5130 5131 557
5560 5554 676
5560 5556 1207
5560 5562 949
5561 5554 726
5556 5555 511
5556 5560 1207
5556 6403 382
5562 5313 884
5562 5555 1727
5562 5560 949
5559 5558 634
5598 5313 1419
5598 5558 3248
5568 5564 201
5568 5567 452
5568 5570 611
5569 5564 876
5569 5602 2485
5569 5603 2827
5627 5626 336
5635 5626 434
5486 5485 10660
5609 5485 473
5609 5607 987
5629 5485 1120
5629 5630 382
260541 260538 1248
260541 260542 2798
260541 260543 1012
260566 260537 2267
260566 260543 1905
260566 260567 884
260576 260543 2113
260576 260557 1014
260576 260557 1014
260556 260542 924
260556 260553 1678
260556 260557 475
260556 260558 562
260556 260559 736
260558 260554 1204
260558 260556 562
260558 260559 515
260558 260561 818
257180 257181 949
257180 257228 2986
257180 257267 557
257180 257268 949
257184 257178 580
257184 257181 1932
260563 257179 2463
260563 257181 482
260563 260562 193
260561 260558 818
260561 260599 556
5131 5125 201
5131 5130 557
5131 5133 1084
6403 5556 382
5313 5311 2894
5313 5562 884
5313 5598 1419
5570 5568 611
5570 5571 580
5570 5599 1031
5602 5569 2485
5602 5603 550
5603 5569 2827
5603 5602 550
5603 5604 1007
5607 5363 1208
5607 5608 986
5607 5609 987
260538 260537 452
260538 260539 1060
260538 260540 2279
260538 260541 1248
260542 260541 2798
260542 260556 924
260537 260538 452
260537 260566 2267
260567 260566 884
260557 260556 475
260557 260576 1014
260557 260576 1014
260553 260554 805
260553 260556 1678
260554 260553 805
260554 260558 1204
257228 257180 2986
257268 257180 949
257178 257179 823
257178 257184 580
257179 257178 823
257179 260563 2463
260562 260563 193
5125 5131 201
5125 5133 1138
5133 5125 1138
5133 5131 1084
5311 5313 2894
5571 5570 580
5599 5570 1031
5604 5603 1007
5363 5607 1208
5608 5607 986
260539 260538 1060
260540 260538 2279
27
260578
5122
260577
5123
5129
260580
5130
5486
260566
5131
260542
260537
260567
260553
260554
257228
257268
257178
257179
260562
5125
5133
5311
5571
5363
260539
260540
