32
47944 47947 1624
47944 47950 807
47947 47944 1624
47947 47966 807
47950 47944 807
47950 47953 1345
47950 47966 1624
47966 47947 807
47966 47950 1624
47966 47968 711
47953 47950 1345
47953 47952 789
47968 47966 711
47968 47969 789
47968 47974 2564
47952 47951 940
47952 47953 789
47952 47954 789
47969 47968 789
47974 47968 2564
47974 47973 747
47951 47952 940
47954 47952 789
47954 47955 1029
47973 47974 747
47955 47954 1029
47955 47958 465
47955 47960 932
47958 47955 465
47958 47981 374
47960 47955 932
47981 47958 374
16
47944
47947
47950
47966
47953
47968
47952
47969
47974
47951
47954
47973
47955
47958
47960
47981
