610
194677 194678 93
194677 195258 6671
194677 195259 6643
194677 195264 6793
194677 195283 1767
194677 195284 837
194677 195289 821
194678 194677 93
194678 195285 76
194678 195289 851
194678 214773 7039
195258 194677 6671
195258 195247 421
195259 194677 6643
195259 195247 440
195264 194677 6793
195264 195247 316
195283 194677 1767
195283 195279 706
195283 195284 1501
195284 194677 837
195284 195283 1501
195284 195287 683
195284 199934 246
195289 194677 821
195289 194678 851
195289 195292 215
195289 199934 183
195285 194678 76
195285 195286 839
195285 195293 1212
195285 214680 7295
214773 194678 7039
214773 195255 966
195247 195246 1456
195247 195257 46
195247 195258 421
195247 195259 440
195247 195264 316
195279 195277 2488
195279 195281 748
195279 195283 706
195287 195281 2013
195287 195284 683
195287 195722 915
195287 198497 99
199934 195284 246
199934 195289 183
199934 195292 46
199934 198497 506
195292 195289 215
195292 195293 154
195292 195294 461
195292 199934 46
195286 195285 839
195286 195295 797
195286 195302 1056
195293 195285 1212
195293 195292 154
195293 195302 1354
195293 195726 1165
214680 195256 717
214680 195285 7295
195255 195244 356
195255 195254 72
195255 195256 93
195255 195257 954
195255 214773 966
195246 195243 454
195246 195247 1456
195257 195244 780
195257 195247 46
195257 195255 954
195277 195275 1142
195277 195279 2488
195277 195280 405
195281 195279 748
195281 195280 2215
195281 195287 2013
195281 195288 274
195722 195287 915
195722 195715 1647
195722 195723 867
195722 198501 651
198497 195287 99
198497 195294 69
198497 198501 309
198497 199934 506
195294 195292 461
195294 195726 806
195294 195727 944
195294 198497 69
195294 198501 339
195295 195286 797
195295 195296 874
195295 195297 1179
195302 195286 1056
195302 195293 1354
195302 195297 853
195302 195303 925
195726 195293 1165
195726 195294 806
195726 195303 2140
195726 195736 859
195256 195124 2755
195256 195255 93
195256 214680 717
195244 195241 2121
195244 195242 753
195244 195255 356
195244 195257 780
195254 195253 687
195254 195255 72
195254 214755 715
195243 195241 755
195243 195245 2099
195243 195246 454
195275 195231 753
195275 195233 790
195275 195277 1142
195275 195278 939
195280 195277 405
195280 195281 2215
195280 195282 862
195288 195281 274
195715 195282 2014
195715 195717 665
195715 195722 1647
195723 195717 1101
195723 195722 867
195723 195730 874
195723 198889 112
198501 195294 339
198501 195722 651
198501 195727 610
198501 198497 309
195727 195294 944
195727 195728 455
195727 198501 610
195727 198889 876
195296 195295 874
195296 214455 1432
195296 214992 3080
195297 195295 1179
195297 195302 853
195297 195304 986
195303 195302 925
195303 195304 810
195303 195305 692
195303 195726 2140
195736 195726 859
195736 195728 267
195736 195729 138
195736 195735 982
195736 195737 838
195736 195758 1229
195124 195119 733
195124 195256 2755
195124 195260 770
195241 195066 773
195241 195238 2021
195241 195243 755
195241 195244 2121
195242 195066 2316
195242 195244 753
195242 195253 271
195242 214776 73
195253 195242 271
195253 195254 687
195253 214775 851
214755 195252 13
214755 195254 715
214755 214772 107
195245 195239 208
195245 195243 2099
195231 195223 1701
195231 195224 684
195231 195275 753
195233 195230 914
195233 195275 790
195233 195276 1692
195278 195275 939
195278 195282 1428
195278 195712 934
195282 195278 1428
195282 195280 862
195282 195714 777
195282 195715 2014
195717 195714 1996
195717 195715 665
195717 195720 857
195717 195723 1101
195730 195720 677
195730 195723 874
195730 195746 210
195730 198890 97
198889 195723 112
198889 195727 876
198889 195734 41
198889 198890 874
195728 195727 455
195728 195729 294
195728 195736 267
214455 195273 3461
214455 195296 1432
214992 195296 3080
195304 195297 986
195304 195303 810
195304 195306 779
195305 195303 692
195305 195306 786
195305 195758 1671
195305 195760 880
195729 195728 294
195729 195734 114
195729 195736 138
195735 195731 143
195735 195733 908
195735 195736 982
195735 195737 512
195737 195735 512
195737 195736 838
195737 195738 756
195737 195739 1668
195758 195305 1671
195758 195736 1229
195758 195759 608
195119 195116 1419
195119 195124 733
195260 195124 770
195260 195261 621
195260 195262 80
195260 195263 1352
195066 195064 846
195066 195236 2011
195066 195241 773
195066 195242 2316
195238 195152 2134
195238 195236 846
195238 195239 674
195238 195241 2021
214776 195065 714
214776 195242 73
214775 195065 461
214775 195253 851
214775 214771 253
214775 214774 758
195252 195116 1033
195252 214755 13
214772 214755 107
214772 214771 854
195239 195237 2039
195239 195238 674
195239 195245 208
195223 195222 802
195223 195225 2160
195223 195230 846
195223 195231 1701
195224 195219 784
195224 195222 1812
195224 195231 684
195230 195223 846
195230 195228 1010
195230 195233 914
195230 195234 2327
195276 195233 1692
195276 195615 796
195276 195712 769
195712 195276 769
195712 195278 934
195712 195713 687
195714 195282 777
195714 195716 833
195714 195717 1996
195720 195716 1666
195720 195717 857
195720 195730 677
195746 195730 210
195746 195744 2453
195746 195749 231
195746 214873 680
198890 195730 97
198890 195731 17
198890 195749 30
198890 198889 874
195734 195729 114
195734 195731 881
195734 198889 41
195273 195263 4952
195273 195300 116
195273 195383 625
195273 214455 3461
195306 195304 779
195306 195305 786
195306 195307 709
195760 195305 880
195760 195307 860
195760 195759 1406
195731 195732 914
195731 195734 881
195731 195735 143
195731 195749 38
195731 198890 17
195733 195732 147
195733 195735 908
195733 195738 974
195733 195752 981
195738 195459 856
195738 195733 974
195738 195737 756
195738 195740 1556
195739 195737 1668
195739 195740 838
195739 195759 198
195739 195761 942
195759 195739 198
195759 195758 608
195759 195760 1406
195116 195115 846
195116 195119 1419
195116 195252 1033
195261 195260 621
195261 214808 290
195262 194735 1421
195262 195260 80
195262 214808 925
195262 214906 67
195263 194735 80
195263 195260 1352
195263 195273 4952
195064 195060 686
195064 195062 2025
195064 195065 2233
195064 195066 846
195236 195062 755
195236 195066 2011
195236 195235 2024
195236 195238 846
195152 195076 2026
195152 195235 839
195152 195237 755
195152 195238 2134
195065 195063 663
195065 195064 2233
195065 214775 461
195065 214776 714
214771 195114 142
214771 214772 854
214771 214775 253
214771 214812 833
214774 195063 506
214774 214775 758
214774 214813 560
195237 195152 755
195237 195153 2029
195237 195239 2039
195237 195240 426
195222 195215 1805
195222 195223 802
195222 195224 1812
195225 195215 845
195225 195216 578
195225 195223 2160
195225 195610 846
195219 195208 774
195219 195218 3149
195219 195224 784
195228 195227 590
195228 195230 1010
195228 195232 2318
195234 195230 2327
195234 195232 787
195234 195615 772
195234 195616 510
195615 195234 772
195615 195276 796
195615 195713 683
195615 195718 683
195713 195615 683
195713 195712 687
195713 195719 683
195716 195714 833
195716 195720 1666
195716 195721 699
195744 195106 1544
195744 195721 487
195744 195746 2453
195744 214873 1981
195749 195731 38
195749 195746 231
195749 198890 30
214873 195744 1981
214873 195746 680
214873 214473 1069
195300 195273 116
195300 195301 93
195300 195382 963
195300 214907 4863
195383 195273 625
195383 195392 4914
195307 195306 709
195307 195760 860
195732 195731 914
195732 195733 147
195732 195751 942
195732 197303 1082
195752 195459 1449
195752 195724 882
195752 195725 765
195752 195733 981
195752 195751 74
195459 195458 748
195459 195461 1558
195459 195738 856
195459 195752 1449
195740 195461 766
195740 195738 1556
195740 195739 838
195740 195761 554
195761 195739 942
195761 195740 554
195761 195762 946
195115 195114 760
195115 195116 846
214808 195118 406
214808 195261 290
214808 195262 925
214808 214905 1552
194735 194734 79
194735 195262 1421
194735 195263 80
214906 194734 1491
214906 195118 1339
214906 195262 67
214906 195265 269
195060 195055 681
195060 195056 2115
195060 195063 2267
195060 195064 686
195062 195056 709
195062 195058 2129
195062 195064 2025
195062 195236 755
195235 195058 796
195235 195151 1683
195235 195152 839
195235 195236 2024
195076 195077 417
195076 195145 788
195076 195149 202
195076 195151 908
195076 195152 2026
195076 195153 774
195063 195060 2267
195063 195061 777
195063 195065 663
195063 214774 506
195114 195115 760
195114 214771 142
214812 195104 402
214812 214771 833
214813 214774 560
214813 214814 847
195153 195076 774
195153 195169 184
195153 195172 845
195153 195237 2029
195240 195237 426
195240 195248 379
195215 195211 1047
195215 195217 797
195215 195218 867
195215 195222 1805
195215 195225 845
195216 195211 751
195216 195214 2720
195216 195225 578
195216 195226 735
195610 195225 846
195610 195226 148
195610 195227 786
195610 195607 857
195208 195204 755
195208 195206 2825
195208 195219 774
195218 195206 796
195218 195215 867
195218 195217 445
195218 195219 3149
195227 195228 590
195227 195229 802
195227 195610 786
195232 195228 2318
195232 195234 787
195232 195612 787
195616 195234 510
195616 195614 2247
195616 195617 278
195718 195615 683
195718 195719 683
195718 195741 337
195719 195105 446
195719 195713 683
195719 195718 683
195721 195716 699
195721 195744 487
195106 195105 490
195106 195743 723
195106 195744 1544
195106 195745 1008
214473 195748 913
214473 214873 1069
214473 214997 1447
195301 194734 4839
195301 195300 93
195301 195379 1064
195301 195380 3998
195382 195300 963
195382 195389 679
214907 195300 4863
195392 195383 4914
195392 195394 1085
195392 196126 67
195751 195732 942
195751 195752 74
195751 197303 148
197303 195732 1082
197303 195751 148
195724 195725 439
195724 195752 882
195725 195458 1449
195725 195724 439
195725 195752 765
195458 195459 748
195458 195725 1449
195461 195459 1558
195461 195740 766
195461 195762 989
195762 195461 989
195762 195761 946
195118 214808 406
195118 214906 1339
214905 214808 1552
194734 194735 79
194734 195301 4839
194734 214906 1491
195265 214906 269
195055 195060 681
195055 195061 2244
195056 195060 2115
195056 195062 709
195058 195062 2129
195058 195235 796
195151 195076 908
195151 195145 425
195151 195235 1683
195077 195076 417
195077 195149 367
195077 195169 411
195145 195076 788
195145 195151 425
195149 195076 202
195149 195077 367
195061 195055 2244
195061 195063 777
195104 214812 402
214814 214813 847
195169 195077 411
195169 195153 184
195172 195153 845
195172 195248 2040
195248 195172 2040
195248 195240 379
195211 195215 1047
195211 195216 751
195217 195215 797
195217 195218 445
195214 195216 2720
195226 195216 735
195226 195607 852
195226 195610 148
195607 195226 852
195607 195229 1039
195607 195610 857
195204 195208 755
195206 195208 2825
195206 195218 796
195229 195227 802
195229 195607 1039
195229 195612 1142
195612 195229 1142
195612 195232 787
195614 195616 2247
195617 195616 278
195617 195741 449
195741 195617 449
195741 195718 337
195105 195106 490
195105 195719 446
195743 195106 723
195745 195106 1008
195745 195748 2262
195748 195745 2262
195748 214473 913
214997 214473 1447
195379 195301 1064
195380 195301 3998
195389 195382 679
195394 195392 1085
196126 195392 67
44
195392
197303
195724
195725
195458
195461
195762
195118
214905
194734
195265
195055
195056
195058
195151
195077
195145
195149
195061
195104
214814
195169
195172
195248
195211
195217
195214
195226
195607
195204
195206
195229
195612
195614
195617
195741
195743
195745
195748
195379
195380
195389
195394
196126
