326
2084 2090 1298
2084 2232 937
2084 2238 881
2090 2084 1298
2090 2089 1611
2232 2084 937
2232 2174 675
2232 2233 847
2238 2084 881
2089 2088 672
2089 2090 1611
2089 2091 846
2174 2173 2773
2174 2232 675
2174 2234 1375
2233 2232 847
2088 2087 562
2088 2089 672
2091 2089 846
2091 2132 515
2173 2164 1248
2173 2171 556
2173 2174 2773
2234 2174 1375
2087 2088 562
2087 2131 1597
2132 2091 515
2164 2165 2263
2164 2173 1248
2164 2175 672
2171 2172 2279
2171 2173 556
2131 2087 1597
2165 2164 2263
2175 2164 672
2175 2176 344
2172 2171 2279
2176 2175 344
2176 2177 3277
2176 2178 893
2177 2176 3277
2178 2176 893
2178 2179 2266
2178 2180 222
2178 6372 1722
2179 2178 2266
2180 2178 222
2180 2181 333
2180 2236 2602
6372 2178 1722
2181 2180 333
2181 2182 445
2236 2180 2602
2182 2181 445
2182 2183 671
2182 2184 1030
2183 2182 671
2183 2195 1677
2183 2197 1225
2184 2182 1030
2184 2185 222
2184 2186 680
2184 2186 680
2195 2183 1677
2195 2192 763
2197 2183 1225
2197 2187 838
2197 2194 1513
2197 2202 905
2185 2184 222
2185 2187 1830
2185 2188 1786
2186 2184 680
2186 2184 680
2186 2235 1060
2192 2193 597
2192 2195 763
2187 2185 1830
2187 2197 838
2187 2205 550
2194 2189 419
2194 2191 2796
2194 2197 1513
2202 2197 905
2202 2203 946
2202 2204 1160
2188 2185 1786
2188 2206 445
2235 2186 1060
2235 2237 1464
2235 2251 3063
2193 2192 597
2205 2187 550
2205 2206 536
2189 2190 838
2189 2194 419
2189 2196 974
2191 2190 2700
2191 2194 2796
2191 2199 1188
2203 2202 946
2204 2202 1160
2204 2207 603
2204 2208 1222
2206 2188 445
2206 2205 536
2206 2248 918
2237 2235 1464
2237 2251 2153
2251 2235 3063
2251 2237 2153
2251 2259 475
2190 2189 838
2190 2191 2700
2190 6384 925
2196 2189 974
2199 2191 1188
2199 2198 1545
2199 2200 3041
2207 2204 603
2207 2209 1830
2207 2210 628
2208 2204 1222
2208 2211 929
2208 2212 884
2248 2206 918
2248 2249 891
2248 2773 1301
2259 2251 475
2259 2253 1424
2259 2261 1413
6384 2190 925
2198 2199 1545
2198 2201 1242
2198 2212 1007
2198 6505 984
2200 2199 3041
2209 2207 1830
2209 2212 1060
2210 2207 628
2210 2252 2039
2210 2254 3418
2211 2208 929
2212 2198 1007
2212 2208 884
2212 2209 1060
2249 2248 891
2249 2250 1014
2773 2248 1301
2253 2252 688
2253 2259 1424
2261 2259 1413
2261 2260 787
2261 2262 688
2201 2198 1242
6505 2198 984
2252 2210 2039
2252 2253 688
2252 2255 1565
2254 2210 3418
2250 2249 1014
2260 2261 787
2260 2279 1593
2262 2261 688
2255 2252 1565
2255 2256 782
2255 2263 1263
2279 2260 1593
2279 2280 1336
2256 2255 782
2256 2257 1430
2256 2258 1084
2263 2255 1263
2263 2264 2517
2263 2282 2322
2280 2279 1336
2280 2282 2011
2280 2283 893
2257 2256 1430
2257 2265 333
2258 2256 1084
2258 2303 1014
2258 2304 2025
2264 2263 2517
2264 2284 1111
2264 2287 1673
2282 2263 2322
2282 2280 2011
2282 2283 1774
2283 2280 893
2283 2282 1774
2283 2286 353
2283 2287 333
2265 2257 333
2303 2258 1014
2303 2301 1225
2303 2305 3020
2304 2258 2025
2284 2264 1111
2284 2285 2000
2284 2290 1090
2287 2264 1673
2287 2283 333
2287 2286 402
2287 2289 1667
2286 2283 353
2286 2287 402
2286 2288 1786
2286 2295 1077
2301 2302 3036
2301 2303 1225
2301 2306 672
2301 2307 1710
2305 2303 3020
2285 2284 2000
2285 2313 2444
2285 2318 452
2290 2284 1090
2290 2291 2690
2290 2292 335
2289 2287 1667
2289 2292 452
2288 2286 1786
2295 2281 1575
2295 2286 1077
2295 2300 1906
2302 2301 3036
2306 2301 672
2306 2308 54
2307 2301 1710
2313 2285 2444
2318 2285 452
2318 2291 353
2318 2319 1635
2291 2290 2690
2291 2318 353
2291 2321 846
2292 2289 452
2292 2290 335
2292 2293 1336
2281 2294 1872
2281 2295 1575
2281 2296 515
2300 2295 1906
2308 2306 54
2308 2309 642
2308 4099 548
2319 2318 1635
2321 2291 846
2321 2320 550
2293 2292 1336
2293 2320 893
2293 2323 2612
2294 2281 1872
2296 2281 515
2296 2297 553
2309 2308 642
2309 2310 1719
2309 2311 4022
4099 2308 548
4099 4100 2950
4099 6360 1424
2320 2293 893
2320 2321 550
2320 2322 1344
2323 2293 2612
2323 2322 929
2297 2296 553
2297 6385 914
2310 2216 867
2310 2309 1719
2310 2312 3576
2311 2309 4022
4100 4099 2950
6360 4099 1424
2322 2320 1344
2322 2323 929
6385 2297 914
2216 2213 846
2216 2217 3030
2216 2310 867
2312 2310 3576
2312 2315 1127
2312 2316 1248
2213 2214 1263
2213 2215 3151
2213 2216 846
2217 2216 3030
2315 2312 1127
2316 2312 1248
2316 2317 536
2316 6506 558
2214 2213 1263
2215 2213 3151
2215 2218 1654
2215 2224 1874
2317 2316 536
6506 2316 558
2218 2215 1654
2218 2219 707
2218 2220 1466
2224 2215 1874
2224 2229 949
2224 2231 353
2219 2218 707
2220 2218 1466
2229 2224 949
2229 2228 201
2229 2230 926
2231 2224 353
2228 2225 434
2228 2227 475
2228 2229 201
2230 2229 926
2225 2226 1792
2225 2227 333
2225 2228 434
2227 2221 1084
2227 2225 333
2227 2228 475
2226 2225 1792
2221 2222 1479
2221 2223 1160
2221 2227 1084
2222 2221 1479
2223 2221 1160
147
2084
2090
2232
2238
2089
2174
2233
2088
2091
2173
2234
2087
2132
2164
2171
2131
2165
2175
2172
2176
2177
2178
2179
2180
6372
2181
2236
2182
2183
2184
2195
2197
2185
2186
2192
2187
2194
2202
2188
2235
2193
2205
2189
2191
2203
2204
2206
2237
2251
2190
2196
2199
2207
2208
2248
2259
6384
2198
2200
2209
2210
2211
2212
2249
2773
2253
2261
2201
6505
2252
2254
2250
2260
2262
2255
2279
2256
2263
2280
2257
2258
2264
2282
2283
2265
2303
2304
2284
2287
2286
2301
2305
2285
2290
2289
2288
2295
2302
2306
2307
2313
2318
2291
2292
2281
2300
2308
2319
2321
2293
2294
2296
2309
4099
2320
2323
2297
2310
2311
4100
6360
2322
6385
2216
2312
2213
2217
2315
2316
2214
2215
2317
6506
2218
2224
2219
2220
2229
2231
2228
2230
2225
2227
2226
2221
2222
2223
