380
251672 251673 796
251672 251677 628
251672 251678 1139
251673 251672 796
251677 251672 628
251678 251672 1139
251678 251679 1032
251678 251985 336
251679 251678 1032
251679 251692 868
251985 251678 336
251985 251986 580
251692 251679 868
251692 251693 1565
251986 251985 580
251693 251692 1565
251693 251696 924
251696 251693 924
251696 252003 688
251696 252004 1032
252003 251696 688
252003 252002 610
252004 251696 1032
252004 251697 1111
252004 252196 707
252002 252001 1532
252002 252003 610
252002 252005 827
251697 251879 982
251697 252004 1111
252196 252004 707
252196 252197 1257
252001 251991 511
252001 252002 1532
252005 252002 827
252005 252006 713
252005 252007 1225
251879 251697 982
251879 251880 1533
251879 251883 1150
252197 252007 903
252197 252196 1257
251991 252001 511
252006 252005 713
252006 252008 1663
252006 252010 1585
252007 252005 1225
252007 252197 903
252007 252198 1292
251880 251879 1533
251883 251879 1150
251883 251882 475
251883 251885 1376
252008 252006 1663
252008 252016 275
252008 252198 805
252010 252006 1585
252010 252009 1483
252198 252007 1292
252198 252008 805
251882 251883 475
251885 251883 1376
251885 251888 2429
252016 252008 275
252016 252013 951
252009 252010 1483
252009 252011 551
252009 252038 3000
251888 251885 2429
251888 251889 872
252013 252011 826
252013 252014 475
252013 252015 1979
252013 252016 951
252011 252009 551
252011 252012 1873
252011 252013 826
252038 251999 1014
252038 252009 3000
252038 252012 1811
251889 251888 872
251889 251897 747
252014 252013 475
252015 252012 788
252015 252013 1979
252015 252018 1611
252012 252011 1873
252012 252015 788
252012 252038 1811
251999 252000 399
251999 252021 893
251999 252038 1014
251897 251889 747
251897 251898 1253
251897 251899 1862
252018 252015 1611
252018 252017 672
252018 252041 610
252018 252210 930
252000 251999 399
252021 251999 893
252021 252019 795
252021 252039 1032
251898 251897 1253
251898 251900 452
251898 251902 2192
251898 251906 872
251899 251897 1862
252017 252018 672
252017 252041 354
252017 252042 589
252017 252044 2467
252041 252017 354
252041 252018 610
252041 252246 1927
252210 252018 930
252210 252208 1719
252210 252211 788
252019 252020 1256
252019 252021 795
252039 252021 1032
252039 252033 1808
252039 252040 847
251900 251898 452
251900 251901 681
251902 251898 2192
251902 251903 1223
251902 251907 3016
251906 251898 872
252042 252017 589
252042 252040 847
252042 252043 2370
252044 252017 2467
252044 252043 681
252044 252046 1919
252044 252049 682
252246 252041 1927
252246 252211 354
252246 252247 712
252208 252204 788
252208 252209 1161
252208 252210 1719
252211 252204 1719
252211 252210 788
252211 252246 354
252020 252019 1256
252033 252032 672
252033 252034 847
252033 252039 1808
252040 252034 2027
252040 252039 847
252040 252042 847
251901 251900 681
251903 251902 1223
251903 251907 2762
251907 251902 3016
251907 251903 2762
251907 251908 1492
252043 252034 788
252043 252042 2370
252043 252044 681
252043 252045 1796
252046 252044 1919
252046 252045 628
252046 252050 688
252049 252044 682
252049 252248 1897
252049 252249 336
252247 252246 712
252247 252255 53
252247 264006 188
252204 252205 1292
252204 252208 788
252204 252211 1719
252204 252216 604
252209 252208 1161
252032 252025 1004
252032 252033 672
252034 252033 847
252034 252037 1906
252034 252040 2027
252034 252043 788
251908 251907 1492
252045 252037 764
252045 252043 1796
252045 252046 628
252050 252035 680
252050 252046 688
252050 252051 354
252050 252052 2126
252248 252049 1897
252249 252049 336
252255 252217 210
252255 252247 53
264006 252247 188
264006 264007 682
252205 252204 1292
252216 252204 604
252216 252206 610
252216 252217 1576
252025 252024 1532
252025 252032 1004
252025 252037 826
252037 252025 826
252037 252034 1906
252037 252045 764
252035 252050 680
252051 252050 354
252051 252053 434
252052 252047 764
252052 252050 2126
252052 252143 905
252052 252145 764
252217 252216 1576
252217 252255 210
264007 264006 682
252206 252207 884
252206 252216 610
252024 252025 1532
252053 252051 434
252053 252251 209
252047 252048 1796
252047 252052 764
252047 252131 681
252047 252136 688
252143 252052 905
252143 252136 826
252143 252140 1767
252143 252144 847
252145 252052 764
252145 252146 1576
252145 252147 1062
252207 252206 884
252251 252053 209
252048 252047 1796
252131 252047 681
252131 252078 1466
252131 252133 688
252136 252047 688
252136 252133 681
252136 252143 826
252140 252135 1032
252140 252143 1767
252140 252148 788
252144 252143 847
252144 252148 1901
252144 252149 788
252146 252145 1576
252147 252145 1062
252147 252149 848
252147 252348 373
252078 252036 796
252078 252077 2043
252078 252130 796
252078 252131 1466
252133 252130 1445
252133 252131 688
252133 252135 1897
252133 252136 681
252135 252133 1897
252135 252140 1032
252148 252140 788
252148 252142 2440
252148 252144 1901
252148 252151 628
252149 252144 788
252149 252147 848
252149 252152 1220
252348 252147 373
252036 251983 1877
252036 252030 796
252036 252078 796
252036 252134 434
252077 251983 847
252077 252076 713
252077 252078 2043
252130 252078 796
252130 252079 937
252130 252133 1445
252142 252148 2440
252142 252150 809
252151 252148 628
252151 252152 747
252151 252154 475
252152 252149 1220
252152 252151 747
252152 252153 598
251983 251981 610
251983 252036 1877
251983 252077 847
252030 252028 1630
252030 252029 688
252030 252036 796
252134 252036 434
252076 252074 336
252076 252075 713
252076 252077 713
252076 252079 1208
252079 252076 1208
252079 252130 937
252150 252142 809
252150 252155 927
252150 252178 1609
252154 252151 475
252154 252155 1809
252154 252156 551
252153 252152 598
251981 251983 610
251981 252028 279
252028 251981 279
252028 252027 747
252028 252030 1630
252029 252027 1466
252029 252030 688
252074 252070 562
252074 252075 672
252074 252076 336
252075 252074 672
252075 252076 713
252155 252150 927
252155 252154 1809
252155 252157 750
252178 252150 1609
252178 252157 2486
252178 252182 448
252156 252154 551
252156 252157 1830
252156 252349 848
252156 252353 765
252027 252028 747
252027 252029 1466
252070 251976 1004
252070 252069 708
252070 252074 562
252157 252155 750
252157 252156 1830
252157 252178 2486
252182 252178 448
252182 252379 2503
252349 252156 848
252349 252350 1398
252349 252354 681
252353 252156 765
252353 252354 818
252353 252356 275
251976 251973 1222
251976 252070 1004
252069 251975 826
252069 252070 708
252379 252182 2503
252379 252382 496
252350 252349 1398
252354 252349 681
252354 252351 688
252354 252353 818
252354 252355 1795
252356 252353 275
252356 252358 1906
251973 251960 818
251973 251975 847
251973 251976 1222
251975 251973 847
251975 252056 1425
251975 252069 826
252382 252379 496
252351 252352 475
252351 252354 688
252351 252359 1712
252355 252354 1795
252355 252359 672
252358 252356 1906
251960 251973 818
252056 251975 1425
252056 252057 1906
252352 252351 475
252359 252351 1712
252359 252355 672
252359 252362 475
252057 252056 1906
252362 252359 475
156
251672
251673
251677
251678
251679
251985
251692
251986
251693
251696
252003
252004
252002
251697
252196
252001
252005
251879
252197
251991
252006
252007
251880
251883
252008
252010
252198
251882
251885
252016
252009
251888
252013
252011
252038
251889
252014
252015
252012
251999
251897
252018
252000
252021
251898
251899
252017
252041
252210
252019
252039
251900
251902
251906
252042
252044
252246
252208
252211
252020
252033
252040
251901
251903
251907
252043
252046
252049
252247
252204
252209
252032
252034
251908
252045
252050
252248
252249
252255
264006
252205
252216
252025
252037
252035
252051
252052
252217
264007
252206
252024
252053
252047
252143
252145
252207
252251
252048
252131
252136
252140
252144
252146
252147
252078
252133
252135
252148
252149
252348
252036
252077
252130
252142
252151
252152
251983
252030
252134
252076
252079
252150
252154
252153
251981
252028
252029
252074
252075
252155
252178
252156
252027
252070
252157
252182
252349
252353
251976
252069
252379
252350
252354
252356
251973
251975
252382
252351
252355
252358
251960
252056
252352
252359
252057
252362
