24
145833 146010 780
146010 145833 780
146040 146042 810
151422 146079 809
151443 151444 844
151444 151443 844
151444 151506 962
151506 151444 962
146079 151422 809
146042 146040 810
151387 203706 1595
203706 151387 1595
203706 203705 523
151401 151397 756
151397 151401 756
203705 203706 523
204472 204476 691
204476 204472 691
204502 204650 2128
204650 204502 2128
204655 204676 1179
204676 204655 1179
203717 203762 261
203762 203717 261
37
145442
145451
145456
145468
145830
145833
146010
146013
146022
146037
146040
151422
151442
151447
151443
151448
151444
151459
151396
151506
146042
151387
151400
151401
151397
151403
203705
204043
204472
204476
204502
204650
204655
204676
203709
203717
203711
