104
21851 21864 1761
21864 21851 1761
21864 22091 667
22091 21864 667
22091 22090 1737
22091 22093 504
22090 22091 1737
22090 22092 1630
22093 22091 504
22092 22090 1630
22092 22094 893
22092 22096 504
22094 22092 893
22094 22095 893
22094 22110 923
22096 22092 504
22096 22108 74
22095 22094 893
22095 22098 840
22095 22102 778
22095 22118 1097
22110 22094 923
22108 22096 74
22108 22107 1441
22098 22073 2002
22098 22095 840
22098 22097 840
22098 22097 840
22102 22095 778
22102 22103 889
22102 22116 1175
22118 22095 1097
22118 22119 246
22118 35110 400
22107 22106 222
22107 22108 1441
22107 22109 2002
22073 22098 2002
22073 22100 516
22097 22098 840
22097 22098 840
22103 22100 475
22103 22102 889
22103 22104 516
22116 22102 1175
22116 22117 889
22116 22119 796
22119 22109 598
22119 22116 796
22119 22118 246
35110 22118 400
22106 22107 222
22109 22107 2002
22109 22119 598
22109 22120 1556
22100 22073 516
22100 22101 1897
22100 22103 475
22104 22103 516
22104 22105 2016
22104 22117 681
22117 22104 681
22117 22116 889
22117 22120 756
22117 22121 2126
22120 22109 1556
22120 22117 756
22120 22122 840
22120 22123 2111
22101 22100 1897
22101 22105 504
22105 22101 504
22105 22104 2016
22105 22121 672
22121 22105 672
22121 22117 2126
22121 22123 1008
22122 22120 840
22122 22125 2223
22123 22120 2111
22123 22121 1008
22123 22125 847
22123 22137 889
22125 22122 2223
22125 22123 847
22125 22127 681
22137 22123 889
22137 22138 1259
22137 22141 782
22137 22498 2270
22127 22125 681
22138 22137 1259
22141 22137 782
22141 22142 1343
22141 22151 667
22141 22499 2194
22498 22137 2270
22498 22499 667
22142 22141 1343
22151 22141 667
22151 22152 1515
22499 22141 2194
22499 22498 667
22152 22151 1515
42
21851
21864
22091
22090
22093
22092
22094
22096
22095
22110
22108
22098
22102
22118
22107
22073
22097
22103
22116
22119
35110
22106
22109
22100
22104
22117
22120
22101
22105
22121
22122
22123
22125
22137
22127
22138
22141
22498
22142
22151
22499
22152
