26
140593 140613 819
140613 140593 819
140918 140923 461
140923 140918 461
140978 140984 1243
140984 140977 479
140984 140978 1243
140977 140984 479
140977 140986 1310
140986 140977 1310
140986 141198 1325
140986 145123 1023
145123 140986 1023
145123 141198 368
141198 140986 1325
141198 145123 368
189716 189714 785
189714 189716 785
186540 186538 861
186538 186540 861
186198 186196 568
186565 186558 720
186196 186198 568
186558 186565 720
186715 186719 221
186719 186715 221
37
195415
195387
141262
141267
141278
141284
140876
140593
140613
140615
140906
140911
140923
140958
140978
140984
140977
140986
141198
186293
189716
186537
189714
186540
186538
186546
186198
186565
186587
186556
186558
186687
186698
186703
186715
186719
186724
