50
107265 107266 983
107265 107266 983
107265 107410 515
107266 107265 983
107266 107265 983
107266 109553 1559
107410 107265 515
107410 107403 1425
107410 107411 1398
109553 107266 1559
107403 107395 1947
107403 107404 675
107403 107410 1425
107411 107410 1398
107411 107412 1292
107411 107413 945
107395 107393 1483
107395 107396 516
107395 107403 1947
107404 107403 675
107404 107405 649
107404 107406 389
107404 107409 475
107412 107411 1292
107413 107411 945
107413 107414 1820
107393 107394 888
107393 107395 1483
107396 107395 516
107396 107397 473
107396 107398 557
107405 107404 649
107406 107404 389
107406 107407 68
107406 107408 215
107409 107404 475
107414 107413 1820
107394 107393 888
107397 107396 473
107398 107396 557
107398 107399 746
107398 107402 604
107407 107406 68
107408 107406 215
107399 107398 746
107399 107400 975
107399 107401 1114
107402 107398 604
107400 107399 975
107401 107399 1114
2
107393
107394
