434
6542 6543 2999
6542 6612 318
6542 6910 1067
6542 34079 1274
6543 6542 2999
6543 32026 3464
6612 6542 318
6612 19030 373
6612 34977 575
6910 6542 1067
6910 6909 443
6910 32076 1883
34079 6542 1274
34079 6913 420
32026 6543 3464
32026 32014 2758
32026 32027 1368
32026 32031 3915
19030 6611 3169
19030 6612 373
34977 6612 575
6909 6899 542
6909 6910 443
32076 6910 1883
32076 32077 1530
32076 32079 360
6913 6912 4631
6913 34079 420
32014 32015 2093
32014 32026 2758
32027 32026 1368
32027 32028 2544
32027 32030 2310
32031 32026 3915
32031 32032 1310
32031 34267 1770
6611 6610 548
6611 6613 2487
6611 19030 3169
6899 6898 2741
6899 6909 542
6899 6911 730
32077 32076 1530
32079 32076 360
32079 32078 1114
32079 32080 2747
6912 6913 4631
6912 6922 1964
6912 6924 886
32015 31982 1274
32015 32008 1378
32015 32014 2093
32028 32027 2544
32030 32027 2310
32030 32048 1630
32030 32050 922
32032 32031 1310
32032 32033 551
34267 29911 2285
34267 32031 1770
34267 34430 2113
6610 6605 2066
6610 6608 2252
6610 6611 548
6613 6611 2487
6613 6939 4954
6613 34715 818
6898 6896 1876
6898 6899 2741
6898 6911 2011
6911 6898 2011
6911 6899 730
6911 34973 622
32078 32074 269
32078 32079 1114
32080 6897 612
32080 32079 2747
32080 32082 1136
6922 6912 1964
6922 6923 1139
6924 6912 886
6924 6925 1045
31982 31981 320
31982 32008 285
31982 32013 1182
31982 32015 1274
32008 31981 62
32008 31982 285
32008 32015 1378
32048 32023 343
32048 32030 1630
32048 32049 784
32050 32030 922
32050 32069 2826
32050 32075 3265
32033 32032 551
29911 23164 432
29911 29910 2058
29911 34267 2285
34430 34267 2113
6605 6602 3911
6605 6607 3267
6605 6610 2066
6608 6609 1197
6608 6610 2252
6608 32035 348
6939 6613 4954
6939 6936 5332
6939 6940 1085
34715 6613 818
34715 35083 834
34715 35083 834
6896 6897 2480
6896 6898 1876
6896 6902 794
34973 6911 622
32074 32072 832
32074 32078 269
32074 34298 1156
6897 6896 2480
6897 32080 612
6897 32083 782
32082 32080 1136
6923 6922 1139
6923 6928 2153
6923 6929 1222
6925 6924 1045
6925 6926 1647
6925 6927 537
31981 31982 320
31981 32007 125
31981 32008 62
31981 32009 410
32013 31982 1182
32023 32024 1301
32023 32042 894
32023 32048 343
32049 32044 1330
32049 32048 784
32049 32051 1698
32069 32050 2826
32069 32070 395
32069 32072 401
32075 32050 3265
32075 32081 646
23164 23165 772
23164 23165 772
23164 29911 432
29910 29911 2058
29910 32003 3506
29910 34426 500
6602 6603 946
6602 6605 3911
6607 6605 3267
6609 6608 1197
32035 6608 348
32035 32034 159
6936 6937 1684
6936 6938 3638
6936 6939 5332
6940 6625 1096
6940 6939 1085
6940 6941 1859
35083 34715 834
35083 34715 834
35083 34791 2104
35083 35084 1090
6902 6896 794
6902 6903 1514
6902 6914 544
32072 32069 401
32072 32073 1269
32072 32074 832
34298 32074 1156
32083 6897 782
6928 6923 2153
6928 6930 479
6929 6923 1222
6929 6951 3165
6926 6925 1647
6927 6925 537
6927 6945 1451
32007 31981 125
32007 32005 707
32009 31981 410
32009 32010 194
32009 32011 1256
32009 32012 777
32024 32023 1301
32024 35189 794
32024 35190 289
32042 32023 894
32042 32038 1091
32042 32044 1306
32044 32041 989
32044 32042 1306
32044 32047 1544
32044 32049 1330
32051 32049 1698
32051 32052 519
32051 32070 1607
32070 32051 1607
32070 32069 395
32070 32071 1036
32081 32075 646
23165 19901 787
23165 23164 772
23165 23164 772
32003 29910 3506
32003 32002 754
32003 32004 3311
34426 29871 465
34426 29910 500
34426 34432 979
34426 34433 966
6603 6602 946
6603 6604 2576
6603 29840 975
32034 32035 159
6937 6933 2466
6937 6936 1684
6937 35471 659
6938 6936 3638
6938 6946 1539
6625 6626 3225
6625 6630 1033
6625 6940 1096
6941 6940 1859
6941 6942 1753
6941 7108 1400
34791 34792 1037
34791 35083 2104
35084 35083 1090
6903 6902 1514
6914 6900 277
6914 6902 544
32073 32072 1269
6930 6921 366
6930 6928 479
6930 6931 3577
6930 6932 3296
6951 6929 3165
6951 6950 1601
6951 6953 784
6945 6927 1451
6945 6948 1727
32005 30203 1262
32005 32007 707
32010 32009 194
32011 32009 1256
32012 32009 777
32012 32016 721
32012 32017 2096
35189 32021 1677
35189 32024 794
35189 35191 781
35190 32024 289
32038 32036 1927
32038 32042 1091
32041 32040 1129
32041 32043 1445
32041 32044 989
32047 32043 1246
32047 32044 1544
32047 32052 1771
32052 32046 3983
32052 32047 1771
32052 32051 519
32052 32053 3066
32071 32070 1036
19901 19902 82
19901 23165 787
32002 32003 754
32004 32003 3311
32004 32006 854
32004 32029 1388
29871 29870 925
29871 29912 780
29871 34426 465
34432 34426 979
34433 34426 966
6604 6603 2576
29840 6600 243
29840 6603 975
29840 29914 374
6933 6934 769
6933 6935 749
6933 6937 2466
35471 6937 659
6946 6938 1539
6946 6947 3332
6946 7119 736
6626 6625 3225
6630 6625 1033
6630 6631 2089
6942 6941 1753
6942 6943 736
6942 6944 2099
7108 6941 1400
7108 7109 1125
34792 34791 1037
6900 6901 1765
6900 6914 277
6900 6915 1526
6900 35082 1006
6921 6920 2699
6921 6930 366
6931 6930 3577
6931 6955 2273
6931 6956 1725
6932 6930 3296
6932 6966 919
6932 6970 1546
6950 6948 2095
6950 6951 1601
6950 6952 815
6953 6951 784
6953 6954 637
6948 6945 1727
6948 6949 740
6948 6950 2095
30203 30202 1312
30203 32005 1262
32016 32012 721
32017 32012 2096
32017 32020 1354
32017 32021 1116
32017 32022 2274
32021 32017 1116
32021 32018 1858
32021 35189 1677
35191 35189 781
32036 32019 260
32036 32037 2416
32036 32038 1927
32040 32037 486
32040 32041 1129
32043 32041 1445
32043 32045 1127
32043 32047 1246
32046 31368 1236
32046 31369 1874
32046 32045 1391
32046 32052 3983
32053 32052 3066
32053 32056 930
32053 32064 1122
19902 19901 82
32006 32004 854
32029 32004 1388
29870 29871 925
29912 29871 780
29912 34428 1219
6600 6601 1251
6600 6606 1806
6600 29840 243
29914 29840 374
29914 34423 422
29914 34431 1553
6934 6933 769
6935 6933 749
6947 6946 3332
7119 6946 736
7119 7120 1075
6631 6628 2441
6631 6630 2089
6631 35085 1470
6943 6942 736
6944 6942 2099
7109 7108 1125
7109 7112 186
6901 6900 1765
6915 6900 1526
6915 6916 1341
6915 6918 1027
35082 6900 1006
6920 6916 405
6920 6921 2699
6955 6931 2273
6955 6976 2162
6956 6931 1725
6956 6977 1046
6956 6978 488
6966 6932 919
6966 6967 3204
6970 6932 1546
6970 6971 725
6952 6950 815
6954 6953 637
6954 6957 2181
6949 6948 740
30202 30196 445
30202 30203 1312
32020 32017 1354
32020 32018 912
32022 32017 2274
32018 30217 1030
32018 32020 912
32018 32021 1858
32019 30220 1079
32019 30222 740
32019 32036 260
32037 32036 2416
32037 32040 486
32045 32043 1127
32045 32046 1391
31368 32046 1236
31369 32046 1874
32056 32053 930
32064 32053 1122
34428 29912 1219
6601 6600 1251
6606 6600 1806
34423 29914 422
34431 29914 1553
7120 7119 1075
6628 6631 2441
35085 6631 1470
7112 7109 186
6916 6915 1341
6916 6920 405
6918 6915 1027
6976 6955 2162
6977 6956 1046
6978 6956 488
6967 6966 3204
6971 6970 725
6957 6954 2181
30196 30202 445
30217 30222 907
30217 32018 1030
30220 32019 1079
30222 30217 907
30222 32019 740
25
32002
32037
32045
31368
31369
32056
32064
34428
6601
6606
34423
7120
6628
7112
6916
6918
6976
6977
6978
6971
6957
30196
30217
30220
30222
