318
133390 133391 1151
133391 133390 1151
133391 133646 2040
133391 133648 826
133646 133391 2040
133646 133647 676
133648 133391 826
133648 133647 1948
133648 133649 1532
133648 133651 826
133647 133643 2555
133647 133646 676
133647 133648 1948
133647 133656 750
133649 133648 1532
133649 133650 826
133651 133648 826
133651 133650 1532
133651 133656 1906
133651 133661 1142
133643 133640 1854
133643 133647 2555
133643 133655 429
133656 133529 927
133656 133647 750
133656 133651 1906
133656 133657 872
133650 133649 826
133650 133651 1532
133650 133652 982
133650 133653 847
133661 133651 1142
133661 133657 927
133661 133662 373
133661 133666 708
133640 133643 1854
133640 133644 1481
133655 133643 429
133655 139657 1580
133529 133530 750
133529 133656 927
133657 133530 1120
133657 133656 872
133657 133661 927
133657 133666 580
133652 133650 982
133652 133654 333
133652 133663 884
133653 133650 847
133653 133721 1102
133662 133661 373
133662 133663 927
133662 133665 2665
133666 133657 580
133666 133658 789
133666 133661 708
133666 133667 3009
133644 133640 1481
133644 133641 1004
133644 133679 536
139657 133655 1580
133530 133529 750
133530 133657 1120
133530 133658 1398
133530 133659 757
133654 133652 333
133654 133721 610
133654 133729 1055
133663 133652 884
133663 133662 927
133663 133664 2110
133721 133653 1102
133721 133654 610
133721 133728 713
133665 133662 2665
133665 133664 629
133665 133667 950
133665 133743 1873
133658 133530 1398
133658 133660 764
133658 133666 789
133658 133668 3009
133667 133665 950
133667 133666 3009
133667 133668 789
133667 133744 1827
133641 133644 1004
133641 133677 420
133679 133644 536
133679 133677 1336
133679 133694 836
133659 133530 757
133659 133660 1293
133659 133695 847
133729 133654 1055
133729 133664 764
133729 133728 869
133729 133740 2063
133664 133663 2110
133664 133665 629
133664 133729 764
133664 133741 1979
133728 133721 713
133728 133722 279
133728 133727 344
133728 133729 869
133743 133665 1873
133743 133741 676
133743 133744 789
133743 133746 2559
133660 133658 764
133660 133659 1293
133660 133696 764
133660 133701 2796
133668 133658 3009
133668 133667 789
133668 133701 826
133668 133768 1741
133744 133667 1827
133744 133743 789
133744 133768 904
133744 133770 2559
133677 133641 420
133677 133678 764
133677 133679 1336
133694 133679 836
133694 133681 201
133694 133697 1188
133694 133698 688
133695 133659 847
133695 133696 1268
133695 133697 889
133740 133729 2063
133740 133731 826
133740 133741 869
133740 133742 2322
133741 133664 1979
133741 133740 869
133741 133743 676
133741 133745 2322
133722 133727 275
133722 133728 279
133727 133722 275
133727 133728 344
133727 133730 1161
133746 133743 2559
133746 133745 681
133746 133748 1139
133746 133770 789
133696 133660 764
133696 133695 1268
133696 133699 750
133696 133702 2772
133701 133660 2796
133701 133668 826
133701 133702 681
133701 133769 1719
133768 133668 1741
133768 133744 904
133768 133769 750
133768 133771 2665
133770 133744 2559
133770 133746 789
133770 133771 869
133770 133774 1848
133678 133677 764
133678 133680 504
133678 133681 1786
133681 133678 1786
133681 133682 1222
133681 133694 201
133697 133694 1188
133697 133695 889
133697 133699 1611
133698 133694 688
133698 133700 1848
133698 133709 869
133731 133730 688
133731 133732 1768
133731 133740 826
133742 133732 869
133742 133740 2322
133742 133745 869
133742 133748 1928
133745 133741 2322
133745 133742 869
133745 133746 681
133730 133727 1161
133730 133731 688
133748 133742 1928
133748 133746 1139
133748 133747 847
133748 133774 1102
133699 133696 750
133699 133697 1611
133699 133700 708
133699 133703 2902
133702 133696 2772
133702 133701 681
133702 133703 788
133702 133705 1504
133769 133701 1719
133769 133705 750
133769 133768 750
133769 133772 2772
133771 133768 2665
133771 133770 869
133771 133772 708
133771 133776 2428
133774 133748 1102
133774 133770 1848
133774 133776 1062
133680 133675 796
133680 133678 504
133680 133682 1530
133680 133686 708
133682 133680 1530
133682 133681 1222
133682 133687 708
133682 133707 713
133700 133698 1848
133700 133699 708
133700 133704 3009
133700 133711 869
133709 133698 869
133709 133707 629
133709 133711 1848
133732 133731 1768
133732 133736 1653
133732 133737 747
133732 133742 869
133747 133737 2831
133747 133739 847
133747 133748 847
133747 133775 2557
133703 133699 2902
133703 133702 788
133703 133704 681
133703 133706 1483
133705 133702 1504
133705 133706 708
133705 133769 750
133705 133773 2902
133772 133769 2772
133772 133771 708
133772 133773 788
133772 133777 3009
133776 133771 2428
133776 133774 1062
133776 133778 434
133675 133680 796
133686 133680 708
133686 133687 1530
133687 133682 708
133687 133686 1530
133687 133690 788
133707 133682 713
133707 133709 629
133707 133710 2005
133704 133700 3009
133704 133703 681
133704 133716 904
133704 133717 1398
133711 133700 869
133711 133709 1848
133711 133710 764
133711 133716 2902
133736 133732 1653
133736 133735 877
133737 133732 747
133737 133735 2127
133737 133738 847
133737 133747 2831
133739 133738 2831
133739 133747 847
133775 133747 2557
133775 133778 983
133775 133789 1098
133706 133703 1483
133706 133705 708
133706 133717 788
133706 133779 2796
133773 133705 2902
133773 133772 788
133773 133779 750
133773 133784 3009
133777 133772 3009
133777 133778 475
133777 133784 788
133777 133789 818
133778 133775 983
133778 133776 434
133778 133777 475
133690 133687 788
133690 133712 2690
133710 133707 2005
133710 133711 764
133716 133704 904
133716 133711 2902
133717 133704 1398
133717 133706 788
133735 133736 877
133735 133737 2127
133738 133463 818
133738 133737 847
133738 133739 2831
133789 133775 1098
133789 133777 818
133779 133706 2796
133779 133773 750
133784 133773 3009
133784 133777 788
133712 133690 2690
133712 133713 869
133463 133461 2634
133463 133738 818
133713 133712 869
133461 133463 2634
101
133390
133391
133646
133648
133647
133649
133651
133643
133656
133650
133661
133640
133655
133529
133657
133652
133653
133662
133666
133644
139657
133530
133654
133663
133721
133665
133658
133667
133641
133679
133659
133729
133664
133728
133743
133660
133668
133744
133677
133694
133695
133740
133741
133722
133727
133746
133696
133701
133768
133770
133678
133681
133697
133698
133731
133742
133745
133730
133748
133699
133702
133769
133771
133774
133680
133682
133700
133709
133732
133747
133703
133705
133772
133776
133675
133686
133687
133707
133704
133711
133736
133737
133739
133775
133706
133773
133777
133778
133690
133710
133716
133717
133735
133738
133789
133779
133784
133712
133463
133713
133461
