546
132902 187017 110
187017 132902 110
187017 187016 678
187017 187018 191
187016 187015 1400
187016 187017 678
187016 187180 1038
187016 187183 802
187018 187012 760
187018 187017 191
187015 187014 401
187015 187016 1400
187015 187184 860
187180 187016 1038
187180 187174 725
187180 187181 2472
187183 187016 802
187183 187171 558
187183 187182 320
187012 187013 1150
187012 187018 760
187014 187013 1095
187014 187015 401
187014 187185 1486
187184 187015 860
187184 187182 369
187184 187187 1812
187174 187171 671
187174 187173 2340
187174 187180 725
187181 187173 1006
187181 187180 2472
187181 187188 478
187171 187170 1551
187171 187174 671
187171 187183 558
187182 187170 1552
187182 187183 320
187182 187184 369
187013 132907 247
187013 187012 1150
187013 187014 1095
187185 134207 2716
187185 187014 1486
187185 187186 519
187187 187172 1207
187187 187184 1812
187187 187186 851
187173 187172 796
187173 187174 2340
187173 187181 1006
187188 187181 478
187170 187171 1551
187170 187172 996
187170 187182 1552
132907 132906 612
132907 187013 247
134207 134206 275
134207 187185 2716
187186 187185 519
187186 187187 851
187186 187189 417
187172 187170 996
187172 187173 796
187172 187187 1207
132906 132903 750
132906 132907 612
132906 133155 418
132906 134206 3557
134206 132906 3557
134206 134207 275
134206 134208 336
187189 187186 417
187189 189464 181
132903 132904 1055
132903 132906 750
133155 132905 927
133155 132906 418
133155 133157 1138
134208 134206 336
134208 134265 354
189464 187189 181
189464 189463 944
132904 132903 1055
132904 132905 1026
132905 132904 1026
132905 133155 927
132905 133158 750
132905 133160 604
133157 133155 1138
133157 133156 363
134265 133156 3483
134265 134208 354
134265 134268 336
134265 134271 5437
189463 189464 944
189463 189478 475
133158 132905 750
133158 133154 688
133158 133159 354
133160 132905 604
133156 133157 363
133156 133164 2005
133156 133181 826
133156 134265 3483
134268 134210 2585
134268 134265 336
134268 134266 1768
134268 134269 1062
134271 134241 5668
134271 134265 5437
189478 189463 475
189478 189479 1073
189478 189572 1347
133154 133158 688
133154 133162 777
133154 133163 608
133159 133158 354
133164 133156 2005
133164 133161 475
133164 133165 1530
133181 133156 826
133181 133165 884
133181 133183 139
134210 134209 788
134210 134228 2718
134210 134268 2585
134266 133183 1663
134266 134267 869
134266 134268 1768
134269 134209 2577
134269 134267 1797
134269 134268 1062
134269 134272 2451
134241 134237 1756
134241 134271 5668
189479 189478 1073
189479 189480 789
189479 189589 1447
189572 189478 1347
189572 189589 433
133162 133154 777
133162 133161 285
133163 133154 608
133161 133162 285
133161 133164 475
133161 133166 1280
133161 133171 557
133165 133164 1530
133165 133166 1437
133165 133176 951
133165 133181 884
133183 133181 139
133183 133182 869
133183 134266 1663
134209 134210 788
134209 134229 1161
134209 134269 2577
134228 134210 2718
134228 134229 1817
134228 134230 3360
134267 134266 869
134267 134269 1797
134267 134270 252
134267 134275 1510
134272 134229 1884
134272 134269 2451
134272 134273 747
134272 134274 4148
134237 134216 1223
134237 134238 750
134237 134241 1756
189480 189479 789
189480 189481 465
189480 189587 1641
189589 189479 1447
189589 189572 433
189589 189587 737
133166 133161 1280
133166 133165 1437
133166 133173 610
133171 133161 557
133171 133172 1852
133176 133165 951
133176 133174 1948
133176 133179 1008
133176 133182 836
133182 133176 836
133182 133183 869
133182 134275 153
134229 134209 1161
134229 134228 1817
134229 134272 1884
134230 134228 3360
134230 134231 1094
134230 134232 2731
134270 134267 252
134275 133182 153
134275 134267 1510
134273 134272 747
134273 134296 158
134274 134272 4148
134274 134276 866
134274 139542 1417
134216 134214 612
134216 134225 2898
134216 134237 1223
134216 134239 931
134238 134237 750
134238 134239 889
134238 134242 840
189481 189480 465
189481 189482 402
189481 189579 336
189587 189480 1641
189587 189585 712
189587 189589 737
133173 133166 610
133173 133172 1493
133173 133174 1007
133172 133169 557
133172 133171 1852
133172 133173 1493
133174 133173 1007
133174 133175 938
133174 133176 1948
133174 133177 1553
133179 133176 1008
133179 133178 1022
133179 139542 1313
134231 134230 1094
134231 134297 4421
134232 134230 2731
134232 134233 1378
134232 134250 344
134296 134273 158
134296 134284 1416
134296 134297 602
134296 134298 1800
134276 133186 1873
134276 134274 866
134276 134279 1466
139542 133179 1313
139542 134274 1417
134214 134215 1026
134214 134216 612
134225 134216 2898
134225 134226 1421
134239 134216 931
134239 134238 889
134239 134240 2841
134239 134243 599
134242 134238 840
134242 134243 1007
134242 134250 939
189482 189481 402
189482 189483 767
189482 189576 1207
189482 189579 191
189579 189481 336
189579 189482 191
189579 189580 1245
189579 189585 1795
189585 189579 1795
189585 189584 1227
189585 189587 712
133169 133170 612
133169 133172 557
133175 133174 938
133175 133178 336
133175 133193 672
133177 133174 1553
133177 133187 3130
133177 133192 951
133178 133175 336
133178 133179 1022
133178 133180 750
134297 134231 4421
134297 134296 602
134233 134232 1378
134233 134234 1205
134233 134302 3396
134250 134232 344
134250 134242 939
134250 134246 3108
134250 134251 1266
134284 134279 2192
134284 134283 951
134284 134296 1416
134298 134286 796
134298 134296 1800
134298 134300 3577
134298 134306 1301
133186 133185 403
133186 133198 983
133186 134276 1873
134279 134276 1466
134279 134282 869
134279 134284 2192
134215 134214 1026
134215 189571 1160
134226 134225 1421
134226 139693 1220
134240 134220 2138
134240 134239 2841
134243 134239 599
134243 134242 1007
134243 134244 1299
189483 189482 767
189483 189484 1227
189483 189575 866
189576 189482 1207
189576 189577 764
189576 189580 384
189580 189576 384
189580 189579 1245
189580 189581 812
189580 189584 1828
189584 189580 1828
189584 189585 1227
189584 189586 867
189584 189588 1537
133170 133169 612
133170 133187 1558
133193 133175 672
133193 133192 1209
133193 133194 275
133187 133170 1558
133187 133177 3130
133192 133177 951
133192 133190 1741
133192 133193 1209
133192 133195 336
133180 133178 750
133180 133185 1420
133180 133196 737
134234 134233 1205
134234 134235 2632
134234 134299 928
134302 134233 3396
134302 134301 1120
134302 134303 676
134302 134304 2087
134246 134224 2102
134246 134247 1098
134246 134250 3108
134251 134247 3386
134251 134250 1266
134251 134252 1177
134283 134282 2171
134283 134284 951
134283 134286 1220
134283 134287 764
134286 134283 1220
134286 134298 796
134286 134305 681
134300 134235 336
134300 134298 3577
134300 134299 1619
134306 134298 1301
134306 134307 1085
134306 134308 1576
134306 134309 708
133185 133180 1420
133185 133184 511
133185 133186 403
133198 133186 983
133198 133196 557
133198 134281 1635
134282 134279 869
134282 134281 2262
134282 134283 2171
134282 134285 788
189571 134215 1160
189571 189592 1511
139693 134226 1220
139693 139550 972
134220 134219 897
134220 134240 2138
134244 134243 1299
189484 189483 1227
189484 189485 878
189484 189573 868
189575 189483 866
189575 189573 1127
189575 189574 1434
189577 189576 764
189577 189578 610
189577 189581 635
189581 189577 635
189581 189580 812
189581 189582 872
189581 189586 1877
189586 189581 1877
189586 189584 867
189586 189590 1578
189588 189584 1537
133194 133193 275
133190 133188 2714
133190 133191 1863
133190 133192 1741
133195 133191 3389
133195 133192 336
133195 133196 2542
133196 133180 737
133196 133195 2542
133196 133198 557
134235 134234 2632
134235 134300 336
134235 134301 951
134299 134234 928
134299 134300 1619
134301 134235 951
134301 134302 1120
134301 134308 2141
134301 134310 672
134303 134302 676
134303 134310 983
134303 134311 708
134304 134252 931
134304 134254 4172
134304 134302 2087
134304 134318 888
134224 134222 2884
134224 134245 2251
134224 134246 2102
134247 134245 2102
134247 134246 1098
134247 134251 3386
134247 134253 951
134252 134251 1177
134252 134253 3708
134252 134304 931
134287 134283 764
134287 134285 2063
134287 134293 788
134287 134305 1257
134305 134286 681
134305 134287 1257
134305 134307 788
134307 134293 1257
134307 134305 788
134307 134306 1085
134308 134301 2141
134308 134306 1576
134308 134313 750
134309 134306 708
134309 134313 1671
134309 134353 612
134309 134355 788
133184 133185 511
134281 133198 1635
134281 134280 826
134281 134282 2262
134285 134280 2153
134285 134282 788
134285 134287 2063
134285 134289 788
189592 189561 1902
189592 189570 827
189592 189571 1511
189592 190481 670
139550 134838 834
139550 139693 972
134219 134220 897
134219 134221 2085
134219 134222 403
189485 189465 1070
189485 189484 878
189485 189488 1498
189573 189484 868
189573 189487 1064
189573 189575 1127
189574 189487 1178
189574 189496 924
189574 189575 1434
189574 189578 863
189578 189574 863
189578 189577 610
189578 189583 429
189582 189581 872
189582 189583 899
189582 189591 769
189590 189586 1578
133188 133112 686
133188 133189 1008
133188 133190 2714
133191 133189 562
133191 133190 1863
133191 133195 3389
134310 134301 672
134310 134303 983
134310 134312 750
134310 134313 2321
134311 134303 708
134311 134312 884
134311 134319 1576
134254 134253 737
134254 134255 2780
134254 134259 750
134254 134304 4172
134318 134304 888
134318 134319 629
134222 134219 403
134222 134224 2884
134245 134224 2251
134245 134247 2102
134253 134247 951
134253 134252 3708
134253 134254 737
134293 134287 788
134293 134307 1257
134313 134308 750
134313 134309 1671
134313 134310 2321
134353 134309 612
134353 134355 747
134355 134309 788
134355 134353 747
134280 134281 826
134280 134285 2153
134289 134285 788
189561 189592 1902
189570 189592 827
190481 189592 670
134838 139550 834
134221 134219 2085
189465 189485 1070
189488 189485 1498
189488 189487 791
189487 189488 791
189487 189573 1064
189487 189574 1178
189496 189574 924
189583 189578 429
189583 189582 899
189591 189582 769
133112 133188 686
133189 133188 1008
133189 133191 562
134312 134310 750
134312 134311 884
134319 134311 1576
134319 134318 629
134255 134254 2780
134259 134254 750
200
132902
187017
187016
187018
187015
187180
187183
187012
187014
187184
187174
187181
187171
187182
187013
187185
187187
187173
187188
187170
132907
134207
187186
187172
132906
134206
187189
132903
133155
134208
189464
132904
132905
133157
134265
189463
133158
133160
133156
134268
134271
189478
133154
133159
133164
133181
134210
134266
134269
134241
189479
189572
133162
133163
133161
133165
133183
134209
134228
134267
134272
134237
189480
189589
133166
133171
133176
133182
134229
134230
134270
134275
134273
134274
134216
134238
189481
189587
133173
133172
133174
133179
134231
134232
134296
134276
139542
134214
134225
134239
134242
189482
189579
189585
133169
133175
133177
133178
134297
134233
134250
134284
134298
133186
134279
134215
134226
134240
134243
189483
189576
189580
189584
133170
133193
133187
133192
133180
134234
134302
134246
134251
134283
134286
134300
134306
133185
133198
134282
189571
139693
134220
134244
189484
189575
189577
189581
189586
189588
133194
133190
133195
133196
134235
134299
134301
134303
134304
134224
134247
134252
134287
134305
134307
134308
134309
133184
134281
134285
189592
139550
134219
189485
189573
189574
189578
189582
189590
133188
133191
134310
134311
134254
134318
134222
134245
134253
134293
134313
134353
134355
134280
134289
189561
189570
190481
134838
134221
189465
189488
189487
189496
189583
189591
133112
133189
134312
134319
134255
134259
