544
103712 103713 995
103712 105318 2467
103712 105325 709
103713 103712 995
103713 105323 691
105318 103712 2467
105318 105312 373
105318 105316 2446
105318 105320 884
105325 103712 709
105325 105308 737
105325 105323 1028
105323 103713 691
105323 105325 1028
105312 105313 511
105312 105318 373
105316 105293 238
105316 105317 935
105316 105318 2446
105320 105317 2512
105320 105318 884
105320 105322 415
105308 105309 2704
105308 105311 649
105308 105325 737
105313 105298 1738
105313 105309 511
105313 105312 511
105293 105292 580
105293 105316 238
105317 105314 1087
105317 105316 935
105317 105320 2512
105322 105320 415
105322 105321 607
105322 105326 1779
105309 105296 336
105309 105308 2704
105309 105313 511
105311 105308 649
105311 105310 354
105298 105292 551
105298 105297 688
105298 105313 1738
105292 105291 2508
105292 105293 580
105292 105298 551
105314 105315 531
105314 105317 1087
105314 105321 2618
105314 105331 846
105321 105314 2618
105321 105322 607
105321 105329 265
105326 105322 1779
105326 105327 995
105296 105297 1416
105296 105300 344
105296 105309 336
105310 105305 536
105310 105311 354
105297 105296 1416
105297 105298 688
105291 105290 924
105291 105292 2508
105291 105294 2478
105315 105314 531
105315 105319 1558
105331 105314 846
105331 105328 2698
105331 105348 866
105329 105321 265
105329 105328 619
105329 105330 1229
105327 105326 995
105300 105296 344
105300 105299 582
105300 105305 1827
105305 105300 1827
105305 105306 1254
105305 105310 536
105290 105289 713
105290 105291 924
105290 105295 2065
105294 105291 2478
105294 105295 809
105294 105299 762
105294 105306 1776
105319 105302 1118
105319 105315 1558
105319 105333 849
105319 105336 834
105328 105329 619
105328 105331 2698
105348 105331 866
105348 105337 483
105348 105350 1089
105330 105329 1229
105299 105294 762
105299 105300 582
105299 105307 982
105306 105294 1776
105306 105305 1254
105306 105715 884
105289 105287 1085
105289 105288 516
105289 105290 713
105289 113504 1653
105295 105290 2065
105295 105294 809
105295 113504 1167
105295 113514 938
105302 105301 1777
105302 105303 646
105302 105304 322
105302 105319 1118
105333 104653 1549
105333 105304 1120
105333 105319 849
105333 105334 796
105336 105319 834
105336 105334 1241
105336 105338 960
105336 105339 1062
105337 105338 1206
105337 105348 483
105350 105348 1089
105350 105351 2447
105350 105355 919
105307 105299 982
105715 105306 884
105715 105716 403
105715 113520 354
105287 105285 201
105287 105288 924
105287 105289 1085
105288 105287 924
105288 105289 516
113504 105289 1653
113504 105295 1167
113504 113495 947
113504 113503 806
113514 105295 938
113514 113511 1022
113514 113520 750
105301 105302 1777
105303 104556 362
105303 105302 646
105303 105304 616
105304 104652 1789
105304 105302 322
105304 105303 616
105304 105333 1120
104653 104652 1085
104653 104654 496
104653 105333 1549
105334 104657 922
105334 105333 796
105334 105335 803
105334 105336 1241
105338 104657 1682
105338 105336 960
105338 105337 1206
105338 105340 1102
105339 105336 1062
105351 103717 748
105351 105350 2447
105355 105350 919
105716 105715 403
105716 113509 1160
113520 105715 354
113520 113510 1022
113520 113514 750
105285 105286 551
105285 105287 201
105285 113431 688
105285 113495 1820
113495 105285 1820
113495 113496 713
113495 113504 947
113495 113505 1280
113503 113504 806
113503 113505 924
113503 113511 354
113511 113503 354
113511 113510 750
113511 113514 1022
104556 104555 1822
104556 104557 196
104556 104560 1812
104556 105303 362
104652 104560 978
104652 104627 1970
104652 104653 1085
104652 105304 1789
104654 104651 751
104654 104653 496
104654 104655 1356
104657 104650 1658
104657 104656 1084
104657 105334 922
104657 105338 1682
105335 105334 803
105340 104656 2213
105340 105338 1102
103717 105351 748
113509 105716 1160
113509 113510 737
113509 113512 847
113510 113509 737
113510 113511 750
113510 113520 1022
105286 105285 551
105286 113414 420
113431 105285 688
113431 113432 1014
113431 113494 869
113496 113494 869
113496 113495 713
113496 113500 796
113505 113495 1280
113505 113503 924
113505 113512 1701
104555 104556 1822
104557 104556 196
104557 104559 133
104560 104553 172
104560 104556 1812
104560 104561 1983
104560 104652 978
104627 104561 963
104627 104573 1209
104627 104624 1098
104627 104652 1970
104651 104633 1382
104651 104650 903
104651 104654 751
104655 104624 102
104655 104634 75
104655 104654 1356
104650 104629 1393
104650 104651 903
104650 104657 1658
104656 104646 1297
104656 104657 1084
104656 105340 2213
104656 105341 1093
113512 113505 1701
113512 113509 847
113414 104543 1254
113414 105286 420
113414 113415 975
113414 113435 2173
113432 113038 796
113432 113431 1014
113432 113493 1062
113494 113431 869
113494 113493 1111
113494 113496 869
113500 113492 344
113500 113496 796
104559 104557 133
104559 104558 477
104553 104554 159
104553 104560 172
104561 104551 172
104561 104560 1983
104561 104575 677
104561 104627 963
104573 104574 188
104573 104627 1209
104624 104625 491
104624 104627 1098
104624 104655 102
104633 104629 866
104633 104634 703
104633 104651 1382
104634 104633 703
104634 104655 75
104629 104630 936
104629 104633 866
104629 104650 1393
104646 104637 2695
104646 104645 1126
104646 104656 1297
105341 104645 1036
105341 104656 1093
105341 105342 1057
104543 104532 2065
104543 104542 884
104543 113414 1254
113415 113408 2124
113415 113414 975
113415 113416 1115
113435 104527 1033
113435 104533 889
113435 113408 836
113435 113414 2173
113038 112661 782
113038 113039 1014
113038 113432 796
113038 113488 1612
113493 113432 1062
113493 113492 629
113493 113494 1111
113492 113488 475
113492 113493 629
113492 113500 344
104558 104546 947
104558 104548 1657
104558 104559 477
104554 104548 554
104554 104553 159
104551 104552 186
104551 104561 172
104575 104561 677
104575 104576 96
104574 104573 188
104574 104593 2040
104625 104624 491
104625 104626 608
104625 104632 743
104630 104629 936
104630 104631 683
104630 104637 1160
104637 104630 1160
104637 104636 385
104637 104646 2695
104645 104646 1126
104645 104647 2258
104645 104658 1031
104645 105341 1036
105342 104658 1013
105342 104695 1593
105342 105341 1057
105342 105347 759
104532 104531 747
104532 104533 336
104532 104543 2065
104542 104535 1930
104542 104543 884
104542 104544 713
113408 113409 764
113408 113410 1205
113408 113415 2124
113408 113435 836
113416 113410 2092
113416 113415 1115
113416 113417 788
104527 104521 1878
104527 104528 818
104527 113409 818
104527 113435 1033
104533 104528 1385
104533 104532 336
104533 113435 889
112661 112662 905
112661 112663 1280
112661 113038 782
112661 113425 1576
113039 113038 1014
113488 113038 1612
113488 113489 452
113488 113492 475
113488 113498 2905
104546 104545 788
104546 104547 1280
104546 104558 947
104548 104547 950
104548 104549 951
104548 104554 554
104548 104558 1657
104552 104540 158
104552 104551 186
104576 104575 96
104576 104579 929
104593 104515 846
104593 104574 2040
104593 104577 330
104626 104615 790
104626 104625 608
104626 104628 763
104632 104625 743
104632 104628 551
104631 104613 581
104631 104630 683
104631 104635 897
104636 104616 784
104636 104635 999
104636 104637 385
104647 104645 2258
104647 104648 721
104658 104645 1031
104658 104659 2122
104658 104688 1170
104658 105342 1013
104695 104689 995
104695 104694 983
104695 105342 1593
104695 105358 772
105347 105342 759
105347 105346 764
104531 104529 1738
104531 104532 747
104531 104535 336
104535 104531 336
104535 104534 649
104535 104542 1930
104544 104534 1820
104544 104542 713
104544 104550 924
113409 104527 818
113409 113405 1796
113409 113408 764
113410 113406 1304
113410 113408 1205
113410 113416 2092
113410 113419 836
113417 113416 788
113417 113418 947
113417 113419 2173
104521 104503 2011
104521 104520 1031
104521 104527 1878
104521 113405 796
104528 104520 1930
104528 104527 818
104528 104529 1031
104528 104533 1385
112662 112661 905
112662 112666 893
112662 112667 1223
112662 113424 1612
112663 112661 1280
113425 112661 1576
113425 113426 238
113425 113489 562
113489 113425 562
113489 113488 452
113489 113497 2778
113498 113488 2905
113498 113497 373
104545 104534 1066
104545 104536 2477
104545 104546 788
104545 104550 1496
104547 104537 1385
104547 104546 1280
104547 104548 950
104549 104539 1033
104549 104548 951
104549 113930 475
104540 104539 580
104540 104541 1577
104540 104552 158
104579 104515 1770
104579 104541 672
104579 104576 929
104515 104514 713
104515 104516 1062
104515 104579 1770
104515 104593 846
104577 104566 938
104577 104578 893
104577 104593 330
104615 104581 158
104615 104612 730
104615 104626 790
104628 104612 708
104628 104626 763
104628 104632 551
104613 104612 344
104613 104614 516
104613 104623 373
104613 104631 581
104635 104623 1007
104635 104631 897
104635 104636 999
104616 104617 807
104616 104636 784
104616 104648 974
104648 104616 974
104648 104647 721
104648 104659 1351
104659 104648 1351
104659 104658 2122
104688 104658 1170
104688 104694 426
104689 104695 995
104694 104688 426
104694 104695 983
105358 104695 772
105346 105347 764
104529 104528 1031
104529 104531 1738
104534 104535 649
104534 104544 1820
104534 104545 1066
104550 104544 924
104550 104545 1496
113405 104521 796
113405 113409 1796
113406 113410 1304
113419 113410 836
113419 113417 2173
113418 113417 947
104503 104521 2011
104520 104521 1031
104520 104528 1930
112666 112662 893
112667 112662 1223
113424 112662 1612
113424 113426 445
113426 113424 445
113426 113425 238
113497 113489 2778
113497 113498 373
104536 104537 818
104536 104545 2477
104537 104536 818
104537 104547 1385
104539 104540 580
104539 104549 1033
113930 104549 475
104541 104514 1930
104541 104540 1577
104541 104579 672
104514 104515 713
104514 104541 1930
104516 104515 1062
104566 104577 938
104566 104578 750
104578 104566 750
104578 104577 893
104581 104615 158
104612 104613 344
104612 104615 730
104612 104628 708
104614 104613 516
104614 104623 403
104623 104613 373
104623 104614 403
104623 104635 1007
104617 104616 807
200
103712
103713
105318
105325
105323
105312
105316
105320
105308
105313
105293
105317
105322
105309
105311
105298
105292
105314
105321
105326
105296
105310
105297
105291
105315
105331
105329
105327
105300
105305
105290
105294
105319
105328
105348
105330
105299
105306
105289
105295
105302
105333
105336
105337
105350
105307
105715
105287
105288
113504
113514
105301
105303
105304
104653
105334
105338
105339
105351
105355
105716
113520
105285
113495
113503
113511
104556
104652
104654
104657
105335
105340
103717
113509
113510
105286
113431
113496
113505
104555
104557
104560
104627
104651
104655
104650
104656
113512
113414
113432
113494
113500
104559
104553
104561
104573
104624
104633
104634
104629
104646
105341
104543
113415
113435
113038
113493
113492
104558
104554
104551
104575
104574
104625
104630
104637
104645
105342
104532
104542
113408
113416
104527
104533
112661
113039
113488
104546
104548
104552
104576
104593
104626
104632
104631
104636
104647
104658
104695
105347
104531
104535
104544
113409
113410
113417
104521
104528
112662
112663
113425
113489
113498
104545
104547
104549
104540
104579
104515
104577
104615
104628
104613
104635
104616
104648
104659
104688
104689
104694
105358
105346
104529
104534
104550
113405
113406
113419
113418
104503
104520
112666
112667
113424
113426
113497
104536
104537
104539
113930
104541
104514
104516
104566
104578
104581
104612
104614
104623
104617
