508
171514 171515 782
171514 172995 3193
171515 171514 782
171515 173033 1111
172995 171514 3193
172995 185275 381
172995 185276 1523
173033 171515 1111
173033 173031 4007
185275 172995 381
185275 180035 1762
185275 185276 1612
185275 185282 139
185276 172995 1523
185276 180031 354
185276 185275 1612
173031 173032 1455
173031 173033 4007
173031 173043 404
173031 173513 612
180035 180018 1008
180035 185275 1762
185282 172980 1411
185282 185275 139
180031 180028 2068
180031 180029 782
180031 180032 848
180031 185276 354
173032 173031 1455
173032 182305 2747
173043 173031 404
173043 173042 2216
173043 173514 931
173513 173031 612
173513 173535 1904
180018 180019 420
180018 180020 827
180018 180035 1008
172980 172978 2499
172980 172981 1493
172980 172989 287
172980 185282 1411
180028 180025 840
180028 180027 1222
180028 180031 2068
180029 180026 1685
180029 180030 238
180029 180031 782
180032 180022 925
180032 180027 778
180032 180031 848
182305 173032 2747
182305 182304 1016
173042 173039 808
173042 173043 2216
173042 173516 562
173042 173524 1363
173514 173043 931
173514 173526 690
173514 173535 1848
173535 173513 1904
173535 173514 1848
180019 176626 354
180019 180018 420
180020 180018 827
180020 185281 829
172978 172979 1061
172978 172980 2499
172978 172990 1957
172981 172980 1493
172981 172982 279
172989 172980 287
172989 172987 640
172989 186153 573
180025 179996 1015
180025 180023 1111
180025 180028 840
180027 180023 848
180027 180028 1222
180027 180032 778
180026 179999 1682
180026 180022 778
180026 180029 1685
180030 180001 1031
180030 180029 238
180030 185279 1796
180022 180000 1766
180022 180023 893
180022 180026 778
180022 180032 925
182304 182303 1098
182304 182305 1016
182304 182345 1906
173039 173038 786
173039 173042 808
173516 173034 1447
173516 173042 562
173516 173327 672
173524 173042 1363
173524 173525 1344
173524 173527 111
173526 173514 690
173526 173525 203
176626 172992 676
176626 180019 354
185281 179962 1733
185281 180020 829
172979 172953 1901
172979 172954 1454
172979 172978 1061
172990 172978 1957
172990 172991 633
172990 172991 633
172982 172578 950
172982 172580 806
172982 172981 279
172987 172988 433
172987 172989 640
186153 172989 573
186153 186152 226
186153 186154 378
179996 179994 1577
179996 179997 778
179996 180025 1015
180023 180022 893
180023 180024 992
180023 180025 1111
180023 180027 848
179999 179998 1004
179999 180000 782
179999 180026 1682
180001 180002 672
180001 180005 2334
180001 180030 1031
180001 185277 1768
185279 180030 1796
185279 185277 818
180000 179995 1114
180000 179999 782
180000 180022 1766
182303 182301 1565
182303 182304 1098
182303 182343 724
182345 182304 1906
173038 173037 1225
173038 173039 786
173038 173327 672
173034 173017 1349
173034 173035 1004
173034 173036 682
173034 173516 1447
173327 173036 1336
173327 173038 672
173327 173516 672
173525 173524 1344
173525 173526 203
173525 173532 292
173527 173515 796
173527 173524 111
173527 173528 931
172992 172580 373
172992 176626 676
179962 179961 1098
179962 179964 893
179962 180021 556
179962 185281 1733
172953 172945 2005
172953 172954 1265
172953 172979 1901
172953 172984 168
172954 172275 2500
172954 172930 2229
172954 172953 1265
172954 172979 1454
172991 172988 615
172991 172990 633
172991 172990 633
172578 172275 1501
172578 172580 557
172578 172982 950
172580 172537 276
172580 172578 557
172580 172982 806
172580 172992 373
172988 172985 849
172988 172987 433
172988 172991 615
186152 186151 287
186152 186153 226
186152 186154 322
186154 186152 322
186154 186153 378
179994 179991 765
179994 179993 1454
179994 179996 1577
179997 179996 778
179997 180024 149
180024 179997 149
180024 180023 992
180024 181825 324
179998 179990 1009
179998 179999 1004
179998 180005 628
180002 180001 672
180002 180003 333
180002 185278 1852
180005 179998 628
180005 180001 2334
180005 180006 587
185277 180001 1768
185277 185278 667
185277 185279 818
179995 179993 420
179995 180000 1114
182301 182299 1234
182301 182302 599
182301 182303 1565
182343 182295 124
182343 182303 724
182343 182344 776
173037 173036 682
173037 173038 1225
173017 173016 222
173017 173018 1344
173017 173034 1349
173035 173034 1004
173036 173034 682
173036 173037 682
173036 173327 1336
173532 173525 292
173532 173530 556
173515 173016 778
173515 173046 1612
173515 173527 796
173528 173527 931
173528 173529 599
173528 173531 778
179961 179962 1098
179961 179963 681
179964 179955 1796
179964 179962 893
179964 179972 1541
179964 179973 562
180021 179962 556
180021 185280 1613
172945 172944 827
172945 172946 688
172945 172953 2005
172945 172955 676
172984 172953 168
172984 173069 764
172275 172276 672
172275 172578 1501
172275 172954 2500
172930 172927 2561
172930 172931 1433
172930 172954 2229
172930 172955 1517
172537 172509 1248
172537 172580 276
172537 185283 2092
172985 172986 576
172985 172988 849
172985 172993 747
186151 186152 287
179991 179963 893
179991 179974 610
179991 179994 765
179993 179992 252
179993 179994 1454
179993 179995 420
181825 180024 324
179990 179970 818
179990 179977 1085
179990 179989 1223
179990 179998 1009
180003 180002 333
180003 180004 2265
180003 182294 688
185278 180002 1852
185278 185277 667
180006 180005 587
182299 182285 1115
182299 182300 659
182299 182301 1234
182302 182301 599
182295 182291 1466
182295 182296 724
182295 182343 124
182344 182343 776
173016 173015 1529
173016 173017 222
173016 173515 778
173018 172994 1248
173018 173017 1344
173018 173019 546
173530 173531 672
173530 173532 556
173530 173537 2544
173046 173015 782
173046 173045 1696
173046 173515 1612
173046 173529 782
173529 173046 782
173529 173528 599
173529 173541 1696
173531 173528 778
173531 173530 672
173531 173542 2460
179963 179946 1850
179963 179957 755
179963 179961 681
179963 179991 893
179955 179956 518
179955 179957 699
179955 179964 1796
179972 179964 1541
179972 179973 1750
179972 185283 1055
179973 179964 562
179973 179972 1750
179973 180011 1932
185280 180021 1613
172944 172945 827
172946 172925 2340
172946 172945 688
172955 172930 1517
172955 172945 676
173069 172984 764
173069 173067 3031
173069 173071 931
172276 172275 672
172276 172463 1232
172276 172983 1780
172927 172918 1344
172927 172925 1946
172927 172930 2561
172931 172917 3454
172931 172930 1433
172931 172983 1033
172509 172463 426
172509 172537 1248
172509 180016 1258
185283 172537 2092
185283 179972 1055
185283 180017 562
172986 172985 576
172986 173047 581
172993 172985 747
172993 172994 475
172993 173047 304
179974 179975 580
179974 179976 1002
179974 179991 610
179992 179968 1049
179992 179969 1560
179992 179993 252
179970 179965 475
179970 179971 1612
179970 179990 818
179977 179969 452
179977 179978 708
179977 179990 1085
179989 179978 1114
179989 179979 2011
179989 179990 1223
180004 179965 1219
180004 180003 2265
182294 179966 3617
182294 180003 688
182294 182293 580
182285 182286 782
182285 182287 1350
182285 182298 2353
182285 182299 1115
182300 182299 659
182291 182280 1429
182291 182292 1028
182291 182295 1466
182296 182276 639
182296 182295 724
182296 186043 781
173015 173014 1601
173015 173016 1529
173015 173046 782
172994 172993 475
172994 173018 1248
173019 173018 546
173019 173020 302
173537 173530 2544
173537 173538 756
173537 173542 688
173045 173044 111
173045 173046 1696
173045 173541 782
173541 173045 782
173541 173097 1363
173541 173529 1696
173541 173542 796
173542 173531 2460
173542 173537 688
173542 173541 796
173542 173543 672
179946 179947 672
179946 179950 1164
179946 179963 1850
179957 179955 699
179957 179959 1560
179957 179963 755
179956 179935 1019
179956 179953 1889
179956 179955 518
180011 177703 915
180011 179953 460
180011 179973 1932
172925 172926 1565
172925 172927 1946
172925 172946 2340
173067 173066 1336
173067 173068 2399
173067 173069 3031
173071 173069 931
173071 173070 1403
173071 173081 667
172463 172276 1232
172463 172509 426
172463 185284 1090
172983 172276 1780
172983 172919 3556
172983 172931 1033
172983 185286 1852
172918 172917 516
172918 172922 2358
172918 172927 1344
172917 172918 516
172917 172919 764
172917 172931 3454
180016 172509 1258
180016 180015 756
180016 180017 1151
180017 180015 610
180017 180016 1151
180017 185283 562
173047 172986 581
173047 172993 304
173047 185406 131
179975 179948 1467
179975 179968 463
179975 179974 580
179976 179974 1002
179968 179969 1500
179968 179975 463
179968 179992 1049
179969 179968 1500
179969 179977 452
179969 179992 1560
179965 179966 445
179965 179970 475
179965 180004 1219
179971 179970 1612
179978 179977 708
179978 179979 2092
179978 179989 1114
179979 179978 2092
179979 179989 2011
179966 179965 445
179966 182294 3617
182293 182294 580
182286 182285 782
182287 182285 1350
182298 182285 2353
182280 182291 1429
182292 182291 1028
182276 182296 639
186043 182296 781
173014 173015 1601
173014 173044 580
173020 173019 302
173538 173537 756
173044 173014 580
173044 173045 111
173097 173541 1363
173543 173542 672
179947 179946 672
179947 179948 452
179950 179946 1164
179959 179957 1560
179935 179956 1019
179953 179956 1889
179953 180011 460
177703 180011 915
172926 172925 1565
173066 173067 1336
173066 173070 542
173068 173067 2399
173070 173066 542
173070 173071 1403
173081 173071 667
185284 172463 1090
172919 172917 764
172919 172983 3556
185286 172983 1852
172922 172918 2358
180015 180016 756
180015 180017 610
185406 173047 131
179948 179947 452
179948 179975 1467
30
173535
179979
179966
182293
182286
182287
182298
182280
182292
182276
173014
173538
173044
173097
173543
179950
179959
179935
179953
177703
172926
173066
173070
173081
172919
185286
172922
180015
185406
179948
