518
7037 7038 822
7037 31761 954
7037 31781 1846
7037 31782 921
7038 7037 822
7038 31784 966
7038 35218 209
7038 35219 317
31761 7037 954
31761 31759 911
31761 31760 884
31761 31779 1412
31781 7037 1846
31781 31779 564
31781 31780 183
31782 7037 921
31782 31759 944
31782 31764 1665
31782 31784 833
31784 7038 966
31784 31615 1648
31784 31782 833
31784 35217 2356
35218 7038 209
35219 7038 317
31759 31754 904
31759 31761 911
31759 31763 1648
31759 31782 944
31760 31754 872
31760 31755 609
31760 31761 884
31779 31757 593
31779 31761 1412
31779 31781 564
31780 31184 917
31780 31781 183
31780 31783 272
31764 31615 866
31764 31763 908
31764 31774 3719
31764 31782 1665
31615 31616 2018
31615 31764 866
31615 31784 1648
35217 31784 2356
31754 31753 904
31754 31758 1673
31754 31759 904
31754 31760 872
31763 31750 3200
31763 31758 939
31763 31759 1648
31763 31764 908
31755 31752 1084
31755 31756 502
31755 31757 655
31755 31760 609
31757 31755 655
31757 31756 527
31757 31779 593
31184 31164 731
31184 31165 924
31184 31780 917
31783 31780 272
31783 31786 1381
31774 31764 3719
31774 31773 895
31774 31776 651
31616 31615 2018
31616 31785 1014
31616 31790 623
31753 31745 911
31753 31752 911
31753 31754 904
31758 31754 1673
31758 31763 939
31750 31749 2631
31750 31763 3200
31750 31773 211
31752 31163 1063
31752 31744 854
31752 31753 911
31752 31755 1084
31756 31164 1326
31756 31755 502
31756 31757 527
31164 31161 964
31164 31165 542
31164 31184 731
31164 31756 1326
31165 31159 1068
31165 31164 542
31165 31184 924
31786 31188 1111
31786 31783 1381
31786 31787 1633
31773 31750 211
31773 31772 961
31773 31774 895
31776 31774 651
31776 31775 1661
31776 31777 1066
31785 31616 1014
31785 31777 3852
31785 31778 3776
31790 31616 623
31790 31791 1328
31790 31795 662
31745 31744 914
31745 31751 1422
31745 31753 911
31749 31748 370
31749 31750 2631
31749 31762 2108
31163 31161 1363
31163 31162 844
31163 31752 1063
31744 31162 1013
31744 31742 917
31744 31745 914
31744 31752 854
31161 31158 807
31161 31159 1116
31161 31163 1363
31161 31164 964
31159 31156 1027
31159 31161 1116
31159 31165 1068
31188 31157 2509
31188 31189 1080
31188 31786 1111
31188 31789 1736
31787 31786 1633
31772 31767 2120
31772 31768 1337
31772 31773 961
31775 31776 1661
31777 31776 1066
31777 31778 1054
31777 31785 3852
31778 31777 1054
31778 31785 3776
31778 31792 1071
31778 32737 4011
31791 31790 1328
31791 31809 650
31791 35220 1565
31795 31790 662
31795 31792 4847
31795 31796 795
31751 31745 1422
31748 31740 458
31748 31746 1095
31748 31749 370
31762 31749 2108
31162 31158 1432
31162 31160 903
31162 31163 844
31162 31744 1013
31742 31139 862
31742 31160 964
31742 31730 917
31742 31744 917
31158 31148 905
31158 31156 1552
31158 31161 807
31158 31162 1432
31156 31154 899
31156 31158 1552
31156 31159 1027
31157 31153 5087
31157 31185 261
31157 31188 2509
31189 31187 2083
31189 31188 1080
31189 31503 463
31789 31188 1736
31789 31788 1552
31789 34923 924
31767 31765 440
31767 31768 1536
31767 31772 2120
31768 31767 1536
31768 31769 2344
31768 31772 1337
31792 31778 1071
31792 31793 1150
31792 31795 4847
31792 32739 3949
32737 31771 973
32737 31778 4011
32737 32739 978
31809 31791 650
31809 31808 2829
35220 31791 1565
31796 31795 795
31796 31799 1990
31796 31800 1364
31740 31738 1455
31740 31739 1105
31740 31748 458
31746 31138 2246
31746 31734 1157
31746 31748 1095
31160 31148 1441
31160 31162 903
31160 31742 964
31160 31743 941
31139 31138 962
31139 31741 909
31139 31742 862
31730 31147 1650
31730 31741 842
31730 31742 917
31148 31074 1423
31148 31146 1714
31148 31158 905
31148 31160 1441
31154 31146 206
31154 31155 141
31154 31156 899
31153 31152 1229
31153 31155 811
31153 31157 5087
31185 31157 261
31185 31182 1235
31185 31187 1650
31187 31185 1650
31187 31189 2083
31187 31502 2150
31503 31189 463
31503 31504 1409
31503 31505 2583
31788 31517 771
31788 31789 1552
31788 31803 196
34923 31789 924
31765 31738 492
31765 31766 2083
31765 31767 440
31769 31766 1055
31769 31768 2344
31769 31771 1586
31793 31792 1150
31793 31794 706
31793 31799 2904
32739 31792 3949
32739 32737 978
31771 31769 1586
31771 32737 973
31771 32738 2461
31808 31802 1504
31808 31809 2829
31808 31810 1897
31799 31793 2904
31799 31796 1990
31800 31796 1364
31800 31829 592
31800 35221 426
31738 31737 1821
31738 31740 1455
31738 31765 492
31739 31732 1012
31739 31734 1613
31739 31740 1105
31138 31139 962
31138 31746 2246
31138 35216 938
31734 31716 991
31734 31739 1613
31734 31746 1157
31743 31160 941
31741 31139 909
31741 31730 842
31147 31073 2410
31147 31092 1182
31147 31730 1650
31074 31073 1251
31074 31148 1423
31146 31090 2423
31146 31148 1714
31146 31154 206
31155 31153 811
31155 31154 141
31152 31151 474
31152 31153 1229
31152 31179 905
31182 31181 1405
31182 31183 1987
31182 31185 1235
31502 31187 2150
31504 31503 1409
31504 31506 2951
31504 31517 1072
31505 31500 311
31505 31503 2583
31505 31506 666
31517 31504 1072
31517 31506 3300
31517 31788 771
31803 31788 196
31803 31802 787
31803 34921 1740
31766 31765 2083
31766 31769 1055
31766 31770 1205
31794 31793 706
31794 32740 2784
31794 32742 1399
32738 31771 2461
31802 31803 787
31802 31804 934
31802 31808 1504
31810 31808 1897
31810 31818 1558
31810 31819 698
31829 31797 1352
31829 31800 592
31829 31801 1880
35221 31800 426
31737 31738 1821
31732 31716 1854
31732 31727 890
31732 31739 1012
35216 31138 938
31716 31712 5033
31716 31732 1854
31716 31733 1391
31716 31734 991
31073 31074 1251
31073 31091 12
31073 31147 2410
31092 31082 2586
31092 31147 1182
31092 31728 248
31090 31088 1391
31090 31146 2423
31151 31149 276
31151 31152 474
31179 31152 905
31179 31180 1796
31179 34916 1134
31181 31174 1088
31181 31182 1405
31181 31183 1860
31183 31181 1860
31183 31182 1987
31183 31186 685
31506 31504 2951
31506 31505 666
31506 31517 3300
31500 31501 2465
31500 31505 311
31500 31515 1167
34921 31803 1740
34921 35020 1892
34921 35021 771
31770 31724 2013
31770 31766 1205
31770 34445 946
32740 31794 2784
32740 32741 1596
32742 31794 1399
31804 31802 934
31804 31805 3136
31804 31806 746
31818 31810 1558
31818 31827 1793
31818 31832 834
31819 31805 830
31819 31810 698
31819 31820 2343
31797 31798 677
31797 31801 1226
31797 31829 1352
31801 31797 1226
31801 31829 1880
31727 31717 2869
31727 31731 1398
31727 31732 890
31712 31710 1630
31712 31715 1363
31712 31716 5033
31733 31716 1391
31091 31073 12
31091 31082 1102
31082 31072 2339
31082 31088 1361
31082 31091 1102
31082 31092 2586
31728 31092 248
31728 31725 1427
31728 31729 647
31088 31082 1361
31088 31087 594
31088 31090 1391
31149 31150 2148
31149 31151 276
31149 34442 1313
31180 31144 658
31180 31174 1785
31180 31179 1796
34916 31179 1134
31174 31175 2014
31174 31180 1785
31174 31181 1088
31186 31178 1780
31186 31183 685
31186 31497 795
31501 31500 2465
31501 34335 954
31515 31500 1167
31515 31514 2656
31515 31516 776
35020 34921 1892
35021 34921 771
31724 31770 2013
34445 31770 946
32741 32740 1596
31805 31804 3136
31805 31807 836
31805 31819 830
31806 31804 746
31806 31807 3033
31806 31811 795
31827 31818 1793
31827 31828 772
31827 31830 1080
31832 31818 834
31832 31833 283
31820 31819 2343
31820 31821 1788
31820 31835 503
31798 31797 677
31717 31714 1385
31717 31715 1280
31717 31727 2869
31731 31714 3111
31731 31727 1398
31731 31735 1238
31710 31705 1319
31710 31711 2335
31710 31712 1630
31715 31711 1281
31715 31712 1363
31715 31717 1280
31072 31069 4164
31072 31076 1982
31072 31082 2339
31725 31083 435
31725 31726 2230
31725 31728 1427
31729 31726 1290
31729 31726 1290
31729 31728 647
31087 31086 1487
31087 31088 594
31087 31089 671
31150 31149 2148
31150 34440 1278
34442 31145 946
34442 31145 946
34442 31149 1313
31144 31137 2548
31144 31173 2084
31144 31180 658
31175 31173 616
31175 31174 2014
31175 34917 2147
31178 31176 2020
31178 31186 1780
31178 31485 2331
31497 31186 795
31497 31498 1541
34335 31501 954
31514 31515 2656
31516 31515 776
31807 31805 836
31807 31806 3033
31807 31821 1370
31811 31806 795
31828 31827 772
31830 31827 1080
31830 31833 1422
31833 31830 1422
31833 31832 283
31821 31807 1370
31821 31820 1788
31835 31820 503
31714 31717 1385
31714 31731 3111
31735 31731 1238
31705 31710 1319
31711 31710 2335
31711 31715 1281
31069 31072 4164
31076 31072 1982
31076 31083 1302
31083 31076 1302
31083 31725 435
31726 31725 2230
31726 31729 1290
31726 31729 1290
31086 31087 1487
31089 31087 671
34440 31150 1278
31145 34442 946
31145 34442 946
31137 31144 2548
31173 31144 2084
31173 31175 616
34917 31175 2147
31176 31178 2020
31176 31485 1166
31485 31176 1166
31485 31178 2331
31498 31497 1541
27
32739
32740
31724
32741
31497
31514
31807
31811
31828
31830
31833
31821
31835
31714
31735
31705
31711
31069
31076
31083
34440
31145
31137
31173
31176
31485
31498
