40
243175 243176 720
243175 261102 2319
243176 243175 720
243176 243196 45
261102 243175 2319
261102 244063 640
261102 264288 600
243196 243176 45
243196 264289 376
244063 261102 640
244063 264340 579
264288 261102 600
264289 243196 376
264289 264290 552
264340 244063 579
264290 244044 893
264290 264289 552
244044 244045 1134
244044 264290 893
244044 264291 978
244045 244044 1134
244045 264293 438
244045 264294 170
264291 244044 978
264291 263841 58
264293 244045 438
264293 264295 132
264293 264295 132
264294 244045 170
263841 263842 855
263841 263844 856
263841 264291 58
264295 264293 132
264295 264293 132
264295 264296 236
263842 263841 855
263842 264292 983
263844 263841 856
264296 264295 236
264292 263842 983
3
244063
264288
264340
