24
140114 140111 1172
140111 140114 1172
140113 140133 863
140133 140113 863
140134 140130 875
140130 140134 875
189981 190055 499
190055 189981 499
190062 190068 478
190068 190062 478
190077 190106 427
190106 190077 427
190106 190108 482
190108 190106 482
190108 190107 1332
190107 190108 1332
190007 189991 931
189991 189992 376
189991 190007 931
189992 189991 376
189976 190713 505
190713 189976 505
142353 142354 796
142354 142353 796
32
144822
139846
140007
140010
140114
140163
140111
140113
140133
140134
140130
189981
190055
190060
190062
190066
190068
190077
190106
190107
190070
190064
190073
186887
186888
189969
189991
189992
189976
186890
142348
142354
