500
16219 16220 1061
16219 21654 847
16219 21669 1445
16219 21671 755
16220 16219 1061
21654 16219 847
21654 21651 755
21654 21653 1334
21654 21657 1225
21669 16219 1445
21669 21653 839
21669 21664 778
21669 21670 764
21671 16219 755
21671 21670 1334
21671 21673 1097
21671 34894 1002
21651 21647 1334
21651 21654 755
21653 21643 796
21653 21647 755
21653 21654 1334
21653 21669 839
21657 21654 1225
21664 21643 671
21664 21663 1336
21664 21667 847
21664 21669 778
21670 21667 782
21670 21669 764
21670 21671 1334
21670 21672 930
21673 21671 1097
21673 21675 452
21673 21677 1454
34894 21671 1002
21647 21638 905
21647 21645 681
21647 21651 1334
21647 21653 755
21643 21638 764
21643 21642 1447
21643 21653 796
21643 21664 671
21663 21664 1336
21667 21662 1445
21667 21664 847
21667 21670 782
21667 21674 671
21672 21670 930
21672 21674 905
21672 21675 893
21675 21672 893
21675 21673 452
21675 21676 950
21677 21673 1454
21677 21738 562
21638 21641 889
21638 21643 764
21638 21647 905
21645 21647 681
21642 21643 1447
21662 21661 924
21662 21666 516
21662 21667 1445
21674 21667 671
21674 21668 238
21674 21672 905
21676 21675 950
21676 21692 1000
21676 21694 923
21738 21677 562
21738 21735 1013
21738 21739 889
21641 21637 1679
21641 21638 889
21641 21639 452
21661 21660 610
21661 21662 924
21661 21665 3123
21666 21662 516
21666 21668 1139
21666 21687 2444
21668 21666 1139
21668 21674 238
21668 21681 1097
21692 21676 1000
21692 21695 839
21694 21676 923
21694 21693 839
21694 21695 1004
21735 21734 764
21735 21736 782
21735 21738 1013
21735 34502 523
21739 21736 1091
21739 21738 889
21739 21740 1222
21739 21741 504
21637 21635 445
21637 21641 1679
21639 21636 344
21639 21641 452
21660 21632 475
21660 21659 763
21660 21661 610
21665 21661 3123
21665 21679 1014
21665 21684 403
21687 21666 2444
21687 21685 445
21687 21691 420
21681 21668 1097
21681 21682 2351
21681 21688 847
21695 21692 839
21695 21694 1004
21693 21682 778
21693 21694 839
21693 21696 889
21693 21697 2027
21734 21733 238
21734 21735 764
21736 21735 782
21736 21737 2002
21736 21739 1091
34502 21735 523
21740 21739 1222
21740 21742 889
21740 21743 1144
21741 21739 504
21741 21788 588
21635 21485 333
21635 21637 445
21636 21485 1679
21636 21634 1014
21636 21639 344
21636 21640 839
21632 21623 884
21632 21660 475
21632 21680 2831
21659 21634 847
21659 21640 1124
21659 21660 763
21679 21665 1014
21679 21680 880
21679 21683 3694
21684 21665 403
21684 21685 511
21684 21686 1930
21685 21684 511
21685 21687 445
21691 21687 420
21691 21690 1114
21691 21700 2098
21682 21681 2351
21682 21689 1766
21682 21693 778
21688 21681 847
21688 21689 3221
21688 21690 588
21696 21693 889
21696 21698 2556
21696 21709 2014
21697 21693 2027
21697 21707 983
21697 21709 667
21697 21710 2277
21733 21734 238
21733 34503 517
21737 21736 2002
21737 21742 1013
21737 21745 420
21742 21737 1013
21742 21740 889
21742 21750 1000
21743 21740 1144
21788 21741 588
21788 21787 1558
21788 21789 787
21485 21482 2266
21485 21483 1111
21485 21635 333
21485 21636 1679
21634 21624 763
21634 21636 1014
21634 21659 847
21640 21636 839
21640 21659 1124
21623 21622 1766
21623 21626 452
21623 21632 884
21680 21632 2831
21680 21679 880
21680 35260 549
21683 21679 3694
21683 21701 924
21683 22295 562
21683 22304 2940
21686 21684 1930
21686 21699 473
21686 21701 1361
21690 21688 588
21690 21691 1114
21690 21704 2434
21700 21691 2098
21700 21699 556
21700 21703 420
21689 21682 1766
21689 21688 3221
21689 21707 671
21698 21696 2556
21698 21793 434
21698 21795 1934
21709 21696 2014
21709 21697 667
21709 21711 344
21707 21689 671
21707 21697 983
21707 21706 238
21710 21697 2277
21710 22317 1124
21710 22318 2194
34503 21733 517
21745 21728 336
21745 21737 420
21750 21742 1000
21750 21748 755
21750 21751 1445
21750 21797 755
21787 21788 1558
21789 21788 787
21789 21790 201
21789 21791 1675
21482 21485 2266
21483 21485 1111
21483 21624 1091
21624 21483 1091
21624 21622 1222
21624 21634 763
21622 21476 1091
21622 21621 2445
21622 21623 1766
21622 21624 1222
21626 21619 2376
21626 21623 452
21626 21631 1031
35260 21680 549
21701 21683 924
21701 21686 1361
21701 21702 2940
22295 21683 562
22304 21683 2940
22304 21702 924
22304 22301 2269
21699 21686 473
21699 21700 556
21704 21690 2434
21704 21703 1124
21704 21705 696
21703 21700 420
21703 21704 1124
21703 22305 1444
21793 21698 434
21793 21790 434
21793 21794 836
21795 21698 1934
21795 21712 1669
21795 21809 688
21795 21810 516
21711 21709 344
21711 21712 672
21711 22315 2266
21706 21705 1000
21706 21707 238
21706 21708 787
22317 21708 1175
22317 21710 1124
22317 22325 2014
22318 21710 2194
22318 22325 889
21728 21745 336
21748 21749 2889
21748 21750 755
21751 21750 1445
21751 21770 1445
21751 34063 839
21797 21750 755
21797 21798 1004
21797 21801 1279
21790 21789 201
21790 21792 557
21790 21793 434
21791 21789 1675
21476 21475 2111
21476 21622 1091
21621 21475 1141
21621 21619 847
21621 21622 2445
21619 21620 688
21619 21621 847
21619 21625 1196
21619 21626 2376
21631 21625 1901
21631 21625 1901
21631 21626 1031
21702 21701 2940
21702 22304 924
21702 22319 504
22301 22302 475
22301 22304 2269
22301 22321 1004
21705 21704 696
21705 21706 1000
21705 22311 2519
22305 21703 1444
22305 22306 672
22305 22307 1259
21794 21793 836
21794 21796 950
21794 21809 1679
21712 21711 672
21712 21795 1669
21809 21794 1679
21809 21795 688
21809 21811 889
21810 21795 516
21810 21807 275
22315 21711 2266
21708 21706 787
21708 22313 788
21708 22317 1175
22325 22317 2014
22325 22318 889
21749 21747 764
21749 21748 2889
21749 21770 755
21770 21749 755
21770 21751 1445
21770 21800 923
34063 21751 839
34063 34285 2137
21798 21797 1004
21801 21797 1279
21801 21802 611
21801 21803 501
21801 21804 1028
21792 21790 557
21475 21476 2111
21475 21621 1141
21620 21619 688
21620 21627 1197
21625 21619 1196
21625 21631 1901
21625 21631 1901
22319 21702 504
22319 22320 649
22319 22321 1930
22302 22301 475
22321 22301 1004
22321 22319 1930
22311 21705 2519
22311 22310 702
22306 22305 672
22307 22305 1259
22307 22308 778
22307 22309 763
21796 21794 950
21796 21814 434
21796 21815 504
21811 21809 889
21811 21815 839
21811 21817 1669
21811 21818 516
21807 21808 1336
21807 21810 275
21807 21812 1445
22313 21708 788
22313 22310 2249
22313 22314 326
21747 21749 764
21800 21770 923
21800 21799 893
21800 21828 2668
34285 34063 2137
21802 21801 611
21802 21803 363
21802 21805 220
21803 21801 501
21803 21802 363
21803 21804 885
21803 34713 98
21804 21801 1028
21804 21803 885
21804 21806 712
21627 21620 1197
21627 21628 1114
22320 22319 649
22320 22322 333
22310 22309 1334
22310 22311 702
22310 22313 2249
22308 22307 778
22309 22307 763
22309 22310 1334
22309 22322 923
21814 21796 434
21814 21805 316
21815 21796 504
21815 21811 839
21815 21816 1675
21817 21811 1669
21818 21811 516
21818 21812 420
21808 21807 1336
21812 21807 1445
21812 21818 420
21812 21819 1124
21812 21820 588
22314 22313 326
21799 21800 893
21828 21777 434
21828 21800 2668
21828 21832 611
21805 21802 220
21805 21814 316
21805 34892 589
34713 21803 98
21806 21804 712
21628 21627 1114
21628 21629 1009
21628 21630 11694
22322 22309 923
22322 22320 333
22322 22324 1599
21816 21815 1675
21819 21812 1124
21820 21812 588
21820 22363 1344
21777 21775 764
21777 21785 2113
21777 21828 434
21832 21828 611
21832 21840 782
21832 21846 839
34892 21805 589
21629 21628 1009
21630 21628 11694
21630 22297 926
22324 22322 1599
22363 21820 1344
21775 21774 333
21775 21776 2237
21775 21777 764
21785 21777 2113
21785 21786 1796
21785 21841 598
21840 21832 782
21840 21841 924
21840 21847 923
21846 21832 839
22297 21630 926
22297 22299 1131
22297 22312 876
21774 21772 893
21774 21773 764
21774 21775 333
21776 21775 2237
21776 21780 847
21776 21784 1558
21776 35418 986
21786 21784 788
21786 21785 1796
21786 21843 847
21841 21785 598
21841 21840 924
21841 21842 847
21841 21848 1091
21847 21840 923
22299 22297 1131
22299 22337 776
22312 22297 876
21772 21768 1343
21772 21774 893
21773 21774 764
21780 21776 847
21780 21779 1124
21780 21781 681
21784 21776 1558
21784 21786 788
35418 21776 986
21843 21786 847
21843 21842 1268
21842 21841 847
21842 21843 1268
21848 21841 1091
22337 22299 776
21768 21772 1343
21779 21780 1124
21781 21780 681
94
21651
21657
21647
21638
21645
21641
21637
21639
21734
21736
21635
21636
21733
21737
21742
21485
21634
21640
34503
21745
21750
21482
21483
21624
21622
22318
21728
21748
21751
21797
21476
21621
21619
21712
22315
22325
21749
21770
34063
21798
21801
21475
21620
21625
21807
21747
21800
34285
21802
21803
21804
21627
21808
21812
21799
21828
21805
34713
21806
21628
22322
21819
21820
21777
21832
34892
21629
21630
22324
22363
21775
21785
21840
21846
22297
21774
21776
21786
21841
21847
22299
22312
21772
21773
21780
21784
35418
21843
21842
21848
22337
21768
21779
21781
