28
259193 259194 1361
259193 259196 496
259194 259193 1361
259194 262519 3026
259194 262520 1789
259196 259193 496
259196 262517 842
262519 259194 3026
262519 262521 2238
262519 262522 2336
262520 259194 1789
262517 259196 842
262517 262513 1245
262517 262518 2625
262521 262519 2238
262521 262523 1396
262522 262519 2336
262513 262514 1815
262513 262517 1245
262518 262517 2625
262523 262521 1396
262523 263451 140
262514 262513 1815
262514 262515 646
262514 262516 1465
263451 262523 140
262515 262514 646
262516 262514 1465
7
262521
262513
262523
262514
263451
262515
262516
