28
55152 55171 279
55171 55152 279
55165 55169 890
55169 55165 890
55206 55212 1881
55212 55206 1881
144495 144490 2497
144490 144495 2497
144490 144527 2836
144527 144490 2836
144678 142094 421
144678 144679 394
142094 144678 421
142094 144679 505
144679 142094 505
144679 144678 394
150604 143291 788
143291 150603 573
143291 150604 788
150603 143291 573
150621 150634 430
150634 150621 430
150688 150689 921
150688 150690 1680
150689 150688 921
150690 150688 1680
139908 140190 556
140190 139908 556
38
54679
54683
54664
53867
53869
56778
56779
53922
53919
55152
55171
55165
55169
55206
55212
144495
144490
144527
144541
144678
144679
144688
144690
150604
150614
143291
150603
150621
150634
150644
150656
151886
150689
139907
150690
139908
140190
140187
