24
204030 204031 624
204123 204133 41
204133 204123 41
204124 204128 1464
204128 204124 1464
204327 204652 817
204652 204327 817
203699 203700 890
203700 203699 890
203731 203734 683
203734 203731 683
203789 203795 759
203795 203789 759
203795 203798 405
203798 203795 405
203798 204008 1662
204008 203798 1662
204033 204034 760
204031 204030 624
204034 204033 760
207613 207741 278
207602 207603 751
207603 207602 751
207741 207613 278
38
151348
203682
203680
203570
203579
204030
204104
204107
204111
204123
204133
204124
204128
204327
204652
214421
203695
203699
203697
203700
203731
203734
203737
203757
203789
203795
204008
203804
204015
204033
204031
204034
207613
207825
207577
207602
207603
207741
