58
226654 226655 927
226654 226655 927
226655 226654 927
226655 226654 927
226655 226659 2113
226659 226655 2113
226659 226661 201
226661 226659 201
226661 226662 2933
226661 226663 1354
226662 226661 2933
226662 226664 1176
226662 226665 1225
226663 226661 1354
226663 226666 4447
226663 226668 827
226664 226662 1176
226665 226662 1225
226665 226666 1555
226665 226667 2242
226666 226663 4447
226666 226665 1555
226666 226667 1388
226668 226663 827
226668 226669 753
226667 226665 2242
226667 226666 1388
226667 230870 394
226669 226668 753
226669 226670 2894
230870 226667 394
230870 230865 340
226670 226669 2894
226670 226672 3671
226670 226686 1870
230865 230866 118
230865 230870 340
230865 230872 864
226672 226670 3671
226672 230895 586
226686 226670 1870
230866 230865 118
230866 230875 512
230872 230865 864
230895 226672 586
230875 230866 512
230875 230867 1452
230867 230863 403
230867 230869 660
230867 230875 1452
230863 230861 1785
230863 230867 403
230869 230867 660
230861 230862 970
230861 230863 1785
230861 230864 483
230862 230861 970
230864 230861 483
27
226654
226655
226659
226661
226662
226663
226664
226665
226666
226668
226667
226669
230870
226670
230865
226672
226686
230866
230872
230895
230875
230867
230863
230869
230861
230862
230864
