186
111207 111208 252
111207 111209 3039
111207 111898 2004
111208 111207 252
111208 111900 681
111209 111207 3039
111209 111221 1696
111209 111223 23
111898 111207 2004
111898 111233 2186
111898 111901 275
111898 111902 344
111900 111208 681
111900 111899 1700
111900 111904 2044
111900 111914 982
111221 111209 1696
111221 111222 1264
111221 111225 1055
111223 111209 23
111223 111224 2276
111233 111224 475
111233 111898 2186
111901 111898 275
111901 111904 1196
111902 111544 2103
111902 111898 344
111902 111903 201
111899 111900 1700
111899 111922 849
111904 111900 2044
111904 111901 1196
111904 111913 788
111904 111916 889
111914 111900 982
111914 111910 588
111914 111915 649
111914 111921 1786
111222 111221 1264
111225 111221 1055
111225 111224 923
111225 111237 924
111225 111238 1847
111224 111223 2276
111224 111225 923
111224 111233 475
111544 111902 2103
111903 111902 201
111903 111916 938
111922 111899 849
111922 111921 91
111913 111904 788
111913 111912 750
111913 111923 475
111916 111903 938
111916 111904 889
111916 111924 872
111916 112034 373
111910 111911 893
111910 111914 588
111915 111914 649
111921 111914 1786
111921 111922 91
111237 111225 924
111237 111236 782
111237 111239 1683
111238 111225 1847
111238 111239 782
111238 111866 588
111912 111911 737
111912 111913 750
111912 111939 889
111923 111913 475
111923 111924 750
111923 112044 737
111924 111916 872
111924 111923 750
111924 112032 1028
112034 111916 373
111911 111910 893
111911 111912 737
111236 111237 782
111236 111532 1599
111239 111237 1683
111239 111238 782
111239 111532 778
111866 111238 588
111939 111912 889
111939 111940 434
111939 111954 391
112044 111923 737
112044 111952 373
112044 111954 637
112044 112039 1834
112032 111924 1028
112032 112033 2089
112032 112039 672
111532 111236 1599
111532 111239 778
111532 111533 778
111940 111939 434
111954 111939 391
111954 112044 637
111952 111951 403
111952 111953 696
111952 112044 373
112039 112032 672
112039 112037 2111
112039 112040 889
112039 112044 1834
112033 112032 2089
112033 112037 473
111533 111532 778
111533 111867 813
111951 111950 354
111951 111952 403
111951 112045 1008
111953 111952 696
112037 112033 473
112037 112038 737
112037 112039 2111
112040 112038 1953
112040 112039 889
112040 112041 872
112040 112045 884
111867 111533 813
111950 111949 681
111950 111951 354
112045 111951 1008
112045 112040 884
112045 112048 938
112038 112037 737
112038 112040 1953
112038 112042 809
112041 112040 872
112041 112042 2015
112041 112047 336
112041 112052 1768
111949 111950 681
111949 111957 796
112048 112045 938
112042 112038 809
112042 112041 2015
112047 112041 336
112047 112051 764
112052 112041 1768
112052 112054 764
111957 111949 796
111957 111956 764
111957 112046 788
111957 112051 1139
112051 111957 1139
112051 112047 764
112051 112061 796
112054 112052 764
112054 112060 840
111956 111957 764
111956 111965 788
111956 112050 2044
112046 111957 788
112061 112050 788
112061 112051 796
112061 112060 796
112061 112062 598
112060 112054 840
112060 112059 681
112060 112061 796
111965 111956 788
111965 112049 1935
112050 111956 2044
112050 112049 764
112050 112059 713
112050 112061 788
112062 112061 598
112059 112050 713
112059 112060 681
112049 111965 1935
112049 112050 764
112049 112087 1504
112049 112088 788
112087 112049 1504
112087 112089 847
112088 112049 788
112088 112089 1375
112089 112087 847
112089 112088 1375
33
111233
111224
111544
111922
111910
111921
111911
111236
111532
111940
112033
111533
112037
111867
112038
111949
112042
112052
111957
112051
112054
111956
112046
112061
112060
111965
112050
112062
112059
112049
112087
112088
112089
