590
35359 35360 448
35359 103580 821
35360 35359 448
35360 35362 1227
103580 35359 821
103580 103570 1002
35362 35360 1227
35362 35363 478
103570 103571 572
103570 103572 2081
103570 103580 1002
103570 103589 691
35363 35362 478
103571 103569 799
103571 103570 572
103571 103573 819
103572 103473 1413
103572 103477 672
103572 103570 2081
103589 103570 691
103589 103574 689
103589 103588 159
103569 103473 1847
103569 103567 664
103569 103571 799
103569 103574 354
103573 103571 819
103473 103469 874
103473 103475 631
103473 103569 1847
103473 103572 1413
103477 103468 703
103477 103476 1111
103477 103572 672
103477 103579 869
103574 103540 1553
103574 103569 354
103574 103589 689
103574 103590 256
103588 103589 159
103567 103466 799
103567 103475 1837
103567 103569 664
103469 103468 1909
103469 103472 621
103469 103473 874
103475 103473 631
103475 103567 1837
103475 103568 823
103468 103469 1909
103468 103470 794
103468 103477 703
103468 103478 910
103476 103477 1111
103579 103477 869
103540 103466 360
103540 103535 1008
103540 103543 1230
103540 103574 1553
103590 103563 1008
103590 103574 256
103466 103462 978
103466 103467 1565
103466 103540 360
103466 103567 799
103472 103469 621
103472 103471 485
103472 103474 624
103568 103467 57
103568 103475 823
103568 103728 1108
103470 103468 794
103470 103471 1728
103470 103587 232
103478 103468 910
103535 103462 622
103535 103533 1263
103535 103540 1008
103535 103541 951
103543 103540 1230
103543 103541 967
103563 103562 168
103563 103564 3450
103563 103590 1008
103563 103595 1408
103462 103463 1105
103462 103464 1551
103462 103466 978
103462 103535 622
103467 103464 950
103467 103466 1565
103467 103568 57
103471 103470 1728
103471 103472 485
103471 103730 1430
103471 103735 516
103474 103472 624
103474 103729 807
103728 103568 1108
103728 103725 957
103728 103729 604
103587 103470 232
103587 103480 691
103587 103576 567
103533 103531 528
103533 103534 415
103533 103535 1263
103533 103539 283
103541 103535 951
103541 103539 1077
103541 103543 967
103541 103564 1491
103562 103563 168
103562 103566 324
103564 103541 1491
103564 103563 3450
103564 103565 786
103595 103563 1408
103463 103462 1105
103463 103465 1494
103463 103531 747
103463 103532 1122
103464 103462 1551
103464 103465 1337
103464 103467 950
103464 103725 1137
103730 103471 1430
103730 103729 537
103730 103731 1021
103735 103471 516
103735 103732 1648
103735 103734 538
103735 105404 594
103729 103474 807
103729 103728 604
103729 103730 537
103725 103464 1137
103725 103726 732
103725 103728 957
103725 103731 1307
103480 103479 1344
103480 103482 557
103480 103576 369
103480 103587 691
103480 103732 927
103576 103480 369
103576 103587 567
103531 103458 1943
103531 103463 747
103531 103533 528
103534 103457 1661
103534 103533 415
103534 103536 1867
103534 103539 289
103539 103533 283
103539 103534 289
103539 103537 2407
103539 103541 1077
103566 103562 324
103566 103597 965
103565 103564 786
103465 103463 1494
103465 103464 1337
103465 103724 908
103465 103727 1156
103532 103459 796
103532 103463 1122
103532 103724 1450
103731 103725 1307
103731 103730 1021
103731 105408 1022
103732 103480 927
103732 103733 611
103732 103735 1648
103734 103733 1636
103734 103735 538
103734 105421 877
105404 103735 594
105404 105405 773
105404 105419 1037
103726 103725 732
103726 103727 835
103726 105415 513
103479 103480 1344
103479 103481 904
103479 103575 1093
103479 103578 1447
103482 103480 557
103482 103481 649
103482 103733 1151
103458 103457 806
103458 103459 767
103458 103531 1943
103457 103458 806
103457 103461 909
103457 103530 1683
103457 103534 1661
103536 103530 688
103536 103534 1867
103537 103538 238
103537 103539 2407
103537 103542 416
103597 103566 965
103597 103598 759
103597 103600 1360
103724 103465 908
103724 103532 1450
103724 103723 792
103727 103465 1156
103727 103726 835
103727 105414 1206
103727 105418 1436
103459 103458 767
103459 103460 900
103459 103532 796
103459 103723 1418
105408 103731 1022
105408 105407 1000
105408 105410 829
105408 105412 344
103733 103482 1151
103733 103732 611
103733 103734 1636
103733 103736 942
105421 103734 877
105421 103736 1631
105421 105396 279
105421 105419 725
105405 105404 773
105405 105406 344
105405 105420 579
105419 105404 1037
105419 105420 896
105419 105421 725
105415 103726 513
103481 103479 904
103481 103482 649
103481 103736 1544
103481 103737 1015
103575 103479 1093
103575 103577 2229
103575 103586 975
103575 103703 1344
103578 103479 1447
103578 103577 1145
103578 103665 373
103578 103737 1781
103461 103457 909
103461 103460 1551
103461 103527 798
103461 103528 1877
103530 103457 1683
103530 103529 877
103530 103536 688
103538 103537 238
103538 103544 553
103542 103537 416
103542 103561 259
103598 103596 1366
103598 103597 759
103598 103599 1370
103598 103620 147
103600 103597 1360
103600 103599 733
103600 103604 1353
103723 103459 1418
103723 103721 890
103723 103724 792
103723 105418 1143
105414 103727 1206
105414 105411 225
105414 105412 452
105414 105413 1356
105418 103723 1143
105418 103727 1436
105418 105413 591
105418 105417 1052
103460 103459 900
103460 103461 1551
103460 103720 811
103460 103721 1405
105407 105389 788
105407 105406 889
105407 105408 1000
105407 105422 11
105410 105403 1065
105410 105408 829
105410 105411 251
105412 105408 344
105412 105411 506
105412 105414 452
103736 103481 1544
103736 103733 942
103736 103738 1160
103736 105421 1631
105396 105395 1744
105396 105397 1671
105396 105421 279
105406 105405 344
105406 105407 889
105406 105422 881
105420 105395 1798
105420 105405 579
105420 105419 896
105420 105422 1268
103737 103481 1015
103737 103578 1781
103737 103738 1444
103737 103739 1472
103577 103575 2229
103577 103578 1145
103577 103667 2249
103577 103702 1884
103586 103575 975
103703 103575 1344
103703 103701 2068
103665 103578 373
103665 103664 2384
103665 103666 1396
103527 103454 891
103527 103461 798
103527 103526 1877
103527 103720 1530
103528 103461 1877
103528 103526 763
103528 103529 1107
103529 103506 1854
103529 103528 1107
103529 103530 877
103529 103610 827
103544 103538 553
103544 103545 566
103561 103542 259
103561 103557 474
103596 103582 376
103596 103598 1366
103596 103619 153
103599 103598 1370
103599 103600 733
103599 103603 1354
103599 103614 162
103620 103598 147
103620 103625 697
103604 103559 1465
103604 103600 1353
103604 103603 742
103721 103460 1405
103721 103722 799
103721 103723 890
103721 105417 1296
105411 105352 1305
105411 105410 251
105411 105412 506
105411 105414 225
105413 105352 1068
105413 105402 1111
105413 105414 1356
105413 105418 591
105417 103721 1296
105417 105401 210
105417 105402 14
105417 105418 1052
103720 103460 811
103720 103527 1530
103720 103719 889
103720 103722 1378
105389 105388 1081
105389 105392 1480
105389 105407 788
105389 105409 824
105422 105388 1074
105422 105406 881
105422 105407 11
105422 105420 1268
105403 105354 418
105403 105366 525
105403 105410 1065
103738 103736 1160
103738 103737 1444
103738 105397 1411
105395 105388 1941
105395 105390 2305
105395 105393 860
105395 105396 1744
105395 105420 1798
105397 103738 1411
105397 105394 1543
105397 105396 1671
105397 105398 1364
103739 103666 2064
103739 103737 1472
103739 103741 1248
103739 105398 2810
103667 103577 2249
103667 103664 579
103667 103673 702
103667 103704 696
103702 103577 1884
103702 103701 279
103702 103704 1635
103701 103702 279
103701 103703 2068
103701 103706 227
103664 103665 2384
103664 103666 1936
103664 103667 579
103664 103672 1763
103666 103664 1936
103666 103665 1396
103666 103739 2064
103666 103740 1300
103454 103453 2235
103454 103455 908
103454 103527 891
103454 103719 1510
103526 103453 1000
103526 103527 1877
103526 103528 763
103506 103492 326
103506 103507 276
103506 103516 1248
103506 103529 1854
103610 103529 827
103610 103551 25
103545 103544 566
103557 103490 1356
103557 103556 457
103557 103559 1438
103557 103560 752
103557 103561 474
103582 103581 443
103582 103596 376
103619 103596 153
103619 103646 697
103603 103558 1466
103603 103599 1354
103603 103604 742
103603 103613 237
103614 103599 162
103614 103615 693
103625 103615 1355
103625 103620 697
103625 103626 902
103625 103646 1385
103559 103557 1438
103559 103558 751
103559 103604 1465
103722 103720 1378
103722 103721 799
103722 105400 982
103722 105416 896
105352 105353 1086
105352 105354 435
105352 105411 1305
105352 105413 1068
105402 105353 1452
105402 105401 221
105402 105413 1111
105402 105417 14
105401 105400 663
105401 105402 221
105401 105417 210
103719 103454 1510
103719 103715 876
103719 103720 889
103719 105416 1334
105388 105389 1081
105388 105390 2127
105388 105395 1941
105388 105422 1074
105392 105371 727
105392 105387 1396
105392 105389 1480
105409 105366 1548
105409 105371 1150
105409 105389 824
105354 105352 435
105354 105366 214
105354 105403 418
105366 105344 1675
105366 105354 214
105366 105367 495
105366 105403 525
105366 105409 1548
105390 105388 2127
105390 105391 630
105390 105395 2305
105393 105376 886
105393 105391 2508
105393 105395 860
105394 105376 934
105394 105382 1344
105394 105397 1543
105398 103739 2810
105398 105382 1574
105398 105384 1258
105398 105397 1364
103741 103739 1248
103741 103740 1968
103741 105384 2814
103741 105428 1486
103673 103667 702
103673 103668 1891
103704 103667 696
103704 103702 1635
103704 103705 1592
103706 103701 227
103672 103664 1763
103672 103671 1421
103672 103740 3106
103740 103666 1300
103740 103672 3106
103740 103741 1968
103740 103746 1434
103453 103454 2235
103453 103456 926
103453 103526 1000
103455 103454 908
103455 103456 2400
103455 103714 1022
103455 103715 1539
103492 103491 502
103492 103506 326
103507 103506 276
103516 103505 688
103516 103506 1248
103516 103515 1033
103551 103549 1358
103551 103550 329
103551 103610 25
103490 103491 305
103490 103550 250
103490 103557 1356
103556 103549 241
103556 103557 457
103560 103557 752
103560 103558 1447
103581 103582 443
103646 103619 697
103646 103625 1385
103558 103559 751
103558 103560 1447
103558 103603 1466
103613 103603 237
103615 103614 693
103615 103625 1355
103626 103625 902
105400 103722 982
105400 105401 663
105416 103719 1334
105416 103722 896
105353 105352 1086
105353 105402 1452
103715 103455 1539
103715 103719 876
105371 105367 1357
105371 105392 727
105371 105409 1150
105387 105392 1396
105344 105366 1675
105367 105366 495
105367 105371 1357
105391 105390 630
105391 105393 2508
105376 105393 886
105376 105394 934
105382 105394 1344
105382 105398 1574
105384 103741 2814
105384 105398 1258
105428 103741 1486
105428 103746 1825
103668 103673 1891
103668 103705 672
103705 103668 672
103705 103704 1592
103671 103672 1421
103746 103740 1434
103746 105428 1825
103456 103453 926
103456 103455 2400
103714 103455 1022
103491 103490 305
103491 103492 502
103505 103516 688
103515 103516 1033
103549 103551 1358
103549 103556 241
103550 103490 250
103550 103551 329
31
103490
103560
103581
103646
103558
103613
103615
103626
105400
105416
105353
103715
105371
105387
105344
105367
105391
105376
105382
105384
105428
103668
103705
103671
103746
103456
103714
103491
103505
103549
103550
