414
236825 236826 1867
236825 259375 1686
236825 259377 3043
236826 236825 1867
236826 262017 1109
259375 236825 1686
259377 236825 3043
259377 259397 8305
259377 259399 2516
262017 236826 1109
262017 262024 269
262017 262607 368
259397 259377 8305
259399 259377 2516
259399 259398 596
259399 259403 1236
262024 262017 269
262607 262017 368
259398 259399 596
259398 259400 618
259403 259399 1236
259403 259402 3723
259400 259398 618
259400 259401 5915
259402 259403 3723
259401 259400 5915
259401 259404 1110
259404 259396 2312
259404 259401 1110
259396 259390 3652
259396 259404 2312
259390 259391 3693
259390 259396 3652
259391 259390 3693
259391 263006 1924
263006 259391 1924
263006 263007 2005
263006 263737 72
263007 263006 2005
263737 263006 72
263737 263767 529
263767 263737 529
263767 263768 414
263768 259382 5172
263768 263767 414
259382 259306 2347
259382 259384 2774
259382 261646 3172
259382 263768 5172
259306 259307 2769
259306 259381 2384
259306 259382 2347
259306 259383 2103
259384 259298 5472
259384 259382 2774
259384 259385 1974
261646 259382 3172
261646 263738 1551
259307 259296 899
259307 259306 2769
259307 263009 2498
259381 259306 2384
259383 259306 2103
259298 259299 256
259298 259384 5472
259298 263011 1949
259385 259314 1168
259385 259384 1974
259385 259387 1433
263738 259389 1923
263738 261646 1551
259296 259297 3033
259296 259301 748
259296 259307 899
263009 259307 2498
259299 259298 256
259299 261427 372
259299 263743 1866
263011 259298 1949
263011 259309 579
259314 259313 846
259314 259385 1168
259314 259386 1760
259387 259385 1433
259389 259388 980
259389 263738 1923
259297 259288 1243
259297 259296 3033
259301 259296 748
259301 262909 2628
259301 263352 2627
261427 259299 372
261427 261428 925
261427 263010 2311
263743 259299 1866
259309 259308 760
259309 263011 579
259309 264225 2080
259313 259314 846
259386 259314 1760
259388 259389 980
259288 259289 630
259288 259297 1243
259288 263010 1336
262909 259301 2628
263352 259301 2627
261428 261427 925
261428 261445 555
261428 262299 1066
263010 259288 1336
263010 261427 2311
259308 259309 760
259308 259311 3049
259308 259312 2233
264225 259309 2080
259289 259288 630
259289 259295 404
261445 261428 555
261445 261446 595
261445 261979 1185
262299 261428 1066
259311 259308 3049
259311 259310 5912
259311 259793 1787
259312 259308 2233
259295 259289 404
259295 259294 1622
261446 261445 595
261979 261445 1185
259310 259311 5912
259310 259762 2879
259310 259794 2167
259793 259311 1787
259294 259290 4220
259294 259295 1622
259294 259300 2156
259762 242743 1858
259762 259310 2879
259794 259310 2167
259794 259796 3562
259794 259797 1277
259290 259291 8643
259290 259294 4220
259300 259294 2156
259300 259302 3076
259300 259305 2096
242743 242744 915
242743 259286 1588
242743 259761 2191
242743 259762 1858
259796 259794 3562
259796 259795 2469
259796 263016 2303
259797 259794 1277
259797 259798 1280
259797 259799 1607
259291 259290 8643
259291 261269 1086
259291 261269 1086
259302 259292 3892
259302 259300 3076
259302 263353 796
259305 259300 2096
242744 242743 915
259286 242743 1588
259761 242743 2191
259795 259796 2469
259795 259801 323
259795 259802 344
263016 259796 2303
259798 259797 1280
259798 259800 1816
259799 259797 1607
259799 259806 1532
259799 259807 1113
261269 259291 1086
261269 259291 1086
261269 261270 756
261269 261270 756
259292 259293 2087
259292 259302 3892
259292 259304 3665
263353 259302 796
263353 263354 182
259801 259764 2659
259801 259795 323
259801 259802 401
259802 259795 344
259802 259801 401
259802 259803 3869
259800 259798 1816
259806 259799 1532
259806 259805 1533
259807 259392 1176
259807 259799 1113
259807 263021 2309
261270 261168 2768
261270 261269 756
261270 261269 756
259293 259292 2087
259304 259292 3665
259304 259303 3473
259304 263338 6216
263354 259380 88
263354 263353 182
263354 263355 8142
259764 259765 1418
259764 259801 2659
259803 259802 3869
259803 259808 4538
259805 259806 1533
259392 259393 5755
259392 259807 1176
259392 259825 2213
263021 259807 2309
261168 249770 2254
261168 249770 2254
261168 261270 2768
259303 259304 3473
263338 259304 6216
259380 259379 163
259380 263354 88
263355 263354 8142
263355 263356 157
259765 259753 2804
259765 259764 1418
259765 263033 5429
259808 259803 4538
259808 259809 2536
259808 259810 853
259393 259392 5755
259393 263740 1109
259825 259392 2213
259825 259826 1792
259825 259827 1723
249770 249764 951
249770 259348 882
249770 259351 6006
249770 261168 2254
249770 261168 2254
259379 259380 163
263356 262020 426
263356 263355 157
259753 259282 8158
259753 259763 4247
259753 259765 2804
263033 259765 5429
259809 259808 2536
259810 259808 853
259810 263012 4511
263740 259393 1109
263740 262209 1187
259826 259825 1792
259826 259828 1906
259826 259829 2917
259827 259825 1723
249764 249765 1900
249764 249770 951
249764 259348 118
259348 249764 118
259348 249770 882
259348 259349 2978
259351 249770 6006
259351 259350 4373
259351 262608 1897
262020 262021 2444
262020 263356 426
259282 259280 1942
259282 259751 2361
259282 259753 8158
259763 259753 4247
259763 259759 2186
259763 259766 1599
263012 259810 4511
263012 259842 1188
263012 263018 4197
262209 262210 1257
262209 263740 1187
259828 259826 1906
259829 259826 2917
249765 249764 1900
249765 259346 1631
259349 259348 2978
259350 259351 4373
262608 259351 1897
262021 262020 2444
259280 259281 10265
259280 259282 1942
259280 259283 3920
259751 259282 2361
259751 259749 2529
259751 259752 1417
259759 259757 3682
259759 259760 3745
259759 259763 2186
259766 259763 1599
259766 259767 1282
259766 259768 3920
259842 259843 4079
259842 263012 1188
259842 263018 4513
263018 259842 4513
263018 263012 4197
262210 262209 1257
259346 249765 1631
259346 259345 1055
259281 259242 166
259281 259280 10265
259283 259280 3920
259283 259284 2742
259283 259285 807
259749 259123 5060
259749 259750 2010
259749 259751 2529
259752 259751 1417
259752 263015 948
259757 242745 905
259757 259758 1431
259757 259759 3682
259760 259759 3745
259760 259770 2145
259760 259775 1499
259767 259766 1282
259768 259766 3920
259768 259784 1194
259768 259785 4237
259843 259842 4079
259345 259343 2283
259345 259346 1055
259345 259347 1673
259242 259243 2607
259242 259281 166
259284 259283 2742
259285 259283 807
259123 259121 8862
259123 259749 5060
259750 259749 2010
259750 263013 1633
259750 263014 2728
263015 259752 948
242745 242746 914
242745 242750 999
242745 259757 905
259758 259757 1431
259770 259760 2145
259775 259760 1499
259775 263029 1084
259775 263030 914
259784 259768 1194
259784 263030 1758
259784 263031 1627
259785 259768 4237
259785 259786 946
259343 259341 367
259343 259345 2283
259347 259345 1673
259243 259242 2607
259243 259279 5702
259121 259115 1858
259121 259122 2213
259121 259123 8862
263013 259750 1633
263014 259750 2728
242746 242745 914
242750 242745 999
242750 259610 1331
242750 259754 881
263029 259775 1084
263030 259775 914
263030 259784 1758
263030 263032 1847
263031 259784 1627
259786 259785 946
259341 259340 2346
259341 259343 367
259341 259344 3332
259279 259243 5702
259279 262611 1569
259279 262612 1498
259115 259111 1171
259115 259121 1858
259122 259121 2213
259610 242750 1331
259610 259602 6976
259610 259611 1466
259754 242750 881
259754 259755 431
259754 259756 1844
263032 263030 1847
259340 259326 2528
259340 259334 197
259340 259341 2346
259344 259341 3332
262611 259278 777
262611 259279 1569
262611 263295 2787
262612 259279 1498
259111 259112 879
259111 259114 865
259111 259115 1171
259602 259601 600
259602 259605 1627
259602 259610 6976
259611 259610 1466
259755 259754 431
259756 259754 1844
259326 259340 2528
259334 259340 197
259278 262611 777
263295 262611 2787
259112 259111 879
259114 259111 865
259601 259602 600
259605 259602 1627
188
236826
262017
262024
262607
259390
259391
263006
263007
263737
263767
263768
259382
259306
259384
261646
259307
259381
259383
259298
259385
263738
259296
263009
259299
263011
259314
259387
259389
259297
259301
261427
263743
259309
259313
259386
259388
259288
262909
263352
261428
263010
259308
264225
259289
261445
262299
259311
259312
259295
261446
261979
259310
259793
259294
259762
259794
259290
259300
242743
259796
259797
259291
259302
259305
242744
259286
259761
259795
263016
259798
259799
261269
259292
263353
259801
259802
259800
259806
259807
261270
259293
259304
263354
259764
259803
259805
259392
263021
261168
259303
263338
259380
263355
259765
259808
259393
259825
249770
259379
263356
259753
263033
259809
259810
263740
259826
259827
249764
259348
259351
262020
259282
259763
263012
262209
259828
259829
249765
259349
259350
262608
262021
259280
259751
259759
259766
259842
263018
262210
259346
259281
259283
259749
259752
259757
259760
259767
259768
259843
259345
259242
259284
259285
259123
259750
263015
242745
259758
259770
259775
259784
259785
259343
259347
259243
259121
263013
263014
242746
242750
263029
263030
263031
259786
259341
259279
259115
259122
259610
259754
263032
259340
259344
262611
262612
259111
259602
259611
259755
259756
259326
259334
259278
263295
259112
259114
259601
259605
