56
53420 53421 611
53420 53565 287
53421 53420 611
53421 53422 1268
53565 53420 287
53422 53421 1268
53422 53452 782
53422 53453 782
53422 53458 1520
53452 53422 782
53453 53422 782
53453 53454 778
53458 53422 1520
53458 53476 758
53454 53453 778
53454 53455 1016
53454 53456 889
53476 53458 758
53455 53454 1016
53456 53454 889
53456 53466 1520
53456 53539 1095
53456 53540 667
53466 53456 1520
53466 53544 672
53539 53456 1095
53540 53456 667
53540 53541 111
53544 53466 672
53544 53545 222
53541 53540 111
53541 53542 238
53545 53544 222
53545 53546 222
53542 53541 238
53542 53543 3671
53542 53546 1516
53546 53542 1516
53546 53545 222
53546 53547 562
53546 53556 3627
53543 53542 3671
53547 53546 562
53547 53548 2446
53547 53550 1768
53556 53546 3627
53556 53555 222
53548 53547 2446
53548 53549 1334
53548 53552 1772
53550 53547 1768
53555 53556 222
53549 53548 1334
53552 53548 1772
53552 53553 452
53553 53552 452
28
53420
53421
53565
53422
53452
53453
53458
53454
53476
53455
53456
53466
53539
53540
53544
53541
53545
53542
53546
53543
53547
53556
53548
53550
53555
53549
53552
53553
