24
55863 55907 1436
55907 55863 1436
189820 189821 972
189820 189858 699
189821 189820 972
190266 190263 790
190263 190266 790
190263 190279 661
190279 190263 661
189858 189820 699
189858 189864 1286
189864 189858 1286
196169 194692 842
196227 194692 446
194692 196169 842
194692 196227 446
195881 195880 680
195880 195881 680
195880 195882 1567
195882 195880 1567
196039 196034 601
196034 196039 601
202574 202575 680
202575 202574 680
35
55829
55834
55836
55855
55863
55907
56608
189820
189821
190266
190263
190222
190265
190279
189858
189864
195411
196145
214881
196169
196227
194692
196224
195881
196239
195882
196034
196051
196053
202557
202574
202575
202578
202757
202759
