50
125406 125407 552
125406 125409 2392
125406 125412 927
125407 125406 552
125409 125406 2392
125412 125406 927
125412 125415 940
125415 125412 940
125415 125416 1104
125416 125415 1104
125416 125418 985
125416 126673 697
125416 126679 1948
125418 125416 985
125418 125417 1248
125418 125419 810
126673 125416 697
126673 126674 2088
126673 126678 1976
126679 125416 1948
126679 125421 751
126679 126678 418
126679 126682 940
125417 125418 1248
125417 125419 747
125419 125417 747
125419 125418 810
125419 125421 1615
126674 126673 2088
126674 126678 890
126678 126673 1976
126678 126674 890
126678 126679 418
125421 125419 1615
125421 126679 751
126682 126679 940
126682 126683 873
126682 126688 1624
126683 126682 873
126683 126689 1763
126683 126690 807
126688 126682 1624
126688 126689 879
126689 126683 1763
126689 126688 879
126689 126694 1010
126690 126683 807
126690 126694 1641
126694 126689 1010
126694 126690 1641
18
125409
125412
125415
125416
125418
126673
126679
125417
125419
126674
126678
125421
126682
126683
126688
126689
126690
126694
