30
84660 84661 912
84660 91620 662
82764 82765 847
82764 82766 453
82764 84752 1234
84668 84669 2889
84793 84669 448
84793 84792 677
84793 84794 347
84799 84795 782
84805 84794 357
82732 90743 1680
90743 82732 1680
81004 84670 659
84670 81004 659
84789 84775 2037
84775 84789 2037
84657 84669 1107
84661 84660 912
91620 84660 662
82765 82764 847
82766 82764 453
84752 82764 1234
84669 84657 1107
84669 84668 2889
84669 84793 448
84792 84793 677
84794 84793 347
84794 84805 357
84795 84799 782
27
84660
82764
84668
84793
84799
84797
84805
84353
90773
86879
87919
85184
86892
87834
86884
82732
81004
84670
81006
84789
84814
84812
84657
82766
84752
84792
84795
