28
15412 15413 1673
15412 15758 788
15412 15763 709
15413 15412 1673
15413 15755 747
15758 15412 788
15758 15756 1545
15763 15412 709
15763 15764 584
15755 15413 747
15755 15752 189
15755 34912 472
15756 15754 324
15756 15758 1545
15756 19475 443
15764 15763 584
15752 15753 830
15752 15754 527
15752 15755 189
34912 15755 472
15754 15752 527
15754 15756 324
15754 15757 753
19475 15756 443
19475 19596 1446
15753 15752 830
15757 15754 753
19596 19475 1446
7
15413
15755
15752
34912
15754
15753
15757
