482
172915 172916 2319
172915 172940 1098
172916 172915 2319
172916 176643 2506
172916 185290 2403
172940 172915 1098
172940 172939 688
172940 172941 336
176643 172916 2506
176643 176644 124
176643 176645 972
185290 172916 2403
185290 174999 3072
185290 179922 1501
172939 172938 1182
172939 172940 688
172939 172942 905
172941 172937 951
172941 172940 336
172941 177727 562
176644 176643 124
176644 177725 1570
176644 178043 530
176645 176643 972
174999 175000 873
174999 177869 598
174999 185290 3072
179922 179920 1901
179922 179929 1447
179922 185290 1501
172938 172937 782
172938 172939 1182
172938 172943 927
172942 172939 905
172942 172943 1529
172942 185404 452
172937 172935 931
172937 172938 782
172937 172941 951
177727 172941 562
177727 177726 1248
177727 177728 599
177725 176644 1570
177725 177726 2676
177725 178042 684
178043 176644 530
175000 174999 873
177869 174999 598
177869 177870 252
179920 179916 2504
179920 179921 1085
179920 179922 1901
179929 177870 2668
179929 179922 1447
179929 179928 681
172943 172938 927
172943 172942 1529
172943 185405 452
185404 172942 452
172935 172934 336
172935 172936 806
172935 172937 931
177726 177725 2676
177726 177727 1248
177726 177976 2007
177728 177727 599
177728 177729 708
177728 177730 2262
178042 177725 684
177870 177869 252
177870 177871 848
177870 179929 2668
179916 179897 1786
179916 179905 403
179916 179918 1808
179916 179920 2504
179921 179919 847
179921 179920 1085
179921 185288 1627
179928 177871 2679
179928 179927 840
179928 179929 681
185405 172943 452
172934 172932 764
172934 172935 336
172934 172948 2224
172936 172935 806
172936 172958 373
177976 177726 2007
177976 177975 1160
177976 177977 1631
177729 177728 708
177729 177730 2016
177729 178046 1437
177730 177728 2262
177730 177729 2016
177730 178047 688
177871 177870 848
177871 177872 551
177871 179928 2679
179897 179899 681
179897 179916 1786
179897 179923 756
179905 179903 2272
179905 179904 1608
179905 179916 403
179918 179916 1808
179918 179919 1265
179918 179930 893
179919 179918 1265
179919 179921 847
179919 180013 1092
185288 179921 1627
185288 185289 1022
179927 179925 2380
179927 179928 840
172932 172933 420
172932 172934 764
172932 172961 1094
172948 172934 2224
172948 172949 848
172958 172936 373
172958 172959 504
172958 177731 511
177975 177972 847
177975 177976 1160
177975 178047 1395
177977 177976 1631
178046 177729 1437
178047 177730 688
178047 177975 1395
178047 178049 435
177872 177824 1481
177872 177871 551
179899 179897 681
179899 179900 841
179899 179917 1336
179923 179897 756
179903 179825 1433
179903 179901 2002
179903 179905 2272
179904 179817 2543
179904 179905 1608
179904 179932 242
179930 179918 893
179930 179931 2356
179930 180012 238
180013 179919 1092
185289 185288 1022
179925 179926 1416
179925 179927 2380
172933 172932 420
172933 172956 840
172961 172932 1094
172961 172949 913
172949 172948 848
172949 172950 1433
172949 172961 913
172959 172957 848
172959 172958 504
172959 177731 511
177731 172958 511
177731 172959 511
177731 177732 445
177972 177973 818
177972 177975 847
177972 186072 471
178049 178047 435
177824 177825 1917
177824 177872 1481
179900 179899 841
179900 179901 1008
179900 185556 1447
179917 179899 1336
179825 179806 2007
179825 179824 344
179825 179903 1433
179901 179806 1517
179901 179900 1008
179901 179903 2002
179817 179816 947
179817 179821 1015
179817 179824 344
179817 179904 2543
179932 179904 242
179932 179941 296
179931 179930 2356
179931 179941 258
180012 179930 238
180012 180008 1592
180012 180008 1592
179926 179925 1416
172956 172933 840
172956 172957 796
172956 172960 168
172950 172949 1433
172950 172951 1114
172957 172956 796
172957 172959 848
172957 177733 712
177732 177731 445
177732 177733 979
177973 177972 818
177973 177974 1223
186072 177971 203
186072 177971 203
186072 177972 471
177825 177824 1917
185556 179900 1447
179806 179807 1222
179806 179808 931
179806 179825 2007
179806 179901 1517
179824 179817 344
179824 179825 344
179824 179908 2477
179816 179817 947
179816 179818 1015
179816 179864 1558
179821 179810 2272
179821 179817 1015
179821 179823 1004
179941 179931 258
179941 179932 296
180008 180007 893
180008 180012 1592
180008 180012 1592
172960 172952 562
172960 172956 168
172960 172963 516
172951 172950 1114
172951 172952 222
172951 172962 869
177733 172957 712
177733 177732 979
177974 177973 1223
177971 186072 203
177971 186072 203
179807 179791 344
179807 179793 420
179807 179806 1222
179807 179894 1600
179808 179806 931
179808 179809 2185
179808 179822 672
179908 179824 2477
179818 179816 1015
179818 179819 1182
179818 179872 1445
179864 179816 1558
179864 179865 782
179864 179872 924
179810 179811 1004
179810 179812 931
179810 179821 2272
179823 179811 2272
179823 179821 1004
179823 179822 782
180007 180008 893
172952 172951 222
172952 172960 562
172963 172960 516
172963 172964 599
172963 177734 1919
172962 172951 869
179791 179790 354
179791 179805 445
179791 179807 344
179793 179790 222
179793 179794 2949
179793 179807 420
179894 179807 1600
179894 179895 782
179894 179902 1098
179809 179785 1014
179809 179808 2185
179809 179813 782
179822 179808 672
179822 179813 2188
179822 179823 782
179819 179818 1182
179819 179820 931
179819 179871 2790
179872 179818 1445
179872 179864 924
179865 179864 782
179865 179866 782
179865 179937 931
179811 179810 1004
179811 179813 778
179811 179823 2272
179812 179784 2237
179812 179810 931
179812 179814 782
172964 172963 599
172964 172965 1529
172964 173122 562
177734 172963 1919
177734 177735 599
179790 179791 354
179790 179792 1028
179790 179793 222
179805 179791 445
179805 179804 1447
179805 179896 681
179794 179735 848
179794 179793 2949
179794 179795 2510
179895 179894 782
179895 179896 924
179895 179911 1336
179902 179894 1098
179902 179910 713
179785 179735 1114
179785 179784 333
179785 179809 1014
179813 179809 782
179813 179811 778
179813 179822 2188
179820 179814 354
179820 179819 931
179820 179853 1565
179871 179819 2790
179866 177714 94
179866 179865 782
179866 179936 1612
179937 179865 931
179937 179938 1265
179937 179939 782
179784 179750 599
179784 179785 333
179784 179812 2237
179814 179812 782
179814 179815 840
179814 179820 354
172965 172964 1529
172965 172966 420
172965 173121 562
173122 172964 562
173122 173121 1529
173122 178064 782
177735 177734 599
179792 179790 1028
179804 177866 1447
179804 179805 1447
179896 179805 681
179896 179895 924
179896 185297 782
179735 179736 1268
179735 179737 3224
179735 179785 1114
179735 179794 848
179795 179782 2445
179795 179794 2510
179795 179796 1556
179911 179895 1336
179910 179902 713
179853 179820 1565
179853 179854 1092
179853 185555 672
177714 177715 128
177714 178473 289
177714 179866 94
179936 179866 1612
179938 179937 1265
179939 179937 782
179939 179940 1280
179750 179742 889
179750 179749 2614
179750 179784 599
179815 179742 2002
179815 179814 840
179815 179839 252
172966 172965 420
172966 172967 1033
172966 177738 1454
173121 172965 562
173121 173122 1529
173121 177736 796
178064 173122 782
178064 178065 764
178064 185525 688
177866 179804 1447
185297 179896 782
179736 179735 1268
179736 179739 1675
179736 179740 1182
179737 179646 931
179737 179735 3224
179737 179749 1336
179782 179739 238
179782 179783 1124
179782 179795 2445
179796 179795 1556
179854 179837 818
179854 179840 1223
179854 179853 1092
179854 179859 796
185555 179853 672
177715 177714 128
177715 179944 373
178473 177714 289
179940 179939 1280
179742 179741 848
179742 179750 889
179742 179815 2002
179749 179644 931
179749 179737 1336
179749 179750 2614
179839 179815 252
179839 179831 599
179839 179837 924
172967 172966 1033
172967 172968 1014
172967 178062 1466
177738 172966 1454
177738 178062 951
177736 173121 796
177736 177737 445
177736 178065 681
178065 177736 681
178065 178064 764
178065 185526 672
185525 178064 688
179739 177785 4943
179739 179736 1675
179739 179782 238
179740 179736 1182
179646 179644 1336
179646 179645 681
179646 179737 931
179646 179738 2251
179783 177773 238
179783 179782 1124
179783 179797 2293
179837 179838 1258
179837 179839 924
179837 179854 818
179840 179787 2092
179840 179835 796
179840 179838 713
179840 179854 1223
179859 179835 1223
179859 179854 796
179859 179858 713
179944 177715 373
179944 179942 672
179944 179945 291
179741 179742 848
179741 179743 840
179741 179831 1780
179644 179643 1111
179644 179646 1336
179644 179749 931
179831 179741 1780
179831 179832 869
179831 179839 599
172968 172967 1014
178062 172967 1466
178062 177738 951
177737 177736 445
185526 178065 672
177785 179739 4943
179645 179643 2453
179645 179646 681
179738 179646 2251
177773 179783 238
179797 179783 2293
179838 179837 1258
179838 179840 713
179787 179840 2092
179835 179840 796
179835 179859 1223
179858 179859 713
179942 179944 672
179945 179944 291
179743 179741 840
179743 179832 2002
179643 179644 1111
179643 179645 2453
179832 179743 2002
179832 179831 869
200
172915
172916
172940
176643
185290
172939
172941
176644
176645
174999
179922
172938
172942
172937
177727
177725
178043
175000
177869
179920
179929
172943
185404
172935
177726
177728
178042
177870
179916
179921
179928
185405
172934
172936
177976
177729
177730
177871
179897
179905
179918
179919
185288
179927
172932
172948
172958
177975
177977
178046
178047
177872
179899
179923
179903
179904
179930
180013
185289
179925
172933
172961
172949
172959
177731
177972
178049
177824
179900
179917
179825
179901
179817
179932
179931
180012
179926
172956
172950
172957
177732
177973
186072
177825
185556
179806
179824
179816
179821
179941
180008
172960
172951
177733
177974
177971
179807
179808
179908
179818
179864
179810
179823
180007
172952
172963
172962
179791
179793
179894
179809
179822
179819
179872
179865
179811
179812
172964
177734
179790
179805
179794
179895
179902
179785
179813
179820
179871
179866
179937
179784
179814
172965
173122
177735
179792
179804
179896
179735
179795
179911
179910
179853
177714
179936
179938
179939
179750
179815
172966
173121
178064
177866
185297
179736
179737
179782
179796
179854
185555
177715
178473
179940
179742
179749
179839
172967
177738
177736
178065
185525
179739
179740
179646
179783
179837
179840
179859
179944
179741
179644
179831
172968
178062
177737
185526
177785
179645
179738
177773
179797
179838
179787
179835
179858
179942
179945
179743
179643
179832
