500
160141 160142 445
160141 160143 1897
160141 164597 837
160142 160141 445
160142 164646 333
160143 160141 1897
160143 160144 452
160143 164612 1075
164597 160141 837
164597 164598 673
164597 164612 581
164646 160142 333
164646 164647 1111
164646 164870 1102
160144 160143 452
160144 160145 1161
160144 164661 436
164612 160143 1075
164612 164597 581
164612 164611 872
164598 164597 673
164598 164599 1081
164598 164600 613
164647 164646 1111
164647 164648 2015
164647 164871 1308
164647 164877 672
164870 164646 1102
164870 164871 905
164870 164880 683
164870 164920 796
160145 160144 1161
160145 160146 1657
160145 164587 782
160145 164588 4021
164661 160144 436
164611 164609 985
164611 164612 872
164611 164864 1055
164599 164598 1081
164600 164598 613
164600 164601 829
164600 164602 811
164600 164624 808
164648 164647 2015
164648 164649 404
164648 164652 829
164871 164647 1308
164871 164870 905
164871 164876 796
164877 164647 672
164877 164653 893
164877 164876 1367
164880 164870 683
164880 164879 1612
164880 164902 791
164880 164919 1592
164920 164870 796
160146 160145 1657
160146 164866 1229
164587 160145 782
164587 164664 1124
164588 160145 4021
164588 161403 2840
164588 164660 581
164609 164610 1399
164609 164611 985
164609 172436 631
164609 172437 951
164864 164611 1055
164601 164600 829
164602 164600 811
164602 164603 751
164602 172160 751
164624 164600 808
164649 164648 404
164649 164650 1587
164649 164651 452
164652 164648 829
164652 164653 1012
164652 164878 374
164876 164684 796
164876 164871 796
164876 164877 1367
164876 164879 791
164653 164652 1012
164653 164654 889
164653 164684 1471
164653 164877 893
164879 164876 791
164879 164880 1612
164879 164901 767
164879 164959 1375
164902 164880 791
164902 164901 1719
164902 164904 767
164902 164918 1467
164919 164880 1592
164866 160146 1229
164866 164861 713
164866 164865 1261
164664 164587 1124
164664 164665 1662
164664 164764 562
161403 161402 789
161403 161404 1166
161403 161412 475
161403 164588 2840
164660 164510 556
164660 164588 581
164660 164663 2565
164610 164609 1399
172436 164609 631
172436 172431 791
172436 172435 796
172436 172441 1323
172437 164609 951
164603 164602 751
164603 164604 355
164603 172159 811
172160 164602 751
164650 164649 1587
164651 164649 452
164878 164652 374
164684 164653 1471
164684 164685 688
164684 164876 796
164654 164653 889
164654 164685 1695
164654 164883 672
164901 164879 767
164901 164902 1719
164901 164903 767
164901 164957 1140
164959 164879 1375
164959 164881 678
164959 164958 202
164904 164902 767
164904 164903 1719
164904 164915 767
164904 164917 1357
164918 164902 1467
164861 164860 61
164861 164862 710
164861 164866 713
164865 164859 688
164865 164866 1261
164865 164913 631
164665 164664 1662
164665 164666 475
164665 164768 747
164665 164770 1695
164764 164664 562
164764 164763 759
164764 164765 782
164764 164768 1459
161402 161403 789
161402 161409 1768
161404 161403 1166
161404 161405 4345
161412 161403 475
161412 161413 1105
161412 161432 562
164510 161429 739
164510 161433 1065
164510 164660 556
164510 164662 552
164510 172432 747
164663 164660 2565
172431 161430 631
172431 172430 581
172431 172434 1293
172431 172436 791
172435 172436 796
172441 172436 1323
164604 164603 355
164604 164605 1055
164604 164606 337
172159 164603 811
164685 164654 1695
164685 164684 688
164685 164881 169
164883 164630 169
164883 164654 672
164883 164882 1802
164883 164888 796
164903 164901 767
164903 164904 1719
164903 164921 872
164903 164954 924
164957 164897 1891
164957 164901 1140
164957 164953 631
164957 164958 552
164881 164685 169
164881 164882 893
164881 164959 678
164958 164896 1786
164958 164957 552
164958 164959 202
164915 164904 767
164915 164914 552
164915 164916 1357
164915 164921 1636
164917 164904 1357
164860 164843 374
164860 164859 1121
164860 164861 61
164860 172872 58
164862 164861 710
164859 164858 710
164859 164860 1121
164859 164865 688
164913 164865 631
164913 164912 374
164913 164914 1505
164913 164940 552
164666 164665 475
164768 164665 747
164768 164761 1775
164768 164764 1459
164768 164767 713
164770 164665 1695
164770 164761 713
164770 172152 1105
164763 164762 1004
164763 164764 759
164763 164789 710
164765 164764 782
164765 164766 333
164765 164767 1261
161409 161402 1768
161409 161410 829
161409 164578 2348
161409 164585 710
161405 161404 4345
161405 161406 1264
161405 172425 667
161413 161412 1105
161432 161412 562
161432 161433 1892
161429 161430 885
161429 164510 739
161433 161432 1892
161433 164510 1065
164662 164510 552
172432 164510 747
161430 161429 885
161430 161431 2861
161430 172431 631
172430 172431 581
172434 172431 1293
164605 164604 1055
164606 164604 337
164606 164607 355
164606 172156 344
164630 164631 1053
164630 164883 169
164882 164881 893
164882 164883 1802
164882 164887 672
164888 164883 796
164888 164887 1744
164888 164895 782
164921 164903 872
164921 164915 1636
164921 164937 684
164921 164955 893
164954 164903 924
164954 164953 202
164954 164955 710
164897 164898 159
164897 164957 1891
164897 164960 674
164953 164952 672
164953 164954 202
164953 164957 631
164896 164887 791
164896 164898 277
164896 164958 1786
164914 164913 1505
164914 164915 552
164914 164938 421
164916 164915 1357
164843 164842 558
164843 164860 374
172872 164860 58
164858 164857 374
164858 164859 710
164858 164912 344
164912 164858 344
164912 164911 1065
164912 164913 374
164940 164913 552
164940 164938 1323
164940 164939 710
164761 164667 752
164761 164760 818
164761 164768 1775
164761 164770 713
164767 164757 924
164767 164760 1813
164767 164765 1261
164767 164768 713
172152 164770 1105
164762 164763 1004
164762 164766 767
164762 164790 683
164762 164793 893
164789 164763 710
164789 164788 767
164789 164790 1114
164789 164856 222
164766 164762 767
164766 164765 333
164766 164769 667
161410 161409 829
161410 161411 1293
161410 164532 2273
161410 164533 752
164578 161409 2348
164578 164532 710
164578 164577 951
164578 164593 790
164585 161409 710
164585 164586 1768
164585 164593 2377
164585 164595 710
161406 161405 1264
161406 161407 3271
161406 161408 1222
172425 161405 667
161431 161428 4738
161431 161430 2861
164607 164606 355
164607 164608 1293
164607 172438 276
172156 164606 344
172156 172157 924
172156 172158 940
164631 164630 1053
164631 164632 573
164631 164633 989
164887 164882 672
164887 164888 1744
164887 164896 791
164895 164886 548
164895 164888 782
164895 164894 2754
164937 164921 684
164937 164936 1447
164937 164956 1780
164955 164921 893
164955 164954 710
164955 164956 928
164898 164896 277
164898 164897 159
164898 172837 68
164960 164897 674
164960 164951 1447
164960 164952 1447
164960 164963 2108
164952 164951 1065
164952 164953 672
164952 164960 1447
164938 164914 421
164938 164936 404
164938 164940 1323
164842 164841 789
164842 164843 558
164842 164905 1735
164857 164858 374
164857 164905 475
164911 164912 1065
164939 164910 355
164939 164940 710
164939 164941 1323
164667 164595 791
164667 164668 1544
164667 164742 2377
164667 164761 752
164760 164758 713
164760 164761 818
164760 164767 1813
164757 164750 818
164757 164758 1743
164757 164767 924
164757 164769 985
164790 164762 683
164790 164789 1114
164790 164791 893
164793 164762 893
164793 164791 683
164793 164794 445
164788 164787 1798
164788 164789 767
164788 164850 1028
164856 164789 222
164769 164757 985
164769 164766 667
164769 164786 562
161411 161410 1293
164532 161410 2273
164532 164534 829
164532 164578 710
164533 161410 752
164533 164534 2244
164533 164580 953
164533 164583 1055
164577 164578 951
164577 164579 1028
164577 164589 1293
164577 164591 790
164593 164578 790
164593 164585 2377
164593 164591 951
164593 164594 710
164586 164585 1768
164595 164585 710
164595 164594 2377
164595 164596 1742
164595 164667 791
161407 161406 3271
161407 212366 1281
161408 161406 1222
161408 161428 2576
161428 161408 2576
161428 161431 4738
164608 164607 1293
172438 164607 276
172438 172439 477
172438 172442 1293
172157 172156 924
172158 172156 940
164632 164631 573
164633 164631 989
164886 164874 244
164886 164884 124
164886 164895 548
164894 164895 2754
164894 164899 893
164894 164962 1534
164894 172837 894
164936 164937 1447
164936 164938 404
164936 164941 337
164956 164937 1780
164956 164955 928
172837 164894 894
172837 164898 68
164951 164950 1226
164951 164952 1065
164951 164960 1447
164963 164950 778
164963 164960 2108
164963 164961 672
164841 164842 789
164905 164842 1735
164905 164857 475
164910 164939 355
164941 164936 337
164941 164939 1323
164668 164667 1544
164742 164667 2377
164758 164757 1743
164758 164760 713
164750 164757 818
164791 164790 893
164791 164793 683
164794 164786 759
164794 164793 445
164787 164788 1798
164850 164788 1028
164786 164769 562
164786 164794 759
164534 164532 829
164534 164533 2244
164580 164533 953
164583 164533 1055
164579 164577 1028
164589 164577 1293
164591 164577 790
164591 164593 951
164594 164593 710
164594 164595 2377
164596 164595 1742
212366 161407 1281
172439 172438 477
172442 172438 1293
164874 164886 244
164884 164886 124
164884 164899 2718
164899 164884 2718
164899 164894 893
164962 164894 1534
164962 164961 1438
164950 164951 1226
164950 164963 778
164961 164962 1438
164961 164963 672
29
164633
164841
164905
164910
164941
164668
164742
164758
164750
164791
164794
164787
164850
164786
164534
164580
164583
164579
164589
164591
164594
212366
172439
164874
164884
164899
164962
164950
164961
