608
194820 194821 286
194820 196984 1823
194820 197017 533
194820 197020 549
194821 194820 286
194821 197020 556
194821 197084 779
194821 202121 387
196984 194820 1823
196984 202100 395
196984 202101 1047
196984 202102 846
197017 194820 533
197017 197012 1474
197017 197016 479
197020 194820 549
197020 194821 556
197020 197013 1036
197084 194821 779
197084 202101 802
197084 202127 1383
202121 194821 387
202121 197086 908
202100 196984 395
202100 202099 695
202101 196984 1047
202101 197084 802
202101 202129 1393
202101 202130 774
202102 196984 846
202102 202130 723
202102 202131 937
197012 196996 1757
197012 197011 1015
197012 197013 763
197012 197017 1474
197016 197017 479
197016 214635 836
197013 197012 763
197013 197014 942
197013 197019 836
197013 197020 1036
202127 197084 1383
202127 197086 759
202127 202129 704
197086 197022 709
197086 202121 908
197086 202127 759
197086 202128 915
202099 196983 261
202099 202098 775
202099 202100 695
202129 202101 1393
202129 202127 704
202129 202132 889
202130 202101 774
202130 202102 723
202130 202132 1389
202130 202142 715
202131 202102 937
202131 202142 330
202131 202145 601
196996 196994 277
196996 196998 706
196996 197012 1757
197011 197010 243
197011 197012 1015
214635 197016 836
197014 196998 881
197014 197013 942
197014 197015 1193
197019 197013 836
197019 197022 686
197022 197019 686
197022 197021 769
197022 197086 709
202128 197015 2221
202128 197086 915
202128 202133 2308
202128 202134 590
196983 196975 299
196983 196976 986
196983 202099 261
202098 196979 745
202098 202097 1095
202098 202099 775
202132 202129 889
202132 202130 1389
202132 202133 675
202132 202144 692
202142 202130 715
202142 202131 330
202142 202143 621
202145 202120 261
202145 202131 601
202145 202147 583
196994 196993 607
196994 196996 277
196994 196997 1757
196998 196996 706
196998 196999 1757
196998 197014 881
196998 197023 973
197010 196990 570
197010 197011 243
197015 197014 1193
197015 197023 750
197015 202128 2221
197021 197022 769
202133 202128 2308
202133 202132 675
202133 202146 832
202133 202151 1938
202134 197026 2683
202134 202128 590
202134 202135 1020
202134 202146 2348
196975 196961 1750
196975 196979 834
196975 196983 299
196976 196960 1437
196976 196977 1112
196976 196983 986
196979 196974 1838
196979 196975 834
196979 196978 736
196979 202098 745
202097 196978 1437
202097 202096 825
202097 202098 1095
202144 202132 692
202144 202143 787
202144 202150 1142
202143 202142 621
202143 202144 787
202143 202148 1061
202120 202119 911
202120 202145 261
202120 202250 2575
202147 202145 583
202147 202148 553
202147 202149 1945
196993 196989 336
196993 196994 607
196993 196995 893
196997 196092 750
196997 196101 1453
196997 196994 1757
196997 196999 955
196999 196101 1663
196999 196997 955
196999 196998 1757
196999 197002 1227
196999 197003 1031
197023 196998 973
197023 197003 683
197023 197015 750
197023 197024 791
196990 196959 238
196990 196977 1253
196990 196991 943
196990 196992 466
196990 197010 570
202146 202133 832
202146 202134 2348
202146 202152 1852
202146 202154 932
202151 202133 1938
202151 202150 707
202151 202152 808
202151 202358 1419
197026 197024 679
197026 197025 684
197026 202134 2683
197026 202136 1002
202135 197087 724
202135 202134 1020
202135 202136 1954
202135 202154 2373
196961 196955 1552
196961 196960 938
196961 196974 796
196961 196975 1750
196960 196953 1545
196960 196961 938
196960 196962 736
196960 196976 1437
196977 196962 730
196977 196976 1112
196977 196990 1253
196974 196949 1617
196974 196961 796
196974 196967 745
196974 196979 1838
196978 196967 1822
196978 196973 761
196978 196979 736
196978 202097 1437
202096 196973 1947
202096 202092 1110
202096 202097 825
202096 202116 607
202150 202144 1142
202150 202148 827
202150 202151 707
202150 202357 1788
202148 202143 1061
202148 202147 553
202148 202150 827
202119 202118 573
202119 202120 911
202119 202248 2511
202250 202120 2575
202250 202149 1339
202250 202248 790
202250 202251 1188
202149 202147 1945
202149 202250 1339
202149 202258 1347
202149 202357 556
196989 196092 1727
196989 196988 607
196989 196993 336
196995 196993 893
196995 214633 534
196995 214634 417
196092 196091 813
196092 196093 2442
196092 196989 1727
196092 196997 750
196101 196096 955
196101 196997 1453
196101 196999 1663
197002 196999 1227
197002 197000 819
197002 197004 880
197002 197005 1216
197003 196999 1031
197003 197004 1674
197003 197023 683
197024 197023 791
197024 197025 466
197024 197026 679
196959 196958 1475
196959 196962 880
196959 196990 238
196991 196957 1453
196991 196985 1056
196991 196990 943
196992 196990 466
202152 202146 1852
202152 202151 808
202152 202153 706
202152 202361 1494
202154 202135 2373
202154 202146 932
202154 202153 1935
202154 202155 664
202358 202151 1419
202358 202357 793
202358 202361 810
197025 197009 933
197025 197024 466
197025 197026 684
202136 197026 1002
202136 197032 364
202136 202135 1954
197087 197032 1609
197087 202135 724
197087 202139 785
197087 202155 2203
196955 195968 1983
196955 196949 761
196955 196953 781
196955 196961 1552
196953 195984 1829
196953 196955 781
196953 196956 912
196953 196960 1545
196962 196956 1625
196962 196959 880
196962 196960 736
196962 196977 730
196949 195971 1918
196949 196952 639
196949 196955 761
196949 196974 1617
196967 196952 1584
196967 196968 691
196967 196974 745
196967 196978 1822
196973 196968 1698
196973 196978 761
196973 196982 781
196973 202096 1947
202092 196982 1224
202092 202095 219
202092 202096 1110
202116 202096 607
202116 202114 1475
202116 202117 466
202357 202149 556
202357 202150 1788
202357 202358 793
202357 202359 539
202118 202119 573
202118 202247 2516
202248 202119 2511
202248 202247 590
202248 202250 790
202248 202257 876
202251 202250 1188
202251 202256 1020
202251 202258 368
202251 202283 1349
202258 202149 1347
202258 202251 368
202258 202260 932
196988 196091 1744
196988 196987 201
196988 196989 607
214633 196995 534
214634 196995 417
196091 196082 2871
196091 196090 814
196091 196092 813
196091 196988 1744
196093 196082 867
196093 196092 2442
196093 196096 346
196096 196093 346
196096 196094 1143
196096 196097 363
196096 196101 955
197000 196100 1044
197000 197002 819
197000 197006 1705
197004 197002 880
197004 197003 1674
197004 197009 759
197005 197002 1216
197005 197006 834
197005 197007 779
196958 196956 665
196958 196957 781
196958 196959 1475
196957 196087 1069
196957 196958 781
196957 196991 1453
196985 196087 750
196985 196089 925
196985 196986 216
196985 196991 1056
202153 202152 706
202153 202154 1935
202153 202159 799
202153 202363 1371
202361 202152 1494
202361 202358 810
202361 202362 466
202155 197087 2203
202155 202154 664
202155 202156 809
202155 202159 1956
197009 197004 759
197009 197007 1028
197009 197025 933
197009 197027 1111
197032 197033 927
197032 197087 1609
197032 202136 364
202139 197033 986
202139 197087 785
202139 202140 724
202139 202156 2291
195968 195967 2554
195968 195971 797
195968 195984 724
195968 196955 1983
195984 195968 724
195984 195969 1429
195984 195983 781
195984 196953 1829
196956 196953 912
196956 196954 1067
196956 196958 665
196956 196962 1625
195971 195968 797
195971 195970 2785
195971 195973 744
195971 196949 1918
196952 195973 1956
196952 196949 639
196952 196950 933
196952 196967 1584
196968 196950 1894
196968 196967 691
196968 196970 852
196968 196973 1698
196982 196970 1838
196982 196973 781
196982 202089 892
196982 202092 1224
202095 202092 219
202095 202094 793
202095 202112 1616
202114 202113 701
202114 202116 1475
202114 202240 1061
202117 202116 466
202117 202245 2432
202359 202260 796
202359 202357 539
202359 202360 2084
202247 202118 2516
202247 202246 305
202247 202248 590
202247 202249 901
202257 202248 876
202257 202256 638
202256 202251 1020
202256 202253 416
202256 202257 638
202283 202251 1349
202283 202282 1743
202283 202285 710
202283 202287 809
202260 202258 932
202260 202359 796
202260 202365 2084
202260 202376 779
196987 196986 61
196987 196988 201
196082 196079 955
196082 196091 2871
196082 196093 867
196090 196081 1086
196090 196091 814
196094 196084 759
196094 196095 3128
196094 196096 1143
196097 196096 363
196097 196098 801
196097 196100 354
196100 196097 354
196100 197000 1044
196100 197001 2074
197006 197000 1705
197006 197005 834
197006 197034 197
197007 197005 779
197007 197008 749
197007 197009 1028
196087 195987 1010
196087 196088 846
196087 196957 1069
196087 196985 750
196089 196088 929
196089 196985 925
196986 196985 216
196986 196987 61
202159 202153 799
202159 202155 1956
202159 202160 844
202159 202364 1511
202363 202153 1371
202363 202362 338
202363 202364 706
202362 202360 872
202362 202361 466
202362 202363 338
202156 202139 2291
202156 202155 809
202156 202157 783
202156 202161 1695
197027 197009 1111
197027 197061 1037
197027 197063 660
197033 197032 927
197033 197063 1863
197033 202139 986
197033 202140 1235
202140 197033 1235
202140 197090 439
202140 202139 724
202140 202141 573
195967 195961 244
195967 195965 781
195967 195968 2554
195969 195965 1277
195969 195976 751
195969 195984 1429
195983 195976 1340
195983 195977 735
195983 195984 781
195983 196954 767
196954 195983 767
196954 195987 2478
196954 196956 1067
195970 195939 403
195970 195941 462
195970 195961 741
195970 195971 2785
195973 195971 744
195973 195972 2081
195973 196948 867
195973 196952 1956
196950 196948 1766
196950 196952 933
196950 196968 1894
196950 196969 835
196970 196968 852
196970 196969 1885
196970 196971 745
196970 196982 1838
202089 196971 1846
202089 196982 892
202089 202093 691
202089 202094 670
202094 202089 670
202094 202093 893
202094 202095 793
202094 202107 1444
202112 202095 1616
202112 202107 368
202112 202113 164
202113 202112 164
202113 202114 701
202240 202114 1061
202240 202245 804
202245 202117 2432
202245 202240 804
202245 202246 148
202360 202359 2084
202360 202362 872
202360 202365 796
202246 202245 148
202246 202247 305
202249 202247 901
202253 202256 416
202253 202282 534
202282 202253 534
202282 202283 1743
202285 202283 710
202287 202283 809
202287 202376 802
202365 202260 2084
202365 202360 796
202376 202260 779
202376 202287 802
196079 196081 2250
196079 196082 955
196081 196079 2250
196081 196090 1086
196084 196094 759
196095 196094 3128
196098 196097 801
197001 196100 2074
197001 197034 328
197034 197001 328
197034 197006 197
197008 197007 749
197008 197061 608
195987 196087 1010
195987 196954 2478
196088 196087 846
196088 196089 929
202160 202159 844
202160 202161 346
202364 202159 1511
202364 202363 706
202157 202141 1592
202157 202156 783
202161 202156 1695
202161 202160 346
197061 197008 608
197061 197027 1037
197063 197027 660
197063 197033 1863
197090 202140 439
197090 202141 844
202141 197090 844
202141 202140 573
202141 202157 1592
195961 195939 675
195961 195967 244
195961 195970 741
195965 195967 781
195965 195969 1277
195976 195969 751
195976 195983 1340
195977 195983 735
195939 195961 675
195939 195970 403
195941 195970 462
195941 195972 434
195972 195941 434
195972 195973 2081
196948 195973 867
196948 196950 1766
196969 196950 835
196969 196970 1885
196971 196970 745
196971 202089 1846
202093 202089 691
202093 202094 893
202107 202094 1444
202107 202112 368
41
202113
202240
202245
202360
202246
202249
202253
202282
202285
202287
202365
202376
196079
196081
196084
196095
196098
197001
197034
197008
195987
196088
202160
202364
202157
202161
197061
197063
197090
202141
195965
195976
195977
195939
195941
195972
196948
196969
196971
202093
202107
