52
156694 156695 374
156694 156696 511
156694 156973 1545
156695 156694 374
156696 156694 511
156696 156972 3098
156973 156694 1545
156973 156972 1641
156973 156974 552
156972 156696 3098
156972 156973 1641
156972 156975 751
156974 156973 552
156974 156977 474
156975 156972 751
156977 156974 474
156977 156978 1029
156977 158333 552
156978 156977 1029
156978 156979 751
156978 158332 2215
158333 156977 552
158333 158332 1966
158333 158334 452
156979 156978 751
156979 156980 697
156979 158331 2417
158332 156978 2215
158332 158331 807
158332 158333 1966
158334 158333 452
156980 156939 610
156980 156941 2129
156980 156979 697
158331 156942 1085
158331 156979 2417
158331 158332 807
156939 156938 537
156939 156940 1774
156939 156980 610
156941 156940 672
156941 156942 344
156941 156980 2129
156942 156941 344
156942 156943 927
156942 158331 1085
156938 156939 537
156940 156939 1774
156940 156941 672
156943 156942 927
156943 156950 924
156950 156943 924
6
156696
156972
156975
156938
156943
156950
