528
58121 58122 1100
58121 64900 626
58121 64902 708
58122 58121 1100
64900 58121 626
64900 64858 1021
64900 64901 6234
64902 58121 708
64902 64899 333
64902 64903 1099
64858 64852 761
64858 64894 1014
64858 64900 1021
64901 64900 6234
64901 77152 645
64899 64895 507
64899 64902 333
64899 64904 778
64903 64902 1099
64903 64905 1124
64903 64906 874
64852 64850 769
64852 64853 1447
64852 64858 761
64894 64858 1014
64894 64859 1214
64894 64895 650
77152 64393 5313
77152 64901 645
77152 77158 1201
64895 64894 650
64895 64898 292
64895 64899 507
64904 64899 778
64904 64905 1268
64904 64908 782
64905 64903 1124
64905 64904 1268
64905 64914 778
64905 64932 1268
64906 64903 874
64850 64848 676
64850 64851 1565
64850 64852 769
64850 64857 1014
64853 64852 1447
64859 64856 809
64859 64857 752
64859 64894 1214
64393 64392 1702
64393 77152 5313
77158 77152 1201
64898 64860 1662
64898 64895 292
64908 64896 676
64908 64904 782
64908 64910 1222
64908 64914 1184
64914 64905 778
64914 64908 1184
64914 64916 1222
64932 64905 1268
64848 64846 853
64848 64849 1780
64848 64850 676
64851 64850 1565
64857 64850 1014
64857 64855 950
64857 64859 752
64856 64855 607
64856 64859 809
64856 64860 698
64392 64393 1702
64392 66514 1909
64392 77151 571
64860 64856 698
64860 64880 512
64860 64898 1662
64896 64897 1000
64896 64907 333
64896 64908 676
64910 64908 1222
64910 64911 609
64910 64915 761
64916 64914 1222
64916 64915 423
64916 64934 1205
64846 64847 2002
64846 64848 853
64846 64854 615
64849 64848 1780
64855 64844 1620
64855 64856 607
64855 64857 950
66514 64392 1909
66514 64399 1314
77151 64386 1327
77151 64392 571
64880 64860 512
64880 64881 1336
64880 64882 512
64897 64896 1000
64907 64882 1021
64907 64896 333
64907 64909 562
64911 64882 1305
64911 64910 609
64915 64910 761
64915 64916 423
64915 64917 752
64934 64916 1205
64934 64935 1347
64934 64936 1831
64847 64846 2002
64847 77235 857
64847 78153 841
64854 64844 950
64854 64846 615
64854 78150 679
64854 78152 983
64844 64842 686
64844 64845 1565
64844 64854 950
64844 64855 1620
64399 64383 1428
64399 64398 5850
64399 66514 1314
64386 64373 3591
64386 64389 4579
64386 77151 1327
64881 64878 1295
64881 64880 1336
64882 64880 512
64882 64907 1021
64882 64911 1305
64909 64907 562
64917 64915 752
64917 64918 698
64917 64933 1287
64935 59818 559
64935 64934 1347
64935 64936 1215
64935 64937 978
64936 64934 1831
64936 64935 1215
64936 64950 875
77235 64840 1841
77235 64847 857
77235 78152 591
78153 64847 841
78153 78158 582
78150 64412 1168
78150 64842 1000
78150 64854 679
78150 78151 885
78152 64854 983
78152 77235 591
78152 78151 679
64842 64414 1526
64842 64843 1565
64842 64844 686
64842 78150 1000
64845 64843 686
64845 64844 1565
64845 64863 1906
64845 64876 1039
64383 64377 1159
64383 64399 1428
64398 64399 5850
64398 64401 344
64398 64405 2581
64373 64370 1031
64373 64378 512
64373 64386 3591
64389 64386 4579
64389 64390 1909
64389 64391 10853
64878 64863 140
64878 64879 1922
64878 64881 1295
64918 64912 752
64918 64917 698
64918 64919 559
64918 64920 1414
64933 59818 524
64933 64917 1287
64933 64920 611
64933 64938 1231
59818 59819 778
59818 64933 524
59818 64935 559
64937 64935 978
64937 64941 338
64937 64951 1012
64950 64936 875
64950 64951 419
64950 64954 356
64840 64410 1132
64840 64412 1201
64840 64839 918
64840 77235 1841
78158 78153 582
78158 78159 878
64412 64409 846
64412 64414 1032
64412 64840 1201
64412 78150 1168
78151 78150 885
78151 78152 679
64414 64411 423
64414 64412 1032
64414 64433 1556
64414 64842 1526
64843 64433 1695
64843 64842 1565
64843 64845 686
64843 64861 1222
64863 64845 1906
64863 64864 607
64863 64878 140
64876 64845 1039
64876 64877 924
64377 64375 565
64377 64378 280
64377 64383 1159
64401 64398 344
64401 64400 3494
64401 64404 559
64405 64398 2581
64370 64369 977
64370 64372 848
64370 64373 1031
64378 64373 512
64378 64377 280
64390 64389 1909
64391 64389 10853
64879 64878 1922
64879 64884 1117
64879 64888 809
64912 64913 950
64912 64918 752
64912 64922 613
64912 64929 1486
64919 64918 559
64920 64918 1414
64920 64929 838
64920 64933 611
64938 64933 1231
64938 64939 1702
64938 64941 202
59819 59818 778
64941 64937 338
64941 64938 202
64941 64942 1031
64951 64937 1012
64951 64950 419
64951 64952 1011
64954 64950 356
64954 64953 405
64954 64956 875
64410 64406 687
64410 64409 740
64410 64840 1132
64839 64406 1416
64839 64840 918
64839 64841 1779
78159 78158 878
64409 64410 740
64409 64411 1014
64409 64412 846
64411 64407 1790
64411 64409 1014
64411 64413 782
64411 64414 423
64433 64414 1556
64433 64431 254
64433 64438 333
64433 64843 1695
64861 64438 1862
64861 64843 1222
64861 64864 478
64864 64436 757
64864 64861 478
64864 64863 607
64877 64876 924
64375 64374 435
64375 64376 247
64375 64377 565
64400 64381 1780
64400 64401 3494
64404 64401 559
64404 64406 789
64369 64324 885
64369 64326 3136
64369 64370 977
64372 64370 848
64372 64374 586
64884 64872 1979
64884 64879 1117
64884 64883 679
64884 64885 675
64888 64879 809
64888 64885 1227
64888 64889 752
64888 64890 337
64913 64912 950
64922 64912 613
64922 64921 892
64922 64923 538
64922 64928 1365
64929 64912 1486
64929 64920 838
64929 64928 740
64939 64930 2095
64939 64938 1702
64939 64940 1077
64942 64941 1031
64942 64945 1012
64942 64959 1922
64942 64961 1048
64952 64951 1011
64952 64956 752
64952 64961 433
64952 64962 698
64953 64954 405
64953 64955 202
64956 64952 752
64956 64954 875
64956 64958 613
64406 64404 789
64406 64410 687
64406 64839 1416
64841 64839 1779
64407 64402 1610
64407 64408 778
64407 64411 1790
64413 64408 1873
64413 64411 782
64413 64431 782
64431 64413 782
64431 64427 1948
64431 64432 222
64431 64433 254
64438 64432 277
64438 64433 333
64438 64861 1862
64436 64435 2222
64436 64864 757
64436 77236 1218
64374 64372 586
64374 64375 435
64376 64375 247
64376 64380 611
64381 64380 6348
64381 64394 1870
64381 64395 984
64381 64400 1780
64324 64316 875
64324 64322 2136
64324 64369 885
64326 64325 1389
64326 64369 3136
64872 64870 675
64872 64871 1068
64872 64875 812
64872 64884 1979
64883 64870 1840
64883 64884 679
64883 78505 669
64885 64875 2007
64885 64884 675
64885 64886 812
64885 64888 1227
64889 64886 1170
64889 64888 752
64889 64891 875
64889 64921 1589
64890 64888 337
64921 64889 1589
64921 64922 892
64923 64891 929
64923 64922 538
64923 64924 740
64928 64922 1365
64928 64927 1310
64928 64929 740
64930 64927 1149
64930 64931 1170
64930 64939 2095
64940 64939 1077
64940 64943 1771
64940 64944 1900
64940 64945 698
64945 64940 698
64945 64942 1012
64945 64946 1980
64959 64942 1922
64959 64946 950
64959 64968 650
64959 64970 977
64961 64942 1048
64961 64952 433
64962 64952 698
64962 64958 838
64962 64965 675
64955 64953 202
64955 64957 419
64958 64956 613
64958 64962 838
64958 64966 607
64402 64396 2117
64402 64403 893
64402 64407 1610
64408 64403 1538
64408 64407 778
64408 64413 1873
64408 64427 667
64427 64408 667
64427 64417 1558
64427 64428 672
64427 64431 1948
64432 64431 222
64432 64437 512
64432 64438 277
64435 64434 748
64435 64436 2222
64435 64437 279
77236 64436 1218
64380 64325 2964
64380 64376 611
64380 64381 6348
64394 58146 1805
64394 58173 468
64394 64381 1870
64395 64381 984
64395 64396 951
64316 64315 2342
64316 64324 875
64316 64368 650
64322 64310 238
64322 64323 1728
64322 64324 2136
64325 64326 1389
64325 64348 1951
64325 64380 2964
64870 64447 1749
64870 64872 675
64870 64883 1840
64871 64867 1012
64871 64872 1068
64871 64873 1031
64871 64874 674
64875 64872 812
64875 64874 1030
64875 64885 2007
64875 64887 674
78505 64883 669
78505 78506 839
64886 64885 812
64886 64887 1978
64886 64889 1170
64886 64892 754
64891 64889 875
64891 64892 1012
64891 64923 929
64891 64925 811
64924 64923 740
64924 64925 1023
64927 64925 538
64927 64926 1117
64927 64928 1310
64927 64930 1149
64931 64926 1088
64931 64930 1170
64931 64943 2057
64931 66164 1909
64943 64931 2057
64943 64940 1771
64943 66181 846
64944 64940 1900
64944 66181 1372
64946 64945 1980
64946 64959 950
64968 64959 650
64970 64959 977
64965 64962 675
64965 64966 929
64957 64955 419
64966 64958 607
64966 64965 929
64396 64395 951
64396 64402 2117
64403 64402 893
64403 64408 1538
64403 64417 778
64417 64403 778
64417 64427 1558
64428 64427 672
64428 64437 1610
64437 64428 1610
64437 64432 512
64437 64435 279
64434 64435 748
58146 64394 1805
58173 64394 468
64315 64316 2342
64368 64316 650
64310 64322 238
64323 64322 1728
64348 64325 1951
64447 64870 1749
64867 64871 1012
64873 64871 1031
64874 64871 674
64874 64875 1030
64887 64875 674
64887 64886 1978
78506 78505 839
64892 64886 754
64892 64891 1012
64925 64891 811
64925 64924 1023
64925 64927 538
64926 64927 1117
64926 64931 1088
66164 64931 1909
66181 64943 846
66181 64944 1372
30
64944
64946
64968
64970
64965
64957
64966
64396
64403
64417
64428
64437
64434
58146
58173
64315
64368
64310
64323
64348
64447
64867
64873
64874
64887
64892
64925
64926
66164
66181
