330
116339 116340 400
116339 116345 538
116339 116466 380
116340 116339 400
116340 116341 106
116340 116342 242
116345 116339 538
116345 116343 455
116345 116346 383
116466 116339 380
116466 116395 551
116466 118386 1358
116341 116340 106
116342 116340 242
116342 116347 246
116342 116348 740
116343 116344 262
116343 116345 455
116343 116347 96
116346 116345 383
116395 116394 519
116395 116466 551
116395 118384 1307
118386 116466 1358
118386 118384 523
118386 118385 249
116347 116342 246
116347 116343 96
116347 116350 814
116348 116342 740
116348 116349 108
116348 116350 263
116344 116343 262
116344 116352 842
116344 116356 109
116394 116395 519
116394 116406 4279
116394 116432 1321
118384 116395 1307
118384 116432 428
118384 118386 523
118385 118386 249
116350 116347 814
116350 116348 263
116350 116351 270
116349 116348 108
116352 116344 842
116352 116351 154
116352 116355 152
116356 116344 109
116406 116394 4279
116406 116407 1365
116406 116407 1365
116432 116394 1321
116432 116431 514
116432 118384 428
116351 116350 270
116351 116352 154
116351 116353 886
116355 116352 152
116407 116406 1365
116407 116406 1365
116407 117626 1754
116431 116353 2136
116431 116432 514
116431 116441 2966
116353 116351 886
116353 116354 95
116353 116431 2136
117626 116407 1754
117626 116438 869
117626 116469 979
116441 116431 2966
116441 116439 1814
116441 116442 3272
116354 116353 95
116354 116357 1222
116354 117722 859
116438 116439 907
116438 116440 1346
116438 117626 869
116469 116470 447
116469 117626 979
116439 116438 907
116439 116441 1814
116439 116445 1770
116442 116441 3272
116442 116443 713
116357 116354 1222
116357 116358 251
116357 116359 769
117722 116354 859
117722 116400 1122
116440 116438 1346
116440 116446 3996
116470 116469 447
116470 116471 1464
116445 116439 1770
116443 116442 713
116443 116444 2691
116358 116357 251
116359 116357 769
116400 116398 3871
116400 116401 423
116400 116402 2903
116400 117722 1122
116446 116440 3996
116446 116476 2553
116446 116477 1023
116471 116470 1464
116444 116443 2691
116398 116399 3413
116398 116400 3871
116401 116400 423
116401 116403 7467
116401 117629 2040
116402 116400 2903
116402 116404 2352
116402 116434 713
116476 116446 2553
116477 116446 1023
116399 116396 949
116399 116398 3413
116399 118383 2188
116403 116401 7467
116403 116404 3758
117629 116401 2040
116404 116402 2352
116404 116403 3758
116404 116405 611
116434 116402 713
116434 116435 3528
116396 116397 782
116396 116399 949
118383 116399 2188
116405 116404 611
116405 116409 251
116435 116434 3528
116435 116449 2462
116397 116396 782
116397 117721 3461
116397 117783 2960
116409 116405 251
116409 116408 4474
116409 117653 1578
116449 116435 2462
116449 116447 3539
116449 116450 2367
117721 116397 3461
117721 117720 1258
117783 116397 2960
117783 117650 3154
117783 117784 1114
116408 116409 4474
116408 116447 1032
117653 116409 1578
116447 116408 1032
116447 116448 2409
116447 116449 3539
116450 116449 2367
116450 116451 2046
116450 116455 1041
117720 117714 1494
117720 117721 1258
117650 117651 80
117650 117652 1698
117650 117783 3154
117784 117783 1114
116448 116447 2409
116448 118430 658
116448 118432 1826
116451 116450 2046
116451 116452 4038
116451 116453 1116
116455 116450 1041
116455 116454 1336
116455 118346 1557
117714 117720 1494
117651 117650 80
117652 117650 1698
118430 116448 658
118430 118431 523
118430 118433 557
118430 118458 2591
118432 116448 1826
116452 116451 4038
116452 118434 1259
116452 118437 281
116453 116451 1116
116454 116455 1336
116454 116461 889
116454 118347 1407
118346 116455 1557
118346 118347 1397
118346 118348 1162
118431 118430 523
118433 118430 557
118433 118434 518
118433 118436 1000
118458 118430 2591
118458 118444 178
118434 116452 1259
118434 118433 518
118434 118435 1033
118437 116452 281
116461 116454 889
116461 116462 10755
116461 116463 3184
118347 116454 1407
118347 118346 1397
118347 118349 2088
118348 118346 1162
118436 118433 1000
118444 118443 1461
118444 118458 178
118435 118434 1033
116462 116461 10755
116463 116461 3184
116463 116727 4191
118349 116503 487
118349 118347 2088
118349 118441 982
118443 118442 3105
118443 118444 1461
118443 118445 2830
118443 118446 614
116727 116463 4191
116727 116726 2579
116727 118425 3146
116503 118349 487
116503 118350 2168
118441 118349 982
118442 118443 3105
118445 118443 2830
118446 118443 614
116726 116727 2579
116726 116728 713
118425 116727 3146
118425 118426 1708
118425 118427 2270
118350 116503 2168
116728 116726 713
116728 116729 276
118426 118425 1708
118427 118425 2270
116729 116728 276
116729 116730 374
116729 116731 3965
116730 116729 374
116730 116734 202
116731 116430 3769
116731 116729 3965
116731 116736 698
116731 116738 600
116734 116730 202
116734 116735 474
116430 116427 606
116430 116731 3769
116736 116731 698
116736 116735 4041
116736 116739 2600
116738 116724 1815
116738 116731 600
116738 118424 1622
116735 116734 474
116735 116736 4041
116735 116737 789
116427 116426 1011
116427 116428 374
116427 116430 606
116739 116736 2600
116739 116745 2084
116724 116725 1944
116724 116738 1815
118424 116738 1622
116737 116735 789
116737 116748 1558
116737 116764 140
116426 116427 1011
116428 116427 374
116428 116429 2784
116745 116739 2084
116725 116724 1944
116748 116737 1558
116748 116749 1212
116748 116749 1212
116764 116737 140
116764 116765 1073
116764 116766 1256
116429 116428 2784
116429 116433 422
116749 116748 1212
116749 116748 1212
116749 116760 538
116765 116764 1073
116765 118428 1484
116765 118429 648
116766 116764 1256
116766 116767 1122
116766 116768 1087
116433 116429 422
116433 116742 279
116433 116778 2487
116760 116749 538
118428 116765 1484
118429 116765 648
116767 116766 1122
116767 118310 491
116768 116766 1087
116768 116771 1814
116768 116773 3429
116742 116433 279
116742 116741 1890
116742 116743 2482
116778 116433 2487
118310 116767 491
116771 116768 1814
116771 116769 1688
116773 116768 3429
116741 116740 1673
116741 116742 1890
116741 116744 1222
116743 116742 2482
116769 116770 2046
116769 116771 1688
116769 116772 538
116740 116741 1673
116744 116741 1222
116770 116769 2046
116772 116769 538
49
116469
116470
116471
117721
117720
117714
116503
118350
116729
116730
116731
116734
116430
116736
116738
116735
116427
116739
116724
118424
116737
116426
116428
116745
116725
116748
116764
116429
116749
116765
116766
116433
116760
118428
118429
116767
116768
116742
116778
118310
116771
116773
116741
116743
116769
116740
116744
116770
116772
