166
72485 72486 262
72485 72608 1307
72486 72485 262
72486 72617 692
72486 72626 991
72608 72485 1307
72608 72582 1263
72608 72607 611
72608 77108 771
72617 72486 692
72617 72607 1461
72617 72619 581
72626 72486 991
72626 72625 819
72626 73090 610
72582 72574 1383
72582 72580 713
72582 72581 611
72582 72608 1263
72607 72580 1307
72607 72608 611
72607 72609 747
72607 72617 1461
77108 72608 771
72619 72617 581
72619 72620 170
72625 72626 819
72625 72876 422
72625 72881 464
73090 72626 610
73090 72881 746
73090 73091 240
72574 72554 1583
72574 72571 713
72574 72575 611
72574 72582 1383
72580 72571 1383
72580 72578 611
72580 72582 713
72580 72607 1307
72581 72575 1384
72581 72582 611
72581 72830 1189
72609 72578 1343
72609 72606 344
72609 72607 747
72609 72620 1187
72620 72609 1187
72620 72618 602
72620 72619 170
72876 72625 422
72876 72831 1229
72876 72877 672
72881 72625 464
72881 72878 441
72881 73090 746
73091 73090 240
72554 72551 1185
72554 72552 713
72554 72555 611
72554 72574 1583
72571 72552 1583
72571 72572 747
72571 72574 713
72571 72580 1383
72575 72574 611
72575 72576 418
72575 72581 1384
72578 72572 1358
72578 72580 611
72578 72609 1343
72830 72581 1189
72830 72824 987
72830 72831 602
72606 72579 1231
72606 72609 344
72606 72618 1086
72618 72606 1086
72618 72620 602
72618 72628 417
72618 77109 262
72831 72827 688
72831 72830 602
72831 72876 1229
72877 72827 1310
72877 72832 818
72877 72876 672
72877 72878 404
72878 72877 404
72878 72879 667
72878 72881 441
72551 72545 778
72551 72553 672
72551 72554 1185
72552 72545 1461
72552 72554 713
72552 72571 1583
72555 72553 987
72555 72554 611
72555 72576 1165
72572 72571 747
72572 72578 1358
72576 72555 1165
72576 72575 418
72824 72825 717
72824 72826 672
72824 72830 987
72579 72606 1231
72628 72618 417
72628 72629 356
77109 72618 262
72827 72826 1503
72827 72828 818
72827 72831 688
72827 72877 1310
72832 72828 1310
72832 72840 796
72832 72877 818
72832 72879 602
72879 72832 602
72879 72878 667
72879 72883 782
72545 72551 778
72545 72552 1461
72553 72551 672
72553 72555 987
72553 72556 1796
72825 72808 570
72825 72824 717
72826 72809 1286
72826 72811 924
72826 72824 672
72826 72827 1503
72629 72628 356
72629 72630 333
72629 72633 507
72828 72811 1474
72828 72827 818
72828 72829 796
72828 72832 1310
72840 72829 1310
72840 72832 796
72840 72841 688
72840 72883 685
72883 72840 685
72883 72879 782
72556 72553 1796
72556 72807 672
72556 72808 1310
72808 72556 1310
72808 72809 672
72808 72825 570
72809 72807 1310
72809 72808 672
72809 72826 1286
72811 72826 924
72811 72828 1474
72630 72629 333
72630 72631 905
72633 72629 507
72829 72828 796
72829 72840 1310
72841 72840 688
72807 72556 672
72807 72809 1310
72631 72630 905
11
72552
72572
72579
72545
72883
72809
72811
72633
72829
72841
72807
