68
253761 253762 1255
253761 253763 2503
253762 253761 1255
253762 254996 766
253762 254996 766
253763 253761 2503
253763 253768 386
253763 253809 3
254996 253762 766
254996 253762 766
254996 253767 868
253768 253763 386
253768 253767 1228
253768 253810 70
253809 253763 3
253809 253810 393
253809 253811 756
253767 253768 1228
253767 254996 868
253810 253766 1347
253810 253768 70
253810 253809 393
253811 253809 756
253811 253831 327
253766 253810 1347
253831 253811 327
253831 253837 648
253831 253838 879
253837 253831 648
253837 253838 373
253837 253840 354
253838 253831 879
253838 253837 373
253838 253839 354
253840 253837 354
253840 253839 580
253840 253841 403
253839 253838 354
253839 253840 580
253839 253843 1031
253841 253840 403
253841 253842 2503
253843 253835 1151
253843 253839 1031
253843 253844 1120
253842 253841 2503
253842 253855 877
253842 253857 201
253835 253836 1120
253835 253843 1151
253844 253836 1151
253844 253843 1120
253844 253856 1863
253855 253842 877
253855 253854 1205
253855 253860 1066
253857 253842 201
253857 253858 1445
253836 253835 1120
253836 253844 1151
253856 253844 1863
253856 253858 1114
253854 253855 1205
253860 253855 1066
253860 253858 975
253858 253856 1114
253858 253857 1445
253858 253860 975
27
253761
253762
253763
254996
253768
253809
253767
253810
253811
253766
253831
253837
253838
253840
253839
253841
253843
253842
253835
253844
253855
253857
253836
253856
253854
253860
253858
