656
198676 198677 1072
198676 198686 844
198676 210150 308
198677 198676 1072
198677 198687 955
198677 210153 707
198677 210163 867
198686 198676 844
198686 198687 1038
198686 211582 363
210150 198676 308
210150 210148 796
210150 210149 915
210150 211582 810
198687 198677 955
198687 198686 1038
198687 211594 605
210153 198677 707
210153 210149 1230
210153 210152 1020
210163 198677 867
210163 210144 1770
210163 210165 709
210163 210166 1506
211582 198686 363
211582 210150 810
211582 211583 752
210148 209668 1772
210148 209670 908
210148 210150 796
210148 211579 1533
210149 210147 843
210149 210150 915
210149 210153 1230
211594 198687 605
211594 210166 709
211594 211583 1380
211594 211595 833
210152 210144 692
210152 210147 1480
210152 210151 649
210152 210153 1020
210144 210142 1684
210144 210152 692
210144 210156 752
210144 210163 1770
210165 210156 1717
210165 210163 709
210165 210171 908
210165 210172 1534
210166 210163 1506
210166 210172 797
210166 211594 709
210166 211596 1667
211583 211579 867
211583 211582 752
211583 211584 679
211583 211594 1380
209668 209666 710
209668 209667 1868
209668 210147 867
209668 210148 1772
209670 209666 1847
209670 209669 594
209670 210148 908
209670 210889 1549
211579 210148 1533
211579 210889 816
211579 211581 1611
211579 211583 867
210147 209668 867
210147 210146 718
210147 210149 843
210147 210152 1480
211595 211584 1436
211595 211594 833
211595 211597 804
210151 210140 1145
210151 210146 1332
210151 210152 649
210142 210140 726
210142 210141 1823
210142 210143 755
210142 210144 1684
210156 210143 1922
210156 210144 752
210156 210164 798
210156 210165 1717
210171 210165 908
210171 210167 915
210171 210173 424
210171 210174 1533
210172 210165 1534
210172 210166 797
210172 210174 908
210172 211599 1619
211596 210166 1667
211596 211597 796
211596 211599 716
211596 211600 2447
211584 211583 679
211584 211585 833
211584 211595 1436
209666 209662 742
209666 209665 1899
209666 209668 710
209666 209670 1847
209667 209659 182
209667 209660 623
209667 209668 1868
209669 209662 1637
209669 209664 917
209669 209670 594
209669 210888 1632
210889 209670 1549
210889 210888 733
210889 211579 816
210889 211580 1505
211581 211579 1611
211581 211580 779
211581 211585 917
211581 211590 2401
210146 210145 1047
210146 210147 718
210146 210151 1332
211597 211585 1408
211597 211595 804
211597 211596 796
211597 211598 807
210140 210138 1770
210140 210139 871
210140 210142 726
210140 210151 1145
210141 210104 1742
210141 210111 709
210141 210138 797
210141 210142 1823
210143 210111 1637
210143 210142 755
210143 210154 1012
210143 210155 369
210143 210156 1922
210164 210156 798
210164 210157 1086
210164 210167 649
210164 210168 456
210167 210164 649
210167 210170 659
210167 210171 915
210173 210170 284
210173 210171 424
210173 210226 905
210173 210230 1951
210174 210171 1533
210174 210172 908
210174 210227 709
210174 211649 1637
211599 210172 1619
211599 211596 716
211599 211601 2544
211599 211649 901
211600 211596 2447
211600 211601 593
211600 211607 908
211585 211581 917
211585 211584 833
211585 211586 785
211585 211597 1408
209662 209648 987
209662 209661 2154
209662 209666 742
209662 209669 1637
209665 209656 163
209665 209659 624
209665 209666 1899
209659 209651 1661
209659 209665 624
209659 209667 182
209660 209657 1636
209660 209667 623
209660 210145 278
209664 209648 1661
209664 209669 917
209664 210873 779
209664 210885 1533
210888 209669 1632
210888 210885 867
210888 210889 733
210888 210891 1487
211580 210889 1505
211580 210891 802
211580 211581 779
211580 211588 2419
211590 211581 2401
211590 211588 785
211590 211593 2337
211590 211602 867
210145 209660 278
210145 210139 608
210145 210146 1047
211598 211586 1419
211598 211597 807
211598 211603 810
210138 209631 1764
210138 209658 824
210138 210140 1770
210138 210141 797
210139 209658 1637
210139 210140 871
210139 210145 608
210104 209631 867
210104 210101 2106
210104 210107 709
210104 210141 1742
210111 210107 1741
210111 210134 976
210111 210141 709
210111 210143 1637
210154 210134 1406
210154 210143 1012
210154 210160 395
210155 210143 369
210155 210157 750
210155 210161 1300
210157 210155 750
210157 210162 1009
210157 210164 1086
210168 210162 790
210168 210164 456
210168 210169 833
210168 210220 2041
210170 210167 659
210170 210169 377
210170 210173 284
210226 210173 905
210226 210227 785
210226 210228 832
210226 210233 1494
210230 210173 1951
210230 210225 743
210230 210229 596
210230 210232 132
210227 210174 709
210227 210226 785
210227 210228 363
210227 211650 1669
211649 210174 1637
211649 211599 901
211649 211650 796
211649 211652 2591
211601 211599 2544
211601 211600 593
211601 211652 1056
211601 211658 2111
211607 211600 908
211607 211602 1506
211607 211603 933
211607 211608 606
211586 211585 785
211586 211591 804
211586 211598 1419
209648 209647 2188
209648 209662 987
209648 209663 623
209648 209664 1661
209661 209654 222
209661 209656 594
209661 209662 2154
209656 209655 1620
209656 209661 594
209656 209665 163
209651 209623 1845
209651 209655 715
209651 209657 867
209651 209659 1661
209657 209624 1954
209657 209651 867
209657 209658 797
209657 209660 1636
210873 209663 1611
210873 209664 779
210873 210872 710
210873 210884 1637
210885 209664 1533
210885 210884 816
210885 210888 867
210885 210890 1533
210891 210888 1487
210891 210890 709
210891 211580 802
210891 211587 2420
211588 211580 2419
211588 211587 727
211588 211590 785
211588 211592 2210
211593 211590 2337
211593 211592 773
211593 211606 824
211593 211628 1680
211602 211590 867
211602 211591 915
211602 211604 591
211602 211607 1506
211603 211591 1511
211603 211598 810
211603 211607 933
209631 209629 1979
209631 209630 716
209631 210104 867
209631 210138 1764
209658 209630 1847
209658 209657 797
209658 210138 824
209658 210139 1637
210101 209629 834
210101 210100 962
210101 210103 755
210101 210104 2106
210107 210103 1979
210107 210104 709
210107 210111 1741
210107 210133 872
210134 210111 976
210134 210133 1661
210134 210136 611
210134 210154 1406
210160 210154 395
210160 210158 533
210160 210161 828
210161 210155 1300
210161 210160 828
210161 210162 810
210161 210218 2014
210162 210157 1009
210162 210161 810
210162 210168 790
210162 210219 2032
210169 210168 833
210169 210170 377
210169 210229 2031
210220 210168 2041
210220 210219 697
210220 210229 810
210228 210226 832
210228 210227 363
210228 210236 1305
210228 211651 984
210233 210226 1494
210233 210232 785
210233 210235 508
210225 210222 1954
210225 210230 743
210225 210231 1663
210225 210243 1023
210229 210169 2031
210229 210220 810
210229 210230 596
210232 210230 132
210232 210233 785
210232 210234 2164
211650 210227 1669
211650 211649 796
211650 211653 710
211650 211657 2447
211652 211601 1056
211652 211649 2591
211652 211657 775
211652 211662 2042
211658 211601 2111
211658 211659 796
211658 211661 1527
211658 211662 817
211608 211604 1598
211608 211607 606
211608 211609 785
211591 211586 804
211591 211602 915
211591 211603 1511
209647 209640 164
209647 209648 2188
209647 209654 593
209663 209635 2358
209663 209645 796
209663 209648 623
209663 210873 1611
209654 209637 1637
209654 209647 593
209654 209661 222
209655 209637 797
209655 209651 715
209655 209652 1776
209655 209656 1620
209623 209611 1898
209623 209624 959
209623 209651 1845
209623 209652 743
209624 209622 1874
209624 209623 959
209624 209630 774
209624 209657 1954
210872 209645 1637
210872 210868 840
210872 210873 710
210872 210875 1654
210884 210873 1637
210884 210875 716
210884 210885 816
210884 210887 1506
210890 210885 1533
210890 210887 901
210890 210891 709
210890 210894 2488
211587 210891 2420
211587 210894 901
211587 211588 727
211587 211589 2320
211592 211588 2210
211592 211589 750
211592 211593 773
211592 211615 1796
211606 211593 824
211606 211605 810
211606 211610 1576
211606 211629 852
211628 211593 1680
211628 211631 526
211628 211633 254
211604 211602 591
211604 211605 790
211604 211608 1598
209629 209627 797
209629 209628 1145
209629 209631 1979
209629 210101 834
209630 209624 774
209630 209627 2026
209630 209631 716
209630 209658 1847
210100 209628 683
210100 210101 962
210100 210102 834
210103 210101 755
210103 210102 1164
210103 210107 1979
210103 210108 566
210133 210107 872
210133 210110 271
210133 210134 1661
210136 210134 611
210136 210135 1848
210136 210137 901
210136 210158 1069
210158 210136 1069
210158 210159 686
210158 210160 533
210218 210161 2014
210218 210187 1269
210218 210219 816
210219 210162 2032
210219 210218 816
210219 210220 697
210219 210222 779
210236 210228 1305
210236 210235 342
210236 210238 1612
211651 210228 984
211651 211653 764
211651 211655 852
210235 210233 508
210235 210236 342
210235 210237 1419
210222 210219 779
210222 210221 2059
210222 210224 796
210222 210225 1954
210231 210225 1663
210231 210234 804
210231 210250 810
210231 210256 1851
210243 210224 1400
210243 210225 1023
210243 210244 814
210243 210250 1265
210234 210231 804
210234 210232 2164
210234 210237 915
210234 210251 1734
211653 211650 710
211653 211651 764
211653 211654 2471
211653 211655 346
211657 211650 2447
211657 211652 775
211657 211654 778
211657 211663 1429
211662 211652 2042
211662 211658 817
211662 211665 274
211659 211610 759
211659 211658 796
211659 211660 1661
211661 211658 1527
211661 211696 568
211661 211697 337
211609 211605 1581
211609 211608 785
211609 211610 828
209640 209635 783
209640 209639 1533
209640 209647 164
209635 209633 1481
209635 209640 783
209635 209644 765
209635 209663 2358
209645 209644 2708
209645 209646 872
209645 209663 796
209645 210872 1637
209637 209612 1736
209637 209639 779
209637 209654 1637
209637 209655 797
209652 209612 732
209652 209613 1974
209652 209623 743
209652 209655 1776
209611 209610 1302
209611 209613 675
209611 209622 969
209611 209623 1898
209622 209611 969
209622 209621 1296
209622 209624 1874
209622 209627 715
210868 209646 1765
210868 210867 779
210868 210872 840
210868 210874 1511
210875 210872 1654
210875 210874 867
210875 210884 716
210875 210886 1558
210887 210884 1506
210887 210886 901
210887 210890 901
210887 210893 2401
210894 210890 2488
210894 210893 779
210894 210896 2239
210894 211587 901
211589 210896 797
211589 211587 2320
211589 211592 750
211589 211614 1764
211615 211592 1796
211615 211618 473
211615 211631 278
211605 211604 790
211605 211606 810
211605 211609 1581
211610 211606 1576
211610 211609 828
211610 211635 915
211610 211659 759
211629 211606 852
211629 211630 945
211629 211635 1482
211631 211615 278
211631 211628 526
211631 211632 1176
211633 211628 254
211633 211630 526
211633 211634 1120
209627 209622 715
209627 209629 797
209627 209630 2026
209628 209629 1145
209628 210100 683
210102 210100 834
210102 210103 1164
210108 210103 566
210110 210133 271
210110 210135 483
210135 210110 483
210135 210136 1848
210137 210136 901
210137 210159 962
210159 210137 962
210159 210158 686
210159 210187 908
210187 210159 908
210187 210218 1269
210238 210236 1612
210238 211655 438
211655 210238 438
211655 211651 852
211655 211653 346
210237 210234 915
210237 210235 1419
210221 210222 2059
210224 210222 796
210224 210243 1400
210250 210231 810
210250 210243 1265
210256 210231 1851
210244 210243 814
210251 210234 1734
211654 211653 2471
211654 211657 778
211663 211657 1429
211663 211665 1288
211665 211662 274
211665 211663 1288
211660 211659 1661
211660 211697 602
211696 211661 568
211697 211660 602
211697 211661 337
209639 209633 796
209639 209637 779
209639 209640 1533
209633 209635 1481
209633 209639 796
209644 209635 765
209644 209645 2708
209646 209645 872
209646 210868 1765
209612 209637 1736
209612 209652 732
209613 209611 675
209613 209652 1974
209610 209611 1302
209610 209621 987
209621 209610 987
209621 209622 1296
210867 210868 779
210874 210868 1511
210874 210875 867
210886 210875 1558
210886 210887 901
210893 210887 2401
210893 210894 779
210896 210894 2239
210896 211589 797
211614 211589 1764
211614 211618 363
211618 211614 363
211618 211615 473
211635 211610 915
211635 211629 1482
211630 211629 945
211630 211633 526
211632 211631 1176
211632 211634 918
211634 211632 918
211634 211633 1120
43
209627
209628
210102
210108
210110
210135
210137
210159
210187
210238
211655
210237
210221
210224
210250
210256
210244
210251
211654
211663
211665
211660
211696
211697
209639
209633
209644
209646
209612
209613
209610
209621
210867
210874
210886
210893
210896
211614
211618
211635
211630
211632
211634
