442
225011 225012 1054
225011 231111 1193
225011 235058 907
225012 225011 1054
225012 231117 2155
225012 231121 3115
231111 225011 1193
231111 231112 1053
231111 231114 2196
235058 225011 907
231117 225012 2155
231117 231118 905
231117 231120 1234
231121 225012 3115
231121 231114 2285
231121 231122 1507
231112 231111 1053
231114 231111 2196
231114 231115 139
231114 231121 2285
231118 231117 905
231118 231119 782
231118 231138 1772
231120 231117 1234
231120 231122 2561
231120 231140 1177
231122 231120 2561
231122 231121 1507
231122 231123 1358
231115 231114 139
231115 231116 1247
231119 231118 782
231138 231118 1772
231138 231139 672
231138 231141 1336
231140 231120 1177
231140 231141 905
231140 231143 1432
231123 231122 1358
231123 231143 1489
231123 231144 1380
231116 229970 730
231116 231115 1247
231116 234776 1252
231139 231138 672
231141 231138 1336
231141 231140 905
231141 231142 2355
231143 231123 1489
231143 231140 1432
231143 234765 3707
231144 231123 1380
231144 231147 1256
231144 231148 1483
229970 229969 2362
229970 229972 1464
229970 231116 730
234776 231116 1252
231142 231132 2238
231142 231141 2355
231142 231178 1291
234765 231143 3707
231147 231144 1256
231147 231149 1114
231147 231182 2285
231148 231144 1483
231148 231661 4347
231148 231662 687
229969 229966 983
229969 229970 2362
229969 229971 1606
229972 229970 1464
229972 231645 854
229972 234767 1556
231132 231130 1796
231132 231136 1023
231132 231142 2238
231178 231142 1291
231178 231177 911
231178 234766 1100
231149 231147 1114
231182 231147 2285
231182 231177 4584
231182 231667 2667
231661 231148 4347
231661 231646 2552
231662 231148 687
229966 229963 1827
229966 229969 983
229971 229969 1606
231645 229972 854
231645 231646 373
234767 229972 1556
231130 231129 3439
231130 231131 1924
231130 231132 1796
231136 231132 1023
231177 231175 1556
231177 231178 911
231177 231182 4584
234766 231178 1100
234766 234843 1029
231667 231182 2667
231667 231665 6557
231667 234764 2962
231646 231639 1140
231646 231645 373
231646 231661 2552
229963 229955 679
229963 229961 562
229963 229966 1827
231129 231101 1339
231129 231130 3439
231131 231130 1924
231131 231137 1276
231131 231173 1761
231175 231176 553
231175 231177 1556
231175 231179 1261
234843 234766 1029
231665 231660 2350
231665 231666 2531
231665 231667 6557
234764 231667 2962
231639 231640 579
231639 231641 677
231639 231646 1140
229955 229951 2513
229955 229952 1094
229955 229963 679
229961 229960 2446
229961 229963 562
229961 229964 1172
231101 231102 2170
231101 231107 3261
231101 231129 1339
231137 231131 1276
231173 231131 1761
231173 231172 2966
231173 231176 902
231176 231173 902
231176 231175 553
231179 231175 1261
231179 231180 672
231179 231181 514
231660 231654 5493
231660 231665 2350
231660 231671 889
231660 231726 649
231666 231665 2531
231640 231639 579
231640 231647 502
231640 231648 2560
231641 231639 677
229951 229950 672
229951 229952 2335
229951 229955 2513
229952 229951 2335
229952 229955 1094
229952 229962 445
229960 229949 1678
229960 229958 844
229960 229961 2446
229964 229961 1172
229964 229965 778
229964 229967 502
231102 231099 796
231102 231101 2170
231102 231103 1270
231107 229958 1115
231107 231101 3261
231107 231113 1245
231172 231098 2642
231172 231173 2966
231180 231179 672
231181 231179 514
231654 231653 1204
231654 231659 845
231654 231660 5493
231671 231660 889
231671 234969 1166
231726 231660 649
231726 231727 801
231647 230573 2037
231647 231640 502
231648 231640 2560
231648 231651 3240
231648 231652 443
229950 229929 1594
229950 229949 433
229950 229951 672
229962 229952 445
229949 229944 1111
229949 229950 433
229949 229960 1678
229958 229959 1031
229958 229960 844
229958 231107 1115
229965 229964 778
229967 229964 502
229967 229968 1065
229967 231110 1275
231099 231100 1478
231099 231102 796
231099 231104 2362
231099 231105 875
231103 231102 1270
231103 231108 687
231103 231109 627
231113 231107 1245
231098 231095 2682
231098 231168 174
231098 231172 2642
231653 231652 1498
231653 231654 1204
231653 231663 3147
231659 231642 547
231659 231654 845
234969 231671 1166
234969 231672 279
234969 235553 695
231727 231726 801
231727 231728 1496
231727 231728 1496
230573 230569 1261
230573 230574 3222
230573 231647 2037
231651 231648 3240
231652 231145 1202
231652 231648 443
231652 231653 1498
229929 229925 1124
229929 229927 1507
229929 229950 1594
229944 229942 1029
229944 229945 1379
229944 229949 1111
229959 229958 1031
229968 229967 1065
229968 234423 107
231110 229967 1275
231100 231099 1478
231104 231099 2362
231104 231106 1344
231104 231124 1339
231105 231099 875
231108 231103 687
231109 231103 627
231109 231127 1707
231109 231128 888
231095 231094 1292
231095 231096 433
231095 231098 2682
231168 231098 174
231168 231163 6299
231168 231167 1328
231663 231653 3147
231663 231664 1322
231642 231643 1365
231642 231649 1921
231642 231659 547
231672 231669 1022
231672 234969 279
231672 235421 1927
235553 234969 695
235553 235554 307
235553 235555 282
231728 231727 1496
231728 231727 1496
231728 231729 2166
230569 230563 1358
230569 230570 3011
230569 230573 1261
230574 230573 3222
231145 231146 1308
231145 231652 1202
231145 234769 472
229925 229923 2138
229925 229929 1124
229925 229942 1253
229927 229794 4008
229927 229920 1786
229927 229928 3744
229927 229929 1507
229942 229923 1865
229942 229925 1253
229942 229944 1029
229945 229924 845
229945 229944 1379
234423 229968 107
231106 231104 1344
231124 231096 2683
231124 231104 1339
231124 231125 1336
231127 231109 1707
231127 231125 2445
231127 231126 2439
231128 231109 888
231094 231090 2845
231094 231093 2445
231094 231095 1292
231096 231095 433
231096 231097 1675
231096 231124 2683
231163 231162 3604
231163 231164 1845
231163 231168 6299
231167 231090 2248
231167 231168 1328
231167 231169 728
231664 231663 1322
231643 231642 1365
231649 231642 1921
231649 231650 1741
231649 231657 221
231669 231668 905
231669 231670 6289
231669 231672 1022
231669 234392 5240
235421 231672 1927
235554 235553 307
235555 235553 282
231729 231728 2166
231729 231730 1539
230563 230564 2455
230563 230565 251
230563 230569 1358
230570 230569 3011
230570 230571 928
230570 230572 1565
231146 231145 1308
234769 231145 472
229923 229922 1014
229923 229925 2138
229923 229942 1865
229794 229787 1523
229794 229792 1903
229794 229927 4008
229920 229859 2783
229920 229917 1678
229920 229927 1786
229928 229926 1190
229928 229927 3744
229928 229933 687
229924 229922 1880
229924 229943 762
229924 229945 845
231125 231124 1336
231125 231126 1029
231125 231127 2445
231126 231125 1029
231126 231127 2439
231126 231133 1427
231090 231091 15
231090 231094 2845
231090 231164 2280
231090 231167 2248
231093 231089 1197
231093 231092 728
231093 231094 2445
231097 231096 1675
231162 231157 1845
231162 231160 1669
231162 231163 3604
231164 231090 2280
231164 231163 1845
231164 231165 1004
231169 231167 728
231650 231649 1741
231657 231649 221
231657 231655 314
231657 234756 1047
231668 231669 905
231668 231701 671
231668 231704 666
231668 231705 1441
231670 231669 6289
231670 231769 1094
234392 230580 6052
234392 231669 5240
231730 231729 1539
231730 231731 610
231730 231734 3758
230564 230563 2455
230565 230547 2186
230565 230563 251
230565 230566 2007
230571 230570 928
230572 230568 1855
230572 230570 1565
230572 230581 956
229922 229863 672
229922 229923 1014
229922 229924 1880
229787 229782 928
229787 229794 1523
229787 229796 2118
229792 229790 621
229792 229791 1588
229792 229793 164
229792 229794 1903
229859 229858 2237
229859 229916 1845
229859 229920 2783
229917 229918 893
229917 229920 1678
229926 229928 1190
229933 229928 687
229943 229924 762
231133 231126 1427
231091 231090 15
231089 231093 1197
231092 231093 728
231157 231162 1845
231160 231162 1669
231165 231164 1004
231655 231657 314
234756 231657 1047
231701 231668 671
231704 231668 666
231704 231705 1625
231705 231668 1441
231705 231704 1625
231769 231670 1094
230580 234392 6052
231731 231730 610
231734 231730 3758
230547 230565 2186
230566 230565 2007
230566 230568 2578
230568 230566 2578
230568 230572 1855
230581 230572 956
229863 229922 672
229782 229787 928
229796 229787 2118
229790 229792 621
229791 229792 1588
229793 229792 164
229858 229859 2237
229916 229859 1845
229918 229917 893
29
229917
229926
229933
229943
231133
231089
231092
231157
231160
231655
231701
231704
231705
231769
230580
231731
231734
230547
230566
230568
230581
229863
229782
229796
229790
229791
229858
229916
229918
