464
85205 85206 2854
85205 88452 356
85205 89038 796
85206 85205 2854
85206 88450 3049
88452 85205 356
88452 88442 3287
89038 85205 796
89038 89040 1620
89038 91855 796
88450 85206 3049
88450 88429 1347
88450 88449 831
88442 88443 893
88442 88445 1729
88442 88452 3287
89040 89038 1620
89040 89041 875
89040 89046 1274
91855 89038 796
88429 88417 1592
88429 88428 943
88429 88450 1347
88449 88425 1732
88449 88450 831
88443 88433 2119
88443 88442 893
88443 88448 818
88445 88428 2343
88445 88432 279
88445 88442 1729
89041 89040 875
89046 88435 3477
89046 88448 848
89046 89040 1274
88417 88418 770
88417 88429 1592
88428 88429 943
88428 88430 291
88428 88445 2343
88425 88427 1069
88425 88449 1732
88433 88431 1222
88433 88434 651
88433 88443 2119
88448 88434 2729
88448 88443 818
88448 89046 848
88432 88431 818
88432 88441 2706
88432 88445 279
88435 88434 985
88435 88436 279
88435 89046 3477
88418 88417 770
88418 88430 1960
88430 88418 1960
88430 88428 291
88430 88441 918
88427 88425 1069
88427 88451 790
88431 88432 818
88431 88433 1222
88431 88444 607
88434 88433 651
88434 88435 985
88434 88448 2729
88441 88430 918
88441 88432 2706
88441 88440 478
88436 88435 279
88436 88437 989
88436 90855 1778
88451 88427 790
88444 88431 607
88440 88439 893
88440 88441 478
88440 91580 633
88437 88436 989
88437 88438 985
88437 91531 3041
90855 88436 1778
90855 90853 419
88439 88438 3338
88439 88440 893
88439 88446 812
91580 88440 633
88438 88437 985
88438 88439 3338
88438 88446 2810
91531 88286 951
91531 88287 436
91531 88437 3041
90853 90852 969
90853 90854 1542
90853 90855 419
88446 88438 2810
88446 88439 812
88446 88447 1162
88286 88285 4347
88286 88287 860
88286 91531 951
88287 87634 946
88287 88286 860
88287 91531 436
90852 90851 1505
90852 90853 969
90852 91387 1894
90854 90853 1542
88447 88446 1162
88285 88281 1347
88285 88286 4347
88285 91581 1416
87634 87633 1324
87634 88287 946
90851 90847 1150
90851 90852 1505
90851 91388 1940
91387 90852 1894
88281 87633 5993
88281 88282 705
88281 88285 1347
91581 88285 1416
87633 87632 950
87633 87634 1324
87633 88274 4378
87633 88281 5993
90847 89090 603
90847 90848 1357
90847 90851 1150
91388 90851 1940
88282 88281 705
88282 88284 1424
87632 87633 950
87632 88277 812
88274 87633 4378
88274 88273 1988
88274 88275 1077
89090 89087 202
89090 90847 603
90848 90847 1357
90848 90849 1086
90848 90850 339
88284 88282 1424
88284 88283 3046
88284 88392 790
88277 87632 812
88277 88240 2618
88277 88278 1426
88273 88272 2688
88273 88274 1988
88273 88283 1187
88275 88236 1784
88275 88245 865
88275 88274 1077
89087 89088 1124
89087 89090 202
90849 90848 1086
90850 90848 339
88283 88272 3428
88283 88273 1187
88283 88284 3046
88392 88284 790
88240 88239 818
88240 88277 2618
88278 88238 1506
88278 88277 1426
88278 88279 1450
88272 88271 595
88272 88273 2688
88272 88283 3428
88236 88237 755
88236 88238 1762
88236 88275 1784
88245 88214 1739
88245 88275 865
89088 89087 1124
89088 89089 419
89088 89118 818
88239 88238 1786
88239 88240 818
88239 88279 713
88238 88236 1762
88238 88239 1786
88238 88278 1506
88279 88239 713
88279 88278 1450
88279 88280 452
88271 88269 653
88271 88272 595
88271 88393 2036
88237 88236 755
88237 88241 387
88214 88213 2020
88214 88220 456
88214 88245 1739
89089 89088 419
89089 89118 445
89089 89119 202
89118 89088 818
89118 89089 445
88280 88279 452
88269 88268 989
88269 88270 848
88269 88271 653
88393 88271 2036
88241 88237 387
88241 88242 307
88241 91776 661
88213 87480 886
88213 88214 2020
88213 88243 1771
88220 88203 3979
88220 88214 456
89119 89089 202
89119 91389 356
88268 88266 1669
88268 88269 989
88268 88394 2155
88270 88269 848
88242 88241 307
88242 88243 905
91776 88241 661
87480 87479 1822
87480 88213 886
88243 88213 1771
88243 88242 905
88243 88244 753
88203 88202 1955
88203 88204 675
88203 88220 3979
91389 89119 356
91389 91390 581
91389 91391 1622
88266 88267 790
88266 88268 1669
88266 88397 419
88394 88267 1550
88394 88268 2155
88394 88395 581
87479 87478 1505
87479 87480 1822
87479 87562 2116
88244 88243 753
88202 88201 1913
88202 88203 1955
88202 88276 220
88204 88203 675
88204 88205 1635
88204 88206 755
91390 91389 581
91391 91389 1622
88267 88266 790
88267 88276 1587
88267 88394 1550
88397 88266 419
88395 88394 581
87478 87477 1417
87478 87479 1505
87478 88223 2224
87562 87479 2116
87562 87563 2411
88201 88202 1913
88201 88212 880
88201 88252 500
88276 88202 220
88276 88267 1587
88276 88389 626
88205 88204 1635
88206 88204 755
88206 88207 2374
88206 88222 876
87477 87478 1417
88223 87478 2224
88223 88224 1346
88223 90833 1231
87563 87562 2411
87563 87564 845
87563 87567 1523
88212 88201 880
88212 88210 1162
88212 88250 877
88252 88201 500
88252 88251 870
88252 88389 1271
88389 88252 1271
88389 88276 626
88389 88396 1100
88207 88206 2374
88207 88208 713
88207 88246 853
88222 88206 876
88222 88246 2833
88224 87567 883
88224 88223 1346
88224 90830 2125
90833 88223 1231
87564 87563 845
87564 87565 732
87564 87566 2373
87567 87563 1523
87567 87568 1248
87567 88224 883
88210 88209 831
88210 88211 1003
88210 88212 1162
88250 88212 877
88250 88248 1106
88250 88251 1185
88251 88250 1185
88251 88252 870
88251 88260 889
88396 88389 1100
88396 91121 666
88208 88207 713
88246 88207 853
88246 88222 2833
90830 88224 2125
90830 90831 365
90830 90832 650
87565 87564 732
87566 87564 2373
87568 87545 2737
87568 87567 1248
88209 88191 467
88209 88210 831
88209 88248 1130
88211 88210 1003
88248 88209 1130
88248 88247 1086
88248 88250 1106
88260 88247 1876
88260 88251 889
88260 88259 893
91121 88396 666
90831 90830 365
90832 90830 650
87545 87546 1663
87545 87568 2737
88191 88190 1132
88191 88209 467
88247 88248 1086
88247 88249 423
88247 88255 839
88247 88260 1876
88259 88254 1274
88259 88260 893
88259 88263 782
87546 87545 1663
87546 87551 1358
87546 87569 1032
88190 88188 1097
88190 88191 1132
88249 88247 423
88255 88247 839
88255 88254 202
88255 88256 437
88254 88253 985
88254 88255 202
88254 88259 1274
88263 88253 957
88263 88259 782
88263 88264 893
87551 87546 1358
87551 87552 2526
87551 87553 1290
87569 87546 1032
87569 87570 356
87569 90814 713
88188 88189 1162
88188 88190 1097
88256 88255 437
88253 88254 985
88253 88257 130
88253 88263 957
88264 88263 893
88264 88265 893
88264 88330 1039
87552 87551 2526
87553 87551 1290
87553 87554 578
87570 87569 356
90814 87569 713
88189 88187 667
88189 88188 1162
88257 88253 130
88257 88258 548
88257 88330 890
88265 88193 1000
88265 88195 1190
88265 88264 893
88330 88195 782
88330 88257 890
88330 88264 1039
88330 88331 592
87554 87553 578
88187 88186 1215
88187 88189 667
88258 88257 548
88193 88192 1558
88193 88194 1106
88193 88265 1000
88195 88194 1004
88195 88196 677
88195 88265 1190
88195 88330 782
88331 88330 592
88186 88185 512
88186 88187 1215
88192 88193 1558
88192 88197 562
88194 88193 1106
88194 88195 1004
88196 88195 677
88185 88183 748
88185 88186 512
88185 90828 1012
88197 88192 562
88197 88200 875
88197 88294 1114
88183 88177 882
88183 88184 755
88183 88185 748
90828 88185 1012
88200 88197 875
88200 88198 437
88200 88305 1447
88294 88197 1114
88294 88295 1208
88177 88143 1440
88177 88163 1286
88177 88183 882
88184 88183 755
88198 88140 770
88198 88199 818
88198 88200 437
88305 88200 1447
88305 88304 1188
88295 88294 1208
88295 88296 333
88295 88304 1206
88143 88141 680
88143 88144 3722
88143 88170 607
88143 88177 1440
88163 87419 882
88163 88162 790
88163 88176 850
88163 88177 1286
88140 88139 438
88140 88198 770
88199 88198 818
88304 88295 1206
88304 88305 1188
88296 88295 333
88141 88139 603
88141 88143 680
88144 88143 3722
88170 88143 607
87419 88163 882
88162 88163 790
88176 88163 850
88139 88140 438
88139 88141 603
160
88449
88417
88425
88418
88430
88427
88441
88451
88440
88439
91580
88438
88446
88287
88447
87634
87633
88282
87632
88274
88284
88277
88273
88275
89087
88283
88392
88240
88278
88272
88236
88245
89088
88239
88238
88279
88271
88237
88214
89089
89118
88280
88269
88393
88241
88213
88220
89119
88268
88270
88242
91776
87480
88243
88203
91389
88266
88394
87479
88244
88202
88204
91390
91391
88267
88397
88395
87478
87562
88201
88276
88205
88206
87477
88223
87563
88212
88252
88389
88207
88222
88224
90833
87564
87567
88210
88250
88251
88396
88208
88246
90830
87565
87566
87568
88209
88211
88248
88260
91121
90831
90832
87545
88191
88247
88259
87546
88190
88249
88255
88254
88263
87551
87569
88188
88256
88253
88264
87552
87553
87570
90814
88189
88257
88265
88330
87554
88187
88258
88193
88195
88331
88186
88192
88194
88196
88185
88197
88183
90828
88200
88294
88177
88184
88198
88305
88295
88143
88163
88140
88199
88304
88296
88141
88144
88170
87419
88162
88176
88139
