38
65021 65024 478
65021 65027 978
65024 65021 478
65024 65025 740
65024 65031 1265
65027 65021 978
65027 65028 475
65027 65033 752
65025 65024 740
65031 65024 1265
65028 65026 592
65028 65027 475
65028 65029 2276
65033 65027 752
65033 65034 1257
65033 65035 679
65026 65028 592
65026 65037 2933
65029 65028 2276
65029 65034 748
65029 65037 790
65034 65029 748
65034 65033 1257
65034 65036 651
65035 65033 679
65035 65036 929
65035 65084 679
65037 65026 2933
65037 65029 790
65037 65038 562
65036 65034 651
65036 65035 929
65036 65084 1114
65084 65035 679
65084 65036 1114
65084 65087 1084
65038 65037 562
65087 65084 1084
16
65021
65024
65027
65025
65031
65028
65033
65026
65029
65034
65035
65037
65036
65084
65038
65087
