44
36843 36844 713
36843 36846 252
36844 36843 713
36844 36845 1482
36844 39033 983
36846 36843 252
36846 39034 1593
36846 39035 1627
36845 36844 1482
39033 36844 983
39034 36846 1593
39035 36846 1627
39035 39038 202
39035 39039 581
39038 39035 202
39038 39036 238
39039 39035 581
39039 39042 778
39039 39043 1115
39036 39037 1493
39036 39038 238
39036 39048 1393
39042 39039 778
39042 39041 667
39043 39039 1115
39043 39041 872
39043 39044 516
39037 39036 1493
39048 39036 1393
39048 39046 279
39041 39042 667
39041 39043 872
39041 39045 511
39044 39043 516
39046 39047 475
39046 39048 279
39046 39049 1280
39045 39041 511
39047 39046 475
39049 39046 1280
39049 39050 581
39050 39049 581
39050 39051 475
39051 39050 475
22
36843
36844
36846
36845
39033
39034
39035
39038
39039
39036
39042
39043
39037
39048
39041
39044
39046
39045
39047
39049
39050
39051
