460
225350 225352 3770
225350 225972 6943
225352 225350 3770
225972 225350 6943
225972 225973 2170
225972 225974 13186
225973 225972 2170
225973 225979 1922
225973 225980 1014
225974 225972 13186
225974 226020 11979
225979 225973 1922
225980 225973 1014
225980 225987 2175
226020 225974 11979
226020 226225 6369
226020 226227 2197
226020 226228 2688
225987 225980 2175
225987 225988 2164
225987 225989 1445
226225 226020 6369
226225 226226 2733
226227 226020 2197
226227 226246 3724
226227 234349 555
226228 226020 2688
226228 226234 590
225988 225987 2164
225988 226004 4790
225988 226004 4790
225989 225987 1445
226226 226225 2733
226226 234258 2359
226246 226227 3724
226246 226245 667
226246 226288 1509
234349 226227 555
226234 226228 590
226234 226235 767
226234 226236 3619
226004 225988 4790
226004 225988 4790
234258 226226 2359
234258 234257 2560
226245 226243 672
226245 226244 1075
226245 226246 667
226245 226289 1593
226288 226246 1509
226288 226289 672
226288 226291 1343
226235 226231 678
226235 226234 767
226235 226237 989
226236 226234 3619
226236 226237 3039
226236 226252 1206
234257 226110 629
234257 234258 2560
226243 226244 1010
226243 226245 672
226243 226290 1593
226244 226243 1010
226244 226245 1075
226289 226245 1593
226289 226288 672
226289 226290 672
226289 226293 1004
226291 226288 1343
226291 226292 672
226291 226298 1068
226231 226232 2592
226231 226233 1629
226231 226235 678
226237 226235 989
226237 226236 3039
226237 226240 271
226252 226236 1206
226110 226109 445
226110 234257 629
226290 226243 1593
226290 226289 672
226290 226293 1136
226293 226289 1004
226293 226290 1136
226293 226292 352
226292 226291 672
226292 226293 352
226292 226294 749
226298 226291 1068
226298 226300 1095
226298 234851 1909
226232 226231 2592
226233 226229 1225
226233 226231 1629
226233 226238 865
226240 226237 271
226240 226239 2201
226109 226110 445
226109 234256 243
226294 226292 749
226294 226295 344
226300 226298 1095
226300 226299 796
226300 226304 1136
234851 226298 1909
234851 234885 1978
234851 234886 836
226229 226023 3017
226229 226230 883
226229 226233 1225
226238 226233 865
226239 226240 2201
226239 226241 1157
226239 226242 2324
234256 226109 243
226295 226294 344
226295 226296 1875
226295 226297 475
226295 226302 535
226299 226300 796
226299 226301 1004
226304 226300 1136
226304 226314 3147
234885 234851 1978
234886 234851 836
226023 226024 7101
226023 226229 3017
226023 226262 876
226230 226229 883
226241 226239 1157
226241 226250 1759
226241 226251 2238
226242 226239 2324
226242 226263 1333
226242 226269 278
226296 226295 1875
226297 226295 475
226297 226303 1338
226297 226309 782
226302 226295 535
226302 226301 1087
226301 226299 1004
226301 226302 1087
226301 226303 778
226314 226304 3147
226314 226315 2224
226024 226023 7101
226024 235174 622
226262 226023 876
226262 226261 1084
226262 226263 770
226250 226241 1759
226250 226270 4031
226250 226282 1136
226251 226241 2238
226263 226242 1333
226263 226262 770
226263 234887 893
226269 226242 278
226269 226270 4073
226269 226271 3002
226303 226297 1338
226303 226301 778
226303 226310 889
226309 226297 782
226309 226310 1426
226315 226314 2224
226315 226316 1574
226315 226317 9811
235174 226024 622
235174 226027 841
226261 226260 2005
226261 226262 1084
226261 226268 1343
226270 226250 4031
226270 226269 4073
226270 226272 1694
226282 226250 1136
234887 226263 893
226271 226267 781
226271 226269 3002
226271 226272 2579
226310 226303 889
226310 226309 1426
226310 226313 822
226316 226315 1574
226317 226315 9811
226317 234357 3252
226027 226021 2465
226027 235174 841
226260 226032 344
226260 226261 2005
226260 226264 1461
226268 226261 1343
226272 226270 1694
226272 226271 2579
226272 226283 1297
226267 226035 4362
226267 226271 781
226267 226273 1454
226313 226310 822
226313 226312 289
226313 235460 858
234357 226317 3252
234357 226699 1879
234357 234996 953
226021 226022 1924
226021 226026 1590
226021 226027 2465
226032 226033 823
226032 226035 1344
226032 226260 344
226264 226260 1461
226283 226272 1297
226283 226276 2900
226283 226284 1165
226035 226032 1344
226035 226034 2083
226035 226267 4362
226273 226267 1454
226273 226275 556
226273 226276 4693
226312 226305 1843
226312 226313 289
235460 226313 858
226699 226675 1067
226699 226700 2117
226699 234357 1879
234996 234357 953
226022 226021 1924
226026 226021 1590
226026 226028 4038
226033 226032 823
226276 226273 4693
226276 226278 1662
226276 226283 2900
226284 226283 1165
226034 226035 2083
226275 226273 556
226275 226274 2103
226275 226277 1565
226305 226253 3679
226305 226308 1014
226305 226312 1843
226675 226676 910
226675 226699 1067
226675 226739 1764
226700 226699 2117
226700 226701 2406
226700 226702 120
226028 226026 4038
226278 226276 1662
226278 226277 3997
226278 226280 1256
226274 226275 2103
226277 226275 1565
226277 226278 3997
226277 226279 1558
226253 226254 3057
226253 226305 3679
226308 226305 1014
226308 226306 1004
226308 226311 3566
226676 226675 910
226739 226675 1764
226739 226702 3038
226739 226709 337
226701 226700 2406
226702 226700 120
226702 226739 3038
226702 234708 1403
226280 226278 1256
226280 226279 3338
226280 226285 893
226279 226277 1558
226279 226280 3338
226254 226253 3057
226254 226255 333
226254 226258 502
226306 226259 2002
226306 226307 1717
226306 226308 1004
226311 226258 1593
226311 226259 1454
226311 226308 3566
226709 226679 333
226709 226739 337
226709 235454 654
234708 226702 1403
234708 226703 708
234708 234709 1885
226285 226280 893
226285 229437 678
226255 226254 333
226255 226256 669
226255 235461 306
226258 226254 502
226258 226257 1466
226258 226311 1593
226259 226257 1176
226259 226306 2002
226259 226311 1454
226307 226306 1717
226307 235462 842
226679 226680 586
226679 226709 333
226679 226711 1349
235454 226709 654
226703 226704 1436
226703 226710 3337
226703 226716 3779
226703 234708 708
234709 234708 1885
229437 226285 678
229437 226287 586
226256 226255 669
235461 226255 306
226257 226258 1466
226257 226259 1176
226257 235462 1174
235462 226257 1174
235462 226307 842
226680 226679 586
226711 226679 1349
226711 226710 893
226704 226703 1436
226710 226703 3337
226710 226711 893
226710 226712 1020
226716 226703 3779
226716 226724 1113
226716 226728 2245
226287 226286 1343
226287 226286 1343
226287 229437 586
226712 226684 573
226712 226710 1020
226712 226713 1505
226724 226716 1113
226724 226725 2668
226724 226726 2746
226728 226716 2245
226728 226729 5415
226728 226747 2414
226286 226287 1343
226286 226287 1343
226684 226681 1425
226684 226685 1228
226684 226712 573
226713 226712 1505
226713 226715 961
226713 226718 1961
226725 226718 2345
226725 226723 3223
226725 226724 2668
226726 226724 2746
226726 226730 1686
226726 226732 1218
226729 226728 5415
226729 226752 9290
226747 226728 2414
226747 226746 3796
226681 226682 2840
226681 226684 1425
226681 226714 982
226685 226683 1834
226685 226684 1228
226685 234710 1554
226715 226713 961
226718 226713 1961
226718 226717 1719
226718 226725 2345
226723 226717 3225
226723 226725 3223
226723 226734 1336
226730 226726 1686
226730 226731 1124
226730 226733 669
226732 226726 1218
226752 226729 9290
226752 226754 111
226746 226705 1860
226746 226747 3796
226746 226767 11636
226682 226681 2840
226682 226683 1248
226714 226681 982
226714 226689 472
226683 226682 1248
226683 226685 1834
234710 226685 1554
226717 226718 1719
226717 226723 3225
226717 226727 1171
226734 226723 1336
226734 226735 2881
226734 226736 4014
226731 226730 1124
226731 226740 817
226731 226741 1605
226733 226730 669
226754 226752 111
226754 226753 2748
226754 226767 847
226705 226706 7232
226705 226745 510
226705 226746 1860
226767 226746 11636
226767 226754 847
226689 226688 2681
226689 226688 2681
226689 226714 472
226727 226717 1171
226735 226734 2881
226736 226734 4014
226736 226737 452
226736 226741 6581
226740 226731 817
226741 226731 1605
226741 226736 6581
226741 226751 1381
226753 226754 2748
226753 226756 353
226753 226769 3766
226706 226604 2605
226706 226705 7232
226706 234677 1795
226745 226705 510
226745 226707 2947
226688 226673 2020
226688 226689 2681
226688 226689 2681
226688 226690 1114
226737 226736 452
226737 226744 10729
226737 231005 10027
226751 226741 1381
226756 226753 353
226756 226755 1028
226769 226753 3766
226769 226782 1740
226604 226586 4998
226604 226706 2605
234677 226706 1795
234677 234678 911
226707 226708 1404
226707 226745 2947
226673 226688 2020
226690 226688 1114
226744 226737 10729
226744 226755 3503
231005 226737 10027
226755 226744 3503
226755 226756 1028
226782 226769 1740
226586 226604 4998
234678 234677 911
226708 226707 1404
200
225350
225352
225972
225973
225974
225979
225980
226020
225987
226225
226227
226228
225988
225989
226226
226246
234349
226234
226004
234258
226245
226288
226235
226236
234257
226243
226244
226289
226291
226231
226237
226252
226110
226290
226293
226292
226298
226232
226233
226240
226109
226294
226300
234851
226229
226238
226239
234256
226295
226299
226304
234885
234886
226023
226230
226241
226242
226296
226297
226302
226301
226314
226024
226262
226250
226251
226263
226269
226303
226309
226315
235174
226261
226270
226282
234887
226271
226310
226316
226317
226027
226260
226268
226272
226267
226313
234357
226021
226032
226264
226283
226035
226273
226312
235460
226699
234996
226022
226026
226033
226276
226284
226034
226275
226305
226675
226700
226028
226278
226274
226277
226253
226308
226676
226739
226701
226702
226280
226279
226254
226306
226311
226709
234708
226285
226255
226258
226259
226307
226679
235454
226703
234709
229437
226256
235461
226257
235462
226680
226711
226704
226710
226716
226287
226712
226724
226728
226286
226684
226713
226725
226726
226729
226747
226681
226685
226715
226718
226723
226730
226732
226752
226746
226682
226714
226683
234710
226717
226734
226731
226733
226754
226705
226767
226689
226727
226735
226736
226740
226741
226753
226706
226745
226688
226737
226751
226756
226769
226604
234677
226707
226673
226690
226744
231005
226755
226782
226586
234678
226708
