40
27642 28391 2088
27642 28392 1019
28391 27642 2088
28391 28386 1062
28391 28387 924
28392 27642 1019
28392 28387 2066
28392 28393 782
28392 28403 1820
28386 28379 818
28386 28391 1062
28387 28379 1033
28387 28380 713
28387 28391 924
28387 28392 2066
28393 28380 1879
28393 28385 893
28393 28392 782
28393 28402 1796
28403 28392 1820
28403 28402 893
28379 28386 818
28379 28387 1033
28380 28387 713
28380 28393 1879
28385 28393 893
28385 28399 1983
28402 28393 1796
28402 28399 818
28402 28403 893
28399 28385 1983
28399 28398 672
28399 28402 818
28399 28446 1496
28398 28399 672
28446 28399 1496
28446 28445 1827
28446 28449 1234
28445 28446 1827
28449 28446 1234
16
27642
28391
28392
28386
28387
28393
28403
28379
28380
28385
28402
28399
28398
28446
28445
28449
