486
215456 215457 516
215456 224085 813
215456 224255 606
215456 224743 280
215457 215456 516
224085 215456 813
224085 218210 630
224085 224518 376
224085 224522 929
224255 215456 606
224255 218271 341
224255 224262 284
224743 215456 280
218210 218211 348
218210 224085 630
218210 224521 842
224518 224085 376
224522 218271 750
224522 224085 929
224522 224397 831
218271 218272 284
218271 224255 341
218271 224522 750
224262 224255 284
218211 218210 348
218211 218212 394
218211 224572 830
224521 218210 842
224521 224573 191
224521 224577 917
224397 218189 2274
224397 224522 831
224397 224577 688
218272 218271 284
218212 218211 394
218212 224044 173
218212 224576 767
224572 218211 830
224572 224573 133
224572 224576 412
224573 224521 191
224573 224572 133
224573 224578 911
224577 224397 688
224577 224521 917
224577 224578 208
218189 218188 2262
218189 218223 496
218189 224397 2274
224044 218212 173
224576 218212 767
224576 222541 480
224576 224572 412
224578 224571 1038
224578 224573 911
224578 224577 208
218188 218189 2262
218188 220774 555
218188 220775 608
218223 218189 496
218223 218222 1285
218223 218224 702
222541 217836 418
222541 224571 889
222541 224576 480
224571 217837 449
224571 222541 889
224571 224578 1038
220774 218188 555
220774 220773 364
220774 220776 1675
220775 218188 608
220775 220779 802
220775 220780 2021
218222 218223 1285
218222 218226 658
218222 220773 689
218224 218223 702
218224 218225 652
217836 217837 862
217836 222541 418
217836 222607 746
217837 217836 862
217837 218183 1336
217837 224571 449
220773 218222 689
220773 220774 364
220773 220777 629
220776 220774 1675
220776 220781 623
220779 220775 802
220779 220778 1973
220779 224574 445
220780 220775 2021
220780 220778 883
220780 224321 829
218226 218222 658
218226 218225 1967
218226 218228 716
218225 218224 652
218225 218226 1967
218225 218227 681
222607 217836 746
222607 218183 931
222607 218205 1886
218183 217837 1336
218183 218184 918
218183 222607 931
220777 220773 629
220777 220781 1998
220777 220782 640
220781 220776 623
220781 220777 1998
220781 220797 721
220778 219608 1198
220778 220628 900
220778 220779 1973
220778 220780 883
224574 220779 445
224321 218035 934
224321 220780 829
218228 218226 716
218228 218227 1753
218228 218230 1251
218227 218225 681
218227 218228 1753
218227 224319 733
218205 218204 703
218205 218364 347
218205 222607 1886
218184 218182 1166
218184 218183 918
220782 220777 640
220782 220783 580
220797 220781 721
220797 220794 742
220797 220796 1136
219608 219607 1556
219608 220778 1198
219608 220784 951
220628 220629 1447
220628 220778 900
220628 220785 697
218035 218036 363
218035 218036 363
218035 224321 934
218230 218228 1251
218230 218229 562
218230 218238 681
224319 218227 733
224319 218229 157
224319 224398 949
218204 218201 2534
218204 218205 703
218204 218206 1350
218364 218205 347
218364 218604 375
218364 221002 230
218182 218162 5296
218182 218184 1166
218182 218203 631
218182 224241 1472
220783 220782 580
220783 220794 672
220783 220795 1234
220794 220783 672
220794 220795 1009
220794 220797 742
220796 220795 680
220796 220797 1136
219607 219608 1556
220784 219608 951
220784 220785 411
220784 220786 330
220629 220628 1447
220785 220628 697
220785 220784 411
220785 224570 669
218036 218035 363
218036 218035 363
218229 218230 562
218229 224319 157
218238 218230 681
224398 224319 949
218201 218194 2272
218201 218197 6840
218201 218204 2534
218201 218209 1598
218206 218204 1350
218206 218217 872
218206 218219 1487
218604 218364 375
221002 218364 230
218162 218159 1975
218162 218182 5296
218162 219707 1710
218162 220281 1529
218203 218182 631
218203 218202 4173
224241 218155 6150
224241 218182 1472
220795 220783 1234
220795 220794 1009
220795 220796 680
220786 220784 330
220786 220790 845
220786 224269 1664
224570 220785 669
218194 218193 1895
218194 218195 660
218194 218201 2272
218194 224244 533
218197 218196 1371
218197 218201 6840
218209 218201 1598
218209 218208 481
218209 218214 2448
218217 218206 872
218217 218218 607
218217 218219 621
218219 218206 1487
218219 218217 621
218159 218157 418
218159 218160 516
218159 218162 1975
219707 218162 1710
220281 218162 1529
218202 218203 4173
218202 220551 2468
218202 224244 461
218155 218156 519
218155 218157 504
218155 224241 6150
220790 220305 1509
220790 220786 845
220790 224644 614
224269 220786 1664
224269 224959 485
218193 218186 6357
218193 218194 1895
218195 218194 660
224244 218194 533
224244 218202 461
218196 218197 1371
218208 218207 1381
218208 218207 1381
218208 218209 481
218208 218213 639
218214 218209 2448
218214 218240 461
218218 218217 607
218157 218155 504
218157 218159 418
218157 224497 456
218160 218067 3353
218160 218159 516
218160 218161 1336
218160 224243 1622
220551 218202 2468
218156 218044 3037
218156 218155 519
218156 224497 654
220305 220298 480
220305 220790 1509
224644 220790 614
224959 224269 485
224959 224960 655
224959 224961 1008
224959 224961 1008
218186 218187 526
218186 218192 389
218186 218193 6357
218207 218208 1381
218207 218208 1381
218207 218231 599
218213 218208 639
218240 218214 461
218240 218234 1014
218240 218234 1014
224497 218056 5000
224497 218156 654
224497 218157 456
218067 218043 1767
218067 218160 3353
218067 218161 2982
218161 218067 2982
218161 218160 1336
218161 218163 249
224243 218160 1622
218044 218029 708
218044 218045 869
218044 218156 3037
218044 224242 352
220298 220305 480
224960 224959 655
224961 224959 1008
224961 224959 1008
224961 224962 400
218187 218132 675
218187 218186 526
218187 224031 533
218192 218186 389
218192 218200 1343
218231 218207 599
218234 218235 477
218234 218240 1014
218234 218240 1014
218056 218040 544
218056 218049 530
218056 224497 5000
218043 218067 1767
218163 218161 249
218163 218164 643
218163 218178 1696
218029 218030 1275
218029 218044 708
218045 218030 953
218045 218044 869
218045 218062 326
224242 218044 352
224962 224961 400
218132 218127 648
218132 218131 1171
218132 218187 675
218132 219698 756
224031 218187 533
224031 218200 653
218200 218192 1343
218200 224031 653
218200 224033 379
218235 218234 477
218040 218041 683
218040 218049 279
218040 218056 544
218049 218040 279
218049 218053 1163
218049 218056 530
218164 218158 244
218164 218163 643
218164 218179 1743
218178 218163 1696
218178 218179 677
218030 218029 1275
218030 218041 1024
218030 218045 953
218062 218045 326
218127 218126 10853
218127 218132 648
218127 219698 638
218131 218132 1171
219698 218127 638
219698 218132 756
219698 218145 4895
224033 218145 4621
224033 218200 379
218041 218030 1024
218041 218040 683
218041 218046 286
218053 218049 1163
218053 218050 1603
218158 218055 551
218158 218164 244
218158 224637 1959
218179 218164 1743
218179 218178 677
218179 224270 851
218126 218127 10853
218145 218144 5544
218145 219698 4895
218145 224033 4621
218046 218032 2988
218046 218041 286
218050 218038 838
218050 218053 1603
218055 218054 1269
218055 218158 551
218055 218165 958
224637 218158 1959
224637 224636 548
224637 224753 432
224270 218054 537
224270 218179 851
224270 224245 926
218144 218143 350
218144 218145 5544
218032 218031 4269
218032 218038 754
218032 218046 2988
218032 224587 3587
218038 218032 754
218038 218050 838
218038 220280 734
218054 218055 1269
218054 218060 902
218054 224270 537
218165 218055 958
218165 218060 1341
218165 218064 810
218165 218175 650
224636 216429 192
224636 224637 548
224636 224745 839
224753 224637 432
224245 218060 548
224245 224270 926
224245 224773 775
218143 218075 566
218143 218144 350
218031 218032 4269
218031 218039 7962
218031 224943 3861
224587 218032 3587
220280 218038 734
218060 218054 902
218060 218165 1341
218060 218180 793
218060 224245 548
218064 218065 675
218064 218165 810
218064 218172 857
218175 218065 779
218175 218165 650
218175 218174 173
216429 216423 102
216429 224636 192
216429 224760 462
224745 224636 839
224773 218181 220
224773 224245 775
218075 218074 306
218075 218143 566
218039 218031 7962
224943 218031 3861
224943 224942 61
224943 224944 1069
218180 218060 793
218180 218174 1443
218180 218181 333
218065 218064 675
218065 218175 779
218065 224498 550
218172 218064 857
218172 218169 1209
218172 218173 850
218174 218175 173
218174 218177 352
218174 218180 1443
216423 216422 584
216423 216422 584
216423 216429 102
224760 216429 462
218181 218180 333
218181 224773 220
218074 218075 306
218074 218076 65
224942 218037 922
224942 218037 922
224942 224943 61
224944 224943 1069
224498 218065 550
224498 218177 749
218169 218167 223
218169 218168 879
218169 218172 1209
218173 218172 850
218177 218174 352
218177 224498 749
216422 216423 584
216422 216423 584
216422 224575 387
218076 218071 826
218076 218074 65
218076 218080 9364
218076 218139 8129
218037 224942 922
218037 224942 922
218167 218166 1154
218167 218169 223
218168 218169 879
224575 216422 387
218071 218070 1011
218071 218076 826
218080 218076 9364
218139 218076 8129
218166 218167 1154
218070 218071 1011
91
220780
220778
224321
219608
220628
218035
219607
220784
220629
220785
218036
220786
224570
218197
218159
220790
224269
218196
218214
218157
218160
220305
224644
224959
218240
224497
218067
218161
224243
220298
224960
224961
218234
218056
218043
218163
224962
218235
218040
218049
218164
218178
218041
218053
218158
218179
218046
218050
218055
224637
224270
218032
218038
218054
218165
224636
224753
224245
218031
224587
220280
218060
218064
218175
216429
224745
224773
218039
224943
218180
218065
218172
218174
216423
224760
218181
224942
224944
224498
218169
218173
218177
216422
218037
218167
218168
224575
218080
218139
218166
218070
