648
146985 146986 221
146985 146987 612
146985 148229 374
146986 146985 221
146987 146985 612
146987 148227 680
146987 148228 771
146987 148229 492
148229 146985 374
148229 146987 492
148229 148225 831
148229 148227 494
148227 146987 680
148227 148223 1084
148227 148229 494
148228 146987 771
148228 148223 1418
148225 148214 2458
148225 148224 877
148225 148229 831
148223 148221 842
148223 148227 1084
148223 148228 1418
148214 148154 2298
148214 148166 808
148214 148221 823
148214 148225 2458
148224 148166 2428
148224 148225 877
148224 148226 716
148224 148264 1247
148221 148214 823
148221 148215 319
148221 148223 842
148154 148155 870
148154 148214 2298
148166 148214 808
148166 148224 2428
148226 148224 716
148226 148266 467
148226 148267 456
148264 148224 1247
148264 148267 1093
148264 148269 498
148215 148212 1220
148215 148221 319
148155 147647 1257
148155 148154 870
148155 148211 611
148155 148212 792
148266 148226 467
148266 148267 624
148267 148226 456
148267 148264 1093
148267 148266 624
148269 148264 498
148212 148155 792
148212 148215 1220
148212 148216 3117
147647 147642 1103
147647 148155 1257
148211 148155 611
148211 148206 246
148211 148213 3277
148216 148212 3117
148216 148213 902
147642 147628 2429
147642 147643 777
147642 147647 1103
147642 148153 769
148206 147646 128
148206 148207 100
148206 148211 246
148213 148211 3277
148213 148216 902
148213 148218 423
148213 148219 2759
147628 147633 817
147628 147642 2429
147643 147633 2421
147643 147636 856
147643 147642 777
147643 147646 2248
148153 147642 769
147646 147643 2248
147646 148206 128
148207 147707 731
148207 148206 100
148218 148210 332
148218 148213 423
148219 148213 2759
148219 148243 318
147633 147605 2348
147633 147628 817
147633 147632 831
147633 147643 2421
147636 147632 2418
147636 147635 793
147636 147643 856
147636 147707 2378
147707 147636 2378
147707 147704 771
147707 148207 731
147707 148210 2563
148210 147707 2563
148210 148209 769
148210 148218 332
148210 148220 2741
148243 148219 318
148243 148220 436
147605 147604 819
147605 147633 2348
147632 147604 2333
147632 147633 831
147632 147634 793
147632 147636 2418
147635 147634 2418
147635 147636 793
147635 147697 805
147635 147704 2407
147704 147635 2407
147704 147707 771
147704 148208 232
148209 147714 845
148209 148208 1836
148209 148210 769
148209 148217 2777
148220 148210 2741
148220 148217 773
148220 148242 2490
148220 148243 436
147604 147597 2269
147604 147605 819
147604 147609 753
147604 147632 2333
147634 147609 2341
147634 147611 753
147634 147632 793
147634 147635 2418
147697 147611 2413
147697 147635 805
147697 147696 797
147697 147706 2415
148208 147704 232
148208 147706 615
148208 148209 1836
147714 147708 1066
147714 147712 740
147714 147715 2797
147714 148209 845
148217 147715 830
148217 148209 2777
148217 148220 773
148217 148237 2404
148242 148220 2490
148242 148237 729
148242 148240 489
148242 148245 248
147597 147596 599
147597 147604 2269
147609 147596 2247
147609 147604 753
147609 147608 808
147609 147634 2341
147611 147608 2322
147611 147610 843
147611 147634 753
147611 147697 2413
147696 147610 2469
147696 147695 740
147696 147697 797
147696 147705 2378
147706 147697 2415
147706 147708 456
147706 148208 615
147708 147705 324
147708 147706 456
147708 147714 1066
147712 147698 367
147712 147710 329
147712 147713 2777
147712 147714 740
147715 147713 755
147715 147714 2797
147715 147735 2446
147715 148217 830
148237 147735 801
148237 148217 2404
148237 148238 377
148237 148242 729
148240 148238 753
148240 148242 489
148245 148242 248
147596 147450 2487
147596 147592 797
147596 147597 599
147596 147609 2247
147608 147592 2232
147608 147607 816
147608 147609 808
147608 147611 2322
147610 147607 2319
147610 147611 843
147610 147661 706
147610 147696 2469
147695 147661 2427
147695 147663 833
147695 147696 740
147695 147698 2404
147705 147696 2378
147705 147698 742
147705 147708 324
147698 147695 2404
147698 147705 742
147698 147710 482
147698 147712 367
147710 147698 482
147710 147702 388
147710 147712 329
147713 147711 756
147713 147712 2777
147713 147715 755
147713 147731 2159
147735 147715 2446
147735 147731 873
147735 147734 813
147735 148237 801
147735 148238 898
147735 148239 2808
148238 147735 898
148238 148237 377
148238 148240 753
148238 148241 2453
147450 147419 2618
147450 147448 743
147450 147596 2487
147592 147448 2507
147592 147596 797
147592 147599 818
147592 147608 2232
147607 147599 2207
147607 147601 791
147607 147608 816
147607 147610 2319
147661 147601 2370
147661 147610 706
147661 147660 873
147661 147695 2427
147663 147660 2418
147663 147664 700
147663 147695 833
147663 147702 2387
147702 147663 2387
147702 147709 274
147702 147710 388
147711 147709 2362
147711 147713 756
147711 147727 828
147711 147728 1848
147731 147713 2159
147731 147728 792
147731 147734 298
147731 147735 873
147734 147731 298
147734 147732 751
147734 147735 813
147734 147736 2772
148239 147735 2808
148239 147736 807
148239 148241 816
148239 148249 2571
148241 148238 2453
148241 148239 816
147419 147417 1791
147419 147425 537
147419 147442 688
147419 147450 2618
147448 147442 2638
147448 147450 743
147448 147451 826
147448 147592 2507
147599 147451 2456
147599 147592 818
147599 147598 783
147599 147607 2207
147601 147598 2167
147601 147600 765
147601 147607 791
147601 147661 2370
147660 147600 2407
147660 147659 731
147660 147661 873
147660 147663 2418
147664 147659 2370
147664 147662 863
147664 147663 700
147664 147701 2376
147709 147701 414
147709 147702 274
147709 147711 2362
147727 147711 828
147727 147720 862
147727 147721 1589
147728 147711 1848
147728 147721 869
147728 147731 792
147728 147732 572
147732 147728 572
147732 147729 809
147732 147733 2819
147732 147734 751
147736 147733 683
147736 147734 2772
147736 148239 807
147736 148248 2572
148249 148239 2571
148249 148248 790
147417 147401 689
147417 147416 848
147417 147418 439
147417 147419 1791
147425 147419 537
147425 147420 1023
147425 147449 709
147442 147416 1424
147442 147419 688
147442 147441 845
147442 147448 2638
147451 147441 2691
147451 147447 813
147451 147448 826
147451 147599 2456
147598 147447 2550
147598 147454 837
147598 147599 783
147598 147601 2167
147600 147454 2111
147600 147601 765
147600 147650 806
147600 147660 2407
147659 147650 2351
147659 147653 822
147659 147660 731
147659 147664 2370
147662 147653 2378
147662 147664 863
147662 147667 805
147662 147699 2330
147701 147664 2376
147701 147699 805
147701 147709 414
147720 147703 840
147720 147716 1240
147720 147719 918
147720 147727 862
147721 147716 929
147721 147727 1589
147721 147728 869
147721 147729 834
147729 147717 842
147729 147721 834
147729 147730 2813
147729 147732 809
147733 147730 845
147733 147732 2819
147733 147736 683
147733 147741 2567
148248 147736 2572
148248 147741 719
148248 148249 790
148248 148855 2661
147401 147379 2246
147401 147403 756
147401 147404 736
147401 147417 689
147416 147403 961
147416 147417 848
147416 147431 927
147416 147442 1424
147418 147414 1023
147418 147417 439
147418 147420 902
147420 147418 902
147420 147422 1080
147420 147425 1023
147449 147425 709
147449 147576 1027
147449 147590 639
147441 147431 1048
147441 147442 845
147441 147443 779
147441 147451 2691
147447 147443 2623
147447 147446 802
147447 147451 813
147447 147598 2550
147454 147446 2531
147454 147456 772
147454 147598 837
147454 147600 2111
147650 147456 2159
147650 147600 806
147650 147649 753
147650 147659 2351
147653 147649 2382
147653 147652 828
147653 147659 822
147653 147662 2378
147667 147652 2432
147667 147662 805
147667 147666 863
147667 147700 2344
147699 147662 2330
147699 147700 793
147699 147701 805
147703 147668 673
147703 147700 209
147703 147720 840
147716 147688 1718
147716 147717 1167
147716 147720 1240
147716 147721 929
147719 147668 523
147719 147669 223
147719 147720 918
147717 147688 2359
147717 147716 1167
147717 147718 822
147717 147722 1199
147717 147729 842
147730 147729 2813
147730 147733 845
147730 147737 828
147730 147740 2575
147741 147733 2567
147741 147740 792
147741 147950 2663
147741 148248 719
148855 147950 702
148855 148248 2661
147379 147373 2349
147379 147374 793
147379 147378 696
147379 147401 2246
147403 147378 2289
147403 147401 756
147403 147402 856
147403 147416 961
147404 147374 2316
147404 147401 736
147404 147414 589
147431 147402 1352
147431 147416 927
147431 147430 858
147431 147441 1048
147414 147404 589
147414 147406 312
147414 147415 272
147414 147418 1023
147422 147415 1255
147422 147420 1080
147576 147449 1027
147576 147578 636
147590 147449 639
147590 147578 1002
147590 147591 694
147443 147430 643
147443 147441 779
147443 147444 797
147443 147447 2623
147446 147444 2649
147446 147447 802
147446 147452 765
147446 147454 2531
147456 147452 2584
147456 147454 772
147456 147455 796
147456 147650 2159
147649 147455 2125
147649 147648 793
147649 147650 753
147649 147653 2382
147652 147648 2313
147652 147651 845
147652 147653 828
147652 147667 2432
147666 147651 2470
147666 147665 737
147666 147667 863
147666 147668 2290
147700 147667 2344
147700 147699 793
147700 147703 209
147668 147666 2290
147668 147703 673
147668 147719 523
147688 147669 812
147688 147716 1718
147688 147717 2359
147669 147665 2366
147669 147688 812
147669 147719 223
147718 147689 793
147718 147717 822
147718 147722 830
147722 147717 1199
147722 147718 830
147722 147726 1141
147737 147726 516
147737 147730 828
147737 147738 395
147740 147730 2575
147740 147741 792
147740 147944 822
147740 147949 2679
147950 147741 2663
147950 147949 812
147950 148855 702
147950 148859 2444
147373 147372 969
147373 147379 2349
147374 147372 2390
147374 147379 793
147374 147404 2316
147374 147405 805
147378 147379 696
147378 147403 2289
147402 147380 771
147402 147403 856
147402 147431 1352
147430 147380 1717
147430 147429 911
147430 147431 858
147430 147443 643
147406 147405 2100
147406 147414 312
147406 147415 223
147415 147406 223
147415 147414 272
147415 147422 1255
147578 147576 636
147578 147590 1002
147591 147590 694
147444 147429 245
147444 147443 797
147444 147445 546
147444 147446 2649
147452 147436 2447
147452 147438 782
147452 147446 765
147452 147456 2584
147455 147438 2595
147455 147456 796
147455 147649 2125
147648 147649 793
147648 147652 2313
147651 147652 845
147651 147666 2470
147665 147666 737
147665 147669 2366
147689 147718 793
147689 147726 1709
147726 147689 1709
147726 147722 1141
147726 147737 516
147738 147723 288
147738 147737 395
147738 147739 1424
147944 147739 704
147944 147740 822
147949 147740 2679
147949 147950 812
147949 147954 2094
148859 147950 2444
148859 147960 501
148859 147962 533
147372 147373 969
147372 147374 2390
147405 147374 805
147405 147406 2100
147405 147407 845
147380 147377 2301
147380 147395 791
147380 147402 771
147380 147430 1717
147429 147395 2170
147429 147430 911
147429 147444 245
147429 147445 547
147445 147428 283
147445 147429 547
147445 147436 330
147445 147444 546
147436 147428 223
147436 147437 812
147436 147445 330
147436 147452 2447
147438 147437 2130
147438 147452 782
147438 147455 2595
147723 147738 288
147739 147738 1424
147739 147944 704
147954 147949 2094
147954 147959 352
147954 147960 465
147960 147954 465
147960 147959 293
147960 147962 701
147960 148859 501
147962 147960 701
147962 148859 533
147962 148861 2004
147962 148862 1074
147407 147405 845
147377 147376 790
147377 147380 2301
147395 147376 2327
147395 147380 791
147395 147394 827
147395 147429 2170
147428 147394 2319
147428 147427 757
147428 147436 223
147428 147445 283
147437 147427 536
147437 147436 812
147437 147438 2130
147959 147954 352
147959 147960 293
147959 147961 2524
148861 147961 755
148861 147962 2004
148861 151636 795
148862 147962 1074
148862 148863 241
147376 147368 2257
147376 147377 790
147376 147395 2327
147394 147395 827
147394 147428 2319
147427 147428 757
147427 147437 536
147961 147959 2524
147961 148861 755
151636 148861 795
148863 148862 241
147368 147376 2257
199
146986
146987
148229
148227
148228
148225
148223
148214
148224
148221
148154
148166
148226
148264
148215
148155
148266
148267
148269
148212
147647
148211
148216
147642
148206
148213
147628
147643
148153
147646
148207
148218
148219
147633
147636
147707
148210
148243
147605
147632
147635
147704
148209
148220
147604
147634
147697
148208
147714
148217
148242
147597
147609
147611
147696
147706
147708
147712
147715
148237
148240
148245
147596
147608
147610
147695
147705
147698
147710
147713
147735
148238
147450
147592
147607
147661
147663
147702
147711
147731
147734
148239
148241
147419
147448
147599
147601
147660
147664
147709
147727
147728
147732
147736
148249
147417
147425
147442
147451
147598
147600
147659
147662
147701
147720
147721
147729
147733
148248
147401
147416
147418
147420
147449
147441
147447
147454
147650
147653
147667
147699
147703
147716
147719
147717
147730
147741
148855
147379
147403
147404
147431
147414
147422
147576
147590
147443
147446
147456
147649
147652
147666
147700
147668
147688
147669
147718
147722
147737
147740
147950
147373
147374
147378
147402
147430
147406
147415
147578
147591
147444
147452
147455
147648
147651
147665
147689
147726
147738
147944
147949
148859
147372
147405
147380
147429
147445
147436
147438
147723
147739
147954
147960
147962
147407
147377
147395
147428
147437
147959
148861
148862
147376
147394
147427
147961
151636
148863
147368
