38
192737 192738 3189
192737 192739 2084
192738 192737 3189
192738 192769 86
192738 194064 470
192739 192737 2084
192739 192768 1865
192739 192772 2109
192769 192738 86
192769 192756 1697
192769 192768 865
194064 192738 470
192768 192739 1865
192768 192769 865
192768 192770 3057
192772 192739 2109
192772 192773 2450
192772 192774 2215
192756 192757 1853
192756 192766 655
192756 192769 1697
192770 192757 946
192770 192768 3057
192770 192771 1767
192770 192773 784
192773 192770 784
192773 192772 2450
192773 192775 201
192774 192772 2215
192774 192775 704
192757 192756 1853
192757 192770 946
192766 192756 655
192771 192770 1767
192775 192773 201
192775 192774 704
192775 192776 1900
192776 192775 1900
16
192737
192738
192739
192769
194064
192768
192772
192756
192770
192773
192774
192757
192766
192771
192775
192776
