462
173212 173213 2044
173212 173215 2691
173212 173267 3420
173213 173212 2044
173213 173214 1766
173213 174758 2644
173215 173212 2691
173215 173227 3503
173267 173212 3420
173267 173268 3553
173267 174759 4642
173214 173213 1766
173214 185702 425
174758 173213 2644
174758 174756 877
173227 173215 3503
173227 173226 4704
173268 173267 3553
173268 174761 1695
174759 173267 4642
174759 174760 1481
174759 174761 2452
185702 173214 425
185702 185768 363
174756 174757 2496
174756 174758 877
173226 173227 4704
173226 173269 493
174761 173268 1695
174761 174759 2452
174760 174759 1481
185768 185702 363
185768 186013 2209
174757 174756 2496
173269 173226 493
173269 173259 127
173269 185415 2979
186013 185768 2209
173259 173258 3073
173259 173269 127
185415 173269 2979
173258 173257 3453
173258 173259 3073
173258 173270 1698
173257 173256 845
173257 173258 3453
173257 173272 1773
173270 173258 1698
173270 173271 1406
173256 173255 1357
173256 173257 845
173272 173257 1773
173272 173273 1170
173271 173270 1406
173255 173251 336
173255 173256 1357
173255 173289 557
173273 173272 1170
173273 173274 2479
173273 185417 1276
173251 173252 435
173251 173255 336
173289 173255 557
173289 173288 612
173274 173273 2479
185417 173273 1276
173252 173240 869
173252 173251 435
173252 173253 818
173288 173287 139
173288 173289 612
173240 173239 796
173240 173241 827
173240 173252 869
173253 173237 1115
173253 173239 951
173253 173252 818
173287 173286 1576
173287 173288 139
173287 173345 951
173239 173237 713
173239 173240 796
173239 173253 951
173241 173240 827
173241 173242 1426
173241 173243 879
173237 173238 2534
173237 173239 713
173237 173253 1115
173286 173285 1134
173286 173287 1576
173286 173317 983
173345 173287 951
173345 173346 344
173345 173347 344
173242 173241 1426
173243 173231 2362
173243 173241 879
173243 185416 1970
173238 173237 2534
173238 173250 3990
173238 185699 1385
173285 173284 501
173285 173286 1134
173317 173286 983
173317 173316 2188
173317 173316 2188
173346 173345 344
173347 173345 344
173231 173229 1585
173231 173232 6086
173231 173243 2362
185416 173243 1970
173250 173238 3990
173250 173249 4475
173250 173254 1151
173250 178550 1863
185699 173238 1385
173284 173283 1627
173284 173285 501
173284 173318 923
173316 173315 983
173316 173317 2188
173316 173317 2188
173229 173230 1282
173229 173231 1585
173229 173244 957
173232 173231 6086
173249 173247 497
173249 173250 4475
173249 185519 5228
173254 173250 1151
173254 173290 948
178550 173250 1863
178550 178551 1719
173283 173280 1935
173283 173284 1627
173283 173321 1385
173318 173284 923
173318 173319 610
173318 173320 384
173315 173316 983
173315 173324 1395
173315 173334 3044
173315 173343 1257
173230 173228 11447
173230 173229 1282
173230 173233 2555
173244 173229 957
173244 173245 1326
173244 173246 1226
173247 173233 4010
173247 173248 1631
173247 173249 497
185519 173249 5228
173290 173254 948
173290 173291 648
173290 173292 154
178551 178428 5778
178551 178550 1719
173280 173279 877
173280 173281 826
173280 173283 1935
173321 173279 1124
173321 173283 1385
173321 173322 438
173321 173325 2044
173319 173318 610
173320 173318 384
173324 173315 1395
173324 173322 899
173324 173331 2460
173334 173315 3044
173334 173333 1014
173334 173362 1015
173334 173367 1234
173343 173315 1257
173343 173344 1901
173343 173351 747
173343 173368 1197
173228 173230 11447
173233 173230 2555
173233 173236 1114
173233 173247 4010
173245 173244 1326
173246 173244 1226
173248 173247 1631
173291 173290 648
173292 173290 154
173292 173293 612
173292 178579 788
178428 178429 336
178428 178551 5778
173279 173277 777
173279 173280 877
173279 173321 1124
173281 173280 826
173281 173282 2271
173281 173293 215
173322 173321 438
173322 173323 870
173322 173324 899
173325 173321 2044
173325 173326 1055
173325 173330 599
173331 173324 2460
173331 173330 1225
173331 173335 336
173333 173332 1225
173333 173334 1014
173333 173363 931
173362 173334 1015
173362 173361 1197
173362 173379 2340
173367 173334 1234
173367 173368 1115
173367 173369 1234
173344 173343 1901
173351 173343 747
173351 173352 47
173351 173355 1395
173368 173343 1197
173368 173355 1675
173368 173367 1115
173236 173233 1114
173236 173234 2989
173236 185520 3542
173293 173281 215
173293 173292 612
173293 173294 694
178579 173292 788
178579 178575 610
178579 178577 735
178429 178428 336
178429 178430 336
178429 178520 9147
178429 178534 15756
173277 173276 608
173277 173278 1245
173277 173279 777
173282 173275 2577
173282 173281 2271
173282 178593 336
173323 173322 870
173326 173276 1182
173326 173325 1055
173326 173328 1398
173326 173336 1862
173330 173325 599
173330 173331 1225
173330 173332 1446
173335 173331 336
173332 173330 1446
173332 173333 1225
173332 173336 1124
173332 173365 1026
173363 173333 931
173363 173364 336
173363 173365 893
173361 173360 1891
173361 173362 1197
173361 173385 1182
173361 173406 2262
173379 173314 2458
173379 173362 2340
173379 173369 1177
173379 173406 931
173369 173367 1234
173369 173370 782
173369 173379 1177
173352 173351 47
173352 173353 644
173352 173354 538
173355 173348 1299
173355 173351 1395
173355 173368 1675
173234 173235 1869
173234 173236 2989
173234 185517 1560
185520 173236 3542
173294 173293 694
178575 178574 697
178575 178576 708
178575 178579 610
178577 178578 138
178577 178579 735
178430 178429 336
178520 178429 9147
178520 178521 4181
178520 181842 2398
178520 185578 6339
178534 178429 15756
178534 178533 3665
178534 178554 4618
173276 173275 1901
173276 173277 608
173276 173326 1182
173278 173277 1245
173275 173276 1901
173275 173282 2577
173275 173329 403
173275 177766 1533
178593 173282 336
178593 178572 536
173328 173326 1398
173328 173329 676
173328 173356 556
173328 173366 1827
173336 173326 1862
173336 173332 1124
173336 173366 688
173365 173332 1026
173365 173360 1115
173365 173363 893
173364 173363 336
173360 173361 1891
173360 173365 1115
173360 173373 425
173385 173361 1182
173385 173372 1565
173385 173405 2481
173385 173503 1015
173406 173295 3011
173406 173361 2262
173406 173379 931
173406 173405 1182
173314 173295 1140
173314 173313 939
173314 173379 2458
173370 173313 1139
173370 173348 649
173370 173369 782
173353 173352 644
173354 173352 538
173348 173349 373
173348 173355 1299
173348 173370 649
173235 173234 1869
173235 186165 1679
185517 173234 1560
185517 185518 2889
185517 185521 3640
178574 178572 418
178574 178575 697
178576 178575 708
178578 178577 138
178521 177699 1573
178521 178520 4181
178521 178522 3292
181842 178520 2398
181842 178541 2993
185578 178520 6339
178533 178531 709
178533 178534 3665
178554 178534 4618
178554 178555 742
178554 178556 598
173329 173275 403
173329 173328 676
173329 173356 629
177766 173275 1533
178572 178573 2531
178572 178574 418
178572 178593 536
178572 178594 1715
173356 173328 556
173356 173329 629
173356 177765 1357
173366 173328 1827
173366 173336 688
173366 173358 1282
173366 173378 1385
173373 173360 425
173373 173372 855
173372 173371 1504
173372 173373 855
173372 173385 1565
173405 173385 2481
173405 173406 1182
173405 173417 1345
173405 173452 1447
173503 173385 1015
173503 173418 452
173295 173296 1901
173295 173314 1140
173295 173406 3011
173295 173443 1274
173313 173312 747
173313 173314 939
173313 173370 1139
173349 173348 373
173349 173350 713
186165 173235 1679
185518 185517 2889
185518 186011 1630
185521 185517 3640
177699 177700 1975
177699 178521 1573
178522 178521 3292
178522 178523 6500
178522 185764 3165
178541 178540 1385
178541 181842 2993
178531 178530 782
178531 178532 1809
178531 178533 709
178555 178519 1155
178555 178554 742
178555 178558 695
178556 178554 598
178556 178557 796
178556 178566 840
178573 178572 2531
178594 178572 1715
177765 173356 1357
173358 173357 1151
173358 173359 1976
173358 173366 1282
173378 173366 1385
173378 173376 201
173378 185418 1055
173371 173372 1504
173371 173374 1226
173371 173383 1577
173371 173384 1188
173417 173405 1345
173417 173416 1015
173417 173418 1897
173417 173453 1565
173452 173405 1447
173452 173443 2244
173418 173417 1897
173418 173503 452
173296 173295 1901
173443 173295 1274
173443 173452 2244
173312 173313 747
173350 173349 713
186011 185518 1630
177700 177699 1975
178523 178522 6500
185764 178522 3165
178540 178541 1385
178530 178531 782
178532 178531 1809
178519 178555 1155
178558 178555 695
178557 178556 796
178566 178556 840
173357 173358 1151
173357 173359 2793
173359 173357 2793
173359 173358 1976
173376 173374 788
173376 173378 201
185418 173378 1055
173374 173371 1226
173374 173376 788
173383 173371 1577
173384 173371 1188
173416 173417 1015
173453 173417 1565
28
174758
185702
174756
185768
174757
186013
173228
173235
186165
178541
173418
173296
173443
173312
173350
185764
178540
178530
178519
178566
173357
173359
173376
173374
173383
173384
173416
173453
