26
238953 238955 1749
238953 238956 1616
238955 238953 1749
238955 238956 381
238955 239191 1484
238956 238953 1616
238956 238955 381
238956 260851 1621
239191 238955 1484
239191 239190 502
260851 238956 1621
260851 260845 573
260851 260853 760
239190 239191 502
239190 260852 602
260845 260848 641
260845 260851 573
260853 260851 760
260853 260852 291
260852 239190 602
260852 260853 291
260848 260845 641
260848 260849 161
260848 260850 943
260849 260848 161
260850 260848 943
12
238953
238955
238956
239191
260851
239190
260845
260853
260852
260848
260849
260850
