28
207610 208100 2052
208100 207610 2052
208065 208067 825
208067 208065 825
208067 208069 755
208076 208077 201
208077 208076 201
207805 207808 1026
207808 207805 1026
207808 207816 936
195347 207827 677
207816 207808 936
207816 207827 684
207827 195347 677
207827 207816 684
208069 208067 755
208069 208070 801
208070 208069 801
208083 208084 559
208084 208083 559
208084 208085 853
208085 208084 853
208158 208161 622
208158 208167 307
208161 208158 622
208167 208158 307
208416 208431 1658
208431 208416 1658
36
207610
208100
208501
208065
208067
208074
208066
208076
208077
207758
207805
207808
195347
207830
207816
207827
208069
208070
208083
208085
208131
208147
208161
208184
208378
208412
208416
208431
208429
208434
208447
208446
208453
210696
210701
210699
