118
60617 60618 789
60617 60621 1952
60618 60617 789
60618 60622 1952
60621 60617 1952
60621 60622 789
60621 60660 2017
60622 60618 1952
60622 60621 789
60622 60623 752
60622 60661 2017
60660 60621 2017
60660 60661 789
60660 60663 1952
60623 60622 752
60623 60662 1883
60661 60622 2017
60661 60660 789
60661 60662 789
60661 60664 2017
60663 60660 1952
60663 60664 698
60663 60674 2017
60662 60623 1883
60662 60661 789
60662 60668 613
60662 60671 1951
60664 60661 2017
60664 60663 698
60664 60671 747
60664 60675 2017
60674 60663 2017
60674 60675 698
60674 60691 1815
60668 60662 613
60668 60672 1883
60671 60662 1951
60671 60664 747
60671 60672 698
60671 60676 2154
60675 60664 2017
60675 60674 698
60675 60676 837
60675 60692 1815
60691 60674 1815
60691 60692 698
60672 60668 1883
60672 60671 698
60672 60673 698
60672 60677 1883
60676 60671 2154
60676 60675 837
60676 60677 688
60676 60693 1749
60692 60675 1815
60692 60691 698
60692 60693 789
60673 60672 698
60673 60678 1883
60673 60681 1068
60677 60672 1883
60677 60676 688
60677 60678 698
60677 60701 2154
60693 60676 1749
60693 60690 1548
60693 60692 789
60693 60701 811
60678 60673 1883
60678 60677 698
60678 60702 1207
60678 60703 2022
60681 60673 1068
60681 60702 1891
60701 60677 2154
60701 60693 811
60701 60703 747
60690 60689 1567
60690 60693 1548
60690 60694 1486
60702 60678 1207
60702 60681 1891
60702 60704 2110
60703 60678 2022
60703 60701 747
60703 60704 1396
60689 60690 1567
60694 60690 1486
60694 60698 1479
60694 60713 1535
60704 60702 2110
60704 60703 1396
60704 60713 1486
60704 60714 789
60698 60694 1479
60698 60697 277
60698 60699 1718
60713 60694 1535
60713 60699 1358
60713 60704 1486
60714 60704 789
60714 60716 2663
60697 60698 277
60697 60700 1619
60699 60698 1718
60699 60713 1358
60699 60716 951
60699 60793 1633
60716 60699 951
60716 60714 2663
60716 60794 1207
60716 60796 1783
60700 60697 1619
60793 60699 1633
60794 60716 1207
60794 60797 1507
60796 60716 1783
60797 60794 1507
35
60618
60622
60623
60661
60662
60664
60668
60671
60675
60672
60676
60692
60673
60677
60693
60678
60681
60701
60690
60702
60703
60689
60694
60704
60698
60713
60714
60697
60699
60716
60700
60793
60794
60796
60797
