56
131054 131056 885
131054 131057 2421
131056 131054 885
131056 131058 811
131056 131059 2015
131057 131054 2421
131057 131059 808
131057 131906 673
131058 131056 811
131058 131088 2157
131059 131056 2015
131059 131057 808
131059 131088 976
131059 131908 1423
131906 131057 673
131906 131907 537
131088 131058 2157
131088 131059 976
131088 131909 1411
131088 131924 673
131908 131059 1423
131908 131904 948
131908 131907 890
131908 131909 837
131907 131906 537
131907 131908 890
131909 131088 1411
131909 131908 837
131909 131925 890
131924 131088 673
131924 131925 1503
131924 131929 837
131904 131908 948
131925 131909 890
131925 131924 1503
131925 131928 238
131929 131105 2084
131929 131924 837
131928 131925 238
131105 131929 2084
131105 131953 789
131953 131105 789
131953 131957 954
131953 131958 476
131957 131953 954
131957 131958 1116
131958 131953 476
131958 131955 1309
131958 131957 1116
131955 131954 374
131955 131956 2419
131955 131958 1309
131954 131955 374
131954 131959 928
131956 131955 2419
131959 131954 928
23
131054
131056
131057
131058
131059
131906
131088
131908
131907
131909
131924
131904
131925
131929
131928
131105
131953
131957
131958
131955
131954
131956
131959
