28
52654 52664 345
52654 52665 1079
52664 52654 345
52664 52655 443
52665 52654 1079
52665 52720 364
52655 52664 443
52655 52694 1302
52720 52665 364
52720 52694 323
52694 52655 1302
52694 52720 323
52694 52721 788
52694 52725 905
52721 52694 788
52721 52695 511
52721 52723 884
52725 52694 905
52695 52697 697
52695 52721 511
52695 52723 751
52723 52695 751
52723 52721 884
52697 52690 1829
52697 52695 697
52697 52696 836
52690 52697 1829
52696 52697 836
13
52654
52664
52665
52655
52720
52694
52721
52725
52695
52723
52697
52690
52696
