600
50640 50641 194
50640 50660 486
50640 54019 573
50640 56801 2440
50641 50640 194
50641 50660 337
50641 54020 948
50660 50640 486
50660 50641 337
50660 54017 1075
50660 54018 1004
54019 50640 573
54019 54021 1855
54019 54022 1114
56801 50640 2440
56801 54097 2359
54020 50641 948
54020 54038 418
54017 50660 1075
54017 56384 885
54018 50660 1004
54018 54022 1180
54018 56385 1124
54021 54019 1855
54021 54043 1438
54021 54044 1111
54022 54018 1180
54022 54019 1114
54022 54044 1770
54022 56392 1234
54097 54096 455
54097 54111 2034
54097 56800 212
54097 56801 2359
54038 54020 418
54038 54036 1356
56384 53628 673
56384 53633 848
56384 54017 885
56384 56385 1212
56385 54018 1124
56385 56384 1212
56385 56387 789
56385 56389 477
54043 54021 1438
54043 54090 1114
54043 54096 934
54044 54021 1111
54044 54022 1770
54044 54090 1354
54044 56402 1225
56392 54022 1234
56392 56389 767
56392 56390 1467
56392 56393 927
54096 54043 934
54096 54097 455
54096 54098 1450
54111 54097 2034
54111 54108 418
54111 54110 111
54111 54118 1695
54111 54119 1581
56800 54097 212
54036 54016 927
54036 54037 837
54036 54038 1356
54036 54039 1690
53628 53613 940
53628 53629 837
53628 54010 1485
53628 56384 673
53633 53630 337
53633 53636 697
53633 56384 848
53633 56386 202
56387 53638 789
56387 56385 789
56387 56386 879
56389 56385 477
56389 56388 1248
56389 56392 767
54090 54043 1114
54090 54044 1354
54090 56413 1000
54090 56414 1855
56402 54044 1225
56402 56393 927
56402 56401 1454
56402 56413 1438
56390 56388 767
56390 56392 1467
56390 56394 1919
56390 56395 927
56393 56392 927
56393 56395 1467
56393 56402 927
54098 54096 1450
54098 54106 789
54098 54107 1679
54098 54108 650
54108 54098 650
54108 54109 1759
54108 54111 418
54110 54099 374
54110 54111 111
54118 54109 747
54118 54111 1695
54118 54120 789
54118 54121 1616
54119 54111 1581
54119 54116 276
54119 54120 606
54119 54276 2249
54016 54014 1180
54016 54028 1300
54016 54036 927
54037 54028 879
54037 54030 789
54037 54036 837
54037 54039 1414
54039 54036 1690
54039 54037 1414
54039 54089 1096
53613 53614 1010
53613 53628 940
53629 53623 678
53629 53628 837
53629 53630 537
53629 53631 747
54010 53628 1485
54010 54011 789
53630 53629 537
53630 53632 789
53630 53633 337
53636 53625 984
53636 53632 276
53636 53633 697
53636 53637 337
56386 53633 202
56386 53637 747
56386 56387 879
53638 53635 885
53638 53637 808
53638 56387 789
53638 56388 1018
56388 53638 1018
56388 56389 1248
56388 56390 767
56388 56391 796
56413 54090 1000
56413 56402 1438
56413 56406 1558
56413 56415 1602
56414 54090 1855
56414 54106 374
56414 56415 1032
56401 56395 1012
56401 56402 1454
56401 56403 674
56401 56404 1906
56394 53649 872
56394 56390 1919
56394 56396 1467
56394 56397 1012
56395 56390 927
56395 56393 1467
56395 56397 1906
56395 56401 1012
54106 54098 789
54106 56414 374
54106 56422 1687
54107 54098 1679
54107 54109 837
54107 56422 650
54107 56435 1414
54109 54107 837
54109 54108 1759
54109 54118 747
54109 56437 1546
54099 54091 279
54099 54092 1102
54099 54110 374
54099 54112 422
54120 54118 789
54120 54119 606
54120 54266 1679
54120 54268 1602
54121 54118 1616
54121 54266 697
54121 56437 789
54121 56450 1748
54116 54112 684
54116 54114 953
54116 54115 874
54116 54119 276
54276 54119 2249
54276 54271 1479
54014 53616 1868
54014 54012 751
54014 54015 751
54014 54016 1180
54028 54016 1300
54028 54027 811
54028 54037 879
54030 54029 1615
54030 54034 789
54030 54037 789
54030 54040 2364
54089 54039 1096
54089 54040 279
54089 54093 169
53614 53613 1010
53623 53624 940
53623 53629 678
53631 53626 928
53631 53629 747
53631 53632 474
54011 54010 789
54011 54015 511
53632 53630 789
53632 53631 474
53632 53636 276
53625 53626 874
53625 53634 928
53625 53635 1081
53625 53636 984
53637 53636 337
53637 53638 808
53637 56386 747
53635 53625 1081
53635 53638 885
53635 53648 1067
53635 56391 1270
56391 53635 1270
56391 53649 1032
56391 56388 796
56406 56403 843
56406 56413 1558
56406 56416 927
56406 56417 1780
56415 56413 1602
56415 56414 1032
56415 56418 778
56415 56430 1180
56403 56401 674
56403 56405 1897
56403 56406 843
56404 56397 1012
56404 56401 1906
56404 56405 759
56404 56407 1454
53649 53648 1617
53649 53650 1576
53649 56391 1032
53649 56394 872
56396 53650 850
56396 56394 1467
56396 56399 605
56396 56400 1032
56397 56394 1012
56397 56395 1906
56397 56398 1454
56397 56404 1012
56422 54106 1687
56422 54107 650
56422 56431 418
56422 56432 474
56435 54107 1414
56435 56432 1186
56435 56447 253
56437 54109 1546
56437 54121 789
56437 56447 650
56437 56449 940
54091 54035 2292
54091 54099 279
54091 54112 337
54091 54115 511
54092 54040 1212
54092 54093 1105
54092 54099 1102
54112 54091 337
54112 54099 422
54112 54116 684
54266 54120 1679
54266 54121 697
54266 54272 1616
54268 54120 1602
54268 54269 782
54268 54273 934
56450 54121 1748
56450 54272 747
56450 56453 337
54114 54113 1283
54114 54116 953
54114 54117 879
54115 54088 418
54115 54091 511
54115 54116 874
54271 54095 4592
54271 54276 1479
53616 53615 606
53616 54009 1121
53616 54014 1868
54012 54007 885
54012 54013 1142
54012 54014 751
54015 54011 511
54015 54014 751
54027 54007 474
54027 54028 811
54027 54029 697
54029 54005 337
54029 54027 697
54029 54030 1615
54034 54030 789
54034 54031 928
54034 54033 1414
54034 54035 2292
54040 54030 2364
54040 54035 747
54040 54089 279
54040 54092 1212
54093 54089 169
54093 54092 1105
54093 54094 782
53624 53623 940
53626 53625 874
53626 53627 976
53626 53631 928
53634 53625 928
53634 53627 940
53634 53640 885
53634 53648 1075
53648 53634 1075
53648 53635 1067
53648 53641 751
53648 53649 1617
56416 56406 927
56416 56420 843
56416 56421 1669
56417 56405 934
56417 56406 1780
56417 56410 1447
56417 56421 1102
56418 56415 778
56418 56419 1096
56418 56420 782
56430 56415 1180
56430 56431 436
56430 56433 1558
56405 56403 1897
56405 56404 759
56405 56408 1336
56405 56417 934
56407 56398 1012
56407 56404 1454
56407 56408 850
53650 53642 2261
53650 53647 796
53650 53649 1576
53650 56396 850
56399 56396 605
56399 56398 492
56400 53645 767
56400 56396 1032
56400 56682 873
56398 56397 1454
56398 56399 492
56398 56407 1012
56431 56422 418
56431 56430 436
56431 56432 590
56432 56422 474
56432 56431 590
56432 56435 1186
56432 56436 893
56447 56435 253
56447 56437 650
56447 56448 889
56447 56449 1096
56449 56437 940
56449 56447 1096
56449 56453 843
54035 54034 2292
54035 54040 747
54035 54085 1023
54035 54091 2292
54272 54266 1616
54272 54277 477
54272 56450 747
54269 54268 782
54273 50823 355
54273 54268 934
56453 50689 934
56453 56449 843
56453 56450 337
54113 54088 279
54113 54102 511
54113 54114 1283
54117 54105 1615
54117 54114 879
54117 56681 825
54088 54085 2353
54088 54113 279
54088 54115 418
54095 51101 2756
54095 54271 4592
53615 53610 739
53615 53612 1023
53615 53616 606
54009 53612 552
54009 53616 1121
54007 54008 1414
54007 54012 885
54007 54027 474
54013 54012 1142
54005 54006 1817
54005 54029 337
54005 54033 474
54031 54023 1414
54031 54032 885
54031 54034 928
54031 54085 2235
54033 54005 474
54033 54025 238
54033 54034 1414
54094 54093 782
53627 53626 976
53627 53634 940
53627 53639 928
53640 53621 747
53640 53634 885
53640 53639 1010
53640 53641 879
53641 53640 879
53641 53642 747
53641 53648 751
56420 56416 843
56420 56418 782
56420 56423 1667
56420 56433 1180
56421 56416 1669
56421 56417 1102
56421 56423 759
56410 56408 927
56410 56412 1891
56410 56417 1447
56410 56424 1096
56419 56418 1096
56433 56420 1180
56433 56430 1558
56433 56434 1669
56433 56438 1012
56408 56405 1336
56408 56407 850
56408 56409 1669
56408 56410 927
53642 53621 879
53642 53641 747
53642 53646 650
53642 53650 2261
53647 53645 222
53647 53646 2486
53647 53650 796
53645 53643 2672
53645 53647 222
53645 56400 767
56682 56400 873
56682 56411 1426
56682 56683 615
56436 56432 893
56436 56438 778
56436 56448 1354
56448 56436 1354
56448 56447 889
56448 56451 778
54085 54031 2235
54085 54035 1023
54085 54084 751
54085 54088 2353
54277 50689 562
54277 54272 477
54277 54278 2237
50823 50824 254
50823 50847 599
50823 54273 355
50689 50688 3203
50689 54277 562
50689 56453 934
54102 54084 2221
54102 54105 337
54102 54113 511
54105 54101 475
54105 54102 337
54105 54117 1615
56681 54117 825
56681 54256 505
56681 54265 721
51101 50943 875
51101 54095 2756
51101 54298 873
51101 54720 2027
53610 53611 1023
53610 53615 739
53612 53611 739
53612 53615 1023
53612 54009 552
54008 54007 1414
54006 54005 1817
54023 53997 928
54023 54024 1615
54023 54025 697
54023 54031 1414
54032 53997 1344
54032 54031 885
54032 54083 837
54032 54084 2423
54025 54023 697
54025 54026 1748
54025 54033 238
53639 53620 650
53639 53627 928
53639 53640 1010
53621 53620 1075
53621 53622 1085
53621 53640 747
53621 53642 879
56423 56420 1667
56423 56421 759
56423 56425 905
56423 56434 1096
56412 56409 954
56412 56410 1891
56412 56428 1186
56424 56410 1096
56424 56427 843
56424 56428 2000
56434 56423 1096
56434 56433 1669
56434 56440 1558
56434 56442 1096
56438 56433 1012
56438 56436 778
56438 56439 1000
56438 56451 1354
56409 56408 1669
56409 56411 870
56409 56412 954
53646 53642 650
53646 53643 511
53646 53647 2486
53643 53622 739
53643 53645 2672
53643 53646 511
56411 56409 870
56411 56682 1426
56683 56682 615
56451 56438 1354
56451 56448 778
54084 54032 2423
54084 54085 751
54084 54102 2221
54278 50824 264
54278 54277 2237
50824 50823 254
50824 54278 264
50847 50823 599
50688 50689 3203
54101 54105 475
54256 56681 505
54265 56681 721
50943 51101 875
50943 54720 1889
54298 51101 873
54720 50943 1889
54720 51101 2027
53611 53610 1023
53611 53612 739
53997 54023 928
53997 54032 1344
54024 54023 1615
54083 54032 837
54026 54025 1748
53620 53621 1075
53620 53639 650
53622 53621 1085
53622 53643 739
56425 56423 905
56425 56427 688
56428 56412 1186
56428 56424 2000
56427 56424 843
56427 56425 688
56440 56434 1558
56442 56434 1096
56442 56439 667
56439 56438 1000
56439 56442 667
22
56411
56451
54084
54278
50824
50688
54101
54256
54265
50943
54298
54720
53997
54083
53620
53622
56425
56428
56427
56440
56442
56439
