50
175164 175165 976
175164 175551 3359
175164 186097 742
175165 175164 976
175165 175553 1499
175551 175164 3359
175551 175535 873
175551 175553 2348
186097 175164 742
175553 175165 1499
175553 175551 2348
175553 175554 810
175535 175533 1206
175535 175536 713
175535 175551 873
175554 175532 1029
175554 175553 810
175533 175532 1769
175533 175534 1421
175533 175535 1206
175536 175506 738
175536 175535 713
175536 175552 4632
175532 175531 1141
175532 175533 1769
175532 175554 1029
175534 175533 1421
175506 175536 738
175552 175536 4632
175552 185686 1073
175531 175530 751
175531 175532 1141
185686 175552 1073
185686 185452 808
185686 185687 319
175530 175529 751
175530 175531 751
185452 185686 808
185687 185686 319
185687 185949 294
185687 185950 309
175529 175527 1482
175529 175530 751
185949 185687 294
185950 185687 309
175527 175526 354
175527 175528 445
175527 175529 1482
175526 175527 354
175528 175527 445
18
175165
186097
175553
175554
175532
175506
175552
175531
185686
175530
185452
185687
175529
185949
185950
175527
175526
175528
