30
18893 18894 713
18893 18895 796
18893 18900 1336
18894 18893 713
18894 18899 708
18895 18893 796
18895 18902 1906
18895 18903 982
18900 18893 1336
18900 18897 418
18900 18901 279
18899 18894 708
18899 18897 598
18902 18895 1906
18902 19012 818
18903 18895 982
18903 18904 336
18897 18896 557
18897 18899 598
18897 18900 418
18901 18900 279
18901 18904 452
19012 18902 818
18904 18901 452
18904 18903 336
18896 18897 557
18896 18898 756
18898 18896 756
18898 18908 562
18908 18898 562
8
18902
18903
18901
19012
18904
18896
18898
18908
