494
158095 158096 796
158095 158102 818
158095 158126 1505
158096 158095 796
158096 158123 581
158102 158095 818
158102 158101 906
158102 172233 1813
158126 158095 1505
158123 158096 581
158123 158122 790
158123 158181 3116
158101 158102 906
172233 158102 1813
172233 172232 449
172233 172848 769
158122 158121 791
158122 158123 790
158122 158132 3721
158181 158123 3116
158181 158131 1142
158181 158243 2111
172232 172233 449
172232 172332 953
172848 172233 769
158121 158119 790
158121 158122 791
158121 158133 3010
158132 158122 3721
158132 158131 344
158132 158133 1023
158131 158130 753
158131 158132 344
158131 158181 1142
158243 158181 2111
158243 158239 445
172332 172232 953
158119 158120 710
158119 158121 790
158119 158270 848
158133 158121 3010
158133 158132 1023
158133 158134 2088
158130 158128 807
158130 158131 753
158130 158256 1009
158239 158240 818
158239 158241 927
158239 158243 445
158120 158119 710
158120 158127 1261
158120 158162 674
158120 158263 818
158270 158119 848
158134 158129 924
158134 158133 2088
158134 158263 818
158128 158129 1945
158128 158130 807
158256 158130 1009
158256 158257 606
158256 158280 697
158240 158237 796
158240 158238 1941
158240 158239 818
158241 158207 758
158241 158239 927
158241 158242 889
158127 158120 1261
158127 158163 472
158162 158120 674
158162 158156 778
158162 158264 758
158263 158120 818
158263 158134 818
158263 158262 3118
158129 158128 1945
158129 158134 924
158129 158282 537
158257 158256 606
158257 158258 874
158257 158292 2510
158280 158256 697
158280 158277 1116
158280 158281 739
158237 158235 222
158237 158236 2107
158237 158240 796
158238 158207 667
158238 158210 674
158238 158236 889
158238 158240 1941
158207 158206 1185
158207 158208 674
158207 158238 667
158207 158241 758
158242 158241 889
158163 158127 472
158163 158160 1614
158163 172823 1020
158156 158154 828
158156 158157 1121
158156 158162 778
158264 158154 1111
158264 158162 758
158264 158265 758
158262 158261 2446
158262 158263 3118
158262 158271 778
158282 158129 537
158282 158273 739
158282 158278 940
158258 158255 874
158258 158257 874
158258 158294 2510
158292 158257 2510
158292 158290 337
158292 158294 874
158277 158278 837
158277 158279 476
158277 158280 1116
158281 158280 739
158235 158237 222
158235 158254 4767
158236 158237 2107
158236 158238 889
158210 158208 667
158210 158238 674
158206 158207 1185
158208 158207 674
158208 158209 333
158208 158210 667
158160 158112 1426
158160 158158 1118
158160 158163 1614
172823 158163 1020
158154 158155 1065
158154 158156 828
158154 158264 1111
158157 158156 1121
158157 158158 1140
158265 158155 1467
158265 158264 758
158265 158266 337
158261 158262 2446
158261 158267 238
158261 158387 790
158271 158262 778
158271 158272 667
158271 158274 1770
158271 158453 1521
158273 158272 1605
158273 158282 739
158278 158277 837
158278 158282 940
158278 158290 279
158255 158254 1075
158255 158258 874
158255 158285 928
158294 158258 2510
158294 158292 874
158294 158295 474
158290 158278 279
158290 158289 1226
158290 158292 337
158279 158277 476
158254 158235 4767
158254 158248 1422
158254 158255 1075
158254 158473 874
158209 158208 333
158112 158111 924
158112 158113 927
158112 158143 506
158112 158160 1426
158158 158157 1140
158158 158159 404
158158 158160 1118
158155 158154 1065
158155 158161 924
158155 158265 1467
158155 158267 1028
158266 158265 337
158267 158155 1028
158267 158261 238
158267 158276 1000
158387 158261 790
158387 158386 1161
158387 158390 871
158272 158271 667
158272 158273 1605
158272 158289 1004
158272 158452 1533
158274 158271 1770
158274 158275 333
158274 172333 253
158453 158271 1521
158453 158452 556
158453 158454 1675
158285 158255 928
158285 158286 874
158285 158287 1010
158295 158287 782
158295 158294 474
158295 158449 222
158289 158272 1004
158289 158290 1226
158289 158449 1225
158289 158450 1801
158248 158247 1009
158248 158254 1422
158248 158472 562
158248 158498 650
158473 158254 874
158473 158284 410
158473 158474 238
158111 158112 924
158111 158116 848
158111 158144 674
158113 158112 927
158113 158114 1505
158143 158112 506
158143 158142 2194
158143 158153 3034
158159 158158 404
158161 158153 1221
158161 158155 924
158161 158164 1074
158276 158164 355
158276 158172 1778
158276 158267 1000
158276 158385 953
158386 158385 276
158386 158387 1161
158386 158392 518
158390 158387 871
158390 158389 953
158390 158391 1161
158452 158272 1533
158452 158450 905
158452 158453 556
158275 158274 333
172333 158274 253
158454 158453 1675
158286 158285 874
158287 158285 1010
158287 158288 238
158287 158295 782
158449 158289 1225
158449 158295 222
158449 158448 744
158450 158289 1801
158450 158451 436
158450 158452 905
158247 158248 1009
158247 158249 139
158472 158248 562
158472 158474 796
158472 158495 1743
158498 158248 650
158498 158497 1355
158498 172342 816
158284 158283 152
158284 158473 410
158474 158472 796
158474 158473 238
158474 158476 1718
158116 158110 1798
158116 158111 848
158116 158140 1145
158144 158111 674
158114 158113 1505
158114 158115 1085
158142 158141 667
158142 158143 2194
158142 158151 1437
158153 158143 3034
158153 158152 790
158153 158161 1221
158164 158152 630
158164 158161 1074
158164 158276 355
158172 158151 927
158172 158171 782
158172 158276 1778
158172 158384 1011
158385 158276 953
158385 158384 2002
158385 158386 276
158392 158383 2223
158392 158386 518
158392 158391 355
158389 158388 1161
158389 158390 953
158389 158455 790
158391 158388 953
158391 158390 1161
158391 158392 355
158288 158283 782
158288 158287 238
158288 158478 790
158448 158447 974
158448 158449 744
158451 158450 436
158249 158247 139
158249 158250 767
158249 158297 3019
158495 158472 1743
158495 158476 688
158495 158485 337
158495 158499 452
158497 158496 789
158497 158498 1355
172342 158498 816
158283 158284 152
158283 158288 782
158283 158477 906
158476 158474 1718
158476 158475 1775
158476 158495 688
158110 158109 1718
158110 158116 1798
158140 158116 1145
158140 158138 667
158140 158145 674
158115 158114 1085
158141 158142 667
158141 158146 933
158141 158150 2126
158151 158142 1437
158151 158152 1445
158151 158172 927
158152 158151 1445
158152 158153 790
158152 158164 630
158171 158172 782
158171 158174 238
158171 158378 2362
158384 158172 1011
158384 158383 674
158384 158385 2002
158383 158377 766
158383 158384 674
158383 158392 2223
158388 158389 1161
158388 158391 953
158388 158393 2887
158455 158389 790
158478 158288 790
158478 158479 552
158478 172334 905
158447 158446 871
158447 158448 974
158447 158480 1024
158250 158249 767
158250 158251 688
158250 158298 3019
158250 158304 683
158297 158249 3019
158297 158296 436
158485 158483 1300
158485 158486 630
158485 158495 337
158499 158495 452
158496 158483 808
158496 158497 789
158477 158283 906
158475 158445 2679
158475 158476 1775
158475 158487 1000
158109 158107 871
158109 158110 1718
158109 158138 1004
158138 158109 1004
158138 158139 683
158138 158140 667
158145 158140 674
158145 158146 1258
158145 158150 1545
158146 158141 933
158146 158145 1258
158146 158147 506
158150 158141 2126
158150 158145 1545
158150 158149 906
158174 158171 238
158174 158173 1865
158174 158321 452
158378 158171 2362
158378 158374 778
158378 158377 778
158378 158379 2454
158377 158376 1773
158377 158378 778
158377 158383 766
158393 158375 3560
158393 158388 2887
158393 158408 766
158393 158438 1558
158479 158478 552
172334 158478 905
158446 158445 1035
158446 158447 871
158446 158482 1810
158480 158447 1024
158480 158481 772
158251 158250 688
158251 158252 683
158251 158253 2203
158298 158250 3019
158298 158296 337
158298 158307 790
158304 158250 683
158304 158305 850
158304 158307 3122
158296 158297 436
158296 158298 337
158296 172340 1114
158483 158484 879
158483 158485 1300
158483 158496 808
158486 158485 630
158445 158444 828
158445 158446 1035
158445 158475 2679
158487 158475 1000
158487 158484 924
158107 158108 3676
158107 158109 871
158107 158148 2070
158139 158138 683
158147 158146 506
158149 158148 1778
158149 158150 906
158149 158173 600
158173 158149 600
158173 158167 2590
158173 158174 1865
158321 158174 452
158321 158320 2446
158321 158349 766
158374 158348 850
158374 158373 1336
158374 158378 778
158374 158380 683
158379 158378 2454
158376 158375 1348
158376 158377 1773
158376 158394 1336
158375 158366 1779
158375 158376 1348
158375 158393 3560
158375 158409 850
158408 158393 766
158408 158407 1743
158408 158439 1004
158438 158393 1558
158438 158436 1336
158438 158440 1101
158482 158446 1810
158481 158480 772
158252 158251 683
158253 158222 1521
158253 158251 2203
158253 158268 672
158307 158298 790
158307 158304 3122
158305 158268 759
158305 158304 850
172340 158296 1114
158484 158483 879
158484 158487 924
158444 158445 828
158108 158107 3676
158148 158107 2070
158148 158149 1778
158167 158173 2590
158320 158321 2446
158349 158321 766
158349 158348 758
158348 158349 758
158348 158374 850
158373 158374 1336
158380 158374 683
158394 158376 1336
158366 158375 1779
158409 158375 850
158407 158408 1743
158439 158408 1004
158436 158438 1336
158440 158438 1101
158222 158253 1521
158268 158253 672
158268 158305 759
194
158096
158123
158122
158181
172232
158121
158132
158131
158243
172332
158119
158133
158130
158239
158120
158270
158134
158128
158256
158240
158241
158127
158162
158263
158129
158257
158280
158237
158238
158207
158242
158163
158156
158264
158262
158282
158258
158292
158277
158281
158235
158236
158210
158206
158208
158160
172823
158154
158157
158265
158261
158271
158273
158278
158255
158294
158290
158279
158254
158209
158112
158158
158155
158266
158267
158387
158272
158274
158453
158285
158295
158289
158248
158473
158111
158113
158143
158159
158161
158276
158386
158390
158452
158275
172333
158454
158286
158287
158449
158450
158247
158472
158498
158284
158474
158116
158144
158114
158142
158153
158164
158172
158385
158392
158389
158391
158288
158448
158451
158249
158495
158497
172342
158283
158476
158110
158140
158115
158141
158151
158152
158171
158384
158383
158388
158455
158478
158447
158250
158297
158485
158499
158496
158477
158475
158109
158138
158145
158146
158150
158174
158378
158377
158393
158479
172334
158446
158480
158251
158298
158304
158296
158483
158486
158445
158487
158107
158139
158147
158149
158173
158321
158374
158379
158376
158375
158408
158438
158482
158481
158252
158253
158307
158305
172340
158484
158444
158108
158148
158167
158320
158349
158348
158373
158380
158394
158366
158409
158407
158439
158436
158440
158222
158268
