454
100916 100917 1357
100916 100923 953
100917 100916 1357
100923 100916 953
100923 100924 3194
100924 100923 3194
100924 117675 7398
117675 100924 7398
117675 117676 2021
117675 117677 13232
117675 117678 518
117676 117675 2021
117676 117687 3516
117676 118329 3834
117677 117630 1759
117677 117675 13232
117677 117693 1785
117678 117675 518
117678 121723 1201
117687 117676 3516
117687 117680 600
117687 117688 1426
118329 117676 3834
117630 117631 953
117630 117677 1759
117630 117692 1686
117630 117695 1547
117693 117677 1785
117693 117694 475
121723 117678 1201
121723 121722 1067
121723 121724 2023
121723 121725 6082
117680 117673 5939
117680 117687 600
117680 117689 3712
117688 117684 5882
117688 117687 1426
117688 117690 2119
117631 117630 953
117692 117630 1686
117695 117630 1547
117695 121771 1010
117694 117693 475
117694 117844 672
121722 121702 953
121722 121720 1121
121722 121723 1067
121724 121723 2023
121724 121731 2568
121724 121732 1500
121725 121723 6082
121725 121767 1748
121725 121767 1748
117673 117674 667
117673 117680 5939
117689 117680 3712
117689 118381 624
117684 117685 3857
117684 117688 5882
117690 117688 2119
121771 117695 1010
121771 117696 2780
121771 121769 1258
121771 121781 1314
117844 117694 672
117844 117845 139
117844 117846 355
121702 121701 3018
121702 121721 613
121702 121722 953
121720 121719 1674
121720 121722 1121
121720 121727 1673
121720 121730 2402
121731 121724 2568
121731 121733 1269
121731 121768 2057
121732 121724 1500
121732 121733 2890
121732 121755 2837
121767 121725 1748
121767 121725 1748
121767 121768 3641
117674 117673 667
118381 117689 624
117685 117684 3857
117696 117697 222
117696 121771 2780
121769 121770 6303
121769 121771 1258
121781 121771 1314
121781 121779 2246
121781 132458 2957
117845 117844 139
117845 117847 610
117846 117844 355
117846 117849 422
121701 121700 337
121701 121700 337
121701 121702 3018
121721 121702 613
121719 121703 1032
121719 121720 1674
121719 121727 1858
121727 121719 1858
121727 121720 1673
121727 121726 1258
121730 121720 2402
121730 121728 2016
121730 121728 2016
121733 121731 1269
121733 121732 2890
121733 121768 1161
121768 121731 2057
121768 121733 1161
121768 121767 3641
121755 121732 2837
121755 121754 122
117697 117696 222
121770 121769 6303
121770 121777 28
121770 122165 1720
121779 121777 2757
121779 121781 2246
121779 121782 924
132458 121781 2957
117847 117845 610
117847 117848 344
117849 117698 985
117849 117846 422
121700 121701 337
121700 121701 337
121700 121703 1018
121703 121700 1018
121703 121719 1032
121703 121726 2706
121726 121703 2706
121726 121717 1357
121726 121727 1258
121726 121728 683
121728 121726 683
121728 121730 2016
121728 121730 2016
121754 121753 872
121754 121755 122
121754 121756 3419
121777 121770 28
121777 121778 511
121777 121779 2757
122165 121770 1720
122165 121775 1116
122165 122166 1004
121782 121779 924
121782 121783 333
121782 121786 1581
117848 117847 344
117848 117850 1189
117698 117699 3088
117698 117849 985
121717 121715 558
121717 121726 1357
121717 121729 3115
121753 121750 2007
121753 121754 872
121753 121759 767
121756 121754 3419
121778 121777 511
121778 121780 1906
121775 121776 2175
121775 122159 1306
121775 122163 1642
121775 122165 1116
122166 117927 2069
122166 122165 1004
121783 121782 333
121783 121784 1154
121783 121785 893
121786 121782 1581
117850 117848 1189
117850 117851 1323
117850 117852 2288
117699 117698 3088
117699 118305 801
121715 121707 948
121715 121714 1085
121715 121717 558
121729 121717 3115
121729 121744 1558
121750 121747 1515
121750 121753 2007
121750 121758 843
121759 121753 767
121759 121758 1891
121759 121763 421
121780 121778 1906
121776 121775 2175
121776 132569 168
122159 121764 763
122159 121775 1306
122163 121775 1642
122163 122162 879
122163 122164 1933
117927 117928 951
117927 122166 2069
121784 121783 1154
121785 117700 1334
121785 121783 893
121785 122171 2641
117851 117850 1323
117851 117854 2654
117852 117850 2288
117852 117853 3062
118305 117699 801
118305 118306 1582
121707 121705 2840
121707 121706 1780
121707 121715 948
121714 121712 2353
121714 121715 1085
121714 121716 374
121744 121718 953
121744 121729 1558
121747 121746 3393
121747 121750 1515
121758 121750 843
121758 121757 1810
121758 121759 1891
121763 121759 421
121763 121764 4829
121763 121765 436
132569 121776 168
121764 121763 4829
121764 121774 2036
121764 122159 763
121764 122160 2485
122162 122160 1055
122162 122163 879
122162 122167 631
122164 122163 1933
122164 122169 1396
122164 122170 1188
117928 117702 2934
117928 117927 951
117700 117701 222
117700 121785 1334
122171 121785 2641
122171 132332 683
117854 117851 2654
117854 117853 2768
117854 117855 202
117853 117852 3062
117853 117854 2768
117853 117869 4839
118306 117704 1232
118306 118305 1582
121705 121704 1336
121705 121704 1336
121705 121707 2840
121706 121704 1065
121706 121707 1780
121706 121712 1169
121712 121706 1169
121712 121709 818
121712 121714 2353
121716 121713 650
121716 121714 374
121716 121718 1422
121718 121716 1422
121718 121744 953
121718 121745 1188
121746 119513 590
121746 121739 767
121746 121747 3393
121757 121758 1810
121765 121762 759
121765 121763 436
121765 121766 893
121774 121764 2036
121774 122161 2060
122160 121764 2485
122160 122161 1670
122160 122162 1055
122167 122149 2696
122167 122162 631
122167 122168 2646
122169 122164 1396
122170 122164 1188
117702 117703 808
117702 117928 2934
117701 117700 222
132332 122171 683
117855 117814 6675
117855 117854 202
117855 117863 5012
117869 117853 4839
117869 117929 6325
117869 117930 5478
117704 117705 12424
117704 118306 1232
121704 121705 1336
121704 121705 1336
121704 121706 1065
121709 121708 1086
121709 121712 818
121709 121713 2509
121713 121709 2509
121713 121716 650
121713 121741 650
121745 121718 1188
119513 119512 84
119513 121746 590
121739 121738 2671
121739 121746 767
121739 122106 2278
121739 132509 395
121762 121760 2007
121762 121765 759
121762 122129 794
121766 121765 893
122161 121774 2060
122161 122160 1670
122149 122136 1547
122149 122167 2696
122149 122172 1719
122168 122167 2646
117703 117702 808
117814 117811 1774
117814 117855 6675
117863 117855 5012
117863 117866 1454
117863 117877 2154
117929 117869 6325
117930 117869 5478
117930 117931 4333
117930 117940 3940
117705 117704 12424
117705 117934 371
121708 121709 1086
121708 121710 2234
121708 121711 1967
121741 121710 374
121741 121713 650
121741 121742 1073
119512 119513 84
119512 121742 412
121738 121734 1225
121738 121737 279
121738 121739 2671
122106 121739 2278
132509 121739 395
121760 121749 1124
121760 121761 683
121760 121762 2007
121760 122125 1686
122129 121762 794
122129 122128 811
122129 132493 978
122136 122133 4040
122136 122149 1547
122136 122150 1612
122172 122149 1719
117811 117641 1180
117811 117809 4375
117811 117814 1774
117866 117863 1454
117866 117865 710
117866 117868 1686
117877 117863 2154
117931 117930 4333
117940 117930 3940
117940 117939 5055
117940 117957 7798
117934 117705 371
117934 117935 582
121710 121708 2234
121710 121740 612
121710 121741 374
121711 121708 1967
121711 121736 2084
121711 121737 890
121742 119512 412
121742 121741 1073
121734 121698 2423
121734 121735 1142
121734 121738 1225
121737 121711 890
121737 121738 279
121737 121740 374
121749 121748 2224
121749 121760 1124
121749 122105 1601
121761 121760 683
122125 121760 1686
122128 122129 811
122128 122130 1445
122128 122134 2287
132493 122129 978
122133 122119 3812
122133 122134 276
122133 122136 4040
122133 122152 4753
122150 118299 748
122150 122136 1612
122150 122156 1979
117641 117638 1926
117641 117811 1180
117641 118382 1419
117809 117806 3626
117809 117810 1305
117809 117811 4375
117865 117861 675
117865 117866 710
117865 117867 778
117868 117861 2157
117868 117866 1686
117868 117887 1114
117939 117835 1560
117939 117940 5055
117939 117954 4743
117957 117940 7798
117957 117954 1482
117957 117956 3667
117935 117934 582
117935 117936 1183
121740 121710 612
121740 121737 374
121740 121743 1010
121736 121711 2084
121698 121734 2423
121735 121734 1142
121748 121749 2224
122105 121749 1601
122130 122128 1445
122134 122128 2287
122134 122133 276
122119 122133 3812
122152 122133 4753
118299 122150 748
122156 122150 1979
117638 117641 1926
118382 117641 1419
117806 117809 3626
117810 117809 1305
117861 117865 675
117861 117868 2157
117867 117865 778
117887 117868 1114
117835 117939 1560
117954 117939 4743
117954 117957 1482
117956 117957 3667
117936 117935 1183
121743 121740 1010
198
100923
100924
117675
117676
117677
117678
117687
118329
117630
117693
121723
117680
117688
117631
117692
117695
117694
121722
121724
121725
117673
117689
117684
117690
121771
117844
121702
121720
121731
121732
121767
117674
118381
117685
117696
121769
121781
117845
117846
121701
121721
121719
121727
121730
121733
121768
121755
117697
121770
121779
132458
117847
117849
121700
121703
121726
121728
121754
121777
122165
121782
117848
117698
121717
121753
121756
121778
121775
122166
121783
121786
117850
117699
121715
121729
121750
121759
121780
121776
122159
122163
117927
121784
121785
117851
117852
118305
121707
121714
121744
121747
121758
121763
132569
121764
122162
122164
117928
117700
122171
117854
117853
118306
121705
121706
121712
121716
121718
121746
121757
121765
121774
122160
122167
122169
122170
117702
117701
132332
117855
117869
117704
121704
121709
121713
121745
119513
121739
121762
121766
122161
122149
122168
117703
117814
117863
117929
117930
117705
121708
121741
119512
121738
122106
132509
121760
122129
122136
122172
117811
117866
117877
117931
117940
117934
121710
121711
121742
121734
121737
121749
121761
122125
122128
132493
122133
122150
117641
117809
117865
117868
117939
117957
117935
121740
121736
121698
121735
121748
122105
122130
122134
122119
122152
118299
122156
117638
118382
117806
117810
117861
117867
117887
117835
117954
117956
117936
121743
