38
220653 220654 1967
220653 220656 654
220653 220811 805
220654 220653 1967
220654 220809 670
220656 220653 654
220656 220657 231
220656 220809 1961
220811 220653 805
220811 220659 1122
220811 220816 894
220809 220654 670
220809 220656 1961
220809 220812 727
220657 220656 231
220657 220814 698
220657 220816 828
220659 220811 1122
220816 220657 828
220816 220811 894
220816 220818 822
220812 220809 727
220812 220814 1873
220814 220657 698
220814 220812 1873
220818 220816 822
220818 220826 2210
220826 220818 2210
220826 220827 805
220827 220826 805
220827 220867 2152
220867 220827 2152
220867 220869 758
220869 220867 758
220869 220876 2415
220876 220869 2415
220876 220877 747
220877 220876 747
17
220653
220654
220656
220811
220809
220657
220659
220816
220812
220814
220818
220826
220827
220867
220869
220876
220877
