92
181975 181996 983
181975 182349 950
181996 181975 983
181996 181994 682
181996 182350 1055
182349 181975 950
182349 182350 951
182349 182351 836
181994 181993 1055
181994 181995 551
181994 181996 682
182350 181993 682
182350 181996 1055
182350 182349 951
182351 182239 847
182351 182349 836
182351 182352 517
181993 181992 517
181993 181994 1055
181993 182350 682
181995 181994 551
182239 182238 1293
182239 182240 1739
182239 182351 847
182352 182334 2822
182352 182351 517
182352 182353 796
181992 181991 1223
181992 181993 517
181992 182240 1505
182238 181988 3303
182238 182239 1293
182238 182242 1120
182238 182316 629
182240 181990 1063
182240 181992 1505
182240 182239 1739
182334 182335 2566
182334 182336 605
182334 182352 2822
182353 182316 1426
182353 182352 796
182353 182354 517
181991 181990 1466
181991 181992 1223
181988 181989 1055
181988 182238 3303
182242 182238 1120
182242 182241 511
182242 182317 336
182316 182238 629
182316 182315 1102
182316 182353 1426
181990 181989 517
181990 181991 1466
181990 182240 1063
182335 182334 2566
182335 182337 1691
182335 182356 2794
182336 182334 605
182336 182337 1167
182336 182354 1814
182336 182355 610
182354 182336 1814
182354 182353 517
182354 182355 2003
181989 181988 1055
181989 181990 517
182241 182242 511
182241 182243 2447
182317 182242 336
182317 182318 1497
182317 185391 1114
182315 182316 1102
182315 182318 1085
182315 182356 1180
182337 182335 1691
182337 182336 1167
182337 182355 1062
182356 182315 1180
182356 182335 2794
182356 182355 581
182355 182336 610
182355 182337 1062
182355 182354 2003
182355 182356 581
182243 182241 2447
182318 182315 1085
182318 182317 1497
182318 185390 708
185391 182317 1114
185390 182318 708
34
181975
181996
182349
181994
182350
182351
181993
181995
182239
182352
181992
182238
182240
182334
182353
181991
181988
182242
182316
181990
182335
182336
182354
181989
182241
182317
182315
182337
182356
182355
182243
182318
185391
185390
