58
151 152 2242
151 160 2781
151 303 6710
152 151 2242
160 151 2781
160 162 2887
303 151 6710
303 304 3787
303 323 2573
162 160 2887
162 325 562
304 303 3787
304 315 782
304 329 1591
323 303 2573
323 324 3995
323 326 2072
325 162 562
325 6399 1178
325 6400 1371
315 304 782
315 313 344
315 316 804
329 304 1591
329 321 2450
329 332 1428
324 323 3995
326 323 2072
326 327 1743
326 328 883
6399 325 1178
6400 325 1371
313 314 1544
313 315 344
316 315 804
316 330 1637
321 322 672
321 329 2450
321 333 1659
332 329 1428
332 333 1250
327 326 1743
328 326 883
314 313 1544
330 316 1637
330 331 1860
330 334 1771
322 321 672
333 321 1659
333 332 1250
333 631 930
331 330 1860
334 330 1771
334 335 1386
334 339 3077
631 333 930
335 334 1386
339 334 3077
13
160
162
325
6399
6400
313
316
314
330
331
334
335
339
