40
96893 96894 263
96893 96907 952
96894 96893 263
96894 96909 803
96894 101816 893
96907 96893 952
96907 96906 1103
96907 96909 339
96907 96909 339
96909 96894 803
96909 96907 339
96909 96907 339
101816 96894 893
101816 96908 743
101816 102488 201
96906 96902 1010
96906 96907 1103
96906 102489 824
96908 96904 133
96908 101816 743
96908 101817 154
102488 101816 201
102488 101817 388
102488 101817 388
96902 96906 1010
102489 96906 824
102489 102491 1562
102489 102492 137
96904 96905 1017
96904 96908 133
96904 96911 2242
101817 96908 154
101817 102488 388
101817 102488 388
102491 102489 1562
102492 102489 137
96905 96903 1725
96905 96904 1017
96911 96904 2242
96903 96905 1725
4
96902
102491
96911
96903
