546
58904 58905 344
58905 58904 344
58905 58906 452
58906 58905 452
58906 58907 1228
58906 58908 562
58906 58912 2158
58907 58906 1228
58907 59118 2016
58908 58906 562
58908 58910 1954
58908 59136 1124
58912 58906 2158
58912 58911 65
59118 58907 2016
59118 59121 1019
59118 59122 796
58910 58908 1954
58910 58909 1546
58910 58955 1120
58910 59139 1014
59136 58908 1124
59136 59137 1124
59136 59139 1970
58911 58909 19
58911 58912 65
58911 58953 107
59121 59118 1019
59122 59118 796
59122 59123 606
59122 59137 1228
58909 58910 1546
58909 58911 19
58955 58910 1120
58955 58954 1467
58955 58957 1124
58955 58958 929
59139 58910 1014
59139 58957 1103
59139 59136 1970
59139 59140 1124
59137 59122 1228
59137 59136 1124
59137 59138 1248
59137 59140 1970
58953 58911 107
58953 58954 912
59123 59116 749
59123 59122 606
58954 58953 912
58954 58955 1467
58954 58956 936
58957 58955 1124
58957 58959 936
58957 59139 1103
58957 59177 1014
58958 58955 929
58958 58956 1357
58958 58959 1014
59140 59137 1970
59140 59139 1124
59140 59177 1120
59138 59125 1285
59138 59137 1248
59138 59141 562
59116 59115 768
59116 59117 1114
59116 59123 749
58956 58954 936
58956 58958 1357
58956 58964 1918
58959 58957 936
58959 58958 1014
58959 59178 889
59177 58957 1014
59177 59140 1120
59177 59178 792
59125 59120 768
59125 59124 847
59125 59129 581
59125 59138 1285
59141 59129 1202
59141 59138 562
59141 59142 552
59115 59056 1111
59115 59116 768
59115 76525 611
59117 59056 851
59117 59116 1114
59117 59120 675
58964 58956 1918
58964 58965 1553
58964 59370 6488
59178 58959 889
59178 59177 792
59178 59179 955
59120 59117 675
59120 59119 889
59120 59125 768
59124 59125 847
59129 59125 581
59129 59126 2303
59129 59130 778
59129 59141 1202
59142 59141 552
59142 59146 399
59142 77586 4153
59056 59049 1266
59056 59115 1111
59056 59117 851
59056 59126 688
76525 59047 721
76525 59115 611
58965 58964 1553
59370 58964 6488
59370 59369 1936
59370 59371 3152
59370 59399 1452
59179 59178 955
59119 59120 889
59126 59055 1439
59126 59056 688
59126 59059 889
59126 59129 2303
59130 59059 2322
59130 59129 778
59130 59131 1114
59130 59146 1523
59146 59130 1523
59146 59142 399
59146 59147 905
77586 59142 4153
59049 59045 796
59049 59055 778
59049 59056 1266
59047 76525 721
59369 59368 344
59369 59370 1936
59371 59370 3152
59371 59372 1675
59399 59370 1452
59399 59398 338
59399 59400 3130
59055 59049 778
59055 59052 1523
59055 59057 782
59055 59126 1439
59059 59057 1351
59059 59126 889
59059 59127 782
59059 59130 2322
59131 59127 2282
59131 59130 1114
59131 59135 581
59131 59147 1638
59147 59131 1638
59147 59146 905
59147 59148 334
59045 59024 1452
59045 59044 688
59045 59048 506
59045 59049 796
59368 59367 1979
59368 59369 344
59372 59371 1675
59372 59590 1177
59372 59601 1638
59398 59397 791
59398 59399 338
59400 59399 3130
59052 59053 796
59052 59055 1523
59057 59053 1439
59057 59055 782
59057 59058 893
59057 59059 1351
59127 59058 1355
59127 59059 782
59127 59128 672
59127 59131 2282
59135 59131 581
59135 59132 1187
59135 59143 2407
59135 59144 768
59148 59147 334
59148 59149 354
59148 77587 3938
59024 59023 667
59024 59045 1452
59044 59023 1285
59044 59045 688
59044 59051 851
59048 59045 506
59367 59365 484
59367 59368 1979
59590 59372 1177
59590 59591 1071
59590 59602 1646
59601 59372 1638
59601 59602 1155
59397 59398 791
59397 59403 1452
59053 59038 893
59053 59052 796
59053 59057 1439
59058 59038 1439
59058 59057 893
59058 59060 672
59058 59127 1355
59128 59060 1355
59128 59127 672
59128 59133 760
59128 59151 782
59132 59133 436
59132 59134 2884
59132 59135 1187
59143 59134 808
59143 59135 2407
59143 59164 908
59143 59166 1664
59144 59135 768
59144 59145 1454
59144 59149 851
59149 59144 851
59149 59148 354
59149 59150 1399
77587 59148 3938
59023 59024 667
59023 59044 1285
59051 59044 851
59365 59364 520
59365 59367 484
59591 59590 1071
59591 59592 594
59591 59604 1652
59602 59590 1646
59602 59601 1155
59602 59604 1208
59403 59397 1452
59403 59405 697
59403 59407 860
59038 59037 760
59038 59053 893
59038 59054 667
59038 59058 1439
59060 59054 1523
59060 59058 672
59060 59082 782
59060 59128 1355
59133 59128 760
59133 59132 436
59133 59153 1827
59151 59082 1355
59151 59128 782
59151 59152 905
59134 59132 2884
59134 59143 808
59134 59156 792
59134 59165 1664
59164 59143 908
59164 59145 837
59164 59167 684
59164 59169 1769
59166 59143 1664
59166 59165 808
59166 59169 873
59166 59173 2443
59145 59144 1454
59145 59150 1120
59145 59164 837
59150 59145 1120
59150 59149 1399
59150 59167 782
59364 59363 672
59364 59365 520
59364 59366 1857
59592 59591 594
59592 77568 612
59592 77572 1614
59604 59591 1652
59604 59602 1208
59604 59603 1476
59604 77572 650
59405 59403 697
59405 59408 1364
59405 59411 698
59407 59403 860
59407 59406 490
59037 59034 782
59037 59038 760
59054 59038 667
59054 59060 1523
59054 59077 796
59082 59060 782
59082 59078 851
59082 59083 1225
59082 59151 1355
59153 59133 1827
59153 59152 935
59153 59156 1056
59152 59083 1502
59152 59151 905
59152 59153 935
59152 59154 1334
59156 59134 792
59156 59153 1056
59156 59154 1286
59156 59157 713
59165 59134 1664
59165 59158 519
59165 59166 808
59167 59150 782
59167 59164 684
59167 59168 1636
59167 59182 758
59169 59164 1769
59169 59166 873
59169 59168 632
59169 59170 2307
59173 59166 2443
59173 59170 830
59173 59172 875
59173 59174 1309
59173 59176 1110
59363 59360 1286
59363 59364 672
59366 59364 1857
59366 59383 1565
59366 59385 760
77568 59588 621
77568 59592 612
77568 77569 1574
77572 59592 1614
77572 59604 650
77572 77569 625
77572 77577 1473
59603 59604 1476
59603 59611 962
59603 77577 703
59408 59405 1364
59408 59406 504
59408 59413 755
59408 59546 1617
59411 59405 698
59411 59412 856
59411 59413 1385
59406 59407 490
59406 59408 504
59406 59545 1703
59034 59036 338
59034 59037 782
59077 59054 796
59077 59068 851
59077 59078 591
59077 59079 1558
59078 59077 591
59078 59080 1376
59078 59082 851
59083 59080 631
59083 59082 1225
59083 59085 2909
59083 59152 1502
59154 59152 1334
59154 59155 796
59154 59156 1286
59157 59155 1391
59157 59156 713
59157 59158 977
59158 59157 977
59158 59161 1211
59158 59165 519
59158 59171 606
59168 59167 1636
59168 59169 632
59168 59180 2307
59168 59181 908
59182 59167 758
59182 59181 1527
59170 59169 2307
59170 59173 830
59170 59180 631
59170 59189 1221
59172 59163 1365
59172 59171 1277
59172 59173 875
59174 59163 941
59174 59173 1309
59174 59175 2558
59176 59173 1110
59176 59189 376
59176 76523 720
59360 59356 1165
59360 59363 1286
59360 77565 1774
59383 59366 1565
59383 59381 844
59383 59384 506
59385 59366 760
59385 59381 1558
59385 59382 1103
59588 59589 6559
59588 59605 1664
59588 77568 621
77569 77568 1574
77569 77572 625
77569 77578 1468
77577 59603 703
77577 59612 958
77577 77572 1473
77577 77578 641
59611 59603 962
59611 59610 1034
59611 59612 743
59611 59614 1452
59413 59408 755
59413 59411 1385
59413 59414 790
59546 59408 1617
59546 59545 538
59546 59547 678
59412 59411 856
59412 59414 1421
59412 77580 937
59545 59406 1703
59545 59546 538
59545 59548 223
59036 59034 338
59068 59066 684
59068 59069 1686
59068 59077 851
59079 59069 711
59079 59077 1558
59079 59080 873
59079 59081 905
59080 59078 1376
59080 59079 873
59080 59083 631
59080 59084 581
59085 59083 2909
59085 59159 1486
59155 59154 796
59155 59157 1391
59155 59159 445
59161 59158 1211
59161 59160 721
59161 59162 811
59171 59158 606
59171 59162 1309
59171 59172 1277
59180 59168 2307
59180 59170 631
59180 59183 830
59180 59190 1798
59181 59168 908
59181 59182 1527
59181 59183 2274
59181 59184 766
59189 59170 1221
59189 59176 376
59189 59191 1399
59163 59162 1211
59163 59172 1365
59163 59174 941
59175 59174 2558
59175 59191 538
59175 59220 1415
76523 59176 720
59356 59348 2113
59356 59355 905
59356 59358 711
59356 59360 1165
77565 59360 1774
59381 59376 1796
59381 59383 844
59381 59385 1558
59384 59383 506
59382 59379 3250
59382 59385 1103
59382 59388 1355
59589 59588 6559
59589 59605 6852
59605 59202 1561
59605 59588 1664
59605 59589 6852
77578 77569 1468
77578 77571 716
77578 77577 641
77578 77579 506
59612 59611 743
59612 59615 1434
59612 59616 381
59612 77577 958
59610 59611 1034
59610 59613 1514
59610 77582 729
59614 59611 1452
59614 59613 1016
59614 59615 821
59614 59679 1285
59414 59412 1421
59414 59413 790
59414 59549 1508
59547 59546 678
59547 59549 801
77580 59412 937
77580 59608 857
59548 59545 223
59066 59068 684
59069 59068 1686
59069 59079 711
59081 59079 905
59084 59080 581
59159 59085 1486
59159 59155 445
59159 59160 557
59160 59159 557
59160 59161 721
59162 59161 811
59162 59163 1211
59162 59171 1309
59183 59180 830
59183 59181 2274
59190 59180 1798
59184 59181 766
59191 59175 538
59191 59189 1399
59220 59175 1415
59348 59356 2113
59355 59356 905
59358 59356 711
59376 59381 1796
59379 59382 3250
59388 59382 1355
59202 59605 1561
77571 77578 716
77579 77578 506
59615 59612 1434
59615 59614 821
59616 59612 381
59613 59610 1514
59613 59614 1016
77582 59610 729
59679 59614 1285
59549 59414 1508
59549 59547 801
59608 77580 857
200
58904
58905
58906
58907
58908
58912
59118
58910
59136
58911
59121
59122
58909
58955
59139
59137
58953
59123
58954
58957
58958
59140
59138
59116
58956
58959
59177
59125
59141
59115
59117
58964
59178
59120
59124
59129
59142
59056
76525
58965
59370
59179
59119
59126
59130
59146
77586
59049
59047
59369
59371
59399
59055
59059
59131
59147
59045
59368
59372
59398
59400
59052
59057
59127
59135
59148
59024
59044
59048
59367
59590
59601
59397
59053
59058
59128
59132
59143
59144
59149
77587
59023
59051
59365
59591
59602
59403
59038
59060
59133
59151
59134
59164
59166
59145
59150
59364
59592
59604
59405
59407
59037
59054
59082
59153
59152
59156
59165
59167
59169
59173
59363
59366
77568
77572
59603
59408
59411
59406
59034
59077
59078
59083
59154
59157
59158
59168
59182
59170
59172
59174
59176
59360
59383
59385
59588
77569
77577
59611
59413
59546
59412
59545
59036
59068
59079
59080
59085
59155
59161
59171
59180
59181
59189
59163
59175
76523
59356
77565
59381
59384
59382
59589
59605
77578
59612
59610
59614
59414
59547
77580
59548
59066
59069
59081
59084
59159
59160
59162
59183
59190
59184
59191
59220
59348
59355
59358
59376
59379
59388
59202
77571
77579
59615
59616
59613
77582
59679
59549
59608
