470
9350 9351 1175
9350 9417 1523
9351 9350 1175
9351 9352 2095
9351 9423 2494
9417 9350 1523
9417 9423 642
9352 9351 2095
9352 9425 1196
9352 9426 804
9423 9351 2494
9423 9417 642
9423 9424 256
9425 9352 1196
9425 9428 161
9426 9352 804
9426 9436 2791
9426 9437 2331
9424 9423 256
9428 9425 161
9428 9431 512
9428 9432 3502
9436 9426 2791
9436 9437 1220
9436 9438 1319
9437 9426 2331
9437 9436 1220
9437 9439 820
9431 9428 512
9431 9435 1112
9431 34595 916
9432 9428 3502
9432 9564 4488
9432 9584 2918
9438 9436 1319
9439 9437 820
9435 9431 1112
9435 9440 2547
9435 34341 1332
34595 9431 916
9564 9432 4488
9564 9563 1740
9564 9565 1329
9584 9432 2918
9584 9582 1169
9584 9586 4973
9584 9601 1828
9440 9435 2547
9440 9441 1562
9440 9602 781
34341 9435 1332
9563 9560 732
9563 9562 1085
9563 9564 1740
9565 9564 1329
9582 9583 2629
9582 9584 1169
9582 9585 1384
9586 9584 4973
9586 9587 4734
9586 9606 688
9601 9584 1828
9441 9440 1562
9602 9440 781
9602 9444 937
9602 9603 886
9560 9558 1336
9560 9561 854
9560 9563 732
9562 9563 1085
9583 9582 2629
9585 9582 1384
9587 9586 4734
9587 9588 1040
9587 9589 503
9606 9586 688
9606 9607 1690
9606 9610 2340
9444 9442 950
9444 9453 1959
9444 9602 937
9603 9454 1179
9603 9602 886
9603 9604 1137
9558 9557 905
9558 9560 1336
9558 9561 1085
9561 9558 1085
9561 9560 854
9561 9566 541
9588 9587 1040
9589 9587 503
9589 9590 451
9589 35393 1745
9607 9606 1690
9607 9609 491
9607 9614 3035
9610 9606 2340
9610 9611 687
9610 9612 348
9442 9443 1719
9442 9444 950
9442 9445 926
9453 9443 734
9453 9444 1959
9453 9454 985
9454 9453 985
9454 9603 1179
9454 9617 1500
9604 9603 1137
9604 9605 1702
9604 9620 3269
9557 9558 905
9566 9561 541
9590 9589 451
9590 9591 1138
9590 9597 1428
35393 9589 1745
9609 9607 491
9609 9608 846
9609 16883 593
9614 9607 3035
9614 9611 1350
9614 9615 1019
9614 9616 793
9611 9610 687
9611 9613 1296
9611 9614 1350
9612 9610 348
9443 9442 1719
9443 9451 845
9443 9453 734
9445 9442 926
9445 9451 1319
9617 9454 1500
9617 9621 497
9617 35338 1402
9605 9604 1702
9605 9618 1501
9605 9623 3490
9620 9604 3269
9620 9621 964
9620 9623 1703
9591 9581 1974
9591 9590 1138
9591 9599 1575
9591 16469 895
9597 9590 1428
9608 9594 793
9608 9600 1730
9608 9609 846
16883 9609 593
16883 16884 1965
16883 16885 1166
9615 9614 1019
9615 16885 2195
9615 16886 1128
9616 9614 793
9613 9611 1296
9451 9443 845
9451 9445 1319
9451 9452 550
9621 9460 922
9621 9617 497
9621 9620 964
35338 9617 1402
9618 9605 1501
9618 9619 2596
9618 9633 3256
9623 9605 3490
9623 9620 1703
9623 9633 1245
9581 9580 1481
9581 9591 1974
9581 16465 638
9599 9591 1575
9599 9598 503
9599 9600 1129
16469 9591 895
16469 16466 2580
16469 16470 728
9594 9595 2632
9594 9598 2081
9594 9608 793
9600 9599 1129
9600 9608 1730
16884 16477 1553
16884 16883 1965
16884 16888 1130
16885 9615 2195
16885 16883 1166
16885 16886 2209
16886 9615 1128
16886 16885 2209
16886 16887 3128
9452 9451 550
9460 9456 1775
9460 9621 922
9460 9622 811
9619 9618 2596
9619 9634 1076
9619 9635 1022
9633 9618 3256
9633 9623 1245
9633 9634 1545
9580 9578 427
9580 9581 1481
16465 9581 638
16465 16466 945
9598 9592 937
9598 9594 2081
9598 9599 503
16466 16465 945
16466 16468 705
16466 16469 2580
16470 16468 2581
16470 16469 728
16470 16471 803
9595 9593 509
9595 9594 2632
16477 16476 955
16477 16531 557
16477 16884 1553
16888 16884 1130
16888 16887 1026
16888 16889 752
16887 16886 3128
16887 16888 1026
16887 16896 193
9456 9455 1912
9456 9457 596
9456 9460 1775
9622 9460 811
9622 9655 2363
9622 34488 1198
9634 9619 1076
9634 9628 1770
9634 9633 1545
9635 9619 1022
9635 9637 1026
9635 9639 302
9578 9576 883
9578 9580 427
9592 9593 196
9592 9596 873
9592 9598 937
16468 16466 705
16468 16467 1064
16468 16470 2581
16468 16492 781
16471 16470 803
16471 16492 2586
16471 16518 684
9593 9592 196
9593 9595 509
16476 16474 831
16476 16477 955
16476 16882 798
16531 16472 933
16531 16477 557
16531 16532 687
16889 16533 2641
16889 16888 752
16889 16890 2078
16896 16887 193
16896 16895 2878
16896 16926 688
9455 9456 1912
9457 9456 596
9457 9458 571
9457 9459 1770
9655 9448 2870
9655 9622 2363
9655 9631 1223
34488 9622 1198
9628 9629 1615
9628 9634 1770
9628 9654 800
9637 9635 1026
9637 9636 1126
9637 9638 1229
9639 9635 302
9639 9640 932
9639 9659 3545
9576 9575 1137
9576 9577 110
9576 9578 883
9596 9592 873
16467 16468 1064
16492 16468 781
16492 16471 2586
16492 16491 765
16492 16493 645
16518 16471 684
16518 16519 2357
16518 16520 756
16474 16473 572
16474 16475 887
16474 16476 831
16882 16476 798
16472 16473 896
16472 16529 393
16472 16531 933
16532 16531 687
16533 14357 885
16533 16530 347
16533 16889 2641
16890 12711 2554
16890 16889 2078
16890 16897 2080
16890 16898 2092
16895 12711 1092
16895 16896 2878
16926 16896 688
9458 9457 571
9459 9457 1770
9448 9449 1036
9448 9465 3804
9448 9655 2870
9448 9663 503
9631 9630 2150
9631 9655 1223
9631 9657 684
9629 9628 1615
9654 9628 800
9654 9632 2039
9654 9659 1253
9654 34980 419
9636 9637 1126
9638 9637 1229
9640 9639 932
9659 9639 3545
9659 9654 1253
9659 9661 644
9575 9572 293
9575 9576 1137
9575 9579 1023
9577 9571 1212
9577 9576 110
16491 16492 765
16493 16489 393
16493 16492 645
16493 16519 236
16519 16493 236
16519 16518 2357
16519 16525 3915
16520 16518 756
16520 16521 1155
16520 16529 1842
16473 16472 896
16473 16474 572
16475 16474 887
16529 16472 393
16529 16520 1842
16529 16530 1237
14357 14355 208
14357 14356 67
14357 16533 885
16530 16521 1766
16530 16529 1237
16530 16533 347
12711 9644 2366
12711 16890 2554
12711 16895 1092
16897 16535 913
16897 16890 2080
16897 16894 1769
16898 16890 2092
16898 16899 249
16898 16901 864
9449 9422 10672
9449 9448 1036
9449 34694 3124
9465 9448 3804
9465 9466 2330
9465 9467 883
9465 11991 3131
9663 9448 503
9663 9662 1448
9663 34037 2153
9630 9624 799
9630 9631 2150
9657 9631 684
9657 9656 453
9657 34037 1553
9632 9627 923
9632 9654 2039
9632 9656 1268
34980 9654 419
9661 9659 644
9661 9660 727
9661 34693 965
9572 9571 1960
9572 9574 350
9572 9575 293
9579 9575 1023
9571 9572 1960
9571 9577 1212
16489 16488 298
16489 16490 2864
16489 16493 393
16525 16498 785
16525 16519 3915
16525 16527 1518
16525 34171 2044
16521 16520 1155
16521 16524 886
16521 16530 1766
14355 14356 221
14355 14357 208
14355 16534 787
14356 14355 221
14356 14357 67
14356 16524 2098
9644 9643 811
9644 12711 2366
9644 12718 2660
16535 16534 300
16535 16536 2132
16535 16897 913
16894 16893 1289
16894 16897 1769
16894 16899 2740
16899 16894 2740
16899 16898 249
16899 16900 2733
16901 16891 513
16901 16898 864
16901 16916 3305
9422 9449 10672
34694 9449 3124
9466 9465 2330
9466 9686 536
9466 9687 821
9467 9465 883
9467 9468 2918
11991 9465 3131
9662 9663 1448
34037 9657 1553
34037 9663 2153
9624 9630 799
9656 9632 1268
9656 9657 453
9627 9632 923
9660 9661 727
34693 9661 965
9574 9572 350
16488 16489 298
16490 16489 2864
16490 16498 1056
16498 16490 1056
16498 16525 785
16527 16525 1518
34171 16525 2044
16524 14356 2098
16524 16521 886
16534 14355 787
16534 16535 300
9643 9644 811
12718 9644 2660
16536 16535 2132
16893 16894 1289
16900 16899 2733
16891 16901 513
16916 16901 3305
9686 9466 536
9687 9466 821
9687 9468 843
9468 9467 2918
9468 9687 843
200
9350
9351
9417
9352
9423
9425
9426
9424
9428
9436
9437
9431
9432
9438
9439
9435
34595
9564
9584
9440
34341
9563
9565
9582
9586
9601
9441
9602
9560
9562
9583
9585
9587
9606
9444
9603
9558
9561
9588
9589
9607
9610
9442
9453
9454
9604
9557
9566
9590
35393
9609
9614
9611
9612
9443
9445
9617
9605
9620
9591
9597
9608
16883
9615
9616
9613
9451
9621
35338
9618
9623
9581
9599
16469
9594
9600
16884
16885
16886
9452
9460
9619
9633
9580
16465
9598
16466
16470
9595
16477
16888
16887
9456
9622
9634
9635
9578
9592
16468
16471
9593
16476
16531
16889
16896
9455
9457
9655
34488
9628
9637
9639
9576
9596
16467
16492
16518
16474
16882
16472
16532
16533
16890
16895
16926
9458
9459
9448
9631
9629
9654
9636
9638
9640
9659
9575
9577
16491
16493
16519
16520
16473
16475
16529
14357
16530
12711
16897
16898
9449
9465
9663
9630
9657
9632
34980
9661
9572
9579
9571
16489
16525
16521
14355
14356
9644
16535
16894
16899
16901
9422
34694
9466
9467
11991
9662
34037
9624
9656
9627
9660
34693
9574
16488
16490
16498
16527
34171
16524
16534
9643
12718
16536
16893
16900
16891
16916
9686
9687
9468
