24
143516 143518 875
142835 142831 726
142831 142835 726
143788 143787 827
143787 143788 827
143782 143770 803
143770 143782 803
143718 143712 1246
143701 143702 951
143712 143718 1246
143519 143520 164
143702 143701 951
143518 143516 875
143520 143519 164
142821 142820 868
142820 142821 868
142856 142854 993
142856 142869 239
142869 142856 239
144890 144891 496
144891 144890 496
142854 142856 993
143183 143186 2047
143186 143183 2047
38
143506
143512
143516
143523
143524
142835
142837
142844
142829
142831
143788
143781
143787
143782
143770
143718
143721
143701
143714
143519
143518
143520
142821
142841
142883
142820
142860
142872
142877
142856
142869
144890
144891
142854
143183
143184
143186
143198
