24
220155 220157 805
220157 220155 805
220157 220181 756
220181 220157 756
220481 220480 962
220480 220481 962
224299 224302 796
224302 224299 796
221698 221689 1613
221698 221699 1480
221702 221699 352
220025 224437 935
224437 220025 935
221856 221855 939
221832 221822 250
221855 221856 939
221822 221832 250
221689 221698 1613
221842 221837 786
221842 221843 868
221837 221842 786
221699 221698 1480
221699 221702 352
221843 221842 868
29
220124
220128
220151
220155
220157
220181
220190
220205
220481
220480
224299
224302
220489
221698
221702
221733
221871
220025
224437
221728
221832
221855
221689
221861
224613
221843
221849
221847
219973
