336
48308 48309 1610
48308 48388 733
48308 48395 824
48309 48308 1610
48309 48311 1939
48309 48312 398
48388 48308 733
48388 48389 6362
48388 48395 1556
48395 48308 824
48395 48311 2650
48395 48388 1556
48311 48309 1939
48311 48395 2650
48312 48309 398
48312 49590 942
48389 48388 6362
48389 49581 713
49590 48312 942
49590 49589 2283
49581 48389 713
49581 48822 716
49589 49587 630
49589 49590 2283
48822 48823 988
48822 49581 716
49587 49586 1139
49587 49589 630
48823 48822 988
48823 49005 2562
48823 49006 1455
49586 49585 1820
49586 49587 1139
49005 48823 2562
49005 49006 1124
49005 49008 554
49005 49013 897
49005 50242 966
49006 48823 1455
49006 49005 1124
49006 49588 2593
49585 49584 1559
49585 49586 1820
49008 49005 554
49008 49007 605
49013 49005 897
49013 49012 589
49013 49032 655
49013 49583 4385
50242 49005 966
49588 49006 2593
49584 49582 1222
49584 49585 1559
49007 49008 605
49007 49010 305
49012 49011 574
49012 49013 589
49032 49013 655
49032 49031 522
49583 49013 4385
49583 49582 486
49582 49583 486
49582 49584 1222
49010 49007 305
49010 49009 597
49011 49012 574
49011 49026 1026
49031 49030 3242
49031 49032 522
49009 49010 597
49009 49025 1087
49026 49011 1026
49026 49028 1538
49030 49031 3242
49030 49037 834
49025 49004 857
49025 49009 1087
49028 49026 1538
49028 49029 666
49037 49030 834
49037 49038 486
49004 49002 1014
49004 49003 906
49004 49024 1350
49004 49025 857
49004 49027 1030
49029 49027 637
49029 49028 666
49029 49036 1218
49038 49037 486
49038 49039 2779
49002 48993 1401
49002 49004 1014
49003 48992 1343
49003 49004 906
49024 49001 551
49024 49004 1350
49024 50488 586
49027 49004 1030
49027 49029 637
49036 49029 1218
49036 49040 500
49039 49038 2779
49039 49178 380
49039 49180 771
49039 49181 1320
48993 49002 1401
48992 49003 1343
49001 48998 1189
49001 49000 199
49001 49024 551
50488 49024 586
50488 50318 142
49040 49036 500
49040 49179 8275
49178 49039 380
49178 49177 1137
49178 49181 1425
49180 49039 771
49180 49181 570
49180 49182 4786
49181 49039 1320
49181 49178 1425
49181 49180 570
49181 49183 1103
49181 49184 1764
48998 48989 2061
48998 49001 1189
49000 48997 1021
49000 48999 183
49000 49001 199
49000 49015 405
49000 50318 365
50318 49000 365
50318 49015 121
50318 50487 719
50318 50488 142
49179 49040 8275
49179 49192 1885
49177 49043 482
49177 49044 513
49177 49178 1137
49182 49180 4786
49182 49191 3003
49182 49193 2038
49183 49044 3728
49183 49181 1103
49183 49184 671
49184 49181 1764
49184 49183 671
49184 49185 5349
48989 48994 1820
48989 48996 1931
48989 48998 2061
48997 48996 295
48997 49000 1021
48999 48986 166
48999 48995 852
48999 49000 183
49015 49000 405
49015 49022 816
49015 50318 121
50487 50318 719
49192 49179 1885
49192 49194 771
49043 49035 1185
49043 49042 1110
49043 49177 482
49044 49035 1180
49044 49177 513
49044 49183 3728
49191 49182 3003
49191 49198 2342
49193 49182 2038
49193 49196 827
49185 49184 5349
49185 49197 2832
49185 49197 2832
48994 48989 1820
48994 48995 591
48996 48989 1931
48996 48997 295
48986 48999 166
48995 48994 591
48995 48999 852
49022 49015 816
49022 49021 2472
49194 49192 771
49194 49195 1272
49035 49034 3630
49035 49043 1185
49035 49044 1180
49042 49043 1110
49198 49191 2342
49198 49466 413
49196 49193 827
49196 49461 2511
49197 49185 2832
49197 49185 2832
49197 49466 179
49197 49467 5883
49021 49020 215
49021 49022 2472
49021 49023 357
49021 49173 3543
49195 49194 1272
49195 49460 1261
49034 49033 12481
49034 49035 3630
49466 49197 179
49466 49198 413
49466 49468 1609
49461 49196 2511
49467 49197 5883
49020 49017 1064
49020 49019 674
49020 49021 215
49020 49171 3317
49023 49021 357
49023 49041 564
49173 49021 3543
49173 49172 1148
49173 49174 6263
49460 49195 1261
49460 49459 235
49033 49034 12481
49033 49591 1115
49033 49592 417
49468 49466 1609
49468 49470 5124
49017 49018 2031
49017 49019 720
49017 49020 1064
49019 49017 720
49019 49018 1949
49019 49020 674
49171 49020 3317
49171 49172 1308
49171 49186 4629
49041 49023 564
49172 49171 1308
49172 49173 1148
49172 49174 5144
49174 49172 5144
49174 49173 6263
49174 49187 239
49174 49188 218
49459 49460 235
49591 49033 1115
49591 49597 817
49591 49599 409
49592 49033 417
49592 49615 277
49470 49468 5124
49018 49017 2031
49018 49019 1949
49186 49171 4629
49187 49174 239
49188 49174 218
49597 49591 817
49597 49598 463
49599 49591 409
49599 49604 277
49615 49592 277
49615 49616 506
49598 49597 463
49598 49608 368
49604 49599 277
49604 49605 276
49604 49618 552
49616 49615 506
49616 49618 650
49616 49620 8416
49608 49598 368
49608 49605 977
49608 49609 356
49605 49604 276
49605 49608 977
49605 49618 418
49618 49604 552
49618 49605 418
49618 49616 650
49620 49616 8416
49620 49623 5936
49609 49602 630
49609 49608 356
49609 49610 436
49623 49619 789
49623 49620 5936
49602 49601 6136
49602 49609 630
49602 49610 374
49610 49602 374
49610 49606 238
49610 49606 238
49610 49609 436
49619 49617 1193
49619 49622 276
49619 49623 789
49601 49602 6136
49601 49614 499
49606 49603 829
49606 49607 713
49606 49610 238
49606 49610 238
49617 49611 3073
49617 49619 1193
49617 49621 19
49622 49619 276
49614 49601 499
49614 49613 4383
49603 49594 355
49603 49606 829
49603 49607 1121
49607 49603 1121
49607 49606 713
49607 49613 1334
49611 49596 688
49611 49612 687
49611 49617 3073
49621 49617 19
49613 49607 1334
49613 49612 1010
49613 49614 4383
49594 49593 1458
49594 49603 355
49596 49595 355
49596 49611 688
49596 49612 668
49612 49596 668
49612 49611 687
49612 49613 1010
49593 49594 1458
49595 49596 355
49595 49600 899
49600 49595 899
36
48311
48993
48992
48989
48999
49015
48994
48996
48986
48995
49022
49021
49461
49020
49023
49173
49017
49019
49171
49041
49172
49174
49459
49018
49186
49187
49188
49619
49617
49622
49611
49621
49596
49612
49595
49600
