588
52849 52852 713
52849 52854 878
52852 52849 713
52852 55716 2104
52854 52849 878
52854 52855 1076
52854 55744 2859
55716 52852 2104
55716 55713 751
55716 55732 713
55716 55742 751
52855 52854 1076
55744 52854 2859
55744 55742 677
55744 55751 1933
55713 55715 1967
55713 55716 751
55732 55716 713
55732 55729 1258
55732 55733 630
55742 55716 751
55742 55733 650
55742 55743 610
55742 55744 677
55751 55744 1933
55751 55752 612
55715 55713 1967
55715 55729 751
55729 55715 751
55729 55730 2378
55729 55731 751
55729 55732 1258
55733 55731 1323
55733 55732 630
55733 55742 650
55743 55742 610
55752 55739 1716
55752 55740 1695
55752 55751 612
55730 55725 2068
55730 55729 2378
55730 55734 828
55731 55729 751
55731 55733 1323
55731 55734 2341
55739 55734 355
55739 55740 276
55739 55752 1716
55740 55739 276
55740 55741 552
55740 55752 1695
55740 55806 5569
55725 55722 752
55725 55727 279
55725 55730 2068
55734 55728 2378
55734 55730 828
55734 55731 2341
55734 55739 355
55741 55740 552
55806 55740 5569
55806 55805 279
55806 55807 202
55722 55723 1594
55722 55725 752
55727 55724 1357
55727 55725 279
55727 55728 752
55728 55727 752
55728 55734 2378
55728 55736 537
55728 55737 2851
55805 55798 253
55805 55804 1357
55805 55806 279
55807 55806 202
55807 55808 884
55807 55809 279
55723 55556 828
55723 55662 1534
55723 55722 1594
55723 55724 677
55724 55723 677
55724 55726 1594
55724 55727 1357
55736 55728 537
55736 55738 2511
55737 55726 709
55737 55728 2851
55737 55738 766
55737 55796 2204
55798 55797 336
55798 55805 253
55804 55805 1357
55808 55807 884
55809 55807 279
55809 55810 558
55556 55555 677
55556 55661 1594
55556 55723 828
55662 55661 709
55662 55664 1695
55662 55723 1534
55662 55726 807
55726 55662 807
55726 55665 1631
55726 55724 1594
55726 55737 709
55738 55736 2511
55738 55737 766
55738 55797 344
55796 55672 951
55796 55737 2204
55796 55795 752
55797 55738 344
55797 55798 336
55810 55809 558
55810 55811 766
55810 55812 2063
55810 55813 1067
55810 55814 1483
55555 55551 1672
55555 55556 677
55661 55551 828
55661 55556 1594
55661 55659 1594
55661 55662 709
55664 55659 752
55664 55662 1695
55664 55663 610
55664 55665 677
55665 55664 677
55665 55726 1631
55665 55795 475
55672 55671 828
55672 55796 951
55672 55799 511
55795 55665 475
55795 55667 238
55795 55796 752
55811 55810 766
55811 55813 796
55811 55816 1483
55811 55817 790
55812 55802 517
55812 55810 2063
55812 55819 871
55813 55810 1067
55813 55811 796
55813 55819 1357
55813 55825 1115
55814 55810 1483
55814 55815 475
55814 55816 766
55551 55542 713
55551 55555 1672
55551 55661 828
55659 55655 752
55659 55658 418
55659 55661 1594
55659 55664 752
55663 55658 873
55663 55664 610
55663 55666 84
55671 55660 139
55671 55667 747
55671 55669 848
55671 55672 828
55671 55803 1154
55799 55672 511
55667 55666 673
55667 55671 747
55667 55795 238
55816 55765 1375
55816 55811 1483
55816 55814 766
55816 55818 871
55817 55811 790
55817 55818 1505
55817 55825 1467
55817 55868 849
55802 55803 2742
55802 55812 517
55819 55812 871
55819 55813 1357
55819 55824 1505
55819 55826 766
55825 55813 1115
55825 55817 1467
55825 55826 581
55825 55827 928
55815 55814 475
55542 55551 713
55542 55655 848
55655 55542 848
55655 55638 537
55655 55659 752
55658 55654 1282
55658 55656 837
55658 55659 418
55658 55663 873
55666 55660 1004
55666 55663 84
55666 55667 673
55660 55656 1614
55660 55666 1004
55660 55671 139
55669 55643 1879
55669 55668 789
55669 55671 848
55803 55671 1154
55803 55802 2742
55765 55764 1375
55765 55768 766
55765 55816 1375
55818 55768 1467
55818 55816 871
55818 55817 1505
55818 55866 790
55868 55817 849
55868 55866 1375
55868 55869 871
55868 55871 2153
55824 55819 1505
55824 55820 435
55824 55828 953
55826 55819 766
55826 55825 581
55826 55827 709
55826 55828 1140
55827 55825 928
55827 55826 709
55827 55871 168
55638 55541 2160
55638 55654 418
55638 55655 537
55654 55638 418
55654 55642 650
55654 55658 1282
55656 55642 1209
55656 55643 789
55656 55658 837
55656 55660 1614
55643 55640 1678
55643 55650 837
55643 55656 789
55643 55669 1879
55668 55650 1948
55668 55651 848
55668 55669 789
55668 55673 1146
55764 55763 842
55764 55765 1375
55768 55763 1505
55768 55765 766
55768 55772 790
55768 55818 1467
55866 55772 1467
55866 55818 790
55866 55867 790
55866 55868 1375
55869 55867 1357
55869 55868 871
55869 55873 2171
55869 55878 791
55871 55827 168
55871 55868 2153
55871 55872 688
55871 55873 790
55820 55821 168
55820 55824 435
55828 55824 953
55828 55826 1140
55828 55872 953
55541 55633 747
55541 55638 2160
55642 55639 474
55642 55654 650
55642 55656 1209
55640 55636 789
55640 55637 807
55640 55639 928
55640 55643 1678
55650 55641 1074
55650 55643 837
55650 55649 818
55650 55668 1948
55651 55649 1879
55651 55653 747
55651 55668 848
55673 55668 1146
55673 55674 1023
55763 55761 1014
55763 55764 842
55763 55767 709
55763 55768 1505
55772 55767 1483
55772 55768 790
55772 55775 871
55772 55866 1467
55867 55775 1483
55867 55866 790
55867 55869 1357
55867 55870 850
55873 55869 2171
55873 55871 790
55873 55874 807
55873 55877 766
55878 55869 791
55878 55870 1483
55878 55877 2063
55878 55879 766
55872 55828 953
55872 55871 688
55872 55874 253
55821 55820 168
55821 55822 1831
55821 55823 1576
55633 55541 747
55633 55579 1120
55633 55634 738
55639 55634 873
55639 55640 928
55639 55642 474
55636 55589 1067
55636 55635 1412
55636 55640 789
55636 55641 537
55637 55579 677
55637 55634 1023
55637 55640 807
55641 55636 537
55641 55644 884
55641 55650 1074
55649 55644 1211
55649 55646 924
55649 55650 818
55649 55651 1879
55653 55646 1685
55653 55651 747
55653 55670 452
55674 55673 1023
55761 55757 1375
55761 55760 1268
55761 55763 1014
55761 55766 790
55767 55763 709
55767 55766 1032
55767 55771 872
55767 55772 1483
55775 55771 1484
55775 55772 871
55775 55789 790
55775 55867 1483
55870 55789 1357
55870 55867 850
55870 55878 1483
55870 55886 790
55874 55872 253
55874 55873 807
55874 55875 333
55874 55877 1470
55877 55873 766
55877 55874 1470
55877 55878 2063
55877 55880 84
55879 55878 766
55879 55886 1375
55879 55891 871
55879 55894 1701
55822 55821 1831
55822 55829 265
55823 55821 1576
55823 55834 1436
55823 55836 782
55579 55575 2306
55579 55633 1120
55579 55635 747
55579 55637 677
55634 55633 738
55634 55637 1023
55634 55639 873
55589 55588 1282
55589 55636 1067
55589 55644 630
55635 55579 747
55635 55588 1120
55635 55636 1412
55644 55589 630
55644 55641 884
55644 55645 837
55644 55649 1211
55646 55645 1545
55646 55647 837
55646 55649 924
55646 55653 1685
55670 55652 511
55670 55653 452
55670 55693 677
55757 55755 1483
55757 55761 1375
55757 55762 527
55757 55769 790
55760 55761 1268
55760 56651 2136
55760 56652 1467
55766 55761 790
55766 55767 1032
55766 55769 1375
55766 55773 850
55771 55767 872
55771 55773 1140
55771 55774 790
55771 55775 1484
55789 55774 1483
55789 55775 790
55789 55870 1357
55789 55884 766
55886 55870 790
55886 55879 1375
55886 55884 1467
55886 55887 766
55875 55874 333
55875 55876 893
55880 55877 84
55880 55881 556
55880 55882 3130
55880 55894 872
55891 55879 871
55891 55887 1467
55891 55892 790
55891 55895 1375
55894 55879 1701
55894 55880 872
55894 55895 849
55829 55800 984
55829 55822 265
55834 55823 1436
55834 55830 672
55834 55835 445
55836 55823 782
55836 55830 1449
55836 55838 782
55575 55518 1656
55575 55522 984
55575 55576 2703
55575 55579 2306
55588 55583 747
55588 55589 1282
55588 55635 1120
55645 55587 139
55645 55644 837
55645 55646 1545
55647 55586 1545
55647 55646 837
55647 55648 928
55647 55652 1948
55652 55647 1948
55652 55670 511
55652 55692 139
55693 55670 677
55755 55754 766
55755 55757 1483
55755 55758 872
55762 55756 262
55762 55757 527
55769 55757 790
55769 55758 1505
55769 55766 1375
55769 55770 850
56651 55760 2136
56652 55760 1467
55773 55766 850
55773 55770 1375
55773 55771 1140
55773 55787 790
55774 55771 790
55774 55787 1140
55774 55789 1483
55774 55790 871
55884 55789 766
55884 55790 1398
55884 55885 871
55884 55886 1467
55887 55885 1375
55887 55886 766
55887 55890 871
55887 55891 1467
55876 55875 893
55876 55900 1114
55881 55880 556
55881 55883 1014
55882 55880 3130
55882 55898 344
55882 55899 871
55882 56541 1483
55892 55890 1483
55892 55891 790
55892 55896 924
55892 55897 766
55895 55891 1375
55895 55894 849
55895 55896 871
55800 55694 1343
55800 55801 1447
55800 55829 984
55830 55831 1604
55830 55832 893
55830 55834 672
55830 55836 1449
55835 55834 445
55838 55832 1436
55838 55836 782
55838 55839 782
55838 55855 1352
55518 55502 373
55518 55575 1656
55522 55575 984
55576 55559 381
55576 55575 2703
55576 55583 2688
55583 55576 2688
55583 55584 747
55583 55587 1746
55583 55588 747
55587 55583 1746
55587 55586 697
55587 55645 139
55586 55584 1614
55586 55587 697
55586 55590 884
55586 55647 1545
55648 55590 1476
55648 55618 650
55648 55647 928
55648 55679 2018
55692 55652 139
55692 55679 747
55692 55694 1354
55754 55753 1032
55754 55755 766
55758 55755 872
55758 55769 1505
55756 55753 344
55756 55762 262
55770 55769 850
55770 55773 1375
55787 55773 790
55787 55774 1140
55790 55774 871
55790 55884 1398
55885 55884 871
55885 55887 1375
55890 55887 871
55890 55892 1483
55900 55876 1114
55883 55881 1014
55898 55882 344
55899 55882 871
56541 55882 1483
56541 55896 849
56541 55897 688
55896 55892 924
55896 55895 871
55896 56541 849
55897 55892 766
55897 56541 688
55694 55692 1354
55694 55800 1343
55801 55800 1447
55831 55830 1604
55832 55830 893
55832 55838 1436
55839 55838 782
55855 55838 1352
55502 55518 373
55559 55576 381
55559 55584 2887
55584 55559 2887
55584 55583 747
55584 55586 1614
55590 55586 884
55590 55648 1476
55618 55648 650
55679 55648 2018
55679 55692 747
55753 55754 1032
55753 55756 344
200
52849
52852
52854
55716
52855
55744
55713
55732
55742
55751
55715
55729
55733
55743
55752
55730
55731
55739
55740
55725
55734
55741
55806
55722
55727
55728
55805
55807
55723
55724
55736
55737
55798
55804
55808
55809
55556
55662
55726
55738
55796
55797
55810
55555
55661
55664
55665
55672
55795
55811
55812
55813
55814
55551
55659
55663
55671
55799
55667
55816
55817
55802
55819
55825
55815
55542
55655
55658
55666
55660
55669
55803
55765
55818
55868
55824
55826
55827
55638
55654
55656
55643
55668
55764
55768
55866
55869
55871
55820
55828
55541
55642
55640
55650
55651
55673
55763
55772
55867
55873
55878
55872
55821
55633
55639
55636
55637
55641
55649
55653
55674
55761
55767
55775
55870
55874
55877
55879
55822
55823
55579
55634
55589
55635
55644
55646
55670
55757
55760
55766
55771
55789
55886
55875
55880
55891
55894
55829
55834
55836
55575
55588
55645
55647
55652
55693
55755
55762
55769
56651
56652
55773
55774
55884
55887
55876
55881
55882
55892
55895
55800
55830
55835
55838
55518
55522
55576
55583
55587
55586
55648
55692
55754
55758
55756
55770
55787
55790
55885
55890
55900
55883
55898
55899
56541
55896
55897
55694
55801
55831
55832
55839
55855
55502
55559
55584
55590
55618
55679
55753
