444
239126 239128 446
239128 239126 446
239128 239127 277
239128 262783 605
239127 239128 277
239127 239129 3890
262783 239128 605
239129 239127 3890
239129 239144 934
239129 239146 71
239144 239129 934
239146 239129 71
239146 239145 599
239146 262782 1618
239145 239146 599
239145 239150 2386
239145 239151 1864
262782 239146 1618
239150 239145 2386
239151 239145 1864
239151 239152 1314
239151 239153 1085
239152 239151 1314
239152 239154 350
239152 239155 451
239153 239151 1085
239153 239194 1413
239153 239197 5619
239154 239152 350
239155 239152 451
239194 239153 1413
239194 239195 333
239194 239198 1328
239197 239153 5619
239197 239166 796
239197 239201 750
239195 239192 603
239195 239194 333
239195 262781 1241
239198 239194 1328
239198 239203 1648
239198 262774 278
239166 239161 2768
239166 239167 3675
239166 239197 796
239201 239197 750
239201 239202 2540
239201 239204 619
239192 239193 4054
239192 239195 603
239192 239196 1787
262781 239195 1241
239203 239198 1648
239203 258130 1741
239203 262765 4005
262774 239198 278
262774 262767 711
262774 262775 630
239161 239160 611
239161 239162 710
239161 239166 2768
239167 239159 1535
239167 239166 3675
239167 239205 2408
239202 239201 2540
239204 239201 619
239204 239205 1385
239204 239206 3615
239193 239192 4054
239193 262784 5166
239193 262785 1182
239196 239192 1787
239196 262777 3814
239196 262778 385
258130 239203 1741
258130 258128 2212
258130 262764 2894
262765 239203 4005
262767 239200 2097
262767 262774 711
262767 262776 580
262775 262774 630
239160 239149 1120
239160 239161 611
239160 239162 568
239162 239158 1097
239162 239160 568
239162 239161 710
239159 239158 3256
239159 239167 1535
239159 239168 976
239205 239167 2408
239205 239204 1385
239205 258143 3173
239206 239204 3615
239206 262773 183
239206 262773 183
262784 239193 5166
262785 239193 1182
262777 239196 3814
262777 240597 6257
262777 258129 47
262778 239196 385
262778 262779 747
262778 262780 672
258128 258129 2719
258128 258130 2212
258128 258139 2026
262764 258130 2894
262764 258132 1229
262764 262769 712
239200 239199 298
239200 262767 2097
239200 262768 870
262776 262767 580
239149 239137 4178
239149 239148 1004
239149 239160 1120
239158 239157 1562
239158 239159 3256
239158 239162 1097
239168 239159 976
239168 239169 833
239168 239170 1997
239168 239171 4519
258143 239205 3173
258143 258144 1126
262773 239206 183
262773 239206 183
240597 240598 1040
240597 262777 6257
240597 264191 678
258129 258126 240
258129 258128 2719
258129 262777 47
262779 262778 747
262780 262778 672
258139 258128 2026
258139 258140 1522
258132 258131 797
258132 258131 797
258132 262764 1229
262769 262764 712
239199 239200 298
239199 262099 691
239199 262766 628
262768 239200 870
239137 239136 407
239137 239149 4178
239148 239147 5361
239148 239149 1004
239148 239156 2136
239157 239158 1562
239157 239163 402
239169 239168 833
239170 239168 1997
239171 239168 4519
239171 243989 2170
239171 243996 1298
239171 243997 747
258144 258143 1126
258144 258147 1670
258144 258148 2205
240598 240597 1040
240598 240613 1060
264191 240597 678
258126 258127 1856
258126 258129 240
258126 258133 2720
258140 258137 2863
258140 258139 1522
258140 258142 1159
258131 258132 797
258131 258132 797
262099 239199 691
262766 239199 628
239136 239137 407
239136 239138 1073
239136 239139 1855
239147 239148 5361
239147 262096 373
239156 239148 2136
239163 239140 143
239163 239157 402
239163 239164 621
243989 239171 2170
243989 243990 678
243989 243991 2247
243996 239171 1298
243996 243998 1144
243996 243998 1144
243997 239171 747
258147 258144 1670
258148 258144 2205
258148 258149 4138
258148 258152 1482
240613 240598 1060
258127 258126 1856
258127 262770 2484
258127 262787 2625
258133 258126 2720
258133 258134 994
258137 258138 1138
258137 258140 2863
258137 258174 2561
258142 258140 1159
258142 258141 2966
239138 239136 1073
239138 239139 2928
239138 239140 1346
239139 239136 1855
239139 239138 2928
239139 262096 300
262096 239139 300
262096 239147 373
262096 262097 2092
239140 239138 1346
239140 239142 2215
239140 239163 143
239164 239163 621
239164 239165 1330
243990 243967 2569
243990 243989 678
243991 243989 2247
243998 243996 1144
243998 243996 1144
243998 262111 543
258149 258148 4138
258149 258212 1792
258152 258148 1482
258152 258153 1037
258152 258154 882
262770 258127 2484
262770 262771 2076
262787 258127 2625
258134 258133 994
258134 258135 1105
258138 258136 1887
258138 258137 1138
258174 258137 2561
258174 258173 564
258174 262100 804
258141 258142 2966
258141 258150 2863
258141 258151 1742
262097 262096 2092
239142 239140 2215
239142 239141 904
239142 239143 978
239165 239164 1330
243967 243966 2389
243967 243988 2313
243967 243990 2569
262111 243998 543
258212 258149 1792
258153 258152 1037
258154 258152 882
262771 262770 2076
262771 262772 506
258135 258134 1105
258135 258136 397
258135 258160 2230
258136 258135 397
258136 258138 1887
258136 258160 1925
258173 258151 5073
258173 258174 564
258173 258175 1637
262100 258174 804
258150 258141 2863
258151 258141 1742
258151 258173 5073
239141 239142 904
239141 243942 263
239141 243942 263
239143 239142 978
239143 243987 1772
243966 243962 3013
243966 243965 696
243966 243967 2389
243988 243967 2313
262772 262771 506
258160 258135 2230
258160 258136 1925
258160 258161 3718
258160 258167 2045
258175 258173 1637
258175 258198 722
258175 258199 1045
243942 239135 3193
243942 239141 263
243942 239141 263
243942 243965 1362
243987 239143 1772
243962 243960 1650
243962 243963 1609
243962 243966 3013
243965 243942 1362
243965 243964 1741
243965 243966 696
258161 258160 3718
258167 258160 2045
258167 258168 86
258167 258170 1028
258198 258175 722
258198 262762 776
258199 258175 1045
258199 258201 2112
258199 258202 835
239135 239131 1181
239135 243942 3193
239135 243956 613
243960 243865 589
243960 243958 699
243960 243961 907
243960 243962 1650
243963 243962 1609
243963 243968 1700
243963 243970 1243
243964 243965 1741
258168 258167 86
258168 258169 493
258168 263316 917
258170 258167 1028
258170 258171 1376
258170 258172 785
262762 258198 776
258201 258199 2112
258201 258200 144
258201 263454 1450
258202 258199 835
258202 258200 2415
258202 262758 688
239131 239132 710
239131 239134 2943
239131 239135 1181
239131 259746 752
243956 239135 613
243956 243955 893
243956 261105 1153
243865 243863 597
243865 243958 568
243865 243960 589
243958 243865 568
243958 243959 597
243958 243960 699
243961 243960 907
243968 243963 1700
243968 243969 1335
243968 243971 5331
243970 243963 1243
258169 258164 1053
258169 258168 493
263316 258168 917
258171 258170 1376
258171 258189 1779
258171 258192 3165
258172 258170 785
258200 258201 144
258200 258202 2415
258200 262761 85
263454 258201 1450
262758 258194 414
262758 258202 688
262758 262757 2279
239132 239131 710
239134 239131 2943
259746 239131 752
259746 263937 281
259746 263938 510
243955 243956 893
261105 243954 2594
261105 243956 1153
243863 243859 768
243863 243864 2618
243863 243865 597
243959 243871 1478
243959 243958 597
243959 243974 917
243969 243968 1335
243971 243968 5331
243971 243981 235
243971 243985 457
258164 258158 212
258164 258165 1167
258164 258169 1053
258189 258171 1779
258189 258183 2768
258189 258192 1386
258192 258171 3165
258192 258189 1386
258192 258190 1179
262761 258200 85
258194 258176 2671
258194 258196 1329
258194 262758 414
262757 262756 1060
262757 262758 2279
262757 262759 1878
262757 262760 1041
263937 259746 281
263938 259746 510
243954 243860 451
243954 261105 2594
243954 261107 741
243859 243860 1273
243859 243861 429
243859 243863 768
243864 243862 1030
243864 243863 2618
243864 243870 1002
243864 243871 1004
243871 243864 1004
243871 243875 278
243871 243959 1478
243974 243876 1636
243974 243959 917
243974 243972 3073
243981 243971 235
243985 243971 457
258158 258164 212
258165 258164 1167
258183 258189 2768
258183 258190 1457
258190 258183 1457
258190 258192 1179
258176 258194 2671
258196 258194 1329
262756 262757 1060
262759 262757 1878
262760 262757 1041
243860 243859 1273
243860 243954 451
261107 243954 741
243861 243859 429
243861 243862 2696
243862 243861 2696
243862 243864 1030
243870 243864 1002
243875 243871 278
243875 243876 1040
243876 243875 1040
243876 243974 1636
243972 243974 3073
200
239126
239128
239127
262783
239129
239144
239146
239145
262782
239150
239151
239152
239153
239154
239155
239194
239197
239195
239198
239166
239201
239192
262781
239203
262774
239161
239167
239202
239204
239193
239196
258130
262765
262767
262775
239160
239162
239159
239205
239206
262784
262785
262777
262778
258128
262764
239200
262776
239149
239158
239168
258143
262773
240597
258129
262779
262780
258139
258132
262769
239199
262768
239137
239148
239157
239169
239170
239171
258144
240598
264191
258126
258140
258131
262099
262766
239136
239147
239156
239163
243989
243996
243997
258147
258148
240613
258127
258133
258137
258142
239138
239139
262096
239140
239164
243990
243991
243998
258149
258152
262770
262787
258134
258138
258174
258141
262097
239142
239165
243967
262111
258212
258153
258154
262771
258135
258136
258173
262100
258150
258151
239141
239143
243966
243988
262772
258160
258175
243942
243987
243962
243965
258161
258167
258198
258199
239135
243960
243963
243964
258168
258170
262762
258201
258202
239131
243956
243865
243958
243961
243968
243970
258169
263316
258171
258172
258200
263454
262758
239132
239134
259746
243955
261105
243863
243959
243969
243971
258164
258189
258192
262761
258194
262757
263937
263938
243954
243859
243864
243871
243974
243981
243985
258158
258165
258183
258190
258176
258196
262756
262759
262760
243860
261107
243861
243862
243870
243875
243876
243972
