542
196034 196041 201
196041 196034 201
196041 196042 359
196041 196044 675
196042 196041 359
196042 196043 612
196044 196037 3168
196044 196041 675
196044 196045 348
196043 196042 612
196037 196036 841
196037 196044 3168
196045 196044 348
196045 196046 765
196045 196047 2289
196036 196037 841
196036 196055 1695
196046 196045 765
196046 196061 681
196046 196063 2009
196046 196064 1407
196047 196045 2289
196047 196064 1123
196047 196447 534
196055 196036 1695
196055 196056 328
196061 196046 681
196061 196060 768
196061 196065 1932
196063 196046 2009
196063 196065 787
196063 196066 557
196064 196046 1407
196064 196047 1123
196064 196066 1734
196447 196047 534
196447 196465 800
196056 196055 328
196056 196057 789
196056 196058 714
196060 196054 681
196060 196061 768
196060 196062 1772
196065 196061 1932
196065 196062 678
196065 196063 787
196066 196063 557
196066 196064 1734
196066 196109 751
196465 196447 800
196465 196466 487
196057 196051 1699
196057 196053 678
196057 196056 789
196058 196056 714
196058 214442 360
196054 196052 769
196054 196059 1695
196054 196060 681
196062 196059 788
196062 196060 1772
196062 196065 678
196109 196066 751
196109 196110 1886
196109 196111 933
196466 196465 487
196466 196467 1023
196466 196471 846
196051 196050 278
196051 196052 568
196051 196057 1699
196053 196052 1696
196053 196057 678
196053 196059 768
214442 196058 360
214442 196102 540
214442 214637 381
196052 196051 568
196052 196053 1696
196052 196054 769
196059 196053 768
196059 196054 1695
196059 196062 788
196110 196109 1886
196110 196472 936
196110 196526 439
196110 196534 1334
196111 196109 933
196111 196112 644
196467 196466 1023
196467 196473 675
196471 196466 846
196471 196470 476
196471 196472 328
196050 196051 278
196102 196103 1026
196102 196104 1380
196102 214442 540
214637 214442 381
196472 196110 936
196472 196471 328
196472 196473 1007
196526 196110 439
196526 196473 1151
196526 196527 110
196534 196110 1334
196534 196132 2611
196112 196108 1164
196112 196111 644
196112 196115 1305
196473 196467 675
196473 196472 1007
196473 196526 1151
196470 196471 476
196103 196102 1026
196103 196104 1400
196103 196105 846
196104 196102 1380
196104 196103 1400
196104 196108 1047
196527 196526 110
196527 215119 147
196132 196116 2046
196132 196133 2274
196132 196534 2611
196132 196552 248
196108 196104 1047
196108 196112 1164
196108 196113 1023
196115 196112 1305
196115 196114 573
196115 196116 1671
196105 196103 846
196105 196113 1424
196105 196117 752
215119 196527 147
215119 196529 201
196116 196115 1671
196116 196131 870
196116 196132 2046
196116 214638 670
196133 196130 2790
196133 196132 2274
196133 197052 826
196552 196132 248
196552 196554 279
196113 196105 1424
196113 196108 1023
196113 196114 539
196114 196113 539
196114 196115 573
196114 196118 781
196114 196131 1977
196117 196105 752
196117 196118 622
196117 196119 2428
196117 196120 292
196529 196530 164
196529 196535 1530
196529 215119 201
196131 196114 1977
196131 196116 870
196131 196130 685
196131 196135 2251
214638 196116 670
196130 196118 2188
196130 196119 802
196130 196131 685
196130 196133 2790
197052 196133 826
197052 197051 750
196554 196552 279
196554 196553 1641
196554 196555 194
196118 196114 781
196118 196117 622
196118 196130 2188
196119 196117 2428
196119 196130 802
196119 196134 474
196120 196117 292
196120 196121 1377
196530 196529 164
196530 215121 164
196530 215124 1532
196535 196529 1530
196535 196553 1164
196135 196131 2251
197051 197044 607
197051 197050 336
197051 197052 750
196553 196535 1164
196553 196554 1641
196555 196554 194
196555 196557 224
196555 215126 1782
196134 196119 474
196134 197044 991
196134 197045 213
196121 196120 1377
196121 196124 271
215121 196482 2747
215121 196530 164
215121 196531 220
215121 215122 1549
215124 196530 1532
215124 215125 1332
197044 196134 991
197044 197046 368
197044 197051 607
197050 197046 750
197050 197051 336
197050 197055 1150
196557 196555 224
196557 196556 774
215126 196555 1782
197045 196134 213
197045 197046 813
197045 197047 674
196124 196121 271
196124 196125 1024
196482 196481 246
196482 196483 534
196482 215121 2747
196531 196476 1002
196531 196487 1338
196531 196532 993
196531 215121 220
215122 215121 1549
215122 215123 1367
215125 215124 1332
197046 197044 368
197046 197045 813
197046 197050 750
197046 197054 881
197055 197050 1150
197055 197054 751
197055 197057 901
196556 196547 684
196556 196557 774
196556 196559 1671
197047 197045 674
197047 197054 867
196125 196124 1024
196125 196128 790
196125 196129 533
196481 196478 288
196481 196482 246
196483 196475 532
196483 196482 534
196483 196484 504
196476 196475 545
196476 196477 790
196476 196531 1002
196487 196477 857
196487 196480 879
196487 196531 1338
196487 196533 842
196532 196531 993
196532 196533 1757
215123 215122 1367
197054 197046 881
197054 197047 867
197054 197055 751
197057 197055 901
197057 197071 270
197057 197075 548
196547 196536 928
196547 196548 932
196547 196556 684
196559 196549 867
196559 196556 1671
196128 196125 790
196129 196125 533
196129 197037 738
196129 197038 750
196478 196479 681
196478 196480 2646
196478 196481 288
196478 214612 252
196475 196476 545
196475 196483 532
196475 196484 445
196484 196475 445
196484 196477 419
196484 196483 504
196477 196476 790
196477 196484 419
196477 196487 857
196480 196478 2646
196480 196487 879
196480 196489 898
196533 196487 842
196533 196532 1757
196533 196544 1702
197071 197057 270
197071 197058 279
197075 197057 548
196536 196537 907
196536 196547 928
196548 196537 1045
196548 196547 932
196548 196549 781
196549 196548 781
196549 196550 846
196549 196551 2047
196549 196559 867
197037 196129 738
197038 196129 750
197038 197039 533
197038 197040 814
196479 196463 804
196479 196478 681
196479 196485 1134
196479 196486 2321
214612 196478 252
196489 196480 898
196489 196485 1531
196489 196541 549
196489 196544 766
196544 196489 766
196544 196533 1702
196544 196545 2275
196544 196546 940
197058 197053 750
197058 197071 279
197058 197072 963
197058 197073 969
196537 196536 907
196537 196538 683
196537 196548 1045
196550 196538 433
196550 196549 846
196550 196562 1172
196551 196549 2047
196551 196564 766
196551 196569 1212
197039 197038 533
197040 197038 814
197040 197042 1550
197040 197048 349
197040 197049 751
196463 196460 729
196463 196464 2275
196463 196479 804
196485 196479 1134
196485 196488 1530
196485 196489 1531
196486 196464 882
196486 196479 2321
196486 196488 764
196486 196515 2511
196541 196489 549
196541 196542 147
196541 196543 332
196545 196544 2275
196546 196544 940
196546 196563 864
197053 197049 901
197053 197058 750
197053 197065 1180
197072 197058 963
197072 197074 607
197073 197058 969
197073 197065 815
197073 197069 1656
197073 197074 894
196538 196537 683
196538 196550 433
196538 196561 1120
196562 196550 1172
196562 196561 956
196562 196564 822
196564 196551 766
196564 196562 822
196564 196566 867
196564 196570 1577
196569 196551 1212
196569 196570 685
196569 197109 2622
197042 197040 1550
197042 197043 738
197048 197040 349
197049 197040 751
197049 197053 901
197049 197056 479
197049 214993 117
196460 196461 2307
196460 196463 729
196464 196461 790
196464 196463 2275
196464 196486 882
196464 196512 2572
196488 196485 1530
196488 196486 764
196488 196490 2549
196488 196542 770
196515 196486 2511
196515 196490 867
196515 196512 814
196515 196573 2500
196542 196488 770
196542 196541 147
196542 196543 305
196543 196541 332
196543 196542 305
196543 196574 2211
196563 196546 864
196563 196561 787
196563 196565 696
196563 196566 433
197065 197043 749
197065 197053 1180
197065 197068 1751
197065 197073 815
197074 197070 1681
197074 197072 607
197074 197073 894
197074 197077 738
197069 197068 751
197069 197070 892
197069 197073 1656
197069 197089 1421
196561 196538 1120
196561 196562 956
196561 196563 787
196566 196563 433
196566 196564 867
196566 196567 761
196570 196564 1577
196570 196569 685
196570 196571 790
196570 196572 2618
197109 196569 2622
197109 196572 873
197109 197110 623
197109 197137 908
197043 197042 738
197043 197064 1696
197043 197065 749
197056 197049 479
214993 197049 117
196461 196460 2307
196461 196464 790
196461 196497 694
196461 196511 2515
196512 196464 2572
196512 196511 670
196512 196515 814
196512 196517 2452
196490 196488 2549
196490 196515 867
196490 196574 856
196573 196515 2500
196573 196517 892
196573 196577 137
196574 196490 856
196574 196543 2211
196574 196575 581
196574 196576 962
196565 196563 696
196565 196567 612
196565 196589 1754
197068 197064 802
197068 197065 1751
197068 197069 751
197068 197088 1279
197070 197069 892
197070 197074 1681
197070 197091 673
197070 202163 1227
197077 197074 738
197077 197078 274
197077 197079 478
197077 197091 1770
197089 197069 1421
197089 202163 910
197089 202165 208
197089 214613 294
196567 196565 612
196567 196566 761
196567 196571 1108
196571 196567 1108
196571 196570 790
196571 196592 815
196571 196594 2600
196572 196570 2618
196572 196594 821
196572 197109 873
196572 197136 428
197110 197109 623
197110 197138 1397
197137 197109 908
197137 197136 1039
197137 197138 948
197064 197043 1696
197064 197068 802
196497 196461 694
196497 196493 1621
196497 196496 849
196497 196498 843
196511 196461 2515
196511 196512 670
196511 196514 745
196511 196516 2452
196517 196512 2452
196517 196516 670
196517 196573 892
196577 196573 137
196577 196578 223
196575 196574 581
196576 196574 962
196589 196565 1754
197088 197068 1279
197088 214613 482
197091 197070 673
197091 197077 1770
202163 197070 1227
202163 197089 910
197078 197077 274
197079 197077 478
202165 197089 208
202165 214613 335
214613 197088 482
214613 197089 294
214613 202165 335
196592 196571 815
196594 196571 2600
196594 196572 821
196594 197136 839
197136 196572 428
197136 196594 839
197136 197137 1039
197138 197110 1397
197138 197137 948
196493 196497 1621
196496 196497 849
196498 196497 843
196514 196511 745
196516 196511 2452
196516 196517 670
196578 196577 223
200
196034
196041
196042
196044
196043
196037
196045
196036
196046
196047
196055
196061
196063
196064
196447
196056
196060
196065
196066
196465
196057
196058
196054
196062
196109
196466
196051
196053
214442
196052
196059
196110
196111
196467
196471
196050
196102
214637
196472
196526
196534
196112
196473
196470
196103
196104
196527
196132
196108
196115
196105
215119
196116
196133
196552
196113
196114
196117
196529
196131
214638
196130
197052
196554
196118
196119
196120
196530
196535
196135
197051
196553
196555
196134
196121
215121
215124
197044
197050
196557
215126
197045
196124
196482
196531
215122
215125
197046
197055
196556
197047
196125
196481
196483
196476
196487
196532
215123
197054
197057
196547
196559
196128
196129
196478
196475
196484
196477
196480
196533
197071
197075
196536
196548
196549
197037
197038
196479
214612
196489
196544
197058
196537
196550
196551
197039
197040
196463
196485
196486
196541
196545
196546
197053
197072
197073
196538
196562
196564
196569
197042
197048
197049
196460
196464
196488
196515
196542
196543
196563
197065
197074
197069
196561
196566
196570
197109
197043
197056
214993
196461
196512
196490
196573
196574
196565
197068
197070
197077
197089
196567
196571
196572
197110
197137
197064
196497
196511
196517
196577
196575
196576
196589
197088
197091
202163
197078
197079
202165
214613
196592
196594
197136
197138
196493
196496
196498
196514
196516
196578
