502
56893 56894 2045
56893 65999 985
56893 66001 1550
56894 56893 2045
65999 56893 985
65999 65996 2114
65999 66000 1464
66001 56893 1550
66001 66000 651
66001 78028 882
65996 65991 741
65996 65997 3292
65996 65999 2114
66000 65999 1464
66000 66001 651
66000 66020 532
78028 66001 882
65991 65958 2943
65991 65989 1152
65991 65996 741
65991 66035 2854
65997 65996 3292
66020 66000 532
66020 66019 1894
66020 78024 725
65958 65922 1366
65958 65959 832
65958 65962 1616
65958 65991 2943
65989 65987 828
65989 65990 813
65989 65991 1152
66035 65991 2854
66019 66020 1894
66019 66021 1228
66019 76580 924
78024 66020 725
65922 65920 1014
65922 65923 1510
65922 65952 713
65922 65958 1366
65959 65958 832
65959 65960 683
65959 65961 2037
65962 65958 1616
65962 65963 1228
65962 66034 1892
65987 65985 689
65987 65988 1091
65987 65989 828
65990 65989 813
66021 66019 1228
66021 66023 554
66021 66024 512
76580 66019 924
76580 66028 729
65920 65905 445
65920 65921 1208
65920 65922 1014
65923 65922 1510
65923 65924 735
65923 65925 547
65952 65922 713
65952 65950 832
65952 65953 551
65960 65955 1582
65960 65959 683
65960 78027 1595
65961 65959 2037
65961 65967 1816
65963 65962 1228
66034 65962 1892
65985 65981 881
65985 65986 894
65985 65987 689
65985 65992 722
65988 65987 1091
66023 66021 554
66023 66022 886
66023 66026 810
66024 66021 512
66024 66032 950
66028 66027 1512
66028 76580 729
65905 65903 570
65905 65919 589
65905 65920 445
65921 65920 1208
65924 65923 735
65925 65923 547
65950 65949 755
65950 65951 713
65950 65952 832
65953 65952 551
65955 65947 755
65955 65960 1582
78027 65960 1595
65967 65961 1816
65967 65964 1741
65967 65968 1032
65967 66036 1519
65981 65913 963
65981 65982 2066
65981 65985 881
65986 65985 894
65992 65985 722
65992 65993 953
65992 65994 759
66022 66023 886
66026 66023 810
66026 66025 698
66026 66030 405
66032 66024 950
66027 66028 1512
66027 66029 1732
65903 65899 721
65903 65904 1228
65903 65905 570
65903 65918 601
65919 65905 589
65949 65950 755
65951 65950 713
65951 65954 539
65947 65940 1434
65947 65948 951
65947 65955 755
65964 65965 893
65964 65967 1741
65968 65967 1032
65968 65969 1231
65968 66037 925
65968 66039 1421
66036 65967 1519
66036 66039 427
66036 66041 4914
65913 65911 797
65913 65914 483
65913 65981 963
65982 65981 2066
65982 65983 826
65982 65984 1173
65993 65992 953
65994 65984 779
65994 65992 759
65994 65995 638
66025 66026 698
66030 66026 405
66030 66029 989
66030 66033 929
66029 66027 1732
66029 66030 989
66029 66031 3129
65899 65897 736
65899 65902 1076
65899 65903 721
65899 65917 910
65904 65903 1228
65918 65903 601
65954 65951 539
65940 65933 1360
65940 65941 951
65940 65947 1434
65948 65941 1434
65948 65947 951
65948 65957 782
65965 65964 893
65965 65966 771
65965 65969 794
65969 65965 794
65969 65968 1231
65969 65970 1140
66037 57297 1426
66037 65968 925
66037 66038 721
66039 57296 408
66039 65968 1421
66039 66036 427
66041 66036 4914
66041 66044 962
66041 66052 1109
66041 66055 222
65911 65908 788
65911 65912 562
65911 65913 797
65911 65915 621
65914 65913 483
65983 65982 826
65984 65982 1173
65984 65994 779
65984 65998 323
65995 65994 638
66033 66030 929
66031 66029 3129
65897 65896 298
65897 65898 1020
65897 65899 736
65902 65899 1076
65917 65899 910
65933 65930 2944
65933 65934 1004
65933 65940 1360
65941 65938 1309
65941 65940 951
65941 65942 611
65941 65948 1434
65957 65942 1032
65957 65948 782
65957 65956 1259
65966 65965 771
65966 65971 1946
65966 65973 664
65970 65969 1140
65970 65973 1506
65970 65975 581
57297 57296 443
57297 66037 1426
57297 66040 323
66038 65975 1339
66038 66037 721
66038 66042 1154
66038 78025 1375
57296 57297 443
57296 66039 408
57296 66055 4863
66044 66041 962
66044 66045 1298
66044 66046 810
66052 66041 1109
66052 66053 875
66052 66058 1589
66055 57296 4863
66055 66041 222
66055 66056 820
66055 66057 1767
65908 65906 848
65908 65909 594
65908 65910 1825
65908 65911 788
65912 65911 562
65915 65911 621
65998 65984 323
65896 65893 1099
65896 65897 298
65896 65900 412
65898 65897 1020
65930 57113 16558
65930 65929 238
65930 65933 2944
65934 65933 1004
65934 65936 311
65934 65938 478
65938 65934 478
65938 65939 713
65938 65941 1309
65942 65939 1360
65942 65941 611
65942 65956 748
65942 65957 1032
65956 65942 748
65956 65944 1923
65956 65957 1259
65971 65966 1946
65971 65972 633
65973 65966 664
65973 65970 1506
65973 65974 562
65975 65970 581
65975 65974 1587
65975 65976 1047
65975 66038 1339
66040 57297 323
66040 66056 4783
66040 78025 415
66042 57310 477
66042 65976 1357
66042 66038 1154
66042 66043 1374
78025 66038 1375
78025 66040 415
78025 78029 246
66045 66044 1298
66045 66046 939
66045 66048 802
66046 66044 810
66046 66045 939
66046 66050 1045
66053 66051 500
66053 66052 875
66053 66054 1068
66058 66052 1589
66058 66054 698
66058 66057 1012
66056 66040 4783
66056 66055 820
66056 78026 756
66057 66055 1767
66057 66058 1012
66057 66059 1068
65906 65891 506
65906 65907 538
65906 65908 848
65906 65916 901
65909 65908 594
65910 65908 1825
65893 65894 840
65893 65895 852
65893 65896 1099
65900 65891 520
65900 65896 412
65900 65901 620
57113 57112 848
57113 65930 16558
65929 65928 333
65929 65930 238
65936 65934 311
65936 65935 578
65936 78543 270
65939 65935 810
65939 65938 713
65939 65942 1360
65939 65943 713
65944 65943 778
65944 65945 1158
65944 65946 1906
65944 65956 1923
65972 57289 951
65972 65971 633
65972 65974 1587
65974 65972 1587
65974 65973 562
65974 65975 1587
65974 77991 999
65976 57299 458
65976 65975 1047
65976 66042 1357
65976 77991 1545
57310 57299 1398
57310 57309 898
57310 66042 477
57310 66068 1363
66043 66042 1374
66043 66059 4919
66043 66068 666
66043 78029 722
78029 66043 722
78029 78025 246
78029 78026 4705
66048 66045 802
66048 66047 604
66048 66050 780
66050 66046 1045
66050 66048 780
66050 66051 1023
66051 66049 618
66051 66050 1023
66051 66053 500
66051 66064 685
66054 66053 1068
66054 66058 698
66054 66064 748
78026 66056 756
78026 66059 682
78026 78029 4705
66059 66043 4919
66059 66057 1068
66059 66060 1044
66059 78026 682
65891 65892 596
65891 65900 520
65891 65906 506
65907 65906 538
65916 65906 901
65916 76579 1087
65894 65893 840
65895 65893 852
65901 65900 620
57112 57111 614
57112 57113 848
65928 60971 285
65928 65885 7223
65928 65929 333
65935 65936 578
65935 65937 782
65935 65939 810
78543 65936 270
78543 78544 1091
78543 78545 855
65943 65937 1158
65943 65939 713
65943 65944 778
65945 65937 778
65945 65944 1158
65945 65946 1004
65946 57285 1556
65946 65944 1906
65946 65945 1004
65946 78546 261
57289 57287 1590
57289 57291 688
57289 65972 951
57289 77991 1557
77991 57289 1557
77991 57298 599
77991 65974 999
77991 65976 1545
57299 57298 1520
57299 57307 999
57299 57310 1398
57299 65976 458
57309 57307 1464
57309 57310 898
57309 57312 794
57309 78030 1448
66068 57310 1363
66068 66043 666
66068 78030 881
66047 66048 604
66047 66049 1442
66047 66061 1485
66049 66047 1442
66049 66051 618
66049 66063 833
66049 66066 612
66064 66051 685
66064 66054 748
66064 66066 803
66060 66059 1044
66060 66069 1294
65892 65891 596
76579 65916 1087
57111 57112 614
57111 57114 889
57111 57115 3951
60971 60972 1652
60971 65928 285
60971 76899 728
65885 65884 581
65885 65886 374
65885 65928 7223
65937 65935 782
65937 65943 1158
65937 65945 778
78544 78543 1091
78545 78543 855
78545 78546 2154
78545 78546 2154
57285 57286 2310
57285 65946 1556
78546 65946 261
78546 78545 2154
78546 78545 2154
57287 57288 718
57287 57289 1590
57291 57288 1521
57291 57289 688
57291 57292 818
57291 57298 1608
57298 57291 1608
57298 57299 1520
57298 77991 599
57298 77992 739
57307 57299 999
57307 57308 811
57307 57309 1464
57312 57308 1528
57312 57309 794
57312 57311 554
57312 78031 1527
78030 57309 1448
78030 66068 881
78030 78031 802
66061 66047 1485
66061 66062 581
66061 66063 1175
66063 66049 833
66063 66061 1175
66063 66065 668
66066 66049 612
66066 66064 803
66066 66065 744
66069 66060 1294
66069 78012 2722
57114 57111 889
57115 57111 3951
60972 60971 1652
76899 60971 728
65884 65885 581
65886 65885 374
57286 57285 2310
57288 57287 718
57288 57291 1521
57292 57291 818
77992 57298 739
57308 57307 811
57308 57312 1528
57311 57312 554
78031 57312 1527
78031 78030 802
66062 66061 581
66065 66063 668
66065 66066 744
78012 66069 2722
15
66027
66029
66031
57114
57115
60972
76899
65884
57286
57292
77992
57308
57311
66065
78012
