578
18859 18860 1398
18859 26676 676
18859 26677 520
18860 18859 1398
26676 18859 676
26676 26648 1307
26676 26678 809
26677 18859 520
26677 26720 878
26648 26646 2458
26648 26676 1307
26648 26720 921
26648 26721 672
26678 26676 809
26678 26684 2458
26678 26721 1344
26678 26723 1079
26720 26596 240
26720 26648 921
26720 26677 878
26646 26647 737
26646 26648 2458
26721 26648 672
26721 26655 809
26721 26678 1344
26721 26722 1073
26684 26678 2458
26684 26685 258
26684 26686 872
26723 26678 1079
26723 26686 2613
26723 26722 1205
26723 26726 1140
26596 26595 538
26596 26720 240
26647 26646 737
26647 26654 475
26647 26655 1715
26655 26647 1715
26655 26721 809
26655 26724 1008
26722 26721 1073
26722 26723 1205
26722 26724 889
26685 26684 258
26685 26687 873
26685 26725 720
26686 26684 872
26686 26687 265
26686 26688 1073
26686 26723 2613
26726 26723 1140
26726 26728 1208
26595 26593 1315
26595 26594 757
26595 26596 538
26654 26647 475
26724 26655 1008
26724 26722 889
26687 26680 989
26687 26685 873
26687 26686 265
26725 26657 342
26725 26681 555
26725 26685 720
26688 26686 1073
26688 26691 1762
26688 26727 1008
26728 26726 1208
26728 26729 2474
26728 26735 1715
26728 26740 403
26593 26590 361
26593 26594 1056
26593 26595 1315
26594 26592 651
26594 26593 1056
26594 26595 757
26680 26681 904
26680 26687 989
26657 26725 342
26681 26680 904
26681 26725 555
26691 26688 1762
26691 26690 276
26727 26688 1008
26727 26729 276
26729 26727 276
26729 26728 2474
26729 26730 1008
26735 26728 1715
26735 26733 1438
26735 26738 809
26740 26728 403
26740 26741 672
26740 26742 878
26590 26591 352
26590 26593 361
26592 26591 1084
26592 26594 651
26592 26641 913
26690 26682 750
26690 26691 276
26690 26705 1205
26690 26706 2407
26730 26729 1008
26730 26731 1672
26730 26732 1145
26730 26741 2090
26733 26734 7271
26733 26735 1438
26733 26736 511
26738 26735 809
26738 26737 1993
26738 26739 551
26741 26730 2090
26741 26740 672
26741 26743 1322
26742 26739 1623
26742 26740 878
26742 26744 750
26591 26590 352
26591 26592 1084
26591 26640 794
26641 26592 913
26641 26640 1025
26641 26640 1025
26682 26679 939
26682 26689 2281
26682 26690 750
26705 26690 1205
26705 26704 927
26705 26706 2011
26706 26690 2407
26706 26705 2011
26706 26751 237
26731 26730 1672
26731 26750 537
26731 26754 927
26731 26756 1273
26732 26730 1145
26732 26743 1533
26732 26756 1575
26734 26733 7271
26734 26790 1293
26734 26814 939
26736 26733 511
26736 26737 872
26736 26818 927
26737 26736 872
26737 26738 1993
26737 26910 676
26739 26738 551
26739 26742 1623
26739 26745 737
26739 26910 1951
26743 26732 1533
26743 26741 1322
26743 26746 557
26743 26748 747
26744 26742 750
26744 26745 1762
26744 26746 557
26744 26749 751
26640 26591 794
26640 26641 1025
26640 26641 1025
26679 26670 605
26679 26682 939
26679 26683 2180
26689 26682 2281
26689 26694 474
26689 26704 939
26704 26689 939
26704 26705 927
26704 26707 1028
26704 26709 2145
26751 26706 237
26751 26709 836
26751 26752 1530
26750 26731 537
26754 26731 927
26754 26753 1482
26756 26731 1273
26756 26732 1575
26756 26753 1863
26756 26757 878
26790 26734 1293
26790 26789 809
26790 26815 403
26814 26734 939
26814 26817 1612
26818 26736 927
26818 26819 1354
26818 26908 877
26910 26737 676
26910 26739 1951
26910 26909 927
26910 26911 809
26745 26739 737
26745 26744 1762
26745 26911 1863
26745 26918 672
26746 26743 557
26746 26744 557
26746 26747 1545
26748 26743 747
26748 26772 475
26748 26773 872
26749 26744 751
26749 26918 1576
26749 26921 750
26670 26668 2180
26670 26669 751
26670 26679 605
26683 26668 605
26683 26679 2180
26683 26694 336
26694 26683 336
26694 26689 474
26694 26692 2180
26707 26693 1167
26707 26704 1028
26707 26708 2216
26709 26704 2145
26709 26708 1115
26709 26710 738
26709 26751 836
26752 26710 537
26752 26751 1530
26752 26758 475
26753 26754 1482
26753 26755 279
26753 26756 1863
26757 26756 878
26757 26765 2090
26757 26770 1073
26757 26772 2420
26789 26790 809
26789 26791 818
26815 26790 403
26815 26792 788
26815 26816 2349
26817 26814 1612
26817 26816 884
26817 26824 610
26819 26818 1354
26819 35016 640
26819 35016 640
26908 26818 877
26908 26909 672
26908 26912 1028
26909 26908 672
26909 26910 927
26909 26913 809
26909 26914 836
26911 26745 1863
26911 26910 809
26911 26913 927
26911 26915 605
26918 26745 672
26918 26749 1576
26918 26915 1951
26918 26920 676
26747 26746 1545
26747 26773 836
26747 26921 649
26747 26922 2078
26772 26748 475
26772 26757 2420
26772 26774 1187
26773 26747 836
26773 26748 872
26773 26775 1341
26921 26747 649
26921 26749 750
26921 26920 1810
26921 26923 676
26668 26291 2142
26668 26667 806
26668 26670 2180
26668 26683 605
26669 26665 751
26669 26667 2090
26669 26670 751
26692 26291 1073
26692 26296 1393
26692 26693 1208
26692 26694 2180
26693 26692 1208
26693 26695 1344
26693 26696 1475
26693 26707 1167
26708 26707 2216
26708 26709 1115
26708 26711 975
26710 26709 738
26710 26712 2180
26710 26752 537
26758 26716 1951
26758 26752 475
26758 26759 818
26755 26753 279
26755 26764 818
26755 26765 672
26765 26755 672
26765 26757 2090
26765 26764 418
26765 26767 1209
26770 26757 1073
26770 26767 1993
26770 26771 939
26770 26774 1812
26791 26789 818
26791 26792 1409
26791 26793 1055
26792 26791 1409
26792 26799 612
26792 26815 788
26816 26815 2349
26816 26817 884
26816 26823 1160
26816 26826 806
26824 26817 610
26824 26821 1066
26824 26825 605
35016 26819 640
35016 26819 640
35016 26820 1065
26912 26908 1028
26913 26909 809
26913 26911 927
26913 26916 551
26913 26928 889
26914 26909 836
26915 26911 605
26915 26916 1022
26915 26918 1951
26915 26919 737
26920 26918 676
26920 26919 1863
26920 26921 1810
26920 26925 750
26922 26747 2078
26922 26942 611
26922 26948 788
26774 26770 1812
26774 26772 1187
26774 26776 1085
26775 26773 1341
26775 26776 1438
26775 26948 806
26923 26921 676
26923 26924 738
26923 26925 1576
26291 26278 2350
26291 26293 1394
26291 26668 2142
26291 26692 1073
26667 26666 537
26667 26668 806
26667 26669 2090
26665 26280 2420
26665 26664 806
26665 26669 751
26296 26293 1073
26296 26298 1864
26296 26692 1393
26296 26695 1274
26695 26296 1274
26695 26693 1344
26695 26697 1167
26695 26699 1409
26696 26693 1475
26696 26699 1393
26696 26711 806
26711 26696 806
26711 26702 1307
26711 26708 975
26711 26712 809
26712 26710 2180
26712 26711 809
26712 26716 872
26716 26712 872
26716 26714 1205
26716 26719 676
26716 26758 1951
26759 26719 1393
26759 26758 818
26759 26760 2585
26764 26755 818
26764 26765 418
26764 26766 1322
26767 26765 1209
26767 26766 1167
26767 26770 1993
26767 26777 872
26771 26770 939
26771 26776 1254
26771 26777 2041
26771 26779 1073
26793 26791 1055
26793 26794 612
26793 26795 747
26799 26792 612
26799 26798 373
26799 26800 737
26823 26810 809
26823 26811 1306
26823 26816 1160
26823 26827 877
26826 26816 806
26826 26825 1484
26826 26827 1205
26826 26830 672
26821 26820 927
26821 26822 2321
26821 26824 1066
26825 26824 605
26825 26826 1484
26825 26832 672
26820 26821 927
26820 26822 2079
26820 35016 1065
26916 26913 551
26916 26915 1022
26916 26917 737
26916 26929 1672
26928 26913 889
26919 26915 737
26919 26917 1022
26919 26920 1863
26919 26932 676
26925 26920 750
26925 26923 1576
26925 26926 738
26925 26932 2090
26942 26922 611
26942 26924 809
26942 26927 1715
26942 26943 676
26948 26775 806
26948 26922 788
26948 26949 1812
26948 26951 672
26776 26771 1254
26776 26774 1085
26776 26775 1438
26776 26949 747
26924 26923 738
26924 26926 1576
26924 26942 809
26278 26260 872
26278 26274 975
26278 26285 1344
26278 26291 2350
26293 26291 1394
26293 26292 1140
26293 26295 1900
26293 26296 1073
26666 26280 672
26666 26667 537
26280 26277 738
26280 26665 2420
26280 26666 672
26664 26276 878
26664 26277 2369
26664 26665 806
26298 26295 939
26298 26296 1864
26298 26299 927
26697 26300 1623
26697 26695 1167
26697 26698 474
26699 26695 1409
26699 26696 1393
26699 26701 1066
26699 26702 751
26702 26699 751
26702 26700 1205
26702 26711 1307
26702 26713 1009
26714 26713 806
26714 26716 1205
26714 26717 2967
26714 26718 605
26719 26716 676
26719 26718 1254
26719 26759 1393
26719 26761 738
26760 26759 2585
26760 26763 605
26760 27094 1205
26760 27097 1085
26766 26764 1322
26766 26767 1167
26766 26768 1085
26777 26767 872
26777 26768 1672
26777 26771 2041
26777 26778 1008
26779 26771 1073
26779 26778 1951
26779 26950 697
26779 26955 1008
26794 26793 612
26794 26795 1114
26795 26793 747
26795 26794 1114
26798 26799 373
26800 26799 737
26810 26823 809
26811 26823 1306
26827 26823 877
26827 26826 1205
26830 26826 672
26830 26832 1484
26822 26820 2079
26822 26821 2321
26832 26825 672
26832 26830 1484
26917 26916 737
26917 26919 1022
26929 26916 1672
26932 26919 676
26932 26925 2090
26926 26924 1576
26926 26925 738
26926 26927 806
26927 26926 806
26927 26942 1715
26943 26942 676
26943 26951 1533
26949 26776 747
26949 26948 1812
26949 26950 475
26951 26943 1533
26951 26948 672
26260 26278 872
26274 26277 751
26274 26278 975
26285 26278 1344
26285 26292 1140
26292 26285 1140
26292 26293 1140
26295 26293 1900
26295 26298 939
26277 26274 751
26277 26280 738
26277 26664 2369
26276 26664 878
26299 26298 927
26299 26300 1274
26300 26299 1274
26300 26697 1623
26698 26697 474
26701 26699 1066
26701 26700 738
26700 26701 738
26700 26702 1205
26713 26702 1009
26713 26714 806
26717 26714 2967
26718 26714 605
26718 26719 1254
26761 26719 738
26761 26763 809
26763 26760 605
26763 26761 809
27094 26760 1205
27097 26760 1085
26768 26766 1085
26768 26777 1672
26778 26777 1008
26778 26779 1951
26950 26779 697
26950 26949 475
26955 26779 1008
200
18859
18860
26676
26677
26648
26678
26720
26646
26721
26684
26723
26596
26647
26655
26722
26685
26686
26726
26595
26654
26724
26687
26725
26688
26728
26593
26594
26680
26657
26681
26691
26727
26729
26735
26740
26590
26592
26690
26730
26733
26738
26741
26742
26591
26641
26682
26705
26706
26731
26732
26734
26736
26737
26739
26743
26744
26640
26679
26689
26704
26751
26750
26754
26756
26790
26814
26818
26910
26745
26746
26748
26749
26670
26683
26694
26707
26709
26752
26753
26757
26789
26815
26817
26819
26908
26909
26911
26918
26747
26772
26773
26921
26668
26669
26692
26693
26708
26710
26758
26755
26765
26770
26791
26792
26816
26824
35016
26912
26913
26914
26915
26920
26922
26774
26775
26923
26291
26667
26665
26296
26695
26696
26711
26712
26716
26759
26764
26767
26771
26793
26799
26823
26826
26821
26825
26820
26916
26928
26919
26925
26942
26948
26776
26924
26278
26293
26666
26280
26664
26298
26697
26699
26702
26714
26719
26760
26766
26777
26779
26794
26795
26798
26800
26810
26811
26827
26830
26822
26832
26917
26929
26932
26926
26927
26943
26949
26951
26260
26274
26285
26292
26295
26277
26276
26299
26300
26698
26701
26700
26713
26717
26718
26761
26763
27094
27097
26768
26778
26950
26955
