508
236632 236633 748
236632 250046 147
236633 236632 748
236633 250045 475
236633 250050 115
250046 236632 147
250045 236633 475
250045 250022 1635
250045 250044 238
250050 236633 115
250050 238681 566
250022 241991 418
250022 250045 1635
250044 238157 713
250044 250041 1854
250044 250045 238
250044 250049 1161
238681 238682 448
238681 249364 869
238681 250048 480
238681 250050 566
241991 237040 1052
241991 241992 3283
241991 250022 418
238157 238156 3097
238157 249747 7019
238157 250031 818
238157 250044 713
250041 250039 1008
250041 250042 354
250041 250044 1854
250049 250044 1161
250049 250051 818
250049 250052 475
238682 238681 448
249364 238681 869
249364 249365 1181
249364 250056 1004
249364 250057 836
249364 250690 496
250048 238681 480
250048 250047 132
237040 236961 1107
237040 237878 3286
237040 241991 1052
241992 241991 3283
241992 250013 1357
238156 238157 3097
238156 249987 1803
249747 238157 7019
249747 249743 3922
249747 250008 275
249747 250012 354
250031 238157 818
250031 250019 1593
250031 250030 713
250031 250032 747
250039 250037 1207
250039 250040 1113
250039 250041 1008
250042 250040 1503
250042 250041 354
250042 250052 1181
250051 250049 818
250052 249360 672
250052 250042 1181
250052 250043 2513
250052 250049 475
250052 250053 974
249365 249364 1181
249365 250057 872
249365 250691 275
249365 250695 475
250056 249364 1004
250056 250055 201
250056 250057 676
250057 249364 836
250057 249365 872
250057 250056 676
250057 250061 2241
250690 249364 496
250690 250689 116
250047 250048 132
236961 236960 1772
236961 237040 1107
236961 237444 3382
237878 237040 3286
237878 237444 1271
237878 239628 2181
250013 241992 1357
250013 250012 672
249987 238156 1803
249987 249986 826
249987 249988 336
249743 249729 3898
249743 249739 420
249743 249746 434
249743 249747 3922
250008 249742 1576
250008 249747 275
250008 250007 275
250008 250011 1055
250012 249747 354
250012 250009 688
250012 250013 672
250012 250014 354
250019 250017 1124
250019 250020 1357
250019 250031 1593
250030 250004 1695
250030 250005 1780
250030 250025 750
250030 250031 713
250030 264149 353
250032 250025 1160
250032 250031 747
250032 250033 610
250037 249988 536
250037 250038 829
250037 250039 1207
250040 250039 1113
250040 250042 1503
250040 250043 788
249360 249361 223
249360 250052 672
249360 250054 667
249360 250055 598
250043 250040 788
250043 250052 2513
250043 250059 1061
250043 250095 847
250053 250052 974
250053 250058 279
250053 250059 1932
250691 249365 275
250691 250692 1349
250691 250695 373
250695 239628 837
250695 249365 475
250695 250691 373
250055 249360 598
250055 250056 201
250055 250058 1219
250061 250057 2241
250061 250060 201
250061 250063 750
250689 250690 116
236960 236961 1772
236960 237877 3118
237444 236961 3382
237444 237877 1551
237444 237878 1271
239628 237878 2181
239628 250695 837
239628 250704 1228
249986 249981 473
249986 249987 826
249986 250067 5370
249986 250071 373
249988 249987 336
249988 250037 536
249988 250071 950
249988 250091 312
249729 249726 1336
249729 249730 1530
249729 249743 3898
249729 250274 1115
249739 249735 764
249739 249738 893
249739 249741 445
249739 249743 420
249746 249743 434
249746 249744 556
249746 249748 1344
249746 249749 598
249742 249741 1780
249742 250008 1576
250007 250001 950
250007 250008 275
250011 250008 1055
250011 250016 562
250009 250010 1565
250009 250012 688
250014 250012 354
250014 250021 2010
250017 250016 2126
250017 250019 1124
250020 250018 467
250020 250019 1357
250004 250002 950
250004 250003 750
250004 250005 628
250004 250030 1695
250005 250000 1780
250005 250004 628
250005 250018 359
250005 250030 1780
250025 250003 1695
250025 250024 826
250025 250030 750
250025 250032 1160
264149 250030 353
250033 250029 275
250033 250032 610
250033 250035 1160
250038 250037 829
250038 250091 736
250038 250094 1539
249361 249360 223
250054 249360 667
250059 250043 1061
250059 250053 1932
250059 250062 750
250059 250096 950
250095 250043 847
250095 250094 418
250095 250096 1101
250058 250053 279
250058 250055 1219
250058 250060 557
250692 250691 1349
250060 250058 557
250060 250061 201
250060 250062 1560
250063 250061 750
250063 250106 1257
250063 250693 139
237877 236960 3118
237877 237444 1551
237877 250688 2281
250704 239628 1228
250704 250705 747
250704 250715 344
249981 249964 1204
249981 249978 872
249981 249985 950
249981 249986 473
250067 249904 2763
250067 249986 5370
250071 249986 373
250071 249988 950
250071 250068 5960
250071 250072 3432
250091 249988 312
250091 250038 736
250091 250093 2334
249726 249727 6240
249726 249729 1336
249730 249729 1530
249730 249731 1114
250274 238248 2368
250274 249729 1115
250274 249745 3691
250274 250275 362
250274 250557 3018
249735 249734 354
249735 249737 1014
249735 249739 764
249735 249740 893
249738 249731 445
249738 249737 707
249738 249739 893
249741 249739 445
249741 249742 1780
249744 249745 672
249744 249746 556
249748 249746 1344
249748 250010 344
249749 249746 598
249749 250286 275
250001 249999 354
250001 250007 950
250016 250011 562
250016 250017 2126
250010 249748 344
250010 250009 1565
250021 250014 2010
250021 250678 354
250018 250005 359
250018 250020 467
250018 264148 789
250002 249995 1395
250002 249997 1234
250002 250004 950
250003 249946 1671
250003 250004 750
250003 250025 1695
250000 249997 681
250000 249999 2458
250000 250005 1780
250000 250015 588
250024 250023 1593
250024 250025 826
250024 250027 750
250024 250029 1576
250029 250024 1576
250029 250028 809
250029 250033 275
250035 250028 418
250035 250033 1160
250035 250036 836
250094 250038 1539
250094 250093 610
250094 250095 418
250062 250059 750
250062 250060 1560
250062 250106 750
250096 250059 950
250096 250095 1101
250096 250099 847
250096 250104 750
250106 250062 750
250106 250063 1257
250106 250105 747
250106 250107 1652
250693 250063 139
250693 250694 2375
250693 250698 611
250688 237877 2281
250688 250679 788
250688 250734 336
250705 250704 747
250705 250706 1695
250705 250710 1151
250715 250704 344
250715 250713 418
250715 250716 708
249964 249962 1208
249964 249980 699
249964 249981 1204
249978 249968 708
249978 249979 1021
249978 249981 872
249985 249981 950
249985 249984 611
249985 250036 1879
249904 249903 3621
249904 250067 2763
250068 249915 254
250068 250071 5960
250072 250071 3432
250072 250092 983
250072 250093 1188
250093 250072 1188
250093 250091 2334
250093 250094 610
250093 250097 869
249727 249726 6240
249727 250201 1466
249727 250267 354
249727 250268 982
249731 249718 1775
249731 249730 1114
249731 249738 445
238248 238247 7539
238248 250274 2368
238248 250289 1700
249745 249744 672
249745 250274 3691
250275 250274 362
250275 250308 664
250557 237974 802
250557 250274 3018
249734 249732 611
249734 249735 354
249734 249736 368
249737 249735 1014
249737 249736 654
249737 249738 707
249740 249735 893
250286 249749 275
250286 250287 848
250286 250288 1234
249999 249996 893
249999 250000 2458
249999 250001 354
249999 261593 766
250678 250021 354
250678 250679 3150
264148 250018 789
249995 249943 750
249995 249993 1780
249995 249997 840
249995 250002 1395
249997 249995 840
249997 249998 2002
249997 250000 681
249997 250002 1234
249946 249941 836
249946 249945 1160
249946 250003 1671
250015 250000 588
250023 249945 1114
250023 250024 1593
250027 249972 847
250027 249974 1061
250027 250024 750
250027 250028 1809
250028 249975 805
250028 250027 1809
250028 250029 809
250028 250035 418
250036 249985 1879
250036 250034 201
250036 250035 836
250099 250096 847
250099 250097 354
250104 250096 750
250104 250100 2677
250104 250105 681
250105 250104 681
250105 250106 747
250105 250108 713
250105 250111 1700
250107 250106 1652
250107 250111 847
250107 250782 1770
250107 250783 847
250694 250693 2375
250698 250693 611
250698 250699 2676
250698 250781 847
250679 250678 3150
250679 250688 788
250734 250688 336
250734 250735 580
250734 250737 418
250734 250739 628
250706 250705 1695
250706 250707 1257
250706 250708 884
250710 250705 1151
250710 250707 1007
250710 250711 676
250713 250697 467
250713 250712 1085
250713 250715 418
250716 250711 1973
250716 250714 1662
250716 250715 708
249962 249964 1208
249980 249964 699
249968 249978 708
249979 249978 1021
249984 249985 611
249903 249904 3621
249915 250068 254
250092 250072 983
250097 250093 869
250097 250099 354
250201 249727 1466
250267 249727 354
250268 249727 982
249718 249731 1775
238247 238248 7539
250289 238248 1700
250308 250275 664
237974 250557 802
249732 249734 611
249736 249734 368
249736 249737 654
250287 250286 848
250288 250286 1234
249996 249999 893
261593 249999 766
249943 249941 1022
249943 249995 750
249993 249995 1780
249998 249997 2002
249941 249943 1022
249941 249946 836
249945 249946 1160
249945 250023 1114
249972 250027 847
249974 249975 2089
249974 250027 1061
249975 249974 2089
249975 250028 805
249975 250034 511
250034 249975 511
250034 250036 201
250100 250104 2677
250108 250105 713
250111 250105 1700
250111 250107 847
250782 250107 1770
250782 250783 1894
250783 250107 847
250783 250781 344
250783 250782 1894
250699 250698 2676
250781 250698 847
250781 250783 344
250735 250734 580
250737 250708 2169
250737 250734 418
250739 250734 628
250707 250706 1257
250707 250710 1007
250708 250706 884
250708 250737 2169
250711 250710 676
250711 250716 1973
250697 250713 467
250712 250713 1085
250712 250714 876
250714 250712 876
250714 250716 1662
45
250716
249962
249980
249968
249984
249903
249915
250092
250097
250201
250267
250268
249718
238247
250289
250308
237974
249732
250287
250288
249996
261593
249943
249993
249941
249945
249972
249974
249975
250034
250100
250108
250111
250782
250783
250781
250735
250737
250739
250707
250708
250711
250697
250712
250714
