436
227025 227026 510
227025 230038 435
227025 230490 3548
227026 227025 510
227026 230514 335
227026 230515 4039
230038 227025 435
230490 227025 3548
230490 230489 1939
230490 230513 1809
230514 227026 335
230514 230481 2688
230514 230516 3002
230514 230517 1596
230515 227026 4039
230515 230504 1357
230489 230485 2470
230489 230490 1939
230513 230490 1809
230513 230575 1406
230513 230577 880
230481 230478 1375
230481 230514 2688
230481 230575 1441
230481 230583 1856
230516 230514 3002
230516 230518 445
230517 230514 1596
230504 230488 4442
230504 230515 1357
230504 230519 2714
230504 230520 549
230485 230484 2361
230485 230486 1667
230485 230489 2470
230575 230481 1441
230575 230513 1406
230577 230513 880
230478 230479 1511
230478 230480 1248
230478 230481 1375
230583 230481 1856
230518 230516 445
230518 230523 1558
230488 230203 1135
230488 230486 3393
230488 230504 4442
230519 230504 2714
230519 230521 2541
230520 230504 549
230520 230522 1297
230484 230180 257
230484 230181 445
230484 230485 2361
230486 230181 2491
230486 230485 1667
230486 230487 2111
230486 230488 3393
230479 230478 1511
230480 230456 2100
230480 230476 1565
230480 230478 1248
230480 230482 275
230523 230518 1558
230523 230522 1000
230203 230204 788
230203 230487 1931
230203 230488 1135
230521 230511 547
230521 230519 2541
230521 235365 668
230522 230520 1297
230522 230523 1000
230522 230524 549
230522 230525 2279
230180 230156 586
230180 230484 257
230181 230178 214
230181 230484 445
230181 230486 2491
230487 230201 2204
230487 230203 1931
230487 230486 2111
230487 230491 1000
230456 230455 3633
230456 230480 2100
230476 229804 1088
230476 230218 1634
230476 230480 1565
230482 230480 275
230482 230483 2188
230204 230203 788
230511 230509 1524
230511 230521 547
235365 230521 668
230524 230522 549
230524 230526 1528
230525 230522 2279
230525 230527 1084
230156 230154 5290
230156 230177 333
230156 230178 748
230156 230179 3115
230156 230180 586
230178 230156 748
230178 230181 214
230201 230182 1708
230201 230487 2204
230491 230206 959
230491 230487 1000
230491 230495 2355
230455 230143 2709
230455 230456 3633
229804 229805 1732
229804 230463 762
229804 230476 1088
230218 230219 1715
230218 230473 1516
230218 230476 1634
230483 230482 2188
230483 230556 353
230509 230501 1089
230509 230510 1248
230509 230511 1524
230526 230524 1528
230527 230525 1084
230527 230528 373
230154 230149 901
230154 230155 4704
230154 230156 5290
230177 230156 333
230177 230175 3459
230179 230156 3115
230179 230182 1054
230179 230196 1053
230182 230179 1054
230182 230183 1686
230182 230201 1708
230206 230200 681
230206 230491 959
230206 230492 541
230495 230491 2355
230143 230142 2503
230143 230455 2709
229805 229804 1732
230463 229804 762
230463 230464 4443
230463 234385 1577
230219 230218 1715
230473 230218 1516
230473 230472 3797
230473 230477 139
230473 230535 3591
230556 230483 353
230556 230555 1094
230501 230497 586
230501 230502 1447
230501 230509 1089
230510 230502 1276
230510 230509 1248
230510 230512 928
230528 230527 373
230528 230675 6008
230149 230092 824
230149 230154 901
230155 230154 4704
230175 230147 562
230175 230176 2551
230175 230177 3459
230196 230179 1053
230183 230182 1686
230183 230184 1004
230200 230199 510
230200 230206 681
230200 230207 294
230492 230206 541
230492 230493 782
230492 230505 2882
230142 230096 672
230142 230135 818
230142 230143 2503
230142 233609 2332
230464 230462 735
230464 230463 4443
234385 230463 1577
230472 230462 901
230472 230473 3797
230472 230474 1441
230472 234379 4685
230477 230473 139
230477 230552 1391
230535 230473 3591
230535 230474 1275
230535 230536 1033
230535 230538 527
230555 230554 983
230555 230556 1094
230555 230558 580
230555 230559 597
230497 230496 672
230497 230500 679
230497 230501 586
230502 230501 1447
230502 230503 893
230502 230510 1276
230512 230510 928
230675 230528 6008
230675 230643 1220
230092 230071 2046
230092 230093 2186
230092 230149 824
230147 230139 344
230147 230175 562
230147 230450 3065
230176 230175 2551
230184 230183 1004
230184 230185 921
230184 230186 796
230184 230189 670
230199 230200 510
230199 230202 911
230199 230205 1282
230207 230200 294
230493 230492 782
230493 230494 672
230493 230506 2717
230505 230492 2882
230096 230097 2266
230096 230134 343
230096 230142 672
230135 230136 2383
230135 230137 487
230135 230138 396
230135 230142 818
233609 230095 3145
233609 230142 2332
230462 230459 1511
230462 230464 735
230462 230472 901
230474 230472 1441
230474 230475 1478
230474 230535 1275
234379 229772 952
234379 230472 4685
230552 230477 1391
230552 230553 417
230536 230534 2385
230536 230535 1033
230536 235400 1324
230538 230535 527
230538 230539 2892
230538 230542 1997
230554 230553 3010
230554 230555 983
230558 230555 580
230558 230560 475
230559 230555 597
230559 230561 1344
230496 230494 893
230496 230497 672
230496 230508 1955
230500 230497 679
230500 230498 353
230503 230502 893
230503 230627 225
230503 230634 1591
230643 230641 259
230643 230642 373
230643 230644 238
230643 230675 1220
230071 230015 1725
230071 230092 2046
230071 230148 1281
230093 230092 2186
230093 235587 1825
230093 235588 225
230093 235589 306
230139 230140 365
230139 230146 2882
230139 230147 344
230450 230147 3065
230450 230451 1124
230450 230452 597
230185 230174 597
230185 230184 921
230185 230186 1083
230186 230184 796
230186 230185 1083
230186 230187 796
230186 230188 762
230189 230184 670
230189 230188 893
230189 230208 344
230202 230199 911
230205 230199 1282
230494 230493 672
230494 230496 893
230494 230507 2819
230506 230493 2717
230097 230096 2266
230097 233615 4617
230134 230096 343
230134 230133 556
230134 230141 2438
230136 230135 2383
230137 230135 487
230137 230140 643
230137 230144 2439
230138 230135 396
230138 230140 1030
230138 230145 411
230095 230094 1328
230095 233609 3145
230459 230457 1014
230459 230461 514
230459 230462 1511
230459 234736 685
230475 230474 1478
229772 229752 7870
229772 234379 952
230553 230552 417
230553 230554 3010
230534 229940 344
230534 230468 2501
230534 230536 2385
235400 230536 1324
230539 230538 2892
230539 230543 1919
230539 230551 381
230542 230538 1997
230542 230543 3112
230542 230544 928
230560 230558 475
230560 230587 3201
230561 230559 1344
230561 230562 2458
230508 230496 1955
230498 230214 706
230498 230499 1675
230498 230500 353
230627 230503 225
230627 230628 1419
230627 230667 349
230634 230503 1591
230641 230640 487
230641 230643 259
230641 234641 344
230642 230643 373
230642 230645 344
230644 230643 238
230644 230676 782
230015 230012 1923
230015 230061 1276
230015 230070 2007
230015 230071 1725
230148 230071 1281
230148 235585 1705
230148 235586 343
235587 230093 1825
235588 230093 225
235589 230093 306
230140 230137 643
230140 230138 1030
230140 230139 365
230146 230139 2882
230451 230450 1124
230452 230450 597
230174 230169 1591
230174 230185 597
230187 230186 796
230187 230190 796
230187 230193 754
230188 230186 762
230188 230189 893
230188 230193 687
230188 230209 762
230208 230189 344
230507 230494 2819
233615 230097 4617
230133 230131 1334
230133 230134 556
230133 230431 1261
230141 230134 2438
230141 230447 1030
230141 230449 1607
230144 230137 2439
230145 230138 411
230094 230020 1098
230094 230095 1328
230457 230458 687
230457 230459 1014
230457 230460 597
230461 230444 330
230461 230459 514
230461 234614 2928
234736 230459 685
234736 234737 665
229752 229772 7870
229940 230534 344
230468 230534 2501
230543 230539 1919
230543 230542 3112
230551 230539 381
230544 230542 928
230587 230560 3201
230562 230561 2458
230214 230498 706
230499 230498 1675
230628 230627 1419
230667 230627 349
230640 230641 487
234641 230641 344
230645 230642 344
230676 230644 782
230012 230015 1923
230061 230015 1276
230070 230015 2007
235585 230148 1705
235586 230148 343
230169 230174 1591
230190 230187 796
230193 230187 754
230193 230188 687
230209 230188 762
230131 230133 1334
230431 230133 1261
230431 230447 928
230447 230141 1030
230447 230431 928
230449 230141 1607
230020 230094 1098
230458 230457 687
230460 230457 597
230444 230461 330
234614 230461 2928
234737 234736 665
30
230517
230526
234736
229752
229940
230468
230543
230544
230587
230562
230214
230499
230628
230640
230645
230676
230012
230061
230070
230169
230190
230193
230209
230131
230431
230447
230449
230020
230444
234737
