526
166308 166309 300
166308 166841 1068
166309 166308 300
166841 166308 1068
166841 166836 1032
166841 166839 672
166836 166837 828
166836 166838 373
166836 166841 1032
166839 166840 238
166839 166841 672
166837 166836 828
166838 166835 818
166838 166836 373
166838 166847 2015
166840 166831 933
166840 166839 238
166840 166848 766
166840 185078 924
166835 166311 230
166835 166838 818
166835 166851 1064
166847 166312 1719
166847 166838 2015
166847 166845 1306
166831 166829 790
166831 166840 933
166831 166844 344
166831 185078 1206
166848 166840 766
166848 166849 709
166848 185061 1032
185078 166831 1206
185078 166840 924
185078 185061 790
166311 166310 880
166311 166835 230
166851 166835 1064
166312 166310 1969
166312 166847 1719
166312 166862 1282
166845 166846 2085
166845 166847 1306
166829 166827 790
166829 166830 236
166829 166831 790
166829 185397 1014
166844 166831 344
166849 166848 709
166849 166850 766
166849 185011 1014
185061 166848 1032
185061 185011 790
185061 185078 790
166310 166311 880
166310 166312 1969
166862 166312 1282
166862 166314 770
166862 166863 1694
166846 166845 2085
166846 166850 871
166827 166828 152
166827 166829 790
166827 185398 893
166830 166829 236
185397 166829 1014
166850 166846 871
166850 166849 766
166850 185010 688
185011 166849 1014
185011 185012 222
185011 185061 790
166314 166313 3648
166314 166862 770
166863 166862 1694
166863 166878 1742
166828 166827 152
185398 166827 893
185010 166850 688
185010 185013 672
185012 185011 222
185012 185013 709
166313 166314 3648
166878 166863 1742
166878 166879 871
166878 166884 697
185013 185010 672
185013 185012 709
185013 185083 1339
166879 166878 871
166884 166878 697
185083 185013 1339
185083 185082 796
185083 185085 1064
185082 185083 796
185085 184950 190
185085 185083 1064
184950 184951 154
184950 185085 190
184951 184950 154
184951 184962 150
184951 185059 924
184951 185073 1339
184962 184951 150
184962 184961 1050
184962 185060 909
185059 184951 924
185059 185058 951
185059 185060 119
185059 185066 1339
185073 184951 1339
185073 185066 924
184961 184959 796
184961 184962 1050
185060 184959 1025
185060 184962 909
185060 185059 119
185058 184958 1064
185058 185053 924
185058 185059 951
185058 185065 1419
185066 185059 1339
185066 185065 924
185066 185070 1306
185066 185073 924
184959 184958 924
184959 184960 630
184959 184961 796
184959 185060 1025
184958 184957 871
184958 184959 924
184958 185054 848
184958 185058 1064
185053 185052 747
185053 185054 1181
185053 185057 1380
185053 185058 924
185065 185057 1055
185065 185058 1419
185065 185066 924
185065 185069 1144
185070 185066 1306
185070 185067 610
185070 185071 581
185070 185143 709
184960 184959 630
184957 184956 984
184957 184958 871
184957 185006 610
185054 184958 848
185054 185006 878
185054 185053 1181
185052 185007 2009
185052 185009 818
185052 185053 747
185052 185055 2561
185057 185053 1380
185057 185056 1104
185057 185065 1055
185069 185056 1188
185069 185065 1144
185069 185067 373
185067 185068 276
185067 185069 373
185067 185070 610
185071 185070 581
185071 185090 511
185143 185070 709
184956 184955 683
184956 184957 984
184956 184980 2170
185006 184957 610
185006 185007 848
185006 185054 878
185007 184978 818
185007 185006 848
185007 185052 2009
185009 184978 2009
185009 185008 848
185009 185050 2483
185009 185052 818
185055 185050 848
185055 185052 2561
185055 185056 713
185055 185064 2033
185056 185055 713
185056 185057 1104
185056 185069 1188
185068 185067 276
185090 185071 511
184955 184901 2035
184955 184954 202
184955 184956 683
184980 184897 2306
184980 184901 630
184980 184956 2170
184980 184978 1027
184978 184979 747
184978 184980 1027
184978 185007 818
184978 185009 2009
185008 184979 2055
185008 184999 747
185008 185009 848
185008 185049 2483
185050 185009 2483
185050 185051 475
185050 185055 848
185064 185055 2033
185064 185128 683
184901 184883 2306
184901 184902 828
184901 184955 2035
184901 184980 630
184954 184953 1530
184954 184955 202
184954 185000 517
184897 184883 630
184897 184898 2408
184897 184980 2306
184897 184981 1027
184979 184978 747
184979 184982 747
184979 185008 2055
184999 184982 2054
184999 184998 688
184999 185008 747
184999 185048 2561
185049 185008 2483
185049 185048 713
185049 185051 373
185051 185049 373
185051 185050 475
185051 185063 1856
185128 185064 683
185128 185129 1124
185128 185133 893
185128 185134 683
184883 184884 2341
184883 184885 1579
184883 184897 630
184883 184901 2306
184902 184901 828
184902 184903 630
184902 185000 1967
184953 184952 231
184953 184954 1530
184953 185004 709
185000 184902 1967
185000 184954 517
185000 185001 404
184898 184897 2408
184898 184899 476
184898 184964 253
184981 184897 1027
184981 184982 818
184981 184988 747
184981 184998 2087
184982 184979 747
184982 184981 818
184982 184999 2054
184998 184981 2087
184998 184997 848
184998 184999 688
184998 185047 2407
185048 184999 2561
185048 185047 747
185048 185049 713
185048 185062 1957
185063 185051 1856
185129 185098 1225
185129 185127 683
185129 185128 1124
185129 185135 683
185133 185128 893
185134 185128 683
185134 185131 782
185134 185135 1124
185134 185153 683
184884 184880 1503
184884 184883 2341
184884 184899 276
184885 184880 2306
184885 184883 1579
184903 184902 630
184903 185002 1901
184952 184953 231
185004 184953 709
185004 185001 1494
185004 185005 790
185001 185000 404
185001 185002 421
185001 185004 1494
184899 184884 276
184899 184898 476
184899 184900 884
184964 184864 1695
184964 184898 253
184964 184963 751
184988 184981 747
184988 184987 713
184988 184997 2131
184997 184986 697
184997 184988 2131
184997 184998 848
184997 185044 2441
185047 184998 2407
185047 185044 713
185047 185046 2087
185047 185048 747
185062 185048 1957
185098 185097 1675
185098 185099 683
185098 185113 758
185098 185129 1225
185127 185099 1225
185127 185129 683
185135 185126 889
185135 185129 683
185135 185134 1124
185135 185138 2191
185131 185130 445
185131 185134 782
185131 185151 1634
185153 185134 683
185153 185152 790
185153 185657 581
184880 184850 828
184880 184881 984
184880 184884 1503
184880 184885 2306
185002 184903 1901
185002 185001 421
185002 185003 276
185005 185003 1560
185005 185004 790
185005 185077 790
184900 184865 713
184900 184881 1733
184900 184899 884
184864 184865 751
184864 184868 2714
184864 184964 1695
184864 184965 84
184963 184964 751
184963 184968 2204
184963 184972 709
184963 184987 848
184987 184963 848
184987 184986 1932
184987 184988 713
184986 184970 818
184986 184987 1932
184986 184997 697
184986 185017 2561
185044 184997 2441
185044 185017 747
185044 185043 2131
185044 185047 713
185046 185043 818
185046 185045 216
185046 185047 2087
185097 185094 630
185097 185096 709
185097 185098 1675
185099 185094 1558
185099 185098 683
185099 185100 247
185099 185127 1225
185113 185098 758
185113 185114 688
185113 185126 222
185126 185113 222
185126 185124 2917
185126 185135 889
185138 185135 2191
185138 185137 709
185130 185131 445
185130 185132 653
185151 185131 1634
185151 185152 818
185151 185157 581
185152 185151 818
185152 185153 790
185152 185158 790
185152 185656 581
185657 185153 581
184850 184851 984
184850 184852 828
184850 184880 828
184881 184879 747
184881 184880 984
184881 184900 1733
185003 184995 517
185003 185002 276
185003 185005 1560
185077 184996 1594
185077 185005 790
185077 185074 790
184865 184864 751
184865 184866 1221
184865 184878 828
184865 184900 713
184868 183452 1221
184868 184864 2714
184868 184867 709
184868 184966 276
184965 184864 84
184968 184963 2204
184968 184967 2204
184968 184973 790
184972 184963 709
184972 184970 1303
184972 184973 2170
184970 184971 884
184970 184972 1303
184970 184986 818
184970 184994 2530
185017 184986 2561
185017 184994 951
185017 185024 2131
185017 185044 747
185043 185024 747
185043 185042 263
185043 185044 2131
185043 185046 818
185045 185046 216
185094 185079 713
185094 185095 533
185094 185097 630
185094 185099 1558
185096 185081 893
185096 185097 709
185096 185101 2128
185096 185107 672
185100 185099 247
185114 185107 556
185114 185113 688
185114 185122 2804
185124 185122 818
185124 185125 3239
185124 185126 2917
185124 185136 818
185137 185136 292
185137 185138 709
185132 185130 653
185132 185142 112
185157 185151 581
185157 185154 1579
185158 185149 709
185158 185152 790
185158 185655 688
185656 185152 581
184851 184850 984
184851 184853 677
184851 184882 435
184851 185651 713
184852 184842 276
184852 184850 828
184879 184876 1323
184879 184878 984
184879 184881 747
184879 185651 751
184995 184996 355
184995 185003 517
184996 184995 355
184996 185077 1594
185074 185075 984
185074 185077 790
184866 184865 1221
184866 184867 1594
184866 184875 790
184878 184865 828
184878 184875 1323
184878 184879 984
183452 183453 610
183452 184868 1221
184867 184866 1594
184867 184868 709
184867 184869 677
184867 184873 747
184966 184868 276
184967 183459 951
184967 184968 2204
184973 184968 790
184973 184972 2170
184971 184970 884
184994 184970 2530
184994 185017 951
185024 185017 2131
185024 185043 747
185042 185043 263
185079 185081 1579
185079 185094 713
185095 185094 533
185081 185079 1579
185081 185096 893
185101 185096 2128
185107 185096 672
185107 185114 556
185122 185114 2804
185122 185124 818
185125 185124 3239
185136 185124 818
185136 185137 292
185142 185132 112
185154 185157 1579
185149 185158 709
185655 185158 688
184853 184851 677
184882 184851 435
185651 184851 713
185651 184879 751
184842 184852 276
184876 184875 984
184876 184879 1323
185075 185074 984
184875 184866 790
184875 184869 1426
184875 184876 984
184875 184878 1323
183453 183452 610
184869 184867 677
184869 184875 1426
184873 184867 747
183459 184967 951
172
166845
166846
166827
166850
166863
166828
185398
185010
166878
185013
166879
166884
185083
185082
185085
184950
184951
184962
185059
185073
184961
185060
185058
185066
184959
184958
185053
185065
185070
184960
184957
185054
185052
185057
185069
185067
185071
185143
184956
185006
185007
185009
185055
185056
185068
185090
184955
184980
184978
185008
185050
185064
184901
184954
184897
184979
184999
185049
185051
185128
184883
184902
184953
185000
184898
184981
184982
184998
185048
185063
185129
185133
185134
184884
184885
184903
184952
185004
185001
184899
184964
184988
184997
185047
185062
185098
185127
185135
185131
185153
184880
185002
185005
184900
184864
184963
184987
184986
185044
185046
185097
185099
185113
185126
185138
185130
185151
185152
185657
184850
184881
185003
185077
184865
184868
184965
184968
184972
184970
185017
185043
185045
185094
185096
185100
185114
185124
185137
185132
185157
185158
185656
184851
184852
184879
184995
184996
185074
184866
184878
183452
184867
184966
184967
184973
184971
184994
185024
185042
185079
185095
185081
185101
185107
185122
185125
185136
185142
185154
185149
185655
184853
184882
185651
184842
184876
185075
184875
183453
184869
184873
183459
