24
198226 198228 2365
198233 198236 674
198236 198233 674
198228 198226 2365
198252 198251 774
198256 198255 1119
198255 198256 1119
198521 198523 902
198542 195634 724
195634 198542 724
198525 198523 881
198523 198521 902
198523 198525 881
198548 198549 593
198273 198274 756
198251 198252 774
198274 198273 756
198549 198548 593
199000 199008 611
199003 198973 774
198973 199003 774
198589 202052 1346
199008 199000 611
202052 198589 1346
36
198219
198226
198233
198236
198228
202002
214289
214835
198252
198264
198256
198255
198518
198521
198532
198542
195591
195634
198525
198523
198539
198541
198548
198204
198273
198206
198547
198274
198549
199000
199004
199003
198973
198589
199008
198588
