524
133113 133114 1504
133113 133115 4775
133114 133113 1504
133114 133116 1809
133114 133120 2182
133115 133113 4775
133115 133117 1467
133115 133120 4112
133116 133114 1809
133120 133114 2182
133120 133115 4112
133117 133115 1467
133117 249258 3405
249258 133117 3405
249258 249257 1397
249258 249260 1032
249258 249261 252
249257 249244 525
249257 249258 1397
249260 249222 2698
249260 249223 598
249260 249254 884
249260 249258 1032
249261 249258 252
249261 249262 928
249244 249242 6647
249244 249257 525
249222 249208 982
249222 249253 711
249222 249260 2698
249223 249221 1744
249223 249259 905
249223 249260 598
249223 260613 1185
249254 249238 1004
249254 249255 889
249254 249260 884
249262 249261 928
249262 249268 86
249262 261436 1228
249242 249127 7965
249242 249240 420
249242 249243 354
249242 249244 6647
249208 249204 2272
249208 249206 1652
249208 249221 1028
249208 249222 982
249253 249222 711
249221 249208 1028
249221 249218 1873
249221 249223 1744
249259 249223 905
260613 249223 1185
249238 249235 3912
249238 249251 1663
249238 249254 1004
249255 249254 889
249255 249256 2679
249268 249262 86
249268 249263 1504
249268 249264 1344
249268 249269 562
249268 249270 764
261436 249262 1228
261436 249271 1079
249127 249128 5995
249127 249242 7965
249240 249239 275
249240 249241 2028
249240 249242 420
249243 249242 354
249204 249202 1282
249204 249208 2272
249204 249213 1375
249206 249203 1008
249206 249208 1652
249206 249219 796
249218 249212 1675
249218 249220 930
249218 249221 1873
249235 249228 1014
249235 249236 1873
249235 249237 511
249235 249238 3912
249251 249217 764
249251 249234 778
249251 249238 1663
249251 249252 1357
249256 249255 2679
249263 249264 598
249263 249268 1504
249264 249148 708
249264 249249 1483
249264 249263 598
249264 249268 1344
249269 249268 562
249269 249271 13
249269 249273 924
249270 249148 1225
249270 249149 975
249270 249268 764
249270 249279 4048
249271 249269 13
249271 261436 1079
249128 249127 5995
249128 249760 1014
249239 249230 397
249239 249236 983
249239 249240 275
249241 249240 2028
249202 249201 418
249202 249204 1282
249202 249213 1336
249213 249202 1336
249213 249204 1375
249213 249211 905
249203 249201 2016
249203 249205 452
249203 249206 1008
249219 249206 796
249212 249195 557
249212 249210 604
249212 249218 1675
249220 249216 1592
249220 249218 930
249228 249227 2514
249228 249232 764
249228 249234 1667
249228 249235 1014
249236 249230 937
249236 249235 1873
249236 249239 983
249237 249235 511
249217 249215 517
249217 249216 1248
249217 249251 764
249234 249228 1667
249234 249233 1014
249234 249251 778
249252 249251 1357
249148 249149 672
249148 249264 708
249148 249267 511
249148 249270 1225
249249 249247 2966
249249 249248 598
249249 249264 1483
249249 249266 847
249273 249269 924
249273 249272 354
249273 249274 905
249149 249148 672
249149 249270 975
249149 249275 1268
249149 249857 1341
249279 249270 4048
249760 249128 1014
249760 249759 905
249230 249229 534
249230 249236 937
249230 249239 397
249201 249200 445
249201 249202 418
249201 249203 2016
249211 249200 1454
249211 249210 238
249211 249213 905
249205 249027 1025
249205 249203 452
249205 249207 582
249195 249193 2171
249195 249212 557
249195 249215 1072
249210 249209 667
249210 249211 238
249210 249212 604
249216 249215 1357
249216 249217 1248
249216 249220 1592
249227 249226 403
249227 249228 2514
249227 249229 551
249232 249194 201
249232 249228 764
249232 249231 1686
249215 249195 1072
249215 249216 1357
249215 249217 517
249215 249233 713
249233 249196 667
249233 249215 713
249233 249234 1014
249267 249148 511
249267 249266 1139
249267 249841 3389
249247 249245 764
249247 249249 2966
249247 249250 788
249248 249245 2933
249248 249249 598
249248 249265 420
249266 249249 847
249266 249250 2840
249266 249267 1139
249272 249273 354
249274 249273 905
249274 249277 354
249274 249278 1370
249275 249149 1268
249275 249276 511
249857 249149 1341
249857 249858 672
249759 249755 344
249759 249760 905
249229 249152 905
249229 249227 551
249229 249230 534
249200 249199 796
249200 249201 445
249200 249211 1454
249027 249026 1222
249027 249197 2458
249027 249205 1025
249207 249205 582
249193 249189 1268
249193 249195 2171
249193 249196 599
249209 249187 562
249209 249199 1729
249209 249210 667
249226 249150 1827
249226 249227 403
249226 249231 877
249194 249192 682
249194 249196 1114
249194 249232 201
249231 249225 354
249231 249226 877
249231 249232 1686
249196 249193 599
249196 249194 1114
249196 249233 667
249841 249250 927
249841 249267 3389
249245 249246 336
249245 249247 764
249245 249248 2933
249250 249247 788
249250 249266 2840
249250 249841 927
249265 249248 420
249277 249274 354
249278 249274 1370
249276 249275 511
249276 249280 3385
249276 249864 750
249858 249857 672
249858 249859 1558
249858 249862 1114
249755 249753 333
249755 249759 344
249152 249150 737
249152 249151 3932
249152 249229 905
249152 249761 340
249199 249198 713
249199 249200 796
249199 249209 1729
249026 249025 806
249026 249027 1222
249026 249197 2549
249197 249012 2747
249197 249026 2549
249197 249027 2458
249189 249188 516
249189 249192 354
249189 249193 1268
249187 249186 927
249187 249188 2371
249187 249198 2010
249187 249209 562
249150 249141 1543
249150 249143 3719
249150 249152 737
249150 249226 1827
249192 249189 354
249192 249191 1398
249192 249194 682
249225 249191 336
249225 249224 2666
249225 249231 354
249246 249245 336
249280 139753 256
249280 249276 3385
249864 248984 3276
249864 249276 750
249864 249862 1248
249864 249865 604
249859 249840 2028
249859 249844 681
249859 249858 1558
249862 249858 1114
249862 249860 708
249862 249863 420
249862 249864 1248
249753 249752 782
249753 249755 333
249151 249146 354
249151 249152 3932
249761 249152 340
249198 249166 796
249198 249187 2010
249198 249199 713
249025 249024 983
249025 249026 806
249012 249010 1072
249012 249022 1097
249012 249197 2747
249188 249187 2371
249188 249189 516
249188 249190 1398
249186 249166 1690
249186 249168 585
249186 249187 927
249141 249140 1257
249141 249150 1543
249141 249224 747
249143 249142 1032
249143 249146 275
249143 249150 3719
249191 249190 869
249191 249192 1398
249191 249225 336
249224 249141 747
249224 249181 372
249224 249225 2666
139753 139752 745
139753 139752 745
139753 249280 256
248984 139752 310
248984 249864 3276
249865 248388 3318
249865 249860 1398
249865 249864 604
249865 249866 750
249840 249773 10270
249840 249842 1223
249840 249859 2028
249844 249842 3042
249844 249852 764
249844 249859 681
249844 249860 2783
249860 249844 2783
249860 249862 708
249860 249865 1398
249860 249867 764
249863 249862 420
249752 249469 344
249752 249753 782
249752 249754 418
249146 249134 2900
249146 249143 275
249146 249151 354
249166 249160 782
249166 249186 1690
249166 249198 796
249024 249023 2237
249024 249023 2237
249024 249025 983
249010 249004 756
249010 249005 1344
249010 249011 982
249010 249012 1072
249022 249012 1097
249022 249019 1066
249022 249023 1205
249190 249177 452
249190 249188 1398
249190 249191 869
249168 249167 299
249168 249186 585
249140 249139 1061
249140 249141 1257
249140 249142 1797
249142 249133 782
249142 249140 1797
249142 249143 1032
249181 249177 1993
249181 249180 1046
249181 249224 372
139752 139753 745
139752 139753 745
139752 139754 999
139752 139754 999
139752 248984 310
248388 139754 208
248388 249865 3318
249866 249214 3011
249866 249865 750
249866 249867 1635
249866 249868 750
249773 249774 8835
249773 249806 1279
249773 249840 10270
249842 249840 1223
249842 249843 950
249842 249844 3042
249842 249849 2085
249852 249843 2966
249852 249844 764
249852 249861 1222
249852 249867 2783
249867 249852 2783
249867 249860 764
249867 249866 1635
249867 249869 604
249469 249468 688
249469 249751 279
249469 249752 344
249754 249752 418
249754 249756 649
249134 249132 869
249134 249145 509
249134 249146 2900
249134 249147 796
249160 249159 713
249160 249165 598
249160 249166 782
249160 249167 1377
249023 249022 1205
249023 249024 2237
249023 249024 2237
249004 249003 1565
249004 249006 1032
249004 249008 1234
249004 249010 756
249005 249003 788
249005 249009 516
249005 249010 1344
249011 249009 924
249011 249010 982
249011 249159 1014
249019 249008 452
249019 249022 1066
249177 249176 1220
249177 249181 1993
249177 249190 452
249167 249160 1377
249167 249163 672
249167 249164 788
249167 249168 299
249139 249138 1055
249139 249140 1061
249139 249178 1724
249133 249131 628
249133 249132 2085
249133 249142 782
249180 249179 246
249180 249181 1046
249180 249182 487
139754 139752 999
139754 139752 999
139754 139755 608
139754 139755 608
139754 248388 208
249214 139755 424
249214 249866 3011
249868 249866 750
249868 249869 1784
249868 249880 275
249868 251229 2823
249774 249773 8835
249774 249787 475
249806 249773 1279
249806 249807 2559
249806 249808 1410
249843 249842 950
249843 249850 2153
249843 249852 2966
249849 249842 2085
249849 249850 764
249861 249852 1222
249869 249867 604
249869 249868 1784
249468 249469 688
249751 249469 279
249756 249754 649
249132 249133 2085
249132 249134 869
249145 249134 509
249147 249134 796
249159 249011 1014
249159 249160 713
249159 249164 1225
249165 249160 598
249003 249004 1565
249003 249005 788
249006 249004 1032
249008 249004 1234
249008 249019 452
249009 249005 516
249009 249011 924
249176 249177 1220
249163 249167 672
249164 249159 1225
249164 249167 788
249138 249139 1055
249178 249139 1724
249178 249179 201
249131 249133 628
249179 249178 201
249179 249180 246
249182 249180 487
139755 139754 608
139755 139754 608
139755 249214 424
249880 249868 275
251229 249868 2823
249787 249774 475
249807 249806 2559
249808 249806 1410
249850 249843 2153
249850 249849 764
200
133113
133114
133115
133116
133120
133117
249258
249257
249260
249261
249244
249222
249223
249254
249262
249242
249208
249253
249221
249259
260613
249238
249255
249268
261436
249127
249240
249243
249204
249206
249218
249235
249251
249256
249263
249264
249269
249270
249271
249128
249239
249241
249202
249213
249203
249219
249212
249220
249228
249236
249237
249217
249234
249252
249148
249249
249273
249149
249279
249760
249230
249201
249211
249205
249195
249210
249216
249227
249232
249215
249233
249267
249247
249248
249266
249272
249274
249275
249857
249759
249229
249200
249027
249207
249193
249209
249226
249194
249231
249196
249841
249245
249250
249265
249277
249278
249276
249858
249755
249152
249199
249026
249197
249189
249187
249150
249192
249225
249246
249280
249864
249859
249862
249753
249151
249761
249198
249025
249012
249188
249186
249141
249143
249191
249224
139753
248984
249865
249840
249844
249860
249863
249752
249146
249166
249024
249010
249022
249190
249168
249140
249142
249181
139752
248388
249866
249773
249842
249852
249867
249469
249754
249134
249160
249023
249004
249005
249011
249019
249177
249167
249139
249133
249180
139754
249214
249868
249774
249806
249843
249849
249861
249869
249468
249751
249756
249132
249145
249147
249159
249165
249003
249006
249008
249009
249176
249163
249164
249138
249178
249131
249179
249182
139755
249880
251229
249787
249807
249808
249850
