264
53816 53818 1055
53816 55031 1438
53816 55054 828
53818 53816 1055
53818 53817 1704
53818 55034 1629
55031 53816 1438
55054 53816 828
55054 55055 752
55054 55056 1258
53817 53818 1704
53817 53819 5720
55034 53818 1629
55034 55035 3064
55055 55054 752
55055 55057 807
55055 55058 1258
55056 55054 1258
53819 53817 5720
53819 54772 1947
53819 55037 1140
55035 55034 3064
55035 55047 511
55035 55050 421
55057 55055 807
55057 55059 828
55057 55065 1300
55058 55055 1258
54772 53819 1947
54772 54773 1672
54772 55036 677
54772 55041 828
54772 55042 848
55037 53819 1140
55037 55047 2449
55047 55035 511
55047 55037 2449
55047 55050 475
55050 55035 421
55050 55047 475
55059 55057 828
55059 55066 1206
55059 55067 905
55065 55057 1300
54773 54772 1672
55036 54769 807
55036 54772 677
55036 55040 951
55041 54772 828
55041 55043 879
55041 55078 1534
55042 54772 848
55042 55039 837
55042 55044 1614
55066 55059 1206
55067 55059 905
55067 55068 612
55067 55070 1084
55067 55074 3259
54769 54771 1594
54769 55036 807
55040 55036 951
55043 55041 879
55043 55079 1494
55043 55080 677
55078 55041 1534
55039 55038 1629
55039 55042 837
55044 55038 697
55044 55042 1614
55044 55081 1484
55068 55053 511
55068 55067 612
55068 55069 3159
55070 55067 1084
55070 55071 3501
55070 55072 976
55074 55067 3259
55074 55071 837
55074 55114 418
55074 55115 1579
54771 54769 1594
55079 55043 1494
55080 55043 677
55080 55082 807
55080 55083 1438
55038 55039 1629
55038 55044 697
55038 55045 238
55081 55044 1484
55081 55082 1023
55053 53843 650
55053 55052 3716
55053 55068 511
55053 55076 3098
55069 55068 3159
55069 55076 418
55069 55112 2150
55069 55114 537
55071 55070 3501
55071 55074 837
55072 55070 976
55114 55069 537
55114 55074 418
55114 55115 1717
55115 55074 1579
55115 55114 1717
55115 55127 739
55082 55080 807
55082 55081 1023
55082 55084 1438
55082 55085 952
55083 55080 1438
55045 55038 238
53843 55053 650
53843 55075 3027
55052 55053 3716
55076 55053 3098
55076 55069 418
55076 55075 697
55076 55111 2081
55112 55069 2150
55112 55111 474
55112 55128 139
55127 55115 739
55127 55128 1075
55127 55130 552
55084 55082 1438
55085 55082 952
55075 53843 3027
55075 55061 810
55075 55076 697
55075 55113 2018
55111 55076 2081
55111 55112 474
55111 55118 139
55128 55112 139
55128 55127 1075
55128 55129 807
55130 55127 552
55130 55129 1116
55130 55137 752
55061 55075 810
55061 55077 2018
55113 55075 2018
55113 55117 337
55113 55118 474
55118 55111 139
55118 55113 474
55118 55119 873
55129 55119 837
55129 55128 807
55129 55130 1116
55129 55131 808
55137 55130 752
55137 55131 1206
55137 55140 738
55077 55061 2018
55077 55117 474
55077 55197 279
55117 55077 474
55117 55113 337
55117 55203 1074
55119 55118 873
55119 55129 837
55119 55203 789
55131 55129 808
55131 55137 1206
55131 55138 1560
55131 55139 807
55140 55137 738
55140 55139 1161
55197 55077 279
55197 55158 837
55197 55198 1141
55203 55117 1074
55203 55119 789
55203 55138 1154
55203 55198 697
55138 55131 1560
55138 55203 1154
55138 55213 738
55139 55131 807
55139 55140 1161
55139 55213 1594
55139 55217 807
55158 55197 837
55158 55199 751
55158 55200 1210
55198 55197 1141
55198 55200 928
55198 55203 697
55198 55204 1948
55213 55138 738
55213 55139 1594
55213 55204 928
55213 55216 605
55217 55139 807
55217 55216 1577
55217 55297 738
55199 55158 751
55199 55201 1343
55200 55158 1210
55200 55198 928
55200 55201 650
55200 55205 1888
55204 55198 1948
55204 55205 697
55204 55213 928
55204 55215 1211
55216 55213 605
55216 55217 1577
55216 55218 810
55297 55217 738
55297 55218 1672
55297 55384 677
55201 55199 1343
55201 55200 650
55201 55202 1880
55205 55200 1888
55205 55202 789
55205 55204 697
55205 55214 1275
55215 55204 1211
55215 55214 789
55215 55219 807
55218 55216 810
55218 55220 552
55218 55297 1672
55384 55297 677
55384 55385 1141
55202 55161 885
55202 55201 1880
55202 55205 789
55202 55221 1949
55214 55205 1275
55214 55215 789
55214 55223 738
55219 55215 807
55219 55220 885
55219 55223 837
55220 55218 552
55220 55219 885
55220 55385 1969
55220 55386 1141
55385 55220 1969
55385 55384 1141
55385 55399 1117
55161 55163 751
55161 55202 885
55221 55202 1949
55221 55223 697
55223 55214 738
55223 55219 837
55223 55221 697
55386 55220 1141
55399 55385 1117
55399 55401 238
55163 55161 751
55163 55209 511
55401 55399 238
55401 55402 1080
55209 55163 511
55402 55401 1080
100
53816
53818
55031
55054
53817
55034
55055
55056
53819
55035
55057
55058
54772
55037
55047
55050
55059
55065
54773
55036
55041
55042
55066
55067
54769
55040
55043
55078
55039
55044
55068
55070
55074
54771
55079
55080
55038
55081
55053
55069
55071
55072
55114
55115
55082
55083
55045
53843
55052
55076
55112
55127
55084
55085
55075
55111
55128
55130
55061
55113
55118
55129
55137
55077
55117
55119
55131
55140
55197
55203
55138
55139
55158
55198
55213
55217
55199
55200
55204
55216
55297
55201
55205
55215
55218
55384
55202
55214
55219
55220
55385
55161
55221
55223
55386
55399
55163
55401
55209
55402
