24
223094 223095 995
223095 223094 995
223126 223123 1542
223126 223200 1435
223146 223136 2423
223200 223126 1435
223136 223146 2423
223123 223126 1542
150843 150845 1989
150845 150843 1989
150845 150860 247
150860 150845 247
150860 150938 843
151082 151083 684
151083 151082 684
151083 151084 572
151084 151083 572
150938 150860 843
149170 149165 1231
149165 149170 1231
149175 151845 1629
151845 149175 1629
149270 149287 471
149287 149270 471
34
218728
218730
218775
218750
218751
218757
218756
221943
221940
223316
223078
223094
223317
223095
223134
223126
223146
223200
223136
223123
223190
150843
150845
151083
151084
150938
149165
149175
151845
151639
149264
149270
149287
149292
