168
57301 57302 713
57302 57301 713
57302 57305 1345
57302 78014 3010
57305 57302 1345
57305 77995 1037
78014 57302 3010
77995 57305 1037
77995 78682 2528
77995 78686 1274
78682 77995 2528
78682 78016 6561
78682 78685 1156
78686 77995 1274
78016 77993 3609
78016 78015 6304
78016 78682 6561
78685 78678 1478
78685 78682 1156
78685 78683 2157
77993 77994 3065
77993 78016 3609
77993 78970 2693
78015 78016 6304
78015 78017 1078
78015 78019 1362
78678 78679 1117
78678 78681 1696
78678 78685 1478
78683 78680 1628
78683 78684 1428
78683 78685 2157
77994 77993 3065
77994 78313 777
77994 78511 1367
78970 77993 2693
78970 78977 2998
78970 78978 700
78017 78015 1078
78017 78018 2319
78019 78015 1362
78679 78678 1117
78681 78678 1696
78681 78680 343
78681 78687 1674
78680 78677 1706
78680 78681 343
78680 78683 1628
78684 78683 1428
78313 77994 777
78313 78304 1787
78313 78314 1188
78511 77994 1367
78511 78510 3299
78511 78515 364
78977 78970 2998
78978 78970 700
78978 78979 2119
78978 78980 1917
78018 78017 2319
78018 78020 1305
78018 78021 660
78687 78677 1939
78687 78681 1674
78687 78688 906
78677 78465 2643
78677 78680 1706
78677 78687 1939
78677 78689 2185
78304 78305 1537
78304 78313 1787
78314 78313 1188
78510 78467 599
78510 78511 3299
78515 78511 364
78515 78514 2712
78515 78522 4129
78979 78978 2119
78980 78978 1917
78020 78018 1305
78021 78018 660
78021 78022 757
78688 78687 906
78465 78036 9
78465 78464 1289
78465 78677 2643
78689 78466 2258
78689 78677 2185
78305 78304 1537
78467 78466 1915
78467 78510 599
78514 78513 355
78514 78515 2712
78522 78062 3456
78522 78515 4129
78522 78521 612
78022 78021 757
78036 78037 1501
78036 78465 9
78464 78296 553
78464 78465 1289
78466 78467 1915
78466 78689 2258
78513 78512 265
78513 78514 355
78062 76821 1613
78062 78061 2151
78062 78522 3456
78521 78063 723
78521 78522 612
78037 78036 1501
78296 78297 1508
78296 78464 553
78296 78512 698
78512 78296 698
78512 78513 265
76821 76822 1307
76821 78062 1613
78061 57318 3915
78061 78062 2151
78063 77137 1528
78063 78516 590
78063 78518 1550
78063 78521 723
78297 78296 1508
78297 78527 602
78297 78531 1074
76822 76821 1307
57318 57317 446
57318 78061 3915
77137 77138 919
77137 78063 1528
78516 78063 590
78516 78517 1052
78518 78063 1550
78518 78523 1472
78518 78524 1182
78527 78297 602
78527 78526 1485
78531 78058 276
78531 78297 1074
78531 78532 281
57317 57318 446
77138 77137 919
78517 78516 1052
78517 78519 1214
78517 78520 692
78523 78518 1472
78524 78518 1182
78524 78525 1474
78526 78525 1083
78526 78527 1485
78526 78530 957
78058 78059 1116
78058 78531 276
78532 78531 281
78532 78533 1070
78519 78517 1214
78520 78517 692
78525 78524 1474
78525 78526 1083
78525 78528 927
78530 78526 957
78059 78058 1116
78533 78532 1070
78528 78525 927
78528 78529 215
78529 78528 215
80
57301
57302
57305
78014
77995
78682
78686
78016
78685
77993
78015
78678
78683
77994
78970
78017
78019
78679
78681
78680
78684
78313
78511
78977
78978
78018
78687
78677
78304
78314
78510
78515
78979
78980
78020
78021
78688
78465
78689
78305
78467
78514
78522
78022
78036
78464
78466
78513
78062
78521
78037
78296
78512
76821
78061
78063
78297
76822
57318
77137
78516
78518
78527
78531
57317
77138
78517
78523
78524
78526
78058
78532
78519
78520
78525
78530
78059
78533
78528
78529
