452
242188 242189 650
242189 242188 650
242189 248293 3068
242189 248295 2063
248293 242189 3068
248293 248297 470
248295 242189 2063
248295 248296 550
248295 248303 4514
248297 248293 470
248297 248303 1674
248296 248295 550
248303 248295 4514
248303 248297 1674
248303 248304 403
248304 248303 403
248304 248305 336
248305 248279 704
248305 248304 336
248305 248306 1027
248305 248309 755
248279 248305 704
248306 248301 2173
248306 248305 1027
248306 248310 1980
248309 248305 755
248309 248311 1175
248301 248298 1494
248301 248302 2350
248301 248306 2173
248310 248306 1980
248310 261289 588
248311 248309 1175
248311 248312 2527
248298 248299 405
248298 248300 3138
248298 248301 1494
248302 248300 1638
248302 248301 2350
261289 248310 588
261289 248333 3071
261289 261806 1049
248312 248311 2527
248312 248379 1610
248299 248298 405
248300 248298 3138
248300 248302 1638
248300 248313 275
248333 248331 1150
248333 248332 418
248333 261289 3071
261806 261289 1049
248379 248312 1610
248379 248380 2419
248313 248300 275
248331 248327 2598
248331 248333 1150
248331 248336 985
248332 248333 418
248332 248334 889
248332 248381 2976
248380 248379 2419
248380 248387 1458
248327 248326 1785
248327 248331 2598
248336 248331 985
248336 248335 336
248334 248332 889
248334 248335 1027
248334 248389 475
248381 248332 2976
248381 248382 1473
248381 264012 1783
248387 248307 3591
248387 248380 1458
248326 248327 1785
248326 248329 273
248335 248334 1027
248335 248336 336
248335 261580 1082
248389 248334 475
248389 248390 418
248389 248394 441
248382 248381 1473
248382 248385 1834
248382 248386 1305
264012 248381 1783
264012 261617 1131
248307 248308 397
248307 248387 3591
248329 248326 273
248329 248328 975
261580 248335 1082
261580 248397 1243
248390 248389 418
248390 248391 649
248390 248393 1503
248394 248385 812
248394 248389 441
248394 263989 889
248385 248382 1834
248385 248394 812
248385 248395 1343
248386 248382 1305
248386 248384 1138
248386 255494 927
261617 255490 128
261617 264012 1131
261617 264013 206
248308 248307 397
248308 255498 1077
248328 248329 975
248328 248330 455
248397 248392 1232
248397 261580 1243
248391 248390 649
248393 248390 1503
248393 248392 587
263989 248394 889
248395 248385 1343
248395 248396 1036
248395 255493 3206
248395 255510 767
248384 248383 188
248384 248386 1138
248384 255495 519
255494 248386 927
255490 255491 762
255490 261617 128
264013 261617 206
255498 248308 1077
255498 255497 562
255498 255499 307
255498 255503 1531
248330 248316 2350
248330 248328 455
248392 248393 587
248392 248396 853
248392 248397 1232
248392 255508 809
248396 248392 853
248396 248395 1036
255493 248395 3206
255493 255491 2886
255493 255496 444
255510 248395 767
255510 255509 299
248383 248384 188
255495 248384 519
255491 255490 762
255491 255492 516
255491 255493 2886
255497 255498 562
255497 261192 243
255499 255498 307
255499 255501 255
255503 255498 1531
255503 255507 825
248316 248315 1761
248316 248330 2350
255508 248392 809
255508 255509 2153
255508 255516 1111
255496 255493 444
255496 255514 1661
255509 255508 2153
255509 255510 299
255509 255511 749
255492 255491 516
255492 261618 92
261192 255429 446
261192 255497 243
255501 255499 255
255501 255500 1475
255507 255503 825
255507 255504 275
248315 248316 1761
248315 248317 1723
248315 248318 1084
255516 255508 1111
255516 255517 672
255516 261758 1174
255514 255496 1661
255514 255513 255
255511 255509 749
255511 255512 593
255511 255513 740
261618 255492 92
255429 261192 446
255500 255501 1475
255500 255502 7734
255500 255528 12663
255504 255505 672
255504 255507 275
248317 248315 1723
248318 248315 1084
248318 248319 1014
248318 248320 1547
255517 255516 672
255517 261190 778
255517 261190 778
261758 253958 198
261758 255516 1174
261758 261759 872
255513 255511 740
255513 255514 255
255513 255515 1832
255512 255511 593
255502 255500 7734
255502 255539 58
255502 255539 58
255502 255540 7991
255502 255541 6698
255528 255500 12663
255528 255527 2241
255505 255504 672
255505 255506 402
248319 248318 1014
248319 248323 805
248320 248318 1547
248320 248321 782
248320 248322 1671
261190 255517 778
261190 255517 778
261190 255526 2086
253958 253959 813
253958 261758 198
261759 261758 872
255515 255513 1832
255539 255502 58
255539 255502 58
255539 255536 1416
255539 255548 2758
255540 255502 7991
255540 255542 1737
255540 255546 1054
255541 255502 6698
255541 255550 2468
255541 255552 1143
255527 255528 2241
255527 255529 445
255506 255505 402
248323 248319 805
248323 248324 2111
248323 248325 2864
248321 248320 782
248322 248320 1671
248322 248337 196
248322 263788 2122
255526 255522 1226
255526 261190 2086
253959 253958 813
255536 255451 3936
255536 255537 2166
255536 255539 1416
255548 255539 2758
255548 255549 2504
255548 255550 5231
255542 255540 1737
255542 255543 935
255542 255544 779
255546 255540 1054
255546 255545 704
255546 261785 1500
255550 255541 2468
255550 255548 5231
255550 255554 192
255552 255541 1143
255552 255553 7655
255552 255555 3137
255529 255527 445
255529 255530 2262
255529 255531 418
248324 248323 2111
248325 248323 2864
248325 263788 996
248337 248322 196
248337 263789 1467
263788 248322 2122
263788 248325 996
255522 255523 2171
255522 255524 373
255522 255526 1226
255451 255452 1080
255451 255536 3936
255537 255479 1931
255537 255536 2166
255537 255538 3922
255549 255548 2504
255549 255551 4576
255549 256205 2415
255543 255542 935
255544 255542 779
255545 255546 704
255545 255557 1524
255545 255564 983
261785 255546 1500
255554 255550 192
255554 255551 2355
255554 255551 2355
255553 255552 7655
255553 255630 2492
255553 255633 584
255555 255552 3137
255530 255529 2262
255531 255529 418
255531 255532 1113
263789 248337 1467
255523 255522 2171
255524 255522 373
255524 255525 1741
255524 261191 1414
255452 255451 1080
255479 255477 3306
255479 255484 2689
255479 255537 1931
255538 255537 3922
255538 255547 2408
255538 256202 2593
255551 255549 4576
255551 255554 2355
255551 255554 2355
256205 255549 2415
256205 256203 2131
256205 256207 3895
255557 255545 1524
255557 255556 269
255557 255560 2109
255564 255545 983
255564 255565 648
255630 255553 2492
255630 255631 1230
255630 261781 608
255633 255553 584
255633 255632 342
255633 261786 2110
255532 255531 1113
255532 255558 927
255532 255561 2352
255525 255524 1741
261191 255524 1414
261191 255705 3546
255477 255476 346
255477 255478 1378
255477 255479 3306
255484 255478 1510
255484 255479 2689
255484 255485 360
255547 255538 2408
256202 255486 2023
256202 255538 2593
256202 256203 1816
256203 256202 1816
256203 256205 2131
256203 256206 653
256207 256205 3895
256207 256209 2156
256207 256220 1428
255556 255557 269
255556 255562 1114
255556 255565 2007
255560 255557 2109
255560 255561 1669
255565 255556 2007
255565 255564 648
255565 255566 3046
255631 255630 1230
261781 255630 608
255632 255633 342
255632 255664 1429
261786 255633 2110
255558 255532 927
255558 255559 1205
255558 255571 2251
255558 255585 1504
255561 255532 2352
255561 255560 1669
255561 255569 1031
255561 255571 473
255705 255700 1719
255705 261191 3546
255476 255474 1823
255476 255477 346
255476 255482 2202
255478 255477 1378
255478 255483 1999
255478 255484 1510
255485 255484 360
255485 255486 2960
255485 256162 3837
255486 255485 2960
255486 256164 1272
255486 256202 2023
256206 256203 653
256206 256208 697
256206 256209 2560
256209 256204 1847
256209 256206 2560
256209 256207 2156
256220 256207 1428
256220 256219 1779
256220 256223 660
255562 255556 1114
255562 255563 1036
255562 255567 481
255566 255563 1098
255566 255565 3046
255566 255576 631
255664 255632 1429
255664 255673 1520
255664 255674 933
255664 256212 7256
255559 255558 1205
255559 255587 536
255559 255588 1953
255571 255558 2251
255571 255561 473
255571 255572 746
255585 255558 1504
255585 255586 2823
255585 255586 2823
255569 255561 1031
255569 255570 1124
255700 255705 1719
255474 255476 1823
255482 255476 2202
255482 255483 2071
255483 255478 1999
255483 255482 2071
256162 255485 3837
256164 255486 1272
256164 256204 3351
256208 256206 697
256204 256164 3351
256204 256209 1847
256219 256220 1779
256223 256220 660
255563 255562 1036
255563 255566 1098
255567 255562 481
255576 255566 631
255673 255664 1520
255674 255664 933
256212 255664 7256
255587 255559 536
255588 255559 1953
255588 255586 1085
255572 255571 746
255586 255585 2823
255586 255585 2823
255586 255588 1085
255570 255569 1124
196
248293
248297
248303
248304
248305
248279
248306
248309
248301
248310
248311
248298
248302
261289
248312
248299
248300
248333
261806
248379
248313
248331
248332
248380
248327
248336
248334
248381
248387
248326
248335
248389
248382
264012
248307
248329
261580
248390
248394
248385
248386
261617
248308
248328
248397
248391
248393
263989
248395
248384
255494
255490
264013
255498
248330
248392
248396
255493
255510
248383
255495
255491
255497
255499
255503
248316
255508
255496
255509
255492
261192
255501
255507
248315
255516
255514
255511
261618
255429
255500
255504
248317
248318
255517
261758
255513
255512
255502
255528
255505
248319
248320
261190
253958
261759
255515
255539
255540
255541
255527
255506
248323
248321
248322
255526
253959
255536
255548
255542
255546
255550
255552
255529
248324
248325
248337
263788
255522
255451
255537
255549
255543
255544
255545
261785
255554
255553
255555
255530
255531
263789
255523
255524
255452
255479
255538
255551
256205
255557
255564
255630
255633
255532
255525
261191
255477
255484
255547
256202
256203
256207
255556
255560
255565
255631
261781
255632
261786
255558
255561
255705
255476
255478
255485
255486
256206
256209
256220
255562
255566
255664
255559
255571
255585
255569
255700
255474
255482
255483
256162
256164
256208
256204
256219
256223
255563
255567
255576
255673
255674
256212
255587
255588
255572
255586
255570
