520
12989 12990 95
12989 15972 249
12989 25117 287
12990 12989 95
15972 12989 249
25117 12989 287
25117 25116 511
25117 25135 703
25116 25117 511
25116 25134 947
25116 25162 511
25135 25114 735
25135 25117 703
25135 25134 748
25134 25112 813
25134 25116 947
25134 25135 748
25162 25116 511
25114 25110 713
25114 25115 751
25114 25135 735
25112 25113 679
25112 25134 813
25112 25160 408
25110 25111 726
25110 25114 713
25110 25132 511
25115 25114 751
25113 25112 679
25160 25112 408
25160 25138 1062
25160 25161 809
25160 25165 279
25111 25110 726
25111 34295 300
25132 25110 511
25132 25129 751
25132 25133 782
25138 25136 3377
25138 25139 765
25138 25160 1062
25161 25160 809
25165 25158 202
25165 25160 279
25165 25166 1008
34295 25111 300
25129 25130 333
25129 25131 279
25129 25132 751
25133 25109 745
25133 25127 336
25133 25132 782
25136 25127 1161
25136 25137 1031
25136 25138 3377
25139 25137 2171
25139 25138 765
25139 25169 1222
25158 25155 788
25158 25159 672
25158 25165 202
25166 25165 1008
25130 25129 333
25131 25129 279
25109 25108 619
25109 25133 745
25127 25128 1179
25127 25133 336
25127 25136 1161
25137 25136 1031
25137 25139 2171
25137 25154 2586
25169 25139 1222
25155 25156 1008
25155 25158 788
25155 25163 1073
25155 25164 1458
25159 25158 672
25108 25109 619
25128 25126 266
25128 25127 1179
25154 25137 2586
25156 25155 1008
25156 25157 1831
25156 34159 697
25163 25155 1073
25164 25155 1458
25164 25167 139
25164 25168 1446
25126 25124 1014
25126 25128 266
25157 25156 1831
25157 25167 951
34159 24932 1248
34159 25156 697
25167 25023 818
25167 25157 951
25167 25164 139
25168 25164 1446
25124 25123 893
25124 25125 504
25124 25126 1014
24932 24930 1013
24932 34159 1248
25023 25028 713
25023 25167 818
25123 25095 1022
25123 25124 893
25125 25124 504
24930 24920 1140
24930 24921 884
24930 24929 747
24930 24932 1013
25028 25023 713
25028 25029 682
25095 25118 1322
25095 25123 1022
24920 24915 2212
24920 24918 697
24920 24930 1140
24921 24930 884
24929 24918 1274
24929 24930 747
24929 25001 747
25029 25028 682
25118 25095 1322
25118 25103 435
25118 25122 950
24915 24916 847
24915 24920 2212
24918 24916 2015
24918 24919 750
24918 24920 697
24918 24929 1274
25001 24919 1475
25001 24929 747
25001 25000 747
25103 25107 688
25103 25118 435
25122 25118 950
24916 24867 1543
24916 24873 747
24916 24915 847
24916 24918 2015
24919 24873 1814
24919 24917 836
24919 24918 750
24919 25001 1475
25000 24917 1612
25000 24999 788
25000 25001 747
25107 25101 1304
25107 25103 688
25107 25120 180
24867 24858 1301
24867 24868 747
24867 24916 1543
24873 24868 1543
24873 24872 697
24873 24916 747
24873 24919 1814
24917 24872 1810
24917 24919 836
24917 24996 747
24917 25000 1612
24999 24996 1543
24999 25000 788
24999 25002 884
25101 25107 1304
25120 25107 180
25120 25119 401
24858 24846 872
24858 24855 1014
24858 24866 893
24858 24867 1301
24868 24866 983
24868 24867 747
24868 24869 788
24868 24873 1543
24872 24869 1482
24872 24871 788
24872 24873 697
24872 24917 1810
24996 24871 1877
24996 24917 747
24996 24952 836
24996 24999 1543
25002 24998 939
25002 24999 884
25002 25003 557
25119 25105 1433
25119 25120 401
25119 25121 1180
24846 24842 939
24846 24847 2590
24846 24858 872
24846 24860 279
24855 24858 1014
24866 24858 893
24866 24862 893
24866 24868 983
24869 24862 599
24869 24868 788
24869 24870 747
24869 24872 1482
24871 24870 1411
24871 24872 788
24871 24946 836
24871 24996 1877
24952 24946 1877
24952 24954 1167
24952 24996 836
24952 24998 737
24998 24952 737
24998 24997 1254
24998 25002 939
25003 25002 557
25003 25005 612
25003 25013 2196
25003 25017 1777
25105 25106 2216
25105 25119 1433
25121 25119 1180
24842 24840 809
24842 24846 939
24842 24849 1344
24847 24846 2590
24860 24843 3360
24860 24846 279
24860 24861 1085
24862 24845 2217
24862 24864 672
24862 24866 893
24862 24869 599
24870 24865 511
24870 24869 747
24870 24871 1411
24946 24871 836
24946 24945 1209
24946 24948 1205
24946 24952 1877
24954 24952 1167
24954 24953 737
24954 24959 1160
24954 24997 809
24997 24954 809
24997 24960 1115
24997 24998 1254
24997 25005 878
25005 24997 878
25005 25003 612
25005 25004 1085
25005 25009 474
25013 25003 2196
25013 25014 203
25013 25015 193
25013 25016 1368
25017 25003 1777
25017 25018 274
25017 25019 1967
25106 25105 2216
24840 24838 806
24840 24841 1393
24840 24842 809
24840 24848 986
24849 24842 1344
24843 24333 3205
24843 24844 751
24843 24845 750
24843 24860 3360
24861 24860 1085
24845 24843 750
24845 24862 2217
24864 24862 672
24864 24865 562
24865 24864 562
24865 24870 511
24865 24945 344
24945 24865 344
24945 24944 1188
24945 24946 1209
24948 24944 939
24948 24946 1205
24948 24953 1008
24953 24948 1008
24953 24951 1066
24953 24954 737
24959 24951 809
24959 24954 1160
24959 24960 672
24960 24959 672
24960 24997 1115
24960 25004 751
25004 24960 751
25004 25005 1085
25009 25005 474
25014 25013 203
25015 25013 193
25016 25013 1368
25018 25017 274
25019 25017 1967
24838 24837 806
24838 24839 1393
24838 24840 806
24841 24840 1393
24841 34800 2582
24848 24840 986
24333 24334 737
24333 24843 3205
24844 24843 751
24944 24945 1188
24944 24948 939
24951 24953 1066
24951 24959 809
24837 24801 1344
24837 24838 806
24839 24232 2369
24839 24838 1393
34800 24330 2941
34800 24841 2582
24334 24333 737
24801 24231 2369
24801 24837 1344
24232 24231 737
24232 24234 1115
24232 24235 474
24232 24839 2369
24330 24233 872
24330 24316 2041
24330 34800 2941
24231 24223 3065
24231 24228 2568
24231 24230 750
24231 24232 737
24231 24233 3152
24231 24801 2369
24234 24232 1115
24235 24232 474
24233 24223 737
24233 24231 3152
24233 24329 1000
24233 24330 872
24316 24312 1585
24316 24315 354
24316 24317 737
24316 24330 2041
24223 24220 672
24223 24231 3065
24223 24233 737
24223 24310 2180
24228 24217 2003
24228 24227 893
24228 24231 2568
24230 24217 672
24230 24220 3155
24230 24231 750
24329 24233 1000
24329 24315 1273
24312 24264 1901
24312 24311 872
24312 24315 1494
24312 24316 1585
24312 24318 1932
24312 24319 737
24315 24312 1494
24315 24313 536
24315 24316 354
24315 24329 1273
24317 24316 737
24317 24319 1585
24317 24331 676
24317 24332 1066
24220 24218 737
24220 24222 2229
24220 24223 672
24220 24230 3155
24310 24222 737
24310 24223 2180
24310 24256 1533
24310 24313 737
24217 24215 806
24217 24218 3205
24217 24228 2003
24217 24230 672
24227 24203 782
24227 24228 893
24264 24262 276
24264 24312 1901
24264 24318 403
24311 24256 676
24311 24261 1948
24311 24312 872
24311 24313 1446
24318 24263 2515
24318 24264 403
24318 24312 1932
24318 24320 336
24319 24312 737
24319 24317 1585
24319 24322 1080
24319 24323 806
24313 24310 737
24313 24311 1446
24313 24314 1205
24313 24315 536
24331 24317 676
24331 24323 1623
24331 24335 1122
24332 24317 1066
24218 24178 737
24218 24217 3205
24218 24220 737
24218 24221 2229
24222 24220 2229
24222 24221 737
24222 24254 1533
24222 24310 737
24256 24254 737
24256 24257 1863
24256 24310 1533
24256 24311 676
24215 24178 3155
24215 24214 672
24215 24217 806
24215 24226 2090
24203 24202 1022
24203 24206 1888
24203 24227 782
24262 24259 1631
24262 24261 474
24262 24264 276
24261 24257 939
24261 24262 474
24261 24311 1948
24263 24259 1124
24263 24290 1000
24263 24318 2515
24320 24291 2614
24320 24318 336
24320 24321 738
24320 24322 821
24322 24319 1080
24322 24320 821
24323 24319 806
24323 24324 1102
24323 24325 672
24323 24331 1623
24314 24313 1205
24335 24331 1122
24178 24177 737
24178 24215 3155
24178 24218 737
24178 24219 2229
24221 24218 2229
24221 24219 737
24221 24222 737
24221 24253 1533
24254 24222 1533
24254 24253 737
24254 24255 1863
24254 24256 737
24257 24255 737
24257 24256 1863
24257 24261 939
24214 24213 473
24214 24215 672
24214 24216 1393
24214 24225 2040
24226 24215 2090
24202 24201 1066
24202 24203 1022
24202 24206 1119
24206 24202 1119
24206 24203 1888
24206 24204 1222
24259 24258 2678
24259 24262 1631
24259 24263 1124
24290 24263 1000
24290 24293 672
24291 24289 1375
24291 24320 2614
24321 24320 738
24321 24324 849
24324 24321 849
24324 24323 1102
24325 24323 672
24177 24174 2142
24177 24176 403
24177 24178 737
24177 24216 1811
24219 24174 809
24219 24178 2229
24219 24221 737
24219 24252 1533
24253 24221 1533
24253 24244 1863
24253 24252 737
24253 24254 737
24255 24244 737
24255 24254 1863
24255 24257 737
24213 24214 473
24216 24177 1811
24216 24214 1393
24225 24214 2040
24201 24202 1066
24204 24206 1222
24258 24259 2678
24293 24289 276
24293 24290 672
24289 24291 1375
24289 24293 276
24174 24177 2142
24174 24219 809
24176 24177 403
24252 24219 1533
24252 24253 737
24244 24253 1863
24244 24255 737
128
25157
25167
25023
25123
25028
25095
24921
25029
25118
24915
25103
25122
24916
25107
24867
24873
25101
25120
24858
24868
24872
25119
24846
24855
24866
24869
24871
25105
25121
24842
24847
24860
24862
24870
24946
25106
24840
24849
24843
24861
24845
24864
24865
24945
24948
24953
25004
25009
24838
24841
24848
24333
24844
24944
24951
24837
24839
34800
24334
24801
24232
24330
24231
24234
24235
24233
24316
24223
24228
24230
24329
24312
24315
24317
24220
24310
24217
24227
24264
24311
24318
24319
24313
24331
24332
24218
24222
24256
24215
24203
24262
24261
24263
24320
24322
24323
24314
24335
24178
24221
24254
24257
24214
24226
24202
24206
24259
24290
24291
24321
24324
24325
24177
24219
24253
24255
24213
24216
24225
24201
24204
24258
24293
24289
24174
24176
24252
24244
