38
97540 101821 1680
101821 97540 1680
101821 101984 1392
101821 101995 1253
101984 97629 446
101984 101821 1392
101995 101821 1253
97629 97630 2779
97629 101984 446
97630 97629 2779
97630 102098 622
102098 97630 622
102098 102101 623
102098 102747 1211
102098 102905 135
102101 102098 623
102101 102099 236
102101 102102 1572
102747 102098 1211
102747 103261 150
102747 103262 111
102905 102098 135
102099 101985 2048
102099 102100 3176
102099 102101 236
102102 102101 1572
103261 102747 150
103262 102747 111
101985 101986 676
101985 102099 2048
102100 102099 3176
102100 102103 3695
102100 102104 2256
101986 101985 676
102103 102100 3695
102103 102907 724
102104 102100 2256
102907 102103 724
20
97540
101821
101984
101995
97629
97630
102098
102101
102747
102905
102099
102102
103261
103262
101985
102100
101986
102103
102104
102907
