28
74348 74349 1259
74348 74408 632
74349 74348 1259
74349 74350 955
74349 74791 1149
74408 74348 632
74350 74349 955
74350 74792 613
74350 74793 1260
74791 74349 1149
74791 74792 885
74791 74794 2431
74792 74350 613
74792 74791 885
74792 74795 1443
74793 74350 1260
74794 74791 2431
74794 74797 827
74794 74798 2223
74795 74792 1443
74795 74797 399
74797 74794 827
74797 74795 399
74797 77898 276
74798 74794 2223
74798 77898 2287
77898 74797 276
77898 74798 2287
12
74348
74349
74408
74350
74791
74792
74793
74794
74795
74797
74798
77898
