520
9016 9017 1017
9016 9018 1317
9016 9020 1552
9017 9016 1017
9017 232271 222
9018 9016 1317
9018 9019 297
9018 9020 1852
9020 9016 1552
9020 9018 1852
232271 9017 222
232271 232260 2335
232271 232272 1596
9019 9018 297
232260 232258 1004
232260 232268 754
232260 232271 2335
232272 232271 1596
232258 232257 2126
232258 232259 1525
232258 232260 1004
232268 232260 754
232268 232269 762
232268 232270 1222
232257 232226 1355
232257 232256 1675
232257 232258 2126
232257 232264 1709
232259 232258 1525
232269 232268 762
232270 232268 1222
232226 232227 1093
232226 232257 1355
232256 232244 1111
232256 232257 1675
232256 232262 1691
232264 232257 1709
232264 232262 1565
232264 232266 515
232227 232226 1093
232244 232243 2118
232244 232256 1111
232244 232261 1525
232262 232256 1691
232262 232261 1124
232262 232264 1565
232266 232264 515
232266 232265 1262
232266 232267 1575
232243 232244 2118
232243 232251 2868
232261 232244 1525
232261 232262 1124
232261 232263 587
232265 232252 1234
232265 232266 1262
232265 232288 419
232267 232266 1575
232251 232243 2868
232251 232252 3470
232263 232261 587
232252 232251 3470
232252 232265 1234
232252 232287 2265
232288 232265 419
232288 232294 4941
232287 232252 2265
232287 232286 1222
232287 232290 1847
232294 232288 4941
232294 232293 782
232294 232295 251
232286 232284 251
232286 232285 948
232286 232287 1222
232290 232278 1556
232290 232287 1847
232290 232293 1276
232293 232290 1276
232293 232291 817
232293 232294 782
232295 232294 251
232295 232316 515
232284 232254 1178
232284 232285 1194
232284 232286 251
232285 232278 948
232285 232284 1194
232285 232286 948
232278 232253 2668
232278 232285 948
232278 232290 1556
232291 232282 1447
232291 232293 817
232291 232315 1194
232316 232295 515
232316 232302 1766
232316 232315 1669
232254 232284 1178
232253 232278 2668
232253 232279 587
232282 232281 1796
232282 232291 1447
232282 232292 1525
232315 232291 1194
232315 232292 1031
232315 232316 1669
232302 232301 4001
232302 232316 1766
232302 232317 1194
232279 232253 587
232279 232277 1786
232279 232281 503
232281 232279 503
232281 232282 1796
232281 232283 722
232292 232282 1525
232292 232300 1906
232292 232315 1031
232301 232298 838
232301 232302 4001
232301 232309 922
232317 232302 1194
232317 232311 1447
232317 232337 6650
232277 232275 778
232277 232279 1786
232277 232280 1740
232283 232281 722
232283 232300 791
232283 235307 920
232300 232283 791
232300 232292 1906
232300 232298 335
232298 232297 2823
232298 232300 335
232298 232301 838
232309 232301 922
232309 232303 419
232309 232310 782
232311 232310 1556
232311 232317 1447
232311 232318 754
232337 232317 6650
232337 232336 418
232337 232338 2024
232275 230749 2909
232275 232274 1381
232275 232277 778
232280 232276 1234
232280 232277 1740
232280 232297 1262
235307 232283 920
232297 232280 1262
232297 232298 2823
232297 232299 1512
232303 232299 2672
232303 232309 419
232303 232312 670
232310 232309 782
232310 232311 1556
232310 232312 1271
232318 232311 754
232318 232313 1253
232318 232314 754
232336 232333 511
232336 232335 2681
232336 232337 418
232338 232337 2024
232338 232343 5632
230749 230747 1267
230749 232275 2909
230749 232276 1915
232274 232275 1381
232276 230749 1915
232276 232280 1234
232276 232296 2516
232299 232296 1336
232299 232297 1512
232299 232303 2672
232312 232303 670
232312 232304 503
232312 232310 1271
232313 232304 1334
232313 232314 1000
232313 232318 1253
232313 232321 1722
232314 232313 1000
232314 232318 754
232314 232335 2182
232333 232330 580
232333 232334 1499
232333 232336 511
232335 232314 2182
232335 232327 445
232335 232336 2681
232343 232338 5632
232343 232366 1006
230747 230742 875
230747 230748 852
230747 230749 1267
232296 232276 2516
232296 232299 1336
232304 232305 4015
232304 232312 503
232304 232313 1334
232304 232321 1089
232321 232304 1089
232321 232308 2561
232321 232313 1722
232321 232323 838
232330 232327 2330
232330 232332 610
232330 232333 580
232334 232332 1425
232334 232333 1499
232334 232339 1257
232327 232326 1778
232327 232330 2330
232327 232335 445
232366 232343 1006
232366 232360 1447
232366 232367 2765
230742 230741 2000
230742 230745 433
230742 230747 875
230748 230747 852
230748 230772 660
230748 235219 565
232305 232304 4015
232305 232306 1004
232305 232308 1559
232308 232305 1559
232308 232307 1012
232308 232321 2561
232323 232321 838
232323 232322 2224
232323 232326 251
232332 232330 610
232332 232331 667
232332 232334 1425
232339 232334 1257
232326 232323 251
232326 232327 1778
232326 232331 2011
232360 232358 1483
232360 232365 2433
232360 232366 1447
232367 232365 1576
232367 232366 2765
232367 232368 490
232367 232369 2095
230741 230416 1927
230741 230736 1248
230741 230742 2000
230745 230742 433
230745 230746 1436
230772 230743 2731
230772 230748 660
230772 230773 1857
235219 230748 565
232306 232305 1004
232306 232307 3056
232306 234716 968
232307 232306 3056
232307 232308 1012
232307 232322 238
232322 232307 238
232322 232323 2224
232322 232324 1542
232331 232326 2011
232331 232329 434
232331 232332 667
232358 232359 344
232358 232360 1483
232358 232364 2607
232365 232360 2433
232365 232364 1565
232365 232367 1576
232368 232367 490
232368 232370 424
232368 232370 424
232369 232367 2095
232369 232382 3794
232369 232383 3103
230416 230415 3269
230416 230735 1334
230416 230741 1927
230736 230735 1679
230736 230739 1234
230736 230741 1248
230746 230745 1436
230743 230744 928
230743 230769 3277
230743 230772 2731
230773 230769 2242
230773 230772 1857
230773 230775 4342
234716 232306 968
232324 232322 1542
232329 232328 1252
232329 232331 434
232329 234501 2022
232359 232358 344
232364 232358 2607
232364 232362 1114
232364 232365 1565
232370 232368 424
232370 232368 424
232370 232371 3045
232382 232369 3794
232382 232381 1336
232382 232383 1686
232383 232369 3103
232383 232382 1686
232383 232386 4164
232383 232387 1173
230415 230411 670
230415 230416 3269
230415 230417 2014
230735 230416 1334
230735 230417 922
230735 230734 1891
230735 230736 1679
230739 230733 893
230739 230736 1234
230739 230740 1978
230744 230743 928
230769 230743 3277
230769 230771 1234
230769 230773 2242
230775 230773 4342
230775 232325 3103
232328 232325 278
232328 232329 1252
234501 232329 2022
232362 232355 3419
232362 232356 2278
232362 232364 1114
232371 232370 3045
232371 232385 3481
232381 232379 1004
232381 232382 1336
232381 232427 1223
232386 232383 4164
232386 232390 1270
232386 232392 2839
232386 232393 1094
232387 232380 4196
232387 232383 1173
232387 232393 4445
232387 232429 1222
230411 230412 889
230411 230414 1336
230411 230415 670
230417 230413 778
230417 230415 2014
230417 230735 922
230734 230721 1011
230734 230733 1345
230734 230735 1891
230733 230731 905
230733 230734 1345
230733 230739 893
230740 230739 1978
230740 230757 713
230740 230767 1479
230771 230769 1234
230771 230770 1607
230771 230774 353
232325 230775 3103
232325 230857 3120
232325 232328 278
232355 232341 1596
232355 232356 1525
232355 232362 3419
232356 232355 1525
232356 232361 1173
232356 232362 2278
232385 232371 3481
232385 232384 2784
232385 232388 774
232379 231814 889
232379 232377 1880
232379 232381 1004
232427 232381 1223
232427 232428 1436
232427 232429 1248
232390 232386 1270
232390 232388 438
232390 232391 2809
232392 232386 2839
232392 232391 1166
232392 232403 4334
232392 232404 1162
232393 232386 1094
232393 232387 4445
232393 232437 511
232393 232438 1097
232380 231814 6799
232380 232387 4196
232380 232440 1257
232380 232441 7787
232429 232387 1222
232429 232427 1248
232429 232428 1006
230412 230408 922
230412 230411 889
230412 230413 2690
230414 230411 1336
230413 230412 2690
230413 230417 778
230413 230721 1000
230721 230413 1000
230721 230720 1004
230721 230734 1011
230731 230722 1340
230731 230732 956
230731 230733 905
230757 230740 713
230757 230758 569
230757 230768 928
230767 230740 1479
230767 230768 1558
230767 230770 867
230770 230764 1591
230770 230767 867
230770 230771 1607
230774 230771 353
230857 230858 4713
230857 232325 3120
230857 232340 2775
232341 231811 1336
232341 232340 2190
232341 232355 1596
232361 232354 1334
232361 232356 1173
232361 232363 1262
232384 232385 2784
232384 232394 782
232384 232399 4217
232384 232401 10
232388 232385 774
232388 232389 2858
232388 232390 438
231814 231813 10268
231814 231844 1114
231814 232379 889
231814 232380 6799
232377 232375 1673
232377 232376 2023
232377 232379 1880
232428 232427 1436
232428 232429 1006
232428 232434 670
232391 232389 459
232391 232390 2809
232391 232392 1166
232403 232392 4334
232403 232405 570
232403 232478 302
232404 232392 1162
232404 232439 698
232404 232476 713
232404 232477 4001
232437 232393 511
232437 232476 1669
232437 232476 1669
232438 232393 1097
232438 232435 939
232438 232439 2379
232440 232380 1257
232441 232380 7787
230408 230412 922
230720 230721 1004
230720 230722 928
230722 230720 928
230722 230731 1340
230732 230731 956
230758 230757 569
230768 230757 928
230768 230764 1112
230768 230767 1558
230764 230768 1112
230764 230770 1591
230858 230857 4713
232340 230857 2775
232340 232341 2190
231811 232341 1336
231811 232354 4203
232354 231811 4203
232354 232361 1334
232363 232361 1262
232394 232384 782
232394 232389 156
232399 232384 4217
232401 232384 10
232389 232388 2858
232389 232391 459
232389 232394 156
231813 231814 10268
231844 231814 1114
232375 232376 1394
232375 232377 1673
232376 232375 1394
232376 232377 2023
232434 232428 670
232405 232403 570
232405 232478 872
232478 232403 302
232478 232405 872
232478 232477 960
232439 232404 698
232439 232438 2379
232476 232404 713
232476 232437 1669
232476 232437 1669
232477 232404 4001
232477 232478 960
232435 232438 939
178
9020
232226
232227
232243
232251
232252
232288
232287
232294
232286
232290
232293
232295
232284
232285
232278
232291
232316
232254
232253
232282
232315
232302
232279
232281
232292
232301
232317
232277
232283
232300
232298
232309
232311
232337
232275
232280
235307
232297
232303
232310
232318
232336
232338
230749
232274
232276
232299
232312
232313
232314
232333
232335
232343
230747
232296
232304
232321
232330
232334
232327
232366
230742
230748
232305
232308
232323
232332
232339
232326
232360
232367
230741
230745
230772
235219
232306
232307
232322
232331
232358
232365
232368
232369
230416
230736
230746
230743
230773
234716
232324
232329
232359
232364
232370
232382
232383
230415
230735
230739
230744
230769
230775
232328
234501
232362
232371
232381
232386
232387
230411
230417
230734
230733
230740
230771
232325
232355
232356
232385
232379
232427
232390
232392
232393
232380
232429
230412
230414
230413
230721
230731
230757
230767
230770
230774
230857
232341
232361
232384
232388
231814
232377
232428
232391
232403
232404
232437
232438
232440
232441
230408
230720
230722
230732
230758
230768
230764
230858
232340
231811
232354
232363
232394
232399
232401
232389
231813
231844
232375
232376
232434
232405
232478
232439
232476
232477
232435
