26
134326 134327 676
134327 134326 676
134385 134388 1115
134388 134385 1115
134474 134485 1762
134485 134474 1762
136885 136886 1111
136885 136887 848
136886 136885 1111
133555 133432 847
133555 133556 818
133556 133555 818
133556 133559 1085
133558 133559 475
133568 133569 1268
133559 133556 1085
133559 133558 475
136917 136920 1225
136920 136917 1225
136887 136885 848
133569 133568 1268
133569 133584 1428
133572 133573 1102
133573 133572 1102
133584 133569 1428
133432 133555 847
39
134326
134327
134334
134342
134385
134388
134383
134389
134490
134470
134472
134474
134485
134550
134627
134631
139580
136885
136886
136889
133555
133556
133558
133565
133568
133559
136917
136919
136920
136923
136887
133572
133573
133584
133587
133432
133433
133579
133592
