30
196666 196669 1611
196669 196666 1611
196897 196901 346
196901 196897 346
207617 197426 451
197426 207617 451
207625 207626 846
207626 207625 846
207626 207653 709
207653 207626 709
207653 207658 774
207658 207653 774
207658 207659 779
207475 207495 664
207495 207475 664
207495 207496 2030
207496 207495 2030
207496 207499 1032
207499 207496 1032
207506 207271 663
207506 207507 346
207507 207506 346
207271 207506 663
207271 207511 1423
207511 207271 1423
207669 207659 867
207659 207658 779
207659 207669 867
196865 196869 973
196869 196865 973
37
56297
196667
196666
196669
196897
196901
196909
204294
204324
204345
204349
204387
204392
204750
204753
207617
197426
207625
207626
207653
207658
207241
207475
207496
207499
207507
207667
207511
207668
207669
207659
196871
196872
196865
196869
196883
196890
