24
36862 36863 354
36863 36862 354
36488 36492 1188
36484 36486 1426
36486 36484 1426
36492 36488 1188
37544 37545 333
36523 36519 847
36554 36552 847
36571 36569 1161
36595 36569 806
36572 36577 475
36577 36572 475
36519 36523 847
36569 36571 1161
36569 36595 806
36533 36547 1375
36547 36533 1375
36552 36554 847
37563 37565 1140
37565 37563 1140
37571 37576 778
37576 37571 778
37545 37544 333
39
36776
36761
36787
36862
36863
36869
36585
36488
36484
36486
36492
37356
37516
37539
37517
37544
36523
36554
36571
36595
36570
36572
36577
36519
36526
36569
36535
36540
36533
36547
36552
36912
36915
37563
37565
37571
37576
37580
37545
