544
175147 175148 546
175147 176959 106
175147 176961 499
175148 175147 546
176959 175147 106
176959 176960 673
176959 177201 1505
176961 175147 499
176961 176962 474
176961 177201 1446
176960 176959 673
176960 176967 581
176960 177224 948
176960 177233 1366
177201 176959 1505
177201 176961 1446
177201 177198 562
176962 176961 474
176962 176963 403
176962 177172 279
176967 176960 581
176967 176966 782
176967 176966 782
177224 176960 948
177224 177216 1612
177224 177229 807
177233 176960 1366
177233 177199 1372
177198 177194 474
177198 177199 849
177198 177201 562
176963 176962 403
176963 176964 2798
176963 177159 476
177172 176962 279
177172 177171 810
177172 177194 1864
176966 176965 782
176966 176967 782
176966 176967 782
177216 176965 599
177216 177214 870
177216 177224 1612
177229 177214 1357
177229 177224 807
177229 177234 336
177199 177198 849
177199 177200 893
177199 177233 1372
177194 177169 751
177194 177172 1864
177194 177198 474
176964 176963 2798
176964 176965 1698
176964 176971 4621
177159 176963 476
177159 177156 1210
177159 177160 952
177171 177155 738
177171 177169 1918
177171 177172 810
176965 176964 1698
176965 176966 782
176965 177161 1344
176965 177216 599
177214 177215 765
177214 177216 870
177214 177229 1357
177234 177229 336
177234 177231 905
177234 177235 274
177200 177196 2126
177200 177199 893
177200 177263 682
177169 177168 276
177169 177171 1918
177169 177194 751
176971 176955 796
176971 176964 4621
176971 176970 562
177156 177155 1085
177156 177158 605
177156 177159 1210
177160 176101 807
177160 177159 952
177160 185339 3002
177155 177156 1085
177155 177157 537
177155 177170 1918
177155 177171 738
177161 176965 1344
177161 177165 667
177161 177167 333
177215 177214 765
177215 177217 1467
177215 177221 796
177231 177230 1483
177231 177234 905
177231 177241 1498
177235 177221 338
177235 177222 679
177235 177234 274
177196 177195 766
177196 177200 2126
177196 177206 673
177263 177200 682
177263 177206 2237
177263 177230 2340
177263 177262 766
177168 177169 276
177168 177170 474
177168 177193 2543
176955 176952 452
176955 176956 1351
176955 176971 796
176970 176968 279
176970 176971 562
176970 177162 677
177158 176098 435
177158 177156 605
177158 177157 1120
176101 176052 1677
176101 177160 807
185339 177160 3002
177157 177155 537
177157 177158 1120
177157 177174 1009
177170 177155 1918
177170 177168 474
177170 177191 238
177165 177161 667
177165 177163 782
177165 177167 333
177167 177161 333
177167 177165 333
177167 177166 682
177217 177213 673
177217 177215 1467
177217 177218 849
177217 177220 1897
177221 177215 796
177221 177222 341
177221 177235 338
177230 177231 1483
177230 177232 435
177230 177248 673
177230 177263 2340
177241 177231 1498
177241 177239 336
177241 177242 1357
177222 177221 341
177222 177223 549
177222 177235 679
177195 177193 517
177195 177196 766
177195 177197 1447
177206 177196 673
177206 177205 1124
177206 177263 2237
177206 177264 766
177262 177248 2237
177262 177263 766
177262 177264 2237
177262 177265 757
177193 177168 2543
177193 177192 517
177193 177195 517
176952 176953 599
176952 176954 1124
176952 176955 452
176956 176955 1351
176956 176957 796
176968 176969 599
176968 176970 279
176968 177163 672
177162 176970 677
176098 176097 517
176098 177158 435
176052 176053 6224
176052 176054 709
176052 176101 1677
177174 177157 1009
177174 177173 873
177174 177175 788
177174 177187 1975
177191 177170 238
177191 177187 1275
177191 177192 2104
177163 176968 672
177163 177164 926
177163 177165 782
177166 176969 1576
177166 177167 682
177166 177213 765
177213 177037 1565
177213 177166 765
177213 177217 673
177218 177059 765
177218 177217 849
177218 177219 1786
177218 177223 1675
177220 177217 1897
177232 177230 435
177248 177230 673
177248 177245 610
177248 177258 766
177248 177262 2237
177239 177240 952
177239 177241 336
177239 177246 1000
177242 177241 1357
177223 177218 1675
177223 177222 549
177223 177237 1009
177197 177195 1447
177205 177206 1124
177205 177207 2611
177205 177212 672
177264 177206 766
177264 177262 2237
177264 177266 849
177264 177274 1085
177265 177258 2347
177265 177261 932
177265 177262 757
177265 177266 2138
177192 177189 849
177192 177191 2104
177192 177193 517
176953 176947 1334
176953 176952 599
176953 176969 2229
176953 177035 849
176954 176950 333
176954 176952 1124
176954 176957 1410
176957 176954 1410
176957 176956 796
176957 176958 599
176969 176953 2229
176969 176968 599
176969 177037 849
176969 177166 1576
176097 176098 517
176097 176099 1730
176097 176103 751
176097 177175 818
176053 176052 6224
176053 176932 747
176054 176017 2219
176054 176052 709
176054 176055 336
177173 176104 581
177173 177174 873
177173 177176 810
177173 177182 1746
177175 176097 818
177175 177174 788
177187 177174 1975
177187 177182 709
177187 177189 1640
177187 177191 1275
177164 177163 926
177037 176969 849
177037 177038 782
177037 177213 1565
177059 177046 2468
177059 177058 765
177059 177218 765
177059 177237 1124
177219 177218 1786
177245 177246 1227
177245 177247 279
177245 177248 610
177258 177248 766
177258 177257 849
177258 177265 2347
177240 177238 2118
177240 177239 952
177240 177249 842
177240 177255 2229
177246 177239 1000
177246 177245 1227
177246 177259 279
177237 177059 1124
177237 177223 1009
177237 177238 939
177207 177189 1146
177207 177205 2611
177207 177209 418
177212 177205 672
177212 177211 2047
177212 177273 672
177266 177264 849
177266 177265 2138
177266 177267 842
177274 177264 1085
177274 177269 2233
177274 177269 2233
177261 177257 2358
177261 177260 682
177261 177265 932
177261 177267 2237
177189 177187 1640
177189 177188 589
177189 177192 849
177189 177207 1146
176947 176935 1467
176947 176948 682
176947 176950 757
176947 176953 1334
177035 176948 1344
177035 176953 849
177035 177036 682
177035 177038 1447
176950 176947 757
176950 176951 1004
176950 176954 333
176958 176957 599
176099 176097 1730
176099 176100 610
176099 176102 677
176103 176083 952
176103 176097 751
176103 176102 1695
176103 176104 1221
176932 176053 747
176932 176933 765
176932 176934 452
176932 176945 344
176017 176016 650
176017 176054 2219
176055 176050 476
176055 176054 336
176055 176056 884
176104 176103 1221
176104 177173 581
177176 176087 336
177176 177173 810
177176 177177 1080
177176 177179 713
177182 177173 1746
177182 177181 984
177182 177187 709
177182 177190 1161
177038 177035 1447
177038 177037 782
177038 177042 682
177046 177044 757
177046 177045 1344
177046 177048 589
177046 177059 2468
177058 177057 778
177058 177059 765
177058 177238 688
177058 177243 849
177247 177245 279
177257 177255 766
177257 177258 849
177257 177261 2358
177238 177058 688
177238 177237 939
177238 177240 2118
177238 177243 1029
177249 177240 842
177249 177250 782
177249 177256 782
177249 177434 932
177255 177240 2229
177255 177253 757
177255 177257 766
177255 177260 2347
177259 177246 279
177209 177207 418
177209 177208 751
177209 177211 697
177211 177209 697
177211 177212 2047
177211 177297 751
177273 177212 672
177273 177272 452
177273 177297 1614
177267 177261 2237
177267 177266 842
177267 177268 766
177269 177270 612
177269 177274 2233
177269 177274 2233
177260 177255 2347
177260 177261 682
177260 177268 2248
177260 177436 766
177188 177189 589
177188 177190 849
177188 177202 418
176935 176936 1447
176935 176937 673
176935 176947 1467
176935 176949 682
176948 176947 682
176948 176949 1467
176948 177032 682
176948 177035 1344
177036 177032 1344
177036 177035 682
177036 177042 1447
177036 177043 673
176951 176937 452
176951 176950 1004
176951 185338 589
176100 176016 1693
176100 176099 610
176102 176092 984
176102 176099 677
176102 176103 1695
176083 176082 884
176083 176086 677
176083 176094 1120
176083 176103 952
176933 176932 765
176934 176932 452
176945 176932 344
176945 176944 667
176945 185334 552
176016 176017 650
176016 176018 1968
176016 176092 747
176016 176100 1693
176050 176044 751
176050 176055 476
176056 176055 884
176056 176057 1248
176056 176062 1008
176087 176082 818
176087 176088 3345
176087 177176 336
177177 177176 1080
177177 177180 796
177179 177176 713
177179 177178 418
177179 177181 789
177181 177179 789
177181 177182 984
177181 177184 537
177190 177182 1161
177190 177186 1016
177190 177188 849
177042 177036 1447
177042 177038 682
177042 177044 789
177044 177042 789
177044 177043 1234
177044 177046 757
177045 177030 1447
177045 177043 765
177045 177046 1344
177045 177047 757
177048 177046 589
177048 177047 1334
177048 177050 789
177057 177055 905
177057 177058 778
177057 177236 1267
177243 177058 849
177243 177238 1029
177243 177244 810
177243 177251 562
177250 177249 782
177250 177252 796
177250 185513 589
177256 177249 782
177256 177254 688
177256 177441 589
177434 177249 932
177434 177433 1955
177434 177435 735
177253 177254 778
177253 177255 757
177208 177202 1956
177208 177209 751
177297 177211 751
177297 177273 1614
177272 177273 452
177268 177260 2248
177268 177267 766
177270 177269 612
177436 177260 766
177202 177188 418
177202 177208 1956
176936 176935 1447
176937 176935 673
176937 176951 452
176949 176935 682
176949 176948 1467
177032 176948 682
177032 177036 1344
177043 177036 673
177043 177044 1234
177043 177045 765
185338 176951 589
176092 176016 747
176092 176094 713
176092 176102 984
176082 176083 884
176082 176087 818
176086 176083 677
176094 176083 1120
176094 176092 713
176944 176945 667
185334 176945 552
176018 176016 1968
176044 176050 751
176057 176056 1248
176057 176062 1281
176062 176056 1008
176062 176057 1281
176088 176087 3345
177180 177177 796
177180 177178 828
177178 177179 418
177178 177180 828
177178 177184 630
177184 177178 630
177184 177181 537
177186 177190 1016
177030 177045 1447
177047 177045 757
177047 177048 1334
177050 177048 789
177055 177057 905
177236 177057 1267
177236 177244 279
177244 177236 279
177244 177243 810
177251 177243 562
177251 177252 778
177252 177250 796
177252 177251 778
185513 177250 589
177254 177253 778
177254 177256 688
177441 177256 589
177433 177434 1955
177435 177434 735
41
176017
176016
176050
177253
177208
177297
177272
177268
177270
177436
177202
176936
176937
176949
177032
177043
176092
176082
176086
176094
176944
176018
176044
176057
176062
176088
177180
177178
177184
177186
177030
177047
177050
177055
177236
177244
177251
177252
177254
177433
177435
