640
139764 139765 1629
139764 143160 1038
139765 139764 1629
139765 139767 726
139765 143164 837
139765 147613 2323
143160 139764 1038
143160 143091 2390
143160 143099 766
143160 143159 710
139767 139765 726
139767 139766 2341
139767 147583 802
139767 147615 2309
143164 139765 837
143164 143162 686
143164 143163 780
143164 147612 2290
147613 139765 2323
147613 147612 791
147613 147615 829
147613 147620 1662
143091 143088 2364
143091 143089 711
143091 143090 767
143091 143160 2390
143099 143089 2370
143099 143100 883
143099 143160 766
143099 143162 2017
143159 139766 363
143159 143090 2319
143159 143160 710
143159 143161 344
139766 139767 2341
139766 143159 363
147583 139767 802
147583 139769 2666
147583 147582 860
147583 147614 2390
147615 139767 2309
147615 147613 829
147615 147614 786
147615 147619 2462
143162 143099 2017
143162 143164 686
143163 143164 780
143163 143165 2319
143163 143166 360
147612 143164 2290
147612 143165 959
147612 147613 791
147620 147613 1662
147620 147621 700
147620 147623 739
143088 142983 1012
143088 142985 775
143088 143087 719
143088 143091 2364
143089 143087 2455
143089 143091 711
143089 143092 884
143089 143099 2370
143090 142985 2455
143090 142988 871
143090 143091 767
143090 143159 2319
143100 143092 2396
143100 143099 883
143100 143101 735
143100 143166 2660
143161 139769 475
143161 143159 344
139769 139768 548
139769 143158 874
139769 143161 475
139769 147583 2666
147582 143158 2655
147582 147583 860
147582 147584 846
147582 147586 2433
147614 147583 2390
147614 147586 827
147614 147615 786
147614 147617 2367
147619 147615 2462
147619 147617 814
147619 147622 2327
147619 147623 757
143165 143163 2319
143165 143170 578
143165 147612 959
143166 143100 2660
143166 143131 469
143166 143163 360
147621 147620 700
147623 147619 757
147623 147620 739
147623 148138 1092
142983 142967 1363
142983 142977 835
142983 142984 901
142983 143088 1012
142985 142977 597
142985 142986 842
142985 143088 775
142985 143090 2455
143087 142984 1258
143087 143083 885
143087 143088 719
143087 143089 2455
143092 143083 2455
143092 143089 884
143092 143093 802
143092 143100 2396
142988 139768 1778
142988 142986 2387
142988 143090 871
142988 143154 665
143101 143093 2310
143101 143100 735
143101 143103 874
143101 143131 2687
139768 139769 548
139768 142988 1778
143158 139769 874
143158 143157 2400
143158 147575 836
143158 147582 2655
147584 147575 2706
147584 147581 763
147584 147582 846
147584 147589 2389
147586 147582 2433
147586 147589 877
147586 147614 827
147586 147616 2352
147617 147614 2367
147617 147616 838
147617 147619 814
147617 147639 2412
147622 147619 2327
147622 147639 863
147622 148140 796
147622 148147 2436
143170 143165 578
143170 143169 828
143170 147618 2435
143170 150759 1423
143131 143101 2687
143131 143130 771
143131 143166 469
143131 143167 457
148138 147618 1529
148138 147623 1092
142967 142966 2399
142967 142971 869
142967 142975 765
142967 142983 1363
142977 142975 1714
142977 142982 915
142977 142983 835
142977 142985 597
142984 142971 943
142984 142983 901
142984 143082 1038
142984 143087 1258
142986 142982 245
142986 142985 842
142986 142987 428
142986 142988 2387
143083 143082 1682
143083 143084 840
143083 143087 885
143083 143092 2455
143093 143084 2362
143093 143092 802
143093 143094 857
143093 143101 2310
143154 142988 665
143154 143152 2187
143154 143156 315
143103 143094 2272
143103 143101 874
143103 143102 767
143103 143130 2675
143157 143155 491
143157 143156 233
143157 143158 2400
147575 143155 2454
147575 143158 836
147575 147574 797
147575 147584 2706
147581 147574 2632
147581 147584 763
147581 147587 422
147581 147588 2407
147589 147584 2389
147589 147586 877
147589 147588 726
147589 147627 2294
147616 147586 2352
147616 147617 838
147616 147627 831
147616 147638 2385
147639 147617 2412
147639 147622 863
147639 147638 743
147639 148146 2447
148140 147622 796
148140 148139 726
148140 148149 2497
148147 147622 2436
148147 148146 878
148147 148149 776
148147 148159 2364
143169 143141 876
143169 143170 828
143169 143171 2403
143169 151745 683
147618 143170 2435
147618 143171 648
147618 148138 1529
150759 143170 1423
143130 143103 2675
143130 143131 771
143130 143133 805
143130 143168 1161
143167 143131 457
142966 142967 2399
142966 142969 828
142966 151266 2355
142966 151295 802
142971 142967 869
142971 142969 2390
142971 142970 874
142971 142984 943
142975 142967 765
142975 142976 819
142975 142977 1714
142975 151295 2323
142982 142976 2130
142982 142977 915
142982 142986 245
142982 142987 443
143082 142970 533
143082 142984 1038
143082 143081 779
143082 143083 1682
142987 142980 466
142987 142982 443
142987 142986 428
142987 143152 524
143084 143080 768
143084 143081 2191
143084 143083 840
143084 143093 2362
143094 143080 2385
143094 143093 857
143094 143095 754
143094 143103 2272
143152 142980 129
143152 142987 524
143152 143153 421
143152 143154 2187
143156 143154 315
143156 143157 233
143102 143095 2261
143102 143103 767
143102 143125 778
143102 143133 2692
143155 143150 1639
143155 143157 491
143155 147572 760
143155 147575 2454
147574 147572 2436
147574 147575 797
147574 147580 324
147574 147581 2632
147587 147579 426
147587 147581 422
147588 147581 2407
147588 147589 726
147588 147625 341
147588 147626 2375
147627 147589 2294
147627 147616 831
147627 147626 801
147627 147637 2415
147638 147616 2385
147638 147637 899
147638 147639 743
147638 148148 2404
148146 147639 2447
148146 148147 878
148146 148148 777
148146 148150 2356
148139 148140 726
148139 148141 2436
148139 148144 2389
148149 148140 2497
148149 148141 746
148149 148147 776
148149 148160 1736
148159 148147 2364
148159 148150 837
148159 148169 2376
148159 148170 771
143141 143133 2230
143141 143169 876
143141 143654 723
143141 143655 2547
143171 143169 2403
143171 143655 768
143171 147618 648
143171 148136 2356
151745 143169 683
143133 143102 2692
143133 143130 805
143133 143132 797
143133 143141 2230
143168 143130 1161
142969 142966 828
142969 142968 852
142969 142971 2390
142969 151267 2415
151266 142966 2355
151266 151264 2462
151266 151267 874
151266 151285 717
151295 142966 802
151295 142975 2323
151295 151285 2399
151295 151289 829
142970 142968 2418
142970 142971 874
142970 142973 740
142970 143082 533
142976 142975 819
142976 142978 905
142976 142982 2130
142976 151289 2364
143081 142973 234
143081 143079 392
143081 143082 779
143081 143084 2191
142980 142978 2516
142980 142987 466
142980 143149 404
142980 143152 129
143080 143078 2327
143080 143084 768
143080 143085 753
143080 143094 2385
143095 143085 2384
143095 143094 754
143095 143096 817
143095 143102 2261
143153 143150 561
143153 143152 421
143125 143096 2270
143125 143102 778
143125 143126 767
143125 143132 2630
143150 139790 625
143150 143147 803
143150 143153 561
143150 143155 1639
147572 143155 760
147572 147410 349
147572 147573 156
147572 147574 2436
147580 147424 428
147580 147574 324
147579 147424 2686
147579 147577 868
147579 147585 2418
147579 147587 426
147625 147585 522
147625 147588 341
147626 147588 2375
147626 147627 801
147626 147629 360
147626 147630 2395
147637 147627 2415
147637 147630 746
147637 147638 899
147637 147640 2447
148148 147638 2404
148148 147640 868
148148 148146 777
148148 148156 2381
148150 148146 2356
148150 148156 779
148150 148159 837
148150 148168 2338
148141 148139 2436
148141 148149 746
148141 148158 2127
148141 148174 2491
148144 148136 137
148144 148139 2389
148160 148149 1736
148169 148159 2376
148169 148168 819
148169 148187 425
148169 148191 295
148170 148158 992
148170 148159 771
143654 143141 723
143654 143143 672
143654 143339 792
143654 143656 530
143655 143141 2547
143655 143171 768
143655 143658 756
143655 148137 2304
148136 143171 2356
148136 148137 775
148136 148144 137
143132 143125 2630
143132 143133 797
143132 143139 765
143132 143143 1643
142968 142969 852
142968 142970 2418
142968 142972 688
142968 151268 2421
151267 142969 2415
151267 151262 2436
151267 151266 874
151267 151268 801
151264 151256 264
151264 151265 843
151264 151266 2462
151285 151265 2344
151285 151266 717
151285 151286 884
151285 151295 2399
151289 142976 2364
151289 151286 2352
151289 151290 898
151289 151295 829
142973 142970 740
142973 142972 2334
142973 143079 298
142973 143081 234
142978 142976 905
142978 142979 279
142978 142980 2516
142978 151290 2298
143079 142973 298
143079 142974 683
143079 143078 478
143079 143081 392
143149 142980 404
143149 143148 264
143078 142974 406
143078 143077 778
143078 143079 478
143078 143080 2327
143085 143077 2456
143085 143080 753
143085 143086 846
143085 143095 2384
143096 143086 2407
143096 143095 817
143096 143097 818
143096 143125 2270
143126 143097 2266
143126 143125 767
143126 143129 829
143126 143139 2655
139790 139789 2049
139790 143145 757
139790 143148 217
139790 143150 625
143147 143145 968
143147 143150 803
143147 147409 933
143147 147410 974
147410 143147 974
147410 147572 349
147573 147411 630
147573 147572 156
147424 147411 2363
147424 147423 991
147424 147579 2686
147424 147580 428
147577 147423 2636
147577 147579 868
147577 147595 867
147577 147602 2475
147585 147579 2418
147585 147602 822
147585 147624 2303
147585 147625 522
147629 147624 443
147629 147626 360
147630 147626 2395
147630 147637 746
147630 147644 313
147630 147645 2373
147640 147637 2447
147640 147645 711
147640 148148 868
147640 148157 2344
148156 148148 2381
148156 148150 779
148156 148157 848
148156 148165 2341
148168 148150 2338
148168 148165 753
148168 148169 819
148168 148186 1183
148158 148141 2127
148158 148170 992
148158 148172 2830
148174 148141 2491
148174 148173 28
148187 148169 425
148187 148188 342
148187 148189 873
148187 151741 1134
148191 148169 295
148191 148186 1271
148191 148188 160
143143 143132 1643
143143 143144 781
143143 143654 672
143339 143144 898
143339 143338 777
143339 143654 792
143339 143657 1096
143656 143654 530
143656 143658 1944
143658 143655 756
143658 143656 1944
143658 143659 2384
143658 143661 819
148137 143655 2304
148137 143659 776
148137 148136 775
148137 148143 2360
143139 143126 2655
143139 143132 765
143139 143140 767
143139 143144 1326
142972 142962 2401
142972 142963 867
142972 142968 688
142972 142973 2334
151268 142962 751
151268 142968 2421
151268 151263 2290
151268 151267 801
151262 151248 2359
151262 151256 821
151262 151263 826
151262 151267 2436
151256 151252 2125
151256 151254 808
151256 151262 821
151256 151264 264
151265 151254 376
151265 151264 843
151265 151285 2344
151286 151285 884
151286 151289 2352
151290 142978 2298
151290 151289 898
142979 142978 279
142974 142963 2088
142974 143078 406
142974 143079 683
143148 139790 217
143148 143149 264
143077 143078 778
143077 143085 2456
143086 143085 846
143086 143096 2407
143097 143096 818
143097 143126 2266
143129 143126 829
143129 143140 2608
139789 139790 2049
143145 139790 757
143145 143147 968
147409 143147 933
147409 147411 939
147411 147409 939
147411 147424 2363
147411 147573 630
147423 147424 991
147423 147577 2636
147595 147577 867
147602 147577 2475
147602 147585 822
147624 147585 2303
147624 147629 443
147644 147630 313
147645 147630 2373
147645 147640 711
148157 147640 2344
148157 148156 848
148165 148156 2341
148165 148168 753
148186 148168 1183
148186 148191 1271
148172 148158 2830
148173 148143 809
148173 148174 28
148188 148187 342
148188 148191 160
148189 148187 873
151741 148187 1134
143144 143139 1326
143144 143143 781
143144 143339 898
143338 143339 777
143657 143339 1096
143659 143658 2384
143659 148137 776
143661 143658 819
148143 148137 2360
148143 148173 809
143140 143129 2608
143140 143139 767
142962 142972 2401
142962 151268 751
142963 142972 867
142963 142974 2088
151263 151262 826
151263 151268 2290
151248 151252 777
151248 151262 2359
151252 151248 777
151252 151256 2125
151254 151256 808
151254 151265 376
37
151265
151286
151290
142979
142974
143077
143086
143097
143129
139789
143145
147409
147411
147423
147595
147602
147624
147644
147645
148157
148165
148186
148172
148173
148189
143144
143338
143659
143661
148143
143140
142962
142963
151263
151248
151252
151254
