634
132844 132845 599
132844 135664 474
132845 132844 599
132845 135670 452
132845 135676 1631
132845 135679 1559
135664 132844 474
135664 135658 1026
135664 135666 1438
135664 135669 279
135670 132845 452
135670 135662 1280
135670 135668 778
135676 132845 1631
135676 135675 1612
135676 135678 433
135676 135680 904
135679 132845 1559
135679 135680 2279
135679 135705 1140
135679 135706 947
135658 135656 806
135658 135663 373
135658 135664 1026
135658 135665 1393
135666 135664 1438
135666 135665 904
135666 135671 1483
135666 135678 517
135669 135662 747
135669 135664 279
135662 135659 649
135662 135661 1223
135662 135669 747
135662 135670 1280
135668 135659 1658
135668 135670 778
135668 135683 782
135675 135671 435
135675 135673 1483
135675 135676 1612
135675 135677 951
135678 135666 517
135678 135676 433
135680 135676 904
135680 135677 1741
135680 135679 2279
135680 135681 676
135705 135679 1140
135705 135701 354
135706 135679 947
135706 135681 2590
135706 135707 1124
135656 134942 708
135656 134943 1901
135656 135655 2410
135656 135658 806
135663 135658 373
135663 135661 889
135665 135657 1344
135665 135658 1393
135665 135666 904
135671 135657 951
135671 135666 1483
135671 135673 1533
135671 135675 435
135659 134944 1223
135659 135662 649
135659 135667 927
135659 135668 1658
135661 134944 649
135661 135662 1223
135661 135663 889
135683 135667 2066
135683 135668 782
135683 135684 796
135683 135701 751
135673 135671 1533
135673 135672 344
135673 135675 1483
135677 135674 1635
135677 135675 951
135677 135680 1741
135677 135727 708
135681 135680 676
135681 135706 2590
135681 135727 1873
135681 135733 827
135701 135683 751
135701 135705 354
135707 135706 1124
135707 135710 924
135707 135711 682
134942 134935 951
134942 134941 1672
134942 135653 2642
134942 135656 708
134943 134939 1205
134943 134941 737
134943 134944 806
134943 135656 1901
135655 135653 737
135655 135654 847
135655 135656 2410
135655 135657 951
135657 134351 2044
135657 135655 951
135657 135665 1344
135657 135671 951
134944 134943 806
134944 135659 1223
134944 135660 927
134944 135661 649
135667 135659 927
135667 135660 1223
135667 135682 747
135667 135683 2066
135684 135682 2255
135684 135683 796
135684 135685 688
135684 135703 765
135672 134351 827
135672 134352 1493
135672 135673 344
135672 135674 1102
135674 134399 1635
135674 135672 1102
135674 135677 1635
135674 135728 751
135727 135677 708
135727 135681 1873
135727 135728 1530
135727 135730 788
135733 135681 827
135733 135730 1979
135710 135704 806
135710 135707 924
135710 135713 475
135711 135707 682
135711 135713 1120
135711 135766 983
134935 134934 1009
134935 134940 1483
134935 134942 951
134935 135649 2689
134941 134936 1167
134941 134940 872
134941 134942 1672
134941 134943 737
135653 134942 2642
135653 135649 877
135653 135652 649
135653 135655 737
134939 134936 872
134939 134943 1205
134939 134966 1466
134939 134971 809
135654 134350 1395
135654 135652 629
135654 135655 847
134351 134349 1560
134351 134350 1026
134351 135657 2044
134351 135672 827
135660 134944 927
135660 134971 418
135660 135667 1223
135682 134972 562
135682 134973 788
135682 135667 747
135682 135684 2255
135685 134972 2205
135685 135684 688
135685 135686 1124
135685 135702 789
135703 135684 765
134352 134349 951
134352 134393 1593
134352 134399 869
134352 135672 1493
134399 134352 869
134399 134395 1505
134399 134407 827
134399 135674 1635
135728 134407 1663
135728 135674 751
135728 135727 1530
135728 135729 708
135730 135727 788
135730 135729 1505
135730 135733 1979
135704 135697 1755
135704 135702 697
135704 135709 475
135704 135710 806
135713 135710 475
135713 135711 1120
135713 135712 747
135766 135711 983
135766 135767 435
134934 134920 788
134934 134923 2410
134934 134933 1393
134934 134935 1009
134940 134924 1254
134940 134935 1483
134940 134941 872
135649 134932 827
135649 134935 2689
135649 135651 511
135649 135653 877
134936 134924 806
134936 134938 1873
134936 134939 872
134936 134941 1167
135652 134344 1322
135652 135651 904
135652 135653 649
135652 135654 629
134966 134938 1033
134966 134939 1466
134966 134967 924
134966 134972 1879
134971 134939 809
134971 134973 557
134971 135660 418
134350 134343 1493
134350 134344 788
134350 134351 1026
134350 135654 1395
134349 134343 904
134349 134348 1593
134349 134351 1560
134349 134352 951
134972 134966 1879
134972 134973 1028
134972 134974 1274
134972 134975 1225
134972 135682 562
134972 135685 2205
134973 134971 557
134973 134972 1028
134973 135682 788
135686 134975 2093
135686 135685 1124
135686 135697 581
135702 135685 789
135702 135704 697
134393 134348 951
134393 134352 1593
134393 134392 818
134393 134395 629
134395 134393 629
134395 134394 847
134395 134399 1505
134407 134397 2243
134407 134399 827
134407 134409 827
134407 135728 1663
135729 135728 708
135729 135730 1505
135729 135731 168
135697 135686 581
135697 135689 841
135697 135695 672
135697 135704 1755
135709 135704 475
135709 135712 588
135709 135718 713
135712 135709 588
135712 135713 747
135712 135719 983
135712 135721 1143
135767 135766 435
134920 132933 737
134920 134921 2441
134920 134929 1533
134920 134934 788
134923 134921 420
134923 134924 788
134923 134925 2459
134923 134934 2410
134933 134929 751
134933 134932 1715
134933 134934 1393
134924 134923 788
134924 134936 806
134924 134937 2271
134924 134940 1254
134932 134930 827
134932 134931 747
134932 134933 1715
134932 135649 827
135651 135648 238
135651 135649 511
135651 135652 904
134938 134936 1873
134938 134937 1386
134938 134951 818
134938 134966 1033
134344 134337 1593
134344 134338 750
134344 134350 788
134344 135652 1322
134967 134951 1062
134967 134966 924
134967 134969 924
134967 134974 1115
134343 134337 827
134343 134346 1593
134343 134349 904
134343 134350 1493
134348 134346 904
134348 134347 847
134348 134349 1593
134348 134393 951
134974 134967 1115
134974 134970 1107
134974 134972 1274
134974 134975 1026
134975 134972 1225
134975 134974 1026
134975 134988 847
134975 135686 2093
134392 134347 877
134392 134390 1257
134392 134393 818
134392 134394 708
134394 134392 708
134394 134395 847
134394 134396 1161
134394 134397 877
134397 134394 877
134397 134398 1505
134397 134405 877
134397 134407 2243
134409 134405 2139
134409 134407 827
134409 135740 405
135731 135729 168
135731 135732 276
135731 135740 1125
135689 135687 708
135689 135694 562
135689 135697 841
135695 135694 848
135695 135697 672
135695 135698 1014
135718 135709 713
135718 135714 1631
135718 135719 475
135719 135712 983
135719 135715 1695
135719 135718 475
135719 135720 1180
135721 135712 1143
135721 135720 1085
132933 132932 4595
132933 134918 1026
132933 134920 737
132933 134926 1483
134921 134920 2441
134921 134922 1955
134921 134923 420
134929 134920 1533
134929 134926 806
134929 134930 1671
134929 134933 751
134925 134903 2132
134925 134922 975
134925 134923 2459
134925 134945 708
134937 134924 2271
134937 134938 1386
134937 134945 238
134930 134258 747
134930 134928 751
134930 134929 1671
134930 134932 827
134931 134258 827
134931 134329 847
134931 134932 747
134931 135648 827
135648 134931 827
135648 135650 884
135648 135651 238
134951 134938 818
134951 134950 1467
134951 134953 924
134951 134967 1062
134337 134336 750
134337 134342 2440
134337 134343 827
134337 134344 1593
134338 134331 373
134338 134344 750
134338 135650 279
134969 134953 1062
134969 134967 924
134969 134970 874
134969 139635 559
134346 134343 1593
134346 134345 818
134346 134348 904
134347 134345 983
134347 134348 847
134347 134387 2406
134347 134392 877
134970 134969 874
134970 134974 1107
134970 134985 926
134970 134987 914
134970 134988 1142
134988 134970 1142
134988 134975 847
134988 134989 782
134988 135687 682
134390 134389 1187
134390 134392 1257
134390 134396 475
134396 134390 475
134396 134394 1161
134396 134398 848
134398 134391 1054
134398 134396 848
134398 134397 1505
134398 134402 904
134405 134397 877
134405 134402 1635
134405 134408 629
134405 134409 2139
135740 134409 405
135740 135731 1125
135732 135731 276
135687 134988 682
135687 135688 778
135687 135689 708
135694 135688 588
135694 135689 562
135694 135695 848
135694 135696 1124
135698 135695 1014
135698 135696 841
135698 135699 1124
135714 135700 1293
135714 135715 605
135714 135718 1631
135715 135714 605
135715 135716 1102
135715 135717 983
135715 135719 1695
135720 135716 1730
135720 135719 1180
135720 135721 1085
135720 135775 229
132932 132933 4595
132932 132946 813
132932 134869 653
134918 132933 1026
134918 134863 1337
134918 134870 1446
134918 134917 1205
134926 132933 1483
134926 134927 672
134926 134928 1576
134926 134929 806
134922 132946 301
134922 134921 1955
134922 134925 975
134903 134902 870
134903 134909 1933
134903 134925 2132
134903 134946 789
134945 134925 708
134945 134937 238
134945 134950 610
134258 134257 1501
134258 134263 884
134258 134930 747
134258 134931 827
134928 134256 827
134928 134926 1576
134928 134930 751
134329 134263 750
134329 134328 713
134329 134931 847
134329 135650 904
135650 134329 904
135650 134338 279
135650 135648 884
134950 134945 610
134950 134947 927
134950 134951 1467
134953 134948 848
134953 134951 924
134953 134968 950
134953 134969 1062
134336 134333 373
134336 134335 373
134336 134337 750
134342 134337 2440
134342 134339 827
134342 134341 2577
134342 134345 750
134331 134328 1026
134331 134335 847
134331 134338 373
139635 134969 559
139635 134978 611
134345 134342 750
134345 134346 818
134345 134347 983
134345 134385 2576
134387 134347 2406
134387 134385 877
134387 134388 747
134387 134389 951
134985 134970 926
134985 134979 361
134987 134970 914
134987 134984 2231
134987 134986 738
134987 134989 966
134989 134987 966
134989 134988 782
134989 134990 2237
134989 135688 765
134389 134380 1458
134389 134387 951
134389 134390 1187
134389 134391 1258
134391 134383 1612
134391 134389 1258
134391 134398 1054
134391 134401 869
134402 134398 904
134402 134401 1161
134402 134405 1635
134402 134406 435
134408 134405 629
134408 134412 1576
134408 134414 1612
135688 134989 765
135688 135687 778
135688 135690 2138
135688 135694 588
135696 135693 1114
135696 135694 1124
135696 135698 841
135699 135693 757
135699 135698 1124
135699 135700 682
135700 135699 682
135700 135714 1293
135700 135717 504
135716 135715 1102
135716 135720 1730
135716 135722 254
135716 135723 950
135717 135700 504
135717 135715 983
135717 135723 1180
135717 135808 333
135775 135720 229
132946 132932 813
132946 134922 301
134869 132932 653
134863 134918 1337
134870 134918 1446
134917 134918 1205
134927 134256 1357
134927 134926 672
134902 134903 870
134909 134903 1933
134946 134903 789
134946 134947 557
134257 134256 788
134257 134258 1501
134263 134258 884
134263 134329 750
134256 134257 788
134256 134927 1357
134256 134928 827
134328 134329 713
134328 134331 1026
134947 134946 557
134947 134948 904
134947 134950 927
134948 134947 904
134948 134953 848
134968 134953 950
134333 134336 373
134335 134331 847
134335 134336 373
134339 134342 827
134341 134342 2577
134978 139635 611
134385 134345 2576
134385 134387 877
134385 134388 1115
134388 134380 1115
134388 134385 1115
134388 134387 747
134979 134985 361
134979 134986 236
134984 134987 2231
134984 134990 848
134986 134979 236
134986 134987 738
134990 134984 848
134990 134989 2237
134990 135690 673
134380 134383 1033
134380 134388 1115
134380 134389 1458
134383 134380 1033
134383 134391 1612
134401 134391 869
134401 134402 1161
134406 134402 435
134412 134408 1576
134414 134408 1612
135690 134990 673
135690 135688 2138
135690 135693 682
135693 135690 682
135693 135696 1114
135693 135699 757
135722 135716 254
135723 135716 950
135723 135717 1180
135723 135808 1098
135808 135717 333
135808 135723 1098
55
135733
135711
135730
135713
135766
135729
135712
135767
135731
135719
135721
135740
135732
135715
135720
135716
135717
135775
132946
134869
134863
134870
134917
134902
134909
134946
134257
134263
134256
134328
134947
134948
134968
134333
134335
134339
134341
134978
134385
134388
134979
134984
134986
134990
134380
134383
134401
134406
134412
134414
135690
135693
135722
135723
135808
