464
225292 225293 1477
225292 228938 1917
225292 234844 718
225293 225292 1477
225293 234845 719
225293 234845 719
228938 225292 1917
228938 228937 1051
228938 234803 1037
234844 225292 718
234845 225293 719
234845 225293 719
228937 227820 1222
228937 228938 1051
234803 228933 2408
234803 228938 1037
227820 227810 4942
227820 227824 1425
227820 228937 1222
228933 234803 2408
227810 227811 1805
227810 227819 1808
227810 227820 4942
227824 227820 1425
227824 227823 2201
227824 227825 712
227811 227810 1805
227811 227812 773
227811 227821 1166
227819 227810 1808
227819 227821 1530
227819 227823 1380
227823 227819 1380
227823 227824 2201
227825 227824 712
227825 227826 672
227812 227809 584
227812 227811 773
227821 227811 1166
227821 227819 1530
227821 227822 3577
227826 227825 672
227826 227827 2176
227826 227828 1778
227809 227794 1084
227809 227804 1759
227809 227812 584
227822 227821 3577
227822 228032 140
227822 228060 2036
227827 227826 2176
227827 228939 616
227827 228940 1398
227828 227826 1778
227828 228076 475
227794 227809 1084
227804 227805 782
227804 227806 1527
227804 227809 1759
228032 227822 140
228060 227822 2036
228060 228061 605
228060 228071 919
228939 227827 616
228939 233651 873
228939 233652 1131
228940 227020 627
228940 227827 1398
228076 227828 475
228076 228078 762
228076 234411 1089
227805 227804 782
227806 227804 1527
227806 227813 1114
227806 228023 4573
228061 228060 605
228061 234578 221
228071 228060 919
228071 228077 1257
228071 232411 1331
228071 234812 446
233651 228939 873
233652 228939 1131
233652 228946 723
233652 233653 758
227020 227021 425
227020 227028 336
227020 228940 627
228078 228076 762
228078 228077 75
228078 234816 1013
228078 234817 673
234411 228063 1354
234411 228076 1089
227813 227806 1114
228023 227806 4573
228023 228024 705
228023 234575 1977
234578 228061 221
234578 228072 1824
228077 228071 1257
228077 228078 75
232411 227230 749
232411 228071 1331
232411 234815 1196
234812 228071 446
228946 228947 1248
228946 229077 1327
228946 233652 723
233653 233652 758
233653 233654 151
233653 233655 79
227021 227020 425
227021 228948 1252
227021 228952 1299
227028 227020 336
234816 228078 1013
234817 228078 673
234817 234818 120
228063 228062 1209
228063 228079 274
228063 234411 1354
228024 228023 705
228024 228025 1467
228024 228034 5968
228024 228074 30
234575 228023 1977
228072 228073 672
228072 234578 1824
227230 227231 459
227230 232411 749
234815 232411 1196
228947 228946 1248
229077 228946 1327
229077 229054 1530
229077 229085 571
233654 233653 151
233655 233653 79
233655 235583 126
233655 235584 1441
228948 227021 1252
228948 228968 2437
228948 229085 1221
228952 227021 1299
228952 228951 1055
228952 228953 1299
234818 234817 120
228062 228063 1209
228062 228070 343
228062 228081 39
228079 228063 274
228079 228082 518
228025 228024 1467
228025 228028 435
228025 228030 2546
228034 227798 944
228034 228024 5968
228034 234324 2086
228074 228024 30
228073 228072 672
227231 227230 459
229054 229053 619
229054 229077 1530
229054 229127 279
229085 228948 1221
229085 229077 571
229085 229123 3203
235583 233655 126
235584 233655 1441
228968 228948 2437
228968 228953 1394
228968 229139 1004
228951 228949 1177
228951 228952 1055
228951 228967 2240
228951 235581 2463
228953 228952 1299
228953 228968 1394
228953 228971 535
228070 228062 343
228070 228075 311
228081 228062 39
228081 228080 333
228082 228068 1705
228082 228079 518
228082 228091 1296
228028 228025 435
228028 228026 373
228030 228025 2546
228030 228029 349
228030 234478 795
227798 227766 514
227798 228034 944
234324 228034 2086
229053 229054 619
229053 229086 444
229127 229054 279
229127 229125 3274
229123 229085 3203
229123 229124 884
229123 229125 1546
229139 228968 1004
229139 229124 1248
229139 234847 1897
228949 225847 980
228949 228950 667
228949 228951 1177
228967 228951 2240
228967 234847 293
235581 228951 2463
235581 234849 1131
235581 235582 334
228971 228953 535
228075 228070 311
228075 229078 922
228075 234856 453
228080 228081 333
228080 228091 324
228080 234856 214
228068 228065 472
228068 228069 229
228068 228082 1705
228091 228080 324
228091 228082 1296
228091 228083 1444
228091 234856 192
228026 228027 377
228026 228028 373
228026 228031 702
228029 228030 349
228029 228038 1675
228029 228039 3940
234478 228030 795
227766 227746 2187
227766 227798 514
227766 235477 1775
229086 229053 444
229086 229111 206
229125 229123 1546
229125 229127 3274
229125 235580 851
229124 229123 884
229124 229126 1177
229124 229139 1248
234847 228967 293
234847 229139 1897
234847 235582 323
225847 225846 1237
225847 227024 465
225847 227027 983
225847 228949 980
228950 225846 811
228950 228949 667
228950 234852 346
228950 235285 545
234849 229126 3424
234849 235581 1131
235582 234847 323
235582 235581 334
229078 228075 922
229078 228088 1847
229078 229075 60
229078 229118 136
234856 228075 453
234856 228080 214
234856 228088 710
234856 228091 192
228065 228039 2042
228065 228064 1193
228065 228068 472
228069 228068 229
228069 228092 1534
228083 228084 996
228083 228088 1140
228083 228091 1444
228027 228026 377
228027 228033 588
228027 228066 1382
228031 228021 661
228031 228026 702
228031 228035 1344
228038 228029 1675
228038 228040 1000
228038 228041 3743
228039 228029 3940
228039 228065 2042
228039 228094 796
228039 228095 1855
227746 227764 796
227746 227766 2187
235477 227766 1775
229111 229086 206
229111 229112 45
235580 229112 3452
235580 229125 851
229126 229124 1177
229126 229140 556
229126 234849 3424
225846 225847 1237
225846 228950 811
225846 234855 324
225846 235565 627
227024 225847 465
227027 225847 983
234852 228950 346
235285 228950 545
228088 228083 1140
228088 228090 708
228088 229078 1847
228088 234856 710
229075 229076 222
229075 229078 60
229118 229078 136
229118 229079 1378
228064 228022 1707
228064 228065 1193
228064 228067 1113
228092 228069 1534
228092 228086 1004
228092 228089 353
228084 228083 996
228033 228027 588
228033 234576 186
228066 228027 1382
228066 228067 2446
228021 228022 1045
228021 228031 661
228035 228022 1356
228035 228031 1344
228035 228067 1758
228040 228036 237
228040 228038 1000
228040 228042 2303
228041 228038 3743
228041 228097 562
228041 228098 475
228094 228039 796
228094 228056 278
228094 228096 1871
228095 228039 1855
228095 228085 927
228095 228096 905
227764 227746 796
227764 227760 1375
227764 227765 1029
229112 229111 45
229112 235564 1113
229112 235580 3452
229140 229126 556
229140 229135 782
234855 225846 324
235565 225846 627
228090 228088 708
228090 228089 746
228090 234804 987
229076 229075 222
229079 229080 1466
229079 229081 607
229079 229118 1378
228022 228021 1045
228022 228035 1356
228022 228064 1707
228067 228035 1758
228067 228064 1113
228067 228066 2446
228086 228085 905
228086 228087 2771
228086 228092 1004
228089 228090 746
228089 228092 353
228089 228093 2430
234576 228033 186
234576 235592 1859
228036 228037 1440
228036 228040 237
228036 228043 893
228042 228040 2303
228097 228041 562
228097 228056 556
228097 228102 2202
228098 228041 475
228098 228054 2798
228098 228099 1523
228056 228057 1590
228056 228094 278
228056 228097 556
228096 228094 1871
228096 228095 905
228085 228086 905
228085 228095 927
228085 228111 1771
228085 228112 761
227760 227758 514
227760 227761 1607
227760 227764 1375
227765 227764 1029
235564 229112 1113
229135 229134 1991
229135 229136 1848
229135 229140 782
234804 228090 987
229080 229079 1466
229081 229079 607
229081 229087 398
228087 228086 2771
228087 228093 1004
228087 229097 1004
228093 228087 1004
228093 228089 2430
228093 229089 1594
235592 234576 1859
235592 235593 434
228037 228036 1440
228043 228036 893
228043 228048 1088
228043 228052 222
228102 228097 2202
228054 228050 3461
228054 228098 2798
228054 228103 672
228054 228104 346
228099 228098 1523
228099 228100 2700
228099 228101 1423
228057 228056 1590
228111 228085 1771
228111 228101 709
228112 228085 761
228112 228113 1865
228112 228114 1111
227758 227759 2342
227758 227760 514
227758 227767 1094
227761 227760 1607
229134 229132 460
229134 229135 1991
229134 229136 596
229136 229134 596
229136 229135 1848
229136 229143 934
229087 229081 398
229097 228087 1004
229089 228093 1594
235593 235592 434
228048 228043 1088
228052 228043 222
228052 228050 1114
228050 228052 1114
228050 228054 3461
228103 228054 672
228104 228054 346
228104 228100 1081
228100 228099 2700
228100 228104 1081
228101 228099 1423
228101 228111 709
228113 228112 1865
228113 228114 1466
228114 228112 1111
228114 228113 1466
227759 227758 2342
227767 227758 1094
229132 229134 460
229143 229136 934
23
228933
227794
227746
227764
227760
227765
227758
227761
229087
229097
229089
228048
228052
228050
228103
228100
228101
228113
228114
227759
227767
229132
229143
