158
158730 158731 587
158731 158730 587
158731 158732 841
158731 158778 3852
158732 158731 841
158732 158733 787
158732 160032 1337
158778 158731 3852
158778 158777 848
158778 160028 739
158733 158732 787
158733 158734 872
158733 160039 613
160032 158732 1337
160032 160031 562
160032 160034 3445
158777 158776 2171
158777 158778 848
158777 160024 238
160028 158778 739
160028 160027 688
160028 160029 672
158734 158733 872
158734 158735 872
158734 160040 2768
160039 158733 613
160039 160038 3044
160039 160040 2734
160031 160027 1023
160031 160032 562
160031 160033 3731
160034 160032 3445
160034 160035 678
160034 160038 1161
158776 158775 475
158776 158777 2171
158776 160022 475
160024 158777 238
160024 160025 713
160024 160029 1102
160027 160026 1183
160027 160028 688
160027 160031 1023
160029 160024 1102
160029 160028 672
160029 160030 1467
158735 158734 872
158735 158736 1705
158735 160041 606
160040 158734 2768
160040 160038 924
160040 160039 2734
160038 160034 1161
160038 160039 3044
160038 160040 924
160033 160031 3731
160033 160035 1838
160035 160033 1838
160035 160034 678
160035 172135 747
158775 158774 747
158775 158776 475
158775 160021 1557
160022 158776 475
160022 160023 1748
160022 160025 747
160025 160022 747
160025 160024 713
160025 160030 1832
160026 158814 3619
160026 158816 4004
160026 160027 1183
160030 160023 928
160030 160025 1832
160030 160029 1467
158736 158735 1705
158736 158737 713
158736 158751 1075
160041 158735 606
160041 158753 1679
160041 160042 1617
172135 160035 747
158774 158773 713
158774 158775 747
158774 158813 1414
160021 158775 1557
160021 158813 837
160021 160023 789
160023 160021 789
160023 160022 1748
160023 160030 928
158814 158816 673
158814 160026 3619
158816 158814 673
158816 160026 4004
158737 158736 713
158737 158738 3004
158737 158750 739
158751 158736 1075
158753 158752 334
158753 158754 581
158753 160041 1679
160042 160041 1617
158773 158772 747
158773 158774 713
158773 158808 1283
158813 158774 1414
158813 158808 650
158813 158811 2033
158813 160021 837
158738 158737 3004
158738 158739 506
158738 158750 3469
158750 158737 739
158750 158738 3469
158750 158748 879
158752 158753 334
158754 158753 581
158772 158771 713
158772 158773 747
158808 158773 1283
158808 158813 650
158811 158813 2033
158739 158738 506
158739 158740 333
158739 158743 600
158748 158746 739
158748 158749 418
158748 158750 879
158748 160043 1344
158771 158770 940
158771 158772 713
158740 158739 333
158740 158741 355
158740 158742 1501
158743 158739 600
158743 158744 2254
158743 160044 2106
158746 158745 1357
158746 158747 374
158746 158748 739
158749 158748 418
160043 158745 1154
160043 158748 1344
160043 160044 352
158770 158771 940
158741 158740 355
158742 158740 1501
158744 158743 2254
158744 158745 1357
158744 160056 829
160044 158743 2106
160044 160043 352
158745 158744 1357
158745 158746 1357
158745 160043 1154
158747 158746 374
160056 158744 829
13
160033
160035
172135
160021
160023
158814
158816
158813
158772
158808
158811
158771
158770
