24
111339 111347 805
103337 103339 411
111475 111478 418
111478 111475 418
103339 103337 411
111477 111347 496
111347 111339 805
111347 111477 496
111519 111582 840
111582 111519 840
111596 111597 672
111596 112068 1683
111577 111578 778
111597 111596 672
112068 111596 1683
111578 111577 778
111592 111682 782
111682 111592 782
111726 111727 889
111727 111726 889
111732 112145 168
112145 111732 168
112145 111766 667
111766 112145 667
35
111101
111321
111337
111339
103337
111475
111478
103339
111476
111477
111347
111226
111480
111236
111239
111533
111535
111232
111519
105277
111564
111587
111596
111575
111577
111597
111578
111592
111682
111722
111726
111727
111732
112147
111766
