528
2 3 158
2 3873 1667
3 2 158
3 3925 251
3 3936 616
3873 2 1667
3925 3 251
3925 3863 503
3925 3926 562
3936 3 616
3936 3875 667
3936 3937 687
3936 3940 929
3863 3862 2556
3863 3923 434
3863 3925 503
3926 3925 562
3926 3927 344
3926 3937 929
3875 3869 1729
3875 3874 1556
3875 3936 667
3937 3926 929
3937 3936 687
3937 3938 344
3940 3936 929
3940 3941 2605
3940 3942 2047
3862 3861 597
3862 3863 2556
3862 3872 1345
3923 3863 434
3923 3922 251
3923 3924 1611
3927 3926 344
3869 3867 3449
3869 3874 754
3869 3875 1729
3874 3869 754
3874 3872 222
3874 3875 1556
3938 3937 344
3941 3940 2605
3941 3944 109
3942 3940 2047
3942 3954 778
3942 3958 838
3861 3859 782
3861 3860 1558
3861 3862 597
3872 3862 1345
3872 3871 778
3872 3874 222
3922 3261 474
3922 3860 1222
3922 3923 251
3924 3918 762
3924 3923 1611
3924 3928 1014
3924 3939 1709
3867 3855 111
3867 3868 1030
3867 3869 3449
3944 3941 109
3944 3945 240
3944 3956 1442
3954 3942 778
3954 3955 754
3954 3956 782
3958 3942 838
3958 3957 1565
3958 3962 754
3859 3856 889
3859 3858 867
3859 3861 782
3859 3871 1844
3860 3226 1333
3860 3861 1558
3860 3922 1222
3871 3859 1844
3871 3866 905
3871 3872 778
3261 3224 1742
3261 3260 1978
3261 3918 1483
3261 3922 474
3918 3261 1483
3918 3919 786
3918 3921 1014
3918 3924 762
3928 3924 1014
3928 3933 796
3928 3943 2287
3939 3924 1709
3855 3854 2349
3855 3867 111
3855 3870 1083
3868 3867 1030
3868 3870 1139
3868 3904 838
3945 1496 761
3945 3944 240
3945 3947 213
3956 3944 1442
3956 3954 782
3956 3957 922
3955 3954 754
3957 3956 922
3957 3958 1565
3957 3963 687
3962 3958 754
3962 3960 778
3962 3977 1928
3856 3850 893
3856 3859 889
3856 3866 1676
3858 3218 749
3858 3225 2067
3858 3859 867
3226 3224 926
3226 3225 336
3226 3860 1333
3866 3856 1676
3866 3857 667
3866 3871 905
3224 3212 1408
3224 3226 926
3224 3260 1663
3224 3261 1742
3260 3210 1540
3260 3224 1663
3260 3259 1447
3260 3261 1978
3919 3259 1442
3919 3918 786
3919 3920 1114
3921 3918 1014
3921 3920 1060
3933 3928 796
3933 3931 675
3933 3934 418
3943 3928 2287
3854 3850 889
3854 3853 344
3854 3855 2349
3870 3855 1083
3870 3868 1139
3870 3903 867
3904 3868 838
3904 3903 1357
3904 3907 373
1496 1232 1118
1496 2370 77
1496 3945 761
3947 3945 213
3947 3948 445
3963 1232 864
3963 3957 687
3963 3969 610
3960 3911 667
3960 3961 587
3960 3962 778
3960 3976 1760
3977 3962 1928
3977 3976 796
3977 3979 84
3850 3849 1262
3850 3854 889
3850 3856 893
3850 3857 1608
3218 3216 1741
3218 3223 1947
3218 3851 687
3218 3858 749
3225 3223 1005
3225 3226 336
3225 3858 2067
3857 3850 1608
3857 3866 667
3212 3211 1679
3212 3223 974
3212 3224 1408
3210 3206 1874
3210 3259 2691
3210 3260 1540
3259 3210 2691
3259 3257 905
3259 3260 1447
3259 3919 1442
3920 3262 1194
3920 3919 1114
3920 3921 1060
3931 3929 834
3931 3932 561
3931 3933 675
3934 3933 418
3934 3935 344
3934 3948 2330
3853 3847 1276
3853 3852 1114
3853 3854 344
3853 3865 2376
3903 3870 867
3903 3885 556
3903 3904 1357
3907 3904 373
1232 1231 596
1232 1496 1118
1232 3963 864
1232 6433 559
2370 1496 77
2370 3964 815
3948 3934 2330
3948 3947 445
3948 3949 667
3969 3951 706
3969 3963 610
3969 3967 1668
3911 3912 889
3911 3959 587
3911 3960 667
3911 3975 1760
3961 3960 587
3976 3960 1760
3976 3975 667
3976 3977 796
3976 3978 1513
3979 3972 1014
3979 3977 84
3979 3980 838
3849 3847 893
3849 3850 1262
3849 3851 687
3216 3217 1947
3216 3218 1741
3216 3950 348
3223 3212 974
3223 3217 1741
3223 3218 1947
3223 3225 1005
3851 3218 687
3851 3849 687
3851 3950 1512
3211 3206 1436
3211 3212 1679
3211 3217 1065
3206 3205 871
3206 3209 649
3206 3210 1874
3206 3211 1436
3257 3253 3689
3257 3259 905
3257 3262 222
3262 3257 222
3262 3263 3792
3262 3920 1194
3929 3930 1815
3929 3931 834
3929 3932 597
3932 3929 597
3932 3931 561
3932 3935 867
3935 3930 846
3935 3932 867
3935 3934 344
3847 3222 1413
3847 3846 1234
3847 3849 893
3847 3853 1276
3852 3832 275
3852 3833 762
3852 3853 1114
3865 3853 2376
3865 6129 970
3885 3884 1014
3885 3887 1023
3885 3903 556
3885 6129 667
1231 1232 596
1231 3964 640
1231 3965 1224
6433 1232 559
3964 1231 640
3964 2370 815
3949 3948 667
3951 3952 916
3951 3969 706
3951 3971 1336
3951 3974 587
3967 3965 838
3967 3969 1668
3967 3970 1447
3912 3911 889
3912 3917 3120
3959 3911 587
3975 3911 1760
3975 3976 667
3975 4061 1592
3978 3976 1513
3972 3973 754
3972 3979 1014
3972 3982 1565
3980 3979 838
3980 3981 2556
3980 4062 419
3217 3211 1065
3217 3216 1947
3217 3223 1741
3950 3216 348
3950 3222 580
3950 3851 1512
3205 3179 238
3205 3206 871
3205 3207 1972
3209 3206 649
3209 3250 353
3209 3252 535
3253 3238 1382
3253 3251 889
3253 3257 3689
3253 3258 5222
3263 3258 2047
3263 3262 3792
3263 3270 746
3930 3929 1815
3930 3935 846
3930 3946 2545
3222 3215 1545
3222 3221 1530
3222 3847 1413
3222 3950 580
3846 3221 1030
3846 3847 1234
3846 3848 174
3832 3828 782
3832 3848 780
3832 3852 275
3833 3830 889
3833 3839 597
3833 3852 762
6129 3865 970
6129 3885 667
3884 3842 867
3884 3885 1014
3884 3886 1023
3887 3885 1023
3887 3886 1014
3887 3889 902
3887 3905 687
3965 1231 1224
3965 3966 489
3965 3967 838
3952 3951 916
3971 3951 1336
3974 3951 587
3974 3973 1556
3974 3984 597
3970 3967 1447
3970 3987 1194
3970 3994 838
3970 3996 4354
3917 3912 3120
3917 3916 562
3917 3916 562
4061 3975 1592
3973 3972 754
3973 3974 1556
3982 3972 1565
3982 3981 1173
3982 3984 111
3981 3980 2556
3981 3982 1173
3981 3989 778
4062 3980 419
4062 4063 503
3179 3177 1077
3179 3205 238
3179 3208 866
3207 3205 1972
3207 3237 251
3207 3250 1360
3250 3207 1360
3250 3209 353
3250 3251 2667
3252 3209 535
3252 3254 2191
3252 3255 2446
3238 3237 3676
3238 3253 1382
3251 3250 2667
3251 3253 889
3251 3255 670
3258 3246 3619
3258 3253 5222
3258 3263 2047
3258 6432 787
3270 3263 746
3270 3271 1076
3270 3272 926
3946 3930 2545
3946 3953 868
3946 3968 1090
3215 3203 680
3215 3222 1545
3221 3220 251
3221 3222 1530
3221 3846 1030
3848 3832 780
3848 3846 174
3828 3827 2118
3828 3830 928
3828 3831 928
3828 3832 782
3830 3828 928
3830 3829 2000
3830 3833 889
3830 3838 1030
3839 3833 597
3839 3838 1084
3839 3844 627
3842 3841 1558
3842 3844 902
3842 3845 713
3842 3884 867
3886 3884 1023
3886 3887 1014
3886 3888 1223
3889 3887 902
3889 3894 2305
3905 3887 687
3905 3892 1076
3905 3906 562
3966 3965 489
3966 3968 981
3984 3974 597
3984 3982 111
3984 3988 667
3987 3970 1194
3987 3985 2214
3987 3998 168
3994 3968 353
3994 3970 838
3994 3995 3183
3996 3970 4354
3916 3917 562
3916 3917 562
3916 4034 1178
3989 3981 778
3989 3986 1000
3989 3988 1173
4063 3992 4557
4063 4038 419
4063 4062 503
3177 3175 473
3177 3179 1077
3208 3179 866
3237 3207 251
3237 3234 2411
3237 3238 3676
3254 3252 2191
3254 3255 749
3254 3256 445
3255 3251 670
3255 3252 2446
3255 3254 749
3246 3247 1688
3246 3258 3619
3246 3267 452
6432 3258 787
6432 3264 2461
3271 3270 1076
3272 3270 926
3272 3273 949
3272 3274 686
3953 3946 868
3953 3995 2441
3968 3946 1090
3968 3966 981
3968 3994 353
3203 3202 433
3203 3204 2760
3203 3215 680
3220 3221 251
3827 3828 2118
3827 3829 754
3831 3828 928
3829 3827 754
3829 3830 2000
3838 3830 1030
3838 3839 1084
3844 3839 627
3844 3842 902
3841 3842 1558
3845 3842 713
3888 3886 1223
3894 3889 2305
3892 3905 1076
3906 3905 562
3988 3984 667
3988 3985 687
3988 3989 1173
3985 3986 1382
3985 3987 2214
3985 3988 687
3998 3987 168
3995 3953 2441
3995 3994 3183
4034 3916 1178
4034 4038 4458
3986 3985 1382
3986 3989 1000
3986 3992 867
3992 3986 867
3992 4063 4557
4038 4034 4458
4038 4063 419
3175 3177 473
3175 3204 871
3234 3237 2411
3256 3254 445
3247 3246 1688
3267 3246 452
3264 6432 2461
3273 3272 949
3274 3272 686
3202 3203 433
3204 3175 871
3204 3203 2760
23
3203
3220
3827
3829
3838
3844
3841
3888
3894
3892
3906
3998
3995
4034
3986
3992
4038
3175
3234
3267
3264
3202
3204
