86
72103 72145 1693
72145 72103 1693
72145 72113 893
72145 72159 1862
72113 72112 1605
72113 72145 893
72113 72147 778
72113 72160 1704
72159 72145 1862
72159 72157 1056
72159 72160 782
72159 72162 2291
72112 72104 437
72112 72113 1605
72147 72113 778
72147 72146 1267
72147 72153 672
72147 72163 1788
72160 72113 1704
72160 72159 782
72160 72163 782
72160 72170 1609
72157 72156 1669
72157 72158 1163
72157 72159 1056
72162 72159 2291
72162 72171 892
72104 72111 782
72104 72112 437
72146 72111 685
72146 72147 1267
72153 72118 1356
72153 72147 672
72153 72154 781
72153 72164 1777
72163 72147 1788
72163 72160 782
72163 72164 781
72163 72165 1520
72170 72160 1609
72170 72165 888
72170 72171 845
72156 72157 1669
72158 72157 1163
72158 77897 1138
72171 72162 892
72171 72170 845
72171 72400 562
72111 72104 782
72111 72146 685
72118 72153 1356
72154 72153 781
72154 72166 1872
72164 72153 1777
72164 72163 781
72164 72166 688
72164 72172 1524
72165 72163 1520
72165 72170 888
72165 72172 672
72165 72400 987
77897 72158 1138
72400 72165 987
72400 72171 562
72400 72401 889
72166 72154 1872
72166 72164 688
72166 72167 556
72166 72168 1436
72172 72164 1524
72172 72165 672
72172 72168 782
72172 72401 852
72401 72172 852
72401 72400 889
72401 72403 929
72167 72155 848
72167 72166 556
72167 72169 1343
72168 72166 1436
72168 72169 1014
72168 72172 782
72403 72401 929
72155 72167 848
72169 72167 1343
72169 72168 1014
32
72103
72145
72113
72159
72112
72147
72160
72157
72162
72104
72146
72153
72163
72170
72156
72158
72171
72111
72118
72154
72164
72165
77897
72400
72166
72172
72401
72167
72168
72403
72155
72169
