54
139392 139398 144
139398 139392 144
139398 139396 477
139398 139397 328
139396 139395 285
139396 139398 477
139396 139400 248
139396 139525 1435
139397 139398 328
139397 139400 504
139397 139401 656
139397 139402 366
139395 139394 187
139395 139396 285
139395 139524 1226
139400 139396 248
139400 139397 504
139400 139520 161
139525 139396 1435
139401 139397 656
139401 139404 410
139402 139397 366
139402 139403 279
139402 139404 475
139402 139521 605
139394 139395 187
139524 139395 1226
139520 139400 161
139520 139521 256
139520 139526 1300
139404 139401 410
139404 139402 475
139404 139403 555
139403 139402 279
139403 139404 555
139403 139523 751
139521 139402 605
139521 139520 256
139521 139522 202
139526 139520 1300
139523 139403 751
139523 139522 202
139523 139527 336
139522 139521 202
139522 139523 202
139522 139528 606
139527 139523 336
139527 139529 512
139527 139530 864
139527 139531 1503
139528 139522 606
139529 139527 512
139530 139527 864
139531 139527 1503
23
139392
139398
139396
139397
139395
139400
139525
139401
139402
139394
139524
139520
139404
139403
139521
139526
139523
139522
139527
139528
139529
139530
139531
