558
51904 51905 411
51904 52203 2117
51905 51904 411
51905 52203 2069
51905 52569 405
52203 51904 2117
52203 51905 2069
52203 52444 431
52569 51905 405
52569 52444 2074
52569 52793 437
52444 52203 431
52444 52569 2074
52444 52792 404
52793 52569 437
52793 52792 2063
52793 52853 418
52792 52444 404
52792 52793 2063
52853 52793 418
52853 53772 364
52853 56773 2082
53772 52853 364
53772 53773 2046
53772 56777 297
56773 52853 2082
56773 53773 333
56773 56774 353
53773 53772 2046
53773 56773 333
53773 56778 319
56777 53772 297
56777 56778 2053
56777 56779 238
56774 56773 353
56778 53773 319
56778 56777 2053
56778 56780 1708
56779 56777 238
56779 56780 901
56780 53776 1081
56780 56778 1708
56780 56779 901
53776 53774 4001
53776 53779 1686
53776 56780 1081
53774 53775 2892
53774 53776 4001
53774 56649 3139
53779 53776 1686
53779 53780 333
53779 53781 1994
53775 53774 2892
53775 56781 1820
53775 56782 1420
56649 53774 3139
56649 53854 1783
56649 56768 2821
53780 53779 333
53780 53782 556
53781 53779 1994
53781 54356 552
53781 54357 1206
56781 53775 1820
56782 53775 1420
53854 53849 980
53854 56649 1783
53854 56783 1358
56768 56649 2821
53782 53780 556
53782 54356 1161
53782 54358 1669
54356 53781 552
54356 53782 1161
54356 54358 837
54357 53781 1206
54357 54339 1023
54357 54359 630
53849 53848 1798
53849 53851 202
53849 53854 980
56783 53854 1358
54358 53782 1669
54358 54356 837
54358 54360 1114
54339 54338 404
54339 54357 1023
54359 54357 630
54359 54360 1276
54359 54361 1624
53848 53797 511
53848 53849 1798
53848 53850 337
53851 53849 202
53851 53852 984
54360 54358 1114
54360 54359 1276
54360 54361 562
54338 54339 404
54338 54341 1206
54338 54351 1308
54361 54359 1624
54361 54360 562
54361 54362 238
53797 53790 3525
53797 53848 511
53850 53848 337
53850 53852 747
53850 53856 610
53850 53858 2755
53852 53850 747
53852 53851 984
53852 53853 1758
54341 54338 1206
54341 54350 511
54341 54351 1516
54351 54338 1308
54351 54341 1516
54351 54369 436
54362 54361 238
54362 54363 202
54362 54369 558
53790 53789 885
53790 53797 3525
53856 53794 238
53856 53850 610
53858 53850 2755
53858 53859 837
53858 53861 650
53853 53852 1758
53853 53861 940
54350 54341 511
54350 54342 713
54350 54352 2034
54369 54351 436
54369 54352 581
54369 54362 558
54363 54362 202
54363 54364 848
54363 54377 2366
53789 53790 885
53789 53791 807
53789 53792 747
53794 53795 1695
53794 53856 238
53794 53857 879
53859 53857 2081
53859 53858 837
53859 53904 650
53861 53853 940
53861 53858 650
54342 54348 789
54342 54350 713
54342 54353 2106
54352 54350 2034
54352 54353 475
54352 54369 581
54364 54363 848
54364 54365 2922
54364 54366 713
54364 54367 606
54377 54363 2366
54377 54365 752
54377 54379 673
54377 54551 1995
53791 53789 807
53791 53793 713
53791 53800 847
53791 53832 3089
53792 53787 2599
53792 53789 747
53792 53793 738
53795 53794 1695
53795 53796 3291
53795 53798 747
53857 53794 879
53857 53859 2081
53904 53796 976
53904 53859 650
54348 54342 789
54348 54346 789
54348 54349 879
54353 54342 2106
54353 54352 475
54353 54354 796
54353 54370 505
54365 54364 2922
54365 54368 606
54365 54377 752
54365 54552 928
54366 53783 2006
54366 54364 713
54366 54367 418
54367 54364 606
54367 54366 418
54367 54368 2922
54379 54372 752
54379 54377 673
54379 54378 1763
54379 54381 2134
54551 54377 1995
54551 54381 697
54551 54559 279
53793 53791 713
53793 53792 738
53793 53821 747
53793 53823 3291
53800 53791 847
53800 53799 536
53800 53802 2957
53832 53791 3089
53832 53802 789
53832 53823 697
53832 53834 3558
53787 53788 5364
53787 53792 2599
53787 53806 279
53787 53820 404
53796 53795 3291
53796 53801 789
53796 53904 976
53796 53905 3241
53798 53795 747
53798 53799 884
53798 53801 3361
54346 54344 511
54346 54347 2564
54346 54348 789
54349 54348 879
54349 54354 1635
54349 54355 1484
54354 54349 1635
54354 54353 796
54354 54355 1161
54370 54353 505
54370 54371 581
54370 54378 344
54368 54365 606
54368 54367 2922
54368 54550 606
54368 54553 697
54552 54365 928
54552 54553 697
54552 54558 650
53783 53784 890
53783 54366 2006
53783 54543 3200
53783 54544 367
54372 54371 1067
54372 54373 940
54372 54379 752
54372 54380 2412
54378 54370 344
54378 54379 1763
54381 54379 2134
54381 54380 751
54381 54551 697
54381 54575 3804
54559 54551 279
54559 54558 511
54559 54576 3774
53821 53793 747
53821 53822 3291
53821 53824 885
53823 53793 3291
53823 53822 747
53823 53832 697
53823 53845 3760
53799 53798 884
53799 53800 536
53802 53800 2957
53802 53801 837
53802 53832 789
53802 53835 3424
53834 53832 3558
53834 53845 605
53834 53928 404
53788 53787 5364
53806 53787 279
53806 53807 612
53820 53787 404
53820 53824 1055
53820 53826 605
53801 53796 789
53801 53798 3361
53801 53802 837
53801 53833 3424
53905 53796 3241
53905 53833 537
53905 53924 279
54344 54345 2554
54344 54346 511
54347 54345 650
54347 54346 2564
54347 54355 818
54355 54347 818
54355 54349 1484
54355 54354 1161
54371 54370 581
54371 54372 1067
54550 54368 606
54550 54546 1258
54550 54554 418
54553 54368 697
54553 54552 697
54553 54554 650
54553 54557 747
54558 54552 650
54558 54557 612
54558 54559 511
54558 54560 3804
53784 53783 890
54543 53783 3200
54543 54545 752
54543 54546 873
54543 54548 1396
54544 53783 367
54544 53888 371
54544 56776 1377
54373 54372 940
54373 54374 511
54373 54393 2783
54380 54372 2412
54380 54381 751
54380 54393 1067
54380 54574 3814
54575 54381 3804
54575 54574 948
54575 54576 747
54575 54587 1624
54576 54559 3774
54576 54560 751
54576 54575 747
54576 54583 1813
53822 53821 3291
53822 53823 747
53822 53837 751
53822 53846 3961
53824 53820 1055
53824 53821 885
53824 53825 873
53845 53823 3760
53845 53834 605
53845 53846 890
53845 55141 2291
53835 53802 3424
53835 53926 418
53835 53928 374
53928 53834 404
53928 53835 374
53928 53929 3563
53807 53805 837
53807 53806 612
53826 53810 789
53826 53820 605
53826 53827 537
53833 53801 3424
53833 53905 537
53833 53926 418
53924 53905 279
54345 54344 2554
54345 54347 650
54345 54387 97
54546 54543 873
54546 54547 474
54546 54550 1258
54554 54548 928
54554 54550 418
54554 54553 650
54554 54556 650
54557 54553 747
54557 54556 747
54557 54558 612
54557 54562 3666
54560 54558 3804
54560 54562 650
54560 54576 751
54560 54584 1855
54545 53888 3340
54545 53891 810
54545 54543 752
54545 54549 1855
54548 54543 1396
54548 54554 928
54548 54555 789
53888 53887 747
53888 54544 371
53888 54545 3340
56776 54544 1377
54374 54373 511
54393 54373 2783
54393 54380 1067
54393 54399 3850
54574 54380 3814
54574 54575 948
54574 54577 238
54587 54575 1624
54587 54578 890
54587 54589 337
54583 54576 1813
54583 54584 612
54583 54589 418
53837 53822 751
53837 53831 809
53837 53839 788
53837 53847 3905
53846 53822 3961
53846 53845 890
53846 53847 976
53846 55060 1028
53825 53824 873
53825 53827 1067
53825 53830 1141
55141 53845 2291
55141 55144 738
55141 55155 837
53926 53833 418
53926 53835 418
53926 53927 3159
53929 53928 3563
53929 55144 984
53929 55145 905
53929 55146 1747
53805 53804 790
53805 53807 837
53805 53808 650
53805 53809 752
53810 53811 747
53810 53826 789
53810 53828 3169
53827 53825 1067
53827 53826 537
53827 53829 1153
54387 54345 97
54387 54383 465
54387 54384 426
54547 54546 474
54556 54554 650
54556 54555 890
54556 54557 747
54556 54561 1116
54562 54557 3666
54562 54560 650
54562 54570 747
54562 54586 1919
54584 54560 1855
54584 54583 612
54584 54586 890
54584 54592 2227
53891 53884 4740
53891 53892 752
53891 54545 810
53891 54563 1763
54549 54545 1855
54549 54555 890
54549 54563 890
54549 54569 2783
54555 54548 789
54555 54549 890
54555 54556 890
54555 54568 1438
53887 53885 111
53887 53888 747
54399 54393 3850
54399 54398 1055
54399 54577 697
54399 54579 1438
54577 54399 697
54577 54574 238
54577 54578 1447
54578 54577 1447
54578 54579 890
54578 54587 890
54578 54588 1763
54589 54583 418
54589 54587 337
54589 54590 2088
53831 53830 677
53831 53836 1206
53831 53837 809
53839 53837 788
53839 53838 612
53839 53840 3960
53847 53837 3905
53847 53840 558
53847 53846 976
55060 53846 1028
55060 55064 837
55060 55143 1133
53830 53825 1141
53830 53829 1206
53830 53831 677
55144 53929 984
55144 55141 738
55144 55142 1206
55144 55157 1880
55155 55141 837
53927 53926 3159
55145 53929 905
55146 53929 1747
55146 55157 928
55146 55167 279
53804 53803 279
53804 53805 790
53808 53805 650
53809 53805 752
53809 53811 279
53811 53809 279
53811 53810 747
53828 53810 3169
53828 53838 747
53829 53827 1153
53829 53830 1206
53829 53836 677
54383 54384 172
54383 54387 465
54384 54383 172
54384 54387 426
54561 54556 1116
54561 54568 752
54561 54570 2557
54570 54561 2557
54570 54562 747
54586 54562 1919
54586 54584 890
54592 54584 2227
54592 54590 1010
53884 53891 4740
53892 53891 752
54563 53891 1763
54563 54549 890
54569 54549 2783
54568 54555 1438
54568 54561 752
53885 53887 111
54398 54399 1055
54579 54399 1438
54579 54578 890
54588 54578 1763
54590 54589 2088
54590 54592 1010
53836 53829 677
53836 53831 1206
53836 53838 879
53838 53828 747
53838 53836 879
53838 53839 612
53840 53839 3960
53840 53847 558
55064 55060 837
55143 55060 1133
55143 55142 771
55142 55143 771
55142 55144 1206
55157 55144 1880
55157 55146 928
55167 55146 279
53803 53804 279
66
54339
53851
54338
53852
54341
54351
53858
53853
54350
54369
53859
53861
54342
54352
53857
53904
54348
54353
53796
54346
54349
54354
54370
54378
53801
53905
54344
54347
54355
54371
53833
53924
54345
54393
53926
54387
54399
54577
54578
53927
55145
53808
53809
53811
53828
54383
54384
54570
54586
54592
53884
53892
54563
54569
54568
53885
54398
54579
54588
54590
53838
53840
55142
55157
55167
53803
