26
183580 183772 849
183772 183580 849
210438 210254 597
209535 209546 1048
209546 209535 1048
209549 209579 694
209579 209549 694
209640 209647 164
209647 209640 164
211579 211583 867
198686 211582 363
211583 211579 867
211583 211582 752
211595 211597 804
211597 211595 804
211600 211601 593
211582 198686 363
211582 211583 752
210226 210227 785
210226 210233 1494
210227 210226 785
211601 211600 593
210233 210226 1494
210251 210446 238
210446 210251 238
210254 210438 597
37
183858
183392
183418
183420
183580
183772
210462
210438
209529
209530
209535
209546
209549
209579
209582
209633
209640
209647
209662
209670
211579
211583
211595
211597
211600
210226
210227
211649
211601
210233
210237
210251
210444
210446
162652
162654
162696
