626
141500 141503 860
141503 141500 860
141503 141502 2142
141503 141506 784
141502 141501 258
141502 141503 2142
141502 141504 857
141502 147003 277
141506 141503 784
141506 141504 2112
141506 141508 876
141506 141523 151
141501 141502 258
141501 147003 377
141504 141502 857
141504 141505 565
141504 141506 2112
147003 141501 377
147003 141502 277
147003 151880 285
141508 141506 876
141508 141507 2112
141508 141510 858
141508 141524 129
141523 141506 151
141523 141524 857
141523 151825 802
141523 151826 164
141505 141504 565
141505 141507 311
141505 151937 165
151880 147003 285
151880 151881 1254
151880 151901 1555
141507 141505 311
141507 141508 2112
141507 141509 840
141510 141508 858
141510 141509 2114
141510 141513 930
141510 141525 130
141524 141508 129
141524 141523 857
141524 141525 858
141524 151827 166
151825 141523 802
151825 151824 858
151826 141523 164
151826 141526 2925
151826 151827 857
151826 151900 786
151937 141505 165
151937 149272 603
151937 151938 1167
151881 151865 1962
151881 151880 1254
151881 151882 961
151901 149272 751
151901 151864 607
151901 151880 1555
151901 151902 1352
141509 141507 840
141509 141510 2114
141509 141511 875
141509 151938 220
141513 141510 930
141513 141511 2106
141513 141651 785
141513 141666 165
141525 141510 130
141525 141524 858
141525 141666 931
141525 151828 146
151827 141524 166
151827 141530 2930
151827 151826 857
151827 151828 857
151824 151825 858
141526 141521 157
141526 141527 1723
141526 141530 893
141526 151826 2925
151900 151826 786
151900 151899 858
149272 149273 1149
149272 151901 751
149272 151937 603
151938 141509 220
151938 146923 1641
151938 149273 586
151938 151937 1167
151865 151864 1161
151865 151881 1962
151882 151871 402
151882 151881 961
151882 151883 1016
151864 151865 1161
151864 151866 930
151864 151901 607
151902 146922 1186
151902 149286 677
151902 151866 512
151902 151901 1352
141511 141509 875
141511 141512 840
141511 141513 2106
141651 141512 2079
141651 141513 785
141651 141653 930
141651 141667 164
141666 141513 165
141666 141525 931
141666 141667 766
141666 151829 169
151828 141525 146
151828 141532 2944
151828 151827 857
151828 151829 969
141530 141526 893
141530 141531 1706
141530 141532 822
141530 151827 2930
141521 141520 664
141521 141526 157
141527 141522 824
141527 141526 1723
141527 141529 2294
141527 141531 893
151899 151900 858
149273 149272 1149
149273 149286 201
149273 151938 586
146923 141512 284
146923 146922 1292
146923 151938 1641
151871 151872 1028
151871 151882 402
151883 148161 363
151883 151872 416
151883 151882 1016
151883 151884 1039
151866 151864 930
151866 151867 1185
151866 151902 512
146922 146923 1292
146922 151867 531
146922 151902 1186
146922 151903 483
149286 149273 201
149286 151902 677
141512 141511 840
141512 141651 2079
141512 141652 877
141512 146923 284
141653 141651 930
141653 141652 2053
141653 141656 766
141653 141668 187
141667 141651 164
141667 141666 766
141667 141668 967
141667 151820 151
151829 141666 169
151829 141669 2844
151829 151820 766
151829 151828 969
141532 141530 822
141532 141533 1762
141532 141669 912
141532 151828 2944
141531 141527 893
141531 141530 1706
141531 141533 844
141531 141534 2310
141520 141519 1260
141520 141521 664
141520 141522 1832
141522 141520 1832
141522 141527 824
141522 141528 2161
141529 141527 2294
141529 141528 859
141529 141534 893
141529 141613 2263
151872 151871 1028
151872 151883 416
151872 151960 339
148161 148162 1014
148161 151883 363
148161 151981 1359
151884 146678 1504
151884 148162 457
151884 151883 1039
151867 146922 531
151867 151671 1386
151867 151866 1185
151903 146922 483
151903 151904 1615
141652 141512 877
141652 141653 2053
141656 141653 766
141656 141681 221
141668 141653 187
141668 141667 967
141668 141681 751
141668 151821 147
151820 141667 151
151820 141674 2852
151820 151821 930
151820 151829 766
141669 141532 912
141669 141670 1809
141669 141674 820
141669 151829 2844
141533 141531 844
141533 141532 1762
141533 141670 857
141533 141671 2272
141534 141529 893
141534 141531 2310
141534 141614 2090
141534 141671 822
141519 141520 1260
141528 141522 2161
141528 141529 859
141528 141599 801
141528 141612 2440
141613 141529 2263
141613 141612 755
141613 141614 962
141613 141622 1701
151960 151872 339
148162 148161 1014
148162 151884 457
148162 151970 1060
151981 148161 1359
146678 151884 1504
146678 151913 712
151671 149782 2822
151671 151867 1386
151671 151868 730
151904 151903 1615
151904 151905 547
151904 151939 1245
151904 151961 77
141681 141656 221
141681 141668 751
141681 151818 129
151821 141668 147
151821 141675 2710
151821 151818 768
151821 151820 930
141674 141669 820
141674 141672 1827
141674 141675 826
141674 151820 2852
141670 141533 857
141670 141669 1809
141670 141672 822
141670 141673 2260
141671 141533 2272
141671 141534 822
141671 141673 893
141671 141776 1938
141614 141534 2090
141614 141613 962
141614 141623 1700
141614 141776 790
141599 141528 801
141599 141598 787
141599 141601 2528
141612 141528 2440
141612 141601 715
141612 141613 755
141612 141615 1698
141622 141613 1701
141622 141615 773
141622 141620 1157
141622 141623 851
151970 148162 1060
151970 151969 1130
151913 146678 712
151913 151914 994
149782 149783 674
149782 149903 384
149782 151671 2822
151868 149783 2783
151868 151671 730
151868 151869 930
151868 151961 473
151905 151904 547
151905 151906 401
151905 151940 1226
151939 151904 1245
151939 151940 566
151961 151868 473
151961 151904 77
151818 141681 129
151818 141687 2498
151818 151677 930
151818 151821 768
141675 141674 826
141675 141676 1761
141675 141687 818
141675 151821 2710
141672 141670 822
141672 141674 1827
141672 141676 725
141672 141677 2244
141673 141670 2260
141673 141671 893
141673 141677 840
141673 141777 1761
141776 141614 790
141776 141671 1938
141776 141777 779
141776 141779 1655
141623 141614 1700
141623 141622 851
141623 141625 1829
141623 141779 851
141598 141596 860
141598 141599 787
141598 141600 2736
141601 141599 2528
141601 141600 855
141601 141610 1697
141601 141612 715
141615 141610 825
141615 141612 1698
141615 141619 661
141615 141622 773
141620 141619 890
141620 141622 1157
141620 141624 3040
141620 141625 1126
151969 151970 1130
151914 151913 994
151914 151915 286
149783 149782 674
149783 149795 857
149783 151868 2783
149783 151926 605
149903 149782 384
149903 149904 2661
151869 151868 930
151869 151870 293
151869 151962 417
151869 151963 121
151906 151905 401
151906 151907 438
151906 151962 96
151940 151905 1226
151940 151907 1500
151940 151939 566
141687 141675 818
141687 141688 1770
141687 141689 789
141687 151818 2498
151677 141689 2371
151677 151818 930
141676 141672 725
141676 141675 1761
141676 141678 2322
141676 141688 908
141677 141672 2244
141677 141673 840
141677 141678 843
141677 141778 1676
141777 141673 1761
141777 141776 779
141777 141778 897
141777 141781 1700
141779 141623 851
141779 141776 1655
141779 141780 2337
141779 141781 903
141625 141620 1126
141625 141623 1829
141625 141644 2771
141625 141780 1027
141596 141557 857
141596 141597 2979
141596 141598 860
141600 141597 819
141600 141598 2736
141600 141601 855
141600 141607 1044
141610 141601 1697
141610 141607 988
141610 141615 825
141610 141616 312
141610 141617 523
141619 141615 661
141619 141617 530
141619 141620 890
141619 141621 943
141624 141620 3040
141624 141633 808
141624 141643 899
141624 141644 947
151915 151914 286
149795 149783 857
149795 151964 1402
151926 147002 3556
151926 149783 605
151926 151833 293
149904 149903 2661
149904 149915 4064
149904 151809 166
151870 151869 293
151962 151869 417
151962 151906 96
151963 151869 121
151963 151964 1312
151907 151906 438
151907 151940 1500
141688 141676 908
141688 141687 1770
141688 141690 882
141688 141691 2359
141689 141687 789
141689 141690 1766
141689 141692 810
141689 151677 2371
141678 141676 2322
141678 141677 843
141678 141691 810
141678 141785 1617
141778 141677 1676
141778 141777 897
141778 141782 1669
141778 141785 815
141781 141777 1700
141781 141779 903
141781 141782 751
141781 141784 2391
141780 141625 1027
141780 141779 2337
141780 141795 2607
141780 141798 197
141644 141624 947
141644 141625 2771
141644 141795 862
141557 141559 2785
141557 141596 857
141597 141596 2979
141597 141600 819
141597 141603 516
141597 141605 376
141607 141600 1044
141607 141605 999
141607 141609 955
141607 141610 988
141616 141609 798
141616 141610 312
141616 141617 465
141616 141618 1323
141617 141610 523
141617 141616 465
141617 141619 530
141621 141618 789
141621 141619 943
141621 141643 2264
141633 141624 808
141633 141648 2729
141643 141621 2264
141643 141624 899
141643 141642 859
151964 149795 1402
151964 151963 1312
147002 147001 465
147002 151809 603
147002 151810 1518
147002 151834 367
147002 151926 3556
151833 146994 1208
151833 151832 2002
151833 151834 3589
151833 151926 293
149915 149904 4064
151809 147001 403
151809 147002 603
151809 149904 166
141690 141688 882
141690 141689 1766
141690 141693 2314
141690 141694 720
141691 141678 810
141691 141688 2359
141691 141693 833
141691 141787 1680
141692 141689 810
141692 141756 833
141785 141678 1617
141785 141778 815
141785 141786 1715
141785 141787 877
141782 141778 1669
141782 141781 751
141782 141783 2389
141782 141786 864
141784 141781 2391
141784 141783 880
141784 141798 579
141784 141799 559
141795 141644 862
141795 141780 2607
141795 141800 917
141798 141780 197
141798 141784 579
141798 141799 795
141559 141557 2785
141559 141558 767
141559 141602 324
141559 141603 507
141603 141559 507
141603 141597 516
141603 141602 350
141603 141605 711
141605 141597 376
141605 141603 711
141605 141606 1597
141605 141607 999
141609 141606 848
141609 141607 955
141609 141611 2188
141609 141616 798
141618 141616 1323
141618 141621 789
141618 141642 1891
141648 141633 2729
141648 141647 906
141648 141800 752
141648 141803 2580
141642 141618 1891
141642 141632 912
141642 141643 859
147001 147002 465
147001 151809 403
147001 151810 1678
151810 147001 1678
151810 147002 1518
151810 151927 1769
151834 147002 367
151834 151833 3589
151834 151841 2492
146994 146995 2620
146994 151833 1208
146994 151931 201
151832 151833 2002
141693 141690 2314
141693 141691 833
141693 141695 744
141693 141789 1648
141694 141690 720
141694 141695 2280
141694 141758 1406
141787 141691 1680
141787 141785 877
141787 141788 1655
141787 141789 876
141756 141692 833
141786 141782 864
141786 141785 1715
141786 141788 845
141786 141791 2391
141783 141782 2389
141783 141784 880
141783 141791 735
141783 141801 804
141799 141784 559
141799 141798 795
141799 141800 2392
141799 141801 941
141800 141648 752
141800 141795 917
141800 141799 2392
141800 141802 938
141558 141559 767
141558 141565 779
141602 141559 324
141602 141565 669
141602 141603 350
141602 141604 1959
141606 141604 848
141606 141605 1597
141606 141608 1895
141606 141609 848
141611 141608 872
141611 141609 2188
141611 141632 614
141647 141648 906
141647 141804 2521
141803 141648 2580
141803 141804 960
141632 141608 1235
141632 141611 614
141632 141642 912
151927 151810 1769
151841 151834 2492
146995 146994 2620
151931 146994 201
141695 141693 744
141695 141694 2280
141789 141693 1648
141789 141787 876
141758 141694 1406
141788 141786 845
141788 141787 1655
141791 141783 735
141791 141786 2391
141801 141783 804
141801 141799 941
141801 141802 2460
141802 141800 938
141802 141801 2460
141565 141558 779
141565 141602 669
141604 141602 1959
141604 141606 848
141608 141606 1895
141608 141611 872
141608 141632 1235
141804 141647 2521
141804 141803 960
200
141500
141503
141502
141506
141501
141504
147003
141508
141523
141505
151880
141507
141510
141524
151825
151826
151937
151881
151901
141509
141513
141525
151827
151824
141526
151900
149272
151938
151865
151882
151864
151902
141511
141651
141666
151828
141530
141521
141527
151899
149273
146923
151871
151883
151866
146922
149286
141512
141653
141667
151829
141532
141531
141520
141522
141529
151872
148161
151884
151867
151903
141652
141656
141668
151820
141669
141533
141534
141519
141528
141613
151960
148162
151981
146678
151671
151904
141681
151821
141674
141670
141671
141614
141599
141612
141622
151970
151913
149782
151868
151905
151939
151961
151818
141675
141672
141673
141776
141623
141598
141601
141615
141620
151969
151914
149783
149903
151869
151906
151940
141687
151677
141676
141677
141777
141779
141625
141596
141600
141610
141619
141624
151915
149795
151926
149904
151870
151962
151963
151907
141688
141689
141678
141778
141781
141780
141644
141557
141597
141607
141616
141617
141621
141633
141643
151964
147002
151833
149915
151809
141690
141691
141692
141785
141782
141784
141795
141798
141559
141603
141605
141609
141618
141648
141642
147001
151810
151834
146994
151832
141693
141694
141787
141756
141786
141783
141799
141800
141558
141602
141606
141611
141647
141803
141632
151927
151841
146995
151931
141695
141789
141758
141788
141791
141801
141802
141565
141604
141608
141804
