426
225024 225025 8811
225024 234279 8329
225025 225024 8811
225025 225026 4169
234279 225024 8329
234279 234278 1884
225026 225025 4169
225026 225046 501
225026 225048 2454
234278 234279 1884
234278 234282 1401
225046 225026 501
225046 225047 3771
225046 225049 1405
225048 225026 2454
225048 225049 1248
225048 234264 4939
234282 234278 1401
234282 234281 1399
225047 225046 3771
225047 234267 1103
225049 225046 1405
225049 225048 1248
225049 225050 255
234264 225048 4939
234264 234265 1634
234281 234282 1399
234267 225047 1103
225050 225049 255
225050 234266 253
234265 225052 745
234265 234264 1634
234266 225050 253
234266 235250 801
234266 235251 1120
225052 225051 2509
225052 234265 745
235250 234266 801
235251 234266 1120
225051 225052 2509
225051 225064 8064
225051 225066 2475
225064 225051 8064
225064 234242 488
225064 234243 3438
225066 225051 2475
225066 225065 71
225066 234241 3601
234242 225064 488
234242 227569 533
234242 235440 5221
234243 225064 3438
225065 225066 71
225065 225068 1347
234241 225066 3601
227569 225059 998
227569 227570 162
227569 234242 533
235440 234242 5221
225068 225065 1347
225068 225067 3167
225059 225060 1238
225059 225061 1921
225059 227569 998
227570 227569 162
227570 234866 1147
227570 235077 2572
225067 225054 1475
225067 225068 3167
225060 225059 1238
225061 225059 1921
234866 227570 1147
234866 234867 4543
235077 227570 2572
225054 225053 1654
225054 225067 1475
234867 234866 4543
225053 225054 1654
225053 225197 3907
225197 225053 3907
225197 225196 428
225196 225194 2067
225196 225197 428
225194 225193 912
225194 225196 2067
225194 235442 378
225193 225194 912
225193 225195 1000
225193 225198 858
235442 225194 378
225195 225193 1000
225198 225193 858
225198 234263 422
234263 225198 422
234263 234262 1073
234262 234261 6182
234262 234263 1073
234261 225201 11199
234261 234262 6182
225201 225088 2858
225201 225203 2178
225201 234261 11199
225088 225082 1787
225088 225085 2170
225088 225201 2858
225203 225201 2178
225203 225202 3384
225203 235439 2705
225082 225070 1087
225082 225087 1404
225082 225088 1787
225085 225083 2307
225085 225088 2170
225085 225192 1152
225202 225203 3384
225202 225209 1646
235439 225203 2705
225070 225071 121
225070 225082 1087
225087 225081 216
225087 225082 1404
225083 225084 834
225083 225085 2307
225083 225086 768
225192 225085 1152
225209 225202 1646
225209 225207 1719
225209 225210 1426
225071 225070 121
225071 225078 3710
225081 225072 475
225081 225087 216
225084 225073 300
225084 225083 834
225086 225083 768
225086 225129 905
225086 225130 678
225207 225204 817
225207 225208 1254
225207 225209 1719
225210 225209 1426
225210 225218 2215
225210 225219 1667
225078 225071 3710
225078 225073 2137
225078 225079 753
225072 225073 1425
225072 225081 475
225073 225072 1425
225073 225078 2137
225073 225080 2909
225073 225084 300
225129 225086 905
225130 225086 678
225204 225205 1570
225204 225207 817
225204 225211 6237
225204 225218 1489
225208 225207 1254
225218 225204 1489
225218 225210 2215
225218 225216 352
225219 225210 1667
225079 225078 753
225080 225073 2909
225205 225204 1570
225211 225199 2791
225211 225204 6237
225211 225212 2690
225216 225217 2746
225216 225218 352
225216 225220 900
225199 225200 1127
225199 225211 2791
225199 225213 8424
225212 225211 2690
225217 225216 2746
225217 225221 585
225217 225223 950
225220 225216 900
225220 225224 889
225220 225225 1221
225200 225199 1127
225200 235050 1003
225200 235287 1655
225213 225199 8424
225213 225233 1293
225221 225214 2361
225221 225217 585
225221 225222 556
225223 225217 950
225224 225220 889
225225 225220 1221
225225 225226 2480
225225 225811 1024
235050 225200 1003
235050 235051 1022
235287 225200 1655
225233 225213 1293
225233 225228 1346
225233 225248 5507
225214 225215 1087
225214 225221 2361
225214 225230 2547
225222 225221 556
225226 225225 2480
225226 225239 1978
225226 225241 2897
225811 225225 1024
225811 225823 1109
235051 235050 1022
235051 235052 884
225228 225227 479
225228 225233 1346
225228 225249 2017
225248 225233 5507
225215 225214 1087
225230 225214 2547
225230 225231 2277
225230 225234 844
225239 225226 1978
225239 225231 823
225239 225240 747
225241 225226 2897
225241 225242 2120
225241 225243 1569
225823 225811 1109
235052 235051 884
235052 235060 1819
235052 235062 1509
235052 235441 1030
225227 225228 479
225227 225229 1433
225227 225232 580
225249 225228 2017
225231 225230 2277
225231 225239 823
225231 235048 2115
225234 225230 844
225234 225235 1185
225240 225239 747
225242 225241 2120
225243 225241 1569
225243 225246 438
235060 235052 1819
235060 235061 2024
235060 235063 2753
235062 235052 1509
235062 235054 3578
235441 235052 1030
225229 225227 1433
225232 225227 580
225232 235047 2429
235048 225231 2115
225235 225234 1185
225235 225236 1027
225235 235047 2126
225246 225243 438
225246 225245 954
225246 225255 862
235061 235060 2024
235061 235186 2352
235063 235060 2753
235063 235187 2623
235054 235053 4284
235054 235062 3578
235054 235187 1494
235047 225232 2429
235047 225235 2126
235047 225238 3137
225236 225235 1027
225245 225244 1379
225245 225246 954
225245 225247 496
225255 225246 862
225255 225252 1278
225255 225824 683
235186 235061 2352
235186 235184 611
235187 235054 1494
235187 235063 2623
235053 235054 4284
235053 235056 1562
225238 225237 1745
225238 235047 3137
225238 235049 1830
225244 225245 1379
225247 225245 496
225247 225254 688
225247 235552 2404
225252 225237 740
225252 225253 1425
225252 225255 1278
225824 225255 683
225824 225825 3132
225824 234932 597
235184 235185 1034
235184 235186 611
235056 235053 1562
235056 235055 1563
235056 235057 851
225237 225238 1745
225237 225252 740
235049 225238 1830
225254 225247 688
225254 225316 702
225254 225319 3075
235552 225247 2404
225253 225252 1425
225825 225824 3132
234932 225824 597
235185 235184 1034
235055 235056 1563
235057 235056 851
225316 225254 702
225316 225317 3777
225316 225320 1033
225319 225254 3075
225317 225316 3777
225320 225316 1033
225320 225321 1741
225321 225320 1741
225321 225322 1629
225321 225324 288
225322 225321 1629
225322 225329 497
225324 225321 288
225324 225323 499
225324 225326 671
225329 225322 497
225329 225331 722
225323 225324 499
225323 225327 887
225326 225324 671
225326 225325 345
225331 225329 722
225331 225330 705
225327 225323 887
225327 225325 1004
225327 225336 580
225325 225326 345
225325 225327 1004
225325 225328 1334
225330 225331 705
225330 225332 596
225336 225327 580
225336 234255 1596
225328 225325 1334
225328 225332 333
225332 225328 333
225332 225330 596
225332 225333 556
225332 225344 785
234255 225336 1596
234255 234397 1534
225333 225332 556
225333 225334 889
225344 225332 785
225344 225339 796
225344 225345 1192
234397 234255 1534
234397 234396 1245
225334 225333 889
225334 225335 12030
225339 225337 1686
225339 225344 796
225345 225344 1192
225345 225346 387
225345 225348 353
225345 225963 2200
234396 234397 1245
234396 234407 225
225335 225334 12030
225335 225981 1728
225337 225338 862
225337 225339 1686
225337 225341 1750
225346 225343 1365
225346 225345 387
225346 225957 3091
225348 225345 353
225348 225347 429
225348 235368 587
225963 225345 2200
225963 225960 1425
225963 225964 983
225963 225965 1338
234407 234396 225
234407 234406 191
225981 225335 1728
225981 225982 1342
225338 225266 1203
225338 225337 862
225338 225341 1433
225341 225337 1750
225341 225338 1433
225341 225340 2353
225343 225342 900
225343 225346 1365
225343 225956 842
225957 225346 3091
225957 225958 358
225957 225965 450
225347 225348 429
225347 225349 452
225347 225960 1109
235368 225348 587
225960 225347 1109
225960 225963 1425
225964 225963 983
225965 225957 450
225965 225963 1338
225965 229821 1095
234406 234277 2709
234406 234407 191
225982 225981 1342
225266 225338 1203
225266 225340 3202
225340 225266 3202
225340 225341 2353
225342 225343 900
225956 225343 842
225958 225957 358
225349 225347 452
229821 225965 1095
234277 234406 2709
169
234267
225065
225068
225067
234866
225054
234867
225053
225197
225196
225194
225193
235442
225195
225198
234263
234262
234261
225201
225088
225203
225082
225085
225202
235439
225070
225087
225083
225192
225209
225071
225081
225084
225086
225207
225210
225078
225072
225073
225129
225130
225204
225208
225218
225219
225079
225080
225205
225211
225216
225199
225212
225217
225220
225200
225213
225221
225223
225224
225225
235050
235287
225233
225214
225222
225226
225811
235051
225228
225248
225215
225230
225239
225241
225823
235052
225227
225249
225231
225234
225240
225242
225243
235060
235062
235441
225229
225232
235048
225235
225246
235061
235063
235054
235047
225236
225245
225255
235186
235187
235053
225238
225244
225247
225252
225824
235184
235056
225237
235049
225254
235552
225253
225825
234932
235185
235055
235057
225316
225319
225317
225320
225321
225322
225324
225329
225323
225326
225331
225327
225325
225330
225336
225328
225332
234255
225333
225344
234397
225334
225339
225345
234396
225335
225337
225346
225348
225963
234407
225981
225338
225341
225343
225957
225347
235368
225960
225964
225965
234406
225982
225266
225340
225342
225956
225958
225349
229821
234277
