44
70830 70831 2725
70830 70856 283
70830 73145 562
70831 70830 2725
70831 78173 321
70856 70830 283
70856 70855 1533
73145 70830 562
73145 73147 2165
78173 70831 321
78173 78826 3769
70855 70849 617
70855 70851 1219
70855 70856 1533
73147 73145 2165
73147 73149 1002
78826 78173 3769
70849 70848 1650
70849 70854 957
70849 70855 617
70851 70850 2072
70851 70853 1592
70851 70855 1219
73149 73147 1002
73149 78825 1221
70848 70849 1650
70848 70850 1192
70854 70849 957
70854 76627 6546
70850 70848 1192
70850 70851 2072
70850 70852 700
70853 70851 1592
70853 70852 1516
70853 71319 4055
78825 73149 1221
76627 70854 6546
70852 70850 700
70852 70853 1516
70852 71319 3786
71319 70852 3786
71319 70853 4055
71319 71320 2500
71320 71319 2500
20
70830
70831
70856
73145
78173
70855
73147
78826
70849
70851
73149
70848
70854
70850
70853
78825
76627
70852
71319
71320
