26
6226 6227 1674
6226 6230 2849
6226 6231 2954
6227 6226 1674
6227 261050 1902
6230 6226 2849
6231 6226 2954
261050 6227 1902
261050 261047 2668
261050 261048 909
261047 261044 1310
261047 261050 2668
261048 261049 4418
261048 261050 909
261048 261051 703
261044 261045 485
261044 261046 935
261044 261047 1310
261049 261021 4448
261049 261048 4418
261051 261048 703
261045 261044 485
261046 261044 935
261021 261049 4448
261021 261052 1162
261052 261021 1162
4
261047
261044
261045
261046
