288
69064 69065 753
69064 69077 513
69065 69064 753
69065 69078 954
69077 69064 513
69077 69076 694
69077 76865 115
69078 69065 954
69078 69489 2795
69076 69077 694
69076 69079 873
69076 69082 1161
76865 69077 115
69489 69078 2795
69489 69508 955
69079 69076 873
69079 69082 1023
69079 69493 2738
69082 69076 1161
69082 69079 1023
69082 69083 924
69508 69489 955
69508 69507 374
69508 69509 238
69508 69521 1887
69493 69079 2738
69493 69494 562
69493 69495 374
69083 69082 924
69083 69087 512
69083 69490 1310
69507 69508 374
69509 69508 238
69509 69510 698
69521 69508 1887
69521 69522 238
69494 69493 562
69494 69496 344
69495 69493 374
69495 69511 601
69087 69083 512
69087 69089 951
69087 69491 955
69490 69083 1310
69490 69491 562
69490 69492 873
69510 69509 698
69510 69513 873
69510 69515 222
69510 69523 1011
69522 69521 238
69522 69526 374
69496 69494 344
69496 69497 2696
69496 69498 493
69511 69495 601
69511 69512 356
69511 69513 84
69089 69087 951
69089 69491 1259
69491 69087 955
69491 69089 1259
69491 69490 562
69492 69490 873
69513 69510 873
69513 69511 84
69513 69514 747
69515 69510 222
69515 69516 747
69515 69527 553
69523 69510 1011
69523 69525 317
69523 69526 760
69526 69522 374
69526 69523 760
69526 69576 611
69526 69685 585
69497 69496 2696
69497 69499 591
69497 69503 1539
69498 69496 493
69498 76613 325
69512 69511 356
69514 69513 747
69514 69517 477
69514 69518 789
69516 69515 747
69516 69528 1673
69516 77103 530
69527 69515 553
69525 69523 317
69525 69524 739
69576 69526 611
69576 69577 562
69576 69582 1704
69685 69526 585
69499 69497 591
69503 69497 1539
69503 69504 1011
69503 69520 2165
76613 69498 325
69517 69514 477
69518 69514 789
69518 69519 477
69518 69520 1221
69528 69516 1673
69528 69534 477
69528 69580 1559
77103 69516 530
69524 69525 739
69524 69529 475
69577 69529 679
69577 69576 562
69577 69578 279
69582 69576 1704
69582 69578 1540
69582 69597 852
69504 69503 1011
69504 69505 789
69520 69503 2165
69520 69518 1221
69520 69534 356
69519 69518 477
69534 69520 356
69534 69528 477
69534 69535 951
69580 69528 1559
69580 69578 885
69580 69581 892
69580 69598 2102
69529 69524 475
69529 69577 679
69578 69577 279
69578 69580 885
69578 69582 1540
69597 69582 852
69597 69596 893
69597 69598 905
69597 69603 1828
69505 69502 1011
69505 69504 789
69505 69506 984
69505 69530 954
69535 69534 951
69535 69536 830
69535 69538 928
69535 69584 1082
69581 69580 892
69581 69584 1285
69581 69589 789
69581 69600 1974
69598 69580 2102
69598 69597 905
69598 69599 337
69596 69595 344
69596 69597 893
69603 69597 1828
69603 69604 581
69502 69505 1011
69506 69505 984
69506 72308 650
69530 69505 954
69530 69531 1696
69530 69532 753
69536 69532 809
69536 69535 830
69536 69537 1696
69538 69535 928
69538 69585 1083
69538 69586 747
69584 69535 1082
69584 69581 1285
69584 69585 929
69589 69581 789
69589 69585 1277
69589 69590 1086
69589 69608 873
69600 69581 1974
69600 69599 796
69599 69598 337
69599 69600 796
69599 69604 1618
69595 69596 344
69604 69599 1618
69604 69603 581
69604 69606 437
72308 69506 650
72308 69531 830
72308 72312 674
72308 72313 1908
69531 69530 1696
69531 69533 809
69531 72308 830
69531 72314 837
69532 69530 753
69532 69533 1595
69532 69536 809
69537 69533 753
69537 69536 1696
69537 69586 1030
69537 72319 928
69585 69538 1083
69585 69584 929
69585 69588 789
69585 69589 1277
69586 69537 1030
69586 69538 747
69586 69587 818
69586 69588 1156
69590 69588 1106
69590 69589 1086
69590 69593 698
69608 69589 873
69608 69609 419
69606 69604 437
69606 69769 475
72312 72308 674
72313 72308 1908
72313 72317 880
69533 69531 809
69533 69532 1595
69533 69537 753
69533 72316 885
72314 69531 837
72314 72316 679
72314 72317 984
72319 69537 928
72319 69587 809
72319 72316 830
72319 72333 985
69588 69585 789
69588 69586 1156
69588 69590 1106
69588 69591 885
69587 69586 818
69587 69591 1306
69587 72319 809
69587 72334 1117
69593 69590 698
69593 69591 1213
69593 69612 1023
69609 69608 419
69609 69611 747
69769 69606 475
69769 69770 2515
72317 72313 880
72317 72314 984
72317 72318 711
72316 69533 885
72316 72314 679
72316 72318 1121
72316 72319 830
72333 72318 809
72333 72319 985
72333 72334 1030
69591 69587 1306
69591 69588 885
69591 69592 1023
69591 69593 1213
72334 69587 1117
72334 69592 1156
72334 72333 1030
72334 72335 789
69612 69592 1213
69612 69593 1023
69611 69609 747
69611 69613 1397
69611 69614 1440
69770 69769 2515
72318 72316 1121
72318 72317 711
72318 72320 651
72318 72333 809
69592 69591 1023
69592 69612 1213
69592 72334 1156
72335 72320 1859
72335 72334 789
69613 69611 1397
69613 69617 698
69614 69611 1440
69614 69618 422
72320 72318 651
72320 72335 1859
69617 69613 698
69617 69620 908
69618 69614 422
69620 69617 908
110
69064
69065
69077
69078
69076
76865
69489
69079
69082
69508
69493
69083
69507
69509
69521
69494
69495
69087
69490
69510
69522
69496
69511
69089
69491
69492
69513
69515
69523
69526
69497
69498
69512
69514
69516
69527
69525
69576
69685
69499
69503
76613
69517
69518
69528
77103
69524
69577
69582
69504
69520
69519
69534
69580
69529
69578
69597
69505
69535
69581
69598
69596
69603
69502
69506
69530
69536
69538
69584
69589
69600
69599
69595
69604
72308
69531
69532
69537
69585
69586
69590
69608
69606
72312
72313
69533
72314
72319
69588
69587
69593
69609
69769
72317
72316
72333
69591
72334
69612
69611
69770
72318
69592
72335
69613
69614
72320
69617
69618
69620
