200
186271 186272 862
186271 186273 809
186271 186302 720
186272 186271 862
186272 186280 1434
186272 186290 622
186272 186298 734
186273 186271 809
186273 186274 911
186302 186271 720
186302 186298 805
186280 186272 1434
186280 186279 1635
186290 186272 622
186298 186272 734
186298 186299 1233
186298 186302 805
186274 186273 911
186274 186275 730
186274 186291 756
186279 186278 805
186279 186280 1635
186279 186288 436
186299 186298 1233
186275 186274 730
186275 186276 705
186275 186281 778
186291 186274 756
186291 186281 694
186278 186277 787
186278 186279 805
186278 189723 1342
186288 186279 436
186288 186289 1038
186276 186275 705
186276 186277 815
186276 186282 766
186281 186275 778
186281 186282 755
186281 186291 694
186281 186293 1693
186277 186276 815
186277 186278 787
186277 189721 822
186277 189722 1299
189723 186278 1342
189723 189722 826
189723 190240 1367
186289 186288 1038
186282 186276 766
186282 186281 755
186282 189721 800
186293 186281 1693
189721 186277 822
189721 186282 800
189721 189720 599
189721 190248 1262
189722 186277 1299
189722 189723 826
189722 190246 139
189722 190248 778
190240 189723 1367
190240 190179 720
190240 190239 366
189720 189721 599
190248 189721 1262
190248 189722 778
190246 189722 139
190246 190225 1613
190246 190241 791
190179 190177 784
190179 190236 460
190179 190239 764
190179 190240 720
190239 190179 764
190239 190234 1395
190239 190240 366
190239 190241 665
190225 190224 295
190225 190228 360
190225 190246 1613
190241 190239 665
190241 190242 1478
190241 190246 791
190177 190179 784
190177 190255 673
190236 190179 460
190236 190233 841
190236 190234 1131
190234 190221 1342
190234 190230 459
190234 190233 769
190234 190236 1131
190234 190239 1395
190234 190243 296
190224 190225 295
190228 190225 360
190228 190242 360
190242 190228 360
190242 190241 1478
190242 190243 327
190255 190177 673
190255 190254 451
190233 190205 556
190233 190208 1315
190233 190234 769
190233 190236 841
190221 190210 470
190221 190234 1342
190230 190229 429
190230 190234 459
190230 190243 326
190243 190230 326
190243 190234 296
190243 190242 327
190254 190255 451
190205 190198 788
190205 190206 1337
190205 190233 556
190208 190206 853
190208 190207 329
190208 190210 267
190208 190233 1315
190210 190208 267
190210 190221 470
190229 190230 429
190198 190199 1473
190198 190205 788
190206 190205 1337
190206 190208 853
190207 190202 606
190207 190208 329
190207 190211 334
190207 190591 340
190199 190197 812
190199 190198 1473
190202 190207 606
190211 190207 334
190211 190591 259
190591 190207 340
190591 190211 259
190197 190193 898
190197 190199 812
190193 190192 449
190193 190197 898
190192 190170 368
190192 190193 449
190192 190582 504
190170 189805 1148
190170 190164 822
190170 190192 368
190582 190192 504
189805 189797 770
189805 189800 1391
189805 189806 422
189805 190170 1148
190164 189797 1262
190164 189799 858
190164 190170 822
189797 189794 789
189797 189798 1370
189797 189805 770
189797 190164 1262
189800 189798 790
189800 189805 1391
189806 189805 422
189799 189794 1381
189799 189796 543
189799 190164 858
189794 189791 824
189794 189795 1384
189794 189797 789
189794 189799 1381
189798 189795 806
189798 189797 1370
189798 189800 790
189796 189791 1440
189796 189799 543
189791 189780 644
189791 189792 1331
189791 189794 824
189791 189796 1440
189795 189792 1063
189795 189794 1384
189795 189798 806
189780 189781 678
189780 189782 1331
189780 189791 644
189792 189782 661
189792 189791 1331
189792 189795 1063
189781 189780 678
189781 189783 1349
189782 189780 1331
189782 189783 659
189782 189792 661
189783 189774 714
189783 189781 1349
189783 189782 659
189774 189783 714
74
186273
186302
186280
186290
186298
186274
186279
186299
186275
186291
186278
186288
186276
186281
186277
189723
186289
186282
186293
189721
189722
190240
189720
190248
190246
190179
190239
190225
190241
190177
190236
190234
190224
190228
190242
190255
190233
190221
190230
190243
190254
190205
190208
190210
190229
190198
190206
190207
190199
190202
190211
190591
190197
190193
190192
190170
190582
189805
190164
189797
189800
189806
189799
189794
189798
189796
189791
189795
189780
189792
189781
189782
189783
189774
