252
88794 88795 279
88794 88796 1347
88794 88799 950
88795 88794 279
88795 89212 578
88796 88794 1347
88796 88797 1539
88799 88794 950
88799 88800 748
88799 88802 1425
89212 88795 578
89212 89213 170
88797 88796 1539
88797 88798 344
88797 89214 356
88800 88799 748
88800 88801 1265
88800 89195 848
88802 88799 1425
88802 88801 1324
88802 88818 1031
89213 89212 170
89213 89215 419
88798 88797 344
88798 89225 818
89214 88797 356
89214 89231 2476
88801 88800 1265
88801 88802 1324
88801 88806 909
89195 88800 848
89195 88811 1977
89195 89204 848
88818 88802 1031
88818 88810 1086
89215 89213 419
89215 89216 3130
89215 89218 1349
89225 88798 818
89225 89224 2287
89225 89224 2287
89231 89214 2476
89231 89252 356
88806 88801 909
88806 88807 452
88806 88810 333
88811 88807 452
88811 88812 452
88811 89195 1977
89204 89190 1004
89204 89195 848
89204 89206 1701
88810 88806 333
88810 88809 3481
88810 88818 1086
89216 89215 3130
89216 89217 846
89216 89220 344
89218 89215 1349
89218 89217 2280
89218 89219 2172
89224 89220 3071
89224 89225 2287
89224 89225 2287
89252 89231 356
89252 89259 452
89252 89384 1122
88807 88806 452
88807 88808 3447
88807 88811 452
88812 88811 452
88812 88813 554
88812 89206 445
89190 89191 698
89190 89193 2017
89190 89204 1004
89206 88812 445
89206 89193 796
89206 89204 1701
88809 88808 893
88809 88810 3481
88809 89450 875
89217 89216 846
89217 89218 2280
89217 89219 1021
89220 89216 344
89220 89221 333
89220 89224 3071
89219 89217 1021
89219 89218 2172
89219 89223 689
89259 89252 452
89259 89255 4977
89259 89393 1771
89384 89252 1122
89384 89394 893
88808 88807 3447
88808 88809 893
88808 88815 796
88813 88812 554
88813 88814 1781
88813 89194 1965
89191 89190 698
89191 89192 2024
89193 89190 2017
89193 89192 929
89193 89206 796
89450 88803 1014
89450 88809 875
89450 89451 1394
89221 89220 333
89221 89222 1588
89221 89230 295
89223 89219 689
89223 89476 558
89255 89256 562
89255 89259 4977
89255 89393 3335
89393 89255 3335
89393 89259 1771
89393 89392 1021
89394 89384 893
88815 88808 796
88815 88814 1149
88815 89454 2002
88814 88813 1781
88814 88815 1149
88814 89194 1540
89194 88813 1965
89194 88814 1540
89194 89454 1190
89192 89191 2024
89192 89193 929
88803 88804 688
88803 88805 1100
88803 89450 1014
89451 89450 1394
89222 89221 1588
89230 89221 295
89230 89226 521
89230 89229 376
89476 89223 558
89256 89255 562
89256 89257 3167
89256 89398 989
89392 89393 1021
89392 89399 452
89454 88815 2002
89454 89194 1190
89454 89455 667
88804 88803 688
88804 88805 1145
88804 88827 1891
88805 88803 1100
88805 88804 1145
88805 89452 753
89226 89230 521
89229 89228 3905
89229 89230 376
89229 89475 1537
89257 89256 3167
89257 89416 613
89398 89256 989
89398 89397 1891
89398 89415 2972
89399 89392 452
89399 89400 672
89455 89454 667
88827 88804 1891
88827 88828 1334
88827 88828 1334
89452 88805 753
89228 89196 3978
89228 89227 2801
89228 89229 3905
89228 89465 2738
89475 89229 1537
89416 89257 613
89416 89261 866
89416 89415 708
89397 89398 1891
89397 89400 1124
89397 89403 5959
89415 89398 2972
89415 89416 708
89400 89397 1124
89400 89399 672
89400 89402 5964
88828 88827 1334
88828 88827 1334
88828 89453 381
89196 89197 1120
89196 89228 3978
89227 89228 2801
89227 89258 522
89465 89228 2738
89465 89466 809
89465 89471 1880
89465 89549 3047
89261 89260 75
89261 89416 866
89403 89397 5959
89403 89402 611
89402 89400 5964
89402 89403 611
89453 88828 381
89197 89196 1120
89197 89198 427
89258 89227 522
89258 89260 411
89466 89465 809
89466 89467 898
89466 89470 914
89471 89465 1880
89471 91548 1312
89549 89465 3047
89549 89554 476
89260 89258 411
89260 89261 75
89260 89552 417
89198 89197 427
89467 89466 898
89467 89468 665
89467 89470 1272
89470 89466 914
89470 89467 1272
89470 89468 1759
91548 89471 1312
91548 89937 118
89554 89549 476
89554 89555 987
89552 89260 417
89552 89553 1604
89468 89467 665
89468 89469 325
89468 89470 1759
89937 89506 170
89937 91548 118
89555 89554 987
89553 89552 1604
89469 89468 325
89506 89507 1175
89506 89937 170
89507 89506 1175
89507 89508 829
89507 91896 974
89508 89507 829
89508 89509 1136
89508 91853 964
91896 89507 974
89509 89508 1136
91853 89508 964
78
88796
88797
88798
89214
88818
89225
89231
88810
89224
89252
88809
89220
89259
89384
88808
89450
89221
89255
89393
89394
88815
88814
89194
89192
88803
89451
89222
89230
89256
89392
89454
88804
88805
89226
89229
89257
89398
89399
89455
88827
89452
89228
89475
89416
89397
89415
89400
88828
89196
89227
89465
89261
89403
89402
89453
89197
89258
89466
89471
89549
89260
89198
89467
89470
91548
89554
89552
89468
89937
89555
89553
89469
89506
89507
89508
91896
89509
91853
