486
9776 9777 2744
9777 9776 2744
9777 9840 381
9777 9842 782
9840 9777 381
9840 9838 495
9840 9841 884
9842 9777 782
9842 9851 486
9842 9854 888
9838 9839 556
9838 9840 495
9841 9840 884
9841 9843 1860
9841 9844 765
9851 9842 486
9851 9850 782
9851 9852 2023
9854 9842 888
9854 9844 458
9854 9859 899
9839 9838 556
9843 9837 2450
9843 9841 1860
9843 9871 2666
9843 34480 143
9844 9841 765
9844 9845 1721
9844 9854 458
9850 9847 781
9850 9851 782
9852 9851 2023
9852 9853 732
9852 9855 1058
9852 9856 510
9859 9854 899
9859 9860 1148
9837 9836 1961
9837 9843 2450
9871 9843 2666
9871 16936 2406
9871 34481 1477
34480 9843 143
9845 9844 1721
9845 9846 601
9845 9862 1325
9847 9781 732
9847 9850 781
9847 34486 787
9853 9852 732
9855 9792 1014
9855 9852 1058
9856 9852 510
9860 9859 1148
9860 9861 1086
9836 9837 1961
16936 9831 2232
16936 9871 2406
16936 9872 410
34481 9871 1477
34481 34482 557
34481 34483 1168
9846 9845 601
9862 9845 1325
9862 9863 1138
9862 35048 1006
9781 9780 448
9781 9847 732
34486 9847 787
9792 9791 1570
9792 9797 1265
9792 9855 1014
9792 9865 1424
9861 9860 1086
9861 9864 2152
9861 9865 968
9831 9832 863
9831 16936 2232
9872 9873 629
9872 16936 410
34482 34481 557
34483 34481 1168
9863 9862 1138
9863 9864 1021
9863 35047 1632
35048 9862 1006
9780 9781 448
9791 9790 825
9791 9792 1570
9791 35319 422
9797 9792 1265
9797 9796 1616
9797 9799 1088
9797 9848 1011
9865 9792 1424
9865 9849 1284
9865 9861 968
9865 9866 2243
9864 9861 2152
9864 9863 1021
9864 9866 1052
9832 9831 863
9873 9872 629
9873 9875 984
9873 10386 259
35047 9863 1632
9790 9791 825
9790 9796 510
35319 9791 422
9796 9790 510
9796 9793 782
9796 9795 1086
9796 9797 1616
9799 9795 1565
9799 9797 1088
9799 11224 1036
9799 11318 707
9848 9797 1011
9848 9849 363
9849 9848 363
9849 9857 2205
9849 9858 1086
9849 9865 1284
9866 9857 1296
9866 9864 1052
9866 9865 2243
9875 9873 984
9875 9874 705
9875 10453 1128
10386 9873 259
10386 10387 412
10386 10387 412
9793 9786 192
9793 9794 1108
9793 9796 782
9795 9794 452
9795 9796 1086
9795 9798 989
9795 9799 1565
11224 9798 1619
11224 9799 1036
11224 11319 1197
11318 9799 707
11318 9858 705
9857 9849 2205
9857 9866 1296
9857 9869 1251
9857 9870 397
9858 9849 1086
9858 9869 1868
9858 11318 705
9858 11320 2215
9874 9875 705
9874 9877 333
10453 9875 1128
10453 10388 4199
10453 10463 687
10453 10468 871
10387 10386 412
10387 10386 412
9786 9785 147
9786 9793 192
9794 9793 1108
9794 9795 452
9798 9795 989
9798 11223 1124
9798 11224 1619
11319 11223 1678
11319 11224 1197
11319 11320 1424
9869 9857 1251
9869 9858 1868
9869 11335 2186
9870 9857 397
9870 9878 147
11320 9858 2215
11320 11319 1424
11320 11323 781
11320 11324 1193
9877 9874 333
9877 9876 2207
9877 10465 1385
10388 10389 1269
10388 10396 836
10388 10453 4199
10463 10453 687
10463 10465 315
10468 10453 871
10468 10459 733
10468 10469 1038
9785 9782 834
9785 9786 147
11223 9798 1124
11223 11319 1678
11223 35320 566
11335 9869 2186
11335 11324 210
11335 11337 346
9878 9870 147
9878 9879 643
9878 9880 1532
11323 11320 781
11323 11322 1428
11323 11325 897
11323 11326 984
11324 11320 1193
11324 11326 713
11324 11335 210
9876 9877 2207
9876 9889 978
9876 9889 978
10465 9877 1385
10465 10463 315
10465 10464 2402
10389 10388 1269
10389 10390 1385
10389 10392 679
10396 10388 836
10396 10392 1325
10396 10397 730
10396 10454 1613
10459 10460 1287
10459 10462 878
10459 10468 733
10469 10462 637
10469 10468 1038
10469 10481 729
9782 9778 1283
9782 9783 943
9782 9785 834
9782 35071 1863
35320 11223 566
11337 11335 346
9879 9878 643
9879 9881 1437
9879 9885 780
9880 9878 1532
9880 9881 883
11322 11234 988
11322 11321 832
11322 11323 1428
11325 11234 1409
11325 11323 897
11325 11333 794
11326 11323 984
11326 11324 713
11326 11333 938
9889 9876 978
9889 9876 978
9889 9890 853
10464 10465 2402
10464 10470 692
10464 10492 1863
10390 10389 1385
10390 10391 507
10390 10392 1311
10392 10389 679
10392 10390 1311
10392 10395 691
10392 10396 1325
10397 10395 1314
10397 10396 730
10397 10455 2179
10397 10456 732
10454 10396 1613
10454 10457 192
10454 10458 253
10460 10459 1287
10460 10461 177
10462 10455 1340
10462 10459 878
10462 10469 637
10481 10469 729
10481 10473 210
10481 10482 2120
9778 9779 1115
9778 9782 1283
9778 9789 395
9778 34484 1086
9783 9782 943
9783 9784 1193
9783 16935 1857
35071 9782 1863
9881 9879 1437
9881 9880 883
9881 9886 834
9881 11374 1849
9885 9879 780
9885 9884 1170
9885 9886 1477
11234 11229 1233
11234 11322 988
11234 11325 1409
11234 11327 1026
11321 11322 832
11333 11325 794
11333 11326 938
11333 11328 882
9890 9889 853
9890 9891 500
9890 9892 839
10470 10464 692
10470 10466 1933
10470 10495 781
10470 32252 1082
10492 10464 1863
10492 10491 852
10492 32376 384
10391 10385 1040
10391 10390 507
10391 10394 730
10395 10392 691
10395 10394 1772
10395 10397 1314
10395 10402 732
10455 10397 2179
10455 10461 657
10455 10462 1340
10456 10397 732
10456 10402 1442
10456 10472 1230
10456 10475 782
10457 10454 192
10458 10454 253
10461 10455 657
10461 10460 177
10473 10474 2662
10473 10479 773
10473 10481 210
10482 10481 2120
10482 10489 1281
10482 10490 2888
9779 9778 1115
9779 34485 977
9789 9778 395
34484 9778 1086
9784 9783 1193
9784 11221 487
9784 22334 1197
9784 22340 1768
16935 9783 1857
9886 9881 834
9886 9885 1477
9886 11378 252
11374 9881 1849
11374 11375 1448
9884 9882 1620
9884 9885 1170
9884 9888 1564
9884 9895 732
11229 11228 1169
11229 11233 936
11229 11234 1233
11327 11233 864
11327 11234 1026
11327 11328 1959
11327 32606 456
11328 11327 1959
11328 11333 882
11328 11339 825
9891 9890 500
9891 9892 339
9891 9893 1563
9892 9890 839
9892 9891 339
9892 9894 1403
10466 10467 1058
10466 10470 1933
10466 10471 1683
10495 10470 781
10495 10493 1222
10495 10496 548
32252 10470 1082
10491 9899 2754
10491 10492 852
10491 10498 1530
32376 10492 384
10385 9833 1297
10385 10381 849
10385 10391 1040
10385 10393 695
10394 10391 730
10394 10395 1772
10394 10401 782
10402 10395 732
10402 10401 1662
10402 10406 730
10402 10456 1442
10472 10456 1230
10475 10456 782
10475 10477 822
10475 34798 513
10474 10473 2662
10474 10476 648
10479 10473 773
10479 10478 1978
10479 10489 1243
10489 10479 1243
10489 10482 1281
10489 10529 1025
10490 10482 2888
10490 10537 244
10490 10543 1433
34485 9779 977
11221 9784 487
11221 9787 1039
11221 11222 702
22334 9784 1197
22334 22333 636
22334 22335 1696
22334 22336 1371
22340 9784 1768
11378 9886 252
11378 11377 292
11375 11349 975
11375 11374 1448
11375 11382 1034
9882 9883 1188
9882 9884 1620
9882 9894 730
9888 9884 1564
9888 9887 1516
9895 9884 732
9895 9894 1663
9895 9896 818
9895 9898 1460
11228 11226 643
11228 11229 1169
11233 11229 936
11233 11327 864
11233 11376 473
32606 11327 456
11339 11328 825
9893 9891 1563
9894 9882 730
9894 9892 1403
9894 9895 1663
10467 10466 1058
10471 10466 1683
10471 10496 656
10471 10504 273
10493 10494 642
10493 10495 1222
10496 10471 656
10496 10495 548
9899 9896 1195
9899 10491 2754
10498 10491 1530
9833 10385 1297
10381 10385 849
10393 10385 695
10401 10394 782
10401 10402 1662
10406 10402 730
10406 34798 955
10477 10475 822
10477 10476 356
34798 10406 955
34798 10475 513
10476 10474 648
10476 10477 356
10476 10478 594
10478 10476 594
10478 10479 1978
10529 10489 1025
10537 10490 244
10543 10490 1433
9787 11221 1039
11222 11221 702
22333 22334 636
22335 11226 884
22335 22334 1696
22336 22334 1371
11377 11378 292
11349 11375 975
11382 11375 1034
9883 9882 1188
9887 9888 1516
9896 9895 818
9896 9899 1195
9898 9895 1460
11226 11228 643
11226 22335 884
11376 11233 473
10504 10471 273
10494 10493 642
32
11337
9880
9881
9886
11374
11378
11375
10493
10496
9899
9833
10381
10393
10401
10406
34798
10478
10529
10537
10543
9787
22333
22335
11377
11349
11382
9887
9896
9898
11226
10504
10494
