26
177533 177534 186
177533 177559 2007
177534 177533 186
177534 180613 128
177534 186117 292
177534 186118 2006
177559 177533 2007
180613 177534 128
180613 180614 394
186117 177534 292
186118 177534 2006
180614 180613 394
180614 180627 1577
180627 180614 1577
180627 180617 697
180617 180343 806
180617 180615 827
180617 180627 697
180343 180344 476
180343 180345 445
180343 180617 806
180615 180616 612
180615 180617 827
180344 180343 476
180345 180343 445
180616 180615 612
14
177533
177534
177559
180613
186117
186118
180614
180627
180617
180343
180615
180344
180345
180616
