26
197838 197839 533
197839 197838 533
197667 197666 781
197675 197678 1412
197385 197386 767
197386 197385 767
197392 197663 587
197663 197392 587
197666 197667 781
197678 197675 1412
197715 197721 2215
197721 197715 2215
197721 197722 613
197722 197721 613
197724 197725 899
197850 197817 1280
197850 197845 801
197817 197850 1280
197728 197725 1118
197728 197897 833
197725 197724 899
197725 197728 1118
197845 197850 801
197897 197728 833
197860 197863 867
197863 197860 867
37
187537
190506
190507
189660
189661
197838
197837
197839
197842
197667
197675
197302
197374
197377
197385
197386
197392
197663
197666
197678
197715
197722
197724
197850
197728
197725
197823
197845
197830
197897
197854
197860
197861
197862
197899
197863
197867
