546
14323 14324 1491
14323 22660 2530
14324 14323 1491
14324 22658 252
22660 14323 2530
22660 22630 2450
22660 23248 847
22658 14324 252
22658 22659 708
22630 22622 434
22630 22631 373
22630 22660 2450
23248 22291 2925
23248 22660 847
23248 23247 927
22659 22658 708
22622 22291 747
22622 22620 275
22622 22630 434
22631 22630 373
22631 22632 511
22291 22266 2525
22291 22622 747
22291 22941 983
22291 23248 2925
23247 22941 2800
23247 23248 927
23247 23249 983
22620 22293 750
22620 22621 475
22620 22622 275
22632 22626 712
22632 22631 511
22632 22633 1222
22266 22213 2050
22266 22217 1220
22266 22289 343
22266 22291 2525
22941 22217 2514
22941 22291 983
22941 22940 983
22941 23247 2800
23249 22940 2800
23249 23247 983
23249 23250 279
22293 22290 826
22293 22618 373
22293 22620 750
22621 22620 475
22621 22628 1219
22626 22625 580
22626 22629 201
22626 22632 712
22626 22633 982
22633 22626 982
22633 22627 712
22633 22632 1222
22213 22212 4130
22213 22266 2050
22213 22267 373
22217 22211 5401
22217 22266 1220
22217 22939 747
22217 22941 2514
22289 22266 343
22289 22284 610
22940 22939 2525
22940 22941 983
22940 22942 884
22940 23249 2800
23250 22943 688
23250 23249 279
22290 22288 475
22290 22292 417
22290 22293 826
22618 22293 373
22618 22616 1256
22628 22621 1219
22625 22623 688
22625 22626 580
22625 22627 1032
22629 22626 201
22627 22625 1032
22627 22633 712
22627 22639 796
22212 22041 788
22212 22207 610
22212 22213 4130
22267 22213 373
22267 22264 2243
22211 22209 1223
22211 22217 5401
22939 22217 747
22939 22927 983
22939 22940 2525
22284 22282 1179
22284 22285 649
22284 22288 373
22284 22289 610
22942 22927 2478
22942 22932 983
22942 22940 884
22942 22943 2925
22943 22942 2925
22943 23250 688
22288 22284 373
22288 22290 475
22292 22287 1257
22292 22290 417
22616 22287 750
22616 22612 1786
22616 22618 1256
22616 22619 336
22623 22617 782
22623 22624 950
22623 22625 688
22623 22639 1014
22639 22623 1014
22639 22627 796
22041 22038 3344
22041 22191 475
22041 22209 279
22041 22212 788
22207 22202 373
22207 22212 610
22264 22262 982
22264 22267 2243
22264 22268 2243
22264 22270 708
22209 22041 279
22209 22210 1447
22209 22211 1223
22927 22215 2101
22927 22931 847
22927 22939 983
22927 22942 2478
22282 22281 713
22282 22283 475
22282 22284 1179
22285 22279 551
22285 22284 649
22285 22286 696
22932 22931 2450
22932 22942 983
22287 22286 708
22287 22292 1257
22287 22612 1671
22287 22616 750
22612 22280 930
22612 22287 1671
22612 22588 2007
22612 22616 1786
22612 22617 1548
22619 22616 336
22617 22612 1548
22617 22615 2153
22617 22623 782
22624 22623 950
22038 22035 2525
22038 22036 1055
22038 22040 884
22038 22041 3344
22191 22041 475
22191 22192 860
22191 22198 889
22202 22199 475
22202 22206 1635
22202 22207 373
22202 22208 982
22262 22261 1031
22262 22263 1560
22262 22264 982
22268 22260 1097
22268 22264 2243
22268 22269 336
22270 22264 708
22270 22275 649
22270 22281 1139
22210 22209 1447
22210 22214 778
22215 22214 3550
22215 22878 884
22215 22927 2101
22931 22927 847
22931 22928 1775
22931 22930 950
22931 22932 2450
22281 22270 1139
22281 22279 750
22281 22282 713
22283 22282 475
22279 22277 1978
22279 22281 750
22279 22285 551
22286 22280 1457
22286 22285 696
22286 22287 708
22280 22278 598
22280 22286 1457
22280 22611 1919
22280 22612 930
22588 22587 1780
22588 22611 756
22588 22612 2007
22588 22613 681
22615 22613 1097
22615 22617 2153
22035 22037 1222
22035 22038 2525
22036 22038 1055
22036 22189 1652
22040 22037 1964
22040 22038 884
22040 22043 747
22040 22049 1576
22192 22189 633
22192 22191 860
22198 22191 889
22198 22200 373
22199 22200 826
22199 22202 475
22206 22202 1635
22206 22205 516
22206 22258 1014
22208 22202 982
22208 22216 950
22208 22258 1873
22261 22259 1097
22261 22260 950
22261 22262 1031
22263 22216 1101
22263 22262 1560
22263 22265 562
22260 22257 598
22260 22261 950
22260 22268 1097
22269 22255 924
22269 22268 336
22269 22272 504
22275 22270 649
22275 22273 1031
22275 22277 681
22214 22050 1300
22214 22210 778
22214 22215 3550
22878 22215 884
22878 22867 1928
22878 22928 403
22928 22876 884
22928 22878 403
22928 22931 1775
22930 22876 1900
22930 22931 950
22930 22933 747
22277 22275 681
22277 22278 354
22277 22279 1978
22278 22276 1004
22278 22277 354
22278 22280 598
22611 22274 764
22611 22280 1919
22611 22588 756
22587 22584 667
22587 22588 1780
22613 22588 681
22613 22614 672
22613 22615 1097
22037 22035 1222
22037 22039 818
22037 22040 1964
22189 22036 1652
22189 22190 2169
22189 22192 633
22043 22039 1377
22043 22040 747
22043 22047 1120
22043 22048 1576
22049 22040 1576
22200 22198 373
22200 22199 826
22200 22201 884
22205 22206 516
22258 22206 1014
22258 22208 1873
22258 22259 1014
22216 22208 950
22216 22259 2243
22216 22263 1101
22259 22216 2243
22259 22258 1014
22259 22261 1097
22265 22263 562
22257 22256 672
22257 22260 598
22255 20182 818
22255 22252 756
22255 22269 924
22255 22271 1008
22272 22269 504
22272 22273 847
22272 22274 598
22273 22272 847
22273 22275 1031
22273 22276 869
22050 22047 3702
22050 22214 1300
22050 22865 847
22050 22867 2402
22867 22050 2402
22867 22866 884
22867 22878 1928
22876 22866 2326
22876 22928 884
22876 22929 847
22876 22930 1900
22933 22887 1022
22933 22929 1851
22933 22930 747
22276 22273 869
22276 22274 893
22276 22278 1004
22274 22272 598
22274 22276 893
22274 22611 764
22584 22583 889
22584 22585 598
22584 22587 667
22614 22613 672
22039 22037 818
22039 22042 1700
22039 22043 1377
22190 22189 2169
22047 22042 434
22047 22043 1120
22047 22050 3702
22048 22043 1576
22201 22200 884
22256 22232 2209
22256 22251 598
22256 22257 672
20182 20181 845
20182 22254 1398
20182 22255 818
22252 22251 847
22252 22253 1016
22252 22255 756
22271 22255 1008
22865 22046 139
22865 22050 847
22865 22866 2326
22866 22863 847
22866 22865 2326
22866 22867 884
22866 22876 2326
22929 22876 847
22929 22886 983
22929 22933 1851
22887 22886 1775
22887 22889 1867
22887 22933 1022
22887 22936 950
22583 22573 847
22583 22584 889
22583 22586 1877
22585 22584 598
22042 22039 1700
22042 22044 1055
22042 22047 434
22232 22228 1124
22232 22256 2209
22251 22231 1306
22251 22252 847
22251 22256 598
20181 20182 845
22254 20182 1398
22254 22246 950
22254 22247 2005
22254 22573 788
22253 22246 1398
22253 22252 1016
22046 22044 3304
22046 22693 747
22046 22865 139
22863 22693 2402
22863 22864 983
22863 22866 847
22863 22877 1775
22886 22879 275
22886 22887 1775
22886 22929 983
22889 22883 1179
22889 22887 1867
22889 22917 1867
22889 22938 1025
22936 22887 950
22936 22937 1025
22936 22938 1830
22573 22254 788
22573 22572 1039
22573 22583 847
22586 22583 1877
22586 22601 1375
22044 22042 1055
22044 22045 1030
22044 22046 3304
22228 22226 950
22228 22231 2126
22228 22232 1124
22231 22228 2126
22231 22233 580
22231 22251 1306
22246 22245 1978
22246 22249 869
22246 22253 1398
22246 22254 950
22247 22245 1032
22247 22254 2005
22247 22575 924
22693 22045 2633
22693 22046 747
22693 22697 983
22693 22863 2402
22864 22697 2402
22864 22863 983
22864 22871 884
22864 22879 2050
22877 22863 1775
22879 22864 2050
22879 22881 836
22879 22886 275
22883 22882 1025
22883 22885 1000
22883 22888 1901
22883 22889 1179
22917 22888 982
22917 22889 1867
22917 22916 1741
22917 22918 1025
22938 22889 1025
22938 22918 1867
22938 22936 1830
22937 22936 1025
22937 22944 475
22937 22945 3733
22572 22573 1039
22572 22576 1438
22572 22581 653
22601 22586 1375
22045 22044 1030
22045 22692 893
22045 22693 2633
22226 22225 1139
22226 22228 950
22226 22229 708
22233 22229 1336
22233 22231 580
22233 22234 1848
22233 22236 788
22245 22243 171
22245 22246 1978
22245 22247 1032
22249 22236 1188
22249 22246 869
22249 22248 672
22575 22247 924
22575 22574 905
22575 22576 982
22697 22693 983
22697 22694 1500
22697 22861 713
22697 22864 2402
22871 22864 884
22871 22868 1102
22871 22872 2453
22871 22873 950
22881 22873 982
22881 22879 836
22881 22882 1120
22881 22885 612
22882 22880 847
22882 22881 1120
22882 22883 1025
22882 22884 1955
22885 22881 612
22885 22883 1000
22888 22883 1901
22888 22884 826
22888 22897 818
22888 22917 982
22916 22901 1062
22916 22917 1741
22918 22917 1025
22918 22938 1867
22918 22952 612
22944 22937 475
22944 22947 434
22945 22937 3733
22945 22948 1025
22945 22952 420
22576 22572 1438
22576 22575 982
22581 22572 653
22692 22045 893
22692 22690 818
22692 22694 826
22225 22226 1139
22225 22227 756
22225 22241 784
22229 22226 708
22229 22233 1336
22234 22227 1428
22234 22233 1848
22234 22248 788
22236 22233 788
22236 22249 1188
22243 22245 171
22248 22234 788
22248 22249 672
22574 22575 905
22694 22692 826
22694 22697 1500
22861 22697 713
22868 22871 1102
22872 22871 2453
22873 22871 950
22873 22880 1293
22873 22881 982
22880 22873 1293
22880 22882 847
22884 22882 1955
22884 22888 826
22897 22888 818
22897 22901 950
22901 22897 950
22901 22916 1062
22952 22918 612
22952 22945 420
22947 22944 434
22947 22948 3797
22948 22945 1025
22948 22947 3797
22690 22692 818
22227 22225 756
22227 22234 1428
22241 22225 784
86
14324
22658
22659
22943
22639
22932
22617
22931
22615
22035
22036
22928
22930
22613
22037
22189
22205
22257
22876
22933
22614
22039
22190
22201
22256
22866
22929
22887
22042
22232
22251
22863
22886
22889
22936
22586
22044
22228
22231
22693
22864
22877
22879
22883
22917
22938
22937
22601
22045
22226
22233
22697
22871
22881
22882
22885
22888
22916
22918
22944
22945
22576
22581
22692
22225
22229
22234
22236
22243
22248
22574
22694
22861
22868
22872
22873
22880
22884
22897
22901
22952
22947
22948
22690
22227
22241
