36
201634 201635 774
201634 201636 955
201635 201634 774
201636 201634 955
201636 201637 945
201636 201638 2613
201636 201781 760
201637 201636 945
201638 201636 2613
201638 201789 369
201638 201790 539
201781 201636 760
201781 201782 639
201781 201784 1919
201789 201638 369
201789 201784 791
201789 201790 639
201790 201638 539
201790 201789 639
201790 201795 300
201782 201781 639
201782 201783 1247
201784 201781 1919
201784 201783 933
201784 201789 791
201795 201790 300
201795 201796 1421
201783 201782 1247
201783 201784 933
201796 201795 1421
201796 201797 1170
201796 201798 556
201797 201793 677
201797 201796 1170
201798 201796 556
201793 201797 677
16
201634
201635
201636
201637
201638
201781
201789
201790
201782
201784
201795
201783
201796
201797
201798
201793
