28
210033 210069 817
210070 210069 902
210070 210071 686
210071 210070 686
210071 210085 768
210069 210033 817
210069 210070 902
210085 210071 768
210358 214204 274
214204 210358 274
162628 162634 759
162628 162634 759
162634 162628 759
162634 162628 759
162590 214218 1009
162598 162602 600
214215 214218 828
214218 162590 1009
214218 214215 828
162602 162598 600
214125 214127 1252
214127 214125 1252
214128 214144 744
214144 214128 744
214144 214146 744
214152 214145 665
214145 214152 665
214146 214144 744
39
210009
210010
210025
210033
210070
210071
210069
210085
210088
210352
210358
214204
210343
210356
214205
214233
214234
214235
162628
162634
214244
162581
162590
162591
162598
214215
214218
162602
162605
214121
214122
214127
214128
214144
214151
214152
214145
214146
214016
