34
110409 110410 877
110409 110426 788
110409 110433 1532
110410 110409 877
110410 110419 1639
110426 110409 788
110426 110423 809
110426 110425 750
110426 110432 1223
110433 110409 1532
110433 110419 737
110433 110432 872
110433 110436 1223
110419 110410 1639
110419 110431 627
110419 110433 737
110423 110426 809
110425 110426 750
110432 110426 1223
110432 110433 872
110436 110427 788
110436 110433 1223
110436 110435 788
110431 110419 627
110431 110427 873
110427 110431 873
110427 110436 788
110427 110440 750
110435 110436 788
110435 110439 750
110440 110427 750
110440 110439 1576
110439 110435 750
110439 110440 1576
14
110409
110410
110426
110433
110419
110423
110425
110432
110436
110431
110427
110435
110440
110439
