70
220972 221266 1590
220972 224524 1192
221266 220972 1590
221266 220975 695
221266 224764 352
224524 220972 1192
224524 224763 140
220975 220985 890
220975 221266 695
220975 221273 630
224764 221266 352
224763 224524 140
220985 220974 721
220985 220975 890
220985 220983 794
221273 220975 630
220974 220985 721
220983 220981 727
220983 220985 794
220983 220987 1818
220981 220983 727
220981 220984 1835
220987 220983 1818
220987 220984 695
220984 220981 1835
220984 220982 898
220984 220987 695
220984 220992 2186
220982 220978 572
220982 220984 898
220982 220991 2216
220992 220984 2186
220992 220991 721
220978 220976 1711
220978 220982 572
220978 220996 2391
220978 224305 792
220991 220982 2216
220991 220992 721
220991 220996 747
220976 220978 1711
220976 224309 889
220996 220978 2391
220996 220991 747
220996 220995 277
220996 221277 532
224305 220978 792
224305 220993 2899
224305 224307 1050
224305 224309 1765
224309 220976 889
224309 224305 1765
224309 224662 1603
220995 220996 277
221277 220993 799
221277 220996 532
220993 220994 1934
220993 221277 799
220993 224305 2899
224307 224305 1050
224307 224308 384
224662 224309 1603
220994 220993 1934
220994 221576 726
224308 224307 384
224308 224310 3276
221576 220994 726
224310 224306 1425
224310 224308 3276
224306 224310 1425
31
220972
221266
224524
220975
224764
224763
220985
221273
220974
220983
220981
220987
220984
220982
220992
220978
220991
220976
220996
224305
224309
220995
221277
220993
224307
224662
220994
224308
221576
224310
224306
