134
71586 71587 711
71586 71588 893
71586 71595 2975
71587 71586 711
71588 71586 893
71588 71589 1858
71588 71590 885
71595 71586 2975
71595 71591 238
71595 71596 672
71589 71588 1858
71589 71590 2569
71589 71596 1342
71590 71588 885
71590 71589 2569
71590 71601 782
71591 71592 111
71591 71595 238
71596 71589 1342
71596 71595 672
71596 71597 1336
71601 71590 782
71592 71591 111
71592 71598 1608
71597 71593 685
71597 71596 1336
71597 71610 374
71598 71592 1608
71598 71599 1000
71598 71784 676
71593 71594 2253
71593 71597 685
71593 71600 768
71610 71597 374
71610 71609 929
71610 71611 333
71599 71598 1000
71599 71600 1225
71599 71785 844
71784 71598 676
71784 71785 1014
71784 71786 1861
71594 71593 2253
71600 71593 768
71600 71599 1225
71600 71787 2724
71609 71602 3043
71609 71604 2579
71609 71610 929
71611 71610 333
71611 71612 1225
71611 71790 3142
71785 71599 844
71785 71784 1014
71785 71788 1746
71786 71784 1861
71786 71788 445
71786 71789 2754
71787 71600 2724
71787 71788 672
71787 71793 4118
71602 71603 601
71602 71604 2022
71602 71609 3043
71604 71602 2022
71604 71605 329
71604 71609 2579
71612 71611 1225
71612 71613 344
71612 71616 852
71790 71611 3142
71790 71791 796
71790 71800 1936
71788 71785 1746
71788 71786 445
71788 71787 672
71789 71786 2754
71789 71809 1000
71789 71811 844
71793 71787 4118
71793 71809 1565
71603 71602 601
71605 71604 329
71605 76634 343
71613 71612 344
71613 71614 1103
71613 71615 796
71616 71612 852
71616 71617 1187
71616 71620 591
71791 71790 796
71800 71790 1936
71800 71802 389
71809 71789 1000
71809 71793 1565
71809 71810 946
71811 71789 844
76634 71605 343
71614 71613 1103
71615 71613 796
71615 71618 1861
71615 71619 445
71615 71622 852
71617 71616 1187
71617 71620 601
71617 71797 255
71620 71616 591
71620 71617 601
71620 71621 818
71802 71799 988
71802 71800 389
71802 71803 951
71810 71809 946
71618 71615 1861
71619 71615 445
71619 71625 2240
71619 71626 403
71622 71615 852
71797 71617 255
71797 71798 541
71621 71620 818
71621 71798 519
71799 71798 1120
71799 71801 1226
71799 71802 988
71803 71802 951
71625 71619 2240
71626 71619 403
71626 71804 1970
71798 71621 519
71798 71797 541
71798 71799 1120
71801 71799 1226
71804 71626 1970
17
71591
71592
71598
71599
71784
71600
71785
71786
71787
71788
71789
71793
71809
71811
71810
71626
71804
