486
92427 92428 2304
92427 92745 756
92427 101754 1052
92428 92427 2304
92428 98969 3580
92745 92427 756
92745 92432 1595
92745 92727 1183
101754 92427 1052
101754 92709 1331
101754 98927 259
98969 92428 3580
98969 98957 2866
98969 98972 580
98969 101679 3076
92432 92433 1081
92432 92745 1595
92432 92787 1464
92727 92548 771
92727 92710 1184
92727 92745 1183
92727 98927 462
92709 92710 560
92709 95733 6145
92709 101754 1331
98927 92727 462
98927 101754 259
98957 98931 7019
98957 98966 2132
98957 98969 2866
98972 98969 580
98972 98973 2192
98972 98974 2133
101679 98969 3076
101679 101671 212
101679 101680 562
92433 92432 1081
92433 98959 672
92433 98960 1728
92787 92432 1464
92787 92548 722
92787 92786 2545
92548 92549 1018
92548 92727 771
92548 92787 722
92710 92549 797
92710 92709 560
92710 92727 1184
95733 92709 6145
95733 95732 715
95733 98925 842
95733 98926 1114
98931 98899 5845
98931 98957 7019
98966 98957 2132
98966 98965 475
98973 98960 3044
98973 98972 2192
98973 98974 994
98974 98972 2133
98974 98973 994
98974 98975 1307
98974 101681 2202
101671 101679 212
101680 101679 562
101680 101681 1658
101680 101694 1816
98959 92433 672
98959 98961 556
98960 92433 1728
98960 98973 3044
92786 92787 2545
92786 92811 1322
92786 98936 800
92549 92548 1018
92549 92703 321
92549 92710 797
95732 95733 715
95732 95734 1122
95732 98924 641
98925 95733 842
98925 98919 1687
98925 98920 834
98926 95733 1114
98926 98920 848
98926 98932 1848
98899 98896 1985
98899 98898 2466
98899 98931 5845
98965 98950 4499
98965 98950 4499
98965 98966 475
98975 98971 4622
98975 98974 1307
98975 101683 145
101681 98974 2202
101681 101680 1658
101681 101687 1643
101681 101688 3749
101694 101680 1816
101694 101693 397
98961 98959 556
98961 98963 365
98961 98964 336
98961 98970 942
92811 92786 1322
92811 92845 541
92811 92846 433
98936 92786 800
98936 98932 1931
92703 92549 321
95734 95732 1122
95734 102586 1988
98924 95732 641
98924 98918 1610
98924 98922 1021
98919 98884 2685
98919 98912 697
98919 98920 1549
98919 98921 2447
98919 98925 1687
98920 98919 1549
98920 98925 834
98920 98926 848
98932 98926 1848
98932 98936 1931
98932 99449 932
98896 98895 1325
98896 98899 1985
98896 98929 2118
98898 98897 927
98898 98899 2466
98898 98902 806
98950 98949 1952
98950 98965 4499
98950 98965 4499
98971 98970 532
98971 98975 4622
101683 98975 145
101683 101684 3420
101683 101685 336
101687 101681 1643
101687 101685 747
101688 94534 772
101688 101681 3749
101693 94534 2680
101693 101694 397
98963 98961 365
98963 98962 735
98964 98961 336
98964 100159 446
98970 98961 942
98970 98971 532
92845 92811 541
92846 92811 433
102586 95734 1988
98918 98911 1178
98918 98924 1610
98922 98923 966
98922 98924 1021
98922 101934 834
98884 98878 2835
98884 98879 1811
98884 98913 593
98884 98919 2685
98912 98879 3975
98912 98909 1811
98912 98919 697
98921 98915 631
98921 98919 2447
98921 98928 2043
99449 98932 932
99449 99450 342
99449 102782 389
98895 98891 1069
98895 98894 1762
98895 98896 1325
98929 98896 2118
98929 98930 1862
98897 98894 418
98897 98898 927
98897 98900 2427
98902 98898 806
98902 98901 1335
98902 98903 2698
98949 98947 1159
98949 98950 1952
98949 98951 931
101684 101683 3420
101684 101723 3544
101684 102749 5057
101685 101683 336
101685 101687 747
101685 101689 1015
94534 94535 1038
94534 101688 772
94534 101693 2680
98962 98963 735
98962 101845 1186
100159 98964 446
100159 100162 9135
98911 98909 1280
98911 98910 1483
98911 98918 1178
98923 98922 966
101934 98922 834
98878 98863 1288
98878 98884 2835
98878 98885 475
98878 98886 750
98879 98864 2149
98879 98884 1811
98879 98912 3975
98913 98884 593
98913 98917 686
98909 98875 2506
98909 98911 1280
98909 98912 1811
98915 98916 2483
98915 98921 631
98928 98888 1196
98928 98921 2043
98928 98934 1627
99450 99449 342
102782 99449 389
98891 98890 3505
98891 98895 1069
98894 98892 3299
98894 98893 2714
98894 98895 1762
98894 98897 418
98930 98929 1862
98900 98897 2427
98900 98901 917
98900 98905 1416
98901 98900 917
98901 98902 1335
98901 98938 1433
98903 98902 2698
98903 98907 1176
98947 98943 1636
98947 98944 2120
98947 98949 1159
98951 93572 1454
98951 98949 931
98951 98953 1197
101723 101684 3544
102749 101684 5057
102749 101696 2278
102749 101696 2278
101689 101685 1015
101689 101709 7501
94535 94534 1038
101845 98935 530
101845 98962 1186
100162 98933 5762
100162 100159 9135
100162 100164 1409
100162 100171 1601
98910 98911 1483
98863 98862 2742
98863 98878 1288
98885 98878 475
98885 98882 1142
98886 98878 750
98886 98887 1107
98864 98862 2706
98864 98879 2149
98917 98913 686
98917 98916 136
98875 98873 1642
98875 98909 2506
98916 98915 2483
98916 98917 136
98888 98887 6299
98888 98928 1196
98888 98933 7532
98934 98928 1627
98934 98935 4017
98890 98848 2110
98890 98889 629
98890 98891 3505
98892 93532 2389
98892 98893 1447
98892 98894 3299
98893 93549 629
98893 98892 1447
98893 98894 2714
98905 98900 1416
98905 98906 2698
98938 98901 1433
98938 98939 1428
98907 98903 1176
98907 98939 1466
98907 98941 1234
98943 93558 2316
98943 98945 1251
98943 98947 1636
98943 98948 1168
98944 93558 2329
98944 93568 1744
98944 98947 2120
93572 93571 3404
93572 93573 2543
93572 98951 1454
98953 98951 1197
98953 98952 1182
98953 98954 2561
101696 101695 4220
101696 102749 2278
101696 102749 2278
101709 101689 7501
101709 101695 1852
101709 101708 1000
98935 98934 4017
98935 101845 530
98933 98888 7532
98933 100162 5762
100164 100162 1409
100171 100162 1601
100171 100173 4168
98862 98783 1170
98862 98863 2742
98862 98864 2706
98882 98785 2255
98882 98885 1142
98887 98886 1107
98887 98888 6299
98873 98874 877
98873 98875 1642
98873 98880 1062
98848 98846 1901
98848 98847 764
98848 98890 2110
98889 98838 2390
98889 98846 877
98889 98890 629
93532 93530 1413
93532 98892 2389
93532 102032 1818
93549 93547 2612
93549 93551 1517
93549 98893 629
98906 98905 2698
98906 98937 475
98906 98939 1420
98906 98940 2377
98939 98906 1420
98939 98907 1466
98939 98938 1428
98941 98907 1234
98941 98946 3028
98941 98956 1344
93558 93557 3962
93558 98942 905
93558 98943 2316
93558 98944 2329
98945 98940 452
98945 98943 1251
98945 98946 2778
98948 98943 1168
93568 93569 2859
93568 93571 1132
93568 98944 1744
93571 93568 1132
93571 93570 1289
93571 93572 3404
93573 93570 3377
93573 93572 2543
93573 98952 1445
98952 93573 1445
98952 98953 1182
98952 98955 2557
98954 98953 2561
98954 98955 1098
98954 98967 4180
101695 101696 4220
101695 101709 1852
101695 101712 1016
101695 101716 1392
101708 101709 1000
101708 101710 840
100173 100171 4168
98783 98761 7770
98783 98862 1170
98785 98786 1260
98785 98881 2017
98785 98882 2255
98874 98873 877
98874 98876 1650
98874 98877 1022
98880 98870 2237
98880 98873 1062
98880 101930 2285
98846 98838 2376
98846 98839 869
98846 98848 1901
98846 98889 877
98847 98839 1830
98847 98845 840
98847 98848 764
98838 98835 1352
98838 98846 2376
98838 98889 2390
93530 93529 354
93530 93531 1098
93530 93532 1413
102032 93532 1818
93547 93546 1143
93547 93549 2612
93551 93549 1517
93551 93550 610
93551 98904 435
98937 98906 475
98940 98906 2377
98940 98942 1768
98940 98945 452
98946 98941 3028
98946 98945 2778
98946 98958 445
98956 98941 1344
93557 93553 1516
93557 93558 3962
93557 93559 932
98942 93554 475
98942 93558 905
98942 98940 1768
93569 93567 210
93569 93568 2859
93569 93570 1222
93570 93569 1222
93570 93571 1289
93570 93573 3377
98955 98952 2557
98955 98954 1098
98955 98968 4376
98967 98954 4180
98967 98968 404
101712 101695 1016
101712 101710 1517
101712 101714 76
101716 101695 1392
101716 101717 2591
101710 101706 1000
101710 101708 840
101710 101712 1517
98761 98753 3323
98761 98754 1555
98761 98782 2281
98761 98783 7770
98786 98785 1260
98881 98785 2017
98881 98883 5150
98876 98874 1650
98877 98874 1022
98870 98868 1228
98870 98880 2237
101930 98880 2285
98839 98835 3326
98839 98846 869
98839 98847 1830
98845 98847 840
98835 98838 1352
98835 98839 3326
93529 93530 354
93531 93530 1098
93546 93547 1143
93550 93551 610
98904 93551 435
98958 98946 445
93553 93554 3878
93553 93557 1516
93559 93557 932
93554 93553 3878
93554 98942 475
93567 93569 210
98968 98955 4376
98968 98967 404
101714 101712 76
101717 101716 2591
101706 101710 1000
98753 98761 3323
98754 98761 1555
98782 98761 2281
98883 98881 5150
98868 98870 1228
41
101679
101671
101680
101681
101694
101687
101688
101693
101685
94534
101689
94535
101709
100164
101695
101708
101712
101716
101710
98786
98870
98839
98845
98835
93529
93531
93546
93550
98904
93553
93554
93567
98968
101714
101717
101706
98753
98754
98782
98883
98868
