60
94579 94580 940
94579 102067 968
94579 103156 852
94580 94579 940
94580 102066 499
102067 94579 968
102067 102065 415
103156 94579 852
103156 103157 1163
102066 94580 499
102066 102068 188
102065 97517 1704
102065 102067 415
103157 103156 1163
102068 102066 188
97517 97516 74
97517 102065 1704
97516 97512 1480
97516 97517 74
97516 97518 1393
97512 97513 522
97512 97516 1480
97518 97516 1393
97518 97519 4576
97518 103154 1952
97513 97511 89
97513 97512 522
97513 102061 398
97519 97518 4576
103154 97518 1952
103154 97526 2109
97511 97513 89
102061 97513 398
97526 97525 2205
97526 103154 2109
97526 103155 829
97525 97524 611
97525 97526 2205
97525 97530 7851
103155 97526 829
97524 97525 611
97524 103158 5263
97530 97525 7851
97530 101982 856
97530 103170 1114
103158 97523 281
103158 97524 5263
103158 103163 1365
101982 97530 856
103170 97530 1114
103170 103171 58
97523 103158 281
97523 103159 1055
103163 103158 1365
103163 103164 635
103171 103170 58
103159 97523 1055
103159 103160 390
103164 103163 635
103160 103159 390
5
102068
97511
97523
103159
103160
