474
230026 230027 241
230026 233444 249
230026 235417 528
230027 230026 241
230027 233418 492
233444 230026 249
233444 233443 157
235417 230026 528
233418 230027 492
233418 233416 1845
233418 233442 905
233443 233444 157
233416 233404 1139
233416 233417 1031
233416 233418 1845
233416 233433 713
233442 233418 905
233404 233399 417
233404 233402 1000
233404 233416 1139
233417 233416 1031
233417 233439 1927
233417 233440 2229
233433 233405 344
233433 233416 713
233433 233434 902
233399 233397 1741
233399 233404 417
233399 233406 238
233399 233412 2215
233402 233400 1014
233402 233404 1000
233402 233405 1463
233439 233417 1927
233440 233417 2229
233440 233426 696
233405 233402 1463
233405 233403 950
233405 233433 344
233434 233433 902
233397 233370 139
233397 233388 1621
233397 233395 373
233397 233399 1741
233406 233399 238
233406 233407 867
233406 233408 687
233412 233399 2215
233412 233419 1031
233400 233382 1248
233400 233402 1014
233400 233403 1652
233426 233422 569
233426 233427 87
233426 233428 562
233426 233440 696
233403 233400 1652
233403 233401 1234
233403 233405 950
233370 233368 3088
233370 233397 139
233388 233386 778
233388 233397 1621
233395 233396 879
233395 233397 373
233407 233406 867
233408 233406 687
233408 233409 706
233419 233412 1031
233419 233422 218
233382 233380 1124
233382 233400 1248
233382 233401 1572
233422 233419 218
233422 233426 569
233427 233426 87
233427 234706 1104
233427 234707 538
233428 233426 562
233428 233429 21426
233401 233382 1572
233401 233383 1124
233401 233403 1234
233401 233432 1254
233368 233362 1021
233368 233370 3088
233386 231974 3870
233386 233387 1357
233386 233388 778
233396 233395 879
233396 233398 228
233409 233408 706
233380 233379 1139
233380 233382 1124
233380 233383 1572
234706 233269 1195
234706 233427 1104
234707 233427 538
234707 235215 153
233429 233428 21426
233429 239207 22836
233383 233380 1572
233383 233381 1004
233383 233401 1124
233383 233431 2508
233432 233401 1254
233432 233435 1719
233432 233436 845
233362 233363 251
233362 233367 503
233362 233368 1021
231974 231973 1254
231974 233363 687
231974 233386 3870
233387 233386 1357
233398 233385 75
233398 233396 228
233379 233366 1492
233379 233377 1454
233379 233380 1139
233379 233381 1451
233269 233270 9179
233269 234370 889
233269 234706 1195
235215 234707 153
239207 233429 22836
239207 240018 278
233381 233378 2783
233381 233379 1451
233381 233383 1004
233381 234924 1439
233431 233383 2508
233435 233432 1719
233435 233437 238
233435 233438 444
233436 233432 845
233363 231974 687
233363 233362 251
233363 233364 1492
233367 233362 503
233367 233369 1441
231973 231974 1254
231973 233359 832
231973 233360 383
231973 235594 1090
233385 233369 2209
233385 233398 75
233366 233355 2155
233366 233356 1222
233366 233369 893
233366 233379 1492
233377 233375 905
233377 233376 1011
233377 233379 1454
233270 233269 9179
233270 233446 4888
234370 233269 889
234370 234372 126
240018 239207 278
240018 240019 3358
233378 233326 2224
233378 233375 1178
233378 233381 2783
234924 233381 1439
233437 233435 238
233438 233435 444
233438 234444 342
233364 233363 1492
233364 234441 405
233369 233366 893
233369 233367 1441
233369 233385 2209
233359 231973 832
233359 233173 258
233359 233365 713
233360 231973 383
235594 231973 1090
233355 233353 1256
233355 233366 2155
233356 233353 2681
233356 233354 672
233356 233366 1222
233356 233376 597
233375 233373 1193
233375 233374 1014
233375 233377 905
233375 233378 1178
233376 233356 597
233376 233373 1000
233376 233377 1011
233446 233270 4888
233446 233445 142
233446 233449 1314
233446 233451 2367
234372 234370 126
234372 234373 371
240019 240018 3358
240019 240032 838
233326 233317 1139
233326 233318 867
233326 233378 2224
233326 233430 980
234444 233438 342
234441 233364 405
233173 233174 2119
233173 233334 530
233173 233359 258
233365 233359 713
233353 233352 687
233353 233355 1256
233353 233356 2681
233354 233351 2247
233354 233356 672
233354 233358 2223
233373 233372 1000
233373 233375 1193
233373 233376 1000
233374 233318 1357
233374 233372 1358
233374 233375 1014
233445 233446 142
233449 233446 1314
233449 233450 898
233451 233446 2367
233451 233452 6787
234373 234372 371
240032 240019 838
240032 263714 465
233317 233268 948
233317 233319 817
233317 233326 1139
233318 233268 1124
233318 233326 867
233318 233371 1652
233318 233374 1357
233430 233326 980
233174 233173 2119
233174 233329 274
233334 233173 530
233352 233351 515
233352 233353 687
233351 233350 1124
233351 233352 515
233351 233354 2247
233358 233242 1111
233358 233243 667
233358 233354 2223
233372 233371 1556
233372 233373 1000
233372 233374 1358
233450 233449 898
233452 233451 6787
233452 233460 344
263714 240032 465
263714 240036 1807
233268 233267 627
233268 233315 905
233268 233317 948
233268 233318 1124
233319 233315 1059
233319 233316 905
233319 233317 817
233319 233325 515
233371 233243 679
233371 233318 1652
233371 233372 1556
233329 233174 274
233350 233349 786
233350 233351 1124
233350 233357 353
233242 233240 782
233242 233358 1111
233243 233240 1219
233243 233241 1111
233243 233358 667
233243 233371 679
233460 233452 344
233460 233461 1268
233460 233462 2406
240036 240034 556
240036 240035 1222
240036 240038 871
240036 263714 1807
233267 233261 1111
233267 233262 796
233267 233268 627
233315 233262 597
233315 233268 905
233315 233312 905
233315 233319 1059
233316 233312 1059
233316 233319 905
233316 233320 238
233325 233319 515
233349 233350 786
233357 233350 353
233240 233236 515
233240 233239 1055
233240 233242 782
233240 233243 1219
233241 233239 867
233241 233243 1111
233461 233460 1268
233462 233460 2406
233462 233481 1540
233462 233482 687
240034 240033 1071
240034 240036 556
240034 240524 665
240035 240031 280
240035 240036 1222
240035 240037 928
240038 240036 871
240038 240078 353
233261 233260 889
233261 233267 1111
233262 233260 1300
233262 233267 796
233262 233311 672
233262 233315 597
233312 233265 445
233312 233266 627
233312 233315 905
233312 233316 1059
233320 233313 344
233320 233316 238
233320 233321 627
233236 233240 515
233239 233240 1055
233239 233241 867
233481 233462 1540
233481 233482 1442
233482 233462 687
233482 233469 1031
233482 233481 1442
240033 240026 1027
240033 240027 762
240033 240034 1071
240524 240034 665
240524 261206 583
240524 261207 1179
240031 240029 1831
240031 240035 280
240037 240035 928
240037 240075 889
240037 240076 762
240078 240038 353
240078 240075 893
240078 240077 804
233260 233261 889
233260 233262 1300
233311 233262 672
233311 233266 344
233265 233263 1011
233265 233305 580
233265 233312 445
233265 233313 1193
233266 233264 353
233266 233311 344
233266 233312 627
233313 233265 1193
233313 233314 580
233313 233320 344
233313 233323 1528
233321 233320 627
233321 233324 11
233469 233467 838
233469 233482 1031
233469 233483 2966
240026 240023 1223
240026 240027 672
240026 240033 1027
240027 240025 1139
240027 240026 672
240027 240033 762
261206 240524 583
261206 261207 596
261207 240524 1179
261207 241679 510
261207 261206 596
240029 240028 2561
240029 240031 1831
240075 240037 889
240075 240077 1532
240075 240078 893
240076 240037 762
240076 240085 2190
240077 240075 1532
240077 240078 804
240077 240582 1848
233263 233264 238
233263 233265 1011
233305 233265 580
233305 233314 1193
233264 233263 238
233264 233266 353
233314 233305 1193
233314 233313 580
233314 233322 786
233323 233313 1528
233323 233328 433
233324 233321 11
233467 233468 1030
233467 233469 838
233467 233470 2742
233483 233469 2966
233483 233470 1198
240023 240020 1112
240023 240025 893
240023 240026 1223
240025 240022 1194
240025 240023 893
240025 240027 1139
241679 240537 251
241679 240592 929
241679 261207 510
240028 240017 817
240028 240029 2561
240028 240030 1607
240085 240076 2190
240085 240086 515
240582 240077 1848
240582 240603 275
233322 233306 562
233322 233314 786
233322 233327 627
233328 233323 433
233468 233467 1030
233470 233467 2742
233470 233483 1198
233470 233485 2054
240020 240021 597
240020 240022 905
240020 240023 1112
240022 240020 905
240022 240024 706
240022 240025 1194
240537 240538 1095
240537 240539 1124
240537 241679 251
240592 240589 593
240592 241676 297
240592 241679 929
240017 240008 1767
240017 240012 786
240017 240028 817
240030 240028 1607
240030 240073 275
240086 240085 515
240086 240195 259
240603 240582 275
240603 240604 287
233306 233322 562
233327 233322 627
233327 234701 427
233485 233470 2054
233485 234714 400
240021 240020 597
240024 240022 706
240538 240537 1095
240538 240585 433
240538 240589 602
240539 240537 1124
240589 240538 602
240589 240592 593
241676 240592 297
240008 240017 1767
240012 240017 786
240073 240030 275
240195 240086 259
240604 240603 287
234701 233327 427
234714 233485 400
240585 240538 433
50
233388
233408
233386
233409
233362
231974
233387
233363
233367
231973
233364
233369
233359
233360
235594
234441
233173
233365
233174
233334
233450
233329
233242
233349
233240
233241
233236
233239
233260
233263
233305
233264
233314
233483
233322
233470
233306
233327
233485
240539
240589
241676
240008
240012
240073
240195
240604
234701
234714
240585
