508
161521 161522 2560
161521 161536 562
161522 161521 2560
161522 161523 477
161522 161548 872
161522 161579 647
161536 161521 562
161536 161535 1831
161536 161704 986
161523 161522 477
161548 161522 872
161548 161547 2155
161579 161522 647
161579 213237 209
161535 161536 1831
161535 161537 3267
161535 161595 1310
161704 161536 986
161547 161546 601
161547 161548 2155
161547 161578 893
213237 161579 209
213237 213230 538
213237 213232 544
161537 161535 3267
161537 161538 3881
161537 161580 458
161537 161594 646
161595 161535 1310
161595 161596 584
161595 161720 1029
161546 161545 818
161546 161547 601
161578 161545 253
161578 161547 893
161578 161577 475
213230 213229 469
213230 213234 938
213230 213237 538
213232 213229 538
213232 213231 1192
213232 213237 544
161538 161537 3881
161538 161539 553
161538 161540 649
161580 161537 458
161580 161581 3471
161580 161594 795
161594 161537 646
161594 161580 795
161594 161593 1972
161596 161593 472
161596 161595 584
161720 161595 1029
161545 161544 1114
161545 161546 818
161545 161578 253
161577 161544 1226
161577 161572 237
161577 161578 475
213229 213230 469
213229 213232 538
213229 213235 665
213229 213236 674
213234 213230 938
213234 213233 240
213234 213235 443
213231 213232 1192
213231 213236 797
161539 161538 553
161540 161538 649
161540 161541 2275
161540 161592 748
161581 161580 3471
161581 161582 1592
161581 161715 675
161593 161594 1972
161593 161596 472
161593 161716 672
161593 161721 2334
161544 161543 249
161544 161545 1114
161544 161577 1226
161572 161543 1363
161572 161573 548
161572 161574 272
161572 161577 237
213235 213229 665
213235 213234 443
213235 213236 866
213236 161573 251
213236 213229 674
213236 213231 797
213236 213235 866
213233 213228 1033
213233 213234 240
213233 214684 267
161541 161540 2275
161592 161540 748
161582 161581 1592
161582 161584 806
161582 161895 485
161715 161581 675
161715 161713 238
161715 161896 344
161716 161593 672
161716 161717 713
161716 161722 2642
161721 161593 2334
161721 161702 1032
161721 161722 789
161721 161726 829
161543 161542 851
161543 161544 249
161543 161572 1363
161543 161576 555
161573 161572 548
161573 213236 251
161574 161572 272
161574 161575 734
161574 161576 1152
213228 213222 757
213228 213227 767
213228 213233 1033
214684 213233 267
161584 161582 806
161584 161583 313
161895 161582 485
161895 161893 634
161713 161709 1066
161713 161714 222
161713 161715 238
161896 161715 344
161896 161894 924
161896 162027 702
161717 161716 713
161717 161718 818
161717 161723 2565
161722 161716 2642
161722 161721 789
161722 161723 688
161722 161727 1183
161702 161700 710
161702 161703 710
161702 161721 1032
161726 161698 553
161726 161700 951
161726 161721 829
161542 161543 851
161576 161543 555
161576 161574 1152
161576 161575 678
161575 161574 734
161575 161576 678
213222 213220 2648
213222 213227 362
213222 213228 757
213227 213221 2275
213227 213222 362
213227 213228 767
161583 161584 313
161583 161585 518
161583 161903 1906
161893 161894 276
161893 161895 634
161893 161910 905
161709 161708 511
161709 161710 818
161709 161713 1066
161714 161713 222
161894 161893 276
161894 161896 924
161894 162024 422
162027 161896 702
162027 162028 516
161718 161706 333
161718 161717 818
161718 161724 791
161723 161717 2565
161723 161722 688
161723 161725 848
161723 161728 1341
161727 161698 818
161727 161722 1183
161727 161728 747
161727 161745 1029
161700 161701 601
161700 161702 710
161700 161726 951
161703 161702 710
161698 161699 364
161698 161726 553
161698 161727 818
213220 213038 1480
213220 213212 2364
213220 213221 1227
213220 213222 2648
213221 213220 1227
213221 213224 1188
213221 213227 2275
161585 161583 518
161585 161586 767
161585 161898 782
161903 161583 1906
161903 161902 506
161903 161913 202
161910 161893 905
161910 162029 1472
161910 162040 796
161708 161707 678
161708 161709 511
161708 162028 238
161710 161709 818
161710 161711 238
161710 161712 907
162024 161894 422
162024 162025 851
162024 162026 672
162028 161708 238
162028 162025 1055
162028 162027 516
161706 161705 848
161706 161718 333
161706 161719 1146
161724 161718 791
161724 161725 1858
161724 161769 688
161725 161723 848
161725 161724 1858
161725 161765 1229
161725 161768 747
161728 161723 1341
161728 161727 747
161728 161744 1029
161728 161765 688
161745 161695 818
161745 161727 1029
161745 161744 747
161701 161700 601
161701 172883 309
161699 161695 676
161699 161698 364
161699 172883 937
213038 211522 14971
213038 213220 1480
213212 212284 11206
213212 213220 2364
213212 213223 1225
213224 213221 1188
213224 213225 2687
213224 213226 2926
161586 161585 767
161586 161587 1576
161586 161888 767
161898 161585 782
161898 161897 518
161898 161904 581
161902 161903 506
161902 161918 422
161913 161903 202
161913 161912 374
162029 161910 1472
162029 162025 782
162029 162031 843
162029 162035 796
162040 161910 796
162040 162041 562
161707 161705 1658
161707 161708 678
161707 162030 1323
161711 161710 238
161712 161710 907
162025 162024 851
162025 162028 1055
162025 162029 782
162025 162030 753
162026 162024 672
161705 161706 848
161705 161707 1658
161705 161773 1494
161719 161706 1146
161769 161724 688
161769 161768 2012
161769 161774 650
161765 161725 1229
161765 161728 688
161765 161766 1066
161765 161767 747
161768 161725 747
161768 161767 1229
161768 161769 2012
161768 161778 688
161744 161728 1029
161744 161743 907
161744 161745 747
161744 161766 818
161695 161696 477
161695 161697 922
161695 161699 676
161695 161745 818
172883 161699 937
172883 161701 309
211522 211516 7853
211522 211521 7211
211522 213038 14971
212284 212227 774
212284 212285 2700
212284 213212 11206
212284 214460 1638
213223 213212 1225
213225 213224 2687
213226 213224 2926
161587 161586 1576
161587 161588 678
161587 161589 631
161888 161586 767
161888 161589 1447
161888 161891 778
161897 161891 1102
161897 161898 518
161897 172376 778
161904 161898 581
161918 161902 422
161918 161917 782
161912 161911 713
161912 161913 374
161912 161917 1227
162031 162029 843
162031 162030 1140
162031 162036 907
162035 162029 796
162035 162034 672
162041 161915 759
162041 162034 1451
162041 162040 562
162041 162044 796
162030 161707 1323
162030 162025 753
162030 162031 1140
162030 162039 791
161773 161705 1494
161773 161772 374
161773 162039 986
161774 161769 650
161774 161775 344
161774 161776 518
161766 161744 818
161766 161765 1066
161766 161783 611
161767 161765 747
161767 161768 1229
161767 161779 713
161767 161783 1029
161778 161768 688
161778 161776 1305
161778 161779 1305
161778 161788 707
161743 161734 1426
161743 161744 907
161743 161784 1561
161743 161790 791
161696 161695 477
161696 161734 506
161697 161695 922
211516 211512 1982
211516 211522 7853
211516 211523 1695
211521 211509 513
211521 211522 7211
211521 215027 731
212227 212222 796
212227 212280 231
212227 212284 774
212285 212283 678
212285 212284 2700
212285 213214 255
214460 212284 1638
161588 161587 678
161589 161587 631
161589 161590 986
161589 161888 1447
161891 161888 778
161891 161890 344
161891 161897 1102
172376 161897 778
161917 161912 1227
161917 161916 581
161917 161918 782
161911 161912 713
161911 161916 1285
162036 162031 907
162036 162037 1066
162036 162039 1055
162034 162032 2134
162034 162035 672
162034 162041 1451
162034 162047 782
161915 161914 1124
161915 162041 759
162044 162041 796
162044 162045 672
162044 162047 1368
162039 161773 986
162039 162030 791
162039 162036 1055
161772 161770 1283
161772 161773 374
161772 162037 713
161775 161774 344
161776 161771 848
161776 161774 518
161776 161778 1305
161783 161766 611
161783 161767 1029
161783 161782 747
161779 161767 713
161779 161778 1305
161779 161782 1105
161779 161786 1055
161788 161778 707
161788 161787 454
161788 162070 685
161734 161696 506
161734 161735 82
161734 161743 1426
161784 161743 1561
161784 161781 1426
161784 161791 678
161790 161742 1531
161790 161743 791
161790 161789 753
161790 161791 1399
211512 211500 1601
211512 211515 596
211512 211516 1982
211512 211540 401
211523 211516 1695
211509 211508 495
211509 211521 513
211509 215027 606
215027 211509 606
215027 211521 731
215027 215026 482
212222 212221 774
212222 212226 760
212222 212227 796
212280 212227 231
212280 212238 487
212280 212283 2542
212283 212280 2542
212283 212282 878
212283 212285 678
212283 212302 2628
213214 212285 255
213214 213215 606
213214 213216 929
161590 161589 986
161890 161891 344
161916 161911 1285
161916 161917 581
161916 161919 556
162037 161772 713
162037 162036 1066
162037 162038 238
162032 162033 907
162032 162034 2134
162032 162050 951
162047 162034 782
162047 162044 1368
161914 161915 1124
162045 162044 672
161770 161771 475
161770 161772 1283
161771 161770 475
161771 161776 848
161782 161779 1105
161782 161783 747
161786 161779 1055
161786 161787 1081
161787 161786 1081
161787 161788 454
162070 161788 685
161735 161734 82
161735 161742 747
161781 161784 1426
161791 161784 678
161791 161790 1399
161742 161735 747
161742 161790 1531
161789 161790 753
211500 211512 1601
211515 211512 596
211540 211512 401
211508 211509 495
215026 215027 482
212221 212222 774
212226 212222 760
212238 212280 487
212282 212283 878
212302 212283 2628
213215 213214 606
213216 213214 929
161919 161916 556
162038 162033 713
162038 162037 238
162033 162032 907
162033 162038 713
162050 162032 951
33
161888
161589
161891
161590
161890
162047
161914
162045
161770
161771
161782
161786
161787
161735
161781
161791
161742
161789
211500
211515
211540
211508
215026
212221
212226
212238
212282
212302
213216
161919
162038
162033
162050
