514
6975 6982 2749
6982 6975 2749
6982 6980 2230
6982 6989 6549
6982 34083 1835
6980 6981 2315
6980 6982 2230
6989 6982 6549
6989 6988 2649
34083 6982 1835
34083 34084 2822
34083 34086 1064
6981 6980 2315
6981 34080 254
6988 6989 2649
6988 7013 1086
6988 7263 1138
6988 7265 1137
34084 34083 2822
34086 34083 1064
34086 34659 3435
34080 6981 254
7013 6988 1086
7263 6988 1138
7263 7266 285
7265 6988 1137
7265 7264 592
7265 13515 1495
34659 34086 3435
7266 7263 285
7266 7267 465
7264 7265 592
7264 7270 502
7264 7271 501
13515 7265 1495
7267 7266 465
7267 7268 1190
7270 7264 502
7271 7264 501
7271 7272 1360
7268 7267 1190
7268 7269 3321
7272 7271 1360
7272 7273 247
7272 7274 4981
7269 7155 1651
7269 7268 3321
7269 7277 5066
7273 7261 2763
7273 7272 247
7273 7275 2642
7274 7272 4981
7155 7154 2391
7155 7269 1651
7155 7278 5163
7277 7269 5066
7277 7276 5226
7261 7262 4226
7261 7273 2763
7275 7273 2642
7275 7281 3655
7154 7155 2391
7278 7155 5163
7278 7292 1186
7276 7277 5226
7276 7302 213
7276 7303 3769
7262 7261 4226
7281 7275 3655
7292 7278 1186
7292 7279 2017
7302 7081 1106
7302 7276 213
7302 13431 695
7303 7276 3769
7303 7318 486
7279 7280 4050
7279 7292 2017
7279 7300 2263
7081 7079 3180
7081 7296 5170
7081 7302 1106
13431 7302 695
13431 13429 792
13431 13432 549
7318 7303 486
7318 7310 2272
7318 7319 807
7318 7320 1269
7280 7279 4050
7300 7279 2263
7300 7297 3560
7300 7301 1261
7079 7022 1664
7079 7080 1519
7079 7081 3180
7296 7081 5170
13429 7015 794
13429 13430 811
13429 13431 792
13432 13431 549
7310 7089 3542
7310 7309 734
7310 7311 802
7310 7318 2272
7319 7311 2233
7319 7318 807
7319 7321 1174
7319 7323 742
7320 7318 1269
7320 7321 740
7320 7322 742
7297 7298 1318
7297 7299 1161
7297 7300 3560
7301 7299 2883
7301 7300 1261
7301 7336 3051
7022 7020 5730
7022 7021 2356
7022 7079 1664
7080 7079 1519
7015 7016 1085
7015 13429 794
7015 34613 482
13430 13429 811
7089 7086 752
7089 7087 805
7089 7091 827
7089 7310 3542
7309 7087 3560
7309 7310 734
7309 7317 1606
7311 7091 3546
7311 7310 802
7311 7312 731
7311 7319 2233
7321 7319 1174
7321 7320 740
7321 7329 832
7323 7312 2322
7323 7319 742
7323 7324 747
7323 7329 986
7322 7320 742
7322 7330 1624
7322 7336 3545
7322 7339 2150
7298 7297 1318
7299 7297 1161
7299 7301 2883
7336 7301 3051
7336 7304 1369
7336 7322 3545
7020 7017 1727
7020 7018 1010
7020 7022 5730
7021 7017 7291
7021 7022 2356
7021 7078 786
7016 7015 1085
34613 7015 482
7086 7082 799
7086 7085 786
7086 7088 1010
7086 7089 752
7087 7085 482
7087 7089 805
7087 7097 845
7087 7309 3560
7091 7088 974
7091 7089 827
7091 7103 751
7091 7311 3546
7317 7309 1606
7312 7103 3509
7312 7311 731
7312 7313 753
7312 7323 2322
7329 7321 832
7329 7323 986
7329 7326 747
7329 7330 629
7324 7313 2271
7324 7323 747
7324 7325 754
7324 7326 884
7330 7322 1624
7330 7329 629
7330 7334 1390
7339 7322 2150
7339 7340 290
7339 7341 197
7304 7305 1537
7304 7306 2081
7304 7336 1369
7017 7020 1727
7017 7021 7291
7018 7019 5441
7018 7020 1010
7018 7295 1472
7078 7021 786
7082 7050 1538
7082 7064 845
7082 7073 943
7082 7086 799
7085 7064 806
7085 7084 1100
7085 7086 786
7085 7087 482
7088 7073 808
7088 7086 1010
7088 7090 854
7088 7091 974
7097 7087 845
7097 7096 242
7097 7308 2761
7103 7091 751
7103 7102 591
7103 7104 690
7103 7312 3509
7313 7104 3541
7313 7312 753
7313 7314 743
7313 7324 2271
7326 7324 884
7326 7327 741
7326 7329 747
7325 7314 2283
7325 7324 754
7325 7327 719
7325 7328 785
7334 7327 604
7334 7330 1390
7334 7335 1487
7340 7339 290
7340 7343 2689
7341 7339 197
7341 7342 5094
7305 7304 1537
7306 7304 2081
7019 7018 5441
7295 7018 1472
7295 7294 2328
7050 7048 2907
7050 7067 964
7050 7082 1538
7064 7062 3763
7064 7063 1272
7064 7082 845
7064 7085 806
7073 7067 1639
7073 7082 943
7073 7088 808
7084 7063 778
7084 7085 1100
7084 7094 474
7084 7096 184
7090 7074 113
7090 7088 854
7090 7102 635
7096 7084 184
7096 7095 399
7096 7097 242
7308 7097 2761
7102 7090 635
7102 7092 1231
7102 7103 591
7104 7103 690
7104 7105 701
7104 7313 3541
7314 7106 3548
7314 7313 743
7314 7315 803
7314 7325 2283
7327 7325 719
7327 7326 741
7327 7331 730
7327 7334 604
7328 7315 2272
7328 7325 785
7328 7331 597
7328 7332 803
7335 7333 606
7335 7334 1487
7335 7344 2609
7335 7510 638
7343 7340 2689
7343 7346 1924
7343 7347 1299
7342 7341 5094
7342 7373 2347
7342 7381 3418
7294 7295 2328
7048 7044 930
7048 7049 963
7048 7050 2907
7067 7049 2460
7067 7050 964
7067 7070 959
7067 7073 1639
7062 7032 849
7062 7043 1325
7062 7064 3763
7063 7032 4187
7063 7064 1272
7063 7065 751
7063 7084 778
7094 7083 452
7094 7084 474
7094 7095 152
7074 7070 2383
7074 7075 834
7074 7090 113
7095 7094 152
7095 7096 399
7095 7098 849
7092 7075 906
7092 7102 1231
7092 7105 685
7105 7092 685
7105 7104 701
7105 7106 110
7106 7105 110
7106 7107 736
7106 7314 3548
7315 7107 3541
7315 7314 803
7315 7316 787
7315 7328 2272
7331 7327 730
7331 7328 597
7331 7333 841
7332 7328 803
7332 7333 439
7332 7504 488
7332 7506 511
7333 7331 841
7333 7332 439
7333 7335 606
7344 7335 2609
7344 7345 986
7344 7347 634
7510 7335 638
7510 7511 511
7346 7343 1924
7347 7343 1299
7347 7344 634
7347 7348 1136
7373 7342 2347
7373 7380 6065
7381 7342 3418
7381 7382 4725
7381 7384 7075
7044 7043 194
7044 7046 921
7044 7048 930
7049 7048 963
7049 7066 343
7049 7067 2460
7070 7067 959
7070 7068 2015
7070 7071 848
7070 7074 2383
7032 7031 1091
7032 7062 849
7032 7063 4187
7043 7026 801
7043 7044 194
7043 7062 1325
7065 7033 2664
7065 7063 751
7065 7083 793
7083 7065 793
7083 7093 402
7083 7094 452
7075 7071 2446
7075 7074 834
7075 7076 862
7075 7092 906
7098 7095 849
7098 7099 819
7098 7100 686
7107 7076 1840
7107 7106 736
7107 7315 3541
7107 7456 798
7316 7315 787
7316 7456 3606
7316 7490 740
7316 7504 1782
7504 7316 1782
7504 7332 488
7506 7332 511
7506 7507 222
7345 7344 986
7345 7543 842
7345 7549 3754
7511 7509 475
7511 7510 511
7348 7347 1136
7348 7561 1818
7348 7562 3056
7380 7373 6065
7380 7390 6269
7382 7381 4725
7384 7381 7075
7384 7383 593
7046 7044 921
7046 7045 2346
7046 7047 2161
7066 7047 941
7066 7049 343
7066 7068 766
7068 7066 766
7068 7069 773
7068 7070 2015
7071 7069 1617
7071 7070 848
7071 7075 2446
7031 7027 1014
7031 7032 1091
7031 7033 2058
7026 7025 3356
7026 7042 545
7026 7043 801
7033 7029 811
7033 7031 2058
7033 7065 2664
7093 7083 402
7076 7075 862
7076 7077 1765
7076 7107 1840
7076 7424 1120
7099 7098 819
7100 7098 686
7100 7101 561
7100 7307 521
7456 7107 798
7456 7316 3606
7456 7442 1414
7490 7316 740
7490 7487 808
7490 7488 1942
7490 7503 743
7507 7506 222
7507 7508 256
7543 7345 842
7543 7544 694
7543 7545 849
7549 7345 3754
7549 7558 694
7549 7565 1105
7509 7508 560
7509 7511 475
7509 7514 1264
7509 7515 290
7561 7348 1818
7561 7563 1576
7561 7563 1576
7562 7348 3056
7562 7563 772
7562 7565 878
7390 7380 6269
7383 7384 593
7383 7589 247
7045 7046 2346
7045 7047 908
7045 7052 1081
7047 7045 908
7047 7046 2161
7047 7057 1574
7047 7066 941
7069 7059 549
7069 7068 773
7069 7071 1617
7027 7029 2703
7027 7031 1014
7025 7026 3356
7042 7026 545
7029 7027 2703
7029 7033 811
7077 7076 1765
7424 7076 1120
7424 7442 704
7101 7100 561
7307 7100 521
7442 7424 704
7442 7456 1414
7487 7488 1973
7487 7490 808
7488 7487 1973
7488 7490 1942
7503 7490 743
7508 7507 256
7508 7509 560
7544 7543 694
7545 7543 849
7558 7549 694
7565 7549 1105
7565 7562 878
7514 7509 1264
7515 7509 290
7563 7561 1576
7563 7561 1576
7563 7562 772
7589 7383 247
7052 7045 1081
7052 7057 1201
7057 7047 1574
7057 7052 1201
7057 7059 1114
7059 7057 1114
7059 7069 549
200
6975
6982
6980
6989
34083
6981
6988
34084
34086
34080
7013
7263
7265
34659
7266
7264
13515
7267
7270
7271
7268
7272
7269
7273
7274
7155
7277
7261
7275
7154
7278
7276
7262
7281
7292
7302
7303
7279
7081
13431
7318
7280
7300
7079
7296
13429
13432
7310
7319
7320
7297
7301
7022
7080
7015
13430
7089
7309
7311
7321
7323
7322
7298
7299
7336
7020
7021
7016
34613
7086
7087
7091
7317
7312
7329
7324
7330
7339
7304
7017
7018
7078
7082
7085
7088
7097
7103
7313
7326
7325
7334
7340
7341
7305
7306
7019
7295
7050
7064
7073
7084
7090
7096
7308
7102
7104
7314
7327
7328
7335
7343
7342
7294
7048
7067
7062
7063
7094
7074
7095
7092
7105
7106
7315
7331
7332
7333
7344
7510
7346
7347
7373
7381
7044
7049
7070
7032
7043
7065
7083
7075
7098
7107
7316
7504
7506
7345
7511
7348
7380
7382
7384
7046
7066
7068
7071
7031
7026
7033
7093
7076
7099
7100
7456
7490
7507
7543
7549
7509
7561
7562
7390
7383
7045
7047
7069
7027
7025
7042
7029
7077
7424
7101
7307
7442
7487
7488
7503
7508
7544
7545
7558
7565
7514
7515
7563
7589
7052
7057
7059
