506
215926 215927 4204
215926 218077 1759
215926 218102 659
215927 215926 4204
215927 218068 897
215927 218102 3671
218077 215926 1759
218077 218121 1698
218077 218125 1198
218102 215926 659
218102 215927 3671
218102 218047 72
218102 218100 440
218068 215927 897
218068 218069 244
218068 218083 1757
218068 224772 883
218121 218077 1698
218121 218122 1607
218125 218077 1198
218047 218048 3851
218047 218102 72
218100 218097 1656
218100 218099 828
218100 218102 440
218100 218863 2638
218069 218068 244
218069 218083 1769
218069 218088 467
218069 218097 2556
218083 218068 1757
218083 218069 1769
224772 218068 883
218122 218121 1607
218048 218047 3851
218097 218069 2556
218097 218095 550
218097 218100 1656
218099 218100 828
218099 218101 2816
218099 218111 680
218863 218100 2638
218863 218105 395
218088 218069 467
218088 218089 2469
218088 218094 973
218088 218103 1951
218095 218094 955
218095 218097 550
218095 218098 1397
218101 218099 2816
218101 218113 949
218101 218117 756
218101 218992 1502
218111 218098 620
218111 218099 680
218111 218113 2444
218105 218092 1356
218105 218863 395
218089 218088 2469
218089 218096 643
218089 218109 764
218094 218088 973
218094 218095 955
218094 218096 1910
218103 218088 1951
218103 218104 941
218103 218972 1878
218098 218095 1397
218098 218096 867
218098 218111 620
218098 218112 2294
218113 218101 949
218113 218111 2444
218113 218118 436
218113 224589 2159
218117 218092 2633
218117 218101 756
218117 219041 1166
218992 218101 1502
218092 218105 1356
218092 218117 2633
218096 218089 643
218096 218094 1910
218096 218098 867
218096 218106 1983
218109 218089 764
218109 218108 390
218109 218110 1924
218104 218103 941
218104 224396 106
218972 218087 429
218972 218103 1878
218972 218973 867
218112 218098 2294
218112 218116 417
218112 218118 229
218118 218112 229
218118 218113 436
218118 218119 1986
224589 218113 2159
219041 218117 1166
218106 218096 1983
218106 218116 182
218108 218107 1088
218108 218109 390
218108 218975 395
218110 218109 1924
218110 218976 706
218110 218980 1612
218110 218981 728
224396 218104 106
218087 218086 3448
218087 218968 1557
218087 218972 429
218973 218972 867
218973 218974 234
218973 218977 454
218116 218106 182
218116 218112 417
218116 218984 319
218119 218118 1986
218107 218108 1088
218975 218108 395
218975 218974 1153
218975 218976 1615
218976 218110 706
218976 218975 1615
218976 218979 1709
218980 218110 1612
218980 218984 279
218981 218110 728
218981 218985 1282
218981 218986 571
218086 218082 417
218086 218087 3448
218086 218090 1670
218968 218087 1557
218968 218966 1333
218968 218987 439
218974 218133 1088
218974 218973 234
218974 218975 1153
218977 218973 454
218977 218978 1665
218977 218987 964
218984 218116 319
218984 218980 279
218984 218983 802
218979 218976 1709
218985 218981 1282
218985 218982 417
218985 224590 734
218986 218981 571
218082 218086 417
218090 218086 1670
218090 218091 386
218090 220896 1171
218966 218962 2157
218966 218967 841
218966 218968 1333
218987 218968 439
218987 218977 964
218987 218988 957
218133 218134 785
218133 218135 568
218133 218974 1088
218978 218977 1665
218983 218982 75
218983 218984 802
218983 224591 762
218982 218983 75
218982 218985 417
224590 218985 734
218091 218090 386
220896 218090 1171
218962 218297 853
218962 218961 1229
218962 218966 2157
218967 218966 841
218967 218969 904
218967 218970 777
218967 218971 413
218988 218149 222
218988 218987 957
218988 224592 377
218134 218133 785
218135 218133 568
224591 218983 762
218297 218298 1162
218297 218299 1203
218297 218962 853
218297 218965 740
218961 218299 854
218961 218305 3075
218961 218962 1229
218969 218967 904
218970 218967 777
218970 218996 453
218970 219000 749
218970 224060 517
218971 218967 413
218149 218150 375
218149 218988 222
218149 224406 583
224592 218988 377
218298 218297 1162
218299 218297 1203
218299 218300 847
218299 218308 739
218299 218961 854
218965 218297 740
218965 218308 1203
218965 224737 1085
218305 218306 4938
218305 218397 2650
218305 218961 3075
218305 218990 2541
218996 218970 453
219000 218970 749
224060 218970 517
218150 218149 375
218150 218989 685
218150 224408 413
224406 218149 583
224406 224408 393
224406 224751 278
218300 218299 847
218308 218299 739
218308 218965 1203
224737 218965 1085
218306 218304 1112
218306 218305 4938
218306 221286 77
218397 218305 2650
218397 218396 1163
218397 224061 1499
218990 218305 2541
218990 218991 7301
218989 218150 685
224408 218150 413
224408 224406 393
224408 224409 168
224751 224406 278
218304 218302 625
218304 218306 1112
218304 224738 1383
221286 218306 77
218396 218397 1163
218396 218398 1879
218396 218399 2148
224061 218397 1499
218991 218990 7301
218991 218995 3535
218991 219029 968
224409 224408 168
218302 218303 1260
218302 218304 625
224738 218304 1383
218398 218396 1879
218398 218399 1024
218398 218408 2947
218399 218396 2148
218399 218398 1024
218399 218401 2377
218995 218454 2184
218995 218991 3535
218995 219001 572
219029 218991 968
219029 219026 822
219029 219030 3038
218303 218302 1260
218408 218393 645
218408 218398 2947
218408 218409 808
218401 218399 2377
218401 218400 2343
218401 218409 2189
218454 218400 2399
218454 218456 697
218454 218995 2184
219001 218995 572
219001 219002 863
219001 219003 1099
219001 219003 1099
219026 219006 788
219026 219019 2366
219026 219029 822
219030 219029 3038
219030 219034 761
218393 218387 3382
218393 218408 645
218393 218444 1897
218409 218401 2189
218409 218408 808
218409 218411 1199
218400 218401 2343
218400 218450 639
218400 218453 916
218400 218454 2399
218456 218453 2419
218456 218454 697
218456 218997 774
219002 219001 863
219002 219004 806
219002 219005 2463
219003 219001 1099
219003 219001 1099
219003 219012 864
219006 219004 741
219006 219009 2503
219006 219026 788
219019 219009 692
219019 219026 2366
219019 219034 809
219034 219019 809
219034 219027 625
219034 219030 761
218387 218388 471
218387 218391 729
218387 218393 3382
218387 218394 1753
218444 218393 1897
218444 218439 238
218444 218447 732
218444 218459 629
218411 218409 1199
218411 218410 1940
218411 218443 488
218450 218400 639
218450 218410 1153
218450 218452 377
218450 218466 3645
218453 218400 916
218453 218455 673
218453 218456 2419
218997 218456 774
218997 219010 728
218997 219012 2501
219004 219002 806
219004 219005 2182
219004 219006 741
219005 219002 2463
219005 219004 2182
219005 219009 1063
219012 218997 2501
219012 219003 864
219012 219014 1027
219009 219005 1063
219009 219006 2503
219009 219019 692
219027 219021 622
219027 219034 625
219027 219037 1026
218388 218387 471
218388 224748 2029
218391 218387 729
218391 218392 544
218391 218445 1799
218394 218387 1753
218394 218395 697
218394 218404 923
218394 218437 2388
218439 218404 1014
218439 218405 1985
218439 218444 238
218439 218459 623
218447 218443 550
218447 218444 732
218447 218446 1867
218459 218439 623
218459 218444 629
218459 218458 1436
218410 218411 1940
218410 218450 1153
218443 218411 488
218443 218447 550
218452 218449 811
218452 218450 377
218466 218450 3645
218466 218465 846
218466 218629 902
218455 218453 673
218455 218467 1758
218455 218468 780
219010 218468 854
219010 218997 728
219010 219011 1368
219014 219011 3336
219014 219012 1027
219014 219022 2161
219014 219025 840
219021 219022 172
219021 219027 622
219037 219027 1026
224748 218388 2029
218392 218391 544
218392 218395 1234
218392 218422 722
218445 218391 1799
218395 218392 1234
218395 218394 697
218395 218428 991
218404 218394 923
218404 218405 1220
218404 218439 1014
218404 218440 2460
218437 218394 2388
218437 218429 825
218437 218440 610
218437 218457 903
218405 218404 1220
218405 218439 1985
218446 218447 1867
218446 218448 751
218446 218458 1172
218446 218463 1240
218458 218440 239
218458 218446 1172
218458 218459 1436
218458 218461 597
218449 218448 1603
218449 218451 816
218449 218452 811
218449 218465 2016
218465 218449 2016
218465 218451 1605
218465 218466 846
218629 218466 902
218629 218467 2979
218629 218625 347
218467 218455 1758
218467 218469 552
218467 218629 2979
218468 218455 780
218468 218998 809
218468 219010 854
219011 219010 1368
219011 219014 3336
219011 219015 769
219022 219014 2161
219022 219021 172
219022 219028 611
219025 219014 840
219025 224876 392
218422 218392 722
218422 218423 2285
218422 218427 2466
218428 218395 991
218428 218423 678
218428 218429 1265
218440 218404 2460
218440 218437 610
218440 218458 239
218429 218428 1265
218429 218436 2559
218429 218437 825
218429 218593 4126
218457 218437 903
218448 218446 751
218448 218449 1603
218448 218451 788
218448 218464 1441
218463 218446 1240
218463 218462 757
218463 218622 1610
218461 218458 597
218461 218460 518
218461 224827 696
218451 218448 788
218451 218449 816
218451 218465 1605
218625 218623 824
218625 218629 347
218625 218630 2861
218469 218467 552
218469 218472 327
218469 218998 1123
218998 218468 809
218998 218469 1123
219015 218472 498
219015 219011 769
219015 219017 388
219028 219022 611
224876 219025 392
218423 218422 2285
218423 218427 795
218423 218428 678
218427 218422 2466
218427 218423 795
218436 218429 2559
218593 218429 4126
218464 218448 1441
218462 218460 685
218462 218463 757
218622 218463 1610
218622 218623 636
218460 218461 518
218460 218462 685
224827 218461 696
218623 218622 636
218623 218625 824
218630 218625 2861
218472 218469 327
218472 219015 498
219017 219015 388
200
215926
215927
218077
218102
218068
218121
218125
218047
218100
218069
218083
224772
218122
218048
218097
218099
218863
218088
218095
218101
218111
218105
218089
218094
218103
218098
218113
218117
218992
218092
218096
218109
218104
218972
218112
218118
224589
219041
218106
218108
218110
224396
218087
218973
218116
218119
218107
218975
218976
218980
218981
218086
218968
218974
218977
218984
218979
218985
218986
218082
218090
218966
218987
218133
218978
218983
218982
224590
218091
220896
218962
218967
218988
218134
218135
224591
218297
218961
218969
218970
218971
218149
224592
218298
218299
218965
218305
218996
219000
224060
218150
224406
218300
218308
224737
218306
218397
218990
218989
224408
224751
218304
221286
218396
224061
218991
224409
218302
224738
218398
218399
218995
219029
218303
218408
218401
218454
219001
219026
219030
218393
218409
218400
218456
219002
219003
219006
219019
219034
218387
218444
218411
218450
218453
218997
219004
219005
219012
219009
219027
218388
218391
218394
218439
218447
218459
218410
218443
218452
218466
218455
219010
219014
219021
219037
224748
218392
218445
218395
218404
218437
218405
218446
218458
218449
218465
218629
218467
218468
219011
219022
219025
218422
218428
218440
218429
218457
218448
218463
218461
218451
218625
218469
218998
219015
219028
224876
218423
218427
218436
218593
218464
218462
218622
218460
224827
218623
218630
218472
219017
