430
56876 56989 508
56989 56876 508
56989 56990 1258
56990 56989 1258
56990 56991 988
56990 79083 1435
56991 56990 988
56991 56992 6086
56991 57005 7893
79083 56990 1435
56992 56991 6086
57005 56991 7893
57005 57006 7879
57005 57007 1693
57006 57005 7879
57007 57005 1693
57007 57008 6687
57007 57009 8141
57008 57007 6687
57008 57016 6520
57008 78454 9132
57009 57007 8141
57009 76867 954
57009 76868 2334
57016 57008 6520
57016 57017 405
78454 57008 9132
78454 57012 6012
76867 57009 954
76867 57034 9426
76868 57009 2334
57017 57016 405
57017 57018 882
57012 57011 7329
57012 77960 4581
57012 78453 1972
57012 78454 6012
57034 57035 4917
57034 57036 5036
57034 62540 8688
57034 76867 9426
57018 57017 882
57011 56998 958
57011 57012 7329
77960 57012 4581
77960 57019 1879
78453 57012 1972
78453 78452 1876
57035 57034 4917
57035 57037 9387
57035 57038 8233
57035 62543 7568
57036 57034 5036
57036 76885 9106
62540 57034 8688
62540 62411 26751
62540 62534 15732
62540 62541 6361
56998 56997 1980
56998 57010 3334
56998 57011 958
57019 57020 3397
57019 57025 7098
57019 77960 1879
78452 78451 1345
78452 78453 1876
57037 57035 9387
57037 57039 3648
57037 57049 7867
57038 57035 8233
57038 57055 7943
57038 57056 886
62543 57035 7568
62543 62541 1257
76885 57036 9106
76885 57040 4838
62411 58176 8051
62411 62410 3530
62411 62412 9251
62411 62540 26751
62534 62524 3920
62534 62530 12010
62534 62540 15732
62534 62542 12619
62541 62540 6361
62541 62543 1257
62541 65853 4734
56997 56996 581
56997 56998 1980
57010 56998 3334
57010 57013 763
57020 57019 3397
57020 78355 1886
57025 57019 7098
57025 57026 675
78451 57015 4438
78451 78452 1345
78451 78476 4193
57039 57037 3648
57039 57041 3960
57039 78455 1268
57049 57037 7867
57049 57050 1751
57055 57038 7943
57055 57060 893
57056 57038 886
57056 57057 877
57056 78065 1771
57040 57026 539
57040 57027 1056
57040 57041 1118
57040 76885 4838
58176 62411 8051
62410 62266 3269
62410 62411 3530
62412 62411 9251
62412 62521 12299
62412 76869 5145
62524 62523 7483
62524 62534 3920
62524 62535 4861
62530 62527 6071
62530 62534 12010
62542 62534 12619
62542 78950 3132
65853 62541 4734
65853 78456 1742
56996 56995 826
56996 56997 581
57013 56999 2549
57013 57010 763
57013 71153 3482
78355 57020 1886
78355 78476 777
57026 57025 675
57026 57040 539
57015 57014 2817
57015 77959 2945
57015 78451 4438
78476 78355 777
78476 78451 4193
57041 57039 3960
57041 57040 1118
78455 57039 1268
57050 57049 1751
57050 57051 675
57050 77428 3976
57060 57055 893
57060 57063 1022
57060 57064 1004
57057 57056 877
78065 57056 1771
78065 78064 2009
78065 78067 2232
57027 57028 6126
57027 57040 1056
62266 62265 4255
62266 62410 3269
62521 62408 18633
62521 62412 12299
62521 62522 3262
62521 62523 3265
76869 62412 5145
62523 62521 3265
62523 62524 7483
62523 62537 4503
62535 62524 4861
62527 62525 3473
62527 62529 520
62527 62530 6071
62527 78835 2920
78950 62542 3132
78456 65853 1742
56995 56877 5483
56995 56996 826
56995 78479 4647
56999 56878 1505
56999 57013 2549
71153 57013 3482
71153 78477 245
71153 78478 4638
57014 57003 1313
57014 57015 2817
77959 57015 2945
57051 57050 675
57051 57052 2235
77428 57050 3976
77428 57054 939
77428 77430 487
57063 57060 1022
57064 57053 680
57064 57060 1004
57064 57062 1686
57064 57065 555
78064 57096 2659
78064 78065 2009
78064 78066 2180
78067 78065 2232
78067 78077 959
57028 57027 6126
57028 57033 1086
62265 62266 4255
62408 62407 7937
62408 62521 18633
62522 62521 3262
62522 78838 2027
62537 62523 4503
62537 62536 2063
62525 62526 1530
62525 62527 3473
62525 62528 5702
62529 62527 520
62529 62531 478
62529 62532 539
78835 62527 2920
78835 65041 13567
56877 56995 5483
78479 56995 4647
56878 56999 1505
56878 57000 1828
56878 57001 687
78477 71153 245
78478 71153 4638
57003 57000 2107
57003 57014 1313
57052 57044 4062
57052 57051 2235
57054 57053 585
57054 77428 939
57054 77429 549
77430 77428 487
57053 57054 585
57053 57061 539
57053 57062 1580
57053 57064 680
57062 57053 1580
57062 57064 1686
57062 57066 608
57062 57067 1496
57065 57064 555
57065 57105 2291
57096 57095 1674
57096 78064 2659
78066 78064 2180
78066 78076 966
78077 78067 959
78077 78073 817
78077 78076 2048
57033 57028 1086
62407 62264 1235
62407 62403 5132
62407 62406 337
62407 62408 7937
78838 62522 2027
78838 77449 3920
62536 62528 1054
62536 62537 2063
62526 62525 1530
62526 78836 1698
62528 62525 5702
62528 62536 1054
62531 62529 478
62531 62532 556
62531 65195 6486
62532 62529 539
62532 62531 556
62532 62533 3854
65041 65039 1633
65041 78835 13567
57000 56878 1828
57000 57002 1980
57000 57003 2107
57001 56878 687
57044 57045 1870
57044 57052 4062
77429 57054 549
57061 57053 539
57061 76688 3064
57066 57062 608
57067 57062 1496
57067 57068 608
57105 57065 2291
57105 57106 2968
57095 57096 1674
78076 78066 966
78076 78072 848
78076 78075 2765
78076 78077 2048
78073 78068 660
78073 78077 817
62264 62263 5125
62264 62407 1235
62403 62404 3837
62403 62405 534
62403 62407 5132
62406 62262 294
62406 62407 337
77449 62520 425
77449 78838 3920
78836 62526 1698
78836 78837 851
65195 62531 6486
65195 65194 802
62533 62532 3854
62533 62539 3831
65039 62516 4292
65039 65040 2047
65039 65041 1633
65039 65043 1919
57002 57000 1980
57002 57004 1357
57045 57042 374
57045 57044 1870
76688 57061 3064
57068 57067 608
57106 57105 2968
57106 57118 3101
78072 78070 687
78072 78076 848
78075 78074 1763
78075 78076 2765
78068 78069 5421
78068 78073 660
62263 62264 5125
62404 62319 4652
62404 62403 3837
62405 59402 1685
62405 62403 534
62405 62414 548
62262 62261 3947
62262 62406 294
62262 76870 918
62520 62518 1221
62520 77449 425
62520 77450 2505
78837 62518 7220
78837 78836 851
65194 65186 838
65194 65192 3366
65194 65195 802
65194 65196 790
62539 62533 3831
62516 62517 1404
62516 65039 4292
65040 65039 2047
65040 65044 5907
65043 65039 1919
65043 65042 1779
65043 77185 1110
57004 56887 4054
57004 57002 1357
57042 57043 838
57042 57045 374
57118 57106 3101
57118 57120 202
57118 78069 1098
57118 78692 93
78070 78071 837
78070 78072 687
78074 78075 1763
78069 57118 1098
78069 78068 5421
62319 62320 545
62319 62391 3165
62319 62404 4652
62319 62413 1979
59402 59401 1969
59402 62405 1685
59402 62409 364
62414 62405 548
62261 62259 1626
62261 62262 3947
76870 62262 918
62518 62514 5929
62518 62519 10943
62518 62520 1221
62518 78837 7220
77450 62520 2505
65186 65185 1358
65186 65193 1476
65186 65194 838
65192 65190 1833
65192 65194 3366
65192 65204 793
65196 65194 790
65196 65197 951
65196 65205 4191
62517 62516 1404
62517 78834 2417
65044 64997 12200
65044 65040 5907
65044 65045 1542
65044 65047 4112
65042 65043 1779
65042 65054 1942
65042 65058 1676
77185 65043 1110
77185 77186 820
56887 57004 4054
57043 57042 838
57120 57118 202
78692 57118 93
78071 78070 837
62320 62319 545
62391 62319 3165
62391 62519 4284
62413 62319 1979
59401 59402 1969
62409 59402 364
62259 62261 1626
62514 62518 5929
62519 62391 4284
62519 62518 10943
65185 65186 1358
65193 65186 1476
65190 65192 1833
65204 65192 793
65204 65205 838
65197 65196 951
65205 65196 4191
65205 65204 838
78834 62517 2417
64997 65044 12200
65045 65044 1542
65047 65044 4112
65054 65042 1942
65054 65058 2070
65058 65042 1676
65058 65054 2070
77186 77185 820
41
57020
62542
65853
78355
57015
78476
78950
78456
57014
77959
57003
57033
57000
57067
57002
57068
62539
57004
77185
56887
57043
57120
78692
62391
59401
62409
62259
62514
62519
65185
65190
65204
65197
65205
78834
64997
65045
65047
65054
65058
77186
