660
141762 141770 878
141762 141771 2347
141770 141762 878
141770 141765 1836
141770 141772 2334
141770 141773 536
141771 141762 2347
141771 141772 806
141771 141831 875
141765 141770 1836
141772 141770 2334
141772 141771 806
141772 141775 668
141773 141770 536
141773 141775 2398
141831 141771 875
141831 141832 758
141775 141772 668
141775 141773 2398
141775 142172 1199
141832 141831 758
141832 141833 829
141832 142245 2452
142172 141775 1199
142172 142243 1402
141833 141820 2383
141833 141832 829
141833 141834 908
141833 142246 2416
142245 141832 2452
142245 142243 270
142245 142246 826
142245 142250 165
142243 142172 1402
142243 142245 270
142243 142250 223
141820 141824 867
141820 141833 2383
141834 141824 2413
141834 141833 908
141834 141835 733
141834 142247 2380
142246 141833 2416
142246 142245 826
142246 142247 903
142246 142251 1847
142250 142243 223
142250 142244 677
142250 142245 165
141824 141820 867
141824 141822 759
141824 141825 779
141824 141834 2413
141835 141825 2458
141835 141834 733
141835 141836 906
141835 142253 2318
142247 141834 2380
142247 142246 903
142247 142252 1895
142247 142253 776
142251 142246 1847
142251 142249 815
142251 142252 948
142251 142294 3187
142244 142249 934
142244 142250 677
141822 141823 2460
141822 141824 759
141825 141824 779
141825 141826 1598
141825 141835 2458
141836 141828 1565
141836 141835 906
141836 141839 779
141836 142254 2312
142253 141835 2318
142253 142247 776
142253 142254 831
142253 142257 1877
142252 142247 1895
142252 142251 948
142252 142257 774
142252 142295 3123
142249 142244 934
142249 142248 852
142249 142251 815
142249 142259 3187
142294 142251 3187
142294 142259 815
142294 142295 883
142294 142302 2770
141823 141794 912
141823 141822 2460
141823 141826 814
141823 141841 2371
141826 141823 814
141826 141825 1598
141826 141827 2451
141826 141829 809
141828 141829 753
141828 141836 1565
141839 141836 779
141839 141837 825
141839 141840 865
141839 142255 2311
142254 141836 2312
142254 142253 831
142254 142255 908
142254 142260 1913
142257 142252 774
142257 142253 1877
142257 142260 837
142257 142296 3115
142295 142252 3123
142295 142294 883
142295 142296 828
142295 142303 2812
142248 142249 852
142248 142258 694
142259 142187 893
142259 142249 3187
142259 142294 815
142259 142297 2769
142302 142294 2770
142302 142297 815
142302 142303 852
141794 141812 2037
141794 141823 912
141841 141812 1009
141841 141823 2371
141841 141827 851
141841 141844 863
141827 141826 2451
141827 141830 862
141827 141841 851
141827 141844 348
141829 141826 809
141829 141828 753
141829 141830 2480
141829 141837 792
141837 141829 792
141837 141838 2509
141837 141839 825
141840 141839 865
141840 141857 819
141840 142256 2406
142255 141839 2311
142255 142254 908
142255 142256 844
142255 142261 1934
142260 142254 1913
142260 142257 837
142260 142261 782
142260 142298 3100
142296 142257 3115
142296 142295 828
142296 142298 815
142296 142304 2800
142303 142295 2812
142303 142302 852
142303 142304 901
142303 142467 2468
142258 142187 2483
142258 142248 694
142187 142186 684
142187 142233 2797
142187 142258 2483
142187 142259 893
142297 142233 833
142297 142242 2512
142297 142259 2769
142297 142302 815
141812 141794 2037
141812 141809 929
141812 141841 1009
141812 141842 1195
141844 141827 348
141844 141841 863
141844 141843 1135
141844 141845 1004
141830 141827 862
141830 141829 2480
141830 141838 843
141830 141845 722
141838 141830 843
141838 141837 2509
141838 141855 1045
141838 141858 738
141857 141840 819
141857 141858 794
141857 142264 2300
142256 141840 2406
142256 142255 844
142256 142262 1871
142256 142264 787
142261 142255 1934
142261 142260 782
142261 142262 888
142261 142299 3061
142298 142260 3100
142298 142296 815
142298 142299 795
142298 142306 2842
142304 142296 2800
142304 142303 901
142304 142306 786
142304 142468 2545
142467 142303 2468
142467 142305 776
142467 142468 876
142467 142471 2365
142186 142180 1673
142186 142185 890
142186 142187 684
142186 142232 2736
142233 142187 2797
142233 142232 768
142233 142241 2432
142233 142297 833
142242 142241 795
142242 142297 2512
142242 142305 939
142242 142377 2321
141809 141812 929
141842 141812 1195
141842 141814 1109
141842 141843 1822
141843 141842 1822
141843 141844 1135
141843 141847 1085
141843 141851 2636
141845 141830 722
141845 141844 1004
141845 141855 819
141855 141838 1045
141855 141845 819
141855 141856 970
141858 141838 738
141858 141856 1451
141858 141857 794
141858 142266 1031
142264 141857 2300
142264 142256 787
142264 142263 1934
142264 142265 828
142262 142256 1871
142262 142261 888
142262 142263 849
142262 142300 3085
142299 142261 3061
142299 142298 795
142299 142300 854
142299 142307 2802
142306 142298 2842
142306 142304 786
142306 142307 809
142306 142469 2449
142468 142304 2545
142468 142467 876
142468 142469 698
142468 142472 2357
142305 142242 939
142305 142467 776
142305 142470 2329
142471 142467 2365
142471 142470 782
142471 142472 930
142471 142478 2257
142180 142186 1673
142185 142184 854
142185 142186 890
142185 142231 2741
142232 142186 2736
142232 142231 798
142232 142233 768
142232 142240 2473
142241 142233 2432
142241 142240 649
142241 142242 795
142241 142376 2407
142377 142242 2321
142377 142376 870
142377 142385 2365
142377 142470 885
141814 141842 1109
141814 141847 1681
141847 141814 1681
141847 141843 1085
141847 141846 868
141847 141852 2738
141851 141843 2636
141851 141852 1152
141851 141856 990
141851 141860 2250
141856 141851 990
141856 141855 970
141856 141858 1451
141856 141859 980
142266 141858 1031
142266 142265 1321
142266 142267 866
142263 142262 849
142263 142264 1934
142263 142277 782
142263 142301 3066
142265 142264 828
142265 142266 1321
142265 142268 772
142265 142277 1828
142300 142262 3085
142300 142299 854
142300 142301 847
142300 142308 2818
142307 142299 2802
142307 142306 809
142307 142308 876
142307 142474 2507
142469 142306 2449
142469 142468 698
142469 142473 2402
142469 142474 909
142472 142468 2357
142472 142471 930
142472 142473 776
142472 142479 2357
142470 142305 2329
142470 142377 885
142470 142386 2443
142470 142471 782
142478 142386 934
142478 142471 2257
142478 142479 880
142478 142510 2668
142184 142183 606
142184 142185 854
142184 142230 2797
142231 142185 2741
142231 142230 865
142231 142232 798
142231 142239 2566
142240 142232 2473
142240 142239 954
142240 142241 649
142240 142375 2396
142376 142241 2407
142376 142375 689
142376 142377 870
142376 142384 2365
142385 142377 2365
142385 142384 740
142385 142386 861
142385 142447 2578
141846 141847 868
141846 141848 892
141846 141854 2778
141852 141847 2738
141852 141851 1152
141852 141854 875
141852 141861 1852
141860 141851 2250
141860 142272 382
141859 141856 980
141859 142267 885
141859 142270 1540
142267 141859 885
142267 142266 866
142267 142268 1316
142277 142263 782
142277 142265 1828
142277 142278 840
142277 142311 3081
142301 142263 3066
142301 142300 847
142301 142309 2878
142301 142311 804
142268 142265 772
142268 142267 1316
142268 142269 825
142268 142278 1911
142308 142300 2818
142308 142307 876
142308 142309 818
142308 142475 2449
142474 142307 2507
142474 142469 909
142474 142475 885
142474 142482 2353
142473 142469 2402
142473 142472 776
142473 142480 2403
142473 142482 847
142479 142472 2357
142479 142478 880
142479 142480 710
142479 142511 2533
142386 142385 861
142386 142448 2507
142386 142470 2443
142386 142478 934
142510 142448 834
142510 142478 2668
142510 142511 905
142510 142520 2524
142183 142184 606
142230 142184 2797
142230 142229 851
142230 142231 865
142230 142238 2488
142239 142231 2566
142239 142238 840
142239 142240 954
142239 142374 2289
142375 142240 2396
142375 142374 872
142375 142376 689
142375 142383 2432
142384 142376 2365
142384 142383 772
142384 142385 740
142384 142444 1864
142447 142385 2578
142447 142446 857
142447 142448 849
142447 142465 2470
141848 141816 2009
141848 141846 892
141848 141850 973
141848 141853 2756
141854 141846 2778
141854 141852 875
141854 141853 879
141854 141862 1840
141861 141852 1852
141861 142275 797
142272 141860 382
142272 142270 1111
142272 142274 248
142270 141859 1540
142270 142269 811
142270 142272 1111
142270 142273 1055
142278 142268 1911
142278 142277 840
142278 142280 779
142278 142312 3061
142311 142277 3081
142311 142301 804
142311 142310 2839
142311 142312 854
142309 142301 2878
142309 142308 818
142309 142310 815
142309 142476 2449
142269 142268 825
142269 142270 811
142269 142279 934
142475 142308 2449
142475 142474 885
142475 142476 818
142475 142483 2449
142482 142473 847
142482 142474 2353
142482 142481 2413
142482 142483 865
142480 142473 2403
142480 142479 710
142480 142481 904
142480 142512 2522
142511 142479 2533
142511 142510 905
142511 142512 783
142511 142521 2524
142448 142386 2507
142448 142447 849
142448 142466 2542
142448 142510 834
142520 142466 831
142520 142510 2524
142520 142521 905
142520 144393 2407
142229 142230 851
142229 142237 2504
142238 142230 2488
142238 142237 830
142238 142239 840
142238 142373 2339
142374 142239 2289
142374 142373 906
142374 142375 872
142374 142382 2350
142383 142375 2432
142383 142382 945
142383 142384 772
142383 142443 1887
142444 142384 1864
142444 142446 679
142446 142442 698
142446 142444 679
142446 142447 857
142446 142464 2457
142465 142447 2470
142465 142464 751
142465 142466 861
142465 144391 2507
141816 141815 1063
141816 141848 2009
141850 141815 1523
141850 141848 973
141850 142032 909
141850 142038 2862
141853 141848 2756
141853 141854 879
141853 142038 948
141853 142046 1888
141862 141854 1840
141862 142271 1108
142275 141861 797
142275 142271 916
142275 142274 909
142275 142276 1040
142274 142272 248
142274 142275 909
142274 142283 944
142273 142270 1055
142273 142279 1348
142273 142282 1030
142280 142278 779
142280 142279 933
142280 142281 930
142280 142313 3081
142312 142278 3061
142312 142311 854
142312 142313 765
142312 142320 2857
142310 142309 815
142310 142311 2839
142310 142320 857
142310 142477 2468
142476 142309 2449
142476 142475 818
142476 142477 818
142476 142484 2414
142279 142269 934
142279 142273 1348
142279 142280 933
142483 142475 2449
142483 142482 865
142483 142484 813
142483 142487 2311
142481 142480 904
142481 142482 2413
142481 142487 810
142481 142513 2548
142512 142480 2522
142512 142511 783
142512 142513 851
142512 142522 2491
142521 142511 2524
142521 142520 905
142521 142522 759
142521 144474 2428
142466 142448 2542
142466 142465 861
142466 142520 831
144393 142520 2407
144393 144392 772
144393 144408 2470
144393 144474 890
142237 142229 2504
142237 142236 819
142237 142238 830
142237 142372 2347
142373 142238 2339
142373 142372 774
142373 142374 906
142373 142380 2377
142382 142374 2350
142382 142380 847
142382 142383 945
142382 142441 2576
142443 142383 1887
142443 142442 662
142442 142441 883
142442 142443 662
142442 142446 698
142442 142462 2465
142464 142446 2457
142464 142462 771
142464 142465 751
142464 144390 2532
144391 142465 2507
144391 144390 801
144391 144392 849
144391 144405 2447
141815 141807 1173
141815 141816 1063
141815 141849 927
141815 141850 1523
142032 141849 1149
142032 141850 909
142032 142033 1021
142032 142039 2723
142038 141850 2862
142038 141853 948
142038 142039 1032
142038 142047 1835
142046 141853 1888
142046 142554 988
142271 141862 1108
142271 142275 916
142271 142554 829
142276 142275 1040
142276 142283 1354
142283 142274 944
142283 142276 1354
142282 142273 1030
142282 142281 738
142281 142280 930
142281 142282 738
142313 142280 3081
142313 142312 765
142320 142310 857
142320 142312 2857
142477 142310 2468
142477 142476 818
142484 142476 2414
142484 142483 813
142487 142481 810
142487 142483 2311
142513 142481 2548
142513 142512 851
142522 142512 2491
142522 142521 759
144474 142521 2428
144474 144393 890
144392 144391 849
144392 144393 772
144408 144393 2470
142236 142237 819
142372 142237 2347
142372 142373 774
142380 142373 2377
142380 142382 847
142441 142382 2576
142441 142442 883
142462 142442 2465
142462 142464 771
144390 142464 2532
144390 144391 801
144405 144391 2447
141807 141815 1173
141849 141815 927
141849 142032 1149
142033 142032 1021
142039 142032 2723
142039 142038 1032
142047 142038 1835
142554 142046 988
142554 142271 829
200
141762
141770
141771
141765
141772
141773
141831
141775
141832
142172
141833
142245
142243
141820
141834
142246
142250
141824
141835
142247
142251
142244
141822
141825
141836
142253
142252
142249
142294
141823
141826
141828
141839
142254
142257
142295
142248
142259
142302
141794
141841
141827
141829
141837
141840
142255
142260
142296
142303
142258
142187
142297
141812
141844
141830
141838
141857
142256
142261
142298
142304
142467
142186
142233
142242
141809
141842
141843
141845
141855
141858
142264
142262
142299
142306
142468
142305
142471
142180
142185
142232
142241
142377
141814
141847
141851
141856
142266
142263
142265
142300
142307
142469
142472
142470
142478
142184
142231
142240
142376
142385
141846
141852
141860
141859
142267
142277
142301
142268
142308
142474
142473
142479
142386
142510
142183
142230
142239
142375
142384
142447
141848
141854
141861
142272
142270
142278
142311
142309
142269
142475
142482
142480
142511
142448
142520
142229
142238
142374
142383
142444
142446
142465
141816
141850
141853
141862
142275
142274
142273
142280
142312
142310
142476
142279
142483
142481
142512
142521
142466
144393
142237
142373
142382
142443
142442
142464
144391
141815
142032
142038
142046
142271
142276
142283
142282
142281
142313
142320
142477
142484
142487
142513
142522
144474
144392
144408
142236
142372
142380
142441
142462
144390
144405
141807
141849
142033
142039
142047
142554
