32
106734 106735 782
106734 106759 2026
106735 106734 782
106735 106736 893
106735 106760 2026
106759 106734 2026
106759 106760 782
106759 106920 1263
106736 106735 893
106736 106737 672
106736 107024 2041
106760 106735 2026
106760 106759 782
106760 107024 782
106760 107026 1347
106920 106759 1263
106920 107026 796
106737 106736 672
106737 107025 2026
107024 106736 2041
107024 106760 782
107024 107025 782
107024 107027 1307
107026 106760 1347
107026 106854 1347
107026 106920 796
107026 107027 639
107025 106737 2026
107025 107024 782
107027 107024 1307
107027 107026 639
106854 107026 1347
12
106734
106735
106759
106736
106760
106920
106737
107024
107026
107025
107027
106854
