532
11882 11883 1138
11882 23769 279
11882 24879 557
11882 24880 765
11882 24882 2015
11883 11882 1138
23769 11882 279
23769 23768 806
23769 24883 1884
23769 24884 202
24879 11882 557
24879 24878 1254
24879 24880 536
24879 24881 1817
24880 11882 765
24880 24875 676
24880 24879 536
24882 11882 2015
24882 24881 872
24882 24883 344
24882 24897 2081
23768 23769 806
24883 23769 1884
24883 24882 344
24883 24896 279
24883 24897 2251
24884 23767 279
24884 23769 202
24878 24876 1205
24878 24879 1254
24881 24879 1817
24881 24882 872
24881 24898 975
24875 24818 1533
24875 24874 629
24875 24880 676
24897 24882 2081
24897 24883 2251
24897 24902 1901
24897 25062 373
24897 25064 872
24896 24883 279
24896 24894 473
24896 24899 336
24896 24900 1475
23767 23764 1274
23767 23765 1631
23767 23788 279
23767 23790 551
23767 24884 279
24876 24819 809
24876 24820 403
24876 24877 947
24876 24878 1205
24898 24881 975
24898 24887 1393
24818 24810 818
24818 24817 872
24818 24875 1533
24874 24817 1205
24874 24875 629
24902 24891 1394
24902 24897 1901
24902 24903 1274
24902 24904 604
25062 24897 373
25062 25061 373
25064 24897 872
25064 25070 1353
24894 23790 809
24894 24896 473
24899 23801 511
24899 24895 418
24899 24896 336
24899 24901 2086
24900 24896 1475
24900 25061 605
23764 23729 629
23764 23757 778
23764 23767 1274
23765 23756 580
23765 23767 1631
23788 23767 279
23788 23770 344
23788 23789 279
23788 23790 557
23790 23767 551
23790 23788 557
23790 24894 809
24819 24813 806
24819 24827 747
24819 24831 1008
24819 24876 809
24820 24810 418
24820 24876 403
24877 24831 750
24877 24876 947
24877 24887 806
24887 24877 806
24887 24890 672
24887 24898 1393
24810 24809 2565
24810 24813 947
24810 24818 818
24810 24820 418
24817 23730 473
24817 24818 872
24817 24874 1205
24891 24890 2346
24891 24892 1501
24891 24902 1394
24891 24905 750
24903 24902 1274
24904 24902 604
25061 24900 605
25061 24901 473
25061 25062 373
25061 25063 2162
25070 25064 1353
25070 25067 475
25070 25071 2376
25070 25073 982
23801 23800 927
23801 23806 1640
23801 23887 806
23801 24899 511
24895 23791 605
24895 24899 418
24901 23903 475
24901 24899 2086
24901 25061 473
24901 25065 983
23729 23728 1685
23729 23763 688
23729 23764 629
23757 23744 6333
23757 23764 778
23756 23744 5828
23756 23754 818
23756 23765 580
23756 23766 818
23770 23766 788
23770 23788 344
23770 23789 276
23789 23770 276
23789 23788 279
23789 23791 889
23789 23792 336
24813 24810 947
24813 24814 872
24813 24815 610
24813 24819 806
24827 24815 809
24827 24819 747
24827 24828 612
24827 24830 872
24831 24819 1008
24831 24830 697
24831 24877 750
24831 24886 1475
24890 24886 750
24890 24887 672
24890 24891 2346
24809 23721 836
24809 23727 747
24809 24810 2565
23730 23726 1220
23730 23727 1085
23730 24817 473
24892 24891 1501
24892 24893 1475
24892 24907 1609
24892 24911 1438
24905 24891 750
24905 24906 536
25063 25061 2162
25063 25066 475
25063 25068 373
25063 25069 2255
25067 25068 373
25067 25070 475
25071 24908 884
25071 25070 2376
25071 25072 782
25073 25070 982
25073 25083 474
25073 25084 951
25073 25085 3017
23800 23798 778
23800 23801 927
23800 23802 110
23806 23797 889
23806 23801 1640
23806 23886 806
23806 23888 1672
23887 23801 806
23887 23886 1640
23887 23903 1209
23791 23789 889
23791 24895 605
23903 23887 1209
23903 23893 3294
23903 23905 2006
23903 24901 475
25065 24901 983
25065 25066 983
23728 23724 681
23728 23729 1685
23763 23729 688
23763 23745 688
23744 23740 1483
23744 23756 5828
23744 23757 6333
23754 23755 538
23754 23756 818
23766 23756 818
23766 23770 788
23792 23789 336
23792 23793 473
24814 24813 872
24815 24807 2699
24815 24813 610
24815 24816 872
24815 24827 809
24828 24823 1950
24828 24827 612
24828 24829 1008
24830 24827 872
24830 24829 649
24830 24831 697
24830 24885 1474
24886 24831 1475
24886 24885 696
24886 24890 750
23721 23711 279
23721 24788 2090
23721 24809 836
23727 23725 747
23727 23730 1085
23727 24809 747
23726 23725 983
23726 23730 1220
23726 23731 605
24893 24892 1475
24907 24892 1609
24907 24906 1395
24907 24923 1393
24907 24928 1280
24911 24889 889
24911 24892 1438
24911 24909 1344
24911 24912 1008
24906 24905 536
24906 24907 1395
24906 24908 788
25066 23905 373
25066 25063 475
25066 25065 983
25066 25075 904
25068 25063 373
25068 25067 373
25069 25063 2255
25069 25089 1336
24908 24906 788
24908 24928 1234
24908 25071 884
24908 25072 336
25072 24908 336
25072 25071 782
25072 25085 951
25072 25096 1505
25083 25073 474
25084 25073 951
25084 25086 951
25084 25087 2713
25084 25088 883
25085 25072 951
25085 25073 3017
25085 25098 336
23798 23796 562
23798 23799 354
23798 23800 778
23802 23800 110
23802 23805 429
23797 23787 939
23797 23805 975
23797 23806 889
23797 23885 336
23886 23806 806
23886 23887 1640
23886 23891 1672
23888 23806 1672
23888 23889 747
23888 23891 806
23893 23890 747
23893 23891 1008
23893 23902 1274
23893 23903 3294
23905 23902 2882
23905 23903 2006
23905 25066 373
23905 25074 1115
23724 23719 1768
23724 23722 336
23724 23725 344
23724 23728 681
23745 23740 7036
23745 23763 688
23740 23736 2321
23740 23744 1483
23740 23745 7036
23740 23746 1848
23755 23750 7023
23755 23754 538
23793 23792 473
23793 23794 418
24807 24803 279
24807 24815 2699
24807 24821 335
24816 24815 872
24823 24821 475
24823 24824 279
24823 24828 1950
24829 24828 1008
24829 24830 649
24829 24832 1084
24829 24836 1344
24885 24830 1474
24885 24836 750
24885 24886 696
23711 23710 418
23711 23721 279
24788 23721 2090
24788 24787 939
24788 24789 697
24788 24793 806
23725 23724 344
23725 23726 983
23725 23727 747
23731 23726 605
24923 24907 1393
24923 24912 473
24923 24926 649
24923 24927 2128
24928 24907 1280
24928 24908 1234
24928 25096 238
24889 24854 1483
24889 24888 1409
24889 24911 889
24909 24851 649
24909 24854 872
24909 24911 1344
24909 24913 1280
24912 24911 1008
24912 24913 1322
24912 24923 473
25075 25066 904
25075 25076 435
25089 25069 1336
25089 25144 510
25089 25145 818
25089 25146 354
25096 24927 1576
25096 24928 238
25096 25072 1505
25086 25084 951
25086 25090 1085
25086 25091 818
25086 25092 788
25087 25084 2713
25087 25098 516
25087 25100 252
25088 25084 883
25098 25085 336
25098 25087 516
25098 25099 2139
23796 23787 373
23796 23794 473
23796 23798 562
23799 23798 354
23805 23797 975
23805 23802 429
23787 23785 1008
23787 23795 1063
23787 23796 373
23787 23797 939
23885 23797 336
23891 23886 1672
23891 23888 806
23891 23893 1008
23889 23884 884
23889 23888 747
23889 23890 1814
23890 23889 1814
23890 23892 747
23890 23893 747
23890 23904 1274
23902 23893 1274
23902 23904 747
23902 23905 2882
25074 14245 751
25074 23905 1115
25074 25078 1859
23719 23718 1529
23719 23723 562
23719 23724 1768
23722 23720 599
23722 23724 336
23736 23734 418
23736 23737 1114
23736 23739 1897
23736 23740 2321
23746 23738 1741
23746 23740 1848
23750 23748 614
23750 23755 7023
23794 23793 418
23794 23796 473
24803 14388 872
24803 24806 1392
24803 24807 279
24821 24807 335
24821 24822 1306
24821 24823 475
24824 24823 279
24824 24825 737
24824 24826 1254
24832 24825 884
24832 24829 1084
24832 24833 1676
24836 24829 1344
24836 24885 750
24836 24888 581
23710 23707 279
23710 23711 418
23710 23712 872
23710 23720 827
24787 23712 1446
24787 24784 697
24787 24786 153
24787 24788 939
24789 24784 939
24789 24788 697
24789 24790 889
24789 24791 672
24793 24788 806
24793 24791 809
24926 24923 649
24926 24925 2377
24927 24923 2128
24927 24925 796
24927 25096 1576
24927 25097 1008
24854 24853 1411
24854 24889 1483
24854 24909 872
24888 24833 418
24888 24836 581
24888 24889 1409
24851 24852 2217
24851 24857 697
24851 24909 649
24851 24914 1209
24913 24909 1280
24913 24912 1322
24913 24924 2950
25076 25075 435
25076 25077 475
25144 25089 510
25145 25089 818
25146 25089 354
25090 25086 1085
25091 25086 818
25092 25086 788
25100 25087 252
25099 25097 1375
25099 25098 2139
23785 23787 1008
23795 23787 1063
23884 23889 884
23884 23892 1810
23892 23884 1810
23892 23890 747
23904 23890 1274
23904 23902 747
14245 25074 751
14245 25077 511
25078 25074 1859
23718 23719 1529
23723 23719 562
23720 23707 931
23720 23710 827
23720 23722 599
23734 23736 418
23737 23736 1114
23739 23736 1897
23738 23746 1741
23748 23750 614
14388 24803 872
24806 24803 1392
24822 24821 1306
24825 24824 737
24825 24832 884
24826 24824 1254
24833 24832 1676
24833 24888 418
23707 23710 279
23707 23720 931
23712 23710 872
23712 24787 1446
24784 24787 697
24784 24789 939
24786 24787 153
24790 24789 889
24791 24789 672
24791 24793 809
24925 24924 1031
24925 24926 2377
24925 24927 796
25097 24927 1008
25097 25099 1375
24853 24852 747
24853 24854 1411
24852 24851 2217
24852 24853 747
24857 24851 697
24914 24851 1209
24924 24913 2950
24924 24925 1031
25077 14245 511
25077 25076 475
35
25144
25146
25091
25092
25100
25099
23785
23795
23884
23892
23904
14245
25078
23718
23723
23720
23734
23737
23739
23738
23748
14388
24825
24833
23707
24784
24786
24791
25097
24853
24852
24857
24914
24924
25077
