26
134834 134835 1322
134835 134834 1322
135044 135045 751
135045 135044 751
135091 135094 751
135094 135091 751
135851 135852 983
135916 135911 848
135916 136118 848
136118 135916 848
136118 136119 1161
135911 135916 848
136123 136119 904
135852 135851 983
135852 135855 1497
135855 135852 1497
135872 135896 395
135896 135872 395
136119 136118 1161
136119 136123 904
136426 136428 1222
136428 136426 1222
136444 136445 841
136445 136444 841
136445 136446 1482
136446 136445 1482
35
134811
134834
135173
135134
134835
134837
135060
135056
135044
135045
135049
135063
135091
135094
135105
135106
135108
135848
135851
135916
135909
135911
135852
135869
135855
135872
135901
136119
136418
136420
136426
136428
136444
136445
136491
