432
71 72 5162
71 6111 3712
71 6147 7401
72 71 5162
6111 71 3712
6111 5763 1304
6111 6113 1492
6147 71 7401
6147 6149 7331
6147 6156 3197
5763 5762 2385
5763 5765 2925
5763 6111 1304
6113 6111 1492
6149 6147 7331
6149 6161 4733
6149 6163 833
6156 6147 3197
6156 6154 2406
6156 6157 1940
5762 5758 2151
5762 5761 1647
5762 5763 2385
5765 5763 2925
6161 6149 4733
6161 6160 308
6163 6149 833
6163 6162 1702
6163 6441 2005
6154 6152 3113
6154 6155 2351
6154 6156 2406
6157 6156 1940
6157 6158 2535
6157 6270 4111
5758 5759 1168
5758 5762 2151
5758 5764 2682
5761 5760 832
5761 5762 1647
6160 6159 364
6160 6161 308
6162 6163 1702
6162 6164 1771
6162 6171 3231
6441 6163 2005
6152 6150 1897
6152 6151 1893
6152 6154 3113
6155 6154 2351
6158 6157 2535
6270 6157 4111
6270 6271 5136
6270 6272 3154
5759 5757 397
5759 5758 1168
5764 5757 2186
5764 5758 2682
5764 5766 1298
5760 5761 832
5760 6033 3946
6159 6117 777
6159 6160 364
6164 6162 1771
6164 6165 1358
6164 6174 2690
6164 6175 1002
6171 6162 3231
6171 6169 750
6150 6151 2474
6150 6152 1897
6150 6268 6946
6151 6150 2474
6151 6152 1893
6151 6153 2834
6271 6170 2356
6271 6270 5136
6271 6284 1592
6272 6270 3154
6272 6273 2104
6272 6275 1766
5757 5731 1456
5757 5759 397
5757 5764 2186
5766 5764 1298
6033 5760 3946
6033 6032 1252
6033 6034 3445
6117 6115 3190
6117 6141 3730
6117 6159 777
6165 6164 1358
6174 6164 2690
6174 6173 2561
6174 6177 2922
6175 6164 1002
6169 6168 2642
6169 6171 750
6169 6172 2797
6268 6150 6946
6268 6264 3257
6268 6267 1427
6153 6151 2834
6170 6166 353
6170 6168 344
6170 6271 2356
6284 6172 2590
6284 6271 1592
6284 6285 1088
6273 6272 2104
6275 6272 1766
6275 6274 2037
5731 5730 8155
5731 5757 1456
5731 5782 9925
6032 5729 8173
6032 6022 3017
6032 6033 1252
6034 6033 3445
6034 6098 2607
6034 6099 3507
6115 6117 3190
6115 6148 3111
6141 6117 3730
6141 6138 2329
6141 6142 2264
6173 6174 2561
6173 6176 3909
6173 6291 4281
6177 6174 2922
6168 6166 335
6168 6169 2642
6168 6170 344
6172 6169 2797
6172 6284 2590
6172 6286 514
6264 6265 3322
6264 6268 3257
6264 6274 2158
6267 6245 1052
6267 6268 1427
6267 6269 1390
6166 6167 874
6166 6168 335
6166 6170 353
6285 6284 1088
6274 6264 2158
6274 6275 2037
6274 6277 1706
5730 5721 5351
5730 5731 8155
5730 5739 5563
5782 5731 9925
5782 5783 3226
5782 5784 2891
5729 5717 1137
5729 6032 8173
5729 6440 1428
6022 6021 1762
6022 6031 947
6022 6032 3017
6098 6034 2607
6099 6034 3507
6099 6102 2278
6099 6105 2118
6148 6115 3111
6138 6139 3232
6138 6140 1991
6138 6141 2329
6142 6141 2264
6142 6143 3095
6176 6173 3909
6176 6203 1635
6176 6204 3393
6291 6173 4281
6286 6172 514
6286 6287 924
6286 6296 2753
6265 6264 3322
6245 6242 1584
6245 6266 930
6245 6267 1052
6269 6267 1390
6167 6166 874
6277 6274 1706
6277 6276 3432
6277 6279 502
5721 5720 1913
5721 5722 1786
5721 5730 5351
5739 5730 5563
5739 5740 1821
5739 5741 1813
5783 5782 3226
5784 5782 2891
5784 5789 1558
5784 5790 4632
5717 5715 4679
5717 5719 1426
5717 5728 5118
5717 5729 1137
6440 5729 1428
6021 663 4192
6021 6022 1762
6021 6025 1578
6031 6022 947
6102 6099 2278
6102 6104 658
6105 6099 2118
6105 6100 1571
6105 6106 2152
6139 6138 3232
6140 6138 1991
6143 6142 3095
6203 6176 1635
6203 6204 3016
6203 6206 1292
6204 6176 3393
6204 6203 3016
6204 6334 1289
6287 6286 924
6287 6288 465
6287 6289 2552
6296 6286 2753
6296 6294 1621
6242 6240 1454
6242 6243 1761
6242 6245 1584
6266 6245 930
6276 6277 3432
6276 6278 981
6276 6308 1811
6279 6277 502
6279 6280 433
6279 6281 373
5720 5721 1913
5720 6438 1770
5722 5721 1786
5722 260945 1051
5740 5739 1821
5741 5739 1813
5741 5742 3184
5741 5749 2204
5789 5784 1558
5789 5788 4124
5789 5791 4581
5790 5784 4632
5715 5709 2126
5715 5710 2275
5715 5717 4679
5719 5717 1426
5728 5717 5118
5728 5718 2079
5728 6020 1332
663 664 1951
663 6021 4192
6025 6021 1578
6104 6102 658
6104 6103 736
6104 6109 2303
6100 6101 2948
6100 6105 1571
6100 6112 3753
6106 6105 2152
6206 6203 1292
6206 6207 2246
6206 6208 5596
6334 6204 1289
6288 6287 465
6288 6290 2580
6289 6287 2552
6289 6292 2734
6289 6293 4793
6294 6295 3401
6294 6296 1621
6294 6297 2981
6240 5794 1526
6240 6241 2410
6240 6242 1454
6243 5785 6373
6243 6242 1761
6243 6244 1809
6278 6276 981
6308 6248 743
6308 6276 1811
6308 6309 4354
6280 6279 433
6280 6281 335
6280 6282 1010
6281 6279 373
6281 6280 335
6281 6283 3507
6438 5720 1770
6438 5726 577
6438 6465 1772
260945 5722 1051
260945 260946 3968
260945 260951 5951
5742 5741 3184
5742 5752 4932
5742 5754 1082
5749 5741 2204
5749 5743 707
5749 5750 2360
5788 5771 602
5788 5775 1939
5788 5789 4124
5791 5789 4581
5791 5793 2985
5791 5794 1106
5709 5707 2089
5709 5715 2126
5709 5716 2652
5710 5711 670
5710 5712 1187
5710 5715 2275
5718 5712 6774
5718 5728 2079
5718 5958 2366
6020 5728 1332
6020 5973 1492
664 663 1951
6103 6104 736
6103 6109 1678
6103 6110 2847
6109 6103 1678
6109 6104 2303
6101 6100 2948
6112 6100 3753
6112 6110 1950
6112 6116 2593
6207 6206 2246
6208 6206 5596
6208 6335 3611
6208 6336 2336
6290 6288 2580
6292 6289 2734
6293 6289 4793
6293 6299 2679
6293 6300 237
6295 6294 3401
6297 6294 2981
6297 6298 6004
6297 6315 3294
5794 5791 1106
5794 5795 2463
5794 6240 1526
6241 6240 2410
5785 5786 2771
5785 5787 4712
5785 6243 6373
6244 6243 1809
6248 6246 3994
6248 6308 743
6248 6310 1480
6309 6282 3780
6309 6308 4354
6309 6311 1593
6282 6280 1010
6282 6309 3780
6282 6313 7073
6283 6281 3507
6283 6312 3845
6283 6313 3744
5726 5725 9047
5726 6438 577
5726 6439 2274
6465 6438 1772
260946 260945 3968
260951 260945 5951
5752 5742 4932
5752 5753 4906
5752 5768 4167
5754 5742 1082
5754 5755 1176
5754 5756 2007
5743 5744 4736
5743 5749 707
5743 5751 4787
5750 5749 2360
5771 5768 7683
5771 5788 602
5775 5776 2361
5775 5780 2091
5775 5788 1939
5793 5791 2985
5707 5705 1863
5707 5709 2089
5707 5723 4799
5716 5709 2652
5716 5724 1897
5716 5725 785
5711 5710 670
5712 5710 1187
5712 5718 6774
5958 5718 2366
5973 6020 1492
6110 6103 2847
6110 6112 1950
6116 6112 2593
6335 6208 3611
6336 6208 2336
6299 6293 2679
6300 6293 237
6298 6297 6004
6315 6297 3294
6315 6313 3666
5795 5794 2463
5786 5785 2771
5787 5785 4712
6246 6248 3994
6310 6248 1480
6311 6309 1593
6313 6282 7073
6313 6283 3744
6313 6315 3666
6312 6283 3845
5725 5716 785
5725 5726 9047
6439 5726 2274
5753 5752 4906
5768 5752 4167
5768 5771 7683
5755 5754 1176
5756 5754 2007
5744 5743 4736
5751 5743 4787
5776 5775 2361
5780 5775 2091
5705 5707 1863
5723 5707 4799
5724 5716 1897
24
6115
6148
6142
6143
663
6020
664
6109
5711
5712
5958
5973
6110
6335
6336
6300
6315
6246
6311
6313
5725
5768
5780
5705
