524
16971 16972 132
16972 16971 132
16972 20773 1715
16972 34272 231
20773 16972 1715
20773 20772 806
20773 20779 417
34272 16972 231
34272 17200 154
34272 34273 420
20772 20773 806
20779 20773 417
20779 20775 1077
20779 20780 243
20779 20796 1291
17200 17201 311
17200 34272 154
34273 34272 420
20775 20774 1585
20775 20776 872
20775 20779 1077
20780 20779 243
20780 34275 502
20780 35348 140
20796 20779 1291
20796 35192 137
20796 35463 307
17201 17200 311
20774 20763 1000
20774 20775 1585
20774 20789 938
20776 20775 872
20776 20781 557
20776 20790 806
34275 20780 502
34275 20802 1118
35348 20780 140
35192 20796 137
35192 35193 230
35463 20796 307
20763 20760 945
20763 20774 1000
20763 35414 1141
20789 20774 938
20789 20788 788
20789 34122 1269
20781 20776 557
20790 20776 806
20790 20791 612
20790 20802 1008
20802 20790 1008
20802 20803 737
20802 34275 1118
35193 20798 153
35193 35192 230
35193 35458 213
35193 35459 349
20760 20757 536
20760 20761 884
20760 20762 826
20760 20763 945
35414 20763 1141
35414 35415 574
20788 20786 1008
20788 20787 2147
20788 20789 788
20788 25554 2132
34122 20789 1269
34122 25575 2493
20791 20790 612
20791 20803 1140
20791 20822 1676
20803 20791 1140
20803 20802 737
20803 20823 1408
20798 20797 736
20798 35193 153
20798 35460 422
35458 35193 213
35459 35193 349
20757 19034 516
20757 20755 1447
20757 20758 511
20757 20760 536
20761 20760 884
20762 20760 826
20762 20787 810
35415 35414 574
20786 20782 1945
20786 20785 373
20786 20788 1008
20786 25540 1680
20787 20762 810
20787 20782 836
20787 20788 2147
25554 20788 2132
25575 25573 1115
25575 25576 475
25575 34122 2493
20822 20791 1676
20822 20823 1028
20822 25569 338
20823 20803 1408
20823 20815 975
20823 20822 1028
20823 20826 2011
20797 20798 736
35460 20798 422
35460 35461 1048
35460 35462 461
19034 19031 599
19034 20757 516
19034 20758 610
20755 20757 1447
20758 19034 610
20758 19035 599
20758 20757 511
20758 20759 1055
20782 20759 975
20782 20783 418
20782 20786 1945
20782 20787 836
20785 20783 2011
20785 20786 373
20785 25538 418
20785 25541 1618
25540 20786 1680
25540 25541 418
25540 25557 1717
25573 25575 1115
25576 25571 1639
25576 25575 475
25576 25579 872
25569 20822 338
25569 25570 338
25569 35413 958
20815 20816 654
20815 20823 975
20815 20827 1817
20826 20823 2011
20826 20827 847
20826 25583 947
20826 25586 2011
35461 35460 1048
35462 35460 461
19031 19032 713
19031 19033 610
19031 19034 599
19035 19033 551
19035 20758 599
19035 20759 924
20759 19035 924
20759 19037 1035
20759 20758 1055
20759 20782 975
20759 25461 2364
20783 20782 418
20783 20784 511
20783 20785 2011
25538 20784 1945
25538 20785 418
25538 25539 697
25538 25542 1482
25541 20785 1618
25541 25540 418
25541 25542 403
25541 25556 1007
25557 25540 1717
25557 25565 513
25571 25570 604
25571 25576 1639
25571 25583 672
25571 25584 557
25579 25576 872
25579 25580 737
25579 25583 1623
25570 25569 338
25570 25571 604
25570 25572 473
35413 25569 958
20816 20815 654
20827 20806 947
20827 20815 1817
20827 20826 847
20827 20829 2287
25583 20826 947
25583 25571 672
25583 25579 1623
25583 25585 750
25586 20826 2011
25586 20829 1028
25586 25593 1145
19032 19031 713
19033 19029 1130
19033 19031 610
19033 19035 551
19037 19029 416
19037 19038 1769
19037 20759 1035
25461 19038 806
25461 20759 2364
25461 25464 836
20784 20783 511
20784 25536 612
20784 25538 1945
25539 25467 889
25539 25537 1612
25539 25538 697
25539 25547 1421
25542 25538 1482
25542 25541 403
25542 25555 1008
25556 25541 1007
25565 25557 513
25565 25558 649
25565 25566 1945
25584 25571 557
25580 25579 737
25580 25585 1483
25580 25590 672
25572 25570 473
20806 20805 1011
20806 20827 947
20806 20830 2216
20806 20843 889
20829 20827 2287
20829 20830 889
20829 25586 1028
25585 25580 1483
25585 25583 750
25585 25587 557
25585 25588 612
25593 25586 1145
25593 25588 604
25593 25594 488
25593 25595 877
19029 19028 1283
19029 19033 1130
19029 19037 416
19038 19037 1769
19038 25461 806
25464 25461 836
25464 25462 551
25464 25463 672
25536 20784 612
25536 25537 418
25467 25465 1544
25467 25477 975
25467 25539 889
25467 25544 1481
25537 25465 697
25537 25536 418
25537 25539 1612
25547 25539 1421
25547 25544 836
25547 25548 1007
25555 25542 1008
25555 25548 612
25555 25558 1408
25558 25555 1408
25558 25565 649
25558 25568 1817
25566 25565 1945
25566 25568 889
25590 25580 672
25590 25588 1437
25590 25591 473
20805 20806 1011
20830 20806 2216
20830 20829 889
20843 20806 889
20843 34125 1995
25587 25585 557
25588 25585 612
25588 25589 697
25588 25590 1437
25588 25593 604
25594 25591 1045
25594 25593 488
25595 25593 877
25595 25692 750
25595 25693 737
19028 19027 884
19028 19029 1283
25462 25460 588
25462 25463 737
25462 25464 551
25463 25462 737
25463 25464 672
25463 25466 672
25463 25468 1336
25465 25466 1115
25465 25467 1544
25465 25537 697
25477 25467 975
25477 25476 872
25477 25478 1115
25477 25543 809
25544 25467 1481
25544 25546 889
25544 25547 836
25544 25551 1009
25548 25547 1007
25548 25555 612
25548 25559 418
25568 25558 1817
25568 25566 889
25568 25577 222
25591 25590 473
25591 25594 1045
34125 20814 753
34125 20843 1995
25589 25588 697
25692 25595 750
25693 25595 737
25693 25694 1182
25693 25696 672
19027 19023 847
19027 19028 884
25460 25455 252
25460 25462 588
25466 25463 672
25466 25465 1115
25466 25476 676
25468 25463 1336
25468 25469 818
25468 25470 604
25476 25466 676
25476 25470 1115
25476 25477 872
25478 25470 872
25478 25474 809
25478 25477 1115
25478 25479 1007
25543 25477 809
25543 25479 983
25543 25546 604
25546 25543 604
25546 25544 889
25546 25549 201
25551 25544 1009
25551 25550 836
25551 25559 557
25559 25548 418
25559 25551 557
25559 25560 1008
25577 25567 610
25577 25568 222
20814 34125 753
25694 25693 1182
25696 25693 672
19023 19018 951
19023 19024 619
19023 19027 847
19023 19811 947
25455 25453 475
25455 25456 791
25455 25460 252
25469 25468 818
25469 25473 796
25469 25474 1073
25470 25468 604
25470 25476 1115
25470 25478 872
25474 25469 1073
25474 25475 697
25474 25478 809
25479 25478 1007
25479 25508 2229
25479 25543 983
25479 25545 672
25549 25545 1066
25549 25546 201
25549 25550 872
25550 25549 872
25550 25551 836
25550 25552 1115
25550 25553 810
25560 25559 1008
25560 25561 354
25567 25561 2212
25567 25564 750
25567 25577 610
25567 25657 2614
19018 19016 681
19018 19021 4307
19018 19023 951
19024 19023 619
19811 19023 947
25453 25452 557
25453 25455 475
25453 25457 1140
25456 25455 791
25456 27577 264
25473 25469 796
25473 25472 747
25473 25475 737
25475 25473 737
25475 25474 697
25475 25506 697
25508 25479 2229
25508 25506 1140
25508 25507 809
25508 25511 612
25545 25479 672
25545 25511 2281
25545 25549 1066
25545 25552 809
25552 25545 809
25552 25550 1115
25552 25597 697
25552 25602 806
25553 25550 810
25553 25602 976
25553 25616 806
25561 25560 354
25561 25563 612
25561 25567 2212
25564 25563 1945
25564 25567 750
25564 25655 333
25657 25567 2614
25657 25662 473
19016 19014 708
19016 19015 2858
19016 19017 2110
19016 19018 681
19021 19018 4307
19021 19036 877
19021 25442 1257
25452 25451 1007
25452 25453 557
25452 25454 983
25457 25439 1007
25457 25443 1008
25457 25453 1140
25457 25459 809
27577 25456 264
25472 25471 1055
25472 25473 747
25472 25505 697
25472 25506 604
25506 25472 604
25506 25475 697
25506 25508 1140
25507 25497 697
25507 25505 1609
25507 25508 809
25507 25512 1609
25511 25508 612
25511 25513 806
25511 25545 2281
25597 25552 697
25597 25598 836
25597 25599 1680
25602 25552 806
25602 25553 976
25602 25603 873
25616 25553 806
25616 25603 1066
25616 25618 872
25616 25622 536
25563 25561 612
25563 25562 475
25563 25564 1945
25655 25564 333
25655 25623 418
25662 25657 473
19014 18915 2453
19014 19004 904
19014 19009 2138
19014 19016 708
19015 18915 629
19015 19016 2858
19017 19009 788
19017 19011 3223
19017 19016 2110
19036 19021 877
19036 25451 1299
25442 19011 676
25442 19021 1257
25442 25441 1188
25442 25451 806
25451 19036 1299
25451 25442 806
25451 25443 1120
25451 25452 1007
25454 25452 983
25439 25457 1007
25443 25441 676
25443 25451 1120
25443 25457 1008
25459 25457 809
25471 25472 1055
25505 25472 697
25505 25507 1609
25497 25507 697
25512 25507 1609
25512 25513 788
25513 25511 806
25513 25512 788
25513 25598 612
25598 25513 612
25598 25597 836
25599 25597 1680
25599 25603 836
25603 25599 836
25603 25602 873
25603 25616 1066
25618 25616 872
25618 25623 951
25622 25616 536
25562 25563 475
25623 25618 951
25623 25655 418
18915 19014 2453
18915 19015 629
19004 19014 904
19009 19014 2138
19009 19017 788
19011 19017 3223
19011 25442 676
25441 25442 1188
25441 25443 676
60
20772
20755
25573
25586
25580
20829
25585
25593
25566
25590
20830
20843
25587
25588
25594
25595
25568
25591
34125
25589
25692
25693
25577
20814
25694
25696
25567
19018
19024
25561
25564
25657
19016
19021
25563
25655
25662
19014
19015
19017
19036
25442
25451
25439
25443
25505
25497
25512
25513
25598
25599
25603
25618
25562
25623
18915
19004
19009
19011
25441
