532
215193 215194 1620
215193 215195 724
215193 215229 719
215193 215230 2428
215194 215193 1620
215194 222062 83
215194 222064 736
215195 215193 724
215195 215198 167
215195 215231 2893
215229 215193 719
215229 215226 715
215229 215227 2247
215229 222059 1359
215230 215193 2428
215230 215227 673
215230 215231 892
222062 215194 83
222062 222063 41
222064 215194 736
222064 215197 714
222064 222065 366
215198 215195 167
215198 215196 497
215198 215228 741
215231 215195 2893
215231 215230 892
215231 215234 879
215226 215225 2269
215226 215229 715
215226 222057 350
215227 215225 729
215227 215229 2247
215227 215230 673
222059 215229 1359
222059 222055 2229
222059 222058 1092
222059 224517 366
222063 222062 41
222063 222560 41
215197 215196 534
215197 222064 714
215197 222067 497
222065 222060 552
222065 222064 366
222065 222066 588
215196 215197 534
215196 215198 497
215196 215199 806
215228 215198 741
215228 215199 712
215228 215234 3324
215228 215239 746
215234 215228 3324
215234 215231 879
215234 215235 302
215225 215226 2269
215225 215227 729
222057 215224 441
222057 215226 350
222057 222058 1411
222055 222049 1542
222055 222054 973
222055 222059 2229
222058 222054 2056
222058 222057 1411
222058 222059 1092
224517 222059 366
222560 222063 41
222560 222561 313
222067 215197 497
222060 221985 1733
222060 222061 567
222060 222065 552
222066 222065 588
215199 215196 806
215199 215228 712
215199 222083 969
215239 215200 1270
215239 215228 746
215239 215240 1631
215235 215232 2568
215235 215234 302
215235 215236 2917
215224 215222 714
215224 215223 2044
215224 222057 441
222049 222048 1027
222049 222050 461
222049 222055 1542
222054 222046 885
222054 222048 1537
222054 222055 973
222054 222058 2056
222561 222051 2203
222561 222560 313
222561 224481 235
221985 221983 1335
221985 222051 629
221985 222053 718
221985 222060 1733
222061 222060 567
222061 222069 962
222061 222080 531
222083 215199 969
222083 215240 683
222083 222084 628
222083 224445 262
215200 215201 1643
215200 215239 1270
215200 215241 439
215240 215201 884
215240 215239 1631
215240 222083 683
215232 215233 1593
215232 215235 2568
215232 215279 1535
215236 215235 2917
215236 215256 1047
215236 215259 747
215222 215221 1208
215222 215224 714
215222 222056 1344
215222 223325 1033
215223 215224 2044
215223 223331 635
222048 221977 196
222048 222049 1027
222048 222054 1537
222050 222049 461
222046 222045 270
222046 222054 885
222046 224066 299
222051 221985 629
222051 222052 878
222051 222561 2203
224481 222561 235
221983 221981 821
221983 221984 771
221983 221985 1335
222053 221985 718
222053 222021 642
222053 222069 732
222069 222053 732
222069 222061 962
222069 222070 797
222080 222061 531
222080 222084 84
222080 222087 1382
222084 222080 84
222084 222083 628
224445 222083 262
215201 215200 1643
215201 215203 697
215201 215240 884
215201 222087 830
215241 215200 439
215241 215202 365
215241 215243 968
215233 215232 1593
215279 215232 1535
215279 215280 1413
215279 223333 1387
215256 215236 1047
215256 215243 2192
215256 215255 348
215256 215257 707
215259 215236 747
215259 215257 1192
215259 215260 833
215221 215222 1208
215221 223328 884
215221 223331 727
222056 215222 1344
222056 222047 1357
222056 223324 1893
223325 215222 1033
223325 223154 1278
223325 223327 605
223331 215221 727
223331 215223 635
221977 221967 1557
221977 221976 1114
221977 222048 196
222045 221967 786
222045 222046 270
222045 222047 840
222045 223323 2088
224066 222046 299
222052 221978 1280
222052 222051 878
221981 221971 444
221981 221978 592
221981 221982 779
221981 221983 821
221984 221982 748
221984 221983 771
221984 222020 534
221984 222021 717
222021 221984 717
222021 222053 642
222021 222068 862
222070 222069 797
222070 222071 1065
222070 222072 798
222070 222081 1048
222087 215201 830
222087 222072 1338
222087 222080 1382
222087 222088 792
215203 215201 697
215203 215202 1506
215203 222088 767
215203 222090 701
215202 215203 1506
215202 215241 365
215202 215242 352
215243 215241 968
215243 215244 696
215243 215256 2192
215280 215279 1413
215280 215281 2157
215280 215282 1428
223333 215279 1387
223333 223332 788
223333 223335 854
215255 215256 348
215257 215244 2300
215257 215256 707
215257 215258 774
215257 215259 1192
215260 215258 1371
215260 215259 833
215260 215261 724
215260 215293 2711
223328 215221 884
223328 223326 1409
222047 222045 840
222047 222056 1357
222047 223142 2184
223324 222056 1893
223324 223150 352
223324 224466 351
223154 223150 1298
223154 223153 1222
223154 223157 765
223154 223325 1278
223327 223325 605
221967 221966 1824
221967 221977 1557
221967 222044 443
221967 222045 786
221976 221941 787
221976 221965 334
221976 221977 1114
223323 222045 2088
223323 223098 702
223323 223142 815
221978 221941 1131
221978 221981 592
221978 222052 1280
221971 221969 601
221971 221975 772
221971 221981 444
221982 221975 497
221982 221981 779
221982 221984 748
221982 222019 1526
222020 221984 534
222068 222021 862
222068 222023 736
222071 222070 1065
222072 222023 1501
222072 222070 798
222072 222073 805
222072 222087 1338
222081 222070 1048
222088 215203 767
222088 222073 1393
222088 222087 792
222090 215203 701
222090 215205 481
222090 222074 2194
215242 215202 352
215242 215204 717
215242 215244 1150
215244 215242 1150
215244 215243 696
215244 215245 685
215244 215257 2300
215281 215280 2157
215281 215284 840
215281 215291 2095
215281 215292 1927
215282 215280 1428
215282 215283 270
215282 223342 1489
223332 223240 646
223332 223289 2106
223332 223333 788
223335 223333 854
223335 223336 1183
223335 223339 739
215258 215245 2272
215258 215257 774
215258 215260 1371
215258 215264 701
215261 215260 724
215261 215265 882
215261 215294 2626
215261 215295 951
215293 215260 2711
215293 215294 650
223326 223157 535
223326 223230 689
223326 223328 1409
223142 222047 2184
223142 223141 1282
223142 223150 1328
223142 223323 815
223150 223142 1328
223150 223149 1230
223150 223154 1298
223150 223324 352
224466 223324 351
223153 223149 1352
223153 223154 1222
223153 223155 723
223157 223154 765
223157 223156 752
223157 223326 535
221966 221965 1117
221966 221967 1824
221966 223322 1171
222044 221967 443
222044 223098 1580
221941 221940 485
221941 221976 787
221941 221978 1131
221965 221946 1421
221965 221966 1117
221965 221976 334
223098 222044 1580
223098 223099 2620
223098 223321 1163
223098 223323 702
221969 221963 641
221969 221964 603
221969 221971 601
221969 221972 787
221975 221971 772
221975 221972 694
221975 221982 497
221975 222016 2034
222019 221982 1526
222019 222022 590
222019 222023 1441
222023 222019 1441
222023 222068 736
222023 222072 1501
222073 222025 2869
222073 222072 805
222073 222074 753
222073 222088 1393
215205 215204 1206
215205 222090 481
215205 222091 385
222074 222026 2871
222074 222073 753
222074 222075 869
222074 222090 2194
215204 215205 1206
215204 215242 717
215204 215245 1333
215204 215246 743
215245 215204 1333
215245 215244 685
215245 215253 786
215245 215258 2272
215284 215281 840
215284 215283 816
215284 215288 1768
215291 215281 2095
215291 224363 391
215291 224366 197
215292 215281 1927
215292 215288 870
215292 215464 573
215283 215282 270
215283 215284 816
215283 215285 572
223342 215282 1489
223342 223341 1169
223342 223346 1117
223240 223238 2146
223240 223239 530
223240 223332 646
223289 223290 753
223289 223332 2106
223289 223334 996
223336 223335 1183
223339 223334 440
223339 223335 739
223339 223340 971
215264 215253 2207
215264 215258 701
215264 215265 601
215265 215261 882
215265 215264 601
215265 215272 632
215294 215261 2626
215294 215293 650
215294 215300 963
215295 215261 951
215295 215296 928
215295 215300 2588
223230 223229 1445
223230 223326 689
223141 223140 786
223141 223142 1282
223141 223149 1303
223149 223141 1303
223149 223147 864
223149 223150 1230
223149 223153 1352
223155 223151 442
223155 223153 723
223155 223156 860
223155 224464 952
223156 223155 860
223156 223157 752
223156 223225 869
223322 221966 1171
223322 223321 649
223322 224480 323
221940 221941 485
221940 221944 3440
221940 221958 702
221940 221968 15
221946 221945 969
221946 221965 1421
221946 223320 2012
223099 223095 708
223099 223097 258
223099 223098 2620
223321 223092 1221
223321 223098 1163
223321 223320 749
223321 223322 649
221963 221959 886
221963 221969 641
221964 221961 254
221964 221969 603
221964 221970 932
221972 221969 787
221972 221970 575
221972 221975 694
221972 222014 770
222016 221975 2034
222016 222015 583
222016 222017 555
222016 222018 1092
222022 222017 461
222022 222019 590
222022 222025 242
222025 222022 242
222025 222026 770
222025 222073 2869
222091 215205 385
222091 221874 704
222091 222075 2158
222026 222025 770
222026 222074 2871
222075 222074 869
222075 222091 2158
215246 215204 743
215246 215253 1368
215253 215245 786
215253 215246 1368
215253 215264 2207
215288 215284 1768
215288 215292 870
224363 215291 391
224366 215291 197
215464 215292 573
215285 215283 572
223341 223342 1169
223346 223342 1117
223238 223240 2146
223239 223240 530
223290 223289 753
223334 223289 996
223334 223339 440
223340 223339 971
215272 215265 632
215300 215294 963
215300 215295 2588
215296 215295 928
223229 223230 1445
223140 223141 786
223140 223147 1406
223147 223140 1406
223147 223149 864
223151 223155 442
224464 223155 952
223225 223156 869
224480 223322 323
221944 221940 3440
221958 221940 702
221968 221940 15
221945 221946 969
223320 221946 2012
223320 223321 749
223095 223099 708
223097 223092 1372
223097 223099 258
223092 223097 1372
223092 223321 1221
221959 221961 992
221959 221963 886
221961 221959 992
221961 221964 254
221970 221964 932
221970 221972 575
222014 221972 770
222014 222015 1086
222015 222014 1086
222015 222016 583
222017 222016 555
222017 222022 461
222018 222016 1092
221874 222091 704
38
222026
222075
215246
215253
215288
224363
224366
215464
215285
223341
223346
223238
223239
223290
223334
215272
215300
215296
223229
223140
223147
223151
224464
221944
221958
221945
223320
223095
223097
223092
221959
221961
221970
222014
222015
222017
222018
221874
