424
5689 5690 655
5689 5691 2282
5690 5689 655
5691 5689 2282
5691 5696 1576
5696 5691 1576
5696 5692 1447
5696 5697 3624
5692 5693 262
5692 5696 1447
5697 5696 3624
5697 5883 2883
5697 5956 6054
5693 5692 262
5883 5697 2883
5883 5882 4846
5883 5884 2028
5956 5697 6054
5882 5875 857
5882 5883 4846
5884 5876 4811
5884 5883 2028
5875 5873 653
5875 5882 857
5876 5877 756
5876 5880 817
5876 5884 4811
5873 5872 1173
5873 5874 1490
5873 5875 653
5877 5876 756
5880 5876 817
5880 5878 3486
5880 5901 1345
5872 5871 2087
5872 5873 1173
5874 5873 1490
5878 5856 4807
5878 5879 1206
5878 5880 3486
5901 5880 1345
5871 5838 3230
5871 5872 2087
5856 5857 2132
5856 5858 2972
5856 5878 4807
5879 5878 1206
5838 5833 2763
5838 5839 2779
5838 5871 3230
5857 5856 2132
5858 5856 2972
5858 5881 2396
5858 5895 1494
5833 5822 3734
5833 5834 1219
5833 5838 2763
5839 5838 2779
5881 5858 2396
5895 5858 1494
5895 5888 1001
5895 5893 3243
5822 5806 4240
5822 5819 1065
5822 5833 3734
5834 5833 1219
5888 5895 1001
5888 5896 3591
5893 5863 1490
5893 5894 1624
5893 5895 3243
5806 5805 2479
5806 5822 4240
5806 5829 1688
5819 5820 1920
5819 5821 1000
5819 5822 1065
5896 5888 3591
5863 5853 705
5863 5893 1490
5894 5893 1624
5805 5806 2479
5805 5809 3111
5805 5832 475
5829 5806 1688
5829 5827 1436
5829 5830 1579
5829 5831 3333
5820 5819 1920
5820 260980 1236
5821 5819 1000
5821 5823 866
5821 5825 1694
5853 5852 1946
5853 5859 1675
5853 5863 705
5809 5805 3111
5809 5811 1231
5832 5805 475
5832 5831 866
5832 5852 3297
5827 5798 5759
5827 5828 796
5827 5829 1436
5830 5829 1579
5831 5829 3333
5831 5832 866
5831 5836 5498
260980 5820 1236
260980 260756 3201
260980 260981 2400
5823 5821 866
5823 5824 7276
5825 5821 1694
5825 5826 208
5825 5828 200
5852 5832 3297
5852 5853 1946
5852 5855 2098
5859 5853 1675
5859 5860 237
5859 5861 475
5811 5809 1231
5798 5799 927
5798 5800 2458
5798 5827 5759
5828 5825 200
5828 5827 796
5836 5831 5498
5836 5840 1854
5836 5854 4781
260756 260749 5421
260756 260753 2075
260756 260811 2929
260756 260980 3201
260981 260977 3811
260981 260978 2292
260981 260980 2400
5824 5823 7276
5826 5825 208
5855 5852 2098
5860 5859 237
5860 6005 3220
5861 5859 475
5861 5862 6100
5799 5798 927
5800 5796 3499
5800 5798 2458
5800 5801 1688
5840 5836 1854
5840 5841 1004
5854 5836 4781
5854 5862 2248
260749 260747 2391
260749 260756 5421
260749 260973 2265
260753 260754 1365
260753 260755 1693
260753 260756 2075
260811 260756 2929
260811 260790 3443
260811 260935 3156
260977 260974 2747
260977 260981 3811
260978 260979 3962
260978 260981 2292
6005 5860 3220
6005 5900 1479
5862 5854 2248
5862 5861 6100
5796 5797 3794
5796 5800 3499
5796 5802 1785
5801 5800 1688
5841 5840 1004
260747 260745 4489
260747 260748 1314
260747 260749 2391
260973 260743 3194
260973 260749 2265
260973 260974 3121
260754 260750 3773
260754 260753 1365
260754 262958 2520
260755 260753 1693
260790 260791 2826
260790 260811 3443
260790 260815 17219
260935 260811 3156
260974 260973 3121
260974 260975 1579
260974 260977 2747
260979 260978 3962
5900 5899 1724
5900 6005 1479
5900 6007 3376
5797 5796 3794
5802 5796 1785
260745 260737 1789
260745 260746 2389
260745 260747 4489
260745 260751 2187
260748 260747 1314
260743 260740 1201
260743 260972 3527
260743 260973 3194
260750 260738 3512
260750 260751 1802
260750 260754 3773
262958 260754 2520
260791 260790 2826
260815 260790 17219
260815 260807 4633
260815 260818 2476
260975 260974 1579
260975 261424 1553
260975 262970 1783
5899 5897 974
5899 5900 1724
6007 5900 3376
260737 260730 3835
260737 260739 484
260737 260745 1789
260746 260745 2389
260751 260745 2187
260751 260750 1802
260751 260752 1766
260740 260741 2378
260740 260742 1336
260740 260743 1201
260972 260743 3527
260738 260730 2011
260738 260750 3512
260738 260805 6409
260807 260806 2707
260807 260808 1154
260807 260815 4633
260818 260815 2476
260818 260816 1727
261424 260975 1553
262970 260975 1783
5897 5898 3152
5897 5899 974
5897 5908 4281
260730 260731 3496
260730 260737 3835
260730 260738 2011
260739 260732 1548
260739 260737 484
260739 260744 2122
260752 260751 1766
260741 260740 2378
260742 260740 1336
260805 236978 3081
260805 260738 6409
260805 262957 1320
260806 236979 1665
260806 260807 2707
260806 262954 2809
260808 260807 1154
260808 260809 2304
260808 260810 5123
260816 260817 3566
260816 260818 1727
260816 260819 2849
5898 5897 3152
5908 5897 4281
5908 5909 1923
5908 5913 4103
260731 260730 3496
260731 260892 1701
260731 262942 1625
260732 260733 3327
260732 260736 1815
260732 260739 1548
260744 260739 2122
236978 236979 2591
236978 260805 3081
236978 260938 2445
262957 260805 1320
236979 236978 2591
236979 260804 3010
236979 260806 1665
262954 260806 2809
260809 260808 2304
260810 260808 5123
260817 260816 3566
260819 260812 1225
260819 260816 2849
260819 260820 2210
5909 5908 1923
5913 5908 4103
5913 5914 1138
260892 260729 13191
260892 260731 1701
260892 262941 1521
262942 260731 1625
260733 260732 3327
260736 260732 1815
260938 236978 2445
260804 236979 3010
260812 260813 5368
260812 260819 1225
260812 260937 360
260820 260819 2210
260820 262964 146
260820 262964 146
5914 5913 1138
260729 260685 503
260729 260734 4367
260729 260892 13191
262941 260892 1521
260813 260812 5368
260813 262937 3248
260813 262955 3136
260937 260812 360
260937 262965 1051
260937 262966 1065
262964 260820 146
262964 260820 146
260685 260686 5239
260685 260729 503
260734 260687 1577
260734 260729 4367
260734 260735 4813
262937 260782 7029
262937 260813 3248
262937 262938 1995
262955 260813 3136
262965 260937 1051
262965 262967 1116
262965 262968 1914
262966 260937 1065
260686 260684 156
260686 260685 5239
260686 262598 1056
260687 260684 7466
260687 260734 1577
260735 260734 4813
260735 262943 3521
260735 262944 2161
260782 260778 984
260782 260783 5912
260782 262937 7029
262938 262937 1995
262967 260939 1615
262967 262965 1116
262967 262969 1349
262968 262965 1914
260684 260682 2829
260684 260686 156
260684 260687 7466
262598 260686 1056
262943 260735 3521
262943 262947 2110
262943 262948 1115
262944 260735 2161
262944 262945 405
262944 262946 625
260778 260728 6448
260778 260782 984
260778 262928 3943
260783 260782 5912
260939 260907 12439
260939 260940 2377
260939 260941 2807
260939 262967 1615
262969 262967 1349
260682 259420 969
260682 260615 1393
260682 260684 2829
262947 260727 1336
262947 262943 2110
262947 262953 4545
262948 262943 1115
262948 262949 506
262948 262950 567
262945 262944 405
262946 262944 625
260728 260727 2051
260728 260778 6448
260728 260779 2143
262928 260778 3943
260907 260905 3382
260907 260927 1840
260907 260939 12439
260940 260906 4075
260940 260939 2377
260941 260939 2807
260941 260942 3316
260941 260942 3316
259420 259378 296
259420 260615 896
259420 260682 969
260615 259420 896
260615 260616 528
260615 260682 1393
260727 260726 1380
260727 260728 2051
260727 262947 1336
262953 262947 4545
262949 262948 506
262950 262948 567
262950 262951 195
262950 262952 622
260779 260728 2143
260779 260780 1349
260905 260902 6820
260905 260907 3382
260905 260908 4646
260927 260907 1840
260927 260928 2817
260906 260940 4075
260942 260941 3316
260942 260941 3316
259378 259420 296
260616 260615 528
260726 260727 1380
262951 262950 195
262952 262950 622
260780 260779 1349
260902 260905 6820
260908 260905 4646
260928 260927 2817
198
5691
5696
5692
5697
5693
5883
5956
5882
5884
5875
5876
5873
5877
5880
5872
5874
5878
5901
5871
5856
5879
5838
5857
5858
5833
5839
5881
5895
5822
5834
5888
5893
5806
5819
5896
5863
5894
5805
5829
5820
5821
5853
5809
5832
5827
5830
5831
260980
5823
5825
5852
5859
5811
5798
5828
5836
260756
260981
5824
5826
5855
5860
5861
5799
5800
5840
5854
260749
260753
260811
260977
260978
6005
5862
5796
5801
5841
260747
260973
260754
260755
260790
260935
260974
260979
5900
5797
5802
260745
260748
260743
260750
262958
260791
260815
260975
5899
6007
260737
260746
260751
260740
260972
260738
260807
260818
261424
262970
5897
260730
260739
260752
260741
260742
260805
260806
260808
260816
5898
5908
260731
260732
260744
236978
262957
236979
262954
260809
260810
260817
260819
5909
5913
260892
262942
260733
260736
260938
260804
260812
260820
5914
260729
262941
260813
260937
262964
260685
260734
262937
262955
262965
262966
260686
260687
260735
260782
262938
262967
262968
260684
262598
262943
262944
260778
260783
260939
262969
260682
262947
262948
262945
262946
260728
262928
260907
260940
260941
259420
260615
260727
262953
262949
262950
260779
260905
260927
260906
260942
259378
260616
260726
262951
262952
260780
260902
260908
260928
