54
244019 263756 339
263756 244019 339
263756 244313 2308
244313 244312 3239
244313 263756 2308
244312 244313 3239
244312 258253 3468
258253 244312 3468
258253 244318 5791
258253 263622 1241
244318 258253 5791
244318 258255 1888
263622 258253 1241
263622 263623 610
263622 263624 933
263622 263625 931
258255 244318 1888
258255 258256 3464
258255 258257 1652
263623 263622 610
263624 263622 933
263625 263622 931
258256 258255 3464
258256 258259 221
258256 258261 2595
258257 258255 1652
258257 261265 1603
258259 258254 527
258259 258256 221
258259 258258 398
258261 258256 2595
261265 258257 1603
258254 258258 444
258254 258259 527
258258 244324 1135
258258 258254 444
258258 258259 398
244324 244323 1027
244324 244326 417
244324 258258 1135
244323 244324 1027
244326 244324 417
244326 244325 1260
244326 258260 856
244325 244326 1260
258260 244326 856
258260 258280 1210
258260 258281 2132
258280 258260 1210
258281 258260 2132
258281 258284 2687
258281 258284 2687
258284 258281 2687
258284 258281 2687
26
244019
263756
244313
244312
258253
244318
263622
258255
263623
263624
263625
258256
258257
258259
258261
261265
258254
258258
244324
244323
244326
244325
258260
258280
258281
258284
