580
195323 195324 927
195323 211466 764
195324 195323 927
195324 211466 634
211466 195323 764
211466 195324 634
211466 211421 623
211421 211416 1988
211421 211419 1059
211421 211446 990
211421 211466 623
211416 211415 1613
211416 211418 822
211416 211420 885
211416 211421 1988
211419 199595 238
211419 211418 2004
211419 211421 1059
211419 215009 369
211446 211420 1712
211446 211421 990
211446 211447 976
211446 211464 1894
211415 211365 185
211415 211416 1613
211415 214410 1824
211418 211416 822
211418 211417 348
211418 211419 2004
211420 211416 885
211420 211445 768
211420 211446 1712
199595 199594 1026
199595 211419 238
215009 211419 369
211447 211446 976
211447 211448 263
211447 211449 901
211447 211465 2147
211464 211446 1894
211464 211465 852
211464 212094 1350
211365 211358 402
211365 211364 797
211365 211415 185
214410 211415 1824
214410 211445 846
211417 211412 765
211417 211418 348
211417 211436 662
211445 211420 768
211445 211449 449
211445 214410 846
199594 199595 1026
199594 211436 1435
211448 211447 263
211449 211445 449
211449 211447 901
211449 211450 561
211465 211447 2147
211465 211464 852
211465 211467 875
211465 211470 1583
212094 211464 1350
212094 211470 1019
212094 212097 419
212094 212098 1247
211358 211352 2522
211358 211365 402
211358 211414 750
211364 211354 275
211364 211361 460
211364 211365 797
211412 211411 3003
211412 211414 938
211412 211417 765
211436 199594 1435
211436 211417 662
211436 211429 1554
211450 211449 561
211450 211451 799
211467 211465 875
211467 211468 78
211467 211469 759
211470 211465 1583
211470 212094 1019
211470 212095 876
211470 212096 947
212097 212084 1864
212097 212093 875
212097 212094 419
212098 212090 2102
212098 212094 1247
212098 212099 355
212098 212100 750
211352 195861 815
211352 211348 750
211352 211358 2522
211414 211353 238
211414 211358 750
211414 211412 938
211354 211336 2886
211354 211348 2511
211354 211364 275
211361 211359 490
211361 211364 460
211411 211410 824
211411 211412 3003
211411 211413 895
211429 211427 240
211429 211436 1554
211451 211450 799
211451 211452 787
211451 211453 1456
211468 211467 78
211468 211471 877
211469 211467 759
211469 212095 827
211469 212103 130
212095 211469 827
212095 211470 876
212095 212108 143
212095 212109 1036
212096 211470 947
212096 212101 202
212096 212109 853
212084 212069 1628
212084 212070 750
212084 212090 867
212084 212097 1864
212093 212062 848
212093 212070 1358
212093 212097 875
212090 212083 1963
212090 212084 867
212090 212091 750
212090 212098 2102
212099 212098 355
212099 212101 580
212099 212102 674
212100 212091 2101
212100 212098 750
212100 212102 516
212100 212115 776
195861 195860 285
195861 211352 815
195861 211353 2179
195861 211410 1502
211348 211336 1314
211348 211347 832
211348 211352 750
211348 211354 2511
211353 195861 2179
211353 211410 2556
211353 211414 238
211336 211334 876
211336 211348 1314
211336 211354 2886
211359 211338 364
211359 211360 395
211359 211361 490
211410 195861 1502
211410 211353 2556
211410 211409 998
211410 211411 824
211413 211411 895
211413 211427 273
211427 211413 273
211427 211425 487
211427 211429 240
211452 211451 787
211452 211459 342
211452 211460 1143
211453 211451 1456
211453 211460 622
211471 211460 1111
211471 211461 417
211471 211468 877
211471 211474 779
212103 211469 130
212103 211474 680
212108 212095 143
212108 212104 349
212109 212095 1036
212109 212096 853
212109 212113 156
212101 212096 202
212101 212099 580
212069 212068 868
212069 212082 493
212069 212084 1628
212070 212061 834
212070 212068 1696
212070 212084 750
212070 212093 1358
212062 211440 1572
212062 212061 938
212062 212093 848
212083 212082 825
212083 212087 2118
212083 212089 834
212083 212090 1963
212091 212089 2004
212091 212090 750
212091 212100 2101
212091 212117 834
212102 212099 674
212102 212100 516
212102 212119 1879
212115 212100 776
212115 212116 1011
212115 212117 2150
195860 195861 285
195860 211345 1306
211347 211334 1682
211347 211344 224
211347 211348 832
211347 214550 310
211334 211330 271
211334 211336 876
211334 211347 1682
211338 211337 2912
211338 211356 277
211338 211359 364
211360 211359 395
211360 211362 1346
211360 211363 2009
211409 211350 737
211409 211351 1062
211409 211410 998
211425 211423 469
211425 211427 487
211425 211428 892
211459 211452 342
211459 211457 822
211459 211461 2096
211460 211452 1143
211460 211453 622
211460 211471 1111
211461 211458 892
211461 211459 2096
211461 211471 417
211461 211475 1575
211474 211471 779
211474 211476 719
211474 212103 680
212104 211476 345
212104 212105 1029
212104 212108 349
212113 212105 320
212113 212109 156
212068 212064 942
212068 212065 982
212068 212069 868
212068 212070 1696
212082 212069 493
212082 212083 825
212082 212086 1825
212061 211440 1264
212061 211441 1059
212061 212062 938
212061 212070 834
211440 211437 1358
211440 212061 1264
211440 212062 1572
212087 212083 2118
212087 212085 751
212087 212088 750
212087 212123 2094
212089 212083 834
212089 212088 2080
212089 212091 2004
212089 212092 751
212117 212091 834
212117 212092 1964
212117 212115 2150
212117 212118 963
212119 212102 1879
212119 212116 965
212119 212121 2405
212116 212115 1011
212116 212118 2126
212116 212119 965
212116 212122 834
211345 195860 1306
211345 211325 867
211345 211343 426
211345 211346 507
211344 211341 627
211344 211347 224
214550 211347 310
211330 211328 1525
211330 211329 680
211330 211334 271
211330 211335 419
211337 211173 1187
211337 211174 219
211337 211331 928
211337 211338 2912
211356 211338 277
211356 211355 594
211356 211357 1406
211362 211357 657
211362 211360 1346
211362 211395 2448
211362 211442 863
211363 211360 2009
211363 211442 584
211350 211033 744
211350 211349 1278
211350 211409 737
211351 211349 285
211351 211409 1062
211423 211422 892
211423 211425 469
211423 211426 1819
211428 211425 892
211428 211430 1157
211428 211432 1202
211457 211458 1928
211457 211459 822
211458 211457 1928
211458 211461 892
211458 211472 706
211458 211473 1650
211475 198868 1111
211475 211461 1575
211475 211473 836
211475 211476 548
211476 211474 719
211476 211475 548
211476 212104 345
211476 212106 1055
212105 198867 354
212105 212104 1029
212105 212112 897
212105 212113 320
212064 211441 842
212064 212060 370
212064 212068 942
212065 212059 1289
212065 212068 982
212065 212081 843
212086 212079 473
212086 212082 1825
212086 212085 337
211441 211437 2197
211441 212061 1059
211441 212064 842
211437 211430 1399
211437 211438 990
211437 211440 1358
211437 211441 2197
212085 212080 2063
212085 212086 337
212085 212087 751
212088 212087 750
212088 212089 2080
212088 212124 2135
212088 212127 825
212123 211814 1825
212123 212080 817
212123 212087 2094
212123 212124 834
212092 212089 751
212092 212117 1964
212092 212127 2093
212092 212130 834
212118 212116 2126
212118 212117 963
212118 212130 2028
212118 212148 789
212121 212119 2405
212121 212152 736
212121 212155 664
212121 212158 1768
212122 212116 834
212122 212148 1980
212122 212151 751
211325 211324 1893
211325 211339 707
211325 211345 867
211325 211349 709
211343 211341 492
211343 211342 493
211343 211345 426
211346 211345 507
211341 211329 1483
211341 211340 573
211341 211343 492
211341 211344 627
211328 211019 828
211328 211327 1323
211328 211330 1525
211329 211327 805
211329 211330 680
211329 211341 1483
211335 211174 598
211335 211330 419
211173 208749 563
211173 211172 1830
211173 211337 1187
211174 211172 2133
211174 211335 598
211174 211337 219
211331 211176 1477
211331 211332 1145
211331 211333 1885
211331 211337 928
211355 211333 278
211355 211356 594
211355 211390 1346
211357 211356 1406
211357 211362 657
211357 211390 863
211357 211394 2325
211395 211362 2448
211395 211394 846
211395 211404 1357
211395 211405 774
211442 211362 863
211442 211363 584
211442 211405 2659
211033 211031 853
211033 211339 1200
211033 211350 744
211349 211325 709
211349 211350 1278
211349 211351 285
211422 211103 605
211422 211423 892
211422 211424 1667
211426 211423 1819
211426 211424 828
211426 211432 810
211426 211433 901
211430 211428 1157
211430 211434 278
211430 211437 1399
211432 211426 810
211432 211428 1202
211432 211434 955
211432 211435 908
211472 211458 706
211472 211463 255
211472 211473 1768
211473 211458 1650
211473 211472 1768
211473 211475 836
211473 211477 1190
198868 198867 499
198868 211475 1111
198868 211477 469
198868 212110 751
212106 198867 38
212106 211476 1055
198867 198868 499
198867 212105 354
198867 212106 38
198867 215014 783
212112 212105 897
212060 211439 901
212060 212059 842
212060 212064 370
212059 212053 918
212059 212060 842
212059 212063 707
212059 212065 1289
212081 212065 843
212081 212067 213
212081 212079 564
212079 212076 2293
212079 212081 564
212079 212086 473
211438 211434 866
211438 211435 835
211438 211437 990
211438 211439 902
212080 212076 640
212080 212078 655
212080 212085 2063
212080 212123 817
212124 211823 1825
212124 212088 2135
212124 212123 834
212124 212126 805
212127 212088 825
212127 212092 2093
212127 212126 2021
212127 212129 834
211814 211812 1366
211814 211813 779
211814 211823 834
211814 212123 1825
212130 212092 834
212130 212118 2028
212130 212129 2093
212130 212139 867
212148 212118 789
212148 212122 1980
212148 212139 2063
212148 212149 716
212152 212121 736
212152 212151 834
212155 212121 664
212158 212121 1768
212151 212122 751
212151 212149 2063
212151 212152 834
211324 211325 1893
211339 211033 1200
211339 211325 707
211342 211340 230
211342 211343 493
211340 211341 573
211340 211342 230
211019 211328 828
211327 211328 1323
211327 211329 805
208749 211173 563
208749 211176 769
211172 211173 1830
211172 211174 2133
211176 208749 769
211176 211331 1477
211332 211331 1145
211333 211331 1885
211333 211355 278
211390 211355 1346
211390 211357 863
211394 211357 2325
211394 211395 846
211404 211395 1357
211405 211395 774
211405 211442 2659
211031 211033 853
211103 211422 605
211424 211422 1667
211424 211426 828
211433 211426 901
211433 211435 828
211434 211430 278
211434 211432 955
211434 211438 866
211435 211432 908
211435 211433 828
211435 211438 835
211435 212053 900
211463 211472 255
211477 198868 469
211477 211473 1190
211477 212110 846
212110 198868 751
212110 211477 846
215014 198867 783
211439 211438 902
211439 212053 836
211439 212060 901
212053 211435 900
212053 211439 836
212053 212059 918
212063 212059 707
212067 212081 213
212076 212079 2293
212076 212080 640
212078 211813 1074
212078 212080 655
211823 211814 834
211823 212124 1825
212126 212124 805
212126 212127 2021
212129 212127 834
212129 212130 2093
211812 211814 1366
211813 211814 779
211813 212078 1074
212139 212130 867
212139 212148 2063
212149 212148 716
212149 212151 2063
42
211457
211458
211472
211473
212152
212155
212158
212151
211324
211339
211340
211019
211327
208749
211172
211176
211332
211333
211390
211394
211404
211405
211031
211103
211424
211433
211435
211463
211477
212110
212053
212063
212067
212076
212078
211823
212126
212129
211812
211813
212139
212149
