188
22859 23013 905
23013 22859 905
23013 23014 1055
23013 23018 2556
23014 23013 1055
23014 23015 2712
23014 23016 927
23018 23013 2556
23018 23015 1120
23018 23030 1690
23015 23014 2712
23015 23017 1031
23015 23018 1120
23015 23025 750
23016 23014 927
23016 23017 2398
23030 23018 1690
23030 23026 1120
23030 23213 222
23017 23015 1031
23017 23016 2398
23017 23019 983
23025 23015 750
23025 23026 951
23025 23027 2110
23026 23025 951
23026 23029 818
23026 23030 1120
23026 23031 2015
23213 23030 222
23213 23197 713
23213 23214 2161
23019 23012 950
23019 23017 983
23027 23024 713
23027 23025 2110
23027 23028 982
23029 23026 818
23029 23028 1188
23029 23032 1955
23031 23026 2015
23031 23032 924
23031 23072 1181
23031 23214 905
23197 23209 2127
23197 23213 713
23214 23031 905
23214 23209 847
23214 23213 2161
23214 23223 2005
23012 23019 950
23012 23024 737
23024 23012 737
23024 23027 713
23028 23027 982
23028 23029 1188
23032 23029 1955
23032 23031 924
23032 23069 1778
23032 23071 1181
23072 23031 1181
23072 23071 1139
23072 23226 354
23209 23197 2127
23209 23214 847
23209 23224 2083
23223 23214 2005
23223 23224 818
23223 23228 1120
23223 23238 876
23069 23032 1778
23069 23070 1528
23071 23032 1181
23071 23070 1483
23071 23072 1139
23071 34417 691
23226 23072 354
23226 23227 649
23226 23228 806
23224 23209 2083
23224 23223 818
23224 23229 344
23228 23223 1120
23228 23226 806
23228 23236 2281
23238 23223 876
23238 23237 1406
23238 34413 417
23070 23069 1528
23070 23071 1483
23070 23087 2943
34417 23071 691
23227 23226 649
23229 23224 344
23236 23228 2281
23236 23237 1120
23236 23363 1395
23237 23236 1120
23237 23238 1406
23237 23239 713
34413 23238 417
23087 23070 2943
23087 23084 950
23087 23086 1120
23087 23360 1032
23363 23236 1395
23363 23361 2170
23363 23373 788
23239 23237 713
23084 23083 1102
23084 23085 1085
23084 23087 950
23086 23085 1025
23086 23087 1120
23086 23358 1906
23360 23087 1032
23360 23361 452
23361 23360 452
23361 23363 2170
23361 23369 504
23373 23363 788
23373 23370 2272
23373 23428 1220
23083 23076 1085
23083 23084 1102
23085 23076 1102
23085 23084 1085
23085 23086 1025
23085 23357 1395
23358 23086 1906
23358 23355 1025
23369 23361 504
23369 23370 275
23370 23369 275
23370 23372 275
23370 23373 2272
23428 23373 1220
23076 23074 796
23076 23083 1085
23076 23085 1102
23357 23078 452
23357 23085 1395
23357 23355 511
23355 23078 336
23355 23357 511
23355 23358 1025
23372 23370 275
23372 23374 435
23074 23067 788
23074 23073 1336
23074 23076 796
23074 23079 435
23078 23075 1209
23078 23081 1062
23078 23355 336
23078 23357 452
23374 23372 435
23067 23068 1225
23067 23074 788
23073 23045 796
23073 23068 764
23073 23074 1336
23073 23075 869
23079 23074 435
23079 23080 333
23079 23081 336
23075 23062 1447
23075 23073 869
23075 23078 1209
23081 23078 1062
23081 23079 336
23081 23082 333
23068 22998 1827
23068 23067 1225
23068 23073 764
23045 23000 2402
23045 23046 818
23045 23073 796
23080 23079 333
23062 23046 473
23062 23075 1447
23082 23081 333
22998 23000 847
22998 23068 1827
23000 22998 847
23000 23045 2402
23046 23045 818
23046 23062 473
71
22859
23013
23014
23018
23015
23016
23030
23017
23025
23026
23213
23019
23027
23029
23031
23197
23214
23012
23024
23028
23032
23072
23209
23223
23069
23071
23226
23224
23228
23238
23070
34417
23227
23229
23236
23237
34413
23087
23363
23239
23084
23086
23360
23361
23373
23083
23085
23358
23369
23370
23428
23076
23357
23355
23372
23074
23078
23374
23067
23073
23079
23075
23081
23068
23045
23080
23062
23082
22998
23000
23046
