440
6716 227274 1978
227274 6716 1978
227274 227273 1532
227274 227276 867
227273 227186 1221
227273 227274 1532
227273 227275 763
227276 227274 867
227186 227185 3388
227186 227187 1406
227186 227273 1221
227275 227273 763
227185 227179 511
227185 227182 1254
227185 227186 3388
227187 227186 1406
227179 227178 2375
227179 227185 511
227179 227246 3466
227182 227180 417
227182 227183 796
227182 227185 1254
227178 227170 2471
227178 227179 2375
227246 227179 3466
227246 227245 825
227246 227247 1635
227180 227166 1381
227180 227181 475
227180 227182 417
227183 227168 2229
227183 227182 796
227183 227184 736
227170 227169 3997
227170 227177 2078
227170 227178 2471
227170 227244 2286
227245 227244 1483
227245 227246 825
227245 227248 2352
227247 227246 1635
227247 227249 2066
227247 227250 2005
227166 227167 1796
227166 227180 1381
227181 227180 475
227168 227161 3941
227168 227183 2229
227168 227272 2625
227184 227183 736
227169 227129 4360
227169 227170 3997
227169 227173 1685
227177 227170 2078
227177 227175 779
227177 234445 643
227244 227170 2286
227244 227242 2509
227244 227245 1483
227248 227242 1454
227248 227245 2352
227248 227250 2279
227249 227247 2066
227249 227251 2005
227249 227252 2820
227250 227247 2005
227250 227248 2279
227250 227251 2066
227167 227166 1796
227161 227162 1254
227161 227168 3941
227272 227168 2625
227129 227126 2022
227129 227130 3388
227129 227151 1412
227129 227169 4360
227173 227169 1685
227173 227174 713
227173 227234 2328
227175 227176 983
227175 227177 779
227175 227239 2142
234445 227177 643
227242 227241 1219
227242 227244 2509
227242 227248 1454
227251 227249 2005
227251 227250 2066
227252 227241 8350
227252 227249 2820
227162 227161 1254
227126 227119 2276
227126 227129 2022
227126 227158 924
227130 227127 594
227130 227129 3388
227130 227816 1235
227151 227129 1412
227151 227152 1076
227151 227153 1143
227174 227173 713
227234 227173 2328
227234 227235 983
227234 227236 1254
227176 227175 983
227239 227175 2142
227239 227238 2198
227239 227240 2044
227241 227238 3292
227241 227242 1219
227241 227243 2177
227241 227252 8350
227119 227125 1405
227119 227126 2276
227158 227126 924
227127 227124 577
227127 227128 2229
227127 227130 594
227816 227130 1235
227152 227151 1076
227152 227156 1923
227152 227171 786
227153 227150 1084
227153 227151 1143
227153 227155 1491
227235 227234 983
227236 227204 1024
227236 227234 1254
227236 227237 818
227238 227189 4894
227238 227204 1729
227238 227239 2198
227238 227241 3292
227240 227239 2044
227243 227241 2177
227243 227253 2810
227243 227254 1445
227125 227119 1405
227124 227122 1061
227124 227127 577
227128 227127 2229
227156 227152 1923
227156 227155 2590
227156 227172 597
227171 227152 786
227150 227148 1729
227150 227153 1084
227150 227154 3445
227155 227153 1491
227155 227156 2590
227155 227199 2901
227204 227199 4914
227204 227236 1024
227204 227238 1729
227237 227236 818
227189 227188 637
227189 227238 4894
227253 227243 2810
227254 227243 1445
227254 227269 2335
227254 227270 2018
227122 227081 153
227122 227123 1599
227122 227124 1061
227172 227156 597
227148 227146 2590
227148 227149 2901
227148 227150 1729
227154 227145 1373
227154 227149 1478
227154 227150 3445
227199 227145 1686
227199 227155 2901
227199 227204 4914
227188 227189 637
227188 227258 823
227188 228237 1899
227269 227254 2335
227270 227254 2018
227270 227266 341
227081 227067 2457
227081 227076 3642
227081 227122 153
227123 227122 1599
227146 227147 950
227146 227148 2590
227146 227149 2683
227149 227146 2683
227149 227148 2901
227149 227154 1478
227145 227144 4814
227145 227154 1373
227145 227199 1686
227145 227202 1977
227258 227188 823
227258 227259 1004
227258 227263 402
228237 227188 1899
228237 228242 590
228237 228263 1337
227266 227264 3371
227266 227268 1814
227266 227270 341
227067 227064 5135
227067 227081 2457
227067 227117 2062
227076 227075 1164
227076 227081 3642
227147 227146 950
227144 227137 901
227144 227145 4814
227144 227194 681
227202 227145 1977
227202 227200 1139
227202 227203 796
227259 227258 1004
227259 227260 2126
227259 227261 3340
227263 227258 402
227263 227262 674
228242 228237 590
228242 235464 1787
228242 235465 847
228263 228237 1337
227264 227260 672
227264 227265 740
227264 227266 3371
227268 227266 1814
227268 227267 3019
227268 227271 1881
227064 227063 2111
227064 227066 893
227064 227067 5135
227117 227067 2062
227075 227076 1164
227137 227134 1891
227137 227141 1193
227137 227144 901
227194 227144 681
227194 227192 781
227194 235349 773
227200 227201 2339
227200 227202 1139
227200 227206 557
227203 227202 796
227260 227259 2126
227260 227261 2328
227260 227264 672
227261 227259 3340
227261 227260 2328
227261 227267 1065
227262 227232 882
227262 227263 674
227262 228227 3494
235464 228242 1787
235465 228242 847
227265 227255 701
227265 227264 740
227267 227261 1065
227267 227268 3019
227267 227271 3934
227271 227267 3934
227271 227268 1881
227271 228259 1591
227063 226861 3029
227063 227064 2111
227063 227065 1648
227066 227064 893
227066 227071 1111
227066 227072 3068
227134 226866 433
227134 227137 1891
227134 227138 2022
227134 227139 1292
227141 227132 557
227141 227137 1193
227141 227142 535
227192 227193 1360
227192 227194 781
227192 227195 452
235349 227194 773
227201 227200 2339
227206 227200 557
227232 227216 302
227232 227226 889
227232 227262 882
228227 227224 3530
228227 227262 3494
228227 228219 4856
228227 228229 562
227255 227256 893
227255 227257 1234
227255 227265 701
228259 227271 1591
228259 228258 452
228259 228261 6065
226861 226859 3591
226861 227043 3461
226861 227063 3029
226861 227068 2688
227065 227063 1648
227071 227066 1111
227071 227073 984
227071 227074 2978
227072 227066 3068
226866 226867 1712
226866 227114 2022
226866 227134 433
226866 227136 1124
227138 227134 2022
227138 227191 6316
227139 227134 1292
227139 227135 1200
227132 227133 535
227132 227141 557
227132 227143 1193
227142 227141 535
227193 227192 1360
227195 227192 452
227216 227215 2728
227216 227232 302
227226 227227 2183
227226 227232 889
227226 227233 1029
227224 227223 945
227224 227228 611
227224 228224 671
227224 228227 3530
228219 228216 2525
228219 228227 4856
228229 228227 562
228229 228230 2495
227256 227255 893
227257 227255 1234
228258 228257 2111
228258 228259 452
228258 228260 2166
228261 228259 6065
228261 228394 1349
226859 226860 193
226859 226861 3591
227043 226861 3461
227043 227041 2285
227043 227045 2584
227068 226861 2688
227068 227114 6993
227068 227115 2375
227073 227071 984
227073 227116 858
227074 227071 2978
226867 226866 1712
227114 226866 2022
227114 227068 6993
227114 227131 2164
227136 226866 1124
227191 227138 6316
227191 227207 1111
227191 227209 893
227191 228213 4536
227135 226953 177
227135 227139 1200
227133 227132 535
227143 227132 1193
227215 227213 1021
227215 227216 2728
227215 227225 1572
227227 227213 2618
227227 227226 2183
227233 227226 1029
227223 227221 1556
227223 227224 945
227223 228223 1425
227228 227224 611
227228 227229 808
227228 228226 1094
228224 227224 671
228216 228214 1165
228216 228218 1322
228216 228219 2525
228230 228229 2495
228230 228249 1626
228230 228254 2126
228230 233898 1794
228257 228256 1062
228257 228258 2111
228260 228258 2166
228394 228261 1349
228394 228274 870
228394 228403 2754
226860 226859 193
226860 235227 265
227041 226846 586
227041 227042 1457
227041 227043 2285
227045 227043 2584
227045 227044 837
227045 227046 1425
227045 227047 837
227115 227068 2375
227115 227140 1818
227116 227073 858
227131 227114 2164
227207 227009 137
227207 227191 1111
227209 227191 893
227209 227196 4036
227209 227210 1556
228213 227191 4536
226953 227009 8098
226953 227135 177
227213 227215 1021
227213 227227 2618
227225 227215 1572
227221 227223 1556
228223 227223 1425
227229 227228 808
228226 227228 1094
228214 228216 1165
228218 228216 1322
228249 228230 1626
228254 228230 2126
228254 228256 1734
233898 228230 1794
228256 228254 1734
228256 228257 1062
228274 228394 870
228403 228394 2754
235227 226860 265
226846 227041 586
227042 227041 1457
227042 227044 1445
227044 227042 1445
227044 227045 837
227046 227045 1425
227047 227045 837
227140 227115 1818
227009 226953 8098
227009 227207 137
227196 227209 4036
227210 227209 1556
200
6716
227274
227273
227276
227186
227275
227185
227187
227179
227182
227178
227246
227180
227183
227170
227245
227247
227166
227181
227168
227184
227169
227177
227244
227248
227249
227250
227167
227161
227272
227129
227173
227175
234445
227242
227251
227252
227162
227126
227130
227151
227174
227234
227176
227239
227241
227119
227158
227127
227816
227152
227153
227235
227236
227238
227240
227243
227125
227124
227128
227156
227171
227150
227155
227204
227237
227189
227253
227254
227122
227172
227148
227154
227199
227188
227269
227270
227081
227123
227146
227149
227145
227258
228237
227266
227067
227076
227147
227144
227202
227259
227263
228242
228263
227264
227268
227064
227117
227075
227137
227194
227200
227203
227260
227261
227262
235464
235465
227265
227267
227271
227063
227066
227134
227141
227192
235349
227201
227206
227232
228227
227255
228259
226861
227065
227071
227072
226866
227138
227139
227132
227142
227193
227195
227216
227226
227224
228219
228229
227256
227257
228258
228261
226859
227043
227068
227073
227074
226867
227114
227136
227191
227135
227133
227143
227215
227227
227233
227223
227228
228224
228216
228230
228257
228260
228394
226860
227041
227045
227115
227116
227131
227207
227209
228213
226953
227213
227225
227221
228223
227229
228226
228214
228218
228249
228254
233898
228256
228274
228403
235227
226846
227042
227044
227046
227047
227140
227009
227196
227210
