476
166996 167019 374
167019 166996 374
167019 167018 1009
167019 167069 1534
167018 167015 650
167018 167019 1009
167069 167019 1534
167069 167070 1009
167069 172666 156
167069 172668 56
167015 167016 1017
167015 167018 650
167015 167070 885
167070 167015 885
167070 167037 630
167070 167069 1009
167070 167072 1769
172666 167069 156
172666 167087 965
172668 167069 56
172668 172667 1098
167016 167015 1017
167016 167017 562
167016 167071 111
167037 167034 1344
167037 167036 850
167037 167070 630
167072 167034 1264
167072 167070 1769
167072 167074 885
167087 167085 2132
167087 167086 789
167087 172666 965
172667 167092 906
172667 172668 1098
172667 172669 1323
167017 166998 556
167017 167016 562
167017 172483 758
167071 167016 111
167071 167036 667
167071 172480 766
167034 167033 893
167034 167037 1344
167034 167072 1264
167036 167035 333
167036 167037 850
167036 167071 667
167074 167061 842
167074 167072 885
167074 167096 2223
167074 172176 2227
167085 167084 702
167085 167087 2132
167085 167092 1161
167086 167084 1993
167086 167087 789
167086 167089 747
167092 167078 1779
167092 167085 1161
167092 172667 906
172669 172667 1323
166998 167017 556
172483 167017 758
172480 167071 766
167033 167027 850
167033 167034 893
167033 167038 2224
167033 167061 933
167035 167012 778
167035 167036 333
167035 172481 766
167061 167033 933
167061 167050 2223
167061 167074 842
167096 167050 842
167096 167074 2223
167096 167098 562
167096 172665 376
172176 167074 2227
172176 167113 612
172176 172177 885
172176 172665 850
167084 167085 702
167084 167086 1993
167084 167088 757
167089 167086 747
167089 167088 1980
167089 167104 837
167078 167077 1396
167078 167079 558
167078 167092 1779
167027 167011 445
167027 167028 452
167027 167033 850
167038 167020 850
167038 167033 2224
167038 167050 850
167012 167011 672
167012 167014 674
167012 167035 778
172481 167035 766
167050 167038 850
167050 167049 2118
167050 167061 2223
167050 167096 842
167098 167096 562
167098 167097 1004
167098 172664 558
172665 167096 376
172665 172176 850
167113 167105 474
167113 167107 893
167113 172176 612
172177 172176 885
172177 172662 933
167088 167084 757
167088 167089 1980
167088 167091 747
167104 167089 837
167104 167091 1831
167104 167107 475
167077 167076 2341
167077 167078 1396
167077 167093 1085
167079 167078 558
167079 167080 843
167011 167012 672
167011 167027 445
167028 167027 452
167028 167029 1095
167028 167030 782
167020 167021 452
167020 167022 452
167020 167038 850
167014 167012 674
167049 167050 2118
167049 167051 590
167049 167094 927
167097 167094 562
167097 167098 1004
167097 172663 635
172664 167098 558
172664 172662 200
167105 167106 476
167105 167107 697
167105 167113 474
167107 167104 475
167107 167105 697
167107 167113 893
172662 172177 933
172662 172663 909
172662 172664 200
167091 167088 747
167091 167090 610
167091 167104 1831
167076 167077 2341
167093 167077 1085
167080 167079 843
167029 167028 1095
167030 167021 556
167030 167028 782
167030 167031 1179
167021 167020 452
167021 167030 556
167021 167032 1185
167022 167020 452
167022 167023 1264
167022 172485 782
167051 167049 590
167051 167052 1336
167094 167049 927
167094 167095 850
167094 167097 562
172663 167097 635
172663 172662 909
167106 167105 476
167090 167091 610
167090 167214 1695
167031 167030 1179
167032 167021 1185
167023 167022 1264
172485 167022 782
172485 172486 1179
167052 167051 1336
167095 167094 850
167095 167114 1432
167214 167090 1695
167214 172178 677
172486 172485 1179
167114 167095 1432
167114 167115 526
167114 167128 927
172178 167214 677
172178 172179 848
172178 172489 436
167115 167114 526
167115 167229 74
167128 167114 927
167128 167225 2605
172179 172178 848
172489 172178 436
167229 167115 74
167229 167127 341
167229 167227 3058
167229 167228 1080
167225 167111 959
167225 167128 2605
167225 172488 238
167127 167126 503
167127 167229 341
167227 167226 842
167227 167229 3058
167227 167233 1258
167228 167081 404
167228 167226 2536
167228 167229 1080
167111 167225 959
172488 167225 238
172488 172487 238
167126 167125 1046
167126 167127 503
167226 167227 842
167226 167228 2536
167226 167233 1140
167233 167226 1140
167233 167227 1258
167081 167082 421
167081 167228 404
172487 172488 238
167125 167123 1734
167125 167126 1046
167125 167234 1773
167082 167081 421
167082 167083 1074
167082 167116 3641
167123 167125 1734
167123 167234 796
167234 167123 796
167234 167125 1773
167234 167240 766
167234 167242 485
167083 167082 1074
167083 167119 4373
167116 167082 3641
167240 167230 2920
167240 167234 766
167240 167241 871
167242 167234 485
167242 167243 962
167119 167083 4373
167119 167117 1154
167119 167120 1455
167230 167231 2933
167230 167232 927
167230 167240 2920
167241 167240 871
167241 167258 672
167243 167242 962
167117 167118 879
167117 167119 1154
167117 168430 558
167120 167119 1455
167120 167121 513
167120 172868 531
167231 167230 2933
167231 167232 2920
167232 167230 927
167232 167231 2920
167258 167241 672
167258 167251 672
167258 172530 933
167118 167117 879
168430 167117 558
167121 167120 513
167121 167122 1868
167121 168427 1556
172868 167120 531
167251 167252 1101
167251 167258 672
172530 167258 933
167122 167121 1868
167122 167800 2005
167122 168425 1009
168427 167121 1556
168427 168428 355
168427 168429 374
167252 167251 1101
167800 167122 2005
167800 167801 1023
167800 168447 1888
168425 167122 1009
168425 168423 1154
168425 168426 747
168428 168427 355
168429 168427 374
167801 167800 1023
167801 167802 1357
167801 168446 1905
168447 167800 1888
168423 168424 752
168423 168425 1154
168423 168448 558
168426 168425 747
167802 167801 1357
167802 167803 2005
167802 168443 1536
168446 167801 1905
168424 168423 752
168448 168423 558
167803 167802 2005
167803 167804 1121
167803 168442 2129
168443 167802 1536
168443 168444 924
168443 168445 355
167804 167803 1121
167804 167805 885
167804 168463 953
168442 167766 1796
168442 167803 2129
168442 168440 1035
168444 168443 924
168445 168443 355
167805 167704 1357
167805 167804 885
167805 168462 367
168463 167804 953
167766 167767 906
167766 167770 710
167766 168442 1796
168440 168441 672
168440 168442 1035
167704 167701 2133
167704 167703 747
167704 167805 1357
168462 167770 1704
168462 167805 367
168462 172528 604
167767 167766 906
167767 167768 667
167767 172529 337
167770 167766 710
167770 167771 796
167770 168462 1704
168441 168440 672
167701 167702 782
167701 167704 2133
167701 167769 327
167703 167702 2402
167703 167704 747
167703 167797 796
172528 168462 604
167768 167767 667
167768 167769 1699
167768 167807 782
172529 167767 337
167771 167770 796
167702 167701 782
167702 167703 2402
167702 167806 782
167702 167807 2194
167769 167701 327
167769 167768 1699
167797 167703 796
167797 167798 672
167797 167806 2485
167807 167702 2194
167807 167768 782
167807 167808 1111
167807 168468 843
167806 167702 782
167806 167797 2485
167806 167808 2318
167806 167809 688
167798 167789 782
167798 167797 672
167798 167799 518
167798 167809 2402
167808 167806 2318
167808 167807 1111
167808 168466 843
168468 167807 843
167809 167798 2402
167809 167806 688
167809 167810 782
167789 167764 953
167789 167790 782
167789 167798 782
167789 167812 953
167799 167798 518
168466 167808 843
168466 168467 782
167810 167809 782
167810 167811 766
167810 167814 2286
167810 168464 556
167764 167763 436
167764 167789 953
167790 167789 782
167790 167791 1560
167790 167792 1565
167812 167789 953
167812 167811 684
167812 167815 2248
168467 168466 782
167811 167810 766
167811 167812 684
167811 167816 2127
167814 167810 2286
167814 168469 688
168464 167810 556
168464 168465 796
168464 168470 1450
167763 167695 1124
167763 167754 688
167763 167758 710
167763 167764 436
167791 167790 1560
167792 167790 1565
167792 167793 905
167792 167815 850
167815 167792 850
167815 167812 2248
167815 167816 758
167816 167794 767
167816 167811 2127
167816 167815 758
168469 167795 537
168469 167814 688
168469 168470 683
168465 167794 782
168465 168464 796
168465 168470 1695
168470 168464 1450
168470 168465 1695
168470 168469 683
167695 167694 1747
167695 167763 1124
167695 167784 2568
167754 167753 688
167754 167755 710
167754 167763 688
167758 167755 688
167758 167759 253
167758 167763 710
167793 167792 905
167793 167794 2291
167794 167793 2291
167794 167795 2919
167794 167816 767
167794 168465 782
167795 167794 2919
167795 167796 537
167795 168469 537
167694 167693 874
167694 167695 1747
167694 167759 2429
167784 167688 1989
167784 167695 2568
167784 167717 1344
167784 167785 872
167753 167672 3034
167753 167754 688
167755 167754 710
167755 167756 238
167755 167758 688
167759 167694 2429
167759 167758 253
167796 167795 537
167693 167694 874
167688 167784 1989
167717 167784 1344
167785 167784 872
167672 167753 3034
167756 167755 238
200
166996
167019
167018
167069
167015
167070
172666
172668
167016
167037
167072
167087
172667
167017
167071
167034
167036
167074
167085
167086
167092
172669
166998
172483
172480
167033
167035
167061
167096
172176
167084
167089
167078
167027
167038
167012
172481
167050
167098
172665
167113
172177
167088
167104
167077
167079
167011
167028
167020
167014
167049
167097
172664
167105
167107
172662
167091
167076
167093
167080
167029
167030
167021
167022
167051
167094
172663
167106
167090
167031
167032
167023
172485
167052
167095
167214
172486
167114
172178
167115
167128
172179
172489
167229
167225
167127
167227
167228
167111
172488
167126
167226
167233
167081
172487
167125
167082
167123
167234
167083
167116
167240
167242
167119
167230
167241
167243
167117
167120
167231
167232
167258
167118
168430
167121
172868
167251
172530
167122
168427
167252
167800
168425
168428
168429
167801
168447
168423
168426
167802
168446
168424
168448
167803
168443
167804
168442
168444
168445
167805
168463
167766
168440
167704
168462
167767
167770
168441
167701
167703
172528
167768
172529
167771
167702
167769
167797
167807
167806
167798
167808
168468
167809
167789
167799
168466
167810
167764
167790
167812
168467
167811
167814
168464
167763
167791
167792
167815
167816
168469
168465
168470
167695
167754
167758
167793
167794
167795
167694
167784
167753
167755
167759
167796
167693
167688
167717
167785
167672
167756
