522
10588 10589 542
10588 12881 731
10588 12882 555
10589 10588 542
10589 11858 1767
12881 10588 731
12882 10588 555
12882 12880 778
12882 12885 344
11858 10589 1767
11858 11837 2278
11858 11856 782
11858 11859 782
12880 12878 672
12880 12879 1014
12880 12882 778
12880 12883 924
12885 12882 344
12885 12886 445
12885 12893 2438
11837 11832 1432
11837 11836 889
11837 11838 672
11837 11858 2278
11856 11836 2186
11856 11855 667
11856 11858 782
11856 12879 1934
11859 11858 782
11859 11907 1432
11859 11910 580
11859 12944 1515
12878 12873 778
12878 12877 924
12878 12880 672
12879 11856 1934
12879 12880 1014
12883 12875 1565
12883 12880 924
12883 12890 840
12886 12885 445
12893 12885 2438
12893 12894 778
12893 12895 344
11832 11772 1427
11832 11831 905
11832 11833 556
11832 11837 1432
11836 11831 1599
11836 11835 667
11836 11837 889
11836 11856 2186
11838 11833 1511
11838 11837 672
11838 11906 516
11855 11835 2186
11855 11854 893
11855 11856 667
11855 12877 1944
11907 11859 1432
11907 11906 354
11907 11908 1901
11910 11859 580
11910 11911 778
11910 11911 778
12944 11859 1515
12873 12870 3565
12873 12875 847
12873 12876 756
12873 12878 778
12877 11855 1944
12877 12878 924
12875 12872 3232
12875 12873 847
12875 12883 1565
12875 12887 840
12890 12883 840
12890 12887 1565
12890 12891 930
12894 12893 778
12894 12949 667
12894 12980 2438
12895 12891 782
12895 12893 344
12895 12941 4128
11772 11767 840
11772 11770 562
11772 11773 556
11772 11832 1427
11831 11770 1222
11831 11830 610
11831 11832 905
11831 11836 1599
11833 11773 1427
11833 11832 556
11833 11838 1511
11835 11830 1362
11835 11834 778
11835 11836 667
11835 11855 2186
11906 11838 516
11906 11907 354
11906 11908 2141
11854 11853 420
11854 11855 893
11854 11857 756
11908 11906 2141
11908 11907 1901
11908 11909 982
11911 11909 889
11911 11910 778
11911 11910 778
12870 11847 788
12870 12858 562
12870 12872 869
12870 12873 3565
12876 12869 504
12876 12873 756
12872 12870 869
12872 12874 756
12872 12875 3232
12887 12874 3240
12887 12875 840
12887 12889 1181
12887 12890 1565
12891 12889 1558
12891 12890 930
12891 12895 782
12949 12894 667
12949 12950 1004
12949 12951 2435
12980 12894 2438
12980 12951 778
12980 12981 1092
12941 12895 4128
12941 12940 1357
12941 12942 3443
11767 11765 1282
11767 11768 924
11767 11772 840
11770 11766 782
11770 11769 475
11770 11772 562
11770 11831 1222
11773 11768 676
11773 11772 556
11773 11833 1427
11830 11766 1515
11830 11829 950
11830 11831 610
11830 11835 1362
11834 11825 778
11834 11829 1683
11834 11835 778
11834 11851 1097
11853 11851 598
11853 11852 667
11853 11854 420
11857 11850 778
11857 11854 756
11857 12869 930
11909 11908 982
11909 11911 889
11909 12945 1931
11847 11816 1466
11847 12870 788
12858 12856 1279
12858 12870 562
12869 11857 930
12869 12868 2679
12869 12876 504
12874 12866 1599
12874 12872 756
12874 12887 3240
12889 12887 1181
12889 12888 1114
12889 12891 1558
12889 12892 1008
12950 12949 1004
12950 12952 238
12950 12984 3366
12951 12949 2435
12951 12980 778
12951 12982 924
12981 12980 1092
12981 12982 796
12981 12995 3107
12940 12935 2780
12940 12941 1357
12940 12943 1543
12942 12941 3443
12942 13077 354
11765 11763 947
11765 11767 1282
11768 11767 924
11768 11773 676
11768 11877 1114
11766 11764 778
11766 11770 782
11766 11771 504
11766 11830 1515
11769 11770 475
11829 11828 504
11829 11830 950
11829 11834 1683
11825 11826 975
11825 11827 588
11825 11834 778
11851 11834 1097
11851 11842 778
11851 11853 598
11852 11842 588
11852 11850 1181
11852 11853 667
11850 11849 672
11850 11852 1181
11850 11857 778
12945 11909 1931
12945 12952 3041
11816 11815 1336
11816 11818 580
11816 11846 1447
11816 11847 1466
12856 12857 667
12856 12858 1279
12856 12865 1539
12868 11846 840
12868 12867 445
12868 12869 2679
12866 12863 1000
12866 12874 1599
12866 12888 2111
12866 12906 1181
12888 12866 2111
12888 12889 1114
12888 12928 756
12892 12889 1008
12892 12930 788
12892 12935 893
12952 12945 3041
12952 12950 238
12952 12953 782
12984 12950 3366
12984 12983 222
12984 12985 672
12982 12951 924
12982 12981 796
12982 12983 562
12995 12981 3107
12995 13151 562
12995 13152 420
12935 12892 893
12935 12936 344
12935 12940 2780
12943 12930 3109
12943 12939 420
12943 12940 1543
13077 12942 354
13077 13076 2085
13077 13079 1292
11763 11762 420
11763 11764 1014
11763 11765 947
11877 11768 1114
11877 11878 818
11877 11905 1348
11764 11763 1014
11764 11766 778
11764 11828 708
11771 11766 504
11828 11764 708
11828 11824 778
11828 11829 504
11826 11821 847
11826 11825 975
11826 11827 778
11827 11824 1599
11827 11825 588
11827 11826 778
11842 11841 667
11842 11851 778
11842 11852 588
11849 11841 1683
11849 11848 782
11849 11850 672
11849 12871 420
11815 11812 551
11815 11814 667
11815 11816 1336
11818 11816 580
11818 11819 1334
11818 12839 924
11846 11816 1447
11846 11848 556
11846 12868 840
12857 12856 667
12865 12856 1539
12865 12863 479
12865 12884 400
12867 12868 445
12863 12862 1000
12863 12865 479
12863 12866 1000
12863 12905 598
12906 12866 1181
12906 12907 889
12906 12912 840
12928 12888 756
12930 12892 788
12930 12929 778
12930 12943 3109
12953 12952 782
12953 12954 3696
12953 12986 3282
12983 12982 562
12983 12984 222
12983 13153 3109
12985 12984 672
12985 12986 373
12985 13158 2782
13151 12995 562
13152 12995 420
13152 13079 504
12936 12935 344
12939 12937 2335
12939 12943 420
12939 13066 1014
13076 13073 788
13076 13077 2085
13076 13078 1303
13076 13083 1483
13079 13077 1292
13079 13092 1410
13079 13152 504
13079 13154 1268
11762 11760 504
11762 11763 420
11878 11864 903
11878 11877 818
11878 11879 373
11905 11877 1348
11824 11823 778
11824 11827 1599
11824 11828 778
11821 11822 1447
11821 11823 756
11821 11826 847
11841 11840 893
11841 11842 667
11841 11849 1683
11848 11845 840
11848 11846 556
11848 11849 782
12871 11849 420
11812 11811 434
11812 11813 782
11812 11815 551
11814 11809 445
11814 11815 667
11814 11817 336
11819 11818 1334
12839 11818 924
12839 12840 1445
12839 12841 598
12884 12865 400
12862 12863 1000
12862 12864 588
12905 12863 598
12907 12906 889
12912 12906 840
12912 12908 2002
12912 12931 756
12929 12930 778
12929 12932 1811
12929 12933 1097
12954 12947 3305
12954 12953 3696
12954 12955 333
12986 12953 3282
12986 12985 373
12986 12987 667
13153 12983 3109
13153 13154 840
13158 12985 2782
13158 13156 1003
12937 12927 778
12937 12934 1114
12937 12939 2335
13066 12938 3005
13066 12939 1014
13066 13071 420
13073 13071 903
13073 13076 788
13078 13076 1303
13078 13090 1014
13078 13092 3826
13083 13076 1483
13083 13081 1050
13083 13084 1032
13092 13078 3826
13092 13079 1410
13092 13094 1340
13092 13157 1398
13154 13079 1268
13154 13153 840
13154 13155 580
11760 11749 336
11760 11761 3116
11760 11762 504
11864 11647 1432
11864 11878 903
11879 11878 373
11823 11755 1511
11823 11758 672
11823 11821 756
11823 11824 778
11822 11821 1447
11840 11839 889
11840 11841 893
11840 11845 840
11845 11840 840
11845 11844 452
11845 11848 840
11811 11798 756
11811 11810 1114
11811 11812 434
11813 11793 2361
11813 11812 782
11813 11843 1133
11809 11810 1014
11809 11814 445
11817 11814 336
12840 12839 1445
12841 12839 598
12864 12862 588
12864 12908 1348
12908 12864 1348
12908 12912 2002
12931 12912 756
12931 12915 336
12931 12932 889
12932 12929 1811
12932 12931 889
12932 12933 1334
12932 12934 1427
12933 12929 1097
12933 12932 1334
12933 12934 1953
12947 11924 1014
12947 12946 1292
12947 12954 3305
12955 12954 333
12955 12956 1935
12955 12993 3710
12987 12986 667
12987 12988 531
12987 12996 2253
13156 13155 238
13156 13158 1003
13156 13159 562
12927 12915 2186
12927 12926 889
12927 12937 778
12927 12938 1091
12934 12932 1427
12934 12933 1953
12934 12937 1114
12938 12927 1091
12938 13066 3005
12938 13067 2278
13071 13066 420
13071 13072 1000
13071 13073 903
13090 13078 1014
13090 13085 1268
13090 13093 354
13090 13094 4449
13081 13080 654
13081 13083 1050
13084 13082 1220
13084 13083 1032
13084 13085 1336
13094 13090 4449
13094 13092 1340
13157 13092 1398
13157 13155 1303
13155 13154 580
13155 13156 238
13155 13157 1303
11749 11760 336
11761 11760 3116
11647 11864 1432
11755 11823 1511
11758 11823 672
11839 11840 889
11844 11845 452
11798 11811 756
11810 11809 1014
11810 11811 1114
11793 11813 2361
11843 11813 1133
12915 12927 2186
12915 12931 336
11924 12947 1014
12946 12947 1292
12956 12955 1935
12993 12955 3710
12988 12987 531
12996 12987 2253
13159 13156 562
12926 12927 889
13067 12938 2278
13067 13080 676
13072 13071 1000
13085 13084 1336
13085 13090 1268
13093 13090 354
13080 13067 676
13080 13081 654
13080 13082 1072
13082 13080 1072
13082 13084 1220
28
12862
11809
12864
12908
13094
13157
13155
11749
11647
11755
11758
11798
11810
11793
12915
11924
12946
12956
12993
12988
12996
13159
12926
13072
13085
13093
13080
13082
