424
6 7 1531
6 1146 910
6 1147 2340
7 6 1531
1146 6 910
1146 597 1591
1146 1155 3765
1147 6 2340
1147 1071 1796
1147 1144 2596
1147 1148 2761
597 595 2062
597 1146 1591
597 1154 4116
1155 1146 3765
1071 1070 4272
1071 1147 1796
1144 1145 3744
1144 1147 2596
1148 1147 2761
1148 1156 1559
1148 1157 1814
595 585 2524
595 597 2062
595 599 2918
1154 597 4116
1070 1065 1177
1070 1071 4272
1070 6504 1981
1145 1144 3744
1156 1148 1559
1157 1148 1814
1157 1158 1248
1157 1163 1443
585 586 4574
585 595 2524
585 596 8456
585 611 5002
599 595 2918
599 600 1662
599 601 1895
1065 1045 2181
1065 1069 2948
1065 1070 1177
6504 1070 1981
1158 1157 1248
1163 1157 1443
586 585 4574
586 590 3139
586 598 2716
596 585 8456
596 1037 866
596 1039 335
611 585 5002
611 6383 1263
600 599 1662
601 599 1895
601 612 5634
601 613 2395
1045 1041 4200
1045 1063 1536
1045 1065 2181
1069 1065 2948
1069 1072 845
1069 1073 1423
590 578 696
590 586 3139
590 589 712
598 586 2716
1037 596 866
1039 596 335
1039 1036 1896
6383 611 1263
6383 3381 4843
612 601 5634
612 1160 1119
612 3425 1219
613 601 2395
613 614 2917
613 3386 2246
1041 1042 1399
1041 1044 1485
1041 1045 4200
1063 1045 1536
1063 1061 674
1072 1069 845
1073 1069 1423
578 577 2277
578 589 679
578 590 696
589 578 679
589 590 712
589 591 627
1036 708 1846
1036 1035 672
1036 1038 905
1036 1039 1896
3381 3382 921
3381 6383 4843
1160 612 1119
1160 1161 1528
1160 1162 1113
3425 612 1219
3425 1159 796
3425 3426 353
614 613 2917
614 615 610
614 3388 2500
3386 613 2246
3386 3383 1114
3386 3387 714
1042 1033 2382
1042 1041 1399
1042 6445 3965
1044 1041 1485
1044 1043 1396
1044 6413 1926
1061 1062 904
1061 1063 674
1061 1064 1145
577 576 4305
577 578 2277
577 6190 2541
591 587 335
591 589 627
591 592 5460
708 707 2281
708 1036 1846
1035 1034 511
1035 1036 672
1038 1032 452
1038 1036 905
3382 3381 921
3382 3392 3183
1161 1160 1528
1162 1160 1113
1159 615 1356
1159 3425 796
3426 3425 353
3426 3427 1595
615 614 610
615 1159 1356
3388 614 2500
3388 6205 274
3383 3384 1855
3383 3385 500
3383 3386 1114
3387 3386 714
3387 6407 254
1033 1032 2105
1033 1040 2082
1033 1042 2382
1033 1060 2716
6445 1042 3965
1043 1044 1396
1043 1046 795
1043 1047 2114
6413 1044 1926
1062 1061 904
1064 1061 1145
576 554 3219
576 577 4305
6190 577 2541
6190 6189 8775
6190 6201 2221
587 588 2843
587 591 335
587 593 785
592 591 5460
592 594 1148
707 708 2281
707 709 251
1034 551 344
1034 1035 511
1032 1031 475
1032 1033 2105
1032 1038 452
3392 3382 3183
3392 3391 344
3392 3393 1591
3392 3394 14441
3427 3398 824
3427 3426 1595
3427 3428 3015
6205 3388 274
3384 3383 1855
3385 3383 500
6407 3387 254
1040 1033 2082
1060 1033 2716
1046 732 1385
1046 1043 795
1046 6414 1469
1047 1043 2114
554 553 1897
554 576 3219
554 6180 6610
6189 6188 465
6189 6190 8775
6201 6190 2221
6201 6197 3676
6201 6209 748
588 587 2843
593 587 785
593 594 5353
593 602 1417
594 592 1148
594 593 5353
709 683 4266
709 707 251
551 550 2982
551 570 344
551 1034 344
1031 713 924
1031 1032 475
3391 3379 727
3391 3392 344
3391 3401 1493
3393 3376 1137
3393 3392 1591
3393 3396 4971
3394 3392 14441
3398 3399 2016
3398 3409 2855
3398 3427 824
3428 3427 3015
3428 3429 1177
3428 3430 2347
732 727 1872
732 730 4112
732 1046 1385
732 1048 1234
6414 1046 1469
553 554 1897
553 555 333
6180 554 6610
6180 6179 2170
6180 6185 1674
6188 6187 866
6188 6189 465
6197 6198 1040
6197 6199 1832
6197 6201 3676
6209 6201 748
602 8 1633
602 593 1417
602 603 353
683 680 3680
683 709 4266
550 545 2044
550 549 1275
550 551 2982
570 551 344
570 567 1031
713 705 2320
713 714 905
713 1031 924
3379 3378 3243
3379 3380 3016
3379 3391 727
3401 3391 1493
3401 3402 1516
3401 3403 1262
3376 3377 2255
3376 3393 1137
3376 3395 1078
3396 3390 4948
3396 3393 4971
3396 3412 1359
3399 3398 2016
3409 3389 1555
3409 3398 2855
3409 3413 4817
3409 3456 1675
3429 3428 1177
3430 3428 2347
3430 3457 273
3430 3458 1124
727 720 251
727 728 713
727 732 1872
730 714 2152
730 715 837
730 732 4112
1048 732 1234
1048 1049 893
1048 1050 2716
555 552 557
555 553 333
555 556 1004
6179 6096 2859
6179 6178 1336
6179 6180 2170
6185 6180 1674
6187 6184 705
6187 6188 866
6198 6197 1040
6199 6196 1345
6199 6197 1832
6199 6200 4446
8 9 1673
8 10 1400
8 602 1633
603 602 353
603 604 2642
603 605 875
680 628 1897
680 644 3700
680 683 3680
680 684 1492
545 543 3808
545 550 2044
545 562 2038
549 546 251
549 550 1275
567 566 1919
567 569 2207
567 570 1031
705 704 2222
705 710 1014
705 713 2320
714 713 905
714 715 2457
714 730 2152
3378 3379 3243
3378 6211 6292
3380 3374 2170
3380 3379 3016
3380 3400 5126
3402 3401 1516
3403 3401 1262
3403 3404 1419
3403 3405 1052
3377 3376 2255
3395 3376 1078
3395 3390 1483
3395 3410 2781
3390 3389 1254
3390 3395 1483
3390 3396 4948
3412 3396 1359
3412 3413 2778
3412 6450 3365
3389 3390 1254
3389 3397 1324
3389 3409 1555
3413 3409 4817
3413 3412 2778
3456 3409 1675
3456 3457 1063
3456 3560 8071
3457 3430 273
3457 3456 1063
3457 6446 2117
3458 3430 1124
3458 3459 928
3458 3461 955
720 718 1029
720 721 1719
720 727 251
728 725 401
728 727 713
728 6411 493
715 714 2457
715 729 562
715 730 837
1049 1048 893
1049 1051 2203
1049 1052 778
1050 1048 2716
1050 1053 2948
1050 1056 139
552 542 476
552 555 557
552 556 696
556 552 696
556 555 1004
556 557 737
6096 6179 2859
6178 6179 1336
6184 6187 705
6196 6199 1345
6200 6199 4446
9 8 1673
10 8 1400
604 603 2642
605 603 875
628 680 1897
644 680 3700
684 680 1492
543 545 3808
562 545 2038
562 566 1219
546 549 251
566 562 1219
566 567 1919
569 567 2207
704 705 2222
710 705 1014
6211 3378 6292
3374 3380 2170
3400 3380 5126
3404 3403 1419
3405 3403 1052
3410 3395 2781
6450 3412 3365
3397 3389 1324
3560 3456 8071
6446 3457 2117
3459 3458 928
3461 3458 955
718 720 1029
721 720 1719
725 728 401
6411 728 493
729 715 562
1051 1049 2203
1051 1056 835
1052 1049 778
1053 1050 2948
1056 1050 139
1056 1051 835
542 552 476
557 556 737
71
1071
1070
1065
6504
1045
1069
1041
1063
1072
1073
1042
1044
1061
1033
6445
1043
6413
1062
1064
1032
1040
1060
1046
1047
1031
732
6414
713
727
730
1048
705
714
720
728
715
1049
1050
6096
6178
6184
6196
9
604
605
628
644
684
543
562
546
566
569
704
710
6211
3374
3405
3459
3461
718
721
725
6411
729
1051
1052
1053
1056
542
557
