96
240622 240623 1647
240622 240673 674
240622 240676 924
240623 240622 1647
240623 240624 1281
240623 240635 2133
240673 240622 674
240673 240672 1383
240673 240678 204
240676 240622 924
240676 240624 992
240676 240672 696
240676 240677 25
240624 240623 1281
240624 240625 1487
240624 240676 992
240635 240623 2133
240635 240625 575
240635 240636 2051
240672 240636 1260
240672 240673 1383
240672 240676 696
240672 240683 206
240678 240673 204
240678 240679 586
240677 240676 25
240625 240624 1487
240625 240626 1026
240625 240635 575
240636 240635 2051
240636 240672 1260
240636 240684 278
240636 241060 1179
240683 240672 206
240679 240678 586
240679 240680 2706
240679 240681 2748
240626 240625 1026
240684 240636 278
240684 240685 418
241060 240636 1179
241060 240638 452
241060 241061 570
240680 240679 2706
240680 240681 445
240680 240681 445
240681 240679 2748
240681 240680 445
240681 240680 445
240685 240684 418
240685 240686 1778
240685 240687 1510
240638 240639 1281
240638 241016 1556
240638 241060 452
241061 241060 570
241061 241064 1107
241061 261866 519
240686 240685 1778
240686 240688 419
240686 240689 1359
240687 240685 1510
240687 240689 1052
240687 263971 528
240639 240638 1281
241016 240638 1556
241016 241017 1234
241016 241019 1374
241064 241061 1107
241064 241065 2117
241064 241069 2199
261866 241061 519
261866 261867 337
261866 261868 693
240688 240686 419
240689 240686 1359
240689 240687 1052
240689 241066 999
263971 240687 528
241017 241016 1234
241019 241016 1374
241019 241022 787
241019 241023 1357
241065 241064 2117
241065 261212 218
241069 241064 2199
261867 261866 337
261868 261866 693
241066 240689 999
241022 241019 787
241023 241019 1357
261212 241065 218
261212 264101 163
261212 264103 454
264101 261212 163
264103 261212 454
42
240622
240623
240673
240676
240624
240635
240672
240678
240677
240625
240636
240683
240679
240626
240684
241060
240680
240681
240685
240638
241061
240686
240687
240639
241016
241064
261866
240688
240689
263971
241017
241019
241065
241069
261867
261868
241066
241022
241023
261212
264101
264103
