48
105815 105816 8045
105815 106186 201
105816 105815 8045
106186 105815 201
106186 106213 66
106213 106186 66
106213 106193 296
106193 106192 1062
106193 106213 296
106192 106191 1799
106192 106193 1062
106192 106214 710
106191 106190 1191
106191 106192 1799
106191 106217 356
106214 106192 710
106214 106215 163
106214 106216 233
106190 106188 2797
106190 106191 1191
106190 106221 259
106217 106191 356
106217 106218 253
106217 106219 162
106217 106220 233
106215 106214 163
106216 106214 233
106188 106189 2627
106188 106190 2797
106188 106211 1674
106221 106190 259
106221 106222 195
106221 106225 210
106218 106217 253
106219 106217 162
106220 106217 233
106189 106188 2627
106189 106486 7192
106211 106188 1674
106222 106221 195
106222 106223 495
106222 106224 210
106225 106221 210
106486 106189 7192
106486 106487 344
106223 106222 495
106224 106222 210
106487 106486 344
1
106487
