498
103361 103362 702
103361 103363 311
103361 105183 1134
103362 103361 702
103362 103363 417
103362 111004 707
103363 103361 311
103363 103362 417
103363 111032 737
105183 103361 1134
105183 105184 201
105183 105185 672
111004 103362 707
111004 111005 927
111004 111032 1008
111032 103363 737
111032 105185 1393
111032 111004 1008
111032 111033 1008
105184 105183 201
105184 110989 4032
105185 105183 672
105185 105186 1139
105185 111032 1393
111005 111004 927
111033 111027 611
111033 111032 1008
111033 111035 336
110989 105184 4032
110989 109842 1344
110989 110952 1584
110989 110998 681
105186 105185 1139
105186 105187 672
105186 111021 1066
105186 111027 889
111027 105186 889
111027 111023 1723
111027 111033 611
111035 111033 336
111035 111034 2646
111035 111050 836
109842 109841 893
109842 110989 1344
110952 110950 1027
110952 110953 1161
110952 110989 1584
110998 110989 681
110998 110995 2443
110998 113822 452
105187 105186 672
105187 105188 452
105187 111021 893
111021 105186 1066
111021 105187 893
111021 111022 662
111021 111023 1114
111023 111021 1114
111023 111027 1723
111023 111034 1454
111034 111023 1454
111034 111035 2646
111034 111037 333
111050 111035 836
111050 111039 3475
111050 111047 750
109841 109840 905
109841 109842 893
109841 110953 930
110950 110949 1522
110950 110951 855
110950 110952 1027
110953 109841 930
110953 110952 1161
110953 110954 516
110995 110996 610
110995 110997 769
110995 110998 2443
113822 110998 452
105188 105187 452
105188 109921 713
111022 111021 662
111022 111025 9
111022 111026 791
111037 111034 333
111037 111039 1124
111039 111037 1124
111039 111050 3475
111047 111046 1205
111047 111050 750
111047 111055 788
109840 109839 818
109840 109841 905
109840 110955 1777
110949 110948 1482
110949 110950 1522
110949 110990 1120
110951 110950 855
110954 110953 516
110996 110995 610
110997 110995 769
109921 105188 713
109921 109916 847
109921 109922 905
111025 111022 9
111026 111022 791
111046 111047 1205
111046 111048 927
111046 111054 938
111055 111047 788
111055 111053 1344
111055 111063 809
109839 109837 556
109839 109840 818
109839 110956 1693
110955 109840 1777
110948 110946 668
110948 110949 1482
110948 110991 746
110990 110949 1120
109916 109908 1610
109916 109917 778
109916 109921 847
109922 109917 1007
109922 109919 2179
109922 109921 905
109922 110999 333
111048 111046 927
111048 111049 1344
111048 111059 1207
111054 111046 938
111054 111062 418
111053 110988 473
111053 111006 1409
111053 111052 836
111053 111055 1344
111063 111052 1207
111063 111055 809
111063 111062 946
111063 111069 737
109837 107774 1398
109837 109838 1220
109837 109839 556
110956 109839 1693
110946 107772 2252
110946 110947 1248
110946 110948 668
110991 110948 746
109908 109909 672
109908 109910 1180
109908 109916 1610
109917 109916 778
109917 109918 681
109917 109919 1796
109917 109922 1007
109919 109917 1796
109919 109920 839
109919 109922 2179
110999 109891 1569
110999 109922 333
110999 111000 681
111049 111044 557
111049 111048 1344
111049 111057 1072
111059 111048 1207
111059 111057 1306
111059 111061 279
111062 111054 418
111062 111063 946
111062 111064 1420
110988 110987 1393
110988 111053 473
111006 110980 696
111006 110984 1917
111006 110987 946
111006 111053 1409
111052 110980 1408
111052 111053 836
111052 111063 1207
111052 111068 696
111069 111063 737
111069 111068 1008
111069 111070 788
107774 107773 5197
107774 107775 1873
107774 109837 1398
109838 109837 1220
107772 107771 452
107772 107773 3195
107772 110946 2252
110947 110946 1248
109909 109908 672
109909 109911 1196
109909 109914 1686
109909 109918 1007
109910 109908 1180
109910 109911 782
109910 109913 1124
109918 109909 1007
109918 109917 681
109918 109920 1719
109920 109918 1719
109920 109919 839
109891 109889 365
109891 109892 891
109891 110999 1569
111000 110999 681
111044 111049 557
111057 111049 1072
111057 111056 1144
111057 111059 1306
111057 111060 604
111061 111059 279
111061 111066 1072
111064 111062 1420
111064 111065 336
111064 111070 872
110987 110986 2215
110987 110988 1393
110987 111006 946
110980 110979 697
110980 110981 682
110980 111006 696
110980 111052 1408
110984 110982 750
110984 110985 750
110984 110986 452
110984 111006 1917
111068 110979 1408
111068 111052 696
111068 111069 1008
111068 111071 737
111070 111064 872
111070 111069 788
111070 111071 1282
111070 111072 649
107773 107772 3195
107773 107774 5197
107773 110957 1719
107775 107774 1873
107775 107776 930
107775 107784 950
107771 107770 1260
107771 107772 452
107771 110992 1814
109911 109909 1196
109911 109910 782
109911 109915 1234
109914 109909 1686
109914 109915 787
109913 109910 1124
109889 109890 905
109889 109891 365
109889 111001 354
109892 109890 506
109892 109891 891
109892 109907 625
111056 111057 1144
111056 111058 1361
111060 111057 604
111060 111067 536
111066 111061 1072
111066 111065 473
111066 111067 1207
111065 111064 336
111065 111066 473
111065 111073 750
110986 110984 452
110986 110987 2215
110979 110978 672
110979 110980 697
110979 111068 1408
110981 110980 682
110981 110982 1292
110982 110981 1292
110982 110983 737
110982 110984 750
110985 110984 750
111071 110978 1344
111071 111008 836
111071 111068 737
111071 111070 1282
111072 111070 649
111072 111073 1084
111072 111082 201
110957 107773 1719
107776 107775 930
107776 107777 950
107776 107778 1575
107784 107633 1445
107784 107775 950
107784 107782 1981
107770 107768 114
107770 107771 1260
107770 110994 2714
110992 107771 1814
110992 110993 1449
109915 109911 1234
109915 109914 787
109890 109889 905
109890 109892 506
109890 109904 688
109890 113673 550
111001 109889 354
109907 109853 580
109907 109892 625
109907 109904 550
111058 111056 1361
111058 111079 2368
111067 111060 536
111067 111066 1207
111067 111075 1608
111073 111065 750
111073 111072 1084
111073 111074 809
110978 110976 836
110978 110979 672
110978 111071 1344
110983 110982 737
111008 110976 1344
111008 111007 1028
111008 111071 836
111008 111082 1282
111082 111008 1282
111082 111072 201
111082 111081 611
107777 107776 950
107778 107776 1575
107778 107779 1929
107778 107782 796
107633 107632 1776
107633 107635 445
107633 107784 1445
107633 107785 5894
107782 107778 796
107782 107780 1900
107782 107783 452
107782 107784 1981
107768 107765 1653
107768 107769 1165
107768 107770 114
110994 107770 2714
110993 110992 1449
109904 109890 688
109904 109905 1031
109904 109907 550
113673 109890 550
109853 109854 475
109853 109907 580
109853 113873 805
111079 111058 2368
111079 111078 737
111079 111244 557
111075 111067 1608
111075 111074 1480
111075 111080 473
111074 111073 809
111074 111075 1480
111074 111081 1084
111074 111085 696
110976 110974 750
110976 110977 611
110976 110978 836
110976 111008 1344
111007 110974 1393
111007 111008 1028
111007 111083 1306
111007 111088 672
111081 111074 1084
111081 111082 611
111081 111083 558
107779 107778 1929
107779 107780 688
107632 107633 1776
107632 107634 243
107632 109845 1556
107635 107633 445
107635 107636 1807
107635 109877 1694
107785 107510 475
107785 107633 5894
107785 109823 2852
107780 107779 688
107780 107781 1161
107780 107782 1900
107783 107782 452
107765 107766 252
107765 107767 1114
107765 107768 1653
107765 107818 1222
107769 107768 1165
109905 109904 1031
109854 109853 475
109854 109871 688
109854 109906 1221
113873 109853 805
111078 111076 279
111078 111079 737
111078 111241 1160
111244 111079 557
111080 111075 473
111080 111077 1530
111080 111086 475
111085 111074 696
111085 111084 1145
111085 111086 1253
110974 110972 750
110974 110975 418
110974 110976 750
110974 111007 1393
110977 110976 611
111083 111007 1306
111083 111081 558
111083 111084 201
111088 110972 1306
111088 111007 672
111088 111087 1393
111088 111089 889
107634 107632 243
107634 109850 437
109845 107632 1556
109845 109846 111
107636 107635 1807
109877 107635 1694
109877 109821 1351
109877 110945 1384
107510 107509 1646
107510 107511 1004
107510 107785 475
109823 107785 2852
109823 109822 429
107781 107780 1161
107766 107765 252
107767 107765 1114
107818 107765 1222
109871 109854 688
109871 109870 818
109871 113672 1656
109906 109854 1221
111076 111077 877
111076 111078 279
111241 111078 1160
111077 111076 877
111077 111080 1530
111077 111315 884
111086 111080 475
111086 111085 1253
111086 111315 672
111084 111083 201
111084 111085 1145
111084 111087 557
110972 110973 2040
110972 110974 750
110972 111088 1306
110972 111090 938
110975 110974 418
111087 111084 557
111087 111088 1393
111087 111092 279
111089 111088 889
111089 111090 1500
111089 111091 1445
111089 111099 809
109850 107634 437
109850 109843 858
109850 109849 707
109846 109845 111
109821 109822 581
109821 109877 1351
110945 109877 1384
107509 107508 2376
107509 107510 1646
107509 107786 3055
107511 107510 1004
107511 107512 905
107511 107727 2282
109822 107722 1268
109822 109821 581
109822 109823 429
109870 109871 818
113672 109871 1656
111315 111077 884
111315 111086 672
110973 110972 2040
111090 110972 938
111090 111089 1500
111092 111087 279
111092 111091 557
111091 111089 1445
111091 111092 557
111099 111089 809
109843 109850 858
109849 109850 707
107508 107509 2376
107786 107509 3055
107512 107511 905
107727 107511 2282
107722 109822 1268
68
105187
111021
111023
111034
105188
111022
111037
111039
109921
111025
111026
109916
109922
109908
109917
109919
110999
109909
109910
109918
109920
109891
111000
111044
109911
109914
109913
109889
109892
111056
109915
109890
111001
109907
111058
109904
113673
109853
111079
109905
109854
113873
111078
111244
111085
107636
109871
109906
111076
111241
111077
111086
111084
111087
109822
109870
113672
111315
111090
111092
111091
111099
109843
109849
107508
107512
107727
107722
