524
120587 120588 1169
120587 120595 1594
120588 120587 1169
120595 120587 1594
120595 120589 1341
120595 120597 2021
120589 120595 1341
120589 120608 848
120597 120595 2021
120597 120599 1256
120597 120613 752
120608 120589 848
120599 120597 1256
120599 120600 1344
120599 120659 1087
120613 120597 752
120613 120615 1116
120613 120617 752
120600 120599 1344
120659 120598 941
120659 120599 1087
120659 120662 538
120615 120613 1116
120615 120614 789
120617 120613 752
120617 120614 1256
120617 120618 874
120617 120662 3209
120598 120657 893
120598 120659 941
120662 120617 3209
120662 120659 538
120662 120663 1010
120662 120664 1211
120614 120615 789
120614 120616 1056
120614 120617 1256
120618 120616 1814
120618 120617 874
120618 120679 811
120657 120598 893
120657 120656 789
120657 120658 506
120663 120662 1010
120663 120673 1116
120663 120693 238
120664 120661 1206
120664 120662 1211
120664 120673 739
120616 120614 1056
120616 120618 1814
120616 120623 747
120679 120618 811
120679 120623 2060
120679 120680 874
120656 120655 667
120656 120657 789
120656 120660 1775
120658 120657 506
120673 120663 1116
120673 120664 739
120673 120674 475
120673 120676 538
120693 120663 238
120693 120677 404
120693 120683 474
120661 120660 778
120661 120664 1206
120661 120672 880
120623 120616 747
120623 120624 951
120623 120679 2060
120680 120624 2533
120680 120679 874
120680 120684 1116
120680 120688 811
120655 120653 1451
120655 120656 667
120660 120653 848
120660 120656 1775
120660 120661 778
120660 120667 1119
120674 120668 2063
120674 120673 475
120674 120675 1539
120676 120670 3062
120676 120673 538
120676 120677 1206
120676 120678 674
120677 120676 1206
120677 120693 404
120677 120694 606
120683 120693 474
120672 120661 880
120624 120623 951
120624 120680 2533
120684 120680 1116
120684 120685 3563
120684 120696 674
120688 120680 811
120688 120689 2601
120688 120690 739
120653 120654 2478
120653 120655 1451
120653 120660 848
120653 120665 1368
120667 120660 1119
120667 120665 782
120667 120668 843
120667 120675 491
120668 120667 843
120668 120669 2334
120668 120670 768
120668 120674 2063
120675 120667 491
120675 120674 1539
120670 120668 768
120670 120671 2127
120670 120676 3062
120670 120719 759
120678 120676 674
120678 120694 1117
120678 120700 811
120678 120720 2372
120694 120677 606
120694 120678 1117
120694 120695 538
120685 120684 3563
120685 120697 698
120685 120710 558
120696 120684 674
120696 120697 3428
120696 120698 837
120689 120688 2601
120689 120691 954
120689 120774 1448
120690 120688 739
120690 120705 698
120690 120706 405
120654 120653 2478
120654 129018 747
120665 120653 1368
120665 120666 1225
120665 120667 782
120669 120668 2334
120671 120670 2127
120671 129057 500
120671 129058 955
120719 120670 759
120719 120714 767
120719 120720 1454
120719 129058 1891
120700 120678 811
120700 120701 1030
120700 120703 739
120700 120723 3646
120720 120678 2372
120720 120714 1664
120720 120719 1454
120695 120694 538
120695 120698 752
120695 120701 202
120697 120685 698
120697 120696 3428
120697 120699 674
120710 120685 558
120710 120706 1696
120710 120713 732
120698 120695 752
120698 120696 837
120698 120699 3569
120691 120689 954
120691 120692 885
120691 120707 1309
120774 120689 1448
120774 120692 698
120774 120778 276
120705 120690 698
120706 120690 405
120706 120710 1696
129018 120654 747
129018 129017 1376
129018 129053 1940
129018 129056 1421
120666 120665 1225
129057 120671 500
129057 129056 529
129058 120671 955
129058 120715 675
129058 120719 1891
120714 120715 1786
120714 120718 684
120714 120719 767
120714 120720 1664
120701 120695 202
120701 120700 1030
120701 120702 891
120703 120700 739
120703 120702 1206
120703 120724 2199
120703 120745 1211
120723 120700 3646
120723 120722 1014
120723 120737 1534
120699 120697 674
120699 120698 3569
120699 120747 698
120713 120710 732
120713 132304 595
120692 120691 885
120692 120774 698
120707 120691 1309
120707 120709 512
120778 120774 276
129017 123786 1936
129017 129018 1376
129053 129018 1940
129056 129018 1421
129056 129057 529
129056 129062 1827
120715 120714 1786
120715 120717 791
120715 129058 675
120718 120714 684
120718 120716 556
120718 120722 344
120702 120701 891
120702 120703 1206
120702 120704 2016
120724 120703 2199
120724 120725 404
120745 120703 1211
120745 120746 808
120745 120748 848
120722 120718 344
120722 120723 1014
120722 120736 3390
120737 120723 1534
120737 120740 1346
120737 120743 1701
120747 120699 698
120747 120704 419
120747 120755 941
132304 120713 595
120709 120707 512
123786 123785 14017
123786 129016 1308
123786 129017 1936
129062 129056 1827
120717 120715 791
120717 120716 1336
120717 129064 1018
120716 120717 1336
120716 120718 556
120716 120732 1202
120704 120702 2016
120704 120746 1206
120704 120747 419
120725 120724 404
120725 120726 747
120725 120727 1283
120725 120728 688
120746 120704 1206
120746 120745 808
120746 120750 789
120746 120752 752
120748 120726 796
120748 120745 848
120748 120750 941
120736 120722 3390
120736 120735 1000
120736 120743 889
120740 120730 511
120740 120737 1346
120740 120743 1625
120740 120744 954
120743 120736 889
120743 120737 1701
120743 120740 1625
120755 120747 941
120755 120754 1256
120755 120756 337
123785 123786 14017
123785 129099 794
129016 123786 1308
129016 129015 474
129064 120717 1018
129064 129063 747
129064 129067 1066
120732 120716 1202
120732 120733 1277
120732 120734 1012
120726 120725 747
120726 120748 796
120726 120749 1344
120727 120725 1283
120727 120731 752
120727 120749 848
120727 120759 1356
120728 120725 688
120728 120729 688
120728 120731 1631
120750 120746 789
120750 120748 941
120750 120749 752
120750 120753 953
120752 120746 752
120752 120754 678
120735 120733 1382
120735 120734 1285
120735 120736 1000
120730 120729 1907
120730 120731 698
120730 120740 511
120730 120742 710
120744 120740 954
120754 120751 1770
120754 120752 678
120754 120755 1256
120754 120760 674
120756 120755 337
120756 120757 477
120756 120758 3717
129099 123785 794
129099 129030 592
129099 129095 1968
129099 129098 355
129015 129016 474
129063 129040 949
129063 129041 2323
129063 129064 747
129067 120733 818
129067 129064 1066
129067 129070 1390
120733 120732 1277
120733 120734 778
120733 120735 1382
120733 129067 818
120734 120732 1012
120734 120733 778
120734 120735 1285
120749 120726 1344
120749 120727 848
120749 120750 752
120749 120751 1155
120731 120727 752
120731 120728 1631
120731 120730 698
120731 120741 1212
120759 120727 1356
120759 120741 650
120759 120751 837
120729 120728 688
120729 120730 1907
120753 120750 953
120742 120730 710
120751 120749 1155
120751 120754 1770
120751 120759 837
120751 120761 739
120760 120754 674
120760 120757 1161
120760 120761 1811
120760 120764 874
120757 120756 477
120757 120760 1161
120757 120766 739
120758 120712 808
120758 120756 3717
120758 120832 3763
129030 128963 1379
129030 129099 592
129030 132184 723
129095 129094 650
129095 129099 1968
129098 129099 355
129040 129041 2285
129040 129063 949
129041 129040 2285
129041 129044 611
129041 129047 767
129041 129063 2323
129070 129067 1390
129070 129069 893
129070 129548 1690
120741 120731 1212
120741 120759 650
120761 120751 739
120761 120760 1811
120761 120762 1116
120761 120763 949
120764 120760 874
120764 120763 1717
120764 120766 1116
120764 120768 698
120766 120757 739
120766 120764 1116
120766 120767 1102
120712 120758 808
120712 120831 3786
120832 120758 3763
120832 120831 1285
120832 120838 419
128963 128962 1276
128963 129028 767
128963 129030 1379
132184 129030 723
132184 129104 21
129094 129090 1300
129094 129093 1055
129094 129095 650
129094 129096 747
129044 129041 611
129044 129215 4843
129047 129041 767
129047 129048 452
129047 129049 2424
129069 129048 977
129069 129050 848
129069 129070 893
129548 129070 1690
129548 129549 782
129548 129550 436
120762 120761 1116
120763 120761 949
120763 120764 1717
120763 120765 752
120763 120943 1439
120768 120764 698
120768 120765 1764
120768 120767 445
120767 120766 1102
120767 120768 445
120767 120769 905
120767 120770 675
120831 120712 3786
120831 120794 711
120831 120832 1285
120838 120832 419
120838 120836 581
120838 120840 1467
128962 128959 1345
128962 128963 1276
128962 129026 1055
129028 128963 767
129028 129024 893
129028 129026 601
129104 128953 49
129104 132184 21
129090 129089 452
129090 129094 1300
129093 129092 1742
129093 129094 1055
129096 129094 747
129096 129102 452
129215 129044 4843
129215 129216 1222
129215 129217 1030
129048 129047 452
129048 129050 928
129048 129069 977
129049 129047 2424
129049 129216 1206
129049 129223 889
129050 129048 928
129050 129069 848
129050 129224 837
129549 129548 782
129550 129232 778
129550 129548 436
129550 129551 506
120765 120763 752
120765 120768 1764
120943 120763 1439
120769 120767 905
120769 120771 872
120769 120772 1140
120770 120767 675
120770 120771 1111
120770 120944 851
120794 120830 924
120794 120831 711
120836 120772 2262
120836 120838 581
120836 120839 851
120840 120838 1467
120840 120842 872
120840 120845 905
128959 128932 874
128959 128961 751
128959 128962 1345
129026 128962 1055
129026 129023 1147
129026 129028 601
129024 129007 4875
129024 129028 893
128953 129104 49
129089 129090 452
129092 129093 1742
129102 129096 452
129216 129049 1206
129216 129215 1222
129217 129215 1030
129223 129049 889
129223 129224 553
129224 129050 837
129224 129223 553
129232 129550 778
129551 129550 506
120771 120769 872
120771 120770 1111
120772 120769 1140
120772 120836 2262
120944 120770 851
120830 120794 924
120839 120836 851
120839 120842 2153
120842 120839 2153
120842 120840 872
120845 120840 905
128932 128959 874
128961 128959 751
129023 129026 1147
129007 129024 4875
200
120587
120588
120595
120589
120597
120608
120599
120613
120600
120659
120615
120617
120598
120662
120614
120618
120657
120663
120664
120616
120679
120656
120658
120673
120693
120661
120623
120680
120655
120660
120674
120676
120677
120683
120672
120624
120684
120688
120653
120667
120668
120675
120670
120678
120694
120685
120696
120689
120690
120654
120665
120669
120671
120719
120700
120720
120695
120697
120710
120698
120691
120774
120705
120706
129018
120666
129057
129058
120714
120701
120703
120723
120699
120713
120692
120707
120778
129017
129053
129056
120715
120718
120702
120724
120745
120722
120737
120747
132304
120709
123786
129062
120717
120716
120704
120725
120746
120748
120736
120740
120743
120755
123785
129016
129064
120732
120726
120727
120728
120750
120752
120735
120730
120744
120754
120756
129099
129015
129063
129067
120733
120734
120749
120731
120759
120729
120753
120742
120751
120760
120757
120758
129030
129095
129098
129040
129041
129070
120741
120761
120764
120766
120712
120832
128963
132184
129094
129044
129047
129069
129548
120762
120763
120768
120767
120831
120838
128962
129028
129104
129090
129093
129096
129215
129048
129049
129050
129549
129550
120765
120943
120769
120770
120794
120836
120840
128959
129026
129024
128953
129089
129092
129102
129216
129217
129223
129224
129232
129551
120771
120772
120944
120830
120839
120842
120845
128932
128961
129023
129007
