26
219807 219808 583
219807 219811 345
219807 219822 369
219808 219807 583
219811 219807 345
219811 219812 559
219811 219820 310
219822 219807 369
219822 219823 619
219812 219811 559
219820 219811 310
219820 219821 91
219820 219977 512
219823 219822 619
219821 219813 1500
219821 219820 91
219821 219893 891
219977 219820 512
219813 219814 176
219813 219821 1500
219813 219893 1127
219893 219813 1127
219893 219821 891
219893 219983 663
219814 219813 176
219983 219893 663
3
219822
219823
219814
