650
142037 142049 1904
142049 142037 1904
142049 142561 994
142561 142049 994
142561 142054 949
142561 142559 1054
142561 142562 2393
142054 142050 1096
142054 142055 1084
142054 142561 949
142054 142564 2364
142559 142045 1074
142559 142556 994
142559 142561 1054
142559 142567 2262
142562 142561 2393
142562 142564 1111
142562 142567 984
142562 142576 985
142050 142054 1096
142055 142054 1084
142055 142072 980
142055 142563 797
142564 142054 2364
142564 142562 1111
142564 142575 963
142564 142578 1223
142045 142559 1074
142556 142559 994
142556 142560 2313
142567 142559 2262
142567 142560 1084
142567 142562 984
142567 142573 767
142576 142562 985
142576 142573 954
142576 142578 975
142576 142579 2237
142072 142053 963
142072 142055 980
142072 142071 1053
142072 142565 727
142563 142055 797
142563 142565 943
142563 142566 729
142575 142564 963
142575 142566 862
142575 142580 1367
142575 142584 946
142578 142564 1223
142578 142576 975
142578 142580 1010
142578 142581 2286
142560 142556 2313
142560 142558 940
142560 142567 1084
142560 142568 552
142573 142567 767
142573 142568 1028
142573 142576 954
142573 142577 2295
142579 142576 2237
142579 142577 916
142579 142581 915
142579 142604 2354
142053 142072 963
142071 142058 1047
142071 142072 1053
142071 142073 1025
142071 142582 2353
142565 142072 727
142565 142563 943
142565 142583 796
142566 142563 729
142566 142575 862
142566 142583 980
142580 142575 1367
142580 142578 1010
142580 142585 973
142580 142593 2273
142584 142575 946
142584 142582 1038
142584 142583 855
142584 142585 1533
142581 142578 2286
142581 142579 915
142581 142593 1067
142581 142605 2337
142558 142557 1000
142558 142560 940
142558 142570 408
142568 142560 552
142568 142570 918
142568 142573 1028
142568 142574 2340
142577 142573 2295
142577 142574 1124
142577 142579 916
142577 142609 2389
142604 142579 2354
142604 142605 953
142604 142609 971
142604 142612 2317
142058 142071 1047
142073 142063 1024
142073 142070 990
142073 142071 1025
142073 142074 2388
142582 142071 2353
142582 142074 1017
142582 142584 1038
142582 142586 1715
142583 142565 796
142583 142566 980
142583 142584 855
142585 142580 973
142585 142584 1533
142585 142586 1009
142585 142594 2270
142593 142580 2273
142593 142581 1067
142593 142594 937
142593 142613 2336
142605 142581 2337
142605 142604 953
142605 142613 1031
142605 142614 2341
142557 142558 1000
142557 142570 939
142557 142571 2291
142570 142557 939
142570 142558 408
142570 142568 918
142570 142572 2209
142574 142568 2340
142574 142572 989
142574 142577 1124
142574 142603 2341
142609 142577 2389
142609 142603 991
142609 142604 971
142609 142611 2319
142612 142604 2317
142612 142611 934
142612 142614 1043
142612 142721 2432
142063 142057 1997
142063 142073 1024
142070 142061 958
142070 142073 990
142070 142079 2371
142074 142073 2388
142074 142079 995
142074 142582 1017
142074 142587 1866
142586 142582 1715
142586 142585 1009
142586 142587 1066
142586 142591 2346
142594 142585 2270
142594 142591 1042
142594 142593 937
142594 142615 2337
142613 142593 2336
142613 142605 1031
142613 142615 954
142613 142624 2393
142614 142605 2341
142614 142612 1043
142614 142624 990
142614 142722 2338
142571 142557 2291
142571 142569 952
142571 142572 826
142571 142602 2353
142572 142570 2209
142572 142571 826
142572 142574 989
142572 142600 2486
142603 142574 2341
142603 142600 993
142603 142609 991
142603 142610 2411
142611 142609 2319
142611 142610 984
142611 142612 934
142721 142612 2432
142721 142722 1014
142721 142734 970
142721 142736 1005
142057 142060 888
142057 142063 1997
142061 142060 2032
142061 142070 958
142079 142070 2371
142079 142074 995
142079 142078 1020
142079 142589 2083
142587 142074 1866
142587 142586 1066
142587 142589 954
142587 142592 2248
142591 142586 2346
142591 142592 1005
142591 142594 1042
142591 142616 2321
142615 142594 2337
142615 142613 954
142615 142616 1080
142615 142623 2374
142624 142613 2393
142624 142614 990
142624 142623 956
142624 142737 2235
142722 142614 2338
142722 142721 1014
142722 142737 1075
142722 142738 1061
142569 142293 770
142569 142571 952
142569 142601 2376
142602 142571 2353
142602 142600 916
142602 142601 862
142602 142607 2359
142600 142572 2486
142600 142602 916
142600 142603 993
142600 142608 2340
142610 142603 2411
142610 142608 953
142610 142611 984
142610 142720 2317
142734 142720 1009
142734 142721 970
142734 142735 2290
142736 142721 1005
142736 142738 899
142736 142739 644
142060 142057 888
142060 142059 486
142060 142061 2032
142078 142079 1020
142078 142590 2180
142589 142079 2083
142589 142587 954
142589 142590 1073
142589 142595 2264
142592 142587 2248
142592 142591 1005
142592 142595 899
142592 142617 2430
142616 142591 2321
142616 142615 1080
142616 142617 991
142616 142625 2281
142623 142615 2374
142623 142624 956
142623 142625 1031
142623 142744 2395
142737 142624 2235
142737 142722 1075
142737 142744 917
142737 142755 1076
142738 142722 1061
142738 142736 899
142738 142741 657
142738 142755 944
142293 142291 1970
142293 142292 788
142293 142330 2395
142293 142569 770
142601 142330 752
142601 142569 2376
142601 142602 862
142601 142606 2295
142607 142602 2359
142607 142606 769
142607 142608 918
142607 142718 2376
142608 142600 2340
142608 142607 918
142608 142610 953
142608 142719 2374
142720 142610 2317
142720 142719 937
142720 142732 2379
142720 142734 1009
142735 142732 1038
142735 142734 2290
142735 142740 990
142739 142736 644
142739 142740 623
142739 142741 824
142059 142060 486
142590 142078 2180
142590 142588 937
142590 142589 1073
142590 142596 2391
142595 142589 2264
142595 142592 899
142595 142596 1062
142595 142618 2432
142617 142592 2430
142617 142616 991
142617 142618 934
142617 142626 2377
142625 142616 2281
142625 142623 1031
142625 142626 1080
142625 142745 2440
142744 142623 2395
142744 142737 917
142744 142745 1119
142744 142746 2338
142755 142737 1076
142755 142738 944
142755 142756 1346
142741 142738 657
142741 142739 824
142741 142742 677
142291 142290 658
142291 142293 1970
142292 142288 661
142292 142290 1992
142292 142293 788
142330 142293 2395
142330 142319 1435
142330 142494 2394
142330 142601 752
142606 142494 875
142606 142601 2295
142606 142607 769
142718 142607 2376
142718 142719 881
142718 142727 565
142719 142608 2374
142719 142718 881
142719 142720 937
142719 142728 565
142732 142720 2379
142732 142730 1025
142732 142735 1038
142740 142735 990
142740 142739 623
142740 142742 934
142740 142743 2390
142588 142590 937
142588 142597 1176
142588 142598 1006
142596 142590 2391
142596 142595 1062
142596 142619 1025
142596 142620 2345
142618 142595 2432
142618 142617 934
142618 142620 1106
142618 142627 2321
142626 142617 2377
142626 142625 1080
142626 142627 922
142626 142747 2378
142745 142625 2440
142745 142744 1119
142745 142747 1007
142745 142748 2251
142746 142744 2338
142746 142748 1182
142746 142756 897
142746 142759 2373
142756 142742 1072
142756 142746 897
142756 142755 1346
142756 142758 2407
142742 142740 934
142742 142741 677
142742 142756 1072
142742 142757 2321
142290 142291 658
142290 142292 1992
142288 142286 3067
142288 142292 661
142288 142318 752
142288 142319 2451
142319 142288 2451
142319 142326 823
142319 142330 1435
142319 142331 644
142494 142330 2394
142494 142333 1485
142494 142500 767
142494 142606 875
142727 142718 565
142727 142728 862
142728 142719 565
142728 142727 862
142728 142730 1772
142730 142728 1772
142730 142732 1025
142743 142740 2390
142743 142757 1009
142597 142588 1176
142597 142599 938
142597 142619 1167
142598 142588 1006
142598 142599 1115
142598 142639 1204
142619 142596 1025
142619 142597 1167
142619 142621 2359
142619 142622 973
142620 142596 2345
142620 142618 1106
142620 142621 971
142620 142628 2375
142627 142618 2321
142627 142626 922
142627 142628 1082
142627 142749 2314
142747 142626 2378
142747 142745 1007
142747 142749 1005
142747 142751 2340
142748 142745 2251
142748 142746 1182
142748 142751 971
142748 142785 2426
142759 142746 2373
142759 142758 971
142759 142785 1103
142759 142786 2302
142758 142756 2407
142758 142757 953
142758 142759 971
142758 142784 2307
142757 142742 2321
142757 142743 1009
142757 142758 953
142757 142782 2342
142286 142288 3067
142318 142288 752
142318 142316 774
142318 142325 1533
142326 142319 823
142326 142325 860
142326 142328 530
142331 142319 644
142331 142332 422
142331 142333 1677
142333 142329 750
142333 142331 1677
142333 142493 702
142333 142494 1485
142500 142493 1409
142500 142494 767
142500 142508 1610
142599 142597 938
142599 142598 1115
142599 142622 1188
142639 142598 1204
142639 142637 779
142639 142640 1271
142621 142619 2359
142621 142620 971
142621 142629 2234
142621 142630 881
142622 142599 1188
142622 142619 973
142622 142667 735
142622 142669 220
142628 142620 2375
142628 142627 1082
142628 142629 1031
142628 142750 2392
142749 142627 2314
142749 142747 1005
142749 142750 934
142749 142752 2446
142751 142747 2340
142751 142748 971
142751 142752 937
142751 142760 2265
142785 142748 2426
142785 142759 1103
142785 142760 1067
142785 142787 2304
142786 142759 2302
142786 142784 898
142786 142787 1139
142786 142794 2374
142784 142758 2307
142784 142782 975
142784 142786 898
142784 142793 2356
142782 142757 2342
142782 142784 975
142316 142317 1230
142316 142318 774
142316 142324 1667
142325 142318 1533
142325 142324 989
142325 142326 860
142328 142326 530
142328 142327 599
142328 142329 1811
142332 142331 422
142329 142328 1811
142329 142333 750
142329 142497 641
142493 142333 702
142493 142500 1409
142508 142500 1610
142508 142724 694
142637 142639 779
142640 142639 1271
142629 142621 2234
142629 142628 1031
142629 142631 879
142629 142632 2337
142630 142621 881
142630 142631 2324
142630 142669 2135
142630 142679 1082
142667 142622 735
142669 142622 220
142669 142630 2135
142669 142670 1374
142750 142628 2392
142750 142632 1038
142750 142749 934
142750 142753 2411
142752 142749 2446
142752 142751 937
142752 142753 969
142752 142761 2338
142760 142751 2265
142760 142761 933
142760 142785 1067
142760 142788 2392
142787 142785 2304
142787 142786 1139
142787 142788 1007
142787 142795 2412
142794 142786 2374
142794 142793 897
142794 142795 1155
142794 144805 2338
142793 142784 2356
142793 142794 897
142317 142316 1230
142324 142316 1667
142324 142323 1123
142324 142325 989
142327 142323 779
142327 142328 599
142327 142495 2439
142497 142329 641
142497 142496 313
142497 142498 1830
142724 142508 694
142724 142725 575
142631 142629 879
142631 142630 2324
142631 142683 915
142631 142684 2396
142632 142629 2337
142632 142684 954
142632 142750 1038
142632 142754 2411
142679 142630 1082
142679 142670 1279
142679 142680 387
142670 142669 1374
142670 142673 581
142670 142679 1279
142753 142750 2411
142753 142752 969
142753 142754 1038
142753 142762 2337
142761 142752 2338
142761 142760 933
142761 142762 951
142761 142789 2281
142788 142760 2392
142788 142787 1007
142788 142789 904
142788 142799 2377
142795 142787 2412
142795 142794 1155
142795 142799 1026
142795 144806 2338
144805 142794 2338
144805 144806 1155
142323 142322 834
142323 142324 1123
142323 142327 779
142323 142492 2443
142495 142327 2439
142495 142492 667
142495 142496 888
142495 142504 2350
142496 142495 888
142496 142497 313
142496 142505 2372
142498 142497 1830
142498 142506 639
142725 142724 575
142683 142631 915
142683 142680 2231
142683 142685 939
142683 142686 522
142684 142631 2396
142684 142632 954
142684 142803 940
142684 142804 2355
142754 142632 2411
142754 142753 1038
142754 142791 2444
142754 142804 934
142680 142673 1170
142680 142679 387
142680 142683 2231
142673 142670 581
142673 142680 1170
142762 142753 2337
142762 142761 951
142762 142791 972
142789 142761 2281
142789 142788 904
142799 142788 2377
142799 142795 1026
144806 142795 2338
144806 144805 1155
142322 142323 834
142492 142323 2443
142492 142495 667
142504 142495 2350
142504 142505 855
142505 142496 2372
142505 142504 855
142505 142506 836
142506 142498 639
142506 142505 836
142685 142683 939
142686 142683 522
142803 142684 940
142804 142684 2355
142804 142754 934
142791 142754 2444
142791 142762 972
200
142037
142049
142561
142054
142559
142562
142050
142055
142564
142045
142556
142567
142576
142072
142563
142575
142578
142560
142573
142579
142053
142071
142565
142566
142580
142584
142581
142558
142568
142577
142604
142058
142073
142582
142583
142585
142593
142605
142557
142570
142574
142609
142612
142063
142070
142074
142586
142594
142613
142614
142571
142572
142603
142611
142721
142057
142061
142079
142587
142591
142615
142624
142722
142569
142602
142600
142610
142734
142736
142060
142078
142589
142592
142616
142623
142737
142738
142293
142601
142607
142608
142720
142735
142739
142059
142590
142595
142617
142625
142744
142755
142741
142291
142292
142330
142606
142718
142719
142732
142740
142588
142596
142618
142626
142745
142746
142756
142742
142290
142288
142319
142494
142727
142728
142730
142743
142597
142598
142619
142620
142627
142747
142748
142759
142758
142757
142286
142318
142326
142331
142333
142500
142599
142639
142621
142622
142628
142749
142751
142785
142786
142784
142782
142316
142325
142328
142332
142329
142493
142508
142637
142640
142629
142630
142667
142669
142750
142752
142760
142787
142794
142793
142317
142324
142327
142497
142724
142631
142632
142679
142670
142753
142761
142788
142795
144805
142323
142495
142496
142498
142725
142683
142684
142754
142680
142673
142762
142789
142799
144806
142322
142492
142504
142505
142506
142685
142686
142803
142804
142791
