118
61395 61396 2634
61395 61471 632
61396 61395 2634
61396 76554 6288
61396 78933 3461
61471 61395 632
61471 61472 278
76554 61396 6288
78933 61396 3461
78933 61472 209
61472 61471 278
61472 61475 1081
61472 78933 209
61475 61470 712
61475 61472 1081
61470 61475 712
61470 61480 2555
61480 61470 2555
61480 61481 2941
61480 61495 531
61481 61480 2941
61481 61484 2390
61481 61488 2948
61495 61480 531
61495 61494 1142
61484 61474 1136
61484 61481 2390
61484 61485 4920
61488 61481 2948
61494 61495 1142
61494 61504 2722
61474 61473 2035
61474 61484 1136
61474 78959 1231
61485 61484 4920
61485 76552 426
61504 61494 2722
61504 61505 1034
61473 61474 2035
78959 61474 1231
76552 61478 56
76552 61485 426
76552 78920 206
61505 61504 1034
61505 61506 248
61505 61517 469
61478 61479 125
61478 76552 56
78920 76552 206
78920 78930 517
78920 78930 517
61506 61505 248
61506 61507 459
61517 61505 469
61517 61512 772
61517 61518 1275
61479 61478 125
78930 78920 517
78930 78920 517
78930 78931 586
61507 61506 459
61507 61508 254
61507 61509 248
61512 61511 554
61512 61511 554
61512 61517 772
61518 61515 991
61518 61517 1275
78931 78930 586
61508 61507 254
61508 61509 217
61508 61519 241
61509 61507 248
61509 61508 217
61509 62005 1351
61511 61510 815
61511 61512 554
61511 61512 554
61515 61510 196
61515 61516 741
61515 61518 991
61519 61508 241
62005 61509 1351
62005 62006 1396
62005 62008 812
61510 61511 815
61510 61513 728
61510 61515 196
61516 61515 741
61516 61520 1256
61516 61521 1263
62006 62005 1396
62006 76555 2593
62008 62005 812
62008 62009 171
61513 61499 367
61513 61510 728
61513 61514 359
61520 61498 734
61520 61516 1256
61521 61516 1263
76555 62006 2593
76555 62012 1449
62009 62008 171
62009 62010 1352
62009 62012 281
61499 61496 768
61499 61513 367
61514 61513 359
61498 61496 1890
61498 61520 734
62012 62009 281
62012 76555 1449
62010 62009 1352
61496 61497 302
61496 61498 1890
61496 61499 768
61497 61496 302
53
61395
61396
61471
76554
78933
61472
61475
61470
61480
61481
61495
61484
61488
61494
61474
61485
61504
61473
78959
76552
61505
61478
78920
61506
61517
61479
78930
61507
61512
61518
78931
61508
61509
61511
61515
61519
62005
61510
61516
62006
62008
61513
61520
61521
76555
62009
61499
61514
61498
62012
62010
61496
61497
