24
111324 111325 788
111325 111324 788
111326 111334 1028
111334 111326 1028
103355 103354 583
111483 111494 1124
111494 111483 1124
103354 103355 583
111572 111573 361
111562 111561 778
111562 111563 1767
111556 111569 713
111569 111556 713
111569 111573 574
111563 111562 1767
111573 111569 574
111573 111572 361
111561 111562 778
103695 103696 672
103696 103695 672
103696 103697 782
103697 103696 782
111681 111683 889
111683 111681 889
36
109913
109907
103361
105185
110976
111007
111087
111085
111324
111325
111326
111334
111335
111342
103355
111354
103332
103336
111470
111483
111494
111495
111502
103354
111504
111536
111572
111562
111556
111569
111561
111568
103695
103697
111681
111683
