336
31131 31132 684
31131 34437 625
31132 31131 684
31132 31133 1378
31132 31134 645
34437 31131 625
34437 31840 406
34437 31841 2977
31133 31132 1378
31133 31143 510
31134 31132 645
31134 31141 1756
31134 35113 459
31840 31841 2637
31840 34437 406
31840 34914 1192
31841 31840 2637
31841 34437 2977
31841 34920 518
31143 31133 510
31143 31136 602
31143 34915 1060
31141 31134 1756
31141 31142 486
35113 31134 459
34914 31840 1192
34920 31841 518
31136 31143 602
34915 31143 1060
31142 31141 486
31142 34438 1187
31142 34913 664
34438 31142 1187
34438 31169 1472
34438 34439 699
34913 31142 664
31169 31167 836
31169 31170 1301
31169 34438 1472
34439 34438 699
31167 31168 1664
31167 31169 836
31170 31169 1301
31170 31172 3839
31168 31167 1664
31172 31170 3839
31172 31481 1519
31481 31172 1519
31481 31482 1752
31481 31483 2157
31481 31489 1835
31482 31481 1752
31483 31481 2157
31489 31481 1835
31489 31490 3050
31489 31491 1470
31490 31489 3050
31490 31493 349
31491 31455 778
31491 31489 1470
31491 31492 1249
31493 31490 349
31493 31492 1797
31493 31522 875
31455 31456 1564
31455 31476 2053
31455 31491 778
31492 31491 1249
31492 31493 1797
31492 31518 1456
31522 31493 875
31522 31523 1406
31522 31529 3056
31456 31455 1564
31476 31455 2053
31476 31477 512
31518 31492 1456
31523 31521 1282
31523 31522 1406
31523 31524 299
31529 31522 3056
31529 31530 1155
31529 31594 1763
31477 31476 512
31477 31478 4118
31477 31480 1706
31521 31519 159
31521 31523 1282
31524 31523 299
31524 31525 1646
31524 31530 2789
31530 31524 2789
31530 31529 1155
31530 31532 1442
31594 31529 1763
31594 31544 9147
31594 31595 489
31478 31477 4118
31478 31480 3778
31478 31527 1242
31480 31477 1706
31480 31478 3778
31480 31561 4030
31519 31495 1816
31519 31520 1638
31519 31521 159
31525 31520 1738
31525 31524 1646
31525 31526 1254
31532 31526 1446
31532 31530 1442
31532 31533 4603
31544 31542 827
31544 31594 9147
31544 31621 282
31595 31594 489
31527 31478 1242
31527 31528 929
31527 31559 1065
31561 31480 4030
31561 31562 1532
31561 31566 2824
31495 31494 1003
31495 31496 1696
31495 31519 1816
31520 31496 1771
31520 31519 1638
31520 31525 1738
31526 31525 1254
31526 31531 4079
31526 31532 1446
31533 31532 4603
31542 31543 1984
31542 31544 827
31621 31544 282
31621 31622 489
31528 31527 929
31559 31527 1065
31559 31560 2320
31559 31563 1837
31562 31561 1532
31562 31563 3116
31562 31564 3921
31566 31561 2824
31494 31495 1003
31496 31488 1194
31496 31495 1696
31496 31520 1771
31531 31526 4079
31531 31534 210
31531 31541 895
31543 31542 1984
31543 31545 1755
31622 31617 2953
31622 31621 489
31622 31623 311
31560 31559 2320
31563 31559 1837
31563 31562 3116
31563 31596 1144
31564 31562 3921
31564 31567 1759
31564 31604 551
31488 31486 807
31488 31496 1194
31488 31507 1174
31534 31510 2531
31534 31531 210
31541 31531 895
31545 31543 1755
31545 34938 673
31617 31618 1782
31617 31622 2953
31617 31628 1268
31623 31622 311
31623 31624 786
31623 31625 3116
31596 31563 1144
31596 31600 1001
31596 31601 3247
31567 31564 1759
31567 31568 2399
31567 31586 243
31604 31564 551
31604 31605 398
31604 31606 1846
31486 31487 1224
31486 31488 807
31507 31488 1174
31507 31508 849
31507 31509 882
31510 31509 2498
31510 31534 2531
31510 31535 796
34938 31545 673
31618 31617 1782
31628 31609 1239
31628 31617 1268
31628 31629 1138
31624 31623 786
31624 31627 2890
31625 31623 3116
31625 31627 853
31600 31596 1001
31601 31596 3247
31601 31606 1183
31601 31647 1090
31568 31567 2399
31586 31567 243
31586 31584 1447
31586 31588 1477
31605 31604 398
31606 31589 456
31606 31601 1183
31606 31604 1846
31487 31486 1224
31508 31507 849
31508 31511 1224
31509 31507 882
31509 31510 2498
31509 31536 2468
31535 31510 796
31609 31599 2022
31609 31612 1116
31609 31628 1239
31629 31628 1138
31629 31630 1338
31629 31634 1229
31627 31624 2890
31627 31625 853
31627 31638 1152
31647 31601 1090
31584 31585 545
31584 31586 1447
31584 31587 3081
31588 31586 1477
31588 31587 1181
31588 31589 1803
31589 31588 1803
31589 31606 456
31589 31648 3347
31511 31508 1224
31536 31509 2468
31599 31597 3621
31599 31609 2022
31599 31610 1976
31612 31609 1116
31612 31613 1774
31612 31631 697
31630 31629 1338
31630 31636 594
31634 31629 1229
31634 31635 1230
31634 31674 1572
31638 31627 1152
31585 31584 545
31587 31584 3081
31587 31588 1181
31587 31593 884
31648 31589 3347
31648 31657 1864
31597 31598 1301
31597 31599 3621
31610 31599 1976
31610 31607 575
31613 31611 1586
31613 31612 1774
31613 31614 723
31631 31612 697
31631 31632 744
31636 31630 594
31635 31634 1230
31674 31634 1572
31593 31587 884
31657 31648 1864
31657 31661 263
31657 31662 3008
31598 31597 1301
31598 31602 1280
31598 31603 1026
31607 31602 771
31607 31610 575
31607 31611 1273
31611 31607 1273
31611 31613 1586
31611 31649 1725
31614 31613 723
31632 31631 744
31661 31657 263
31661 31660 581
31662 31657 3008
31662 32225 1975
31662 32228 1254
31602 31598 1280
31602 31607 771
31602 31608 1103
31603 31598 1026
31649 31611 1725
31649 31650 260
31649 31651 762
31660 31654 993
31660 31661 581
32225 31662 1975
32225 32226 1078
32225 32227 3404
32228 31662 1254
32228 32227 904
32228 32231 894
31608 31602 1103
31650 31649 260
31650 31653 646
31650 31654 2277
31651 31649 762
31651 31652 1818
31654 31650 2277
31654 31660 993
31654 31667 2912
32226 32225 1078
32227 32225 3404
32227 32228 904
32227 32232 695
32231 32228 894
32231 34739 548
32231 34741 753
31653 31650 646
31653 31655 1524
31653 31656 1389
31652 31651 1818
31667 31654 2912
32232 32227 695
34739 32231 548
34741 32231 753
31655 31653 1524
31656 31653 1389
31656 31658 754
31658 31656 754
137
31133
31143
31136
34915
31167
31170
31168
31172
31481
31482
31483
31489
31490
31491
31493
31455
31492
31522
31456
31476
31518
31523
31529
31477
31521
31524
31530
31594
31478
31480
31519
31525
31532
31544
31595
31527
31561
31495
31520
31526
31533
31542
31621
31528
31559
31562
31566
31494
31496
31531
31543
31622
31560
31563
31564
31488
31534
31541
31545
31617
31623
31596
31567
31604
31486
31507
31510
34938
31618
31628
31624
31625
31600
31601
31568
31586
31605
31606
31487
31508
31509
31535
31609
31629
31627
31647
31584
31588
31589
31511
31536
31599
31612
31630
31634
31638
31585
31587
31648
31597
31610
31613
31631
31636
31635
31674
31593
31657
31598
31607
31611
31614
31632
31661
31662
31602
31603
31649
31660
32225
32228
31608
31650
31651
31654
32226
32227
32231
31653
31652
31667
32232
34739
34741
31655
31656
31658
