28
3583 3584 1445
3583 3585 838
3584 3583 1445
3584 3586 921
3584 3587 1889
3585 3583 838
3585 3586 1447
3585 3592 1173
3586 3584 921
3586 3585 1447
3586 3593 1160
3587 3584 1889
3592 3585 1173
3592 3591 838
3593 3586 1160
3593 3602 1490
3593 3603 1955
3591 3592 838
3591 3602 1298
3602 3591 1298
3602 3593 1490
3602 6460 616
3603 3593 1955
3603 3604 1029
6460 3602 616
6460 6461 3381
3604 3603 1029
6461 6460 3381
13
3583
3584
3585
3586
3587
3592
3593
3591
3602
3603
6460
3604
6461
