464
97411 97417 551
97417 97411 551
97417 97419 1851
97419 97417 1851
97419 97453 3039
97453 97419 3039
97453 97455 1376
97453 97456 2455
97455 97424 1452
97455 97453 1376
97455 97462 2087
97456 97453 2455
97456 97457 1423
97456 97458 1288
97424 97422 1700
97424 97455 1452
97462 97455 2087
97462 97471 880
97462 97472 2105
97457 97456 1423
97457 97460 1342
97457 97461 737
97457 97466 1220
97458 97456 1288
97458 97466 851
97458 102059 558
97422 97420 1466
97422 97424 1700
97422 97454 782
97471 97462 880
97471 97474 1611
97471 97475 580
97471 97476 1035
97472 97462 2105
97472 97488 2941
97460 97457 1342
97461 97457 737
97461 97467 1320
97466 97457 1220
97466 97458 851
102059 97458 558
102059 97464 1788
97420 97414 1055
97420 97421 1232
97420 97422 1466
97454 97422 782
97474 97471 1611
97474 97473 2217
97474 97477 386
97475 97469 2138
97475 97471 580
97476 97471 1035
97476 102108 3641
97488 97472 2941
97488 97491 727
97488 97492 1492
97467 97461 1320
97464 97528 863
97464 102059 1788
97414 97412 2754
97414 97420 1055
97414 97423 275
97421 97420 1232
97473 97474 2217
97473 102042 1364
97477 97474 386
97477 102960 329
97469 97475 2138
97469 102334 3415
102108 97476 3641
97491 97488 727
97491 97493 1883
97491 97494 744
97492 97452 139
97492 97488 1492
97492 97495 1608
97528 97464 863
97528 97529 428
97528 102096 406
97412 97413 1123
97412 97414 2754
97423 97414 275
97423 102043 1044
97423 102045 1077
102042 97416 1177
102042 97473 1364
102960 97477 329
102334 97468 631
102334 97469 3415
97493 97491 1883
97494 97491 744
97452 97451 3866
97452 97492 139
97495 97492 1608
97495 97496 1778
97495 97546 1007
97529 97528 428
97529 102900 2087
102096 97528 406
102096 102899 689
97413 97412 1123
97413 97415 1002
97413 97416 3038
102043 97423 1044
102043 102044 942
102043 103263 138
102045 97423 1077
97416 97413 3038
97416 102042 1177
97468 97443 1069
97468 102334 631
97451 97452 3866
97451 97459 1868
97451 97499 3825
97496 97495 1778
97496 97497 1124
97496 97498 2056
97546 97495 1007
97546 97547 1946
97546 97548 4964
102900 97529 2087
102899 102096 689
102899 102901 340
97415 97413 1002
102044 102043 942
103263 102043 138
97443 97435 836
97443 97436 877
97443 97468 1069
97459 97451 1868
97499 97451 3825
97499 97500 2519
97499 97544 1262
97497 97496 1124
97498 97496 2056
97498 97549 996
97498 97550 598
97547 97546 1946
97548 97546 4964
97548 97564 1375
102901 102899 340
97435 97434 795
97435 97443 836
97436 97437 9
97436 97443 877
97500 97499 2519
97544 97499 1262
97544 97543 2099
97544 102513 1391
97549 97498 996
97550 97498 598
97564 97548 1375
97564 97567 1225
97564 97569 1473
97434 97428 1589
97434 97435 795
97437 97436 9
97437 103264 188
97543 97542 2798
97543 97544 2099
97543 102097 367
102513 97544 1391
102513 102514 377
102513 102515 1865
97567 97564 1225
97567 97568 1675
97567 97591 382
97569 97564 1473
97569 97565 578
97428 97434 1589
103264 97437 188
103264 103265 753
97542 97543 2798
97542 97545 1645
97542 97622 58
97542 97623 4553
102097 97543 367
102097 102111 4993
102514 102513 377
102514 103169 2083
102515 102513 1865
102515 103148 2041
97568 97567 1675
97568 97570 1542
97568 97571 924
97568 97574 1004
97568 97601 487
97591 97567 382
97591 97590 1307
97565 97566 904
97565 97569 578
97565 97586 1532
103265 103264 753
97545 97542 1645
97622 97542 58
97623 97542 4553
102111 102097 4993
102111 102110 1909
102111 102902 477
103169 102514 2083
103148 102515 2041
103148 103149 2174
97570 97560 511
97570 97568 1542
97570 97571 950
97571 97568 924
97571 97570 950
97574 97568 1004
97574 97575 688
97601 97568 487
97601 101893 556
97590 97591 1307
97590 97595 788
97566 97565 904
97566 101987 410
97586 97565 1532
97586 97585 1004
97586 97592 889
102110 102109 397
102110 102111 1909
102110 102441 3156
102902 102111 477
103149 103148 2174
97560 97557 672
97560 97559 1797
97560 97570 511
97575 97574 688
97575 97577 877
101893 97601 556
101893 102850 1008
97595 97590 788
97595 97593 1576
97595 97597 1151
101987 97566 410
97585 97583 1447
97585 97586 1004
97592 97586 889
97592 97587 252
97592 97593 628
102109 101983 2583
102109 102110 397
102109 102903 378
102441 102110 3156
97557 97556 809
97557 97559 1234
97557 97560 672
97559 97557 1234
97559 97560 1797
97577 97575 877
97577 97580 1483
97577 97607 1208
97577 98129 1493
102850 101893 1008
97593 97592 628
97593 97594 1141
97593 97595 1576
97597 97595 1151
97597 97596 1780
97597 97599 1299
97597 97600 676
97583 97582 1052
97583 97584 2328
97583 97585 1447
97587 97588 3017
97587 97592 252
97587 97596 580
101983 97535 2193
101983 102109 2583
101983 102904 1041
102903 102109 378
97556 97557 809
97580 97577 1483
97580 97581 842
97580 97599 1948
97580 97602 1078
97607 97577 1208
97607 97602 1533
97607 97609 826
97607 97631 1481
98129 97577 1493
98129 97628 604
97594 97593 1141
97596 97587 580
97596 97597 1780
97596 97598 929
97599 97580 1948
97599 97597 1299
97599 97603 737
97600 97597 676
97600 97603 1395
97600 97613 1025
97600 97614 1257
97582 97583 1052
97584 97583 2328
97588 97587 3017
97588 97589 1564
97535 97534 321
97535 101983 2193
102904 101983 1041
97581 97580 842
97602 97580 1078
97602 97604 983
97602 97606 737
97602 97607 1533
97609 97606 1356
97609 97607 826
97609 98134 1593
97609 98161 877
97631 97607 1481
97631 97628 63
97628 97627 619
97628 97631 63
97628 98129 604
97598 97596 929
97598 97614 680
97598 102840 1801
97603 97599 737
97603 97600 1395
97603 97604 924
97603 97605 1025
97613 97600 1025
97613 97605 1395
97613 97617 1008
97613 97637 3058
97614 97598 680
97614 97600 1257
97614 97615 1437
97589 97588 1564
97534 97535 321
97534 97536 585
97604 97602 983
97604 97603 924
97604 97608 806
97606 97602 737
97606 97608 1022
97606 97609 1356
97606 97610 950
98134 97609 1593
98134 97627 861
98134 98138 1768
98134 98160 750
98161 97609 877
98161 97610 1395
98161 98160 1533
98161 98162 950
97627 97628 619
97627 98134 861
102840 97578 1767
102840 97598 1801
102840 97615 884
97605 97603 1025
97605 97608 1022
97605 97613 1395
97605 97616 950
97617 97613 1008
97617 97616 1160
97617 97618 950
97617 97639 1081
97637 97613 3058
97637 97635 1205
97615 97614 1437
97615 102840 884
97536 97532 2020
97536 97534 585
97608 97604 806
97608 97605 1022
97608 97606 1022
97610 97606 950
97610 97616 2044
97610 97621 950
97610 98161 1395
98138 98134 1768
98138 98164 708
98160 98134 750
98160 98161 1533
98160 98163 826
98160 98164 1671
98162 97621 1395
98162 98161 950
98162 98163 1483
98162 98177 877
97578 97579 807
97578 101736 331
97578 102840 1767
97578 102841 914
97616 97605 950
97616 97610 2044
97616 97617 1160
97616 97619 877
97618 97611 1635
97618 97617 950
97618 97619 1205
97618 97640 877
97639 97617 1081
97635 97634 1223
97635 97637 1205
97635 97638 752
97532 97536 2020
97532 97537 373
97621 97610 950
97621 97619 2004
97621 97641 938
97621 98162 1395
98164 98138 708
98164 98160 1671
98164 98165 788
98163 98160 826
98163 98162 1483
98163 98165 1576
98163 98166 1007
98177 97641 1299
98177 98162 877
98177 98166 1533
98177 98178 806
97579 97578 807
101736 97578 331
102841 97578 914
97619 97616 877
97619 97618 1205
97619 97620 1008
97619 97621 2004
97611 97612 1743
97611 97618 1635
97640 97618 877
97640 97620 1395
97640 97643 314
97640 97644 1768
97634 97633 511
97634 97635 1223
97638 97635 752
97638 102737 793
97537 97532 373
97641 97620 1906
97641 97621 938
97641 98177 1299
97641 98179 672
98165 98163 1576
98165 98164 788
98166 98163 1007
98166 98168 373
98166 98177 1533
98178 98169 1500
98178 98177 806
98178 98180 1362
98178 98181 604
97620 97619 1008
97620 97640 1395
97620 97641 1906
97612 97611 1743
97612 102107 790
97643 97640 314
97643 97642 589
97644 97640 1768
97633 97634 511
102737 97638 793
98179 97641 672
98179 98180 434
98168 98166 373
98169 98178 1500
98180 98178 1362
98180 98179 434
98181 98178 604
102107 97612 790
97642 97643 589
200
97411
97417
97419
97453
97455
97456
97424
97462
97457
97458
97422
97471
97472
97460
97461
97466
102059
97420
97454
97474
97475
97476
97488
97467
97464
97414
97421
97473
97477
97469
102108
97491
97492
97528
97412
97423
102042
102960
102334
97493
97494
97452
97495
97529
102096
97413
102043
102045
97416
97468
97451
97496
97546
102900
102899
97415
102044
103263
97443
97459
97499
97497
97498
97547
97548
102901
97435
97436
97500
97544
97549
97550
97564
97434
97437
97543
102513
97567
97569
97428
103264
97542
102097
102514
102515
97568
97591
97565
103265
97545
97622
97623
102111
103169
103148
97570
97571
97574
97601
97590
97566
97586
102110
102902
103149
97560
97575
101893
97595
101987
97585
97592
102109
102441
97557
97559
97577
102850
97593
97597
97583
97587
101983
102903
97556
97580
97607
98129
97594
97596
97599
97600
97582
97584
97588
97535
102904
97581
97602
97609
97631
97628
97598
97603
97613
97614
97589
97534
97604
97606
98134
98161
97627
102840
97605
97617
97637
97615
97536
97608
97610
98138
98160
98162
97578
97616
97618
97639
97635
97532
97621
98164
98163
98177
97579
101736
102841
97619
97611
97640
97634
97638
97537
97641
98165
98166
98178
97620
97612
97643
97644
97633
102737
98179
98168
98169
98180
98181
102107
97642
