110
5732 5733 6460
5732 5747 2252
5733 5732 6460
5747 5732 2252
5747 260963 3122
260963 5747 3122
260963 260959 3652
260959 260960 2412
260959 260962 5060
260959 260963 3652
260959 262982 4023
260960 260934 4821
260960 260959 2412
260960 262981 1336
260962 260959 5060
262982 260959 4023
262982 262988 2982
262982 264341 3920
260934 260933 2790
260934 260956 4872
260934 260960 4821
262981 260960 1336
262988 262982 2982
264341 262982 3920
260933 260930 1735
260933 260934 2790
260933 260958 2809
260956 260934 4872
260956 260957 4385
260956 260961 2864
260930 260925 348
260930 260933 1735
260930 260954 3550
260958 260933 2809
260957 260956 4385
260961 260956 2864
260925 260922 4562
260925 260926 577
260925 260930 348
260954 260930 3550
260954 260932 2965
260922 260921 936
260922 260921 936
260922 260925 4562
260926 260925 577
260926 262977 1381
260932 260931 2547
260932 260954 2965
260921 260918 2575
260921 260922 936
260921 260922 936
262977 260924 4773
262977 260926 1381
260931 260932 2547
260931 260947 300
260931 260948 928
260931 260950 4272
260918 260921 2575
260918 262978 5510
260924 260919 1025
260924 262977 4773
260947 260931 300
260947 260949 824
260948 260931 928
260948 260949 1539
260948 262986 689
260950 5746 5279
260950 260931 4272
260950 262983 3792
262978 260918 5510
262978 260920 141
262978 262979 1169
260919 260911 1905
260919 260920 698
260919 260924 1025
260949 260947 824
260949 260948 1539
262986 260948 689
5746 5745 3332
5746 260950 5279
262983 260950 3792
262983 262984 175
262983 262984 175
260920 260919 698
260920 262978 141
260920 262980 1399
262979 262978 1169
260911 260909 2963
260911 260919 1905
5745 5746 3332
262984 262983 175
262984 262983 175
262984 262985 235
262980 260920 1399
260909 260899 4233
260909 260910 4544
260909 260911 2963
262985 262984 235
260899 260896 7218
260899 260900 2898
260899 260909 4233
260910 260909 4544
260896 260898 1432
260896 260899 7218
260900 260899 2898
260898 260896 1432
260898 260897 1089
260898 262939 1228
260897 260898 1089
262939 260898 1228
52
5732
5733
5747
260963
260959
260960
260962
262982
260934
262981
262988
264341
260933
260956
260930
260958
260957
260961
260925
260954
260922
260926
260932
260921
262977
260931
260918
260924
260947
260948
260950
262978
260919
260949
262986
5746
262983
260920
262979
260911
5745
262984
262980
260909
262985
260899
260910
260896
260900
260898
260897
262939
