28
203685 203698 747
204477 204649 2048
204649 204477 2048
204654 204675 1213
204675 204654 1213
203698 203685 747
203715 203713 395
203716 203763 522
203713 203715 395
203763 203716 522
203740 203771 336
203771 203740 336
203788 203791 451
203791 203788 451
203791 203792 1826
203792 203791 1826
204014 204017 839
204017 204014 839
204019 204036 773
204036 204019 773
204038 204042 756
204042 204038 756
208097 208101 750
208101 208097 750
208101 208102 2043
208102 208101 2043
208102 208502 1317
208502 208102 1317
36
203685
204041
204108
204473
204477
204649
204654
204675
203698
203715
203716
203710
203713
203738
203763
203740
203771
203788
203792
203775
203800
204014
204017
204019
204036
204038
204042
208505
208513
208075
208096
208097
208102
208502
208504
208081
