24
133557 133563 847
133557 133564 847
133563 133557 847
136921 136930 1014
136928 136931 848
136930 136921 1014
133574 133600 884
136931 136928 848
133600 133574 884
133564 133557 847
133929 132615 1102
133952 133953 47
133953 133952 47
132615 132616 476
132615 133929 1102
132616 132615 476
133956 133969 244
133969 133956 244
133969 133968 1791
133968 133969 1791
133968 133974 1161
133974 133968 1161
137146 137145 1085
137145 137146 1085
37
134630
139582
136976
136890
136891
133557
133563
133561
133567
133570
136921
136928
136925
136926
136930
136924
133574
136931
133583
133600
133602
133564
133578
133591
133917
133929
132615
132616
133969
133968
133974
133979
137141
137146
137145
137235
137239
