54
179256 179257 1906
179256 179263 984
179257 179256 1906
179263 179256 984
179263 179262 1613
179263 179281 1565
179263 179286 1008
179262 179260 765
179262 179263 1613
179262 179285 1357
179281 179263 1565
179281 179284 672
179286 179263 1008
179286 179283 905
179286 179285 765
179260 179262 765
179260 179287 1357
179285 179262 1357
179285 179286 765
179285 179287 765
179285 179296 1000
179284 179281 672
179284 179282 849
179283 179282 672
179283 179286 905
179287 179260 1357
179287 179285 765
179287 179297 905
179287 179328 765
179296 179285 1000
179296 179303 475
179282 179283 672
179282 179284 849
179282 179303 709
179282 179305 924
179297 179287 905
179297 179318 556
179328 179287 765
179328 179330 782
179303 179282 709
179303 179296 475
179303 179304 262
179305 179282 924
179318 179297 556
179318 179304 505
179318 179319 682
179330 179319 667
179330 179328 782
179304 179303 262
179304 179318 505
179319 179318 682
179319 179320 932
179319 179330 667
179320 179319 932
22
179256
179257
179263
179262
179281
179286
179260
179285
179284
179283
179287
179296
179282
179297
179328
179303
179305
179318
179330
179304
179319
179320
