48
84397 84398 748
84397 84579 771
84590 84438 1614
84594 84595 753
84421 84420 405
84421 84439 951
84393 84425 939
84393 84429 1014
84411 79276 796
91190 91191 2614
91190 91448 592
84420 79276 1544
84420 84421 405
84409 84408 1532
84409 84410 476
91447 91448 1341
91447 91448 1341
84943 84937 3804
84943 84944 338
84944 84936 1618
84944 84943 338
85129 85130 197
85129 85131 526
85131 85129 526
85131 90780 103
84398 84397 748
84579 84397 771
84438 84439 1612
84438 84590 1614
84595 84594 753
84439 84421 951
84439 84438 1612
84425 84393 939
84429 84393 1014
79276 84411 796
79276 84420 1544
91191 91190 2614
91448 91190 592
91448 91447 1341
91448 91447 1341
84408 84409 1532
84410 84409 476
84937 84936 3878
84937 84943 3804
84936 84937 3878
84936 84944 1618
85130 85129 197
90780 85131 103
35
84397
84590
84594
84421
84393
84411
91190
84420
84409
91447
84943
84944
85129
85131
82742
84575
84576
84565
84471
84607
84477
84503
87138
84251
84398
84438
84595
84425
84429
79276
91191
84408
84410
84937
84936
