492
125775 125776 630
125775 125798 1353
125776 125775 630
125798 125775 1353
125798 125796 905
125798 125802 1855
125796 125785 893
125796 125797 1284
125796 125798 905
125796 125801 1743
125802 125798 1855
125802 125801 818
125802 125803 924
125785 125791 1307
125785 125795 1145
125785 125796 893
125797 125796 1284
125801 125791 928
125801 125796 1743
125801 125802 818
125803 125799 2646
125803 125802 924
125803 125808 951
125791 125785 1307
125791 125787 333
125791 125801 928
125795 125785 1145
125799 125777 518
125799 125800 818
125799 125803 2646
125808 125800 2697
125808 125803 951
125808 125809 2834
125787 125786 985
125787 125789 511
125787 125791 333
125777 125778 2552
125777 125799 518
125800 125779 829
125800 125799 818
125800 125808 2697
125809 125808 2834
125809 125810 879
125809 125812 374
125786 125787 985
125786 125789 683
125789 125786 683
125789 125787 511
125789 125790 506
125778 125777 2552
125778 125780 906
125779 125780 1560
125779 125800 829
125810 125805 1285
125810 125809 879
125810 125811 1950
125812 125809 374
125812 125813 1285
125812 125814 1774
125790 125789 506
125790 125793 630
125780 125778 906
125780 125779 1560
125780 125781 455
125805 125804 1784
125805 125807 928
125805 125810 1285
125811 125807 1010
125811 125810 1950
125811 125876 276
125813 125812 1285
125813 126232 739
125814 125812 1774
125814 126233 355
125793 125790 630
125793 125792 452
125793 125794 2784
125781 125780 455
125781 132352 107
125804 125805 1784
125804 125806 613
125807 125805 928
125807 125806 1010
125807 125811 1010
125876 125811 276
125876 125877 1414
126232 125813 739
126232 126234 976
126232 126241 1546
126233 125814 355
126233 126234 333
126233 126236 1981
125792 125788 337
125792 125793 452
125792 125794 2920
125794 125792 2920
125794 125793 2784
125794 126222 518
132352 125781 107
125806 125782 976
125806 125804 613
125806 125807 1010
125877 125876 1414
125877 125879 673
125877 125881 1169
126234 126232 976
126234 126233 333
126234 126235 678
126241 125882 1029
126241 126232 1546
126241 126239 1256
126241 126311 1612
126236 126233 1981
125788 125792 337
126222 125794 518
126222 126223 6543
126222 126224 927
125782 125783 1561
125782 125806 976
125782 125833 810
125782 125861 3560
125879 125861 418
125879 125877 673
125879 125880 2821
125881 125877 1169
125881 125882 2221
126235 126234 678
125882 125881 2221
125882 126241 1029
125882 126312 1679
126239 126240 974
126239 126241 1256
126239 126242 1040
126311 126241 1612
126311 126312 976
126311 126327 890
126311 126329 1485
126223 126222 6543
126224 126222 927
126224 126226 1420
125783 125782 1561
125833 125782 810
125833 125831 1201
125833 125835 789
125861 125782 3560
125861 125864 613
125861 125879 418
125880 125878 976
125880 125879 2821
125880 126310 558
125880 126313 1276
126312 125882 1679
126312 126311 976
126312 126330 1478
126240 126239 974
126242 126239 1040
126327 126311 890
126327 126324 606
126327 126328 202
126329 126311 1485
126329 126330 1116
126329 126336 1948
126329 126337 1161
126226 126224 1420
126226 126225 4829
126226 126231 1813
125831 125830 678
125831 125833 1201
125831 125834 2182
125835 125833 789
125835 125834 2423
125835 125836 1747
125864 125861 613
125864 125863 1616
125864 125878 2890
125878 125864 2890
125878 125880 976
125878 125883 1050
125878 125884 1347
126310 125880 558
126313 125880 1276
126313 125884 1067
126313 126319 613
126313 126320 1411
126330 126312 1478
126330 126329 1116
126330 126338 1029
126330 126340 1881
126324 126325 673
126324 126326 1552
126324 126327 606
126328 126327 202
126328 126333 552
126328 132573 1383
126336 126329 1948
126336 126340 1029
126336 126380 975
126337 126329 1161
126337 126334 613
126337 126380 1565
126225 126226 4829
126231 126226 1813
126231 126227 355
126231 126278 5445
125830 125829 2284
125830 125831 678
125830 125832 558
125834 125831 2182
125834 125835 2423
125836 125835 1747
125836 125838 2312
125836 125862 874
125836 125863 874
125863 125836 874
125863 125864 1616
125883 125874 931
125883 125878 1050
125883 125885 3325
125883 125886 1018
125884 125878 1347
125884 126313 1067
125884 126315 970
125884 126317 1355
126319 126313 613
126320 126313 1411
126320 126322 111
126320 126338 976
126338 126320 976
126338 126330 1029
126338 126339 1276
126340 126330 1881
126340 126336 1029
126340 126343 976
126325 126324 673
126326 126324 1552
126326 132573 618
126333 126328 552
132573 126326 618
132573 126328 1383
126380 126336 975
126380 126337 1565
126334 126335 418
126334 126337 613
126334 126372 418
126227 126228 2139
126227 126231 355
126227 126249 953
126278 126231 5445
126278 126279 1558
125829 125830 2284
125832 125830 558
125838 125836 2312
125838 125839 650
125838 125840 1010
125862 125836 874
125862 125840 2198
125874 125883 931
125885 125883 3325
125886 125883 1018
125886 126314 2321
125886 126315 348
126315 125884 970
126315 125886 348
126315 126316 391
126317 125884 1355
126317 126318 1030
126317 126322 751
126322 126317 751
126322 126320 111
126322 126323 1210
126339 126323 1116
126339 126338 1276
126339 126343 678
126343 126339 678
126343 126340 976
126343 126344 418
126335 126334 418
126372 126334 418
126228 126227 2139
126228 126246 1075
126228 126249 1786
126249 126227 953
126249 126228 1786
126249 126251 850
126279 126245 1786
126279 126278 1558
126279 126281 1010
126279 126289 940
125839 125838 650
125840 125838 1010
125840 125862 2198
126314 125886 2321
126316 125898 1225
126316 126315 391
126316 126318 879
126318 126316 879
126318 126317 1030
126318 126321 1285
126323 126322 1210
126323 126339 1116
126323 126341 418
126344 126342 1485
126344 126343 418
126246 126228 1075
126251 126249 850
126251 126250 1014
126251 126253 600
126245 126244 1067
126245 126279 1786
126245 126289 1534
126281 126279 1010
126281 126280 889
126289 126245 1534
126289 126279 940
126289 126286 2144
126289 126290 1010
125898 125899 1485
125898 125900 1010
125898 126316 1225
126321 126318 1285
126321 126341 1447
126321 126346 613
126341 126321 1447
126341 126323 418
126341 126342 1142
126342 126341 1142
126342 126344 1485
126342 126356 1674
126342 126359 1210
126250 126247 782
126250 126251 1014
126250 126252 2286
126253 126251 600
126253 126254 421
126244 126245 1067
126244 126290 1813
126280 126277 452
126280 126281 889
126286 126285 885
126286 126289 2144
126286 126295 509
126290 126244 1813
126290 126289 1010
126290 126291 1447
125899 125898 1485
125900 125898 1010
125900 125902 1169
125900 126345 1958
126346 126321 613
126346 126345 1206
126346 126356 613
126356 126342 1674
126356 126346 613
126356 126357 1423
126359 126342 1210
126247 126248 752
126247 126248 752
126247 126250 782
126252 126250 2286
126252 126258 1114
126252 126260 1004
126254 126253 421
126254 126255 1085
126254 126260 1185
126277 126237 1221
126277 126280 452
126277 126282 2557
126285 126284 1547
126285 126286 885
126295 126286 509
126291 126290 1447
125902 125900 1169
125902 125901 1260
125902 125903 3242
126345 125900 1958
126345 126346 1206
126345 126347 2084
126357 126356 1423
126357 126361 1021
126248 126247 752
126248 126247 752
126248 126258 1617
126258 126248 1617
126258 126252 1114
126258 126259 374
126260 126252 1004
126260 126254 1185
126260 126261 1017
126255 126254 1085
126255 126267 1642
126255 126268 2467
126237 126238 2241
126237 126277 1221
126237 126283 1782
126282 126257 818
126282 126277 2557
126282 126284 818
126284 126282 818
126284 126285 1547
126284 126294 581
125901 125902 1260
125903 125902 3242
125903 125905 1515
125903 126358 1636
126347 126345 2084
126347 126358 202
126361 126357 1021
126361 126358 1174
126361 126362 144
126259 126258 374
126261 126260 1017
126261 126262 2358
126261 126266 600
126267 126255 1642
126267 126268 1615
126267 126269 445
126268 126255 2467
126268 126267 1615
126268 126272 558
126238 126237 2241
126238 126256 810
126238 132306 521
126283 126237 1782
126283 126257 783
126257 126256 1357
126257 126282 818
126257 126283 783
126294 126284 581
125905 125903 1515
125905 126348 512
126358 125903 1636
126358 126347 202
126358 126361 1174
126362 126361 144
126362 126363 1055
126362 126409 2106
126262 126261 2358
126262 126264 600
126266 126261 600
126266 126264 2358
126266 126265 850
126269 126267 445
126272 126268 558
126272 126273 879
126256 126238 810
126256 126257 1357
126256 132542 445
132306 126238 521
126348 125905 512
126348 125906 436
126348 126349 1642
126363 126362 1055
126363 126402 3013
126363 126414 2035
126409 126362 2106
126409 126408 678
126264 126262 600
126264 126263 767
126264 126266 2358
126265 126263 2371
126265 126266 850
126265 126432 756
126265 126439 1344
126273 126272 879
132542 126256 445
125906 125907 1764
125906 126348 436
126349 125907 2551
126349 126348 1642
126349 126350 678
126402 126350 1025
126402 126363 3013
126414 126363 2035
126408 126409 678
126263 125992 1225
126263 126264 767
126263 126265 2371
126263 126431 850
126432 126265 756
126432 126433 2160
126432 126435 725
126439 126265 1344
125907 125897 2036
125907 125906 1764
125907 126349 2551
126350 126349 678
126350 126402 1025
125992 126263 1225
126431 126263 850
126433 126432 2160
126435 126432 725
125897 125907 2036
124
125785
125791
125795
125787
125786
125789
125790
125793
125792
125794
125788
126222
126223
126224
126226
125864
125878
126336
126225
126231
125863
125883
125884
126340
126380
126227
126278
125862
125874
125885
125886
126315
126317
126322
126343
126228
126249
126279
125840
126314
126316
126318
126323
126344
126246
126251
126245
126281
126289
125898
126321
126341
126342
126250
126253
126244
126280
126286
126290
125899
125900
126346
126356
126359
126247
126252
126254
126277
126285
126295
126291
125902
126345
126357
126248
126258
126260
126255
126237
126282
126284
125901
125903
126347
126361
126259
126261
126267
126268
126238
126283
126257
126294
125905
126358
126362
126262
126266
126269
126272
126256
132306
126348
126363
126409
126264
126265
126273
132542
125906
126349
126402
126414
126408
126263
126432
126439
125907
126350
125992
126431
126433
126435
125897
