480
105918 105919 796
105918 105920 1333
105918 105921 610
105919 105918 796
105919 105932 706
105920 105918 1333
105921 105918 610
105921 105922 1530
105932 105919 706
105932 105931 706
105932 106001 1292
105922 105921 1530
105922 105923 610
105922 106317 867
105931 105929 402
105931 105932 706
105931 106002 1188
106001 105932 1292
105923 105922 610
105923 105924 1255
105923 106298 796
105923 106315 980
106317 105922 867
106317 106315 687
106317 106318 353
105929 105930 1845
105929 105931 402
106002 105931 1188
105924 105923 1255
105924 105925 1700
105924 105926 1729
106298 105923 796
106298 106299 796
106298 106313 948
106315 105923 980
106315 106313 687
106315 106316 433
106315 106317 687
106318 106317 353
105930 105929 1845
105925 105924 1700
105926 105924 1729
105926 105927 1139
105926 106293 817
105926 106299 1653
106299 105926 1653
106299 106274 687
106299 106298 796
106313 106297 1504
106313 106298 948
106313 106314 433
106313 106315 687
106316 106315 433
105927 105926 1139
105927 105928 1030
106293 105926 817
106293 106274 1709
106293 106292 1220
106274 106273 1139
106274 106293 1709
106274 106297 867
106274 106299 687
106297 106274 867
106297 106296 1031
106297 106313 1504
106314 106313 433
105928 105927 1030
106292 106293 1220
106273 106274 1139
106273 106275 672
106273 106296 845
106296 106273 845
106296 106297 1031
106296 106771 1345
106296 106772 1483
106275 106273 672
106275 106276 867
106275 106773 687
106771 106296 1345
106771 106311 687
106771 106363 1700
106772 106296 1483
106772 106362 680
106772 106773 786
106772 116296 158
106276 106275 867
106276 106277 706
106276 106279 796
106773 106275 687
106773 106772 786
106773 106774 924
106311 106308 762
106311 106312 672
106311 106771 687
106363 106362 706
106363 106364 687
106363 106771 1700
106362 106361 1292
106362 106363 706
106362 106772 680
116296 106772 158
106277 106276 706
106277 106278 687
106279 106276 796
106279 106280 796
106774 106280 786
106774 106773 924
106774 106775 452
106308 106309 275
106308 106310 796
106308 106311 762
106312 106311 672
106364 106363 687
106364 106365 335
106361 106360 580
106361 106362 1292
106278 106277 687
106280 106279 796
106280 106281 1827
106280 106774 786
106775 106774 452
106775 106776 687
106309 106308 275
106309 106781 515
106310 106308 796
106365 106364 335
106365 106411 754
106360 106359 713
106360 106361 580
106360 106776 1345
106281 106280 1827
106281 106282 475
106281 106283 845
106776 106283 562
106776 106360 1345
106776 106775 687
106781 106309 515
106781 106411 2881
106781 106780 328
106411 106365 754
106411 106412 1111
106411 106781 2881
106359 106283 1194
106359 106360 713
106282 106281 475
106283 106281 845
106283 106284 1161
106283 106359 1194
106283 106776 562
106780 106306 759
106780 106421 2322
106780 106781 328
106412 106411 1111
106412 106413 1336
106412 106414 3784
106284 106283 1161
106284 106285 1031
106284 106356 515
106306 106307 650
106306 106780 759
106421 106304 344
106421 106419 433
106421 106780 2322
106413 106412 1336
106414 106412 3784
106414 106415 282
106285 106284 1031
106285 106286 867
106285 106289 687
106356 106284 515
106356 106357 817
106356 106358 473
106307 106306 650
106304 106305 713
106304 106421 344
106419 106416 1697
106419 106420 516
106419 106421 433
106415 106414 282
106286 106285 867
106286 106287 344
106286 106288 333
106289 106285 687
106289 106290 238
106289 106355 627
106357 106356 817
106358 106356 473
106305 106304 713
106416 106417 674
106416 106418 709
106416 106419 1697
106420 106419 516
106287 106286 344
106288 106286 333
106290 106289 238
106290 106291 2153
106290 106300 1146
106355 106289 627
106417 106416 674
106418 106416 709
106291 106290 2153
106300 106290 1146
106300 106301 1033
106300 106302 568
106301 106300 1033
106302 106300 568
106302 106303 1670
106302 106353 2555
106303 106302 1670
106303 113576 111
106353 106302 2555
106353 106352 2514
106353 106354 1124
113576 106303 111
113576 113575 1786
106352 106350 1694
106352 106353 2514
106354 106353 1124
113575 106381 4214
113575 113576 1786
106350 106351 4153
106350 106352 1694
106350 106410 3166
106381 106324 562
106381 106382 1766
106381 106383 1106
106381 113575 4214
106351 106350 4153
106410 106350 3166
106324 106325 1519
106324 106331 1179
106324 106381 562
106382 106373 782
106382 106381 1766
106382 113720 434
106383 106381 1106
106325 106324 1519
106325 106326 542
106325 106380 347
106331 106324 1179
106331 106330 649
106373 106374 610
106373 106382 782
106373 106480 2639
113720 106382 434
106326 106325 542
106326 106327 948
106326 106332 562
106380 106325 347
106330 106329 1291
106330 106331 649
106330 106384 275
106374 106373 610
106374 106375 402
106374 106376 238
106480 106373 2639
106480 106481 1906
106480 106485 763
106327 106326 948
106327 106328 579
106327 106329 515
106327 106337 762
106332 106326 562
106332 106333 672
106332 106378 1429
106329 106327 515
106329 106330 1291
106329 113687 373
106384 106330 275
106384 113577 62
106375 106374 402
106376 106374 238
106376 106377 469
106376 106402 3291
106481 106402 846
106481 106480 1906
106481 106484 1700
106485 106480 763
106485 106482 556
106485 113719 515
106328 106327 579
106337 106327 762
106333 106332 672
106333 106334 452
106333 106399 846
106378 106332 1429
106378 106379 816
106378 106401 515
113687 106329 373
113577 106384 62
113577 113574 763
113577 113578 1767
106377 106376 469
106377 106401 764
106402 106376 3291
106402 106396 222
106402 106481 846
106484 106481 1700
106484 106483 649
106484 106530 1542
106482 106483 2358
106482 106485 556
106482 113717 3304
113719 106485 515
113719 113731 511
106334 106333 452
106334 106335 763
106334 106386 1935
106399 106333 846
106399 106400 1257
106399 106400 1257
106379 106378 816
106401 106377 764
106401 106378 515
106401 106396 2375
113574 113573 1443
113574 113577 763
113574 113939 706
113578 113577 1767
106396 106397 796
106396 106401 2375
106396 106402 222
106483 106482 2358
106483 106484 649
106483 113718 871
106530 106484 1542
106530 106531 888
106530 113717 962
113717 106482 3304
113717 106530 962
113717 113729 12
113731 113719 511
106335 106334 763
106335 106336 833
106335 106393 1095
106386 106334 1935
106386 106387 2170
106386 106395 1671
106386 106398 2802
106400 106399 1257
106400 106399 1257
113573 113574 1443
113939 113574 706
106397 106396 796
106397 106398 474
106397 106532 924
113718 106483 871
106531 106530 888
106531 106532 2287
106531 106545 2102
113729 113717 12
113729 113730 2287
106336 106335 833
106393 106335 1095
106387 106386 2170
106387 106388 950
106387 106527 671
106395 106386 1671
106398 106386 2802
106398 106397 474
106398 106529 2359
106532 106397 924
106532 106528 2981
106532 106531 2287
106545 106526 3648
106545 106531 2102
106545 106546 1419
113730 113729 2287
106388 106387 950
106388 106389 950
106388 106525 1030
106527 106387 671
106527 106528 515
106527 106529 1055
106529 106398 2359
106529 106527 1055
106528 106526 1114
106528 106527 515
106528 106532 2981
106526 106525 597
106526 106528 1114
106526 106545 3648
106546 106545 1419
106546 106547 1360
106546 106578 788
106389 106388 950
106389 106390 344
106389 106550 1382
106525 106388 1030
106525 106526 597
106525 106550 1000
106547 106546 1360
106547 106548 1112
106547 106575 905
106578 106546 788
106578 106575 754
106578 106596 1493
106390 106389 344
106390 106391 1112
106390 106536 475
106550 106389 1382
106550 106525 1000
106550 106551 1277
106548 106547 1112
106548 106549 1112
106548 106566 672
106575 106547 905
106575 106574 680
106575 106578 754
106596 106578 1493
106596 106579 335
106596 106593 473
106391 106390 1112
106391 106392 452
106536 106390 475
106536 106537 597
106536 106543 1114
106536 106549 1112
106551 106550 1277
106549 106536 1112
106549 106548 1112
106549 106557 1014
106566 106548 672
106566 106567 562
106566 106569 515
106574 106567 419
106574 106575 680
106574 106579 1292
106579 106574 1292
106579 106577 680
106579 106593 333
106579 106596 335
106593 106579 333
106593 106594 1780
106593 106596 473
106392 106391 452
106392 106537 434
106537 106392 434
106537 106536 597
106537 106541 1336
106543 106536 1114
106543 106538 782
106543 106541 597
106557 106549 1014
106557 106558 562
106557 106569 503
106567 106566 562
106567 106568 515
106567 106574 419
106567 106577 1344
106569 106557 503
106569 106566 515
106569 106568 562
106577 106567 1344
106577 106576 597
106577 106579 680
106577 106591 2113
106594 106591 680
106594 106593 1780
106594 113728 344
106541 106537 1336
106541 106542 445
106541 106543 597
106538 106539 1004
106538 106543 782
106538 106558 1179
106558 106538 1179
106558 106557 562
106558 106568 503
106568 106558 503
106568 106567 515
106568 106569 562
106568 106576 1114
106576 106568 1114
106576 106577 597
106591 106577 2113
106591 106594 680
113728 106594 344
106542 106541 445
106539 106538 1004
198
105919
105921
105932
105922
105931
106001
105923
106317
105929
106002
105924
106298
106315
106318
105930
105925
105926
106299
106313
106316
105927
106293
106274
106297
106314
105928
106292
106273
106296
106275
106771
106772
106276
106773
106311
106363
106362
116296
106277
106279
106774
106308
106312
106364
106361
106278
106280
106775
106309
106310
106365
106360
106281
106776
106781
106411
106359
106282
106283
106780
106412
106284
106306
106421
106413
106414
106285
106356
106307
106304
106419
106415
106286
106289
106357
106358
106305
106416
106420
106287
106288
106290
106355
106417
106418
106291
106300
106301
106302
106303
106353
113576
106352
106354
113575
106350
106381
106351
106410
106324
106382
106383
106325
106331
106373
113720
106326
106380
106330
106374
106480
106327
106332
106329
106384
106375
106376
106481
106485
106328
106337
106333
106378
113687
113577
106377
106402
106484
106482
113719
106334
106399
106379
106401
113574
113578
106396
106483
106530
113717
113731
106335
106386
106400
113573
113939
106397
113718
106531
113729
106336
106393
106387
106395
106398
106532
106545
113730
106388
106527
106529
106528
106526
106546
106389
106525
106547
106578
106390
106550
106548
106575
106596
106391
106536
106551
106549
106566
106574
106579
106593
106392
106537
106543
106557
106567
106569
106577
106594
106541
106538
106558
106568
106576
106591
113728
106542
106539
