376
242442 242457 1699
242442 246193 868
242442 246194 713
242457 242442 1699
246193 242442 868
246193 246197 905
246193 246198 1100
246194 242442 713
246194 246195 2041
246194 246196 580
246197 246193 905
246197 246206 1248
246197 246207 1140
246198 246193 1100
246198 246195 746
246198 246207 782
246195 246194 2041
246195 246198 746
246195 246202 868
246196 246194 580
246206 246197 1248
246207 246197 1140
246207 246198 782
246207 246208 2920
246202 246195 868
246202 246203 2731
246202 246204 904
246208 246207 2920
246208 246210 1180
246208 246213 2224
246208 246215 755
246203 246202 2731
246203 246204 2735
246203 246215 1483
246204 246202 904
246204 246203 2735
246204 246205 893
246204 246216 353
246210 246208 1180
246210 246209 755
246213 242465 1195
246213 246208 2224
246213 246214 1084
246215 246203 1483
246215 246208 755
246215 246225 598
246205 246204 893
246216 246204 353
246209 246210 755
242465 242463 1608
242465 246212 835
242465 246213 1195
246214 246213 1084
246225 246215 598
246225 246226 628
242463 242465 1608
246212 242465 835
246212 246211 222
246226 246223 628
246226 246225 628
246226 246227 3112
246211 246212 222
246211 246284 344
246223 246221 1955
246223 246226 628
246223 246228 604
246227 246226 3112
246227 246228 2779
246227 246294 927
246284 246211 344
246284 246285 2409
246221 246220 924
246221 246223 1955
246221 246224 1031
246228 246223 604
246228 246227 2779
246228 246229 403
246294 246227 927
246285 246284 2409
246220 246218 1222
246220 246221 924
246220 246222 1113
246224 246221 1031
246229 246228 403
246229 246230 1729
246229 246252 788
246218 246220 1222
246218 246237 1611
246222 246220 1113
246230 246229 1729
246230 246257 1150
246252 246229 788
246237 246218 1611
246237 246234 782
246237 246239 1943
246257 246230 1150
246257 246255 1055
246257 246259 1444
246234 246201 2749
246234 246237 782
246234 246238 1278
246239 246237 1943
246239 246241 1530
246255 246257 1055
246255 246258 1414
246259 246257 1444
246259 246258 818
246259 246274 91
246201 246200 1655
246201 246232 924
246201 246234 2749
246238 246234 1278
246238 246235 1483
246238 246241 787
246241 246238 787
246241 246239 1530
246241 246240 1504
246258 246255 1414
246258 246259 818
246258 246271 746
246258 246277 2251
246274 246259 91
246274 246278 858
246200 246199 649
246200 246201 1655
246200 246231 1065
246232 246201 924
246232 246231 1335
246232 246233 1221
246235 246233 2062
246235 246238 1483
246235 246240 868
246240 246235 868
246240 246241 1504
246271 246256 903
246271 246258 746
246271 246273 2089
246277 246258 2251
246277 246273 688
246277 246282 808
246278 246274 858
246278 246279 787
246278 246280 1139
246199 246200 649
246231 246020 1160
246231 246200 1065
246231 246232 1335
246233 246032 1248
246233 246232 1221
246233 246235 2062
246233 246244 1882
246256 246266 847
246256 246271 903
246273 246271 2089
246273 246272 924
246273 246277 688
246282 246277 808
246282 246279 499
246282 246283 452
246279 246278 787
246279 246281 1139
246279 246282 499
246280 246278 1139
246280 246281 787
246280 246363 1483
246020 246019 1204
246020 246032 2170
246020 246231 1160
246032 246018 1222
246032 246020 2170
246032 246233 1248
246032 246245 2003
246244 246233 1882
246266 246256 847
246266 246272 2876
246272 246266 2876
246272 246267 580
246272 246273 924
246283 246282 452
246281 246279 1139
246281 246280 787
246281 246366 1375
246281 246367 868
246363 246275 749
246363 246280 1483
246363 246350 1466
246019 246018 1464
246019 246020 1204
246018 246019 1464
246018 246032 1222
246018 246037 2414
246245 246032 2003
246245 246037 1530
246267 246272 580
246366 246281 1375
246366 246364 1483
246366 246368 707
246367 246281 868
246367 246368 1425
246275 246276 1809
246275 246346 707
246275 246348 1611
246275 246363 749
246350 246348 868
246350 246356 2320
246350 246363 1466
246350 246364 680
246037 246018 2414
246037 246035 778
246037 246245 1530
246364 246350 680
246364 246357 2789
246364 246365 628
246364 246366 1483
246368 246365 1504
246368 246366 707
246368 246367 1425
246276 246275 1809
246346 246275 707
246346 246341 1741
246346 246344 787
246346 246347 1234
246348 246275 1611
246348 246341 763
246348 246349 2043
246348 246350 868
246356 246349 805
246356 246350 2320
246356 246355 1395
246356 246357 750
246035 246034 222
246035 246036 1113
246035 246037 778
246357 246356 750
246357 246358 1120
246357 246359 809
246357 246364 2789
246365 246364 628
246365 246368 1504
246365 246373 1161
246341 246339 680
246341 246346 1741
246341 246348 763
246344 246342 562
246344 246345 37
246344 246346 787
246347 246346 1234
246349 246348 2043
246349 246356 805
246355 246356 1395
246355 246358 749
246034 246033 796
246034 246035 222
246036 246035 1113
246358 246355 749
246358 246357 1120
246358 246360 628
246358 246361 1120
246359 246357 809
246359 246360 835
246359 246369 1022
246359 246371 847
246373 246365 1161
246339 246341 680
246339 246345 1790
246342 246343 489
246342 246344 562
246345 246339 1790
246345 246344 37
246033 246031 707
246033 246034 796
246033 246089 373
246360 246358 628
246360 246359 835
246360 246362 983
246361 246358 1120
246361 246362 680
246369 246359 1022
246369 246370 475
246369 246372 475
246371 246359 847
246371 246378 3852
246343 246342 489
246031 246028 1596
246031 246033 707
246089 246029 711
246089 246033 373
246362 246360 983
246362 246361 680
246362 246377 2377
246370 246369 475
246372 246369 475
246378 246337 2986
246378 246371 3852
246378 246377 611
246028 246027 1099
246028 246031 1596
246029 246026 892
246029 246027 2921
246029 246089 711
246377 246336 2693
246377 246362 2377
246377 246378 611
246337 246336 884
246337 246338 1395
246337 246378 2986
246027 246025 673
246027 246028 1099
246027 246029 2921
246026 246021 3348
246026 246023 963
246026 246029 892
246336 246335 587
246336 246337 884
246336 246377 2693
246338 246332 750
246338 246337 1395
246338 251424 1022
246025 246021 426
246025 246027 673
246021 246025 426
246021 246026 3348
246023 246026 963
246335 246332 1700
246335 246336 587
246332 246330 737
246332 246333 2009
246332 246335 1700
246332 246338 750
251424 246338 1022
251424 251421 889
251424 251425 876
246330 246329 750
246330 246332 737
246330 246333 1947
246333 246330 1947
246333 246331 434
246333 246332 2009
246333 251405 782
251421 251408 473
251421 251422 604
251421 251424 889
251425 251424 876
251425 251426 611
251425 251492 916
246329 246321 238
246329 246330 750
246329 246331 2035
246331 246329 2035
246331 246333 434
246331 251404 354
251405 246333 782
251405 251406 884
251405 251408 950
251408 251405 950
251408 251407 1114
251408 251421 473
251422 251421 604
251422 251426 434
251426 251422 434
251426 251425 611
251492 251425 916
251492 251493 244
246321 246329 238
251404 246331 354
251404 251403 275
251406 251402 1384
251406 251405 884
251406 251407 750
251407 251406 750
251407 251408 1114
251493 246380 511
251493 251492 244
251403 251404 275
251402 251406 1384
246380 251493 511
151
242442
242457
246193
246194
246197
246198
246195
246196
246206
246207
246202
246208
246203
246204
246210
246213
246215
246205
246216
246209
242465
246214
246225
242463
246212
246226
246211
246223
246227
246284
246221
246228
246294
246285
246220
246224
246229
246218
246222
246230
246252
246237
246257
246234
246239
246255
246259
246201
246238
246241
246258
246274
246200
246232
246235
246240
246271
246277
246278
246199
246231
246233
246256
246273
246282
246279
246280
246020
246032
246244
246266
246272
246283
246281
246363
246019
246018
246245
246267
246366
246367
246275
246350
246037
246364
246368
246276
246346
246348
246356
246035
246357
246365
246341
246344
246347
246349
246355
246034
246036
246358
246359
246373
246339
246342
246345
246033
246360
246361
246369
246371
246343
246031
246089
246362
246370
246372
246378
246028
246029
246377
246337
246027
246026
246336
246338
246025
246021
246023
246335
246332
251424
246330
246333
251421
251425
246329
246331
251405
251408
251422
251426
251492
246321
251404
251406
251407
251493
251403
251402
246380
