452
6688 6689 1226
6688 6894 2307
6688 7985 2925
6689 6688 1226
6689 35437 169
6689 35439 1263
6894 6688 2307
6894 6895 1300
6894 7984 1833
6894 7986 940
7985 6688 2925
7985 7991 2442
7985 7994 1503
35437 6689 169
35437 35438 963
35439 6689 1263
6895 6893 2118
6895 6894 1300
6895 16739 1393
7984 6894 1833
7984 7980 1915
7984 34331 811
7986 6894 940
7986 7988 1948
7986 34945 821
7991 7985 2442
7991 7992 1596
7994 7985 1503
7994 7995 2446
7994 8092 2349
35438 35437 963
6893 6888 299
6893 6895 2118
6893 8080 3518
16739 6895 1393
7980 7979 996
7980 7981 1671
7980 7984 1915
34331 7984 811
7988 6876 976
7988 7986 1948
7988 7987 2030
7988 8633 1128
34945 7986 821
7992 7991 1596
7992 7993 1758
7992 8083 1697
7995 7994 2446
7995 7996 2325
7995 7997 5078
8092 7994 2349
8092 8091 2515
8092 35440 458
6888 6889 1968
6888 6892 1237
6888 6893 299
8080 6893 3518
8080 8079 2958
8080 35259 1070
7979 7975 608
7979 7978 485
7979 7980 996
7981 7980 1671
6876 6877 892
6876 7988 976
6876 8082 294
7987 7988 2030
7987 7989 299
7987 7990 533
8633 7988 1128
7993 7992 1758
8083 7992 1697
8083 8081 573
8083 8086 1883
7996 7995 2325
7996 8027 561
7996 8030 2727
7996 8031 1254
7997 7995 5078
7997 8093 1401
7997 8099 2351
8091 8089 679
8091 8092 2515
8091 8093 862
35440 8092 458
6889 6888 1968
6889 34254 799
6889 34254 799
6892 6888 1237
6892 228797 1454
8079 8080 2958
8079 8082 1185
8079 35049 2818
35259 8080 1070
7975 7976 560
7975 7978 528
7975 7979 608
7975 34948 7868
7978 7975 528
7978 7977 594
7978 7979 485
6877 6876 892
8082 6876 294
8082 8079 1185
8082 8081 2247
7989 7987 299
7990 7987 533
8081 8082 2247
8081 8083 573
8081 8084 1612
8086 8083 1883
8086 8088 2802
8086 8094 1604
8027 7982 1586
8027 7996 561
8030 7996 2727
8030 8028 214
8030 8032 2654
8031 7996 1254
8031 8044 1708
8031 8045 2609
8093 7997 1401
8093 8091 862
8093 8096 1101
8099 7997 2351
8099 8125 883
8099 8129 2375
8089 8090 787
8089 8091 679
8089 8095 662
34254 6889 799
34254 6889 799
34254 34255 766
228797 6892 1454
228797 228796 2615
35049 8079 2818
35049 228896 2388
7976 7975 560
7976 7977 283
34948 7738 1980
34948 7975 7868
7977 7974 1367
7977 7976 283
7977 7978 594
8084 8081 1612
8084 8085 2860
8084 8087 2721
8088 8085 1580
8088 8086 2802
8088 8107 2332
8094 8086 1604
8094 8100 1730
8094 8109 4007
7982 7983 724
7982 8027 1586
8028 8029 2412
8028 8030 214
8028 8033 657
8032 8030 2654
8032 8047 636
8032 8050 659
8044 8031 1708
8044 8046 1507
8044 8046 1507
8045 8031 2609
8045 8051 2652
8045 8115 3939
8045 34479 1172
8096 8093 1101
8096 8097 2438
8096 8100 1598
8125 8099 883
8125 8126 2521
8125 8126 2521
8129 8099 2375
8129 8115 1395
8129 8126 1101
8090 8089 787
8095 8089 662
34255 10515 2265
34255 34254 766
228796 228795 1830
228796 228797 2615
228796 234964 6908
228896 35049 2388
228896 228895 1014
228896 228900 845
7738 7735 5081
7738 7737 4730
7738 7983 977
7738 34948 1980
7974 7977 1367
7974 18503 656
8085 8084 2860
8085 8087 1526
8085 8088 1580
8087 8084 2721
8087 8085 1526
8087 8104 467
8107 8088 2332
8107 8108 1229
8107 8109 1883
8100 8094 1730
8100 8096 1598
8100 8101 547
8109 8094 4007
8109 8101 3092
8109 8107 1883
7983 7738 977
7983 7982 724
7983 35464 824
8029 8028 2412
8029 34663 406
8033 8002 312
8033 8028 657
8047 8032 636
8047 8052 496
8047 8053 700
8050 8032 659
8050 8046 584
8050 8051 456
8046 8044 1507
8046 8044 1507
8046 8050 584
8051 8045 2652
8051 8050 456
8115 8045 3939
8115 8129 1395
8115 8132 1797
8115 34202 2668
34479 8045 1172
8097 8096 2438
8126 8125 2521
8126 8125 2521
8126 8129 1101
10515 10516 51
10515 34255 2265
228795 228794 893
228795 228796 1830
234964 228785 827
234964 228796 6908
228895 228892 2190
228895 228894 344
228895 228896 1014
228900 228882 1700
228900 228896 845
228900 228902 1254
7735 7734 678
7735 7736 4295
7735 7738 5081
7737 7734 5355
7737 7738 4730
7737 7758 1095
18503 7974 656
18503 34324 1114
18503 34336 1959
8104 8087 467
8104 8105 11
8104 8105 11
8104 8106 8
8104 8106 8
8108 8107 1229
8101 8100 547
8101 8103 2177
8101 8109 3092
35464 7983 824
34663 8029 406
8002 8003 1975
8002 8033 312
8002 8037 1104
8052 8047 496
8053 8047 700
8053 8056 619
8132 8115 1797
8132 8128 430
8132 8137 1182
34202 8115 2668
34202 34203 689
10516 10515 51
10516 34188 531
228794 228793 452
228794 228795 893
228785 228786 1591
228785 228841 922
228785 234964 827
228892 228860 562
228892 228893 1341
228892 228895 2190
228894 228864 679
228894 228882 875
228894 228895 344
228882 228863 2358
228882 228894 875
228882 228900 1700
228902 228899 1780
228902 228900 1254
228902 228903 1176
7734 7733 3956
7734 7735 678
7734 7737 5355
7736 7735 4295
7736 35416 695
7758 7737 1095
7758 7757 2857
34324 18503 1114
34336 18503 1959
8105 8104 11
8105 8104 11
8106 8104 8
8106 8104 8
8103 8101 2177
8103 8102 4051
8003 8002 1975
8037 8002 1104
8037 8036 677
8037 8038 1022
8056 8053 619
8056 8119 841
8128 8127 927
8128 8132 430
8128 8137 1023
8137 8128 1023
8137 8132 1182
8137 8136 1244
34203 8131 652
34203 34202 689
34188 6883 306
34188 10516 531
34188 34189 458
228793 16737 5373
228793 228790 1114
228793 228792 3016
228793 228794 452
228786 228785 1591
228786 228848 2347
228786 228853 1512
228841 228785 922
228841 228805 1778
228841 234719 1023
228860 228859 2358
228860 228864 1512
228860 228892 562
228893 228892 1341
228864 228860 1512
228864 228861 2839
228864 228894 679
228863 228861 1679
228863 228881 847
228863 228882 2358
228899 228897 2425
228899 228902 1780
228899 228904 562
228903 228902 1176
228903 232121 1525
7733 7734 3956
35416 7736 695
7757 7758 2857
7757 10376 152
8102 8103 4051
8102 8110 2017
8102 8114 2851
8036 8034 1133
8036 8037 677
8036 16037 1033
8038 8037 1022
8038 8040 795
8038 8041 1268
8119 8056 841
8119 8116 1497
8119 8120 803
8127 8128 927
8127 8172 973
8127 8173 747
8136 8135 883
8136 8137 1244
8136 8158 811
8131 8130 1079
8131 34203 652
6883 6881 793
6883 34188 306
34189 16736 2448
34189 34188 458
16737 16736 327
16737 228793 5373
228790 228766 1336
228790 228783 2829
228790 228793 1114
228792 228791 580
228792 228793 3016
228848 228786 2347
228848 228798 1504
228848 228849 1096
228853 228786 1512
228853 228854 1124
228853 228855 1956
228805 228779 4275
228805 228841 1778
228805 228842 353
234719 228841 1023
228859 228851 1524
228859 228860 2358
228859 228861 1374
228861 228859 1374
228861 228862 445
228861 228863 1679
228861 228864 2839
228881 228863 847
228881 228880 1188
228897 228898 749
228897 228899 2425
228904 228899 562
228904 228901 452
228904 228906 2392
232121 228903 1525
232121 232118 353
232121 232124 1807
10376 7757 152
10376 10509 1460
8110 8102 2017
8114 8102 2851
8034 8036 1133
16037 8036 1033
8040 8038 795
8041 8038 1268
8116 8119 1497
8120 8119 803
8172 8127 973
8173 8127 747
8135 8136 883
8158 8136 811
8130 8131 1079
6881 6883 793
16736 16737 327
16736 34189 2448
228766 228790 1336
228783 228790 2829
228791 228792 580
228798 228848 1504
228849 228848 1096
228854 228853 1124
228855 228853 1956
228779 228805 4275
228842 228805 353
228851 228859 1524
228862 228861 445
228880 228881 1188
228898 228897 749
228901 228904 452
228906 228904 2392
232118 232121 353
232124 232121 1807
10509 10376 1460
36
7974
18503
7736
34324
34336
34188
7733
35416
6883
34189
8110
8114
8034
16037
8040
8041
8116
8120
8172
8158
8130
6881
16736
228766
228783
228791
228798
228854
228855
228779
228842
228851
228880
228901
232118
232124
