620
200180 200190 349
200190 200180 349
200190 200188 337
200190 200191 906
200188 200187 706
200188 200189 1137
200188 200190 337
200191 200190 906
200191 200194 395
200191 200196 478
200187 200186 730
200187 200188 706
200189 200186 607
200189 200188 1137
200189 200198 943
200189 200363 1826
200194 200191 395
200194 200195 833
200194 200198 1150
200196 200181 592
200196 200191 478
200196 200197 2263
200186 200187 730
200186 200189 607
200198 200189 943
200198 200194 1150
200198 200199 746
200198 200370 1419
200363 200189 1826
200363 200368 1921
200363 200370 955
200195 200194 833
200195 200199 1370
200195 200200 1453
200181 200192 763
200181 200193 2393
200181 200196 592
200197 200193 607
200197 200196 2263
200197 200200 730
200197 205260 2381
200199 200195 1370
200199 200198 746
200199 200372 274
200370 200198 1419
200370 200363 955
200370 200369 1962
200370 200371 706
200368 200363 1921
200368 200365 932
200368 200369 837
200368 200381 1021
200200 200195 1453
200200 200197 730
200200 200377 1541
200200 205382 943
200192 200181 763
200192 205249 943
200192 205251 2275
200193 200181 2393
200193 200197 607
200193 205251 896
200193 205259 2417
205260 200197 2381
205260 205259 737
205260 205385 730
205260 205386 2201
200372 200199 274
200372 200371 947
200372 200373 882
200369 200368 837
200369 200370 1962
200369 200387 713
200371 200370 706
200371 200372 947
200371 200374 933
200371 200387 1979
200365 200368 932
200381 200367 836
200381 200368 1021
200381 200383 1593
200377 200200 1541
200377 200373 465
200377 200378 474
205382 200200 943
205382 200379 1628
205382 205383 691
205249 200192 943
205249 205250 2251
205251 200192 2275
205251 200193 896
205251 205250 801
205251 205258 2393
205259 200193 2417
205259 205258 756
205259 205260 737
205259 205384 2059
205385 205260 730
205385 205383 751
205385 205388 1899
205385 205389 762
205386 205260 2201
205386 205384 730
205386 205391 804
205386 205395 1227
200373 200372 882
200373 200374 433
200373 200377 465
200387 200369 713
200387 200371 1979
200387 200386 2474
200387 200388 821
200374 200371 933
200374 200373 433
200374 200378 736
200374 200388 2003
200367 200366 932
200367 200381 836
200367 200382 1617
200383 200381 1593
200383 200382 961
200378 200374 736
200378 200377 474
200378 200379 428
200378 200389 1893
200379 200378 428
200379 200391 394
200379 205382 1628
205383 205382 691
205383 205385 751
205383 205387 1751
205250 205249 2251
205250 205251 801
205250 205257 2344
205258 205251 2393
205258 205257 855
205258 205259 756
205258 205266 1990
205384 205259 2059
205384 205266 680
205384 205386 730
205384 205394 1370
205388 205385 1899
205388 205387 603
205388 205400 277
205389 205385 762
205389 205390 737
205389 205401 1682
205391 205386 804
205391 205390 764
205391 205403 1078
205391 205406 1165
205395 205386 1227
205395 205394 763
205395 205406 730
205395 205409 479
200386 200387 2474
200386 200431 804
200388 200374 2003
200388 200387 821
200388 200389 810
200388 200431 2479
200366 200367 932
200366 200380 709
200382 200367 1617
200382 200383 961
200382 214617 665
200389 200378 1893
200389 200388 810
200389 200390 860
200389 200433 2528
200391 200379 394
200391 200390 1576
200391 205387 417
205387 200391 417
205387 205383 1751
205387 205388 603
205257 205250 2344
205257 205258 855
205257 205262 1289
205257 205265 1835
205266 205258 1990
205266 205265 882
205266 205384 680
205266 205393 1427
205394 205384 1370
205394 205393 745
205394 205395 763
205394 205408 750
205400 205388 277
205400 205401 684
205400 205405 930
205390 205389 737
205390 205391 764
205390 205402 1420
205401 205389 1682
205401 205400 684
205401 205402 700
205401 205446 2100
205403 205391 1078
205403 205402 961
205403 205414 1227
205403 205448 1444
205406 205391 1165
205406 205395 730
205406 205407 801
205406 205414 730
205409 205395 479
200431 200386 804
200431 200388 2479
200431 200432 490
200431 200433 731
200380 200366 709
214617 200382 665
200390 200389 860
200390 200391 1576
200390 200392 707
200390 200436 2171
200433 200389 2528
200433 200431 731
200433 200435 213
205262 205257 1289
205262 205261 289
205262 205263 417
205265 205257 1835
205265 205266 882
205265 205267 1408
205265 205392 1630
205393 205266 1427
205393 205392 801
205393 205394 745
205393 205398 702
205408 205394 750
205408 205398 805
205408 205413 837
205408 205416 613
205405 200392 572
205405 205400 930
205405 205445 1444
205402 205390 1420
205402 205401 700
205402 205403 961
205402 205404 1782
205446 205401 2100
205446 205404 774
205446 205445 902
205414 205403 1227
205414 205406 730
205414 205415 844
205448 205403 1444
205448 205404 787
205448 205418 1783
205448 205447 748
205407 205406 801
205407 205415 410
205407 205416 928
200432 200431 490
200392 200390 707
200392 200437 1888
200392 205405 572
200436 200390 2171
200436 200435 681
200436 200437 787
200435 200433 213
200435 200436 681
205261 205254 750
205261 205255 1684
205261 205262 289
205263 205256 1684
205263 205262 417
205263 205264 833
205267 205264 491
205267 205265 1408
205267 205269 406
205392 205265 1630
205392 205393 801
205392 205396 1415
205392 205397 393
205398 205393 702
205398 205408 805
205398 205411 985
205398 205412 1037
205413 205408 837
205413 205412 737
205413 205417 1881
205413 205439 791
205416 205407 928
205416 205408 613
205445 200437 1110
205445 205405 1444
205445 205446 902
205404 205402 1782
205404 205446 774
205404 205448 787
205415 205407 410
205415 205414 844
205415 205417 928
205415 205418 420
205418 205415 420
205418 205419 755
205418 205448 1783
205447 205419 1893
205447 205448 748
200437 200392 1888
200437 200436 787
200437 205445 1110
205254 205261 750
205255 205256 706
205255 205261 1684
205256 205253 927
205256 205255 706
205256 205263 1684
205264 205263 833
205264 205267 491
205264 205268 2549
205269 200375 2077
205269 205267 406
205269 205270 619
205396 205270 738
205396 205284 1473
205396 205392 1415
205396 205410 717
205397 205392 393
205411 205398 985
205411 205410 1241
205412 205398 1037
205412 205413 737
205412 205421 2217
205412 205438 640
205417 205413 1881
205417 205415 928
205417 205451 620
205439 205413 791
205439 205438 745
205439 205441 737
205439 205451 2018
205419 205418 755
205419 205447 1893
205419 205453 773
205253 205256 927
205253 205268 905
205268 200375 969
205268 205253 905
205268 205264 2549
200375 200376 834
200375 205268 969
200375 205269 2077
200375 205272 2569
205270 200376 1751
205270 205269 619
205270 205396 738
205270 205420 395
205284 200376 883
205284 205285 623
205284 205396 1473
205410 205285 1140
205410 205396 717
205410 205411 1241
205410 205421 880
205421 205410 880
205421 205412 2217
205421 205422 473
205421 205428 311
205438 205412 640
205438 205431 2077
205438 205439 745
205438 205440 750
205451 205417 620
205451 205439 2018
205451 205452 822
205451 205456 1611
205441 205439 737
205441 205440 730
205441 205452 1948
205453 205419 773
205453 205456 255
200376 200375 834
200376 205270 1751
200376 205284 883
205272 200375 2569
205272 205271 2148
205272 205273 983
205272 205274 1463
205420 205270 395
205285 205284 623
205285 205410 1140
205285 205422 1116
205422 205285 1116
205422 205421 473
205428 205421 311
205428 205424 1345
205428 205431 297
205431 205428 297
205431 205432 906
205431 205438 2077
205440 205432 2085
205440 205438 750
205440 205441 730
205452 205441 1948
205452 205451 822
205456 205451 1611
205456 205453 255
205271 205232 769
205271 205234 808
205271 205272 2148
205273 205234 1991
205273 205240 981
205273 205272 983
205273 205277 1524
205274 205272 1463
205274 205277 937
205274 205287 1436
205424 205423 640
205424 205428 1345
205424 205429 1146
205424 205430 740
205432 205431 906
205432 205435 736
205432 205440 2085
205232 205230 892
205232 205271 769
205234 205271 808
205234 205273 1991
205240 205241 622
205240 205273 981
205240 205278 1548
205277 205273 1524
205277 205274 937
205277 205278 990
205277 205286 1502
205287 205274 1436
205287 205286 915
205423 205424 640
205423 205425 1163
205429 205424 1146
205429 205425 710
205429 205433 751
205430 205424 740
205430 205433 1355
205430 205435 699
205435 205430 699
205435 205432 736
205435 205442 1120
205230 205232 892
205241 205240 622
205241 205242 753
205241 205275 1584
205278 205240 1548
205278 205275 707
205278 205277 990
205278 205288 1779
205286 205277 1502
205286 205287 915
205286 205288 1020
205286 205289 2171
205425 205423 1163
205425 205429 710
205433 205429 751
205433 205430 1355
205433 205442 918
205442 205433 918
205442 205434 1717
205442 205435 1120
205242 205241 753
205242 205244 630
205242 205276 1651
205275 205241 1584
205275 205276 723
205275 205278 707
205275 205281 1862
205288 205278 1779
205288 205281 679
205288 205286 1020
205288 205291 1888
205289 205286 2171
205289 205291 974
205289 205434 1212
205434 205289 1212
205434 205436 1160
205434 205437 900
205434 205442 1717
205244 205236 1721
205244 205242 630
205244 205245 632
205244 205279 1722
205276 205242 1651
205276 205275 723
205276 205279 659
205276 205280 1861
205281 205275 1862
205281 205280 724
205281 205288 679
205281 205290 1809
205291 205288 1888
205291 205289 974
205291 205290 724
205291 205467 1524
205436 205434 1160
205436 205443 659
205436 205444 779
205437 205434 900
205437 205443 1189
205437 205467 220
205236 205243 567
205236 205244 1721
205245 205243 1631
205245 205244 632
205245 205333 359
205279 205244 1722
205279 205276 659
205279 205338 619
205279 205339 1855
205280 205276 1861
205280 205281 724
205280 205339 643
205280 205348 1861
205290 205281 1809
205290 205291 724
205290 205348 804
205290 205465 1650
205467 205291 1524
205467 205437 220
205467 205471 697
205443 205436 659
205443 205437 1189
205443 205472 789
205444 205436 779
205444 205485 1997
205444 205486 792
205243 205225 325
205243 205236 567
205243 205245 1631
205333 205245 359
205333 205338 1397
205338 205279 619
205338 205333 1397
205338 205340 678
205339 205279 1855
205339 205280 643
205339 205349 619
205339 205350 1795
205348 205280 1861
205348 205290 804
205348 205350 671
205348 205466 1797
205465 205290 1650
205465 205471 109
205465 205473 573
205471 205465 109
205471 205467 697
205471 205472 1386
205472 205443 789
205472 205471 1386
205472 205484 770
205485 205444 1997
205485 205484 765
205485 205487 750
205485 205489 1795
205486 205444 792
205486 205487 1851
205486 205488 890
205225 205243 325
205340 205338 678
205340 205349 1177
205349 205339 619
205349 205340 1177
205349 205352 1748
205350 205339 1795
205350 205348 671
205350 205352 557
205350 205468 2058
205466 205348 1797
205466 205468 716
205466 205473 276
205473 205465 573
205473 205466 276
205473 205475 590
205484 205472 770
205484 205475 839
205484 205482 1739
205484 205485 765
205487 205485 750
205487 205486 1851
205487 205490 1776
205487 205513 931
205489 205482 713
205489 205485 1795
205489 205490 784
205488 205486 890
205488 205512 733
205488 205513 1739
205352 205349 1748
205352 205350 557
205352 205355 1330
205468 205350 2058
205468 205466 716
205468 205474 737
205475 205473 590
205475 205476 1702
205475 205484 839
205482 205476 803
205482 205484 1739
205482 205489 713
205490 205487 1776
205490 205489 784
205490 205516 913
205513 205487 931
205513 205488 1739
205513 205516 1777
205512 205488 733
205355 205352 1330
205355 205474 1085
205474 205355 1085
205474 205468 737
205474 205476 606
205476 205474 606
205476 205475 1702
205476 205482 803
205516 205490 913
205516 205513 1777
200
200180
200190
200188
200191
200187
200189
200194
200196
200186
200198
200363
200195
200181
200197
200199
200370
200368
200200
200192
200193
205260
200372
200369
200371
200365
200381
200377
205382
205249
205251
205259
205385
205386
200373
200387
200374
200367
200383
200378
200379
205383
205250
205258
205384
205388
205389
205391
205395
200386
200388
200366
200382
200389
200391
205387
205257
205266
205394
205400
205390
205401
205403
205406
205409
200431
200380
214617
200390
200433
205262
205265
205393
205408
205405
205402
205446
205414
205448
205407
200432
200392
200436
200435
205261
205263
205267
205392
205398
205413
205416
205445
205404
205415
205418
205447
200437
205254
205255
205256
205264
205269
205396
205397
205411
205412
205417
205439
205419
205253
205268
200375
205270
205284
205410
205421
205438
205451
205441
205453
200376
205272
205420
205285
205422
205428
205431
205440
205452
205456
205271
205273
205274
205424
205432
205232
205234
205240
205277
205287
205423
205429
205430
205435
205230
205241
205278
205286
205425
205433
205442
205242
205275
205288
205289
205434
205244
205276
205281
205291
205436
205437
205236
205245
205279
205280
205290
205467
205443
205444
205243
205333
205338
205339
205348
205465
205471
205472
205485
205486
205225
205340
205349
205350
205466
205473
205484
205487
205489
205488
205352
205468
205475
205482
205490
205513
205512
205355
205474
205476
205516
