24
53547 53550 1768
53550 53547 1768
53518 53525 1199
53525 53518 1199
49437 49524 738
49524 49437 738
49524 49527 2018
49527 49524 2018
49281 49280 1561
49281 49296 879
49299 49296 2644
49299 49311 1104
49311 49299 1104
49311 49301 344
49551 49556 558
49556 49551 558
49288 49289 709
49273 49280 879
49280 49273 879
49280 49281 1561
49296 49281 879
49296 49299 2644
49301 49311 344
49289 49288 709
29
53472
53542
53547
53550
53558
53516
53518
53525
53586
53593
53594
49518
49437
49524
49526
49527
49536
49516
49559
49281
49299
49311
49270
49273
49529
49441
49565
49784
53766
