208
230613 230614 1234
230613 230615 6305
230614 230613 1234
230614 230616 2319
230614 230617 2038
230615 230613 6305
230615 231676 2410
230615 231682 549
230616 230614 2319
230616 230617 333
230617 230614 2038
230617 230616 333
230617 230620 921
231676 230615 2410
231676 231683 1986
231676 231694 2326
231682 230615 549
231682 231680 2200
231682 235577 370
230620 230617 921
230620 230618 667
231683 231676 1986
231683 231697 1073
231683 234968 3898
231694 231676 2326
231694 231692 2015
231680 231681 1055
231680 231682 2200
231680 231692 2085
235577 231682 370
230618 230619 672
230618 230620 667
231697 231683 1073
231697 231695 445
231697 231699 1807
234968 231683 3898
231692 231680 2085
231692 231694 2015
231681 231679 620
231681 231680 1055
231681 235573 690
230619 230618 672
231695 231696 1004
231695 231697 445
231695 231698 922
231699 231697 1807
231699 231711 1306
231699 231718 1237
231679 231677 344
231679 231681 620
231679 231689 2297
235573 231681 690
231696 231695 1004
231698 231695 922
231698 231700 1809
231698 231710 1856
231711 231699 1306
231711 231710 1357
231711 231721 2028
231711 231756 2315
231718 231699 1237
231677 231673 1607
231677 231678 1114
231677 231679 344
231689 231679 2297
231689 231690 847
231700 231698 1809
231710 231698 1856
231710 231706 1398
231710 231711 1357
231721 231711 2028
231721 231713 2965
231721 231719 1631
231721 231762 4177
231756 231711 2315
231756 231757 708
231756 234970 2610
231673 231674 1004
231673 231675 679
231673 231677 1607
231678 231677 1114
231690 231689 847
231706 231709 866
231706 231710 1398
231713 231712 1675
231713 231721 2965
231713 234433 1435
231719 231721 1631
231719 231722 790
231762 231721 4177
231762 231744 627
231762 231763 749
231757 231756 708
231757 231758 668
231757 231759 679
234970 231756 2610
231674 231673 1004
231675 231673 679
231709 231706 866
231709 231741 585
231712 231713 1675
231712 231714 1011
234433 231713 1435
231722 231719 790
231744 231743 1022
231744 231754 1374
231744 231762 627
231763 231762 749
231763 231764 3140
231763 231765 1094
231758 231743 668
231758 231757 668
231758 231759 432
231758 231760 20
231759 231745 251
231759 231757 679
231759 231758 432
231741 231709 585
231741 231740 504
231714 231684 4194
231714 231712 1011
231714 231715 796
231743 231744 1022
231743 231753 2060
231743 231758 668
231754 231744 1374
231754 231753 462
231754 231765 1248
231754 231775 706
231764 231763 3140
231764 231766 928
231765 231754 1248
231765 231763 1094
231765 231766 3122
231760 231758 20
231745 231746 925
231745 231750 1011
231745 231759 251
231740 231739 2277
231740 231741 504
231740 231742 2368
231684 231685 184
231684 231686 1445
231684 231714 4194
231715 231714 796
231753 231743 2060
231753 231754 462
231753 231755 662
231775 231754 706
231775 231776 1648
231766 231764 928
231766 231765 3122
231766 231768 1204
231746 231742 1323
231746 231745 925
231746 235472 1116
231750 231745 1011
231750 231748 2248
231750 231751 1029
231739 231737 782
231739 231740 2277
231739 231742 1014
231742 231739 1014
231742 231740 2368
231742 231746 1323
231742 231748 1011
231685 230630 1093
231685 231684 184
231686 231684 1445
231755 231751 167
231755 231753 662
231755 231771 679
231776 231772 353
231776 231775 1648
231776 231777 889
231768 231766 1204
231768 231767 1939
231768 231778 1621
235472 231746 1116
231748 231742 1011
231748 231749 562
231748 231750 2248
231751 231750 1029
231751 231752 1809
231751 231755 167
231737 231708 1970
231737 231738 2688
231737 231739 782
230630 230629 905
230630 231685 1093
231771 231755 679
231771 231772 2022
231772 231771 2022
231772 231773 353
231772 231776 353
231777 231776 889
231767 231768 1939
231767 231778 3057
231778 231767 3057
231778 231768 1621
231749 231748 562
231752 231751 1809
231708 231737 1970
231738 231737 2688
231738 231747 1172
230629 230630 905
231773 231772 353
231747 231738 1172
91
230613
230614
230615
230616
230617
231676
231682
230620
231683
231694
231680
235577
230618
231697
234968
231692
231681
230619
231695
231699
231679
235573
231696
231698
231711
231718
231677
231689
231700
231710
231721
231756
231673
231678
231690
231706
231713
231719
231762
231757
234970
231674
231675
231709
231712
234433
231722
231744
231763
231758
231759
231741
231714
231743
231754
231764
231765
231760
231745
231740
231684
231715
231753
231775
231766
231746
231750
231739
231742
231685
231686
231755
231776
231768
235472
231748
231751
231737
230630
231771
231772
231777
231767
231778
231749
231752
231708
231738
230629
231773
231747
