448
240996 240997 2887
240996 241024 673
240996 241029 646
240997 240996 2887
240997 241012 1446
240997 241018 698
241024 240996 673
241024 241013 1407
241024 241025 624
241029 240996 646
241029 241030 891
241029 241033 1754
241012 240997 1446
241012 241013 1508
241012 262749 1492
241018 240997 698
241013 241012 1508
241013 241024 1407
241013 262752 1425
241025 241024 624
241030 241029 891
241030 264263 2152
241030 264264 1985
241033 241029 1754
262749 241012 1492
262749 241020 1108
262752 241013 1425
264263 241030 2152
264264 241030 1985
241020 241021 2323
241020 259012 2948
241020 262749 1108
241021 241020 2323
259012 241020 2948
259012 258987 168
259012 262747 3828
258987 258985 14715
258987 259000 3263
258987 259012 168
262747 259012 3828
262747 259014 485
262747 262751 1142
258985 258981 2157
258985 258984 1745
258985 258987 14715
259000 258987 3263
259000 259001 920
259014 259010 3306
259014 259013 4015
259014 262747 485
262751 262747 1142
258981 258768 1130
258981 258982 785
258981 258985 2157
258984 258983 694
258984 258985 1745
259001 258997 2362
259001 259000 920
259001 259006 236
259010 259011 6659
259010 259014 3306
259010 259017 2077
259013 259014 4015
259013 259015 1262
259013 259016 3150
258768 258769 7947
258768 258905 7673
258768 258981 1130
258982 258981 785
258982 262033 1206
258983 258984 694
258997 258995 610
258997 258996 506
258997 259001 2362
259006 259001 236
259006 259005 3142
259011 259010 6659
259011 261165 2146
259011 262748 2683
259017 259010 2077
259017 259015 5220
259017 259022 2911
259015 259013 1262
259015 259017 5220
259015 259018 1401
259016 259013 3150
259016 259020 4775
258769 258768 7947
258769 262031 674
258905 258768 7673
258905 258906 2148
258905 259009 8004
258905 261165 3934
262033 258982 1206
258995 258102 1665
258995 258996 653
258995 258997 610
258996 258112 2148
258996 258995 653
258996 258997 506
259005 259006 3142
261165 258905 3934
261165 259011 2146
262748 259011 2683
259022 259017 2911
259022 259054 3900
259022 263341 2132
259018 259015 1401
259018 259021 2299
259020 259016 4775
259020 259019 619
259020 262750 1982
262031 258767 644
262031 258769 674
262031 262032 1041
258906 258905 2148
258906 262719 1739
259009 258905 8004
259009 259008 1068
259009 262010 1291
258102 258089 1555
258102 258099 1671
258102 258995 1665
258112 258101 1953
258112 258119 2467
258112 258996 2148
259054 259022 3900
259054 259055 838
259054 262644 4310
263341 259022 2132
259021 259018 2299
259019 259020 619
259019 262642 475
262750 259020 1982
258767 258730 6226
258767 258902 3231
258767 262031 644
262032 262031 1041
262719 258906 1739
262719 262720 2534
262719 262721 2749
259008 259009 1068
262010 259009 1291
262010 259052 1780
258089 258086 5377
258089 258102 1555
258099 258097 1123
258099 258101 3906
258099 258102 1671
258101 258099 3906
258101 258100 1096
258101 258106 1102
258101 258112 1953
258119 258112 2467
258119 258115 774
258119 258120 170
259055 259047 3498
259055 259054 838
259055 259058 3889
262644 259054 4310
262644 259057 2362
262644 262645 755
262642 259019 475
262642 262643 2722
262642 262647 352
258730 258727 1934
258730 258729 913
258730 258732 3207
258730 258767 6226
258902 258767 3231
258902 262738 794
262720 262719 2534
262720 262724 1735
262721 262719 2749
259052 259050 626
259052 262010 1780
259052 262636 2060
258086 258088 583
258086 258089 5377
258097 258096 996
258097 258099 1123
258097 258100 3707
258100 258097 3707
258100 258098 969
258100 258101 1096
258106 258101 1102
258106 258104 1981
258106 258113 285
258115 258113 441
258115 258114 245
258115 258119 774
258120 258119 170
258120 258121 2411
258120 258122 377
259047 259048 2151
259047 259055 3498
259047 259063 1638
259058 259055 3889
259058 259059 195
259058 262637 1422
259057 259056 568
259057 262644 2362
259057 262646 854
262645 262644 755
262643 262642 2722
262647 259032 8024
262647 262642 352
258727 258726 852
258727 258728 1367
258727 258730 1934
258729 258728 1653
258729 258730 913
258729 258755 945
258732 258730 3207
258732 258731 1198
258732 258734 511
262738 258902 794
262738 262739 498
262738 262740 459
262724 262720 1735
259050 259049 388
259050 259051 3349
259050 259052 626
262636 259052 2060
262636 263421 2188
258088 258086 583
258088 258090 1047
258096 258092 1136
258096 258097 996
258096 258098 3645
258098 258096 3645
258098 258100 969
258098 258104 1291
258104 258098 1291
258104 258105 1031
258104 258106 1981
258113 258106 285
258113 258114 367
258113 258115 441
258114 258111 586
258114 258113 367
258114 258115 245
258121 258118 690
258121 258120 2411
258122 258120 377
258122 258123 845
259048 259046 1884
259048 259047 2151
259048 262635 2944
259063 259047 1638
259063 262688 3037
259063 262689 1513
259063 262690 1221
259059 259058 195
259059 259083 2798
262637 259058 1422
262637 262638 1203
259056 259057 568
262646 259057 854
259032 259028 2908
259032 262647 8024
259032 262648 641
258726 258727 852
258728 258727 1367
258728 258729 1653
258728 258766 1129
258755 258729 945
258755 258756 429
258755 258766 1431
258731 258732 1198
258734 258732 511
258734 258733 2491
258734 262030 779
262739 262738 498
262740 262738 459
259049 259046 711
259049 259050 388
259049 262011 2021
259051 259050 3349
263421 262636 2188
258090 258088 1047
258090 258091 1437
258090 258092 1093
258092 258090 1093
258092 258094 1581
258092 258096 1136
258105 258103 1353
258105 258104 1031
258105 258111 1538
258111 258105 1538
258111 258114 586
258111 258116 1944
258118 258117 763
258118 258121 690
258123 258122 845
258123 258124 2682
258123 258125 459
259046 259045 1617
259046 259048 1884
259046 259049 711
262635 259048 2944
262688 259063 3037
262689 259063 1513
262690 259063 1221
259083 259059 2798
259083 262654 1251
259083 262655 2319
262638 262637 1203
262638 262639 171
262638 262640 576
259028 259025 12000
259028 259032 2908
259028 259033 3229
262648 259032 641
258766 258728 1129
258766 258755 1431
258756 258755 429
258756 262028 1010
258756 262746 675
258733 258734 2491
258733 258946 552
262030 258734 779
262011 259049 2021
258091 258090 1437
258091 258093 793
258091 258094 1260
258094 258091 1260
258094 258092 1581
258094 258095 729
258103 258072 4377
258103 258105 1353
258103 258116 307
258116 258103 307
258116 258111 1944
258116 262094 714
258117 258118 763
258117 258179 191
258117 258181 312
258124 258123 2682
258124 262102 898
258125 258123 459
258125 259002 1301
258125 259004 4869
259045 259046 1617
262654 259083 1251
262655 259083 2319
262639 262638 171
262640 262638 576
259025 259024 1334
259025 259027 2912
259025 259028 12000
259033 259028 3229
259033 259036 3384
259033 259037 4364
262028 258752 4252
262028 258756 1010
262028 262029 1317
262746 258756 675
258946 258733 552
258946 258986 2326
258093 258071 810
258093 258091 793
258093 258095 1298
258095 258072 731
258095 258093 1298
258095 258094 729
258072 258071 1388
258072 258095 731
258072 258103 4377
262094 258116 714
258179 258110 1445
258179 258117 191
258179 258181 238
258181 258117 312
258181 258179 238
258181 258180 73
262102 258124 898
259002 258125 1301
259002 259003 4274
259004 258125 4869
259004 259023 756
259024 259023 573
259024 259025 1334
259024 263459 2345
259027 259025 2912
259036 259033 3384
259036 259037 1549
259036 259038 3938
259037 259033 4364
259037 259036 1549
259037 259039 8795
258752 258753 2354
258752 258754 1061
258752 262028 4252
262029 262028 1317
258986 258946 2326
258071 258070 235
258071 258072 1388
258071 258093 810
258110 258109 1369
258110 258178 2175
258110 258179 1445
258180 258178 2327
258180 258181 73
258180 258191 926
259003 259002 4274
259023 259004 756
259023 259024 573
263459 259024 2345
263459 259026 728
259038 259029 3709
259038 259036 3938
259039 259037 8795
259039 259040 2413
259039 259041 1337
259039 262792 4519
258753 258749 1190
258753 258752 2354
258754 258752 1061
258754 258758 5427
258754 258761 2189
258070 258069 1053
258070 258071 235
258070 258073 1785
258109 258107 987
258109 258110 1369
258178 258110 2175
258178 258180 2327
258178 258182 558
258191 258180 926
259026 258207 10557
259026 263459 728
259029 258207 2076
259029 259038 3709
259029 262101 6151
259040 259039 2413
259041 259039 1337
262792 259039 4519
258749 258753 1190
258758 258754 5427
258761 258754 2189
258069 258070 1053
258073 258070 1785
258107 258109 987
258182 258178 558
258207 259026 10557
258207 259029 2076
262101 259029 6151
62
258982
258983
262033
259008
258089
258902
262720
258086
262738
262724
258088
259059
262637
258726
262739
262740
258090
258092
259083
262638
259028
258091
258094
262654
262655
262639
262640
259025
259033
258946
258093
258095
258072
259024
259027
259036
259037
258986
258071
258110
259023
263459
259038
259039
258754
258070
258109
258178
259026
259029
259040
259041
262792
258749
258758
258761
258069
258073
258107
258182
258207
262101
