454
196624 196625 827
196624 196846 410
196624 196860 611
196625 196624 827
196625 196626 844
196846 196624 410
196846 196844 990
196846 196847 1499
196860 196624 611
196860 196627 779
196860 196861 1758
196626 196625 844
196626 196627 1065
196626 196628 1002
196844 196845 844
196844 196846 990
196847 196845 693
196847 196846 1499
196847 196850 1405
196847 196861 866
196627 196626 1065
196627 196629 867
196627 196860 779
196627 196862 1611
196861 196847 866
196861 196860 1758
196861 196862 685
196861 196863 1487
196628 196626 1002
196628 196629 1381
196628 196631 641
196845 196844 844
196845 196847 693
196850 196817 602
196850 196847 1405
196850 196863 756
196629 196627 867
196629 196628 1381
196629 196630 1611
196629 196632 630
196862 196627 1611
196862 196630 867
196862 196861 685
196862 196866 1764
196863 196850 756
196863 196861 1487
196863 196864 346
196631 196628 641
196631 196632 1359
196631 196665 784
196817 196806 683
196817 196818 836
196817 196850 602
196817 196851 1150
196630 196629 1611
196630 196633 715
196630 196862 867
196630 196867 1874
196632 196629 630
196632 196631 1359
196632 196633 1637
196632 196666 884
196866 196862 1764
196866 196864 504
196866 196868 346
196864 196863 346
196864 196865 1887
196864 196866 504
196665 196631 784
196665 196666 1405
196665 196667 710
196806 196757 808
196806 196805 748
196806 196817 683
196806 196818 550
196818 196806 550
196818 196817 836
196851 196817 1150
196851 196824 583
196851 196870 349
196633 196630 715
196633 196632 1637
196633 196669 796
196633 196891 2035
196867 196630 1874
196867 196868 522
196867 196893 255
196666 196632 884
196666 196665 1405
196666 196668 735
196666 196669 1611
196868 196866 346
196868 196867 522
196868 196869 1785
196865 196864 1887
196865 196869 973
196865 196870 1011
196865 196874 791
196667 196665 710
196667 196668 1295
196667 196671 857
196757 196758 602
196757 196806 808
196757 196823 2448
196757 196824 774
196805 196806 748
196824 196757 774
196824 196851 583
196824 196858 2336
196870 196851 349
196870 196865 1011
196870 196871 1784
196669 196633 796
196669 196666 1611
196669 196670 710
196669 196892 2130
196891 196633 2035
196891 196893 598
196891 196895 255
196893 196867 255
196893 196891 598
196893 196894 1777
196668 196666 735
196668 196667 1295
196668 196670 1722
196668 196673 801
196869 196865 973
196869 196868 1785
196869 196874 1016
196869 196894 665
196874 196865 791
196874 196869 1016
196874 196871 993
196874 196875 1128
196671 196667 857
196671 196672 846
196671 196673 1041
196758 196757 602
196758 196852 918
196758 196854 1776
196823 196757 2448
196823 196856 796
196823 196858 779
196823 196859 954
196858 196823 779
196858 196824 2336
196858 196871 833
196858 196872 962
196871 196858 833
196871 196870 1784
196871 196873 1041
196871 196874 993
196670 196668 1722
196670 196669 710
196670 196675 779
196670 196897 2266
196892 196669 2130
196892 196895 504
196892 196899 437
196895 196891 255
196895 196892 504
196895 196896 1665
196894 196869 665
196894 196893 1777
196894 196896 803
196673 196668 801
196673 196671 1041
196673 196674 849
196673 196675 1735
196875 196873 796
196875 196874 1128
196875 196876 1813
196672 196671 846
196672 196674 1058
196672 196676 674
196852 196758 918
196852 196853 1565
196854 196758 1776
196854 196853 756
196854 196856 883
196856 196823 796
196856 196854 883
196856 196855 785
196856 196857 954
196859 196823 954
196859 196857 796
196859 196872 796
196859 196883 1722
196872 196858 962
196872 196859 796
196872 196873 785
196872 196888 1806
196873 196871 1041
196873 196872 785
196873 196875 796
196873 196889 1742
196675 196670 779
196675 196673 1735
196675 196678 834
196675 196898 2477
196897 196670 2266
196897 196899 346
196897 196901 346
196899 196892 437
196899 196897 346
196899 196900 1666
196896 196894 803
196896 196895 1665
196896 196900 936
196674 196672 1058
196674 196673 849
196674 196677 814
196674 196678 1274
196876 196875 1813
196876 196889 1419
196876 196912 337
196676 196672 674
196676 196677 499
196853 196852 1565
196853 196854 756
196853 196855 1230
196855 196853 1230
196855 196856 785
196855 196877 649
196855 196878 938
196857 196856 954
196857 196859 796
196857 196878 780
196857 196882 1722
196883 196859 1722
196883 196882 796
196883 196888 758
196888 196872 1806
196888 196883 758
196888 196889 901
196888 196890 697
196889 196873 1742
196889 196876 1419
196889 196888 901
196678 196674 1274
196678 196675 834
196678 196679 776
196678 196904 2783
196898 196675 2477
196898 196901 420
196898 196904 747
196901 196897 346
196901 196898 420
196901 196902 1662
196900 196896 936
196900 196899 1666
196900 196903 433
196677 196674 814
196677 196676 499
196677 196679 1747
196677 196680 701
196912 196876 337
196912 196913 474
196877 196803 346
196877 196833 470
196877 196855 649
196878 196855 938
196878 196857 780
196878 196880 1721
196882 196857 1722
196882 196880 779
196882 196883 796
196890 196881 2290
196890 196888 697
196679 196677 1747
196679 196678 776
196679 196683 779
196679 196905 2801
196904 196678 2783
196904 196898 747
196904 196905 774
196904 196906 1038
196902 196901 1662
196902 196903 846
196902 196909 599
196903 196900 433
196903 196902 846
196680 196677 701
196680 196681 859
196680 196683 1661
196913 196912 474
196913 196914 1299
196803 196833 369
196803 196877 346
196833 196803 369
196833 196877 470
196833 196879 1533
196880 196878 1721
196880 196879 773
196880 196881 821
196880 196882 779
196881 196880 821
196881 196890 2290
196683 196679 779
196683 196680 1661
196683 196682 751
196683 196684 2934
196905 196679 2801
196905 196684 846
196905 196904 774
196905 196907 663
196906 196904 1038
196906 196907 741
196906 196909 403
196906 196910 789
196909 196902 599
196909 196906 403
196681 196680 859
196681 196682 1546
196681 197213 717
196914 196913 1299
196914 196915 344
196879 196833 1533
196879 196880 773
196682 196681 1546
196682 196683 751
196682 197214 796
196682 197217 2932
196684 196683 2934
196684 196905 846
196684 197254 219
196684 197255 328
196907 196905 663
196907 196906 741
196907 196908 1064
196907 197254 942
196910 196906 789
196910 196908 779
197213 196681 717
197213 197214 1534
197213 197215 755
196915 196914 344
196915 196916 1539
197214 196682 796
197214 197213 1534
197214 197216 715
197214 197218 2716
197217 196682 2932
197217 197218 545
197217 197255 478
197217 197257 220
197254 196684 219
197254 196907 942
197254 197255 395
197254 197256 1702
197255 196684 328
197255 197217 478
197255 197254 395
197255 197257 363
196908 196907 1064
196908 196910 779
196908 196911 449
197215 197213 755
197215 197216 1389
197215 197219 838
196916 196915 1539
196916 196919 1899
197216 197214 715
197216 197215 1389
197216 197220 779
197216 197223 2327
197218 197214 2716
197218 197217 545
197218 197223 996
197218 197260 691
197257 197217 220
197257 197255 363
197257 197258 1718
197257 197260 838
197256 196911 750
197256 197254 1702
197256 197258 817
196911 196908 449
196911 197256 750
197219 197215 838
197219 197220 1152
196919 196916 1899
196919 196922 1305
197220 197216 779
197220 197219 1152
197220 197222 710
197220 197224 2165
197223 197216 2327
197223 197218 996
197223 197224 695
197223 197259 1219
197260 197218 691
197260 197257 838
197260 197259 864
197260 197261 1253
197258 197256 817
197258 197257 1718
197258 197265 709
196922 196919 1305
196922 196921 1415
197222 197220 710
197222 197239 1847
197224 197220 2165
197224 197223 695
197224 197239 870
197224 197266 1474
197259 197223 1219
197259 197260 864
197259 197262 787
197259 197266 663
197261 197260 1253
197261 197263 751
197261 197265 238
197265 197258 709
197265 197261 238
197265 197264 892
196921 196922 1415
196921 214464 1809
197239 197222 1847
197239 197224 870
197239 197241 927
197239 197267 1899
197266 197224 1474
197266 197259 663
197266 197267 776
197262 197259 787
197262 197263 232
197262 197268 1525
197263 197261 751
197263 197262 232
197263 197264 142
197264 197263 142
197264 197265 892
214464 196887 595
214464 196921 1809
197241 197239 927
197267 197239 1899
197267 197266 776
197267 197268 457
197267 197270 839
197268 197262 1525
197268 197267 457
196887 196885 2031
196887 214464 595
197270 197267 839
196885 196840 2245
196885 196886 707
196885 196887 2031
196840 196839 1261
196840 196885 2245
196886 196885 707
196886 196925 434
196839 196840 1261
196925 196886 434
34
196844
196845
196818
196805
196852
196853
196855
196877
196878
196803
196833
196880
196881
196879
197219
196919
197220
196922
197222
197224
196921
197239
197266
214464
197241
197267
197268
196887
197270
196885
196840
196886
196839
196925
