24
228878 228879 4695
228878 228883 3353
228879 228878 4695
228879 228886 238
228883 228878 3353
228886 228879 238
228886 228888 747
228888 228886 747
228888 228887 478
228887 228888 478
228887 230250 1653
228887 230252 705
230250 228887 1653
230252 228887 705
230252 230251 419
230252 234620 1133
230251 230252 419
230251 230253 556
230251 230256 1345
234620 230252 1133
230253 230251 556
230253 232120 1089
230256 230251 1345
232120 230253 1089
13
228878
228879
228883
228886
228888
228887
230250
230252
230251
234620
230253
230256
232120
