24
249239 249236 983
249202 249213 1336
249213 249202 1336
249228 249234 1667
249236 249239 983
249234 249228 1667
133233 133318 1208
133318 133233 1208
133318 133482 1008
133482 133318 1008
133295 133303 1611
133304 133303 672
133304 133305 905
133305 133304 905
133305 133335 2959
133307 133336 2394
133303 133295 1611
133303 133304 672
133335 133305 2959
133335 133336 667
133336 133307 2394
133336 133335 667
133349 133351 788
133351 133349 788
34
249146
249239
132967
249202
249213
249203
249212
249220
249228
249236
249217
249234
133122
133128
133139
133140
133141
133227
133230
133233
133482
133494
133307
133336
133349
133351
133356
133366
251304
251305
133612
133619
133623
133631
