26
198002 197996 1645
197328 197324 810
197324 197328 810
197359 197362 709
197362 197359 709
197414 197418 1211
197418 197414 1211
197695 197696 877
197696 197695 877
197708 197706 730
197708 198454 892
197706 197708 730
198454 197708 892
198011 198012 880
197996 198002 1645
197948 197945 3248
197948 197951 802
197951 197948 802
197915 197920 670
197920 197915 670
197924 197925 649
197925 197924 649
197945 197948 3248
198012 198011 880
198013 198014 930
198014 198013 930
39
198002
197328
197345
197324
197349
197359
197350
197362
197401
197402
197408
197414
197418
197420
197694
197695
197696
197708
197706
197739
198454
198011
198004
197996
197948
198079
197744
197745
197752
197915
197920
197924
197925
197940
197945
198456
198012
198013
198014
