32
200278 200280 986
200279 200660 395
200057 200061 867
200061 200057 867
200061 200207 1553
200207 200061 1553
200207 200208 623
200208 200207 623
200208 200217 1277
200217 200208 1277
200217 200218 986
200218 200217 986
200218 200268 1985
200268 200218 1985
200268 200269 1318
200269 200268 1318
200269 200280 1322
200280 200269 1322
200280 200278 986
200043 200058 930
200058 200043 930
200946 200947 825
200947 200946 825
201004 201005 278
200987 214769 1467
200983 200984 639
214769 200987 1467
200984 200983 639
201005 201004 278
200660 200279 395
200667 200663 1444
200663 200667 1444
38
199498
199514
199415
200278
200279
200057
200061
200207
200208
200217
200218
200268
200269
200280
200042
200043
200058
199996
200002
200937
200936
200946
200947
200966
201003
201004
200987
200983
200993
200991
214769
200984
201002
201005
200660
200667
200663
200557
