558
159176 159177 1004
159176 159191 556
159176 159223 1547
159177 159176 1004
159177 159178 778
159177 159223 1265
159191 159176 556
159191 159190 556
159191 159224 850
159223 159176 1547
159223 159177 1265
159223 159222 1606
159223 159265 2005
159178 159177 778
159178 159179 1181
159178 159266 889
159178 159267 710
159190 159189 2783
159190 159191 556
159190 159206 672
159224 159191 850
159222 159221 1161
159222 159223 1606
159222 159269 1768
159222 159389 1036
159265 159223 2005
159265 159264 1181
159265 159268 374
159179 159178 1181
159179 159180 2006
159179 159185 675
159266 159178 889
159266 159264 1018
159266 159276 107
159267 159178 710
159189 159188 767
159189 159190 2783
159189 159194 889
159206 159190 672
159206 159193 222
159206 159220 2027
159221 159222 1161
159221 159225 905
159221 159227 436
159269 159222 1768
159269 159268 1146
159269 159392 713
159269 159395 2180
159389 159222 1036
159389 159354 2044
159389 159388 767
159264 159265 1181
159264 159266 1018
159268 159265 374
159268 159269 1146
159268 159318 747
159180 159179 2006
159180 159181 850
159180 159185 1889
159185 159179 675
159185 159180 1889
159185 159182 759
159276 159266 107
159188 159189 767
159194 159189 889
159194 159193 2867
159194 159195 238
159193 159194 2867
159193 159206 222
159220 159206 2027
159220 159218 1467
159220 159225 1014
159220 159356 1133
159225 159220 1014
159225 159221 905
159225 159226 506
159225 159354 1118
159227 159221 436
159392 159269 713
159392 159318 1065
159392 159390 818
159392 159393 1582
159395 159269 2180
159395 159385 1565
159395 159394 692
159395 159396 1036
159354 159225 1118
159354 159355 934
159354 159389 2044
159388 159355 2016
159388 159385 767
159388 159389 767
159318 159268 747
159318 159319 764
159318 159392 1065
159318 159451 905
159181 159180 850
159181 159182 2002
159182 159181 2002
159182 159183 518
159182 159185 759
159195 159194 238
159218 159220 1467
159356 159220 1133
159356 159357 221
159226 159225 506
159390 159391 1892
159390 159392 818
159390 159400 713
159390 159451 1183
159393 159392 1582
159385 159384 759
159385 159386 1906
159385 159388 767
159385 159395 1565
159394 159391 652
159394 159395 692
159396 159384 1399
159396 159395 1036
159396 159397 1293
159396 159432 907
159355 159354 934
159355 159386 759
159355 159388 2016
159319 159318 764
159319 159334 267
159319 172822 1317
159451 159318 905
159451 159334 436
159451 159390 1183
159451 159450 713
159183 159182 518
159183 159184 392
159357 159356 221
159391 159390 1892
159391 159394 652
159391 159397 1308
159400 159390 713
159400 159398 1501
159400 159450 1183
159400 159456 951
159384 159383 782
159384 159385 759
159384 159396 1399
159384 159427 759
159386 159355 759
159386 159385 1906
159397 159391 1308
159397 159396 1293
159397 159399 796
159397 159433 872
159432 159396 907
159432 159427 1121
159432 159429 710
159432 159433 1399
159334 159319 267
159334 159333 778
159334 159451 436
172822 159319 1317
159450 159333 710
159450 159400 1183
159450 159451 713
159450 159454 848
159184 159183 392
159398 159399 1582
159398 159400 1501
159398 159458 951
159456 159400 951
159456 159454 1146
159456 159457 581
159456 159458 1501
159383 159384 782
159383 159387 1222
159383 159426 1354
159427 159384 759
159427 159428 767
159427 159432 1121
159399 159397 796
159399 159398 1582
159399 159435 4007
159399 159449 611
159433 159397 872
159433 159432 1399
159433 159434 710
159429 159428 984
159429 159430 752
159429 159432 710
159429 159434 1399
159333 159323 1124
159333 159334 778
159333 159450 710
159454 159450 848
159454 159452 581
159454 159456 1146
159458 159398 951
159458 159456 1501
159458 159459 1501
159457 159452 1146
159457 159456 581
159457 159460 2996
159457 159462 848
159387 159383 1222
159387 159425 1012
159426 159383 1354
159426 159425 1161
159426 159428 818
159428 159426 818
159428 159427 767
159428 159429 984
159435 159399 4007
159435 159438 848
159435 159443 276
159449 159399 611
159449 159441 4088
159449 159459 333
159434 159429 1399
159434 159433 710
159434 159436 872
159430 159419 2481
159430 159429 752
159430 159431 739
159430 159436 1561
159323 159322 829
159323 159324 1114
159323 159333 1124
159452 159453 951
159452 159454 581
159452 159455 753
159452 159457 1146
159459 159449 333
159459 159458 1501
159459 159460 344
159460 159457 2996
159460 159459 344
159460 159461 1014
159460 159478 2698
159462 159453 1183
159462 159457 848
159462 159461 2761
159462 159463 713
159425 159387 1012
159425 159420 295
159425 159426 1161
159438 159435 848
159438 159437 711
159438 159439 2006
159443 159435 276
159443 159441 672
159443 159444 337
159441 159442 581
159441 159443 672
159441 159449 4088
159436 159430 1561
159436 159434 872
159436 159437 684
159419 159417 675
159419 159420 555
159419 159430 2481
159431 159417 2036
159431 159430 739
159431 159437 1902
159431 159439 753
159322 159317 1618
159322 159321 1161
159322 159323 829
159324 159323 1114
159324 159325 2301
159324 159331 889
159324 159453 1785
159453 159324 1785
159453 159338 688
159453 159452 951
159453 159462 1183
159455 159452 753
159461 159460 1014
159461 159462 2761
159461 159467 650
159461 159479 2799
159478 159442 1502
159478 159460 2698
159478 159479 688
159463 159338 1262
159463 159462 713
159463 159464 848
159463 159469 907
159420 159419 555
159420 159425 295
159437 159431 1902
159437 159436 684
159437 159438 711
159439 159370 1557
159439 159418 1085
159439 159431 753
159439 159438 2006
159444 159443 337
159442 159441 581
159442 159478 1502
159442 159486 581
159417 159418 1155
159417 159419 675
159417 159431 2036
159317 159314 445
159317 159316 333
159317 159322 1618
159321 159320 667
159321 159322 1161
159325 159243 222
159325 159324 2301
159325 159330 1225
159331 159324 889
159331 159330 2292
159331 159337 984
159331 159338 1990
159338 159331 1990
159338 159336 818
159338 159453 688
159338 159463 1262
159467 159461 650
159467 159468 789
159467 159480 2761
159479 159461 2799
159479 159478 688
159479 159480 747
159479 159486 1538
159464 159336 1341
159464 159463 848
159464 159465 688
159464 159468 2997
159469 159463 907
159370 159369 1906
159370 159439 1557
159418 159417 1155
159418 159424 744
159418 159439 1085
159486 159442 581
159486 159479 1538
159486 159487 818
159486 159499 553
159314 159233 1637
159314 159317 445
159316 159315 684
159316 159317 333
159316 159326 333
159320 159321 667
159243 159242 562
159243 159244 1227
159243 159325 222
159330 159325 1225
159330 159328 562
159330 159331 2292
159337 159328 2552
159337 159331 984
159337 159335 601
159336 159335 1262
159336 159338 818
159336 159464 1341
159336 159466 713
159468 159464 2997
159468 159467 789
159468 159473 848
159468 159483 2602
159480 159467 2761
159480 159479 747
159480 159482 111
159465 159464 688
159465 159466 1262
159465 159472 818
159465 159473 3116
159369 159368 1189
159369 159370 1906
159369 159445 1426
159424 159376 2162
159424 159418 744
159424 159423 504
159487 159482 1460
159487 159486 818
159499 159486 553
159499 159500 835
159233 159231 452
159233 159234 238
159233 159314 1637
159315 159238 253
159315 159241 778
159315 159316 684
159326 159242 562
159326 159316 333
159326 159327 1142
159242 159241 590
159242 159243 562
159242 159326 562
159244 159243 1227
159244 159245 1621
159244 159245 1621
159328 159329 344
159328 159330 562
159328 159337 2552
159335 159336 1262
159335 159337 601
159335 159339 778
159466 159336 713
159466 159339 1538
159466 159465 1262
159466 159476 796
159473 159465 3116
159473 159468 848
159473 159471 747
159473 159485 2523
159483 159468 2602
159483 159482 611
159483 159484 344
159482 159480 111
159482 159483 611
159482 159487 1460
159472 159465 818
159472 159470 1538
159472 159474 747
159472 159476 1341
159368 159369 1189
159368 159375 1858
159368 159440 553
159445 159369 1426
159445 159446 951
159445 159448 1105
159445 159579 829
159376 159377 141
159376 159378 534
159376 159424 2162
159423 159378 1742
159423 159402 1953
159423 159424 504
159500 159499 835
159231 159232 1012
159231 159233 452
159234 159233 238
159234 159235 1012
159234 159236 562
159238 159236 710
159238 159239 747
159238 159315 253
159241 159239 601
159241 159242 590
159241 159315 778
159327 159326 1142
159245 159244 1621
159245 159244 1621
159245 159246 782
159329 159246 2364
159329 159328 344
159329 159332 905
159339 159335 778
159339 159340 344
159339 159466 1538
159476 159466 796
159476 159472 1341
159476 159475 713
159476 159477 1744
159471 159470 1696
159471 159473 747
159471 159489 2444
159471 159492 789
159485 159473 2523
159485 159484 475
159485 159488 374
159484 159483 344
159484 159485 475
159484 159498 1814
159470 159471 1696
159470 159472 1538
159470 159481 818
159474 159472 747
159474 159475 1421
159474 159481 1421
159474 159501 818
159375 159368 1858
159375 159374 1121
159440 159368 553
159440 159415 1467
159440 159570 986
159446 159445 951
159446 159447 2638
159446 159583 829
159446 159592 848
159448 159445 1105
159579 159445 829
159377 159376 141
159378 159376 534
159378 159379 796
159378 159402 684
159378 159423 1742
159402 159378 684
159402 159403 767
159402 159423 1953
159232 159231 1012
159235 159234 1012
159236 159234 562
159236 159237 1186
159236 159238 710
159239 159238 747
159239 159240 1284
159239 159241 601
159246 159245 782
159246 159247 782
159246 159329 2364
159332 159247 2120
159332 159329 905
159332 159341 759
159332 159345 782
159340 159339 344
159340 159341 2590
159340 159477 333
159475 159347 2099
159475 159474 1421
159475 159476 713
159477 159340 333
159477 159346 452
159477 159476 1744
159489 159471 2444
159489 159488 344
159489 159490 476
159492 159471 789
159492 159481 1892
159492 159491 2212
159492 159495 747
159488 159485 374
159488 159489 344
159498 159484 1814
159481 159470 818
159481 159474 1421
159481 159492 1892
159501 159474 818
159374 159375 1121
159374 159415 2672
159415 159374 2672
159415 159440 1467
159570 159440 986
159447 159446 2638
159583 159446 829
159592 159446 848
159379 159378 796
159403 159402 767
159237 159236 1186
159240 159239 1284
159247 159246 782
159247 159332 2120
159341 159332 759
159341 159340 2590
159341 159346 2456
159345 159332 782
159347 159346 333
159347 159475 2099
159346 159341 2456
159346 159347 333
159346 159477 452
159490 159489 476
159490 159491 452
159491 159490 452
159491 159492 2212
159495 159492 747
91
159264
159268
159276
159193
159318
159218
159355
159319
159451
159386
159334
172822
159450
159333
159454
159387
159323
159452
159425
159322
159324
159453
159455
159420
159317
159321
159325
159331
159338
159314
159316
159320
159243
159330
159337
159336
159369
159233
159315
159326
159242
159244
159328
159335
159466
159368
159445
159231
159234
159238
159241
159327
159245
159329
159339
159476
159375
159440
159446
159448
159579
159232
159235
159236
159239
159246
159332
159340
159475
159477
159488
159481
159501
159374
159415
159570
159447
159583
159592
159379
159403
159237
159240
159247
159341
159345
159347
159346
159490
159491
159495
