460
22347 22348 1366
22347 22349 1724
22347 29682 1636
22348 22347 1366
22348 29681 1133
22348 29683 4082
22349 22347 1724
29682 22347 1636
29682 29616 9251
29682 29684 2250
29681 22348 1133
29681 29677 404
29681 29677 404
29683 22348 4082
29616 29617 1355
29616 29682 9251
29616 29688 5603
29684 29682 2250
29684 29685 3006
29684 29686 8732
29677 29676 1225
29677 29678 399
29677 29681 404
29677 29681 404
29617 29616 1355
29617 29702 8384
29688 29616 5603
29688 29687 2854
29688 34087 897
29685 29684 3006
29686 29684 8732
29676 29672 472
29676 29677 1225
29678 29677 399
29678 29680 448
29702 29617 8384
29687 25059 2487
29687 29688 2854
29687 29701 5852
34087 29688 897
34087 34820 1609
34087 34821 1244
34087 35284 1110
29672 29673 1673
29672 29674 1340
29672 29676 472
29680 29678 448
29680 29679 1117
29680 29679 1117
25059 25060 1159
25059 29687 2487
25059 29976 863
29701 29687 5852
29701 29712 1593
34820 34087 1609
34820 35285 81
34820 35286 1003
34821 34087 1244
35284 34087 1110
29673 29671 1335
29673 29672 1673
29673 29679 564
29674 29663 1427
29674 29671 1668
29674 29672 1340
29679 29673 564
29679 29680 1117
29679 29680 1117
25060 25059 1159
25060 29696 403
29976 25059 863
29976 35180 779
29976 35180 779
29976 35182 372
29712 29701 1593
29712 29711 2294
29712 35012 1032
29712 35013 2663
35285 34820 81
35286 34820 1003
29671 29670 1496
29671 29673 1335
29671 29674 1668
29663 29664 2424
29663 29670 1692
29663 29674 1427
29663 35077 2766
29696 25060 403
29696 29697 466
29696 29698 637
29696 29699 1070
35180 29976 779
35180 29976 779
35180 35183 285
35182 29976 372
29711 29710 715
29711 29712 2294
29711 29713 2385
35012 29712 1032
35012 35011 184
35013 29692 1684
35013 29712 2663
35013 35014 3016
29670 29663 1692
29670 29669 666
29670 29671 1496
29664 29663 2424
29664 233840 4536
35077 29663 2766
29697 29696 466
29698 29696 637
29698 29700 1770
29699 29696 1070
35183 35180 285
29710 29711 715
29713 29711 2385
35011 35010 127
35011 35012 184
29692 29691 1132
29692 35013 1684
29692 35014 1417
29692 35015 3931
35014 29692 1417
35014 35013 3016
35014 35015 2607
29669 29582 1632
29669 29665 248
29669 29670 666
233840 29664 4536
233840 233841 3953
29700 29698 1770
35010 28717 4389
35010 35011 127
29691 29692 1132
29691 29693 1131
35015 29689 1826
35015 29692 3931
35015 35014 2607
29582 29583 733
29582 29583 733
29582 29669 1632
29665 29666 3312
29665 29667 3055
29665 29669 248
233841 233840 3953
233841 233842 1559
233841 233843 603
28717 35010 4389
29693 29691 1131
29693 29694 872
29689 29690 6083
29689 35015 1826
29583 29582 733
29583 29582 733
29583 35173 5189
29666 29665 3312
29667 29665 3055
233842 233841 1559
233843 233841 603
233843 235525 922
233843 235527 1598
29694 29693 872
29694 29695 588
29694 29714 734
29690 29689 6083
35173 29583 5189
235525 233843 922
235527 233838 2216
235527 233843 1598
29695 29694 588
29714 29694 734
29714 29717 3210
233838 233839 449
233838 233862 107
233838 235527 2216
29717 29714 3210
233839 233838 449
233839 233875 1256
233839 233876 682
233862 233838 107
233862 233858 1206
233862 233874 749
233862 233888 5804
233875 233839 1256
233876 233839 682
233876 234581 1067
233858 233859 2584
233858 233862 1206
233874 233862 749
233874 233865 335
233874 233871 670
233888 233862 5804
233888 233897 144
234581 233876 1067
233859 233858 2584
233859 234808 1383
233865 233860 782
233865 233874 335
233871 233864 1124
233871 233872 837
233871 233874 670
233897 233888 144
233897 233896 225
233897 233914 5989
234808 233859 1383
234808 234809 643
234808 234810 722
233860 233861 1111
233860 233863 672
233860 233865 782
233864 233863 1058
233864 233868 706
233864 233870 782
233864 233871 1124
233872 233868 889
233872 233871 837
233872 233877 1029
233896 233895 817
233896 233897 225
233914 233897 5989
233914 233913 2929
234809 234808 643
234809 235526 2042
234810 233844 274
234810 234808 722
233861 233856 883
233861 233860 1111
233863 233856 824
233863 233860 672
233863 233864 1058
233868 233864 706
233868 233866 1558
233868 233872 889
233868 233873 1094
233870 233864 782
233877 233872 1029
233877 233873 1004
233877 233885 979
233895 233889 549
233895 233893 1084
233895 233896 817
233913 233914 2929
233913 233920 558
233913 233926 1758
235526 234809 2042
233844 233845 8655
233844 234810 274
233856 233857 460
233856 233861 883
233856 233863 824
233866 233867 586
233866 233868 1558
233866 233869 1193
233866 233878 687
233873 233868 1094
233873 233869 1454
233873 233877 1004
233873 233882 1011
233885 233877 979
233885 233882 1234
233885 233890 494
233889 233890 880
233889 233893 782
233889 233895 549
233893 233889 782
233893 233894 1135
233893 233895 1084
233920 233913 558
233926 233913 1758
233926 233925 1114
233926 234807 1202
233845 233835 1234
233845 233844 8655
233845 233848 1055
233845 233849 8032
233857 233856 460
233867 233866 586
233869 233866 1193
233869 233873 1454
233869 233879 672
233869 233881 1029
233878 233853 945
233878 233866 687
233878 233879 947
233882 233873 1011
233882 233881 1344
233882 233885 1234
233890 233885 494
233890 233889 880
233894 233886 1159
233894 233893 1135
233894 234786 1384
233925 233926 1114
234807 233926 1202
233835 233780 5091
233835 233845 1234
233848 233845 1055
233848 233847 610
233849 233845 8032
233849 233853 1764
233849 233854 580
233879 233869 672
233879 233878 947
233879 233880 1070
233881 233869 1029
233881 233882 1344
233881 233883 1504
233881 233886 674
233853 233849 1764
233853 233878 945
233853 233880 1111
233886 233881 674
233886 233884 706
233886 233894 1159
234786 233894 1384
234786 234787 258
234786 234788 256
233780 233779 18107
233780 233833 475
233780 233834 1297
233780 233835 5091
233847 233834 4113
233847 233848 610
233847 233850 562
233854 233849 580
233854 233883 344
233854 233884 2034
233880 233853 1111
233880 233879 1070
233880 233883 679
233883 233854 344
233883 233880 679
233883 233881 1504
233884 233854 2034
233884 233886 706
233884 233891 748
233884 233892 4067
234787 234786 258
234788 234786 256
233779 233778 1796
233779 233780 18107
233833 233777 749
233833 233780 475
233834 233780 1297
233834 233837 373
233834 233847 4113
233850 233847 562
233850 233851 2371
233891 233884 748
233891 233907 1528
233892 233884 4067
233892 233899 3468
233778 233775 428
233778 233779 1796
233777 233776 17386
233777 233833 749
233837 233834 373
233837 233836 1084
233851 233850 2371
233851 233852 3876
233907 233891 1528
233907 233908 1029
233899 233892 3468
233899 233917 3068
233775 233771 1067
233775 233778 428
233776 233777 17386
233776 233792 8576
233836 233832 445
233836 233837 1084
233852 233851 3876
233852 233855 1327
233908 233907 1029
233908 233909 3006
233908 234292 109
233917 233899 3068
233917 233928 845
233771 233768 621
233771 233770 1944
233771 233775 1067
233792 233776 8576
233792 233791 2410
233832 233831 3004
233832 233836 445
233855 233852 1327
233855 233902 2219
233855 235343 6033
233909 233908 3006
233909 234363 1549
234292 233904 843
234292 233908 109
233928 233917 845
233928 233929 1137
233928 233938 3040
233928 234366 1553
233768 233767 396
233768 233771 621
233770 233769 485
233770 233771 1944
233791 233792 2410
233791 233795 5115
233831 233832 3004
233902 233855 2219
233902 233903 847
233902 233905 844
235343 233855 6033
235343 235344 6216
234363 233909 1549
234363 233911 619
233904 233903 273
233904 234292 843
233929 233928 1137
233929 233930 905
233929 233931 1111
233938 233928 3040
233938 234367 2536
234366 233912 1238
234366 233928 1553
233767 233768 396
233767 233774 155
233769 233753 1689
233769 233770 485
233795 233791 5115
233795 233794 333
233903 233902 847
233903 233904 273
233903 233905 1021
233905 233902 844
233905 233903 1021
233905 233906 474
235344 235343 6216
235344 235345 2401
235344 235363 448
233911 233912 2150
233911 234363 619
233930 233929 905
233930 233934 2168
233930 233935 2038
233931 233929 1111
233931 233939 1299
233931 233940 1543
234367 233938 2536
234367 233955 1877
233912 233911 2150
233912 234366 1238
233774 233767 155
233753 233769 1689
233794 233795 333
233906 233905 474
235345 235344 2401
235363 235344 448
233934 233930 2168
233934 233935 1721
233935 233930 2038
233935 233934 1721
233939 233931 1299
233939 233940 712
233940 233931 1543
233940 233939 712
233955 234367 1877
11
28717
29717
233774
233753
233794
235363
233934
233935
233939
233940
233955
