424
237835 237836 859
237835 259431 2707
237836 237835 859
237836 259498 2668
259431 237835 2707
259431 259432 863
259498 237836 2668
259498 259470 481
259498 259499 635
259432 259431 863
259470 238992 748
259470 259471 2945
259470 259498 481
259499 259498 635
238992 238991 4268
238992 246999 1491
238992 259470 748
259471 259470 2945
259471 259496 2203
259471 259500 2027
238991 238992 4268
238991 262207 728
238991 262208 669
238991 262348 1437
246999 238992 1491
246999 247000 422
246999 259497 629
259496 259471 2203
259496 259504 511
259496 263060 1492
259500 259471 2027
259500 259501 2759
262207 238991 728
262208 238991 669
262348 238991 1437
262348 262347 5209
262348 264209 1651
247000 246999 422
259497 246999 629
259504 259481 1393
259504 259496 511
263060 259496 1492
259501 259500 2759
262347 262348 5209
262347 263058 2149
264209 262348 1651
259481 259477 4379
259481 259487 856
259481 259504 1393
263058 259430 5382
263058 262347 2149
263058 263056 1362
259477 259475 352
259477 259481 4379
259487 259481 856
259487 259485 3746
259487 259488 1286
259430 258250 1056
259430 259429 1973
259430 263058 5382
263056 263055 474
263056 263058 1362
263056 263059 2160
259475 259474 1800
259475 259477 352
259475 259482 849
259485 259482 213
259485 259487 3746
259488 259486 3622
259488 259487 1286
259488 259489 1782
259488 259508 1972
258250 258249 3454
258250 259428 455
258250 259430 1056
259429 259430 1973
263055 259467 3008
263055 263056 474
263055 263057 2018
263059 263056 2160
259474 259463 1820
259474 259464 926
259474 259475 1800
259482 259475 849
259482 259484 804
259482 259485 213
259482 259486 686
259486 259482 686
259486 259488 3622
259489 259488 1782
259489 259490 716
259489 259533 1060
259489 259535 1810
259508 259488 1972
259508 259510 1179
258249 258245 1929
258249 258250 3454
258249 258251 3642
259428 258250 455
259467 258293 3501
259467 259465 1795
259467 263055 3008
263057 263055 2018
259463 259462 2747
259463 259472 452
259463 259474 1820
259464 259465 934
259464 259466 2102
259464 259474 926
259484 259482 804
259484 259483 906
259490 259489 716
259533 259489 1060
259533 259536 2603
259535 259489 1810
259535 259534 866
259535 262202 963
259510 259508 1179
259510 259509 339
259510 259534 907
258245 258246 5842
258245 258249 1929
258245 258252 4588
258251 258249 3642
258251 259427 568
258251 262199 1850
258293 258292 1444
258293 259467 3501
258293 263039 3217
259465 259464 934
259465 259467 1795
259465 259468 3213
259462 259463 2747
259472 259463 452
259472 259473 313
259466 259464 2102
259483 259484 906
259536 257840 302
259536 259533 2603
259534 259510 907
259534 259535 866
259534 259539 150
262202 259535 963
259509 259510 339
258246 258243 526
258246 258245 5842
258246 259748 950
258252 258242 198
258252 258245 4588
259427 258248 293
259427 258251 568
262199 258251 1850
258292 258291 8701
258292 258293 1444
258292 259461 2300
263039 258293 3217
263039 258295 4701
263039 263040 1832
259468 259465 3213
259473 259472 313
259473 264210 167
257840 257839 226
257840 259536 302
257840 261647 965
259539 259534 150
259539 261239 468
258243 258244 906
258243 258246 526
259748 258246 950
259748 259817 316
258242 258239 4373
258242 258252 198
258242 258291 526
258248 258247 6331
258248 259427 293
258248 261262 2293
258248 263922 1243
258291 258242 526
258291 258292 8701
259461 258292 2300
258295 258294 68
258295 263039 4701
258295 263044 2557
263040 263039 1832
264210 259473 167
264210 264211 1607
257839 257840 226
257839 258301 1949
257839 263907 850
261647 257840 965
261647 261648 978
261647 264213 237
261239 259539 468
261239 259542 553
258244 258243 906
258244 262755 270
258244 262786 6921
259817 259748 316
258239 258237 3436
258239 258242 4373
258247 258234 2722
258247 258248 6331
261262 258248 2293
261262 261263 571
263922 258248 1243
263922 263923 3543
263922 263926 638
258294 258295 68
258294 258296 1241
258294 263041 4979
263044 258295 2557
263044 263410 671
264211 264210 1607
264211 264212 1184
258301 257839 1949
258301 258278 1401
258301 259537 96
263907 257839 850
263907 263908 478
263907 263909 1256
261648 261647 978
261648 264213 768
261648 264214 438
261648 264216 1111
264213 261647 237
264213 261648 768
264213 264215 603
259542 259541 1494
259542 261239 553
259542 262206 1274
262755 258244 270
262786 258227 3435
262786 258244 6921
262786 262789 1581
258237 258236 3557
258237 258239 3436
258234 258232 4789
258234 258247 2722
261263 261262 571
261263 261264 674
263923 263922 3543
263923 263924 1097
263923 263925 1042
263926 263922 638
263926 264206 8322
258296 258294 1241
258296 258299 2158
258296 258307 2947
263041 258294 4979
263041 258297 892
263041 263042 1133
263410 263044 671
264212 264211 1184
258278 258279 3128
258278 258301 1401
258278 259494 1592
259537 258301 96
263908 263907 478
263908 263910 410
263908 263911 666
263909 263907 1256
264214 261648 438
264214 264217 707
264216 261648 1111
264216 264218 718
264216 264219 156
264215 264213 603
259541 259542 1494
259541 259549 1368
259541 259550 1524
262206 259542 1274
258227 258218 5524
258227 258226 1835
258227 262786 3435
262789 262786 1581
258236 258235 1171
258236 258237 3557
258236 258238 5443
258232 258233 1403
258232 258234 4789
261264 261263 674
263924 263923 1097
263925 263923 1042
264206 263926 8322
264206 264207 2365
264206 264208 3150
258299 258296 2158
258307 258296 2947
258307 258306 1842
258297 258287 4813
258297 263041 892
258297 263043 1217
263042 263041 1133
258279 258278 3128
259494 258278 1592
259494 259493 197
259494 263038 1196
263910 263908 410
263910 263912 45
263910 263916 590
263911 263908 666
264217 264214 707
264217 264218 944
264217 264218 944
264218 264216 718
264218 264217 944
264218 264217 944
264219 264216 156
259549 259541 1368
259550 259541 1524
258218 258215 2854
258218 258227 5524
258218 262795 4945
258226 258227 1835
258226 258235 3624
258235 258226 3624
258235 258236 1171
258238 258236 5443
258238 258240 2518
258233 258231 883
258233 258232 1403
258233 259423 2460
264207 264206 2365
264208 264206 3150
258306 258305 1249
258306 258307 1842
258306 258308 2503
258287 258273 15699
258287 258297 4813
258287 258315 2368
263043 258297 1217
259493 258323 15419
259493 259494 197
259493 259495 7074
263038 259494 1196
263912 263910 45
263912 263913 379
263912 263914 1033
263916 263910 590
258215 258155 2245
258215 258217 1766
258215 258218 2854
262795 258218 4945
258240 258223 1090
258240 258238 2518
258240 258241 2879
258231 258229 1333
258231 258233 883
259423 258233 2460
259423 259424 693
258305 258302 1145
258305 258306 1249
258305 258310 1531
258308 258306 2503
258308 259491 2393
258308 259492 2289
258273 258271 4298
258273 258286 1561
258273 258287 15699
258315 258287 2368
258315 258314 1056
258315 258316 1087
258323 258322 872
258323 259493 15419
258323 261581 2388
259495 258318 5478
259495 259493 7074
263913 263912 379
263913 263917 87
263913 263918 359
263914 263912 1033
263914 263915 460
263914 263920 78
258155 244311 2877
258155 258145 4502
258155 258215 2245
258217 258215 1766
258223 258221 1260
258223 258240 1090
258223 258263 5259
258241 258240 2879
258229 258230 1809
258229 258231 1333
259424 259423 693
259424 259425 1153
258302 258303 680
258302 258304 886
258302 258305 1145
258310 258305 1531
258310 258309 2093
259491 258308 2393
259492 258308 2289
258271 258269 1694
258271 258273 4298
258271 261266 92
258286 258273 1561
258314 258315 1056
258314 258316 608
258316 258314 608
258316 258315 1087
258316 258318 1000
258322 258323 872
261581 258323 2388
258318 258316 1000
258318 259495 5478
263917 263913 87
263917 263918 273
263918 263913 359
263918 263917 273
263918 263920 217
263915 263914 460
263920 263914 78
263920 263918 217
244311 258155 2877
258145 258155 4502
258221 258223 1260
258263 258223 5259
258230 258229 1809
259425 259424 1153
258303 258302 680
258304 258302 886
258309 258310 2093
258269 258271 1694
261266 258271 92
89
259500
259504
259501
259481
259477
259487
259475
259485
259488
259474
259482
259486
259489
259508
259463
259464
259484
259490
259533
259535
259510
259465
259462
259472
259466
259483
259536
259534
262202
259509
259468
259473
257840
259539
264210
257839
261647
261239
264211
258301
263907
261648
264213
259542
264212
258278
259537
263908
263909
264214
264216
264215
259541
262206
261264
258279
259494
263910
263911
264217
264218
264219
259549
259550
259493
263038
263912
263916
258323
259495
263913
263914
258286
258314
258316
258322
261581
258318
263917
263918
263915
263920
244311
258145
258221
258263
258230
258269
261266
