24
136819 136820 848
136820 136819 848
133903 137841 932
137841 133903 932
137841 137842 765
137842 137841 765
137842 137843 682
137728 137729 814
137843 137842 682
137729 137728 814
137739 137740 2559
137881 137882 847
137881 137895 2995
137776 137895 222
137895 137776 222
137895 137881 2995
137882 137740 1015
137882 137881 847
137740 137739 2559
137740 137882 1015
137860 137868 1919
137868 137860 1919
137872 137880 2468
137880 137872 2468
37
136819
136820
136823
136824
136829
136825
132597
136851
137515
137793
137792
137828
137799
133903
137804
137841
137842
137728
137843
137729
137739
137773
137776
137740
137850
137852
137817
137860
137868
137872
137880
137927
137910
138502
137967
137971
138510
