462
56966 56967 1309
56966 78101 943
56967 56966 1309
56967 56968 6925
78101 56966 943
56968 56967 6925
56968 56969 3285
56969 56968 3285
56969 79269 4328
79269 56969 4328
79269 79266 7006
79266 79267 5995
79266 79269 7006
79266 79286 6881
79266 91336 5184
79267 79266 5995
79267 79268 1962
79286 79266 6881
79286 79284 5269
91336 79266 5184
91336 87183 7362
91336 91337 4762
79268 79267 1962
79268 90885 2611
79284 79285 4489
79284 79286 5269
79284 79445 1934
79284 87190 4315
87183 87184 2401
87183 91336 7362
91337 91336 4762
90885 79268 2611
90885 89489 464
90885 91183 7946
79285 79284 4489
79285 79382 3931
79445 79284 1934
79445 79383 2580
87190 79284 4315
87190 87189 593
87184 87183 2401
87184 87485 337
89489 89490 335
89489 90885 464
91183 79353 2164
91183 90885 7946
91183 91352 737
91183 91352 737
79382 79285 3931
79382 79349 4908
79382 79368 3748
79383 79384 9674
79383 79445 2580
87189 87188 4611
87189 87190 593
87189 87558 5604
87485 87184 337
87485 87187 1072
87485 87484 2076
87485 91341 2057
89490 89489 335
89490 89491 685
89490 91246 1083
79353 79352 8842
79353 79354 5530
79353 91183 2164
91352 91183 737
91352 91183 737
91352 91351 1435
91352 91359 351
79349 79350 3966
79349 79382 4908
79368 79369 4236
79368 79370 2264
79368 79382 3748
79384 79383 9674
79384 79385 2363
79384 79386 670
87188 87189 4611
87188 87192 2300
87188 87559 2963
87558 79443 1056
87558 87189 5604
87187 87186 5476
87187 87485 1072
87484 87483 7074
87484 87485 2076
87484 91377 737
91341 87485 2057
91341 87556 609
91341 91378 1905
89491 89490 685
89491 90525 1043
89491 90886 792
89491 91260 848
91246 89490 1083
91246 91247 744
91246 91489 1552
79352 79350 6409
79352 79353 8842
79352 79397 951
79354 79353 5530
79354 79355 914
91351 91352 1435
91351 91353 341
91351 91354 327
91359 91352 351
91359 91358 397
91359 91358 397
91359 91360 324
79350 79349 3966
79350 79351 2613
79350 79352 6409
79369 79368 4236
79369 79437 3565
79370 79368 2264
79370 79371 935
79370 79381 1800
79370 91268 1427
79385 79384 2363
79386 79384 670
79386 79387 1005
79386 79388 1171
87192 87188 2300
87192 87191 2077
87192 91474 2210
87559 87188 2963
87559 87513 405
79443 79444 2558
79443 87558 1056
87186 87185 1623
87186 87187 5476
87186 87486 930
87483 87484 7074
87483 87503 4061
91377 87484 737
91377 91378 1429
91377 91381 1436
87556 87191 521
87556 91341 609
91378 91341 1905
91378 91377 1429
91378 91379 1016
90525 89491 1043
90525 90526 556
90525 90887 620
90886 89491 792
91260 89491 848
91260 91261 61
91247 91246 744
91247 91248 1563
91247 91262 1215
91489 91246 1552
91489 91490 831
91489 91491 898
79397 79352 951
79397 79396 699
79355 79354 914
91353 91351 341
91354 91351 327
91354 91355 773
91354 91496 266
91358 91357 485
91358 91359 397
91358 91359 397
91360 91359 324
79351 79350 2613
79437 79369 3565
79437 79438 3018
79437 79471 2625
79371 79370 935
79371 79372 1141
79371 79373 1135
79371 91269 1458
79381 79370 1800
79381 79380 1525
79381 91268 894
91268 79370 1427
91268 79380 1368
91268 79381 894
91268 91269 1187
79387 79386 1005
79388 79386 1171
79388 80452 2059
87191 87192 2077
87191 87556 521
91474 87192 2210
91474 91476 459
91474 91562 782
87513 87512 6333
87513 87559 405
79444 79443 2558
79444 80441 2625
87185 87186 1623
87185 91239 5024
87486 87186 930
87486 87487 1822
87486 91237 2179
87486 91238 1940
87503 87483 4061
87503 87496 2376
87503 87502 1031
87503 87514 218
91381 91377 1436
91381 91380 1203
91381 91564 535
91379 91378 1016
91379 91380 810
91379 91475 455
90526 90525 556
90526 91259 407
90887 90525 620
90887 90888 92
91261 91260 61
91248 91247 1563
91248 91249 1619
91248 91262 348
91262 91247 1215
91262 91248 348
91262 91480 1810
91490 91489 831
91491 91265 193
91491 91267 733
91491 91489 898
79396 79389 753
79396 79397 699
91355 91354 773
91355 91356 329
91355 91357 728
91355 91495 1568
91496 91354 266
91357 91355 728
91357 91358 485
91357 91494 973
79438 79429 3954
79438 79437 3018
79438 87540 545
79471 79437 2625
79471 79470 2929
79471 87541 3465
79372 79371 1141
79373 79371 1135
79373 79374 1177
79373 79375 1521
91269 79371 1458
91269 79375 1214
91269 79376 1373
91269 91268 1187
79380 79378 69
79380 79381 1525
79380 91268 1368
80452 79388 2059
80452 80451 2875
80452 80453 4124
91476 91380 755
91476 91474 459
91476 91562 814
91562 91474 782
91562 91476 814
91562 91563 2265
87512 87513 6333
87512 87561 1703
80441 79444 2625
80441 80442 891
80441 80443 5396
91239 87185 5024
87487 87486 1822
87487 87488 2127
87487 91278 940
91237 87486 2179
91237 87488 570
91237 91238 2811
91238 87486 1940
91238 91237 2811
91238 91303 777
87496 87458 6039
87496 87497 978
87496 87503 2376
87502 87497 2437
87502 87503 1031
87502 87504 1118
87514 87503 218
87514 87515 4392
87514 91861 4856
91380 91379 810
91380 91381 1203
91380 91476 755
91564 91381 535
91564 91563 721
91564 91565 609
91475 91379 455
91259 90526 407
90888 90887 92
91249 79314 2586
91249 90527 435
91249 91248 1619
91480 91262 1810
91480 91481 1234
91480 91487 439
91265 91266 658
91265 91267 541
91265 91491 193
91267 91265 541
91267 91266 117
91267 91491 733
79389 79317 1171
79389 79396 753
91356 91355 329
91495 91355 1568
91495 91494 771
91495 91494 771
91494 91357 973
91494 91495 771
91494 91495 771
79429 79430 1050
79429 79438 3954
79429 87530 780
87540 79438 545
87540 87539 2071
87540 91184 450
79470 79465 3488
79470 79471 2929
79470 87541 1558
87541 79470 1558
87541 79471 3465
87541 87542 864
79374 79373 1177
79375 79373 1521
79375 79376 1817
79375 91269 1214
79376 79375 1817
79376 79377 2217
79376 79378 1353
79376 91269 1373
79378 79376 1353
79378 79379 2268
79378 79380 69
80451 80450 4766
80451 80452 2875
80451 80461 844
80453 80452 4124
80453 80454 238
91563 91562 2265
91563 91564 721
87561 87510 1348
87561 87512 1703
87561 87517 1031
80442 80441 891
80442 84898 271
80443 80441 5396
80443 80444 4353
80443 87557 2217
87488 87487 2127
87488 87489 1067
87488 87492 4159
87488 91237 570
91278 87487 940
91303 91238 777
87458 87457 279
87458 87496 6039
87497 87496 978
87497 87498 950
87497 87499 1012
87497 87502 2437
87504 87501 1816
87504 87502 1118
87504 87505 1227
87515 87514 4392
87515 87516 2653
87515 87517 3125
91861 87514 4856
91565 91564 609
79314 56979 950
79314 79315 148
79314 91249 2586
79314 91479 3929
90527 90528 401
90527 90528 401
90527 91249 435
91481 91480 1234
91481 91482 2374
91481 91483 240
91487 91270 143
91487 91480 439
91487 91488 482
91266 91265 658
91266 91267 117
91266 91492 1171
79317 79318 1846
79317 79321 1259
79317 79389 1171
79317 79398 3438
79430 79429 1050
79430 79431 1072
79430 87528 1792
79430 87529 1572
87530 79429 780
87530 87531 794
87530 87534 1517
87530 87536 2534
87539 87537 1772
87539 87540 2071
87539 91185 535
91184 87540 450
79465 79464 482
79465 79466 1498
79465 79470 3488
87542 87541 864
79377 79376 2217
79379 79378 2268
80450 80449 2191
80450 80451 4766
80461 80451 844
80454 80453 238
87510 87561 1348
87517 87515 3125
87517 87561 1031
84898 80442 271
84898 80449 2715
80444 80443 4353
87557 80443 2217
87489 87488 1067
87492 87488 4159
87457 87458 279
87498 87497 950
87499 87497 1012
87499 87505 1012
87501 87504 1816
87505 87499 1012
87505 87504 1227
87516 87515 2653
56979 79314 950
79315 79314 148
91479 79314 3929
90528 90527 401
90528 90527 401
91482 91481 2374
91483 91481 240
91270 91487 143
91488 91487 482
91492 91266 1171
79318 79317 1846
79318 79398 3405
79321 79317 1259
79398 79317 3438
79398 79318 3405
79431 79430 1072
87528 79430 1792
87529 79430 1572
87531 87530 794
87534 87530 1517
87534 87536 1878
87536 87530 2534
87536 87534 1878
87536 87537 2469
87537 87536 2469
87537 87539 1772
91185 87539 535
79464 79465 482
79466 79465 1498
80449 80450 2191
80449 84898 2715
200
56966
56967
78101
56968
56969
79269
79266
79267
79286
91336
79268
79284
87183
91337
90885
79285
79445
87190
87184
89489
91183
79382
79383
87189
87485
89490
79353
91352
79349
79368
79384
87188
87558
87187
87484
91341
89491
91246
79352
79354
91351
91359
79350
79369
79370
79385
79386
87192
87559
79443
87186
87483
91377
87556
91378
90525
90886
91260
91247
91489
79397
79355
91353
91354
91358
91360
79351
79437
79371
79381
91268
79387
79388
87191
91474
87513
79444
87185
87486
87503
91381
91379
90526
90887
91261
91248
91262
91490
91491
79396
91355
91496
91357
79438
79471
79372
79373
91269
79380
80452
91476
91562
87512
80441
91239
87487
91237
91238
87496
87502
87514
91380
91564
91475
91259
90888
91249
91480
91265
91267
79389
91356
91495
91494
79429
87540
79470
87541
79374
79375
79376
79378
80451
80453
91563
87561
80442
80443
87488
91278
91303
87458
87497
87504
87515
91861
91565
79314
90527
91481
91487
91266
79317
79430
87530
87539
91184
79465
87542
79377
79379
80450
80461
80454
87510
87517
84898
80444
87557
87489
87492
87457
87498
87499
87501
87505
87516
56979
79315
91479
90528
91482
91483
91270
91488
91492
79318
79321
79398
79431
87528
87529
87531
87534
87536
87537
91185
79464
79466
80449
