104
225256 225257 724
225256 225262 443
225256 225831 644
225257 225256 724
225257 225826 171
225257 235248 123
225262 225256 443
225262 225258 312
225262 235478 1117
225831 225256 644
225831 225828 2735
225826 225257 171
225826 225821 816
225826 225827 2769
235248 225257 123
235248 225829 2696
225258 225259 1034
225258 225260 1331
225258 225262 312
235478 225262 1117
225828 225829 600
225828 225831 2735
225828 225832 804
225821 225822 1715
225821 225826 816
225821 235241 668
225827 225826 2769
225827 225829 652
225827 225830 1440
225829 225827 652
225829 225828 600
225829 235247 2992
225829 235248 2696
225259 225258 1034
225260 225258 1331
225260 225261 639
225260 225263 144
225832 225828 804
225832 235447 848
225822 225821 1715
225822 235029 2150
225822 235030 174
235241 225821 668
235241 235329 345
225830 225827 1440
235247 225829 2992
235247 235025 195
225261 225260 639
225263 225260 144
225263 225265 757
235447 225832 848
235029 225822 2150
235029 235028 1927
235029 235031 369
235030 225822 174
235030 235028 509
235329 235241 345
235329 235327 163
235025 235026 85
235025 235247 195
235025 235448 889
225265 225263 757
225265 234254 2213
235028 225840 5361
235028 235029 1927
235028 235030 509
235031 235027 2569
235031 235029 369
235031 235032 795
235327 235328 1135
235327 235329 163
235026 235025 85
235026 235027 638
235448 235025 889
234254 225265 2213
234254 225836 1258
225840 225841 1920
225840 235028 5361
235027 235026 638
235027 235031 2569
235027 235033 620
235032 235031 795
235328 235327 1135
225836 225833 345
225836 234254 1258
225836 234283 234
225841 225840 1920
225841 225842 1252
235033 235027 620
225833 225834 1505
225833 225836 345
225833 225837 982
234283 225836 234
225842 225841 1252
225834 225833 1505
225837 225833 982
225837 235126 1611
235126 225837 1611
235126 235127 293
235126 235127 293
235127 235126 293
235127 235126 293
235127 235539 478
235539 235127 478
12
225263
225265
234254
225836
225833
234283
225842
225834
225837
235126
235127
235539
