514
9829 9830 541
9829 12132 690
9829 12136 67
9829 12137 972
9830 9829 541
9830 12085 190
9830 12088 817
9830 12089 687
12132 9829 690
12136 9829 67
12137 9829 972
12137 12138 2305
12137 12139 904
12085 9830 190
12085 12084 904
12085 12089 696
12088 9830 817
12088 12087 2409
12088 12134 1049
12088 34360 345
12089 9830 687
12089 12085 696
12089 12086 787
12138 12137 2305
12138 12143 904
12138 12180 847
12139 12087 884
12139 12137 904
12139 12142 950
12139 12143 2305
12084 12074 951
12084 12076 1357
12084 12085 904
12087 12088 2409
12087 12133 847
12087 12139 884
12087 12141 1851
12134 12088 1049
12134 12133 2318
12134 34359 459
34360 12088 345
12086 12076 1226
12086 12089 787
12143 12138 904
12143 12139 2305
12143 12145 950
12180 12138 847
12180 12176 1120
12180 12181 2526
12142 12139 950
12142 12144 1025
12142 12145 2305
12074 12073 991
12074 12075 1356
12074 12084 951
12076 12075 950
12076 12084 1357
12076 12086 1226
12133 12087 847
12133 12134 2318
12133 12140 201
12141 12087 1851
12141 12144 950
12141 12151 847
34359 12079 284
34359 12134 459
12145 12142 2305
12145 12143 950
12145 12216 708
12176 12177 905
12176 12179 848
12176 12180 1120
12176 12182 2651
12181 12180 2526
12181 12216 983
12181 12217 600
12144 12141 950
12144 12142 1025
12144 12153 434
12073 12072 563
12073 12074 991
12073 12092 508
12075 12071 1928
12075 12074 1356
12075 12076 950
12140 12130 884
12140 12133 201
12140 12151 1652
12151 12140 1652
12151 12141 847
12151 12152 847
12079 12070 1767
12079 34359 284
12216 12145 708
12216 12154 1114
12216 12181 983
12216 12227 1455
12177 12176 905
12179 12176 848
12179 12178 826
12179 12184 1558
12179 34364 534
12182 12176 2651
12182 12217 588
12182 12218 475
12217 12181 600
12217 12182 588
12217 12219 2328
12153 12144 434
12153 12154 1282
12153 12155 604
12072 12067 336
12072 12069 1022
12072 12073 563
12092 12073 508
12071 11974 847
12071 11975 750
12071 12067 1395
12071 12075 1928
12130 12131 3152
12130 12140 884
12130 12146 975
12130 12152 1576
12152 12130 1576
12152 12150 696
12152 12151 847
12070 12062 1102
12070 12068 747
12070 12079 1767
12154 12153 1282
12154 12216 1114
12154 12227 657
12227 12154 657
12227 12216 1455
12227 12226 679
12178 12169 2411
12178 12179 826
12184 12179 1558
12184 12183 1094
12184 34361 710
34364 12179 534
34364 34368 1136
34364 34371 881
12218 12182 475
12218 12183 373
12218 12225 2479
12219 12217 2328
12155 12153 604
12155 12230 434
12067 12066 336
12067 12071 1395
12067 12072 336
12069 12062 747
12069 12063 750
12069 12072 1022
12069 34136 3104
11974 11972 1700
11974 12071 847
11975 11968 1062
11975 12065 713
11975 12071 750
12131 12078 346
12131 12130 3152
12146 12129 672
12146 12130 975
12146 12147 737
12150 12147 806
12150 12152 696
12150 12156 872
12150 13642 2031
12062 11953 1500
12062 12069 747
12062 12070 1102
12068 12056 1901
12068 12070 747
12068 12078 1554
12226 12227 679
12226 12231 950
12169 12168 150
12169 12170 434
12169 12171 1029
12169 12178 2411
12183 12184 1094
12183 12218 373
12183 12220 580
34361 12184 710
34361 34709 1178
34368 34364 1136
34368 34369 476
34368 34370 1100
34371 34364 881
12225 12218 2479
12225 12222 847
12225 12234 685
12225 12236 1102
12230 12155 434
12230 12156 3094
12230 12232 756
12066 12063 1085
12066 12064 551
12066 12067 336
12063 11961 676
12063 12066 1085
12063 12069 750
34136 12069 3104
34136 34588 122
11972 11967 445
11972 11973 452
11972 11974 1700
11968 11967 279
11968 11969 475
11968 11975 1062
12065 11959 1100
12065 11975 713
12065 12064 747
12078 12068 1554
12078 12131 346
12129 12128 2347
12129 12135 1254
12129 12146 672
12147 12146 737
12147 12150 806
12156 12150 872
12156 12230 3094
12156 13643 1755
12156 13646 1341
13642 12149 1160
13642 12150 2031
13642 13643 927
11953 11952 3702
11953 11961 713
11953 12062 1500
12056 12036 563
12056 12040 788
12056 12068 1901
12231 12226 950
12231 12232 1426
12231 12233 1533
12168 12169 150
12170 12169 434
12170 34587 282
12171 12167 275
12171 12169 1029
12171 12173 393
12220 12183 580
12220 12221 610
12220 12222 2436
34709 34361 1178
34369 34368 476
34370 34368 1100
12222 12220 2436
12222 12224 847
12222 12225 847
12222 12237 1653
12234 12225 685
12236 12225 1102
12232 12230 756
12232 12231 1426
12232 13649 252
12064 11963 201
12064 12065 747
12064 12066 551
11961 11953 713
11961 11954 3626
11961 11963 1120
11961 12063 676
34588 34136 122
11967 11965 950
11967 11968 279
11967 11972 445
11973 11972 452
11969 11968 475
11959 11958 2327
11959 12065 1100
12128 12111 1145
12128 12114 1188
12128 12129 2347
12135 12115 2347
12135 12122 672
12135 12129 1254
13643 12156 1755
13643 13637 1593
13643 13642 927
13643 13645 1672
13646 12156 1341
13646 13648 1663
13646 13650 2549
12149 12125 1008
12149 12126 975
12149 13642 1160
11952 11942 238
11952 11950 893
11952 11953 3702
12036 11955 1213
12036 12056 563
12040 12035 750
12040 12055 1395
12040 12056 788
12040 12057 1280
12233 12231 1533
34587 12170 282
34587 12189 2018
12167 12162 604
12167 12166 688
12167 12171 275
12173 12171 393
12173 34362 315
12221 12220 610
12221 12223 927
12221 12224 2451
12224 12221 2451
12224 12222 847
12224 12238 1179
12224 12239 713
12237 12222 1653
13649 12232 252
13649 13648 713
13649 13652 504
11963 11961 1120
11963 11962 2876
11963 12064 201
11954 11942 452
11954 11960 1268
11954 11961 3626
11965 11966 418
11965 11967 950
11965 23307 1142
11958 11956 238
11958 11959 2327
11958 23307 1248
12111 12061 157
12111 12110 2299
12111 12128 1145
12114 12113 1124
12114 12115 354
12114 12128 1188
12115 12114 354
12115 12121 1630
12115 12135 2347
12122 12121 1483
12122 12126 877
12122 12135 672
12122 12148 927
13637 13627 1848
13637 13643 1593
13637 13644 1179
13645 13643 1672
13645 13651 1945
13645 13659 1344
13648 13646 1663
13648 13647 750
13648 13649 713
13650 13646 2549
13650 13653 1445
13650 13663 2090
13650 13664 1208
13650 13667 975
12125 12124 3536
12125 12149 1008
12125 13625 3334
12126 12122 877
12126 12123 2240
12126 12149 975
11942 11943 3379
11942 11952 238
11942 11954 452
11950 11944 445
11950 11952 893
11950 11955 2953
11955 11950 2953
11955 12034 747
11955 12036 1213
12035 12034 1102
12035 12039 475
12035 12040 750
12055 12038 1779
12055 12040 1395
12055 12051 1362
12055 12054 667
12055 12058 1611
12057 12040 1280
12057 12060 788
12057 12077 238
12189 12188 841
12189 34587 2018
12162 12005 950
12162 12163 612
12162 12167 604
12166 12163 938
12166 12165 983
12166 12167 688
12166 12172 643
34362 12173 315
34362 12186 150
12223 12188 511
12223 12221 927
12223 12239 2634
12238 12224 1179
12238 12240 847
12238 12241 604
12239 12223 2634
12239 12224 713
12239 12240 1151
13652 13647 536
13652 13649 504
13652 13654 536
11962 11960 516
11962 11963 2876
11962 11964 511
11960 11954 1268
11960 11956 452
11960 11962 516
11966 11965 418
11966 11970 336
11966 11971 403
23307 11958 1248
23307 11965 1142
23307 23308 492
11956 11957 1352
11956 11958 238
11956 11960 452
12061 12059 850
12061 12111 157
12110 12108 847
12110 12109 168
12110 12111 2299
12113 12112 893
12113 12114 1124
12113 12120 1181
12121 12115 1630
12121 12120 1160
12121 12122 1483
12148 12122 927
13627 13623 2672
13627 13637 1848
13627 13638 1303
13644 13637 1179
13644 13656 950
13644 13658 708
13651 13645 1945
13651 13667 238
13659 13645 1344
13659 13658 1205
13647 13648 750
13647 13652 536
13647 13653 629
13653 13647 629
13653 13650 1445
13653 13654 1066
13663 13650 2090
13663 13654 938
13664 13650 1208
13667 13650 975
13667 13651 238
12124 12125 3536
12124 13625 1694
13625 12124 1694
13625 12125 3334
13625 13623 1348
12123 12120 1197
12123 12126 2240
11943 11942 3379
11944 11950 445
12034 11955 747
12034 12035 1102
12039 12035 475
12038 12055 1779
12051 12055 1362
12051 12058 1111
12051 12108 869
12054 12055 667
12058 12051 1111
12058 12055 1611
12058 12059 336
12060 12057 788
12060 12059 1085
12077 12057 238
12188 12189 841
12188 12223 511
12005 12162 950
12163 12162 612
12163 12166 938
12165 12166 983
12172 12166 643
12186 34362 150
12240 12238 847
12240 12239 1151
12241 12238 604
13654 13652 536
13654 13653 1066
13654 13663 938
11964 11962 511
11970 11966 336
11971 11966 403
23308 23307 492
11957 11956 1352
12059 12058 336
12059 12060 1085
12059 12061 850
12108 12051 869
12108 12110 847
12109 12110 168
12109 12112 764
12112 12109 764
12112 12113 893
12120 12113 1181
12120 12121 1160
12120 12123 1197
13623 13625 1348
13623 13627 2672
13638 13627 1303
13656 13644 950
13658 13644 708
13658 13659 1205
36
13651
13659
13663
13664
13667
12124
13625
12123
11943
11944
12034
12038
12051
12054
12058
12060
12188
12005
12163
12165
12172
12186
12240
12241
13654
23308
11957
12059
12108
12109
12112
12120
13623
13638
13656
13658
