28
50049 50050 2413
50049 50051 2505
50050 50049 2413
50050 50052 2612
50050 50116 1341
50051 50049 2505
50051 50052 2216
50051 50053 604
50052 50050 2612
50052 50051 2216
50052 50056 1073
50116 50050 1341
50116 50117 3150
50053 50051 604
50056 50052 1073
50056 50118 2005
50117 50116 3150
50117 50118 3310
50118 50056 2005
50118 50086 504
50118 50117 3310
50086 50087 889
50086 50090 3277
50086 50118 504
50087 50086 889
50090 50086 3277
50090 50089 4043
50089 50090 4043
13
50049
50050
50051
50052
50116
50053
50056
50117
50118
50086
50087
50090
50089
