686
186334 186335 827
186334 186336 1502
186334 186338 803
186334 186346 1591
186335 186334 827
186335 186337 1503
186335 186935 1551
186335 186937 743
186336 186334 1502
186336 186337 867
186338 186334 803
186338 186345 1575
186346 186334 1591
186346 186345 812
186346 186935 826
186346 186942 1538
186337 186335 1503
186337 186336 867
186337 189420 3084
186337 189422 696
186935 186335 1551
186935 186346 826
186935 186936 746
186935 186941 1594
186937 186335 743
186937 186936 1592
186937 189421 754
186937 189422 1477
186345 186338 1575
186345 186346 812
186345 186347 766
186345 186953 1567
186942 186346 1538
186942 186941 835
186942 186953 753
186942 186954 1069
189420 186337 3084
189420 189418 819
189422 186337 696
189422 186937 1477
189422 189418 3087
189422 189423 777
186936 186935 746
186936 186937 1592
186936 186938 1544
186936 186940 778
186941 186935 1594
186941 186938 760
186941 186942 835
186941 186948 1444
189421 186937 754
189421 186940 1599
189421 189423 1510
189421 189424 778
186347 186345 766
186347 186952 1634
186953 186345 1567
186953 186942 753
186953 186952 810
186953 186957 1118
186954 186942 1069
186954 186955 424
186954 186958 461
189418 189414 1240
189418 189419 754
189418 189420 819
189418 189422 3087
189423 187586 834
189423 189419 3053
189423 189421 1510
189423 189422 777
186938 186936 1544
186938 186939 752
186938 186941 760
186938 186946 1486
186940 186936 778
186940 186939 1537
186940 189421 1599
186940 189430 753
186948 186941 1444
186948 186947 403
186948 186955 810
186948 190514 980
189424 187586 1521
189424 189421 778
189424 189426 776
189424 189430 1592
186952 186347 1634
186952 186372 853
186952 186953 810
186952 186959 1512
186957 186953 1118
186957 186956 359
186955 186948 810
186955 186954 424
186955 186956 803
186955 186973 917
186958 186954 461
189414 187541 830
189414 189418 1240
189419 187541 1453
189419 187584 785
189419 189418 754
189419 189423 3053
187586 187584 3068
187586 187585 787
187586 189423 834
187586 189424 1521
186939 186938 752
186939 186940 1537
186939 186943 1511
186939 186945 827
186946 186938 1486
186946 186943 746
186946 186947 318
186946 186951 857
189430 186940 753
189430 186945 1517
189430 189424 1592
189430 189427 813
186947 186946 318
186947 186948 403
186947 186976 918
190514 186948 980
190514 186976 379
190514 190511 1291
190514 190513 402
189426 187585 1464
189426 189424 776
189426 189425 838
189426 189427 1656
186372 186952 853
186372 186960 1480
186959 186952 1512
186959 186956 875
186959 186960 872
186959 186970 800
186956 186955 803
186956 186957 359
186956 186959 875
186956 186971 974
186973 186955 917
186973 186971 793
186973 186975 1266
186973 190513 533
187541 187526 1265
187541 187540 818
187541 189414 830
187541 189419 1453
187584 187540 1698
187584 187565 804
187584 187586 3068
187584 189419 785
187585 187583 793
187585 187586 787
187585 189426 1464
186943 186939 1511
186943 186944 787
186943 186946 746
186943 186949 881
186945 186939 827
186945 186944 1553
186945 189430 1517
186945 189436 728
186951 186946 857
186951 186949 741
186951 186976 385
186951 186995 1374
189427 189426 1656
189427 189428 776
189427 189430 813
189427 189436 1480
186976 186947 918
186976 186951 385
186976 187004 1332
186976 190514 379
190511 187004 378
190511 190512 278
190511 190514 1291
190511 190664 857
190513 186973 533
190513 190512 1086
190513 190514 402
189425 187583 1503
189425 188687 843
189425 189426 838
189425 189429 881
186960 186372 1480
186960 186959 872
186960 186961 744
186960 186968 2253
186970 186959 800
186970 186971 833
186970 186972 1355
186971 186956 974
186971 186970 833
186971 186973 793
186971 186974 1234
186975 186973 1266
186975 186974 809
186975 186979 1505
186975 187005 636
186975 190512 559
187526 187524 812
187526 187541 1265
187540 187524 972
187540 187538 830
187540 187541 818
187540 187584 1698
187565 187538 1927
187565 187563 785
187565 187584 804
187583 187563 3094
187583 187582 794
187583 187585 793
187583 189425 1503
186944 186943 787
186944 186945 1553
186944 186950 848
186944 186988 817
186949 186943 881
186949 186950 810
186949 186951 741
186949 186994 1324
189436 186945 728
189436 186988 1526
189436 189427 1480
189436 189435 885
186995 186951 1374
186995 186994 753
186995 187004 341
186995 187007 849
189428 188740 2487
189428 188740 2487
189428 189427 776
189428 189429 705
189428 189434 433
187004 186976 1332
187004 186995 341
187004 187006 852
187004 190511 378
190512 186975 559
190512 190511 278
190512 190513 1086
190512 190821 873
190664 186978 1342
190664 187006 374
190664 190511 857
190664 190821 269
188687 187582 1518
188687 188686 786
188687 189425 843
188687 189431 898
189429 189425 881
189429 189428 705
189429 189431 812
186961 186960 744
186961 186967 2196
186968 186960 2253
186968 186967 752
186968 186972 860
186968 186982 2180
186972 186968 860
186972 186970 1355
186972 186974 819
186972 186984 630
186974 186971 1234
186974 186972 819
186974 186975 809
186974 186986 661
186979 186975 1505
186979 186980 752
186979 187005 879
186979 190821 680
187005 186975 636
187005 186979 879
187005 186986 819
187005 187009 1575
187524 187522 2743
187524 187525 769
187524 187526 812
187524 187540 972
187538 187525 767
187538 187539 844
187538 187540 830
187538 187565 1927
187563 187539 2149
187563 187564 802
187563 187565 785
187563 187583 3094
187582 187564 3118
187582 187580 819
187582 187583 794
187582 188687 1518
186950 186944 848
186950 186949 810
186950 186987 705
186950 186993 1390
186988 186944 817
186988 186987 911
186988 189436 1526
186988 189437 796
186994 186949 1324
186994 186993 806
186994 186995 753
186994 186998 841
189435 189434 1094
189435 189436 885
189435 189437 1552
189435 189440 796
187007 186995 849
187007 186998 728
187007 187006 362
187007 187011 1372
188740 188695 669
188740 188737 761
188740 188739 497
188740 189428 2487
188740 189428 2487
189434 188739 2375
189434 189428 433
189434 189435 1094
187006 187004 852
187006 187007 362
187006 187010 1364
187006 190664 374
190821 186979 680
190821 186980 1208
190821 190512 873
190821 190664 269
186978 186977 439
186978 186980 190
186978 187010 579
186978 187023 1135
186978 187032 738
186978 190664 1342
188686 187580 1494
188686 188685 826
188686 188687 786
188686 189432 930
189431 188687 898
189431 189429 812
189431 189432 844
186967 186961 2196
186967 186968 752
186967 186969 781
186982 186968 2180
186982 186981 2234
186982 186983 917
186984 186972 630
186984 186983 1585
186984 186986 755
186986 186974 661
186986 186984 755
186986 187005 819
186986 187008 1566
186980 186978 190
186980 186979 752
186980 190821 1208
187009 186977 347
187009 187005 1575
187009 187008 802
187009 187022 1151
187522 187392 2669
187522 187517 778
187522 187524 2743
187525 187517 2728
187525 187524 769
187525 187533 851
187525 187538 767
187539 187533 539
187539 187538 844
187539 187561 807
187539 187563 2149
187564 187561 2343
187564 187563 802
187564 187579 821
187564 187582 3118
187580 187579 3077
187580 187581 769
187580 187582 819
187580 188686 1494
186987 186950 705
186987 186988 911
186987 186991 1322
186993 186950 1390
186993 186991 793
186993 186994 806
186993 186997 850
189437 186988 796
189437 186992 2188
189437 189435 1552
189437 189447 917
186998 186994 841
186998 186997 791
186998 187007 728
186998 187024 1363
189440 189435 796
189440 189438 803
189440 189447 1510
187011 187007 1372
187011 187010 216
187011 187024 785
187011 187030 147
188695 188685 898
188695 188693 828
188695 188740 669
188695 189432 769
188737 188693 623
188737 188698 821
188737 188738 269
188737 188740 761
188739 188738 862
188739 188740 497
188739 189434 2375
188739 189439 1086
187010 186978 579
187010 187006 1364
187010 187011 216
187010 187032 205
186977 186978 439
186977 187009 347
187023 186978 1135
187023 187022 778
187023 187029 776
187032 186978 738
187032 187010 205
187032 187030 68
188685 187581 1485
188685 188683 761
188685 188686 826
188685 188695 898
189432 188686 930
189432 188695 769
189432 189431 844
186969 186967 781
186981 186982 2234
186981 189635 2042
186983 186982 917
186983 186984 1585
186983 187008 787
186983 187021 1252
187008 186983 787
187008 186986 1566
187008 187009 802
187008 187020 1323
187022 187009 1151
187022 187020 835
187022 187023 778
187392 187522 2669
187392 187523 327
187517 187512 2703
187517 187516 828
187517 187522 778
187517 187525 2728
187533 187516 2694
187533 187525 851
187533 187532 778
187533 187539 539
187561 187532 311
187561 187539 807
187561 187562 823
187561 187564 2343
187579 187562 2564
187579 187564 821
187579 187575 827
187579 187580 3077
187581 187575 3087
187581 187578 810
187581 187580 769
187581 188685 1485
186991 186987 1322
186991 186989 1658
186991 186992 834
186991 186993 793
186997 186993 850
186997 186996 783
186997 186998 791
186992 186990 1722
186992 186991 834
186992 189437 2188
186992 189449 860
189447 189437 917
189447 189440 1510
189447 189443 737
189447 189449 2198
187024 186998 1363
187024 187001 731
187024 187011 785
189438 189439 793
189438 189440 803
189438 189443 1501
187030 187011 147
187030 187029 1061
187030 187031 2364
187030 187032 68
188693 188683 947
188693 188694 737
188693 188695 828
188693 188737 623
188698 188694 661
188698 188696 810
188698 188736 1544
188698 188737 821
188738 188737 269
188738 188739 862
188738 188741 1347
189439 188739 1086
189439 188741 803
189439 189438 793
189439 189441 1501
187029 187023 776
187029 187027 852
187029 187030 1061
188683 187578 1470
188683 188684 812
188683 188685 761
188683 188693 947
189635 186981 2042
189635 187021 3038
189635 190516 2197
187021 186983 1252
187021 187019 132
187021 189635 3038
187020 187008 1323
187020 187019 858
187020 187022 835
187020 190694 491
187523 187392 327
187523 187513 204
187512 187380 769
187512 187513 311
187512 187517 2703
187516 187380 2734
187516 187514 810
187516 187517 828
187516 187533 2694
187532 187514 2711
187532 187531 809
187532 187533 778
187532 187561 311
187562 187531 156
187562 187537 821
187562 187561 823
187562 187579 2564
187575 187537 2661
187575 187574 762
187575 187579 827
187575 187581 3087
187578 187574 3060
187578 187577 809
187578 187581 810
187578 188683 1470
186989 186990 913
186989 186991 1658
186989 186996 785
186989 186999 572
186996 186989 785
186996 186997 783
186996 187001 548
186990 186989 913
186990 186992 1722
186990 187000 473
186990 187003 785
189449 186992 860
189449 187003 1699
189449 189447 2198
189449 189448 777
189443 189438 1501
189443 189441 834
189443 189447 737
189443 189448 2197
187001 186996 548
187001 186999 859
187001 187024 731
187031 186999 238
187031 187026 1209
187031 187030 2364
187031 187033 1280
188694 188684 923
188694 188693 737
188694 188698 661
188696 188688 1575
188696 188697 746
188696 188698 810
188696 188735 1578
188736 188698 1544
188736 188735 787
188736 188741 801
188736 188744 1519
188741 188736 801
188741 188738 1347
188741 189439 803
188741 189442 1484
189441 189439 1501
189441 189442 753
189441 189443 834
189441 189446 2222
187027 187025 1042
187027 187028 612
187027 187029 852
188684 187577 1510
188684 188683 812
188684 188688 753
188684 188694 923
190516 189635 2197
190516 190515 759
190516 190696 1890
187019 187020 858
187019 187021 132
187019 190515 5951
190694 187020 491
190694 187035 979
190694 190695 1044
187513 187512 311
187513 187523 204
187380 187512 769
187380 187516 2734
187514 187515 819
187514 187516 810
187514 187532 2711
187531 187529 1044
187531 187532 809
187531 187537 814
187531 187562 156
187537 187530 1097
187537 187531 814
187537 187536 830
187537 187560 810
187537 187562 821
187537 187575 2661
187574 187560 2687
187574 187570 827
187574 187575 762
187574 187578 3060
187577 187570 3071
187577 187578 809
187577 188684 1510
186999 186989 572
186999 187000 860
186999 187001 859
186999 187031 238
187000 186990 473
187000 186999 860
187003 186990 785
187003 189449 1699
189448 189443 2197
189448 189446 786
189448 189449 777
187026 187025 482
187026 187031 1209
187026 187033 402
187033 187026 402
187033 187031 1280
188688 188684 753
188688 188696 1575
188697 188696 746
188735 188696 1578
188735 188736 787
188744 188736 1519
188744 189442 778
189442 188741 1484
189442 188744 778
189442 189441 753
189446 189441 2222
189446 189448 786
187025 187026 482
187025 187027 1042
187028 187027 612
190515 187019 5951
190515 190516 759
190696 190516 1890
187035 190694 979
190695 190694 1044
187515 187514 819
187515 187529 1684
187529 187515 1684
187529 187531 1044
187530 187537 1097
187536 187537 830
187536 187560 216
187560 187536 216
187560 187537 810
187560 187574 2687
187570 187574 827
187570 187577 3071
96
186336
186338
186337
186345
189420
189422
186347
186953
189418
189423
186952
186957
189414
189419
187586
186372
186959
186956
187541
187584
187585
186960
186970
186971
187526
187540
187565
187583
186961
186968
186972
186974
187524
187538
187563
187582
186967
186982
186984
186986
187522
187525
187539
187564
187580
186969
186981
186983
187008
187392
187517
187533
187561
187579
187581
189635
187021
187020
187523
187512
187516
187532
187562
187575
187578
190516
187019
190694
187513
187380
187514
187531
187537
187574
187577
187000
187003
189448
187033
188688
188697
188735
188744
189442
189446
187025
190515
190696
187035
190695
187515
187529
187530
187536
187560
187570
