26
35949 35951 984
35953 35957 650
35951 35949 984
35957 35953 650
35936 35945 1161
35945 35936 1161
41387 41390 344
41390 41387 344
46588 46589 279
46589 46588 279
46591 46596 373
46596 46591 373
46605 46608 202
46608 46363 2181
46608 46605 202
46363 46608 2181
46371 46672 337
46375 46673 2087
46672 46371 337
46673 46375 2087
46673 46377 848
46377 46397 747
46377 46673 848
46397 46377 747
46703 46706 532
46706 46703 532
34
35783
35811
35823
35825
35867
35969
35972
35938
35949
35953
35951
35960
35957
35965
41383
35935
35936
35945
41387
41390
46292
46588
46589
46591
46598
46605
46363
46371
46375
46672
46377
46397
46401
46402
