446
226647 226648 851
226647 226649 614
226647 232353 899
226648 226647 851
226648 235357 342
226648 235358 409
226649 226647 614
232353 226647 899
232353 232357 437
232353 234551 742
235357 226648 342
235357 234607 1334
235357 235359 407
235358 226648 409
232357 232353 437
234551 229128 349
234551 232353 742
234551 234552 379
234607 234606 114
234607 234611 289
234607 235357 1334
235359 235357 407
229128 226677 658
229128 234551 349
229128 235177 430
234552 234551 379
234606 229238 629
234606 234602 1199
234606 234607 114
234611 234596 478
234611 234607 289
234611 234613 670
226677 226678 393
226677 229128 658
226677 234238 986
235177 229128 430
229238 229237 1384
229238 234595 482
229238 234606 629
234602 234600 988
234602 234601 519
234602 234606 1199
234596 234597 735
234596 234608 403
234596 234611 478
234613 234611 670
226678 226677 393
234238 226677 986
234238 234597 653
234238 235238 209
229237 229238 1384
229237 229247 720
229237 234545 1408
234595 229238 482
234595 234601 677
234600 229242 202
234600 234598 909
234600 234602 988
234601 229235 813
234601 234595 677
234601 234602 519
234597 234238 653
234597 234596 735
234597 234604 492
234608 234596 403
235238 234238 209
229247 229237 720
229247 229248 1109
229247 229337 298
234545 229237 1408
234545 229367 628
234545 234546 929
229242 229241 240
229242 234600 202
229242 234605 261
234598 234599 381
234598 234600 909
234598 235386 233
229235 229232 1926
229235 229236 434
229235 234601 813
234604 234597 492
229248 229244 387
229248 229247 1109
229337 229247 298
229337 229335 2502
229337 229338 2076
229367 229366 915
229367 234545 628
234546 234454 255
234546 234540 285
234546 234545 929
229241 229242 240
229241 229243 596
229241 229995 301
234605 229242 261
234605 235178 457
234599 234598 381
234599 234979 7659
234599 235360 438
235386 233622 112
235386 234598 233
235386 235387 496
235386 235388 1040
229232 229231 696
229232 229235 1926
229236 229235 434
229236 229239 573
229236 229244 928
229244 229236 928
229244 229246 574
229244 229248 387
229335 229239 640
229335 229337 2502
229335 229338 433
229338 229335 433
229338 229337 2076
229366 229367 915
229366 229369 867
229366 230009 279
234454 234455 1425
234454 234526 522
234454 234546 255
234540 234541 380
234540 234542 302
234540 234546 285
229243 229241 596
229243 229294 1006
229243 235178 691
229995 229241 301
229995 229994 537
235178 229243 691
235178 234605 457
234979 229983 1707
234979 229987 1827
234979 234599 7659
234979 235320 2058
235360 234599 438
233622 229294 264
233622 229994 144
233622 235386 112
235387 235323 461
235387 235386 496
235387 235397 750
235388 235386 1040
235388 235395 216
235388 235398 502
229231 229226 611
229231 229232 696
229231 229233 2009
229239 229236 573
229239 229240 527
229239 229335 640
229246 229244 574
229369 229366 867
229369 235180 836
229369 235361 265
229369 235362 248
230009 229366 279
230009 230008 804
230009 234383 829
234455 234454 1425
234455 234527 1151
234455 234533 375
234526 234454 522
234541 234540 380
234542 234540 302
234542 234543 295
234542 234547 703
229294 229243 1006
229294 233622 264
229994 229995 537
229994 233622 144
229983 229980 1031
229983 229984 2277
229983 234979 1707
229987 229988 1631
229987 234979 1827
229987 235139 5669
235320 230011 2623
235320 234979 2058
235323 235261 222
235323 235387 461
235323 235389 2602
235397 235387 750
235395 235388 216
235395 235393 365
235395 235396 645
235398 235388 502
229226 229225 1267
229226 229231 611
229226 229234 947
229233 229227 1891
229233 229231 2009
229233 229318 3593
229240 229239 527
235180 229369 836
235180 234384 723
235180 235182 286
235361 229369 265
235362 229369 248
230008 230009 804
230008 230010 239
230008 230011 1382
230008 235318 69
234383 230009 829
234383 234384 363
234383 234967 390
234527 234455 1151
234527 234528 1055
234527 234533 1084
234527 234536 241
234533 234455 375
234533 234527 1084
234533 234532 828
234543 234542 295
234547 234542 703
234547 234555 393
234547 234564 374
229980 229981 2224
229980 229981 2224
229980 229983 1031
229984 229979 353
229984 229983 2277
229988 229987 1631
229988 234980 1498
235139 229987 5669
235139 235319 667
230011 230008 1382
230011 235320 2623
235261 235260 472
235261 235323 222
235389 235323 2602
235389 235390 339
235389 235391 378
235393 235391 376
235393 235394 473
235393 235395 365
235396 235395 645
229225 229220 1669
229225 229226 1267
229225 229227 2188
229234 229226 947
229227 229225 2188
229227 229233 1891
229227 229316 1454
229318 229233 3593
229318 229317 502
229318 229328 837
234384 234383 363
234384 235180 723
234384 235181 246
235182 235180 286
230010 230008 239
230010 235183 1918
235318 230008 69
235318 235317 209
234967 234383 390
234528 234527 1055
234528 234592 399
234528 234594 343
234536 234527 241
234532 234533 828
234555 234547 393
234564 234547 374
234564 234565 139
234564 234566 365
229981 229205 1796
229981 229980 2224
229981 229980 2224
229979 229978 845
229979 229984 353
229979 229989 452
234980 229988 1498
234980 230003 386
235319 235139 667
235319 235315 1047
235260 235261 472
235260 235262 445
235390 235389 339
235391 235389 378
235391 235392 471
235391 235393 376
235394 235393 473
229220 229219 1786
229220 229223 840
229220 229225 1669
229220 229309 1172
229220 235262 4886
229316 229227 1454
229316 229309 1088
229316 229317 586
229317 229316 586
229317 229318 502
229328 229318 837
229328 229320 502
229328 229329 2375
235181 234384 246
235183 230010 1918
235183 230091 747
235317 235316 162
235317 235318 209
234592 234528 399
234592 234571 419
234592 234593 389
234594 234528 343
234565 234564 139
234565 234568 208
234565 234572 406
234566 234564 365
229205 229186 562
229205 229196 1512
229205 229981 1796
229978 228696 586
229978 229977 667
229978 229979 845
229989 229979 452
229989 229990 1336
230003 229992 672
230003 234980 386
235315 235316 237
235315 235319 1047
235262 229220 4886
235262 235260 445
235392 235391 471
229219 229212 1358
229219 229218 893
229219 229220 1786
229223 229220 840
229223 229222 353
229223 235145 212
229309 229220 1172
229309 229310 1767
229309 229316 1088
229320 229319 2335
229320 229328 502
229320 229330 753
229329 229328 2375
229329 229331 753
229329 229333 950
230091 230089 1373
230091 235183 747
230091 235316 3189
235316 230091 3189
235316 235315 237
235316 235317 162
234571 234568 381
234571 234591 405
234571 234592 419
234593 234592 389
234568 234565 208
234568 234570 237
234568 234571 381
234572 234565 406
229186 229185 1703
229186 229203 979
229186 229205 562
229196 229195 1356
229196 229205 1512
228696 228690 1112
228696 229976 782
228696 229978 586
229977 229975 796
229977 229976 515
229977 229978 667
229990 228763 796
229990 229989 1336
229990 229991 433
229992 228763 948
229992 229996 417
229992 230003 672
229212 229211 586
229212 229219 1358
229218 229160 1466
229218 229219 893
229218 229307 1172
229222 229221 549
229222 229223 353
229222 229224 580
235145 229223 212
235145 235568 339
229310 229308 893
229310 229309 1767
229310 229313 502
229319 229273 3446
229319 229312 1256
229319 229320 2335
229330 229320 753
229330 229326 251
229331 229329 753
229331 229332 1375
229331 229334 706
229333 229329 950
229333 229340 679
229333 229345 511
230089 230087 1000
230089 230091 1373
230089 230100 1490
234591 234571 405
234570 234568 237
229185 229186 1703
229185 229187 1252
229185 229198 123
229203 229186 979
229203 229200 2000
229203 229206 921
229195 229193 417
229195 229196 1356
229195 229197 3475
228690 228682 1615
228690 228696 1112
229976 228696 782
229976 229977 515
229975 229977 796
228763 229990 796
228763 229992 948
229991 229990 433
229996 229992 417
229211 229212 586
229160 229218 1466
229307 229218 1172
229307 229308 866
229221 229222 549
229224 229222 580
235568 235145 339
229308 229307 866
229308 229310 893
229313 229310 502
229273 229319 3446
229312 229319 1256
229326 229330 251
229332 229331 1375
229334 229331 706
229340 229333 679
229345 229333 511
230087 230089 1000
230100 230089 1490
229187 229185 1252
229198 229185 123
229198 229200 1344
229200 229198 1344
229200 229203 2000
229206 229203 921
229193 229195 417
229197 229195 3475
228682 228690 1615
26
228690
229976
229975
228763
229991
229996
229211
229160
229307
229221
229308
229313
229273
229312
229326
229334
229340
229345
230087
230100
229198
229200
229206
229193
229197
228682
