148
104378 104379 848
104378 104864 2334
104379 104378 848
104379 104380 778
104379 104849 757
104379 104853 2335
104864 104378 2334
104864 104853 931
104864 104865 1208
104380 104379 778
104380 104381 333
104380 104848 1879
104849 104379 757
104849 104844 1685
104849 104850 672
104853 104379 2335
104853 104854 848
104853 104864 931
104865 104855 2944
104865 104864 1208
104865 113616 576
104381 104380 333
104381 104382 1000
104381 104847 1691
104848 104380 1879
104848 104842 435
104848 104847 610
104844 104841 344
104844 104845 893
104844 104849 1685
104850 104849 672
104850 104851 765
104850 104854 1558
104854 104850 1558
104854 104852 757
104854 104853 848
104854 104855 1140
104855 104834 893
104855 104854 1140
104855 104865 2944
113616 104865 576
113616 113615 632
113616 113948 1273
104382 104381 1000
104382 104383 2407
104382 104846 1223
104847 104381 1691
104847 104846 884
104847 104848 610
104842 104388 889
104842 104841 610
104842 104848 435
104841 104800 2271
104841 104842 610
104841 104844 344
104845 104843 1336
104845 104844 893
104845 104851 925
104851 104845 925
104851 104850 765
104851 104852 1447
104852 104843 765
104852 104851 1447
104852 104854 757
104834 104833 765
104834 104835 795
104834 104855 893
113615 113616 632
113615 113949 508
113948 113616 1273
104383 104382 2407
104383 104384 403
104383 104385 536
104846 104382 1223
104846 104385 2693
104846 104847 884
104388 104386 4403
104388 104842 889
104800 104841 2271
104843 104807 1554
104843 104833 2044
104843 104845 1336
104843 104852 765
104833 104832 354
104833 104834 765
104833 104843 2044
104835 104834 795
104835 104836 713
104835 104837 1201
113949 113615 508
113949 113950 283
113949 113951 430
113949 113953 122
104384 104383 403
104385 104383 536
104385 104386 809
104385 104846 2693
104386 104385 809
104386 104387 452
104386 104388 4403
104807 104805 336
104807 104808 536
104807 104843 1554
104832 104810 750
104832 104812 2737
104832 104831 809
104832 104833 354
104836 104835 713
104837 104835 1201
104837 104838 978
104837 104839 938
113950 113949 283
113951 104839 141
113951 113949 430
113951 113952 352
113953 113949 122
104387 104386 452
104805 104806 2876
104805 104807 336
104808 104807 536
104808 104809 2787
104808 104810 672
104810 104808 672
104810 104811 3065
104810 104832 750
104812 104811 827
104812 104813 380
104812 104814 676
104812 104832 2737
104831 104814 2560
104831 104830 737
104831 104832 809
104838 104837 978
104839 104837 938
104839 104840 688
104839 113951 141
113952 113951 352
104806 104805 2876
104809 104808 2787
104811 104810 3065
104811 104812 827
104813 104812 380
104814 104812 676
104814 104815 344
104814 104831 2560
104830 104831 737
104840 104839 688
104815 104814 344
59
104378
104379
104864
104380
104849
104853
104865
104381
104848
104844
104850
104854
104855
113616
104382
104847
104842
104841
104845
104851
104852
104834
113615
113948
104383
104846
104388
104800
104843
104833
104835
113949
104384
104385
104386
104807
104832
104836
104837
113950
113951
113953
104387
104805
104808
104810
104812
104831
104838
104839
113952
104806
104809
104811
104813
104814
104830
104840
104815
