38
137000 137001 672
137034 137001 84
137001 137000 672
137001 137034 84
137041 137045 840
137041 137049 1532
137041 137050 2778
137042 137052 1008
136974 137054 1004
137052 137042 1008
137052 137053 2451
137054 136974 1004
137054 137055 764
137055 137054 764
137102 137111 756
137111 137102 756
137111 137112 756
137112 137111 756
137116 137166 2002
137166 137116 2002
137006 137008 336
137008 137006 336
137008 137036 836
137036 137008 836
137045 137041 840
137050 137041 2778
137050 137061 756
137049 137041 1532
137049 137061 1447
137061 137049 1447
137061 137050 756
137053 137052 2451
137531 137527 672
137527 137531 672
137527 137536 841
137536 137527 841
137536 137542 1000
137542 137536 1000
33
135961
136019
136037
136040
136057
136743
137431
137003
136999
137000
137034
137001
137039
137041
137042
136974
137052
137054
137116
137166
137005
137006
137008
137036
137045
137049
137053
137434
137531
137437
137527
137542
137555
