26
240112 240113 3055
240112 240115 15785
240113 240112 3055
240115 240112 15785
240115 240125 2919
240125 240115 2919
240125 240124 581
240124 240125 581
240124 240133 1136
240133 240124 1136
240133 240130 929
240133 240135 3162
240130 240131 1067
240130 240132 1039
240130 240133 929
240130 240134 990
240135 240133 3162
240135 240134 3204
240135 242748 21609
240131 240130 1067
240132 240130 1039
240134 240130 990
240134 240135 3204
242748 240135 21609
242748 242747 4820
242747 242748 4820
9
240124
240133
240130
240135
240131
240132
240134
242748
242747
