32
186836 186837 2759
186836 187346 658
186837 186836 2759
186837 187269 834
187346 186836 658
187346 187269 2119
187346 187270 494
187346 187309 326
187269 186837 834
187269 187270 2038
187269 187346 2119
187270 187055 479
187270 187269 2038
187270 187346 494
187270 187672 202
187309 187310 228
187309 187346 326
187055 187057 310
187055 187270 479
187055 187310 530
187055 187312 312
187055 187672 289
187672 187055 289
187672 187270 202
187672 187310 386
187310 187055 530
187310 187309 228
187310 187312 462
187310 187672 386
187057 187055 310
187312 187055 312
187312 187310 462
9
186837
187269
187270
187309
187055
187672
187310
187057
187312
