512
215403 215404 929
215403 217505 902
215403 217511 776
215404 215403 929
215404 215503 456
215404 217558 665
215404 217569 554
217505 215403 902
217505 217504 719
217505 217506 958
217511 215403 776
217511 217510 450
217511 217512 680
215503 215404 456
215503 217559 693
215503 217569 742
217558 215404 665
217558 217506 259
217558 217559 329
217569 215404 554
217569 215503 742
217569 217513 156
217504 217422 629
217504 217505 719
217504 217548 822
217506 217505 958
217506 217554 451
217506 217558 259
217510 217264 1144
217510 217509 684
217510 217511 450
217512 217511 680
217512 217513 136
217512 217514 310
217512 217531 1622
217559 215503 693
217559 216007 671
217559 217558 329
217513 217512 136
217513 217514 254
217513 217515 47
217513 217569 156
217422 217389 360
217422 217423 805
217422 217504 629
217548 217504 822
217548 217551 319
217548 217554 251
217554 217506 451
217554 217548 251
217264 217263 648
217264 217508 655
217264 217510 1144
217264 217531 700
217509 217507 193
217509 217508 1121
217509 217510 684
217514 217512 310
217514 217513 254
217514 217516 847
217531 217264 700
217531 217512 1622
217531 217532 1034
217531 217536 1782
216007 216006 246
216007 217552 604
216007 217559 671
217515 217513 47
217389 217388 1715
217389 217420 206
217389 217422 360
217423 217422 805
217551 217548 319
217551 217550 705
217551 217552 248
217263 217264 648
217263 217535 1236
217263 217602 343
217508 217264 655
217508 217502 863
217508 217509 1121
217507 217503 678
217507 217509 193
217516 217514 847
217516 217534 693
217532 217531 1034
217532 217533 285
217532 217534 993
217532 217537 906
217536 217531 1782
217536 217538 1008
217536 217542 220
216006 216007 246
217552 216007 604
217552 217551 248
217552 217553 950
217388 217386 289
217388 217389 1715
217388 217393 228
217388 224156 688
217420 217389 206
217420 217413 400
217420 217421 791
217550 217549 724
217550 217551 705
217535 217263 1236
217535 217523 663
217535 217539 175
217602 217263 343
217602 217523 1214
217602 217603 557
217502 217501 859
217502 217503 1160
217502 217508 863
217502 217520 1718
217503 217384 1024
217503 217392 2179
217503 217502 1160
217503 217507 678
217534 217516 693
217534 217532 993
217534 217541 1038
217533 217532 285
217533 217543 592
217533 217545 272
217537 217532 906
217537 217538 423
217537 217546 410
217538 217536 1008
217538 217537 423
217538 224288 354
217542 217536 220
217542 217619 69
217553 217552 950
217386 217371 913
217386 217387 1048
217386 217388 289
217386 217390 690
217386 224156 810
217393 217388 228
217393 217390 622
217393 220519 491
224156 217386 810
224156 217388 688
217413 217416 403
217413 217420 400
217421 217420 791
217549 217550 724
217523 217522 502
217523 217535 663
217523 217602 1214
217539 217535 175
217539 217540 125
217603 217602 557
217501 217495 326
217501 217500 527
217501 217502 859
217520 217502 1718
217520 217519 894
217520 217527 597
217384 217383 1074
217384 217391 1721
217384 217495 1014
217384 217503 1024
217392 217391 873
217392 217394 437
217392 217503 2179
217541 217534 1038
217541 217570 588
217543 217533 592
217545 217533 272
217545 217544 812
217545 220850 527
217546 217537 410
217546 217547 258
224288 217538 354
224288 217622 429
217619 217540 680
217619 217542 69
217619 217617 533
217619 217620 463
217371 217365 2082
217371 217370 815
217371 217372 1576
217371 217386 913
217387 217372 393
217387 217386 1048
217390 217386 690
217390 217393 622
217390 224015 729
220519 217393 491
220519 217394 508
220519 224015 864
217416 217413 403
217522 217523 502
217540 217529 354
217540 217539 125
217540 217619 680
217495 217384 1014
217495 217494 1101
217495 217501 326
217500 217501 527
217500 217519 1292
217519 217499 843
217519 217500 1292
217519 217520 894
217519 217521 533
217527 217520 597
217527 217526 1193
217383 217380 1322
217383 217384 1074
217383 217494 901
217391 217384 1721
217391 217385 380
217391 217392 873
217391 224015 659
217394 217392 437
217394 220519 508
217394 222562 545
217570 217541 588
217570 217577 437
217544 217545 812
217544 217574 767
217544 217575 644
220850 217545 527
220850 220849 566
220850 224842 1398
217547 217546 258
217547 217622 197
217547 220990 386
217622 217547 197
217622 217621 618
217622 224288 429
217617 217615 2233
217617 217619 533
217617 217620 71
217620 217617 71
217620 217619 463
217365 217362 1415
217365 217371 2082
217365 217380 615
217365 217385 830
217370 217366 1538
217370 217369 336
217370 217371 815
217372 217368 580
217372 217371 1576
217372 217387 393
217372 217395 1448
224015 217390 729
224015 217391 659
224015 220519 864
217529 217528 925
217529 217540 354
217529 217609 152
217494 217383 901
217494 217495 1101
217499 217497 395
217499 217519 843
217499 224835 637
217521 217518 884
217521 217519 533
217526 217525 838
217526 217527 1193
217526 217530 1486
217526 217606 779
217380 217365 615
217380 217379 963
217380 217383 1322
217385 217365 830
217385 217391 380
217385 224489 1217
222562 217394 545
217577 217570 437
217577 217575 1073
217577 217580 273
217574 217544 767
217575 217544 644
217575 217576 221
217575 217577 1073
217575 217652 456
220849 220850 566
220849 220990 390
224842 220850 1398
224842 224157 42
220990 217547 386
220990 217658 1628
220990 220849 390
217621 217622 618
217621 217623 863
217621 217626 2325
217615 217614 475
217615 217617 2233
217615 217618 626
217362 217360 719
217362 217363 715
217362 217364 434
217362 217365 1415
217366 217367 704
217366 217368 418
217366 217370 1538
217366 224742 693
217369 217370 336
217368 217366 418
217368 217367 758
217368 217372 580
217395 217343 973
217395 217372 1448
217528 217529 925
217609 217529 152
217609 217530 704
217497 217499 395
217497 217517 517
224835 217499 637
217518 217521 884
217518 217525 238
217525 217518 238
217525 217526 838
217530 217526 1486
217530 217607 711
217530 217609 704
217606 217526 779
217606 217607 1531
217379 217380 963
224489 217385 1217
217580 217572 1074
217580 217577 273
217580 217582 456
217576 217575 221
217576 217578 1364
217576 217579 1088
217652 217575 456
217652 224157 15
224157 217652 15
224157 217658 801
224157 224842 42
217658 217625 913
217658 220990 1628
217658 224157 801
217623 217621 863
217623 217624 482
217623 217625 1270
217623 217641 2300
217626 217618 478
217626 217621 2325
217626 217627 461
217614 217613 345
217614 217615 475
217614 217635 998
217618 217615 626
217618 217626 478
217618 224364 841
217360 217359 302
217360 217361 577
217360 217362 719
217363 217362 715
217364 217362 434
217367 217343 662
217367 217366 704
217367 217368 758
224742 217366 693
217343 217344 1311
217343 217367 662
217343 217395 973
217517 217497 517
217607 217530 711
217607 217606 1531
217607 217613 792
217572 217571 429
217572 217573 394
217572 217580 1074
217582 217571 1043
217582 217579 895
217582 217580 456
217578 217576 1364
217578 217655 681
217578 217656 786
217578 217660 2110
217579 217576 1088
217579 217582 895
217579 217655 222
217625 217623 1270
217625 217630 297
217625 217658 913
217624 217623 482
217641 217623 2300
217641 217627 409
217641 217642 377
217627 217626 461
217627 217640 2551
217627 217641 409
217613 217607 792
217613 217608 401
217613 217614 345
217635 217614 998
217635 217634 695
217635 218892 343
224364 217618 841
224364 224365 431
224364 224966 190
217359 217360 302
217361 217360 577
217344 217343 1311
217571 217572 429
217571 217582 1043
217571 217583 992
217573 217572 394
217573 217586 533
217573 217588 1454
217655 217578 681
217655 217579 222
217655 217583 838
217656 216479 405
217656 217578 786
217656 217657 1068
217656 217661 2197
217656 217663 704
217660 217578 2110
217660 217659 143
217660 217661 710
217630 217625 297
217630 217629 599
217630 217647 745
217642 217637 1777
217642 217641 377
217642 217643 477
217640 217627 2551
217640 217639 376
217640 217649 297
217608 217613 401
217608 217616 856
217634 217633 916
217634 217635 695
217634 218893 285
218892 217635 343
218892 218893 702
218892 224503 304
224365 224364 431
224966 224364 190
217583 217571 992
217583 217588 445
217583 217655 838
217586 217573 533
217588 217573 1454
217588 217583 445
217588 217657 400
216479 217656 405
217657 217588 400
217657 217656 1068
217661 217656 2197
217661 217660 710
217661 217669 2131
217663 217656 704
217663 217664 418
217659 217647 761
217659 217648 2039
217659 217660 143
217629 217628 433
217629 217630 599
217629 217643 1472
217647 217630 745
217647 217646 2019
217647 217659 761
217647 224395 808
217637 217636 186
217637 217642 1777
217637 224158 1398
217643 217629 1472
217643 217642 477
217643 217644 245
217639 217640 376
217649 217636 657
217649 217640 297
217649 224392 312
217616 217608 856
217616 217612 790
217616 221802 654
217633 217612 501
217633 217634 916
217633 224393 395
218893 217634 285
218893 218892 702
218893 219076 334
224503 218892 304
217669 217648 681
217669 217661 2131
217664 217663 418
217648 217646 877
217648 217659 2039
217648 217669 681
217648 217674 2304
217628 217629 433
217646 217645 254
217646 217647 2019
217646 217648 877
224395 217647 808
217636 217637 186
217636 217638 336
217636 217649 657
224158 217637 1398
217644 217643 245
217644 217645 647
224392 217649 312
217612 217616 790
217612 217633 501
221802 217616 654
224393 217633 395
219076 218893 334
217674 217648 2304
217645 217644 647
217645 217646 254
217638 217636 336
47
224156
217413
217387
217416
217500
217519
217383
217372
217494
217499
217521
217380
217368
217395
217497
224835
217518
217525
217606
217379
217360
217363
217367
217343
217517
217607
217613
217359
217361
217344
217608
217586
217588
216479
217657
217663
217616
217669
217664
217648
217646
217644
217612
221802
224393
217674
217645
