60
74993 74994 475
74994 74993 475
74994 74995 239
74995 74994 239
74995 74996 135
74996 74995 135
74996 74997 748
74996 74998 1762
74997 74996 748
74997 75000 1762
74997 75001 461
74998 74996 1762
74998 74999 476
74998 75000 748
74998 75039 754
75000 74997 1762
75000 74998 748
75000 75041 607
75001 74997 461
75001 75002 190
75001 77322 1536
74999 74998 476
75039 74998 754
75041 75000 607
75002 75001 190
75002 75003 419
77322 75001 1536
77322 77600 64
75003 75002 419
75003 75004 1619
75003 75005 419
77600 77322 64
75004 75003 1619
75004 75006 512
75004 75007 698
75005 75003 419
75005 75010 238
75005 75042 1682
75006 75004 512
75007 75004 698
75007 75008 955
75007 75010 1549
75010 75005 238
75010 75007 1549
75010 75011 789
75042 75005 1682
75042 75043 1117
75042 77285 939
75008 75007 955
75011 75010 789
75011 75043 1821
75011 75044 698
75043 75011 1821
75043 75042 1117
75043 75048 748
77285 75042 939
75044 75011 698
75044 75048 1690
75048 75043 748
75048 75044 1690
27
74993
74994
74995
74996
74997
74998
75000
75001
74999
75039
75041
75002
77322
75003
77600
75004
75005
75006
75007
75010
75042
75008
75011
75043
77285
75044
75048
