492
152004 152005 924
152004 152060 688
152005 152004 924
152005 152006 871
152005 152057 683
152005 175464 951
152060 152004 688
152060 152059 373
152006 152005 871
152006 175453 1004
152006 175480 2422
152057 152005 683
152057 172364 683
175464 152005 951
175464 175465 924
152059 152058 4147
152059 152060 373
175453 152006 1004
175453 175452 2928
175480 152006 2422
175480 174963 677
175480 175481 452
172364 152050 1153
172364 152057 683
172364 175473 3852
175465 175464 924
175465 175466 650
152058 152059 4147
152058 175489 3140
175452 174963 2752
175452 175433 3043
175452 175453 2928
175452 175919 1502
174963 174962 1692
174963 175452 2752
174963 175480 677
175481 175480 452
175481 175482 403
175481 175935 600
152050 152036 3047
152050 152051 3581
152050 172364 1153
175473 172364 3852
175473 175474 1293
175473 175475 3809
175466 175450 3206
175466 175465 650
175489 152058 3140
175489 155684 5462
175489 175488 2955
175489 175493 325
175433 175434 3495
175433 175452 3043
175919 175452 1502
175919 175918 1778
175919 175923 2299
174962 174963 1692
174962 175146 409
174962 175922 1083
175482 175481 403
175482 175483 1986
175482 175484 667
175935 175481 600
175935 175934 1306
175935 175936 3224
152036 152031 373
152036 152035 337
152036 152050 3047
152051 152037 556
152051 152050 3581
152051 152052 3015
175474 175473 1293
175475 175363 1336
175475 175378 766
175475 175473 3809
175475 175477 859
175450 175451 1616
175450 175466 3206
155684 155685 1343
155684 175489 5462
175488 175487 1000
175488 175489 2955
175488 176467 1852
175493 152062 349
175493 175489 325
175493 186094 889
175434 175224 2832
175434 175433 3495
175434 175441 2336
175918 175917 1579
175918 175919 1778
175918 175924 713
175923 175919 2299
175146 174962 409
175922 174962 1083
175922 175920 1579
175922 175932 2016
175483 175482 1986
175483 175486 3546
175484 175482 667
175484 175485 3130
175484 175498 3030
175934 175933 1446
175934 175935 1306
175934 175937 893
175936 175499 778
175936 175935 3224
175936 175937 2951
152031 152030 1882
152031 152036 373
152031 152049 1080
152035 152034 790
152035 152036 337
152035 175476 2481
152037 152038 871
152037 152051 556
152037 152056 1565
152052 152051 3015
152052 152053 1029
175363 175362 562
175363 175475 1336
175378 175377 766
175378 175380 1225
175378 175475 766
175378 175478 1576
175477 175475 859
175477 175476 816
175477 186044 1097
175451 175227 1632
175451 175450 1616
155685 155684 1343
155685 172799 5329
175487 175488 1000
175487 175492 1448
175487 176481 421
176467 175488 1852
176467 176468 782
176467 176482 1000
176467 176488 3300
152062 152061 1010
152062 175493 349
186094 175493 889
186094 176466 2026
175224 175223 3239
175224 175225 2008
175224 175405 4681
175224 175434 2832
175441 175434 2336
175441 175439 3164
175441 178524 862
175917 175916 1009
175917 175918 1579
175917 175925 796
175924 175918 713
175920 175921 452
175920 175922 1579
175920 175939 630
175932 175922 2016
175932 175933 683
175932 175941 373
175486 175483 3546
175486 175485 766
175486 175490 1458
175485 175484 3130
175485 175486 766
175485 175498 766
175498 175484 3030
175498 175485 766
175498 175499 589
175933 175501 2798
175933 175932 683
175933 175934 1446
175937 175500 3140
175937 175934 893
175937 175936 2951
175499 175498 589
175499 175500 1716
175499 175936 778
152030 152031 1882
152030 152032 589
152030 152049 2450
152030 152049 2450
152049 152030 2450
152049 152030 2450
152049 152031 1080
152034 152033 683
152034 152035 790
152034 175478 2688
175476 152035 2481
175476 175477 816
175476 175478 673
175476 175479 2048
152038 152037 871
152038 152039 2691
152038 155574 924
152056 152037 1565
152056 152055 630
152056 155606 2451
152053 152052 1029
152053 152054 3302
152053 152068 796
175362 175361 952
175362 175363 562
175362 175460 1344
175362 175463 630
175377 175378 766
175377 175379 675
175377 175472 1576
175380 175378 1225
175478 152034 2688
175478 175378 1576
175478 175472 766
175478 175476 673
186044 175477 1097
175227 175225 2322
175227 175228 2550
175227 175248 1034
175227 175451 1632
172799 155679 4608
172799 155685 5329
175492 175487 1448
175492 175491 673
175492 175942 2299
176481 175487 421
176481 176480 893
176481 176483 673
176468 176467 782
176468 176469 445
176468 176500 926
176482 175957 3233
176482 176467 1000
176482 176483 758
176488 176467 3300
176488 176487 517
176488 176497 562
152061 152062 1010
152061 152063 849
152061 155616 667
176466 155615 973
176466 176465 1906
176466 186094 2026
175223 175224 3239
175223 175237 474
175223 175403 2504
175225 175224 2008
175225 175226 2142
175225 175227 2322
175405 175224 4681
175405 175404 1320
175439 175440 893
175439 175441 3164
175439 175961 952
178524 175441 862
175916 175915 870
175916 175917 1009
175916 175938 2229
175925 175917 796
175925 175926 517
175925 175927 1111
175921 175920 452
175921 175929 1428
175921 175930 1741
175939 175920 630
175939 175940 2007
175939 175948 871
175941 175502 2451
175941 175932 373
175941 175947 505
175490 175486 1458
175490 175491 2956
175490 175497 517
175501 175500 766
175501 175502 683
175501 175933 2798
175500 175499 1716
175500 175501 766
175500 175937 3140
152032 152021 562
152032 152030 589
152032 152047 556
152033 152022 276
152033 152034 683
152033 175472 2700
175479 175476 2048
152039 152038 2691
152039 152040 1111
152039 155525 751
155574 152038 924
155574 155525 2283
155574 155575 893
152055 152054 782
152055 152056 630
152055 155608 2035
155606 152056 2451
155606 155570 1282
155606 155607 1016
155606 155611 1114
152054 152053 3302
152054 152055 782
152054 155612 766
152068 152053 796
152068 152067 1055
152068 155612 2241
175361 175359 600
175361 175362 952
175361 175462 1447
175460 175362 1344
175460 175454 1675
175460 175458 766
175460 175462 849
175463 175362 630
175463 175458 1222
175463 175467 475
175463 175468 828
175379 175377 675
175472 152033 2700
175472 175377 1576
175472 175386 842
175472 175478 766
175228 175227 2550
175228 186023 1112
175248 175227 1034
175248 175249 1140
175248 175459 766
175248 175461 1675
155679 155680 2613
155679 156237 2613
155679 156249 344
155679 172799 4608
175491 175490 2956
175491 175492 673
175491 175497 2933
175942 175492 2299
175942 175496 905
175942 176480 1952
176480 175942 1952
176480 176481 893
176480 176484 1979
176483 176481 673
176483 176482 758
176483 176484 2783
176469 176468 445
176469 176470 600
176469 176496 2691
176500 176468 926
176500 176499 674
176500 176504 2578
175957 175495 445
175957 175958 1365
175957 176482 3233
176487 176486 511
176487 176488 517
176487 176515 3186
176497 176488 562
176497 176498 505
176497 176517 2837
152063 152061 849
152063 152064 435
152063 155628 2126
155616 152061 667
155616 155615 1837
155616 155636 2458
155615 155616 1837
155615 155638 2783
155615 176466 973
176465 155639 505
176465 155640 511
176465 176466 1906
175237 175223 474
175237 175236 2873
175237 175245 673
175403 175223 2504
175403 175247 697
175403 175397 890
175226 175225 2142
175404 175401 1016
175404 175405 1320
175404 175424 1890
175440 175439 893
175440 175449 672
175440 175858 1100
175961 175439 952
175961 175858 782
175961 175867 1199
175915 175916 870
175915 175940 2223
175938 175916 2229
175938 175927 871
175938 175940 789
175926 175925 517
175927 175925 1111
175927 175938 871
175929 175921 1428
175929 175930 476
175930 175921 1741
175930 175929 476
175940 175915 2223
175940 175938 789
175940 175939 2007
175948 175939 871
175502 175495 1447
175502 175501 683
175502 175941 2451
175947 175941 505
175497 175490 517
175497 175491 2933
175497 175496 1615
152021 152022 562
152021 152032 562
152047 152032 556
152022 152021 562
152022 152033 276
152040 152039 1111
155525 152039 751
155525 155574 2283
155575 155574 893
155608 152055 2035
155570 155606 1282
155607 152064 276
155607 155606 1016
155611 155606 1114
155612 152054 766
155612 152068 2241
152067 152068 1055
175359 175361 600
175462 175361 1447
175462 175460 849
175454 175249 1836
175454 175459 766
175454 175460 1675
175458 175459 1675
175458 175460 766
175458 175461 766
175458 175463 1222
175467 175463 475
175468 175461 1000
175468 175463 828
175386 175472 842
186023 175228 1112
175249 175248 1140
175249 175454 1836
175459 175248 766
175459 175454 766
175459 175458 1675
175461 175248 1675
175461 175458 766
175461 175468 1000
155680 155679 2613
156237 155679 2613
156249 155679 344
175496 175497 1615
175496 175942 905
176484 176480 1979
176484 176483 2783
176470 176469 600
176496 176469 2691
176499 176498 1184
176499 176500 674
176499 176504 2578
176504 176499 2578
176504 176500 2578
175495 175502 1447
175495 175957 445
175958 175957 1365
176486 176487 511
176515 176487 3186
176498 176497 505
176498 176499 1184
176517 176497 2837
152064 152063 435
152064 155607 276
155628 152063 2126
155636 155616 2458
155638 155615 2783
155638 155639 337
155639 155638 337
155639 176465 505
155640 176465 511
175236 175237 2873
175236 175245 2622
175245 175236 2622
175245 175237 673
175245 175247 1209
175247 175245 1209
175247 175403 697
175397 175403 890
175401 175404 1016
175424 175404 1890
175449 175440 672
175858 175440 1100
175858 175961 782
175867 175961 1199
57
175915
175927
175929
175930
175940
175948
175947
152021
152047
152022
152040
155525
155575
155608
155570
155607
155611
155612
152067
175359
175462
175454
175468
175386
186023
175249
175459
175461
155680
156237
156249
175496
176484
176470
176496
176504
175495
175958
176486
176515
176498
176517
152064
155628
155636
155638
155639
155640
175236
175245
175247
175397
175401
175424
175449
175858
175867
