30
239365 239366 849
239365 247308 630
239365 247345 2690
239366 239365 849
247308 239365 630
247308 247309 788
247308 247341 893
247345 239365 2690
247345 247306 536
247309 247308 788
247309 247343 1413
247341 247308 893
247306 247345 536
247343 247309 1413
247343 247340 893
247343 247359 951
247340 247318 2590
247340 247342 786
247340 247343 893
247359 247343 951
247318 247317 1139
247318 247339 1262
247318 247340 2590
247342 247340 786
247317 247294 2682
247317 247316 687
247317 247318 1139
247339 247318 1262
247294 247317 2682
247316 247317 687
12
247345
247309
247306
247343
247340
247359
247318
247342
247317
247339
247294
247316
